w(1,1,0,0)
w(2,1,0,0)
w(3,1,0,0)
w(4,1,0,0)
w(5,1,0,0)
w(6,1,0,0)
w(7,1,0,0)
w(8,1,0,0)
w(9,1,0,0)
w(10,1,0,0)
w(11,1,0,0)
w(12,1,0,0)
w(13,1,0,0)
w(14,1,0,0)
w(15,1,0,0)
w(16,1,0,0)
w(17,1,0,0)
w(18,1,0,0)
w(19,1,0,0)
w(20,1,0,0)
w(21,1,0,0)
w(22,1,0,0)
w(23,1,0,0)
w(24,1,0,0)
w(25,1,0,0)
w(26,1,0,0)
w(27,1,0,0)
w(28,1,0,0)
w(29,1,0,0)
w(30,1,0,0)
w(31,1,0,0)
w(32,1,0,0)
w(33,1,0,0)
w(34,1,0,0)
w(35,1,0,0)
w(36,1,0,0)
w(37,1,0,0)
w(38,1,0,0)
w(39,1,0,0)
w(40,1,0,0)
w(41,1,0,0)
w(42,1,0,0)
w(43,1,0,0)
w(44,1,0,0)
w(45,1,0,0)
w(46,1,0,0)
w(47,1,0,0)
w(48,1,0,0)
w(49,1,0,0)
w(50,1,0,0)
w(51,1,0,0)
w(52,1,0,0)
w(53,1,0,0)
w(54,1,0,0)
w(55,1,0,0)
w(56,1,0,0)
w(57,1,0,0)
w(58,1,0,0)
w(59,1,0,0)
w(60,1,0,0)
w(61,1,0,0)
w(62,1,0,0)
w(63,1,0,0)
w(64,1,0,0)
w(65,1,0,0)
w(66,1,0,0)
w(67,1,0,0)
w(68,1,0,0)
w(69,1,0,0)
w(70,1,0,0)
w(71,1,0,0)
w(72,1,0,0)
w(73,1,0,0)
w(74,1,0,0)
w(75,1,0,0)
w(76,1,0,0)
w(77,1,0,0)
w(78,1,0,0)
w(79,1,0,0)
w(80,1,0,0)
w(81,1,0,0)
w(82,1,0,0)
w(83,1,0,0)
w(84,1,0,0)
w(85,1,0,0)
w(86,1,0,0)
w(87,1,0,0)
w(88,1,0,0)
w(89,1,0,0)
w(90,1,0,0)
w(91,1,0,0)
w(92,1,0,0)
w(93,1,0,0)
w(94,1,0,0)
w(95,1,0,0)
w(96,1,0,0)
w(97,1,0,0)
w(98,1,0,0)
w(99,1,0,0)
w(100,1,0,0)
w(101,1,0,0)
w(102,1,0,0)
w(103,1,0,0)
w(104,1,0,0)
w(105,1,0,0)
w(106,1,0,0)
w(107,1,0,0)
w(108,1,0,0)
w(109,1,0,0)
w(110,1,0,0)
w(111,1,0,0)
w(112,1,0,0)
w(113,1,0,0)
w(114,1,0,0)
w(115,1,0,0)
w(116,1,0,0)
w(117,1,0,0)
w(118,1,0,0)
w(119,1,0,0)
w(120,1,0,0)
w(121,1,0,0)
w(122,1,0,0)
w(123,1,0,0)
w(124,1,0,0)
w(125,1,0,0)
w(126,1,0,0)
w(127,1,0,0)
w(128,1,0,0)
w(129,1,0,0)
w(130,1,0,0)
w(131,1,0,0)
w(132,1,0,0)
w(133,1,0,0)
w(134,1,0,0)
w(135,1,0,0)
w(136,1,0,0)
w(137,1,0,0)
w(138,1,0,0)
w(139,1,0,0)
w(140,1,0,0)
w(141,1,0,0)
w(142,1,0,0)
w(143,1,0,0)
w(144,1,0,0)
w(145,1,0,0)
w(146,1,0,0)
w(147,1,0,0)
w(148,1,0,0)
w(149,1,0,0)
w(150,1,0,0)
w(151,1,0,0)
w(152,1,0,0)
w(153,1,0,0)
w(154,1,0,0)
w(155,1,0,0)
w(156,1,0,0)
w(157,1,0,0)
w(158,1,0,0)
w(159,1,0,0)
w(160,1,0,0)
w(161,1,0,0)
w(162,1,0,0)
w(163,1,0,0)
w(164,1,0,0)
w(165,1,0,0)
w(166,1,0,0)
w(167,1,0,0)
w(168,1,0,0)
w(169,1,0,0)
w(170,1,0,0)
w(171,1,0,0)
w(172,1,0,0)
w(173,1,0,0)
w(174,1,0,0)
w(175,1,0,0)
w(176,1,0,0)
w(177,1,0,0)
w(178,1,0,0)
w(179,1,0,0)
w(180,1,0,0)
w(181,1,0,0)
w(182,1,0,0)
w(183,1,0,0)
w(184,1,0,0)
w(185,1,0,0)
w(186,1,0,0)
w(187,1,0,0)
w(188,1,0,0)
w(189,1,0,0)
w(190,1,0,0)
w(191,1,0,0)
w(192,1,0,0)
w(193,1,0,0)
w(194,1,0,0)
w(195,1,0,0)
w(196,1,0,0)
w(197,1,0,0)
w(198,1,0,0)
w(199,1,0,0)
w(200,1,0,0)
w(201,1,0,0)
w(202,1,0,0)
w(203,1,0,0)
w(204,1,0,0)
w(205,1,0,0)
w(206,1,0,0)
w(207,1,0,0)
w(208,1,0,0)
w(209,1,0,0)
w(210,1,0,0)
w(211,1,0,0)
w(212,1,0,0)
w(213,1,0,0)
w(214,1,0,0)
w(215,1,0,0)
w(216,1,0,0)
w(217,1,0,0)
w(218,1,0,0)
w(219,1,0,0)
w(220,1,0,0)
w(221,1,0,0)
w(222,1,0,0)
w(223,1,0,0)
w(224,1,0,0)
w(225,1,0,0)
w(226,1,0,0)
w(227,1,0,0)
w(228,1,0,0)
w(229,1,0,0)
w(230,1,0,0)
w(231,1,0,0)
w(232,1,0,0)
w(233,1,0,0)
w(234,1,0,0)
w(235,1,0,0)
w(236,1,0,0)
w(237,1,0,0)
w(238,1,0,0)
w(239,1,0,0)
w(240,1,0,0)
w(241,1,0,0)
w(242,1,0,0)
w(243,1,0,0)
w(244,1,0,0)
w(245,1,0,0)
w(246,1,0,0)
w(247,1,0,0)
w(248,1,0,0)
w(249,1,0,0)
w(250,1,0,0)
w(251,1,0,0)
w(252,1,0,0)
w(253,1,0,0)
w(254,1,0,0)
w(255,1,0,0)
w(256,1,0,0)
w(257,1,0,0)
w(258,1,0,0)
w(259,1,0,0)
w(260,1,0,0)
w(261,1,0,0)
w(262,1,0,0)
w(263,1,0,0)
w(264,1,0,0)
w(265,1,0,0)
w(266,1,0,0)
w(267,1,0,0)
w(268,1,0,0)
w(269,1,0,0)
w(270,1,0,0)
w(271,1,0,0)
w(272,1,0,0)
w(273,1,0,0)
w(274,1,0,0)
w(275,1,0,0)
w(276,1,0,0)
w(277,1,0,0)
w(278,1,0,0)
w(279,1,0,0)
w(280,1,0,0)
w(281,1,0,0)
w(282,1,0,0)
w(283,1,0,0)
w(284,1,0,0)
w(285,1,0,0)
w(286,1,0,0)
w(287,1,0,0)
w(288,1,0,0)
w(289,1,0,0)
w(290,1,0,0)
w(291,1,0,0)
w(292,1,0,0)
w(293,1,0,0)
w(294,1,0,0)
w(295,1,0,0)
w(296,1,0,0)
w(297,1,0,0)
w(298,1,0,0)
w(299,1,0,0)
w(300,1,0,0)
w(301,1,0,0)
w(302,1,0,0)
w(303,1,0,0)
w(304,1,0,0)
w(305,1,0,0)
w(306,1,0,0)
w(307,1,0,0)
w(308,1,0,0)
w(309,1,0,0)
w(310,1,0,0)
w(311,1,0,0)
w(312,1,0,0)
w(313,1,0,0)
w(314,1,0,0)
w(315,1,0,0)
w(316,1,0,0)
w(317,1,0,0)
w(318,1,0,0)
w(319,1,0,0)
w(320,1,0,0)
w(321,1,0,0)
w(322,1,0,0)
w(323,1,0,0)
w(324,1,0,0)
w(325,1,0,0)
w(326,1,0,0)
w(327,1,0,0)
w(328,1,0,0)
w(329,1,0,0)
w(330,1,0,0)
w(331,1,0,0)
w(332,1,0,0)
w(333,1,0,0)
w(334,1,0,0)
w(335,1,0,0)
w(336,1,0,0)
w(337,1,0,0)
w(338,1,0,0)
w(339,1,0,0)
w(340,1,0,0)
w(341,1,0,0)
w(342,1,0,0)
w(343,1,0,0)
w(344,1,0,0)
w(345,1,0,0)
w(346,1,0,0)
w(347,1,0,0)
w(348,1,0,0)
w(349,1,0,0)
w(350,1,0,0)
w(351,1,0,0)
w(352,1,0,0)
w(353,1,0,0)
w(354,1,0,0)
w(355,1,0,0)
w(356,1,0,0)
w(357,1,0,0)
w(358,1,0,0)
w(359,1,0,0)
w(360,1,0,0)
r(264,1,1,1)
w(339,2,1,1)
r(3,1,1,1)
r(284,1,1,1)
w(263,2,1,1)
w(141,2,1,1)
r(164,1,1,1)
r(246,1,1,1)
r(242,1,1,1)
r(277,1,1,1)
w(355,2,1,1)
r(62,1,1,1)
w(223,2,1,1)
r(154,1,1,1)
r(6,1,1,1)
w(87,2,1,1)
r(167,1,1,1)
r(304,1,1,1)
w(226,2,1,1)
w(206,2,1,1)
r(268,1,1,1)
w(208,2,1,1)
w(345,2,1,1)
r(171,1,1,1)
w(47,2,1,1)
w(259,2,1,1)
w(183,2,1,1)
w(161,2,1,1)
r(270,1,1,1)
w(109,2,1,1)
w(265,2,1,1)
w(125,2,1,1)
r(80,1,1,1)
w(92,2,1,1)
r(37,1,1,1)
w(139,2,1,1)
w(224,2,1,1)
r(67,1,1,1)
r(340,1,1,1)
w(141,3,1,1)
w(27,2,2,2)
r(128,1,2,2)
w(348,2,2,2)
r(44,1,2,2)
w(126,5,2,2)
r(262,1,2,2)
w(175,4,2,2)
w(270,5,2,2)
r(218,1,2,2)
r(302,1,2,2)
w(261,2,2,2)
w(295,3,2,2)
r(16,1,2,2)
w(113,4,2,2)
r(267,1,2,2)
w(91,5,2,2)
w(61,5,2,2)
r(45,1,2,2)
w(136,3,2,2)
r(71,1,2,2)
r(305,1,2,2)
w(38,2,2,2)
w(130,4,2,2)
w(159,4,2,2)
w(279,2,2,2)
w(269,2,2,2)
r(29,1,2,2)
w(69,2,2,2)
r(94,1,2,2)
w(158,5,2,2)
r(261,2,2,2)
w(352,4,2,2)
w(288,5,2,2)
r(290,1,2,2)
r(191,1,2,2)
r(180,1,2,2)
w(103,4,2,2)
r(171,1,2,2)
r(134,1,2,2)
w(6,2,2,2)
r(306,1,3,3)
r(80,1,3,3)
r(119,1,3,3)
w(66,4,3,3)
w(108,4,3,3)
r(171,1,3,3)
r(98,1,3,3)
r(4,1,3,3)
w(234,4,3,3)
r(339,2,3,3)
w(72,4,3,3)
r(248,1,3,3)
w(234,7,3,3)
r(186,1,3,3)
w(92,5,3,3)
r(180,1,3,3)
w(32,3,3,3)
r(82,1,3,3)
r(256,1,3,3)
w(281,10,3,3)
r(152,1,3,3)
r(247,1,3,3)
r(299,1,3,3)
w(339,6,3,3)
w(137,5,3,3)
r(235,1,3,3)
w(282,7,3,3)
r(88,1,3,3)
r(212,1,4,4)
w(106,5,4,4)
r(21,1,4,4)
w(60,10,4,4)
r(106,5,4,4)
w(181,7,4,4)
w(191,10,4,4)
r(203,1,4,4)
w(30,3,4,4)
w(224,11,4,4)
w(6,7,4,4)
w(68,6,4,4)
r(220,1,4,4)
w(261,6,4,4)
r(94,1,4,4)
r(104,1,4,4)
r(341,1,4,4)
w(201,11,4,4)
w(289,4,4,4)
r(23,1,4,4)
w(282,8,4,4)
r(284,1,4,4)
r(266,1,4,4)
r(231,1,4,4)
r(262,1,4,4)
r(96,1,4,4)
r(232,1,4,4)
r(147,1,4,4)
r(199,1,4,4)
w(8,11,4,4)
w(291,11,4,4)
w(114,6,4,4)
w(220,7,4,4)
r(121,1,4,4)
r(24,1,4,4)
r(123,1,4,4)
r(188,1,4,4)
r(305,1,4,4)
w(191,9,4,4)
r(83,1,4,4)
r(265,2,5,5)
w(171,10,5,5)
r(232,1,5,5)
r(230,11,5,5)
r(180,2,5,5)
r(49,1,5,5)
w(312,8,5,5)
w(58,5,5,5)
w(161,6,5,5)
w(310,6,5,5)
w(262,6,5,5)
w(63,11,5,5)
w(69,11,5,5)
r(258,3,5,5)
w(312,10,5,5)
w(303,11,5,5)
r(201,11,5,5)
w(208,9,5,5)
r(6,7,5,5)
w(144,6,5,5)
r(197,1,5,5)
r(160,1,5,5)
w(274,11,5,5)
r(290,1,5,5)
w(253,7,5,5)
r(107,1,5,5)
w(275,7,5,5)
w(109,14,5,5)
r(40,1,5,5)
r(268,1,6,6)
w(88,9,6,6)
r(189,1,6,6)
r(198,1,6,6)
r(129,1,6,6)
w(53,11,6,6)
w(18,16,6,6)
r(64,1,6,6)
w(297,13,6,6)
r(118,1,6,6)
r(67,1,6,6)
w(354,14,6,6)
r(208,2,6,6)
r(256,1,6,6)
w(353,8,6,6)
w(68,14,6,6)
r(138,1,6,6)
r(352,1,6,6)
w(350,6,6,6)
r(8,1,6,6)
r(161,2,6,6)
w(343,6,6,6)
r(166,1,6,6)
r(90,1,6,6)
w(66,8,6,6)
w(235,2,1,7)
w(138,2,1,7)
r(9,1,1,7)
r(300,1,1,7)
w(250,2,1,7)
r(30,1,1,7)
r(57,1,1,7)
w(298,2,1,7)
r(200,1,1,7)
w(342,2,1,7)
r(190,1,1,7)
r(175,4,1,7)
w(5,2,1,7)
w(98,2,1,7)
w(307,2,1,7)
r(350,1,1,7)
r(288,5,1,7)
r(151,1,1,7)
r(357,1,1,7)
w(3,2,1,7)
r(289,1,1,7)
w(308,2,1,7)
w(51,2,1,7)
r(218,1,1,7)
r(170,1,1,7)
r(89,1,1,7)
w(328,2,1,7)
r(253,1,1,7)
w(45,2,1,7)
w(18,2,1,7)
r(16,1,1,7)
r(301,1,1,7)
r(326,1,1,7)
r(349,1,1,7)
r(5,2,1,7)
w(134,2,1,7)
r(43,1,1,7)
w(116,2,1,7)
w(356,2,1,7)
w(312,2,1,7)
w(72,5,2,8)
r(163,12,2,8)
r(2,1,2,8)
w(336,2,2,8)
r(84,1,2,8)
w(258,3,2,8)
r(328,2,2,8)
r(65,1,2,8)
w(325,3,2,8)
r(68,6,2,8)
r(106,5,2,8)
r(186,1,2,8)
w(78,5,2,8)
r(145,1,2,8)
w(4,2,2,8)
r(61,5,2,8)
r(279,8,2,8)
r(322,1,2,8)
r(49,1,2,8)
r(323,1,2,8)
r(38,2,2,8)
r(248,1,2,8)
r(101,1,2,8)
w(245,5,2,8)
r(164,1,2,8)
w(15,3,2,8)
r(279,8,2,8)
r(70,1,2,8)
w(324,4,2,8)
w(81,3,2,8)
w(51,3,2,8)
w(256,5,2,8)
r(272,1,2,8)
w(310,2,2,8)
w(344,3,2,8)
w(285,4,2,8)
w(1,3,2,8)
r(55,1,2,8)
r(317,1,2,8)
r(104,1,2,8)
r(52,1,3,9)
w(182,4,3,9)
r(204,7,3,9)
r(36,1,3,9)
w(69,4,3,9)
w(248,4,3,9)
r(8,11,3,9)
r(248,4,3,9)
r(38,2,3,9)
w(118,6,3,9)
w(119,11,3,9)
r(254,1,3,9)
w(209,11,3,9)
r(32,1,3,9)
w(96,3,3,9)
r(271,1,3,9)
w(82,3,3,9)
r(269,2,3,9)
w(58,2,3,9)
w(198,7,3,9)
w(222,11,3,9)
w(99,11,3,9)
w(333,5,3,9)
r(91,5,4,10)
r(322,1,4,10)
r(2,1,4,10)
w(338,6,4,10)
r(179,1,4,10)
w(105,6,4,10)
r(143,1,4,10)
r(99,1,4,10)
w(97,6,4,10)
w(289,7,4,10)
w(86,6,4,10)
w(348,11,4,10)
r(228,1,4,10)
r(104,1,4,10)
r(80,1,4,10)
r(25,1,4,10)
r(301,1,4,10)
w(257,6,4,10)
w(70,8,4,10)
r(147,1,4,10)
r(45,2,4,10)
r(124,1,4,10)
w(239,2,4,10)
w(204,7,4,10)
r(184,1,4,10)
w(67,4,4,10)
r(106,5,4,10)
r(115,1,4,10)
r(181,7,4,10)
r(54,1,4,10)
r(3,2,4,10)
w(180,6,4,10)
r(70,8,4,10)
w(173,7,4,10)
w(250,10,4,10)
w(230,11,4,10)
r(268,1,4,10)
w(153,4,4,10)
w(216,13,4,10)
w(74,7,4,10)
r(117,1,5,11)
w(333,7,5,11)
r(208,2,5,11)
w(144,8,5,11)
r(266,1,5,11)
w(338,10,5,11)
w(231,11,5,11)
r(185,3,5,11)
r(148,1,5,11)
w(159,8,5,11)
r(116,7,5,11)
r(233,7,5,11)
w(172,10,5,11)
w(93,10,5,11)
r(317,1,5,11)
r(5,2,5,11)
r(149,1,5,11)
w(311,9,5,11)
w(201,6,5,11)
r(239,2,5,11)
r(147,3,5,11)
r(93,10,5,11)
r(77,2,5,11)
w(31,7,5,11)
r(225,2,5,11)
w(148,8,5,11)
w(150,10,5,11)
r(271,2,5,11)
r(17,1,5,11)
w(291,13,5,11)
w(152,14,5,11)
r(295,3,5,11)
r(326,5,5,11)
r(201,6,5,11)
w(183,11,5,11)
r(191,4,5,11)
r(10,7,5,11)
r(335,1,5,11)
r(92,8,5,11)
r(165,1,5,11)
r(246,1,6,12)
w(216,17,6,12)
w(152,13,6,12)
r(157,1,6,12)
r(122,1,6,12)
r(190,1,6,12)
r(77,1,6,12)
r(203,1,6,12)
w(163,12,6,12)
r(358,1,6,12)
r(197,1,6,12)
r(38,2,6,12)
r(80,1,6,12)
w(275,6,6,12)
r(47,2,6,12)
w(122,10,6,12)
r(349,1,6,12)
r(18,1,6,12)
r(240,1,6,12)
w(62,9,6,12)
w(76,13,6,12)
r(202,1,6,12)
r(327,1,6,12)
w(344,14,6,12)
r(29,1,6,12)
w(299,10,6,12)
w(182,15,6,12)
r(238,1,6,12)
w(213,6,6,12)
r(145,1,6,12)
r(289,1,6,12)
r(89,1,6,12)
r(207,1,6,12)
r(20,1,6,12)
r(299,10,6,12)
r(126,5,6,12)
w(336,4,6,12)
w(279,8,6,12)
r(107,1,6,12)
r(130,4,6,12)
w(258,2,1,13)
w(128,2,1,13)
r(174,1,1,13)
r(34,1,1,13)
w(335,2,1,13)
w(122,2,1,13)
r(111,1,1,13)
w(65,2,1,13)
r(88,1,1,13)
w(246,2,1,13)
r(257,6,1,13)
w(307,3,1,13)
w(360,2,1,13)
r(155,1,1,13)
r(107,1,1,13)
w(306,2,1,13)
w(176,2,1,13)
w(75,3,1,13)
w(147,2,1,13)
r(330,1,1,13)
r(135,1,1,13)
w(297,2,1,13)
w(237,2,1,13)
w(344,5,2,14)
w(61,4,2,14)
w(345,4,2,14)
w(328,5,2,14)
w(281,5,2,14)
w(347,11,2,14)
r(106,2,2,14)
w(181,3,2,14)
r(169,2,2,14)
w(190,5,2,14)
w(18,5,2,14)
w(135,2,2,14)
r(75,1,2,14)
r(193,1,2,14)
r(287,1,2,14)
w(4,3,2,14)
w(84,3,2,14)
w(25,4,3,15)
w(112,6,3,15)
r(310,2,3,15)
w(101,3,3,15)
w(56,6,3,15)
w(160,3,3,15)
r(1,3,4,16)
w(260,8,4,16)
r(137,1,4,16)
w(20,4,4,16)
w(62,7,4,16)
r(2,1,4,16)
w(326,3,4,16)
r(195,1,4,16)
w(326,5,4,16)
w(109,8,4,16)
r(204,7,4,16)
r(291,11,4,16)
w(45,11,4,16)
r(166,1,4,16)
w(123,10,4,16)
r(127,1,4,16)
w(169,6,4,16)
w(281,14,4,16)
w(140,7,4,16)
w(23,8,4,16)
w(209,8,4,16)
r(31,1,4,16)
r(171,1,4,16)
r(358,1,4,16)
r(309,1,4,16)
w(234,6,4,16)
w(106,4,4,16)
r(196,1,4,16)
r(258,3,4,16)
r(52,1,4,16)
w(161,7,4,16)
r(287,1,4,16)
r(217,1,4,16)
w(111,4,4,16)
w(128,7,4,16)
w(286,7,4,16)
w(296,5,4,16)
r(162,1,4,16)
w(260,10,4,16)
w(313,11,4,16)
w(94,9,5,17)
w(85,10,5,17)
w(178,6,5,17)
r(215,1,5,17)
r(198,1,5,17)
w(47,10,5,17)
w(73,5,5,17)
w(314,9,5,17)
r(60,10,5,17)
r(168,1,5,17)
w(330,6,5,17)
r(241,1,5,17)
r(68,7,5,17)
w(201,8,5,17)
r(64,3,5,17)
w(138,4,5,17)
r(305,1,5,17)
w(226,7,5,17)
w(18,8,5,17)
w(193,11,5,17)
r(44,4,5,17)
r(165,1,5,17)
r(174,2,5,17)
w(351,9,6,18)
w(319,15,6,18)
w(243,10,6,18)
w(92,11,6,18)
r(151,1,6,18)
w(86,15,6,18)
w(359,8,6,18)
r(223,2,6,18)
r(272,1,6,18)
w(352,14,6,18)
r(23,8,6,18)
r(194,1,6,18)
r(87,2,6,18)
r(233,1,6,18)
r(132,1,6,18)
r(87,2,6,18)
w(80,6,6,18)
w(353,9,6,18)
r(63,1,6,18)
r(224,11,6,18)
w(271,15,6,18)
r(222,1,1,19)
w(271,2,1,19)
w(210,2,1,19)
r(339,2,1,19)
w(345,3,1,19)
w(354,2,1,19)
r(213,6,1,19)
w(96,2,1,19)
r(197,1,1,19)
r(214,1,1,19)
r(69,2,1,19)
w(216,2,1,19)
w(330,2,1,19)
w(177,2,1,19)
w(91,2,1,19)
w(89,2,1,19)
w(225,2,1,19)
w(29,2,1,19)
w(322,2,1,19)
w(328,3,1,19)
r(142,1,1,19)
w(205,2,1,19)
w(177,3,1,19)
w(209,2,1,19)
w(299,2,1,19)
w(357,2,1,19)
r(4,2,1,19)
w(180,2,1,19)
w(77,2,1,19)
w(308,3,1,19)
w(169,2,1,19)
w(113,2,1,19)
r(43,1,1,19)
w(22,2,1,19)
r(139,2,1,19)
r(106,4,1,19)
r(347,1,1,19)
w(47,3,1,19)
r(146,1,1,19)
r(251,1,1,19)
w(189,3,2,20)
r(131,1,2,20)
r(320,1,2,20)
w(288,4,2,20)
r(91,7,2,20)
r(67,4,2,20)
r(352,4,2,20)
w(324,7,2,20)
w(175,7,2,20)
w(174,2,2,20)
w(25,5,2,20)
w(155,5,2,20)
w(341,5,2,20)
w(209,4,2,20)
w(48,5,2,20)
w(84,5,2,20)
r(158,5,2,20)
w(207,2,2,20)
w(228,5,2,20)
r(181,7,2,20)
w(303,3,2,20)
r(39,1,2,20)
w(108,3,2,20)
w(191,4,2,20)
r(132,1,2,20)
r(182,15,2,20)
r(275,6,2,20)
r(319,1,2,20)
r(4,2,2,20)
w(347,6,2,20)
w(260,3,2,20)
r(140,7,2,20)
r(289,7,2,20)
w(212,2,2,20)
r(220,11,2,20)
w(251,4,2,20)
w(199,3,2,20)
w(185,3,2,20)
r(80,1,2,20)
r(167,1,2,20)
w(244,4,3,21)
r(96,2,3,21)
r(95,1,3,21)
w(208,11,3,21)
r(283,1,3,21)
w(76,7,3,21)
w(136,5,3,21)
r(54,1,3,21)
r(147,1,3,21)
r(158,5,3,21)
w(195,4,3,21)
r(98,2,3,21)
w(4,4,3,21)
w(312,11,3,21)
w(153,5,3,21)
r(72,5,3,21)
w(271,11,3,21)
r(284,1,3,21)
w(246,4,3,21)
w(43,5,3,21)
w(232,11,3,21)
w(16,2,3,21)
r(82,1,3,21)
w(193,3,3,21)
w(110,11,3,21)
r(347,1,4,22)
r(338,6,4,22)
r(268,1,4,22)
w(337,7,4,22)
w(220,11,4,22)
r(125,2,4,22)
r(302,1,4,22)
w(238,8,4,22)
w(26,7,4,22)
r(141,7,4,22)
r(29,2,4,22)
w(72,6,4,22)
r(133,1,4,22)
w(191,14,4,22)
w(22,8,4,22)
w(50,4,4,22)
w(285,10,4,22)
w(360,8,4,22)
w(355,7,4,22)
w(27,7,4,22)
w(147,10,4,22)
r(287,1,4,22)
r(230,11,4,22)
r(203,1,4,22)
r(257,6,4,22)
r(286,7,4,22)
w(37,9,4,22)
w(116,7,4,22)
w(231,5,4,22)
w(233,7,4,22)
r(145,1,4,22)
w(300,11,4,22)
w(59,7,4,22)
w(204,11,4,22)
r(241,1,4,22)
r(230,11,4,22)
r(38,2,4,22)
r(15,3,4,22)
r(99,1,4,22)
r(125,2,4,22)
r(108,2,5,23)
w(223,8,5,23)
w(122,8,5,23)
r(297,3,5,23)
r(223,8,5,23)
w(16,6,5,23)
r(40,1,5,23)
w(39,7,5,23)
r(215,1,5,23)
w(261,8,5,23)
w(161,8,5,23)
r(192,1,5,23)
r(236,3,5,23)
r(213,6,5,23)
w(202,11,5,23)
w(148,10,5,23)
r(168,1,5,23)
r(130,4,5,23)
w(199,6,5,23)
r(126,5,5,23)
w(358,11,5,23)
w(93,9,5,23)
w(77,6,5,23)
w(20,11,5,23)
r(173,7,5,23)
r(359,1,5,23)
w(18,9,5,23)
w(66,6,5,23)
w(330,8,5,23)
r(324,8,5,23)
r(42,1,5,23)
r(138,2,5,23)
r(350,1,5,23)
r(121,1,5,23)
w(238,9,5,23)
w(242,11,5,23)
r(285,10,5,23)
w(112,10,5,23)
w(34,8,5,23)
r(129,1,5,23)
r(29,2,6,24)
r(306,1,6,24)
w(116,11,6,24)
r(25,7,6,24)
r(293,1,6,24)
r(90,1,6,24)
w(205,11,6,24)
w(154,11,6,24)
r(195,1,6,24)
r(158,5,6,24)
r(97,6,6,24)
r(325,3,6,24)
r(79,1,6,24)
w(314,15,6,24)
w(293,10,6,24)
w(267,8,6,24)
r(299,2,6,24)
r(269,2,6,24)
w(23,15,6,24)
r(221,1,6,24)
r(90,1,6,24)
w(159,9,6,24)
w(336,7,6,24)
r(350,1,6,24)
w(92,6,6,24)
w(220,13,6,24)
w(292,9,6,24)
w(193,9,6,24)
w(92,8,6,24)
w(342,8,6,24)
r(65,1,6,24)
w(304,7,6,24)
w(250,9,6,24)
r(177,3,6,24)
r(60,10,6,24)
w(195,9,6,24)
w(325,13,6,24)
r(219,1,6,24)
w(261,10,6,24)
r(279,8,6,24)
r(161,7,1,25)
r(161,7,1,25)
w(115,2,1,25)
r(125,2,1,25)
w(130,2,1,25)
r(61,5,1,25)
r(301,1,1,25)
w(282,5,1,25)
w(210,3,1,25)
r(355,2,1,25)
w(179,2,1,25)
w(352,3,1,25)
w(35,2,1,25)
w(235,3,1,25)
r(326,5,1,25)
r(264,1,1,25)
w(86,2,1,25)
r(153,4,1,25)
r(271,2,1,25)
r(243,1,1,25)
r(246,7,1,25)
w(105,2,1,25)
r(305,1,1,25)
w(254,3,1,25)
r(11,1,1,25)
r(134,2,1,25)
w(94,2,1,25)
w(346,3,1,25)
r(45,11,2,26)
r(322,2,2,26)
w(17,5,2,26)
w(354,11,2,26)
r(61,5,2,26)
w(117,3,2,26)
w(182,3,2,26)
w(283,2,2,26)
r(130,4,2,26)
w(268,3,2,26)
w(109,5,2,26)
w(22,7,2,26)
w(166,3,2,26)
w(213,3,2,26)
w(3,4,2,26)
r(282,10,2,26)
r(20,4,2,26)
w(235,6,2,26)
w(314,4,2,26)
w(268,5,2,26)
r(329,1,3,27)
r(111,4,3,27)
r(77,2,3,27)
w(238,4,3,27)
r(179,1,3,27)
r(345,3,3,27)
w(255,7,3,27)
r(175,4,3,27)
w(246,7,3,27)
w(100,5,3,27)
w(74,4,3,27)
r(116,2,3,27)
w(106,2,3,27)
w(68,7,3,27)
w(101,5,3,27)
r(235,2,3,27)
r(312,2,3,27)
r(146,1,3,27)
r(46,1,3,27)
w(25,7,3,27)
w(100,4,3,27)
w(324,6,3,27)
w(244,7,3,27)
r(272,1,3,27)
r(285,4,3,27)
w(141,7,3,27)
w(91,7,3,27)
r(288,5,3,27)
w(27,3,3,27)
r(311,1,3,27)
w(308,7,3,27)
r(278,1,3,27)
r(115,1,3,27)
r(235,2,3,27)
r(313,11,3,27)
r(39,1,3,27)
w(356,4,3,27)
w(44,5,3,27)
w(120,3,3,27)
r(113,2,3,27)
w(54,5,4,28)
w(15,11,4,28)
r(311,1,4,28)
r(108,3,4,28)
w(218,5,4,28)
w(308,8,4,28)
w(108,11,4,28)
w(95,8,4,28)
r(130,4,4,28)
w(345,10,4,28)
r(68,7,4,28)
r(46,1,4,28)
r(65,1,4,28)
w(234,8,4,28)
w(219,10,4,28)
r(166,1,4,28)
w(283,11,4,28)
r(355,7,4,28)
w(278,6,4,28)
w(52,10,4,28)
r(87,2,4,28)
r(252,1,4,28)
r(150,1,4,28)
w(10,7,4,28)
r(14,1,4,28)
r(83,1,4,28)
r(179,1,4,28)
r(101,5,4,28)
w(125,8,4,28)
w(179,11,4,28)
w(44,4,4,28)
w(23,10,4,28)
w(323,11,4,28)
w(349,5,4,28)
r(118,1,4,28)
w(86,8,4,28)
w(3,6,4,28)
w(222,8,4,28)
r(229,1,4,28)
w(282,10,4,28)
w(283,6,5,29)
w(253,11,5,29)
r(212,2,5,29)
w(81,9,5,29)
w(128,10,5,29)
w(265,13,5,29)
r(185,3,5,29)
w(296,4,5,29)
r(12,1,5,29)
r(74,4,5,29)
r(179,11,5,29)
r(212,2,5,29)
w(208,14,5,29)
r(334,2,5,29)
w(258,10,5,29)
w(44,7,5,29)
r(89,2,5,29)
r(32,2,5,29)
w(126,14,5,29)
r(96,2,5,29)
w(198,10,5,29)
w(162,8,5,29)
r(296,4,5,29)
w(289,11,5,29)
r(206,2,5,29)
w(159,10,5,29)
r(318,1,5,29)
r(317,1,5,29)
r(58,1,5,29)
r(106,2,5,29)
w(292,6,5,29)
r(158,7,5,29)
r(261,8,5,29)
w(68,9,5,29)
w(339,16,5,29)
w(24,13,5,29)
r(158,7,5,29)
w(136,7,5,29)
w(184,8,5,29)
w(300,6,5,29)
r(22,8,6,30)
w(254,10,6,30)
r(265,2,6,30)
r(223,2,6,30)
r(283,1,6,30)
r(14,1,6,30)
r(166,1,6,30)
w(255,9,6,30)
r(20,4,6,30)
r(152,13,6,30)
w(131,11,6,30)
r(205,11,6,30)
w(128,14,6,30)
w(88,14,6,30)
r(127,1,1,31)
w(94,3,1,31)
w(337,2,1,31)
w(67,2,1,31)
r(310,2,1,31)
r(315,1,1,31)
w(235,5,1,31)
w(72,2,1,31)
r(278,1,1,31)
w(324,2,1,31)
r(169,2,1,31)
w(72,3,1,31)
r(68,7,1,31)
w(217,2,1,31)
w(55,2,1,31)
r(47,3,1,31)
w(209,3,1,31)
r(266,1,1,31)
w(222,3,1,31)
r(359,1,1,31)
w(244,2,1,31)
r(62,7,1,31)
w(210,5,1,31)
r(192,1,1,31)
r(254,1,1,31)
r(137,1,1,31)
w(337,3,1,31)
r(22,8,1,31)
w(105,3,1,31)
r(250,9,1,31)
r(117,1,1,31)
r(61,5,1,31)
w(154,2,1,31)
w(170,2,1,31)
w(53,2,1,31)
w(219,2,1,31)
r(67,2,1,31)
r(266,1,1,31)
w(202,2,2,32)
r(58,1,2,32)
w(178,2,2,32)
r(236,3,2,32)
w(118,4,2,32)
r(340,1,2,32)
w(260,5,2,32)
r(137,1,2,32)
w(59,5,2,32)
r(196,1,2,32)
r(145,1,2,32)
w(32,2,2,32)
w(211,3,2,32)
w(23,11,2,32)
r(321,1,2,32)
w(64,3,2,32)
r(8,11,2,32)
r(114,2,2,32)
r(80,1,2,32)
r(264,1,2,32)
w(214,3,2,32)
r(181,7,2,32)
w(341,4,2,32)
r(253,1,2,32)
w(180,4,2,32)
w(161,4,2,32)
w(117,5,2,32)
w(37,4,2,32)
w(39,3,2,32)
r(271,2,2,32)
r(221,1,2,32)
w(144,3,2,32)
r(70,8,2,32)
r(88,1,2,32)
w(109,4,2,32)
r(245,5,2,32)
w(124,5,2,32)
w(153,3,2,32)
r(207,4,2,32)
w(122,4,2,32)
w(345,8,3,33)
r(130,4,3,33)
w(208,6,3,33)
r(250,9,3,33)
w(110,6,3,33)
w(122,11,3,33)
w(235,13,3,33)
r(249,1,3,33)
w(129,4,3,33)
r(16,1,3,33)
w(8,5,3,33)
w(19,4,3,33)
w(83,7,3,33)
r(80,1,3,33)
w(343,5,3,33)
w(265,6,3,33)
w(207,3,3,33)
r(144,1,3,33)
r(335,1,3,33)
w(273,3,3,33)
w(319,7,3,33)
r(284,1,3,33)
w(319,11,3,33)
r(189,3,3,33)
r(37,9,3,33)
w(310,5,3,33)
w(301,5,3,33)
w(37,6,3,33)
w(158,7,4,34)
r(325,13,4,34)
r(102,1,4,34)
w(204,6,4,34)
w(307,8,4,34)
r(110,1,4,34)
r(244,7,4,34)
w(59,11,4,34)
r(219,10,4,34)
r(124,1,4,34)
r(42,1,4,34)
r(259,2,4,34)
r(186,1,4,34)
w(157,11,4,34)
w(118,15,4,34)
w(254,6,4,34)
w(222,10,4,34)
w(329,4,4,34)
w(175,8,4,34)
w(257,8,4,34)
r(29,2,4,34)
r(174,2,4,34)
w(349,4,4,34)
r(328,3,4,34)
r(33,1,4,34)
w(306,6,4,34)
w(324,8,4,34)
w(43,11,4,34)
w(330,7,4,34)
w(207,4,4,34)
w(127,5,4,34)
w(346,6,4,34)
w(339,9,4,34)
r(273,1,4,34)
r(130,4,4,34)
w(43,6,4,34)
r(194,1,4,34)
r(305,1,4,34)
r(89,2,4,34)
r(351,1,4,34)
r(158,7,5,35)
r(69,2,5,35)
w(312,9,5,35)
r(303,3,5,35)
w(103,8,5,35)
w(99,8,5,35)
w(54,4,5,35)
w(102,4,5,35)
r(127,5,5,35)
w(318,11,5,35)
r(181,7,5,35)
w(351,10,5,35)
w(184,10,5,35)
w(356,7,5,35)
r(118,4,5,35)
r(98,2,5,35)
w(93,14,5,35)
r(7,1,5,35)
w(239,7,5,35)
r(340,1,5,35)
r(176,1,5,35)
w(74,6,5,35)
r(228,5,5,35)
r(196,1,5,35)
r(35,5,5,35)
r(300,6,5,35)
r(215,1,5,35)
w(256,6,5,35)
r(99,8,5,35)
r(209,5,5,35)
r(67,4,5,35)
r(21,1,5,35)
w(285,9,5,35)
r(86,8,5,35)
w(264,15,5,35)
r(250,9,6,36)
w(333,6,6,36)
r(247,1,6,36)
r(172,1,6,36)
w(108,10,6,36)
r(198,1,6,36)
r(166,1,6,36)
w(2,13,6,36)
r(205,11,6,36)
r(144,1,6,36)
r(5,2,6,36)
w(111,11,6,36)
w(103,9,6,36)
r(278,6,6,36)
r(283,11,6,36)
r(147,10,6,36)
w(160,6,6,36)
r(52,10,6,36)
r(190,1,6,36)
w(308,9,6,36)
w(132,5,6,36)
r(39,1,6,36)
r(349,5,6,36)
r(276,1,6,36)
w(177,9,6,36)
w(206,9,6,36)
w(192,6,6,36)
r(235,2,6,36)
w(317,9,6,36)
r(135,1,6,36)
r(196,1,6,36)
w(211,9,6,36)
r(351,1,6,36)
w(210,8,6,36)
w(184,2,1,37)
r(310,2,1,37)
r(88,1,1,37)
w(219,3,1,37)
r(208,2,1,37)
r(104,1,1,37)
w(56,3,1,37)
w(7,2,1,37)
r(83,1,1,37)
w(47,5,1,37)
w(338,3,1,37)
r(99,1,1,37)
r(246,7,1,37)
w(90,2,1,37)
w(292,2,1,37)
w(311,2,1,37)
w(221,3,1,37)
r(212,2,1,37)
r(36,1,1,37)
r(139,2,1,37)
r(91,7,1,37)
r(84,5,1,37)
w(244,3,1,37)
r(90,2,1,37)
w(165,2,1,37)
w(317,2,1,37)
r(192,1,1,37)
r(117,1,1,37)
r(354,2,1,37)
w(172,2,1,37)
r(317,2,1,37)
w(79,2,1,37)
r(191,4,1,37)
r(301,1,1,37)
r(116,7,1,37)
w(332,2,1,37)
r(245,5,2,38)
w(329,2,2,38)
r(242,1,2,38)
w(353,5,2,38)
r(185,3,2,38)
w(2,5,2,38)
w(147,7,2,38)
r(334,2,2,38)
r(39,3,2,38)
w(302,7,2,38)
w(242,3,2,38)
r(34,1,2,38)
r(181,7,2,38)
w(125,11,3,39)
w(321,4,3,39)
r(296,2,3,39)
r(129,1,3,39)
w(342,4,3,39)
r(39,1,3,39)
w(331,11,3,39)
r(352,4,3,39)
r(360,8,3,39)
w(297,8,3,39)
w(320,4,3,39)
w(254,7,3,39)
r(92,8,3,39)
w(247,3,3,39)
w(61,10,3,39)
r(77,2,3,39)
w(274,4,3,39)
r(88,1,3,39)
r(107,1,3,39)
w(331,10,4,40)
w(61,14,4,40)
r(78,5,4,40)
w(81,8,4,40)
r(76,13,4,40)
w(285,14,5,41)
w(107,7,5,41)
r(171,2,5,41)
r(56,1,5,41)
w(55,6,5,41)
r(118,4,5,41)
r(167,1,5,41)
w(220,10,5,41)
r(198,13,5,41)
w(289,6,5,41)
r(196,3,5,41)
w(280,14,5,41)
w(192,7,5,41)
r(171,2,5,41)
w(217,7,5,41)
w(270,8,5,41)
w(255,8,5,41)
r(207,4,5,41)
w(275,11,5,41)
w(34,10,5,41)
r(232,1,5,41)
r(74,4,5,41)
w(352,13,6,42)
r(15,11,6,42)
w(186,15,6,42)
w(94,13,6,42)
w(266,9,6,42)
r(344,3,6,42)
r(6,7,6,42)
r(229,1,6,42)
w(123,14,6,42)
w(71,6,6,42)
w(344,15,6,42)
r(265,2,6,42)
w(37,16,6,42)
w(319,16,6,42)
w(317,14,6,42)
w(311,15,6,42)
w(238,13,6,42)
r(27,7,6,42)
w(61,18,6,42)
w(214,2,1,43)
r(85,1,1,43)
w(236,2,1,43)
w(297,3,1,43)
w(236,3,1,43)
r(6,7,1,43)
w(150,3,1,43)
r(99,1,1,43)
w(23,3,1,43)
w(35,3,1,43)
r(31,1,1,43)
r(75,1,1,43)
r(262,1,1,43)
w(260,2,1,43)
w(209,5,1,43)
w(61,2,1,43)
w(259,3,1,43)
w(108,2,1,43)
r(165,1,1,43)
w(81,2,1,43)
r(265,2,1,43)
r(213,6,1,43)
w(334,2,1,43)
w(79,3,1,43)
w(114,2,1,43)
w(248,2,1,43)
r(293,10,1,43)
r(255,7,1,43)
w(171,2,1,43)
r(50,4,1,43)
r(162,1,1,43)
w(296,2,1,43)
w(35,5,1,43)
w(354,3,1,43)
w(147,3,1,43)
w(199,2,1,43)
r(293,10,1,43)
r(166,1,1,43)
w(41,2,1,43)
w(235,4,1,43)
r(291,13,2,44)
w(337,5,2,44)
r(46,1,2,44)
w(355,5,2,44)
w(14,2,2,44)
r(50,4,2,44)
w(315,3,2,44)
r(264,1,2,44)
w(115,7,2,44)
w(250,4,2,44)
w(260,4,2,44)
r(3,6,2,44)
r(39,3,2,44)
w(146,5,2,44)
r(10,7,2,44)
r(179,11,2,44)
r(263,2,2,44)
r(12,1,2,44)
w(121,5,2,44)
r(40,1,2,44)
w(5,5,2,44)
w(248,3,2,44)
w(115,11,2,44)
r(39,3,2,44)
r(101,5,2,44)
w(231,3,3,45)
w(38,3,3,45)
r(26,7,3,45)
r(21,1,3,45)
r(122,10,3,45)
w(52,5,3,45)
r(315,1,3,45)
r(278,6,3,45)
w(204,5,3,45)
r(350,1,3,45)
w(334,4,3,45)
r(127,5,3,45)
w(99,6,3,45)
w(135,7,3,45)
r(108,2,4,46)
r(331,1,4,46)
r(161,4,4,46)
w(36,4,4,46)
w(181,11,4,46)
r(113,2,4,46)
r(357,2,4,46)
w(18,11,4,46)
w(207,7,4,46)
r(31,7,4,46)
w(211,6,4,46)
r(253,1,4,46)
w(83,11,4,46)
r(255,7,4,46)
r(336,7,4,46)
r(352,4,4,46)
w(137,7,4,46)
r(81,2,4,46)
w(83,6,4,46)
r(352,4,4,46)
w(233,11,4,46)
w(263,8,5,47)
w(317,8,5,47)
w(8,10,5,47)
w(17,8,5,47)
r(254,9,5,47)
r(163,12,5,47)
w(156,13,5,47)
w(284,8,5,47)
r(356,4,5,47)
r(294,1,5,47)
w(73,4,5,47)
r(235,4,5,47)
r(103,4,5,47)
r(181,2,5,47)
w(96,11,5,47)
r(160,1,6,48)
r(50,4,6,48)
w(321,10,6,48)
r(252,1,6,48)
r(111,4,6,48)
w(310,8,6,48)
r(282,10,6,48)
w(198,13,6,48)
w(100,10,6,48)
r(278,6,6,48)
r(253,11,6,48)
w(331,15,6,48)
w(182,12,6,48)
r(262,1,6,48)
r(360,8,6,48)
r(254,6,6,48)
w(342,10,6,48)
r(29,2,6,48)
r(235,4,6,48)
w(39,8,6,48)
r(244,7,6,48)
r(174,2,6,48)
w(249,7,6,48)
r(115,1,6,48)
w(297,15,6,48)
r(177,3,6,48)
r(184,8,6,48)
r(320,1,6,48)
w(243,9,6,48)
w(222,14,6,48)
r(132,1,6,48)
r(255,7,6,48)
r(147,3,6,48)
w(290,13,6,48)
r(110,1,6,48)
w(28,10,6,48)
w(120,8,6,48)
r(63,1,6,48)
w(254,9,6,48)
w(280,13,6,48)
w(201,3,1,49)
r(9,1,1,49)
r(352,4,1,49)
r(1,3,1,49)
w(272,2,1,49)
r(250,9,1,49)
r(245,5,1,49)
w(43,2,1,49)
r(160,1,1,49)
w(215,2,1,49)
r(146,1,1,49)
r(93,10,1,49)
w(235,7,1,49)
r(277,1,1,49)
r(124,5,1,49)
w(300,2,1,49)
w(125,3,1,49)
r(28,1,1,49)
w(123,2,1,49)
r(1,3,1,49)
w(351,2,1,49)
r(130,4,1,49)
w(184,3,1,49)
r(195,9,1,49)
w(278,2,1,49)
r(117,5,1,49)
w(302,3,1,49)
r(72,6,1,49)
r(197,6,2,50)
r(202,11,2,50)
r(173,7,2,50)
r(178,2,2,50)
r(263,2,2,50)
w(277,11,2,50)
r(152,14,2,50)
w(120,2,2,50)
r(31,7,2,50)
r(39,8,2,50)
r(196,3,2,50)
r(68,9,2,50)
w(9,3,2,50)
r(277,11,2,50)
w(165,3,2,50)
w(246,3,2,50)
r(303,3,2,50)
r(236,3,2,50)
r(115,3,2,50)
r(11,1,2,50)
w(306,5,2,50)
w(133,7,2,50)
r(82,1,2,50)
r(217,1,2,50)
w(11,5,2,50)
w(126,4,2,50)
w(260,7,2,50)
r(125,8,2,50)
w(309,3,2,50)
w(47,4,2,50)
w(65,5,2,50)
r(353,1,3,51)
w(25,11,3,51)
r(139,2,3,51)
w(72,7,3,51)
r(222,10,3,51)
r(217,1,3,51)
w(263,7,3,51)
w(154,3,3,51)
r(3,6,3,51)
w(339,8,3,51)
w(71,3,3,51)
w(200,3,3,51)
r(103,4,3,51)
w(283,4,3,51)
r(78,5,3,51)
r(71,3,3,51)
w(201,7,3,51)
r(302,1,3,51)
w(115,10,3,51)
w(144,7,3,51)
w(149,3,3,51)
r(202,2,3,51)
w(35,6,3,51)
w(57,5,3,51)
w(243,3,3,51)
w(335,11,3,51)
r(148,8,3,51)
r(320,1,4,52)
r(42,1,4,52)
w(359,4,4,52)
r(147,3,4,52)
r(167,1,4,52)
r(86,8,4,52)
w(124,11,4,52)
r(154,11,4,52)
r(125,8,4,52)
w(304,3,4,52)
w(197,11,4,52)
r(215,1,4,52)
r(1,3,4,52)
w(16,4,4,52)
r(287,1,4,52)
w(161,11,4,52)
r(74,4,4,52)
r(350,1,4,52)
r(110,1,4,52)
r(337,7,4,52)
w(124,6,4,52)
w(6,11,4,52)
r(25,5,4,52)
w(197,6,4,52)
r(87,2,4,52)
w(259,6,4,52)
r(25,5,4,52)
w(77,11,4,52)
r(93,9,4,52)
r(351,1,4,52)
w(271,9,4,52)
r(187,1,4,52)
r(178,2,4,52)
r(338,10,4,52)
w(36,7,4,52)
w(351,8,4,52)
w(55,11,4,52)
r(190,1,4,52)
r(352,4,4,52)
r(92,8,4,52)
w(230,10,5,53)
w(196,8,5,53)
r(338,10,5,53)
w(236,6,5,53)
w(296,7,5,53)
w(151,11,5,53)
r(23,5,5,53)
w(50,11,5,53)
w(127,4,5,53)
r(171,8,5,53)
w(20,6,5,53)
w(31,11,5,53)
w(290,10,5,53)
r(7,3,5,53)
w(109,13,5,53)
w(127,7,5,53)
r(154,11,5,53)
r(133,1,5,53)
r(342,10,5,53)
w(287,5,5,53)
r(97,4,5,53)
r(346,5,5,53)
w(112,9,5,53)
w(72,10,5,53)
r(7,3,5,53)
w(134,10,5,53)
r(328,11,5,53)
w(355,8,5,53)
r(113,2,5,53)
w(278,9,5,53)
r(118,16,5,53)
r(234,8,6,54)
r(220,11,6,54)
r(280,13,6,54)
r(317,1,6,54)
r(310,8,6,54)
r(157,2,6,54)
w(31,8,6,54)
r(250,9,6,54)
r(58,1,6,54)
r(190,1,6,54)
r(124,6,6,54)
w(166,14,6,54)
w(191,17,6,54)
w(22,3,1,55)
w(142,2,1,55)
r(41,2,1,55)
w(157,2,1,55)
w(324,5,1,55)
w(195,3,1,55)
w(115,3,1,55)
w(151,2,1,55)
w(182,2,1,55)
r(71,1,1,55)
r(261,8,1,55)
r(40,1,1,55)
r(149,1,1,55)
r(284,1,1,55)
w(266,3,1,55)
r(138,2,1,55)
r(2,1,1,55)
r(307,8,1,55)
w(286,2,1,55)
r(286,2,1,55)
w(37,3,1,55)
w(242,2,1,55)
w(159,2,1,55)
r(321,10,1,55)
r(353,1,1,55)
r(120,8,1,55)
w(216,3,1,55)
r(251,4,1,55)
r(247,1,1,55)
w(54,2,1,55)
r(16,4,1,55)
r(306,6,1,55)
r(295,3,1,55)
w(286,3,1,55)
r(135,1,1,55)
w(290,3,1,55)
r(337,7,1,55)
w(42,3,1,55)
r(335,1,1,55)
w(184,5,1,55)
w(186,3,2,56)
w(328,11,2,56)
r(64,3,2,56)
w(339,7,2,56)
w(99,5,2,56)
r(315,2,2,56)
r(215,1,2,56)
r(344,3,2,56)
w(320,5,2,56)
r(143,1,2,56)
r(336,7,2,56)
w(232,7,2,56)
w(34,5,2,56)
w(248,5,2,56)
r(77,11,2,56)
w(309,5,2,56)
r(319,1,2,56)
w(140,3,2,56)
w(262,4,2,56)
r(128,10,2,56)
w(187,3,2,56)
w(293,4,2,56)
w(246,5,2,56)
w(126,7,2,56)
r(14,1,2,56)
r(53,1,2,56)
w(344,11,2,56)
w(97,4,2,56)
r(6,11,2,56)
w(344,6,2,56)
w(148,7,2,56)
w(341,6,2,56)
w(208,4,2,56)
w(6,5,2,56)
w(26,3,2,56)
w(208,7,2,56)
r(263,2,2,56)
r(46,2,2,56)
w(45,5,2,56)
w(215,5,2,56)
r(273,1,3,57)
r(99,1,3,57)
r(165,1,3,57)
r(12,1,3,57)
w(76,8,3,57)
r(347,6,3,57)
r(9,1,3,57)
w(185,11,3,57)
w(63,4,3,57)
r(318,1,3,57)
w(230,7,3,57)
w(268,7,3,57)
w(257,7,3,57)
r(313,11,3,57)
w(250,6,3,57)
r(14,1,3,57)
w(307,11,3,57)
r(110,1,3,57)
w(166,5,3,57)
r(150,10,3,57)
r(252,1,4,58)
w(92,4,4,58)
w(5,4,4,58)
w(10,6,4,58)
r(301,1,4,58)
r(109,4,4,58)
r(336,7,4,58)
r(62,7,4,58)
r(200,1,4,58)
w(90,11,4,58)
w(97,9,4,58)
r(353,1,4,58)
r(143,1,4,58)
w(238,10,4,58)
w(95,10,4,58)
w(145,8,4,58)
r(195,9,4,58)
r(134,2,4,58)
w(291,6,4,58)
w(85,6,4,58)
w(346,8,4,58)
r(205,11,4,58)
r(277,1,4,58)
r(114,2,4,58)
w(129,6,4,58)
w(255,11,4,58)
w(187,11,4,58)
r(56,1,4,58)
w(179,8,4,58)
r(278,6,4,58)
w(291,8,4,58)
r(350,1,4,58)
r(340,1,4,58)
r(50,4,4,58)
w(76,9,4,58)
w(297,10,4,58)
r(328,3,4,58)
r(302,1,4,58)
r(26,7,4,58)
r(36,7,4,58)
r(239,3,5,59)
r(48,3,5,59)
r(315,2,5,59)
r(88,7,5,59)
w(304,4,5,59)
r(352,15,5,59)
r(251,4,5,59)
r(195,5,5,59)
w(93,13,5,59)
w(1,8,5,59)
w(15,10,5,59)
w(271,13,5,59)
r(59,2,5,59)
w(174,7,5,59)
r(61,13,5,59)
r(249,7,5,59)
w(185,15,5,59)
r(316,1,5,59)
r(314,15,6,60)
w(333,8,6,60)
r(289,11,6,60)
w(244,6,6,60)
r(45,11,6,60)
r(39,8,6,60)
w(33,9,6,60)
w(190,10,6,60)
r(128,10,6,60)
r(160,1,1,61)
w(130,3,1,61)
w(148,3,1,61)
r(219,10,1,61)
r(301,1,1,61)
r(215,1,1,61)
w(220,2,1,61)
r(70,8,1,61)
r(183,11,1,61)
r(16,4,1,61)
r(129,6,1,61)
r(299,2,1,61)
w(313,2,1,61)
r(264,6,1,61)
w(195,5,1,61)
r(15,11,1,61)
r(5,4,1,61)
w(46,2,1,61)
r(173,7,1,61)
r(38,2,1,61)
w(73,2,1,61)
r(142,2,1,61)
r(295,3,1,61)
r(354,3,1,61)
w(59,2,1,61)
r(163,12,1,61)
w(34,3,1,61)
w(126,2,1,61)
w(8,2,1,61)
w(227,3,1,61)
w(112,2,1,61)
r(349,4,1,61)
w(191,2,1,61)
w(257,2,1,61)
r(20,3,1,61)
w(25,2,1,61)
w(60,3,1,61)
w(292,3,1,61)
r(316,1,1,61)
w(196,3,1,61)
w(1,5,2,62)
w(296,3,2,62)
w(59,4,2,62)
r(68,2,2,62)
r(9,2,2,62)
w(237,7,2,62)
w(210,4,2,62)
w(81,5,2,62)
r(303,3,2,62)
w(245,4,2,62)
r(151,2,2,62)
r(323,11,2,62)
w(266,4,2,62)
r(125,8,2,62)
w(315,5,2,62)
r(342,10,2,62)
r(344,6,2,62)
r(2,1,2,62)
w(85,3,2,62)
w(345,7,2,62)
w(163,11,2,62)
w(306,4,2,62)
w(279,5,2,62)
w(262,7,2,62)
r(172,10,2,62)
w(175,11,2,62)
r(238,10,2,62)
w(192,5,2,62)
r(119,1,2,62)
w(169,5,2,62)
r(252,1,2,62)
r(1,5,2,62)
r(249,7,2,62)
r(61,2,2,62)
w(200,5,3,63)
w(186,4,3,63)
w(264,6,3,63)
r(69,2,3,63)
w(20,3,3,63)
w(158,4,3,63)
w(246,11,3,63)
w(261,7,3,63)
w(105,7,3,63)
w(266,8,3,63)
r(19,1,3,63)
w(191,11,3,63)
w(272,5,3,63)
r(323,11,3,63)
r(339,16,3,63)
r(356,4,3,63)
r(207,4,3,63)
w(98,7,3,63)
r(196,1,3,63)
r(173,7,3,63)
r(120,8,3,63)
w(270,11,3,63)
w(141,11,3,63)
r(76,9,3,63)
r(21,1,3,63)
w(19,11,3,63)
w(195,7,3,63)
r(157,2,3,63)
w(182,7,3,63)
r(158,4,3,63)
r(11,1,3,63)
w(325,7,3,63)
w(123,6,3,63)
r(66,6,3,63)
r(248,2,3,63)
w(259,7,3,63)
w(95,7,3,63)
r(342,10,3,63)
r(244,7,3,63)
w(52,4,3,63)
r(200,5,4,64)
r(134,2,4,64)
r(225,2,4,64)
r(302,1,4,64)
r(152,4,4,64)
w(171,8,4,64)
w(38,7,4,64)
r(70,2,4,64)
r(126,7,4,64)
w(6,8,4,64)
w(141,10,4,64)
w(48,8,4,64)
r(18,12,4,64)
r(77,11,4,64)
r(178,2,4,64)
w(93,6,4,64)
w(182,8,4,64)
r(316,1,4,64)
r(142,2,4,64)
r(328,11,4,64)
w(277,14,4,64)
w(5,7,4,64)
w(197,8,4,64)
r(336,7,4,64)
w(17,4,4,64)
r(133,1,4,64)
w(90,8,4,64)
w(209,9,4,64)
w(106,6,4,64)
w(118,16,4,64)
r(39,8,4,64)
r(264,6,4,64)
w(24,10,4,64)
r(163,3,4,64)
r(165,1,4,64)
w(284,6,4,64)
r(36,7,4,64)
r(139,2,4,64)
r(168,1,4,64)
w(58,3,4,64)
r(44,6,5,65)
w(300,10,5,65)
w(29,15,5,65)
r(314,11,5,65)
w(334,10,5,65)
w(182,13,5,65)
w(13,11,5,65)
w(298,14,5,65)
r(269,3,5,65)
w(333,11,5,65)
r(315,11,5,65)
w(23,14,5,65)
r(14,1,5,65)
w(213,11,5,65)
w(22,9,5,65)
w(112,14,5,65)
w(355,10,5,65)
r(299,3,5,65)
w(19,10,5,65)
r(221,1,5,65)
w(45,10,5,65)
w(21,9,5,65)
w(89,5,5,65)
r(32,8,5,65)
r(291,10,5,65)
w(293,8,5,65)
w(18,13,5,65)
w(180,10,5,65)
r(109,4,5,65)
w(184,15,5,65)
r(250,8,5,65)
r(27,11,5,65)
w(239,6,5,65)
r(340,1,5,65)
w(142,10,5,65)
w(225,8,5,65)
w(60,9,5,65)
r(20,3,5,65)
w(303,6,5,65)
w(311,13,5,65)
r(338,10,6,66)
r(341,4,6,66)
w(146,10,6,66)
w(269,10,6,66)
r(138,2,6,66)
r(328,3,6,66)
w(44,6,6,66)
w(111,10,6,66)
w(204,13,6,66)
w(352,15,6,66)
w(18,12,6,66)
r(302,1,6,66)
r(315,2,6,66)
w(312,13,6,66)
r(150,10,6,66)
r(196,3,6,66)
w(79,6,6,66)
w(52,15,6,66)
w(351,14,6,66)
w(45,9,6,66)
r(176,1,6,66)
w(121,8,6,66)
r(169,2,6,66)
r(15,11,6,66)
r(102,1,6,66)
r(231,11,6,66)
w(90,13,6,66)
w(55,10,6,66)
w(111,9,6,66)
w(166,13,6,66)
r(182,7,6,66)
r(280,13,6,66)
w(101,11,6,66)
w(155,8,6,66)
r(216,3,6,66)
r(12,1,6,66)
r(2,1,6,66)
w(345,15,6,66)
r(90,13,6,66)
r(227,3,6,66)
r(276,1,1,67)
w(223,3,1,67)
w(315,2,1,67)
w(149,2,1,67)
w(181,2,1,67)
r(297,10,1,67)
r(65,1,1,67)
r(357,2,1,67)
w(268,2,1,67)
w(317,5,1,67)
w(346,5,1,67)
w(148,5,1,67)
w(277,3,1,67)
w(204,3,1,67)
r(360,8,1,67)
r(306,6,1,67)
w(284,2,1,67)
w(152,5,1,67)
r(261,7,1,67)
w(9,2,1,67)
w(290,5,1,67)
r(252,1,1,67)
r(180,4,1,67)
r(264,6,1,67)
w(141,5,1,67)
w(66,3,1,67)
w(98,3,1,67)
r(207,4,1,67)
w(335,5,1,67)
r(114,2,1,67)
r(324,5,1,67)
w(70,2,1,67)
w(347,5,1,67)
w(197,3,1,67)
r(157,2,1,67)
r(239,2,1,67)
w(347,4,1,67)
w(267,2,1,67)
r(55,11,1,67)
w(152,4,1,67)
w(263,4,2,68)
w(266,7,2,68)
r(209,9,2,68)
w(167,4,2,68)
r(294,1,2,68)
w(284,5,2,68)
r(225,2,2,68)
r(253,11,2,68)
w(76,4,2,68)
w(26,5,2,68)
r(302,1,2,68)
r(351,14,2,68)
r(178,2,2,68)
r(287,1,2,68)
w(77,5,2,68)
w(108,5,2,68)
w(360,11,2,68)
r(271,9,2,68)
r(265,13,2,68)
r(90,8,2,68)
r(293,4,2,68)
r(120,8,2,68)
r(176,1,2,68)
w(163,6,2,68)
r(235,12,2,68)
r(359,4,2,68)
r(299,2,2,68)
r(5,7,2,68)
w(330,4,2,68)
w(56,11,2,68)
r(9,2,2,68)
w(307,4,2,68)
r(123,6,2,68)
r(208,7,2,68)
r(54,2,2,68)
r(352,15,2,68)
r(177,3,2,68)
w(347,10,2,68)
r(150,10,2,68)
w(69,3,2,68)
w(80,4,3,69)
r(276,1,3,69)
w(303,4,3,69)
w(129,7,3,69)
r(336,7,3,69)
w(107,2,3,69)
w(278,4,3,69)
w(314,6,3,69)
r(168,1,3,69)
w(196,4,3,69)
w(309,11,3,69)
w(243,5,3,69)
w(7,7,3,69)
r(244,7,3,69)
w(199,4,3,69)
w(174,3,3,69)
r(12,1,3,69)
w(154,5,3,69)
w(152,6,3,69)
w(147,11,3,69)
w(37,8,3,69)
w(173,5,3,69)
w(357,11,3,69)
r(244,7,3,69)
w(190,7,3,69)
w(243,4,3,69)
w(357,6,3,69)
w(124,7,3,69)
w(225,5,3,69)
w(270,6,4,70)
w(147,14,4,70)
w(231,4,4,70)
w(307,9,4,70)
w(11,10,4,70)
w(130,14,4,70)
r(244,7,4,70)
r(338,10,4,70)
r(264,6,4,70)
w(61,13,4,70)
r(346,5,4,70)
w(235,12,4,70)
w(6,10,4,70)
r(27,7,4,70)
r(142,2,4,70)
w(206,11,4,70)
r(307,9,4,70)
r(211,3,4,70)
r(125,8,4,70)
w(168,4,4,70)
w(312,6,4,70)
r(341,6,4,70)
r(137,1,4,70)
w(16,7,4,70)
r(226,2,4,70)
r(321,10,4,70)
w(27,11,4,70)
r(116,7,4,70)
w(128,8,4,70)
r(99,5,4,70)
w(193,7,4,70)
r(69,2,4,70)
w(88,4,4,70)
r(333,7,4,70)
w(88,7,4,70)
r(202,11,4,70)
w(211,8,4,70)
w(134,11,4,70)
w(87,4,4,70)
w(254,8,4,70)
r(271,7,5,71)
w(18,15,5,71)
w(145,10,5,71)
r(325,10,5,71)
w(314,13,5,71)
w(344,9,5,71)
r(299,3,5,71)
w(109,15,5,71)
r(212,2,5,71)
r(328,11,5,71)
r(185,4,5,71)
r(127,5,5,71)
r(147,14,5,71)
r(112,14,5,71)
r(213,11,5,71)
r(139,2,5,71)
w(331,13,5,71)
w(137,8,5,71)
r(182,13,5,71)
r(286,3,5,71)
r(332,1,5,71)
w(186,14,5,71)
r(239,6,5,71)
r(74,2,5,71)
r(84,7,5,71)
w(264,12,5,71)
w(227,11,5,71)
r(349,8,5,71)
r(186,14,5,71)
w(359,6,5,71)
r(13,11,5,71)
w(255,10,5,71)
w(44,11,5,71)
w(71,7,5,71)
w(115,12,5,71)
w(3,10,5,71)
r(77,4,5,71)
w(347,12,5,71)
w(78,8,5,71)
r(174,5,5,71)
r(99,5,6,72)
r(80,1,6,72)
w(94,16,6,72)
w(18,17,6,72)
r(186,3,6,72)
w(68,13,6,72)
w(147,16,6,72)
w(261,9,6,72)
w(99,9,6,72)
w(288,15,6,72)
w(135,10,6,72)
r(261,9,6,72)
r(356,4,6,72)
r(16,4,1,73)
w(163,3,1,73)
w(223,5,1,73)
r(184,5,1,73)
w(188,2,1,73)
w(277,5,1,73)
w(97,3,1,73)
w(256,2,1,73)
w(311,5,1,73)
w(56,5,1,73)
r(230,11,1,73)
w(68,2,1,73)
r(204,13,1,73)
r(230,11,1,73)
w(234,2,1,73)
w(97,5,1,73)
w(94,5,1,73)
r(197,3,1,73)
w(103,3,1,73)
w(23,5,1,73)
r(259,7,1,73)
r(107,1,1,73)
w(335,4,1,73)
w(90,5,1,73)
r(305,1,1,73)
r(47,3,1,73)
r(257,2,1,73)
w(240,2,1,73)
w(300,3,1,73)
w(197,5,1,73)
r(220,2,1,73)
w(175,2,1,73)
w(22,5,1,73)
w(41,5,1,73)
w(354,5,1,73)
r(349,4,1,73)
r(80,1,1,73)
r(94,5,1,73)
r(85,6,1,73)
r(329,4,1,73)
r(341,6,2,74)
w(202,3,2,74)
r(73,2,2,74)
w(37,11,2,74)
r(236,3,2,74)
r(339,7,2,74)
r(158,4,2,74)
r(55,10,2,74)
r(116,7,2,74)
w(140,5,2,74)
r(20,3,2,74)
w(314,11,2,74)
r(124,6,2,74)
w(130,6,2,74)
w(269,3,2,74)
r(308,8,2,74)
w(284,4,2,74)
w(185,4,2,74)
r(21,1,2,74)
r(267,2,2,74)
w(281,11,2,74)
w(302,11,2,74)
w(254,5,2,74)
r(197,4,2,74)
w(122,7,2,74)
w(354,8,2,74)
w(359,3,2,74)
r(269,3,2,74)
r(248,5,2,74)
w(15,5,2,74)
r(53,1,2,74)
w(99,4,2,74)
w(11,4,2,74)
r(231,4,2,74)
r(164,1,2,74)
r(112,3,2,74)
r(149,2,2,74)
w(290,7,2,74)
r(35,4,2,74)
w(15,4,2,74)
r(351,8,3,75)
w(142,4,3,75)
w(305,2,3,75)
r(185,3,3,75)
w(208,8,3,75)
w(300,7,3,75)
w(226,4,3,75)
w(234,11,3,75)
r(268,2,3,75)
r(317,5,3,75)
r(113,2,3,75)
r(265,13,3,75)
w(109,11,3,75)
r(168,1,3,75)
w(278,7,3,75)
w(39,5,3,75)
w(1,4,3,75)
r(82,1,3,75)
w(196,7,3,75)
r(355,7,3,75)
r(43,6,3,75)
r(278,7,3,75)
w(8,8,4,76)
r(106,6,4,76)
r(176,1,4,76)
w(337,6,4,76)
r(53,1,4,76)
w(17,7,4,76)
r(280,13,4,76)
r(235,12,4,76)
w(5,11,4,76)
r(23,5,4,76)
r(264,6,4,76)
r(125,8,4,76)
w(168,7,4,76)
w(59,6,4,76)
w(67,11,4,76)
w(346,10,4,76)
r(76,4,4,76)
w(61,15,4,76)
w(125,14,4,76)
w(152,10,4,76)
w(359,7,4,76)
w(257,10,4,76)
w(12,11,4,76)
w(279,6,4,76)
r(137,1,4,76)
r(340,1,4,76)
w(202,7,4,76)
r(357,3,4,76)
r(125,14,4,76)
w(282,9,4,76)
r(50,2,4,76)
w(65,10,4,76)
r(272,5,4,76)
r(144,3,4,76)
w(304,5,4,76)
w(4,11,4,76)
r(260,5,4,76)
w(181,6,4,76)
r(109,4,4,76)
r(294,1,5,77)
r(143,4,5,77)
r(152,16,5,77)
r(176,5,5,77)
w(160,7,5,77)
w(100,8,5,77)
r(159,14,5,77)
w(274,8,5,77)
w(278,13,5,77)
w(282,13,5,77)
w(234,14,5,77)
r(81,4,5,77)
w(205,7,5,77)
w(220,14,5,77)
r(295,3,5,77)
w(117,11,5,77)
w(215,11,5,77)
w(84,6,5,77)
r(76,2,5,77)
r(316,1,6,78)
r(105,7,6,78)
w(150,9,6,78)
r(326,5,1,79)
r(343,1,1,79)
r(316,1,1,79)
r(344,6,1,79)
w(63,2,1,79)
w(18,3,1,79)
r(296,4,1,79)
w(297,4,1,79)
w(35,4,1,79)
r(272,5,1,79)
w(12,2,1,79)
w(63,3,1,79)
w(70,3,1,79)
w(50,2,1,79)
w(112,3,1,79)
r(107,1,1,79)
r(1,3,1,79)
r(287,1,1,79)
r(239,2,1,79)
w(7,3,1,79)
w(325,2,1,79)
r(137,1,1,79)
w(281,3,1,79)
r(338,10,1,79)
r(81,9,1,79)
r(82,1,1,79)
r(327,1,1,79)
r(191,2,1,79)
r(283,6,1,79)
r(21,1,1,79)
w(186,2,1,79)
r(171,8,1,79)
w(217,3,1,79)
w(48,3,1,79)
w(320,2,1,79)
r(255,11,1,79)
r(171,8,1,79)
w(357,3,1,79)
w(262,3,1,79)
r(288,4,1,79)
r(301,1,2,80)
r(209,9,2,80)
w(143,5,2,80)
w(52,3,2,80)
w(64,5,2,80)
r(125,8,2,80)
r(224,11,2,80)
w(211,5,2,80)
r(37,11,2,80)
w(119,7,2,80)
r(169,2,3,81)
r(61,13,3,81)
w(179,7,3,81)
w(1,7,3,81)
r(92,4,3,81)
w(349,2,3,81)
w(131,3,3,81)
r(207,4,3,81)
r(125,8,3,81)
r(35,4,3,81)
r(348,11,3,81)
r(327,1,3,81)
w(170,7,3,81)
w(325,11,3,81)
w(169,11,3,81)
w(40,11,3,81)
r(314,11,3,81)
w(250,8,3,81)
r(110,2,3,81)
r(74,4,3,81)
r(28,10,3,81)
r(148,7,3,81)
w(353,4,3,81)
w(112,8,3,81)
w(81,6,3,81)
w(90,7,3,81)
r(315,2,3,81)
w(194,3,3,81)
w(141,6,3,81)
r(270,6,3,81)
r(235,12,3,81)
w(36,3,3,81)
w(309,8,3,81)
w(318,4,3,81)
r(148,7,3,81)
r(125,8,3,81)
r(74,4,3,81)
w(193,5,3,81)
r(40,11,3,81)
r(331,15,3,81)
r(104,1,4,82)
w(239,3,4,82)
r(295,3,4,82)
r(53,1,4,82)
r(149,2,4,82)
w(342,7,4,82)
w(7,6,4,82)
w(242,4,4,82)
w(291,10,4,82)
r(62,7,4,82)
r(201,5,4,82)
r(78,5,4,82)
w(173,11,4,82)
w(115,14,4,82)
r(71,1,4,82)
w(86,10,4,82)
w(345,14,4,82)
r(324,5,4,82)
w(248,7,4,82)
r(340,1,4,82)
w(41,6,4,82)
r(11,4,4,82)
w(317,6,4,82)
w(322,11,4,82)
r(261,7,4,82)
r(238,10,4,82)
w(129,10,4,82)
w(267,7,4,82)
w(319,10,4,82)
w(2,6,4,82)
w(189,7,4,82)
w(264,9,4,82)
r(266,7,4,82)
r(45,5,4,82)
r(285,2,4,82)
w(197,10,4,82)
r(5,7,4,82)
w(39,4,4,82)
w(242,7,4,82)
w(345,13,4,82)
r(323,5,5,83)
r(101,11,5,83)
w(67,8,5,83)
w(149,6,5,83)
w(192,11,5,83)
w(112,13,5,83)
r(108,5,5,83)
r(98,3,5,83)
r(245,7,5,83)
w(245,6,5,83)
r(255,10,5,83)
w(319,13,5,83)
w(204,8,5,83)
r(38,7,5,83)
w(163,13,5,83)
r(36,3,5,83)
r(205,11,5,83)
r(10,6,5,83)
r(236,11,5,83)
w(245,8,5,83)
r(167,4,5,83)
r(57,7,5,83)
r(34,7,5,83)
r(240,2,5,83)
r(183,4,5,83)
w(62,8,5,83)
r(285,2,5,83)
r(217,3,5,83)
w(315,7,5,83)
r(277,4,5,83)
w(120,11,5,83)
w(268,11,5,83)
w(219,16,5,83)
w(106,8,5,83)
r(321,6,5,83)
r(20,3,5,83)
r(18,15,5,83)
w(204,10,5,83)
r(269,3,5,83)
w(137,10,5,83)
r(198,13,6,84)
w(160,8,6,84)
r(324,5,6,84)
r(101,11,6,84)
r(80,1,6,84)
w(159,14,6,84)
w(152,16,6,84)
w(67,9,6,84)
w(188,8,6,84)
r(53,1,6,84)
w(349,6,6,84)
r(300,3,6,84)
r(5,7,6,84)
r(144,3,6,84)
w(230,14,6,84)
r(111,9,6,84)
r(206,11,6,84)
w(126,15,6,84)
w(57,7,6,84)
w(349,8,6,84)
w(284,10,6,84)
w(190,9,6,84)
w(253,14,6,84)
r(23,5,6,84)
r(74,4,6,84)
r(106,6,6,84)
w(263,9,6,84)
r(177,3,6,84)
w(274,9,6,84)
w(96,8,6,84)
r(158,4,6,84)
r(247,1,6,84)
r(155,8,6,84)
r(359,3,6,84)
r(2,6,6,84)
w(315,11,6,84)
w(200,10,6,84)
r(277,14,6,84)
r(177,3,6,84)
r(228,5,6,84)
w(232,3,1,85)
r(262,3,1,85)
r(113,2,1,85)
r(145,8,1,85)
r(273,1,1,85)
w(350,3,1,85)
r(131,1,1,85)
r(318,1,1,85)
r(276,1,1,85)
r(167,4,1,85)
r(344,6,1,85)
w(118,2,1,85)
w(201,5,1,85)
r(355,7,1,85)
w(173,2,1,85)
w(110,2,1,85)
w(197,4,1,85)
w(307,5,1,85)
w(259,5,1,85)
w(358,2,1,85)
w(94,4,1,85)
r(354,5,1,85)
r(185,3,1,85)
w(285,2,1,85)
r(319,1,1,85)
r(187,3,1,85)
w(2,3,1,85)
w(130,5,1,85)
r(45,5,1,85)
r(180,4,1,85)
w(299,3,1,85)
w(115,5,1,85)
w(118,3,1,85)
w(180,3,1,85)
r(236,3,1,85)
w(121,2,1,85)
r(159,2,1,85)
r(290,5,1,85)
r(120,8,1,85)
r(183,11,1,85)
w(346,7,2,86)
r(92,4,2,86)
w(167,7,2,86)
r(102,1,2,86)
r(211,8,2,86)
w(206,3,2,86)
w(55,5,2,86)
w(302,6,2,86)
r(140,5,2,86)
r(79,6,2,86)
w(326,2,2,86)
r(299,3,2,86)
r(173,11,2,86)
r(285,2,2,86)
w(61,11,2,86)
w(214,4,2,86)
w(33,3,2,86)
r(170,7,2,86)
w(234,3,2,86)
w(145,4,2,86)
r(114,2,2,86)
w(216,7,2,86)
r(112,8,2,86)
r(27,11,2,86)
w(92,3,2,86)
w(183,5,2,86)
r(258,10,2,86)
w(172,5,2,86)
r(10,6,2,86)
w(234,5,2,86)
w(102,3,2,86)
w(9,5,2,86)
w(193,4,3,87)
w(279,7,3,87)
w(8,7,3,87)
r(324,5,3,87)
w(280,6,3,87)
w(177,11,3,87)
w(70,6,3,87)
w(202,4,3,87)
r(247,1,3,87)
w(344,8,3,87)
w(288,6,3,87)
r(203,1,3,87)
w(125,13,4,88)
w(79,4,4,88)
w(178,11,4,88)
w(224,8,4,88)
w(282,14,4,88)
r(83,1,4,88)
r(330,4,4,88)
r(309,8,4,88)
w(24,9,4,88)
r(77,5,4,88)
r(313,2,4,88)
w(92,7,4,88)
w(17,11,4,88)
w(137,11,4,88)
w(330,11,4,88)
w(158,11,4,88)
r(37,11,4,88)
r(125,13,4,88)
r(97,4,4,88)
r(127,5,4,88)
w(88,11,4,88)
w(115,13,4,88)
r(358,2,4,88)
r(215,5,4,88)
w(353,6,4,88)
w(277,13,4,88)
w(355,11,4,88)
w(125,15,4,88)
w(197,9,4,88)
w(64,4,4,88)
r(53,1,5,89)
w(52,14,5,89)
r(79,5,5,89)
w(338,14,5,89)
r(94,8,5,89)
w(177,8,5,89)
w(235,17,5,89)
w(9,9,5,89)
w(267,6,5,89)
r(325,10,5,89)
w(160,11,5,89)
r(222,14,5,89)
r(242,5,5,89)
r(19,6,5,89)
r(156,14,5,89)
w(97,16,5,89)
w(59,8,5,89)
r(197,10,5,89)
r(44,11,5,89)
r(311,7,5,89)
r(55,4,5,89)
w(157,10,5,89)
r(232,3,6,90)
r(182,8,6,90)
r(326,5,6,90)
w(259,10,6,90)
w(130,16,6,90)
w(51,8,6,90)
w(270,9,6,90)
r(163,6,6,90)
r(268,2,6,90)
w(79,8,6,90)
r(234,2,6,90)
r(187,3,6,90)
r(356,4,6,90)
r(341,6,6,90)
w(2,15,6,90)
w(297,16,6,90)
w(97,12,6,90)
w(276,6,6,90)
w(292,14,6,90)
r(31,7,6,90)
r(103,3,6,90)
w(32,8,6,90)
r(13,1,6,90)
w(234,15,6,90)
r(261,7,6,90)
r(99,4,6,90)
w(16,10,6,90)
r(279,8,6,90)
r(34,5,6,90)
r(236,3,6,90)
r(290,7,6,90)
w(9,13,6,90)
w(141,9,6,90)
r(223,5,6,90)
w(79,10,6,90)
w(120,9,6,90)
r(56,11,6,90)
w(354,16,6,90)
w(256,8,6,90)
w(67,14,6,90)
w(227,5,1,91)
w(98,5,1,91)
r(305,1,1,91)
w(298,5,1,91)
w(222,5,1,91)
w(127,2,1,91)
r(276,1,1,91)
r(222,5,1,91)
r(318,1,1,91)
w(293,2,1,91)
r(144,3,1,91)
r(265,13,1,91)
r(136,7,1,91)
w(125,5,1,91)
r(161,11,1,91)
w(292,4,2,92)
w(213,5,2,92)
r(309,8,2,92)
r(251,4,2,92)
r(245,5,2,92)
r(158,4,2,92)
w(6,4,2,92)
r(331,15,2,92)
w(35,7,2,92)
r(322,11,2,92)
w(55,4,2,92)
r(196,3,2,92)
w(75,5,2,92)
w(183,4,2,92)
w(323,3,2,92)
w(211,4,2,92)
w(271,7,2,92)
r(278,6,2,92)
w(77,4,2,92)
w(134,3,2,92)
r(249,7,2,92)
w(258,5,2,92)
r(13,1,2,92)
w(323,5,2,92)
r(287,1,2,92)
r(159,2,2,92)
r(259,5,2,92)
w(318,5,2,92)
w(35,11,2,92)
r(81,6,2,92)
w(302,8,2,92)
r(68,2,2,92)
r(335,4,2,92)
r(31,7,2,92)
r(216,3,2,92)
w(143,4,2,92)
r(220,2,2,92)
r(48,3,2,92)
r(54,2,2,92)
r(129,10,2,92)
r(39,4,3,93)
w(171,6,3,93)
r(200,5,3,93)
w(105,11,3,93)
w(61,9,3,93)
w(13,5,3,93)
r(68,2,4,94)
r(190,9,4,94)
r(233,7,4,94)
r(226,2,4,94)
w(310,7,4,94)
w(339,14,4,94)
w(47,8,4,94)
w(174,5,4,94)
r(102,1,4,94)
w(129,9,4,94)
w(37,14,4,94)
w(162,7,4,94)
r(240,2,4,94)
w(181,8,4,94)
r(82,1,4,94)
r(76,4,4,94)
w(223,11,4,94)
w(157,6,4,94)
r(279,8,4,94)
r(68,2,4,94)
r(268,2,4,94)
r(175,2,4,94)
r(137,1,4,94)
r(119,1,4,94)
r(11,4,4,94)
w(85,8,4,94)
w(274,7,4,94)
r(349,8,4,94)
r(229,1,4,94)
r(286,3,4,94)
w(325,10,4,94)
r(277,14,4,94)
r(202,3,4,94)
r(149,2,4,94)
w(290,8,4,94)
w(237,8,4,94)
w(335,6,4,94)
w(219,13,4,94)
w(156,10,4,94)
r(337,7,4,94)
r(208,7,5,95)
w(157,9,5,95)
r(346,4,5,95)
r(344,9,5,95)
w(281,12,5,95)
w(253,10,5,95)
r(222,14,5,95)
r(67,8,5,95)
r(319,12,5,95)
w(62,10,5,95)
w(79,11,5,95)
r(13,11,5,95)
w(164,14,5,95)
w(227,8,5,95)
r(306,8,5,95)
r(301,4,5,95)
w(151,8,5,95)
w(232,10,5,95)
r(297,16,5,95)
r(13,11,5,95)
r(260,5,5,95)
w(47,9,5,95)
w(313,10,5,95)
r(15,4,5,95)
r(258,5,5,95)
r(108,7,5,95)
w(214,10,5,95)
w(296,6,5,95)
r(206,7,5,95)
w(144,10,5,95)
w(320,6,5,95)
r(19,6,5,95)
w(33,10,5,95)
r(287,1,5,95)
r(8,2,5,95)
w(269,8,5,95)
r(242,5,5,95)
r(154,11,5,95)
w(47,14,5,95)
w(169,9,5,95)
w(267,9,6,96)
r(342,7,6,96)
w(128,13,6,96)
w(240,14,6,96)
w(51,10,6,96)
w(159,13,6,96)
r(89,5,6,96)
w(96,10,6,96)
w(149,10,6,96)
r(17,4,6,96)
r(215,5,6,96)
r(37,14,6,96)
r(25,2,6,96)
w(246,9,6,96)
w(293,16,6,96)
r(10,6,6,96)
w(164,15,6,96)
r(336,7,6,96)
r(266,7,6,96)
r(168,4,6,96)
w(125,19,6,96)
w(113,10,6,96)
r(349,8,6,96)
w(317,13,6,96)
w(198,5,1,97)
r(2,3,1,97)
r(135,1,1,97)
w(265,5,1,97)
r(32,2,1,97)
w(352,5,1,97)
w(163,5,1,97)
r(18,3,1,97)
w(331,2,1,97)
r(340,1,1,97)
w(340,2,1,97)
w(235,11,1,97)
r(53,1,1,97)
r(293,4,1,97)
w(39,2,1,97)
r(344,6,1,97)
w(45,3,1,97)
r(15,4,1,97)
w(82,2,1,97)
w(83,2,1,97)
r(28,10,1,97)
r(65,1,1,97)
w(273,2,1,97)
w(314,2,1,97)
r(130,6,1,97)
r(102,1,1,97)
w(150,5,1,97)
r(29,2,1,97)
w(177,5,1,97)
w(3,3,1,97)
r(308,8,1,97)
w(161,3,1,97)
w(167,5,1,97)
r(87,4,1,97)
w(270,3,1,97)
w(238,2,1,97)
r(214,3,1,97)
w(216,11,2,98)
r(280,13,2,98)
r(115,14,2,98)
r(73,2,2,98)
w(281,8,2,98)
w(288,7,2,98)
w(57,3,2,98)
w(300,4,2,98)
r(333,3,2,98)
r(240,2,2,98)
w(135,4,2,98)
w(80,3,2,98)
r(193,5,2,98)
w(19,5,2,98)
r(332,1,2,98)
r(292,14,2,98)
r(147,14,2,98)
w(75,4,2,98)
r(188,3,2,98)
r(245,5,2,98)
r(83,1,2,98)
r(235,12,2,98)
w(3,7,2,98)
w(192,4,2,98)
w(339,11,2,98)
r(258,5,2,98)
w(268,4,2,98)
w(11,7,2,98)
w(288,11,2,98)
r(191,2,2,98)
w(191,7,2,98)
w(277,6,2,98)
r(159,14,2,98)
r(53,1,2,98)
r(199,6,2,98)
w(257,4,2,98)
r(219,13,2,98)
r(297,16,2,98)
w(187,5,2,98)
r(243,9,3,99)
w(95,6,3,99)
w(237,11,3,99)
w(13,4,3,99)
w(43,4,3,99)
w(211,11,3,99)
w(142,7,3,99)
w(148,11,3,99)
w(203,5,3,99)
w(115,9,3,99)
w(267,4,3,99)
r(38,7,3,99)
w(283,7,3,99)
r(205,11,3,99)
r(293,4,3,99)
w(325,6,3,99)
r(315,11,3,99)
r(137,1,3,99)
r(193,5,3,99)
r(87,4,3,99)
r(114,2,3,99)
w(194,5,3,99)
w(10,5,3,99)
w(172,11,3,99)
r(358,2,3,99)
r(179,7,3,99)
r(134,3,3,99)
r(155,8,3,99)
w(121,7,3,99)
r(164,1,3,99)
r(30,3,3,99)
w(131,5,3,99)
r(113,2,3,99)
w(241,4,3,99)
r(137,1,3,99)
r(16,10,4,100)
r(48,3,4,100)
w(298,10,4,100)
w(265,9,4,100)
w(40,10,4,100)
r(115,14,4,100)
r(223,11,4,100)
r(345,13,4,100)
r(97,12,4,100)
r(179,7,4,100)
w(264,14,4,100)
w(56,9,4,100)
w(83,8,4,100)
w(294,5,4,100)
r(168,4,4,100)
r(93,6,4,100)
r(290,8,4,100)
r(116,7,4,100)
w(347,13,4,100)
w(159,6,4,100)
r(62,7,4,100)
r(339,14,4,100)
r(128,8,4,100)
w(221,7,4,100)
r(268,2,4,100)
r(330,4,4,100)
r(58,3,4,100)
w(261,13,6,101)
r(52,15,6,101)
w(228,7,6,101)
r(183,4,6,101)
w(256,10,6,101)
w(348,9,6,101)
r(226,2,6,101)
r(79,5,6,101)
r(199,6,1,102)
w(271,3,1,102)
r(294,1,1,102)
r(75,5,1,102)
r(161,11,1,102)
w(138,3,1,102)
w(157,3,1,102)
w(272,3,1,102)
r(321,10,1,102)
r(221,1,1,102)
r(259,10,1,102)
w(152,7,1,102)
r(95,7,1,102)
r(23,14,1,102)
r(10,6,1,102)
w(330,3,1,102)
w(110,3,1,102)
r(243,9,1,102)
w(340,3,1,102)
w(343,2,1,102)
w(78,3,1,102)
r(223,11,1,102)
r(279,8,1,102)
r(65,1,1,102)
r(180,10,1,102)
r(124,6,2,103)
r(35,9,2,103)
r(96,8,2,103)
r(271,7,2,103)
r(179,7,2,103)
r(197,10,2,103)
w(157,4,2,103)
r(145,10,2,103)
w(7,5,2,103)
r(332,1,2,103)
r(337,7,2,103)
w(172,4,2,103)
r(194,3,2,103)
r(179,7,2,103)
r(184,15,2,103)
r(356,4,2,103)
r(199,6,2,103)
w(176,5,2,103)
w(81,4,2,103)
w(219,4,2,103)
r(234,15,2,103)
w(245,7,2,103)
w(345,6,2,103)
r(92,4,2,103)
w(169,4,2,103)
w(198,4,2,103)
r(253,14,2,103)
w(210,7,2,103)
r(154,11,2,103)
r(307,5,2,103)
r(209,9,2,103)
w(33,5,2,103)
r(108,5,2,103)
w(324,11,2,103)
r(274,7,2,103)
r(262,3,2,103)
r(192,1,2,103)
r(251,4,2,103)
r(269,3,2,103)
r(281,9,2,103)
w(282,6,3,104)
w(343,4,3,104)
w(331,8,3,104)
r(25,2,3,104)
w(281,9,3,104)
r(219,13,3,104)
w(322,7,3,104)
r(44,6,3,104)
r(68,2,3,104)
w(116,5,3,104)
r(289,11,3,104)
w(155,4,3,104)
w(352,8,3,104)
r(166,13,3,104)
r(352,8,3,104)
r(98,3,3,104)
r(161,11,3,104)
w(313,4,3,104)
w(198,6,3,104)
w(34,7,3,104)
w(106,3,3,104)
w(276,3,3,104)
r(177,3,3,104)
r(28,10,3,104)
r(280,13,3,104)
w(155,7,3,104)
r(10,6,3,104)
r(319,10,3,104)
r(46,2,3,104)
w(348,4,3,104)
r(39,4,3,104)
r(210,2,3,104)
w(156,8,3,104)
r(256,8,3,104)
w(237,6,3,104)
w(79,5,3,104)
w(354,9,3,104)
r(150,10,3,104)
w(278,11,3,104)
r(277,14,3,104)
r(307,5,4,105)
w(80,11,4,105)
r(68,2,4,105)
w(122,6,4,105)
w(306,8,4,105)
r(15,4,4,105)
w(104,3,4,105)
w(227,7,4,105)
r(347,10,4,105)
r(45,10,4,105)
w(347,15,4,105)
r(238,10,4,105)
r(78,5,4,105)
r(314,11,4,105)
r(171,3,4,105)
w(321,6,4,105)
r(240,2,4,105)
w(359,11,4,105)
w(172,6,4,105)
r(44,6,4,105)
w(265,14,4,105)
r(59,2,4,105)
w(35,9,4,105)
r(153,3,4,105)
w(84,7,4,105)
r(263,3,4,105)
w(110,8,4,105)
r(325,10,4,105)
r(2,15,4,105)
w(301,7,4,105)
r(315,11,4,105)
r(285,2,4,105)
r(52,15,4,105)
r(142,10,4,105)
w(196,6,4,105)
r(83,1,4,105)
w(97,14,4,105)
r(329,4,4,105)
r(197,10,4,105)
r(19,10,4,105)
w(230,13,6,106)
r(280,13,6,106)
w(165,4,6,106)
w(147,12,6,106)
r(128,8,6,106)
r(354,9,6,106)
r(219,4,6,106)
w(350,9,6,106)
r(288,4,6,106)
r(128,8,6,106)
r(95,2,6,106)
w(346,4,1,107)
w(74,2,1,107)
w(151,3,1,107)
w(99,3,1,107)
r(70,3,1,107)
w(175,5,1,107)
r(277,14,1,107)
w(95,2,1,107)
w(93,3,1,107)
r(87,4,1,107)
w(86,3,1,107)
r(144,3,1,107)
r(214,3,1,107)
w(263,3,1,107)
r(302,8,1,107)
r(99,3,1,107)
w(76,2,1,107)
w(188,3,1,107)
r(326,5,1,107)
r(223,11,1,107)
w(170,3,1,107)
r(14,1,1,107)
r(227,3,1,107)
w(333,3,1,107)
w(312,5,1,107)
w(320,3,1,107)
w(308,5,1,107)
w(30,2,1,107)
r(42,3,1,107)
w(177,4,1,107)
r(234,15,1,107)
w(277,4,1,107)
w(232,5,1,107)
r(269,3,1,107)
w(211,2,1,107)
r(335,6,1,107)
r(95,2,1,107)
r(2,15,1,107)
w(171,3,1,107)
r(58,3,1,107)
r(2,15,2,108)
w(202,5,2,108)
r(74,2,2,108)
r(157,4,2,108)
w(253,3,2,108)
w(230,5,2,108)
r(216,3,2,108)
w(347,9,2,108)
r(129,9,2,108)
w(84,4,2,108)
r(40,11,2,108)
w(283,3,2,108)
r(96,8,2,108)
w(97,7,2,108)
w(214,7,2,108)
r(58,3,2,108)
w(118,11,2,108)
r(342,7,2,108)
w(180,7,2,108)
w(103,11,2,108)
r(75,5,2,108)
w(156,11,2,108)
r(190,9,2,108)
w(164,5,2,108)
r(3,10,2,108)
r(216,3,2,108)
w(69,5,2,108)
r(114,2,2,108)
r(105,7,2,108)
w(297,11,2,108)
r(135,1,2,108)
r(302,8,2,108)
w(110,7,2,108)
r(313,4,2,108)
r(118,11,2,108)
r(82,1,3,109)
r(232,5,3,109)
r(259,10,3,109)
r(268,2,3,109)
w(177,6,3,109)
r(298,14,3,109)
r(5,7,3,109)
r(250,8,3,109)
w(221,4,3,109)
r(271,7,3,109)
w(247,5,3,109)
r(274,7,3,109)
w(48,7,3,109)
r(118,3,3,109)
w(284,11,3,109)
w(238,6,3,109)
r(339,14,3,109)
r(110,8,3,109)
r(59,2,3,109)
w(311,6,3,109)
r(229,1,3,109)
r(40,11,3,109)
r(33,1,3,109)
r(185,4,3,109)
w(94,8,3,109)
r(230,14,3,109)
r(146,10,3,109)
r(338,10,3,109)
w(186,11,3,109)
w(256,11,3,109)
r(182,13,3,109)
w(264,8,3,109)
w(338,7,3,109)
r(194,3,3,109)
r(15,4,3,109)
r(130,16,3,109)
r(265,14,3,109)
r(124,6,3,109)
w(218,3,3,109)
r(14,1,3,109)
r(76,2,4,110)
w(74,11,4,110)
r(262,3,4,110)
r(105,7,4,110)
r(98,3,4,110)
r(207,4,4,110)
w(65,9,4,110)
w(154,4,4,110)
w(76,14,4,110)
w(323,6,4,110)
r(76,14,4,110)
w(186,10,4,110)
r(208,7,4,110)
w(174,4,4,110)
w(29,9,4,110)
r(326,5,4,110)
r(261,7,4,110)
r(178,2,4,110)
w(6,9,4,110)
r(232,5,4,110)
r(102,1,4,110)
w(328,8,4,110)
r(163,6,4,110)
w(27,6,4,110)
r(42,3,4,110)
w(306,10,4,110)
w(86,9,4,110)
w(299,6,4,110)
w(184,6,4,110)
w(125,16,4,110)
r(347,12,4,110)
w(286,6,4,110)
w(162,11,4,110)
r(286,6,4,110)
r(309,8,4,110)
w(325,9,4,110)
r(50,2,4,110)
r(121,2,4,110)
w(96,9,6,111)
r(68,2,6,111)
r(219,4,6,111)
r(172,4,6,111)
w(262,9,6,111)
w(71,8,6,111)
r(172,4,6,111)
r(30,2,6,111)
w(109,12,6,111)
r(321,6,6,111)
r(188,3,6,111)
r(295,3,6,111)
r(191,2,6,111)
w(86,16,6,111)
r(294,1,6,111)
w(304,11,6,111)
w(287,8,6,111)
w(359,10,6,111)
r(126,15,6,111)
r(182,13,6,111)
w(148,15,6,111)
r(286,3,6,111)
r(264,8,6,111)
r(325,10,6,111)
w(220,15,6,111)
w(57,11,6,111)
w(333,10,6,111)
r(355,10,6,111)
w(258,14,6,111)
r(352,8,6,111)
w(190,14,6,111)
w(171,14,6,111)
r(96,9,6,111)
r(219,4,6,111)
w(183,3,1,112)
r(233,7,1,112)
r(270,9,1,112)
w(159,5,1,112)
w(339,3,1,112)
r(284,11,1,112)
w(63,5,1,112)
w(59,3,1,112)
r(214,3,1,112)
w(241,2,1,112)
w(76,3,1,112)
r(146,10,1,112)
w(280,5,1,112)
w(22,4,1,112)
w(285,3,1,112)
w(194,2,1,112)
r(267,7,1,112)
w(146,3,1,112)
w(112,5,1,112)
r(258,5,1,112)
w(152,11,1,112)
w(351,5,1,112)
w(163,4,1,112)
w(331,3,1,112)
w(172,3,1,112)
r(35,9,1,112)
r(178,2,1,112)
w(23,7,1,112)
r(62,7,1,112)
r(45,10,1,112)
r(236,3,1,112)
r(107,1,1,112)
w(285,7,2,113)
w(187,4,2,113)
w(342,3,2,113)
r(89,5,2,113)
r(258,5,2,113)
w(29,4,2,113)
r(74,2,2,113)
w(145,7,2,113)
r(304,3,2,113)
r(357,8,2,113)
w(298,4,2,113)
w(167,11,2,113)
r(308,5,2,113)
r(265,14,2,113)
w(43,3,2,113)
r(9,13,2,113)
w(130,8,2,113)
w(24,4,2,113)
r(276,3,2,113)
w(171,11,2,113)
r(163,6,2,113)
w(40,4,2,113)
w(352,11,2,113)
r(17,4,2,113)
r(346,4,2,113)
w(279,11,3,114)
w(185,9,3,114)
r(151,3,3,114)
r(318,5,3,114)
r(265,14,3,114)
r(131,3,3,114)
w(242,5,3,114)
r(171,3,3,114)
w(216,9,3,114)
r(228,5,3,114)
r(193,5,3,114)
w(82,5,3,114)
w(214,11,3,114)
r(277,4,3,114)
w(246,6,3,114)
w(142,11,3,114)
r(153,3,3,114)
w(135,11,3,114)
r(78,8,3,114)
w(11,11,3,114)
w(338,11,3,114)
w(166,7,3,114)
r(246,6,3,114)
r(350,3,3,114)
r(314,13,3,114)
r(354,9,3,114)
r(107,1,3,114)
r(39,4,3,114)
w(178,4,3,114)
w(314,10,3,114)
w(68,11,3,114)
r(303,6,3,114)
r(137,8,3,114)
r(120,9,3,114)
w(243,11,3,114)
r(327,1,3,114)
r(23,14,3,114)
w(71,5,3,114)
w(357,8,3,114)
w(109,6,3,114)
w(19,6,4,115)
w(348,8,4,115)
w(86,14,4,115)
w(246,10,4,115)
w(213,7,4,115)
w(126,9,4,115)
r(151,3,4,115)
r(332,1,4,115)
r(79,5,4,115)
w(114,8,4,115)
r(149,2,4,115)
r(170,3,4,115)
w(52,9,4,115)
r(76,2,4,115)
w(182,10,4,115)
r(116,5,4,115)
r(67,14,4,115)
r(37,14,4,115)
r(42,3,4,115)
w(236,11,4,115)
w(130,13,4,115)
r(107,1,4,115)
r(216,9,4,115)
w(231,7,4,115)
r(137,8,4,115)
w(51,11,4,115)
w(162,6,4,115)
r(21,9,4,115)
r(217,3,4,115)
w(169,10,4,115)
w(302,9,4,115)
r(127,5,4,115)
r(108,5,4,115)
w(156,14,4,115)
w(189,6,4,115)
r(162,6,4,115)
w(206,6,4,115)
w(225,6,4,115)
w(32,11,4,115)
r(4,2,4,115)
r(212,2,6,116)
r(295,3,6,116)
r(253,14,6,116)
r(201,4,6,116)
w(88,15,6,116)
w(190,13,6,116)
r(231,7,6,116)
r(292,14,6,116)
w(269,14,6,116)
w(312,15,6,116)
w(63,6,6,116)
r(173,11,6,116)
r(194,3,6,116)
r(259,10,6,116)
r(92,4,6,116)
w(218,4,6,116)
r(154,11,6,116)
w(319,12,6,116)
r(237,6,6,116)
w(291,16,6,116)
r(284,11,6,116)
w(204,15,6,116)
r(331,13,6,116)
w(22,13,6,116)
w(245,13,6,116)
w(345,12,6,116)
w(274,14,6,116)
r(107,1,6,116)
r(319,12,6,116)
w(139,8,6,116)
r(172,4,6,116)
r(247,5,6,116)
r(171,3,6,116)
r(46,2,6,116)
r(238,6,6,116)
w(33,13,6,116)
w(72,14,6,116)
w(202,10,6,116)
r(106,8,6,116)
r(180,10,6,116)
w(113,3,1,117)
r(303,6,1,117)
w(24,5,1,117)
r(181,8,1,117)
w(101,2,1,117)
r(231,4,1,117)
r(173,11,1,117)
w(339,5,1,117)
r(194,3,1,117)
r(170,3,1,117)
r(27,11,1,117)
w(161,5,1,117)
w(300,5,1,117)
r(292,14,1,117)
r(310,7,1,117)
r(283,6,1,117)
r(58,3,1,117)
w(264,11,2,118)
w(230,4,2,118)
r(356,4,2,118)
w(285,11,2,118)
r(222,14,2,118)
w(162,3,2,118)
w(47,7,2,118)
r(118,3,2,118)
r(129,9,2,118)
w(274,3,2,118)
r(2,15,2,118)
r(81,4,2,118)
w(86,4,2,118)
r(175,5,2,118)
w(201,4,2,118)
w(164,4,2,118)
r(200,10,2,118)
r(172,4,2,118)
r(295,3,2,118)
w(177,7,2,118)
w(99,7,2,118)
r(357,8,2,118)
r(112,13,2,118)
r(75,5,2,118)
w(121,4,2,118)
r(191,2,2,118)
r(268,11,2,118)
r(106,8,2,118)
r(122,6,2,118)
r(202,3,2,118)
w(36,2,2,118)
w(100,3,2,118)
w(311,7,2,118)
r(323,5,2,118)
w(144,5,2,118)
r(19,6,2,118)
w(61,6,2,118)
r(36,2,2,118)
w(139,3,2,118)
r(108,5,2,118)
w(36,5,3,119)
w(348,7,3,119)
r(59,2,3,119)
w(60,6,3,119)
r(219,16,3,119)
r(14,1,3,119)
r(80,11,3,119)
w(118,13,3,119)
w(108,7,3,119)
w(47,6,3,119)
r(350,3,3,119)
r(9,13,3,119)
w(277,9,3,119)
w(143,11,3,119)
w(317,7,3,119)
r(244,7,3,119)
w(40,6,3,119)
r(80,11,3,119)
r(341,6,3,119)
w(186,6,3,119)
w(308,6,3,119)
r(231,7,3,119)
w(293,7,3,119)
w(301,4,3,119)
w(323,7,3,119)
r(57,7,3,119)
r(340,1,3,119)
w(80,7,3,119)
r(279,11,3,119)
w(7,11,3,119)
r(326,5,3,119)
r(314,10,3,119)
w(219,8,3,119)
r(6,4,3,119)
w(352,10,3,119)
w(164,11,3,119)
w(243,6,3,119)
w(123,8,3,119)
r(129,9,3,119)
w(206,7,3,119)
w(166,8,4,120)
r(235,12,4,120)
r(90,7,4,120)
w(334,6,4,120)
w(102,5,4,120)
w(229,4,4,120)
w(33,7,4,120)
w(305,3,4,120)
w(281,15,4,120)
r(21,9,4,120)
r(32,11,4,120)
w(88,6,4,120)
r(266,7,4,120)
r(349,8,4,120)
w(222,9,4,120)
r(265,14,4,120)
w(91,8,4,120)
w(67,6,4,120)
w(258,8,4,120)
w(150,6,4,120)
r(210,7,4,120)
w(278,10,4,120)
r(63,3,4,120)
r(313,4,4,120)
r(247,5,4,120)
w(81,10,4,120)
r(78,8,4,120)
w(318,7,4,120)
r(19,6,4,120)
r(239,6,4,120)
r(263,3,4,120)
w(170,11,4,120)
w(13,7,4,120)
w(134,8,4,120)
w(291,9,4,120)
w(39,9,6,121)
r(223,11,6,121)
r(63,6,6,121)
w(265,12,6,121)
r(139,8,6,121)
w(98,10,6,121)
w(36,8,6,121)
w(183,10,6,121)
w(294,6,6,121)
r(27,11,6,121)
r(300,10,6,121)
r(143,4,6,121)
w(357,9,6,121)
r(1,7,6,121)
r(229,1,6,121)
w(124,13,6,121)
r(34,7,6,121)
w(357,14,6,121)
w(224,9,6,121)
w(279,9,6,121)
w(92,10,6,121)
r(148,7,6,121)
w(110,9,6,121)
w(222,16,6,121)
w(13,10,6,121)
r(63,6,6,121)
w(244,5,1,122)
r(132,1,1,122)
w(344,2,1,122)
w(57,2,1,122)
r(289,11,1,122)
w(118,5,1,122)
w(21,2,1,122)
w(271,4,1,122)
w(203,2,1,122)
w(133,5,1,122)
r(357,8,1,122)
w(257,3,1,122)
w(41,4,1,122)
r(83,1,1,122)
r(316,1,1,122)
r(212,2,1,122)
w(354,4,1,122)
r(227,11,1,122)
r(288,4,1,122)
r(352,8,1,122)
w(115,4,1,122)
r(204,10,1,122)
w(155,3,1,122)
w(288,3,1,122)
r(303,6,1,122)
w(340,5,1,122)
w(133,4,1,122)
w(318,2,1,122)
r(278,11,1,122)
w(8,3,1,122)
w(236,4,1,122)
w(129,11,3,123)
w(249,3,3,123)
w(272,7,3,123)
r(2,15,3,123)
w(116,4,3,123)
r(312,15,3,123)
r(169,10,3,123)
r(202,10,3,123)
w(240,11,3,123)
w(60,8,3,123)
w(155,11,3,123)
r(135,11,3,123)
w(191,6,3,123)
r(20,3,3,123)
w(21,11,3,123)
w(126,10,3,123)
r(161,11,3,123)
r(279,11,3,123)
w(285,8,3,123)
w(262,11,3,123)
w(291,7,3,123)
r(240,11,3,123)
w(320,7,3,123)
r(209,9,3,123)
r(106,8,3,123)
r(97,14,3,123)
w(164,6,3,123)
w(209,6,3,123)
w(100,6,3,123)
w(166,11,3,123)
w(289,5,3,123)
r(33,13,3,123)
r(158,4,3,123)
w(225,11,3,123)
r(132,1,3,123)
r(259,10,3,123)
r(75,5,3,123)
r(53,1,3,123)
r(288,4,3,123)
w(25,8,3,123)
r(97,14,4,124)
r(26,5,4,124)
r(347,12,4,124)
w(34,11,4,124)
r(128,8,4,124)
r(233,7,4,124)
r(70,3,4,124)
w(337,8,4,124)
r(215,5,4,124)
r(212,2,4,124)
r(99,3,4,124)
w(338,8,4,124)
w(199,7,4,124)
w(116,3,1,125)
w(144,2,1,125)
r(48,7,1,125)
w(41,7,1,125)
w(156,5,1,125)
r(29,15,1,125)
w(171,4,1,125)
w(222,4,1,125)
r(300,10,1,125)
r(164,4,1,125)
w(274,2,1,125)
r(266,7,1,125)
w(83,3,1,125)
r(334,10,1,125)
w(41,11,1,125)
