w(1,1,0,0)
w(2,1,0,0)
w(3,1,0,0)
w(4,1,0,0)
w(5,1,0,0)
w(6,1,0,0)
w(7,1,0,0)
w(8,1,0,0)
w(9,1,0,0)
w(10,1,0,0)
w(11,1,0,0)
w(12,1,0,0)
w(13,1,0,0)
w(14,1,0,0)
w(15,1,0,0)
w(16,1,0,0)
w(17,1,0,0)
w(18,1,0,0)
w(19,1,0,0)
w(20,1,0,0)
w(21,1,0,0)
w(22,1,0,0)
w(23,1,0,0)
w(24,1,0,0)
w(25,1,0,0)
w(26,1,0,0)
w(27,1,0,0)
w(28,1,0,0)
w(29,1,0,0)
w(30,1,0,0)
w(31,1,0,0)
w(32,1,0,0)
w(33,1,0,0)
w(34,1,0,0)
w(35,1,0,0)
w(36,1,0,0)
w(37,1,0,0)
w(38,1,0,0)
w(39,1,0,0)
w(40,1,0,0)
w(41,1,0,0)
w(42,1,0,0)
w(43,1,0,0)
w(44,1,0,0)
w(45,1,0,0)
w(46,1,0,0)
w(47,1,0,0)
w(48,1,0,0)
w(49,1,0,0)
w(50,1,0,0)
w(51,1,0,0)
w(52,1,0,0)
w(53,1,0,0)
w(54,1,0,0)
w(55,1,0,0)
w(56,1,0,0)
w(57,1,0,0)
w(58,1,0,0)
w(59,1,0,0)
w(60,1,0,0)
w(61,1,0,0)
w(62,1,0,0)
w(63,1,0,0)
w(64,1,0,0)
w(65,1,0,0)
w(66,1,0,0)
w(67,1,0,0)
w(68,1,0,0)
w(69,1,0,0)
w(70,1,0,0)
w(71,1,0,0)
w(72,1,0,0)
w(73,1,0,0)
w(74,1,0,0)
w(75,1,0,0)
w(76,1,0,0)
w(77,1,0,0)
w(78,1,0,0)
w(79,1,0,0)
w(80,1,0,0)
w(81,1,0,0)
w(82,1,0,0)
w(83,1,0,0)
w(84,1,0,0)
w(85,1,0,0)
w(86,1,0,0)
w(87,1,0,0)
w(88,1,0,0)
w(89,1,0,0)
w(90,1,0,0)
w(91,1,0,0)
w(92,1,0,0)
w(93,1,0,0)
w(94,1,0,0)
w(95,1,0,0)
w(96,1,0,0)
w(97,1,0,0)
w(98,1,0,0)
w(99,1,0,0)
w(100,1,0,0)
w(101,1,0,0)
w(102,1,0,0)
w(103,1,0,0)
w(104,1,0,0)
w(105,1,0,0)
w(106,1,0,0)
w(107,1,0,0)
w(108,1,0,0)
w(109,1,0,0)
w(110,1,0,0)
w(111,1,0,0)
w(112,1,0,0)
w(113,1,0,0)
w(114,1,0,0)
w(115,1,0,0)
w(116,1,0,0)
w(117,1,0,0)
w(118,1,0,0)
w(119,1,0,0)
w(120,1,0,0)
w(121,1,0,0)
w(122,1,0,0)
w(123,1,0,0)
w(124,1,0,0)
w(125,1,0,0)
w(126,1,0,0)
w(127,1,0,0)
w(128,1,0,0)
w(129,1,0,0)
w(130,1,0,0)
w(131,1,0,0)
w(132,1,0,0)
w(133,1,0,0)
w(134,1,0,0)
w(135,1,0,0)
w(136,1,0,0)
w(137,1,0,0)
w(138,1,0,0)
w(139,1,0,0)
w(140,1,0,0)
w(141,1,0,0)
w(142,1,0,0)
w(143,1,0,0)
w(144,1,0,0)
w(145,1,0,0)
w(146,1,0,0)
w(147,1,0,0)
w(148,1,0,0)
w(149,1,0,0)
w(150,1,0,0)
w(151,1,0,0)
w(152,1,0,0)
w(153,1,0,0)
w(154,1,0,0)
w(155,1,0,0)
w(156,1,0,0)
w(157,1,0,0)
w(158,1,0,0)
w(159,1,0,0)
w(160,1,0,0)
w(161,1,0,0)
w(162,1,0,0)
w(163,1,0,0)
w(164,1,0,0)
w(165,1,0,0)
w(166,1,0,0)
w(167,1,0,0)
w(168,1,0,0)
w(169,1,0,0)
w(170,1,0,0)
w(171,1,0,0)
w(172,1,0,0)
w(173,1,0,0)
w(174,1,0,0)
w(175,1,0,0)
w(176,1,0,0)
w(177,1,0,0)
w(178,1,0,0)
w(179,1,0,0)
w(180,1,0,0)
w(181,1,0,0)
w(182,1,0,0)
w(183,1,0,0)
w(184,1,0,0)
w(185,1,0,0)
w(186,1,0,0)
w(187,1,0,0)
w(188,1,0,0)
w(189,1,0,0)
w(190,1,0,0)
w(191,1,0,0)
w(192,1,0,0)
w(193,1,0,0)
w(194,1,0,0)
w(195,1,0,0)
w(196,1,0,0)
w(197,1,0,0)
w(198,1,0,0)
w(199,1,0,0)
w(200,1,0,0)
w(201,1,0,0)
w(202,1,0,0)
w(203,1,0,0)
w(204,1,0,0)
w(205,1,0,0)
w(206,1,0,0)
w(207,1,0,0)
w(208,1,0,0)
w(209,1,0,0)
w(210,1,0,0)
w(211,1,0,0)
w(212,1,0,0)
w(213,1,0,0)
w(214,1,0,0)
w(215,1,0,0)
w(216,1,0,0)
w(217,1,0,0)
w(218,1,0,0)
w(219,1,0,0)
w(220,1,0,0)
w(221,1,0,0)
w(222,1,0,0)
w(223,1,0,0)
w(224,1,0,0)
w(225,1,0,0)
w(226,1,0,0)
w(227,1,0,0)
w(228,1,0,0)
w(229,1,0,0)
w(230,1,0,0)
w(231,1,0,0)
w(232,1,0,0)
w(233,1,0,0)
w(234,1,0,0)
w(235,1,0,0)
w(236,1,0,0)
w(237,1,0,0)
w(238,1,0,0)
w(239,1,0,0)
w(240,1,0,0)
w(241,1,0,0)
w(242,1,0,0)
w(243,1,0,0)
w(244,1,0,0)
w(245,1,0,0)
w(246,1,0,0)
w(247,1,0,0)
w(248,1,0,0)
w(249,1,0,0)
w(250,1,0,0)
w(251,1,0,0)
w(252,1,0,0)
w(253,1,0,0)
w(254,1,0,0)
w(255,1,0,0)
w(256,1,0,0)
w(257,1,0,0)
w(258,1,0,0)
w(259,1,0,0)
w(260,1,0,0)
w(261,1,0,0)
w(262,1,0,0)
w(263,1,0,0)
w(264,1,0,0)
w(265,1,0,0)
w(266,1,0,0)
w(267,1,0,0)
w(268,1,0,0)
w(269,1,0,0)
w(270,1,0,0)
w(271,1,0,0)
w(272,1,0,0)
w(273,1,0,0)
w(274,1,0,0)
w(275,1,0,0)
w(276,1,0,0)
w(277,1,0,0)
w(278,1,0,0)
w(279,1,0,0)
w(280,1,0,0)
w(281,1,0,0)
w(282,1,0,0)
w(283,1,0,0)
w(284,1,0,0)
w(285,1,0,0)
w(286,1,0,0)
w(287,1,0,0)
w(288,1,0,0)
w(289,1,0,0)
w(290,1,0,0)
w(291,1,0,0)
w(292,1,0,0)
w(293,1,0,0)
w(294,1,0,0)
w(295,1,0,0)
w(296,1,0,0)
w(297,1,0,0)
w(298,1,0,0)
w(299,1,0,0)
w(300,1,0,0)
w(301,1,0,0)
w(302,1,0,0)
w(303,1,0,0)
w(304,1,0,0)
w(305,1,0,0)
w(306,1,0,0)
w(307,1,0,0)
w(308,1,0,0)
w(309,1,0,0)
w(310,1,0,0)
w(311,1,0,0)
w(312,1,0,0)
w(313,1,0,0)
w(314,1,0,0)
w(315,1,0,0)
w(316,1,0,0)
w(317,1,0,0)
w(318,1,0,0)
w(319,1,0,0)
w(320,1,0,0)
w(321,1,0,0)
w(322,1,0,0)
w(323,1,0,0)
w(324,1,0,0)
w(325,1,0,0)
w(326,1,0,0)
w(327,1,0,0)
w(328,1,0,0)
w(329,1,0,0)
w(330,1,0,0)
w(331,1,0,0)
w(332,1,0,0)
w(333,1,0,0)
w(334,1,0,0)
w(335,1,0,0)
w(336,1,0,0)
w(337,1,0,0)
w(338,1,0,0)
w(339,1,0,0)
w(340,1,0,0)
w(341,1,0,0)
w(342,1,0,0)
w(343,1,0,0)
w(344,1,0,0)
w(345,1,0,0)
w(346,1,0,0)
w(347,1,0,0)
w(348,1,0,0)
w(349,1,0,0)
w(350,1,0,0)
w(351,1,0,0)
w(352,1,0,0)
w(353,1,0,0)
w(354,1,0,0)
w(355,1,0,0)
w(356,1,0,0)
w(357,1,0,0)
w(358,1,0,0)
w(359,1,0,0)
w(360,1,0,0)
w(361,1,0,0)
w(362,1,0,0)
w(363,1,0,0)
w(364,1,0,0)
w(365,1,0,0)
w(366,1,0,0)
w(367,1,0,0)
w(368,1,0,0)
w(369,1,0,0)
w(370,1,0,0)
w(371,1,0,0)
w(372,1,0,0)
w(373,1,0,0)
w(374,1,0,0)
w(375,1,0,0)
w(376,1,0,0)
w(377,1,0,0)
w(378,1,0,0)
w(379,1,0,0)
w(380,1,0,0)
w(381,1,0,0)
w(382,1,0,0)
w(383,1,0,0)
w(384,1,0,0)
w(385,1,0,0)
w(386,1,0,0)
w(387,1,0,0)
w(388,1,0,0)
w(389,1,0,0)
w(390,1,0,0)
w(391,1,0,0)
w(392,1,0,0)
w(393,1,0,0)
w(394,1,0,0)
w(395,1,0,0)
w(396,1,0,0)
w(397,1,0,0)
w(398,1,0,0)
w(399,1,0,0)
w(400,1,0,0)
w(401,1,0,0)
w(402,1,0,0)
w(403,1,0,0)
w(404,1,0,0)
w(405,1,0,0)
w(406,1,0,0)
w(407,1,0,0)
w(408,1,0,0)
w(409,1,0,0)
w(410,1,0,0)
w(411,1,0,0)
w(412,1,0,0)
w(413,1,0,0)
w(414,1,0,0)
w(415,1,0,0)
w(416,1,0,0)
w(417,1,0,0)
w(418,1,0,0)
w(419,1,0,0)
w(420,1,0,0)
w(421,1,0,0)
w(422,1,0,0)
w(423,1,0,0)
w(424,1,0,0)
w(425,1,0,0)
w(426,1,0,0)
w(427,1,0,0)
w(428,1,0,0)
w(429,1,0,0)
w(430,1,0,0)
w(431,1,0,0)
w(432,1,0,0)
w(433,1,0,0)
w(434,1,0,0)
w(435,1,0,0)
w(436,1,0,0)
w(437,1,0,0)
w(438,1,0,0)
w(439,1,0,0)
w(440,1,0,0)
w(441,1,0,0)
w(442,1,0,0)
w(443,1,0,0)
w(444,1,0,0)
w(445,1,0,0)
w(446,1,0,0)
w(447,1,0,0)
w(448,1,0,0)
w(449,1,0,0)
w(450,1,0,0)
w(451,1,0,0)
w(452,1,0,0)
w(453,1,0,0)
w(454,1,0,0)
w(455,1,0,0)
w(456,1,0,0)
w(457,1,0,0)
w(458,1,0,0)
w(459,1,0,0)
w(460,1,0,0)
w(461,1,0,0)
w(462,1,0,0)
w(463,1,0,0)
w(464,1,0,0)
w(465,1,0,0)
w(466,1,0,0)
w(467,1,0,0)
w(468,1,0,0)
w(469,1,0,0)
w(470,1,0,0)
w(471,1,0,0)
w(472,1,0,0)
w(473,1,0,0)
w(474,1,0,0)
w(475,1,0,0)
w(476,1,0,0)
w(477,1,0,0)
w(478,1,0,0)
w(479,1,0,0)
w(480,1,0,0)
w(187,2,1,1)
w(139,2,1,1)
r(276,1,1,1)
r(325,1,1,1)
w(241,2,1,1)
w(80,2,1,1)
r(261,1,1,1)
r(99,1,1,1)
w(263,2,1,1)
r(301,1,1,1)
w(88,2,1,1)
r(165,1,1,1)
r(356,1,1,1)
r(117,1,1,1)
w(287,2,1,1)
r(308,1,1,1)
w(54,2,1,1)
w(59,2,1,1)
r(338,1,1,1)
r(6,1,1,1)
w(236,2,2,2)
w(436,5,2,2)
r(387,1,2,2)
r(179,1,2,2)
r(167,1,2,2)
r(374,1,2,2)
r(69,1,2,2)
r(13,1,2,2)
r(273,1,2,2)
r(100,1,2,2)
w(480,4,2,2)
w(108,2,2,2)
w(294,2,2,2)
r(475,1,2,2)
w(281,5,2,2)
r(161,1,2,2)
w(185,2,2,2)
w(395,4,2,2)
r(414,1,2,2)
w(346,2,2,2)
r(183,1,3,3)
w(278,2,3,3)
r(76,1,3,3)
r(159,1,3,3)
r(260,1,3,3)
r(346,1,3,3)
w(37,2,3,3)
w(480,3,3,3)
w(4,2,3,3)
w(307,5,3,3)
w(259,5,3,3)
w(470,2,3,3)
w(87,6,3,3)
w(123,2,3,3)
r(242,1,3,3)
w(30,2,3,3)
w(244,5,3,3)
r(360,1,3,3)
r(30,2,3,3)
w(185,4,3,3)
w(404,3,4,4)
r(38,1,4,4)
r(114,1,4,4)
r(215,1,4,4)
w(403,5,4,4)
r(160,1,4,4)
r(450,1,4,4)
w(313,6,4,4)
r(131,1,4,4)
r(220,1,4,4)
w(467,4,4,4)
w(332,8,4,4)
r(404,3,4,4)
w(175,3,4,4)
w(264,6,4,4)
w(329,2,4,4)
r(192,1,4,4)
r(198,1,4,4)
w(415,4,4,4)
r(212,1,4,4)
r(232,1,5,5)
w(1,3,5,5)
w(307,4,5,5)
r(30,2,5,5)
w(264,7,5,5)
r(385,1,5,5)
w(375,2,5,5)
w(144,4,5,5)
w(79,2,5,5)
r(239,1,5,5)
r(19,1,5,5)
r(441,1,5,5)
w(421,2,5,5)
w(282,5,5,5)
w(118,5,5,5)
r(257,1,5,5)
r(432,1,5,5)
r(185,2,5,5)
w(241,6,5,5)
r(429,1,5,5)
w(378,3,6,6)
w(458,4,6,6)
w(47,6,6,6)
r(298,1,6,6)
r(102,1,6,6)
w(308,6,6,6)
w(196,4,6,6)
r(307,1,6,6)
w(248,4,6,6)
r(268,1,6,6)
r(145,1,6,6)
r(185,1,6,6)
r(146,1,6,6)
r(294,1,6,6)
w(8,5,6,6)
r(413,1,6,6)
r(432,1,6,6)
r(311,1,6,6)
w(280,3,6,6)
w(396,4,6,6)
w(415,2,1,7)
r(459,1,1,7)
r(69,1,1,7)
r(96,1,1,7)
w(90,2,1,7)
r(134,1,1,7)
r(44,1,1,7)
r(342,1,1,7)
r(193,1,1,7)
r(228,1,1,7)
w(99,2,1,7)
r(304,1,1,7)
w(468,2,1,7)
w(257,2,1,7)
r(393,1,1,7)
w(424,2,1,7)
r(349,1,1,7)
w(318,2,1,7)
w(47,2,1,7)
w(141,2,1,7)
r(329,2,2,8)
r(288,3,2,8)
w(125,4,2,8)
r(422,4,2,8)
w(148,4,2,8)
r(243,1,2,8)
r(336,1,2,8)
w(91,2,2,8)
w(218,5,2,8)
w(179,2,2,8)
w(120,2,2,8)
w(178,2,2,8)
r(399,1,2,8)
w(168,2,2,8)
r(434,1,2,8)
w(86,2,2,8)
r(244,5,2,8)
r(438,1,2,8)
w(272,4,2,8)
w(442,2,2,8)
w(159,4,3,9)
r(269,1,3,9)
r(201,1,3,9)
r(337,1,3,9)
w(196,2,3,9)
w(26,5,3,9)
w(103,2,3,9)
r(401,1,3,9)
r(339,1,3,9)
r(280,3,3,9)
r(418,1,3,9)
r(338,1,3,9)
w(262,3,3,9)
w(367,5,3,9)
w(223,3,3,9)
r(21,1,3,9)
r(472,1,3,9)
w(86,4,3,9)
r(253,1,3,9)
r(373,1,3,9)
r(92,1,4,10)
w(217,7,4,10)
w(345,2,4,10)
w(288,3,4,10)
w(190,2,4,10)
w(420,3,4,10)
w(298,3,4,10)
w(167,4,4,10)
w(372,7,4,10)
r(320,1,4,10)
r(467,4,4,10)
w(451,5,4,10)
r(69,1,4,10)
r(414,1,4,10)
w(183,5,4,10)
r(290,1,4,10)
r(99,2,4,10)
r(153,1,4,10)
w(11,6,4,10)
w(247,2,4,10)
r(149,1,5,11)
r(178,1,5,11)
w(301,2,5,11)
w(284,4,5,11)
w(27,4,5,11)
r(112,1,5,11)
r(469,1,5,11)
r(358,1,5,11)
r(141,7,5,11)
r(384,1,5,11)
r(428,1,5,11)
r(274,1,5,11)
w(327,4,5,11)
r(131,1,5,11)
w(283,3,5,11)
w(160,4,5,11)
r(58,1,5,11)
w(370,3,5,11)
r(159,4,5,11)
r(124,1,5,11)
w(218,6,6,12)
r(71,1,6,12)
r(420,3,6,12)
r(381,1,6,12)
w(14,4,6,12)
w(206,6,6,12)
r(434,1,6,12)
w(468,4,6,12)
w(141,7,6,12)
w(282,6,6,12)
r(438,1,6,12)
w(390,6,6,12)
r(74,1,6,12)
w(90,3,6,12)
w(277,7,6,12)
r(383,1,6,12)
r(157,1,6,12)
w(270,5,6,12)
r(214,1,6,12)
w(257,8,6,12)
r(156,2,1,13)
r(288,3,1,13)
r(458,4,1,13)
w(131,2,1,13)
w(164,2,1,13)
r(321,1,1,13)
w(276,2,1,13)
w(85,2,1,13)
w(32,2,1,13)
w(146,2,1,13)
w(102,2,1,13)
w(395,2,1,13)
w(191,2,1,13)
r(240,1,1,13)
r(291,1,1,13)
w(125,2,1,13)
w(341,2,1,13)
r(263,2,1,13)
r(407,1,1,13)
w(66,2,1,13)
w(313,2,2,14)
r(48,1,2,14)
w(63,2,2,14)
r(23,1,2,14)
r(179,2,2,14)
r(71,1,2,14)
w(223,5,2,14)
w(287,4,2,14)
w(461,3,2,14)
r(273,1,2,14)
r(177,4,2,14)
w(433,2,2,14)
r(265,1,2,14)
r(270,4,2,14)
r(435,7,2,14)
w(402,4,2,14)
r(377,1,2,14)
w(439,2,2,14)
r(439,2,2,14)
r(71,1,2,14)
w(32,4,3,15)
w(40,4,3,15)
w(12,2,3,15)
r(425,1,3,15)
r(439,1,3,15)
r(324,1,3,15)
r(13,1,3,15)
r(415,2,3,15)
r(475,1,3,15)
w(127,5,3,15)
w(47,5,3,15)
r(361,1,3,15)
r(409,1,3,15)
r(38,1,3,15)
w(116,2,3,15)
r(42,1,3,15)
r(195,1,3,15)
r(471,1,3,15)
w(331,4,3,15)
r(161,1,3,15)
w(364,4,4,16)
w(196,5,4,16)
w(20,5,4,16)
w(241,4,4,16)
r(115,1,4,16)
r(197,1,4,16)
r(467,4,4,16)
r(126,1,4,16)
r(196,5,4,16)
w(177,5,4,16)
w(30,4,4,16)
w(300,5,4,16)
r(217,7,4,16)
w(353,5,4,16)
r(266,1,4,16)
w(326,4,4,16)
r(95,1,4,16)
r(311,1,4,16)
w(251,2,4,16)
r(423,1,4,16)
w(110,6,5,17)
r(339,1,5,17)
r(313,6,5,17)
r(57,1,5,17)
r(360,1,5,17)
w(275,4,5,17)
w(356,4,5,17)
r(49,1,5,17)
r(211,1,5,17)
w(290,2,5,17)
w(134,6,5,17)
r(151,1,5,17)
w(153,3,5,17)
r(43,1,5,17)
w(99,6,5,17)
w(281,6,5,17)
w(455,5,5,17)
w(421,5,5,17)
w(72,5,5,17)
w(397,4,5,17)
w(31,4,6,18)
r(422,1,6,18)
w(389,3,6,18)
r(142,1,6,18)
r(321,1,6,18)
r(111,1,6,18)
r(38,1,6,18)
r(288,3,6,18)
r(300,5,6,18)
w(78,5,6,18)
r(339,1,6,18)
r(47,5,6,18)
w(366,5,6,18)
r(50,1,6,18)
w(372,11,6,18)
w(149,7,6,18)
r(441,1,6,18)
w(248,3,6,18)
r(265,1,6,18)
r(206,6,6,18)
r(221,5,1,19)
r(93,1,1,19)
r(212,1,1,19)
r(388,1,1,19)
w(355,2,1,19)
w(299,2,1,19)
w(129,2,1,19)
r(137,6,1,19)
r(358,4,1,19)
w(431,2,1,19)
w(454,2,1,19)
r(379,1,1,19)
w(150,2,1,19)
r(161,1,1,19)
r(170,1,1,19)
w(331,2,1,19)
r(39,1,1,19)
r(248,3,1,19)
w(129,5,1,19)
r(417,1,1,19)
r(23,4,2,20)
w(115,2,2,20)
r(110,6,2,20)
w(96,2,2,20)
w(11,4,2,20)
r(246,1,2,20)
r(231,1,2,20)
r(86,2,2,20)
w(171,2,2,20)
w(472,5,2,20)
r(221,5,2,20)
w(125,3,2,20)
w(184,2,2,20)
w(372,4,2,20)
w(396,2,2,20)
w(133,5,2,20)
r(218,5,2,20)
w(48,4,2,20)
w(426,2,2,20)
w(42,2,2,20)
w(459,5,3,21)
w(109,5,3,21)
w(473,2,3,21)
r(367,5,3,21)
r(338,1,3,21)
w(401,4,3,21)
r(246,1,3,21)
r(380,1,3,21)
w(385,4,3,21)
r(291,1,3,21)
w(373,5,3,21)
w(189,4,3,21)
w(83,5,3,21)
w(30,5,3,21)
w(413,4,3,21)
r(117,1,3,21)
w(221,5,3,21)
w(160,5,3,21)
r(18,1,3,21)
w(303,5,3,21)
w(238,4,4,22)
w(393,3,4,22)
w(352,2,4,22)
r(400,1,4,22)
w(456,4,4,22)
w(224,4,4,22)
r(399,1,4,22)
r(117,1,4,22)
w(337,4,4,22)
w(299,4,4,22)
r(155,1,4,22)
w(380,5,4,22)
r(419,1,4,22)
w(241,3,4,22)
w(313,7,4,22)
r(298,3,4,22)
r(438,1,4,22)
w(423,3,4,22)
w(274,4,4,22)
r(110,6,4,22)
r(479,1,5,23)
w(375,5,5,23)
r(167,4,5,23)
r(294,2,5,23)
r(316,1,5,23)
w(62,2,5,23)
r(415,2,5,23)
w(195,3,5,23)
r(124,1,5,23)
r(178,2,5,23)
w(236,4,5,23)
w(465,4,5,23)
w(257,7,5,23)
w(439,3,5,23)
w(53,4,5,23)
w(40,6,5,23)
r(239,1,5,23)
r(246,1,5,23)
w(282,4,5,23)
w(380,4,5,23)
r(200,1,6,24)
w(477,6,6,24)
w(397,3,6,24)
r(48,1,6,24)
w(163,5,6,24)
r(473,2,6,24)
w(154,4,6,24)
r(221,5,6,24)
r(226,1,6,24)
r(287,2,6,24)
w(190,5,6,24)
r(158,1,6,24)
w(270,4,6,24)
w(152,6,6,24)
r(432,1,6,24)
w(255,5,6,24)
w(72,6,6,24)
r(131,1,6,24)
w(25,4,6,24)
r(269,1,6,24)
r(161,1,1,25)
r(363,1,1,25)
w(113,2,1,25)
r(123,2,1,25)
r(228,1,1,25)
r(77,1,1,25)
r(183,5,1,25)
w(381,2,1,25)
r(141,7,1,25)
w(355,5,1,25)
w(413,2,1,25)
w(362,2,1,25)
w(445,2,1,25)
r(109,5,1,25)
w(402,5,1,25)
w(298,2,1,25)
r(449,1,1,25)
r(451,5,1,25)
w(417,2,1,25)
r(147,1,1,25)
r(461,3,2,26)
r(38,4,2,26)
r(160,5,2,26)
r(236,4,2,26)
w(69,2,2,26)
r(297,1,2,26)
w(344,5,2,26)
w(438,2,2,26)
r(475,1,2,26)
w(23,2,2,26)
r(152,6,2,26)
r(452,1,2,26)
r(108,2,2,26)
r(25,4,2,26)
w(132,4,2,26)
r(86,2,2,26)
r(427,1,2,26)
r(181,1,2,26)
w(444,2,2,26)
r(25,4,2,26)
r(209,1,3,27)
r(16,1,3,27)
r(358,1,3,27)
r(480,4,3,27)
r(370,3,3,27)
r(304,1,3,27)
w(429,5,3,27)
w(120,4,3,27)
r(359,1,3,27)
w(180,2,3,27)
w(128,5,3,27)
w(302,4,3,27)
w(326,5,3,27)
r(379,1,3,27)
r(474,1,3,27)
r(361,1,3,27)
r(381,1,3,27)
w(366,2,3,27)
w(156,2,3,27)
w(277,4,3,27)
r(77,1,4,28)
w(32,6,4,28)
r(263,2,4,28)
r(55,1,4,28)
r(265,1,4,28)
r(19,1,4,28)
w(34,3,4,28)
w(312,4,4,28)
r(302,4,4,28)
w(389,5,4,28)
r(340,1,4,28)
w(341,4,4,28)
r(361,1,4,28)
r(406,1,4,28)
w(176,4,4,28)
r(450,1,4,28)
r(202,1,4,28)
w(37,5,4,28)
w(60,5,4,28)
w(137,6,4,28)
r(123,2,5,29)
r(57,5,5,29)
r(183,5,5,29)
w(199,3,5,29)
w(3,5,5,29)
w(258,5,5,29)
r(203,1,5,29)
r(275,4,5,29)
w(26,3,5,29)
w(210,3,5,29)
r(44,1,5,29)
r(59,2,5,29)
w(290,5,5,29)
r(377,1,5,29)
w(338,7,5,29)
r(333,1,5,29)
w(402,6,5,29)
r(206,6,5,29)
r(137,6,5,29)
w(284,3,5,29)
w(426,4,6,30)
w(422,4,6,30)
r(228,1,6,30)
w(66,3,6,30)
r(258,1,6,30)
r(328,1,6,30)
w(408,3,6,30)
w(177,3,6,30)
w(204,6,6,30)
w(358,4,6,30)
r(250,1,6,30)
r(114,1,6,30)
r(371,1,6,30)
r(17,1,6,30)
r(283,3,6,30)
r(75,1,6,30)
r(309,1,6,30)
r(81,1,6,30)
r(473,2,6,30)
w(335,4,6,30)
r(16,1,1,31)
w(172,2,1,31)
w(406,2,1,31)
r(94,2,1,31)
w(64,2,1,31)
w(31,2,1,31)
w(17,2,1,31)
r(168,2,1,31)
r(445,2,1,31)
w(467,2,1,31)
w(336,2,1,31)
w(276,5,1,31)
r(317,1,1,31)
r(419,1,1,31)
r(274,6,1,31)
w(48,2,1,31)
r(382,2,1,31)
r(398,1,1,31)
w(126,2,1,31)
w(456,2,1,31)
w(45,2,2,32)
w(95,2,2,32)
r(124,1,2,32)
r(214,3,2,32)
r(156,2,2,32)
w(201,5,2,32)
r(112,1,2,32)
r(425,1,2,32)
r(149,7,2,32)
w(38,5,2,32)
r(182,1,2,32)
r(92,1,2,32)
r(97,6,2,32)
w(344,4,2,32)
r(476,1,2,32)
r(294,2,2,32)
r(321,1,2,32)
r(198,1,2,32)
w(174,2,2,32)
w(334,5,2,32)
w(199,2,3,33)
r(81,1,3,33)
w(165,4,3,33)
r(149,7,3,33)
r(270,4,3,33)
w(10,2,3,33)
w(12,5,3,33)
w(179,5,3,33)
r(238,4,3,33)
w(172,5,3,33)
r(41,1,3,33)
w(94,2,3,33)
r(244,5,3,33)
w(282,2,3,33)
w(34,4,3,33)
w(404,5,3,33)
r(331,4,3,33)
r(112,1,3,33)
w(433,5,3,33)
r(8,5,3,33)
r(171,1,4,34)
w(36,5,4,34)
r(329,2,4,34)
w(338,6,4,34)
r(286,1,4,34)
r(277,4,4,34)
r(15,1,4,34)
w(214,5,4,34)
r(428,1,4,34)
r(393,3,4,34)
w(199,4,4,34)
w(289,4,4,34)
w(441,5,4,34)
w(253,2,4,34)
r(98,1,4,34)
r(176,4,4,34)
w(177,4,4,34)
r(384,1,4,34)
r(371,1,4,34)
r(177,4,4,34)
w(30,3,5,35)
w(24,5,5,35)
w(477,4,5,35)
r(261,1,5,35)
w(215,4,5,35)
w(423,7,5,35)
r(219,1,5,35)
r(317,1,5,35)
w(81,3,5,35)
w(458,2,5,35)
w(209,4,5,35)
r(38,4,5,35)
w(478,5,5,35)
r(431,2,5,35)
r(434,1,5,35)
w(181,5,5,35)
r(183,5,5,35)
w(189,6,5,35)
w(208,5,5,35)
r(250,1,5,35)
r(411,1,6,36)
r(309,1,6,36)
w(435,7,6,36)
r(53,1,6,36)
w(34,7,6,36)
w(378,6,6,36)
r(167,4,6,36)
w(474,4,6,36)
r(356,4,6,36)
w(204,7,6,36)
w(184,4,6,36)
w(56,6,6,36)
r(53,1,6,36)
w(274,6,6,36)
r(13,1,6,36)
r(248,3,6,36)
r(199,4,6,36)
r(67,1,6,36)
w(18,4,6,36)
w(68,5,6,36)
w(241,5,1,37)
r(16,1,1,37)
w(64,5,1,37)
r(218,5,1,37)
r(193,5,1,37)
w(176,2,1,37)
w(131,5,1,37)
w(167,2,1,37)
r(54,2,1,37)
r(221,5,1,37)
r(197,1,1,37)
w(240,2,1,37)
r(423,7,1,37)
r(120,2,1,37)
w(148,2,1,37)
w(308,2,1,37)
r(51,1,1,37)
r(365,1,1,37)
r(428,1,1,37)
r(111,1,1,37)
w(150,5,2,38)
r(311,3,2,38)
w(97,5,2,38)
w(220,2,2,38)
w(141,5,2,38)
r(102,2,2,38)
r(81,3,2,38)
r(425,1,2,38)
r(153,3,2,38)
w(31,5,2,38)
w(369,4,2,38)
r(11,4,2,38)
r(264,7,2,38)
r(316,1,2,38)
r(285,1,2,38)
r(358,4,2,38)
r(387,1,2,38)
w(370,4,2,38)
r(262,3,2,38)
r(278,2,2,38)
r(337,4,3,39)
w(57,5,3,39)
r(152,6,3,39)
r(315,1,3,39)
r(192,1,3,39)
w(414,2,3,39)
w(373,4,3,39)
r(80,2,3,39)
r(67,1,3,39)
r(446,1,3,39)
r(362,1,3,39)
r(79,2,3,39)
r(256,1,3,39)
w(132,3,3,39)
r(384,1,3,39)
w(259,4,3,39)
r(300,5,3,39)
r(101,1,3,39)
r(54,2,3,39)
r(349,1,3,39)
r(183,5,4,40)
w(23,4,4,40)
w(73,2,4,40)
w(165,3,4,40)
w(386,5,4,40)
r(187,2,4,40)
r(473,2,4,40)
r(146,2,4,40)
w(382,2,4,40)
w(38,4,4,40)
r(431,1,4,40)
w(308,4,4,40)
r(418,1,4,40)
r(223,5,4,40)
w(22,2,4,40)
r(125,2,4,40)
r(235,1,4,40)
r(89,1,4,40)
r(43,1,4,40)
r(416,1,4,40)
w(61,2,5,41)
r(473,2,5,41)
w(267,4,5,41)
r(78,5,5,41)
w(474,5,5,41)
w(459,6,5,41)
r(6,5,5,41)
r(198,1,5,41)
w(249,4,5,41)
r(461,3,5,41)
w(83,6,5,41)
w(209,3,5,41)
w(80,4,5,41)
r(152,6,5,41)
r(460,1,5,41)
w(100,5,5,41)
w(309,5,5,41)
r(96,2,5,41)
w(96,5,5,41)
w(187,6,5,41)
w(480,8,6,42)
r(396,4,6,42)
r(60,5,6,42)
r(395,2,6,42)
w(193,5,6,42)
r(54,2,6,42)
w(371,3,6,42)
w(309,3,6,42)
w(236,6,6,42)
r(465,1,6,42)
r(74,1,6,42)
w(304,5,6,42)
r(409,1,6,42)
r(198,1,6,42)
w(7,5,6,42)
w(223,10,6,42)
w(97,6,6,42)
w(209,6,6,42)
r(223,10,6,42)
w(14,3,6,42)
w(447,2,1,43)
r(289,4,1,43)
w(461,2,1,43)
r(278,2,1,43)
r(169,1,1,43)
w(225,2,1,43)
w(271,2,1,43)
w(194,2,1,43)
w(200,2,1,43)
r(138,5,1,43)
r(389,5,1,43)
w(221,2,1,43)
r(379,1,1,43)
w(353,2,1,43)
r(183,5,1,43)
w(36,2,1,43)
w(331,5,1,43)
r(309,5,1,43)
w(359,2,1,43)
r(48,2,1,43)
w(189,5,2,44)
w(311,2,2,44)
w(372,3,2,44)
w(113,5,2,44)
w(289,2,2,44)
w(110,5,2,44)
w(220,5,2,44)
w(384,5,2,44)
w(320,2,2,44)
r(31,5,2,44)
r(253,2,2,44)
r(447,2,2,44)
r(459,6,2,44)
r(337,2,2,44)
w(242,2,2,44)
w(250,2,2,44)
r(41,2,2,44)
r(413,2,2,44)
r(351,4,2,44)
r(9,1,2,44)
w(174,5,3,45)
r(70,1,3,45)
r(400,1,3,45)
r(3,1,3,45)
w(349,2,3,45)
w(171,5,3,45)
w(441,2,3,45)
r(183,5,3,45)
w(459,4,3,45)
r(469,1,3,45)
w(91,3,3,45)
r(119,1,3,45)
w(2,2,3,45)
r(153,3,3,45)
r(50,1,3,45)
r(271,1,3,45)
r(98,1,3,45)
w(224,5,3,45)
w(105,5,3,45)
w(271,6,3,45)
r(379,1,4,46)
r(109,5,4,46)
w(8,2,4,46)
w(383,2,4,46)
w(383,5,4,46)
w(308,3,4,46)
w(283,5,4,46)
r(208,1,4,46)
r(405,1,4,46)
r(296,1,4,46)
w(311,4,4,46)
w(404,6,4,46)
w(315,4,4,46)
w(64,3,4,46)
w(449,3,4,46)
r(249,1,4,46)
r(146,2,4,46)
r(30,5,4,46)
r(72,6,4,46)
w(214,4,4,46)
w(415,3,5,47)
w(107,5,5,47)
w(127,4,5,47)
w(283,6,5,47)
r(413,2,5,47)
r(287,6,5,47)
r(225,2,5,47)
r(249,4,5,47)
r(21,6,5,47)
w(217,10,5,47)
r(74,1,5,47)
r(121,1,5,47)
w(360,6,5,47)
w(280,5,5,47)
r(336,2,5,47)
w(375,4,5,47)
r(466,1,5,47)
r(47,5,5,47)
r(215,5,5,47)
r(265,1,5,47)
w(214,3,6,48)
r(163,5,6,48)
w(63,4,6,48)
r(110,6,6,48)
r(139,2,6,48)
w(293,2,6,48)
w(372,9,6,48)
w(391,4,6,48)
w(279,3,6,48)
w(99,7,6,48)
r(391,4,6,48)
r(85,2,6,48)
r(181,1,6,48)
w(314,2,6,48)
r(436,5,6,48)
r(62,2,6,48)
w(8,4,6,48)
r(17,1,6,48)
w(37,4,6,48)
r(331,2,6,48)
r(305,5,1,49)
r(396,2,1,49)
w(287,5,1,49)
r(246,1,1,49)
r(388,1,1,49)
w(41,2,1,49)
w(59,5,1,49)
w(338,2,1,49)
r(158,2,1,49)
w(419,2,1,49)
w(285,2,1,49)
r(430,1,1,49)
r(388,1,1,49)
r(381,2,1,49)
w(326,2,1,49)
r(398,4,1,49)
r(135,1,1,49)
r(47,5,1,49)
w(271,5,1,49)
w(465,2,1,49)
r(335,5,2,50)
w(87,4,2,50)
w(204,2,2,50)
w(334,4,2,50)
r(100,5,2,50)
r(397,3,2,50)
w(461,6,2,50)
r(97,5,2,50)
w(1,2,2,50)
r(381,2,2,50)
r(454,2,2,50)
w(346,5,2,50)
r(434,1,2,50)
r(428,1,2,50)
w(77,2,2,50)
r(327,3,2,50)
r(208,5,2,50)
r(170,2,2,50)
r(470,6,2,50)
w(222,2,2,50)
r(193,5,3,51)
r(429,5,3,51)
w(350,2,3,51)
w(339,4,3,51)
w(208,2,3,51)
r(438,2,3,51)
w(404,4,3,51)
r(134,6,3,51)
r(438,2,3,51)
r(193,5,3,51)
r(233,1,4,52)
w(258,2,4,52)
r(224,5,4,52)
w(276,3,4,52)
w(206,3,4,52)
w(480,7,4,52)
w(325,4,4,52)
w(145,2,4,52)
w(158,2,4,52)
w(373,3,4,52)
w(18,5,4,52)
w(342,2,4,52)
r(433,2,4,52)
w(234,2,4,52)
w(81,5,4,52)
w(331,3,4,52)
r(167,4,4,52)
w(420,6,4,52)
w(263,3,4,52)
w(311,3,4,52)
w(217,11,5,53)
r(108,2,5,53)
w(27,3,5,53)
r(336,2,5,53)
r(277,8,5,53)
w(21,5,5,53)
r(126,2,5,53)
r(50,1,5,53)
w(258,4,5,53)
r(452,1,5,53)
r(380,4,5,53)
w(415,6,5,53)
w(110,7,5,53)
w(327,3,5,53)
w(353,4,5,53)
w(416,4,5,53)
r(441,2,5,53)
w(176,6,5,53)
w(167,6,5,53)
r(435,7,5,53)
r(354,1,6,54)
r(382,2,6,54)
w(73,5,6,54)
r(244,5,6,54)
r(118,5,6,54)
r(26,3,6,54)
w(138,5,6,54)
w(6,5,6,54)
r(33,1,6,54)
r(468,4,6,54)
r(386,5,6,54)
r(43,1,6,54)
r(202,1,6,54)
w(122,4,6,54)
w(98,4,6,54)
r(120,2,6,54)
r(317,1,6,54)
w(21,6,6,54)
w(94,4,6,54)
r(251,2,6,54)
w(306,2,1,55)
r(178,2,1,55)
r(164,2,1,55)
w(275,2,1,55)
r(173,1,1,55)
w(170,2,1,55)
w(360,2,1,55)
w(66,5,1,55)
w(356,2,1,55)
w(453,2,1,55)
w(332,2,1,55)
r(282,7,1,55)
r(3,5,1,55)
r(19,1,1,55)
r(245,1,1,55)
w(459,2,1,55)
r(124,1,1,55)
r(190,5,1,55)
w(175,2,1,55)
w(80,5,1,55)
w(175,4,2,56)
r(140,1,2,56)
r(157,2,2,56)
w(134,5,2,56)
r(369,6,2,56)
w(460,3,2,56)
w(360,5,2,56)
r(295,1,2,56)
r(124,3,2,56)
r(352,5,2,56)
r(405,1,2,56)
w(384,4,2,56)
r(26,6,2,56)
w(404,2,2,56)
r(324,1,2,56)
r(12,5,2,56)
r(340,2,2,56)
r(427,1,2,56)
w(437,2,2,56)
w(84,2,2,56)
r(10,2,3,57)
w(385,3,3,57)
r(383,5,3,57)
r(445,2,3,57)
r(294,2,3,57)
r(235,1,3,57)
r(467,2,3,57)
w(168,5,3,57)
w(356,5,3,57)
w(365,5,3,57)
r(375,5,3,57)
r(406,2,3,57)
r(278,2,3,57)
w(51,5,3,57)
w(123,5,3,57)
w(407,2,3,57)
w(349,5,3,57)
w(65,3,3,57)
r(477,4,3,57)
r(447,1,3,57)
w(57,4,4,58)
w(92,5,4,58)
r(139,2,4,58)
r(473,2,4,58)
w(104,4,4,58)
w(220,4,4,58)
w(336,5,4,58)
w(452,4,4,58)
r(463,1,4,58)
w(235,4,4,58)
w(469,3,4,58)
w(91,7,4,58)
w(158,5,4,58)
w(168,4,4,58)
w(36,4,4,58)
w(283,4,4,58)
w(224,3,5,59)
w(467,6,5,59)
w(435,3,5,59)
w(153,6,5,59)
w(16,5,5,59)
r(302,11,5,59)
r(111,2,5,59)
w(13,3,5,59)
r(363,5,5,59)
w(306,3,5,59)
w(296,4,5,59)
r(413,2,5,59)
w(110,8,5,59)
r(472,5,5,59)
r(205,1,5,59)
w(15,4,5,59)
w(316,5,5,59)
w(302,6,5,59)
r(122,4,5,59)
w(477,3,5,59)
w(255,4,6,60)
w(80,6,6,60)
w(317,4,6,60)
r(132,4,6,60)
w(99,8,6,60)
r(258,2,6,60)
w(166,4,6,60)
r(248,3,6,60)
r(440,1,6,60)
r(468,4,6,60)
w(398,4,6,60)
w(436,6,6,60)
r(229,1,6,60)
r(227,1,6,60)
w(279,6,6,60)
w(27,6,6,60)
w(261,2,6,60)
r(59,2,6,60)
w(470,6,6,60)
r(116,2,6,60)
w(218,2,1,61)
r(476,1,1,61)
w(29,2,1,61)
r(108,2,1,61)
r(155,2,1,61)
r(182,1,1,61)
r(39,1,1,61)
r(184,2,1,61)
r(197,5,1,61)
w(124,2,1,61)
r(454,2,1,61)
w(447,5,1,61)
r(314,2,1,61)
w(457,2,1,61)
r(3,5,1,61)
r(203,1,1,61)
w(323,2,1,61)
r(458,2,1,61)
r(248,3,1,61)
r(128,5,1,61)
w(385,5,2,62)
r(459,2,2,62)
r(456,3,2,62)
w(231,2,2,62)
r(462,5,2,62)
r(404,2,2,62)
r(260,1,2,62)
r(20,4,2,62)
w(392,2,2,62)
r(378,5,2,62)
w(452,5,2,62)
r(235,3,2,62)
r(184,2,2,62)
w(228,4,2,62)
w(423,5,2,62)
w(52,5,2,62)
r(284,5,2,62)
w(474,2,2,62)
r(431,5,2,62)
w(173,2,2,62)
r(479,1,3,63)
r(219,1,3,63)
r(476,1,3,63)
w(305,5,3,63)
w(316,2,3,63)
w(238,2,3,63)
w(378,5,3,63)
w(453,4,3,63)
r(59,2,3,63)
w(341,5,3,63)
w(111,2,3,63)
r(477,4,3,63)
r(311,3,3,63)
w(281,4,3,63)
w(419,5,3,63)
r(206,3,3,63)
r(310,1,3,63)
w(296,2,3,63)
w(130,2,3,63)
w(302,3,3,63)
w(382,5,4,64)
w(155,2,4,64)
r(259,4,4,64)
r(213,1,4,64)
w(453,6,4,64)
r(195,3,4,64)
r(165,3,4,64)
w(279,4,4,64)
w(172,3,4,64)
r(233,1,4,64)
r(168,2,4,64)
r(260,1,4,64)
w(215,5,4,64)
w(409,2,4,64)
r(74,1,4,64)
r(60,5,4,64)
w(418,4,4,64)
r(429,5,4,64)
w(105,4,4,64)
r(14,3,4,64)
r(24,5,5,65)
w(131,8,5,65)
w(205,7,5,65)
w(224,6,5,65)
r(65,3,5,65)
w(303,3,5,65)
w(32,7,5,65)
w(462,5,5,65)
w(227,4,5,65)
w(149,6,5,65)
r(383,4,5,65)
w(423,8,5,65)
w(26,6,5,65)
r(282,7,5,65)
w(410,4,5,65)
r(94,4,5,65)
w(304,2,5,65)
w(98,5,5,65)
w(227,3,5,65)
r(31,5,5,65)
w(363,5,6,66)
r(67,1,6,66)
w(364,3,6,66)
w(360,7,6,66)
r(113,2,6,66)
w(274,7,6,66)
r(281,6,6,66)
r(104,1,6,66)
r(383,5,6,66)
r(218,5,6,66)
w(43,4,6,66)
r(379,1,6,66)
r(36,5,6,66)
w(91,11,6,66)
r(55,1,6,66)
w(254,3,6,66)
w(383,3,6,66)
r(371,3,6,66)
r(328,1,6,66)
r(6,5,6,66)
w(97,2,1,67)
r(444,2,1,67)
r(169,2,1,67)
w(160,2,1,67)
w(57,2,1,67)
r(84,1,1,67)
w(277,5,1,67)
r(146,2,1,67)
w(272,2,1,67)
r(32,2,1,67)
r(123,5,1,67)
w(431,5,1,67)
r(382,5,1,67)
w(264,2,1,67)
w(395,5,1,67)
r(54,2,1,67)
r(314,2,1,67)
w(471,2,1,67)
r(49,1,1,67)
r(101,1,1,67)
w(461,7,2,68)
w(416,2,2,68)
r(302,2,2,68)
r(94,5,2,68)
w(398,5,2,68)
r(412,5,2,68)
r(439,3,2,68)
r(315,2,2,68)
w(137,2,2,68)
r(447,5,2,68)
r(21,3,2,68)
w(343,5,2,68)
r(308,2,2,68)
r(117,2,2,68)
r(109,4,2,68)
w(410,5,2,68)
w(429,2,2,68)
r(10,5,2,68)
r(201,5,2,68)
r(237,5,2,68)
w(337,2,3,69)
r(206,3,3,69)
w(274,2,3,69)
r(408,3,3,69)
r(84,1,3,69)
r(362,2,3,69)
w(242,4,3,69)
w(120,3,3,69)
r(372,9,3,69)
w(464,2,3,69)
w(204,5,3,69)
r(240,2,3,69)
r(220,2,3,69)
w(121,2,3,69)
r(178,2,3,69)
w(408,4,3,69)
r(131,7,3,69)
r(55,1,3,69)
r(355,5,3,69)
r(302,3,3,69)
w(131,7,4,70)
w(287,6,4,70)
w(335,5,4,70)
r(441,2,4,70)
r(305,1,4,70)
r(473,2,4,70)
w(294,5,4,70)
w(332,10,4,70)
w(114,5,4,70)
w(456,3,4,70)
w(167,3,4,70)
r(308,2,4,70)
r(211,1,4,70)
r(257,7,4,70)
r(133,5,4,70)
r(151,1,4,70)
r(124,1,4,70)
r(221,5,4,70)
w(141,3,4,70)
r(88,2,4,70)
w(373,6,5,71)
w(21,4,5,71)
r(228,1,5,71)
w(21,3,5,71)
r(82,6,5,71)
w(258,3,5,71)
w(412,2,5,71)
r(182,1,5,71)
r(231,1,5,71)
r(30,3,5,71)
w(194,3,5,71)
w(239,3,5,71)
r(193,5,5,71)
w(151,2,5,71)
r(294,5,5,71)
w(442,6,5,71)
w(248,5,5,71)
w(46,5,5,71)
w(282,3,5,71)
r(471,2,5,71)
w(169,2,6,72)
w(82,6,6,72)
r(276,3,6,72)
r(43,4,6,72)
w(163,4,6,72)
r(254,3,6,72)
r(122,4,6,72)
r(416,1,6,72)
w(216,4,6,72)
r(341,5,6,72)
r(450,1,6,72)
w(358,3,6,72)
r(416,1,6,72)
r(386,5,6,72)
r(154,4,6,72)
r(441,2,6,72)
w(414,4,6,72)
w(282,7,6,72)
w(277,8,6,72)
r(21,6,6,72)
w(175,5,1,73)
r(394,1,1,73)
w(183,2,1,73)
w(217,5,1,73)
w(262,4,1,73)
r(199,3,1,73)
w(112,2,1,73)
w(161,2,1,73)
r(91,6,1,73)
r(43,4,1,73)
w(132,2,1,73)
r(324,1,1,73)
r(109,4,1,73)
w(228,2,1,73)
r(67,1,1,73)
r(27,7,1,73)
w(154,2,1,73)
w(74,2,1,73)
r(52,1,1,73)
r(190,5,1,73)
r(134,5,2,74)
r(82,7,2,74)
r(31,5,2,74)
r(441,2,2,74)
r(41,4,2,74)
w(439,5,2,74)
r(36,2,2,74)
r(419,2,2,74)
r(393,3,2,74)
w(13,2,2,74)
r(302,2,2,74)
w(264,4,2,74)
w(324,2,2,74)
w(131,3,2,74)
r(294,3,2,74)
r(291,1,2,74)
r(467,6,2,74)
r(458,2,2,74)
r(256,1,2,74)
w(288,5,2,74)
w(237,5,3,75)
r(231,1,3,75)
w(321,4,3,75)
w(415,5,3,75)
r(313,2,3,75)
w(298,5,3,75)
r(342,2,3,75)
w(311,5,3,75)
w(174,4,3,75)
w(340,2,3,75)
r(60,5,3,75)
r(305,5,3,75)
w(99,4,3,75)
r(216,4,3,75)
r(255,4,3,75)
r(225,2,3,75)
r(343,1,3,75)
w(351,5,3,75)
r(204,5,3,75)
r(218,5,3,75)
w(334,6,4,76)
w(34,6,4,76)
r(155,2,4,76)
r(117,1,4,76)
w(369,6,4,76)
w(197,5,4,76)
w(449,6,4,76)
r(397,3,4,76)
w(113,6,4,76)
r(172,3,4,76)
w(42,5,4,76)
w(351,4,4,76)
r(1,3,4,76)
w(467,3,4,76)
w(404,7,4,76)
r(283,6,4,76)
r(58,1,4,76)
w(377,5,4,76)
r(338,2,4,76)
w(383,4,4,76)
r(275,2,5,77)
w(182,4,5,77)
w(238,3,5,77)
w(173,5,5,77)
r(478,5,5,77)
r(4,2,5,77)
w(51,3,5,77)
w(35,4,5,77)
w(413,6,5,77)
r(452,1,5,77)
r(204,2,5,77)
r(424,2,5,77)
r(67,1,5,77)
r(163,4,5,77)
w(139,5,5,77)
w(294,3,5,77)
w(288,6,5,77)
r(346,3,5,77)
w(20,4,5,77)
w(430,5,5,77)
r(116,2,6,78)
w(204,8,6,78)
w(200,3,6,78)
w(368,6,6,78)
r(400,1,6,78)
w(214,6,6,78)
r(285,2,6,78)
r(259,4,6,78)
r(294,5,6,78)
w(292,8,6,78)
w(80,7,6,78)
r(67,1,6,78)
r(454,2,6,78)
w(349,7,6,78)
w(113,10,6,78)
w(71,5,6,78)
w(37,3,6,78)
w(249,3,6,78)
w(188,5,6,78)
r(240,2,6,78)
r(280,5,1,79)
w(376,2,1,79)
r(142,1,1,79)
w(338,5,1,79)
r(280,5,1,79)
r(194,3,1,79)
r(116,5,1,79)
w(334,2,1,79)
w(246,2,1,79)
r(427,1,1,79)
r(296,4,1,79)
r(189,5,1,79)
w(18,2,1,79)
r(241,5,1,79)
w(34,5,1,79)
w(248,2,1,79)
r(141,6,1,79)
w(166,2,1,79)
r(237,5,1,79)
w(302,2,1,79)
r(16,3,2,80)
w(51,2,2,80)
w(131,6,2,80)
w(424,4,2,80)
w(477,5,2,80)
w(194,5,2,80)
w(317,2,2,80)
w(205,5,2,80)
r(243,3,2,80)
r(178,2,2,80)
r(419,2,2,80)
w(211,2,2,80)
r(109,4,2,80)
w(303,2,2,80)
r(285,2,2,80)
w(211,5,2,80)
r(18,2,2,80)
r(99,3,2,80)
r(207,1,2,80)
r(320,2,2,80)
r(347,1,3,81)
w(223,6,3,81)
w(274,5,3,81)
w(305,4,3,81)
w(54,5,3,81)
w(109,4,3,81)
r(162,1,3,81)
w(19,2,3,81)
w(442,4,3,81)
w(315,2,3,81)
w(350,5,3,81)
r(180,2,3,81)
r(23,2,3,81)
r(54,5,3,81)
r(411,1,3,81)
r(256,1,3,81)
w(453,3,3,81)
r(9,1,3,81)
r(284,3,3,81)
r(79,2,3,81)
r(133,5,4,82)
w(198,5,4,82)
w(41,5,4,82)
w(298,6,4,82)
r(194,2,4,82)
r(328,1,4,82)
w(124,3,4,82)
r(334,6,4,82)
r(466,1,4,82)
w(75,2,4,82)
r(177,4,4,82)
w(388,5,4,82)
w(322,3,4,82)
r(319,1,4,82)
r(57,5,4,82)
r(105,4,4,82)
r(299,2,4,82)
w(352,5,4,82)
r(425,1,4,82)
w(270,2,4,82)
w(47,4,5,83)
w(203,2,5,83)
w(333,3,5,83)
w(123,3,5,83)
r(273,1,5,83)
r(389,4,5,83)
w(317,5,5,83)
w(95,4,5,83)
w(77,5,5,83)
w(252,5,5,83)
r(230,1,5,83)
w(144,3,5,83)
r(256,1,5,83)
w(19,4,5,83)
r(385,3,5,83)
w(275,3,5,83)
r(178,2,5,83)
w(91,10,5,83)
w(424,3,5,83)
w(412,5,5,83)
w(209,7,6,84)
r(316,2,6,84)
w(323,3,6,84)
w(365,4,6,84)
r(260,1,6,84)
r(345,2,6,84)
w(247,4,6,84)
w(71,4,6,84)
r(304,5,6,84)
w(355,3,6,84)
w(255,3,6,84)
w(302,11,6,84)
r(71,4,6,84)
w(85,5,6,84)
w(113,11,6,84)
r(343,1,6,84)
r(129,5,6,84)
w(325,6,6,84)
r(161,1,6,84)
r(389,5,6,84)
r(413,6,1,85)
w(451,2,1,85)
w(128,2,1,85)
r(286,1,1,85)
w(215,2,1,85)
w(281,2,1,85)
w(276,4,1,85)
w(56,2,1,85)
r(98,5,1,85)
w(134,2,1,85)
r(89,2,1,85)
w(377,2,1,85)
r(450,1,1,85)
r(266,4,1,85)
w(87,2,1,85)
w(361,2,1,85)
r(116,5,1,85)
r(452,5,1,85)
w(472,2,1,85)
w(423,2,1,85)
w(88,5,2,86)
w(420,5,2,86)
w(284,2,2,86)
r(289,3,2,86)
r(217,8,2,86)
r(1,4,2,86)
w(401,5,2,86)
w(101,2,2,86)
r(467,6,2,86)
w(372,6,2,86)
r(239,3,2,86)
r(106,1,2,86)
w(367,2,2,86)
r(128,2,2,86)
r(355,3,2,86)
w(43,5,2,86)
w(69,5,2,86)
r(98,5,2,86)
r(330,1,2,86)
r(140,1,2,86)
r(220,5,3,87)
r(138,5,3,87)
r(402,7,3,87)
r(70,1,3,87)
w(232,5,3,87)
w(72,2,3,87)
r(63,4,3,87)
w(113,4,3,87)
r(455,5,3,87)
w(91,6,3,87)
w(422,5,3,87)
r(182,4,3,87)
w(12,4,3,87)
w(461,8,3,87)
r(3,5,3,87)
w(478,2,3,87)
w(227,2,3,87)
r(172,3,3,87)
r(447,5,3,87)
w(347,2,3,87)
w(418,3,4,88)
r(393,3,4,88)
w(389,4,4,88)
w(346,3,4,88)
r(231,1,4,88)
r(181,5,4,88)
r(8,4,4,88)
w(133,4,4,88)
w(284,5,4,88)
w(165,6,4,88)
r(171,5,4,88)
r(239,1,4,88)
w(10,5,4,88)
w(247,5,4,88)
r(401,4,4,88)
w(157,2,4,88)
r(61,2,4,88)
r(200,3,4,88)
r(305,4,4,88)
w(322,6,4,88)
r(467,6,5,89)
w(406,5,5,89)
r(111,2,5,89)
r(374,5,5,89)
r(354,2,5,89)
r(403,5,5,89)
r(181,5,5,89)
w(357,5,5,89)
w(465,3,5,89)
r(126,2,5,89)
r(41,4,5,89)
w(268,3,5,89)
w(141,6,5,89)
w(95,3,5,89)
w(376,4,5,89)
w(235,3,5,89)
w(168,3,5,89)
r(50,1,5,89)
w(113,8,5,89)
w(77,4,5,89)
r(184,2,6,90)
r(348,1,6,90)
r(65,3,6,90)
w(269,4,6,90)
r(212,1,6,90)
w(446,4,6,90)
w(304,4,6,90)
w(402,7,6,90)
r(250,2,6,90)
w(253,5,6,90)
r(447,5,6,90)
w(217,9,6,90)
r(207,1,6,90)
r(24,5,6,90)
r(266,1,6,90)
w(27,7,6,90)
r(147,1,6,90)
w(87,7,6,90)
w(161,4,6,90)
w(454,3,6,90)
r(128,2,1,91)
w(67,2,1,91)
w(214,2,1,91)
r(327,3,1,91)
w(3,2,1,91)
w(124,5,1,91)
w(397,2,1,91)
w(365,2,1,91)
r(299,7,1,91)
w(398,2,1,91)
w(99,5,1,91)
r(131,6,1,91)
r(162,1,1,91)
w(153,2,1,91)
r(292,3,1,91)
r(342,2,1,91)
w(87,5,1,91)
w(48,5,1,91)
r(183,2,1,91)
r(412,5,1,91)
r(47,4,2,92)
w(87,3,2,92)
w(447,4,2,92)
w(327,2,2,92)
w(55,2,2,92)
w(325,2,2,92)
r(378,4,2,92)
w(427,2,2,92)
r(96,4,2,92)
r(106,1,2,92)
r(357,5,2,92)
r(350,4,2,92)
w(344,3,2,92)
w(439,4,2,92)
r(182,5,2,92)
r(26,4,2,92)
r(19,3,2,92)
w(108,5,2,92)
r(193,4,2,92)
r(298,7,2,92)
r(200,3,3,93)
r(47,4,3,93)
w(369,3,3,93)
w(118,2,3,93)
w(206,4,3,93)
w(116,5,3,93)
r(260,1,3,93)
r(325,6,3,93)
w(137,4,3,93)
w(182,5,3,93)
w(346,4,3,93)
r(15,4,3,93)
r(466,1,3,93)
r(134,5,3,93)
r(312,4,3,93)
r(388,5,3,93)
w(371,5,3,93)
r(276,3,3,93)
r(271,5,3,93)
r(324,1,3,93)
r(221,2,4,94)
r(28,1,4,94)
r(330,1,4,94)
r(103,2,4,94)
w(7,2,4,94)
r(239,1,4,94)
r(169,2,4,94)
w(35,2,4,94)
r(42,5,4,94)
r(393,3,4,94)
r(338,2,4,94)
w(164,5,4,94)
r(389,4,4,94)
r(241,5,4,94)
r(467,6,4,94)
r(391,4,4,94)
w(83,3,4,94)
w(211,4,4,94)
r(339,1,4,94)
r(14,3,4,94)
w(170,7,5,95)
w(370,6,5,95)
r(46,5,5,95)
r(297,1,5,95)
w(58,2,5,95)
r(423,5,5,95)
w(117,2,5,95)
r(105,4,5,95)
w(172,6,5,95)
r(376,2,5,95)
w(97,3,5,95)
w(292,3,5,95)
w(436,3,5,95)
w(321,6,5,95)
r(239,3,5,95)
r(342,2,5,95)
r(128,4,5,95)
r(185,2,5,95)
w(88,4,5,95)
r(30,3,5,95)
w(96,4,6,96)
w(430,4,6,96)
r(217,5,6,96)
w(82,7,6,96)
w(299,7,6,96)
w(281,7,6,96)
r(251,2,6,96)
w(456,6,6,96)
r(331,5,6,96)
w(417,5,6,96)
w(358,6,6,96)
r(290,5,6,96)
w(462,3,6,96)
r(462,3,6,96)
r(183,2,6,96)
r(38,5,6,96)
w(430,3,6,96)
r(206,4,6,96)
w(319,4,6,96)
w(70,5,6,96)
r(330,4,1,97)
r(8,4,1,97)
w(322,2,1,97)
w(332,5,1,97)
r(460,7,1,97)
w(163,2,1,97)
r(248,2,1,97)
r(67,5,1,97)
w(364,2,1,97)
w(339,2,1,97)
w(132,5,1,97)
r(443,1,1,97)
r(35,4,1,97)
w(14,2,1,97)
r(135,1,1,97)
r(132,5,1,97)
w(359,5,1,97)
w(249,5,1,97)
r(422,5,1,97)
r(199,6,1,97)
w(140,2,2,98)
r(67,5,2,98)
w(218,4,2,98)
r(42,5,2,98)
w(136,2,2,98)
w(330,5,2,98)
w(205,4,2,98)
w(235,5,2,98)
r(390,4,2,98)
w(236,5,2,98)
w(144,2,2,98)
w(108,4,2,98)
w(338,3,2,98)
r(275,3,2,98)
w(150,4,2,98)
r(316,5,2,98)
r(390,4,2,98)
w(59,4,2,98)
w(49,2,2,98)
r(114,5,2,98)
r(413,6,3,99)
r(52,1,3,99)
r(364,3,3,99)
w(51,4,3,99)
r(465,3,3,99)
w(403,2,3,99)
w(438,5,3,99)
r(116,5,3,99)
r(195,4,3,99)
w(254,5,3,99)
r(238,3,3,99)
r(155,2,3,99)
r(226,1,3,99)
w(243,4,3,99)
r(51,4,3,99)
w(70,2,3,99)
w(108,3,3,99)
r(355,3,3,99)
w(454,5,3,99)
w(128,4,3,99)
r(198,5,4,100)
r(43,4,4,100)
r(148,2,4,100)
w(222,5,4,100)
w(170,6,4,100)
r(470,6,4,100)
w(78,2,4,100)
r(211,4,4,100)
r(306,3,4,100)
r(125,3,4,100)
r(237,5,4,100)
r(174,4,4,100)
w(35,5,4,100)
w(240,3,4,100)
w(86,6,4,100)
w(434,3,4,100)
r(237,5,4,100)
w(94,5,4,100)
r(448,1,4,100)
r(277,5,4,100)
w(61,5,5,101)
w(269,2,5,101)
r(201,5,5,101)
r(3,5,5,101)
r(37,3,5,101)
r(186,1,5,101)
r(226,1,5,101)
r(191,2,5,101)
r(42,5,5,101)
r(132,2,5,101)
r(480,7,5,101)
w(223,8,5,101)
r(116,5,5,101)
r(315,2,5,101)
r(94,5,5,101)
w(82,3,5,101)
w(89,2,5,101)
w(25,5,5,101)
r(291,1,5,101)
w(289,3,5,101)
r(73,5,6,102)
r(452,5,6,102)
r(291,1,6,102)
r(77,4,6,102)
r(431,5,6,102)
w(364,6,6,102)
r(1,4,6,102)
w(301,4,6,102)
w(126,4,6,102)
w(404,10,6,102)
w(88,6,6,102)
r(156,2,6,102)
r(397,3,6,102)
r(179,2,6,102)
r(164,5,6,102)
r(123,3,6,102)
r(122,4,6,102)
r(145,2,6,102)
r(258,3,6,102)
r(27,7,6,102)
w(65,2,1,103)
r(348,3,1,103)
w(65,5,1,103)
w(148,5,1,103)
w(217,4,1,103)
r(180,5,1,103)
w(434,2,1,103)
w(38,2,1,103)
w(198,2,1,103)
r(2,2,1,103)
r(13,2,1,103)
r(361,2,1,103)
r(226,1,1,103)
w(263,5,1,103)
w(65,4,1,103)
r(209,7,1,103)
r(456,6,1,103)
r(240,3,1,103)
r(398,2,1,103)
w(187,5,1,103)
r(87,3,2,104)
w(351,2,2,104)
r(216,4,2,104)
w(402,3,2,104)
w(313,5,2,104)
r(52,3,2,104)
r(51,2,2,104)
r(168,7,2,104)
r(345,5,2,104)
r(234,2,2,104)
w(228,3,2,104)
w(228,6,2,104)
w(206,5,2,104)
r(117,2,2,104)
w(28,2,2,104)
w(48,3,2,104)
w(348,2,2,104)
r(423,6,2,104)
r(412,5,2,104)
r(96,4,2,104)
r(219,1,3,105)
r(359,2,3,105)
r(405,1,3,105)
r(473,3,3,105)
r(333,3,3,105)
r(200,3,3,105)
w(204,4,3,105)
r(245,1,3,105)
r(211,5,3,105)
w(67,5,3,105)
w(188,2,3,105)
w(81,2,3,105)
w(325,5,3,105)
w(264,3,3,105)
r(16,3,3,105)
r(380,4,3,105)
w(84,5,3,105)
w(120,6,3,105)
w(187,3,3,105)
r(309,5,3,105)
r(185,2,4,106)
r(420,6,4,106)
w(418,6,4,106)
w(110,3,4,106)
w(132,6,4,106)
w(442,3,4,106)
r(274,5,4,106)
w(68,2,4,106)
w(354,2,4,106)
w(350,4,4,106)
w(25,2,4,106)
r(195,3,4,106)
r(119,1,4,106)
w(246,5,4,106)
r(63,4,4,106)
w(144,5,4,106)
w(374,5,4,106)
r(445,2,4,106)
w(336,4,4,106)
w(12,3,4,106)
w(274,3,5,107)
w(328,3,5,107)
w(378,4,5,107)
r(372,3,5,107)
r(343,5,5,107)
w(202,2,5,107)
r(298,7,5,107)
w(348,3,5,107)
w(224,7,5,107)
r(190,5,5,107)
w(5,2,5,107)
w(88,3,5,107)
w(16,4,5,107)
r(215,2,5,107)
w(146,4,5,107)
w(16,3,5,107)
r(479,2,5,107)
r(341,5,5,107)
w(358,5,5,107)
w(235,6,5,107)
w(86,7,6,108)
w(401,7,6,108)
w(151,5,6,108)
w(472,4,6,108)
w(111,5,6,108)
w(471,4,6,108)
r(86,7,6,108)
r(138,5,6,108)
r(278,2,6,108)
r(241,5,6,108)
w(238,6,6,108)
w(19,3,6,108)
w(301,3,6,108)
r(21,3,6,108)
w(22,5,6,108)
w(282,8,6,108)
w(82,8,6,108)
w(457,3,6,108)
r(257,6,6,108)
w(119,4,6,108)
r(29,2,1,109)
r(46,5,1,109)
r(61,5,1,109)
w(257,5,1,109)
w(243,5,1,109)
w(11,2,1,109)
r(475,1,1,109)
w(460,2,1,109)
w(449,5,1,109)
r(334,2,1,109)
w(446,2,1,109)
w(40,2,1,109)
r(53,5,1,109)
r(431,4,1,109)
w(206,2,1,109)
w(393,2,1,109)
r(387,5,1,109)
r(392,2,1,109)
w(373,2,1,109)
w(393,5,1,109)
w(91,5,2,110)
w(465,5,2,110)
w(109,2,2,110)
r(178,2,2,110)
w(149,5,2,110)
w(310,5,2,110)
r(33,1,2,110)
r(186,4,2,110)
w(142,2,2,110)
w(205,3,2,110)
w(305,2,2,110)
w(363,2,2,110)
w(361,5,2,110)
w(242,5,2,110)
w(134,4,2,110)
r(409,2,2,110)
r(250,2,2,110)
r(168,7,2,110)
w(86,5,2,110)
r(364,2,2,110)
r(269,2,3,111)
r(427,1,3,111)
w(149,4,3,111)
r(343,3,3,111)
w(289,5,3,111)
w(318,5,3,111)
w(124,4,3,111)
r(324,2,3,111)
w(393,4,3,111)
r(312,4,3,111)
w(170,3,3,111)
w(239,4,3,111)
r(211,5,3,111)
r(21,3,3,111)
w(321,3,3,111)
r(169,2,3,111)
w(113,3,3,111)
r(185,2,3,111)
w(473,5,3,111)
r(201,5,3,111)
r(219,1,4,112)
w(1,4,4,112)
r(121,2,4,112)
r(67,1,4,112)
r(400,1,4,112)
w(41,4,4,112)
w(115,5,4,112)
w(266,4,4,112)
r(471,2,4,112)
r(279,4,4,112)
r(129,5,4,112)
w(257,3,4,112)
w(23,3,4,112)
r(325,6,4,112)
r(404,2,4,112)
r(384,4,4,112)
w(26,4,4,112)
w(99,3,4,112)
r(146,2,4,112)
w(81,4,4,112)
r(169,2,5,113)
w(403,4,5,113)
r(72,7,5,113)
r(46,5,5,113)
w(241,7,5,113)
r(126,4,5,113)
r(37,3,5,113)
w(148,6,5,113)
r(449,6,5,113)
r(84,2,5,113)
r(456,6,5,113)
w(237,4,5,113)
w(92,4,5,113)
r(330,1,5,113)
w(80,3,5,113)
r(172,6,5,113)
r(309,5,5,113)
r(347,2,5,113)
w(100,4,5,113)
r(116,5,5,113)
w(376,6,6,114)
r(431,4,6,114)
w(376,7,6,114)
w(199,6,6,114)
w(323,6,6,114)
r(341,5,6,114)
w(203,4,6,114)
r(191,2,6,114)
w(343,4,6,114)
w(149,8,6,114)
w(143,2,6,114)
w(168,7,6,114)
r(313,2,6,114)
r(302,2,6,114)
w(72,7,6,114)
r(80,7,6,114)
w(471,3,6,114)
r(210,3,6,114)
r(46,5,6,114)
r(466,1,6,114)
w(165,2,1,115)
w(390,5,1,115)
w(359,4,1,115)
r(442,3,1,115)
r(425,1,1,115)
r(80,3,1,115)
w(323,5,1,115)
w(254,2,1,115)
w(344,2,1,115)
r(457,3,1,115)
r(173,2,1,115)
w(450,2,1,115)
r(419,2,1,115)
r(38,2,1,115)
w(343,2,1,115)
w(125,5,1,115)
w(332,4,1,115)
r(274,3,1,115)
w(449,4,1,115)
w(480,2,1,115)
w(395,3,2,116)
w(159,2,2,116)
r(259,3,2,116)
w(376,5,2,116)
r(163,2,2,116)
w(23,5,2,116)
r(454,4,2,116)
r(355,3,2,116)
r(227,5,2,116)
w(456,5,2,116)
r(429,6,2,116)
r(202,5,2,116)
r(129,5,2,116)
r(80,3,2,116)
w(226,2,2,116)
w(135,5,2,116)
w(141,4,2,116)
w(420,4,2,116)
w(126,5,2,116)
w(256,5,2,116)
w(66,4,3,117)
w(197,2,3,117)
w(266,5,3,117)
w(195,2,3,117)
r(254,5,3,117)
r(20,4,3,117)
r(188,2,3,117)
r(455,5,3,117)
r(124,4,3,117)
r(49,2,3,117)
r(74,5,3,117)
r(254,5,3,117)
w(292,5,3,117)
w(76,5,3,117)
r(200,3,3,117)
w(65,6,3,117)
r(360,8,3,117)
r(429,2,3,117)
w(328,5,3,117)
r(146,4,3,117)
w(113,7,4,118)
r(38,5,4,118)
w(322,7,4,118)
w(298,7,4,118)
r(256,1,4,118)
r(223,6,4,118)
w(56,5,4,118)
r(236,4,4,118)
w(195,5,4,118)
w(303,4,4,118)
w(257,6,4,118)
w(195,4,4,118)
w(362,5,4,118)
r(224,6,4,118)
w(174,3,4,118)
w(225,4,4,118)
w(460,7,4,118)
r(326,2,4,118)
r(231,1,4,118)
r(441,2,4,118)
w(272,3,5,119)
w(32,8,5,119)
r(206,5,5,119)
w(429,6,5,119)
r(226,1,5,119)
r(344,2,5,119)
w(254,4,5,119)
w(194,7,5,119)
w(213,4,5,119)
w(241,8,5,119)
r(113,9,5,119)
w(342,5,5,119)
w(236,3,5,119)
w(404,8,5,119)
r(339,2,5,119)
w(264,8,5,119)
w(15,3,5,119)
w(331,6,5,119)
r(30,3,5,119)
w(438,3,5,119)
r(1,4,6,120)
r(181,5,6,120)
w(81,6,6,120)
w(243,3,6,120)
r(205,7,6,120)
w(151,4,6,120)
r(49,1,6,120)
w(190,3,6,120)
r(385,5,6,120)
r(274,3,6,120)
r(219,1,6,120)
w(59,8,6,120)
w(367,4,6,120)
r(196,5,6,120)
w(280,6,6,120)
r(63,4,6,120)
w(179,3,6,120)
w(473,3,6,120)
r(82,8,6,120)
r(271,5,6,120)
w(189,2,1,121)
w(39,2,1,121)
w(477,2,1,121)
w(380,2,1,121)
r(406,5,1,121)
w(371,2,1,121)
r(308,2,1,121)
r(341,5,1,121)
w(480,5,1,121)
r(435,3,1,121)
r(471,3,1,121)
r(193,4,1,121)
r(188,2,1,121)
r(93,5,1,121)
r(375,4,1,121)
w(288,2,1,121)
w(424,5,1,121)
r(236,5,1,121)
r(60,5,1,121)
w(408,2,1,121)
w(178,5,2,122)
w(328,2,2,122)
w(165,5,2,122)
r(470,6,2,122)
r(385,5,2,122)
r(306,4,2,122)
w(384,3,2,122)
r(357,4,2,122)
r(187,5,2,122)
w(396,5,2,122)
w(457,5,2,122)
w(231,5,2,122)
r(389,4,2,122)
r(399,1,2,122)
w(120,5,2,122)
w(469,2,2,122)
r(242,5,2,122)
r(62,2,2,122)
w(360,4,2,122)
r(230,4,2,122)
w(319,2,3,123)
r(57,3,3,123)
r(450,2,3,123)
r(35,4,3,123)
r(371,2,3,123)
r(129,5,3,123)
w(419,4,3,123)
r(206,5,3,123)
r(249,5,3,123)
w(112,5,3,123)
r(285,2,3,123)
r(218,4,3,123)
w(64,4,3,123)
w(298,4,3,123)
w(407,5,3,123)
w(457,4,3,123)
r(169,2,3,123)
r(464,5,3,123)
r(41,4,3,123)
r(173,2,3,123)
r(267,4,4,124)
r(54,5,4,124)
w(387,5,4,124)
w(53,5,4,124)
r(464,2,4,124)
r(65,3,4,124)
r(379,1,4,124)
r(330,1,4,124)
r(73,5,4,124)
w(394,2,4,124)
r(36,2,4,124)
w(67,4,4,124)
r(162,1,4,124)
r(123,3,4,124)
w(211,3,4,124)
r(365,4,4,124)
r(403,5,4,124)
r(7,2,4,124)
w(150,3,4,124)
r(20,4,4,124)
w(280,4,5,125)
w(354,5,5,125)
w(72,4,5,125)
w(29,5,5,125)
w(458,5,5,125)
r(153,2,5,125)
r(215,2,5,125)
w(376,3,5,125)
w(420,7,5,125)
r(467,5,5,125)
r(47,4,5,125)
r(418,6,5,125)
r(178,2,5,125)
w(65,7,5,125)
w(311,6,5,125)
r(320,4,5,125)
w(79,4,5,125)
w(340,4,5,125)
w(123,6,5,125)
w(299,6,5,125)
r(291,1,6,126)
r(447,5,6,126)
w(198,3,6,126)
w(207,3,6,126)
r(134,2,6,126)
r(327,3,6,126)
w(388,4,6,126)
w(346,7,6,126)
r(142,1,6,126)
r(311,5,6,126)
r(81,6,6,126)
w(45,5,6,126)
w(193,4,6,126)
r(45,5,6,126)
w(421,4,6,126)
r(234,2,6,126)
w(142,4,6,126)
w(379,2,6,126)
r(60,5,6,126)
r(215,2,6,126)
r(354,2,1,127)
w(330,2,1,127)
r(253,5,1,127)
r(190,3,1,127)
w(32,5,1,127)
w(467,5,1,127)
r(257,5,1,127)
w(372,5,1,127)
r(92,4,1,127)
r(135,1,1,127)
w(229,2,1,127)
r(75,2,1,127)
w(154,5,1,127)
w(152,2,1,127)
r(166,2,1,127)
r(396,2,1,127)
r(410,5,1,127)
w(359,3,1,127)
w(107,2,1,127)
w(368,2,1,127)
w(176,5,2,128)
w(313,4,2,128)
r(199,6,2,128)
r(392,2,2,128)
w(122,2,2,128)
w(334,3,2,128)
r(274,3,2,128)
w(423,4,2,128)
r(71,4,2,128)
w(13,5,2,128)
r(210,3,2,128)
w(313,3,2,128)
r(18,2,2,128)
w(321,2,2,128)
w(271,3,2,128)
r(322,2,2,128)
r(388,2,2,128)
w(308,5,2,128)
w(239,5,2,128)
r(479,4,2,128)
r(173,2,3,129)
r(480,5,3,129)
w(333,5,3,129)
r(163,2,3,129)
w(90,5,3,129)
w(348,5,3,129)
w(172,4,3,129)
w(466,2,3,129)
w(21,2,3,129)
r(249,5,3,129)
w(435,5,3,129)
w(104,5,3,129)
r(16,3,3,129)
w(122,5,3,129)
w(54,4,3,129)
w(388,2,3,129)
w(469,4,3,129)
w(429,4,3,129)
r(426,2,3,129)
w(337,5,3,129)
r(19,4,4,130)
w(479,2,4,130)
r(467,6,4,130)
w(431,4,4,130)
r(41,4,4,130)
w(230,5,4,130)
w(57,3,4,130)
r(335,5,4,130)
w(345,5,4,130)
r(319,4,4,130)
w(176,3,4,130)
w(348,4,4,130)
r(82,7,4,130)
r(236,4,4,130)
w(260,5,4,130)
w(194,4,4,130)
w(16,2,4,130)
r(362,5,4,130)
w(180,5,4,130)
w(52,3,4,130)
r(396,5,5,131)
w(479,4,5,131)
w(227,6,5,131)
r(167,6,5,131)
w(292,6,5,131)
w(218,3,5,131)
r(19,5,5,131)
r(463,1,5,131)
r(213,4,5,131)
r(286,5,5,131)
w(302,8,5,131)
w(63,5,5,131)
w(56,3,5,131)
w(109,6,5,131)
r(284,2,5,131)
r(337,5,5,131)
w(309,4,5,131)
w(181,4,5,131)
w(387,3,5,131)
r(396,5,5,131)
w(27,8,6,132)
r(328,3,6,132)
r(389,4,6,132)
r(138,5,6,132)
r(448,1,6,132)
r(293,2,6,132)
w(360,8,6,132)
w(255,6,6,132)
w(351,3,6,132)
r(477,5,6,132)
w(343,3,6,132)
r(193,4,6,132)
w(292,10,6,132)
r(177,4,6,132)
r(254,5,6,132)
w(330,4,6,132)
w(128,3,6,132)
r(344,4,6,132)
r(316,5,6,132)
r(82,8,6,132)
w(170,5,1,133)
r(399,1,1,133)
w(26,2,1,133)
w(153,5,1,133)
r(431,4,1,133)
r(180,5,1,133)
r(475,1,1,133)
r(323,4,1,133)
r(196,5,1,133)
r(334,2,1,133)
w(355,4,1,133)
r(68,2,1,133)
w(378,2,1,133)
r(361,5,1,133)
r(443,1,1,133)
w(425,2,1,133)
w(228,5,1,133)
w(370,2,1,133)
w(201,2,1,133)
w(268,5,1,133)
w(186,2,2,134)
r(400,5,2,134)
w(13,4,2,134)
w(400,2,2,134)
w(374,2,2,134)
r(398,2,2,134)
r(385,5,2,134)
r(103,6,2,134)
r(334,3,2,134)
w(389,2,2,134)
r(409,2,2,134)
r(66,4,2,134)
w(392,5,2,134)
w(104,2,2,134)
w(386,2,2,134)
r(102,4,2,134)
r(323,4,2,134)
r(351,7,2,134)
w(364,5,2,134)
r(171,5,2,134)
w(459,3,3,135)
w(371,4,3,135)
r(460,2,3,135)
r(437,2,3,135)
r(297,1,3,135)
r(193,4,3,135)
w(83,4,3,135)
r(160,2,3,135)
w(277,3,3,135)
w(340,5,3,135)
r(344,2,3,135)
w(201,3,3,135)
r(359,3,3,135)
w(335,2,3,135)
w(177,2,3,135)
r(248,2,3,135)
w(381,5,3,135)
r(239,4,3,135)
r(299,6,3,135)
w(437,5,3,135)
w(93,5,4,136)
r(331,5,4,136)
r(105,4,4,136)
r(20,4,4,136)
r(390,6,4,136)
w(217,8,4,136)
r(114,5,4,136)
r(310,1,4,136)
r(128,2,4,136)
r(428,1,4,136)
r(43,4,4,136)
r(378,5,4,136)
r(382,5,4,136)
r(404,10,4,136)
r(435,3,4,136)
r(121,2,4,136)
r(449,6,4,136)
r(435,3,4,136)
r(323,3,4,136)
w(349,3,4,136)
w(301,5,5,137)
r(367,2,5,137)
w(394,5,5,137)
r(89,4,5,137)
w(306,6,5,137)
w(426,5,5,137)
r(45,5,5,137)
r(173,2,5,137)
w(140,4,5,137)
w(100,3,5,137)
w(90,4,5,137)
r(343,2,5,137)
r(329,2,5,137)
r(271,3,5,137)
r(314,2,5,137)
w(162,2,5,137)
r(38,2,5,137)
r(273,1,5,137)
w(89,5,5,137)
r(213,4,5,137)
r(432,1,6,138)
r(393,4,6,138)
r(193,4,6,138)
w(113,9,6,138)
r(32,7,6,138)
r(293,2,6,138)
r(25,5,6,138)
r(236,4,6,138)
w(213,6,6,138)
w(224,8,6,138)
r(214,2,6,138)
w(317,3,6,138)
r(265,1,6,138)
r(186,5,6,138)
w(115,4,6,138)
r(328,3,6,138)
r(229,1,6,138)
r(155,2,6,138)
r(85,5,6,138)
r(369,3,6,138)
r(126,5,1,139)
w(52,2,1,139)
r(81,2,1,139)
w(461,4,1,139)
w(271,4,1,139)
r(339,2,1,139)
w(370,5,1,139)
r(46,5,1,139)
r(122,5,1,139)
r(14,5,1,139)
w(408,5,1,139)
r(369,3,1,139)
w(170,4,1,139)
w(131,4,1,139)
w(11,5,1,139)
r(81,2,1,139)
w(207,2,1,139)
w(369,5,1,139)
w(209,2,1,139)
r(128,3,1,139)
r(169,2,2,140)
r(77,4,2,140)
r(352,5,2,140)
w(447,3,2,140)
r(271,3,2,140)
w(59,3,2,140)
r(282,8,2,140)
r(1,4,2,140)
r(66,4,2,140)
w(6,2,2,140)
w(24,2,2,140)
r(411,1,2,140)
w(100,2,2,140)
r(42,4,2,140)
w(332,6,2,140)
w(333,2,2,140)
r(162,2,2,140)
r(284,2,2,140)
w(210,5,2,140)
w(321,5,2,140)
w(216,5,3,141)
w(137,3,3,141)
w(429,3,3,141)
r(337,5,3,141)
w(287,3,3,141)
r(105,2,3,141)
w(149,3,3,141)
w(358,2,3,141)
w(288,4,3,141)
w(434,5,3,141)
r(324,2,3,141)
w(71,2,3,141)
w(209,5,3,141)
w(267,5,3,141)
w(425,5,3,141)
r(350,4,3,141)
w(108,6,3,141)
r(271,3,3,141)
w(434,4,3,141)
r(239,2,3,141)
r(70,5,4,142)
w(123,4,4,142)
r(90,3,4,142)
w(204,3,4,142)
r(106,1,4,142)
r(120,6,4,142)
w(165,7,4,142)
r(313,2,4,142)
r(364,6,4,142)
w(186,5,4,142)
r(180,5,4,142)
w(423,6,4,142)
w(346,6,4,142)
r(123,4,4,142)
r(404,10,4,142)
w(466,5,4,142)
w(102,5,4,142)
w(400,5,4,142)
w(390,4,4,142)
w(133,3,4,142)
r(238,6,5,143)
w(59,7,5,143)
r(437,5,5,143)
r(389,4,5,143)
w(269,5,5,143)
w(401,3,5,143)
r(39,5,5,143)
r(469,2,5,143)
w(424,6,5,143)
w(444,5,5,143)
w(319,5,5,143)
r(133,3,5,143)
r(83,4,5,143)
w(145,5,5,143)
w(130,5,5,143)
r(103,6,5,143)
w(359,6,5,143)
r(308,5,5,143)
r(430,2,5,143)
r(220,5,5,143)
w(416,3,6,144)
w(464,5,6,144)
r(233,1,6,144)
r(307,4,6,144)
w(228,8,6,144)
w(58,5,6,144)
r(362,4,6,144)
w(278,4,6,144)
r(279,4,6,144)
w(357,4,6,144)
r(208,5,6,144)
r(301,3,6,144)
r(365,2,6,144)
w(141,8,6,144)
r(449,5,6,144)
w(202,5,6,144)
r(233,1,6,144)
r(59,4,6,144)
r(105,4,6,144)
r(185,2,6,144)
w(445,4,1,145)
w(105,2,1,145)
r(450,2,1,145)
r(248,2,1,145)
w(339,5,1,145)
r(95,3,1,145)
r(221,2,1,145)
r(312,3,1,145)
w(422,2,1,145)
w(232,2,1,145)
r(37,3,1,145)
w(413,5,1,145)
r(369,5,1,145)
r(466,2,1,145)
w(436,2,1,145)
w(239,2,1,145)
w(322,5,1,145)
r(83,4,1,145)
r(292,6,1,145)
w(338,4,1,145)
w(217,3,2,146)
r(186,2,2,146)
w(127,2,2,146)
r(294,4,2,146)
r(140,4,2,146)
w(216,2,2,146)
w(259,2,2,146)
r(371,4,2,146)
w(275,5,2,146)
r(382,5,2,146)
r(10,4,2,146)
w(392,4,2,146)
w(309,2,2,146)
r(388,2,2,146)
w(244,2,2,146)
w(153,4,2,146)
w(159,5,2,146)
r(305,2,2,146)
w(91,4,2,146)
r(28,5,2,146)
w(387,2,3,147)
w(109,3,3,147)
r(264,8,3,147)
r(366,4,3,147)
r(18,2,3,147)
r(430,2,3,147)
r(5,2,3,147)
w(52,4,3,147)
w(327,5,3,147)
w(360,3,3,147)
w(414,5,3,147)
w(470,4,3,147)
w(391,5,3,147)
r(350,4,3,147)
r(197,2,3,147)
r(2,2,3,147)
r(207,2,3,147)
w(460,6,3,147)
w(433,4,3,147)
r(315,2,3,147)
w(14,5,4,148)
w(82,4,4,148)
w(372,8,4,148)
w(328,4,4,148)
r(397,2,4,148)
w(430,2,4,148)
w(454,4,4,148)
r(466,5,4,148)
r(266,4,4,148)
w(207,4,4,148)
w(277,6,4,148)
r(474,2,4,148)
r(71,4,4,148)
w(438,4,4,148)
w(245,2,4,148)
r(263,3,4,148)
w(299,3,4,148)
r(444,2,4,148)
r(417,5,4,148)
w(362,4,4,148)
r(235,5,5,149)
r(56,3,5,149)
r(6,5,5,149)
w(470,3,5,149)
w(114,3,5,149)
r(237,4,5,149)
r(337,5,5,149)
r(346,8,5,149)
r(436,2,5,149)
r(27,8,5,149)
r(355,4,5,149)
w(142,5,5,149)
w(101,4,5,149)
w(72,3,5,149)
r(210,3,5,149)
w(12,6,5,149)
r(120,5,5,149)
w(441,3,5,149)
w(267,3,5,149)
w(349,6,5,149)
w(214,8,6,150)
r(471,3,6,150)
w(103,4,6,150)
r(37,3,6,150)
r(159,4,6,150)
r(337,2,6,150)
r(79,2,6,150)
r(326,2,6,150)
r(301,3,6,150)
r(161,2,6,150)
r(418,6,6,150)
r(37,3,6,150)
w(406,4,6,150)
w(259,3,6,150)
w(103,3,6,150)
r(324,2,6,150)
w(286,5,6,150)
w(320,4,6,150)
w(386,4,6,150)
w(20,3,6,150)
r(17,2,4,151)
w(15,2,4,151)
r(46,5,4,151)
w(325,3,4,151)
r(124,4,4,151)
w(332,11,4,151)
w(102,4,4,151)
w(213,5,4,151)
r(391,4,4,151)
r(387,5,4,151)
r(114,5,4,151)
r(113,9,4,151)
w(295,2,4,151)
r(71,4,4,151)
r(44,1,4,151)
r(354,2,4,151)
w(387,4,4,151)
r(30,3,4,151)
r(128,3,4,151)
r(186,5,4,151)
w(127,3,5,152)
w(292,7,5,152)
w(159,3,5,152)
w(303,6,5,152)
r(111,5,5,152)
w(369,8,5,152)
w(298,10,5,152)
w(471,5,5,152)
w(268,6,5,152)
w(256,4,5,152)
w(340,3,5,152)
r(472,2,5,152)
w(428,2,5,152)
r(224,8,5,152)
r(363,2,5,152)
r(130,5,5,152)
r(369,8,5,152)
r(90,4,5,152)
w(435,6,5,152)
w(283,7,5,152)
w(255,7,6,153)
w(271,7,6,153)
w(455,4,6,153)
r(132,5,6,153)
r(288,2,6,153)
w(56,8,6,153)
w(290,4,6,153)
w(40,7,6,153)
w(293,5,6,153)
w(252,3,6,153)
w(201,6,6,153)
r(15,3,6,153)
w(144,6,6,153)
r(322,2,6,153)
r(55,2,6,153)
r(57,3,6,153)
r(136,2,6,153)
r(233,1,6,153)
r(369,3,6,153)
w(89,4,6,153)
w(19,5,4,154)
w(227,5,4,154)
w(138,2,4,154)
r(27,8,4,154)
r(250,2,4,154)
w(306,4,4,154)
w(333,4,4,154)
w(223,7,4,154)
r(430,2,4,154)
r(17,2,4,154)
w(294,4,4,154)
r(317,3,4,154)
w(42,4,4,154)
r(391,4,4,154)
w(300,4,4,154)
r(347,2,4,154)
r(437,2,4,154)
w(198,4,4,154)
w(234,5,4,154)
r(88,5,4,154)
w(289,7,5,155)
w(55,5,5,155)
w(305,3,5,155)
w(401,6,5,155)
r(279,4,5,155)
r(327,5,5,155)
w(302,10,5,155)
w(32,10,5,155)
r(159,5,5,155)
r(117,2,5,155)
w(161,5,5,155)
w(462,4,5,155)
w(130,4,5,155)
w(203,5,5,155)
r(69,5,5,155)
w(60,4,5,155)
r(200,3,5,155)
w(390,3,5,155)
w(47,3,5,155)
r(188,2,5,155)
r(132,5,6,156)
w(346,8,6,156)
r(433,2,6,156)
w(98,3,6,156)
r(340,4,6,156)
r(255,7,6,156)
r(321,3,6,156)
w(103,6,6,156)
w(468,3,6,156)
w(39,5,6,156)
r(426,2,6,156)
r(267,4,6,156)
w(366,4,6,156)
r(286,5,6,156)
w(218,7,6,156)
w(94,3,6,156)
w(308,7,6,156)
r(270,2,6,156)
w(242,3,6,156)
r(392,2,6,156)
w(74,5,4,157)
w(56,4,4,157)
r(295,2,4,157)
r(13,2,4,157)
w(59,6,4,157)
r(65,4,4,157)
w(268,4,4,157)
w(119,2,4,157)
w(312,3,4,157)
r(225,4,4,157)
r(50,1,4,157)
w(479,5,4,157)
r(9,1,4,157)
r(36,2,4,157)
r(227,5,4,157)
w(440,2,4,157)
w(452,3,4,157)
w(119,5,4,157)
w(36,3,4,157)
r(267,4,4,157)
w(24,4,6,158)
r(173,2,6,158)
r(198,4,6,158)
r(429,4,6,158)
r(204,3,6,158)
w(230,3,6,158)
w(131,10,6,158)
w(10,4,6,158)
w(351,6,6,158)
w(159,6,6,158)
r(240,3,6,158)
w(351,7,6,158)
w(187,7,6,158)
w(244,4,6,158)
r(439,4,6,158)
w(108,7,6,158)
r(114,5,6,158)
w(332,9,6,158)
r(430,2,6,158)
w(106,2,6,158)
w(436,4,4,159)
w(441,4,4,159)
w(292,4,4,159)
w(323,4,4,159)
w(91,8,4,159)
r(369,3,4,159)
r(311,5,4,159)
r(93,5,4,159)
r(51,2,4,159)
w(186,4,4,159)
r(297,1,4,159)
w(255,2,4,159)
w(230,4,4,159)
r(74,5,4,159)
w(468,5,4,159)
w(28,5,4,159)
r(404,10,4,159)
r(169,2,4,159)
r(222,5,4,159)
w(440,5,4,159)
