w(1,1,0,0)
w(2,1,0,0)
w(3,1,0,0)
w(4,1,0,0)
w(5,1,0,0)
w(6,1,0,0)
w(7,1,0,0)
w(8,1,0,0)
w(9,1,0,0)
w(10,1,0,0)
w(11,1,0,0)
w(12,1,0,0)
w(13,1,0,0)
w(14,1,0,0)
w(15,1,0,0)
w(16,1,0,0)
w(17,1,0,0)
w(18,1,0,0)
w(19,1,0,0)
w(20,1,0,0)
w(21,1,0,0)
w(22,1,0,0)
w(23,1,0,0)
w(24,1,0,0)
w(25,1,0,0)
w(26,1,0,0)
w(27,1,0,0)
w(28,1,0,0)
w(29,1,0,0)
w(30,1,0,0)
w(31,1,0,0)
w(32,1,0,0)
w(33,1,0,0)
w(34,1,0,0)
w(35,1,0,0)
w(36,1,0,0)
w(37,1,0,0)
w(38,1,0,0)
w(39,1,0,0)
w(40,1,0,0)
w(41,1,0,0)
w(42,1,0,0)
w(43,1,0,0)
w(44,1,0,0)
w(45,1,0,0)
w(46,1,0,0)
w(47,1,0,0)
w(48,1,0,0)
w(49,1,0,0)
w(50,1,0,0)
w(51,1,0,0)
w(52,1,0,0)
w(53,1,0,0)
w(54,1,0,0)
w(55,1,0,0)
w(56,1,0,0)
w(57,1,0,0)
w(58,1,0,0)
w(59,1,0,0)
w(60,1,0,0)
w(61,1,0,0)
w(62,1,0,0)
w(63,1,0,0)
w(64,1,0,0)
w(65,1,0,0)
w(66,1,0,0)
w(67,1,0,0)
w(68,1,0,0)
w(69,1,0,0)
w(70,1,0,0)
w(71,1,0,0)
w(72,1,0,0)
w(73,1,0,0)
w(74,1,0,0)
w(75,1,0,0)
w(76,1,0,0)
w(77,1,0,0)
w(78,1,0,0)
w(79,1,0,0)
w(80,1,0,0)
w(81,1,0,0)
w(82,1,0,0)
w(83,1,0,0)
w(84,1,0,0)
w(85,1,0,0)
w(86,1,0,0)
w(87,1,0,0)
w(88,1,0,0)
w(89,1,0,0)
w(90,1,0,0)
w(91,1,0,0)
w(92,1,0,0)
w(93,1,0,0)
w(94,1,0,0)
w(95,1,0,0)
w(96,1,0,0)
w(97,1,0,0)
w(98,1,0,0)
w(99,1,0,0)
w(100,1,0,0)
w(101,1,0,0)
w(102,1,0,0)
w(103,1,0,0)
w(104,1,0,0)
w(105,1,0,0)
w(106,1,0,0)
w(107,1,0,0)
w(108,1,0,0)
w(109,1,0,0)
w(110,1,0,0)
w(111,1,0,0)
w(112,1,0,0)
w(113,1,0,0)
w(114,1,0,0)
w(115,1,0,0)
w(116,1,0,0)
w(117,1,0,0)
w(118,1,0,0)
w(119,1,0,0)
w(120,1,0,0)
w(121,1,0,0)
w(122,1,0,0)
w(123,1,0,0)
w(124,1,0,0)
w(125,1,0,0)
w(126,1,0,0)
w(127,1,0,0)
w(128,1,0,0)
w(129,1,0,0)
w(130,1,0,0)
w(131,1,0,0)
w(132,1,0,0)
w(133,1,0,0)
w(134,1,0,0)
w(135,1,0,0)
w(136,1,0,0)
w(137,1,0,0)
w(138,1,0,0)
w(139,1,0,0)
w(140,1,0,0)
w(141,1,0,0)
w(142,1,0,0)
w(143,1,0,0)
w(144,1,0,0)
w(145,1,0,0)
w(146,1,0,0)
w(147,1,0,0)
w(148,1,0,0)
w(149,1,0,0)
w(150,1,0,0)
w(151,1,0,0)
w(152,1,0,0)
w(153,1,0,0)
w(154,1,0,0)
w(155,1,0,0)
w(156,1,0,0)
w(157,1,0,0)
w(158,1,0,0)
w(159,1,0,0)
w(160,1,0,0)
w(161,1,0,0)
w(162,1,0,0)
w(163,1,0,0)
w(164,1,0,0)
w(165,1,0,0)
w(166,1,0,0)
w(167,1,0,0)
w(168,1,0,0)
w(169,1,0,0)
w(170,1,0,0)
w(171,1,0,0)
w(172,1,0,0)
w(173,1,0,0)
w(174,1,0,0)
w(175,1,0,0)
w(176,1,0,0)
w(177,1,0,0)
w(178,1,0,0)
w(179,1,0,0)
w(180,1,0,0)
w(181,1,0,0)
w(182,1,0,0)
w(183,1,0,0)
w(184,1,0,0)
w(185,1,0,0)
w(186,1,0,0)
w(187,1,0,0)
w(188,1,0,0)
w(189,1,0,0)
w(190,1,0,0)
w(191,1,0,0)
w(192,1,0,0)
w(193,1,0,0)
w(194,1,0,0)
w(195,1,0,0)
w(196,1,0,0)
w(197,1,0,0)
w(198,1,0,0)
w(199,1,0,0)
w(200,1,0,0)
w(201,1,0,0)
w(202,1,0,0)
w(203,1,0,0)
w(204,1,0,0)
w(205,1,0,0)
w(206,1,0,0)
w(207,1,0,0)
w(208,1,0,0)
w(209,1,0,0)
w(210,1,0,0)
w(211,1,0,0)
w(212,1,0,0)
w(213,1,0,0)
w(214,1,0,0)
w(215,1,0,0)
w(216,1,0,0)
w(217,1,0,0)
w(218,1,0,0)
w(219,1,0,0)
w(220,1,0,0)
w(221,1,0,0)
w(222,1,0,0)
w(223,1,0,0)
w(224,1,0,0)
w(225,1,0,0)
w(226,1,0,0)
w(227,1,0,0)
w(228,1,0,0)
w(229,1,0,0)
w(230,1,0,0)
w(231,1,0,0)
w(232,1,0,0)
w(233,1,0,0)
w(234,1,0,0)
w(235,1,0,0)
w(236,1,0,0)
w(237,1,0,0)
w(238,1,0,0)
w(239,1,0,0)
w(240,1,0,0)
w(241,1,0,0)
w(242,1,0,0)
w(243,1,0,0)
w(244,1,0,0)
w(245,1,0,0)
w(246,1,0,0)
w(247,1,0,0)
w(248,1,0,0)
w(249,1,0,0)
w(250,1,0,0)
w(251,1,0,0)
w(252,1,0,0)
w(253,1,0,0)
w(254,1,0,0)
w(255,1,0,0)
w(256,1,0,0)
w(257,1,0,0)
w(258,1,0,0)
w(259,1,0,0)
w(260,1,0,0)
w(261,1,0,0)
w(262,1,0,0)
w(263,1,0,0)
w(264,1,0,0)
w(265,1,0,0)
w(266,1,0,0)
w(267,1,0,0)
w(268,1,0,0)
w(269,1,0,0)
w(270,1,0,0)
w(271,1,0,0)
w(272,1,0,0)
w(273,1,0,0)
w(274,1,0,0)
w(275,1,0,0)
w(276,1,0,0)
w(277,1,0,0)
w(278,1,0,0)
w(279,1,0,0)
w(280,1,0,0)
w(281,1,0,0)
w(282,1,0,0)
w(283,1,0,0)
w(284,1,0,0)
w(285,1,0,0)
w(286,1,0,0)
w(287,1,0,0)
w(288,1,0,0)
w(289,1,0,0)
w(290,1,0,0)
w(291,1,0,0)
w(292,1,0,0)
w(293,1,0,0)
w(294,1,0,0)
w(295,1,0,0)
w(296,1,0,0)
w(297,1,0,0)
w(298,1,0,0)
w(299,1,0,0)
w(300,1,0,0)
w(301,1,0,0)
w(302,1,0,0)
w(303,1,0,0)
w(304,1,0,0)
w(305,1,0,0)
w(306,1,0,0)
w(307,1,0,0)
w(308,1,0,0)
w(309,1,0,0)
w(310,1,0,0)
w(311,1,0,0)
w(312,1,0,0)
w(313,1,0,0)
w(314,1,0,0)
w(315,1,0,0)
w(316,1,0,0)
w(317,1,0,0)
w(318,1,0,0)
w(319,1,0,0)
w(320,1,0,0)
w(321,1,0,0)
w(322,1,0,0)
w(323,1,0,0)
w(324,1,0,0)
w(325,1,0,0)
w(326,1,0,0)
w(327,1,0,0)
w(328,1,0,0)
w(329,1,0,0)
w(330,1,0,0)
w(331,1,0,0)
w(332,1,0,0)
w(333,1,0,0)
w(334,1,0,0)
w(335,1,0,0)
w(336,1,0,0)
w(337,1,0,0)
w(338,1,0,0)
w(339,1,0,0)
w(340,1,0,0)
w(341,1,0,0)
w(342,1,0,0)
w(343,1,0,0)
w(344,1,0,0)
w(345,1,0,0)
w(346,1,0,0)
w(347,1,0,0)
w(348,1,0,0)
w(349,1,0,0)
w(350,1,0,0)
w(351,1,0,0)
w(352,1,0,0)
w(353,1,0,0)
w(354,1,0,0)
w(355,1,0,0)
w(356,1,0,0)
w(357,1,0,0)
w(358,1,0,0)
w(359,1,0,0)
w(360,1,0,0)
w(317,2,1,1)
r(310,1,1,1)
w(20,2,1,1)
w(279,2,1,1)
r(70,1,1,1)
r(344,1,1,1)
w(247,2,1,1)
w(335,2,1,1)
w(161,2,1,1)
w(69,2,1,1)
w(24,2,1,1)
r(141,1,1,1)
r(156,1,1,1)
w(43,2,1,1)
r(340,1,1,1)
r(114,1,1,1)
r(52,1,1,1)
r(107,1,1,1)
r(335,2,1,1)
r(135,1,1,1)
w(137,6,2,2)
r(53,1,2,2)
w(38,6,2,2)
r(15,1,2,2)
w(66,2,2,2)
r(237,1,2,2)
r(280,1,2,2)
r(227,1,2,2)
r(332,1,2,2)
r(270,1,2,2)
w(92,4,2,2)
w(174,6,2,2)
r(227,1,2,2)
r(127,1,2,2)
w(69,10,2,2)
r(331,1,2,2)
r(35,1,2,2)
r(315,1,2,2)
r(235,1,2,2)
r(100,6,2,2)
r(333,1,3,3)
w(216,10,3,3)
w(300,9,3,3)
w(49,10,3,3)
r(328,1,3,3)
r(112,1,3,3)
r(160,1,3,3)
r(300,9,3,3)
r(305,1,3,3)
w(37,5,3,3)
w(179,3,3,3)
r(21,1,3,3)
w(130,6,3,3)
r(85,1,3,3)
r(146,1,3,3)
w(58,9,3,3)
r(248,1,3,3)
w(184,4,3,3)
r(186,1,3,3)
w(281,6,3,3)
r(67,1,4,4)
w(159,5,4,4)
r(48,1,4,4)
r(55,1,4,4)
w(198,9,4,4)
r(166,1,4,4)
r(298,1,4,4)
w(9,8,4,4)
r(197,1,4,4)
r(227,1,4,4)
r(105,1,4,4)
w(194,9,4,4)
r(90,1,4,4)
w(159,8,4,4)
w(100,6,4,4)
w(175,11,4,4)
r(150,1,4,4)
w(92,9,4,4)
r(89,1,4,4)
w(242,8,4,4)
r(168,1,5,5)
w(242,9,5,5)
w(119,11,5,5)
w(46,13,5,5)
r(186,1,5,5)
w(218,10,5,5)
r(192,1,5,5)
r(19,1,5,5)
r(12,1,5,5)
w(243,10,5,5)
r(352,1,5,5)
w(128,10,5,5)
r(70,1,5,5)
w(25,9,5,5)
w(263,5,5,5)
w(6,13,6,6)
w(93,15,6,6)
r(218,1,6,6)
w(59,16,6,6)
r(276,1,6,6)
r(207,1,6,6)
r(115,1,6,6)
r(119,1,6,6)
r(301,1,6,6)
w(292,10,6,6)
w(236,9,6,6)
w(37,13,6,6)
r(95,1,6,6)
r(236,9,6,6)
w(240,6,6,6)
r(324,1,6,6)
w(164,7,6,6)
r(189,1,1,7)
r(111,1,1,7)
r(24,3,1,7)
w(333,2,1,7)
r(85,1,1,7)
w(191,2,1,7)
r(108,1,1,7)
r(228,1,1,7)
w(47,2,1,7)
r(29,1,1,7)
w(301,2,1,7)
r(121,1,1,7)
w(51,2,1,7)
r(162,1,1,7)
w(209,2,1,7)
w(167,2,1,7)
w(331,2,1,7)
w(54,2,1,7)
w(93,2,1,7)
r(301,2,1,7)
r(286,1,2,8)
r(97,1,2,8)
r(156,1,2,8)
w(180,4,2,8)
r(214,1,2,8)
r(256,1,2,8)
r(256,1,2,8)
r(183,1,2,8)
w(46,4,2,8)
r(338,1,2,8)
w(164,4,2,8)
w(4,8,2,8)
w(145,6,2,8)
w(108,6,2,8)
r(71,1,2,8)
r(71,1,3,9)
r(339,1,3,9)
w(16,10,3,9)
w(119,10,3,9)
w(161,8,3,9)
r(91,1,3,9)
w(8,8,3,9)
r(327,1,3,9)
w(188,8,3,9)
r(233,1,3,9)
r(60,1,3,9)
r(313,1,3,9)
w(41,6,3,9)
w(142,9,3,9)
w(27,5,3,9)
w(28,13,3,9)
r(14,1,3,9)
r(321,1,3,9)
w(143,9,3,9)
r(105,1,3,9)
r(262,1,4,10)
w(295,10,4,10)
r(266,1,4,10)
r(221,1,4,10)
r(185,1,4,10)
w(12,13,4,10)
w(335,12,4,10)
r(177,1,4,10)
w(165,10,4,10)
w(224,6,4,10)
r(40,6,4,10)
r(222,1,4,10)
w(126,12,4,10)
w(164,9,4,10)
w(179,13,4,10)
w(42,8,4,10)
r(331,2,4,10)
w(57,9,4,10)
r(26,1,4,10)
w(61,10,4,10)
w(98,11,5,11)
r(31,1,5,11)
w(124,9,5,11)
r(195,1,5,11)
r(275,1,5,11)
r(52,1,5,11)
r(344,1,5,11)
r(78,1,5,11)
r(154,1,5,11)
r(40,1,5,11)
w(40,4,5,11)
r(229,1,5,11)
r(308,1,5,11)
r(7,1,5,11)
w(304,12,5,11)
w(303,14,5,11)
w(137,3,5,11)
r(353,1,5,11)
r(185,1,5,11)
w(40,6,5,11)
r(122,1,6,12)
r(268,1,6,12)
w(337,10,6,12)
w(298,19,6,12)
w(328,10,6,12)
w(23,11,6,12)
r(222,1,6,12)
r(218,1,6,12)
w(24,3,6,12)
w(55,13,6,12)
r(22,1,6,12)
r(209,1,6,12)
w(354,13,6,12)
w(253,8,6,12)
r(356,1,6,12)
w(232,11,6,12)
r(32,1,6,12)
r(279,2,6,12)
r(215,1,6,12)
r(260,1,6,12)
r(145,1,1,13)
w(84,2,1,13)
r(208,1,1,13)
w(249,2,1,13)
w(245,2,1,13)
w(68,2,1,13)
r(190,1,1,13)
w(108,2,1,13)
r(219,1,1,13)
w(313,2,1,13)
w(152,2,1,13)
r(314,1,1,13)
w(28,2,1,13)
w(267,2,1,13)
r(73,1,1,13)
r(6,1,1,13)
w(342,2,1,13)
r(191,2,1,13)
w(188,4,2,14)
r(10,1,2,14)
r(211,1,2,14)
r(289,1,2,14)
w(103,4,2,14)
r(190,1,2,14)
r(221,1,2,14)
r(207,1,2,14)
w(57,4,2,14)
w(349,10,2,14)
w(191,5,2,14)
r(102,1,2,14)
r(115,1,2,14)
w(145,5,2,14)
r(304,12,2,14)
w(259,2,2,14)
r(149,1,2,14)
w(20,5,3,15)
r(109,1,3,15)
r(135,1,3,15)
r(164,9,3,15)
r(2,1,3,15)
w(198,8,3,15)
w(252,6,3,15)
w(323,4,3,15)
r(295,10,3,15)
w(300,11,3,15)
r(313,1,3,15)
r(185,1,3,15)
r(263,1,3,15)
w(287,8,3,15)
w(173,5,3,15)
r(218,1,3,15)
r(56,1,3,15)
w(46,9,3,15)
w(276,5,3,15)
r(90,1,3,15)
w(193,8,4,16)
r(26,1,4,16)
r(48,1,4,16)
w(122,11,4,16)
r(249,8,4,16)
r(231,1,4,16)
w(246,8,4,16)
r(101,1,4,16)
w(337,6,4,16)
w(279,5,4,16)
w(46,11,4,16)
w(31,9,4,16)
w(2,8,4,16)
r(224,6,4,16)
r(251,1,4,16)
r(41,6,4,16)
r(186,1,4,16)
w(234,8,4,16)
w(258,4,4,16)
w(49,12,4,16)
r(40,6,5,17)
w(226,9,5,17)
w(50,9,5,17)
w(319,6,5,17)
w(75,9,5,17)
w(104,12,5,17)
w(234,10,5,17)
r(200,1,5,17)
w(320,10,5,17)
w(94,12,5,17)
r(198,9,5,17)
w(239,11,5,17)
w(333,8,5,17)
r(147,1,5,17)
r(104,12,5,17)
r(138,1,5,17)
r(110,1,5,17)
r(144,1,5,17)
w(102,10,5,17)
w(230,7,5,17)
r(94,1,6,18)
w(285,3,6,18)
r(286,1,6,18)
w(84,9,6,18)
r(200,1,6,18)
w(354,7,6,18)
w(249,19,6,18)
w(107,12,6,18)
w(330,11,6,18)
r(360,1,6,18)
w(248,9,6,18)
w(226,3,6,18)
r(309,1,1,19)
w(78,4,1,19)
w(237,2,1,19)
r(154,1,1,19)
w(165,2,1,19)
w(223,2,1,19)
w(325,2,1,19)
w(7,4,1,19)
w(73,2,1,19)
w(286,2,1,19)
w(203,2,1,19)
r(235,1,1,19)
w(140,2,1,19)
r(332,1,1,19)
w(303,2,1,19)
r(113,4,1,19)
r(81,1,1,19)
w(228,2,1,19)
r(27,5,1,19)
w(68,4,1,19)
r(100,6,2,20)
r(105,1,2,20)
r(238,1,2,20)
r(72,1,2,20)
r(181,1,2,20)
w(113,4,2,20)
w(130,2,2,20)
r(97,1,2,20)
r(117,1,2,20)
r(233,1,2,20)
w(248,6,2,20)
w(117,4,2,20)
w(212,6,2,20)
r(168,1,2,20)
r(178,1,2,20)
w(143,6,2,20)
r(276,1,2,20)
w(300,6,2,20)
w(124,6,2,20)
r(286,1,2,20)
r(229,1,3,21)
w(296,6,3,21)
w(193,5,3,21)
r(158,1,3,21)
r(297,6,3,21)
r(103,1,3,21)
w(154,6,3,21)
w(264,5,3,21)
w(114,6,3,21)
w(342,6,3,21)
r(223,2,3,21)
r(262,1,3,21)
r(193,5,3,21)
w(352,5,3,21)
w(113,6,3,21)
w(72,2,3,21)
r(244,1,3,21)
r(21,1,3,21)
r(337,9,3,21)
r(334,1,3,21)
w(98,9,4,22)
w(313,10,4,22)
r(46,11,4,22)
r(286,2,4,22)
w(278,6,4,22)
r(256,1,4,22)
r(104,12,4,22)
r(307,12,4,22)
r(272,1,4,22)
r(343,1,4,22)
w(217,13,4,22)
w(25,8,4,22)
w(128,8,4,22)
w(308,11,4,22)
w(298,9,4,22)
r(262,1,4,22)
w(352,10,4,22)
w(287,9,4,22)
r(341,1,4,22)
w(175,3,4,22)
w(219,9,5,23)
r(240,1,5,23)
r(110,1,5,23)
w(144,10,5,23)
r(40,6,5,23)
r(59,1,5,23)
w(170,13,5,23)
r(150,1,5,23)
r(61,10,5,23)
r(232,11,5,23)
r(126,12,5,23)
r(179,13,5,23)
w(131,9,5,23)
w(176,13,5,23)
r(156,1,5,23)
w(79,3,5,23)
r(329,1,5,23)
w(165,11,5,23)
w(206,11,5,23)
r(56,1,5,23)
w(51,11,6,24)
w(45,11,6,24)
w(358,3,6,24)
r(124,9,6,24)
w(297,12,6,24)
w(33,10,6,24)
r(195,1,6,24)
r(84,1,6,24)
w(345,12,6,24)
w(314,3,6,24)
r(262,1,6,24)
r(63,1,6,24)
w(7,3,6,24)
w(203,13,6,24)
r(245,1,6,24)
w(5,3,6,24)
w(273,12,6,24)
r(169,1,6,24)
w(198,14,6,24)
w(86,7,6,24)
w(270,2,1,25)
r(301,6,1,25)
r(167,2,1,25)
w(170,2,1,25)
r(101,1,1,25)
r(86,7,1,25)
w(120,2,1,25)
w(171,2,1,25)
r(9,8,1,25)
r(71,1,1,25)
w(308,2,1,25)
r(134,1,1,25)
w(78,6,1,25)
w(339,4,1,25)
r(243,1,1,25)
r(120,2,1,25)
w(182,2,1,25)
w(155,2,1,25)
r(319,6,1,25)
r(337,9,1,25)
r(291,1,2,26)
r(131,9,2,26)
r(24,3,2,26)
w(249,8,2,26)
r(36,1,2,26)
w(6,2,2,26)
r(9,8,2,26)
r(309,1,2,26)
r(210,1,2,26)
r(41,6,2,26)
w(250,2,2,26)
r(217,1,2,26)
w(119,4,2,26)
w(46,6,2,26)
w(297,6,2,26)
r(14,1,2,26)
r(300,11,2,26)
r(139,1,2,26)
w(301,6,2,26)
w(193,6,2,26)
r(75,9,3,27)
r(60,1,3,27)
r(6,2,3,27)
w(346,5,3,27)
r(318,1,3,27)
w(297,5,3,27)
w(287,10,3,27)
r(190,1,3,27)
r(12,13,3,27)
w(144,6,3,27)
w(9,6,3,27)
r(126,12,3,27)
r(167,2,3,27)
r(53,1,3,27)
r(19,1,3,27)
r(21,1,3,27)
r(170,2,3,27)
w(299,6,3,27)
r(264,5,3,27)
r(49,7,3,27)
w(95,5,4,28)
r(130,2,4,28)
r(334,1,4,28)
w(281,10,4,28)
r(58,9,4,28)
r(11,10,4,28)
w(166,4,4,28)
w(101,9,4,28)
w(123,6,4,28)
w(316,8,4,28)
w(304,8,4,28)
w(289,5,4,28)
w(103,9,4,28)
w(21,8,4,28)
r(263,1,4,28)
r(117,4,4,28)
w(301,8,4,28)
w(358,9,4,28)
r(200,1,4,28)
r(349,1,4,28)
r(227,1,5,29)
r(222,1,5,29)
w(11,10,5,29)
r(245,1,5,29)
r(294,1,5,29)
r(146,1,5,29)
r(132,12,5,29)
r(200,1,5,29)
w(181,6,5,29)
w(177,10,5,29)
w(142,13,5,29)
r(201,1,5,29)
w(49,7,5,29)
r(207,1,5,29)
r(143,6,5,29)
w(147,10,5,29)
w(54,11,5,29)
r(350,1,5,29)
w(311,9,5,29)
r(21,1,5,29)
r(140,1,6,30)
r(211,1,6,30)
r(174,6,6,30)
w(132,12,6,30)
r(11,1,6,30)
w(59,19,6,30)
w(151,10,6,30)
w(306,10,6,30)
r(298,19,6,30)
r(217,1,6,30)
w(170,14,6,30)
w(265,10,6,30)
w(359,13,6,30)
w(55,7,6,30)
w(337,9,6,30)
w(307,12,6,30)
w(85,12,6,30)
w(31,14,6,30)
r(196,1,6,30)
r(332,1,6,30)
r(86,7,1,31)
r(81,1,1,31)
r(97,1,1,31)
r(241,1,1,31)
r(178,1,1,31)
r(32,1,1,31)
w(214,2,1,31)
r(78,6,1,31)
w(142,2,1,31)
w(17,2,1,31)
r(42,8,1,31)
w(215,2,1,31)
r(333,8,1,31)
w(47,4,1,31)
w(195,2,1,31)
r(116,1,1,31)
w(71,2,1,31)
r(324,1,1,31)
r(60,1,1,31)
r(360,1,1,31)
r(87,1,2,32)
r(230,7,2,32)
w(51,6,2,32)
r(179,13,2,32)
w(208,2,2,32)
r(358,3,2,32)
w(194,6,2,32)
r(77,1,2,32)
w(344,4,2,32)
r(344,4,2,32)
r(130,2,2,32)
w(18,4,2,32)
r(233,1,2,32)
r(281,6,2,32)
r(185,1,2,32)
r(205,1,2,32)
w(132,4,2,32)
w(326,6,2,32)
r(289,1,2,32)
r(287,8,2,32)
r(188,8,3,33)
r(181,6,3,33)
w(355,10,3,33)
r(21,1,3,33)
w(267,6,3,33)
r(357,1,3,33)
r(156,1,3,33)
w(225,4,3,33)
r(189,1,3,33)
w(187,5,3,33)
w(270,5,3,33)
w(5,8,3,33)
r(209,2,3,33)
r(151,10,3,33)
r(86,11,3,33)
w(161,10,3,33)
w(76,4,3,33)
w(111,4,3,33)
r(221,1,3,33)
w(245,10,3,33)
w(133,5,4,34)
w(198,11,4,34)
w(76,5,4,34)
r(168,1,4,34)
r(114,6,4,34)
w(224,5,4,34)
r(355,10,4,34)
w(295,9,4,34)
r(51,9,4,34)
w(271,10,4,34)
r(359,13,4,34)
w(27,9,4,34)
r(157,1,4,34)
r(120,2,4,34)
r(179,2,4,34)
w(71,9,4,34)
w(340,8,4,34)
w(86,8,4,34)
r(5,8,4,34)
r(18,4,4,34)
r(34,1,5,35)
w(17,10,5,35)
r(284,1,5,35)
r(86,7,5,35)
w(139,10,5,35)
w(133,8,5,35)
w(252,9,5,35)
r(223,2,5,35)
r(148,1,5,35)
w(34,8,5,35)
r(323,4,5,35)
w(43,11,5,35)
w(298,13,5,35)
w(289,3,5,35)
w(22,3,5,35)
w(204,6,5,35)
r(310,1,5,35)
w(230,14,5,35)
w(356,9,5,35)
w(206,3,5,35)
r(68,4,6,36)
w(75,12,6,36)
w(8,14,6,36)
w(303,19,6,36)
w(94,7,6,36)
r(79,3,6,36)
w(291,7,6,36)
w(139,11,6,36)
w(308,12,6,36)
r(264,5,6,36)
w(213,9,6,36)
w(187,3,6,36)
w(352,12,6,36)
r(81,1,6,36)
w(360,12,6,36)
r(101,1,6,36)
w(255,3,6,36)
r(360,12,6,36)
w(116,3,6,36)
w(193,12,6,36)
r(24,3,1,37)
r(57,9,1,37)
r(251,1,1,37)
w(176,2,1,37)
r(283,1,1,37)
w(286,4,1,37)
w(320,2,1,37)
w(184,2,1,37)
r(330,1,1,37)
w(225,2,1,37)
w(170,4,1,37)
w(127,2,1,37)
r(309,1,1,37)
w(179,2,1,37)
r(181,6,1,37)
r(222,1,1,37)
w(285,2,1,37)
r(110,1,1,37)
w(145,2,1,37)
r(32,1,1,37)
r(146,1,2,38)
r(171,2,2,38)
r(359,13,2,38)
r(118,1,2,38)
w(41,4,2,38)
r(140,2,2,38)
r(11,10,2,38)
w(198,5,2,38)
r(279,5,2,38)
w(46,5,2,38)
r(276,5,2,38)
r(115,1,2,38)
w(282,4,2,38)
w(305,8,2,38)
w(194,5,2,38)
r(56,1,2,38)
r(103,1,2,38)
w(73,9,2,38)
r(101,1,2,38)
w(118,2,2,38)
r(97,1,3,39)
w(73,7,3,39)
w(230,9,3,39)
w(137,8,3,39)
r(357,1,3,39)
r(34,8,3,39)
w(257,9,3,39)
r(320,2,3,39)
r(261,1,3,39)
w(22,10,3,39)
r(129,1,3,39)
r(92,4,3,39)
r(354,13,3,39)
w(253,2,3,39)
w(257,11,3,39)
r(276,5,3,39)
r(71,2,3,39)
w(294,5,3,39)
w(129,9,3,39)
r(24,3,3,39)
w(301,10,4,40)
w(36,10,4,40)
r(127,2,4,40)
w(34,6,4,40)
r(248,5,4,40)
r(323,6,4,40)
r(117,2,4,40)
r(360,10,4,40)
w(86,10,4,40)
r(52,5,4,40)
r(348,9,4,40)
w(345,5,4,40)
w(147,8,4,40)
r(93,4,4,40)
r(294,4,4,40)
w(360,6,4,40)
r(116,3,4,40)
w(349,13,4,40)
w(354,10,4,40)
w(176,11,4,40)
w(74,11,5,41)
r(240,1,5,41)
r(343,1,5,41)
w(265,6,5,41)
w(152,11,5,41)
r(234,8,5,41)
r(55,7,5,41)
w(86,11,5,41)
r(167,2,5,41)
w(126,7,5,41)
w(220,3,5,41)
w(163,4,5,41)
w(277,9,5,41)
w(312,9,5,41)
r(281,6,5,41)
r(227,1,5,41)
r(171,2,5,41)
r(262,1,5,41)
r(259,1,5,41)
w(350,9,5,41)
r(283,1,6,42)
r(207,1,6,42)
r(35,1,6,42)
r(184,2,6,42)
w(336,9,6,42)
r(357,1,6,42)
r(7,4,6,42)
r(214,2,6,42)
w(232,3,6,42)
r(121,1,6,42)
r(33,5,6,42)
r(294,1,6,42)
r(344,4,6,42)
r(175,3,6,42)
w(256,3,6,42)
w(38,7,6,42)
r(251,1,6,42)
r(179,2,6,42)
w(17,3,6,42)
w(211,3,6,42)
r(138,1,1,43)
r(55,7,1,43)
r(128,8,1,43)
r(224,6,1,43)
r(177,10,1,43)
w(67,2,1,43)
w(309,2,1,43)
w(217,2,1,43)
r(240,1,1,43)
r(179,2,1,43)
w(286,6,1,43)
r(248,6,1,43)
r(315,1,1,43)
r(297,5,1,43)
w(232,2,1,43)
w(325,4,1,43)
r(313,10,1,43)
w(30,2,1,43)
r(14,1,1,43)
r(195,2,1,43)
r(165,2,2,44)
w(95,2,2,44)
r(320,2,2,44)
w(33,2,2,44)
r(306,10,2,44)
w(259,4,2,44)
w(110,6,2,44)
w(199,2,2,44)
w(148,4,2,44)
w(180,6,2,44)
r(259,4,2,44)
w(256,2,2,44)
r(88,1,2,44)
r(122,11,2,44)
r(130,2,2,44)
w(52,6,2,44)
w(53,2,2,44)
r(57,9,2,44)
r(115,1,2,44)
r(230,9,2,44)
r(356,9,3,45)
r(31,9,3,45)
r(255,3,3,45)
r(243,1,3,45)
w(175,5,3,45)
w(266,5,3,45)
r(104,12,3,45)
r(337,6,3,45)
w(136,10,3,45)
r(344,4,3,45)
w(297,8,3,45)
w(162,9,3,45)
w(215,8,3,45)
w(90,4,3,45)
r(341,8,3,45)
w(75,6,3,45)
r(139,11,3,45)
w(19,10,3,45)
r(288,1,3,45)
w(305,11,3,45)
r(18,3,4,46)
w(78,3,4,46)
r(169,1,4,46)
w(120,3,4,46)
w(255,9,4,46)
w(37,11,4,46)
w(329,8,4,46)
r(93,4,4,46)
r(180,6,4,46)
r(114,6,4,46)
r(242,6,4,46)
r(275,1,4,46)
r(133,5,4,46)
w(334,4,4,46)
w(176,3,4,46)
w(91,9,4,46)
r(311,4,4,46)
r(274,1,4,46)
w(236,5,4,46)
r(196,6,4,46)
w(341,8,5,47)
w(212,7,5,47)
w(360,8,5,47)
r(193,12,5,47)
w(250,3,5,47)
w(333,10,5,47)
w(312,11,5,47)
r(133,8,5,47)
w(33,5,5,47)
r(15,1,5,47)
r(113,6,5,47)
w(96,9,5,47)
w(51,9,5,47)
w(52,16,5,47)
r(226,9,5,47)
w(39,11,5,47)
r(218,1,5,47)
r(317,2,5,47)
r(178,1,5,47)
r(27,5,5,47)
w(268,3,6,48)
w(108,3,6,48)
w(271,3,6,48)
r(54,11,6,48)
w(268,12,6,48)
r(189,1,6,48)
r(21,8,6,48)
w(186,5,6,48)
w(348,12,6,48)
r(354,13,6,48)
w(222,13,6,48)
w(13,10,6,48)
w(219,3,6,48)
w(261,8,6,48)
w(318,9,6,48)
w(319,8,6,48)
r(255,3,6,48)
r(125,1,6,48)
w(57,7,6,48)
r(191,2,6,48)
r(114,6,1,49)
r(159,8,1,49)
w(144,2,1,49)
w(133,2,1,49)
w(231,2,1,49)
r(276,5,1,49)
r(161,10,1,49)
r(3,5,1,49)
r(291,7,1,49)
r(227,1,1,49)
r(287,9,1,49)
w(79,2,1,49)
r(13,10,1,49)
w(28,4,1,49)
r(20,5,1,49)
w(210,2,1,49)
w(93,4,1,49)
w(297,2,1,49)
r(326,6,1,49)
w(241,2,1,49)
w(294,4,2,50)
w(242,6,2,50)
w(104,6,2,50)
w(223,5,2,50)
r(288,1,2,50)
w(236,4,2,50)
r(184,2,2,50)
w(118,4,2,50)
r(110,6,2,50)
w(282,6,2,50)
r(257,11,2,50)
r(247,9,2,50)
w(249,10,2,50)
w(26,4,2,50)
w(76,2,2,50)
w(96,4,2,50)
r(312,11,2,50)
r(204,6,2,50)
r(355,10,2,50)
r(275,1,2,50)
w(79,10,3,51)
r(37,5,3,51)
w(10,5,3,51)
r(325,4,3,51)
w(3,5,3,51)
w(103,8,3,51)
r(333,10,3,51)
r(250,3,3,51)
w(54,6,3,51)
r(297,8,3,51)
r(234,8,3,51)
r(32,1,3,51)
w(91,8,3,51)
r(308,11,3,51)
r(317,2,3,51)
w(203,5,3,51)
w(135,9,3,51)
w(103,10,3,51)
r(180,6,3,51)
r(16,10,3,51)
r(341,8,4,52)
r(67,8,4,52)
r(130,12,4,52)
w(220,10,4,52)
r(229,8,4,52)
w(209,9,4,52)
r(354,10,4,52)
w(29,8,4,52)
w(104,11,4,52)
w(63,8,4,52)
r(338,9,4,52)
w(255,11,4,52)
w(212,12,4,52)
r(167,9,4,52)
w(216,12,4,52)
r(2,8,4,52)
r(176,3,4,52)
w(79,11,4,52)
w(28,19,4,52)
r(323,5,4,52)
w(247,9,5,53)
w(332,10,5,53)
r(320,2,5,53)
r(144,6,5,53)
w(122,13,5,53)
r(201,1,5,53)
r(126,7,5,53)
w(103,11,5,53)
w(133,10,5,53)
r(295,10,5,53)
r(78,6,5,53)
w(68,11,5,53)
w(321,11,5,53)
r(326,6,5,53)
w(124,11,5,53)
r(250,3,5,53)
r(58,9,5,53)
r(245,10,5,53)
r(276,5,5,53)
r(356,9,5,53)
r(87,1,6,54)
r(28,4,6,54)
w(349,20,6,54)
w(326,13,6,54)
r(203,5,6,54)
r(150,1,6,54)
w(265,9,6,54)
w(50,12,6,54)
r(183,1,6,54)
w(131,11,6,54)
r(302,1,6,54)
r(316,8,6,54)
r(229,1,6,54)
w(67,3,6,54)
r(300,11,6,54)
w(301,11,6,54)
r(339,4,6,54)
w(313,13,6,54)
r(147,10,6,54)
r(169,1,6,54)
r(40,6,1,55)
w(126,2,1,55)
w(174,2,1,55)
r(201,1,1,55)
r(178,1,1,55)
r(355,10,1,55)
r(253,2,1,55)
r(294,4,1,55)
w(340,2,1,55)
w(210,4,1,55)
r(59,7,1,55)
r(130,2,1,55)
w(135,4,1,55)
w(26,2,1,55)
w(134,2,1,55)
w(143,2,1,55)
w(153,2,1,55)
w(188,2,1,55)
w(271,2,1,55)
w(117,2,1,55)
w(121,5,2,56)
w(266,4,2,56)
r(11,10,2,56)
r(239,11,2,56)
w(356,4,2,56)
w(24,4,2,56)
r(85,12,2,56)
w(318,4,2,56)
w(217,8,2,56)
w(48,4,2,56)
r(257,11,2,56)
r(106,1,2,56)
w(11,4,2,56)
r(320,9,2,56)
w(63,2,2,56)
r(91,8,2,56)
w(6,4,2,56)
r(191,2,2,56)
r(256,2,2,56)
r(68,11,2,56)
r(204,6,3,57)
r(316,8,3,57)
w(45,6,3,57)
w(217,10,3,57)
r(276,5,3,57)
w(358,8,3,57)
w(3,8,3,57)
w(110,8,3,57)
w(167,5,3,57)
w(218,4,3,57)
r(240,1,3,57)
w(352,8,3,57)
w(329,4,3,57)
w(97,4,3,57)
w(246,6,3,57)
w(299,5,3,57)
w(280,10,3,57)
w(326,9,3,57)
w(323,6,3,57)
w(107,8,3,57)
w(126,13,4,58)
r(281,10,4,58)
w(76,8,4,58)
w(119,9,4,58)
r(224,5,4,58)
w(210,5,4,58)
w(154,9,4,58)
w(313,9,4,58)
w(349,7,4,58)
w(24,11,4,58)
r(137,8,4,58)
w(102,8,4,58)
r(215,3,4,58)
w(130,9,4,58)
w(281,9,4,58)
w(273,10,4,58)
r(221,10,4,58)
r(16,10,4,58)
w(250,11,4,58)
w(104,3,4,58)
w(320,9,5,59)
r(262,1,5,59)
r(287,9,5,59)
r(190,1,5,59)
w(246,11,5,59)
w(294,11,5,59)
w(146,9,5,59)
r(215,8,5,59)
w(260,5,5,59)
w(92,3,5,59)
r(126,7,5,59)
w(126,14,5,59)
w(254,13,5,59)
r(139,11,5,59)
r(172,1,5,59)
r(131,9,5,59)
w(211,11,5,59)
w(59,7,5,59)
r(257,11,5,59)
w(198,3,5,59)
w(197,12,6,60)
w(18,12,6,60)
w(27,12,6,60)
w(35,3,6,60)
w(308,13,6,60)
w(347,9,6,60)
r(297,2,6,60)
w(334,9,6,60)
r(56,1,6,60)
w(233,11,6,60)
w(324,11,6,60)
r(296,6,6,60)
w(355,3,6,60)
w(235,6,6,60)
w(211,12,6,60)
r(330,1,6,60)
r(178,1,6,60)
w(226,12,6,60)
r(360,8,6,60)
w(18,13,6,60)
r(214,2,1,61)
w(55,2,1,61)
w(38,2,1,61)
w(230,2,1,61)
r(120,2,1,61)
w(128,2,1,61)
r(252,9,1,61)
r(300,11,1,61)
r(168,1,1,61)
w(120,4,1,61)
w(217,4,1,61)
w(287,2,1,61)
r(278,6,1,61)
r(194,5,1,61)
w(39,4,1,61)
w(305,2,1,61)
w(168,2,1,61)
w(82,4,1,61)
w(171,4,1,61)
w(228,4,1,61)
w(230,6,2,62)
w(270,4,2,62)
r(47,4,2,62)
w(308,6,2,62)
w(70,6,2,62)
r(21,8,2,62)
r(90,4,2,62)
r(227,1,2,62)
w(245,8,2,62)
r(123,6,2,62)
w(311,4,2,62)
w(324,6,2,62)
w(52,5,2,62)
w(322,4,2,62)
w(322,6,2,62)
r(167,8,2,62)
r(30,2,2,62)
w(125,4,2,62)
w(59,2,2,62)
r(276,5,2,62)
r(304,8,3,63)
w(243,6,3,63)
r(320,9,3,63)
r(148,4,3,63)
r(40,6,3,63)
r(133,5,3,63)
r(304,8,3,63)
w(138,4,3,63)
r(48,4,3,63)
r(134,1,3,63)
r(32,1,3,63)
r(64,1,3,63)
w(353,10,3,63)
r(332,10,3,63)
r(273,12,3,63)
r(312,11,3,63)
w(36,8,3,63)
w(34,4,3,63)
w(167,8,3,63)
w(87,4,3,63)
w(298,11,4,64)
w(351,5,4,64)
r(118,11,4,64)
r(86,10,4,64)
w(110,11,4,64)
w(14,10,4,64)
r(340,5,4,64)
r(177,2,4,64)
w(217,7,4,64)
r(42,8,4,64)
r(280,10,5,65)
r(124,11,5,65)
w(345,10,5,65)
w(348,9,5,65)
w(167,9,5,65)
r(357,1,5,65)
w(328,5,5,65)
r(143,2,5,65)
w(162,3,5,65)
r(113,6,5,65)
w(247,11,5,65)
r(165,2,5,65)
w(37,12,5,65)
r(100,6,5,65)
w(302,8,5,65)
r(24,4,5,65)
r(243,6,5,65)
r(177,10,5,65)
w(233,10,5,65)
w(198,12,5,65)
r(152,11,6,66)
w(285,12,6,66)
w(102,3,6,66)
w(231,9,6,66)
w(46,14,6,66)
w(63,13,6,66)
w(4,15,6,66)
r(40,6,6,66)
w(301,3,6,66)
w(40,5,6,66)
w(17,12,6,66)
r(177,10,6,66)
r(289,12,6,66)
w(332,3,6,66)
w(338,9,6,66)
r(305,2,6,66)
r(235,6,6,66)
r(82,4,6,66)
w(95,3,6,66)
w(38,14,6,66)
r(89,1,1,67)
w(179,4,1,67)
w(61,2,1,67)
r(214,2,1,67)
w(37,2,1,67)
w(143,4,1,67)
r(235,6,1,67)
w(35,2,1,67)
r(348,9,1,67)
r(261,8,1,67)
w(176,4,1,67)
w(60,2,1,67)
w(58,2,1,67)
r(202,1,1,67)
w(223,4,1,67)
r(14,1,1,67)
r(13,10,1,67)
w(128,4,1,67)
w(151,2,1,67)
r(211,12,1,67)
w(174,5,2,68)
r(15,1,2,68)
r(8,14,2,68)
w(332,6,2,68)
r(218,4,2,68)
w(229,6,2,68)
r(119,4,2,68)
r(163,4,2,68)
r(229,6,2,68)
r(144,2,2,68)
r(267,6,2,68)
w(62,8,2,68)
r(148,4,2,68)
r(89,1,2,68)
r(256,2,2,68)
r(308,6,2,68)
w(229,5,2,68)
w(248,5,2,68)
r(244,1,2,68)
w(170,5,2,68)
w(317,8,3,69)
r(107,8,3,69)
r(314,3,3,69)
w(290,5,3,69)
w(338,5,3,69)
r(291,7,3,69)
r(17,3,3,69)
w(168,6,3,69)
r(171,4,3,69)
w(315,6,3,69)
r(133,5,3,69)
r(169,1,3,69)
w(196,6,3,69)
r(212,7,3,69)
r(328,5,3,69)
w(14,6,3,69)
w(59,10,3,69)
r(104,6,3,69)
r(58,2,3,69)
w(32,8,3,69)
w(80,5,4,70)
r(70,6,4,70)
w(66,6,4,70)
w(155,6,4,70)
w(353,9,4,70)
r(88,1,4,70)
w(218,8,4,70)
r(327,1,4,70)
w(9,9,4,70)
w(297,11,4,70)
r(181,8,4,70)
w(213,5,4,70)
r(70,6,4,70)
r(248,5,4,70)
r(25,12,4,70)
w(190,6,4,70)
r(259,4,4,70)
r(248,5,4,70)
r(284,4,4,70)
r(227,1,4,70)
w(360,10,5,71)
r(127,2,5,71)
w(101,3,5,71)
w(195,9,5,71)
w(350,11,5,71)
w(141,10,5,71)
r(278,6,5,71)
r(21,8,5,71)
w(279,10,5,71)
r(316,8,5,71)
w(271,9,5,71)
r(148,4,5,71)
r(123,6,5,71)
w(46,7,5,71)
w(351,10,5,71)
r(295,9,5,71)
r(228,4,5,71)
w(85,9,5,71)
w(6,9,5,71)
w(68,3,5,71)
w(100,12,6,72)
r(334,9,6,72)
r(180,6,6,72)
r(52,5,6,72)
w(118,11,6,72)
r(269,1,6,72)
r(316,5,6,72)
w(74,13,6,72)
r(188,2,6,72)
r(298,9,6,72)
w(80,9,6,72)
w(333,3,6,72)
r(219,3,6,72)
r(56,1,6,72)
r(79,2,6,72)
r(247,11,6,72)
r(218,4,6,72)
r(185,1,6,72)
w(25,12,6,72)
r(360,6,6,72)
w(101,2,1,73)
r(226,12,1,73)
w(305,4,1,73)
w(142,4,1,73)
w(21,2,1,73)
w(106,2,1,73)
r(157,1,1,73)
w(330,2,1,73)
w(49,2,1,73)
w(200,2,1,73)
w(283,2,1,73)
r(73,7,1,73)
r(331,2,1,73)
r(130,2,1,73)
w(241,4,1,73)
r(340,2,1,73)
w(28,6,1,73)
w(153,4,1,73)
w(104,2,1,73)
r(53,2,1,73)
r(291,7,2,74)
w(13,2,2,74)
w(19,5,2,74)
r(318,4,2,74)
w(36,4,2,74)
r(39,4,2,74)
r(138,4,2,74)
w(38,5,2,74)
w(55,8,2,74)
w(343,2,2,74)
w(200,6,2,74)
r(333,10,2,74)
r(291,7,2,74)
r(318,4,2,74)
w(229,8,2,74)
w(284,4,2,74)
r(29,1,2,74)
r(347,9,2,74)
w(200,5,2,74)
w(326,5,2,74)
r(293,1,3,75)
r(63,2,3,75)
w(288,4,3,75)
w(342,5,3,75)
w(67,8,3,75)
w(58,11,3,75)
r(330,1,3,75)
r(319,8,3,75)
r(191,2,3,75)
w(27,8,3,75)
w(228,8,3,75)
r(265,9,3,75)
w(254,11,3,75)
r(263,1,3,75)
w(336,2,3,75)
r(53,2,3,75)
w(323,5,3,75)
w(148,5,3,75)
r(157,1,3,75)
w(286,11,3,75)
w(264,10,4,76)
r(234,8,4,76)
w(251,6,4,76)
w(138,5,4,76)
w(129,11,4,76)
r(297,11,4,76)
w(89,8,4,76)
r(37,11,4,76)
w(168,11,4,76)
r(323,8,4,76)
r(148,6,4,76)
r(180,7,4,76)
r(246,6,4,76)
r(313,9,4,76)
w(296,5,4,76)
w(145,10,4,76)
r(35,2,4,76)
w(15,10,4,76)
w(239,5,4,76)
r(297,11,4,76)
r(224,5,5,77)
r(352,8,5,77)
r(247,11,5,77)
r(90,4,5,77)
w(270,9,5,77)
r(133,5,5,77)
r(132,4,5,77)
w(324,9,5,77)
w(184,11,5,77)
w(306,5,5,77)
w(351,9,5,77)
r(84,1,5,77)
r(46,7,5,77)
w(289,12,5,77)
r(151,2,5,77)
w(71,12,5,77)
w(299,9,5,77)
w(31,12,5,77)
w(159,11,5,77)
w(256,10,5,77)
r(206,3,6,78)
r(274,1,6,78)
w(113,13,6,78)
w(15,12,6,78)
r(308,13,6,78)
w(228,13,6,78)
w(181,8,6,78)
r(42,8,6,78)
r(187,5,6,78)
w(305,12,6,78)
w(91,12,6,78)
w(8,19,6,78)
w(17,13,6,78)
r(293,1,6,78)
w(14,11,6,78)
w(163,8,6,78)
w(304,7,6,78)
w(195,13,6,78)
r(321,11,6,78)
r(74,13,6,78)
w(102,2,1,79)
r(147,8,1,79)
r(108,3,1,79)
r(29,1,1,79)
w(62,2,1,79)
r(206,3,1,79)
r(271,9,1,79)
w(30,4,1,79)
r(78,3,1,79)
r(359,13,1,79)
r(49,2,1,79)
r(38,5,1,79)
r(246,6,1,79)
r(190,1,1,79)
r(50,11,1,79)
w(157,2,1,79)
r(312,11,1,79)
w(10,2,1,79)
w(58,4,1,79)
r(237,2,1,79)
r(117,2,2,80)
r(123,6,2,80)
w(290,4,2,80)
w(101,6,2,80)
r(123,6,2,80)
r(229,8,2,80)
r(81,1,2,80)
r(230,2,2,80)
r(175,5,2,80)
w(340,6,2,80)
r(93,4,2,80)
r(177,10,2,80)
w(39,5,2,80)
r(269,1,2,80)
w(18,6,2,80)
r(339,4,2,80)
r(233,11,2,80)
r(169,1,2,80)
r(187,5,2,80)
w(129,4,2,80)
r(313,13,3,81)
r(31,12,3,81)
r(6,9,3,81)
r(159,11,3,81)
w(170,10,3,81)
w(199,4,3,81)
w(316,5,3,81)
w(105,5,3,81)
w(162,11,3,81)
r(324,9,3,81)
r(248,5,3,81)
r(162,11,3,81)
r(314,3,3,81)
r(83,1,3,81)
w(136,9,3,81)
w(127,8,3,81)
r(75,11,3,81)
r(133,5,3,81)
w(50,4,3,81)
w(138,6,3,81)
w(252,8,4,82)
r(84,11,4,82)
r(280,10,4,82)
w(164,11,4,82)
w(210,8,4,82)
r(45,6,4,82)
w(205,11,4,82)
r(154,9,4,82)
r(275,1,4,82)
w(94,9,4,82)
r(25,12,4,82)
w(192,4,4,82)
r(326,5,4,82)
r(67,8,4,82)
r(130,9,4,82)
w(74,9,4,82)
r(348,2,4,82)
r(219,4,4,82)
w(277,5,4,82)
w(284,10,4,82)
w(75,11,5,83)
w(310,8,5,83)
r(29,1,5,83)
r(139,11,5,83)
w(55,3,5,83)
r(331,2,5,83)
w(21,9,5,83)
r(260,5,5,83)
w(186,4,5,83)
w(214,13,5,83)
w(85,11,5,83)
r(86,10,5,83)
r(11,4,5,83)
w(186,6,5,83)
w(18,3,5,83)
r(171,4,5,83)
r(324,9,5,83)
r(255,3,5,83)
w(283,11,5,83)
w(55,12,5,83)
w(340,3,6,84)
r(14,11,6,84)
r(242,6,6,84)
r(151,2,6,84)
w(14,3,6,84)
w(22,13,6,84)
r(221,10,6,84)
r(339,4,6,84)
w(269,11,6,84)
w(167,12,6,84)
r(196,6,6,84)
r(105,11,6,84)
w(91,13,6,84)
r(350,11,6,84)
r(284,4,6,84)
w(219,12,6,84)
r(37,11,6,84)
r(227,1,6,84)
w(40,8,6,84)
r(355,3,6,84)
w(283,4,1,85)
r(189,1,1,85)
w(219,4,1,85)
r(360,6,1,85)
r(271,9,1,85)
w(214,6,1,85)
w(85,2,1,85)
w(348,2,1,85)
w(255,2,1,85)
r(240,1,1,85)
w(317,4,1,85)
w(135,6,1,85)
w(209,4,1,85)
r(10,2,1,85)
w(110,2,1,85)
r(330,2,1,85)
r(237,2,1,85)
r(11,4,1,85)
r(13,4,1,85)
r(27,8,1,85)
w(22,5,2,86)
w(171,5,2,86)
w(249,9,2,86)
r(56,1,2,86)
r(19,5,2,86)
r(326,5,2,86)
w(5,4,2,86)
r(173,5,2,86)
r(107,8,2,86)
w(177,2,2,86)
w(214,10,2,86)
w(93,5,2,86)
r(272,1,2,86)
w(274,6,2,86)
w(47,5,2,86)
w(239,4,2,86)
w(20,6,2,86)
r(272,1,2,86)
r(298,9,2,86)
w(73,11,2,86)
r(228,8,3,87)
w(79,9,3,87)
r(245,8,3,87)
r(209,2,3,87)
r(281,10,3,87)
w(325,11,3,87)
r(287,2,3,87)
r(258,4,3,87)
r(262,1,3,87)
r(123,6,3,87)
r(52,19,3,87)
r(92,3,3,87)
r(353,10,3,87)
w(217,9,3,87)
w(52,12,3,87)
r(52,12,3,87)
r(181,6,3,87)
r(235,6,3,87)
r(349,13,3,87)
w(166,2,3,87)
w(65,4,4,88)
r(289,12,4,88)
w(225,5,4,88)
w(267,5,4,88)
r(306,9,4,88)
w(356,8,4,88)
r(284,10,4,88)
r(217,9,4,88)
r(112,1,4,88)
w(207,5,4,88)
r(85,2,4,88)
r(233,11,4,88)
w(197,10,4,88)
r(264,10,4,88)
w(54,9,4,88)
w(347,6,4,88)
r(153,4,4,88)
w(57,3,4,88)
w(341,6,4,88)
w(313,11,4,88)
r(64,1,5,89)
r(284,4,5,89)
w(268,9,5,89)
w(254,7,5,89)
r(23,11,5,89)
w(50,11,5,89)
w(52,19,5,89)
w(279,9,5,89)
w(130,12,5,89)
w(198,13,5,89)
r(86,10,5,89)
w(220,12,5,89)
r(205,1,5,89)
r(341,8,5,89)
r(5,8,5,89)
r(209,2,5,89)
w(215,3,5,89)
r(333,3,5,89)
r(14,6,5,89)
w(180,12,5,89)
r(1,1,6,90)
r(230,2,6,90)
w(262,12,6,90)
r(242,6,6,90)
w(89,12,6,90)
w(84,11,6,90)
r(209,9,6,90)
r(70,6,6,90)
w(29,7,6,90)
r(81,1,6,90)
w(120,7,6,90)
r(16,10,6,90)
w(180,7,6,90)
w(69,16,6,90)
w(77,10,6,90)
w(258,6,6,90)
w(48,12,6,90)
w(253,10,6,90)
r(167,12,6,90)
w(250,12,6,90)
r(51,9,1,91)
w(320,4,1,91)
r(90,5,1,91)
w(74,2,1,91)
r(108,12,1,91)
w(64,2,1,91)
r(30,4,1,91)
r(208,2,1,91)
w(271,4,1,91)
w(260,2,1,91)
w(136,2,1,91)
r(144,2,1,91)
r(179,7,1,91)
r(222,13,1,91)
w(175,2,1,91)
r(216,12,1,91)
w(64,4,1,91)
w(242,2,1,91)
r(48,12,1,91)
w(247,4,1,91)
w(282,5,2,92)
r(208,2,2,92)
w(301,5,2,92)
w(110,5,2,92)
r(10,2,2,92)
w(321,2,2,92)
w(282,8,2,92)
w(351,2,2,92)
r(23,11,2,92)
w(38,8,2,92)
r(325,11,2,92)
r(28,19,2,92)
w(282,10,2,92)
r(65,1,2,92)
r(91,13,2,92)
w(33,4,2,92)
r(144,2,2,92)
r(135,4,2,92)
r(69,10,2,92)
w(294,6,2,92)
w(92,8,3,93)
r(34,6,3,93)
w(13,4,3,93)
r(297,2,3,93)
w(323,8,3,93)
w(298,10,3,93)
w(9,5,3,93)
r(305,12,3,93)
w(331,4,3,93)
w(44,5,3,93)
w(182,5,3,93)
w(127,10,3,93)
w(59,9,3,93)
r(64,1,3,93)
r(130,12,3,93)
w(336,4,3,93)
r(277,9,3,93)
r(272,1,3,93)
w(99,8,3,93)
r(88,1,3,93)
r(179,5,4,94)
r(232,5,4,94)
r(348,2,4,94)
w(359,9,4,94)
r(86,10,4,94)
r(66,6,4,94)
r(133,5,4,94)
r(328,9,4,94)
w(41,9,4,94)
r(42,8,4,94)
r(240,1,4,94)
w(113,3,4,94)
r(261,8,4,94)
w(240,4,4,94)
r(358,8,4,94)
w(73,16,4,94)
r(337,6,4,94)
w(61,9,4,94)
r(114,6,4,94)
w(272,5,4,94)
r(156,1,5,95)
w(141,9,5,95)
w(221,10,5,95)
r(176,3,5,95)
w(304,13,5,95)
w(156,11,5,95)
w(10,11,5,95)
w(63,3,5,95)
r(107,8,5,95)
w(210,3,5,95)
w(256,9,5,95)
w(139,9,5,95)
w(105,11,5,95)
w(188,12,5,95)
w(90,5,5,95)
r(210,3,5,95)
w(84,10,5,95)
r(15,1,5,95)
r(230,2,5,95)
w(288,10,5,95)
w(23,12,6,96)
w(56,5,6,96)
w(309,12,6,96)
w(69,19,6,96)
w(169,3,6,96)
r(104,3,6,96)
r(333,3,6,96)
r(299,9,6,96)
w(177,13,6,96)
r(294,6,6,96)
r(241,4,6,96)
r(227,1,6,96)
r(228,13,6,96)
r(128,4,6,96)
w(162,13,6,96)
r(103,10,6,96)
w(44,9,6,96)
w(229,14,6,96)
r(314,3,6,96)
w(198,16,6,96)
r(209,8,1,97)
w(119,2,1,97)
w(322,2,1,97)
r(86,10,1,97)
r(208,2,1,97)
r(341,8,1,97)
r(332,3,1,97)
w(311,2,1,97)
r(45,6,1,97)
w(17,4,1,97)
w(285,4,1,97)
r(347,9,1,97)
r(41,5,1,97)
w(345,2,1,97)
r(324,3,1,97)
w(160,2,1,97)
w(338,2,1,97)
r(205,11,1,97)
w(222,4,1,97)
w(237,4,1,97)
r(13,4,2,98)
r(47,5,2,98)
w(82,5,2,98)
w(162,5,2,98)
w(119,6,2,98)
w(349,9,2,98)
r(286,11,2,98)
r(182,5,2,98)
r(157,2,2,98)
r(179,4,2,98)
r(217,9,2,98)
r(221,10,2,98)
w(36,6,2,98)
w(342,4,2,98)
r(214,10,2,98)
r(156,11,2,98)
w(340,5,2,98)
w(272,2,2,98)
r(257,11,2,98)
w(100,2,2,98)
r(96,4,3,99)
r(242,6,3,99)
w(96,6,3,99)
w(325,3,3,99)
w(41,5,3,99)
w(204,4,3,99)
w(283,5,3,99)
w(229,10,3,99)
r(178,1,3,99)
w(20,8,3,99)
w(315,5,3,99)
w(110,10,3,99)
w(74,8,3,99)
w(185,6,3,99)
r(58,4,3,99)
w(230,11,3,99)
r(209,9,3,99)
r(343,2,3,99)
w(24,10,3,99)
w(143,11,3,99)
w(304,10,4,100)
r(129,6,4,100)
w(245,3,4,100)
r(233,11,4,100)
r(302,6,4,100)
r(115,1,4,100)
w(185,8,4,100)
r(311,2,4,100)
r(6,5,4,100)
w(242,10,4,100)
w(88,11,4,100)
w(303,3,4,100)
w(251,5,4,100)
r(265,2,4,100)
r(160,2,4,100)
w(141,8,4,100)
w(105,9,4,100)
w(19,13,4,100)
w(354,9,4,100)
w(11,5,4,100)
r(123,6,5,101)
r(175,4,5,101)
w(112,10,5,101)
w(314,8,5,101)
w(232,9,5,101)
w(80,8,5,101)
w(248,10,5,101)
w(58,12,5,101)
r(231,9,5,101)
w(102,9,5,101)
w(292,8,5,101)
w(358,11,5,101)
w(36,13,6,102)
r(308,13,6,102)
r(43,11,6,102)
r(233,11,6,102)
w(155,3,6,102)
w(345,13,6,102)
r(219,4,6,102)
w(142,14,6,102)
w(187,12,6,102)
r(332,3,6,102)
r(164,9,6,102)
w(328,9,6,102)
r(13,4,6,102)
r(355,3,6,102)
w(80,11,6,102)
w(33,9,6,102)
r(217,9,6,102)
r(87,4,6,102)
r(358,8,6,102)
r(223,4,6,102)
r(195,13,1,103)
w(305,6,1,103)
w(79,6,1,103)
r(210,8,1,103)
r(266,8,1,103)
r(341,10,1,103)
r(91,13,1,103)
r(46,14,1,103)
r(229,9,1,103)
w(38,4,1,103)
w(350,4,1,103)
w(229,2,1,103)
w(301,4,1,103)
r(154,9,1,103)
r(316,5,1,103)
r(212,12,1,103)
w(214,5,1,103)
r(219,4,1,103)
w(295,2,1,103)
w(41,2,1,103)
r(345,5,2,104)
w(325,8,2,104)
w(360,2,2,104)
w(266,6,2,104)
w(262,4,2,104)
w(107,2,2,104)
r(19,5,2,104)
r(229,10,2,104)
w(140,4,2,104)
w(5,6,2,104)
r(255,2,2,104)
r(123,6,2,104)
w(135,8,2,104)
r(176,3,2,104)
w(335,5,2,104)
w(209,5,2,104)
r(205,1,2,104)
r(121,5,2,104)
r(202,1,2,104)
r(331,4,2,104)
w(288,6,3,105)
w(262,8,3,105)
w(149,2,3,105)
w(98,8,3,105)
w(318,8,3,105)
r(256,9,3,105)
r(95,3,3,105)
r(295,9,3,105)
w(266,8,3,105)
r(170,10,3,105)
r(100,2,3,105)
r(232,2,3,105)
w(94,8,3,105)
w(171,8,3,105)
r(233,11,3,105)
r(238,1,3,105)
w(294,8,3,105)
r(329,8,3,105)
r(257,11,3,105)
w(113,5,3,105)
r(166,2,4,106)
r(82,5,4,106)
w(205,3,4,106)
w(201,8,4,106)
w(338,8,4,106)
r(281,3,4,106)
r(347,6,4,106)
r(241,10,4,106)
r(249,9,4,106)
w(31,11,4,106)
w(86,9,4,106)
r(197,10,4,106)
w(337,5,4,106)
r(303,17,4,106)
r(9,13,4,106)
r(118,8,4,106)
w(76,10,4,106)
r(116,2,4,106)
w(63,10,4,106)
r(125,6,4,106)
w(118,9,5,107)
r(318,8,5,107)
r(274,4,5,107)
w(347,8,5,107)
w(181,5,5,107)
w(76,11,5,107)
w(162,12,5,107)
r(202,1,5,107)
w(133,9,5,107)
r(188,6,5,107)
w(122,14,6,108)
w(274,13,6,108)
w(179,7,6,108)
r(299,9,6,108)
w(253,9,6,108)
w(248,3,6,108)
r(141,9,6,108)
r(18,6,6,108)
r(319,8,6,108)
w(108,12,6,108)
r(171,8,6,108)
r(155,3,6,108)
w(315,10,6,108)
r(198,16,6,108)
w(140,12,6,108)
r(339,4,6,108)
w(296,10,6,108)
w(324,3,6,108)
r(49,2,6,108)
r(329,8,6,108)
w(255,4,1,109)
w(69,4,1,109)
w(228,6,1,109)
w(69,6,1,109)
w(154,2,1,109)
w(154,4,1,109)
r(75,11,1,109)
r(251,4,1,109)
r(328,9,1,109)
w(57,2,1,109)
r(199,4,1,109)
w(274,4,1,109)
w(43,4,1,109)
w(163,2,1,109)
r(180,7,1,109)
w(292,2,1,109)
r(182,5,1,109)
r(31,12,1,109)
r(196,6,1,109)
w(359,2,1,109)
r(91,13,2,110)
w(201,6,2,110)
w(156,4,2,110)
w(226,4,2,110)
w(19,8,2,110)
w(287,6,2,110)
r(277,9,2,110)
w(335,8,2,110)
w(23,6,2,110)
w(148,6,2,110)
w(243,4,2,110)
r(43,11,2,110)
r(12,13,2,110)
r(259,4,2,110)
r(282,10,2,110)
w(286,5,2,110)
w(312,4,2,110)
r(208,2,2,110)
r(81,1,2,110)
w(188,6,2,110)
w(118,6,3,111)
w(54,5,3,111)
w(229,9,3,111)
w(174,9,3,111)
w(104,9,3,111)
w(142,11,3,111)
w(29,5,3,111)
r(182,5,3,111)
w(215,10,3,111)
w(238,8,3,111)
r(173,5,3,111)
w(139,5,3,111)
r(90,5,3,111)
r(132,4,3,111)
w(209,8,3,111)
w(52,13,3,111)
r(28,19,3,111)
r(175,5,3,111)
r(305,12,3,111)
w(54,8,3,111)
r(70,6,4,112)
w(170,11,4,112)
w(201,10,4,112)
r(96,6,4,112)
r(299,9,4,112)
w(47,8,4,112)
w(230,12,4,112)
r(285,13,4,112)
w(166,6,4,112)
w(82,9,4,112)
r(284,10,4,112)
r(104,13,4,112)
r(215,9,4,112)
w(100,5,4,112)
r(153,6,4,112)
r(343,4,4,112)
w(197,9,4,112)
r(190,9,4,112)
r(289,12,4,112)
r(111,4,4,112)
r(48,13,5,113)
w(231,8,5,113)
w(14,9,5,113)
w(48,11,5,113)
r(59,11,5,113)
r(60,2,5,113)
r(80,11,5,113)
r(36,13,5,113)
r(286,8,5,113)
w(216,14,5,113)
w(107,11,5,113)
r(169,3,5,113)
w(31,13,5,113)
w(104,13,5,113)
w(318,10,5,113)
w(253,6,5,113)
r(40,8,5,113)
w(281,3,5,113)
r(359,2,5,113)
r(297,11,5,113)
r(47,5,6,114)
w(88,7,6,114)
w(252,13,6,114)
r(191,2,6,114)
w(319,10,6,114)
w(44,11,6,114)
w(24,13,6,114)
w(260,8,6,114)
r(253,9,6,114)
r(183,1,6,114)
w(140,13,6,114)
r(292,1,6,114)
r(287,6,6,114)
w(280,12,6,114)
w(79,13,6,114)
r(135,10,6,114)
w(290,11,6,114)
r(85,2,6,114)
w(122,16,6,114)
r(83,1,6,114)
w(121,4,1,115)
r(4,15,1,115)
r(320,4,1,115)
w(82,6,1,115)
w(77,2,1,115)
r(259,4,1,115)
w(28,5,1,115)
r(119,13,1,115)
r(88,10,1,115)
w(102,4,1,115)
w(135,10,2,116)
r(324,3,2,116)
w(305,10,2,116)
r(167,12,2,116)
w(206,4,2,116)
r(60,2,2,116)
r(213,5,2,116)
w(59,4,2,116)
r(87,4,2,116)
w(24,6,2,116)
w(309,5,2,116)
r(81,1,2,116)
r(189,1,2,116)
w(81,8,2,116)
r(12,13,2,116)
w(241,8,2,116)
r(251,6,2,116)
r(76,8,2,116)
r(348,2,2,116)
w(102,6,2,116)
r(158,1,3,117)
w(68,8,3,117)
w(150,2,3,117)
r(112,1,3,117)
r(303,19,3,117)
r(304,7,3,117)
r(140,12,3,117)
r(113,5,3,117)
r(132,4,3,117)
r(329,8,3,117)
w(302,6,3,117)
r(77,10,3,117)
w(189,5,3,117)
r(320,4,3,117)
r(14,3,3,117)
w(251,4,3,117)
w(59,11,3,117)
r(38,8,3,117)
r(172,1,3,117)
w(207,6,3,117)
r(248,3,4,118)
r(248,3,4,118)
r(271,8,4,118)
r(209,10,4,118)
r(195,5,4,118)
r(44,11,4,118)
w(281,11,4,118)
r(8,4,4,118)
r(196,3,4,118)
r(78,3,4,118)
r(297,10,4,118)
r(175,19,4,118)
w(100,8,4,118)
r(269,3,4,118)
w(21,10,4,118)
r(217,9,4,118)
w(160,8,4,118)
r(278,6,4,118)
w(193,10,4,118)
r(102,6,4,118)
w(77,8,5,119)
w(320,11,5,119)
r(4,15,5,119)
r(209,10,5,119)
r(356,8,5,119)
r(106,2,5,119)
r(152,11,5,119)
w(263,8,5,119)
r(301,4,5,119)
w(31,7,5,119)
r(186,6,5,119)
w(17,9,5,119)
r(57,3,5,119)
r(328,9,5,119)
w(293,6,5,119)
w(343,10,5,119)
w(129,3,5,119)
r(96,6,5,119)
r(266,8,5,119)
w(6,11,5,119)
r(16,10,6,120)
w(236,11,6,120)
w(257,16,6,120)
r(334,4,6,120)
w(69,17,6,120)
w(357,8,6,120)
r(137,8,6,120)
w(143,12,6,120)
w(156,12,6,120)
r(348,2,6,120)
w(341,10,6,120)
w(291,14,6,120)
r(94,9,6,120)
w(190,9,6,120)
w(168,13,6,120)
w(321,13,6,120)
r(294,8,6,120)
w(9,13,6,120)
r(198,16,6,120)
w(119,13,6,120)
r(213,5,1,121)
w(105,2,1,121)
r(44,11,1,121)
w(22,2,1,121)
w(285,6,1,121)
r(338,2,1,121)
w(325,6,1,121)
w(139,2,1,121)
w(158,4,1,121)
w(352,2,1,121)
r(203,7,1,121)
w(325,5,1,121)
r(307,12,1,121)
w(116,2,1,121)
r(223,4,1,121)
r(330,2,1,121)
r(259,4,1,121)
r(280,12,1,121)
r(46,16,1,121)
r(127,12,1,121)
r(323,8,2,122)
r(223,4,2,122)
w(109,6,2,122)
r(144,2,2,122)
w(64,9,2,122)
r(269,11,2,122)
w(173,2,2,122)
r(30,4,2,122)
r(37,11,2,122)
w(93,8,2,122)
r(83,1,2,122)
w(39,8,2,122)
r(274,13,2,122)
w(175,4,2,122)
w(256,4,2,122)
w(68,5,2,122)
r(215,10,2,122)
r(72,2,2,122)
r(316,5,2,122)
w(179,5,2,122)
r(337,6,3,123)
w(168,5,3,123)
r(320,4,3,123)
w(265,4,3,123)
w(30,8,3,123)
w(313,5,3,123)
w(118,5,3,123)
w(49,9,3,123)
r(38,4,3,123)
w(88,10,3,123)
w(283,8,3,123)
w(118,8,3,123)
r(199,4,3,123)
w(209,10,3,123)
r(134,2,3,123)
w(211,6,3,123)
r(283,8,3,123)
w(131,6,3,123)
w(232,5,3,123)
w(356,6,3,123)
w(156,9,4,124)
w(352,9,4,124)
r(208,8,4,124)
r(3,12,4,124)
w(89,10,4,124)
r(106,2,4,124)
w(62,13,4,124)
r(286,8,4,124)
w(53,5,4,124)
r(91,4,4,124)
w(140,8,4,124)
w(313,3,4,124)
w(247,10,4,124)
r(291,6,4,124)
w(244,8,4,124)
w(359,11,4,124)
w(149,4,4,124)
w(182,10,4,124)
r(321,12,4,124)
r(119,5,4,124)
r(354,9,5,125)
r(45,6,5,125)
w(28,20,5,125)
w(228,11,5,125)
r(208,10,5,125)
r(353,3,5,125)
r(60,2,5,125)
w(182,11,5,125)
r(219,4,5,125)
w(3,12,5,125)
r(92,8,5,125)
r(292,2,5,125)
w(238,11,5,125)
w(200,11,5,125)
r(242,10,5,125)
r(100,4,5,125)
r(189,5,5,125)
w(146,11,5,125)
r(173,8,5,125)
r(218,8,5,125)
r(207,6,6,126)
w(246,7,6,126)
w(267,3,6,126)
w(17,7,6,126)
w(129,12,6,126)
w(128,12,6,126)
w(132,7,6,126)
r(309,5,6,126)
w(170,16,6,126)
w(7,13,6,126)
w(48,13,6,126)
r(341,10,6,126)
w(282,12,6,126)
r(140,13,6,126)
r(150,2,6,126)
r(308,13,6,126)
w(252,7,6,126)
r(356,4,6,126)
r(258,6,6,126)
w(175,19,6,126)
w(16,2,1,127)
r(288,6,1,127)
w(12,2,1,127)
r(162,13,1,127)
r(193,12,1,127)
w(153,6,1,127)
r(162,13,1,127)
r(125,6,1,127)
w(69,5,1,127)
r(221,10,1,127)
r(99,8,1,127)
r(244,1,1,127)
r(66,6,1,127)
w(291,2,1,127)
r(336,4,1,127)
r(311,2,1,127)
r(81,10,1,127)
r(313,11,1,127)
w(330,4,1,127)
w(77,4,1,127)
w(220,2,2,128)
w(12,5,2,128)
r(298,10,2,128)
w(131,2,2,128)
r(302,6,2,128)
w(81,10,2,128)
w(123,2,2,128)
r(188,6,2,128)
w(286,8,2,128)
w(128,5,2,128)
r(288,6,2,128)
w(316,2,2,128)
r(158,1,2,128)
w(265,2,2,128)
r(150,2,2,128)
r(311,2,2,128)
w(181,2,2,128)
w(268,4,2,128)
w(354,2,2,128)
r(64,9,2,128)
r(102,6,3,129)
w(281,5,3,129)
w(57,8,3,129)
r(334,4,3,129)
w(228,10,3,129)
w(141,6,3,129)
w(55,9,3,129)
r(216,12,3,129)
r(3,8,3,129)
r(160,2,3,129)
r(91,13,3,129)
w(196,5,3,129)
w(94,10,3,129)
r(145,10,3,129)
w(125,6,3,129)
w(174,11,3,129)
r(70,6,3,129)
w(83,4,3,129)
w(216,9,3,129)
w(327,2,3,129)
r(229,2,4,130)
r(261,2,4,130)
r(44,11,4,130)
w(201,9,4,130)
r(290,12,4,130)
r(38,4,4,130)
r(278,6,4,130)
w(326,11,4,130)
r(10,6,4,130)
r(103,3,4,130)
r(68,12,4,130)
r(96,6,4,130)
w(251,8,4,130)
w(309,9,4,130)
r(257,10,4,130)
r(187,9,4,130)
r(51,5,4,130)
r(243,3,4,130)
w(91,11,4,130)
r(167,12,4,130)
w(83,8,5,131)
w(32,9,5,131)
r(275,5,5,131)
r(211,6,5,131)
r(219,4,5,131)
r(306,9,5,131)
r(150,2,5,131)
r(279,9,5,131)
r(244,1,5,131)
w(187,9,5,131)
w(10,3,5,131)
w(155,10,5,131)
r(92,8,5,131)
r(18,6,5,131)
w(281,12,5,131)
r(241,10,5,131)
w(66,8,5,131)
r(310,2,5,131)
w(172,5,5,131)
r(320,8,5,131)
w(72,9,6,132)
w(257,19,6,132)
r(344,4,6,132)
w(154,3,6,132)
w(161,11,6,132)
w(203,7,6,132)
r(350,4,6,132)
r(106,2,6,132)
r(328,9,6,132)
r(226,4,6,132)
r(170,16,6,132)
r(31,12,6,132)
w(26,9,6,132)
r(138,5,6,132)
w(309,13,6,132)
w(46,16,6,132)
w(50,13,6,132)
r(295,2,6,132)
w(306,9,6,132)
r(353,9,6,132)
r(215,10,1,133)
w(355,2,1,133)
r(185,8,1,133)
w(294,2,1,133)
w(46,2,1,133)
w(110,4,1,133)
w(355,4,1,133)
w(22,4,1,133)
r(122,5,1,133)
w(347,4,1,133)
r(291,2,1,133)
w(196,2,1,133)
r(257,6,1,133)
r(75,11,1,133)
w(227,2,1,133)
w(337,4,1,133)
r(120,7,1,133)
r(160,2,1,133)
w(9,2,1,133)
r(321,13,1,133)
r(157,2,2,134)
w(8,4,2,134)
r(106,2,2,134)
r(302,6,2,134)
w(161,5,2,134)
r(234,8,2,134)
r(142,11,2,134)
w(353,6,2,134)
r(158,4,2,134)
w(6,6,2,134)
w(180,5,2,134)
w(205,4,2,134)
r(10,2,2,134)
r(287,6,2,134)
w(89,6,2,134)
r(255,4,2,134)
w(51,5,2,134)
w(26,6,2,134)
r(311,2,2,134)
w(145,8,2,134)
r(123,2,3,135)
w(271,8,3,135)
r(359,9,3,135)
r(156,12,3,135)
r(231,8,3,135)
r(157,6,3,135)
r(185,6,3,135)
w(317,10,3,135)
r(222,4,3,135)
r(350,4,3,135)
r(322,2,3,135)
r(68,5,3,135)
r(177,13,3,135)
w(85,5,3,135)
r(280,12,3,135)
r(98,8,3,135)
r(73,16,3,135)
w(148,8,3,135)
r(159,11,3,135)
r(344,4,3,135)
r(99,5,4,136)
r(281,11,4,136)
w(160,10,4,136)
w(3,11,4,136)
r(257,10,4,136)
w(11,8,4,136)
r(49,11,4,136)
w(158,9,4,136)
w(333,5,4,136)
r(200,3,4,136)
r(54,12,4,136)
w(267,8,4,136)
r(113,7,4,136)
r(153,6,4,136)
r(127,9,4,136)
r(239,2,4,136)
r(118,8,4,136)
w(63,9,4,136)
w(13,5,4,136)
r(24,8,4,136)
w(2,10,5,137)
r(133,5,5,137)
w(124,3,5,137)
w(169,9,5,137)
w(6,3,5,137)
w(218,9,5,137)
r(9,2,5,137)
r(341,6,5,137)
r(173,4,5,137)
r(215,9,5,137)
r(175,19,5,137)
r(180,5,5,137)
r(168,5,5,137)
r(304,10,5,137)
r(120,7,5,137)
w(208,8,5,137)
w(253,5,5,137)
w(124,12,5,137)
r(228,11,5,137)
w(246,3,5,137)
w(200,13,6,138)
w(208,10,6,138)
w(134,9,6,138)
w(253,11,6,138)
r(327,1,6,138)
r(65,1,6,138)
w(116,12,6,138)
w(127,12,6,138)
r(5,6,6,138)
r(334,4,6,138)
w(148,7,6,138)
r(178,1,6,138)
w(13,9,6,138)
r(19,8,6,138)
r(108,12,6,138)
r(14,3,6,138)
r(274,4,6,138)
r(145,10,6,138)
w(62,16,6,138)
r(88,10,6,138)
r(157,5,1,139)
r(174,8,1,139)
w(348,4,1,139)
w(269,2,1,139)
w(169,2,1,139)
w(104,4,1,139)
w(300,4,1,139)
w(98,2,1,139)
w(134,4,1,139)
w(310,2,1,139)
w(158,6,1,139)
w(333,4,1,139)
w(344,2,1,139)
r(183,1,1,139)
w(103,2,1,139)
w(266,2,1,139)
r(349,9,1,139)
r(166,9,1,139)
w(85,4,1,139)
w(56,2,1,139)
w(257,6,2,140)
r(330,4,2,140)
w(355,5,2,140)
w(122,4,2,140)
w(255,5,2,140)
r(103,10,2,140)
r(20,8,2,140)
w(129,6,2,140)
w(241,10,2,140)
r(302,6,2,140)
r(290,11,2,140)
w(174,8,2,140)
w(6,5,2,140)
r(266,8,2,140)
r(126,13,2,140)
w(300,5,2,140)
w(157,6,2,140)
r(23,6,2,140)
r(296,10,2,140)
r(189,5,2,140)
w(16,9,3,141)
w(205,10,3,141)
w(157,5,3,141)
r(99,8,3,141)
w(122,6,3,141)
w(13,6,3,141)
w(240,2,3,141)
r(30,8,3,141)
r(180,5,3,141)
r(286,8,3,141)
w(227,9,3,141)
r(148,8,3,141)
r(329,8,3,141)
w(179,12,3,141)
r(173,2,3,141)
r(322,2,3,141)
w(268,8,3,141)
r(249,9,3,141)
w(135,11,3,141)
r(230,11,3,141)
w(75,5,4,142)
r(30,8,4,142)
w(169,10,4,142)
w(76,9,4,142)
r(292,2,4,142)
w(354,11,4,142)
w(220,9,4,142)
r(239,2,4,142)
w(130,11,4,142)
r(202,4,4,142)
r(69,8,4,142)
w(135,3,4,142)
w(312,10,4,142)
w(337,8,4,142)
w(355,9,4,142)
r(290,9,4,142)
w(349,14,4,142)
r(122,8,4,142)
r(55,6,4,142)
r(194,8,4,142)
w(94,13,5,143)
w(32,11,5,143)
w(332,9,5,143)
r(166,9,5,143)
r(299,9,5,143)
w(230,19,5,143)
w(244,9,5,143)
r(176,3,5,143)
r(242,10,5,143)
r(187,9,5,143)
w(86,3,5,143)
r(305,6,5,143)
r(188,6,5,143)
r(199,4,5,143)
r(158,6,5,143)
r(54,3,5,143)
w(43,12,5,143)
w(198,7,5,143)
r(11,5,5,143)
r(153,6,5,143)
r(203,7,6,144)
r(181,2,6,144)
w(54,3,6,144)
r(317,10,6,144)
w(285,13,6,144)
r(329,8,6,144)
w(290,3,6,144)
w(315,9,6,144)
w(238,12,6,144)
r(194,5,6,144)
r(190,9,6,144)
w(303,17,6,144)
w(226,7,6,144)
r(305,6,6,144)
r(28,19,6,144)
w(134,11,6,144)
r(22,2,6,144)
w(191,3,6,144)
w(353,3,6,144)
r(326,5,6,144)
r(82,9,1,145)
r(256,4,1,145)
w(276,4,1,145)
r(204,4,1,145)
w(346,2,1,145)
r(244,1,1,145)
w(71,4,1,145)
r(196,2,1,145)
w(39,6,1,145)
r(328,9,1,145)
w(4,4,1,145)
r(42,8,1,145)
r(6,11,1,145)
r(270,9,1,145)
r(127,9,1,145)
r(164,11,1,145)
w(310,4,1,145)
w(28,8,1,145)
w(22,6,1,145)
w(330,6,1,145)
w(205,6,2,146)
r(134,11,2,146)
r(258,6,2,146)
r(316,2,2,146)
w(107,6,2,146)
w(262,6,2,146)
w(348,5,2,146)
r(243,4,2,146)
r(59,11,2,146)
w(99,6,2,146)
w(303,6,2,146)
r(189,5,2,146)
r(50,13,2,146)
r(248,3,2,146)
w(343,4,2,146)
r(164,11,2,146)
r(343,4,2,146)
r(13,6,2,146)
w(143,5,2,146)
w(350,5,2,146)
w(100,4,3,147)
w(130,5,3,147)
r(131,2,3,147)
r(313,11,3,147)
w(144,5,3,147)
w(295,8,3,147)
w(122,5,3,147)
r(106,2,3,147)
w(200,8,3,147)
r(198,16,3,147)
w(275,5,3,147)
r(305,6,3,147)
w(19,9,3,147)
r(131,2,3,147)
r(103,10,3,147)
w(320,8,3,147)
r(118,8,3,147)
w(308,8,3,147)
r(122,5,3,147)
w(173,8,3,147)
r(74,3,4,148)
w(61,11,4,148)
w(252,10,4,148)
w(71,11,4,148)
w(257,13,4,148)
w(73,19,4,148)
r(210,8,4,148)
r(132,5,4,148)
w(230,13,4,148)
r(31,10,4,148)
w(289,8,4,148)
r(84,8,4,148)
r(203,4,4,148)
r(29,6,4,148)
r(46,8,4,148)
r(122,8,4,148)
r(35,11,4,148)
w(324,10,4,148)
w(93,13,4,148)
r(153,9,4,148)
w(197,11,5,149)
w(68,12,5,149)
r(98,2,5,149)
r(29,5,5,149)
r(136,2,5,149)
w(334,5,5,149)
w(101,12,5,149)
r(181,2,5,149)
r(78,3,5,149)
r(355,4,5,149)
w(347,10,5,149)
r(216,14,5,149)
w(314,10,5,149)
w(262,9,5,149)
r(230,19,5,149)
r(252,5,5,149)
r(356,8,5,149)
w(316,11,5,149)
w(194,3,5,149)
r(124,12,5,149)
w(179,14,6,150)
r(149,2,6,150)
r(243,4,6,150)
r(282,12,6,150)
w(152,3,6,150)
w(212,17,6,150)
w(34,9,6,150)
r(156,12,6,150)
r(203,7,6,150)
r(83,4,6,150)
r(90,5,6,150)
w(243,11,6,150)
w(178,10,6,150)
r(204,4,6,150)
r(320,8,6,150)
w(281,13,6,150)
r(45,6,6,150)
r(189,5,6,150)
r(20,8,6,150)
r(3,8,6,150)
r(289,13,1,151)
w(261,2,1,151)
r(333,4,1,151)
r(322,2,1,151)
r(304,10,1,151)
w(141,2,1,151)
w(318,2,1,151)
w(135,5,1,151)
w(1,2,1,151)
r(251,5,1,151)
w(75,2,1,151)
w(81,4,1,151)
r(85,4,1,151)
r(170,11,1,151)
r(299,9,1,151)
w(212,4,1,151)
r(140,13,1,151)
w(239,2,1,151)
w(349,4,1,151)
r(157,5,1,151)
r(206,4,2,152)
w(91,4,2,152)
r(297,11,2,152)
w(326,8,2,152)
w(353,5,2,152)
w(359,6,2,152)
w(174,10,2,152)
r(40,8,2,152)
r(28,20,2,152)
r(137,8,2,152)
w(220,4,2,152)
r(329,8,2,152)
r(348,4,2,152)
w(359,5,2,152)
w(129,5,2,152)
w(2,2,2,152)
w(173,4,2,152)
r(211,6,2,152)
r(146,11,2,152)
w(60,6,2,152)
r(296,10,3,153)
w(49,11,3,153)
r(230,11,3,153)
w(215,9,3,153)
r(343,10,3,153)
r(130,5,3,153)
w(127,9,3,153)
w(324,5,3,153)
r(140,13,3,153)
r(290,3,3,153)
w(48,5,3,153)
w(16,11,3,153)
w(69,11,3,153)
w(195,5,3,153)
r(352,2,3,153)
r(229,2,3,153)
r(250,12,3,153)
r(174,8,3,153)
w(62,9,3,153)
r(109,6,3,153)
w(289,10,4,154)
r(34,9,4,154)
r(31,10,4,154)
w(233,6,4,154)
w(192,5,4,154)
r(190,9,4,154)
r(138,9,4,154)
w(142,12,4,154)
r(99,11,4,154)
w(249,7,4,154)
r(358,12,4,154)
w(229,11,4,154)
r(40,8,4,154)
r(112,4,4,154)
w(239,8,4,154)
r(82,9,4,154)
w(64,12,4,154)
w(136,11,4,154)
w(81,3,4,154)
w(321,9,4,154)
w(321,12,5,155)
r(41,9,5,155)
w(319,5,5,155)
w(87,5,5,155)
r(60,6,5,155)
w(164,12,5,155)
r(125,6,5,155)
r(268,8,5,155)
w(164,13,5,155)
w(15,11,5,155)
w(43,13,5,155)
w(194,12,5,155)
r(175,19,5,155)
r(8,2,5,155)
r(50,13,5,155)
w(219,11,5,155)
w(268,11,5,155)
w(259,10,5,155)
r(222,10,5,155)
w(189,9,5,155)
r(188,6,6,156)
r(126,13,6,156)
w(290,12,6,156)
w(353,12,6,156)
w(80,3,6,156)
w(218,3,6,156)
r(104,13,6,156)
r(356,8,6,156)
r(177,13,6,156)
r(122,5,6,156)
w(325,16,6,156)
w(66,11,6,156)
w(166,9,6,156)
r(270,9,6,156)
w(289,13,6,156)
r(160,2,6,156)
r(271,8,6,156)
r(244,1,6,156)
r(42,8,6,156)
r(267,5,6,156)
r(237,4,1,157)
w(84,4,1,157)
w(29,2,1,157)
w(99,2,1,157)
r(349,4,1,157)
w(145,4,1,157)
r(249,9,1,157)
w(98,4,1,157)
w(112,2,1,157)
w(126,4,1,157)
r(55,9,1,157)
r(82,9,1,157)
r(296,10,1,157)
w(254,2,1,157)
w(8,2,1,157)
r(162,13,1,157)
r(265,2,1,157)
w(244,4,1,157)
w(226,2,1,157)
w(147,2,1,157)
w(119,5,2,158)
w(202,4,2,158)
w(117,5,2,158)
r(227,2,2,158)
r(323,8,2,158)
w(15,4,2,158)
w(249,11,2,158)
w(267,4,2,158)
w(10,6,2,158)
r(337,4,2,158)
r(117,5,2,158)
r(88,11,2,158)
w(360,4,2,158)
w(80,2,2,158)
r(11,5,2,158)
w(257,5,2,158)
w(203,6,2,158)
r(61,9,2,158)
r(217,9,2,158)
r(155,10,2,158)
w(108,5,3,159)
r(35,2,3,159)
r(201,10,3,159)
r(76,10,3,159)
w(43,5,3,159)
w(107,10,3,159)
w(314,4,3,159)
r(54,3,3,159)
r(214,5,3,159)
w(255,8,3,159)
w(206,6,3,159)
r(140,13,3,159)
r(43,5,3,159)
w(313,8,3,159)
r(168,5,3,159)
w(297,10,3,159)
w(35,8,3,159)
r(32,8,3,159)
w(144,8,3,159)
r(76,10,3,159)
r(321,9,4,160)
w(274,9,4,160)
w(18,11,4,160)
w(246,10,4,160)
w(274,11,4,160)
r(161,5,4,160)
w(290,10,4,160)
r(280,4,4,160)
r(263,8,4,160)
r(359,8,4,160)
r(322,5,4,160)
w(152,10,4,160)
w(256,8,4,160)
w(132,10,4,160)
r(64,12,4,160)
r(15,3,4,160)
r(90,8,4,160)
w(286,12,4,160)
w(112,8,4,160)
w(192,8,4,160)
w(58,13,5,161)
w(200,3,5,161)
r(122,8,5,161)
r(340,5,5,161)
w(85,3,5,161)
w(41,3,5,161)
w(147,9,5,161)
w(333,9,5,161)
w(3,13,5,161)
w(121,12,5,161)
r(32,13,5,161)
r(73,4,5,161)
r(254,2,5,161)
w(15,3,5,161)
r(8,2,5,161)
r(360,4,5,161)
w(251,9,5,161)
w(2,9,5,161)
w(103,3,5,161)
w(57,13,5,161)
w(226,14,6,162)
r(116,2,6,162)
w(146,12,6,162)
r(214,5,6,162)
r(80,3,6,162)
w(70,11,6,162)
w(86,16,6,162)
r(348,4,6,162)
w(358,12,6,162)
r(321,13,6,162)
r(13,6,6,162)
r(122,5,6,162)
w(194,13,6,162)
w(201,3,6,162)
r(103,2,6,162)
w(245,13,6,162)
r(31,11,6,162)
w(196,3,6,162)
r(168,5,6,162)
w(298,17,6,162)
r(266,2,1,163)
r(241,10,1,163)
r(187,9,1,163)
w(207,2,1,163)
w(289,2,1,163)
w(73,4,1,163)
w(332,2,1,163)
w(146,2,1,163)
w(222,6,1,163)
w(64,6,1,163)
w(335,4,1,163)
r(25,12,1,163)
w(241,5,1,163)
w(227,4,1,163)
r(128,5,1,163)
r(206,6,1,163)
r(171,8,1,163)
w(303,4,1,163)
w(182,4,1,163)
r(162,13,1,163)
r(233,11,2,164)
w(291,6,2,164)
r(317,9,2,164)
r(81,4,2,164)
w(298,6,2,164)
w(257,8,2,164)
r(38,4,2,164)
w(155,4,2,164)
w(12,8,2,164)
r(293,6,2,164)
r(302,6,2,164)
w(24,8,2,164)
w(57,6,2,164)
w(21,4,2,164)
r(328,3,2,164)
r(55,14,2,164)
r(195,5,2,164)
r(31,11,2,164)
r(357,10,2,164)
r(143,5,2,164)
r(12,2,3,165)
w(222,10,3,165)
r(174,10,3,165)
w(148,10,3,165)
w(252,5,3,165)
w(331,6,3,165)
w(59,3,3,165)
w(59,12,3,165)
w(317,9,3,165)
r(145,8,3,165)
w(33,6,3,165)
w(234,6,3,165)
r(321,13,3,165)
r(159,11,3,165)
r(252,5,3,165)
w(253,4,3,165)
r(51,5,3,165)
w(122,8,3,165)
r(49,11,3,165)
w(109,10,3,165)
w(96,8,4,166)
w(50,10,4,166)
r(62,10,4,166)
w(203,10,4,166)
r(337,8,4,166)
r(6,3,4,166)
r(223,4,4,166)
w(196,10,4,166)
w(170,3,4,166)
r(216,11,4,166)
w(214,12,4,166)
r(254,2,4,166)
w(259,5,4,166)
w(340,10,4,166)
w(164,3,4,166)
r(16,11,4,166)
r(263,8,4,166)
r(26,5,4,166)
r(203,10,4,166)
w(201,11,4,166)
w(272,10,5,167)
w(11,9,5,167)
w(90,8,5,167)
r(174,10,5,167)
r(44,11,5,167)
r(346,4,5,167)
w(323,11,5,167)
r(95,3,5,167)
r(83,8,5,167)
r(174,10,5,167)
r(99,5,5,167)
r(181,2,5,167)
w(1,6,5,167)
w(4,16,5,167)
r(199,4,5,167)
r(15,3,5,167)
r(135,5,5,167)
r(126,6,5,167)
r(49,11,5,167)
r(299,8,5,167)
r(116,2,6,168)
r(216,14,6,168)
r(162,13,6,168)
w(75,7,6,168)
w(269,3,6,168)
w(80,12,6,168)
w(104,7,6,168)
w(243,3,6,168)
r(294,2,6,168)
r(259,4,6,168)
r(276,4,6,168)
w(57,14,6,168)
r(46,2,6,168)
r(243,3,6,168)
w(220,13,6,168)
w(42,11,6,168)
w(238,13,6,168)
w(54,12,6,168)
r(164,11,6,168)
r(327,2,6,168)
r(205,6,1,169)
w(5,2,1,169)
w(205,2,1,169)
w(29,4,1,169)
r(289,2,1,169)
w(306,2,1,169)
w(233,2,1,169)
r(125,9,1,169)
w(12,4,1,169)
w(176,6,1,169)
w(236,2,1,169)
w(279,6,1,169)
w(42,2,1,169)
w(93,6,1,169)
w(14,2,1,169)
r(79,6,1,169)
w(74,4,1,169)
w(23,2,1,169)
w(232,4,1,169)
w(179,6,1,169)
w(212,5,2,170)
r(189,9,2,170)
r(110,4,2,170)
r(275,5,2,170)
r(93,6,2,170)
r(240,2,2,170)
w(91,6,2,170)
r(235,6,2,170)
w(257,10,2,170)
w(99,5,2,170)
w(311,6,2,170)
w(88,6,2,170)
w(162,8,2,170)
w(270,6,2,170)
r(245,13,2,170)
w(28,9,2,170)
w(12,10,2,170)
w(18,5,2,170)
r(248,3,2,170)
r(296,10,2,170)
r(182,11,3,171)
w(113,8,3,171)
r(264,10,3,171)
r(299,9,3,171)
r(85,4,3,171)
r(224,5,3,171)
w(299,8,3,171)
w(116,8,3,171)
w(178,2,3,171)
w(4,11,3,171)
r(20,8,3,171)
r(235,6,3,171)
w(273,5,3,171)
w(130,8,3,171)
w(74,10,3,171)
w(146,6,3,171)
r(128,5,3,171)
w(101,8,3,171)
w(67,10,3,171)
r(314,10,3,171)
w(282,11,4,172)
w(308,3,4,172)
r(98,12,4,172)
w(149,6,4,172)
r(24,9,4,172)
w(29,10,4,172)
w(328,4,4,172)
r(233,6,4,172)
r(347,10,4,172)
w(322,9,4,172)
r(257,3,4,172)
w(81,12,4,172)
w(6,10,4,172)
w(263,4,4,172)
w(111,10,4,172)
r(145,4,4,172)
w(331,10,4,172)
r(136,11,4,172)
r(295,8,4,172)
w(139,8,4,172)
w(290,9,5,173)
w(25,3,5,173)
w(171,11,5,173)
r(246,3,5,173)
r(272,10,5,173)
r(232,4,5,173)
w(339,11,5,173)
r(39,6,5,173)
r(272,10,5,173)
r(342,4,5,173)
r(253,5,5,173)
w(228,3,5,173)
r(249,11,5,173)
r(121,12,5,173)
r(358,12,5,173)
w(314,9,5,173)
w(350,3,5,173)
w(243,9,5,173)
w(146,3,5,173)
r(227,4,5,173)
w(166,11,6,174)
r(228,11,6,174)
r(163,2,6,174)
w(273,13,6,174)
w(230,17,6,174)
r(211,6,6,174)
w(57,16,6,174)
w(189,11,6,174)
w(348,13,6,174)
r(153,6,6,174)
r(213,5,6,174)
r(39,6,6,174)
r(340,5,6,174)
r(76,10,6,174)
r(132,7,6,174)
w(325,19,6,174)
r(293,6,6,174)
r(335,8,6,174)
r(209,10,6,174)
w(27,13,6,174)
r(181,2,1,175)
w(156,2,1,175)
r(62,13,1,175)
r(241,5,1,175)
w(125,2,1,175)
w(346,4,1,175)
w(189,2,1,175)
w(126,6,1,175)
w(308,4,1,175)
r(290,12,1,175)
r(206,12,1,175)
w(345,4,1,175)
r(60,6,1,175)
w(203,4,1,175)
r(271,8,1,175)
w(242,4,1,175)
w(55,6,1,175)
w(273,2,1,175)
w(312,2,1,175)
w(280,4,1,175)
r(58,13,2,176)
r(106,2,2,176)
w(308,5,2,176)
w(237,5,2,176)
r(156,2,2,176)
w(152,4,2,176)
w(216,5,2,176)
w(78,8,2,176)
w(205,5,2,176)
w(285,8,2,176)
r(160,10,2,176)
w(104,5,2,176)
w(275,4,2,176)
r(110,4,2,176)
r(282,12,2,176)
w(322,5,2,176)
r(212,5,2,176)
r(336,4,2,176)
r(51,5,2,176)
r(254,2,2,176)
w(344,6,3,177)
r(118,8,3,177)
w(8,10,3,177)
r(314,10,3,177)
w(31,8,3,177)
w(108,8,3,177)
w(329,6,3,177)
w(237,9,3,177)
r(242,4,3,177)
w(241,9,3,177)
w(19,11,3,177)
r(296,10,3,177)
r(27,13,3,177)
w(3,10,3,177)
w(84,8,3,177)
w(201,5,3,177)
w(334,2,3,177)
w(291,10,3,177)
w(329,5,3,177)
r(33,6,3,177)
r(326,10,4,178)
w(294,9,4,178)
r(295,8,4,178)
w(34,5,4,178)
w(282,3,4,178)
r(167,4,4,178)
w(175,12,4,178)
w(257,7,4,178)
r(54,12,4,178)
r(272,10,4,178)
r(127,4,4,178)
r(232,4,4,178)
r(263,4,4,178)
w(159,9,4,178)
w(194,11,4,178)
w(117,10,4,178)
r(39,10,4,178)
r(2,4,4,178)
r(128,5,4,178)
w(160,9,4,178)
w(11,11,5,179)
w(111,3,5,179)
w(166,8,5,179)
r(153,6,5,179)
w(227,3,5,179)
r(19,11,5,179)
w(4,19,5,179)
w(262,11,5,179)
r(255,8,5,179)
r(332,2,5,179)
r(169,9,5,179)
w(340,9,5,179)
w(12,14,5,179)
w(251,11,5,179)
w(293,5,5,179)
w(20,3,5,179)
w(107,3,5,179)
w(222,3,5,179)
w(137,12,5,179)
r(206,12,5,179)
r(329,8,6,180)
r(190,9,6,180)
w(328,3,6,180)
w(86,19,6,180)
w(217,16,6,180)
w(55,14,6,180)
r(322,2,6,180)
r(139,2,6,180)
w(125,9,6,180)
r(87,5,6,180)
r(214,5,6,180)
w(273,7,6,180)
r(269,3,6,180)
r(289,13,6,180)
r(287,6,6,180)
r(128,5,6,180)
r(296,10,6,180)
w(113,7,6,180)
w(357,10,6,180)
r(316,11,6,180)
w(31,2,1,181)
r(148,10,1,181)
w(326,2,1,181)
w(52,2,1,181)
r(306,2,1,181)
r(95,3,1,181)
w(23,4,1,181)
w(32,4,1,181)
w(326,4,1,181)
r(168,5,1,181)
w(69,8,1,181)
r(267,4,1,181)
r(220,13,1,181)
w(251,2,1,181)
w(243,2,1,181)
r(105,9,1,181)
r(106,2,1,181)
r(299,8,1,181)
r(2,9,1,181)
r(276,4,1,181)
w(152,6,2,182)
w(194,8,2,182)
w(176,8,2,182)
w(71,5,2,182)
r(246,5,2,182)
w(250,4,2,182)
r(153,6,2,182)
w(175,6,2,182)
r(352,9,2,182)
r(37,8,2,182)
w(264,6,2,182)
w(196,4,2,182)
r(301,4,2,182)
w(28,11,2,182)
w(350,8,2,182)
w(52,8,2,182)
w(348,8,2,182)
r(224,5,2,182)
w(137,5,2,182)
r(359,14,2,182)
w(121,9,3,183)
r(232,4,3,183)
w(177,4,3,183)
w(112,4,3,183)
w(148,9,3,183)
w(37,8,3,183)
r(159,11,3,183)
r(134,4,3,183)
r(36,13,3,183)
r(221,10,3,183)
r(234,6,3,183)
w(53,6,3,183)
w(307,8,3,183)
w(81,9,3,183)
r(181,2,3,183)
w(132,5,3,183)
w(184,6,3,183)
r(60,6,3,183)
w(111,6,3,183)
r(141,2,3,183)
w(111,9,4,184)
w(93,7,4,184)
w(251,10,4,184)
w(82,3,4,184)
r(112,8,4,184)
w(313,12,4,184)
w(52,14,4,184)
w(17,8,4,184)
w(231,4,4,184)
r(114,6,4,184)
w(325,7,4,184)
w(314,6,4,184)
r(304,14,4,184)
r(8,9,4,184)
w(118,10,4,184)
r(27,13,4,184)
w(226,5,4,184)
w(59,13,4,184)
w(178,8,4,184)
w(108,9,4,184)
r(259,10,5,185)
w(75,3,5,185)
w(360,9,5,185)
w(93,16,5,185)
r(12,14,5,185)
w(351,11,5,185)
r(337,4,5,185)
w(89,11,5,185)
w(251,3,5,185)
r(261,2,5,185)
r(322,5,5,185)
w(22,12,5,185)
w(74,3,5,185)
w(153,9,5,185)
r(193,10,5,185)
r(205,5,5,185)
r(357,10,5,185)
r(217,16,5,185)
w(265,5,5,185)
r(115,1,5,185)
r(357,10,6,186)
w(32,13,6,186)
w(348,7,6,186)
w(206,12,6,186)
r(217,16,6,186)
r(65,4,6,186)
r(317,9,6,186)
r(146,2,6,186)
r(349,4,6,186)
r(69,11,6,186)
r(33,6,6,186)
r(305,6,6,186)
r(195,5,6,186)
w(90,9,6,186)
r(319,5,6,186)
r(343,4,6,186)
w(304,14,6,186)
r(230,17,6,186)
w(19,14,6,186)
r(145,4,6,186)
r(89,10,1,187)
w(264,2,1,187)
r(157,5,1,187)
r(190,9,1,187)
r(121,9,1,187)
r(355,4,1,187)
r(307,8,1,187)
w(285,5,1,187)
r(38,4,1,187)
w(29,6,1,187)
r(101,8,1,187)
r(357,10,1,187)
r(132,5,1,187)
r(19,11,1,187)
w(229,4,1,187)
r(305,6,1,187)
r(22,6,1,187)
r(272,10,1,187)
r(286,8,1,187)
w(77,6,1,187)
r(101,8,2,188)
r(43,13,2,188)
w(237,8,2,188)
w(94,4,2,188)
r(25,3,2,188)
w(11,6,2,188)
w(354,4,2,188)
w(354,6,2,188)
r(83,8,2,188)
r(265,5,2,188)
w(63,6,2,188)
w(164,6,2,188)
r(262,11,2,188)
r(13,5,2,188)
r(123,2,2,188)
r(277,5,2,188)
r(34,9,2,188)
w(169,5,2,188)
w(62,10,2,188)
w(30,6,2,188)
w(18,10,3,189)
w(246,5,3,189)
r(335,4,3,189)
r(151,2,3,189)
r(270,6,3,189)
w(70,5,3,189)
w(218,6,3,189)
r(60,6,3,189)
r(175,17,3,189)
w(72,6,3,189)
r(319,5,3,189)
w(19,3,3,189)
w(154,5,3,189)
w(315,8,3,189)
r(89,10,3,189)
w(102,5,3,189)
w(178,4,3,189)
r(338,8,3,189)
w(173,9,3,189)
w(31,10,3,189)
r(30,6,4,190)
r(29,11,4,190)
w(180,9,4,190)
w(304,9,4,190)
w(49,13,4,190)
w(229,3,4,190)
w(210,10,4,190)
r(191,4,4,190)
r(262,2,4,190)
w(264,9,4,190)
r(123,8,4,190)
r(48,2,4,190)
r(354,14,4,190)
r(312,10,4,190)
w(316,10,4,190)
r(321,5,4,190)
r(347,10,4,190)
r(341,6,4,190)
r(33,6,4,190)
r(207,4,4,190)
r(270,6,5,191)
r(237,8,5,191)
w(66,10,5,191)
w(333,11,5,191)
r(34,9,5,191)
r(65,4,5,191)
r(120,7,5,191)
w(354,12,5,191)
w(343,9,5,191)
w(259,9,5,191)
w(291,3,5,191)
r(173,9,5,191)
r(188,6,5,191)
w(35,11,5,191)
w(142,7,5,191)
w(360,11,5,191)
r(134,4,5,191)
r(203,4,5,191)
w(349,17,5,191)
w(224,8,5,191)
w(72,11,6,192)
r(287,6,6,192)
w(321,7,6,192)
r(205,2,6,192)
r(121,9,6,192)
r(309,9,6,192)
w(92,12,6,192)
r(130,8,6,192)
r(266,2,6,192)
w(219,7,6,192)
w(138,9,6,192)
r(162,8,6,192)
w(359,14,6,192)
w(234,9,6,192)
w(164,16,6,192)
w(121,13,6,192)
r(237,9,6,192)
w(175,17,6,192)
r(311,6,6,192)
w(49,14,6,192)
r(40,8,1,193)
w(73,6,1,193)
r(145,4,1,193)
r(316,11,1,193)
w(305,5,1,193)
r(65,4,1,193)
w(133,6,1,193)
r(15,3,1,193)
r(244,8,1,193)
w(289,4,1,193)
w(124,2,1,193)
r(110,4,1,193)
r(80,2,1,193)
r(357,10,1,193)
w(355,6,1,193)
r(357,10,1,193)
r(229,4,1,193)
r(70,5,1,193)
r(77,6,1,193)
r(188,6,1,193)
r(259,9,2,194)
r(116,10,2,194)
w(73,12,2,194)
w(319,4,2,194)
r(278,6,2,194)
w(359,8,2,194)
r(8,10,2,194)
w(67,5,2,194)
w(46,8,2,194)
w(298,5,2,194)
r(43,13,2,194)
r(209,10,2,194)
r(37,8,2,194)
w(39,10,2,194)
w(296,2,2,194)
r(131,2,2,194)
r(66,10,2,194)
w(352,4,2,194)
w(335,10,2,194)
r(26,5,2,194)
r(100,8,3,195)
w(92,10,3,195)
w(42,4,3,195)
r(211,6,3,195)
r(15,3,3,195)
r(268,11,3,195)
w(206,5,3,195)
w(269,5,3,195)
w(302,5,3,195)
r(323,11,3,195)
r(247,10,3,195)
w(294,10,3,195)
r(206,5,3,195)
r(247,10,3,195)
r(292,2,3,195)
r(206,5,3,195)
w(116,10,3,195)
r(64,7,3,195)
r(43,13,3,195)
w(335,11,3,195)
r(65,4,4,196)
r(350,8,4,196)
w(200,10,4,196)
w(100,10,4,196)
r(228,3,4,196)
w(148,3,4,196)
r(44,11,4,196)
r(112,9,4,196)
r(319,4,4,196)
w(29,9,4,196)
r(46,8,4,196)
w(295,3,4,196)
r(96,8,4,196)
w(229,12,4,196)
w(120,12,4,196)
w(94,11,4,196)
r(336,4,4,196)
r(115,4,4,196)
r(95,3,4,196)
r(263,4,4,196)
w(193,11,5,197)
w(214,7,5,197)
r(59,12,5,197)
w(28,18,5,197)
w(102,11,5,197)
r(171,11,5,197)
r(55,6,5,197)
w(19,7,5,197)
w(45,9,5,197)
r(68,12,5,197)
r(218,6,5,197)
w(10,12,5,197)
w(360,3,5,197)
r(122,8,5,197)
r(209,10,5,197)
w(174,3,5,197)
w(316,3,5,197)
w(299,11,5,197)
w(353,11,5,197)
r(285,8,5,197)
w(98,12,6,198)
r(68,12,6,198)
r(204,4,6,198)
w(163,10,6,198)
r(200,3,6,198)
r(63,9,6,198)
w(64,7,6,198)
r(14,2,6,198)
r(144,8,6,198)
w(215,13,6,198)
w(231,11,6,198)
r(84,8,6,198)
r(314,9,6,198)
w(320,12,6,198)
r(120,7,6,198)
w(309,7,6,198)
r(339,11,6,198)
r(130,8,6,198)
r(150,2,6,198)
r(54,12,6,198)
w(235,2,1,199)
r(143,5,1,199)
r(313,3,1,199)
w(67,4,1,199)
r(330,6,1,199)
w(194,2,1,199)
r(261,6,1,199)
w(299,2,1,199)
w(48,2,1,199)
w(157,4,1,199)
w(28,10,1,199)
r(194,2,1,199)
r(141,2,1,199)
w(348,6,1,199)
r(296,2,1,199)
r(103,3,1,199)
r(217,16,1,199)
r(140,8,1,199)
r(137,10,1,199)
w(142,5,1,199)
w(188,5,2,200)
r(177,6,2,200)
r(22,12,2,200)
w(12,9,2,200)
r(211,6,2,200)
r(326,4,2,200)
w(63,5,2,200)
w(357,4,2,200)
w(131,4,2,200)
r(200,3,2,200)
r(266,2,2,200)
r(27,13,2,200)
r(45,9,2,200)
w(123,4,2,200)
r(233,2,2,200)
w(36,5,2,200)
r(351,11,2,200)
r(89,11,2,200)
w(156,5,2,200)
r(34,9,2,200)
r(133,6,3,201)
r(29,6,3,201)
w(225,6,3,201)
r(230,17,3,201)
r(315,8,3,201)
r(259,10,3,201)
r(110,4,3,201)
r(10,6,3,201)
w(20,10,3,201)
r(304,14,3,201)
w(3,9,3,201)
r(311,6,3,201)
r(294,10,3,201)
w(78,10,3,201)
r(293,5,3,201)
w(57,10,3,201)
r(295,8,3,201)
r(131,2,3,201)
w(12,3,3,201)
r(87,5,3,201)
r(158,3,4,202)
w(109,13,4,202)
r(103,3,4,202)
r(254,8,4,202)
r(209,10,4,202)
r(178,8,4,202)
r(114,6,4,202)
r(281,11,4,202)
r(323,11,4,202)
w(165,9,4,202)
r(326,10,4,202)
r(116,6,4,202)
w(166,5,4,202)
r(357,9,4,202)
w(1,4,4,202)
w(109,7,4,202)
w(101,11,4,202)
w(356,10,4,202)
w(267,10,4,202)
r(113,10,4,202)
w(13,8,5,203)
w(210,12,5,203)
w(222,12,5,203)
w(88,13,5,203)
w(6,12,5,203)
w(64,13,5,203)
r(245,7,5,203)
w(193,3,5,203)
r(237,11,5,203)
r(305,5,5,203)
w(60,12,5,203)
w(109,19,5,203)
r(80,2,5,203)
r(338,8,5,203)
r(175,15,5,203)
w(52,17,5,203)
r(324,10,5,203)
r(321,4,5,203)
r(291,3,5,203)
w(298,7,5,203)
r(234,9,6,204)
w(77,9,6,204)
r(335,4,6,204)
w(230,15,6,204)
w(67,12,6,204)
r(211,6,6,204)
r(279,6,1,205)
w(19,2,1,205)
r(71,11,1,205)
r(252,10,1,205)
w(127,4,1,205)
w(64,5,1,205)
r(323,11,1,205)
r(321,4,1,205)
r(55,6,1,205)
r(348,6,1,205)
r(170,3,1,205)
r(63,7,1,205)
r(140,8,1,205)
w(64,8,1,205)
r(34,9,1,205)
r(25,3,1,205)
w(185,2,1,205)
r(226,2,1,205)
w(20,4,1,205)
w(349,6,1,205)
r(103,3,2,206)
r(124,2,2,206)
r(99,11,2,206)
r(82,9,2,206)
w(69,9,2,206)
w(238,4,2,206)
w(2,4,2,206)
r(347,10,2,206)
r(306,2,2,206)
w(353,8,2,206)
r(119,5,2,206)
r(360,3,2,206)
w(158,5,2,206)
w(132,6,2,206)
r(203,4,2,206)
r(112,4,2,206)
w(151,5,2,206)
r(201,5,2,206)
w(300,10,2,206)
w(339,6,2,206)
w(24,9,3,207)
r(15,3,3,207)
r(259,9,3,207)
r(39,6,3,207)
r(171,11,3,207)
w(50,6,3,207)
w(331,5,3,207)
r(180,5,3,207)
r(171,11,3,207)
w(26,5,3,207)
r(100,8,3,207)
w(261,6,3,207)
r(47,8,3,207)
w(216,11,3,207)
w(214,9,3,207)
r(4,19,3,207)
w(60,8,3,207)
r(107,3,3,207)
r(103,3,3,207)
w(297,9,3,207)
r(283,3,4,208)
r(135,3,4,208)
r(266,2,4,208)
w(188,9,4,208)
w(31,3,4,208)
r(5,10,4,208)
r(77,6,4,208)
r(303,5,4,208)
r(229,12,4,208)
r(44,2,4,208)
r(217,11,4,208)
r(114,6,4,208)
r(346,8,4,208)
w(152,9,4,208)
r(330,3,4,208)
r(145,11,4,208)
r(299,4,4,208)
r(35,9,4,208)
r(48,2,4,208)
w(30,9,4,208)
r(20,10,5,209)
w(195,11,5,209)
w(125,8,5,209)
w(300,7,5,209)
w(148,12,5,209)
w(309,3,5,209)
w(322,12,5,209)
w(270,3,5,209)
r(128,5,5,209)
r(152,10,5,209)
w(202,10,5,209)
r(236,2,5,209)
r(337,8,5,209)
r(241,12,5,209)
w(138,10,5,209)
r(195,11,5,209)
r(312,10,5,209)
w(261,5,5,209)
w(356,11,5,209)
w(212,16,5,209)
w(99,11,6,210)
r(134,4,6,210)
w(300,16,6,210)
r(118,8,6,210)
w(168,7,6,210)
r(314,9,6,210)
r(61,9,6,210)
w(241,12,6,210)
r(339,11,6,210)
w(125,11,6,210)
r(325,19,6,210)
r(117,5,6,210)
w(234,11,6,210)
w(287,11,6,210)
r(77,6,6,210)
w(215,7,6,210)
w(91,7,6,210)
r(300,16,6,210)
r(124,2,6,210)
r(94,13,6,210)
w(94,2,1,211)
w(183,2,1,211)
r(239,8,1,211)
w(207,4,1,211)
r(102,11,1,211)
w(122,2,1,211)
w(238,2,1,211)
w(249,4,1,211)
w(310,6,1,211)
w(358,4,1,211)
r(133,11,1,211)
r(64,14,1,211)
w(64,10,1,211)
w(262,2,1,211)
r(24,9,1,211)
w(88,2,1,211)
w(169,4,1,211)
w(35,4,1,211)
r(52,17,1,211)
r(188,5,1,211)
w(32,6,2,212)
w(309,8,2,212)
w(94,6,2,212)
r(195,8,2,212)
w(52,10,2,212)
r(78,10,2,212)
w(32,5,2,212)
w(230,5,2,212)
r(140,8,2,212)
w(116,4,2,212)
r(242,4,2,212)
r(218,6,2,212)
r(356,8,2,212)
w(293,2,2,212)
w(326,10,2,212)
r(318,2,2,212)
w(139,4,2,212)
r(200,7,2,212)
r(278,6,2,212)
w(322,8,2,212)
w(235,4,3,213)
w(69,3,3,213)
w(283,10,3,213)
w(307,10,3,213)
r(312,10,3,213)
r(63,6,3,213)
w(237,11,3,213)
w(68,10,3,213)
w(177,6,3,213)
w(109,9,3,213)
r(321,7,3,213)
w(195,8,3,213)
w(264,8,3,213)
r(2,9,3,213)
w(37,10,3,213)
w(349,3,3,213)
r(192,4,3,213)
r(79,6,3,213)
r(73,12,3,213)
r(124,2,3,213)
w(170,12,4,214)
r(219,6,4,214)
r(93,3,4,214)
w(322,11,4,214)
w(334,6,4,214)
w(221,5,4,214)
w(232,10,4,214)
r(44,3,4,214)
r(226,5,4,214)
r(42,6,4,214)
w(257,14,4,214)
r(12,6,4,214)
r(265,8,4,214)
w(285,9,4,214)
w(220,11,4,214)
r(234,11,4,214)
r(208,8,4,214)
r(43,7,4,214)
w(196,9,4,214)
r(25,4,4,214)
w(91,3,5,215)
w(191,9,5,215)
w(133,11,5,215)
w(145,11,5,215)
w(36,11,5,215)
r(287,5,5,215)
w(140,9,5,215)
w(144,9,5,215)
w(298,14,5,215)
r(346,4,5,215)
r(349,6,5,215)
r(38,4,5,215)
r(129,13,5,215)
r(317,9,5,215)
w(196,11,5,215)
r(230,5,5,215)
w(170,7,5,215)
w(108,11,5,215)
r(306,11,5,215)
w(106,9,5,215)
w(129,13,6,216)
r(151,5,6,216)
r(187,9,6,216)
r(319,4,6,216)
w(200,7,6,216)
r(203,4,6,216)
w(206,13,6,216)
r(171,11,6,216)
r(100,8,6,216)
r(356,8,6,216)
r(305,5,6,216)
w(43,7,6,216)
w(354,14,6,216)
r(338,8,6,216)
w(9,7,6,216)
w(202,11,6,216)
w(205,14,6,216)
r(260,8,6,216)
w(222,7,6,216)
w(153,11,6,216)
r(27,13,1,217)
w(356,2,1,217)
w(193,4,1,217)
r(199,4,1,217)
r(41,3,1,217)
w(162,2,1,217)
w(17,6,1,217)
r(219,7,1,217)
w(19,4,1,217)
w(151,4,1,217)
r(59,12,1,217)
w(320,6,1,217)
w(200,4,1,217)
r(56,2,1,217)
r(39,10,1,217)
w(248,2,1,217)
r(132,10,1,217)
r(318,2,1,217)
r(121,8,1,217)
r(42,6,1,217)
w(321,4,2,218)
w(119,8,2,218)
r(253,5,2,218)
w(167,4,2,218)
r(205,14,2,218)
w(86,4,2,218)
w(311,5,2,218)
r(301,4,2,218)
w(57,5,2,218)
w(202,6,2,218)
r(240,2,2,218)
r(123,4,2,218)
w(187,2,2,218)
r(114,6,2,218)
w(287,5,2,218)
r(276,4,2,218)
r(66,10,2,218)
w(116,6,2,218)
w(216,8,2,218)
w(35,6,2,218)
w(120,8,3,219)
r(137,5,3,219)
r(153,9,3,219)
r(235,4,3,219)
r(80,2,3,219)
r(196,4,3,219)
w(122,10,3,219)
w(87,6,3,219)
r(6,3,3,219)
w(196,8,3,219)
w(309,10,3,219)
w(14,5,3,219)
w(96,5,3,219)
w(113,10,3,219)
w(43,8,3,219)
w(257,3,3,219)
r(32,4,3,219)
r(57,10,3,219)
r(126,6,3,219)
r(250,4,3,219)
w(70,10,4,220)
w(227,11,4,220)
w(307,11,4,220)
r(39,3,4,220)
w(275,10,4,220)
r(96,3,4,220)
w(67,11,4,220)
r(205,7,4,220)
r(62,6,4,220)
r(281,11,4,220)
w(106,5,4,220)
w(300,13,4,220)
w(233,5,4,220)
w(245,12,4,220)
w(184,9,4,220)
w(100,9,4,220)
r(263,4,4,220)
w(277,8,4,220)
r(235,2,4,220)
r(102,11,4,220)
r(270,3,5,221)
r(329,5,5,221)
r(13,8,5,221)
r(163,10,5,221)
r(40,8,5,221)
r(209,10,5,221)
w(76,3,5,221)
r(4,19,5,221)
r(21,3,5,221)
w(7,11,5,221)
w(180,13,5,221)
w(197,3,5,221)
w(4,17,5,221)
w(348,3,5,221)
r(193,3,5,221)
r(20,4,5,221)
w(29,11,5,221)
r(319,4,5,221)
w(306,8,5,221)
r(315,8,5,221)
w(159,3,6,222)
r(180,5,6,222)
r(222,7,6,222)
r(286,12,6,222)
r(171,11,6,222)
w(273,14,6,222)
w(175,15,6,222)
r(104,5,6,222)
r(266,2,6,222)
r(236,2,6,222)
r(176,8,6,222)
w(245,7,6,222)
w(21,3,6,222)
r(6,3,6,222)
w(306,11,6,222)
w(262,13,6,222)
r(83,8,6,222)
w(197,13,6,222)
w(115,4,6,222)
w(307,13,6,222)
w(254,6,1,223)
r(250,4,1,223)
r(205,14,1,223)
w(19,6,1,223)
w(75,4,1,223)
r(282,3,1,223)
w(151,6,1,223)
w(191,4,1,223)
r(318,2,1,223)
w(7,5,1,223)
w(159,4,1,223)
w(15,2,1,223)
w(108,4,1,223)
r(137,10,1,223)
r(81,12,1,223)
w(257,2,1,223)
w(86,2,1,223)
r(133,11,1,223)
w(227,6,1,223)
r(254,6,1,223)
r(325,19,2,224)
r(339,6,2,224)
w(343,6,2,224)
w(121,8,2,224)
w(357,6,2,224)
r(39,10,2,224)
w(291,5,2,224)
w(107,5,2,224)
w(325,9,2,224)
w(179,8,2,224)
r(87,6,2,224)
r(163,10,2,224)
r(39,10,2,224)
r(271,8,2,224)
w(12,11,2,224)
w(268,5,2,224)
w(88,5,2,224)
r(332,2,2,224)
w(162,10,2,224)
r(322,8,2,224)
w(67,9,3,225)
r(228,3,3,225)
w(127,11,3,225)
r(276,4,3,225)
r(279,6,3,225)
r(250,4,3,225)
r(340,9,3,225)
r(8,10,3,225)
w(5,10,3,225)
r(229,11,3,225)
w(242,5,3,225)
r(99,11,3,225)
r(341,6,3,225)
w(120,10,3,225)
r(59,12,3,225)
w(137,10,3,225)
w(275,8,3,225)
r(207,2,3,225)
r(99,11,3,225)
r(18,11,3,225)
r(28,10,4,226)
w(192,10,4,226)
w(316,9,4,226)
r(270,3,4,226)
w(273,11,4,226)
w(327,4,4,226)
r(243,9,4,226)
w(175,13,4,226)
w(25,10,4,226)
w(264,11,4,226)
w(317,11,4,226)
r(101,4,4,226)
w(106,8,4,226)
r(95,4,4,226)
w(205,12,4,226)
r(327,4,4,226)
w(77,5,4,226)
r(74,3,4,226)
w(229,13,4,226)
w(60,3,4,226)
r(38,4,5,227)
r(191,9,5,227)
r(360,3,5,227)
w(291,12,5,227)
w(155,9,5,227)
r(102,11,5,227)
w(283,3,5,227)
r(308,3,5,227)
w(130,13,5,227)
r(62,10,5,227)
w(117,11,5,227)
r(183,2,5,227)
r(292,6,5,227)
w(246,12,5,227)
w(338,10,5,227)
r(340,12,5,227)
r(351,11,5,227)
r(324,10,5,227)
w(93,19,5,227)
r(239,8,5,227)
r(273,14,6,228)
r(321,4,6,228)
w(280,13,6,228)
r(170,3,6,228)
w(19,16,6,228)
w(298,15,6,228)
w(177,7,6,228)
r(152,10,6,228)
w(187,13,6,228)
w(106,3,6,228)
r(213,5,6,228)
w(63,7,6,228)
r(214,12,6,228)
w(340,12,6,228)
w(90,11,6,228)
w(123,8,6,228)
w(330,3,6,228)
w(151,9,6,228)
r(313,3,6,228)
r(161,5,6,228)
w(126,5,1,229)
r(267,13,1,229)
w(237,6,1,229)
r(301,4,1,229)
r(64,10,1,229)
w(79,5,1,229)
w(324,4,1,229)
r(274,8,1,229)
w(89,4,1,229)
w(144,4,1,229)
r(115,4,1,229)
w(165,4,1,229)
r(345,7,1,229)
r(17,8,1,229)
w(232,6,1,229)
w(159,6,1,229)
w(349,5,1,229)
w(245,5,1,229)
w(244,6,1,229)
r(142,3,1,229)
r(314,6,2,230)
w(52,9,2,230)
r(142,3,2,230)
w(223,8,2,230)
w(210,6,2,230)
r(71,10,2,230)
w(109,5,2,230)
r(214,14,2,230)
w(292,4,2,230)
w(303,5,2,230)
r(176,7,2,230)
r(345,7,2,230)
r(283,3,2,230)
r(232,6,2,230)
w(272,4,2,230)
w(165,6,2,230)
w(299,4,2,230)
r(216,8,2,230)
w(249,3,2,230)
r(313,12,2,230)
r(8,10,3,231)
r(187,2,3,231)
w(73,14,3,231)
w(2,5,3,231)
r(194,2,3,231)
w(293,4,3,231)
w(198,10,3,231)
w(12,12,3,231)
r(56,2,3,231)
w(52,7,3,231)
w(45,8,3,231)
r(67,4,3,231)
w(164,8,3,231)
r(174,3,3,231)
r(53,6,3,231)
w(180,8,3,231)
w(255,10,3,231)
r(184,9,4,232)
r(112,9,4,232)
w(111,11,4,232)
r(335,6,4,232)
w(219,8,4,232)
w(8,12,4,232)
w(339,9,4,232)
w(349,16,4,232)
w(88,3,4,232)
r(126,8,4,232)
r(156,5,4,232)
r(195,14,4,232)
r(98,6,4,232)
r(237,12,4,232)
r(8,12,4,232)
w(3,3,4,232)
w(236,8,4,232)
r(232,10,4,232)
w(303,12,4,232)
w(89,9,4,232)
r(352,4,5,233)
w(60,13,5,233)
w(110,3,5,233)
r(58,13,5,233)
w(11,3,5,233)
r(99,11,5,233)
w(190,10,5,233)
r(66,10,5,233)
r(96,8,5,233)
w(359,12,5,233)
w(225,9,5,233)
w(100,11,5,233)
r(314,6,5,233)
w(41,12,5,233)
r(201,12,5,233)
w(83,10,5,233)
r(228,3,5,233)
w(73,15,5,233)
r(78,10,5,233)
r(130,13,5,233)
r(35,6,6,234)
w(141,11,6,234)
w(64,14,6,234)
w(70,3,6,234)
r(257,3,6,234)
w(247,3,6,234)
r(96,8,6,234)
r(195,11,6,234)
w(342,3,6,234)
w(187,7,6,234)
w(151,11,6,234)
w(143,13,6,234)
w(201,12,6,234)
w(84,12,6,234)
r(146,3,6,234)
w(147,3,6,234)
r(240,2,6,234)
w(345,7,6,234)
r(131,4,6,234)
r(205,14,6,234)
r(171,3,1,235)
w(138,2,1,235)
w(349,8,1,235)
w(105,4,1,235)
w(332,4,1,235)
r(208,8,1,235)
w(44,2,1,235)
w(12,6,1,235)
w(16,6,1,235)
r(319,4,1,235)
r(229,12,1,235)
w(153,5,1,235)
w(219,6,1,235)
r(332,4,1,235)
r(40,8,1,235)
r(345,7,1,235)
r(83,10,1,235)
r(86,2,1,235)
r(279,3,1,235)
r(3,7,1,235)
r(273,14,2,236)
r(322,9,2,236)
w(79,8,2,236)
w(354,8,2,236)
w(106,4,2,236)
r(38,4,2,236)
r(248,2,2,236)
w(260,4,2,236)
r(266,2,2,236)
w(320,5,2,236)
r(120,9,2,236)
r(236,12,2,236)
r(324,4,2,236)
w(52,11,2,236)
w(179,9,2,236)
w(80,4,2,236)
w(286,10,2,236)
r(246,12,2,236)
r(1,4,2,236)
w(170,8,2,236)
w(217,11,3,237)
r(80,2,3,237)
w(71,10,3,237)
w(42,6,3,237)
w(142,3,3,237)
w(292,6,3,237)
r(279,6,3,237)
w(8,9,3,237)
r(3,9,3,237)
r(88,2,3,237)
r(359,8,3,237)
w(321,5,3,237)
w(126,3,3,237)
r(64,10,3,237)
r(72,6,3,237)
w(146,5,3,237)
r(114,6,3,237)
w(274,8,3,237)
w(50,8,3,237)
r(56,2,3,237)
r(288,6,4,238)
r(337,8,4,238)
r(227,11,4,238)
r(170,17,4,238)
w(171,10,4,238)
w(322,3,4,238)
w(134,8,4,238)
w(305,3,4,238)
w(46,12,4,238)
w(266,9,4,238)
r(82,7,4,238)
w(58,3,4,238)
w(342,9,4,238)
w(63,11,4,238)
r(120,13,4,238)
r(220,8,4,238)
w(272,8,4,238)
r(98,6,4,238)
r(143,10,4,238)
w(284,11,4,238)
w(90,10,5,239)
w(82,12,5,239)
r(33,6,5,239)
w(254,14,5,239)
w(176,7,5,239)
w(175,16,5,239)
w(177,11,5,239)
w(81,13,5,239)
r(14,5,5,239)
r(20,4,5,239)
r(169,4,5,239)
r(158,5,5,239)
r(6,10,5,239)
w(236,10,5,239)
w(80,10,5,239)
r(269,5,5,239)
r(181,2,5,239)
w(158,11,5,239)
r(330,3,5,239)
w(158,3,5,239)
w(106,12,6,240)
w(355,12,6,240)
w(175,20,6,240)
r(228,3,6,240)
r(51,5,6,240)
r(211,6,6,240)
w(237,13,6,240)
r(172,5,6,240)
r(55,6,6,240)
w(125,3,6,240)
w(98,13,6,240)
w(107,13,6,240)
w(356,3,6,240)
w(214,14,6,240)
w(51,3,6,240)
w(93,20,6,240)
r(341,6,6,240)
w(168,14,6,240)
w(165,3,6,240)
w(342,12,6,240)
r(292,4,1,241)
w(121,6,1,241)
w(254,5,1,241)
r(17,8,1,241)
w(304,4,1,241)
r(349,8,1,241)
r(349,8,1,241)
w(254,8,1,241)
r(297,9,1,241)
w(160,4,1,241)
r(76,3,1,241)
w(198,4,1,241)
w(278,2,1,241)
r(135,3,1,241)
r(97,4,1,241)
r(184,6,1,241)
w(7,8,1,241)
r(160,4,1,241)
r(113,10,1,241)
w(216,6,1,241)
w(89,5,2,242)
w(338,4,2,242)
w(80,6,2,242)
w(25,4,2,242)
w(143,8,2,242)
r(269,9,2,242)
r(253,5,2,242)
r(260,4,2,242)
r(359,4,2,242)
r(148,14,2,242)
w(230,8,2,242)
r(182,10,2,242)
w(303,8,2,242)
w(202,5,2,242)
w(85,6,2,242)
r(289,10,2,242)
r(254,8,2,242)
r(33,6,2,242)
r(105,4,2,242)
r(89,5,2,242)
r(249,4,3,243)
r(50,8,3,243)
r(31,10,3,243)
r(93,19,3,243)
w(137,9,3,243)
r(271,8,3,243)
r(83,10,3,243)
w(82,8,3,243)
w(324,8,3,243)
r(353,8,3,243)
r(7,5,3,243)
r(263,4,3,243)
w(53,8,4,244)
w(172,4,4,244)
w(83,6,4,244)
r(133,11,4,244)
w(212,13,4,244)
r(200,10,4,244)
w(9,12,4,244)
r(194,4,4,244)
w(168,3,4,244)
r(269,9,4,244)
w(138,8,4,244)
w(15,9,4,244)
r(27,3,4,244)
r(356,10,4,244)
w(291,9,4,244)
w(66,5,4,244)
w(344,10,4,244)
w(357,5,4,244)
w(303,13,4,244)
w(210,9,4,244)
r(114,6,5,245)
w(269,9,5,245)
w(344,11,5,245)
w(273,3,5,245)
r(360,3,5,245)
r(107,13,5,245)
r(139,8,5,245)
r(55,6,5,245)
w(267,9,5,245)
w(114,10,5,245)
w(100,3,5,245)
w(265,8,5,245)
r(239,8,5,245)
w(173,11,5,245)
w(326,12,5,245)
w(203,3,5,245)
w(355,11,5,245)
r(194,11,5,245)
r(273,3,5,245)
r(50,8,5,245)
r(47,8,6,246)
w(343,11,6,246)
r(301,4,6,246)
w(69,15,6,246)
w(134,3,6,246)
w(346,8,6,246)
r(11,6,6,246)
w(152,12,6,246)
r(4,17,6,246)
w(344,12,6,246)
r(346,8,6,246)
w(136,3,6,246)
r(2,4,6,246)
r(88,2,6,246)
r(313,12,6,246)
r(189,2,6,246)
w(267,13,6,246)
r(179,8,6,246)
r(222,12,6,246)
w(171,3,6,246)
w(359,4,1,247)
w(27,4,1,247)
r(8,9,1,247)
r(291,12,1,247)
w(164,2,1,247)
r(273,14,1,247)
r(223,8,1,247)
r(17,8,1,247)
w(201,2,1,247)
r(161,5,1,247)
w(309,4,1,247)
r(112,9,1,247)
r(193,4,1,247)
w(136,4,1,247)
w(126,8,1,247)
r(166,5,1,247)
r(176,7,1,247)
r(13,8,1,247)
r(65,4,1,247)
r(305,5,1,247)
w(275,6,2,248)
r(238,2,2,248)
w(280,5,2,248)
w(143,10,2,248)
w(350,10,2,248)
w(244,5,2,248)
w(103,6,2,248)
w(106,6,2,248)
w(247,5,2,248)
r(48,9,2,248)
r(115,4,2,248)
r(147,3,2,248)
r(258,5,2,248)
w(52,3,2,248)
w(355,8,2,248)
r(159,6,2,248)
w(215,5,2,248)
w(18,8,2,248)
r(239,8,2,248)
r(64,10,2,248)
w(116,9,3,249)
w(110,9,3,249)
w(60,10,3,249)
r(181,2,3,249)
w(259,6,3,249)
w(7,10,3,249)
r(253,5,3,249)
r(97,4,3,249)
r(329,5,3,249)
r(69,15,3,249)
r(132,10,3,249)
r(122,2,3,249)
w(81,11,3,249)
r(220,9,3,249)
w(312,8,3,249)
w(93,3,3,249)
w(167,10,3,249)
w(32,10,3,249)
w(95,6,3,249)
w(4,3,3,249)
r(43,10,4,250)
w(182,9,4,250)
r(315,4,4,250)
r(153,3,4,250)
w(222,9,4,250)
r(281,4,4,250)
w(96,10,4,250)
r(170,17,4,250)
w(219,10,4,250)
r(110,13,4,250)
w(246,9,4,250)
w(99,9,4,250)
r(161,4,4,250)
r(92,5,4,250)
w(298,12,4,250)
w(4,13,4,250)
w(43,9,4,250)
r(22,9,4,250)
w(65,6,4,250)
w(211,9,4,250)
r(96,8,5,251)
r(55,6,5,251)
w(110,12,5,251)
w(39,3,5,251)
w(195,3,5,251)
r(233,6,5,251)
r(64,10,5,251)
w(86,12,5,251)
r(3,7,5,251)
w(125,10,5,251)
r(156,5,5,251)
w(221,11,5,251)
r(66,10,5,251)
w(120,13,5,251)
w(79,12,5,251)
w(127,3,5,251)
r(230,8,5,251)
w(218,11,5,251)
r(41,12,5,251)
r(114,10,5,251)
w(277,11,6,252)
r(78,10,6,252)
r(232,4,6,252)
w(357,9,6,252)
w(137,7,6,252)
r(103,3,6,252)
w(82,13,6,252)
r(213,5,6,252)
w(302,10,6,252)
w(256,13,6,252)
w(279,3,6,252)
r(110,4,6,252)
r(360,3,6,252)
w(343,3,6,252)
w(112,9,6,252)
r(265,5,6,252)
w(105,3,6,252)
r(356,2,6,252)
w(175,18,6,252)
r(44,11,6,252)
w(222,5,1,253)
r(237,6,1,253)
w(36,2,1,253)
r(136,4,1,253)
r(316,10,1,253)
r(254,8,1,253)
w(295,4,1,253)
r(17,14,1,253)
w(61,6,1,253)
w(217,6,1,253)
r(206,13,1,253)
w(101,4,1,253)
r(204,4,1,253)
w(277,2,1,253)
r(41,12,1,253)
r(322,13,1,253)
r(99,11,1,253)
w(340,4,1,253)
w(201,4,1,253)
r(175,9,1,253)
r(103,6,2,254)
r(110,12,2,254)
w(136,8,2,254)
r(169,4,2,254)
r(227,5,2,254)
w(104,8,2,254)
r(202,5,2,254)
w(179,11,2,254)
w(208,4,2,254)
r(13,8,2,254)
w(343,5,2,254)
w(50,2,2,254)
w(284,6,2,254)
r(290,10,2,254)
r(173,11,2,254)
r(148,14,2,254)
w(271,6,2,254)
r(129,13,2,254)
w(30,5,2,254)
r(308,3,2,254)
w(175,9,3,255)
w(35,9,3,255)
r(55,6,3,255)
r(286,12,3,255)
w(153,10,3,255)
w(257,12,3,255)
r(152,12,3,255)
r(108,4,3,255)
r(334,2,3,255)
w(30,10,3,255)
r(211,6,3,255)
w(85,8,3,255)
r(10,12,3,255)
w(284,5,3,255)
w(124,8,3,255)
w(212,11,3,255)
w(214,11,3,255)
r(12,6,3,255)
r(274,8,3,255)
w(120,9,3,255)
w(328,6,4,256)
r(224,2,4,256)
r(93,11,4,256)
r(107,13,4,256)
w(336,8,4,256)
r(336,8,4,256)
w(10,10,4,256)
w(233,8,4,256)
w(323,9,4,256)
r(91,5,4,256)
r(192,3,4,256)
r(308,9,4,256)
w(4,7,4,256)
w(206,10,4,256)
w(171,9,4,256)
w(55,11,4,256)
w(155,5,4,256)
r(80,6,4,256)
r(181,4,4,256)
r(152,9,4,256)
w(96,3,5,257)
w(32,3,5,257)
r(256,13,5,257)
w(298,16,5,257)
r(326,12,5,257)
r(7,10,5,257)
w(256,11,5,257)
w(205,7,5,257)
w(76,12,5,257)
w(204,5,5,257)
w(36,12,5,257)
r(1,4,5,257)
w(320,3,5,257)
w(237,12,5,257)
w(27,3,5,257)
r(20,4,5,257)
w(310,9,5,257)
r(252,10,5,257)
w(48,3,5,257)
r(258,5,5,257)
r(329,5,6,258)
w(47,11,6,258)
w(47,3,6,258)
w(85,7,6,258)
w(151,3,6,258)
r(291,12,6,258)
r(201,12,6,258)
w(3,7,6,258)
r(201,12,6,258)
r(192,8,6,258)
r(194,11,6,258)
r(291,12,6,258)
r(309,3,6,258)
r(230,5,6,258)
r(216,8,6,258)
w(228,7,6,258)
r(255,8,6,258)
w(24,7,6,258)
w(258,5,6,258)
w(149,8,6,258)
w(227,5,1,259)
r(78,14,1,259)
r(246,12,1,259)
r(295,4,1,259)
w(128,6,1,259)
r(109,11,1,259)
w(62,6,1,259)
w(189,4,1,259)
w(246,2,1,259)
w(51,4,1,259)
r(156,5,1,259)
w(224,2,1,259)
w(61,5,1,259)
w(81,6,1,259)
w(71,6,1,259)
w(341,2,1,259)
r(294,9,1,259)
w(37,4,1,259)
r(42,6,1,259)
w(335,6,1,259)
w(3,6,2,260)
r(191,4,2,260)
w(160,5,2,260)
w(349,11,2,260)
r(243,9,2,260)
w(45,4,2,260)
w(127,5,2,260)
r(172,5,2,260)
r(253,5,2,260)
r(226,5,2,260)
w(64,11,2,260)
w(98,6,2,260)
w(317,5,2,260)
w(247,8,2,260)
w(8,6,2,260)
w(95,4,2,260)
w(262,5,2,260)
w(31,5,2,260)
r(40,8,2,260)
w(59,6,2,260)
r(124,8,3,261)
w(165,8,3,261)
w(212,3,3,261)
w(157,8,3,261)
w(91,10,3,261)
r(137,7,3,261)
r(108,4,3,261)
r(157,8,3,261)
r(115,4,3,261)
w(335,3,3,261)
w(154,8,3,261)
w(48,9,3,261)
r(234,11,3,261)
w(223,10,3,261)
r(141,11,3,261)
r(187,7,3,261)
r(140,9,3,261)
w(109,11,3,261)
r(138,2,3,261)
w(286,3,3,261)
w(131,8,4,262)
w(61,3,4,262)
r(136,6,4,262)
w(113,12,4,262)
w(280,11,4,262)
r(66,9,4,262)
r(88,8,4,262)
r(75,4,4,262)
w(277,10,4,262)
r(334,3,4,262)
r(128,6,4,262)
w(187,8,4,262)
r(342,9,4,262)
w(254,3,4,262)
w(274,3,4,262)
w(195,10,4,262)
w(352,11,4,262)
r(73,8,4,262)
w(199,5,4,262)
w(330,8,4,262)
r(217,6,5,263)
r(42,6,5,263)
w(29,12,5,263)
r(197,3,5,263)
r(353,8,5,263)
r(173,11,5,263)
w(116,11,5,263)
r(237,12,5,263)
r(37,4,5,263)
r(120,13,5,263)
r(352,6,5,263)
r(202,5,5,263)
w(323,3,5,263)
w(53,9,5,263)
w(350,12,5,263)
w(177,3,5,263)
r(288,6,5,263)
w(58,7,5,263)
w(283,12,5,263)
r(227,11,5,263)
w(68,14,6,264)
w(148,14,6,264)
w(201,13,6,264)
r(221,10,6,264)
w(90,3,6,264)
r(42,6,6,264)
r(92,10,6,264)
r(248,2,6,264)
w(61,7,6,264)
r(225,9,6,264)
r(84,12,6,264)
r(359,12,6,264)
w(52,15,6,264)
r(162,2,6,264)
r(104,5,6,264)
r(70,3,6,264)
w(236,12,6,264)
w(91,14,6,264)
w(78,14,6,264)
r(162,2,6,264)
r(169,4,1,265)
r(276,4,1,265)
r(354,8,1,265)
w(211,2,1,265)
r(251,10,1,265)
w(31,4,1,265)
r(316,10,1,265)
r(35,9,1,265)
r(290,10,1,265)
w(109,2,1,265)
r(184,9,1,265)
w(198,6,1,265)
w(73,8,1,265)
w(234,2,1,265)
w(228,5,1,265)
w(307,6,1,265)
w(185,4,1,265)
r(288,6,1,265)
w(18,2,1,265)
r(329,5,1,265)
w(238,5,2,266)
w(352,6,2,266)
r(186,8,2,266)
w(274,5,2,266)
r(313,12,2,266)
w(147,4,2,266)
w(94,5,2,266)
w(190,2,2,266)
r(115,4,2,266)
r(64,11,2,266)
w(46,10,2,266)
r(164,2,2,266)
r(103,6,2,266)
w(129,8,2,266)
w(250,5,2,266)
r(258,5,2,266)
r(290,10,2,266)
w(121,10,2,266)
r(242,5,2,266)
r(110,12,2,266)
r(117,11,3,267)
r(134,3,3,267)
r(18,8,3,267)
r(162,2,3,267)
r(98,6,3,267)
w(69,12,3,267)
w(25,6,3,267)
r(184,6,3,267)
r(278,2,3,267)
w(213,6,3,267)
w(336,6,3,267)
r(240,2,3,267)
w(85,10,3,267)
r(308,3,3,267)
w(109,3,3,267)
w(105,8,3,267)
r(305,5,3,267)
w(108,10,3,267)
w(20,11,3,267)
r(139,8,3,267)
w(188,11,4,268)
r(61,3,4,268)
w(345,8,4,268)
r(152,9,4,268)
r(222,9,4,268)
w(69,13,4,268)
w(289,9,4,268)
r(39,3,4,268)
w(41,11,4,268)
r(348,3,4,268)
r(353,4,4,268)
w(61,12,4,268)
w(213,8,4,268)
w(199,8,4,268)
r(345,8,4,268)
w(132,9,4,268)
r(272,9,4,268)
r(182,6,4,268)
w(134,10,4,268)
r(177,12,4,268)
r(199,4,5,269)
w(166,10,5,269)
w(331,9,5,269)
r(161,5,5,269)
w(106,11,5,269)
r(158,3,5,269)
r(287,5,5,269)
r(172,5,5,269)
r(173,11,5,269)
r(305,5,5,269)
w(124,13,5,269)
r(136,12,5,269)
r(331,9,5,269)
r(250,5,5,269)
w(32,12,5,269)
r(182,10,5,269)
r(208,4,5,269)
w(33,8,5,269)
r(324,4,5,269)
w(285,11,5,269)
w(221,12,6,270)
r(333,11,6,270)
r(66,10,6,270)
w(355,13,6,270)
w(123,10,6,270)
r(17,8,6,270)
r(291,12,6,270)
w(44,3,6,270)
w(17,14,6,270)
w(221,13,6,270)
r(118,10,6,270)
r(328,4,6,270)
w(65,8,6,270)
r(157,4,6,270)
w(322,13,6,270)
w(333,12,6,270)
w(282,13,6,270)
r(141,11,6,270)
w(275,9,6,270)
r(244,6,6,270)
w(74,6,1,271)
r(21,3,1,271)
w(67,6,1,271)
r(179,11,1,271)
w(81,5,1,271)
r(208,4,1,271)
w(170,6,1,271)
w(346,6,1,271)
r(152,9,1,271)
w(162,4,1,271)
w(113,2,1,271)
r(315,8,1,271)
r(293,2,1,271)
r(122,2,1,271)
w(310,5,1,271)
r(282,13,1,271)
w(129,2,1,271)
w(9,4,1,271)
r(323,10,1,271)
r(104,10,1,271)
r(356,10,2,272)
r(354,8,2,272)
w(187,4,2,272)
r(41,13,2,272)
r(171,3,2,272)
w(51,8,2,272)
r(79,12,2,272)
r(50,2,2,272)
w(239,6,2,272)
r(279,3,2,272)
r(111,9,2,272)
w(318,6,2,272)
w(111,2,2,272)
w(104,10,2,272)
r(155,9,2,272)
r(310,9,2,272)
w(197,5,2,272)
r(191,4,2,272)
w(92,5,2,272)
r(345,7,2,272)
w(18,9,3,273)
r(321,5,3,273)
r(211,6,3,273)
r(72,6,3,273)
w(192,2,3,273)
r(326,7,3,273)
w(178,5,3,273)
w(37,9,3,273)
w(113,11,3,273)
w(342,10,3,273)
r(20,11,3,273)
w(78,9,3,273)
r(101,4,3,273)
w(185,5,3,273)
w(99,10,3,273)
w(66,4,3,273)
r(333,12,3,273)
r(38,4,3,273)
w(124,10,3,273)
r(187,7,3,273)
r(330,8,4,274)
r(81,7,4,274)
w(239,10,4,274)
r(129,10,4,274)
w(311,8,4,274)
w(299,10,4,274)
r(244,11,4,274)
r(59,8,4,274)
r(278,4,4,274)
w(188,3,4,274)
r(359,10,4,274)
w(10,9,4,274)
w(244,10,4,274)
r(273,11,4,274)
r(287,5,4,274)
r(162,6,4,274)
r(261,10,4,274)
r(216,16,4,274)
r(258,5,4,274)
r(26,10,4,274)
r(2,4,5,275)
w(60,7,5,275)
w(251,12,5,275)
r(325,7,5,275)
w(97,6,5,275)
w(5,11,5,275)
w(339,3,5,275)
r(10,12,5,275)
r(119,8,5,275)
r(86,12,5,275)
r(350,12,5,275)
r(52,3,5,275)
w(332,11,5,275)
r(10,12,5,275)
r(277,4,5,275)
w(167,11,5,275)
w(340,11,5,275)
r(331,9,5,275)
w(239,3,5,275)
w(132,11,5,275)
r(90,3,6,276)
w(291,16,6,276)
w(93,18,6,276)
w(24,14,6,276)
r(295,4,6,276)
w(82,7,6,276)
w(359,16,6,276)
w(186,8,6,276)
r(354,8,6,276)
w(36,7,6,276)
w(326,7,6,276)
r(133,11,6,276)
w(266,11,6,276)
r(345,7,6,276)
w(299,3,6,276)
r(159,6,6,276)
w(192,11,6,276)
r(107,13,6,276)
w(334,11,6,276)
r(164,2,6,276)
r(86,12,1,277)
r(240,2,1,277)
r(2,4,1,277)
r(292,4,1,277)
w(78,5,1,277)
r(352,6,1,277)
r(33,6,1,277)
w(333,6,1,277)
w(277,4,1,277)
w(84,6,1,277)
w(313,4,1,277)
r(164,2,1,277)
r(38,16,1,277)
w(142,8,1,277)
w(230,4,1,277)
r(240,2,1,277)
r(242,5,1,277)
w(16,5,1,277)
w(215,6,1,277)
w(304,6,1,277)
r(216,6,2,278)
w(338,6,2,278)
w(120,6,2,278)
w(98,5,2,278)
r(79,12,2,278)
r(279,3,2,278)
w(263,2,2,278)
r(289,10,2,278)
w(2,6,2,278)
r(46,10,2,278)
r(16,6,3,279)
w(344,8,3,279)
w(281,8,3,279)
r(79,12,3,279)
r(11,3,3,279)
w(218,5,3,279)
r(346,8,3,279)
w(176,9,3,279)
w(132,8,3,279)
r(177,3,3,279)
w(272,6,3,279)
r(157,8,3,279)
r(132,8,3,279)
w(168,8,3,279)
r(62,6,3,279)
w(308,10,3,279)
w(220,8,3,279)
r(248,2,3,279)
w(323,10,3,279)
w(125,5,3,279)
r(203,12,4,280)
r(88,8,4,280)
w(51,10,4,280)
w(161,9,4,280)
r(133,11,4,280)
r(233,8,4,280)
w(278,5,4,280)
w(263,6,4,280)
r(35,9,4,280)
w(222,11,4,280)
w(175,7,4,280)
w(215,11,4,280)
w(352,3,4,280)
r(14,4,4,280)
r(214,8,4,280)
w(221,8,4,280)
w(260,6,4,280)
w(4,14,4,280)
w(239,9,4,280)
w(206,9,4,280)
w(50,3,5,281)
r(292,4,5,281)
w(216,16,5,281)
w(238,3,5,281)
w(95,11,5,281)
r(177,3,5,281)
r(46,12,5,281)
r(231,4,5,281)
w(61,13,5,281)
r(6,10,5,281)
w(89,3,5,281)
r(198,6,5,281)
w(169,11,5,281)
r(330,12,5,281)
r(341,9,5,281)
w(72,10,5,281)
w(199,10,5,281)
r(2,4,5,281)
r(57,5,5,281)
r(341,9,5,281)
w(124,7,6,282)
r(114,10,6,282)
w(170,19,6,282)
r(102,11,6,282)
r(293,2,6,282)
w(204,8,6,282)
w(96,12,6,282)
r(331,10,6,282)
r(60,10,6,282)
w(342,13,6,282)
r(18,8,6,282)
r(17,14,6,282)
w(41,13,6,282)
w(19,19,6,282)
w(236,13,6,282)
w(212,15,6,282)
w(90,12,6,282)
r(320,3,6,282)
r(294,9,6,282)
r(336,6,6,282)
w(223,6,1,283)
r(338,4,1,283)
r(218,5,1,283)
r(194,11,1,283)
w(136,6,1,283)
w(246,4,1,283)
w(206,2,1,283)
w(161,4,1,283)
r(282,13,1,283)
w(34,2,1,283)
r(95,11,1,283)
r(222,14,1,283)
r(235,2,1,283)
r(178,5,1,283)
r(29,12,1,283)
w(105,6,1,283)
w(194,4,1,283)
w(25,2,1,283)
r(200,10,1,283)
r(287,5,1,283)
w(286,9,2,284)
w(147,6,2,284)
w(58,8,2,284)
w(318,5,2,284)
w(173,6,2,284)
r(44,3,2,284)
r(88,2,2,284)
w(276,6,2,284)
w(58,10,2,284)
w(204,2,2,284)
r(28,10,2,284)
w(249,12,2,284)
w(165,5,2,284)
w(103,5,2,284)
w(280,8,2,284)
r(303,8,2,284)
r(225,9,2,284)
r(96,12,2,284)
w(281,4,2,284)
w(59,5,2,284)
w(42,5,3,285)
r(228,5,3,285)
r(301,4,3,285)
w(303,10,3,285)
w(205,9,3,285)
r(40,8,3,285)
w(43,10,3,285)
w(14,8,3,285)
w(105,10,3,285)
w(303,9,3,285)
w(164,10,3,285)
w(339,8,3,285)
w(169,8,3,285)
w(217,3,3,285)
w(25,5,3,285)
r(105,10,3,285)
w(22,9,3,285)
r(294,9,3,285)
r(63,11,3,285)
r(230,4,3,285)
w(71,3,4,286)
w(187,10,4,286)
r(292,4,4,286)
r(263,6,4,286)
r(42,5,4,286)
w(57,12,4,286)
r(81,7,4,286)
r(292,4,4,286)
r(172,4,4,286)
w(7,9,4,286)
w(205,13,4,286)
w(28,17,4,286)
r(2,4,4,286)
r(259,3,4,286)
r(275,10,4,286)
w(311,10,4,286)
w(208,5,4,286)
w(231,6,4,286)
r(105,10,4,286)
w(304,11,4,286)
r(242,5,5,287)
w(345,3,5,287)
r(253,5,5,287)
r(262,5,5,287)
r(326,7,5,287)
w(69,14,5,287)
r(344,8,5,287)
w(163,6,5,287)
w(17,11,5,287)
r(13,8,5,287)
r(299,3,5,287)
r(108,10,5,287)
r(69,14,5,287)
r(192,3,5,287)
w(272,9,5,287)
r(134,8,5,287)
r(311,5,5,287)
r(12,6,5,287)
w(242,11,5,287)
w(62,14,5,287)
r(135,3,6,288)
r(174,3,6,288)
r(25,6,6,288)
w(296,9,6,288)
r(8,6,6,288)
w(38,16,6,288)
r(181,2,6,288)
w(22,7,6,288)
w(195,14,6,288)
w(136,12,6,288)
r(226,5,6,288)
w(138,11,6,288)
r(315,8,6,288)
r(222,5,6,288)
w(296,11,6,288)
w(48,7,6,288)
w(259,3,6,288)
r(103,6,6,288)
r(180,9,6,288)
r(136,12,6,288)
r(228,5,1,289)
r(24,14,1,289)
w(162,6,1,289)
r(344,10,1,289)
r(322,3,1,289)
r(296,11,1,289)
w(290,2,1,289)
r(53,8,1,289)
r(39,3,1,289)
r(164,10,1,289)
r(327,6,1,289)
r(335,13,1,289)
w(52,4,1,289)
r(20,11,1,289)
w(17,5,1,289)
r(16,3,1,289)
r(275,10,1,289)
w(350,6,1,289)
r(93,18,1,289)
w(109,4,1,289)
w(212,9,2,290)
r(194,11,2,290)
w(54,4,2,290)
r(197,7,2,290)
r(298,16,2,290)
w(359,10,2,290)
w(91,5,2,290)
w(8,5,2,290)
r(80,6,2,290)
w(23,5,2,290)
w(71,8,2,290)
r(9,4,2,290)
w(335,9,2,290)
w(271,5,2,290)
w(298,8,2,290)
r(296,11,2,290)
r(208,4,2,290)
r(225,9,2,290)
r(94,5,2,290)
w(237,10,2,290)
w(214,3,3,291)
r(330,12,3,291)
w(280,9,3,291)
r(157,10,3,291)
r(39,3,3,291)
r(266,9,3,291)
r(118,3,3,291)
w(68,9,3,291)
r(56,4,3,291)
w(90,6,3,291)
w(62,12,3,291)
w(321,8,3,291)
w(325,12,3,291)
w(131,5,3,291)
r(295,4,3,291)
w(308,9,3,291)
r(32,12,3,291)
w(217,12,3,291)
r(320,3,3,291)
w(356,5,3,291)
w(291,11,4,292)
r(281,4,4,292)
r(352,3,4,292)
r(135,3,4,292)
r(318,5,4,292)
w(73,17,4,292)
r(74,5,4,292)
w(106,10,4,292)
r(232,12,4,292)
r(324,12,4,292)
w(279,8,4,292)
r(14,4,4,292)
r(185,4,4,292)
w(38,11,4,292)
w(65,5,4,292)
w(69,7,4,292)
r(277,10,4,292)
r(46,12,4,292)
w(122,12,4,292)
r(197,4,4,292)
r(157,10,5,293)
w(267,11,5,293)
r(173,6,5,293)
w(47,10,5,293)
w(148,13,5,293)
w(29,13,5,293)
w(56,6,5,293)
r(207,4,5,293)
r(294,9,5,293)
r(189,4,5,293)
w(312,3,5,293)
w(26,10,5,293)
r(233,4,5,293)
r(255,8,5,293)
r(56,6,5,293)
w(86,13,5,293)
r(226,5,5,293)
r(53,8,5,293)
r(318,5,5,293)
w(140,11,5,293)
r(69,12,6,294)
r(287,5,6,294)
w(341,9,6,294)
w(334,3,6,294)
w(47,12,6,294)
r(183,2,6,294)
w(330,12,6,294)
w(53,12,6,294)
w(170,17,6,294)
r(280,5,6,294)
r(306,8,6,294)
r(293,2,6,294)
r(121,10,6,294)
w(222,14,6,294)
w(23,13,6,294)
r(27,3,6,294)
w(284,3,6,294)
r(310,5,6,294)
w(95,12,6,294)
w(153,3,6,294)
r(358,10,1,295)
r(23,7,1,295)
w(214,8,1,295)
r(123,10,1,295)
w(74,5,1,295)
r(84,6,1,295)
r(311,5,1,295)
w(218,2,1,295)
w(182,6,1,295)
r(190,4,1,295)
r(352,6,1,295)
r(23,7,1,295)
w(353,4,1,295)
w(283,6,1,295)
w(70,2,1,295)
r(187,6,1,295)
r(190,4,1,295)
w(249,6,1,295)
w(132,2,1,295)
w(278,4,1,295)
r(237,10,2,296)
w(233,4,2,296)
r(301,4,2,296)
r(22,7,2,296)
w(22,8,2,296)
w(343,8,2,296)
r(27,3,2,296)
w(53,4,2,296)
w(164,5,2,296)
w(187,6,2,296)
r(78,5,2,296)
w(59,8,2,296)
w(250,8,2,296)
w(130,4,2,296)
r(63,11,2,296)
r(294,9,2,296)
r(302,10,2,296)
r(50,3,2,296)
w(129,10,2,296)
r(19,19,2,296)
r(255,8,3,297)
w(168,10,3,297)
r(200,10,3,297)
w(206,8,3,297)
r(41,13,3,297)
r(195,14,3,297)
r(225,9,3,297)
r(170,17,3,297)
w(262,10,3,297)
w(358,10,3,297)
w(177,8,3,297)
r(162,6,3,297)
w(130,10,3,297)
r(63,11,3,297)
r(262,10,3,297)
w(351,6,3,297)
r(297,9,3,297)
r(288,6,3,297)
w(191,10,3,297)
w(72,5,3,297)
r(138,8,4,298)
r(332,11,4,298)
w(123,5,4,298)
r(64,11,4,298)
r(89,3,4,298)
r(273,11,4,298)
r(71,3,4,298)
w(259,8,4,298)
w(193,9,4,298)
r(73,17,4,298)
r(272,9,4,298)
w(226,8,4,298)
w(38,3,4,298)
w(94,3,4,298)
r(157,10,4,298)
w(216,13,4,298)
w(317,3,4,298)
r(184,9,4,298)
r(315,4,4,298)
w(292,5,4,298)
w(223,9,5,299)
w(223,11,5,299)
r(144,11,5,299)
w(296,8,5,299)
w(53,11,5,299)
r(56,6,5,299)
r(243,9,5,299)
w(149,5,5,299)
w(177,12,5,299)
r(256,11,5,299)
r(340,11,5,299)
r(270,3,5,299)
w(23,9,5,299)
w(203,12,5,299)
w(291,13,5,299)
r(351,6,5,299)
r(27,3,5,299)
w(252,12,5,299)
r(349,16,5,299)
w(66,9,5,299)
w(110,13,6,300)
w(209,3,6,300)
r(19,19,6,300)
r(288,6,6,300)
w(197,7,6,300)
w(138,3,6,300)
r(5,10,6,300)
w(182,3,6,300)
w(223,3,6,300)
w(81,7,6,300)
w(118,3,6,300)
w(261,10,6,300)
r(27,3,6,300)
w(182,12,6,300)
w(232,12,6,300)
r(168,8,6,300)
w(324,12,6,300)
w(179,16,6,300)
w(25,13,6,300)
w(144,11,6,300)
w(124,4,1,301)
w(213,2,1,301)
w(61,8,1,301)
w(197,4,1,301)
w(14,4,1,301)
r(161,4,1,301)
w(329,2,1,301)
w(307,5,1,301)
w(180,2,1,301)
w(202,2,1,301)
w(141,4,1,301)
r(260,4,1,301)
w(126,10,1,301)
w(45,2,1,301)
w(213,4,1,301)
r(256,11,1,301)
w(4,5,1,301)
w(11,2,1,301)
w(161,6,1,301)
w(55,5,1,301)
r(193,4,2,302)
w(56,4,2,302)
r(59,8,2,302)
r(17,11,2,302)
w(167,6,2,302)
r(78,5,2,302)
w(315,4,2,302)
r(273,11,2,302)
w(156,8,2,302)
w(222,8,2,302)
r(218,5,2,302)
r(81,7,2,302)
r(113,2,2,302)
r(26,5,2,302)
w(316,4,2,302)
r(100,9,2,302)
w(124,5,2,302)
r(30,5,2,302)
r(198,6,2,302)
r(87,10,2,302)
r(245,12,3,303)
w(98,10,3,303)
w(336,5,3,303)
r(68,9,3,303)
r(85,10,3,303)
w(148,11,3,303)
w(27,10,3,303)
r(303,13,3,303)
w(114,5,3,303)
w(211,5,3,303)
r(247,8,3,303)
w(109,12,3,303)
r(113,2,3,303)
r(335,13,3,303)
w(226,6,3,303)
r(163,5,3,303)
r(229,13,3,303)
r(62,12,3,303)
r(189,4,3,303)
w(60,11,3,303)
w(130,3,4,304)
w(154,11,4,304)
r(213,8,4,304)
w(140,10,4,304)
r(39,3,4,304)
r(215,11,4,304)
r(298,12,4,304)
r(22,9,4,304)
r(66,9,4,304)
r(1,4,4,304)
r(340,11,4,304)
w(226,10,4,304)
w(27,11,4,304)
r(194,4,4,304)
r(51,10,4,304)
r(6,10,4,304)
w(264,3,4,304)
r(246,9,4,304)
w(189,8,4,304)
w(53,10,4,304)
w(224,10,5,305)
w(93,17,5,305)
w(274,12,5,305)
r(2,4,5,305)
w(311,11,5,305)
r(122,2,5,305)
r(352,6,5,305)
r(298,12,5,305)
r(33,8,5,305)
w(283,13,5,305)
w(330,9,5,305)
r(339,5,5,305)
r(75,4,5,305)
w(140,3,5,305)
r(237,10,5,305)
w(228,12,5,305)
w(167,3,5,305)
w(163,5,5,305)
w(280,3,5,305)
w(351,3,5,305)
r(131,4,6,306)
r(346,6,6,306)
r(153,3,6,306)
r(146,5,6,306)
r(27,3,6,306)
r(171,3,6,306)
w(327,6,6,306)
r(343,5,6,306)
w(116,13,6,306)
r(16,5,6,306)
w(50,7,6,306)
r(169,4,6,306)
r(29,12,6,306)
r(218,5,6,306)
r(329,5,6,306)
r(308,10,6,306)
r(333,6,6,306)
r(221,5,6,306)
w(86,17,6,306)
w(97,5,6,306)
r(76,12,2,307)
r(127,13,2,307)
w(339,5,2,307)
r(6,10,2,307)
r(329,5,2,307)
w(88,8,2,307)
w(208,6,2,307)
w(93,11,2,307)
r(258,5,2,307)
w(321,6,2,307)
w(117,8,2,307)
r(53,8,2,307)
r(89,3,2,307)
w(236,6,2,307)
w(316,6,2,307)
w(221,4,2,307)
w(181,4,2,307)
w(190,4,2,307)
w(205,8,2,307)
w(140,6,2,307)
w(114,8,4,308)
w(269,8,4,308)
w(203,9,4,308)
w(93,14,4,308)
w(38,12,4,308)
r(160,5,4,308)
w(95,8,4,308)
w(349,19,4,308)
r(84,6,4,308)
w(131,10,4,308)
w(180,11,4,308)
w(26,8,4,308)
w(303,7,4,308)
w(143,3,4,308)
w(304,3,4,308)
r(316,6,4,308)
w(92,11,4,308)
w(289,11,4,308)
r(305,3,4,308)
r(196,9,4,308)
w(234,3,6,309)
w(188,13,6,309)
w(339,12,6,309)
r(152,9,6,309)
r(255,8,6,309)
r(312,8,6,309)
w(157,10,6,309)
w(90,13,6,309)
w(127,13,6,309)
r(67,6,6,309)
w(333,13,6,309)
r(312,8,6,309)
r(185,4,6,309)
r(96,12,6,309)
r(280,8,6,309)
r(243,9,6,309)
r(121,10,6,309)
r(360,3,6,309)
w(8,17,6,309)
w(49,16,6,309)
r(309,4,4,310)
r(4,14,4,310)
r(274,3,4,310)
r(278,5,4,310)
r(249,6,4,310)
w(213,10,4,310)
w(155,8,4,310)
w(190,5,4,310)
r(145,11,4,310)
w(12,7,4,310)
r(211,5,4,310)
r(296,8,4,310)
w(23,10,4,310)
w(332,8,4,310)
w(254,12,4,310)
r(180,11,4,310)
r(330,8,4,310)
r(44,3,4,310)
r(189,8,4,310)
w(42,10,4,310)
w(244,11,6,311)
w(101,13,6,311)
r(218,5,6,311)
w(23,7,6,311)
r(96,12,6,311)
w(87,10,6,311)
r(75,4,6,311)
w(192,3,6,311)
r(196,9,6,311)
r(131,4,6,311)
r(7,10,6,311)
r(15,2,6,311)
r(105,6,6,311)
r(240,2,6,311)
w(16,3,6,311)
w(335,13,6,311)
r(70,10,6,311)
r(345,7,6,311)
w(331,11,6,311)
w(331,3,6,311)
