w(1,1,0,0)
w(2,1,0,0)
w(3,1,0,0)
w(4,1,0,0)
w(5,1,0,0)
w(6,1,0,0)
w(7,1,0,0)
w(8,1,0,0)
w(9,1,0,0)
w(10,1,0,0)
w(11,1,0,0)
w(12,1,0,0)
w(13,1,0,0)
w(14,1,0,0)
w(15,1,0,0)
w(16,1,0,0)
w(17,1,0,0)
w(18,1,0,0)
w(19,1,0,0)
w(20,1,0,0)
w(21,1,0,0)
w(22,1,0,0)
w(23,1,0,0)
w(24,1,0,0)
w(25,1,0,0)
w(26,1,0,0)
w(27,1,0,0)
w(28,1,0,0)
w(29,1,0,0)
w(30,1,0,0)
w(31,1,0,0)
w(32,1,0,0)
w(33,1,0,0)
w(34,1,0,0)
w(35,1,0,0)
w(36,1,0,0)
w(37,1,0,0)
w(38,1,0,0)
w(39,1,0,0)
w(40,1,0,0)
w(41,1,0,0)
w(42,1,0,0)
w(43,1,0,0)
w(44,1,0,0)
w(45,1,0,0)
w(46,1,0,0)
w(47,1,0,0)
w(48,1,0,0)
w(49,1,0,0)
w(50,1,0,0)
w(51,1,0,0)
w(52,1,0,0)
w(53,1,0,0)
w(54,1,0,0)
w(55,1,0,0)
w(56,1,0,0)
w(57,1,0,0)
w(58,1,0,0)
w(59,1,0,0)
w(60,1,0,0)
w(61,1,0,0)
w(62,1,0,0)
w(63,1,0,0)
w(64,1,0,0)
w(65,1,0,0)
w(66,1,0,0)
w(67,1,0,0)
w(68,1,0,0)
w(69,1,0,0)
w(70,1,0,0)
w(71,1,0,0)
w(72,1,0,0)
w(73,1,0,0)
w(74,1,0,0)
w(75,1,0,0)
w(76,1,0,0)
w(77,1,0,0)
w(78,1,0,0)
w(79,1,0,0)
w(80,1,0,0)
w(81,1,0,0)
w(82,1,0,0)
w(83,1,0,0)
w(84,1,0,0)
w(85,1,0,0)
w(86,1,0,0)
w(87,1,0,0)
w(88,1,0,0)
w(89,1,0,0)
w(90,1,0,0)
w(91,1,0,0)
w(92,1,0,0)
w(93,1,0,0)
w(94,1,0,0)
w(95,1,0,0)
w(96,1,0,0)
w(97,1,0,0)
w(98,1,0,0)
w(99,1,0,0)
w(100,1,0,0)
w(101,1,0,0)
w(102,1,0,0)
w(103,1,0,0)
w(104,1,0,0)
w(105,1,0,0)
w(106,1,0,0)
w(107,1,0,0)
w(108,1,0,0)
w(109,1,0,0)
w(110,1,0,0)
w(111,1,0,0)
w(112,1,0,0)
w(113,1,0,0)
w(114,1,0,0)
w(115,1,0,0)
w(116,1,0,0)
w(117,1,0,0)
w(118,1,0,0)
w(119,1,0,0)
w(120,1,0,0)
w(121,1,0,0)
w(122,1,0,0)
w(123,1,0,0)
w(124,1,0,0)
w(125,1,0,0)
w(126,1,0,0)
w(127,1,0,0)
w(128,1,0,0)
w(129,1,0,0)
w(130,1,0,0)
w(131,1,0,0)
w(132,1,0,0)
w(133,1,0,0)
w(134,1,0,0)
w(135,1,0,0)
w(136,1,0,0)
w(137,1,0,0)
w(138,1,0,0)
w(139,1,0,0)
w(140,1,0,0)
w(141,1,0,0)
w(142,1,0,0)
w(143,1,0,0)
w(144,1,0,0)
w(145,1,0,0)
w(146,1,0,0)
w(147,1,0,0)
w(148,1,0,0)
w(149,1,0,0)
w(150,1,0,0)
w(151,1,0,0)
w(152,1,0,0)
w(153,1,0,0)
w(154,1,0,0)
w(155,1,0,0)
w(156,1,0,0)
w(157,1,0,0)
w(158,1,0,0)
w(159,1,0,0)
w(160,1,0,0)
w(161,1,0,0)
w(162,1,0,0)
w(163,1,0,0)
w(164,1,0,0)
w(165,1,0,0)
w(166,1,0,0)
w(167,1,0,0)
w(168,1,0,0)
w(169,1,0,0)
w(170,1,0,0)
w(171,1,0,0)
w(172,1,0,0)
w(173,1,0,0)
w(174,1,0,0)
w(175,1,0,0)
w(176,1,0,0)
w(177,1,0,0)
w(178,1,0,0)
w(179,1,0,0)
w(180,1,0,0)
w(181,1,0,0)
w(182,1,0,0)
w(183,1,0,0)
w(184,1,0,0)
w(185,1,0,0)
w(186,1,0,0)
w(187,1,0,0)
w(188,1,0,0)
w(189,1,0,0)
w(190,1,0,0)
w(191,1,0,0)
w(192,1,0,0)
w(193,1,0,0)
w(194,1,0,0)
w(195,1,0,0)
w(196,1,0,0)
w(197,1,0,0)
w(198,1,0,0)
w(199,1,0,0)
w(200,1,0,0)
w(201,1,0,0)
w(202,1,0,0)
w(203,1,0,0)
w(204,1,0,0)
w(205,1,0,0)
w(206,1,0,0)
w(207,1,0,0)
w(208,1,0,0)
w(209,1,0,0)
w(210,1,0,0)
w(211,1,0,0)
w(212,1,0,0)
w(213,1,0,0)
w(214,1,0,0)
w(215,1,0,0)
w(216,1,0,0)
w(217,1,0,0)
w(218,1,0,0)
w(219,1,0,0)
w(220,1,0,0)
w(221,1,0,0)
w(222,1,0,0)
w(223,1,0,0)
w(224,1,0,0)
w(225,1,0,0)
w(226,1,0,0)
w(227,1,0,0)
w(228,1,0,0)
w(229,1,0,0)
w(230,1,0,0)
w(231,1,0,0)
w(232,1,0,0)
w(233,1,0,0)
w(234,1,0,0)
w(235,1,0,0)
w(236,1,0,0)
w(237,1,0,0)
w(238,1,0,0)
w(239,1,0,0)
w(240,1,0,0)
w(241,1,0,0)
w(242,1,0,0)
w(243,1,0,0)
w(244,1,0,0)
w(245,1,0,0)
w(246,1,0,0)
w(247,1,0,0)
w(248,1,0,0)
w(249,1,0,0)
w(250,1,0,0)
w(251,1,0,0)
w(252,1,0,0)
w(253,1,0,0)
w(254,1,0,0)
w(255,1,0,0)
w(256,1,0,0)
w(257,1,0,0)
w(258,1,0,0)
w(259,1,0,0)
w(260,1,0,0)
w(261,1,0,0)
w(262,1,0,0)
w(263,1,0,0)
w(264,1,0,0)
w(265,1,0,0)
w(266,1,0,0)
w(267,1,0,0)
w(268,1,0,0)
w(269,1,0,0)
w(270,1,0,0)
w(271,1,0,0)
w(272,1,0,0)
w(273,1,0,0)
w(274,1,0,0)
w(275,1,0,0)
w(276,1,0,0)
w(277,1,0,0)
w(278,1,0,0)
w(279,1,0,0)
w(280,1,0,0)
w(281,1,0,0)
w(282,1,0,0)
w(283,1,0,0)
w(284,1,0,0)
w(285,1,0,0)
w(286,1,0,0)
w(287,1,0,0)
w(288,1,0,0)
w(289,1,0,0)
w(290,1,0,0)
w(291,1,0,0)
w(292,1,0,0)
w(293,1,0,0)
w(294,1,0,0)
w(295,1,0,0)
w(296,1,0,0)
w(297,1,0,0)
w(298,1,0,0)
w(299,1,0,0)
w(300,1,0,0)
w(301,1,0,0)
w(302,1,0,0)
w(303,1,0,0)
w(304,1,0,0)
w(305,1,0,0)
w(306,1,0,0)
w(307,1,0,0)
w(308,1,0,0)
w(309,1,0,0)
w(310,1,0,0)
w(311,1,0,0)
w(312,1,0,0)
w(313,1,0,0)
w(314,1,0,0)
w(315,1,0,0)
w(316,1,0,0)
w(317,1,0,0)
w(318,1,0,0)
w(319,1,0,0)
w(320,1,0,0)
w(321,1,0,0)
w(322,1,0,0)
w(323,1,0,0)
w(324,1,0,0)
w(325,1,0,0)
w(326,1,0,0)
w(327,1,0,0)
w(328,1,0,0)
w(329,1,0,0)
w(330,1,0,0)
w(331,1,0,0)
w(332,1,0,0)
w(333,1,0,0)
w(334,1,0,0)
w(335,1,0,0)
w(336,1,0,0)
w(337,1,0,0)
w(338,1,0,0)
w(339,1,0,0)
w(340,1,0,0)
w(341,1,0,0)
w(342,1,0,0)
w(343,1,0,0)
w(344,1,0,0)
w(345,1,0,0)
w(346,1,0,0)
w(347,1,0,0)
w(348,1,0,0)
w(349,1,0,0)
w(350,1,0,0)
w(351,1,0,0)
w(352,1,0,0)
w(353,1,0,0)
w(354,1,0,0)
w(355,1,0,0)
w(356,1,0,0)
w(357,1,0,0)
w(358,1,0,0)
w(359,1,0,0)
w(360,1,0,0)
w(361,1,0,0)
w(362,1,0,0)
w(363,1,0,0)
w(364,1,0,0)
w(365,1,0,0)
w(366,1,0,0)
w(367,1,0,0)
w(368,1,0,0)
w(369,1,0,0)
w(370,1,0,0)
w(371,1,0,0)
w(372,1,0,0)
w(373,1,0,0)
w(374,1,0,0)
w(375,1,0,0)
w(376,1,0,0)
w(377,1,0,0)
w(378,1,0,0)
w(379,1,0,0)
w(380,1,0,0)
w(381,1,0,0)
w(382,1,0,0)
w(383,1,0,0)
w(384,1,0,0)
w(385,1,0,0)
w(386,1,0,0)
w(387,1,0,0)
w(388,1,0,0)
w(389,1,0,0)
w(390,1,0,0)
w(391,1,0,0)
w(392,1,0,0)
w(393,1,0,0)
w(394,1,0,0)
w(395,1,0,0)
w(396,1,0,0)
w(397,1,0,0)
w(398,1,0,0)
w(399,1,0,0)
w(400,1,0,0)
w(401,1,0,0)
w(402,1,0,0)
w(403,1,0,0)
w(404,1,0,0)
w(405,1,0,0)
w(406,1,0,0)
w(407,1,0,0)
w(408,1,0,0)
w(409,1,0,0)
w(410,1,0,0)
w(411,1,0,0)
w(412,1,0,0)
w(413,1,0,0)
w(414,1,0,0)
w(415,1,0,0)
w(416,1,0,0)
w(417,1,0,0)
w(418,1,0,0)
w(419,1,0,0)
w(420,1,0,0)
w(421,1,0,0)
w(422,1,0,0)
w(423,1,0,0)
w(424,1,0,0)
w(425,1,0,0)
w(426,1,0,0)
w(427,1,0,0)
w(428,1,0,0)
w(429,1,0,0)
w(430,1,0,0)
w(431,1,0,0)
w(432,1,0,0)
w(433,1,0,0)
w(434,1,0,0)
w(435,1,0,0)
w(436,1,0,0)
w(437,1,0,0)
w(438,1,0,0)
w(439,1,0,0)
w(440,1,0,0)
w(441,1,0,0)
w(442,1,0,0)
w(443,1,0,0)
w(444,1,0,0)
w(445,1,0,0)
w(446,1,0,0)
w(447,1,0,0)
w(448,1,0,0)
w(449,1,0,0)
w(450,1,0,0)
w(451,1,0,0)
w(452,1,0,0)
w(453,1,0,0)
w(454,1,0,0)
w(455,1,0,0)
w(456,1,0,0)
w(457,1,0,0)
w(458,1,0,0)
w(459,1,0,0)
w(460,1,0,0)
w(461,1,0,0)
w(462,1,0,0)
w(463,1,0,0)
w(464,1,0,0)
w(465,1,0,0)
w(466,1,0,0)
w(467,1,0,0)
w(468,1,0,0)
w(469,1,0,0)
w(470,1,0,0)
w(471,1,0,0)
w(472,1,0,0)
w(473,1,0,0)
w(474,1,0,0)
w(475,1,0,0)
w(476,1,0,0)
w(477,1,0,0)
w(478,1,0,0)
w(479,1,0,0)
w(480,1,0,0)
w(481,1,0,0)
w(482,1,0,0)
w(483,1,0,0)
w(484,1,0,0)
w(485,1,0,0)
w(486,1,0,0)
w(487,1,0,0)
w(488,1,0,0)
w(489,1,0,0)
w(490,1,0,0)
w(491,1,0,0)
w(492,1,0,0)
w(493,1,0,0)
w(494,1,0,0)
w(495,1,0,0)
w(496,1,0,0)
w(497,1,0,0)
w(498,1,0,0)
w(499,1,0,0)
w(500,1,0,0)
w(501,1,0,0)
w(502,1,0,0)
w(503,1,0,0)
w(504,1,0,0)
w(505,1,0,0)
w(506,1,0,0)
w(507,1,0,0)
w(508,1,0,0)
w(509,1,0,0)
w(510,1,0,0)
w(511,1,0,0)
w(512,1,0,0)
w(513,1,0,0)
w(514,1,0,0)
w(515,1,0,0)
w(516,1,0,0)
w(517,1,0,0)
w(518,1,0,0)
w(519,1,0,0)
w(520,1,0,0)
w(521,1,0,0)
w(522,1,0,0)
w(523,1,0,0)
w(524,1,0,0)
w(525,1,0,0)
w(526,1,0,0)
w(527,1,0,0)
w(528,1,0,0)
w(529,1,0,0)
w(530,1,0,0)
w(531,1,0,0)
w(532,1,0,0)
w(533,1,0,0)
w(534,1,0,0)
w(535,1,0,0)
w(536,1,0,0)
w(537,1,0,0)
w(538,1,0,0)
w(539,1,0,0)
w(540,1,0,0)
r(47,1,1,1)
w(40,2,1,1)
w(53,2,1,1)
r(418,1,1,1)
w(21,2,1,1)
w(56,2,1,1)
w(30,2,1,1)
r(355,1,1,1)
r(192,1,1,1)
r(76,1,1,1)
w(12,2,1,1)
r(513,1,1,1)
r(119,1,1,1)
r(84,1,1,1)
w(51,2,1,1)
w(39,2,1,1)
w(57,2,1,1)
w(44,2,1,1)
w(51,3,1,1)
r(235,1,1,1)
r(344,1,2,2)
w(68,2,2,2)
r(97,1,2,2)
r(377,1,2,2)
w(91,2,2,2)
w(92,2,2,2)
r(114,1,2,2)
w(94,2,2,2)
w(66,2,2,2)
w(98,2,2,2)
w(112,2,2,2)
r(452,1,2,2)
r(492,1,2,2)
w(70,2,2,2)
w(100,2,2,2)
w(73,2,2,2)
w(85,2,2,2)
w(101,2,2,2)
r(39,2,2,2)
r(103,1,2,2)
r(158,1,3,3)
r(325,1,3,3)
w(125,2,3,3)
r(361,1,3,3)
r(518,1,3,3)
w(171,2,3,3)
w(166,2,3,3)
w(140,2,3,3)
r(106,1,3,3)
r(196,1,3,3)
r(280,1,3,3)
w(152,2,3,3)
r(184,1,3,3)
w(170,2,3,3)
r(480,1,3,3)
r(373,1,3,3)
r(73,1,3,3)
w(127,2,3,3)
w(144,2,3,3)
r(410,1,3,3)
r(25,1,4,4)
r(354,1,4,4)
r(371,1,4,4)
r(394,1,4,4)
r(98,1,4,4)
w(204,2,4,4)
r(444,1,4,4)
r(61,1,4,4)
r(303,1,4,4)
r(160,1,4,4)
w(207,2,4,4)
w(237,2,4,4)
w(185,2,4,4)
r(71,1,4,4)
r(195,1,4,4)
w(196,2,4,4)
r(255,1,4,4)
w(186,2,4,4)
r(67,1,4,4)
w(218,2,4,4)
r(437,1,5,5)
w(265,2,5,5)
w(257,2,5,5)
w(270,2,5,5)
r(273,1,5,5)
w(281,2,5,5)
r(64,1,5,5)
w(286,2,5,5)
w(281,3,5,5)
r(133,1,5,5)
w(272,2,5,5)
w(257,3,5,5)
w(271,2,5,5)
r(265,2,5,5)
r(521,1,5,5)
r(470,1,5,5)
r(236,1,5,5)
r(365,1,5,5)
w(242,2,5,5)
r(391,1,5,5)
w(335,2,6,6)
w(310,2,6,6)
r(214,1,6,6)
w(334,2,6,6)
r(72,1,6,6)
w(337,2,6,6)
w(308,2,6,6)
w(306,2,6,6)
w(323,2,6,6)
r(238,1,6,6)
r(334,2,6,6)
r(306,2,6,6)
r(450,1,6,6)
w(355,2,6,6)
r(411,1,6,6)
w(333,2,6,6)
w(308,3,6,6)
w(354,2,6,6)
r(451,1,6,6)
r(248,1,6,6)
w(361,2,7,7)
r(404,1,7,7)
w(368,2,7,7)
w(369,2,7,7)
w(396,2,7,7)
w(380,2,7,7)
r(296,1,7,7)
r(490,1,7,7)
w(379,2,7,7)
r(418,1,7,7)
w(400,2,7,7)
w(369,3,7,7)
r(164,1,7,7)
w(361,3,7,7)
r(286,2,7,7)
w(401,2,7,7)
w(416,2,7,7)
r(213,1,7,7)
r(178,1,7,7)
r(32,1,7,7)
r(106,1,8,8)
r(466,1,8,8)
r(341,1,8,8)
r(204,1,8,8)
w(426,2,8,8)
w(475,2,8,8)
r(227,1,8,8)
r(67,1,8,8)
r(293,1,8,8)
r(130,1,8,8)
r(499,1,8,8)
r(507,1,8,8)
r(48,1,8,8)
r(419,1,8,8)
r(159,1,8,8)
w(468,2,8,8)
r(403,1,8,8)
r(77,1,8,8)
r(280,1,8,8)
w(441,2,8,8)
r(55,1,9,9)
w(537,2,9,9)
r(7,1,9,9)
w(536,2,9,9)
r(430,1,9,9)
w(519,2,9,9)
r(536,2,9,9)
r(36,1,9,9)
r(494,1,9,9)
w(532,2,9,9)
r(467,1,9,9)
r(66,2,9,9)
w(517,2,9,9)
r(164,1,9,9)
w(526,2,9,9)
r(85,2,9,9)
w(532,3,9,9)
r(278,1,9,9)
r(247,1,9,9)
r(263,1,9,9)
r(513,1,1,10)
r(209,1,1,10)
r(32,1,1,10)
r(139,1,1,10)
w(14,2,1,10)
r(176,1,1,10)
r(219,1,1,10)
w(24,2,1,10)
r(526,2,1,10)
r(301,1,1,10)
r(378,1,1,10)
w(32,3,1,10)
w(36,2,1,10)
w(29,2,1,10)
r(50,1,1,10)
r(398,1,1,10)
w(18,2,1,10)
r(46,1,1,10)
w(43,2,1,10)
r(10,1,1,10)
w(104,2,2,11)
r(430,1,2,11)
r(53,2,2,11)
r(94,2,2,11)
w(97,2,2,11)
w(88,2,2,11)
r(309,1,2,11)
w(102,2,2,11)
w(74,2,2,11)
w(69,2,2,11)
r(263,1,2,11)
w(70,3,2,11)
r(490,1,2,11)
r(355,2,2,11)
r(48,1,2,11)
r(324,1,2,11)
r(515,1,2,11)
w(75,2,2,11)
w(93,2,2,11)
w(84,2,2,11)
r(167,1,3,12)
r(192,1,3,12)
w(121,2,3,12)
r(353,1,3,12)
r(374,1,3,12)
r(272,2,3,12)
w(121,3,3,12)
r(410,1,3,12)
r(156,1,3,12)
r(486,1,3,12)
w(150,2,3,12)
w(130,2,3,12)
r(522,1,3,12)
r(416,2,3,12)
r(117,1,3,12)
r(172,1,3,12)
w(127,3,3,12)
w(129,2,3,12)
w(162,2,3,12)
w(140,3,3,12)
r(58,1,4,13)
r(275,1,4,13)
r(461,1,4,13)
w(236,2,4,13)
w(213,2,4,13)
w(207,3,4,13)
w(187,2,4,13)
w(232,2,4,13)
w(188,2,4,13)
w(196,3,4,13)
r(529,1,4,13)
w(212,2,4,13)
w(212,3,4,13)
r(395,1,4,13)
w(229,2,4,13)
w(231,2,4,13)
w(214,2,4,13)
r(513,1,4,13)
r(295,1,4,13)
w(215,2,4,13)
r(50,1,5,14)
w(247,2,5,14)
w(265,3,5,14)
w(286,3,5,14)
r(111,1,5,14)
w(262,2,5,14)
r(61,1,5,14)
w(260,2,5,14)
r(72,1,5,14)
r(80,1,5,14)
w(269,2,5,14)
w(299,2,5,14)
r(444,1,5,14)
w(297,2,5,14)
r(307,1,5,14)
w(267,2,5,14)
w(248,2,5,14)
w(286,4,5,14)
w(296,2,5,14)
r(83,1,5,14)
w(328,2,6,15)
w(348,2,6,15)
w(326,2,6,15)
r(229,1,6,15)
w(314,2,6,15)
r(75,1,6,15)
r(439,2,6,15)
r(507,1,6,15)
w(319,2,6,15)
r(382,1,6,15)
w(360,2,6,15)
w(305,2,6,15)
r(191,1,6,15)
w(307,2,6,15)
r(456,1,6,15)
r(90,1,6,15)
w(312,2,6,15)
r(219,1,6,15)
w(359,2,6,15)
w(357,2,6,15)
r(511,2,7,16)
w(365,2,7,16)
w(407,2,7,16)
w(371,2,7,16)
w(381,2,7,16)
r(312,2,7,16)
w(365,3,7,16)
w(395,2,7,16)
w(394,2,7,16)
r(405,1,7,16)
r(109,1,7,16)
w(415,2,7,16)
r(174,1,7,16)
r(388,1,7,16)
w(367,2,7,16)
w(413,2,7,16)
r(52,1,7,16)
w(417,2,7,16)
r(387,1,7,16)
w(387,2,7,16)
w(468,3,8,17)
w(438,2,8,17)
r(127,2,8,17)
r(22,1,8,17)
w(465,2,8,17)
w(462,2,8,17)
r(161,1,8,17)
r(129,1,8,17)
r(403,1,8,17)
r(108,1,8,17)
r(383,1,8,17)
w(465,3,8,17)
w(440,2,8,17)
w(471,2,8,17)
w(436,2,8,17)
r(188,1,8,17)
w(473,2,8,17)
w(434,2,8,17)
w(439,2,8,17)
r(172,1,8,17)
w(523,2,9,18)
w(537,3,9,18)
w(520,2,9,18)
r(420,1,9,18)
r(20,1,9,18)
r(124,1,9,18)
r(361,3,9,18)
r(370,1,9,18)
r(380,2,9,18)
w(511,2,9,18)
w(517,3,9,18)
w(522,2,9,18)
w(520,3,9,18)
r(441,2,9,18)
w(534,2,9,18)
r(117,1,9,18)
w(522,3,9,18)
w(508,2,9,18)
r(164,1,9,18)
w(488,2,9,18)
w(32,4,1,19)
w(18,3,1,19)
w(1,2,1,19)
r(404,1,1,19)
w(23,4,1,19)
r(452,1,1,19)
r(458,1,1,19)
r(401,2,1,19)
w(57,3,1,19)
r(410,1,1,19)
w(15,2,1,19)
r(202,1,1,19)
w(37,3,1,19)
w(32,5,1,19)
r(301,1,1,19)
r(323,2,1,19)
r(85,2,1,19)
w(7,2,1,19)
w(36,3,1,19)
r(492,2,1,19)
w(80,2,2,20)
r(235,1,2,20)
w(102,3,2,20)
r(75,2,2,20)
w(67,2,2,20)
w(70,4,2,20)
r(134,1,2,20)
w(75,3,2,20)
r(119,1,2,20)
r(181,1,2,20)
r(129,2,2,20)
w(72,2,2,20)
w(63,2,2,20)
r(385,1,2,20)
w(99,2,2,20)
r(105,1,2,20)
r(424,1,2,20)
r(94,2,2,20)
w(120,2,2,20)
r(278,1,2,20)
r(75,3,3,21)
w(131,2,3,21)
r(299,2,3,21)
w(152,3,3,21)
w(132,2,3,21)
r(445,1,3,21)
w(175,2,3,21)
w(166,3,3,21)
r(297,2,3,21)
r(132,2,3,21)
w(125,3,3,21)
r(77,1,3,21)
r(481,1,3,21)
r(488,2,3,21)
r(445,1,3,21)
r(367,1,3,21)
w(158,2,3,21)
w(148,2,3,21)
r(479,1,3,21)
w(152,4,3,21)
r(350,1,4,22)
w(231,3,4,22)
w(223,2,4,22)
r(113,1,4,22)
r(255,2,4,22)
r(163,1,4,22)
r(367,1,4,22)
w(215,3,4,22)
w(231,4,4,22)
r(308,3,4,22)
r(281,3,4,22)
r(247,2,4,22)
w(187,3,4,22)
r(362,1,4,22)
r(347,1,4,22)
r(516,1,4,22)
r(521,1,4,22)
w(225,2,4,22)
r(501,1,4,22)
r(248,2,4,22)
w(263,2,5,23)
w(255,2,5,23)
r(97,2,5,23)
r(385,1,5,23)
r(219,1,5,23)
r(217,1,5,23)
w(283,2,5,23)
w(258,2,5,23)
r(255,2,5,23)
w(250,2,5,23)
w(249,2,5,23)
r(181,1,5,23)
w(246,2,5,23)
w(254,2,5,23)
w(284,2,5,23)
r(303,1,5,23)
w(249,3,5,23)
w(275,2,5,23)
r(192,1,5,23)
w(257,4,5,23)
r(83,1,6,24)
w(335,3,6,24)
r(121,3,6,24)
r(75,3,6,24)
r(530,1,6,24)
w(334,3,6,24)
w(324,2,6,24)
w(307,3,6,24)
r(295,1,6,24)
w(335,4,6,24)
w(349,2,6,24)
w(336,2,6,24)
w(353,2,6,24)
w(313,2,6,24)
w(320,2,6,24)
w(303,2,6,24)
r(166,2,6,24)
w(306,3,6,24)
w(347,2,6,24)
r(120,2,6,24)
w(403,2,7,25)
r(447,3,7,25)
r(361,3,7,25)
w(420,2,7,25)
r(6,1,7,25)
r(373,1,7,25)
r(240,1,7,25)
w(407,3,7,25)
r(344,1,7,25)
w(415,3,7,25)
r(58,1,7,25)
w(401,3,7,25)
r(471,3,7,25)
r(370,1,7,25)
w(382,2,7,25)
r(145,1,7,25)
r(48,1,7,25)
w(413,3,7,25)
w(367,3,7,25)
r(467,1,7,25)
r(261,1,8,26)
r(123,1,8,26)
r(141,1,8,26)
w(448,2,8,26)
r(59,1,8,26)
r(286,4,8,26)
r(151,1,8,26)
w(434,3,8,26)
r(514,1,8,26)
w(447,2,8,26)
r(83,1,8,26)
r(219,1,8,26)
r(344,1,8,26)
w(470,2,8,26)
r(143,1,8,26)
w(475,3,8,26)
w(447,3,8,26)
r(310,2,8,26)
w(448,3,8,26)
w(449,2,8,26)
w(519,3,9,27)
r(295,1,9,27)
r(489,1,9,27)
w(492,2,9,27)
r(185,2,9,27)
w(497,2,9,27)
w(537,4,9,27)
w(496,2,9,27)
w(526,3,9,27)
r(510,1,9,27)
w(500,2,9,27)
r(422,1,9,27)
r(245,1,9,27)
r(180,1,9,27)
w(521,2,9,27)
w(486,2,9,27)
w(520,4,9,27)
r(12,2,9,27)
w(538,2,9,27)
r(351,1,9,27)
r(306,3,1,28)
w(18,4,1,28)
w(12,3,1,28)
r(319,2,1,28)
w(60,2,1,28)
w(19,2,1,28)
w(22,2,1,28)
w(48,2,1,28)
w(21,3,1,28)
w(5,2,1,28)
w(59,2,1,28)
w(43,3,1,28)
r(507,1,1,28)
r(170,2,1,28)
r(234,1,1,28)
r(136,1,1,28)
r(66,3,1,28)
r(363,1,1,28)
r(454,2,1,28)
r(136,1,1,28)
r(241,1,2,29)
r(536,2,2,29)
r(74,2,2,29)
r(155,1,2,29)
r(105,1,2,29)
w(98,3,2,29)
r(305,2,2,29)
r(292,1,2,29)
r(221,1,2,29)
w(91,3,2,29)
w(64,2,2,29)
w(76,2,2,29)
w(109,2,2,29)
r(243,1,2,29)
r(198,1,2,29)
w(118,2,2,29)
w(64,3,2,29)
r(254,2,2,29)
r(6,1,2,29)
w(91,4,2,29)
w(133,2,3,30)
w(149,2,3,30)
r(307,3,3,30)
w(149,3,3,30)
r(507,1,3,30)
r(118,2,3,30)
r(528,1,3,30)
w(148,3,3,30)
r(399,1,3,30)
r(217,1,3,30)
w(169,2,3,30)
w(147,2,3,30)
r(275,2,3,30)
r(1,2,3,30)
w(167,2,3,30)
w(166,4,3,30)
r(309,1,3,30)
w(121,4,3,30)
r(135,1,3,30)
w(124,2,3,30)
w(238,2,4,31)
r(54,1,4,31)
r(526,3,4,31)
w(219,2,4,31)
r(50,1,4,31)
r(167,1,4,31)
w(224,2,4,31)
w(215,4,4,31)
r(92,2,4,31)
r(152,4,4,31)
w(182,2,4,31)
w(216,2,4,31)
w(228,2,4,31)
r(27,1,4,31)
w(199,2,4,31)
w(214,3,4,31)
r(181,1,4,31)
r(166,3,4,31)
r(203,1,4,31)
w(193,2,4,31)
w(273,2,5,32)
w(273,3,5,32)
r(72,2,5,32)
r(159,1,5,32)
r(374,1,5,32)
w(297,3,5,32)
r(481,1,5,32)
r(101,2,5,32)
w(286,5,5,32)
r(149,1,5,32)
w(288,2,5,32)
r(312,2,5,32)
r(413,2,5,32)
r(451,1,5,32)
w(254,3,5,32)
w(254,4,5,32)
r(530,1,5,32)
w(273,4,5,32)
w(296,3,5,32)
r(384,1,5,32)
w(337,3,6,33)
w(324,3,6,33)
r(518,1,6,33)
r(98,3,6,33)
r(388,1,6,33)
r(396,2,6,33)
r(278,1,6,33)
w(331,2,6,33)
r(9,1,6,33)
w(358,2,6,33)
r(54,1,6,33)
w(318,2,6,33)
r(222,1,6,33)
w(328,3,6,33)
r(474,1,6,33)
r(515,1,6,33)
r(171,2,6,33)
w(337,4,6,33)
w(303,3,6,33)
w(325,2,6,33)
r(528,1,7,34)
w(371,3,7,34)
w(420,3,7,34)
w(419,2,7,34)
w(413,4,7,34)
r(181,1,7,34)
r(417,2,7,34)
w(394,3,7,34)
w(402,2,7,34)
w(376,2,7,34)
r(241,1,7,34)
w(361,4,7,34)
w(413,5,7,34)
r(441,3,7,34)
w(367,4,7,34)
r(385,1,7,34)
r(305,2,7,34)
w(407,4,7,34)
w(384,2,7,34)
r(465,4,7,34)
w(454,2,8,35)
r(379,2,8,35)
w(446,2,8,35)
r(311,1,8,35)
w(464,2,8,35)
r(174,1,8,35)
r(208,1,8,35)
w(444,2,8,35)
w(465,4,8,35)
w(449,3,8,35)
r(378,1,8,35)
w(471,3,8,35)
r(279,1,8,35)
r(227,1,8,35)
w(461,2,8,35)
w(472,2,8,35)
r(89,1,8,35)
w(462,3,8,35)
w(440,3,8,35)
r(39,2,8,35)
w(526,4,9,36)
r(387,2,9,36)
r(333,2,9,36)
r(522,3,9,36)
w(485,2,9,36)
w(515,2,9,36)
w(525,2,9,36)
w(525,3,9,36)
r(336,4,9,36)
r(182,3,9,36)
r(30,2,9,36)
w(519,4,9,36)
r(84,5,9,36)
w(517,4,9,36)
r(355,2,9,36)
r(524,1,9,36)
w(517,5,9,36)
r(74,2,9,36)
w(515,3,9,36)
w(493,2,9,36)
r(81,1,1,37)
r(43,3,1,37)
w(48,3,1,37)
w(18,5,1,37)
w(50,2,1,37)
w(9,2,1,37)
w(5,3,1,37)
w(33,3,1,37)
r(78,2,1,37)
r(284,2,1,37)
w(49,2,1,37)
w(33,4,1,37)
r(98,3,1,37)
w(43,4,1,37)
r(174,1,1,37)
r(379,2,1,37)
w(3,2,1,37)
w(8,2,1,37)
w(54,3,1,37)
w(21,4,1,37)
r(103,1,2,38)
w(71,2,2,38)
w(76,3,2,38)
w(89,2,2,38)
r(500,2,2,38)
w(119,2,2,38)
w(92,3,2,38)
w(84,3,2,38)
w(66,3,2,38)
w(67,3,2,38)
w(72,3,2,38)
w(113,2,2,38)
r(54,1,2,38)
w(85,3,2,38)
r(115,1,2,38)
w(110,2,2,38)
w(95,2,2,38)
w(120,3,2,38)
r(40,2,2,38)
w(78,2,2,38)
r(498,1,3,39)
w(143,2,3,39)
r(477,2,3,39)
r(528,1,3,39)
r(276,2,3,39)
w(123,2,3,39)
w(125,4,3,39)
r(502,1,3,39)
w(167,3,3,39)
w(144,3,3,39)
r(333,2,3,39)
w(161,2,3,39)
r(411,1,3,39)
w(139,2,3,39)
r(502,1,3,39)
w(161,3,3,39)
r(282,1,3,39)
r(438,2,3,39)
w(135,2,3,39)
r(29,2,3,39)
w(185,3,4,40)
r(215,4,4,40)
r(134,1,4,40)
r(487,1,4,40)
r(408,1,4,40)
w(231,5,4,40)
r(66,3,4,40)
w(233,2,4,40)
w(229,3,4,40)
w(208,2,4,40)
r(311,2,4,40)
r(361,4,4,40)
r(218,2,4,40)
r(517,3,4,40)
w(194,2,4,40)
w(204,3,4,40)
w(219,3,4,40)
r(149,3,4,40)
w(182,3,4,40)
w(214,4,4,40)
r(482,1,5,41)
r(343,1,5,41)
r(240,1,5,41)
w(247,3,5,41)
w(276,2,5,41)
r(426,2,5,41)
w(259,2,5,41)
r(117,1,5,41)
r(77,1,5,41)
r(443,1,5,41)
r(433,1,5,41)
w(254,5,5,41)
r(137,1,5,41)
r(292,1,5,41)
w(260,3,5,41)
r(249,3,5,41)
w(299,3,5,41)
r(138,1,5,41)
w(292,2,5,41)
r(103,1,5,41)
r(90,1,6,42)
r(248,2,6,42)
r(277,1,6,42)
r(357,2,6,42)
w(304,2,6,42)
w(311,2,6,42)
r(513,1,6,42)
r(50,1,6,42)
w(324,4,6,42)
r(365,3,6,42)
w(316,2,6,42)
w(334,4,6,42)
r(315,1,6,42)
w(338,2,6,42)
r(2,1,6,42)
w(360,3,6,42)
r(531,1,6,42)
w(341,2,6,42)
r(474,1,6,42)
r(360,3,6,42)
r(410,1,7,43)
r(91,6,7,43)
w(390,2,7,43)
w(377,2,7,43)
r(48,3,7,43)
r(292,2,7,43)
w(409,2,7,43)
r(190,1,7,43)
w(387,3,7,43)
w(381,3,7,43)
r(428,1,7,43)
w(416,3,7,43)
w(375,2,7,43)
r(228,2,7,43)
w(412,2,7,43)
r(99,2,7,43)
w(363,2,7,43)
w(400,3,7,43)
r(256,1,7,43)
r(282,1,7,43)
w(466,2,8,44)
w(478,2,8,44)
w(461,3,8,44)
r(92,2,8,44)
w(444,3,8,44)
r(231,4,8,44)
w(441,3,8,44)
w(424,2,8,44)
w(472,3,8,44)
w(472,4,8,44)
w(434,4,8,44)
w(444,4,8,44)
w(431,2,8,44)
w(475,4,8,44)
r(300,1,8,44)
r(22,1,8,44)
r(119,1,8,44)
w(477,2,8,44)
w(422,2,8,44)
w(453,2,8,44)
r(212,3,9,45)
r(409,2,9,45)
r(284,2,9,45)
w(512,3,9,45)
r(221,1,9,45)
r(348,2,9,45)
w(513,2,9,45)
r(286,5,9,45)
r(12,3,9,45)
r(129,2,9,45)
w(523,3,9,45)
r(218,2,9,45)
w(513,3,9,45)
r(25,1,9,45)
w(515,4,9,45)
r(337,4,9,45)
w(527,4,9,45)
r(391,1,9,45)
r(194,3,9,45)
r(181,2,9,45)
w(32,6,1,46)
w(32,7,1,46)
r(301,1,1,46)
r(102,3,1,46)
w(39,3,1,46)
r(265,3,1,46)
w(5,4,1,46)
r(141,1,1,46)
w(30,4,1,46)
w(19,3,1,46)
w(15,3,1,46)
r(477,2,1,46)
r(252,1,1,46)
r(155,1,1,46)
r(173,1,1,46)
w(5,5,1,46)
w(6,2,1,46)
w(10,2,1,46)
r(481,1,1,46)
w(14,3,1,46)
w(113,3,2,47)
w(112,3,2,47)
r(488,2,2,47)
r(89,2,2,47)
r(497,2,2,47)
r(493,1,2,47)
w(73,3,2,47)
r(419,1,2,47)
r(450,1,2,47)
r(141,1,2,47)
r(181,1,2,47)
r(253,1,2,47)
r(239,1,2,47)
r(283,2,2,47)
w(104,3,2,47)
w(84,4,2,47)
w(86,2,2,47)
w(70,5,2,47)
r(142,1,2,47)
r(493,1,2,47)
r(335,4,3,48)
w(144,4,3,48)
w(133,3,3,48)
r(25,1,3,48)
r(354,2,3,48)
r(356,1,3,48)
r(52,1,3,48)
r(362,1,3,48)
w(160,2,3,48)
w(123,3,3,48)
r(450,2,3,48)
r(93,2,3,48)
w(134,2,3,48)
r(334,4,3,48)
w(164,2,3,48)
r(440,3,3,48)
r(24,2,3,48)
w(172,2,3,48)
r(508,2,3,48)
r(121,4,3,48)
r(454,2,4,49)
w(239,2,4,49)
r(410,1,4,49)
w(203,2,4,49)
w(181,2,4,49)
w(237,3,4,49)
w(202,2,4,49)
w(194,3,4,49)
r(13,1,4,49)
r(84,5,4,49)
r(525,3,4,49)
w(186,3,4,49)
r(426,2,4,49)
w(208,3,4,49)
r(159,1,4,49)
r(173,1,4,49)
w(225,3,4,49)
r(498,1,4,49)
w(230,2,4,49)
w(195,2,4,49)
r(157,1,5,50)
w(251,2,5,50)
r(217,1,5,50)
r(229,3,5,50)
w(248,3,5,50)
w(281,4,5,50)
r(250,2,5,50)
w(288,3,5,50)
r(411,1,5,50)
r(356,1,5,50)
w(287,2,5,50)
w(258,3,5,50)
r(454,2,5,50)
w(270,3,5,50)
w(300,2,5,50)
r(92,3,5,50)
w(299,4,5,50)
w(291,2,5,50)
w(291,3,5,50)
r(76,3,5,50)
r(217,1,6,51)
w(349,3,6,51)
w(341,3,6,51)
r(18,4,6,51)
w(336,3,6,51)
r(353,2,6,51)
w(338,3,6,51)
r(34,1,6,51)
w(336,4,6,51)
r(18,4,6,51)
r(14,2,6,51)
w(358,3,6,51)
r(165,1,6,51)
r(143,2,6,51)
r(340,1,6,51)
r(147,2,6,51)
r(86,2,6,51)
r(299,4,6,51)
w(353,3,6,51)
r(455,1,6,51)
w(399,2,7,52)
r(205,1,7,52)
r(180,1,7,52)
w(390,3,7,52)
w(372,2,7,52)
w(419,3,7,52)
r(245,1,7,52)
w(404,2,7,52)
r(539,1,7,52)
r(110,3,7,52)
r(211,1,7,52)
w(398,2,7,52)
r(183,1,7,52)
w(393,2,7,52)
w(370,2,7,52)
w(394,4,7,52)
r(538,2,7,52)
r(205,1,7,52)
w(415,4,7,52)
r(522,3,7,52)
w(474,2,8,53)
w(433,2,8,53)
w(434,5,8,53)
w(429,2,8,53)
w(453,3,8,53)
w(434,6,8,53)
w(450,2,8,53)
w(461,4,8,53)
w(466,3,8,53)
w(423,2,8,53)
w(449,4,8,53)
w(429,3,8,53)
r(33,1,8,53)
w(449,5,8,53)
r(335,4,8,53)
w(476,2,8,53)
r(295,1,8,53)
r(311,2,8,53)
r(278,1,8,53)
r(208,1,8,53)
w(481,2,9,54)
w(528,2,9,54)
r(338,3,9,54)
r(271,2,9,54)
r(501,1,9,54)
r(93,2,9,54)
r(350,1,9,54)
r(106,1,9,54)
w(496,4,9,54)
w(530,2,9,54)
w(508,3,9,54)
r(67,3,9,54)
r(164,3,9,54)
r(279,1,9,54)
r(518,1,9,54)
w(515,5,9,54)
r(519,4,9,54)
r(484,1,9,54)
r(386,1,9,54)
w(509,2,9,54)
w(54,4,1,55)
w(36,4,1,55)
w(17,2,1,55)
r(356,1,1,55)
w(28,2,1,55)
r(316,2,1,55)
r(76,3,1,55)
r(400,3,1,55)
w(14,4,1,55)
r(383,1,1,55)
r(426,2,1,55)
w(36,5,1,55)
r(254,6,1,55)
r(120,4,1,55)
r(204,3,1,55)
w(20,2,1,55)
r(515,3,1,55)
r(78,3,1,55)
w(36,6,1,55)
w(26,2,1,55)
w(91,5,2,56)
w(75,4,2,56)
w(114,2,2,56)
w(110,3,2,56)
w(109,3,2,56)
w(70,6,2,56)
w(72,4,2,56)
w(108,2,2,56)
r(528,1,2,56)
r(296,3,2,56)
w(82,2,2,56)
w(84,5,2,56)
r(189,1,2,56)
r(89,2,2,56)
w(91,6,2,56)
r(130,2,2,56)
w(75,5,2,56)
r(57,3,2,56)
w(94,3,2,56)
r(139,2,2,56)
w(164,3,3,57)
r(100,2,3,57)
r(182,3,3,57)
r(34,1,3,57)
r(493,2,3,57)
r(172,2,3,57)
w(159,2,3,57)
w(151,2,3,57)
w(143,3,3,57)
w(163,2,3,57)
r(278,1,3,57)
w(130,3,3,57)
w(169,3,3,57)
r(388,1,3,57)
r(102,3,3,57)
r(115,1,3,57)
r(446,2,3,57)
w(131,3,3,57)
w(156,2,3,57)
w(122,2,3,57)
w(192,2,4,58)
r(412,2,4,58)
r(496,2,4,58)
w(203,3,4,58)
w(191,2,4,58)
w(185,4,4,58)
r(139,2,4,58)
w(231,6,4,58)
w(197,2,4,58)
w(194,4,4,58)
w(226,2,4,58)
r(117,1,4,58)
w(233,3,4,58)
w(225,4,4,58)
r(245,1,4,58)
r(395,2,4,58)
r(231,6,4,58)
w(236,3,4,58)
r(161,3,4,58)
r(327,1,4,58)
w(288,4,5,59)
r(159,1,5,59)
r(372,1,5,59)
r(469,1,5,59)
r(385,1,5,59)
r(280,1,5,59)
r(401,3,5,59)
r(53,2,5,59)
w(296,4,5,59)
r(94,3,5,59)
w(292,3,5,59)
r(146,1,5,59)
w(258,4,5,59)
w(254,6,5,59)
r(332,1,5,59)
r(68,3,5,59)
r(515,3,5,59)
w(269,3,5,59)
w(255,3,5,59)
r(477,2,5,59)
w(335,5,6,60)
w(302,2,6,60)
w(305,3,6,60)
r(44,2,6,60)
w(322,2,6,60)
w(322,3,6,60)
r(13,1,6,60)
r(171,2,6,60)
r(537,4,6,60)
w(301,2,6,60)
r(437,1,6,60)
r(492,2,6,60)
w(341,4,6,60)
r(399,1,6,60)
w(310,3,6,60)
w(339,2,6,60)
r(421,1,6,60)
w(351,2,6,60)
r(460,1,6,60)
w(316,3,6,60)
w(368,3,7,61)
w(417,3,7,61)
r(144,4,7,61)
r(164,3,7,61)
r(157,1,7,61)
r(157,1,7,61)
w(393,3,7,61)
w(419,4,7,61)
r(345,1,7,61)
r(506,1,7,61)
r(217,1,7,61)
r(11,1,7,61)
r(480,1,7,61)
r(258,4,7,61)
r(86,2,7,61)
r(475,4,7,61)
w(365,4,7,61)
w(404,3,7,61)
r(41,1,7,61)
w(383,2,7,61)
r(294,1,8,62)
r(328,3,8,62)
r(142,1,8,62)
r(91,4,8,62)
w(468,4,8,62)
r(225,2,8,62)
r(383,1,8,62)
w(432,2,8,62)
r(369,3,8,62)
r(466,3,8,62)
w(463,2,8,62)
r(103,1,8,62)
w(462,4,8,62)
r(184,1,8,62)
r(104,3,8,62)
r(466,3,8,62)
r(317,1,8,62)
w(436,3,8,62)
w(451,2,8,62)
r(232,2,8,62)
w(504,2,9,63)
r(460,2,9,63)
w(500,3,9,63)
w(494,2,9,63)
w(495,2,9,63)
r(198,1,9,63)
r(248,3,9,63)
w(526,5,9,63)
w(491,2,9,63)
r(302,2,9,63)
w(491,3,9,63)
w(481,3,9,63)
w(482,2,9,63)
r(93,2,9,63)
r(513,3,9,63)
r(344,1,9,63)
r(482,2,9,63)
r(18,6,9,63)
r(174,1,9,63)
w(514,2,9,63)
w(8,3,1,64)
r(190,1,1,64)
w(6,3,1,64)
r(483,1,1,64)
w(24,3,1,64)
r(217,1,1,64)
w(50,3,1,64)
r(246,3,1,64)
w(2,2,1,64)
w(18,6,1,64)
w(19,4,1,64)
w(4,2,1,64)
w(53,4,1,64)
w(44,3,1,64)
r(215,4,1,64)
w(44,4,1,64)
w(54,5,1,64)
r(537,4,1,64)
r(439,2,1,64)
w(41,2,1,64)
r(27,1,2,65)
r(25,1,2,65)
w(92,4,2,65)
r(245,1,2,65)
r(8,2,2,65)
w(107,2,2,65)
w(62,2,2,65)
w(98,4,2,65)
w(68,3,2,65)
r(4,1,2,65)
r(219,3,2,65)
r(138,1,2,65)
w(74,3,2,65)
w(78,3,2,65)
w(113,4,2,65)
w(108,3,2,65)
r(38,1,2,65)
w(72,5,2,65)
w(66,4,2,65)
w(84,6,2,65)
r(522,3,3,66)
r(264,1,3,66)
r(362,1,3,66)
r(451,2,3,66)
r(469,1,3,66)
r(256,1,3,66)
r(46,1,3,66)
w(131,4,3,66)
w(157,2,3,66)
w(172,3,3,66)
r(15,3,3,66)
r(338,3,3,66)
w(138,2,3,66)
r(38,1,3,66)
r(183,1,3,66)
r(145,1,3,66)
w(165,2,3,66)
w(154,2,3,66)
w(155,2,3,66)
w(131,5,3,66)
r(323,2,4,67)
w(210,2,4,67)
r(179,1,4,67)
w(216,3,4,67)
w(202,3,4,67)
w(184,2,4,67)
w(199,3,4,67)
w(233,4,4,67)
r(284,2,4,67)
w(222,2,4,67)
r(419,4,4,67)
r(500,2,4,67)
w(237,4,4,67)
r(519,4,4,67)
w(187,4,4,67)
r(227,1,4,67)
r(48,3,4,67)
r(239,2,4,67)
w(200,2,4,67)
w(218,3,4,67)
r(239,2,5,68)
r(341,4,5,68)
w(272,3,5,68)
r(311,2,5,68)
r(500,2,5,68)
w(253,2,5,68)
w(288,5,5,68)
r(151,2,5,68)
r(375,2,5,68)
w(283,3,5,68)
w(245,2,5,68)
r(386,1,5,68)
w(273,5,5,68)
w(262,3,5,68)
w(291,4,5,68)
r(270,3,5,68)
w(280,2,5,68)
w(246,3,5,68)
w(250,3,5,68)
r(280,2,5,68)
r(125,4,6,69)
w(304,3,6,69)
w(325,3,6,69)
r(134,2,6,69)
w(327,2,6,69)
w(353,4,6,69)
r(167,3,6,69)
r(499,1,6,69)
w(340,3,6,69)
r(153,1,6,69)
r(351,2,6,69)
r(69,3,6,69)
w(305,4,6,69)
w(340,4,6,69)
r(469,1,6,69)
r(224,2,6,69)
w(316,4,6,69)
w(304,4,6,69)
w(359,3,6,69)
r(444,4,6,69)
r(215,4,7,70)
r(257,4,7,70)
r(419,4,7,70)
w(401,4,7,70)
r(265,3,7,70)
r(229,3,7,70)
w(408,2,7,70)
r(290,1,7,70)
w(384,3,7,70)
w(395,3,7,70)
r(371,3,7,70)
r(481,2,7,70)
r(235,1,7,70)
w(378,2,7,70)
r(521,2,7,70)
r(412,2,7,70)
r(224,2,7,70)
r(461,4,7,70)
r(352,1,7,70)
r(262,3,7,70)
w(425,2,8,71)
r(258,3,8,71)
r(379,2,8,71)
w(456,2,8,71)
r(365,3,8,71)
r(286,5,8,71)
r(337,4,8,71)
r(296,3,8,71)
r(122,1,8,71)
w(457,2,8,71)
r(492,2,8,71)
r(361,4,8,71)
r(354,2,8,71)
w(473,3,8,71)
w(479,2,8,71)
r(32,5,8,71)
w(432,3,8,71)
w(467,2,8,71)
r(251,2,8,71)
w(430,2,8,71)
w(533,2,9,72)
r(77,2,9,72)
r(468,4,9,72)
r(318,2,9,72)
r(240,1,9,72)
r(403,2,9,72)
w(530,3,9,72)
r(349,3,9,72)
r(538,2,9,72)
w(532,4,9,72)
r(211,2,9,72)
w(513,4,9,72)
r(298,1,9,72)
r(425,2,9,72)
w(493,3,9,72)
w(527,5,9,72)
r(459,1,9,72)
r(92,5,9,72)
w(520,6,9,72)
r(373,1,9,72)
w(35,2,1,73)
w(26,3,1,73)
r(167,3,1,73)
w(42,2,1,73)
r(413,5,1,73)
w(12,4,1,73)
r(117,2,1,73)
r(90,1,1,73)
r(244,2,1,73)
r(204,4,1,73)
w(56,3,1,73)
w(14,5,1,73)
r(246,4,1,73)
w(2,3,1,73)
r(352,1,1,73)
r(530,2,1,73)
w(35,3,1,73)
w(6,4,1,73)
w(17,3,1,73)
w(55,2,1,73)
r(241,1,2,74)
r(465,4,2,74)
w(94,4,2,74)
r(167,3,2,74)
r(327,1,2,74)
r(196,3,2,74)
r(472,4,2,74)
r(174,1,2,74)
r(272,2,2,74)
r(310,2,2,74)
r(365,3,2,74)
w(120,4,2,74)
w(98,5,2,74)
r(157,1,2,74)
r(137,1,2,74)
r(495,1,2,74)
w(74,4,2,74)
w(109,4,2,74)
w(63,3,2,74)
w(89,3,2,74)
r(385,1,3,75)
r(109,4,3,75)
w(154,3,3,75)
w(146,2,3,75)
w(158,3,3,75)
r(492,2,3,75)
r(440,3,3,75)
w(172,4,3,75)
w(168,2,3,75)
r(137,1,3,75)
r(215,4,3,75)
r(51,3,3,75)
r(442,1,3,75)
r(490,1,3,75)
w(149,4,3,75)
w(123,4,3,75)
r(231,6,3,75)
w(176,2,3,75)
w(180,2,3,75)
w(147,3,3,75)
r(352,1,4,76)
r(296,4,4,76)
r(356,1,4,76)
r(117,2,4,76)
r(229,3,4,76)
w(205,2,4,76)
r(266,1,4,76)
r(238,2,4,76)
w(211,2,4,76)
r(479,3,4,76)
r(221,1,4,76)
w(214,5,4,76)
w(221,2,4,76)
w(204,4,4,76)
w(189,2,4,76)
w(203,4,4,76)
r(250,3,4,76)
r(463,2,4,76)
w(193,3,4,76)
r(138,2,4,76)
w(295,2,5,77)
r(487,1,5,77)
w(249,4,5,77)
w(272,4,5,77)
w(280,3,5,77)
w(289,2,5,77)
w(290,2,5,77)
w(293,2,5,77)
w(270,4,5,77)
r(236,3,5,77)
r(275,2,5,77)
r(371,3,5,77)
w(261,2,5,77)
r(273,5,5,77)
w(242,3,5,77)
w(244,2,5,77)
r(540,1,5,77)
w(260,4,5,77)
r(379,2,5,77)
r(415,4,5,77)
w(304,5,6,78)
w(334,5,6,78)
r(446,2,6,78)
w(345,2,6,78)
w(356,2,6,78)
r(343,1,6,78)
r(373,1,6,78)
w(351,3,6,78)
w(354,3,6,78)
w(323,3,6,78)
w(316,5,6,78)
w(311,3,6,78)
r(207,3,6,78)
r(9,2,6,78)
w(306,4,6,78)
r(124,2,6,78)
w(354,4,6,78)
r(410,1,6,78)
r(59,2,6,78)
w(302,3,6,78)
w(384,4,7,79)
r(372,2,7,79)
r(243,1,7,79)
r(459,1,7,79)
r(235,1,7,79)
r(47,1,7,79)
r(519,4,7,79)
w(375,3,7,79)
r(29,2,7,79)
r(457,2,7,79)
w(362,2,7,79)
w(407,5,7,79)
r(191,2,7,79)
w(381,4,7,79)
r(150,2,7,79)
w(375,4,7,79)
r(474,2,7,79)
r(397,1,7,79)
w(367,5,7,79)
w(416,4,7,79)
w(443,2,8,80)
r(374,1,8,80)
w(453,4,8,80)
r(137,1,8,80)
r(98,4,8,80)
r(457,2,8,80)
r(192,1,8,80)
r(223,2,8,80)
r(319,2,8,80)
w(447,4,8,80)
r(423,2,8,80)
r(58,1,8,80)
r(359,2,8,80)
w(458,2,8,80)
r(122,1,8,80)
r(480,1,8,80)
r(462,4,8,80)
w(431,3,8,80)
r(39,3,8,80)
r(532,3,8,80)
r(34,1,9,81)
r(523,3,9,81)
w(497,3,9,81)
r(513,4,9,81)
r(59,3,9,81)
w(535,2,9,81)
w(540,2,9,81)
w(515,6,9,81)
w(502,3,9,81)
r(402,2,9,81)
w(500,4,9,81)
w(529,2,9,81)
w(503,2,9,81)
w(494,3,9,81)
r(372,2,9,81)
w(526,6,9,81)
w(538,4,9,81)
r(158,5,9,81)
w(530,4,9,81)
w(527,6,9,81)
w(23,5,1,82)
w(33,5,1,82)
w(3,3,1,82)
r(153,1,1,82)
w(55,3,1,82)
w(28,3,1,82)
w(4,3,1,82)
w(59,3,1,82)
w(30,5,1,82)
r(187,4,1,82)
w(57,4,1,82)
r(201,1,1,82)
r(342,1,1,82)
w(49,3,1,82)
w(8,4,1,82)
w(9,3,1,82)
r(471,4,1,82)
r(153,1,1,82)
r(49,3,1,82)
w(12,5,1,82)
r(397,1,2,83)
r(408,1,2,83)
w(73,4,2,83)
r(153,1,2,83)
w(73,5,2,83)
r(198,1,2,83)
r(305,3,2,83)
r(396,2,2,83)
w(112,4,2,83)
r(411,1,2,83)
w(105,2,2,83)
r(288,4,2,83)
r(262,2,2,83)
r(148,3,2,83)
w(69,3,2,83)
r(401,3,2,83)
r(402,2,2,83)
r(228,2,2,83)
r(66,4,2,83)
r(48,3,2,83)
r(140,3,3,84)
r(472,4,3,84)
w(164,4,3,84)
w(127,4,3,84)
w(161,4,3,84)
r(103,1,3,84)
w(123,5,3,84)
w(129,3,3,84)
r(223,2,3,84)
r(54,5,3,84)
r(47,1,3,84)
r(258,4,3,84)
w(127,5,3,84)
w(163,3,3,84)
w(146,3,3,84)
w(158,4,3,84)
r(374,1,3,84)
w(162,3,3,84)
w(158,5,3,84)
r(241,1,3,84)
w(188,3,4,85)
w(191,3,4,85)
w(206,2,4,85)
w(231,7,4,85)
w(228,3,4,85)
w(222,3,4,85)
w(232,3,4,85)
w(193,4,4,85)
r(8,3,4,85)
r(408,2,4,85)
r(325,3,4,85)
r(491,3,4,85)
r(15,3,4,85)
r(291,4,4,85)
w(224,3,4,85)
r(38,1,4,85)
r(17,2,4,85)
r(125,4,4,85)
r(528,2,4,85)
w(193,5,4,85)
w(255,4,5,86)
r(209,1,5,86)
r(179,1,5,86)
r(365,4,5,86)
w(290,3,5,86)
w(246,4,5,86)
w(285,2,5,86)
w(283,4,5,86)
r(481,2,5,86)
w(255,5,5,86)
r(433,2,5,86)
r(357,2,5,86)
r(168,2,5,86)
w(294,2,5,86)
w(257,5,5,86)
r(254,6,5,86)
r(294,2,5,86)
r(59,2,5,86)
r(452,1,5,86)
w(275,3,5,86)
r(405,1,6,87)
w(309,2,6,87)
r(141,1,6,87)
w(320,3,6,87)
r(369,3,6,87)
r(184,2,6,87)
w(330,2,6,87)
r(147,3,6,87)
w(321,2,6,87)
r(464,2,6,87)
w(320,4,6,87)
w(338,4,6,87)
w(353,5,6,87)
w(354,5,6,87)
r(140,4,6,87)
w(310,4,6,87)
w(309,3,6,87)
r(527,5,6,87)
w(320,5,6,87)
w(350,2,6,87)
w(399,3,7,88)
r(76,3,7,88)
r(5,5,7,88)
r(346,1,7,88)
w(367,6,7,88)
w(403,3,7,88)
w(362,3,7,88)
w(407,6,7,88)
r(173,1,7,88)
r(477,2,7,88)
r(42,2,7,88)
w(390,4,7,88)
w(375,5,7,88)
r(284,2,7,88)
r(212,3,7,88)
r(386,1,7,88)
r(6,4,7,88)
r(197,2,7,88)
w(412,3,7,88)
r(481,3,7,88)
w(470,3,8,89)
r(192,1,8,89)
w(437,2,8,89)
w(470,4,8,89)
r(453,4,8,89)
r(57,3,8,89)
w(479,3,8,89)
w(430,3,8,89)
r(110,3,8,89)
r(218,2,8,89)
w(429,4,8,89)
r(412,2,8,89)
w(447,5,8,89)
r(413,5,8,89)
w(422,3,8,89)
w(467,3,8,89)
r(26,2,8,89)
r(192,1,8,89)
r(161,3,8,89)
w(455,2,8,89)
r(328,3,9,90)
w(499,2,9,90)
r(472,5,9,90)
w(484,2,9,90)
w(499,3,9,90)
r(266,1,9,90)
r(268,3,9,90)
r(69,5,9,90)
r(153,3,9,90)
r(392,1,9,90)
w(517,6,9,90)
w(485,3,9,90)
w(504,3,9,90)
w(518,2,9,90)
r(5,5,9,90)
w(506,2,9,90)
r(413,5,9,90)
r(269,3,9,90)
w(508,4,9,90)
w(493,4,9,90)
w(40,3,1,91)
r(306,4,1,91)
w(28,4,1,91)
w(38,2,1,91)
w(23,6,1,91)
w(58,2,1,91)
r(296,4,1,91)
r(461,5,1,91)
w(25,2,1,91)
r(66,6,1,91)
w(22,3,1,91)
r(477,2,1,91)
r(135,2,1,91)
r(90,1,1,91)
r(337,4,1,91)
r(478,3,1,91)
r(508,3,1,91)
w(37,4,1,91)
w(44,5,1,91)
w(20,3,1,91)
w(71,3,2,92)
w(85,4,2,92)
w(62,3,2,92)
r(71,3,2,92)
r(224,2,2,92)
r(276,2,2,92)
w(117,2,2,92)
w(102,4,2,92)
w(72,6,2,92)
r(501,1,2,92)
r(291,3,2,92)
w(83,2,2,92)
r(231,6,2,92)
r(180,1,2,92)
w(70,7,2,92)
w(63,4,2,92)
w(83,3,2,92)
r(412,2,2,92)
r(510,1,2,92)
w(66,5,2,92)
r(456,2,3,93)
w(148,4,3,93)
w(123,6,3,93)
r(500,3,3,93)
w(149,6,3,93)
r(483,1,3,93)
w(140,4,3,93)
r(178,1,3,93)
r(472,5,3,93)
w(142,2,3,93)
w(156,4,3,93)
r(293,2,3,93)
w(164,5,3,93)
w(146,4,3,93)
w(145,2,3,93)
w(149,7,3,93)
w(129,4,3,93)
r(513,4,3,93)
r(109,5,3,93)
r(97,3,3,93)
w(212,4,4,94)
r(143,3,4,94)
w(192,3,4,94)
r(435,1,4,94)
r(109,5,4,94)
r(160,2,4,94)
w(198,2,4,94)
r(467,4,4,94)
r(63,4,4,94)
r(200,2,4,94)
r(229,3,4,94)
w(224,4,4,94)
w(233,5,4,94)
r(406,1,4,94)
r(318,2,4,94)
r(36,6,4,94)
w(183,2,4,94)
r(313,2,4,94)
w(181,3,4,94)
r(250,3,4,94)
w(282,2,5,95)
w(278,2,5,95)
w(248,4,5,95)
w(290,4,5,95)
r(27,1,5,95)
r(7,2,5,95)
r(238,2,5,95)
w(248,5,5,95)
w(278,3,5,95)
w(294,3,5,95)
r(138,2,5,95)
w(263,3,5,95)
r(346,1,5,95)
w(248,6,5,95)
w(251,3,5,95)
r(523,3,5,95)
r(105,4,5,95)
r(200,2,5,95)
r(216,3,5,95)
w(264,2,5,95)
r(69,5,6,96)
r(56,3,6,96)
w(302,4,6,96)
r(523,3,6,96)
w(311,4,6,96)
w(338,5,6,96)
w(319,3,6,96)
r(101,2,6,96)
w(315,2,6,96)
r(270,4,6,96)
w(357,3,6,96)
r(131,5,6,96)
r(197,2,6,96)
r(303,3,6,96)
r(368,3,6,96)
w(351,4,6,96)
r(467,5,6,96)
w(312,3,6,96)
w(348,3,6,96)
w(306,5,6,96)
w(369,4,7,97)
r(487,1,7,97)
r(46,1,7,97)
r(106,1,7,97)
w(418,2,7,97)
w(390,5,7,97)
w(391,2,7,97)
r(486,2,7,97)
r(326,2,7,97)
w(404,4,7,97)
w(390,6,7,97)
w(408,3,7,97)
r(133,3,7,97)
r(205,2,7,97)
r(12,5,7,97)
w(415,5,7,97)
r(76,3,7,97)
w(417,4,7,97)
r(182,3,7,97)
w(419,5,7,97)
w(460,2,8,98)
r(364,1,8,98)
r(485,2,8,98)
w(431,4,8,98)
r(31,1,8,98)
w(478,3,8,98)
w(432,4,8,98)
w(422,4,8,98)
w(434,7,8,98)
r(301,2,8,98)
r(249,3,8,98)
r(219,3,8,98)
r(180,1,8,98)
w(466,4,8,98)
r(341,4,8,98)
w(424,3,8,98)
r(152,4,8,98)
w(436,4,8,98)
r(71,3,8,98)
w(455,3,8,98)
r(195,2,9,99)
w(530,5,9,99)
r(170,4,9,99)
w(488,4,9,99)
w(533,3,9,99)
w(511,3,9,99)
r(152,4,9,99)
r(77,2,9,99)
r(487,1,9,99)
r(84,6,9,99)
w(534,3,9,99)
w(536,4,9,99)
r(491,3,9,99)
r(451,3,9,99)
w(497,4,9,99)
r(434,7,9,99)
r(443,3,9,99)
r(531,1,9,99)
w(484,3,9,99)
r(113,6,9,99)
w(59,4,1,100)
w(28,5,1,100)
r(536,2,1,100)
r(535,2,1,100)
w(15,4,1,100)
w(28,6,1,100)
r(189,2,1,100)
w(8,5,1,100)
r(183,2,1,100)
r(119,2,1,100)
r(252,1,1,100)
w(45,2,1,100)
r(127,5,1,100)
w(30,6,1,100)
r(197,2,1,100)
w(32,8,1,100)
w(8,6,1,100)
r(394,4,1,100)
w(53,5,1,100)
r(230,2,1,100)
w(120,5,2,101)
r(457,2,2,101)
w(82,3,2,101)
r(180,2,2,101)
w(86,3,2,101)
w(86,4,2,101)
w(113,5,2,101)
r(77,1,2,101)
r(62,3,2,101)
w(77,2,2,101)
r(6,3,2,101)
w(115,2,2,101)
r(158,3,2,101)
r(495,1,2,101)
r(279,1,2,101)
w(112,5,2,101)
r(136,1,2,101)
w(105,3,2,101)
w(112,6,2,101)
r(420,3,2,101)
w(133,4,3,102)
w(157,3,3,102)
r(116,1,3,102)
r(413,5,3,102)
r(287,2,3,102)
r(333,2,3,102)
r(517,5,3,102)
w(170,3,3,102)
w(153,3,3,102)
r(205,2,3,102)
r(222,3,3,102)
r(70,8,3,102)
w(155,3,3,102)
r(121,4,3,102)
w(142,3,3,102)
w(128,2,3,102)
w(121,5,3,102)
r(311,3,3,102)
r(287,2,3,102)
w(148,5,3,102)
r(110,4,4,103)
r(163,3,4,103)
r(46,1,4,103)
w(200,3,4,103)
r(332,1,4,103)
w(229,4,4,103)
r(72,7,4,103)
w(194,5,4,103)
w(191,4,4,103)
r(257,6,4,103)
r(4,3,4,103)
w(224,5,4,103)
w(213,3,4,103)
r(207,3,4,103)
r(135,2,4,103)
w(199,4,4,103)
w(203,5,4,103)
r(9,3,4,103)
w(207,4,4,103)
r(200,3,4,103)
r(254,6,5,104)
w(286,6,5,104)
w(267,3,5,104)
w(251,4,5,104)
w(243,2,5,104)
w(241,2,5,104)
r(451,2,5,104)
w(256,2,5,104)
w(258,5,5,104)
r(76,3,5,104)
w(264,3,5,104)
r(293,2,5,104)
r(191,3,5,104)
w(250,4,5,104)
w(254,7,5,104)
r(17,3,5,104)
r(251,4,5,104)
r(310,3,5,104)
w(274,2,5,104)
w(291,5,5,104)
r(115,4,6,105)
r(482,2,6,105)
w(309,4,6,105)
r(184,2,6,105)
w(356,3,6,105)
w(336,5,6,105)
r(72,7,6,105)
r(334,5,6,105)
r(145,2,6,105)
w(360,4,6,105)
r(217,1,6,105)
w(306,6,6,105)
w(348,4,6,105)
r(447,5,6,105)
r(241,2,6,105)
r(283,4,6,105)
w(338,6,6,105)
w(349,4,6,105)
w(305,5,6,105)
w(319,4,6,105)
r(43,4,7,106)
w(396,3,7,106)
w(413,6,7,106)
w(419,6,7,106)
w(398,3,7,106)
r(123,6,7,106)
r(523,3,7,106)
w(375,6,7,106)
w(375,7,7,106)
r(525,3,7,106)
r(222,3,7,106)
w(389,2,7,106)
r(66,6,7,106)
w(402,3,7,106)
w(420,4,7,106)
w(378,3,7,106)
r(274,3,7,106)
r(263,3,7,106)
w(370,3,7,106)
r(218,3,7,106)
r(341,4,8,107)
r(160,2,8,107)
w(426,3,8,107)
r(207,3,8,107)
r(344,1,8,107)
r(111,1,8,107)
w(428,2,8,107)
r(154,3,8,107)
r(513,3,8,107)
w(452,2,8,107)
w(453,5,8,107)
w(472,5,8,107)
w(438,3,8,107)
r(186,3,8,107)
w(471,4,8,107)
w(467,4,8,107)
r(525,3,8,107)
r(75,5,8,107)
r(540,1,8,107)
r(425,2,8,107)
w(498,2,9,108)
w(511,4,9,108)
w(535,3,9,108)
r(249,4,9,108)
w(523,4,9,108)
r(445,1,9,108)
r(85,5,9,108)
w(495,3,9,108)
r(121,6,9,108)
w(484,4,9,108)
r(284,3,9,108)
r(139,2,9,108)
r(310,4,9,108)
r(229,4,9,108)
w(497,5,9,108)
w(539,2,9,108)
w(523,5,9,108)
r(229,4,9,108)
w(513,5,9,108)
w(508,5,9,108)
w(16,3,1,109)
w(18,7,1,109)
r(453,5,1,109)
r(168,2,1,109)
r(218,3,1,109)
r(283,4,1,109)
r(141,1,1,109)
w(14,6,1,109)
w(30,7,1,109)
w(19,5,1,109)
r(362,4,1,109)
w(59,5,1,109)
r(21,4,1,109)
w(18,8,1,109)
w(42,3,1,109)
r(96,2,1,109)
r(400,3,1,109)
w(38,3,1,109)
w(46,2,1,109)
r(249,4,1,109)
w(120,6,2,110)
r(372,2,2,110)
w(92,5,2,110)
w(97,3,2,110)
r(470,4,2,110)
w(102,5,2,110)
w(109,5,2,110)
r(241,1,2,110)
w(81,2,2,110)
w(96,2,2,110)
w(107,3,2,110)
r(31,1,2,110)
w(113,6,2,110)
w(66,6,2,110)
w(110,4,2,110)
r(289,2,2,110)
w(105,4,2,110)
w(72,7,2,110)
w(104,4,2,110)
w(68,4,2,110)
w(174,2,3,111)
r(263,3,3,111)
r(277,1,3,111)
r(56,3,3,111)
r(476,2,3,111)
r(279,1,3,111)
r(364,1,3,111)
r(15,3,3,111)
w(148,6,3,111)
r(389,2,3,111)
r(515,6,3,111)
r(73,6,3,111)
w(121,6,3,111)
r(371,3,3,111)
w(178,2,3,111)
r(398,3,3,111)
w(170,4,3,111)
r(425,2,3,111)
r(175,2,3,111)
w(136,2,3,111)
r(311,4,4,112)
w(181,4,4,112)
w(197,3,4,112)
r(136,2,4,112)
w(188,4,4,112)
w(199,5,4,112)
r(511,2,4,112)
r(503,2,4,112)
r(467,5,4,112)
r(160,2,4,112)
r(218,3,4,112)
w(181,5,4,112)
r(456,2,4,112)
r(273,6,4,112)
r(108,3,4,112)
w(239,3,4,112)
r(410,1,4,112)
r(261,2,4,112)
r(72,7,4,112)
w(206,3,4,112)
w(248,7,5,113)
w(280,4,5,113)
r(489,1,5,113)
w(290,5,5,113)
w(273,6,5,113)
r(290,5,5,113)
w(289,3,5,113)
r(103,1,5,113)
r(352,1,5,113)
w(285,3,5,113)
w(293,3,5,113)
r(506,1,5,113)
r(64,3,5,113)
w(268,2,5,113)
w(257,6,5,113)
w(274,3,5,113)
r(219,3,5,113)
w(268,3,5,113)
w(290,6,5,113)
r(267,3,5,113)
r(230,2,6,114)
w(326,3,6,114)
r(176,2,6,114)
r(286,6,6,114)
r(509,2,6,114)
r(142,3,6,114)
w(348,5,6,114)
w(345,3,6,114)
w(334,6,6,114)
r(442,1,6,114)
w(306,7,6,114)
w(345,4,6,114)
r(290,7,6,114)
w(352,2,6,114)
w(326,4,6,114)
r(67,3,6,114)
r(466,4,6,114)
r(230,2,6,114)
r(349,4,6,114)
r(131,5,6,114)
w(412,4,7,115)
w(372,3,7,115)
r(502,3,7,115)
w(378,4,7,115)
w(392,2,7,115)
w(395,4,7,115)
w(368,4,7,115)
w(401,5,7,115)
w(388,2,7,115)
w(364,2,7,115)
w(377,3,7,115)
w(362,4,7,115)
r(501,1,7,115)
w(367,7,7,115)
r(267,3,7,115)
r(220,1,7,115)
r(448,3,7,115)
w(368,5,7,115)
r(354,5,7,115)
w(383,3,7,115)
r(355,2,8,116)
w(422,5,8,116)
r(420,3,8,116)
r(149,4,8,116)
w(452,3,8,116)
r(373,1,8,116)
r(1,2,8,116)
r(272,4,8,116)
w(460,3,8,116)
r(287,2,8,116)
w(461,5,8,116)
r(274,1,8,116)
r(137,1,8,116)
w(473,4,8,116)
r(104,3,8,116)
w(423,3,8,116)
w(474,3,8,116)
r(404,3,8,116)
r(133,3,8,116)
r(154,3,8,116)
w(510,2,9,117)
r(133,4,9,117)
r(336,5,9,117)
w(516,2,9,117)
r(520,6,9,117)
r(95,2,9,117)
w(511,5,9,117)
r(481,3,9,117)
r(95,2,9,117)
r(239,3,9,117)
w(520,7,9,117)
w(536,5,9,117)
w(540,3,9,117)
w(487,2,9,117)
w(502,4,9,117)
w(499,4,9,117)
w(527,7,9,117)
r(285,3,9,117)
w(500,5,9,117)
w(531,2,9,117)
r(475,5,1,118)
w(17,4,1,118)
r(273,6,1,118)
w(19,6,1,118)
r(229,4,1,118)
r(29,2,1,118)
w(42,4,1,118)
w(44,6,1,118)
w(28,7,1,118)
r(432,4,1,118)
w(10,3,1,118)
w(15,5,1,118)
w(45,3,1,118)
w(3,4,1,118)
w(43,5,1,118)
r(334,7,1,118)
r(188,5,1,118)
w(7,3,1,118)
w(42,5,1,118)
r(233,5,1,118)
r(139,2,2,119)
w(69,4,2,119)
w(98,6,2,119)
r(485,2,2,119)
w(62,4,2,119)
r(515,5,2,119)
r(528,2,2,119)
w(105,5,2,119)
r(106,1,2,119)
w(115,3,2,119)
r(428,2,2,119)
w(104,5,2,119)
w(62,5,2,119)
r(134,2,2,119)
r(464,2,2,119)
w(115,4,2,119)
r(386,1,2,119)
r(364,1,2,119)
r(206,2,2,119)
w(100,3,2,119)
r(173,1,3,120)
w(126,2,3,120)
w(149,8,3,120)
r(371,3,3,120)
r(457,2,3,120)
w(145,3,3,120)
r(346,1,3,120)
w(164,6,3,120)
w(122,3,3,120)
w(154,5,3,120)
w(173,2,3,120)
w(133,7,3,120)
w(149,9,3,120)
r(389,2,3,120)
w(132,3,3,120)
w(162,5,3,120)
w(146,5,3,120)
r(215,4,3,120)
r(457,2,3,120)
w(123,7,3,120)
r(349,4,4,121)
r(176,2,4,121)
r(8,6,4,121)
w(188,5,4,121)
r(91,8,4,121)
r(464,2,4,121)
w(227,2,4,121)
w(240,2,4,121)
r(390,6,4,121)
r(407,6,4,121)
w(207,5,4,121)
w(208,4,4,121)
w(208,5,4,121)
w(213,4,4,121)
r(332,1,4,121)
r(536,4,4,121)
w(193,6,4,121)
r(422,5,4,121)
w(235,2,4,121)
w(217,2,4,121)
r(433,3,5,122)
w(266,2,5,122)
r(112,6,5,122)
w(284,3,5,122)
w(290,7,5,122)
w(248,8,5,122)
w(265,4,5,122)
w(281,5,5,122)
r(76,4,5,122)
r(153,3,5,122)
r(53,4,5,122)
r(128,2,5,122)
r(131,5,5,122)
w(278,4,5,122)
r(321,2,5,122)
r(533,2,5,122)
w(259,3,5,122)
r(173,1,5,122)
w(274,4,5,122)
r(245,2,5,122)
w(334,7,6,123)
r(302,4,6,123)
w(309,5,6,123)
r(430,3,6,123)
r(400,3,6,123)
r(378,4,6,123)
w(340,5,6,123)
r(9,3,6,123)
w(338,7,6,123)
r(355,2,6,123)
r(238,2,6,123)
w(319,5,6,123)
r(195,2,6,123)
w(323,4,6,123)
w(356,4,6,123)
r(242,5,6,123)
r(245,3,6,123)
r(104,6,6,123)
w(348,6,6,123)
w(337,6,6,123)
r(116,1,7,124)
r(233,5,7,124)
w(373,2,7,124)
w(393,4,7,124)
r(360,4,7,124)
w(404,5,7,124)
w(380,3,7,124)
w(393,5,7,124)
r(296,4,7,124)
r(227,1,7,124)
r(117,3,7,124)
w(393,6,7,124)
w(419,7,7,124)
r(487,1,7,124)
w(403,4,7,124)
r(361,4,7,124)
w(402,4,7,124)
w(401,6,7,124)
r(232,3,7,124)
r(449,5,7,124)
w(435,2,8,125)
w(473,5,8,125)
r(367,6,8,125)
w(444,5,8,125)
w(423,4,8,125)
w(423,5,8,125)
r(398,2,8,125)
w(433,3,8,125)
w(465,5,8,125)
r(187,4,8,125)
r(468,4,8,125)
r(75,5,8,125)
r(37,3,8,125)
r(401,4,8,125)
w(463,3,8,125)
r(400,3,8,125)
w(451,3,8,125)
r(231,7,8,125)
w(467,5,8,125)
w(443,3,8,125)
w(495,4,9,126)
r(319,6,9,126)
r(421,1,9,126)
r(428,2,9,126)
r(518,2,9,126)
w(519,5,9,126)
w(487,3,9,126)
r(133,7,9,126)
w(492,3,9,126)
w(527,8,9,126)
r(91,8,9,126)
r(218,3,9,126)
r(366,1,9,126)
w(515,7,9,126)
r(261,2,9,126)
w(483,2,9,126)
r(294,3,9,126)
r(424,5,9,126)
r(510,2,9,126)
r(187,4,9,126)
r(121,6,1,127)
r(448,3,1,127)
r(401,7,1,127)
w(25,3,1,127)
w(44,7,1,127)
r(198,2,1,127)
w(11,2,1,127)
r(432,4,1,127)
r(248,9,1,127)
r(98,7,1,127)
r(187,4,1,127)
w(10,4,1,127)
r(148,6,1,127)
w(7,4,1,127)
w(17,5,1,127)
r(262,3,1,127)
w(54,6,1,127)
r(180,2,1,127)
r(277,1,1,127)
r(420,5,1,127)
w(88,3,2,128)
w(83,4,2,128)
w(85,5,2,128)
w(70,8,2,128)
w(79,2,2,128)
r(250,4,2,128)
r(364,1,2,128)
w(78,4,2,128)
w(93,3,2,128)
r(199,3,2,128)
w(79,3,2,128)
r(26,3,2,128)
r(40,2,2,128)
w(69,5,2,128)
r(464,2,2,128)
r(197,2,2,128)
r(99,2,2,128)
r(495,2,2,128)
w(89,4,2,128)
w(65,2,2,128)
w(149,10,3,129)
r(78,6,3,129)
r(97,3,3,129)
r(441,3,3,129)
r(457,2,3,129)
r(133,7,3,129)
r(80,3,3,129)
r(452,3,3,129)
w(150,4,3,129)
w(134,3,3,129)
w(166,5,3,129)
w(125,5,3,129)
r(21,4,3,129)
r(113,6,3,129)
w(175,4,3,129)
w(124,3,3,129)
r(443,4,3,129)
r(205,2,3,129)
r(2,3,3,129)
r(467,5,3,129)
w(227,3,4,130)
w(184,3,4,130)
r(277,1,4,130)
r(265,6,4,130)
w(239,4,4,130)
r(17,4,4,130)
r(444,5,4,130)
r(470,4,4,130)
r(326,4,4,130)
w(237,5,4,130)
w(220,2,4,130)
r(464,2,4,130)
w(232,4,4,130)
r(62,7,4,130)
w(216,4,4,130)
w(208,6,4,130)
r(266,3,4,130)
w(240,3,4,130)
r(302,4,4,130)
w(231,8,4,130)
r(227,1,5,131)
r(227,1,5,131)
r(408,3,5,131)
r(5,5,5,131)
r(475,4,5,131)
w(289,4,5,131)
r(221,2,5,131)
r(425,2,5,131)
r(390,6,5,131)
r(246,4,5,131)
r(65,2,5,131)
r(433,3,5,131)
w(279,2,5,131)
w(266,3,5,131)
r(352,1,5,131)
r(463,3,5,131)
w(260,5,5,131)
w(265,5,5,131)
w(242,4,5,131)
w(282,3,5,131)
w(319,6,6,132)
w(333,4,6,132)
w(314,4,6,132)
r(29,2,6,132)
r(310,4,6,132)
r(338,7,6,132)
w(306,8,6,132)
r(298,2,6,132)
w(337,7,6,132)
r(304,5,6,132)
w(345,5,6,132)
r(316,5,6,132)
r(285,3,6,132)
w(311,5,6,132)
r(108,4,6,132)
w(339,3,6,132)
w(342,3,6,132)
r(515,6,6,132)
w(309,6,6,132)
w(349,5,6,132)
r(216,3,7,133)
w(382,3,7,133)
w(414,2,7,133)
r(26,3,7,133)
w(396,4,7,133)
r(391,2,7,133)
w(373,3,7,133)
w(361,5,7,133)
w(395,5,7,133)
w(368,6,7,133)
r(387,3,7,133)
w(408,4,7,133)
r(325,3,7,133)
r(62,7,7,133)
r(95,2,7,133)
r(536,4,7,133)
r(105,5,7,133)
r(193,6,7,133)
w(368,7,7,133)
r(147,3,7,133)
w(427,2,8,134)
r(183,2,8,134)
r(379,2,8,134)
w(447,6,8,134)
w(443,4,8,134)
w(437,3,8,134)
r(43,4,8,134)
w(473,6,8,134)
w(475,5,8,134)
w(433,4,8,134)
w(424,5,8,134)
r(264,4,8,134)
w(465,6,8,134)
w(427,3,8,134)
r(445,1,8,134)
r(455,3,8,134)
w(478,5,8,134)
w(476,4,8,134)
r(476,4,8,134)
w(466,6,8,134)
w(492,4,9,135)
r(406,1,9,135)
w(516,3,9,135)
r(248,9,9,135)
w(514,3,9,135)
w(505,2,9,135)
r(348,6,9,135)
r(275,4,9,135)
w(524,2,9,135)
w(482,3,9,135)
w(502,5,9,135)
r(372,4,9,135)
r(503,2,9,135)
r(30,7,9,135)
r(219,4,9,135)
w(483,3,9,135)
w(511,6,9,135)
w(533,4,9,135)
w(495,5,9,135)
w(502,6,9,135)
w(47,2,1,136)
w(27,3,1,136)
r(486,2,1,136)
r(486,2,1,136)
w(44,8,1,136)
w(32,9,1,136)
r(40,3,1,136)
r(286,10,1,136)
w(7,5,1,136)
r(316,6,1,136)
w(59,6,1,136)
r(293,3,1,136)
r(84,6,1,136)
r(442,1,1,136)
w(34,3,1,136)
w(13,2,1,136)
r(360,4,1,136)
r(286,10,1,136)
r(18,8,1,136)
r(213,4,1,136)
w(62,6,2,137)
w(98,7,2,137)
r(380,2,2,137)
w(87,2,2,137)
w(104,6,2,137)
r(371,3,2,137)
w(78,5,2,137)
w(76,4,2,137)
w(78,6,2,137)
r(494,3,2,137)
w(91,7,2,137)
w(107,4,2,137)
r(42,2,2,137)
r(464,2,2,137)
w(73,6,2,137)
r(286,6,2,137)
r(366,1,2,137)
r(56,3,2,137)
w(80,3,2,137)
r(359,3,2,137)
r(39,3,3,138)
w(154,6,3,138)
w(141,2,3,138)
r(278,4,3,138)
w(166,6,3,138)
w(168,3,3,138)
r(33,5,3,138)
w(125,6,3,138)
w(128,3,3,138)
r(286,10,3,138)
r(492,4,3,138)
r(434,9,3,138)
w(163,4,3,138)
r(129,4,3,138)
w(145,4,3,138)
w(159,4,3,138)
w(141,3,3,138)
r(290,7,3,138)
w(130,5,3,138)
r(480,1,3,138)
r(40,3,4,139)
w(218,4,4,139)
w(240,4,4,139)
w(236,4,4,139)
w(195,3,4,139)
w(210,3,4,139)
r(424,5,4,139)
r(193,6,4,139)
w(219,4,4,139)
r(98,7,4,139)
r(351,4,4,139)
w(238,3,4,139)
w(227,4,4,139)
w(228,4,4,139)
r(260,5,4,139)
w(235,3,4,139)
w(223,3,4,139)
r(48,3,4,139)
r(372,4,4,139)
r(401,7,4,139)
r(374,1,5,140)
w(265,6,5,140)
r(445,1,5,140)
w(245,3,5,140)
r(100,4,5,140)
w(264,4,5,140)
w(296,5,5,140)
r(328,3,5,140)
r(460,3,5,140)
w(275,4,5,140)
w(246,5,5,140)
w(276,3,5,140)
w(295,3,5,140)
w(286,7,5,140)
w(271,3,5,140)
w(286,8,5,140)
r(492,2,5,140)
w(280,5,5,140)
w(242,5,5,140)
r(457,2,5,140)
r(459,1,6,141)
w(322,4,6,141)
r(75,5,6,141)
r(97,3,6,141)
r(108,4,6,141)
r(442,1,6,141)
w(350,3,6,141)
r(376,2,6,141)
w(352,3,6,141)
r(362,4,6,141)
w(322,5,6,141)
w(303,4,6,141)
w(316,6,6,141)
r(198,2,6,141)
w(356,5,6,141)
r(341,4,6,141)
w(306,9,6,141)
r(129,4,6,141)
r(115,5,6,141)
r(253,3,6,141)
w(365,5,7,142)
w(386,2,7,142)
w(383,4,7,142)
r(91,8,7,142)
w(415,6,7,142)
w(420,5,7,142)
w(372,4,7,142)
r(280,5,7,142)
w(401,7,7,142)
w(398,4,7,142)
w(387,4,7,142)
r(43,5,7,142)
w(418,3,7,142)
w(367,8,7,142)
w(393,7,7,142)
w(395,6,7,142)
r(474,3,7,142)
r(314,4,7,142)
r(176,2,7,142)
r(58,2,7,142)
r(495,3,8,143)
r(457,2,8,143)
w(435,3,8,143)
r(331,2,8,143)
w(458,3,8,143)
w(456,3,8,143)
w(461,7,8,143)
w(479,4,8,143)
w(469,2,8,143)
w(431,6,8,143)
w(466,7,8,143)
r(539,2,8,143)
w(439,3,8,143)
w(438,4,8,143)
w(453,7,8,143)
w(444,6,8,143)
r(92,5,8,143)
r(507,1,8,143)
r(362,4,8,143)
r(14,6,8,143)
w(523,6,9,144)
r(51,3,9,144)
r(394,4,9,144)
r(234,1,9,144)
w(498,3,9,144)
r(147,3,9,144)
w(526,7,9,144)
r(519,5,9,144)
r(66,6,9,144)
r(276,4,9,144)
w(535,4,9,144)
r(472,9,9,144)
r(478,5,9,144)
r(407,6,9,144)
r(306,9,9,144)
w(508,6,9,144)
w(525,4,9,144)
w(518,3,9,144)
w(536,6,9,144)
w(498,4,9,144)
w(42,6,1,145)
w(51,5,1,145)
r(446,2,1,145)
r(408,4,1,145)
r(278,4,1,145)
w(15,6,1,145)
r(65,2,1,145)
r(329,1,1,145)
w(57,5,1,145)
w(40,4,1,145)
w(43,6,1,145)
r(11,2,1,145)
r(476,4,1,145)
r(407,6,1,145)
w(34,4,1,145)
w(47,3,1,145)
r(206,3,1,145)
w(38,4,1,145)
r(304,5,1,145)
r(162,5,1,145)
r(69,5,2,146)
r(242,3,2,146)
w(62,7,2,146)
r(487,1,2,146)
r(106,1,2,146)
w(101,3,2,146)
w(114,3,2,146)
r(357,3,2,146)
w(69,6,2,146)
w(91,8,2,146)
w(74,5,2,146)
w(117,3,2,146)
r(271,2,2,146)
w(72,8,2,146)
r(355,2,2,146)
r(196,3,2,146)
r(407,6,2,146)
r(406,1,2,146)
w(82,4,2,146)
w(100,4,2,146)
r(204,4,3,147)
w(155,4,3,147)
r(184,3,3,147)
r(501,1,3,147)
w(137,3,3,147)
r(190,2,3,147)
r(277,1,3,147)
w(152,5,3,147)
w(159,5,3,147)
w(160,3,3,147)
r(283,6,3,147)
r(447,7,3,147)
r(141,3,3,147)
r(486,2,3,147)
r(365,5,3,147)
r(414,2,3,147)
w(168,4,3,147)
w(151,3,3,147)
r(53,5,3,147)
r(484,4,3,147)
r(207,5,4,148)
w(199,6,4,148)
w(224,6,4,148)
w(219,5,4,148)
w(187,5,4,148)
r(287,3,4,148)
r(65,2,4,148)
r(443,4,4,148)
w(240,5,4,148)
w(186,4,4,148)
r(95,2,4,148)
r(439,3,4,148)
w(207,6,4,148)
r(332,1,4,148)
w(220,3,4,148)
r(361,5,4,148)
w(202,4,4,148)
w(190,2,4,148)
r(258,6,4,148)
r(58,2,4,148)
w(257,7,5,149)
w(296,6,5,149)
w(250,5,5,149)
r(460,3,5,149)
r(256,2,5,149)
w(286,9,5,149)
w(256,3,5,149)
r(332,1,5,149)
r(232,3,5,149)
w(298,2,5,149)
w(281,6,5,149)
r(29,2,5,149)
r(463,3,5,149)
r(142,3,5,149)
r(511,4,5,149)
w(273,7,5,149)
w(276,4,5,149)
r(213,4,5,149)
w(296,7,5,149)
w(248,9,5,149)
r(369,4,6,150)
r(502,6,6,150)
w(346,4,6,150)
r(434,9,6,150)
w(303,5,6,150)
r(195,3,6,150)
w(301,3,6,150)
w(313,3,6,150)
w(354,6,6,150)
w(325,4,6,150)
w(360,5,6,150)
r(150,4,6,150)
w(302,5,6,150)
r(245,3,6,150)
w(347,3,6,150)
w(301,4,6,150)
w(335,6,6,150)
w(309,7,6,150)
w(340,6,6,150)
r(17,5,6,150)
r(422,5,7,151)
r(38,3,7,151)
r(425,4,7,151)
r(479,4,7,151)
w(409,3,7,151)
w(397,2,7,151)
w(377,4,7,151)
w(371,4,7,151)
r(125,5,7,151)
r(450,2,7,151)
r(173,2,7,151)
r(341,4,7,151)
r(418,3,7,151)
r(182,3,7,151)
w(406,2,7,151)
w(383,5,7,151)
r(127,5,7,151)
r(81,2,7,151)
r(282,3,7,151)
r(422,5,7,151)
r(282,3,8,152)
w(468,6,8,152)
r(290,7,8,152)
r(334,7,8,152)
w(447,7,8,152)
r(285,3,8,152)
w(425,3,8,152)
r(317,1,8,152)
r(501,1,8,152)
w(472,9,8,152)
r(46,2,8,152)
r(429,4,8,152)
w(434,9,8,152)
w(425,4,8,152)
r(101,4,8,152)
r(343,1,8,152)
w(444,7,8,152)
r(117,5,8,152)
w(444,8,8,152)
r(452,3,8,152)
r(249,4,9,153)
r(455,6,9,153)
r(337,7,9,153)
r(277,1,9,153)
r(496,4,9,153)
r(393,7,9,153)
w(493,5,9,153)
w(525,5,9,153)
w(539,3,9,153)
w(509,3,9,153)
w(500,6,9,153)
w(529,3,9,153)
r(15,6,9,153)
w(526,8,9,153)
w(518,4,9,153)
r(177,1,9,153)
r(203,6,9,153)
r(426,3,9,153)
r(192,3,9,153)
w(490,2,9,153)
r(298,2,1,154)
r(58,2,1,154)
w(55,4,1,154)
w(57,6,1,154)
r(314,4,1,154)
w(17,6,1,154)
w(22,4,1,154)
r(524,2,1,154)
r(302,5,1,154)
r(153,3,1,154)
r(291,6,1,154)
r(495,5,1,154)
w(34,5,1,154)
r(455,6,1,154)
r(72,8,1,154)
r(482,3,1,154)
w(15,7,1,154)
w(11,3,1,154)
r(194,5,1,154)
w(51,6,1,154)
r(404,5,2,155)
r(26,3,2,155)
r(276,3,2,155)
r(133,4,2,155)
w(117,4,2,155)
r(515,6,2,155)
w(110,5,2,155)
r(311,4,2,155)
w(108,4,2,155)
r(365,4,2,155)
r(15,4,2,155)
w(101,4,2,155)
r(503,2,2,155)
r(105,5,2,155)
r(68,4,2,155)
w(117,5,2,155)
r(430,3,2,155)
r(217,1,2,155)
w(115,5,2,155)
r(490,1,2,155)
w(159,6,3,156)
w(128,4,3,156)
w(138,3,3,156)
r(279,2,3,156)
r(429,4,3,156)
w(131,7,3,156)
w(171,3,3,156)
r(202,4,3,156)
r(442,1,3,156)
w(134,4,3,156)
r(538,4,3,156)
w(175,5,3,156)
r(417,4,3,156)
w(129,5,3,156)
w(136,3,3,156)
r(291,6,3,156)
w(159,7,3,156)
w(126,3,3,156)
r(211,2,3,156)
r(171,3,3,156)
r(289,4,4,157)
r(32,9,4,157)
w(224,7,4,157)
r(10,4,4,157)
w(198,3,4,157)
w(199,7,4,157)
w(224,8,4,157)
r(432,6,4,157)
r(238,3,4,157)
r(393,7,4,157)
w(203,6,4,157)
r(428,2,4,157)
r(518,3,4,157)
r(79,3,4,157)
r(60,2,4,157)
w(238,4,4,157)
r(382,3,4,157)
r(288,5,4,157)
w(231,9,4,157)
r(502,6,4,157)
w(253,3,5,158)
r(84,6,5,158)
r(158,5,5,158)
r(14,6,5,158)
r(335,5,5,158)
r(312,3,5,158)
r(153,3,5,158)
r(336,5,5,158)
w(264,5,5,158)
w(292,4,5,158)
w(274,5,5,158)
w(291,6,5,158)
r(221,2,5,158)
r(284,3,5,158)
r(535,3,5,158)
w(286,10,5,158)
w(265,7,5,158)
w(283,5,5,158)
r(8,6,5,158)
r(414,2,5,158)
w(335,7,6,159)
r(413,6,6,159)
w(301,5,6,159)
r(113,7,6,159)
r(298,2,6,159)
r(117,7,6,159)
w(309,8,6,159)
r(401,7,6,159)
r(292,5,6,159)
w(352,4,6,159)
w(331,3,6,159)
r(266,4,6,159)
w(337,8,6,159)
r(456,3,6,159)
r(377,4,6,159)
r(167,3,6,159)
w(352,5,6,159)
w(326,5,6,159)
w(324,5,6,159)
w(344,2,6,159)
r(2,3,7,160)
r(99,2,7,160)
r(446,2,7,160)
r(177,1,7,160)
w(397,3,7,160)
r(250,5,7,160)
r(53,5,7,160)
r(179,1,7,160)
r(193,6,7,160)
r(356,5,7,160)
w(372,5,7,160)
r(181,5,7,160)
w(396,5,7,160)
w(394,5,7,160)
w(372,6,7,160)
r(366,1,7,160)
w(380,4,7,160)
r(166,6,7,160)
w(363,3,7,160)
r(527,8,7,160)
r(234,1,8,161)
w(448,5,8,161)
r(179,1,8,161)
w(430,4,8,161)
r(526,6,8,161)
w(469,3,8,161)
r(22,3,8,161)
r(479,4,8,161)
w(438,5,8,161)
r(65,2,8,161)
r(79,3,8,161)
w(455,6,8,161)
r(3,4,8,161)
r(338,7,8,161)
w(424,6,8,161)
w(451,5,8,161)
r(494,3,8,161)
r(441,3,8,161)
w(432,6,8,161)
r(388,2,8,161)
w(514,4,9,162)
r(126,3,9,162)
w(522,4,9,162)
w(496,5,9,162)
w(504,4,9,162)
r(336,5,9,162)
r(455,6,9,162)
r(179,1,9,162)
r(191,4,9,162)
w(524,3,9,162)
r(342,3,9,162)
r(317,1,9,162)
r(135,2,9,162)
r(516,3,9,162)
w(539,4,9,162)
w(493,6,9,162)
r(287,3,9,162)
w(493,7,9,162)
r(157,4,9,162)
w(535,5,9,162)
w(60,3,1,163)
w(15,8,1,163)
w(32,10,1,163)
w(56,4,1,163)
r(480,1,1,163)
w(20,4,1,163)
w(40,5,1,163)
w(21,5,1,163)
w(44,9,1,163)
w(9,4,1,163)
r(166,6,1,163)
w(3,5,1,163)
r(339,3,1,163)
w(15,9,1,163)
w(47,4,1,163)
w(22,5,1,163)
r(92,5,1,163)
w(54,7,1,163)
w(36,7,1,163)
w(41,3,1,163)
r(135,2,2,164)
r(533,3,2,164)
r(185,4,2,164)
r(367,8,2,164)
r(15,5,2,164)
w(69,7,2,164)
w(109,6,2,164)
w(62,8,2,164)
r(179,1,2,164)
w(74,6,2,164)
w(68,5,2,164)
w(113,7,2,164)
r(247,3,2,164)
r(177,1,2,164)
w(73,7,2,164)
r(473,6,2,164)
r(538,4,2,164)
r(491,3,2,164)
r(147,3,2,164)
w(107,5,2,164)
r(250,6,3,165)
r(341,4,3,165)
w(128,5,3,165)
w(157,4,3,165)
w(132,4,3,165)
r(431,6,3,165)
w(147,5,3,165)
w(147,6,3,165)
r(278,4,3,165)
w(129,6,3,165)
w(178,3,3,165)
w(142,4,3,165)
w(174,3,3,165)
r(447,7,3,165)
r(343,1,3,165)
r(496,4,3,165)
r(466,8,3,165)
w(168,5,3,165)
r(87,2,3,165)
w(174,4,3,165)
w(207,7,4,166)
r(152,5,4,166)
r(285,5,4,166)
r(57,6,4,166)
r(399,3,4,166)
r(354,6,4,166)
r(197,3,4,166)
r(38,4,4,166)
w(228,5,4,166)
r(241,2,4,166)
r(173,2,4,166)
r(285,5,4,166)
r(426,3,4,166)
w(230,3,4,166)
r(275,5,4,166)
r(438,5,4,166)
w(201,2,4,166)
r(539,3,4,166)
w(235,4,4,166)
w(222,4,4,166)
w(283,6,5,167)
r(389,2,5,167)
r(61,1,5,167)
r(357,3,5,167)
w(285,4,5,167)
r(317,1,5,167)
r(413,6,5,167)
r(77,2,5,167)
w(261,3,5,167)
w(282,4,5,167)
w(268,4,5,167)
r(150,4,5,167)
r(515,7,5,167)
w(295,4,5,167)
r(203,5,5,167)
r(522,3,5,167)
w(284,4,5,167)
w(287,3,5,167)
r(329,1,5,167)
w(258,6,5,167)
r(336,5,6,168)
w(353,6,6,168)
r(312,3,6,168)
w(310,5,6,168)
w(355,4,6,168)
r(396,5,6,168)
r(492,4,6,168)
w(351,5,6,168)
r(172,4,6,168)
w(349,6,6,168)
w(343,2,6,168)
r(143,3,6,168)
r(512,3,6,168)
w(304,6,6,168)
r(110,5,6,168)
r(266,4,6,168)
r(212,4,6,168)
w(328,4,6,168)
r(41,2,6,168)
w(303,6,6,168)
r(483,3,7,169)
w(409,4,7,169)
r(100,4,7,169)
r(271,3,7,169)
r(16,3,7,169)
w(415,7,7,169)
w(369,5,7,169)
r(101,4,7,169)
r(168,4,7,169)
w(417,5,7,169)
w(372,7,7,169)
w(362,5,7,169)
w(404,6,7,169)
w(373,4,7,169)
w(370,4,7,169)
w(381,5,7,169)
w(403,5,7,169)
w(394,6,7,169)
w(388,3,7,169)
w(372,8,7,169)
r(345,5,8,170)
w(471,7,8,170)
r(380,4,8,170)
r(265,7,8,170)
r(446,2,8,170)
r(172,4,8,170)
w(433,7,8,170)
r(196,3,8,170)
w(432,7,8,170)
w(466,8,8,170)
r(417,5,8,170)
w(437,4,8,170)
r(156,4,8,170)
r(275,5,8,170)
r(93,3,8,170)
w(445,2,8,170)
w(428,3,8,170)
r(522,3,8,170)
w(460,4,8,170)
w(465,8,8,170)
r(138,3,9,171)
r(1,2,9,171)
w(525,6,9,171)
r(363,3,9,171)
w(513,6,9,171)
w(537,5,9,171)
r(267,3,9,171)
w(527,9,9,171)
r(52,1,9,171)
r(293,3,9,171)
w(481,4,9,171)
w(492,5,9,171)
w(516,4,9,171)
r(479,4,9,171)
r(192,3,9,171)
r(449,6,9,171)
w(492,6,9,171)
w(490,3,9,171)
w(494,4,9,171)
r(339,3,9,171)
r(511,6,1,172)
w(26,4,1,172)
w(9,5,1,172)
w(60,4,1,172)
r(179,1,1,172)
w(18,9,1,172)
w(9,6,1,172)
w(50,4,1,172)
r(80,3,1,172)
r(332,1,1,172)
w(24,4,1,172)
w(55,5,1,172)
w(57,7,1,172)
r(35,3,1,172)
r(35,3,1,172)
r(116,2,1,172)
r(383,5,1,172)
r(368,7,1,172)
w(7,6,1,172)
r(421,1,1,172)
r(191,4,2,173)
w(117,6,2,173)
r(431,6,2,173)
r(507,1,2,173)
r(355,2,2,173)
w(94,5,2,173)
r(27,3,2,173)
w(81,3,2,173)
w(67,4,2,173)
w(61,2,2,173)
w(109,7,2,173)
r(436,4,2,173)
w(117,7,2,173)
r(468,6,2,173)
r(414,2,2,173)
r(364,2,2,173)
w(115,6,2,173)
r(131,5,2,173)
w(116,2,2,173)
w(71,4,2,173)
w(127,6,3,174)
r(223,3,3,174)
r(451,5,3,174)
r(235,4,3,174)
w(133,8,3,174)
w(152,6,3,174)
w(132,5,3,174)
r(463,3,3,174)
r(86,7,3,174)
r(90,1,3,174)
w(149,11,3,174)
r(232,4,3,174)
w(135,3,3,174)
r(198,3,3,174)
w(128,6,3,174)
w(167,4,3,174)
w(152,7,3,174)
w(160,4,3,174)
w(160,5,3,174)
w(142,5,3,174)
r(181,5,4,175)
w(197,4,4,175)
r(390,6,4,175)
r(495,5,4,175)
r(194,5,4,175)
w(196,4,4,175)
r(339,3,4,175)
r(231,9,4,175)
r(505,2,4,175)
r(97,3,4,175)
r(86,7,4,175)
w(190,3,4,175)
w(216,5,4,175)
w(204,5,4,175)
w(190,4,4,175)
r(114,3,4,175)
r(299,4,4,175)
w(210,4,4,175)
r(454,2,4,175)
r(15,9,4,175)
w(264,6,5,176)
r(466,7,5,176)
r(296,7,5,176)
w(248,10,5,176)
w(257,8,5,176)
w(274,6,5,176)
w(261,4,5,176)
w(275,5,5,176)
r(474,3,5,176)
w(292,5,5,176)
w(285,5,5,176)
w(257,9,5,176)
r(318,2,5,176)
r(306,9,5,176)
w(250,6,5,176)
r(263,3,5,176)
r(57,4,5,176)
r(464,2,5,176)
w(242,6,5,176)
w(266,4,5,176)
r(213,4,6,177)
r(434,9,6,177)
r(89,4,6,177)
r(475,5,6,177)
r(329,1,6,177)
w(358,4,6,177)
r(265,7,6,177)
r(420,5,6,177)
w(326,6,6,177)
r(207,7,6,177)
r(394,6,6,177)
w(321,3,6,177)
r(213,4,6,177)
w(328,5,6,177)
w(319,7,6,177)
r(200,3,6,177)
w(329,2,6,177)
w(353,7,6,177)
r(473,6,6,177)
w(307,4,6,177)
r(377,4,7,178)
r(127,5,7,178)
w(377,5,7,178)
w(411,2,7,178)
w(395,7,7,178)
w(372,9,7,178)
r(24,3,7,178)
w(388,4,7,178)
w(361,6,7,178)
r(312,3,7,178)
r(182,3,7,178)
w(365,6,7,178)
w(400,4,7,178)
r(328,4,7,178)
r(409,4,7,178)
r(32,10,7,178)
r(95,3,7,178)
w(371,5,7,178)
w(397,4,7,178)
w(392,3,7,178)
r(313,3,8,179)
w(473,7,8,179)
w(421,2,8,179)
w(480,2,8,179)
r(292,5,8,179)
w(473,8,8,179)
w(422,6,8,179)
r(526,8,8,179)
w(472,11,8,179)
r(78,7,8,179)
w(423,6,8,179)
r(534,3,8,179)
w(432,8,8,179)
r(109,7,8,179)
r(204,4,8,179)
r(530,5,8,179)
r(424,6,8,179)
w(470,5,8,179)
w(449,6,8,179)
w(476,6,8,179)
r(358,4,9,180)
w(527,10,9,180)
w(539,5,9,180)
w(522,5,9,180)
w(504,5,9,180)
w(505,3,9,180)
r(414,2,9,180)
w(533,5,9,180)
r(52,1,9,180)
r(157,4,9,180)
r(422,6,9,180)
r(1,2,9,180)
r(73,7,9,180)
w(495,6,9,180)
w(485,4,9,180)
r(58,3,9,180)
r(481,4,9,180)
r(375,7,9,180)
r(117,7,9,180)
w(490,4,9,180)
w(39,4,1,181)
r(379,2,1,181)
w(6,5,1,181)
r(78,7,1,181)
r(217,2,1,181)
w(4,4,1,181)
r(213,4,1,181)
r(48,3,1,181)
r(308,3,1,181)
w(16,4,1,181)
w(10,5,1,181)
w(39,5,1,181)
w(35,4,1,181)
r(28,7,1,181)
r(79,4,1,181)
w(58,3,1,181)
w(47,5,1,181)
w(11,4,1,181)
w(3,6,1,181)
r(480,2,1,181)
w(91,9,2,182)
w(118,3,2,182)
r(65,2,2,182)
r(58,2,2,182)
r(535,4,2,182)
r(178,2,2,182)
w(74,7,2,182)
r(462,4,2,182)
r(20,3,2,182)
r(33,5,2,182)
w(74,8,2,182)
w(69,8,2,182)
w(98,8,2,182)
r(43,6,2,182)
w(102,6,2,182)
w(74,9,2,182)
r(460,3,2,182)
w(72,9,2,182)
r(314,4,2,182)
w(86,5,2,182)
r(140,4,3,183)
r(517,6,3,183)
r(204,5,3,183)
w(171,4,3,183)
w(146,6,3,183)
w(141,4,3,183)
w(150,5,3,183)
w(166,7,3,183)
r(210,4,3,183)
r(12,5,3,183)
w(158,6,3,183)
r(232,4,3,183)
w(180,3,3,183)
r(218,4,3,183)
r(504,4,3,183)
w(167,5,3,183)
r(531,2,3,183)
r(302,5,3,183)
w(146,7,3,183)
r(127,6,3,183)
r(344,2,4,184)
r(246,5,4,184)
r(117,7,4,184)
r(55,5,4,184)
r(254,8,4,184)
r(530,5,4,184)
r(118,3,4,184)
r(48,3,4,184)
r(442,1,4,184)
w(226,3,4,184)
w(205,3,4,184)
r(338,7,4,184)
r(148,6,4,184)
r(279,3,4,184)
w(220,4,4,184)
r(119,2,4,184)
w(216,6,4,184)
w(213,5,4,184)
w(232,5,4,184)
r(424,6,4,184)
r(530,5,5,185)
w(272,5,5,185)
r(360,5,5,185)
r(142,3,5,185)
r(74,9,5,185)
w(275,6,5,185)
r(78,6,5,185)
r(439,3,5,185)
w(263,4,5,185)
w(264,7,5,185)
w(296,8,5,185)
r(10,4,5,185)
r(162,5,5,185)
w(274,7,5,185)
r(291,6,5,185)
r(104,6,5,185)
r(171,3,5,185)
w(295,5,5,185)
r(320,5,5,185)
w(257,10,5,185)
r(103,1,6,186)
r(261,4,6,186)
r(387,4,6,186)
r(241,2,6,186)
w(315,3,6,186)
w(360,6,6,186)
r(483,3,6,186)
r(409,4,6,186)
r(471,7,6,186)
w(353,8,6,186)
w(325,5,6,186)
w(317,2,6,186)
r(384,4,6,186)
w(326,7,6,186)
r(120,6,6,186)
w(318,3,6,186)
r(428,3,6,186)
w(352,6,6,186)
w(303,7,6,186)
r(273,7,6,186)
r(295,5,7,187)
w(378,5,7,187)
w(381,6,7,187)
r(352,6,7,187)
r(490,3,7,187)
r(504,4,7,187)
w(404,7,7,187)
w(417,6,7,187)
r(318,3,7,187)
r(233,5,7,187)
r(197,4,7,187)
w(381,7,7,187)
w(380,5,7,187)
w(404,8,7,187)
r(221,2,7,187)
r(59,6,7,187)
r(94,5,7,187)
r(69,8,7,187)
r(41,3,7,187)
r(410,1,7,187)
r(133,8,8,188)
w(479,6,8,188)
w(432,11,8,188)
r(468,6,8,188)
w(480,3,8,188)
w(458,4,8,188)
w(438,6,8,188)
r(507,1,8,188)
r(225,4,8,188)
w(430,5,8,188)
w(435,4,8,188)
r(101,4,8,188)
w(427,4,8,188)
r(44,9,8,188)
w(477,3,8,188)
r(177,1,8,188)
r(506,2,8,188)
w(450,3,8,188)
r(253,4,8,188)
r(17,6,8,188)
w(499,5,9,189)
r(145,4,9,189)
w(500,7,9,189)
w(508,7,9,189)
r(493,7,9,189)
w(485,5,9,189)
r(31,1,9,189)
w(488,5,9,189)
r(517,6,9,189)
r(88,3,9,189)
r(252,2,9,189)
r(462,4,9,189)
r(277,1,9,189)
r(371,5,9,189)
r(436,4,9,189)
r(192,3,9,189)
r(413,6,9,189)
w(536,7,9,189)
r(182,3,9,189)
r(99,2,9,189)
w(19,7,1,190)
r(115,7,1,190)
r(38,4,1,190)
r(137,3,1,190)
w(30,8,1,190)
r(522,5,1,190)
w(38,5,1,190)
r(357,3,1,190)
w(57,8,1,190)
r(486,2,1,190)
w(51,7,1,190)
r(532,4,1,190)
w(4,5,1,190)
w(56,5,1,190)
w(32,11,1,190)
r(22,5,1,190)
r(54,7,1,190)
r(230,3,1,190)
w(60,5,1,190)
r(273,8,1,190)
r(279,2,2,191)
w(63,5,2,191)
r(44,9,2,191)
r(345,5,2,191)
w(95,3,2,191)
r(131,7,2,191)
r(151,3,2,191)
r(367,8,2,191)
r(521,2,2,191)
w(78,7,2,191)
r(327,2,2,191)
w(67,5,2,191)
w(79,4,2,191)
r(61,2,2,191)
r(489,1,2,191)
w(86,6,2,191)
w(86,7,2,191)
r(142,4,2,191)
r(241,2,2,191)
w(111,2,2,191)
w(127,7,3,192)
r(70,8,3,192)
w(155,5,3,192)
r(152,7,3,192)
w(141,5,3,192)
w(162,6,3,192)
w(132,6,3,192)
w(122,4,3,192)
r(316,6,3,192)
w(178,4,3,192)
w(172,5,3,192)
r(499,5,3,192)
r(264,7,3,192)
w(144,5,3,192)
w(156,5,3,192)
r(526,8,3,192)
r(471,7,3,192)
r(422,6,3,192)
w(160,6,3,192)
r(182,4,3,192)
w(190,5,4,193)
w(223,4,4,193)
r(355,4,4,193)
r(128,6,4,193)
r(421,2,4,193)
r(435,3,4,193)
w(186,5,4,193)
r(62,9,4,193)
r(130,5,4,193)
r(192,3,4,193)
r(293,3,4,193)
r(259,3,4,193)
r(260,5,4,193)
r(335,7,4,193)
w(222,5,4,193)
w(182,4,4,193)
r(185,4,4,193)
r(103,1,4,193)
r(422,6,4,193)
r(433,7,4,193)
r(28,7,5,194)
w(247,4,5,194)
r(31,1,5,194)
w(271,4,5,194)
r(444,8,5,194)
w(296,9,5,194)
w(300,3,5,194)
w(262,4,5,194)
r(78,7,5,194)
w(254,8,5,194)
w(296,10,5,194)
r(539,4,5,194)
w(257,11,5,194)
r(517,6,5,194)
r(475,5,5,194)
w(279,3,5,194)
w(288,6,5,194)
r(20,4,5,194)
w(294,4,5,194)
r(359,3,5,194)
w(301,6,6,195)
r(400,4,6,195)
w(329,3,6,195)
w(323,5,6,195)
r(534,3,6,195)
w(311,6,6,195)
r(401,7,6,195)
r(92,5,6,195)
r(37,4,6,195)
w(304,7,6,195)
w(322,6,6,195)
r(244,2,6,195)
w(353,9,6,195)
w(343,3,6,195)
r(95,3,6,195)
r(78,7,6,195)
r(120,6,6,195)
r(86,7,6,195)
w(345,6,6,195)
r(472,11,6,195)
w(412,5,7,196)
w(366,2,7,196)
r(65,3,7,196)
w(411,3,7,196)
r(399,3,7,196)
r(18,9,7,196)
r(386,2,7,196)
w(375,8,7,196)
r(481,4,7,196)
r(415,7,7,196)
r(176,2,7,196)
r(132,5,7,196)
r(494,4,7,196)
w(381,8,7,196)
w(417,7,7,196)
w(387,5,7,196)
r(510,2,7,196)
r(262,5,7,196)
r(425,4,7,196)
r(441,3,7,196)
w(466,9,8,197)
w(449,8,8,197)
w(466,10,8,197)
r(249,4,8,197)
w(475,6,8,197)
r(357,3,8,197)
w(454,4,8,197)
w(447,8,8,197)
w(468,7,8,197)
w(464,3,8,197)
r(181,5,8,197)
w(471,8,8,197)
r(114,3,8,197)
r(378,5,8,197)
w(478,6,8,197)
w(433,8,8,197)
r(82,5,8,197)
w(426,6,8,197)
w(444,9,8,197)
r(417,7,8,197)
r(73,7,9,198)
w(488,6,9,198)
r(287,4,9,198)
r(462,4,9,198)
w(530,6,9,198)
w(516,5,9,198)
w(505,4,9,198)
r(529,3,9,198)
r(378,5,9,198)
r(488,6,9,198)
w(536,8,9,198)
w(509,4,9,198)
w(505,5,9,198)
w(484,5,9,198)
w(537,6,9,198)
w(536,9,9,198)
r(512,3,9,198)
r(52,1,9,198)
w(528,3,9,198)
r(170,4,9,198)
w(48,4,1,199)
r(532,4,1,199)
w(23,7,1,199)
r(132,6,1,199)
w(36,8,1,199)
w(18,10,1,199)
r(258,6,1,199)
w(11,5,1,199)
r(245,4,1,199)
r(48,4,1,199)
r(477,3,1,199)
r(430,5,1,199)
r(327,2,1,199)
w(34,6,1,199)
r(292,5,1,199)
r(235,4,1,199)
w(20,5,1,199)
r(205,3,1,199)
w(44,10,1,199)
w(59,7,1,199)
r(439,3,2,200)
w(71,5,2,200)
w(82,5,2,200)
w(71,6,2,200)
r(219,5,2,200)
r(280,5,2,200)
r(41,3,2,200)
r(368,7,2,200)
r(57,7,2,200)
r(520,7,2,200)
w(115,7,2,200)
r(461,7,2,200)
w(65,3,2,200)
r(489,1,2,200)
w(87,3,2,200)
r(504,4,2,200)
r(10,5,2,200)
w(116,3,2,200)
w(83,5,2,200)
r(370,4,2,200)
r(187,5,3,201)
r(354,6,3,201)
r(442,1,3,201)
w(146,8,3,201)
w(147,7,3,201)
w(158,7,3,201)
w(132,7,3,201)
w(152,8,3,201)
r(207,8,3,201)
r(373,4,3,201)
r(64,3,3,201)
r(76,4,3,201)
w(179,2,3,201)
r(186,5,3,201)
w(174,5,3,201)
w(165,4,3,201)
r(478,6,3,201)
w(172,6,3,201)
w(134,5,3,201)
w(147,8,3,201)
r(180,3,4,202)
r(351,6,4,202)
r(131,7,4,202)
r(35,4,4,202)
w(224,9,4,202)
r(305,5,4,202)
w(183,3,4,202)
w(196,5,4,202)
w(220,5,4,202)
r(454,2,4,202)
w(207,8,4,202)
w(184,4,4,202)
r(169,3,4,202)
w(188,6,4,202)
w(232,6,4,202)
r(418,3,4,202)
r(287,4,4,202)
r(284,4,4,202)
r(323,5,4,202)
r(230,3,4,202)
w(256,4,5,203)
r(181,5,5,203)
w(251,5,5,203)
r(286,10,5,203)
r(66,6,5,203)
w(270,5,5,203)
w(300,4,5,203)
w(283,7,5,203)
w(262,5,5,203)
w(245,4,5,203)
w(285,6,5,203)
w(287,4,5,203)
w(280,6,5,203)
r(190,4,5,203)
w(242,7,5,203)
r(96,2,5,203)
w(296,11,5,203)
w(273,8,5,203)
w(252,2,5,203)
w(243,3,5,203)
w(306,10,6,204)
r(224,8,6,204)
w(351,6,6,204)
r(12,5,6,204)
w(322,7,6,204)
w(324,6,6,204)
w(322,8,6,204)
r(114,3,6,204)
r(27,3,6,204)
w(307,5,6,204)
w(318,4,6,204)
w(330,3,6,204)
w(337,9,6,204)
r(32,11,6,204)
w(308,4,6,204)
w(332,2,6,204)
w(304,8,6,204)
w(316,7,6,204)
r(314,4,6,204)
r(502,6,6,204)
w(386,3,7,205)
w(392,4,7,205)
w(375,9,7,205)
r(123,7,7,205)
w(396,6,7,205)
w(382,4,7,205)
r(378,5,7,205)
w(406,3,7,205)
w(406,4,7,205)
r(162,6,7,205)
w(384,5,7,205)
r(405,1,7,205)
w(402,5,7,205)
w(365,7,7,205)
w(410,2,7,205)
w(409,5,7,205)
w(406,5,7,205)
w(393,8,7,205)
w(419,8,7,205)
r(402,5,7,205)
w(471,9,8,206)
r(143,3,8,206)
w(454,5,8,206)
w(454,6,8,206)
r(157,4,8,206)
r(236,4,8,206)
r(167,5,8,206)
r(122,4,8,206)
r(40,5,8,206)
w(469,4,8,206)
r(539,5,8,206)
r(77,2,8,206)
w(432,12,8,206)
r(466,10,8,206)
r(385,2,8,206)
w(461,8,8,206)
r(225,4,8,206)
r(469,4,8,206)
r(227,4,8,206)
r(453,7,8,206)
w(522,6,9,207)
r(127,7,9,207)
r(68,6,9,207)
w(484,6,9,207)
r(197,4,9,207)
w(521,3,9,207)
w(482,4,9,207)
w(536,10,9,207)
r(92,6,9,207)
w(527,11,9,207)
r(255,5,9,207)
r(108,6,9,207)
r(210,4,9,207)
r(440,3,9,207)
r(89,4,9,207)
w(525,7,9,207)
w(527,12,9,207)
r(387,5,9,207)
w(513,7,9,207)
r(449,8,9,207)
w(21,6,1,208)
w(6,6,1,208)
r(392,4,1,208)
w(19,8,1,208)
r(126,3,1,208)
w(28,8,1,208)
w(24,5,1,208)
r(159,7,1,208)
r(242,8,1,208)
r(461,7,1,208)
w(18,11,1,208)
r(424,6,1,208)
r(354,7,1,208)
r(143,3,1,208)
w(56,6,1,208)
w(55,6,1,208)
w(4,6,1,208)
w(55,7,1,208)
r(60,5,1,208)
w(37,5,1,208)
w(95,4,2,209)
w(68,6,2,209)
w(108,5,2,209)
r(336,5,2,209)
w(80,4,2,209)
r(270,5,2,209)
w(116,4,2,209)
r(46,2,2,209)
r(15,9,2,209)
w(83,6,2,209)
w(62,9,2,209)
w(106,2,2,209)
r(44,9,2,209)
r(503,2,2,209)
r(469,3,2,209)
r(268,4,2,209)
r(495,6,2,209)
r(446,2,2,209)
r(502,6,2,209)
r(417,6,2,209)
w(125,7,3,210)
r(40,5,3,210)
r(143,3,3,210)
w(128,7,3,210)
r(445,2,3,210)
r(175,5,3,210)
w(144,6,3,210)
w(142,6,3,210)
r(341,4,3,210)
w(148,7,3,210)
r(481,4,3,210)
r(493,7,3,210)
r(290,7,3,210)
r(384,5,3,210)
r(404,8,3,210)
w(139,3,3,210)
r(439,3,3,210)
r(464,3,3,210)
r(400,4,3,210)
r(293,3,3,210)
r(369,6,4,211)
r(256,4,4,211)
r(408,4,4,211)
r(223,4,4,211)
r(278,4,4,211)
r(59,7,4,211)
r(1,2,4,211)
r(305,5,4,211)
w(226,4,4,211)
r(497,5,4,211)
r(19,8,4,211)
r(48,4,4,211)
w(216,7,4,211)
r(421,2,4,211)
r(485,5,4,211)
w(213,6,4,211)
r(45,3,4,211)
r(136,3,4,211)
w(230,4,4,211)
w(188,7,4,211)
r(317,2,5,212)
r(267,3,5,212)
w(241,3,5,212)
r(117,7,5,212)
r(401,7,5,212)
r(120,6,5,212)
w(298,3,5,212)
r(107,5,5,212)
w(243,4,5,212)
r(134,4,5,212)
r(540,3,5,212)
r(42,6,5,212)
r(296,11,5,212)
w(267,4,5,212)
r(526,8,5,212)
w(299,5,5,212)
w(254,9,5,212)
w(253,4,5,212)
w(242,8,5,212)
w(270,6,5,212)
w(356,6,6,213)
w(306,11,6,213)
w(342,4,6,213)
w(322,9,6,213)
w(354,7,6,213)
w(333,5,6,213)
r(502,6,6,213)
w(308,5,6,213)
w(312,4,6,213)
w(313,4,6,213)
r(65,4,6,213)
r(304,8,6,213)
r(277,1,6,213)
r(224,9,6,213)
w(302,6,6,213)
w(337,10,6,213)
w(318,5,6,213)
w(355,5,6,213)
r(3,6,6,213)
w(314,5,6,213)
w(402,6,7,214)
w(376,3,7,214)
w(417,8,7,214)
w(385,2,7,214)
w(409,6,7,214)
w(394,7,7,214)
r(196,5,7,214)
w(397,5,7,214)
w(396,7,7,214)
r(344,2,7,214)
w(401,8,7,214)
r(283,7,7,214)
w(369,6,7,214)
w(417,9,7,214)
w(416,5,7,214)
w(419,9,7,214)
r(396,7,7,214)
w(414,3,7,214)
w(381,9,7,214)
r(233,5,7,214)
r(45,3,8,215)
w(433,9,8,215)
w(430,6,8,215)
w(463,4,8,215)
r(457,2,8,215)
r(405,2,8,215)
w(471,10,8,215)
r(385,2,8,215)
w(458,5,8,215)
r(309,8,8,215)
r(397,5,8,215)
w(444,10,8,215)
w(458,6,8,215)
r(137,3,8,215)
w(449,9,8,215)
r(16,4,8,215)
w(429,5,8,215)
w(458,7,8,215)
w(432,13,8,215)
w(421,3,8,215)
r(341,4,9,216)
r(320,5,9,216)
w(517,7,9,216)
r(534,3,9,216)
w(525,8,9,216)
r(112,6,9,216)
w(491,4,9,216)
r(110,6,9,216)
w(498,5,9,216)
r(375,10,9,216)
r(26,4,9,216)
r(179,2,9,216)
r(415,7,9,216)
r(187,5,9,216)
r(522,6,9,216)
w(502,7,9,216)
r(518,4,9,216)
r(392,4,9,216)
r(315,3,9,216)
w(535,6,9,216)
r(32,11,1,217)
r(493,7,1,217)
r(91,9,1,217)
w(20,6,1,217)
r(274,7,1,217)
w(3,7,1,217)
r(306,11,1,217)
w(40,6,1,217)
w(41,4,1,217)
w(43,7,1,217)
r(396,8,1,217)
w(51,8,1,217)
r(260,5,1,217)
r(527,12,1,217)
w(50,5,1,217)
r(357,3,1,217)
w(44,11,1,217)
w(52,2,1,217)
r(51,8,1,217)
r(168,5,1,217)
w(108,6,2,218)
w(72,10,2,218)
w(86,8,2,218)
w(75,6,2,218)
w(95,5,2,218)
r(269,3,2,218)
w(111,3,2,218)
r(251,5,2,218)
r(342,3,2,218)
w(99,3,2,218)
r(307,4,2,218)
w(105,6,2,218)
w(72,11,2,218)
r(48,3,2,218)
w(65,4,2,218)
r(256,4,2,218)
w(109,8,2,218)
w(103,2,2,218)
w(106,3,2,218)
r(357,3,2,218)
r(362,5,3,219)
r(236,4,3,219)
r(243,4,3,219)
w(153,4,3,219)
w(160,7,3,219)
r(273,8,3,219)
w(179,3,3,219)
w(126,4,3,219)
r(343,3,3,219)
w(164,7,3,219)
w(153,5,3,219)
w(126,5,3,219)
w(132,8,3,219)
r(395,7,3,219)
r(507,1,3,219)
r(141,5,3,219)
w(162,7,3,219)
r(478,6,3,219)
r(53,5,3,219)
w(157,5,3,219)
w(204,6,4,220)
w(197,5,4,220)
w(228,6,4,220)
r(262,5,4,220)
w(217,3,4,220)
w(207,9,4,220)
r(113,8,4,220)
r(449,8,4,220)
w(226,5,4,220)
r(29,2,4,220)
r(407,7,4,220)
w(237,7,4,220)
w(230,5,4,220)
r(39,5,4,220)
w(192,4,4,220)
r(178,4,4,220)
w(198,4,4,220)
w(206,4,4,220)
r(239,4,4,220)
w(226,6,4,220)
w(299,6,5,221)
r(160,6,5,221)
w(263,5,5,221)
w(248,11,5,221)
r(260,5,5,221)
r(159,7,5,221)
w(263,6,5,221)
w(263,7,5,221)
w(286,11,5,221)
r(153,3,5,221)
w(269,4,5,221)
w(267,5,5,221)
w(258,7,5,221)
r(109,8,5,221)
w(264,8,5,221)
r(406,5,5,221)
w(286,12,5,221)
r(252,2,5,221)
w(292,6,5,221)
w(257,12,5,221)
w(358,5,6,222)
w(308,6,6,222)
r(160,6,6,222)
r(442,1,6,222)
r(238,4,6,222)
w(360,7,6,222)
r(369,6,6,222)
r(17,6,6,222)
r(452,3,6,222)
r(392,4,6,222)
r(330,3,6,222)
w(323,6,6,222)
w(331,4,6,222)
w(311,7,6,222)
w(353,10,6,222)
w(310,6,6,222)
r(533,5,6,222)
w(319,8,6,222)
r(326,7,6,222)
w(327,3,6,222)
r(424,6,7,223)
w(407,7,7,223)
w(396,8,7,223)
w(398,5,7,223)
r(109,8,7,223)
r(68,6,7,223)
r(247,4,7,223)
w(361,7,7,223)
w(375,10,7,223)
w(405,2,7,223)
r(297,4,7,223)
w(381,10,7,223)
w(364,3,7,223)
r(479,6,7,223)
w(368,8,7,223)
r(226,4,7,223)
r(208,6,7,223)
r(379,2,7,223)
r(401,8,7,223)
r(473,8,7,223)
r(88,5,8,224)
w(450,4,8,224)
r(534,3,8,224)
r(247,4,8,224)
r(128,7,8,224)
r(436,4,8,224)
r(435,4,8,224)
w(478,7,8,224)
r(530,6,8,224)
r(524,4,8,224)
r(221,2,8,224)
w(440,5,8,224)
w(428,4,8,224)
r(99,5,8,224)
r(63,5,8,224)
r(344,2,8,224)
r(193,6,8,224)
r(10,6,8,224)
w(421,4,8,224)
w(440,6,8,224)
r(343,3,9,225)
w(524,4,9,225)
r(313,4,9,225)
w(525,9,9,225)
w(506,3,9,225)
w(514,5,9,225)
w(516,6,9,225)
r(128,7,9,225)
w(509,5,9,225)
w(527,13,9,225)
r(172,6,9,225)
r(79,5,9,225)
r(354,7,9,225)
r(308,6,9,225)
r(10,5,9,225)
r(67,5,9,225)
w(496,6,9,225)
r(60,5,9,225)
r(408,4,9,225)
w(482,5,9,225)
r(309,9,1,226)
w(15,10,1,226)
r(377,5,1,226)
w(8,7,1,226)
r(535,6,1,226)
w(25,4,1,226)
w(33,6,1,226)
w(29,3,1,226)
r(37,5,1,226)
r(337,10,1,226)
w(31,2,1,226)
w(18,12,1,226)
w(58,4,1,226)
r(397,5,1,226)
w(43,8,1,226)
w(47,6,1,226)
w(22,6,1,226)
r(534,3,1,226)
w(38,6,1,226)
w(10,6,1,226)
r(324,6,2,227)
w(115,8,2,227)
w(94,6,2,227)
w(78,8,2,227)
w(61,3,2,227)
w(97,4,2,227)
w(119,3,2,227)
r(170,4,2,227)
w(106,4,2,227)
r(154,6,2,227)
w(87,4,2,227)
w(98,9,2,227)
w(85,6,2,227)
w(85,7,2,227)
w(92,6,2,227)
r(422,6,2,227)
r(277,1,2,227)
w(62,10,2,227)
r(374,1,2,227)
r(521,2,2,227)
r(150,5,3,228)
r(416,5,3,228)
w(137,4,3,228)
r(482,4,3,228)
r(7,6,3,228)
r(11,5,3,228)
w(135,4,3,228)
w(134,6,3,228)
r(360,7,3,228)
w(138,4,3,228)
w(151,4,3,228)
r(28,8,3,228)
r(352,7,3,228)
r(122,4,3,228)
r(217,3,3,228)
r(407,8,3,228)
r(49,3,3,228)
w(126,6,3,228)
w(155,6,3,228)
r(69,8,3,228)
r(312,5,4,229)
w(234,2,4,229)
r(136,3,4,229)
r(495,6,4,229)
w(199,8,4,229)
r(229,4,4,229)
r(142,6,4,229)
r(497,5,4,229)
w(195,4,4,229)
w(187,6,4,229)
r(25,4,4,229)
w(214,6,4,229)
r(207,9,4,229)
w(204,7,4,229)
w(224,10,4,229)
r(343,3,4,229)
w(196,6,4,229)
w(228,7,4,229)
r(124,3,4,229)
w(236,5,4,229)
r(483,3,5,230)
r(433,8,5,230)
w(270,7,5,230)
r(501,1,5,230)
r(239,4,5,230)
w(255,6,5,230)
w(242,9,5,230)
r(61,3,5,230)
r(297,3,5,230)
w(295,6,5,230)
w(282,5,5,230)
w(255,7,5,230)
r(263,7,5,230)
r(442,1,5,230)
w(263,8,5,230)
w(297,4,5,230)
r(434,9,5,230)
r(119,4,5,230)
r(99,3,5,230)
w(263,9,5,230)
w(311,8,6,231)
w(312,5,6,231)
w(327,4,6,231)
r(111,3,6,231)
w(329,4,6,231)
w(351,7,6,231)
r(534,3,6,231)
w(349,7,6,231)
r(249,4,6,231)
w(309,9,6,231)
w(321,4,6,231)
w(321,5,6,231)
w(325,6,6,231)
w(341,6,6,231)
w(326,8,6,231)
w(352,7,6,231)
r(166,7,6,231)
r(515,7,6,231)
r(463,4,6,231)
w(347,4,6,231)
r(32,11,7,232)
w(407,8,7,232)
w(382,5,7,232)
w(401,9,7,232)
r(76,5,7,232)
w(391,3,7,232)
r(259,3,7,232)
w(380,6,7,232)
r(367,8,7,232)
w(367,9,7,232)
w(388,5,7,232)
r(43,7,7,232)
r(531,2,7,232)
w(400,5,7,232)
w(411,4,7,232)
w(401,10,7,232)
w(399,4,7,232)
w(387,6,7,232)
r(197,5,7,232)
r(60,5,7,232)
w(472,12,8,233)
r(489,1,8,233)
r(184,4,8,233)
w(432,14,8,233)
r(23,7,8,233)
w(424,9,8,233)
w(468,8,8,233)
w(480,4,8,233)
w(426,7,8,233)
r(338,7,8,233)
r(331,4,8,233)
w(430,7,8,233)
w(479,7,8,233)
r(222,5,8,233)
r(393,8,8,233)
w(472,13,8,233)
r(58,4,8,233)
r(69,8,8,233)
r(372,9,8,233)
r(374,1,8,233)
r(508,7,9,234)
w(498,6,9,234)
w(508,8,9,234)
w(534,4,9,234)
w(501,2,9,234)
w(504,6,9,234)
w(509,6,9,234)
w(510,3,9,234)
r(475,6,9,234)
w(533,6,9,234)
w(487,4,9,234)
r(284,4,9,234)
w(483,4,9,234)
w(490,5,9,234)
w(505,6,9,234)
r(242,10,9,234)
r(480,3,9,234)
w(539,6,9,234)
w(520,8,9,234)
w(495,7,9,234)
r(535,6,1,235)
w(45,4,1,235)
r(109,8,1,235)
r(488,6,1,235)
r(384,5,1,235)
w(29,4,1,235)
r(137,4,1,235)
r(161,4,1,235)
r(225,4,1,235)
r(534,4,1,235)
r(434,9,1,235)
r(128,7,1,235)
r(253,4,1,235)
r(243,4,1,235)
w(2,4,1,235)
w(14,7,1,235)
r(9,6,1,235)
w(60,6,1,235)
r(401,10,1,235)
w(23,8,1,235)
r(345,6,2,236)
w(78,9,2,236)
w(81,4,2,236)
r(316,7,2,236)
w(76,5,2,236)
w(70,9,2,236)
w(101,5,2,236)
r(458,4,2,236)
w(119,4,2,236)
w(110,6,2,236)
r(51,7,2,236)
w(93,4,2,236)
r(306,11,2,236)
w(117,8,2,236)
r(111,3,2,236)
w(72,12,2,236)
r(22,5,2,236)
r(528,3,2,236)
r(259,3,2,236)
r(536,9,2,236)
w(130,6,3,237)
w(122,5,3,237)
w(147,9,3,237)
w(154,7,3,237)
r(463,4,3,237)
w(136,4,3,237)
w(135,5,3,237)
w(169,4,3,237)
w(143,4,3,237)
w(180,4,3,237)
r(117,8,3,237)
r(502,7,3,237)
r(186,5,3,237)
w(169,5,3,237)
w(160,8,3,237)
r(138,4,3,237)
w(160,9,3,237)
w(179,4,3,237)
w(160,10,3,237)
r(49,3,3,237)
w(219,6,4,238)
r(351,7,4,238)
r(121,6,4,238)
w(193,7,4,238)
w(189,3,4,238)
r(256,4,4,238)
w(229,5,4,238)
w(215,5,4,238)
r(155,6,4,238)
r(176,2,4,238)
w(185,5,4,238)
w(195,5,4,238)
r(406,7,4,238)
r(255,7,4,238)
r(168,5,4,238)
w(200,4,4,238)
r(217,3,4,238)
w(191,5,4,238)
w(199,9,4,238)
r(528,3,4,238)
w(272,6,5,239)
w(283,8,5,239)
w(280,7,5,239)
r(481,4,5,239)
r(393,8,5,239)
r(471,9,5,239)
w(269,5,5,239)
r(498,5,5,239)
r(336,5,5,239)
r(9,6,5,239)
w(287,5,5,239)
w(281,7,5,239)
r(416,5,5,239)
w(269,6,5,239)
w(245,5,5,239)
r(89,5,5,239)
w(275,7,5,239)
w(281,8,5,239)
r(82,5,5,239)
r(11,5,5,239)
w(309,10,6,240)
w(329,5,6,240)
r(360,7,6,240)
w(336,6,6,240)
w(317,3,6,240)
w(335,8,6,240)
r(61,4,6,240)
w(329,6,6,240)
w(343,4,6,240)
r(309,10,6,240)
w(321,6,6,240)
r(501,2,6,240)
r(18,12,6,240)
w(329,7,6,240)
w(343,5,6,240)
w(357,4,6,240)
w(342,5,6,240)
r(501,2,6,240)
w(329,8,6,240)
w(342,6,6,240)
r(524,4,7,241)
r(512,3,7,241)
w(411,5,7,241)
w(392,5,7,241)
r(362,5,7,241)
r(427,4,7,241)
w(366,3,7,241)
r(208,6,7,241)
w(389,3,7,241)
w(395,8,7,241)
w(390,7,7,241)
r(6,6,7,241)
w(377,6,7,241)
w(406,6,7,241)
r(153,5,7,241)
r(156,5,7,241)
w(362,6,7,241)
w(406,7,7,241)
r(500,7,7,241)
w(397,6,7,241)
w(481,5,9,242)
w(500,8,9,242)
w(510,4,9,242)
w(499,6,9,242)
w(537,7,9,242)
r(225,4,9,242)
w(500,9,9,242)
w(511,7,9,242)
r(351,7,9,242)
w(521,4,9,242)
w(484,7,9,242)
r(304,8,9,242)
w(510,5,9,242)
r(399,4,9,242)
w(530,7,9,242)
r(109,8,9,242)
r(405,2,9,242)
w(529,4,9,242)
r(209,1,9,242)
r(485,5,9,242)
r(348,6,1,243)
r(27,3,1,243)
w(36,9,1,243)
r(515,7,1,243)
w(6,7,1,243)
w(45,5,1,243)
w(16,5,1,243)
r(527,13,1,243)
r(151,4,1,243)
r(262,6,1,243)
w(29,5,1,243)
w(22,7,1,243)
w(43,9,1,243)
w(33,7,1,243)
r(477,3,1,243)
w(16,6,1,243)
r(171,4,1,243)
w(40,7,1,243)
w(39,6,1,243)
r(169,5,1,243)
w(120,7,2,244)
w(116,5,2,244)
r(70,9,2,244)
w(61,4,2,244)
w(88,4,2,244)
r(23,7,2,244)
w(102,7,2,244)
w(75,7,2,244)
w(84,7,2,244)
w(73,8,2,244)
w(89,5,2,244)
w(99,4,2,244)
w(88,5,2,244)
w(81,5,2,244)
r(477,3,2,244)
w(113,8,2,244)
w(93,5,2,244)
r(399,3,2,244)
w(96,3,2,244)
w(99,5,2,244)
w(173,3,3,245)
w(176,4,3,245)
r(176,4,3,245)
r(393,8,3,245)
r(128,7,3,245)
r(494,4,3,245)
w(158,8,3,245)
r(159,7,3,245)
r(478,7,3,245)
r(74,10,3,245)
r(47,6,3,245)
r(430,7,3,245)
r(182,5,3,245)
w(179,5,3,245)
w(163,5,3,245)
w(134,7,3,245)
r(425,4,3,245)
w(176,5,3,245)
w(171,5,3,245)
w(153,6,3,245)
w(217,4,4,246)
r(66,6,4,246)
w(208,7,4,246)
w(189,4,4,246)
r(92,8,4,246)
w(222,6,4,246)
w(201,3,4,246)
w(223,5,4,246)
r(167,5,4,246)
w(206,5,4,246)
w(182,5,4,246)
w(229,6,4,246)
w(198,5,4,246)
r(502,7,4,246)
w(200,5,4,246)
w(216,8,4,246)
r(355,5,4,246)
r(324,6,4,246)
w(210,6,4,246)
w(240,6,4,246)
w(271,5,5,247)
w(252,3,5,247)
w(270,8,5,247)
w(254,10,5,247)
r(533,5,5,247)
r(37,5,5,247)
r(328,5,5,247)
w(245,6,5,247)
w(294,5,5,247)
w(286,13,5,247)
r(456,3,5,247)
w(295,7,5,247)
r(365,7,5,247)
w(242,10,5,247)
w(272,7,5,247)
w(252,4,5,247)
w(241,4,5,247)
w(260,6,5,247)
r(305,5,5,247)
w(262,6,5,247)
w(322,10,6,248)
r(92,8,6,248)
w(343,6,6,248)
r(255,7,6,248)
r(294,5,6,248)
w(307,6,6,248)
w(335,9,6,248)
w(347,5,6,248)
r(409,6,6,248)
w(326,9,6,248)
w(301,7,6,248)
w(351,8,6,248)
w(333,6,6,248)
w(340,7,6,248)
w(305,6,6,248)
r(240,6,6,248)
r(55,7,6,248)
r(181,5,6,248)
w(349,8,6,248)
r(400,5,6,248)
w(385,3,7,249)
r(385,3,7,249)
r(439,3,7,249)
w(377,7,7,249)
w(370,5,7,249)
w(370,6,7,249)
r(126,6,7,249)
r(277,1,7,249)
r(319,8,7,249)
r(71,6,7,249)
r(348,6,7,249)
r(110,7,7,249)
r(384,5,7,249)
w(410,3,7,249)
r(324,6,7,249)
r(14,7,7,249)
w(412,6,7,249)
w(411,6,7,249)
w(372,10,7,249)
r(530,6,7,249)
r(152,8,9,250)
w(488,7,9,250)
w(513,8,9,250)
w(517,8,9,250)
w(535,7,9,250)
w(517,9,9,250)
w(489,2,9,250)
r(381,10,9,250)
w(521,5,9,250)
w(529,5,9,250)
r(375,10,9,250)
r(323,6,9,250)
w(531,3,9,250)
r(163,5,9,250)
r(140,4,9,250)
r(409,6,9,250)
w(488,8,9,250)
r(418,3,9,250)
r(118,3,9,250)
w(483,5,9,250)
w(7,7,1,251)
w(47,7,1,251)
r(362,6,1,251)
w(30,9,1,251)
r(458,7,1,251)
r(97,5,1,251)
r(210,7,1,251)
w(26,5,1,251)
w(35,5,1,251)
w(45,6,1,251)
w(12,6,1,251)
w(13,3,1,251)
r(504,6,1,251)
r(511,7,1,251)
w(6,8,1,251)
w(41,5,1,251)
r(46,2,1,251)
w(17,7,1,251)
w(36,10,1,251)
w(46,3,1,251)
w(112,7,2,252)
w(84,8,2,252)
w(110,7,2,252)
w(87,5,2,252)
w(89,6,2,252)
w(113,9,2,252)
w(79,5,2,252)
w(92,7,2,252)
r(238,4,2,252)
r(160,7,2,252)
w(97,5,2,252)
w(120,8,2,252)
r(513,7,2,252)
w(100,5,2,252)
r(371,5,2,252)
w(74,10,2,252)
r(211,2,2,252)
w(94,7,2,252)
r(357,3,2,252)
r(89,6,2,252)
r(10,6,4,253)
w(213,7,4,253)
w(189,5,4,253)
r(315,3,4,253)
w(228,8,4,253)
w(210,7,4,253)
w(213,8,4,253)
w(187,7,4,253)
w(231,10,4,253)
r(247,4,4,253)
r(124,3,4,253)
r(340,7,4,253)
r(376,3,4,253)
r(467,5,4,253)
r(2,4,4,253)
r(215,5,4,253)
r(199,9,4,253)
w(231,11,4,253)
r(232,6,4,253)
w(191,6,4,253)
r(202,4,5,254)
r(37,5,5,254)
r(267,5,5,254)
r(480,4,5,254)
w(287,6,5,254)
r(143,4,5,254)
r(455,6,5,254)
w(256,5,5,254)
w(243,5,5,254)
r(108,7,5,254)
r(391,3,5,254)
r(28,8,5,254)
w(254,11,5,254)
w(274,8,5,254)
r(252,4,5,254)
w(283,9,5,254)
w(287,7,5,254)
r(451,5,5,254)
w(279,4,5,254)
w(277,2,5,254)
w(334,8,6,255)
r(256,5,6,255)
r(154,7,6,255)
w(336,7,6,255)
r(324,6,6,255)
r(444,10,6,255)
r(280,7,6,255)
r(233,5,6,255)
r(199,9,6,255)
r(478,7,6,255)
r(420,5,6,255)
w(313,5,6,255)
r(262,6,6,255)
w(317,4,6,255)
w(339,4,6,255)
w(323,7,6,255)
w(333,7,6,255)
r(224,10,6,255)
w(337,11,6,255)
r(444,10,6,255)
w(365,8,7,256)
w(395,9,7,256)
w(382,6,7,256)
r(375,10,7,256)
w(386,4,7,256)
r(363,3,7,256)
w(383,6,7,256)
r(451,5,7,256)
w(407,9,7,256)
r(196,6,7,256)
w(396,9,7,256)
w(417,10,7,256)
w(397,7,7,256)
w(378,6,7,256)
r(357,4,7,256)
r(224,10,7,256)
w(391,4,7,256)
r(153,6,7,256)
r(411,6,7,256)
r(16,6,7,256)
r(194,5,9,257)
w(529,6,9,257)
w(498,7,9,257)
r(539,6,9,257)
r(94,7,9,257)
r(148,7,9,257)
w(500,10,9,257)
w(538,5,9,257)
w(530,8,9,257)
r(82,5,9,257)
r(482,5,9,257)
r(20,6,9,257)
r(504,6,9,257)
w(486,3,9,257)
w(484,8,9,257)
w(503,3,9,257)
w(510,6,9,257)
w(528,4,9,257)
r(59,7,9,257)
r(100,5,9,257)
r(290,7,2,258)
r(404,8,2,258)
r(224,9,2,258)
r(72,12,2,258)
r(184,4,2,258)
w(75,8,2,258)
w(92,8,2,258)
r(9,6,2,258)
w(114,4,2,258)
w(76,6,2,258)
w(77,3,2,258)
r(500,7,2,258)
r(403,5,2,258)
w(96,4,2,258)
r(150,5,2,258)
w(105,7,2,258)
w(108,7,2,258)
w(81,6,2,258)
w(89,7,2,258)
r(92,8,2,258)
r(123,7,5,259)
w(295,8,5,259)
w(290,8,5,259)
w(244,3,5,259)
w(274,9,5,259)
r(330,3,5,259)
r(157,5,5,259)
r(421,4,5,259)
w(291,7,5,259)
r(183,3,5,259)
r(540,3,5,259)
r(222,6,5,259)
r(12,5,5,259)
w(266,5,5,259)
r(76,6,5,259)
r(370,6,5,259)
r(220,5,5,259)
w(254,12,5,259)
r(419,9,5,259)
w(277,3,5,259)
r(196,6,7,260)
r(314,5,7,260)
r(383,6,7,260)
r(430,7,7,260)
w(419,10,7,260)
w(371,6,7,260)
r(195,5,7,260)
r(182,5,7,260)
r(265,7,7,260)
w(394,8,7,260)
r(457,2,7,260)
w(392,6,7,260)
w(407,10,7,260)
r(242,10,7,260)
r(318,5,7,260)
w(397,8,7,260)
r(375,10,7,260)
w(411,7,7,260)
r(457,2,7,260)
r(496,6,7,260)
