w(1,1,0,0)
w(2,1,0,0)
w(3,1,0,0)
w(4,1,0,0)
w(5,1,0,0)
w(6,1,0,0)
w(7,1,0,0)
w(8,1,0,0)
w(9,1,0,0)
w(10,1,0,0)
w(11,1,0,0)
w(12,1,0,0)
w(13,1,0,0)
w(14,1,0,0)
w(15,1,0,0)
w(16,1,0,0)
w(17,1,0,0)
w(18,1,0,0)
w(19,1,0,0)
w(20,1,0,0)
w(21,1,0,0)
w(22,1,0,0)
w(23,1,0,0)
w(24,1,0,0)
w(25,1,0,0)
w(26,1,0,0)
w(27,1,0,0)
w(28,1,0,0)
w(29,1,0,0)
w(30,1,0,0)
w(31,1,0,0)
w(32,1,0,0)
w(33,1,0,0)
w(34,1,0,0)
w(35,1,0,0)
w(36,1,0,0)
w(37,1,0,0)
w(38,1,0,0)
w(39,1,0,0)
w(40,1,0,0)
w(41,1,0,0)
w(42,1,0,0)
w(43,1,0,0)
w(44,1,0,0)
w(45,1,0,0)
w(46,1,0,0)
w(47,1,0,0)
w(48,1,0,0)
w(49,1,0,0)
w(50,1,0,0)
w(51,1,0,0)
w(52,1,0,0)
w(53,1,0,0)
w(54,1,0,0)
w(55,1,0,0)
w(56,1,0,0)
w(57,1,0,0)
w(58,1,0,0)
w(59,1,0,0)
w(60,1,0,0)
w(61,1,0,0)
w(62,1,0,0)
w(63,1,0,0)
w(64,1,0,0)
w(65,1,0,0)
w(66,1,0,0)
w(67,1,0,0)
w(68,1,0,0)
w(69,1,0,0)
w(70,1,0,0)
w(71,1,0,0)
w(72,1,0,0)
w(73,1,0,0)
w(74,1,0,0)
w(75,1,0,0)
w(76,1,0,0)
w(77,1,0,0)
w(78,1,0,0)
w(79,1,0,0)
w(80,1,0,0)
w(81,1,0,0)
w(82,1,0,0)
w(83,1,0,0)
w(84,1,0,0)
w(85,1,0,0)
w(86,1,0,0)
w(87,1,0,0)
w(88,1,0,0)
w(89,1,0,0)
w(90,1,0,0)
w(91,1,0,0)
w(92,1,0,0)
w(93,1,0,0)
w(94,1,0,0)
w(95,1,0,0)
w(96,1,0,0)
w(97,1,0,0)
w(98,1,0,0)
w(99,1,0,0)
w(100,1,0,0)
w(101,1,0,0)
w(102,1,0,0)
w(103,1,0,0)
w(104,1,0,0)
w(105,1,0,0)
w(106,1,0,0)
w(107,1,0,0)
w(108,1,0,0)
w(109,1,0,0)
w(110,1,0,0)
w(111,1,0,0)
w(112,1,0,0)
w(113,1,0,0)
w(114,1,0,0)
w(115,1,0,0)
w(116,1,0,0)
w(117,1,0,0)
w(118,1,0,0)
w(119,1,0,0)
w(120,1,0,0)
w(121,1,0,0)
w(122,1,0,0)
w(123,1,0,0)
w(124,1,0,0)
w(125,1,0,0)
w(126,1,0,0)
w(127,1,0,0)
w(128,1,0,0)
w(129,1,0,0)
w(130,1,0,0)
w(131,1,0,0)
w(132,1,0,0)
w(133,1,0,0)
w(134,1,0,0)
w(135,1,0,0)
w(136,1,0,0)
w(137,1,0,0)
w(138,1,0,0)
w(139,1,0,0)
w(140,1,0,0)
w(141,1,0,0)
w(142,1,0,0)
w(143,1,0,0)
w(144,1,0,0)
w(145,1,0,0)
w(146,1,0,0)
w(147,1,0,0)
w(148,1,0,0)
w(149,1,0,0)
w(150,1,0,0)
w(151,1,0,0)
w(152,1,0,0)
w(153,1,0,0)
w(154,1,0,0)
w(155,1,0,0)
w(156,1,0,0)
w(157,1,0,0)
w(158,1,0,0)
w(159,1,0,0)
w(160,1,0,0)
w(161,1,0,0)
w(162,1,0,0)
w(163,1,0,0)
w(164,1,0,0)
w(165,1,0,0)
w(166,1,0,0)
w(167,1,0,0)
w(168,1,0,0)
w(169,1,0,0)
w(170,1,0,0)
w(171,1,0,0)
w(172,1,0,0)
w(173,1,0,0)
w(174,1,0,0)
w(175,1,0,0)
w(176,1,0,0)
w(177,1,0,0)
w(178,1,0,0)
w(179,1,0,0)
w(180,1,0,0)
w(181,1,0,0)
w(182,1,0,0)
w(183,1,0,0)
w(184,1,0,0)
w(185,1,0,0)
w(186,1,0,0)
w(187,1,0,0)
w(188,1,0,0)
w(189,1,0,0)
w(190,1,0,0)
w(191,1,0,0)
w(192,1,0,0)
w(193,1,0,0)
w(194,1,0,0)
w(195,1,0,0)
w(196,1,0,0)
w(197,1,0,0)
w(198,1,0,0)
w(199,1,0,0)
w(200,1,0,0)
w(201,1,0,0)
w(202,1,0,0)
w(203,1,0,0)
w(204,1,0,0)
w(205,1,0,0)
w(206,1,0,0)
w(207,1,0,0)
w(208,1,0,0)
w(209,1,0,0)
w(210,1,0,0)
w(211,1,0,0)
w(212,1,0,0)
w(213,1,0,0)
w(214,1,0,0)
w(215,1,0,0)
w(216,1,0,0)
w(217,1,0,0)
w(218,1,0,0)
w(219,1,0,0)
w(220,1,0,0)
w(221,1,0,0)
w(222,1,0,0)
w(223,1,0,0)
w(224,1,0,0)
w(225,1,0,0)
w(226,1,0,0)
w(227,1,0,0)
w(228,1,0,0)
w(229,1,0,0)
w(230,1,0,0)
w(231,1,0,0)
w(232,1,0,0)
w(233,1,0,0)
w(234,1,0,0)
w(235,1,0,0)
w(236,1,0,0)
w(237,1,0,0)
w(238,1,0,0)
w(239,1,0,0)
w(240,1,0,0)
w(241,1,0,0)
w(242,1,0,0)
w(243,1,0,0)
w(244,1,0,0)
w(245,1,0,0)
w(246,1,0,0)
w(247,1,0,0)
w(248,1,0,0)
w(249,1,0,0)
w(250,1,0,0)
w(251,1,0,0)
w(252,1,0,0)
w(253,1,0,0)
w(254,1,0,0)
w(255,1,0,0)
w(256,1,0,0)
w(257,1,0,0)
w(258,1,0,0)
w(259,1,0,0)
w(260,1,0,0)
w(261,1,0,0)
w(262,1,0,0)
w(263,1,0,0)
w(264,1,0,0)
w(265,1,0,0)
w(266,1,0,0)
w(267,1,0,0)
w(268,1,0,0)
w(269,1,0,0)
w(270,1,0,0)
w(271,1,0,0)
w(272,1,0,0)
w(273,1,0,0)
w(274,1,0,0)
w(275,1,0,0)
w(276,1,0,0)
w(277,1,0,0)
w(278,1,0,0)
w(279,1,0,0)
w(280,1,0,0)
w(281,1,0,0)
w(282,1,0,0)
w(283,1,0,0)
w(284,1,0,0)
w(285,1,0,0)
w(286,1,0,0)
w(287,1,0,0)
w(288,1,0,0)
w(289,1,0,0)
w(290,1,0,0)
w(291,1,0,0)
w(292,1,0,0)
w(293,1,0,0)
w(294,1,0,0)
w(295,1,0,0)
w(296,1,0,0)
w(297,1,0,0)
w(298,1,0,0)
w(299,1,0,0)
w(300,1,0,0)
w(301,1,0,0)
w(302,1,0,0)
w(303,1,0,0)
w(304,1,0,0)
w(305,1,0,0)
w(306,1,0,0)
w(307,1,0,0)
w(308,1,0,0)
w(309,1,0,0)
w(310,1,0,0)
w(311,1,0,0)
w(312,1,0,0)
w(313,1,0,0)
w(314,1,0,0)
w(315,1,0,0)
w(316,1,0,0)
w(317,1,0,0)
w(318,1,0,0)
w(319,1,0,0)
w(320,1,0,0)
w(321,1,0,0)
w(322,1,0,0)
w(323,1,0,0)
w(324,1,0,0)
w(325,1,0,0)
w(326,1,0,0)
w(327,1,0,0)
w(328,1,0,0)
w(329,1,0,0)
w(330,1,0,0)
w(331,1,0,0)
w(332,1,0,0)
w(333,1,0,0)
w(334,1,0,0)
w(335,1,0,0)
w(336,1,0,0)
w(337,1,0,0)
w(338,1,0,0)
w(339,1,0,0)
w(340,1,0,0)
w(341,1,0,0)
w(342,1,0,0)
w(343,1,0,0)
w(344,1,0,0)
w(345,1,0,0)
w(346,1,0,0)
w(347,1,0,0)
w(348,1,0,0)
w(349,1,0,0)
w(350,1,0,0)
w(351,1,0,0)
w(352,1,0,0)
w(353,1,0,0)
w(354,1,0,0)
w(355,1,0,0)
w(356,1,0,0)
w(357,1,0,0)
w(358,1,0,0)
w(359,1,0,0)
w(360,1,0,0)
w(361,1,0,0)
w(362,1,0,0)
w(363,1,0,0)
w(364,1,0,0)
w(365,1,0,0)
w(366,1,0,0)
w(367,1,0,0)
w(368,1,0,0)
w(369,1,0,0)
w(370,1,0,0)
w(371,1,0,0)
w(372,1,0,0)
w(373,1,0,0)
w(374,1,0,0)
w(375,1,0,0)
w(376,1,0,0)
w(377,1,0,0)
w(378,1,0,0)
w(379,1,0,0)
w(380,1,0,0)
w(381,1,0,0)
w(382,1,0,0)
w(383,1,0,0)
w(384,1,0,0)
w(385,1,0,0)
w(386,1,0,0)
w(387,1,0,0)
w(388,1,0,0)
w(389,1,0,0)
w(390,1,0,0)
w(391,1,0,0)
w(392,1,0,0)
w(393,1,0,0)
w(394,1,0,0)
w(395,1,0,0)
w(396,1,0,0)
w(397,1,0,0)
w(398,1,0,0)
w(399,1,0,0)
w(400,1,0,0)
w(401,1,0,0)
w(402,1,0,0)
w(403,1,0,0)
w(404,1,0,0)
w(405,1,0,0)
w(406,1,0,0)
w(407,1,0,0)
w(408,1,0,0)
w(409,1,0,0)
w(410,1,0,0)
w(411,1,0,0)
w(412,1,0,0)
w(413,1,0,0)
w(414,1,0,0)
w(415,1,0,0)
w(416,1,0,0)
w(417,1,0,0)
w(418,1,0,0)
w(419,1,0,0)
w(420,1,0,0)
w(421,1,0,0)
w(422,1,0,0)
w(423,1,0,0)
w(424,1,0,0)
w(425,1,0,0)
w(426,1,0,0)
w(427,1,0,0)
w(428,1,0,0)
w(429,1,0,0)
w(430,1,0,0)
w(431,1,0,0)
w(432,1,0,0)
w(433,1,0,0)
w(434,1,0,0)
w(435,1,0,0)
w(436,1,0,0)
w(437,1,0,0)
w(438,1,0,0)
w(439,1,0,0)
w(440,1,0,0)
w(441,1,0,0)
w(442,1,0,0)
w(443,1,0,0)
w(444,1,0,0)
w(445,1,0,0)
w(446,1,0,0)
w(447,1,0,0)
w(448,1,0,0)
w(449,1,0,0)
w(450,1,0,0)
w(451,1,0,0)
w(452,1,0,0)
w(453,1,0,0)
w(454,1,0,0)
w(455,1,0,0)
w(456,1,0,0)
w(457,1,0,0)
w(458,1,0,0)
w(459,1,0,0)
w(460,1,0,0)
w(461,1,0,0)
w(462,1,0,0)
w(463,1,0,0)
w(464,1,0,0)
w(465,1,0,0)
w(466,1,0,0)
w(467,1,0,0)
w(468,1,0,0)
w(469,1,0,0)
w(470,1,0,0)
w(471,1,0,0)
w(472,1,0,0)
w(473,1,0,0)
w(474,1,0,0)
w(475,1,0,0)
w(476,1,0,0)
w(477,1,0,0)
w(478,1,0,0)
w(479,1,0,0)
r(361,1,1,1)
w(16,2,1,1)
r(42,1,1,1)
r(41,1,1,1)
w(24,2,1,1)
w(14,2,1,1)
w(323,2,1,1)
w(153,2,1,1)
r(442,1,1,1)
w(186,2,1,1)
r(239,1,1,1)
w(161,2,1,1)
r(71,1,1,1)
r(216,1,1,1)
w(154,2,1,1)
r(14,2,1,1)
r(54,1,1,1)
r(253,1,1,1)
r(218,1,1,1)
r(245,1,1,1)
r(434,1,2,2)
r(233,1,2,2)
w(17,4,2,2)
r(195,1,2,2)
w(295,2,2,2)
r(241,1,2,2)
w(252,4,2,2)
w(351,2,2,2)
r(23,1,2,2)
r(389,1,2,2)
w(246,2,2,2)
r(10,1,2,2)
w(284,2,2,2)
r(234,1,2,2)
w(193,4,2,2)
r(419,1,2,2)
w(238,4,2,2)
w(467,2,2,2)
w(442,2,2,2)
r(220,1,2,2)
w(172,6,3,3)
r(205,1,3,3)
w(462,2,3,3)
w(262,2,3,3)
w(349,6,3,3)
r(215,1,3,3)
r(372,1,3,3)
r(29,1,3,3)
w(212,2,3,3)
r(181,1,3,3)
w(221,4,3,3)
r(469,1,3,3)
w(268,6,3,3)
w(109,4,3,3)
r(402,1,3,3)
r(338,1,3,3)
w(475,3,4,4)
w(85,4,4,4)
r(329,1,4,4)
r(47,1,4,4)
w(418,4,4,4)
w(67,2,4,4)
w(336,3,4,4)
r(386,1,4,4)
r(66,1,4,4)
w(291,3,4,4)
w(26,3,4,4)
r(193,1,4,4)
w(403,4,4,4)
w(224,6,4,4)
r(323,1,4,4)
w(294,3,4,4)
r(305,1,4,4)
w(53,5,4,4)
r(430,1,4,4)
w(265,4,4,4)
r(212,1,5,5)
r(222,1,5,5)
w(185,3,5,5)
r(55,1,5,5)
w(166,3,5,5)
r(356,1,5,5)
r(131,1,5,5)
w(469,6,5,5)
r(244,1,5,5)
r(13,1,5,5)
w(397,3,5,5)
r(31,1,5,5)
w(273,4,5,5)
r(56,1,5,5)
w(197,6,5,5)
w(256,5,5,5)
w(278,3,5,5)
w(166,5,5,5)
r(70,1,5,5)
w(375,3,5,5)
r(459,1,6,6)
r(1,1,6,6)
r(195,1,6,6)
w(185,7,6,6)
r(433,1,6,6)
w(473,4,6,6)
r(259,1,6,6)
r(194,1,6,6)
w(407,3,6,6)
w(12,2,1,7)
r(4,1,1,7)
r(223,1,1,7)
r(278,3,1,7)
w(311,2,1,7)
r(421,1,1,7)
w(447,2,1,7)
w(54,2,1,7)
w(314,2,1,7)
w(64,2,1,7)
r(444,1,1,7)
w(293,2,1,7)
r(88,1,1,7)
w(289,2,1,7)
w(458,2,1,7)
w(290,2,1,7)
w(328,2,1,7)
r(228,1,1,7)
w(62,2,1,7)
w(457,2,1,7)
w(31,2,2,8)
w(421,2,2,8)
w(428,2,2,8)
w(160,4,2,8)
w(42,4,2,8)
r(391,1,2,8)
w(387,2,2,8)
w(34,2,2,8)
r(415,1,2,8)
r(103,1,2,8)
w(404,2,2,8)
w(32,4,2,8)
r(153,2,2,8)
w(386,4,2,8)
w(73,4,2,8)
w(175,2,2,8)
r(471,1,2,8)
w(411,2,2,8)
w(12,4,2,8)
r(150,1,2,8)
r(456,1,3,9)
r(319,1,3,9)
r(109,1,3,9)
w(460,6,3,9)
w(373,4,3,9)
r(76,1,3,9)
r(100,1,3,9)
r(404,1,3,9)
w(106,4,3,9)
w(429,2,3,9)
r(226,1,3,9)
w(370,7,3,9)
r(178,1,3,9)
r(41,1,3,9)
w(362,6,3,9)
w(396,4,3,9)
w(458,4,3,9)
w(438,2,3,9)
w(109,6,3,9)
w(78,6,3,9)
r(433,1,4,10)
w(402,6,4,10)
w(267,4,4,10)
r(56,1,4,10)
r(466,1,4,10)
w(211,6,4,10)
w(73,5,4,10)
r(297,1,4,10)
r(183,1,4,10)
w(196,2,4,10)
r(466,1,4,10)
r(410,1,4,10)
r(240,1,4,10)
w(397,4,4,10)
r(354,1,4,10)
r(248,1,4,10)
w(66,4,4,10)
r(407,1,4,10)
r(120,1,4,10)
w(225,3,4,10)
r(452,1,5,11)
r(222,1,5,11)
w(93,2,5,11)
r(129,1,5,11)
w(479,4,5,11)
r(364,1,5,11)
w(71,3,5,11)
r(443,1,5,11)
w(131,3,5,11)
w(318,5,5,11)
w(204,6,5,11)
r(18,1,5,11)
w(175,6,5,11)
r(173,1,5,11)
w(148,6,5,11)
r(111,1,5,11)
r(202,1,5,11)
r(245,1,5,11)
r(270,1,5,11)
w(29,5,5,11)
w(145,6,6,12)
w(69,6,6,12)
r(292,1,6,12)
w(228,6,6,12)
w(220,3,6,12)
w(439,5,6,12)
r(403,4,6,12)
w(341,4,6,12)
w(247,3,6,12)
r(434,1,6,12)
r(216,1,6,12)
r(422,1,6,12)
r(34,2,6,12)
r(476,1,6,12)
r(335,1,6,12)
w(161,5,6,12)
w(462,3,6,12)
r(427,1,6,12)
r(136,1,6,12)
r(285,1,6,12)
w(461,2,1,13)
r(240,1,1,13)
w(290,4,1,13)
w(97,2,1,13)
r(449,1,1,13)
w(263,2,1,13)
r(477,1,1,13)
r(107,1,1,13)
r(147,1,1,13)
w(173,2,1,13)
w(356,2,1,13)
w(299,2,1,13)
w(317,2,1,13)
w(350,2,1,13)
w(233,2,1,13)
w(339,2,1,13)
r(75,1,1,13)
w(110,2,1,13)
r(260,1,1,13)
r(7,1,1,13)
r(235,1,2,14)
w(410,4,2,14)
w(278,2,2,14)
w(361,2,2,14)
r(357,1,2,14)
r(188,1,2,14)
r(238,4,2,14)
w(270,2,2,14)
r(343,1,2,14)
r(253,1,2,14)
r(317,2,2,14)
w(468,2,2,14)
w(444,2,2,14)
r(363,1,2,14)
r(205,1,2,14)
w(461,6,2,14)
w(337,6,2,14)
r(250,1,2,14)
w(80,2,2,14)
r(125,1,2,14)
w(300,6,3,15)
r(184,1,3,15)
r(306,1,3,15)
w(10,6,3,15)
w(198,4,3,15)
r(337,1,3,15)
w(202,4,3,15)
w(200,2,3,15)
w(297,4,3,15)
w(73,6,3,15)
r(81,1,3,15)
w(133,2,3,15)
r(459,1,3,15)
w(460,3,3,15)
r(367,1,3,15)
r(108,1,3,15)
r(257,1,3,15)
w(277,3,3,15)
w(149,6,3,15)
w(200,4,3,15)
w(400,5,4,16)
w(111,2,4,16)
r(391,1,4,16)
w(183,6,4,16)
w(74,4,4,16)
r(112,1,4,16)
w(426,3,4,16)
w(175,4,4,16)
w(39,6,4,16)
r(453,1,4,16)
r(62,2,4,16)
w(389,5,4,16)
r(250,1,4,16)
r(20,1,4,16)
r(51,1,4,16)
w(96,2,4,16)
r(164,1,4,16)
w(195,4,4,16)
r(201,1,4,16)
w(354,6,4,16)
w(165,4,5,17)
r(422,1,5,17)
r(97,2,5,17)
w(296,7,5,17)
w(210,4,5,17)
r(316,1,5,17)
w(192,2,5,17)
w(373,5,5,17)
r(231,1,5,17)
w(262,6,5,17)
r(383,1,5,17)
w(302,3,5,17)
r(2,1,5,17)
r(164,1,5,17)
w(454,6,5,17)
w(231,3,5,17)
r(64,2,5,17)
w(385,6,5,17)
r(324,1,5,17)
r(387,2,5,17)
w(38,5,6,18)
w(410,3,6,18)
w(420,6,6,18)
w(338,6,6,18)
w(345,3,6,18)
w(237,4,6,18)
r(62,2,6,18)
w(118,2,6,18)
w(285,4,6,18)
r(196,2,6,18)
w(129,5,6,18)
w(156,6,6,18)
r(76,1,6,18)
w(162,5,6,18)
w(451,7,6,18)
r(173,2,6,18)
w(17,6,6,18)
w(435,3,6,18)
r(374,1,6,18)
r(61,1,6,18)
w(228,2,1,19)
w(130,2,1,19)
w(53,2,1,19)
w(172,2,1,19)
w(205,2,1,19)
w(375,2,1,19)
r(173,2,1,19)
w(392,2,1,19)
r(82,1,1,19)
r(470,1,1,19)
r(40,1,1,19)
w(414,2,1,19)
w(331,2,1,19)
r(440,1,1,19)
r(209,1,1,19)
r(155,1,1,19)
r(411,2,1,19)
r(479,4,1,19)
w(213,2,1,19)
r(373,5,1,19)
r(194,1,2,20)
w(434,6,2,20)
w(296,3,2,20)
w(22,2,2,20)
w(437,4,2,20)
r(453,1,2,20)
w(437,6,2,20)
r(437,6,2,20)
r(33,1,2,20)
r(304,1,2,20)
r(128,1,2,20)
w(450,4,2,20)
w(299,4,2,20)
r(457,2,2,20)
r(205,2,2,20)
r(432,1,2,20)
w(31,4,2,20)
w(116,2,2,20)
r(347,1,2,20)
w(432,2,2,20)
w(108,2,3,21)
r(454,6,3,21)
w(241,4,3,21)
r(65,1,3,21)
w(115,4,3,21)
w(444,6,3,21)
r(148,6,3,21)
w(70,6,3,21)
w(98,4,3,21)
w(389,3,3,21)
r(387,2,3,21)
r(254,1,3,21)
r(308,1,3,21)
r(9,1,3,21)
r(143,1,3,21)
w(159,2,3,21)
r(439,5,3,21)
w(159,4,3,21)
w(331,3,3,21)
w(110,3,3,21)
w(47,4,4,22)
w(285,2,4,22)
w(100,6,4,22)
w(250,4,4,22)
w(24,6,4,22)
w(402,3,4,22)
r(33,1,4,22)
r(461,6,4,22)
w(119,2,4,22)
r(67,2,4,22)
w(234,4,4,22)
r(37,1,4,22)
w(399,4,4,22)
w(35,2,4,22)
r(130,4,4,22)
w(273,2,4,22)
w(62,3,4,22)
r(390,1,4,22)
w(122,4,4,22)
r(271,1,4,22)
r(153,2,5,23)
w(168,6,5,23)
w(56,2,5,23)
w(229,3,5,23)
w(75,6,5,23)
w(296,9,5,23)
w(85,6,5,23)
w(69,4,5,23)
w(330,6,5,23)
w(141,6,5,23)
w(187,6,5,23)
w(215,4,5,23)
r(415,1,5,23)
r(196,2,5,23)
r(365,1,5,23)
w(191,6,5,23)
w(135,6,5,23)
w(234,6,5,23)
w(204,3,5,23)
w(38,4,5,23)
w(187,7,6,24)
r(26,3,6,24)
r(41,1,6,24)
r(169,1,6,24)
w(278,5,6,24)
r(359,1,6,24)
w(204,5,6,24)
r(418,4,6,24)
r(167,1,6,24)
w(77,4,6,24)
r(432,1,6,24)
r(114,1,6,24)
r(341,4,6,24)
r(397,4,6,24)
w(73,8,6,24)
w(126,6,6,24)
w(334,2,6,24)
r(362,6,6,24)
r(472,1,6,24)
w(430,4,6,24)
w(64,4,1,25)
w(245,2,1,25)
r(358,1,1,25)
w(279,2,1,25)
r(98,4,1,25)
r(437,1,1,25)
r(68,1,1,25)
r(101,1,1,25)
w(85,2,1,25)
r(417,1,1,25)
r(132,1,1,25)
w(6,2,1,25)
w(230,2,1,25)
r(297,4,1,25)
r(289,2,1,25)
r(148,6,1,25)
w(337,2,1,25)
r(48,1,1,25)
w(378,2,1,25)
w(97,4,1,25)
w(197,2,2,26)
r(307,1,2,26)
w(446,2,2,26)
r(295,2,2,26)
r(235,1,2,26)
w(232,2,2,26)
w(173,4,2,26)
w(406,2,2,26)
r(203,1,2,26)
r(56,2,2,26)
w(75,4,2,26)
r(327,1,2,26)
r(268,1,2,26)
r(89,1,2,26)
r(148,6,2,26)
r(47,1,2,26)
r(468,2,2,26)
w(27,4,2,26)
r(309,1,2,26)
w(70,2,2,26)
r(19,1,3,27)
r(263,2,3,27)
w(87,2,3,27)
w(281,6,3,27)
w(147,2,3,27)
r(209,1,3,27)
r(371,1,3,27)
w(266,6,3,27)
r(19,1,3,27)
r(2,1,3,27)
w(171,2,3,27)
r(425,1,3,27)
w(29,3,3,27)
w(7,6,3,27)
w(350,6,3,27)
w(130,4,3,27)
r(442,2,3,27)
w(204,4,3,27)
r(372,1,3,27)
r(186,2,3,27)
r(440,4,4,28)
w(469,4,4,28)
w(257,2,4,28)
r(251,2,4,28)
w(28,3,4,28)
w(434,3,4,28)
r(3,1,4,28)
r(348,2,4,28)
r(361,2,4,28)
w(198,6,4,28)
r(367,1,4,28)
r(431,1,4,28)
w(65,6,4,28)
r(148,6,4,28)
r(153,2,4,28)
w(271,6,4,28)
r(431,1,4,28)
r(426,3,4,28)
w(420,2,4,28)
r(433,1,4,28)
w(277,5,5,29)
w(440,4,5,29)
w(61,6,5,29)
w(280,4,5,29)
w(427,4,5,29)
r(63,1,5,29)
w(45,6,5,29)
r(61,6,5,29)
w(276,5,5,29)
w(277,7,5,29)
w(283,4,5,29)
r(48,1,5,29)
w(477,5,5,29)
w(475,7,5,29)
w(169,3,5,29)
w(478,6,5,29)
w(31,7,5,29)
r(53,2,5,29)
r(154,2,5,29)
w(116,3,5,29)
w(444,9,6,30)
r(458,4,6,30)
w(77,6,6,30)
r(313,1,6,30)
r(300,6,6,30)
r(53,2,6,30)
r(265,4,6,30)
w(405,3,6,30)
r(443,1,6,30)
w(347,4,6,30)
r(158,1,6,30)
w(320,4,6,30)
w(479,6,6,30)
r(243,1,6,30)
w(257,4,6,30)
r(99,1,6,30)
r(293,2,6,30)
r(53,2,6,30)
w(111,6,6,30)
r(51,1,6,30)
r(327,1,1,31)
r(448,1,1,31)
w(78,2,1,31)
r(282,1,1,31)
w(286,2,1,31)
w(380,2,1,31)
r(471,1,1,31)
w(11,2,1,31)
w(120,2,1,31)
w(9,2,1,31)
w(477,2,1,31)
r(221,1,1,31)
r(84,1,1,31)
w(425,2,1,31)
w(58,2,1,31)
r(386,4,1,31)
w(280,2,1,31)
r(89,1,1,31)
r(87,2,1,31)
r(195,4,1,31)
r(341,4,2,32)
w(13,4,2,32)
r(412,1,2,32)
w(41,2,2,32)
w(98,2,2,32)
r(154,2,2,32)
w(277,2,2,32)
r(113,1,2,32)
r(127,1,2,32)
r(204,5,2,32)
r(110,3,2,32)
r(288,1,2,32)
w(353,2,2,32)
w(306,2,2,32)
r(408,1,2,32)
w(222,4,2,32)
w(229,4,2,32)
r(30,1,2,32)
r(167,2,2,32)
w(131,4,2,32)
w(1,2,3,33)
w(176,4,3,33)
w(256,4,3,33)
w(254,2,3,33)
w(186,6,3,33)
w(352,2,3,33)
r(350,6,3,33)
w(286,6,3,33)
r(125,1,3,33)
w(451,4,3,33)
w(226,2,3,33)
r(47,1,3,33)
r(221,1,3,33)
w(14,5,3,33)
w(132,2,3,33)
r(361,2,3,33)
w(124,2,3,33)
w(81,6,3,33)
r(139,1,3,33)
r(387,2,3,33)
r(299,4,4,34)
r(131,4,4,34)
r(343,2,4,34)
w(265,6,4,34)
w(418,6,4,34)
w(7,3,4,34)
r(376,1,4,34)
w(221,3,4,34)
w(240,4,4,34)
w(471,4,4,34)
w(258,6,4,34)
r(230,2,4,34)
w(153,6,4,34)
r(459,2,4,34)
r(328,2,4,34)
r(228,2,4,34)
w(262,4,4,34)
w(318,3,4,34)
r(55,1,4,34)
r(401,1,4,34)
r(338,6,5,35)
w(56,4,5,35)
r(113,1,5,35)
r(366,1,5,35)
r(61,6,5,35)
w(265,3,5,35)
r(435,3,5,35)
r(216,1,5,35)
r(124,1,5,35)
r(402,6,5,35)
r(41,1,5,35)
r(373,5,5,35)
w(438,4,5,35)
r(326,1,5,35)
r(243,1,5,35)
w(206,3,5,35)
w(306,3,6,36)
r(326,1,6,36)
w(413,2,6,36)
r(128,1,6,36)
r(89,1,6,36)
r(96,2,6,36)
r(125,1,6,36)
r(174,1,6,36)
r(219,1,6,36)
r(358,1,6,36)
w(237,6,6,36)
r(411,2,6,36)
w(418,5,6,36)
w(58,6,6,36)
r(306,3,6,36)
r(389,3,6,36)
r(319,1,6,36)
r(405,3,6,36)
r(36,1,6,36)
r(66,4,6,36)
r(410,3,1,37)
r(235,1,1,37)
w(239,2,1,37)
w(370,2,1,37)
w(112,2,1,37)
w(301,2,1,37)
r(99,1,1,37)
w(68,2,1,37)
r(215,4,1,37)
r(62,2,1,37)
w(259,2,1,37)
w(247,2,1,37)
r(265,4,1,37)
w(251,2,1,37)
r(116,3,1,37)
r(246,2,1,37)
w(169,2,1,37)
w(32,2,1,37)
r(334,2,1,37)
w(54,4,1,37)
w(418,2,2,38)
w(24,4,2,38)
r(177,1,2,38)
w(103,2,2,38)
w(39,2,2,38)
r(205,2,2,38)
w(28,6,2,38)
r(281,6,2,38)
r(295,2,2,38)
w(211,4,2,38)
w(372,2,2,38)
w(91,2,2,38)
w(53,4,2,38)
r(275,1,2,38)
r(279,2,2,38)
w(173,6,2,38)
r(38,4,2,38)
w(162,2,2,38)
w(344,6,2,38)
w(362,2,2,38)
w(348,2,3,39)
r(65,1,3,39)
r(288,1,3,39)
w(468,4,3,39)
w(468,6,3,39)
w(167,2,3,39)
w(260,2,3,39)
r(7,6,3,39)
w(410,6,3,39)
r(267,4,3,39)
w(350,3,3,39)
w(336,6,3,39)
w(470,4,3,39)
w(168,2,3,39)
r(165,4,3,39)
w(351,3,3,39)
w(402,2,3,39)
r(206,1,3,39)
r(443,1,3,39)
w(5,4,3,39)
r(424,1,4,40)
r(292,1,4,40)
w(2,4,4,40)
r(296,3,4,40)
w(168,4,4,40)
w(312,4,4,40)
w(359,6,4,40)
w(333,4,4,40)
r(315,1,4,40)
r(204,5,4,40)
r(122,4,4,40)
w(382,2,4,40)
w(385,4,4,40)
r(340,1,4,40)
r(161,5,4,40)
w(15,4,4,40)
r(171,2,4,40)
w(193,6,4,40)
w(211,3,4,40)
r(199,1,4,40)
r(49,1,5,41)
r(207,1,5,41)
w(166,7,5,41)
r(91,1,5,41)
r(23,1,5,41)
r(67,2,5,41)
r(161,5,5,41)
w(93,4,5,41)
r(108,2,5,41)
r(119,1,5,41)
r(158,1,5,41)
r(380,2,5,41)
r(149,6,5,41)
r(418,4,5,41)
r(96,2,5,41)
w(187,3,5,41)
r(466,1,5,41)
r(395,1,5,41)
w(121,4,5,41)
r(56,2,5,41)
r(149,6,6,42)
w(436,4,6,42)
r(176,2,6,42)
r(356,2,6,42)
w(48,5,6,42)
r(252,2,6,42)
r(208,1,6,42)
r(87,2,6,42)
w(132,3,6,42)
w(256,7,6,42)
r(202,4,6,42)
r(136,1,6,42)
r(152,1,6,42)
r(445,1,6,42)
r(458,4,6,42)
r(2,1,6,42)
w(425,6,6,42)
r(42,2,6,42)
r(68,2,6,42)
w(159,5,6,42)
r(413,1,1,43)
w(370,4,1,43)
w(8,2,1,43)
w(259,4,1,43)
w(201,2,1,43)
r(99,1,1,43)
w(320,2,1,43)
r(388,1,1,43)
w(231,2,1,43)
r(477,2,1,43)
r(156,6,1,43)
r(208,1,1,43)
w(349,2,1,43)
r(477,2,1,43)
w(290,6,1,43)
w(42,2,1,43)
w(398,2,1,43)
r(289,2,1,43)
r(277,7,1,43)
w(252,2,1,43)
w(166,2,2,44)
r(214,1,2,44)
w(342,2,2,44)
w(251,3,2,44)
r(346,1,2,44)
w(302,4,2,44)
r(79,1,2,44)
w(13,6,2,44)
w(48,2,2,44)
r(453,1,2,44)
w(191,4,2,44)
w(399,2,2,44)
w(90,4,2,44)
w(127,4,2,44)
w(389,6,2,44)
r(469,4,2,44)
r(253,1,2,44)
r(467,2,2,44)
w(439,2,2,44)
w(103,4,2,44)
r(145,6,3,45)
w(103,6,3,45)
r(348,2,3,45)
r(363,1,3,45)
w(474,2,3,45)
w(153,4,3,45)
w(327,2,3,45)
w(113,6,3,45)
w(479,2,3,45)
w(190,2,3,45)
r(83,1,3,45)
w(106,6,3,45)
r(65,6,3,45)
w(458,3,3,45)
r(240,4,3,45)
w(53,3,3,45)
r(276,5,3,45)
r(212,1,3,45)
w(291,2,3,45)
w(353,4,3,45)
r(189,1,4,46)
w(67,4,4,46)
w(339,6,4,46)
w(96,4,4,46)
w(156,4,4,46)
r(146,1,4,46)
w(133,4,4,46)
r(207,1,4,46)
w(298,6,4,46)
r(229,4,4,46)
w(31,6,4,46)
r(253,1,4,46)
r(89,1,4,46)
w(19,4,4,46)
w(311,3,4,46)
w(190,6,4,46)
r(358,1,4,46)
r(375,2,4,46)
w(203,2,4,46)
w(472,2,4,46)
w(163,2,5,47)
r(12,4,5,47)
r(307,1,5,47)
w(88,3,5,47)
w(15,6,5,47)
r(42,2,5,47)
w(326,2,5,47)
r(444,9,5,47)
r(432,2,5,47)
r(28,6,5,47)
w(205,3,5,47)
r(27,4,5,47)
r(315,1,5,47)
w(373,7,5,47)
w(61,3,5,47)
r(400,5,5,47)
r(118,2,5,47)
r(93,4,5,47)
r(34,2,5,47)
w(362,5,5,47)
r(439,5,6,48)
r(358,1,6,48)
r(128,1,6,48)
r(81,6,6,48)
r(220,3,6,48)
w(4,6,6,48)
w(381,4,6,48)
w(452,6,6,48)
r(414,2,6,48)
w(441,4,6,48)
w(297,3,6,48)
w(18,4,6,48)
w(438,3,6,48)
r(254,2,6,48)
w(151,3,6,48)
r(19,1,6,48)
w(186,9,6,48)
w(22,3,6,48)
r(325,1,6,48)
r(368,1,6,48)
r(223,1,1,49)
r(257,2,1,49)
r(455,1,1,49)
r(291,3,1,49)
r(295,2,1,49)
r(452,1,1,49)
r(132,2,1,49)
w(151,2,1,49)
w(343,2,1,49)
w(459,2,1,49)
w(460,2,1,49)
w(409,2,1,49)
r(111,6,1,49)
w(329,2,1,49)
r(324,1,1,49)
w(176,2,1,49)
w(255,2,1,49)
r(100,6,1,49)
w(454,2,1,49)
r(83,1,1,49)
w(42,6,2,50)
r(185,3,2,50)
w(452,4,2,50)
w(400,6,2,50)
w(225,6,2,50)
w(158,4,2,50)
w(329,4,2,50)
w(60,2,2,50)
w(113,2,2,50)
w(150,2,2,50)
r(184,1,2,50)
r(127,4,2,50)
r(83,1,2,50)
w(470,2,2,50)
w(447,6,2,50)
w(394,2,2,50)
r(7,3,2,50)
w(455,4,2,50)
w(278,4,2,50)
w(59,4,2,50)
r(188,1,3,51)
w(149,3,3,51)
r(470,2,3,51)
w(391,6,3,51)
r(33,1,3,51)
w(221,6,3,51)
r(405,3,3,51)
r(250,6,3,51)
w(199,4,3,51)
r(441,4,3,51)
w(422,2,3,51)
r(373,8,3,51)
r(129,5,3,51)
r(213,2,3,51)
w(457,4,3,51)
r(165,4,3,51)
r(276,5,3,51)
r(107,1,3,51)
w(316,4,3,51)
w(345,6,3,51)
r(150,2,4,52)
r(82,1,4,52)
w(414,4,4,52)
w(243,6,4,52)
r(229,4,4,52)
r(98,2,4,52)
r(155,1,4,52)
r(478,2,4,52)
r(434,3,4,52)
w(416,3,4,52)
w(335,3,4,52)
r(145,6,4,52)
w(380,6,4,52)
w(314,3,4,52)
r(114,1,4,52)
w(129,3,4,52)
r(245,2,4,52)
r(238,3,4,52)
r(185,3,4,52)
w(72,2,4,52)
w(250,6,5,53)
r(70,2,5,53)
r(12,4,5,53)
r(270,2,5,53)
r(440,4,5,53)
r(10,6,5,53)
w(400,9,5,53)
r(323,2,5,53)
r(415,1,5,53)
r(244,1,5,53)
r(399,4,5,53)
w(368,6,5,53)
r(473,1,5,53)
r(448,1,5,53)
w(238,3,5,53)
r(260,2,5,53)
r(8,2,5,53)
w(152,6,5,53)
r(105,1,5,53)
w(377,5,5,53)
w(384,6,6,54)
w(218,4,6,54)
r(83,1,6,54)
r(425,6,6,54)
r(124,2,6,54)
r(263,2,6,54)
w(392,4,6,54)
w(373,8,6,54)
r(85,2,6,54)
r(366,1,6,54)
w(38,7,6,54)
r(338,6,6,54)
r(108,2,6,54)
w(318,9,6,54)
w(136,2,6,54)
r(330,6,6,54)
w(374,5,6,54)
w(115,6,6,54)
w(332,6,6,54)
w(124,5,6,54)
w(239,4,1,55)
r(274,1,1,55)
w(453,2,1,55)
w(344,2,1,55)
r(88,3,1,55)
w(45,2,1,55)
r(417,1,1,55)
w(6,4,1,55)
r(43,1,1,55)
w(293,4,1,55)
w(416,2,1,55)
r(248,1,1,55)
w(343,4,1,55)
r(467,2,1,55)
r(134,1,1,55)
r(391,1,1,55)
r(1,2,1,55)
r(377,5,1,55)
r(286,6,1,55)
r(329,2,1,55)
r(101,1,2,56)
w(231,4,2,56)
r(398,2,2,56)
r(379,1,2,56)
w(289,6,2,56)
w(29,4,2,56)
w(52,2,2,56)
w(346,2,2,56)
r(66,4,2,56)
r(421,2,2,56)
r(438,3,2,56)
r(188,1,2,56)
r(215,4,2,56)
w(426,2,2,56)
w(123,2,2,56)
r(472,2,2,56)
r(100,6,2,56)
w(305,2,2,56)
r(228,2,2,56)
r(41,2,2,56)
w(407,6,3,57)
r(317,5,3,57)
w(141,4,3,57)
w(10,3,3,57)
w(362,3,3,57)
w(404,4,3,57)
r(116,3,3,57)
r(82,1,3,57)
w(244,4,3,57)
w(66,2,3,57)
w(139,6,3,57)
r(360,2,3,57)
r(180,1,3,57)
w(209,2,3,57)
w(303,2,3,57)
r(90,4,3,57)
r(307,6,3,57)
w(161,4,3,57)
w(366,2,3,57)
r(348,2,3,57)
w(360,2,4,58)
w(171,6,4,58)
w(212,6,4,58)
r(135,6,4,58)
r(73,8,4,58)
w(331,5,4,58)
w(397,6,4,58)
w(147,4,4,58)
r(271,6,4,58)
r(70,2,4,58)
r(455,4,4,58)
w(208,4,4,58)
w(463,2,4,58)
r(469,4,4,58)
r(414,4,4,58)
r(261,1,4,58)
r(46,1,4,58)
r(442,2,4,58)
r(172,2,4,58)
w(227,6,4,58)
w(356,6,5,59)
r(129,5,5,59)
w(324,4,5,59)
r(467,2,5,59)
r(186,9,5,59)
r(103,4,5,59)
w(85,3,5,59)
w(14,10,5,59)
r(375,2,5,59)
w(117,4,5,59)
r(149,6,5,59)
r(197,2,5,59)
r(325,1,5,59)
w(205,5,5,59)
r(439,2,5,59)
r(191,4,5,59)
w(54,6,5,59)
r(79,1,5,59)
r(220,3,5,59)
r(139,1,5,59)
r(237,6,6,60)
w(142,3,6,60)
w(21,5,6,60)
w(408,6,6,60)
r(183,6,6,60)
r(115,6,6,60)
w(40,5,6,60)
w(105,3,6,60)
r(17,6,6,60)
w(183,3,6,60)
w(179,4,6,60)
w(220,5,6,60)
w(15,3,6,60)
w(446,3,6,60)
r(380,2,6,60)
w(112,5,6,60)
r(343,4,6,60)
r(170,1,6,60)
r(350,3,6,60)
w(144,2,6,60)
r(437,6,1,61)
w(478,2,1,61)
w(156,2,1,61)
r(28,6,1,61)
w(112,4,1,61)
r(324,4,1,61)
r(333,4,1,61)
r(311,2,1,61)
r(134,1,1,61)
w(389,2,1,61)
r(326,2,1,61)
w(304,2,1,61)
w(393,2,1,61)
r(245,2,1,61)
r(234,4,1,61)
r(456,1,1,61)
r(136,2,1,61)
w(249,2,1,61)
r(9,2,1,61)
r(355,1,1,61)
w(29,6,2,62)
w(15,2,2,62)
r(346,2,2,62)
w(26,4,2,62)
r(352,2,2,62)
r(127,4,2,62)
r(467,3,2,62)
w(113,4,2,62)
r(29,6,2,62)
r(434,3,2,62)
r(467,3,2,62)
w(421,4,2,62)
w(63,4,2,62)
r(87,2,2,62)
r(66,4,2,62)
r(466,1,2,62)
w(149,2,2,62)
w(5,2,2,62)
w(52,4,2,62)
w(368,2,2,62)
w(220,4,3,63)
r(98,2,3,63)
r(385,4,3,63)
w(367,4,3,63)
r(374,7,3,63)
w(202,6,3,63)
w(65,4,3,63)
w(27,6,3,63)
w(282,2,3,63)
w(462,6,3,63)
w(353,6,3,63)
r(185,3,3,63)
w(109,3,3,63)
r(408,4,3,63)
r(303,2,3,63)
r(460,5,3,63)
w(216,4,3,63)
r(360,2,3,63)
r(224,2,3,63)
r(125,4,3,63)
r(58,6,4,64)
w(31,3,4,64)
r(150,3,4,64)
w(276,3,4,64)
r(167,6,4,64)
r(162,2,4,64)
w(14,9,4,64)
w(31,5,4,64)
w(233,6,4,64)
r(99,1,4,64)
r(151,3,4,64)
r(376,1,4,64)
r(53,3,4,64)
w(387,3,4,64)
w(436,2,4,64)
r(393,2,4,64)
r(366,2,4,64)
w(188,6,4,64)
r(264,1,4,64)
w(460,5,4,64)
w(170,3,5,65)
r(197,2,5,65)
w(186,7,5,65)
w(174,4,5,65)
w(386,5,5,65)
w(294,9,5,65)
r(14,10,5,65)
r(336,6,5,65)
w(248,4,5,65)
r(19,4,5,65)
r(406,2,5,65)
r(393,2,5,65)
w(187,5,5,65)
w(380,5,5,65)
r(126,6,5,65)
w(9,3,5,65)
r(366,1,5,65)
r(170,3,5,65)
w(79,3,5,65)
w(249,7,5,65)
w(117,6,6,66)
w(57,2,6,66)
r(371,1,6,66)
r(215,4,6,66)
w(251,9,6,66)
r(361,2,6,66)
r(421,2,6,66)
w(167,6,6,66)
r(17,6,6,66)
r(202,4,6,66)
r(286,6,6,66)
r(371,1,6,66)
w(39,5,6,66)
w(324,6,6,66)
r(268,1,6,66)
r(257,2,6,66)
w(266,5,6,66)
r(384,6,6,66)
w(212,3,6,66)
r(153,4,6,66)
r(73,8,1,67)
w(412,2,1,67)
r(15,3,1,67)
w(186,4,1,67)
w(112,6,1,67)
r(274,1,1,67)
w(193,2,1,67)
w(78,4,1,67)
w(405,2,1,67)
r(408,6,1,67)
w(75,2,1,67)
r(185,3,1,67)
r(104,1,1,67)
w(337,4,1,67)
w(188,2,1,67)
w(225,2,1,67)
w(323,4,1,67)
r(179,4,1,67)
w(158,2,1,67)
w(397,2,1,67)
r(386,7,2,68)
r(132,3,2,68)
w(387,4,2,68)
w(11,4,2,68)
r(410,5,2,68)
w(125,4,2,68)
r(339,6,2,68)
r(157,1,2,68)
r(112,6,2,68)
w(222,6,2,68)
r(239,6,2,68)
w(157,4,2,68)
r(53,3,2,68)
w(95,4,2,68)
r(166,9,2,68)
r(350,3,2,68)
r(17,6,2,68)
r(326,2,2,68)
w(259,6,2,68)
r(319,1,2,68)
r(360,4,3,69)
r(122,4,3,69)
w(230,6,3,69)
r(189,1,3,69)
r(473,2,3,69)
r(56,2,3,69)
r(217,1,3,69)
w(455,3,3,69)
w(423,4,3,69)
w(449,4,3,69)
w(82,2,3,69)
w(90,6,3,69)
r(211,3,3,69)
w(348,6,3,69)
w(88,4,3,69)
r(165,4,3,69)
w(424,6,3,69)
w(272,3,3,69)
r(194,2,3,69)
r(201,2,3,69)
r(4,6,4,70)
r(364,1,4,70)
r(96,4,4,70)
w(417,2,4,70)
w(461,7,4,70)
r(229,2,4,70)
w(360,4,4,70)
r(63,2,4,70)
w(114,4,4,70)
r(340,2,4,70)
r(278,7,4,70)
w(55,6,4,70)
w(251,7,4,70)
r(2,4,4,70)
w(206,4,4,70)
r(368,2,4,70)
r(160,4,4,70)
w(198,3,4,70)
w(400,7,4,70)
w(456,6,4,70)
w(250,3,5,71)
w(444,7,5,71)
r(301,2,5,71)
r(246,2,5,71)
w(194,6,5,71)
w(317,5,5,71)
w(106,7,5,71)
w(298,5,5,71)
w(307,6,5,71)
w(123,4,5,71)
w(473,2,5,71)
w(193,3,5,71)
r(47,4,5,71)
w(74,6,5,71)
r(461,6,5,71)
r(15,3,5,71)
r(355,1,5,71)
w(431,6,5,71)
w(475,9,5,71)
w(456,3,5,71)
w(306,5,6,72)
w(359,7,6,72)
w(94,4,6,72)
w(80,6,6,72)
w(432,4,6,72)
r(406,2,6,72)
r(446,3,6,72)
w(386,7,6,72)
w(166,9,6,72)
r(274,1,6,72)
w(467,3,6,72)
w(433,4,6,72)
w(312,6,6,72)
r(234,4,6,72)
r(40,5,6,72)
r(161,5,6,72)
r(432,4,6,72)
w(436,6,6,72)
r(315,1,6,72)
w(439,7,6,72)
w(454,4,1,73)
w(139,2,1,73)
w(314,4,1,73)
w(380,4,1,73)
r(119,2,1,73)
r(119,2,1,73)
w(316,2,1,73)
r(100,6,1,73)
r(16,2,1,73)
r(366,1,1,73)
r(13,7,1,73)
r(474,2,1,73)
r(363,1,1,73)
w(251,4,1,73)
w(359,2,1,73)
r(119,2,1,73)
r(90,4,1,73)
w(55,2,1,73)
r(386,7,1,73)
r(284,2,1,73)
r(209,2,2,74)
r(168,4,2,74)
r(231,4,2,74)
r(423,1,2,74)
w(272,4,2,74)
r(429,2,2,74)
r(441,4,2,74)
r(271,6,2,74)
r(352,2,2,74)
w(274,2,2,74)
r(135,6,2,74)
r(384,6,2,74)
r(73,8,2,74)
w(172,4,2,74)
w(70,4,2,74)
w(425,4,2,74)
r(223,1,2,74)
w(194,2,2,74)
w(195,2,2,74)
w(408,4,2,74)
w(431,2,3,75)
r(291,2,3,75)
r(412,2,3,75)
w(178,2,3,75)
r(430,4,3,75)
r(385,4,3,75)
w(291,6,3,75)
w(208,2,3,75)
r(13,2,3,75)
r(299,4,3,75)
r(218,4,3,75)
w(405,6,3,75)
r(344,7,3,75)
r(365,1,3,75)
w(185,4,3,75)
w(428,4,3,75)
w(117,2,3,75)
w(223,4,3,75)
w(63,5,3,75)
w(258,4,3,75)
w(162,3,4,76)
r(43,2,4,76)
w(194,4,4,76)
w(457,6,4,76)
w(380,3,4,76)
w(171,3,4,76)
r(234,4,4,76)
r(126,6,4,76)
r(104,1,4,76)
w(458,7,4,76)
r(292,1,4,76)
w(221,5,4,76)
r(56,2,4,76)
r(327,2,4,76)
w(448,5,4,76)
w(294,5,4,76)
r(132,3,4,76)
w(166,6,4,76)
r(46,5,4,76)
r(138,1,4,76)
r(446,3,5,77)
r(112,6,5,77)
w(252,7,5,77)
r(241,4,5,77)
w(439,3,5,77)
w(79,5,5,77)
r(292,1,5,77)
w(184,2,5,77)
w(236,2,5,77)
r(365,1,5,77)
r(193,3,5,77)
w(139,5,5,77)
w(23,4,5,77)
w(227,3,5,77)
w(93,6,5,77)
r(235,1,5,77)
r(78,4,5,77)
r(331,3,5,77)
w(449,5,5,77)
w(125,5,5,77)
r(424,1,6,78)
r(289,6,6,78)
r(238,3,6,78)
r(475,7,6,78)
r(394,2,6,78)
r(329,4,6,78)
r(142,3,6,78)
r(22,3,6,78)
r(418,2,6,78)
r(60,2,6,78)
r(324,6,6,78)
r(205,5,6,78)
r(11,2,6,78)
w(129,7,6,78)
w(268,5,6,78)
w(7,7,6,78)
w(13,7,6,78)
w(390,6,6,78)
r(195,4,6,78)
r(446,3,6,78)
w(245,4,1,79)
r(354,6,1,79)
r(377,5,1,79)
r(313,1,1,79)
w(250,2,1,79)
w(325,2,1,79)
r(441,4,1,79)
w(239,6,1,79)
r(290,7,1,79)
w(272,2,1,79)
r(427,4,1,79)
r(415,1,1,79)
r(316,2,1,79)
w(81,2,1,79)
r(146,1,1,79)
w(416,4,1,79)
w(229,2,1,79)
w(143,2,1,79)
r(351,3,1,79)
w(13,2,1,79)
r(155,1,2,80)
w(330,2,2,80)
w(79,2,2,80)
r(304,4,2,80)
r(371,1,2,80)
w(52,6,2,80)
w(294,2,2,80)
w(439,4,2,80)
w(447,3,2,80)
w(364,2,2,80)
w(110,6,2,80)
w(255,4,2,80)
r(367,4,2,80)
w(100,4,2,80)
r(76,1,2,80)
w(331,4,2,80)
w(21,2,2,80)
r(98,2,2,80)
r(372,2,2,80)
w(39,4,2,80)
w(60,4,3,81)
w(375,4,3,81)
w(246,6,3,81)
r(158,2,3,81)
r(36,1,3,81)
r(277,2,3,81)
w(276,6,3,81)
w(162,6,3,81)
r(473,2,3,81)
r(261,1,3,81)
w(287,4,3,81)
w(34,6,3,81)
r(238,3,3,81)
w(36,2,3,81)
r(190,6,3,81)
w(60,6,3,81)
r(227,6,3,81)
r(460,5,3,81)
w(317,4,3,81)
r(257,2,3,81)
r(354,3,4,82)
r(172,4,4,82)
w(165,2,4,82)
r(319,2,4,82)
r(178,2,4,82)
w(48,4,4,82)
w(430,2,4,82)
r(314,3,4,82)
r(338,6,4,82)
r(59,4,4,82)
r(385,4,4,82)
w(370,8,4,82)
w(44,2,4,82)
r(239,6,4,82)
r(157,2,4,82)
r(131,4,4,82)
r(110,6,4,82)
r(225,4,4,82)
r(367,4,4,82)
w(14,8,4,82)
r(446,3,5,83)
w(267,6,5,83)
w(466,6,5,83)
w(449,7,5,83)
w(78,3,5,83)
w(149,7,5,83)
w(383,3,5,83)
w(22,6,5,83)
w(145,4,5,83)
r(374,7,5,83)
w(43,2,5,83)
r(47,4,5,83)
r(3,1,5,83)
r(55,2,5,83)
w(110,5,5,83)
r(185,3,5,83)
r(102,1,5,83)
r(184,2,5,83)
w(46,5,5,83)
w(127,5,5,83)
w(290,7,6,84)
r(82,1,6,84)
w(110,7,6,84)
r(358,1,6,84)
r(174,4,6,84)
w(150,3,6,84)
r(86,1,6,84)
w(225,7,6,84)
w(278,7,6,84)
r(439,7,6,84)
r(201,2,6,84)
r(230,2,6,84)
r(13,7,6,84)
w(344,7,6,84)
w(374,7,6,84)
r(190,6,6,84)
r(379,1,6,84)
r(467,3,6,84)
w(29,9,6,84)
r(65,6,6,84)
w(325,4,1,85)
r(230,2,1,85)
r(394,2,1,85)
r(264,1,1,85)
r(25,1,1,85)
r(278,7,1,85)
r(158,2,1,85)
w(3,2,1,85)
w(251,6,1,85)
r(346,2,1,85)
w(434,2,1,85)
w(63,2,1,85)
w(308,2,1,85)
w(318,2,1,85)
r(262,4,1,85)
w(340,2,1,85)
w(312,2,1,85)
r(251,6,1,85)
w(304,4,1,85)
r(385,4,1,85)
w(268,2,2,86)
w(423,2,2,86)
r(225,4,2,86)
w(335,2,2,86)
r(427,4,2,86)
r(145,4,2,86)
r(21,2,2,86)
w(331,6,2,86)
r(434,2,2,86)
w(63,6,2,86)
w(409,4,2,86)
r(230,6,2,86)
r(108,2,2,86)
r(216,4,2,86)
r(26,4,2,86)
w(294,4,2,86)
w(91,4,2,86)
r(454,4,2,86)
r(441,4,2,86)
w(374,2,2,86)
w(129,6,3,87)
w(246,3,3,87)
w(373,6,3,87)
w(290,5,3,87)
r(54,6,3,87)
r(411,2,3,87)
w(242,4,3,87)
r(435,3,3,87)
r(224,2,3,87)
r(442,7,3,87)
r(303,2,3,87)
r(296,2,3,87)
w(269,6,3,87)
w(151,4,3,87)
r(106,7,3,87)
w(441,2,3,87)
w(476,4,3,87)
r(421,4,3,87)
r(120,2,3,87)
r(177,4,3,87)
r(395,1,4,88)
w(401,6,4,88)
w(177,4,4,88)
r(249,8,4,88)
r(447,4,4,88)
w(186,3,4,88)
w(395,6,4,88)
w(465,2,4,88)
w(89,6,4,88)
r(447,4,4,88)
r(430,2,4,88)
w(95,6,4,88)
r(350,3,4,88)
r(127,5,4,88)
r(409,4,4,88)
r(397,6,4,88)
w(48,6,4,88)
w(8,3,4,88)
r(419,1,4,88)
r(128,1,4,88)
r(444,7,5,89)
w(159,3,5,89)
r(222,6,5,89)
r(313,1,5,89)
w(379,3,5,89)
w(87,4,5,89)
w(468,7,5,89)
w(8,7,5,89)
w(141,3,5,89)
w(53,7,5,89)
r(449,9,5,89)
w(442,7,5,89)
r(321,1,5,89)
r(137,1,5,89)
r(130,4,5,89)
r(280,2,5,89)
r(132,3,5,89)
r(247,2,5,89)
w(476,6,5,89)
r(260,2,5,89)
w(78,7,6,90)
w(403,6,6,90)
w(445,6,6,90)
r(57,2,6,90)
r(233,2,6,90)
w(354,3,6,90)
r(173,6,6,90)
w(362,9,6,90)
r(414,4,6,90)
r(390,6,6,90)
w(117,3,6,90)
r(357,1,6,90)
r(219,1,6,90)
r(97,4,6,90)
r(383,1,6,90)
r(131,4,6,90)
r(99,1,6,90)
r(246,2,6,90)
r(432,4,6,90)
w(410,5,6,90)
r(16,2,1,91)
r(465,1,1,91)
w(224,2,1,91)
r(339,6,1,91)
r(222,6,1,91)
r(421,4,1,91)
w(400,2,1,91)
w(401,2,1,91)
w(433,2,1,91)
r(298,5,1,91)
r(45,2,1,91)
r(216,1,1,91)
w(302,2,1,91)
w(451,2,1,91)
r(162,2,1,91)
w(225,4,1,91)
r(53,3,1,91)
r(323,4,1,91)
r(318,2,1,91)
w(95,2,1,91)
r(468,7,2,92)
w(107,2,2,92)
r(234,4,2,92)
w(150,4,2,92)
r(388,1,2,92)
r(387,3,2,92)
r(141,3,2,92)
w(12,6,2,92)
w(394,4,2,92)
r(229,2,2,92)
r(236,2,2,92)
r(171,3,2,92)
r(213,2,2,92)
w(379,2,2,92)
r(234,4,2,92)
r(331,6,2,92)
r(42,6,2,92)
r(140,1,2,92)
r(31,5,2,92)
w(284,4,2,92)
r(140,2,3,93)
r(398,2,3,93)
r(71,3,3,93)
r(21,4,3,93)
w(370,9,3,93)
r(346,2,3,93)
r(158,2,3,93)
r(305,2,3,93)
r(196,2,3,93)
r(191,4,3,93)
w(426,4,3,93)
w(437,3,3,93)
r(462,6,3,93)
r(187,5,3,93)
w(395,4,3,93)
r(8,3,3,93)
w(317,6,3,93)
r(375,4,3,93)
w(4,2,3,93)
w(185,6,3,93)
r(73,7,4,94)
r(199,4,4,94)
w(108,6,4,94)
r(418,2,4,94)
w(252,3,4,94)
r(137,1,4,94)
r(176,2,4,94)
w(319,6,4,94)
r(32,2,4,94)
r(133,4,4,94)
w(187,2,4,94)
w(223,6,4,94)
w(221,7,4,94)
r(295,2,4,94)
r(67,4,4,94)
w(148,4,4,94)
w(106,5,4,94)
r(408,2,4,94)
r(220,6,4,94)
w(427,2,4,94)
r(291,2,5,95)
r(321,1,5,95)
r(438,3,5,95)
r(160,4,5,95)
r(102,1,5,95)
r(5,2,5,95)
r(290,7,5,95)
w(64,6,5,95)
r(175,4,5,95)
w(151,6,5,95)
w(164,3,5,95)
w(310,6,5,95)
r(201,2,5,95)
w(268,3,5,95)
r(135,6,5,95)
w(160,6,5,95)
r(107,1,5,95)
w(463,6,5,95)
w(297,6,5,95)
w(9,5,5,95)
w(255,6,6,96)
w(353,5,6,96)
w(249,8,6,96)
r(71,3,6,96)
r(475,9,6,96)
r(371,1,6,96)
w(248,6,6,96)
r(1,2,6,96)
r(125,5,6,96)
w(37,6,6,96)
r(235,1,6,96)
w(449,9,6,96)
r(254,2,6,96)
r(193,3,6,96)
w(29,8,6,96)
r(300,6,6,96)
r(443,1,6,96)
r(164,1,6,96)
w(1,6,6,96)
r(112,6,6,96)
w(86,2,1,97)
r(406,2,1,97)
r(282,2,1,97)
w(221,2,1,97)
w(100,2,1,97)
w(318,4,1,97)
r(476,6,1,97)
r(225,4,1,97)
r(389,2,1,97)
w(466,2,1,97)
r(324,6,1,97)
r(399,2,1,97)
w(377,2,1,97)
r(393,2,1,97)
w(237,2,1,97)
w(319,2,1,97)
w(73,2,1,97)
r(164,1,1,97)
r(118,2,1,97)
r(138,1,1,97)
w(448,4,2,98)
r(25,1,2,98)
w(311,4,2,98)
w(276,4,2,98)
w(21,4,2,98)
w(246,4,2,98)
w(169,4,2,98)
w(241,2,2,98)
w(475,2,2,98)
r(274,2,2,98)
w(129,2,2,98)
w(357,2,2,98)
w(351,4,2,98)
w(307,4,2,98)
r(27,6,2,98)
w(369,4,2,98)
r(141,3,2,98)
r(332,6,2,98)
w(145,2,2,98)
r(83,2,2,98)
w(231,6,3,99)
w(201,4,3,99)
r(7,7,3,99)
r(95,6,3,99)
w(376,2,3,99)
w(26,6,3,99)
r(120,2,3,99)
r(196,2,3,99)
w(205,4,3,99)
r(431,3,3,99)
w(149,5,3,99)
w(435,4,3,99)
w(401,4,3,99)
w(303,4,3,99)
w(406,4,3,99)
r(357,2,3,99)
r(157,2,3,99)
w(169,6,3,99)
r(471,2,3,99)
r(326,4,3,99)
r(259,6,4,100)
w(301,4,4,100)
w(13,5,4,100)
r(63,6,4,100)
r(153,4,4,100)
r(308,4,4,100)
w(444,5,4,100)
r(244,4,4,100)
r(386,7,4,100)
r(210,4,4,100)
r(73,9,4,100)
r(207,1,4,100)
w(80,4,4,100)
r(99,1,4,100)
w(5,6,4,100)
w(470,6,4,100)
r(48,6,4,100)
r(172,4,4,100)
w(477,3,4,100)
w(107,3,4,100)
r(445,6,5,101)
w(316,6,5,101)
r(62,3,5,101)
r(121,4,5,101)
r(162,6,5,101)
w(198,5,5,101)
r(128,1,5,101)
r(269,1,5,101)
w(299,6,5,101)
r(130,4,5,101)
w(428,6,5,101)
r(405,6,5,101)
w(124,3,5,101)
r(91,4,5,101)
r(33,1,5,101)
r(264,1,5,101)
w(48,3,5,101)
w(8,9,5,101)
w(77,2,5,101)
w(64,3,5,101)
w(156,3,6,102)
r(231,4,6,102)
r(425,4,6,102)
w(287,6,6,102)
r(350,3,6,102)
r(74,6,6,102)
r(47,4,6,102)
r(412,2,6,102)
w(183,5,6,102)
w(391,3,6,102)
w(396,5,6,102)
w(335,5,6,102)
r(195,2,6,102)
r(50,1,6,102)
r(392,4,6,102)
w(313,4,6,102)
r(337,4,6,102)
w(471,6,6,102)
w(339,3,6,102)
r(447,6,6,102)
w(271,2,1,103)
w(476,2,1,103)
r(172,4,1,103)
w(157,2,1,103)
w(384,2,1,103)
w(437,2,1,103)
w(407,2,1,103)
r(310,6,1,103)
w(222,2,1,103)
r(172,4,1,103)
r(198,3,1,103)
r(429,2,1,103)
r(329,4,1,103)
w(450,2,1,103)
w(14,4,1,103)
r(162,3,1,103)
w(447,4,1,103)
r(139,6,1,103)
w(256,2,1,103)
r(285,2,1,103)
r(473,2,2,104)
r(4,6,2,104)
r(57,2,2,104)
r(168,4,2,104)
r(404,4,2,104)
w(235,2,2,104)
r(356,4,2,104)
w(238,6,2,104)
w(324,2,2,104)
r(441,4,2,104)
w(233,4,2,104)
w(198,2,2,104)
w(10,4,2,104)
r(344,4,2,104)
w(329,6,2,104)
w(393,4,2,104)
r(271,2,2,104)
w(362,4,2,104)
r(189,1,2,104)
r(200,4,2,104)
r(263,2,3,105)
r(103,6,3,105)
w(335,6,3,105)
w(244,6,3,105)
r(246,3,3,105)
r(433,2,3,105)
r(183,2,3,105)
r(275,2,3,105)
w(216,6,3,105)
r(41,2,3,105)
w(259,3,3,105)
w(8,6,3,105)
r(57,2,3,105)
r(336,2,3,105)
w(113,5,3,105)
w(369,6,3,105)
w(267,2,3,105)
r(22,6,3,105)
w(456,4,3,105)
r(340,4,3,105)
r(365,1,4,106)
w(5,3,4,106)
w(88,6,4,106)
w(254,4,4,106)
w(40,4,4,106)
w(24,3,4,106)
w(418,3,4,106)
w(294,7,4,106)
w(116,6,4,106)
w(176,6,4,106)
w(317,3,4,106)
r(252,3,4,106)
r(91,4,4,106)
r(389,4,4,106)
r(465,2,4,106)
r(310,2,4,106)
r(228,2,4,106)
r(280,2,4,106)
r(108,6,4,106)
w(8,5,4,106)
r(37,6,5,107)
r(260,2,5,107)
w(73,7,5,107)
w(27,3,5,107)
w(220,6,5,107)
r(361,2,5,107)
r(358,1,5,107)
r(89,6,5,107)
w(119,4,5,107)
r(471,6,5,107)
r(218,4,5,107)
r(22,6,5,107)
w(30,2,5,107)
w(50,4,5,107)
w(97,3,5,107)
r(102,1,5,107)
r(336,2,5,107)
r(138,1,5,107)
w(72,3,5,107)
r(9,5,5,107)
w(157,6,6,108)
w(180,3,6,108)
r(386,7,6,108)
r(115,6,6,108)
w(84,2,6,108)
w(293,5,6,108)
r(195,2,6,108)
r(298,5,6,108)
r(422,2,6,108)
w(184,4,6,108)
r(101,1,6,108)
r(287,6,6,108)
w(69,3,6,108)
w(396,7,6,108)
r(463,6,6,108)
r(49,1,6,108)
r(77,6,6,108)
w(359,9,6,108)
r(447,3,6,108)
r(157,6,6,108)
r(137,1,1,109)
w(390,2,1,109)
r(472,2,1,109)
r(3,2,1,109)
w(177,2,1,109)
r(152,6,1,109)
w(174,2,1,109)
w(170,2,1,109)
w(349,4,1,109)
w(381,2,1,109)
w(110,4,1,109)
w(28,4,1,109)
w(6,6,1,109)
r(270,2,1,109)
r(281,6,1,109)
r(376,1,1,109)
r(41,2,1,109)
w(289,4,1,109)
r(417,2,1,109)
w(307,2,1,109)
r(66,2,2,110)
w(14,6,2,110)
w(304,6,2,110)
r(104,1,2,110)
r(110,4,2,110)
r(285,2,2,110)
r(325,4,2,110)
r(456,6,2,110)
r(69,3,2,110)
r(472,2,2,110)
w(421,6,2,110)
r(21,4,2,110)
w(139,4,2,110)
r(7,7,2,110)
r(151,4,2,110)
r(477,2,2,110)
w(204,2,2,110)
r(30,1,2,110)
r(45,2,2,110)
r(213,2,2,110)
w(451,3,3,111)
w(344,3,3,111)
r(243,6,3,111)
w(230,3,3,111)
r(460,7,3,111)
w(243,4,3,111)
r(263,2,3,111)
w(143,4,3,111)
r(474,2,3,111)
w(212,4,3,111)
r(331,6,3,111)
r(472,2,3,111)
r(439,4,3,111)
w(189,2,3,111)
w(63,7,3,111)
r(71,3,3,111)
r(307,4,3,111)
w(226,4,3,111)
w(379,6,3,111)
r(361,6,3,111)
r(42,5,4,112)
r(156,3,4,112)
w(301,6,4,112)
r(242,2,4,112)
r(273,6,4,112)
w(32,6,4,112)
w(343,5,4,112)
r(453,2,4,112)
w(79,6,4,112)
r(132,6,4,112)
w(368,4,4,112)
r(460,7,4,112)
w(369,3,4,112)
w(126,2,4,112)
w(164,4,4,112)
r(253,4,4,112)
r(39,4,4,112)
r(130,4,4,112)
r(190,6,4,112)
r(470,6,4,112)
r(467,3,5,113)
r(288,1,5,113)
w(176,3,5,113)
w(342,6,5,113)
r(57,2,5,113)
r(195,2,5,113)
w(417,4,5,113)
w(75,3,5,113)
w(73,9,5,113)
w(127,7,5,113)
r(134,1,5,113)
r(367,2,5,113)
r(404,4,5,113)
w(51,4,5,113)
w(460,7,5,113)
r(26,4,5,113)
r(146,1,5,113)
w(4,4,5,113)
r(455,3,5,113)
r(434,2,5,113)
r(19,4,6,114)
r(407,2,6,114)
r(305,2,6,114)
r(171,3,6,114)
w(233,5,6,114)
r(154,2,6,114)
r(361,2,6,114)
w(248,3,6,114)
w(431,3,6,114)
w(167,3,6,114)
r(352,2,6,114)
r(294,4,6,114)
w(149,9,6,114)
r(282,2,6,114)
r(21,4,6,114)
r(332,6,6,114)
w(107,5,6,114)
w(116,5,6,114)
w(326,4,6,114)
w(174,6,6,114)
w(408,2,1,115)
w(373,2,1,115)
r(438,3,1,115)
r(424,6,1,115)
w(355,2,1,115)
w(155,2,1,115)
w(389,4,1,115)
w(296,2,1,115)
r(276,6,1,115)
w(367,2,1,115)
w(356,4,1,115)
w(377,4,1,115)
w(459,4,1,115)
w(217,2,1,115)
r(439,4,1,115)
w(336,2,1,115)
w(211,2,1,115)
r(270,2,1,115)
w(83,2,1,115)
w(343,6,1,115)
w(181,2,2,116)
w(129,4,2,116)
r(284,4,2,116)
w(271,4,2,116)
r(280,2,2,116)
r(291,6,2,116)
w(162,4,2,116)
w(475,4,2,116)
r(198,2,2,116)
w(42,3,2,116)
w(206,2,2,116)
r(454,4,2,116)
w(456,2,2,116)
r(323,4,2,116)
r(378,4,2,116)
w(461,3,2,116)
r(211,2,2,116)
w(442,4,2,116)
r(186,3,2,116)
w(294,6,2,116)
r(65,4,3,117)
w(213,4,3,117)
w(92,4,3,117)
r(206,6,3,117)
r(281,6,3,117)
r(22,6,3,117)
r(428,3,3,117)
w(448,3,3,117)
w(411,4,3,117)
r(270,2,3,117)
r(204,2,3,117)
w(402,4,3,117)
r(301,6,3,117)
w(140,6,3,117)
r(115,6,3,117)
r(47,4,3,117)
w(253,2,3,117)
w(135,4,3,117)
w(468,3,3,117)
w(468,5,3,117)
w(269,3,4,118)
r(197,2,4,118)
w(206,6,4,118)
w(422,4,4,118)
w(245,6,4,118)
w(3,4,4,118)
r(133,4,4,118)
w(424,5,4,118)
w(7,5,4,118)
r(383,2,4,118)
w(245,3,4,118)
r(365,4,4,118)
w(365,2,4,118)
r(274,2,4,118)
w(426,5,4,118)
r(254,4,4,118)
w(21,6,4,118)
r(263,2,4,118)
r(84,4,4,118)
r(185,5,4,118)
w(288,4,5,119)
r(82,2,5,119)
w(61,5,5,119)
r(33,1,5,119)
w(38,6,5,119)
r(234,4,5,119)
w(223,3,5,119)
w(421,3,5,119)
w(429,6,5,119)
w(38,3,5,119)
w(314,5,5,119)
w(362,7,5,119)
w(53,9,5,119)
r(453,2,5,119)
w(40,6,5,119)
w(233,3,5,119)
w(132,6,5,119)
w(55,3,5,119)
w(291,5,5,119)
r(252,3,5,119)
w(105,5,6,120)
w(114,6,6,120)
w(84,4,6,120)
r(38,3,6,120)
r(288,4,6,120)
w(285,6,6,120)
w(149,8,6,120)
r(386,7,6,120)
w(365,4,6,120)
r(59,2,6,120)
r(193,3,6,120)
w(82,3,6,120)
w(207,2,6,120)
r(53,9,6,120)
w(295,6,6,120)
r(53,9,6,120)
w(447,5,6,120)
r(219,1,6,120)
r(114,6,6,120)
r(230,6,6,120)
w(10,2,1,121)
w(275,2,1,121)
r(254,2,1,121)
r(45,2,1,121)
w(340,4,1,121)
w(220,2,1,121)
w(443,2,1,121)
w(308,4,1,121)
r(51,1,1,121)
w(345,2,1,121)
r(220,2,1,121)
r(2,4,1,121)
w(2,2,1,121)
r(95,2,1,121)
r(120,2,1,121)
w(344,4,1,121)
w(140,2,1,121)
w(59,2,1,121)
w(378,4,1,121)
r(463,6,1,121)
w(180,2,2,122)
r(316,6,2,122)
w(247,4,2,122)
w(137,2,2,122)
r(459,4,2,122)
r(350,3,2,122)
w(269,4,2,122)
r(14,6,2,122)
w(127,6,2,122)
w(314,6,2,122)
w(403,2,2,122)
w(42,5,2,122)
w(471,2,2,122)
w(455,6,2,122)
r(142,3,2,122)
r(39,4,2,122)
r(126,6,2,122)
r(290,5,2,122)
w(390,4,2,122)
r(406,2,2,122)
w(228,4,3,123)
r(390,4,3,123)
w(6,3,3,123)
r(36,2,3,123)
r(139,4,3,123)
r(469,4,3,123)
r(160,2,3,123)
r(282,2,3,123)
r(413,2,3,123)
w(166,4,3,123)
w(445,2,3,123)
w(42,7,3,123)
r(391,2,3,123)
r(179,6,3,123)
r(135,4,3,123)
w(353,3,3,123)
r(384,4,3,123)
r(255,5,3,123)
w(426,6,3,123)
w(60,3,3,123)
w(44,4,4,124)
w(99,4,4,124)
r(331,6,4,124)
r(70,4,4,124)
w(83,4,4,124)
w(146,2,4,124)
w(72,4,4,124)
r(365,6,4,124)
r(479,2,4,124)
w(349,3,4,124)
r(59,3,4,124)
w(440,2,4,124)
r(253,2,4,124)
w(111,4,4,124)
r(118,2,4,124)
r(139,4,4,124)
w(187,4,4,124)
r(125,2,4,124)
r(232,2,4,124)
r(459,3,4,124)
w(451,5,5,125)
r(218,4,5,125)
r(322,1,5,125)
r(177,4,5,125)
r(48,6,5,125)
r(367,2,5,125)
r(390,2,5,125)
r(202,6,5,125)
r(32,2,5,125)
w(398,6,5,125)
r(229,2,5,125)
r(227,6,5,125)
w(85,5,5,125)
w(360,6,5,125)
r(429,6,5,125)
r(128,1,5,125)
w(253,4,5,125)
r(428,6,5,125)
w(273,6,5,125)
w(393,6,5,125)
w(436,3,6,126)
w(239,5,6,126)
w(392,6,6,126)
w(419,6,6,126)
w(189,6,6,126)
w(408,3,6,126)
r(276,4,6,126)
w(93,7,6,126)
r(364,2,6,126)
r(204,2,6,126)
r(36,2,6,126)
r(169,6,6,126)
w(130,5,6,126)
w(255,5,6,126)
w(212,7,6,126)
w(285,3,6,126)
r(228,2,6,126)
r(290,3,6,126)
w(89,5,6,126)
r(225,4,6,126)
r(469,4,1,127)
r(75,2,1,127)
w(310,2,1,127)
r(263,2,1,127)
r(136,2,1,127)
r(446,3,1,127)
r(117,2,1,127)
w(135,2,1,127)
w(90,2,1,127)
r(472,2,1,127)
r(471,6,1,127)
r(81,2,1,127)
r(456,6,1,127)
w(109,2,1,127)
r(30,1,1,127)
r(218,4,1,127)
r(123,4,1,127)
r(27,6,1,127)
w(369,2,1,127)
w(185,2,1,127)
r(2,2,2,128)
r(301,4,2,128)
r(117,2,2,128)
w(63,3,2,128)
r(215,4,2,128)
r(209,2,2,128)
r(44,2,2,128)
w(13,3,2,128)
w(461,5,2,128)
w(358,2,2,128)
r(229,2,2,128)
w(300,4,2,128)
r(87,4,2,128)
r(331,6,2,128)
w(477,4,2,128)
w(230,4,2,128)
w(266,4,2,128)
r(212,6,2,128)
w(251,5,2,128)
w(290,3,2,128)
w(232,4,3,129)
w(124,6,3,129)
r(140,6,3,129)
r(272,3,3,129)
r(169,6,3,129)
w(281,3,3,129)
r(219,2,3,129)
w(386,6,3,129)
r(234,4,3,129)
w(51,2,3,129)
w(82,4,3,129)
r(464,1,3,129)
w(90,3,3,129)
r(438,6,3,129)
w(125,3,3,129)
r(167,4,3,129)
w(431,4,3,129)
w(55,4,3,129)
w(227,4,3,129)
r(330,2,3,129)
w(211,5,4,130)
w(426,7,4,130)
w(89,3,4,130)
r(325,4,4,130)
r(255,5,4,130)
w(256,6,4,130)
w(442,3,4,130)
r(272,3,4,130)
w(325,6,4,130)
r(295,6,4,130)
w(266,3,4,130)
w(406,6,4,130)
r(131,2,4,130)
w(343,7,4,130)
r(394,4,4,130)
w(59,6,4,130)
w(383,6,4,130)
w(142,4,4,130)
w(442,5,4,130)
w(437,5,4,130)
r(402,3,5,131)
w(140,3,5,131)
w(470,3,5,131)
r(316,6,5,131)
w(185,5,5,131)
w(350,7,5,131)
r(276,4,5,131)
w(359,5,5,131)
r(159,3,5,131)
w(375,5,5,131)
w(459,3,5,131)
w(332,2,5,131)
r(46,5,5,131)
w(249,9,5,131)
w(240,6,5,131)
w(352,4,5,131)
w(396,3,5,131)
r(353,6,5,131)
r(28,4,5,131)
r(68,2,5,131)
r(140,3,6,132)
w(119,3,6,132)
r(322,1,6,132)
r(410,5,6,132)
r(159,3,6,132)
r(401,4,6,132)
r(385,4,6,132)
w(164,5,6,132)
w(212,9,6,132)
w(175,3,6,132)
r(217,2,6,132)
w(365,6,6,132)
r(344,3,6,132)
w(210,6,6,132)
r(372,2,6,132)
w(179,6,6,132)
w(441,6,6,132)
w(172,5,6,132)
w(345,5,6,132)
r(199,2,6,132)
r(41,2,1,133)
w(125,2,1,133)
w(377,6,1,133)
w(140,4,1,133)
r(369,2,1,133)
r(274,2,1,133)
r(158,2,1,133)
w(407,4,1,133)
r(466,2,1,133)
w(296,4,1,133)
w(242,2,1,133)
r(227,6,1,133)
r(146,1,1,133)
r(456,6,1,133)
w(395,2,1,133)
w(216,2,1,133)
r(292,1,1,133)
r(227,6,1,133)
w(333,2,1,133)
w(183,2,1,133)
w(383,2,2,134)
r(88,6,2,134)
r(469,4,2,134)
r(471,2,2,134)
w(88,2,2,134)
r(462,6,2,134)
w(442,6,2,134)
r(354,3,2,134)
r(9,5,2,134)
w(92,2,2,134)
w(467,4,2,134)
r(351,4,2,134)
r(125,2,2,134)
w(311,6,2,134)
w(122,2,2,134)
r(420,2,2,134)
w(7,4,2,134)
w(224,4,2,134)
w(58,4,2,134)
r(320,2,2,134)
r(363,1,3,135)
r(101,2,3,135)
w(435,6,3,135)
r(413,2,3,135)
w(354,2,3,135)
r(352,4,3,135)
r(370,3,3,135)
r(6,3,3,135)
w(423,6,3,135)
r(334,2,3,135)
r(222,3,3,135)
r(30,2,3,135)
w(344,5,3,135)
r(118,2,3,135)
w(161,6,3,135)
w(288,2,3,135)
w(25,2,3,135)
r(175,3,3,135)
r(247,6,3,135)
r(86,2,3,135)
r(43,2,4,136)
r(246,3,4,136)
w(72,6,4,136)
w(121,2,4,136)
w(197,4,4,136)
r(297,2,4,136)
r(144,2,4,136)
w(170,4,4,136)
r(32,3,4,136)
r(116,4,4,136)
r(165,2,4,136)
r(11,4,4,136)
w(131,6,4,136)
w(195,6,4,136)
r(257,2,4,136)
r(470,3,4,136)
w(349,5,4,136)
r(106,5,4,136)
w(445,4,4,136)
r(281,4,4,136)
r(460,7,5,137)
r(294,7,5,137)
r(224,2,5,137)
r(265,6,5,137)
w(252,9,5,137)
w(361,6,5,137)
w(50,6,5,137)
w(161,3,5,137)
r(55,3,5,137)
w(101,2,5,137)
w(16,4,5,137)
w(318,7,5,137)
w(242,3,5,137)
r(293,5,5,137)
w(60,7,5,137)
r(191,4,5,137)
w(29,7,5,137)
r(389,4,5,137)
r(441,2,5,137)
w(384,4,5,137)
w(352,6,6,138)
w(133,6,6,138)
w(476,5,6,138)
r(68,6,6,138)
w(351,7,6,138)
r(479,2,6,138)
r(307,4,6,138)
w(60,9,6,138)
r(130,5,6,138)
r(145,2,6,138)
w(170,5,6,138)
w(92,6,6,138)
w(91,3,6,138)
r(454,4,6,138)
w(373,10,6,138)
r(474,2,6,138)
w(176,5,6,138)
r(189,2,6,138)
w(213,6,6,138)
r(165,2,6,138)
r(193,3,1,139)
r(255,4,1,139)
r(372,2,1,139)
w(62,4,1,139)
w(17,2,1,139)
r(222,2,1,139)
r(107,3,1,139)
w(266,2,1,139)
r(366,2,1,139)
w(202,2,1,139)
r(475,4,1,139)
r(56,2,1,139)
r(447,4,1,139)
w(62,6,1,139)
w(238,2,1,139)
r(299,6,1,139)
w(179,2,1,139)
r(187,2,1,139)
r(358,1,1,139)
w(466,4,1,139)
w(475,6,2,140)
w(444,4,2,140)
r(44,4,2,140)
r(122,2,2,140)
r(351,5,2,140)
w(268,4,2,140)
w(341,2,2,140)
r(435,4,2,140)
r(187,4,2,140)
w(424,2,2,140)
r(205,4,2,140)
r(477,4,2,140)
w(416,6,2,140)
w(281,4,2,140)
w(116,4,2,140)
w(65,2,2,140)
w(142,2,2,140)
w(148,2,2,140)
r(128,1,2,140)
r(281,4,2,140)
r(381,2,3,141)
r(97,6,3,141)
w(109,5,3,141)
w(152,2,3,141)
w(354,4,3,141)
r(229,2,3,141)
r(27,2,3,141)
w(359,4,3,141)
r(75,3,3,141)
r(305,2,3,141)
w(22,4,3,141)
w(181,4,3,141)
r(196,2,3,141)
w(249,6,3,141)
w(73,3,3,141)
r(151,4,3,141)
w(458,5,3,141)
r(384,4,3,141)
r(412,4,3,141)
r(360,6,3,141)
w(71,6,4,142)
r(300,4,4,142)
w(475,5,4,142)
r(410,2,4,142)
w(322,2,4,142)
w(258,3,4,142)
w(252,5,4,142)
w(459,6,4,142)
r(7,2,4,142)
r(204,2,4,142)
w(422,6,4,142)
w(63,9,4,142)
r(422,6,4,142)
w(170,6,4,142)
w(21,3,4,142)
r(255,5,4,142)
w(260,6,4,142)
r(339,3,4,142)
r(254,4,4,142)
r(120,3,4,142)
w(338,4,5,143)
r(288,4,5,143)
r(104,1,5,143)
w(302,5,5,143)
w(59,3,5,143)
r(199,2,5,143)
r(477,4,5,143)
r(270,2,5,143)
r(357,2,5,143)
w(155,3,5,143)
w(244,3,5,143)
w(135,3,5,143)
w(332,4,5,143)
w(351,5,5,143)
w(231,5,5,143)
r(306,5,5,143)
r(265,6,5,143)
w(93,3,5,143)
r(269,3,5,143)
w(428,3,5,143)
w(405,5,6,144)
w(255,7,6,144)
r(234,4,6,144)
w(373,11,6,144)
r(235,2,6,144)
r(385,2,6,144)
w(159,7,6,144)
w(358,4,6,144)
w(227,7,6,144)
r(353,3,6,144)
r(332,4,6,144)
r(132,6,6,144)
r(424,2,6,144)
w(457,3,6,144)
w(132,7,6,144)
w(406,5,6,144)
r(346,6,6,144)
r(266,3,6,144)
w(158,3,6,144)
w(152,3,6,144)
w(160,2,1,145)
r(5,3,1,145)
w(391,2,1,145)
w(412,4,1,145)
r(221,7,1,145)
r(273,6,1,145)
r(227,6,1,145)
w(386,2,1,145)
w(244,2,1,145)
w(370,6,1,145)
r(223,3,1,145)
r(200,4,1,145)
w(26,2,1,145)
r(381,2,1,145)
w(452,2,1,145)
r(213,2,1,145)
r(83,2,1,145)
r(214,1,1,145)
r(336,2,1,145)
r(4,4,1,145)
w(319,4,2,146)
w(247,6,2,146)
w(391,4,2,146)
r(142,2,2,146)
r(26,2,2,146)
w(385,2,2,146)
r(118,2,2,146)
w(296,5,2,146)
w(340,6,2,146)
w(277,6,2,146)
r(432,4,2,146)
r(390,4,2,146)
w(443,4,2,146)
r(450,2,2,146)
w(105,2,2,146)
r(400,7,2,146)
w(374,4,2,146)
w(71,2,2,146)
r(442,5,2,146)
w(155,4,2,146)
r(391,4,4,147)
w(61,2,4,147)
w(402,5,4,147)
w(293,3,4,147)
r(146,2,4,147)
r(194,4,4,147)
w(61,4,4,147)
r(146,2,4,147)
w(50,2,4,147)
w(205,6,4,147)
w(449,6,4,147)
w(2,6,4,147)
r(264,1,4,147)
r(390,4,4,147)
r(80,4,4,147)
r(199,2,4,147)
w(423,3,4,147)
w(270,4,4,147)
w(66,6,4,147)
r(80,4,4,147)
w(182,2,5,148)
r(173,6,5,148)
w(68,6,5,148)
r(469,4,5,148)
r(19,4,5,148)
r(373,6,5,148)
r(220,6,5,148)
w(150,6,5,148)
r(366,2,5,148)
w(406,3,5,148)
w(347,2,5,148)
w(167,4,5,148)
r(12,6,5,148)
r(9,5,5,148)
w(243,3,5,148)
w(32,3,5,148)
w(225,5,5,148)
r(125,2,5,148)
r(351,5,5,148)
r(182,2,5,148)
w(102,6,6,149)
w(360,3,6,149)
w(259,5,6,149)
r(190,6,6,149)
r(141,3,6,149)
w(49,2,6,149)
r(428,3,6,149)
w(44,6,6,149)
r(60,5,6,149)
r(168,4,6,149)
w(322,4,6,149)
r(227,7,6,149)
r(446,3,6,149)
w(222,5,6,149)
w(468,9,6,149)
w(135,5,6,149)
r(53,6,6,149)
w(355,3,6,149)
w(127,9,6,149)
w(158,5,6,149)
w(296,6,1,150)
w(336,4,1,150)
w(199,2,1,150)
r(193,3,1,150)
w(97,6,1,150)
w(29,2,1,150)
r(300,4,1,150)
w(131,2,1,150)
r(313,4,1,150)
w(297,2,1,150)
r(21,4,1,150)
r(276,4,1,150)
r(233,3,1,150)
r(439,4,1,150)
w(210,2,1,150)
r(100,4,1,150)
w(120,4,1,150)
r(137,2,1,150)
w(461,4,1,150)
r(331,6,1,150)
r(444,4,2,151)
r(184,4,2,151)
w(149,4,2,151)
r(32,3,2,151)
r(465,2,2,151)
w(53,6,2,151)
w(450,6,2,151)
r(148,2,2,151)
w(223,2,2,151)
r(100,4,2,151)
w(383,4,2,151)
r(462,6,2,151)
r(226,4,2,151)
w(265,2,2,151)
w(351,6,2,151)
r(344,3,2,151)
w(448,6,2,151)
w(52,3,2,151)
r(387,3,2,151)
w(46,4,2,151)
r(429,6,4,152)
w(45,4,4,152)
w(375,6,4,152)
r(471,2,4,152)
r(199,2,4,152)
w(126,4,4,152)
w(338,2,4,152)
w(98,6,4,152)
w(232,6,4,152)
w(386,3,4,152)
r(408,3,4,152)
w(232,3,4,152)
r(216,6,4,152)
w(373,3,4,152)
r(388,1,4,152)
w(359,3,4,152)
w(249,3,4,152)
r(438,6,4,152)
r(291,5,4,152)
r(42,7,4,152)
r(43,2,5,153)
w(279,6,5,153)
w(321,4,5,153)
r(208,2,5,153)
r(207,2,5,153)
r(410,5,5,153)
w(224,5,5,153)
r(260,2,5,153)
r(68,6,5,153)
w(93,5,5,153)
w(373,9,5,153)
w(78,5,5,153)
w(243,5,5,153)
r(201,4,5,153)
r(151,4,5,153)
w(102,4,5,153)
w(427,6,5,153)
w(36,4,5,153)
w(438,6,5,153)
w(219,2,5,153)
r(413,2,1,154)
r(297,2,1,154)
r(110,4,1,154)
r(355,2,1,154)
r(332,4,1,154)
w(191,2,1,154)
r(186,3,1,154)
r(424,5,1,154)
w(350,4,1,154)
r(315,1,1,154)
w(47,2,1,154)
w(434,4,1,154)
r(150,4,1,154)
r(69,3,1,154)
w(227,2,1,154)
r(307,4,1,154)
r(360,6,1,154)
w(478,4,1,154)
w(345,4,1,154)
r(62,6,1,154)
w(40,2,2,155)
r(174,6,2,155)
r(113,5,2,155)
w(405,4,2,155)
w(379,4,2,155)
r(361,6,2,155)
r(413,2,2,155)
w(342,4,2,155)
r(452,2,2,155)
r(178,2,2,155)
r(284,4,2,155)
w(127,3,2,155)
w(286,4,2,155)
r(434,4,2,155)
r(330,2,2,155)
w(370,5,2,155)
r(399,2,2,155)
r(209,2,2,155)
r(434,4,2,155)
r(128,4,2,155)
r(32,3,4,156)
w(242,6,4,156)
w(39,3,4,156)
w(249,5,4,156)
w(463,4,4,156)
r(42,7,4,156)
w(221,9,4,156)
w(309,4,4,156)
r(324,2,4,156)
r(401,4,4,156)
w(241,6,4,156)
r(409,4,4,156)
w(105,6,4,156)
w(60,5,4,156)
w(321,2,4,156)
r(104,1,4,156)
w(315,4,4,156)
w(256,3,4,156)
w(419,4,4,156)
w(378,3,4,156)
r(263,2,5,157)
w(346,6,5,157)
w(222,3,5,157)
w(201,6,5,157)
w(331,7,5,157)
r(16,4,5,157)
w(420,4,5,157)
r(42,7,5,157)
r(73,9,5,157)
r(374,2,5,157)
r(142,2,5,157)
r(330,2,5,157)
r(262,4,5,157)
r(354,3,5,157)
w(238,5,5,157)
w(198,7,5,157)
r(478,4,5,157)
r(127,6,5,157)
w(240,3,5,157)
r(279,6,5,157)
w(38,2,1,158)
w(7,2,1,158)
r(204,2,1,158)
r(191,2,1,158)
r(403,2,1,158)
r(386,2,1,158)
r(272,3,1,158)
r(113,5,1,158)
r(425,4,1,158)
r(207,2,1,158)
w(410,2,1,158)
r(179,6,1,158)
r(235,2,1,158)
w(308,6,1,158)
r(308,6,1,158)
r(232,2,1,158)
r(435,4,1,158)
w(378,6,1,158)
w(27,2,1,158)
w(370,3,1,158)
w(163,4,5,159)
w(142,6,5,159)
w(120,3,5,159)
r(41,2,5,159)
r(276,4,5,159)
r(396,3,5,159)
w(128,4,5,159)
r(462,6,5,159)
r(315,1,5,159)
w(40,3,5,159)
r(210,6,5,159)
r(113,5,5,159)
w(355,6,5,159)
w(374,3,5,159)
r(334,2,5,159)
r(475,6,5,159)
w(177,6,5,159)
w(211,7,5,159)
r(52,6,5,159)
r(67,4,5,159)
