w(1,1,0,0)
w(2,1,0,0)
w(3,1,0,0)
w(4,1,0,0)
w(5,1,0,0)
w(6,1,0,0)
w(7,1,0,0)
w(8,1,0,0)
w(9,1,0,0)
w(10,1,0,0)
w(11,1,0,0)
w(12,1,0,0)
w(13,1,0,0)
w(14,1,0,0)
w(15,1,0,0)
w(16,1,0,0)
w(17,1,0,0)
w(18,1,0,0)
w(19,1,0,0)
w(20,1,0,0)
w(21,1,0,0)
w(22,1,0,0)
w(23,1,0,0)
w(24,1,0,0)
w(25,1,0,0)
w(26,1,0,0)
w(27,1,0,0)
w(28,1,0,0)
w(29,1,0,0)
w(30,1,0,0)
w(31,1,0,0)
w(32,1,0,0)
w(33,1,0,0)
w(34,1,0,0)
w(35,1,0,0)
w(36,1,0,0)
w(37,1,0,0)
w(38,1,0,0)
w(39,1,0,0)
w(40,1,0,0)
w(41,1,0,0)
w(42,1,0,0)
w(43,1,0,0)
w(44,1,0,0)
w(45,1,0,0)
w(46,1,0,0)
w(47,1,0,0)
w(48,1,0,0)
w(49,1,0,0)
w(50,1,0,0)
w(51,1,0,0)
w(52,1,0,0)
w(53,1,0,0)
w(54,1,0,0)
w(55,1,0,0)
w(56,1,0,0)
w(57,1,0,0)
w(58,1,0,0)
w(59,1,0,0)
w(60,1,0,0)
w(61,1,0,0)
w(62,1,0,0)
w(63,1,0,0)
w(64,1,0,0)
w(65,1,0,0)
w(66,1,0,0)
w(67,1,0,0)
w(68,1,0,0)
w(69,1,0,0)
w(70,1,0,0)
w(71,1,0,0)
w(72,1,0,0)
w(73,1,0,0)
w(74,1,0,0)
w(75,1,0,0)
w(76,1,0,0)
w(77,1,0,0)
w(78,1,0,0)
w(79,1,0,0)
w(80,1,0,0)
w(81,1,0,0)
w(82,1,0,0)
w(83,1,0,0)
w(84,1,0,0)
w(85,1,0,0)
w(86,1,0,0)
w(87,1,0,0)
w(88,1,0,0)
w(89,1,0,0)
w(90,1,0,0)
w(91,1,0,0)
w(92,1,0,0)
w(93,1,0,0)
w(94,1,0,0)
w(95,1,0,0)
w(96,1,0,0)
w(97,1,0,0)
w(98,1,0,0)
w(99,1,0,0)
w(100,1,0,0)
w(101,1,0,0)
w(102,1,0,0)
w(103,1,0,0)
w(104,1,0,0)
w(105,1,0,0)
w(106,1,0,0)
w(107,1,0,0)
w(108,1,0,0)
w(109,1,0,0)
w(110,1,0,0)
w(111,1,0,0)
w(112,1,0,0)
w(113,1,0,0)
w(114,1,0,0)
w(115,1,0,0)
w(116,1,0,0)
w(117,1,0,0)
w(118,1,0,0)
w(119,1,0,0)
w(120,1,0,0)
w(121,1,0,0)
w(122,1,0,0)
w(123,1,0,0)
w(124,1,0,0)
w(125,1,0,0)
w(126,1,0,0)
w(127,1,0,0)
w(128,1,0,0)
w(129,1,0,0)
w(130,1,0,0)
w(131,1,0,0)
w(132,1,0,0)
w(133,1,0,0)
w(134,1,0,0)
w(135,1,0,0)
w(136,1,0,0)
w(137,1,0,0)
w(138,1,0,0)
w(139,1,0,0)
w(140,1,0,0)
w(141,1,0,0)
w(142,1,0,0)
w(143,1,0,0)
w(144,1,0,0)
w(145,1,0,0)
w(146,1,0,0)
w(147,1,0,0)
w(148,1,0,0)
w(149,1,0,0)
w(150,1,0,0)
w(151,1,0,0)
w(152,1,0,0)
w(153,1,0,0)
w(154,1,0,0)
w(155,1,0,0)
w(156,1,0,0)
w(157,1,0,0)
w(158,1,0,0)
w(159,1,0,0)
w(160,1,0,0)
w(161,1,0,0)
w(162,1,0,0)
w(163,1,0,0)
w(164,1,0,0)
w(165,1,0,0)
w(166,1,0,0)
w(167,1,0,0)
w(168,1,0,0)
w(169,1,0,0)
w(170,1,0,0)
w(171,1,0,0)
w(172,1,0,0)
w(173,1,0,0)
w(174,1,0,0)
w(175,1,0,0)
w(176,1,0,0)
w(177,1,0,0)
w(178,1,0,0)
w(179,1,0,0)
w(180,1,0,0)
w(181,1,0,0)
w(182,1,0,0)
w(183,1,0,0)
w(184,1,0,0)
w(185,1,0,0)
w(186,1,0,0)
w(187,1,0,0)
w(188,1,0,0)
w(189,1,0,0)
w(190,1,0,0)
w(191,1,0,0)
w(192,1,0,0)
w(193,1,0,0)
w(194,1,0,0)
w(195,1,0,0)
w(196,1,0,0)
w(197,1,0,0)
w(198,1,0,0)
w(199,1,0,0)
w(200,1,0,0)
w(201,1,0,0)
w(202,1,0,0)
w(203,1,0,0)
w(204,1,0,0)
w(205,1,0,0)
w(206,1,0,0)
w(207,1,0,0)
w(208,1,0,0)
w(209,1,0,0)
w(210,1,0,0)
w(211,1,0,0)
w(212,1,0,0)
w(213,1,0,0)
w(214,1,0,0)
w(215,1,0,0)
w(216,1,0,0)
w(217,1,0,0)
w(218,1,0,0)
w(219,1,0,0)
w(220,1,0,0)
w(221,1,0,0)
w(222,1,0,0)
w(223,1,0,0)
w(224,1,0,0)
w(225,1,0,0)
w(226,1,0,0)
w(227,1,0,0)
w(228,1,0,0)
w(229,1,0,0)
w(230,1,0,0)
w(231,1,0,0)
w(232,1,0,0)
w(233,1,0,0)
w(234,1,0,0)
w(235,1,0,0)
w(236,1,0,0)
w(237,1,0,0)
w(238,1,0,0)
w(239,1,0,0)
w(240,1,0,0)
w(241,1,0,0)
w(242,1,0,0)
w(243,1,0,0)
w(244,1,0,0)
w(245,1,0,0)
w(246,1,0,0)
w(247,1,0,0)
w(248,1,0,0)
w(249,1,0,0)
w(250,1,0,0)
w(251,1,0,0)
w(252,1,0,0)
w(253,1,0,0)
w(254,1,0,0)
w(255,1,0,0)
w(256,1,0,0)
w(257,1,0,0)
w(258,1,0,0)
w(259,1,0,0)
w(260,1,0,0)
w(261,1,0,0)
w(262,1,0,0)
w(263,1,0,0)
w(264,1,0,0)
w(265,1,0,0)
w(266,1,0,0)
w(267,1,0,0)
w(268,1,0,0)
w(269,1,0,0)
w(270,1,0,0)
w(271,1,0,0)
w(272,1,0,0)
w(273,1,0,0)
w(274,1,0,0)
w(275,1,0,0)
w(276,1,0,0)
w(277,1,0,0)
w(278,1,0,0)
w(279,1,0,0)
w(280,1,0,0)
w(281,1,0,0)
w(282,1,0,0)
w(283,1,0,0)
w(284,1,0,0)
w(285,1,0,0)
w(286,1,0,0)
w(287,1,0,0)
w(288,1,0,0)
w(289,1,0,0)
w(290,1,0,0)
w(291,1,0,0)
w(292,1,0,0)
w(293,1,0,0)
w(294,1,0,0)
w(295,1,0,0)
w(296,1,0,0)
w(297,1,0,0)
w(298,1,0,0)
w(299,1,0,0)
w(300,1,0,0)
w(301,1,0,0)
w(302,1,0,0)
w(303,1,0,0)
w(304,1,0,0)
w(305,1,0,0)
w(306,1,0,0)
w(307,1,0,0)
w(308,1,0,0)
w(309,1,0,0)
w(310,1,0,0)
w(311,1,0,0)
w(312,1,0,0)
w(313,1,0,0)
w(314,1,0,0)
w(315,1,0,0)
w(316,1,0,0)
w(317,1,0,0)
w(318,1,0,0)
w(319,1,0,0)
w(320,1,0,0)
w(321,1,0,0)
w(322,1,0,0)
w(323,1,0,0)
w(324,1,0,0)
w(325,1,0,0)
w(326,1,0,0)
w(327,1,0,0)
w(328,1,0,0)
w(329,1,0,0)
w(330,1,0,0)
w(331,1,0,0)
w(332,1,0,0)
w(333,1,0,0)
w(334,1,0,0)
w(335,1,0,0)
w(336,1,0,0)
w(337,1,0,0)
w(338,1,0,0)
w(339,1,0,0)
w(340,1,0,0)
w(341,1,0,0)
w(342,1,0,0)
w(343,1,0,0)
w(344,1,0,0)
w(345,1,0,0)
w(346,1,0,0)
w(347,1,0,0)
w(348,1,0,0)
w(349,1,0,0)
w(350,1,0,0)
w(351,1,0,0)
w(352,1,0,0)
w(353,1,0,0)
w(354,1,0,0)
w(355,1,0,0)
w(356,1,0,0)
w(357,1,0,0)
w(358,1,0,0)
w(359,1,0,0)
w(360,1,0,0)
r(180,1,1,1)
w(27,2,1,1)
r(316,1,1,1)
w(41,2,1,1)
r(91,1,1,1)
w(10,2,1,1)
w(67,2,1,1)
r(69,1,1,1)
r(150,1,1,1)
w(314,2,1,1)
w(328,2,1,1)
r(205,1,1,1)
w(40,2,1,1)
r(338,1,1,1)
r(10,2,1,1)
r(329,1,1,1)
w(112,2,1,1)
w(265,2,1,1)
r(100,1,1,1)
r(160,1,1,1)
r(203,1,1,1)
r(231,1,1,1)
w(23,2,1,1)
r(311,1,1,1)
r(51,1,1,1)
r(62,1,1,1)
w(15,2,1,1)
w(287,2,1,1)
r(180,1,2,2)
w(62,2,2,2)
w(54,10,2,2)
r(358,1,2,2)
r(50,1,2,2)
r(326,1,2,2)
r(104,1,2,2)
w(24,4,2,2)
w(140,10,2,2)
w(116,4,2,2)
w(131,4,2,2)
r(102,1,2,2)
r(331,1,2,2)
r(18,1,2,2)
r(149,1,2,2)
r(161,1,2,2)
w(193,14,3,3)
r(178,1,3,3)
r(47,1,3,3)
w(112,3,3,3)
r(163,1,3,3)
r(46,1,3,3)
w(326,11,3,3)
r(322,1,3,3)
r(32,1,3,3)
w(178,16,3,3)
r(258,1,3,3)
r(35,1,3,3)
r(33,1,3,3)
w(180,11,3,3)
w(96,15,3,3)
r(163,1,3,3)
w(174,16,3,3)
w(33,16,3,3)
r(145,1,3,3)
r(167,1,3,3)
w(91,4,3,3)
w(172,11,3,3)
w(276,11,3,3)
w(182,10,3,3)
r(168,1,3,3)
r(88,1,3,3)
r(173,1,3,3)
w(56,14,4,4)
w(21,3,4,4)
r(161,1,4,4)
r(41,1,4,4)
r(257,1,4,4)
r(8,1,4,4)
w(136,3,4,4)
r(182,1,4,4)
w(130,3,4,4)
r(2,1,4,4)
r(351,1,4,4)
w(230,14,4,4)
r(296,1,4,4)
r(110,1,4,4)
w(159,14,4,4)
r(344,15,4,4)
w(317,11,4,4)
w(9,11,4,4)
r(257,1,4,4)
w(181,7,4,4)
w(42,3,4,4)
w(237,7,4,4)
w(142,11,4,4)
r(312,1,4,4)
r(261,1,4,4)
r(360,1,4,4)
r(146,1,4,4)
w(147,15,4,4)
r(169,1,4,4)
w(133,11,4,4)
r(198,7,4,4)
w(62,15,4,4)
r(2,1,4,4)
w(290,9,5,5)
w(101,7,5,5)
r(290,9,5,5)
w(55,3,5,5)
w(30,7,5,5)
w(69,13,5,5)
r(325,1,5,5)
w(103,14,5,5)
w(220,7,5,5)
w(220,5,5,5)
r(32,1,5,5)
r(51,1,5,5)
r(289,1,5,5)
w(202,5,5,5)
r(213,1,5,5)
r(336,1,5,5)
r(92,1,5,5)
r(95,1,5,5)
r(295,1,5,5)
r(240,1,5,5)
w(98,17,5,5)
r(74,1,5,5)
r(12,1,5,5)
r(351,1,5,5)
w(199,13,5,5)
w(195,17,5,5)
w(347,11,5,5)
w(98,9,5,5)
w(137,7,5,5)
r(40,1,5,5)
w(55,14,5,5)
w(54,13,5,5)
w(42,11,5,5)
r(266,1,5,5)
r(42,11,5,5)
r(219,1,5,5)
r(103,14,5,5)
r(82,1,5,5)
r(104,1,5,5)
w(83,11,5,5)
r(224,1,5,5)
w(205,5,5,5)
r(31,1,5,5)
r(141,1,5,5)
r(147,1,5,5)
r(281,1,5,5)
r(231,1,5,5)
r(90,1,5,5)
w(24,11,5,5)
w(42,13,5,5)
w(236,17,6,6)
r(237,1,6,6)
r(334,1,6,6)
r(4,1,6,6)
w(29,13,6,6)
r(279,1,6,6)
r(322,1,6,6)
r(243,1,6,6)
r(65,1,6,6)
w(148,17,6,6)
r(65,1,6,6)
r(290,9,6,6)
w(224,5,6,6)
r(64,1,6,6)
w(325,5,6,6)
w(292,13,6,6)
r(262,1,6,6)
w(147,9,6,6)
r(249,1,6,6)
w(116,8,6,6)
r(115,1,6,6)
w(143,6,6,6)
w(284,13,6,6)
r(287,1,6,6)
r(120,1,6,6)
w(228,8,6,6)
r(250,1,6,6)
w(46,8,6,6)
r(322,1,6,6)
r(59,1,6,6)
r(186,1,6,6)
w(101,6,6,6)
w(353,5,6,6)
r(215,1,6,6)
w(107,11,6,6)
r(342,1,6,6)
w(349,12,6,6)
r(275,1,6,6)
w(196,5,6,6)
r(179,1,6,6)
r(51,1,6,6)
w(231,17,6,6)
r(85,1,6,6)
r(339,1,6,6)
w(69,5,6,6)
r(21,1,6,6)
w(344,15,6,6)
w(78,7,6,6)
w(198,7,6,6)
w(82,3,6,6)
r(294,1,1,7)
w(242,2,1,7)
r(263,1,1,7)
w(29,2,1,7)
r(332,1,1,7)
r(149,1,1,7)
w(63,2,1,7)
w(57,2,1,7)
w(154,2,1,7)
w(111,2,1,7)
r(84,1,1,7)
r(299,1,1,7)
r(166,1,1,7)
w(259,2,1,7)
r(177,1,1,7)
w(309,2,1,7)
r(82,3,1,7)
w(60,2,1,7)
w(27,4,1,7)
w(118,2,1,7)
w(240,2,1,7)
r(224,5,1,7)
w(55,2,1,7)
r(143,6,1,7)
w(233,2,1,7)
r(348,1,1,7)
r(129,1,1,7)
r(229,1,1,7)
w(313,2,1,7)
w(352,2,1,7)
r(172,1,1,7)
w(100,2,1,7)
r(129,1,1,7)
w(168,2,1,7)
r(233,2,1,7)
r(281,1,1,7)
r(40,1,1,7)
w(300,2,1,7)
w(34,2,1,7)
w(249,2,1,7)
w(107,2,1,7)
w(199,2,1,7)
w(243,2,1,7)
w(25,2,1,7)
r(58,1,1,7)
w(226,2,1,7)
r(152,1,1,7)
w(302,2,1,7)
w(230,4,1,7)
r(212,1,1,7)
w(36,3,2,8)
r(219,1,2,8)
r(171,2,2,8)
w(205,4,2,8)
r(85,7,2,8)
r(317,1,2,8)
r(143,6,2,8)
r(350,1,2,8)
r(211,1,2,8)
r(312,1,2,8)
r(176,1,2,8)
w(257,16,2,8)
r(296,1,2,8)
r(30,2,2,8)
r(24,11,2,8)
w(110,16,2,8)
r(33,1,2,8)
w(68,16,2,8)
r(47,1,2,8)
w(101,3,2,8)
r(21,1,2,8)
r(30,2,2,8)
w(82,10,2,8)
w(220,15,3,9)
r(286,1,3,9)
w(258,16,3,9)
r(29,2,3,9)
w(320,14,3,9)
w(344,10,3,9)
w(157,13,3,9)
r(145,1,3,9)
r(231,17,3,9)
w(223,13,3,9)
w(178,3,3,9)
r(46,8,3,9)
r(41,1,3,9)
r(246,1,3,9)
w(2,11,3,9)
r(234,1,3,9)
r(247,1,3,9)
w(283,16,3,9)
w(51,11,3,9)
w(332,3,3,9)
r(359,1,3,9)
r(40,1,3,9)
w(131,15,3,9)
w(253,14,3,9)
r(263,1,3,9)
w(320,15,3,9)
w(76,3,3,9)
w(60,3,3,9)
r(243,2,3,9)
r(179,1,3,9)
r(10,15,3,9)
r(171,1,3,9)
w(7,10,3,9)
w(31,16,3,9)
w(94,15,3,9)
w(290,11,3,9)
r(12,1,3,9)
r(314,1,3,9)
w(81,15,4,10)
w(193,11,4,10)
r(140,1,4,10)
w(79,16,4,10)
r(347,11,4,10)
r(340,1,4,10)
r(13,1,4,10)
r(221,1,4,10)
r(220,5,4,10)
w(182,15,4,10)
w(251,13,4,10)
r(304,1,4,10)
r(301,1,4,10)
r(4,1,4,10)
w(119,13,4,10)
r(70,1,4,10)
w(32,16,4,10)
w(58,13,4,10)
r(144,1,4,10)
w(67,13,4,10)
w(60,11,4,10)
w(280,3,4,10)
w(212,16,4,10)
w(137,14,4,10)
r(65,1,4,10)
r(305,1,4,10)
w(275,15,4,10)
r(259,2,4,10)
r(189,1,4,10)
r(291,1,4,10)
w(90,15,4,10)
r(59,1,4,10)
w(129,14,4,10)
w(158,14,4,10)
r(65,1,4,10)
w(162,3,4,10)
r(329,1,4,10)
w(112,13,4,10)
r(145,1,4,10)
r(314,1,4,10)
w(107,14,4,10)
r(5,1,4,10)
r(43,1,4,10)
w(10,15,4,10)
r(316,1,4,10)
r(44,1,4,10)
w(254,15,4,10)
r(357,1,4,10)
r(335,1,4,10)
r(188,1,4,10)
r(105,1,5,11)
r(123,1,5,11)
w(271,7,5,11)
r(91,1,5,11)
w(108,5,5,11)
r(50,1,5,11)
r(285,1,5,11)
r(348,1,5,11)
w(311,13,5,11)
r(282,1,5,11)
r(235,1,5,11)
r(164,1,5,11)
r(357,1,5,11)
r(317,1,5,11)
r(352,1,5,11)
w(296,11,5,11)
w(255,16,5,11)
r(139,1,5,11)
w(111,7,5,11)
r(85,1,5,11)
w(15,11,5,11)
w(89,9,5,11)
r(255,16,5,11)
w(22,16,5,11)
r(301,1,5,11)
w(172,13,5,11)
w(197,3,5,11)
r(88,1,5,11)
r(126,1,5,11)
r(65,1,5,11)
r(323,1,5,11)
r(82,3,5,11)
w(182,13,5,11)
r(85,1,5,11)
r(18,1,5,11)
r(139,1,5,11)
r(70,1,5,11)
r(342,1,5,11)
r(133,1,5,11)
w(197,14,5,11)
w(260,15,5,11)
r(280,1,5,11)
w(59,7,5,11)
r(25,1,5,11)
r(38,1,5,11)
w(1,5,5,11)
r(172,13,5,11)
w(118,17,5,11)
r(135,1,5,11)
w(355,13,6,12)
r(246,1,6,12)
r(25,2,6,12)
r(172,1,6,12)
w(63,11,6,12)
r(289,1,6,12)
w(114,3,6,12)
r(277,1,6,12)
w(89,19,6,12)
r(99,1,6,12)
w(174,13,6,12)
w(224,17,6,12)
r(175,1,6,12)
w(216,16,6,12)
w(247,11,6,12)
w(33,17,6,12)
r(166,1,6,12)
r(291,1,6,12)
r(101,6,6,12)
w(147,8,6,12)
w(152,6,6,12)
w(39,7,6,12)
w(129,9,6,12)
r(189,1,6,12)
w(319,8,6,12)
w(283,13,6,12)
r(335,1,1,13)
w(348,2,1,13)
r(210,1,1,13)
w(290,2,1,13)
r(125,1,1,13)
w(77,2,1,13)
w(66,2,1,13)
w(246,2,1,13)
w(320,2,1,13)
r(78,7,1,13)
r(117,1,1,13)
r(127,1,1,13)
r(346,1,1,13)
r(44,1,1,13)
r(180,1,1,13)
w(350,2,1,13)
w(96,2,1,13)
r(299,1,1,13)
w(45,2,1,13)
w(88,2,1,13)
r(309,2,1,13)
w(12,2,1,13)
r(140,1,1,13)
r(287,1,1,13)
w(309,4,1,13)
r(100,2,1,13)
r(52,1,1,13)
w(283,2,1,13)
r(61,1,2,14)
w(263,10,2,14)
w(159,4,2,14)
w(60,10,2,14)
r(198,7,2,14)
r(270,1,2,14)
r(167,1,2,14)
r(186,1,2,14)
r(160,1,2,14)
w(131,10,2,14)
w(240,10,2,14)
r(119,13,2,14)
w(201,16,2,14)
r(168,2,2,14)
w(85,10,2,14)
r(212,16,2,14)
w(112,10,2,14)
w(316,14,2,14)
w(345,16,2,14)
w(267,10,2,14)
r(275,7,2,14)
r(206,1,2,14)
r(57,2,2,14)
w(309,14,2,14)
r(239,1,2,14)
w(149,2,2,14)
r(96,1,2,14)
r(245,2,2,14)
w(37,2,2,14)
w(22,2,2,14)
w(221,3,2,14)
w(66,14,2,14)
r(94,5,2,14)
r(184,10,2,14)
r(37,2,2,14)
r(81,17,2,14)
r(234,1,2,14)
w(150,10,2,14)
w(130,10,2,14)
w(304,10,2,14)
w(77,3,2,14)
w(278,4,2,14)
w(106,4,2,14)
r(93,14,2,14)
r(191,1,2,14)
w(88,3,2,14)
w(339,4,2,14)
r(191,1,2,14)
w(15,10,2,14)
r(218,1,2,14)
w(107,16,3,15)
r(332,1,3,15)
w(97,16,3,15)
r(188,1,3,15)
w(10,14,3,15)
w(174,3,3,15)
r(263,1,3,15)
r(143,6,3,15)
r(185,1,3,15)
r(231,17,3,15)
r(143,6,3,15)
w(98,11,3,15)
w(101,14,3,15)
r(81,15,3,15)
r(66,1,3,15)
w(127,3,3,15)
w(140,11,3,15)
w(68,15,3,15)
r(293,1,4,16)
r(304,1,4,16)
r(112,13,4,16)
r(70,1,4,16)
w(112,7,4,16)
r(187,1,4,16)
r(210,1,4,16)
w(99,11,4,16)
r(323,1,4,16)
r(130,1,4,16)
w(182,11,4,16)
r(355,1,4,16)
w(357,15,4,16)
r(133,1,4,16)
r(45,1,4,16)
r(45,1,4,16)
r(224,5,4,16)
w(257,7,4,16)
w(280,14,4,16)
w(43,11,4,16)
r(348,1,4,16)
w(323,17,5,17)
r(83,11,5,17)
w(138,13,5,17)
r(199,2,5,17)
r(85,1,5,17)
w(116,17,5,17)
w(203,17,5,17)
w(101,5,5,17)
w(312,5,5,17)
w(120,9,5,17)
r(46,8,5,17)
w(161,14,5,17)
w(272,15,5,17)
w(248,9,5,17)
r(211,1,5,17)
r(77,1,5,17)
w(56,15,5,17)
r(250,1,5,17)
r(330,1,5,17)
r(303,1,5,17)
r(196,5,5,17)
w(224,11,5,17)
r(84,1,5,17)
r(358,1,5,17)
r(105,1,5,17)
w(133,5,5,17)
r(338,1,5,17)
r(336,1,5,17)
r(311,1,5,17)
w(89,20,6,18)
r(255,1,6,18)
w(229,7,6,18)
w(289,8,6,18)
w(78,5,6,18)
w(46,6,6,18)
w(164,9,6,18)
r(111,2,6,18)
r(178,1,6,18)
r(116,8,6,18)
w(153,8,6,18)
r(73,1,6,18)
r(249,2,6,18)
r(283,1,6,18)
w(109,9,6,18)
w(34,7,6,18)
w(327,7,6,18)
r(342,1,6,18)
r(70,1,6,18)
w(257,8,6,18)
r(183,1,6,18)
w(334,7,6,18)
r(325,5,6,18)
r(87,4,6,18)
w(202,9,6,18)
r(137,14,6,18)
w(311,9,6,18)
w(271,17,6,18)
r(243,2,6,18)
r(16,1,6,18)
r(96,1,6,18)
w(84,14,6,18)
r(314,1,6,18)
w(182,7,6,18)
r(80,2,6,18)
r(306,1,6,18)
r(112,13,6,18)
w(89,22,6,18)
r(352,2,6,18)
r(25,2,6,18)
w(188,11,6,18)
r(275,15,6,18)
w(93,11,6,18)
r(311,9,6,18)
w(309,6,6,18)
w(158,5,6,18)
w(353,17,6,18)
r(94,1,1,19)
r(46,8,1,19)
r(147,9,1,19)
r(245,1,1,19)
w(209,2,1,19)
r(34,2,1,19)
w(164,2,1,19)
r(147,9,1,19)
w(13,2,1,19)
w(68,2,1,19)
w(38,2,1,19)
w(307,2,1,19)
r(306,7,2,20)
r(138,3,2,20)
r(297,7,2,20)
r(220,5,2,20)
r(283,1,2,20)
w(296,3,2,20)
r(173,1,2,20)
r(135,4,2,20)
w(120,3,2,20)
r(171,11,2,20)
r(145,1,2,20)
r(323,1,2,20)
r(74,1,2,20)
w(354,4,2,20)
w(350,16,2,20)
r(328,4,2,20)
r(153,1,2,20)
w(205,16,2,20)
r(187,2,2,20)
r(43,2,2,20)
w(275,10,2,20)
w(200,10,2,20)
r(64,1,2,20)
w(2,3,2,20)
w(185,16,2,20)
w(357,4,2,20)
w(215,4,2,20)
w(299,4,2,20)
w(63,16,2,20)
r(184,10,2,20)
r(292,13,2,20)
w(155,10,2,20)
w(203,11,2,20)
w(326,3,2,20)
w(32,4,2,20)
r(75,2,3,21)
w(81,3,3,21)
r(87,4,3,21)
r(197,1,3,21)
w(317,14,3,21)
w(193,15,3,21)
r(56,1,3,21)
w(121,3,3,21)
w(243,15,3,21)
r(315,1,3,21)
r(160,1,3,21)
w(336,10,3,21)
w(83,3,3,21)
r(57,2,3,21)
w(86,14,3,21)
r(161,1,3,21)
r(214,1,3,21)
w(287,7,3,21)
r(308,1,3,21)
w(272,10,3,21)
w(214,4,3,21)
w(143,3,3,21)
r(337,3,3,21)
w(46,15,3,21)
w(279,14,3,21)
w(290,7,3,21)
r(329,1,4,22)
r(93,2,4,22)
r(62,1,4,22)
w(194,5,4,22)
w(112,5,4,22)
r(61,1,4,22)
r(342,1,4,22)
r(198,7,4,22)
r(278,1,4,22)
r(345,1,4,22)
r(123,1,4,22)
r(114,1,4,22)
w(269,15,4,22)
w(244,7,4,22)
w(59,13,4,22)
r(92,1,4,22)
r(34,2,4,22)
r(229,1,4,22)
r(291,1,4,22)
w(257,5,4,22)
r(311,1,4,22)
r(71,1,4,22)
r(80,2,4,22)
r(225,1,4,22)
w(274,3,4,22)
r(187,2,4,22)
r(86,1,4,22)
w(4,14,4,22)
w(150,7,4,22)
r(335,1,4,22)
r(323,1,4,22)
w(151,14,4,22)
r(264,2,4,22)
w(337,3,4,22)
r(125,1,4,22)
w(80,3,4,22)
r(230,4,4,22)
r(309,10,4,22)
w(17,11,4,22)
w(91,14,4,22)
r(352,2,4,22)
w(128,3,4,22)
w(297,7,4,22)
r(122,1,4,22)
w(11,9,4,22)
w(46,13,4,22)
r(347,11,4,22)
w(276,9,4,22)
r(156,4,4,22)
r(205,5,4,22)
r(275,15,5,23)
r(305,2,5,23)
w(43,5,5,23)
r(135,4,5,23)
r(124,1,5,23)
w(3,13,5,23)
w(211,6,5,23)
w(58,5,5,23)
w(231,7,5,23)
r(344,15,5,23)
r(1,1,5,23)
w(1,9,5,23)
w(28,11,5,23)
r(272,1,5,23)
r(25,2,5,23)
r(197,1,5,23)
w(156,9,5,23)
w(349,19,5,23)
r(68,1,5,23)
r(79,16,5,23)
r(74,1,5,23)
w(301,3,5,23)
r(41,1,5,23)
r(43,5,5,23)
w(76,11,5,23)
r(124,1,5,23)
w(315,17,5,23)
r(278,1,5,23)
w(329,9,5,23)
r(91,14,5,23)
r(48,1,5,23)
w(227,15,5,23)
r(356,1,5,23)
w(243,9,5,23)
r(286,1,5,23)
r(161,1,5,23)
r(136,14,6,24)
w(358,5,6,24)
w(186,19,6,24)
r(216,1,6,24)
r(225,1,6,24)
r(193,11,6,24)
w(34,17,6,24)
r(220,5,6,24)
r(268,1,6,24)
r(356,1,6,24)
w(120,20,6,24)
w(60,6,6,24)
r(224,5,6,24)
w(66,24,6,24)
r(85,7,6,24)
w(100,9,6,24)
w(122,13,6,24)
w(268,7,6,24)
w(335,18,6,24)
r(263,1,6,24)
w(176,17,6,24)
w(35,13,6,24)
r(166,1,6,24)
w(156,22,6,24)
w(217,17,6,24)
r(15,1,6,24)
w(244,9,6,24)
r(22,1,6,24)
w(245,11,6,24)
w(227,7,6,24)
w(204,15,6,24)
r(341,2,6,24)
r(319,1,6,24)
r(176,17,6,24)
w(149,13,6,24)
r(253,1,6,24)
r(68,9,6,24)
r(276,9,6,24)
r(151,14,6,24)
r(89,1,6,24)
w(73,7,6,24)
r(352,2,6,24)
r(335,18,6,24)
w(171,2,1,25)
w(232,2,1,25)
w(13,4,1,25)
w(264,2,1,25)
r(97,1,1,25)
w(135,4,1,25)
r(300,2,1,25)
r(70,1,1,25)
w(59,2,1,25)
w(313,4,1,25)
w(53,2,1,25)
w(80,2,1,25)
r(313,4,1,25)
r(31,1,1,25)
w(36,2,1,25)
w(93,2,1,25)
r(65,1,1,25)
w(52,2,1,25)
w(67,4,1,25)
r(336,1,1,25)
r(243,2,1,25)
r(55,2,1,25)
w(63,4,1,25)
w(118,4,1,25)
r(138,1,1,25)
r(304,1,1,25)
w(3,2,1,25)
r(39,1,1,25)
r(304,1,1,25)
w(203,2,1,25)
r(246,1,1,25)
r(314,1,1,25)
r(327,1,1,25)
w(118,10,1,25)
r(199,2,1,25)
w(75,2,1,25)
w(277,2,1,25)
w(341,2,1,25)
r(308,1,1,25)
w(155,4,1,25)
r(350,1,1,25)
r(286,1,1,25)
w(195,2,1,25)
w(305,2,1,25)
r(118,10,1,25)
w(267,2,1,25)
r(24,11,1,25)
w(256,2,1,25)
w(285,2,1,25)
w(7,2,1,25)
w(289,16,2,26)
w(1,16,2,26)
w(82,16,2,26)
r(302,2,2,26)
r(210,8,2,26)
r(217,7,2,26)
w(149,4,2,26)
r(75,13,2,26)
r(239,1,2,26)
w(68,14,2,26)
r(109,1,2,26)
w(295,10,2,26)
r(122,15,2,26)
r(254,16,2,26)
r(288,2,2,26)
w(279,16,2,26)
w(140,16,2,26)
w(6,10,2,26)
w(124,10,2,26)
r(61,1,2,26)
w(285,7,2,26)
r(88,6,2,26)
r(16,10,2,26)
w(223,3,2,26)
r(295,10,2,26)
r(309,5,2,26)
w(244,3,2,26)
r(360,1,2,26)
r(356,1,2,26)
r(217,7,2,26)
r(306,2,2,26)
w(237,13,3,27)
r(51,9,3,27)
w(347,14,3,27)
r(153,1,3,27)
w(203,7,3,27)
w(323,15,3,27)
r(227,1,3,27)
r(51,9,3,27)
r(151,14,3,27)
r(338,1,3,27)
w(334,3,3,27)
r(111,2,3,27)
w(84,10,3,27)
r(34,2,3,27)
r(20,1,3,27)
w(214,10,3,27)
r(307,1,3,27)
w(53,3,3,27)
w(359,10,3,27)
r(260,1,3,27)
r(314,1,3,27)
w(283,3,3,27)
r(93,2,3,27)
r(60,11,3,27)
r(141,1,3,27)
r(23,1,3,27)
r(94,1,3,27)
w(59,3,3,27)
w(257,3,3,27)
r(113,1,3,27)
w(346,14,3,27)
r(81,15,3,27)
r(139,1,3,27)
r(90,15,3,27)
r(226,2,3,27)
r(229,1,3,27)
r(40,1,3,27)
r(9,1,3,27)
w(176,15,4,28)
r(293,1,4,28)
w(308,15,4,28)
r(263,1,4,28)
r(92,1,4,28)
w(43,13,4,28)
r(37,1,4,28)
w(275,11,4,28)
r(336,1,4,28)
r(296,1,4,28)
r(139,1,4,28)
r(344,15,4,28)
r(352,2,4,28)
w(290,5,4,28)
r(268,1,4,28)
w(112,17,4,28)
w(261,10,4,28)
r(174,1,4,28)
r(217,1,4,28)
w(256,11,4,28)
r(200,1,4,28)
w(175,11,4,28)
r(21,1,4,28)
w(85,11,4,28)
w(154,11,4,28)
w(28,14,4,28)
w(68,7,4,28)
r(98,9,4,28)
w(113,15,4,28)
r(155,4,4,28)
w(245,10,4,28)
r(329,1,4,28)
w(223,17,4,28)
w(181,17,4,28)
w(232,13,4,28)
w(200,7,4,28)
w(170,14,4,28)
r(110,1,4,28)
r(245,10,4,28)
w(301,16,4,28)
r(12,1,4,28)
r(286,1,4,28)
r(299,1,4,28)
r(173,1,4,28)
w(352,13,4,28)
w(180,5,4,28)
r(85,11,4,28)
r(163,1,4,28)
w(211,17,4,28)
w(293,3,5,29)
w(222,14,5,29)
w(267,11,5,29)
w(291,3,5,29)
r(213,1,5,29)
r(77,1,5,29)
r(191,1,5,29)
r(217,1,5,29)
r(325,5,5,29)
w(67,17,5,29)
w(96,6,5,29)
r(330,1,5,29)
w(288,14,5,29)
w(48,13,5,29)
w(151,11,5,29)
w(349,20,5,29)
r(6,1,5,29)
w(271,9,6,30)
r(8,14,6,30)
r(274,3,6,30)
w(329,19,6,30)
r(90,15,6,30)
w(40,20,6,30)
r(322,1,6,30)
r(164,4,6,30)
w(248,19,6,30)
w(312,17,6,30)
w(341,6,6,30)
r(320,1,6,30)
w(337,5,6,30)
w(102,13,6,30)
r(360,1,6,30)
r(104,1,6,30)
r(178,1,6,30)
w(306,17,6,30)
w(164,8,6,30)
w(27,17,6,30)
w(262,15,6,30)
w(211,22,6,30)
r(35,1,6,30)
w(10,17,6,30)
r(77,1,6,30)
w(261,14,6,30)
w(42,5,6,30)
r(231,13,6,30)
r(103,3,6,30)
r(156,4,6,30)
w(88,8,6,30)
w(254,7,6,30)
r(162,11,6,30)
w(149,5,6,30)
r(239,1,6,30)
r(79,16,6,30)
r(71,1,6,30)
w(191,13,6,30)
w(84,15,6,30)
r(160,1,6,30)
w(156,4,1,31)
w(324,4,1,31)
r(349,12,1,31)
r(337,1,1,31)
r(293,1,1,31)
r(194,1,1,31)
r(20,1,1,31)
r(80,2,1,31)
w(87,2,1,31)
r(251,13,1,31)
w(72,2,1,31)
r(323,1,1,31)
r(234,1,1,31)
w(201,2,1,31)
r(114,1,1,31)
r(82,3,1,31)
w(209,4,1,31)
w(297,4,1,31)
w(187,2,1,31)
r(353,5,1,31)
r(319,1,1,31)
w(164,4,1,31)
r(294,1,1,31)
r(108,1,1,31)
w(309,10,1,31)
r(179,1,1,31)
w(245,2,1,31)
r(15,1,1,31)
r(298,1,1,31)
r(103,14,1,31)
r(75,2,1,31)
w(105,2,1,31)
r(336,1,1,31)
r(23,1,1,31)
w(328,4,1,31)
r(43,1,1,31)
w(238,2,1,31)
r(237,1,1,31)
w(257,2,1,31)
w(87,4,1,31)
w(262,2,1,31)
w(126,2,1,31)
r(253,1,1,31)
w(13,10,1,31)
w(313,10,1,31)
w(4,2,1,31)
w(241,2,1,31)
w(84,2,1,31)
r(289,1,1,31)
w(30,2,1,31)
r(328,4,2,32)
r(154,9,2,32)
r(172,2,2,32)
r(180,4,2,32)
w(349,3,2,32)
r(209,3,2,32)
r(223,10,2,32)
r(159,4,2,32)
w(94,16,2,32)
w(336,4,2,32)
r(280,11,2,32)
r(106,3,2,32)
w(332,10,2,32)
w(56,10,2,32)
w(294,2,2,32)
w(243,10,2,32)
w(166,16,2,32)
w(70,16,2,32)
r(255,10,2,32)
r(42,2,2,32)
w(160,10,2,32)
w(233,13,2,32)
r(25,17,2,32)
w(4,4,2,32)
w(154,10,2,32)
r(50,4,2,32)
r(351,1,2,32)
w(355,10,2,32)
r(73,2,2,32)
r(57,15,2,32)
w(9,14,2,32)
w(323,16,2,32)
w(135,3,2,32)
r(154,10,2,32)
w(297,3,2,32)
w(133,16,2,32)
r(294,2,2,32)
r(22,2,2,32)
r(124,13,2,32)
w(243,16,2,32)
r(224,5,2,32)
r(262,2,2,32)
r(62,5,2,32)
w(135,14,2,32)
r(99,4,2,32)
w(17,4,2,32)
w(228,4,2,32)
r(162,11,3,33)
w(159,16,3,33)
w(1,14,3,33)
w(116,16,3,33)
w(278,10,3,33)
w(50,15,3,33)
w(232,15,3,33)
w(114,4,3,33)
w(173,14,3,33)
r(44,1,3,33)
r(52,2,3,33)
r(308,1,3,33)
w(3,15,3,33)
w(92,16,3,33)
w(223,7,3,33)
r(223,7,3,33)
r(109,1,3,33)
w(21,10,3,33)
r(309,10,3,33)
w(283,14,3,33)
r(59,13,3,33)
w(238,16,3,33)
r(107,14,3,33)
w(89,16,3,33)
w(210,7,3,33)
r(328,4,3,33)
w(334,11,4,34)
r(179,1,4,34)
w(168,15,4,34)
r(252,1,4,34)
r(121,1,4,34)
r(185,1,4,34)
r(58,13,4,34)
w(146,15,4,34)
w(115,13,4,34)
w(180,17,4,34)
r(322,1,4,34)
w(32,3,4,34)
r(357,1,4,34)
r(152,1,4,34)
r(262,2,4,34)
r(177,1,4,34)
r(174,1,4,34)
w(243,13,4,34)
r(294,1,4,34)
w(313,20,4,34)
w(282,13,4,34)
r(258,1,4,34)
r(129,14,4,34)
r(255,1,4,34)
r(43,17,4,34)
w(188,14,4,34)
w(147,11,4,34)
r(217,1,4,34)
w(30,15,4,34)
w(333,3,4,34)
r(208,1,4,34)
w(13,13,4,34)
w(123,16,4,34)
r(98,9,4,34)
w(248,13,4,34)
r(301,1,4,34)
w(47,10,4,34)
r(223,1,5,35)
w(136,14,5,35)
w(85,7,5,35)
r(286,1,5,35)
w(91,13,5,35)
w(134,17,5,35)
w(73,13,5,35)
r(73,13,5,35)
w(215,7,5,35)
w(54,7,5,35)
w(18,16,5,35)
w(210,9,5,35)
w(76,7,5,35)
w(43,17,5,35)
r(265,1,5,35)
w(244,17,5,35)
w(68,9,5,35)
r(334,1,5,35)
w(72,17,5,35)
r(4,14,5,35)
r(140,1,5,35)
r(70,1,5,35)
w(321,13,5,35)
r(117,1,5,35)
r(245,2,5,35)
w(241,5,5,35)
r(104,1,5,35)
w(51,9,5,35)
w(55,15,5,35)
r(81,15,5,35)
w(192,7,5,35)
r(60,11,5,35)
r(23,1,5,35)
r(295,1,5,35)
w(318,16,5,35)
r(60,11,5,35)
r(175,1,5,35)
w(162,11,5,35)
w(13,8,5,35)
r(258,1,5,35)
w(280,11,5,35)
r(36,2,5,35)
r(145,1,5,35)
r(328,4,5,35)
r(103,14,5,35)
w(101,17,5,35)
w(84,3,5,35)
w(132,11,5,35)
w(80,11,5,35)
r(111,2,5,35)
w(297,8,6,36)
w(253,13,6,36)
w(259,9,6,36)
w(275,9,6,36)
r(353,5,6,36)
r(353,5,6,36)
r(165,1,6,36)
w(69,17,6,36)
r(244,17,6,36)
w(93,13,6,36)
r(71,1,6,36)
r(75,2,6,36)
w(195,9,6,36)
r(350,9,6,36)
w(215,17,6,36)
r(103,3,6,36)
w(177,7,6,36)
r(21,1,6,36)
w(358,17,6,36)
r(169,1,6,36)
w(143,19,6,36)
r(349,12,6,36)
r(5,1,6,36)
w(150,19,6,36)
r(265,1,6,36)
w(343,17,6,36)
w(189,5,6,36)
w(335,2,1,37)
r(240,2,1,37)
r(217,1,1,37)
r(213,1,1,37)
r(179,1,1,37)
r(82,3,1,37)
w(239,2,1,37)
r(139,1,1,37)
w(15,4,1,37)
r(225,1,1,37)
r(216,1,1,37)
r(92,1,1,37)
w(99,2,1,37)
r(119,13,1,37)
w(233,10,1,37)
r(170,1,1,37)
r(5,1,1,37)
r(163,1,1,37)
w(12,4,1,37)
w(190,2,1,37)
w(226,4,1,37)
r(90,15,1,37)
r(204,1,1,37)
w(241,4,1,37)
w(72,4,1,37)
w(316,2,1,37)
r(101,6,1,37)
w(41,4,1,37)
r(292,13,1,37)
w(178,2,1,37)
r(334,1,1,37)
w(273,2,1,37)
r(324,4,1,37)
r(88,1,1,37)
w(33,2,1,37)
r(341,2,1,37)
w(36,4,1,37)
w(343,2,1,37)
r(132,1,1,37)
w(314,4,1,37)
w(39,2,1,37)
r(217,1,1,37)
w(138,2,1,37)
r(196,5,1,37)
w(76,2,1,37)
w(177,2,1,37)
w(316,4,1,37)
r(210,1,1,37)
r(2,1,2,38)
r(124,13,2,38)
r(158,14,2,38)
w(162,10,2,38)
w(158,16,2,38)
r(56,1,2,38)
w(1,3,2,38)
w(77,14,2,38)
r(177,1,2,38)
r(197,10,2,38)
r(92,4,2,38)
w(208,16,2,38)
w(341,16,2,38)
r(70,15,2,38)
r(54,7,2,38)
w(119,10,2,38)
r(101,15,2,38)
r(20,2,2,38)
r(326,13,2,38)
w(237,3,2,38)
r(131,10,2,38)
r(70,15,2,38)
r(334,1,3,39)
r(225,1,3,39)
w(177,10,3,39)
w(26,3,3,39)
w(313,9,3,39)
r(200,1,3,39)
r(131,1,3,39)
w(330,10,3,39)
w(66,19,3,39)
r(193,11,3,39)
r(139,1,3,39)
r(89,1,3,39)
r(126,2,3,39)
w(90,10,3,39)
r(5,1,3,39)
r(150,7,3,39)
w(152,5,3,39)
w(95,10,3,39)
r(126,2,3,39)
r(173,1,3,39)
w(61,14,3,39)
r(248,1,3,39)
r(98,9,3,39)
r(282,1,3,39)
w(217,14,3,39)
w(234,16,3,39)
r(166,1,3,39)
w(307,14,3,39)
r(4,14,3,39)
w(257,14,3,39)
w(105,9,4,40)
w(258,14,4,40)
w(255,10,4,40)
r(355,1,4,40)
w(88,11,4,40)
w(111,15,4,40)
w(315,13,4,40)
r(16,1,4,40)
w(211,9,4,40)
w(207,3,4,40)
w(231,13,4,40)
w(237,5,4,40)
r(304,1,4,40)
r(119,13,4,40)
w(337,14,4,40)
r(205,17,4,40)
w(243,7,4,40)
r(65,1,4,40)
r(143,6,4,40)
w(252,10,4,40)
w(8,14,4,40)
r(354,1,4,40)
r(21,1,4,40)
w(269,11,4,40)
w(230,11,4,40)
r(242,2,4,40)
r(340,1,4,40)
w(332,11,4,40)
w(93,14,4,40)
r(81,17,4,40)
r(92,1,4,40)
r(49,1,4,40)
w(184,10,4,40)
r(241,5,4,40)
w(86,13,4,40)
r(49,1,4,40)
r(247,1,4,40)
r(60,11,4,40)
w(300,16,4,40)
r(82,3,4,40)
r(195,2,4,40)
r(72,17,4,40)
r(22,1,4,40)
r(208,1,4,40)
w(237,17,4,40)
w(94,5,4,40)
r(311,7,4,40)
r(14,1,4,40)
w(128,14,4,40)
w(103,3,4,40)
w(53,13,5,41)
w(327,3,5,41)
r(74,1,5,41)
w(97,15,5,41)
w(336,11,5,41)
w(332,17,5,41)
r(336,11,5,41)
w(129,11,5,41)
r(322,1,5,41)
r(33,1,5,41)
w(253,15,5,41)
r(96,1,5,41)
r(55,15,5,41)
w(140,6,5,41)
w(107,15,5,41)
w(59,5,5,41)
w(131,5,6,42)
r(304,10,6,42)
r(308,10,6,42)
r(38,1,6,42)
r(327,1,6,42)
r(320,10,6,42)
r(186,1,6,42)
w(346,8,6,42)
w(269,9,6,42)
w(21,15,6,42)
w(302,6,6,42)
w(85,9,6,42)
r(241,5,6,42)
r(141,1,6,42)
r(347,11,6,42)
w(278,15,6,42)
r(189,1,6,42)
w(121,9,6,42)
w(124,11,6,42)
w(292,7,6,42)
w(355,7,6,42)
w(29,7,6,42)
w(242,7,6,42)
r(82,3,6,42)
w(205,9,6,42)
w(330,14,6,42)
w(17,17,6,42)
r(274,3,6,42)
r(302,6,6,42)
w(151,6,6,42)
r(299,1,6,42)
r(238,2,6,42)
w(183,14,6,42)
r(216,1,6,42)
r(164,4,1,43)
w(160,2,1,43)
r(277,2,1,43)
w(72,10,1,43)
w(196,2,1,43)
w(121,2,1,43)
r(258,1,1,43)
w(200,2,1,43)
w(104,2,1,43)
r(283,1,1,43)
r(208,1,1,43)
r(343,1,1,43)
w(323,3,2,44)
r(137,4,2,44)
w(328,16,2,44)
w(61,10,2,44)
w(32,10,2,44)
r(106,3,2,44)
w(283,10,2,44)
r(345,16,2,44)
w(335,15,2,44)
w(146,16,2,44)
r(318,14,2,44)
w(290,3,2,44)
r(321,13,2,44)
w(144,2,2,44)
w(248,15,2,44)
w(109,14,2,44)
w(200,16,2,44)
r(126,2,2,44)
w(164,16,2,44)
r(327,1,2,44)
w(100,16,2,44)
r(90,16,2,44)
r(204,1,2,44)
w(317,10,2,44)
r(134,17,2,44)
w(41,16,2,44)
w(253,16,2,44)
w(24,10,2,44)
r(250,5,2,44)
r(327,1,2,44)
w(250,3,2,44)
r(348,17,2,44)
r(204,1,2,44)
w(172,3,2,44)
r(99,4,2,44)
r(200,16,2,44)
r(259,15,2,44)
r(31,1,2,44)
w(307,16,2,44)
w(275,16,2,44)
w(119,16,2,44)
r(28,4,2,44)
r(349,4,2,44)
w(187,4,2,44)
w(51,3,2,44)
w(59,16,2,44)
w(24,16,2,44)
w(135,15,2,44)
r(252,10,2,44)
r(149,16,2,44)
r(157,8,3,45)
w(334,14,3,45)
r(137,14,3,45)
w(286,16,3,45)
r(337,14,3,45)
w(45,7,3,45)
r(17,7,3,45)
w(171,11,3,45)
w(38,3,3,45)
w(254,16,3,45)
w(112,15,3,45)
w(11,15,3,45)
r(254,16,3,45)
r(64,1,3,45)
r(261,1,3,45)
r(346,1,3,45)
w(231,14,3,45)
w(138,3,3,45)
r(219,1,3,45)
w(70,15,3,45)
w(27,14,3,45)
w(125,4,3,45)
r(168,2,3,45)
r(231,14,3,45)
r(82,3,3,45)
w(259,15,3,45)
w(103,10,3,45)
r(5,1,3,45)
r(122,15,3,45)
r(173,1,3,45)
w(229,3,3,45)
r(279,1,3,45)
w(41,3,3,45)
r(341,2,3,45)
r(355,1,3,45)
w(213,4,3,45)
r(28,1,3,45)
r(228,8,3,45)
w(313,8,3,45)
r(91,13,3,45)
r(9,7,3,45)
r(60,10,3,45)
r(207,3,3,45)
w(48,3,3,45)
w(141,4,3,45)
r(293,1,3,45)
r(125,4,3,45)
w(75,13,3,45)
w(33,14,3,45)
r(116,8,3,45)
w(256,13,4,46)
r(250,1,4,46)
w(16,15,4,46)
r(334,1,4,46)
w(227,16,4,46)
w(109,13,4,46)
r(325,5,4,46)
w(326,7,4,46)
w(269,13,4,46)
r(258,14,4,46)
r(9,7,4,46)
r(276,9,4,46)
w(341,13,4,46)
r(75,2,4,46)
w(125,16,4,46)
r(353,5,4,46)
w(49,15,4,46)
r(9,7,4,46)
w(89,11,4,46)
w(137,15,4,46)
r(278,1,4,46)
w(210,17,4,46)
w(209,13,4,46)
w(132,14,4,46)
r(243,7,4,46)
r(144,1,4,46)
r(354,1,4,46)
r(191,1,4,46)
r(6,1,4,46)
r(168,2,4,46)
r(197,1,4,46)
r(1,1,4,46)
r(263,1,5,47)
r(221,1,5,47)
w(259,7,5,47)
w(210,8,5,47)
r(164,4,5,47)
r(142,1,5,47)
r(190,1,5,47)
r(94,1,5,47)
w(337,13,5,47)
r(313,10,5,47)
w(183,16,5,47)
r(98,9,5,47)
w(296,13,5,47)
r(335,1,5,47)
w(222,15,5,47)
r(28,1,5,47)
r(307,1,5,47)
r(189,1,5,47)
w(7,3,5,47)
w(311,7,5,47)
r(192,7,5,47)
w(275,7,5,47)
r(103,14,5,47)
w(350,9,5,47)
w(335,8,5,47)
r(249,2,5,47)
w(205,17,5,47)
r(25,2,5,47)
w(140,19,5,47)
r(252,1,5,47)
r(35,1,5,47)
r(139,1,5,47)
w(335,6,5,47)
r(194,5,5,47)
w(113,7,5,47)
r(129,14,5,47)
r(151,14,5,47)
r(285,2,5,47)
r(352,2,5,47)
w(81,17,5,47)
r(173,1,5,47)
w(41,9,5,47)
r(91,13,5,47)
r(146,1,5,47)
r(339,1,5,47)
r(259,7,5,47)
w(112,6,5,47)
w(9,7,5,47)
w(147,7,5,47)
w(307,17,5,47)
r(159,4,6,48)
r(355,1,6,48)
w(174,5,6,48)
w(222,11,6,48)
r(66,14,6,48)
r(264,2,6,48)
r(292,13,6,48)
r(127,1,6,48)
w(234,5,6,48)
w(191,7,6,48)
r(150,10,6,48)
w(228,6,6,48)
r(218,1,6,48)
w(36,8,6,48)
r(220,5,6,48)
r(134,17,6,48)
w(244,8,6,48)
r(322,5,6,48)
r(66,14,6,48)
w(306,9,6,48)
r(3,2,6,48)
w(165,5,6,48)
w(148,9,6,48)
w(130,13,6,48)
w(318,3,6,48)
w(172,6,6,48)
r(91,13,6,48)
w(198,9,6,48)
r(347,11,6,48)
r(303,1,6,48)
r(244,8,6,48)
r(173,1,6,48)
w(175,6,6,48)
r(203,2,6,48)
w(58,8,6,48)
w(219,7,6,48)
r(4,14,6,48)
r(40,1,6,48)
w(198,8,6,48)
r(23,1,6,48)
r(46,9,6,48)
r(149,2,6,48)
w(265,7,6,48)
r(73,13,1,49)
r(119,13,1,49)
r(265,1,1,49)
w(27,10,1,49)
r(356,1,1,49)
w(254,2,1,49)
r(319,1,1,49)
w(328,10,1,49)
w(98,2,1,49)
w(26,4,1,49)
w(116,2,1,49)
w(248,2,1,49)
r(289,1,1,49)
w(276,2,1,49)
r(359,1,1,49)
w(181,4,1,49)
w(248,4,1,49)
w(281,4,1,49)
r(306,1,1,49)
w(191,2,1,49)
r(260,1,1,49)
w(105,16,1,49)
w(249,4,1,49)
r(230,4,1,49)
r(175,1,1,49)
r(39,1,1,49)
r(187,2,1,49)
w(39,4,1,49)
r(341,2,1,49)
w(12,10,1,49)
r(258,1,1,49)
r(126,2,1,49)
w(71,2,1,49)
w(10,4,1,49)
w(331,2,1,49)
r(350,13,2,50)
r(329,1,2,50)
r(287,19,2,50)
w(232,14,2,50)
r(276,9,2,50)
r(262,2,2,50)
w(271,4,2,50)
w(302,16,2,50)
w(21,4,2,50)
w(195,15,3,51)
w(96,7,3,51)
w(303,11,3,51)
w(206,3,3,51)
w(231,15,3,51)
r(127,1,3,51)
r(166,1,3,51)
w(96,5,3,51)
w(294,10,3,51)
r(51,9,3,51)
r(341,19,3,51)
r(101,17,3,51)
r(186,1,3,51)
w(137,3,3,51)
r(134,17,3,51)
w(19,16,3,51)
r(304,10,3,51)
w(347,15,3,51)
r(300,16,3,51)
r(13,8,3,51)
r(349,18,3,51)
r(97,1,3,51)
w(197,4,3,51)
w(197,10,3,51)
w(241,14,3,51)
w(143,14,3,51)
w(72,14,3,51)
w(90,16,3,51)
w(38,14,3,51)
w(153,11,3,51)
r(227,1,3,51)
r(347,15,3,51)
r(9,7,3,51)
r(194,5,3,51)
r(298,1,3,51)
r(125,4,3,51)
w(67,15,3,51)
r(33,6,3,51)
r(53,2,3,51)
w(188,10,3,51)
r(257,5,3,51)
w(149,16,3,51)
r(17,7,3,51)
r(177,1,3,51)
w(350,13,3,51)
w(138,14,3,51)
r(359,1,3,51)
r(248,1,3,51)
r(301,1,3,51)
r(83,7,3,51)
r(338,1,4,52)
w(129,15,4,52)
w(282,7,4,52)
r(177,1,4,52)
r(53,2,4,52)
w(111,11,4,52)
r(109,1,4,52)
r(284,13,4,52)
w(91,15,4,52)
r(341,2,4,52)
r(137,14,4,52)
w(341,7,4,52)
r(127,1,4,52)
r(68,9,5,53)
w(129,13,5,53)
w(193,5,5,53)
r(146,1,5,53)
r(147,7,5,53)
r(308,1,5,53)
w(247,14,5,53)
w(301,14,5,53)
w(206,15,5,53)
r(107,14,5,53)
r(179,1,5,53)
w(215,5,5,53)
w(305,7,5,53)
r(25,2,5,53)
w(74,7,5,53)
w(108,8,5,53)
w(21,14,5,53)
r(91,13,5,53)
r(296,13,5,53)
r(261,1,5,53)
r(172,1,5,53)
w(71,11,5,53)
w(256,17,5,53)
r(185,1,5,53)
w(64,15,5,53)
w(301,15,5,53)
w(326,19,5,53)
r(307,17,5,53)
r(26,1,5,53)
r(5,1,5,53)
w(184,16,5,53)
r(216,1,6,54)
w(58,6,6,54)
w(47,11,6,54)
w(169,11,6,54)
r(57,2,6,54)
w(357,7,6,54)
r(58,6,6,54)
r(110,1,6,54)
r(289,1,6,54)
w(251,9,6,54)
r(217,7,6,54)
r(47,11,6,54)
w(198,6,6,54)
w(124,13,6,54)
r(24,11,6,54)
w(341,19,6,54)
r(268,1,6,54)
r(156,8,6,54)
r(61,1,6,54)
w(169,13,6,54)
w(132,7,6,54)
r(217,7,6,54)
r(350,9,6,54)
r(50,1,6,54)
w(4,11,6,54)
w(25,17,6,54)
w(339,5,6,54)
w(226,7,6,54)
r(198,6,6,54)
r(38,3,6,54)
r(52,2,6,54)
r(58,6,6,54)
w(92,14,6,54)
w(33,8,6,54)
w(275,8,6,54)
r(222,15,6,54)
r(283,1,6,54)
w(33,6,6,54)
r(243,7,6,54)
w(115,17,6,54)
r(71,1,6,54)
w(83,7,6,54)
r(317,1,6,54)
w(88,6,6,54)
w(18,11,6,54)
r(233,2,6,54)
w(154,9,6,54)
r(266,1,6,54)
r(224,5,6,54)
w(66,21,6,54)
w(220,2,1,55)
r(142,1,1,55)
w(206,2,1,55)
w(35,2,1,55)
r(61,1,1,55)
w(341,4,1,55)
r(287,1,1,55)
w(265,4,1,55)
w(9,2,1,55)
r(357,1,1,55)
r(299,1,1,55)
r(118,10,2,56)
w(354,16,2,56)
w(341,3,2,56)
w(211,14,2,56)
r(152,4,2,56)
r(14,1,2,56)
r(225,1,2,56)
r(77,3,2,56)
r(152,4,2,56)
r(160,1,2,56)
w(272,2,2,56)
w(189,10,2,56)
w(287,11,2,56)
w(57,16,2,56)
w(160,16,2,56)
w(338,3,2,56)
r(243,8,2,56)
w(85,16,2,56)
w(73,14,2,56)
r(355,1,2,56)
w(276,14,2,56)
w(272,4,2,56)
r(14,1,2,56)
w(307,3,2,56)
r(340,1,2,56)
r(263,16,2,56)
w(304,16,2,56)
w(326,14,2,56)
w(53,16,2,56)
r(42,2,2,56)
r(209,3,2,56)
r(229,5,2,56)
w(214,2,2,56)
r(157,8,2,56)
r(88,6,2,56)
r(215,7,2,56)
w(29,10,2,56)
r(40,1,2,56)
r(142,1,2,56)
r(163,4,2,56)
w(62,4,2,56)
w(316,15,2,56)
r(235,2,2,56)
r(257,15,2,56)
w(181,3,2,56)
w(179,10,2,56)
r(110,11,2,56)
w(77,15,2,56)
w(93,3,2,56)
w(146,3,2,56)
r(165,1,3,57)
w(358,14,3,57)
w(155,14,3,57)
w(5,10,3,57)
r(230,11,3,57)
w(271,16,3,57)
r(235,2,3,57)
w(251,14,3,57)
w(323,11,3,57)
w(279,15,3,57)
r(154,9,3,57)
w(266,11,3,57)
r(197,10,3,57)
w(108,14,3,57)
r(114,1,3,57)
w(19,3,3,57)
r(196,5,3,57)
w(108,15,3,57)
r(51,9,3,57)
w(337,16,3,57)
r(174,11,3,57)
r(106,4,3,57)
w(179,16,3,57)
r(306,2,3,57)
w(198,16,3,57)
r(174,11,3,57)
w(336,16,3,57)
r(192,7,3,57)
w(317,15,3,57)
r(274,3,3,57)
r(326,20,3,57)
w(211,13,3,57)
w(271,3,3,57)
w(186,13,3,57)
r(164,4,3,57)
r(111,15,3,57)
r(346,1,3,57)
r(84,3,3,57)
w(52,10,3,57)
w(360,7,4,58)
w(225,11,4,58)
w(190,11,4,58)
w(324,13,4,58)
w(40,9,4,58)
r(243,7,4,58)
r(78,7,4,58)
r(167,1,4,58)
w(256,7,4,58)
w(53,7,5,59)
w(146,11,5,59)
r(164,4,5,59)
w(101,9,5,59)
w(1,8,5,59)
w(325,13,5,59)
r(199,2,5,59)
r(162,11,5,59)
w(67,9,5,59)
r(48,1,5,59)
w(248,8,5,59)
r(238,2,5,59)
r(20,1,5,59)
r(223,1,5,59)
r(278,4,5,59)
r(253,1,5,59)
r(264,2,5,59)
w(51,6,5,59)
r(292,13,5,59)
w(22,3,5,59)
w(139,15,5,59)
r(356,1,5,59)
w(3,5,5,59)
w(237,9,5,59)
w(262,3,5,59)
r(176,1,5,59)
w(284,14,5,59)
w(47,16,5,59)
w(321,7,5,59)
w(349,23,5,59)
r(10,15,5,59)
r(139,15,5,59)
r(103,3,5,59)
r(190,1,5,59)
r(218,1,5,59)
w(157,9,5,59)
w(25,13,5,59)
r(249,2,5,59)
r(86,13,5,59)
w(197,15,5,59)
w(348,17,6,60)
w(1,6,6,60)
r(139,1,6,60)
w(360,6,6,60)
w(318,14,6,60)
r(126,2,6,60)
w(229,5,6,60)
w(287,19,6,60)
w(111,6,6,60)
w(325,17,6,60)
w(250,5,6,60)
w(49,17,6,60)
w(344,11,6,60)
r(208,1,6,60)
w(12,9,6,60)
r(314,1,6,60)
w(193,19,6,60)
w(243,8,6,60)
r(323,4,6,60)
r(111,6,6,60)
r(109,1,6,60)
r(139,1,6,60)
r(51,9,6,60)
r(15,10,6,60)
r(239,1,6,60)
w(33,20,6,60)
w(25,9,6,60)
r(42,2,6,60)
r(202,5,6,60)
r(38,14,6,60)
r(285,3,6,60)
w(332,8,6,60)
r(76,7,6,60)
w(69,9,6,60)
r(273,7,6,60)
r(257,15,6,60)
w(325,9,6,60)
w(175,19,6,60)
r(282,1,6,60)
w(89,18,6,60)
r(227,1,6,60)
r(284,13,6,60)
w(360,19,6,60)
w(37,15,6,60)
r(265,1,6,60)
w(127,5,6,60)
r(255,10,6,60)
w(144,3,6,60)
r(187,2,6,60)
w(302,19,6,60)
w(300,4,1,61)
r(317,1,1,61)
r(305,2,1,61)
r(1,1,1,61)
w(302,4,1,61)
w(176,2,1,61)
w(64,2,1,61)
r(99,1,1,61)
w(16,4,1,61)
r(307,17,1,61)
r(325,5,1,61)
w(50,2,1,61)
r(266,1,1,61)
r(41,9,1,61)
w(83,2,1,61)
w(248,10,1,61)
r(323,1,1,61)
w(193,2,1,61)
w(51,2,1,61)
w(174,2,1,61)
w(231,4,1,61)
r(94,5,1,61)
w(163,2,1,61)
r(97,1,1,61)
r(77,1,1,61)
r(153,1,1,61)
w(356,3,2,62)
w(259,16,2,62)
w(150,15,2,62)
r(115,3,2,62)
w(215,10,2,62)
w(299,16,2,62)
r(345,16,2,62)
r(154,9,2,62)
r(107,14,2,62)
w(110,11,3,63)
w(164,14,3,63)
w(28,4,3,63)
w(69,4,3,63)
w(105,17,3,63)
w(106,3,3,63)
r(278,4,3,63)
w(83,14,3,63)
r(337,14,3,63)
r(90,16,3,63)
r(93,14,3,63)
w(179,3,3,63)
r(294,10,3,63)
r(241,14,3,63)
w(116,3,3,63)
w(101,15,3,63)
r(11,15,3,63)
w(103,16,3,63)
w(270,3,3,63)
w(257,15,3,63)
w(271,14,3,63)
r(180,4,3,63)
r(112,15,3,63)
r(51,9,3,63)
w(306,3,3,63)
w(11,11,3,63)
r(43,2,3,63)
r(360,1,3,63)
w(195,11,3,63)
w(263,16,3,63)
r(251,9,3,63)
w(346,11,3,63)
r(57,2,3,63)
r(40,1,3,63)
r(151,14,3,63)
r(302,2,3,63)
w(305,14,3,63)
w(174,14,3,63)
w(57,15,3,63)
w(89,3,3,63)
w(236,15,3,63)
r(235,2,3,63)
w(23,10,3,63)
w(254,3,3,63)
w(121,14,3,63)
r(70,15,3,63)
w(17,14,3,63)
w(326,13,3,63)
w(218,2,3,63)
w(222,16,3,63)
r(81,17,4,64)
r(136,14,4,64)
w(62,13,4,64)
w(242,14,4,64)
r(84,3,4,64)
w(49,13,4,64)
r(231,15,4,64)
r(303,11,4,64)
w(169,16,4,64)
w(191,11,4,64)
r(277,2,4,64)
w(10,13,4,64)
w(91,11,4,64)
r(225,1,4,64)
w(334,13,4,64)
r(294,10,4,64)
w(60,13,4,64)
r(322,5,4,64)
r(150,10,4,64)
r(22,2,4,64)
w(332,13,4,64)
w(316,17,4,64)
r(250,1,4,64)
r(150,10,4,64)
r(188,10,4,64)
w(235,15,4,64)
r(189,1,4,64)
w(154,5,4,64)
w(1,13,4,64)
w(122,15,5,65)
w(90,13,5,65)
w(217,7,5,65)
w(306,7,5,65)
w(32,15,5,65)
w(35,15,5,65)
r(27,16,5,65)
r(323,1,5,65)
w(156,8,5,65)
w(46,9,5,65)
r(188,1,5,65)
w(209,5,5,65)
r(222,15,5,65)
w(307,9,5,65)
w(349,18,5,65)
w(271,5,5,65)
w(309,5,5,65)
w(11,8,5,65)
w(63,15,5,65)
r(221,3,5,65)
r(263,10,5,65)
r(55,15,5,65)
w(175,17,5,65)
r(97,1,5,65)
w(270,11,5,65)
w(281,11,5,65)
r(248,1,5,65)
w(96,20,5,65)
w(117,15,5,65)
r(113,7,5,65)
r(240,10,5,65)
r(359,1,5,65)
w(121,17,5,65)
r(303,1,5,65)
r(64,1,5,65)
w(17,7,5,65)
w(62,5,5,65)
r(201,16,5,65)
r(326,4,5,65)
w(322,5,5,65)
r(149,2,5,65)
r(280,11,5,65)
r(327,1,5,65)
w(174,11,5,65)
w(157,8,5,65)
r(346,1,5,65)
w(326,20,5,65)
r(156,8,5,65)
r(135,4,5,65)
w(273,7,5,65)
r(183,16,6,66)
r(36,2,6,66)
r(147,7,6,66)
r(151,14,6,66)
w(289,19,6,66)
r(99,4,6,66)
r(190,4,6,66)
w(258,7,6,66)
w(160,13,6,66)
r(63,15,6,66)
r(177,1,6,66)
w(223,19,6,66)
w(342,11,6,66)
r(30,4,6,66)
w(103,13,6,66)
r(13,8,6,66)
w(297,6,6,66)
w(315,8,6,66)
r(13,8,6,66)
w(83,5,6,66)
w(27,16,1,67)
r(108,1,1,67)
r(145,1,1,67)
r(177,1,1,67)
w(20,2,1,67)
r(88,3,1,67)
r(96,1,1,67)
r(85,10,1,67)
r(239,1,1,67)
r(280,11,1,67)
r(24,11,1,67)
r(38,1,1,67)
w(288,2,1,67)
w(163,4,1,67)
w(236,2,1,67)
w(87,10,1,67)
w(235,2,1,67)
w(43,2,1,67)
r(62,1,1,67)
w(285,4,1,67)
w(342,2,1,67)
r(289,1,1,67)
r(305,2,1,67)
w(308,10,1,67)
w(332,2,1,67)
r(37,2,1,67)
w(16,10,1,67)
r(118,10,1,67)
w(175,10,1,67)
w(89,2,1,67)
r(216,1,1,67)
r(114,1,1,67)
w(48,2,1,67)
w(326,4,1,67)
r(201,16,1,67)
w(11,2,1,67)
r(106,4,1,67)
w(45,10,1,67)
r(351,1,1,67)
w(320,10,1,67)
w(223,4,1,67)
w(237,2,1,67)
r(166,1,1,67)
r(4,14,1,67)
w(316,10,1,67)
r(255,10,1,67)
r(90,15,1,67)
r(16,10,1,67)
w(295,2,1,67)
w(105,3,1,67)
w(242,10,2,68)
r(171,11,2,68)
r(24,16,2,68)
w(243,3,2,68)
r(161,1,2,68)
r(171,11,2,68)
w(147,4,2,68)
w(52,4,2,68)
r(284,13,2,68)
r(72,15,2,68)
w(322,10,2,68)
r(75,13,2,68)
r(347,15,2,68)
w(25,3,2,68)
r(129,2,2,68)
r(9,10,2,68)
r(108,1,2,68)
r(133,10,2,68)
w(303,15,2,68)
r(177,1,2,68)
w(108,4,2,68)
w(287,13,2,68)
w(170,10,2,68)
r(318,14,2,68)
w(61,16,2,68)
r(168,2,2,68)
r(214,2,2,68)
w(171,15,2,68)
w(200,14,2,68)
r(204,1,2,68)
w(223,15,2,68)
w(334,16,2,68)
w(329,14,2,68)
r(58,6,2,68)
r(5,1,2,68)
w(310,16,2,68)
w(268,16,2,68)
w(151,10,2,68)
r(76,7,2,68)
r(16,10,2,68)
r(138,8,2,68)
r(284,13,2,68)
r(285,5,2,68)
w(8,4,2,68)
w(229,4,2,68)
w(316,11,2,68)
r(340,1,2,68)
w(146,14,2,68)
r(246,15,2,68)
r(37,15,2,68)
r(290,3,3,69)
w(271,15,3,69)
r(320,10,3,69)
w(227,4,3,69)
r(156,8,3,69)
r(100,16,3,69)
w(80,16,3,69)
r(324,4,3,69)
r(80,16,3,69)
w(55,10,3,69)
r(326,13,3,69)
r(306,3,3,69)
w(205,14,3,69)
r(130,2,3,69)
r(183,16,3,69)
w(151,16,3,69)
w(91,10,3,69)
r(107,14,3,69)
r(210,8,3,69)
w(205,15,3,69)
r(265,1,3,69)
w(214,16,3,69)
r(176,1,3,69)
w(313,6,3,69)
w(324,14,3,69)
r(240,10,3,69)
w(199,3,3,69)
r(295,2,3,69)
w(338,15,3,69)
r(5,1,3,69)
r(34,2,3,69)
r(262,2,3,69)
r(228,8,3,69)
r(169,13,3,69)
r(193,19,3,69)
r(358,1,4,70)
w(42,15,4,70)
w(358,11,4,70)
w(80,15,4,70)
r(258,14,4,70)
w(135,17,4,70)
w(294,3,4,70)
r(303,11,4,70)
r(232,16,4,70)
r(329,1,4,70)
w(133,13,4,70)
w(105,8,4,70)
w(230,13,4,70)
r(148,17,4,70)
w(50,7,4,70)
w(70,13,4,70)
w(346,5,4,70)
r(268,1,4,70)
r(219,1,4,70)
w(113,13,4,70)
r(39,1,4,70)
w(295,15,4,70)
r(77,3,4,70)
r(315,13,4,70)
w(130,14,4,70)
r(158,14,4,70)
r(257,15,4,70)
r(290,9,4,70)
w(224,3,4,70)
w(231,5,5,71)
w(263,5,5,71)
w(156,6,5,71)
w(134,8,5,71)
w(255,3,5,71)
w(144,10,5,71)
r(265,1,5,71)
r(328,4,5,71)
r(180,1,5,71)
r(261,1,5,71)
w(52,14,5,71)
w(253,11,5,71)
w(252,16,5,71)
r(39,1,5,71)
w(358,13,5,71)
r(210,8,5,71)
w(347,13,5,71)
w(65,15,5,71)
r(193,11,5,71)
w(360,9,5,71)
w(60,17,5,71)
w(161,15,5,71)
w(131,7,5,71)
w(62,17,5,71)
r(339,4,5,71)
r(86,13,5,71)
r(179,1,5,71)
w(270,13,5,71)
r(194,5,5,71)
w(286,14,5,71)
w(152,8,5,71)
w(198,13,5,71)
r(13,8,5,71)
w(105,6,5,71)
r(178,1,5,71)
r(92,1,5,71)
w(25,7,5,71)
w(33,13,5,71)
r(189,1,5,71)
r(141,4,5,71)
w(38,11,5,71)
r(250,1,5,71)
w(43,6,6,72)
r(332,8,6,72)
w(243,6,6,72)
r(171,11,6,72)
w(158,6,6,72)
r(335,15,6,72)
r(101,15,6,72)
w(173,7,6,72)
r(341,19,6,72)
w(300,11,6,72)
r(338,1,6,72)
w(193,20,6,72)
r(47,11,6,72)
r(30,4,6,72)
w(19,9,6,72)
r(356,1,6,72)
w(93,7,6,72)
r(146,16,6,72)
w(60,19,6,72)
r(233,16,6,72)
r(53,4,6,72)
r(187,2,1,73)
r(131,10,1,73)
w(126,4,1,73)
r(22,2,1,73)
w(256,4,1,73)
w(273,4,1,73)
r(196,5,1,73)
r(6,1,1,73)
r(276,9,1,73)
w(210,2,1,73)
w(157,2,1,73)
w(44,4,1,73)
r(271,5,1,73)
r(66,14,1,73)
r(307,9,1,73)
w(285,10,1,73)
w(171,4,1,73)
w(157,4,1,73)
r(49,1,1,73)
w(74,2,1,73)
r(288,2,1,73)
r(55,15,1,73)
w(145,2,1,73)
w(58,4,1,73)
w(264,4,1,73)
r(244,17,1,73)
w(66,10,1,73)
w(303,4,1,73)
r(158,14,1,73)
r(172,1,1,73)
w(19,10,2,74)
r(231,16,2,74)
w(326,15,2,74)
w(239,14,2,74)
w(165,10,2,74)
r(168,2,2,74)
w(20,4,2,74)
w(191,16,2,74)
w(87,14,2,74)
w(187,10,2,74)
w(135,11,2,74)
r(153,11,2,74)
r(208,1,2,74)
w(119,3,2,74)
r(3,4,2,74)
w(36,14,2,74)
w(343,14,2,74)
w(358,3,2,74)
w(237,14,2,74)
r(310,16,2,74)
r(338,11,2,74)
w(253,3,2,74)
w(127,16,2,74)
w(264,14,2,74)
r(322,10,2,74)
w(270,10,2,74)
r(70,15,2,74)
r(135,11,2,74)
w(167,3,2,74)
w(269,3,2,74)
r(145,10,2,74)
w(143,16,2,74)
r(264,14,2,74)
w(122,10,2,74)
w(240,3,2,74)
r(290,3,2,74)
w(265,3,2,74)
w(31,4,2,74)
r(85,16,2,74)
w(325,4,2,74)
r(155,4,2,74)
w(220,16,2,74)
w(339,14,2,74)
r(333,1,2,74)
w(348,14,2,74)
r(121,15,2,74)
w(49,4,2,74)
r(108,4,2,74)
r(165,10,2,74)
w(35,4,2,74)
w(39,14,3,75)
w(62,3,3,75)
r(2,1,3,75)
w(259,11,3,75)
r(25,9,3,75)
w(186,7,3,75)
w(139,10,3,75)
r(41,16,3,75)
r(183,16,3,75)
w(134,11,3,75)
w(57,11,3,75)
w(315,11,3,75)
r(329,1,3,75)
w(189,16,3,75)
r(129,2,3,75)
r(56,1,3,75)
r(219,1,3,75)
w(279,11,3,75)
r(353,2,3,75)
w(345,11,3,75)
r(113,7,3,75)
w(312,11,3,75)
r(53,4,3,75)
w(76,14,3,75)
w(61,11,4,76)
r(297,7,4,76)
w(41,13,4,76)
r(257,15,4,76)
r(315,13,4,76)
w(122,14,4,76)
w(89,5,4,76)
r(51,3,4,76)
w(198,3,4,76)
r(196,5,4,76)
w(324,7,4,76)
r(183,16,4,76)
r(197,10,4,76)
r(111,6,4,76)
w(246,15,4,76)
r(34,2,4,76)
r(59,16,4,76)
w(293,16,4,76)
w(260,16,4,76)
r(183,16,4,76)
w(247,16,4,76)
r(297,7,4,76)
r(135,15,4,76)
r(193,19,4,76)
r(335,15,4,76)
w(81,13,4,76)
r(309,5,4,76)
w(302,11,4,76)
r(355,1,4,76)
r(237,2,4,76)
w(325,14,4,76)
r(161,1,4,76)
w(300,14,4,76)
w(322,15,4,76)
w(51,5,4,76)
r(349,4,4,76)
r(310,1,4,76)
w(337,15,4,76)
w(245,16,4,76)
r(83,14,4,76)
r(261,1,4,76)
r(107,14,4,76)
r(108,1,4,76)
w(170,11,4,76)
w(55,16,4,76)
r(287,19,4,76)
w(115,7,4,76)
r(264,2,4,76)
r(206,3,4,76)
w(84,16,4,76)
r(192,7,5,77)
w(172,7,5,77)
w(130,15,5,77)
r(73,13,5,77)
w(331,5,5,77)
r(76,7,5,77)
r(94,5,5,77)
w(40,6,5,77)
r(45,7,5,77)
r(355,1,5,77)
r(108,1,5,77)
w(187,15,5,77)
w(162,13,5,77)
w(164,13,5,77)
w(297,20,6,78)
w(44,5,6,78)
w(73,17,6,78)
r(293,16,6,78)
r(37,15,6,78)
r(30,4,6,78)
r(127,1,1,79)
r(77,3,1,79)
r(278,4,1,79)
r(64,1,1,79)
r(117,15,1,79)
w(43,4,1,79)
w(54,2,1,79)
w(335,4,1,79)
w(101,4,1,79)
w(115,2,1,79)
r(358,1,1,79)
r(310,1,1,79)
w(100,4,1,79)
r(167,1,1,79)
r(64,1,1,79)
w(133,4,1,79)
w(158,2,1,79)
r(255,10,1,79)
w(329,2,1,79)
w(48,4,1,79)
w(102,4,1,79)
r(308,10,1,79)
w(322,2,1,79)
r(196,5,1,79)
r(78,7,1,79)
r(51,9,1,79)
r(129,14,1,79)
r(236,2,1,79)
w(132,2,1,79)
w(83,4,1,79)
w(230,10,1,79)
r(52,2,1,79)
r(265,1,1,79)
r(230,10,1,79)
w(205,2,1,79)
w(194,2,1,79)
r(214,1,1,79)
w(195,4,1,79)
w(297,10,1,79)
r(154,2,1,79)
r(169,1,1,79)
r(59,13,1,79)
r(176,1,1,79)
r(287,1,1,79)
r(30,2,1,79)
r(286,1,1,79)
w(232,4,1,79)
r(236,2,1,79)
w(225,4,1,79)
r(309,5,2,80)
w(217,3,2,80)
w(202,16,2,80)
r(203,2,2,80)
w(135,13,2,80)
r(137,4,2,80)
w(45,13,2,80)
r(255,10,2,80)
r(213,4,2,80)
w(98,3,2,80)
r(126,2,2,80)
r(9,10,2,80)
r(325,4,2,80)
r(241,14,2,80)
w(98,14,2,80)
r(163,4,2,80)
r(317,10,2,80)
w(295,3,2,80)
w(208,14,2,80)
w(121,4,2,80)
w(200,15,2,80)
r(251,15,2,80)
r(49,4,2,80)
w(134,3,2,80)
w(46,3,2,80)
r(244,17,2,80)
w(241,3,2,80)
r(73,14,2,80)
w(251,3,2,80)
r(218,15,2,80)
r(331,1,2,80)
r(117,15,2,80)
w(315,3,2,80)
r(184,10,2,80)
w(119,14,2,80)
w(180,15,2,80)
r(104,4,2,80)
r(161,1,2,80)
r(346,7,2,80)
r(94,5,2,80)
w(133,14,2,80)
r(200,15,2,80)
r(39,1,2,80)
r(224,5,2,80)
w(276,15,2,80)
w(155,16,2,80)
r(146,16,3,81)
r(168,2,3,81)
r(306,3,3,81)
r(90,16,3,81)
r(254,3,3,81)
w(120,13,3,81)
w(243,11,3,81)
r(203,2,3,81)
w(266,13,3,81)
w(183,4,3,81)
r(312,10,3,81)
w(311,3,3,81)
r(335,15,3,81)
r(97,1,3,81)
r(86,13,3,81)
w(153,7,3,81)
r(268,1,3,81)
w(107,3,3,81)
w(307,11,3,81)
r(206,3,3,81)
r(285,3,3,81)
r(160,1,3,81)
w(123,4,3,81)
w(256,15,3,81)
w(227,14,4,82)
r(116,3,4,82)
r(142,1,4,82)
r(255,10,4,82)
w(192,13,4,82)
w(233,17,4,82)
r(145,1,4,82)
r(332,8,4,82)
w(64,16,4,82)
r(40,1,4,82)
r(27,14,4,82)
w(13,5,4,82)
r(22,2,5,83)
w(233,9,5,83)
w(8,11,5,83)
w(89,6,5,83)
r(114,1,5,83)
r(286,2,5,83)
w(206,11,5,83)
r(87,10,6,84)
w(222,13,6,84)
w(45,6,6,84)
w(75,6,6,84)
w(268,5,6,84)
r(70,15,6,84)
w(222,7,6,84)
r(222,7,6,84)
w(257,4,1,85)
w(168,4,1,85)
r(276,9,1,85)
r(156,8,1,85)
w(323,2,1,85)
w(313,16,1,85)
w(318,2,1,85)
w(231,10,1,85)
r(186,1,1,85)
r(133,1,1,85)
w(74,4,1,85)
r(82,3,1,85)
r(308,10,1,85)
r(306,7,1,85)
r(74,4,1,85)
r(290,9,1,85)
w(63,3,2,86)
w(78,4,2,86)
w(220,14,2,86)
w(288,16,2,86)
r(84,16,2,86)
w(150,11,2,86)
w(162,16,2,86)
w(352,16,2,86)
w(92,10,2,86)
r(9,10,2,86)
w(294,4,2,86)
w(191,14,2,86)
r(159,15,2,86)
w(281,16,2,86)
w(136,10,2,86)
r(222,16,2,86)
w(190,3,2,86)
w(57,14,2,86)
w(319,4,2,86)
r(256,2,2,86)
r(57,14,2,86)
w(352,3,2,86)
r(237,14,2,86)
r(303,15,2,86)
r(283,10,2,86)
w(26,16,2,86)
w(37,4,2,86)
r(117,14,2,86)
w(40,13,2,86)
w(75,14,2,86)
r(58,6,2,86)
w(270,16,2,86)
r(173,2,2,86)
r(249,2,2,86)
r(18,11,2,86)
w(239,11,2,86)
r(336,1,2,86)
r(269,3,2,86)
w(38,16,2,86)
r(124,15,2,86)
w(360,14,2,86)
r(26,16,2,86)
r(316,11,2,86)
w(317,16,2,86)
w(137,10,2,86)
r(230,5,2,86)
w(75,15,2,86)
r(44,10,2,86)
w(108,10,2,86)
w(14,4,2,86)
w(147,16,3,87)
w(285,5,3,87)
w(303,13,3,87)
w(100,11,3,87)
r(308,10,3,87)
w(115,3,3,87)
w(11,5,3,87)
w(72,15,3,87)
r(349,4,3,87)
w(319,15,3,87)
r(61,11,3,87)
r(255,10,3,87)
r(23,10,3,87)
r(267,10,3,87)
r(303,13,3,87)
w(147,3,3,87)
r(310,1,3,87)
w(192,14,3,87)
r(106,3,3,87)
w(50,11,3,87)
r(113,7,3,87)
w(167,11,3,87)
w(343,11,3,87)
r(86,13,3,87)
r(137,4,3,87)
w(335,11,3,87)
w(322,3,3,87)
r(86,13,3,87)
w(121,15,3,87)
w(2,13,3,87)
w(176,16,3,87)
w(338,11,3,87)
w(30,14,3,87)
r(76,7,3,87)
r(352,2,3,87)
r(205,17,3,87)
w(211,5,3,87)
r(254,3,3,87)
w(123,10,3,87)
w(170,3,3,87)
r(115,3,3,87)
w(145,10,3,87)
r(103,16,3,87)
w(135,7,3,87)
w(314,15,3,87)
r(275,16,3,87)
w(143,15,3,87)
w(183,10,3,87)
r(248,15,3,87)
r(291,14,3,87)
r(116,3,4,88)
r(201,16,4,88)
w(327,10,4,88)
r(242,2,4,88)
r(216,1,4,88)
w(140,9,4,88)
w(195,5,4,88)
r(172,3,4,88)
r(158,13,4,88)
r(29,2,4,88)
w(33,11,4,88)
r(334,14,4,88)
w(166,14,4,88)
r(313,8,4,88)
w(75,17,4,88)
w(246,11,4,88)
r(29,2,4,88)
w(341,17,4,88)
w(78,3,4,88)
r(124,13,4,88)
w(349,9,4,88)
r(139,1,4,88)
w(327,16,4,88)
w(240,11,4,88)
r(325,14,4,88)
w(72,7,4,88)
r(89,5,4,88)
r(243,8,4,88)
r(250,3,4,88)
w(116,5,4,88)
r(255,10,4,88)
r(253,16,4,88)
w(167,5,4,88)
r(95,1,5,89)
r(48,3,5,89)
r(298,1,5,89)
w(230,5,5,89)
w(158,13,5,89)
w(360,8,5,89)
w(28,5,5,89)
r(149,16,5,89)
w(291,14,5,89)
r(83,14,5,89)
w(28,17,5,89)
w(26,13,5,89)
r(124,13,5,89)
w(80,13,5,89)
w(305,5,5,89)
r(292,13,5,89)
r(75,13,5,89)
r(70,15,5,89)
r(215,7,5,89)
w(156,19,5,89)
w(112,23,5,89)
r(281,11,5,89)
w(138,8,5,89)
w(307,6,5,89)
r(342,4,5,89)
r(71,1,5,89)
w(276,6,5,89)
w(311,17,5,89)
r(202,5,5,89)
w(128,15,5,89)
r(185,1,5,89)
r(355,1,5,89)
w(218,15,5,89)
w(167,9,5,89)
w(19,13,5,89)
r(242,2,5,89)
r(173,2,5,89)
r(108,1,5,89)
r(205,17,5,89)
r(175,19,5,89)
w(175,9,5,89)
r(297,7,5,89)
w(193,9,5,89)
w(132,13,5,89)
w(354,13,5,89)
r(14,1,5,89)
w(56,13,5,89)
w(302,9,5,89)
r(315,13,5,89)
r(148,17,5,89)
r(285,5,6,90)
r(15,10,6,90)
r(79,16,6,90)
w(275,6,6,90)
w(21,11,6,90)
w(34,9,6,90)
w(279,8,6,90)
w(33,22,6,90)
r(340,1,6,90)
r(245,16,6,90)
r(15,10,6,90)
r(141,4,6,90)
r(36,2,6,90)
w(195,6,6,90)
r(250,3,6,90)
r(139,1,6,90)
w(52,13,6,90)
r(211,5,6,90)
w(2,8,6,90)
w(261,15,6,90)
r(87,10,6,90)
w(23,7,6,90)
w(348,9,6,90)
w(215,9,6,90)
r(165,1,6,90)
w(260,17,6,90)
w(232,8,6,90)
r(318,14,6,90)
r(2,8,6,90)
w(142,6,6,90)
r(119,16,6,90)
w(134,20,6,90)
w(36,20,6,90)
w(313,3,1,91)
w(256,16,1,91)
w(168,10,1,91)
r(360,1,1,91)
w(209,10,1,91)
w(38,4,1,91)
w(163,10,1,91)
w(12,16,1,91)
w(289,2,1,91)
w(269,14,2,92)
r(27,14,2,92)
w(197,2,2,92)
w(356,15,2,92)
w(8,10,2,92)
w(140,3,2,92)
w(264,11,2,92)
r(32,10,2,92)
w(44,14,2,92)
w(15,16,2,92)
r(60,10,2,92)
w(96,14,2,92)
r(129,16,2,92)
w(172,15,2,92)
w(210,11,2,92)
r(20,4,2,92)
w(198,10,2,92)
r(288,16,2,92)
r(298,14,2,92)
r(233,16,2,92)
w(107,10,2,92)
w(207,2,2,92)
w(140,14,2,92)
r(27,14,2,92)
r(130,2,2,92)
w(85,14,2,92)
r(99,4,2,92)
w(289,14,2,92)
r(99,4,2,92)
r(191,14,2,92)
r(253,3,2,92)
w(302,14,2,92)
w(140,15,2,92)
w(165,16,2,92)
r(184,10,2,92)
r(275,16,2,92)
w(22,4,2,92)
r(155,4,2,92)
r(116,3,2,92)
w(181,15,2,92)
r(227,1,2,92)
w(122,16,2,92)
w(325,10,2,92)
w(210,13,2,92)
r(224,14,2,92)
r(302,14,2,92)
w(312,15,2,92)
w(268,14,2,92)
w(89,10,2,92)
w(225,3,2,92)
w(360,11,3,93)
w(325,16,3,93)
r(195,11,3,93)
r(226,7,3,93)
r(304,16,3,93)
r(329,1,3,93)
r(314,15,3,93)
r(161,1,3,93)
r(326,14,3,93)
r(177,1,3,93)
w(86,15,3,93)
r(182,15,3,93)
w(160,3,3,93)
w(152,9,3,93)
w(289,13,3,93)
r(58,6,3,93)
w(94,13,3,93)
r(51,5,3,93)
r(3,4,4,94)
r(294,10,4,94)
r(260,16,4,94)
r(19,13,4,94)
r(337,15,4,94)
w(218,16,4,94)
w(186,9,4,94)
w(143,13,4,94)
w(119,7,4,94)
r(172,3,4,94)
r(247,16,4,94)
r(204,1,4,94)
r(86,13,4,94)
r(329,1,4,94)
r(223,10,4,94)
r(210,8,4,94)
r(262,2,4,94)
w(353,11,4,94)
r(8,14,4,94)
w(100,7,4,94)
r(338,11,4,94)
w(329,17,4,94)
w(70,7,4,94)
r(147,3,4,94)
w(198,14,4,94)
w(270,14,4,94)
r(86,13,4,94)
r(27,14,4,94)
r(118,10,4,94)
r(346,11,5,95)
w(22,14,5,95)
w(78,11,5,95)
w(214,14,5,95)
r(221,2,5,95)
r(145,10,5,95)
r(132,13,5,95)
r(79,16,5,95)
r(266,1,5,95)
w(308,5,5,95)
r(118,10,5,95)
w(150,9,5,95)
w(314,7,5,95)
r(274,3,5,95)
w(306,5,5,95)
w(233,8,5,95)
r(267,10,5,95)
w(177,11,5,95)
w(96,23,5,95)
r(151,10,5,95)
r(70,15,5,95)
r(307,3,5,95)
r(168,2,5,95)
r(53,16,5,95)
r(341,3,5,95)
w(119,17,5,95)
r(349,4,5,95)
w(280,7,5,95)
w(274,7,6,96)
r(153,11,6,96)
r(178,1,6,96)
r(201,16,6,96)
w(243,19,6,96)
w(280,5,6,96)
w(300,13,6,96)
w(308,9,6,96)
r(74,1,6,96)
w(304,8,6,96)
r(150,10,6,96)
w(11,20,6,96)
w(96,18,6,96)
w(25,6,6,96)
r(263,16,6,96)
w(338,7,6,96)
w(26,9,6,96)
r(15,10,1,97)
w(342,4,1,97)
w(115,4,1,97)
r(262,2,1,97)
r(290,9,1,97)
w(152,4,1,97)
w(180,4,1,97)
r(245,2,1,97)
w(173,2,1,97)
r(5,1,1,97)
w(289,4,1,97)
w(81,4,1,97)
w(209,16,1,97)
w(221,2,1,97)
r(244,17,1,97)
w(353,2,1,97)
r(236,2,1,97)
r(297,7,1,97)
w(105,14,1,97)
w(129,2,1,97)
w(209,3,1,97)
r(159,4,1,97)
w(246,4,1,97)
r(356,1,1,97)
r(204,1,1,97)
w(3,4,1,97)
w(44,10,1,97)
w(193,4,1,97)
r(90,16,1,97)
w(92,4,1,97)
r(280,11,1,97)
w(172,2,1,97)
w(306,2,1,97)
r(35,15,1,97)
r(215,7,1,97)
w(1,2,1,97)
r(345,16,1,97)
r(159,4,1,97)
w(73,2,1,97)
w(211,4,1,97)
w(133,10,1,97)
w(30,4,1,97)
w(6,2,1,97)
w(194,4,1,97)
w(269,4,1,97)
w(233,16,1,97)
r(25,17,1,97)
r(234,1,1,97)
r(17,7,1,97)
r(114,1,1,97)
r(320,10,3,98)
w(78,10,3,98)
r(286,2,3,98)
r(45,7,3,98)
w(185,14,3,98)
w(87,11,3,98)
r(170,10,3,98)
r(119,16,3,98)
w(302,15,3,98)
w(118,7,3,98)
w(75,7,3,98)
w(154,14,3,98)
w(21,16,3,98)
r(123,10,3,98)
r(163,4,3,98)
r(66,21,4,99)
w(315,5,4,99)
w(278,16,4,99)
w(29,14,4,99)
r(77,15,4,99)
r(106,3,4,99)
r(304,16,4,99)
r(178,1,4,99)
r(201,16,4,99)
w(117,16,4,99)
r(199,2,4,99)
r(108,4,4,99)
w(311,11,4,99)
w(69,11,4,99)
r(288,2,4,99)
r(239,14,4,99)
w(309,11,4,99)
w(158,15,4,99)
r(113,7,4,99)
r(166,1,5,100)
w(135,6,5,100)
r(82,3,5,100)
r(5,1,5,100)
r(92,4,5,100)
w(263,17,5,100)
r(301,1,5,100)
r(93,3,5,100)
w(259,17,5,100)
r(140,2,5,100)
r(13,8,5,100)
r(127,16,5,100)
w(151,17,5,100)
r(174,14,5,100)
r(302,9,5,100)
r(146,14,5,100)
w(78,13,5,100)
r(268,16,5,100)
r(251,9,5,100)
r(334,16,5,100)
w(133,9,5,100)
w(136,13,5,100)
r(285,5,5,100)
r(346,11,5,100)
r(232,16,5,100)
w(156,20,5,100)
w(285,19,5,100)
r(349,4,6,101)
w(21,7,6,101)
r(116,3,6,101)
w(327,5,6,101)
w(61,7,6,101)
w(222,5,6,101)
w(11,22,6,101)
r(159,4,6,101)
w(231,8,6,101)
r(22,2,6,101)
w(338,5,6,101)
r(182,15,6,101)
r(81,13,6,101)
r(154,9,6,101)
r(168,2,6,101)
r(55,16,6,101)
w(308,8,6,101)
r(181,3,6,101)
r(53,16,6,101)
w(91,5,6,101)
r(338,5,6,101)
w(31,8,6,101)
r(1,6,6,101)
w(103,5,6,101)
r(41,13,6,101)
r(321,13,6,101)
r(294,10,6,101)
w(194,9,6,101)
w(51,19,6,101)
w(325,8,6,101)
r(70,15,6,101)
w(167,6,6,101)
r(44,10,6,101)
w(137,4,1,102)
r(176,1,1,102)
r(169,13,1,102)
r(247,1,1,102)
w(323,4,1,102)
w(12,3,1,102)
r(129,2,1,102)
w(357,2,1,102)
w(140,2,1,102)
r(349,18,1,102)
r(124,13,1,102)
w(322,4,1,102)
w(349,4,1,102)
w(283,4,1,102)
w(53,4,1,102)
r(123,1,1,102)
r(103,10,1,102)
w(130,2,1,102)
r(305,2,1,102)
w(132,4,1,102)
r(218,1,1,102)
w(99,4,1,102)
r(294,10,1,102)
r(87,10,1,102)
r(212,16,1,102)
w(312,10,1,102)
r(151,14,1,102)
w(9,10,1,102)
w(104,4,1,102)
w(285,3,1,102)
r(353,2,1,102)
r(118,10,1,102)
w(223,10,1,102)
w(286,2,1,102)
r(99,4,1,102)
w(193,10,1,102)
r(41,3,1,102)
r(209,3,1,102)
r(184,10,1,102)
w(72,16,1,102)
r(16,10,1,102)
w(42,2,1,102)
w(146,2,1,102)
r(23,1,1,102)
r(293,1,1,102)
w(232,16,1,102)
r(252,10,1,102)
w(231,16,1,102)
w(190,4,1,102)
w(50,4,1,102)
r(149,16,3,103)
r(75,13,3,103)
w(155,15,3,103)
w(268,15,3,103)
r(155,15,3,103)
w(217,15,3,103)
r(360,8,3,103)
w(31,11,3,103)
w(233,5,3,103)
w(333,16,3,103)
r(111,6,3,103)
r(140,2,3,103)
w(325,3,3,103)
r(20,4,3,103)
w(2,17,4,104)
r(117,15,4,104)
w(34,11,4,104)
r(315,13,4,104)
w(234,15,4,104)
r(312,10,4,104)
w(143,7,4,104)
w(236,13,4,104)
r(354,16,4,104)
w(177,15,4,104)
w(188,15,4,104)
r(27,14,4,104)
r(287,13,4,104)
r(264,14,4,104)
r(180,4,4,104)
w(279,5,4,104)
w(274,14,4,104)
w(117,14,4,104)
r(181,3,4,104)
w(248,7,4,104)
w(101,11,4,104)
r(338,11,4,104)
r(171,15,4,104)
w(161,16,4,104)
r(39,1,4,104)
w(239,5,4,104)
w(272,14,4,104)
w(149,15,4,104)
w(28,15,4,104)
r(47,11,4,104)
w(51,17,4,104)
r(265,3,4,104)
r(328,16,4,104)
w(309,13,4,104)
w(287,8,4,104)
w(135,9,4,104)
r(308,10,4,104)
w(127,13,4,104)
w(147,13,4,104)
w(356,11,4,104)
r(219,1,4,104)
r(159,4,4,104)
w(121,13,4,104)
w(349,8,4,104)
w(276,8,4,104)
r(308,10,4,104)
r(87,14,4,104)
r(254,3,4,104)
w(14,3,4,104)
w(199,11,4,104)
r(304,16,5,105)
w(294,14,5,105)
r(209,3,5,105)
r(69,10,5,105)
r(176,16,5,105)
r(259,15,5,105)
r(101,15,5,105)
w(352,9,5,105)
r(166,1,5,105)
w(175,8,5,105)
r(32,10,5,105)
r(355,1,5,105)
w(358,7,5,105)
w(332,9,5,105)
r(51,5,5,105)
r(254,3,5,105)
r(310,16,5,105)
w(64,11,5,105)
r(94,5,5,105)
w(13,19,5,105)
r(171,15,5,105)
w(356,5,5,105)
r(267,3,5,105)
r(171,15,5,105)
w(47,14,5,105)
r(282,15,5,105)
w(150,8,5,105)
w(151,9,5,105)
w(302,8,5,105)
w(291,15,5,105)
w(97,11,5,105)
r(111,6,5,105)
w(305,17,5,105)
w(331,17,5,105)
r(52,4,5,105)
r(108,4,5,105)
r(84,16,5,105)
r(214,2,6,106)
r(233,16,6,106)
r(234,1,6,106)
r(21,1,6,106)
r(55,16,6,106)
w(168,5,6,106)
w(85,19,6,106)
w(266,9,6,106)
w(310,7,6,106)
r(249,2,6,106)
r(268,16,6,106)
w(318,15,6,106)
r(187,10,6,106)
r(171,15,6,106)
r(272,4,6,106)
w(314,5,6,106)
r(348,14,6,106)
r(21,1,6,106)
w(266,8,6,106)
r(164,16,6,106)
r(306,3,6,106)
r(350,13,6,106)
w(308,6,6,106)
w(192,9,6,106)
r(186,1,6,106)
w(280,17,6,106)
r(149,16,6,106)
w(348,8,6,106)
r(204,1,6,106)
w(289,22,6,106)
r(229,4,6,106)
r(345,16,6,106)
r(117,15,6,106)
r(296,13,6,106)
r(141,4,6,106)
r(143,16,6,106)
w(72,8,6,106)
r(139,16,6,106)
r(37,15,6,106)
r(127,16,6,106)
r(125,4,6,106)
r(90,16,6,106)
w(237,20,6,106)
r(71,1,6,106)
r(134,17,6,106)
w(354,2,1,107)
w(168,16,1,107)
r(110,11,1,107)
r(289,4,1,107)
r(289,4,1,107)
w(286,4,1,107)
r(326,13,1,107)
r(345,16,1,107)
r(194,4,1,107)
w(63,10,1,107)
r(143,14,1,107)
r(5,1,1,107)
r(169,13,1,107)
r(97,1,1,107)
r(21,1,1,107)
w(253,4,1,107)
r(325,5,1,107)
w(2,4,1,107)
r(10,15,1,107)
w(304,2,1,107)
w(239,10,1,107)
r(234,1,1,107)
w(178,14,3,108)
w(282,15,3,108)
w(69,10,3,108)
w(297,11,3,108)
r(353,2,3,108)
r(234,1,3,108)
w(118,5,3,108)
w(139,16,3,108)
r(322,10,3,108)
w(200,13,3,108)
w(251,15,3,108)
w(343,13,3,108)
w(157,7,3,108)
r(38,14,3,108)
r(319,15,3,108)
r(135,11,3,108)
r(258,14,3,108)
r(120,1,3,108)
w(56,3,3,108)
r(150,10,3,108)
r(17,14,3,108)
r(234,1,3,108)
r(278,4,3,108)
r(81,13,3,108)
w(346,7,3,108)
r(113,7,3,108)
w(142,15,3,108)
w(329,13,3,108)
w(156,13,3,108)
r(228,8,3,108)
r(202,5,3,108)
r(119,3,3,108)
r(128,15,3,108)
r(258,14,3,108)
r(359,1,3,108)
r(153,11,3,108)
r(309,5,3,108)
w(298,14,3,108)
w(242,16,3,108)
r(200,13,3,108)
r(144,2,3,108)
r(44,10,3,108)
r(302,9,3,108)
w(91,16,3,108)
w(129,16,3,108)
r(182,15,3,108)
r(232,16,3,108)
r(83,14,3,108)
w(267,3,3,108)
r(125,4,3,108)
w(75,9,4,109)
w(85,13,4,109)
w(224,14,4,109)
w(131,13,4,109)
r(12,9,4,109)
r(16,10,4,109)
w(124,15,4,109)
r(259,15,4,109)
w(159,15,4,109)
r(32,10,4,109)
r(238,2,4,109)
w(95,14,4,109)
w(321,3,4,109)
w(193,13,4,109)
w(250,13,4,109)
w(322,7,4,109)
r(186,1,4,109)
r(187,10,4,109)
r(110,11,4,109)
r(340,1,4,109)
r(238,2,4,109)
r(72,15,4,109)
r(241,14,4,109)
r(240,3,4,109)
r(354,16,4,109)
r(90,16,4,109)
r(246,15,4,109)
r(50,11,4,109)
r(284,13,4,109)
w(292,14,4,109)
r(66,21,4,109)
w(110,17,4,109)
w(243,5,4,109)
w(41,7,4,109)
r(190,4,4,109)
r(258,14,4,109)
w(340,15,4,109)
w(156,5,4,109)
w(323,5,4,109)
w(54,15,4,109)
r(130,2,4,109)
r(208,1,4,109)
w(304,9,4,109)
r(254,3,4,109)
w(228,15,4,109)
r(118,5,4,109)
r(264,14,4,109)
w(157,17,4,109)
w(65,16,4,109)
r(232,16,4,109)
w(179,14,5,110)
r(309,13,5,110)
w(196,13,5,110)
r(148,17,5,110)
w(309,9,5,110)
w(270,7,5,110)
r(208,1,5,110)
w(213,15,5,110)
w(199,5,5,110)
r(84,16,5,110)
w(106,15,5,110)
r(70,15,5,110)
w(327,15,5,110)
w(213,5,6,111)
r(143,7,6,111)
r(110,11,6,111)
r(112,23,6,111)
w(355,5,6,111)
r(134,17,6,111)
r(20,4,6,111)
w(202,6,6,111)
w(42,9,6,111)
w(282,9,6,111)
r(17,14,6,111)
r(75,13,6,111)
w(18,7,6,111)
w(216,3,6,111)
w(160,7,6,111)
w(131,17,6,111)
w(315,19,6,111)
w(74,9,6,111)
r(89,5,6,111)
w(73,9,6,111)
w(223,22,6,111)
w(127,8,6,111)
r(225,1,6,111)
r(305,5,6,111)
w(15,5,6,111)
w(107,4,1,112)
w(132,10,1,112)
r(82,3,1,112)
w(315,10,1,112)
r(301,1,1,112)
w(157,3,1,112)
r(132,10,1,112)
r(318,14,1,112)
w(208,2,1,112)
r(133,10,1,112)
r(258,14,1,112)
w(358,4,1,112)
r(32,10,1,112)
r(72,16,1,112)
w(99,10,1,112)
w(104,10,1,112)
w(152,10,1,112)
r(346,11,1,112)
r(249,2,1,112)
w(186,4,1,112)
r(152,10,1,112)
r(51,3,1,112)
w(250,2,1,112)
r(145,1,1,112)
w(349,17,3,113)
r(33,20,3,113)
r(78,7,3,113)
r(196,5,3,113)
r(288,2,3,113)
w(139,3,3,113)
w(48,15,3,113)
r(240,3,3,113)
r(336,1,3,113)
w(254,14,3,113)
w(304,13,3,113)
r(132,13,3,113)
r(50,11,3,113)
w(169,2,3,113)
w(45,17,3,113)
r(189,10,3,113)
r(325,4,3,113)
w(226,14,3,113)
r(170,10,4,114)
r(20,4,4,114)
w(9,13,4,114)
r(349,8,4,114)
w(241,13,4,114)
r(297,11,4,114)
w(151,15,4,114)
r(276,8,4,114)
w(167,17,4,114)
r(68,9,4,114)
r(245,16,4,114)
r(49,4,4,114)
r(109,14,4,114)
r(110,17,4,114)
r(57,16,4,114)
r(62,4,4,114)
w(16,11,4,114)
r(274,14,4,114)
w(66,12,4,114)
w(308,7,4,114)
w(332,7,4,114)
r(238,2,4,114)
r(297,11,5,115)
r(167,3,5,115)
w(180,19,5,115)
w(309,8,5,115)
r(185,1,5,115)
w(211,19,5,115)
r(262,2,5,115)
r(343,13,5,115)
w(241,17,5,115)
w(49,7,5,115)
r(75,9,5,115)
r(1,6,5,115)
w(242,13,5,115)
r(359,1,5,115)
r(327,1,5,115)
r(79,16,5,115)
w(288,13,5,115)
w(217,5,5,115)
w(241,9,5,115)
r(4,11,5,115)
r(309,8,5,115)
w(266,5,5,115)
w(26,7,5,115)
w(264,17,5,115)
r(155,4,5,115)
r(299,1,5,115)
r(266,5,5,115)
w(319,9,5,115)
w(136,5,5,115)
r(288,13,5,115)
w(9,5,5,115)
r(65,16,5,115)
r(77,15,5,115)
w(322,9,5,115)
w(14,11,5,115)
r(319,9,5,115)
r(135,9,5,115)
r(293,16,5,115)
w(3,9,5,115)
r(325,4,5,115)
r(176,16,6,116)
r(32,10,6,116)
w(16,5,6,116)
w(56,7,6,116)
w(291,7,6,116)
w(51,20,6,116)
r(191,16,6,116)
w(310,5,6,116)
r(281,11,6,116)
r(235,2,6,116)
r(277,2,6,116)
r(321,3,6,116)
r(294,10,6,116)
w(288,9,6,116)
r(13,8,6,116)
w(102,7,6,116)
w(69,6,6,116)
r(99,4,6,116)
w(342,7,6,116)
r(139,16,6,116)
w(87,19,6,116)
w(142,19,6,116)
w(296,4,1,117)
r(75,13,1,117)
w(181,10,1,117)
w(275,2,1,117)
w(102,10,1,117)
r(115,4,1,117)
r(166,1,1,117)
w(260,2,1,117)
w(210,4,1,117)
w(148,10,1,117)
r(226,7,1,117)
r(20,2,1,117)
r(99,4,1,117)
r(57,15,1,117)
r(288,2,1,117)
r(251,9,1,117)
w(190,10,1,117)
w(341,10,1,117)
r(258,14,1,117)
w(140,4,1,117)
r(356,1,1,117)
r(126,2,1,117)
w(79,4,1,117)
r(183,16,1,117)
w(78,2,1,117)
w(25,14,3,118)
r(129,16,3,118)
r(270,10,3,118)
r(78,7,3,118)
r(145,10,3,118)
w(327,4,3,118)
w(341,14,3,118)
r(341,14,3,118)
r(12,9,3,118)
r(107,14,3,118)
r(198,3,3,118)
w(308,14,3,118)
w(6,11,3,118)
w(127,14,3,118)
w(76,15,3,118)
w(59,15,3,118)
w(155,13,4,119)
w(324,5,4,119)
w(14,14,4,119)
w(1,7,4,119)
w(285,17,4,119)
r(26,13,4,119)
r(163,4,4,119)
r(342,4,4,119)
r(5,1,4,119)
r(51,17,4,119)
r(268,16,4,119)
w(156,17,4,119)
w(162,15,4,119)
r(78,7,4,119)
w(267,15,4,119)
w(12,13,4,119)
w(23,14,5,120)
r(315,13,5,120)
w(88,9,5,120)
w(248,6,5,120)
r(111,6,5,120)
r(275,16,5,120)
w(147,17,5,120)
w(164,17,5,120)
r(69,10,5,120)
w(355,11,5,120)
r(18,11,5,120)
r(115,3,5,120)
r(332,8,5,120)
r(339,14,5,120)
w(218,11,5,120)
w(192,5,5,120)
r(126,2,5,120)
w(157,6,5,120)
w(196,7,5,120)
r(91,16,5,120)
w(185,11,5,120)
r(305,5,5,120)
r(18,11,6,121)
r(173,2,6,121)
r(185,1,6,121)
r(208,1,6,121)
w(151,20,6,121)
w(85,20,6,121)
w(118,20,6,121)
r(288,16,6,121)
r(28,15,6,121)
r(208,1,6,121)
r(125,4,6,121)
w(273,17,6,121)
w(97,7,6,121)
r(28,15,6,121)
w(341,20,6,121)
w(50,5,6,121)
w(127,6,6,121)
w(299,13,6,121)
w(91,17,6,121)
w(323,19,6,121)
r(201,16,6,121)
w(96,12,6,121)
w(76,9,6,121)
w(113,17,6,121)
w(176,9,6,121)
w(207,13,6,121)
w(327,17,6,121)
r(24,16,6,121)
r(300,14,6,121)
r(105,17,6,121)
w(283,17,6,121)
w(318,13,6,121)
w(162,8,6,121)
w(339,17,6,121)
r(94,5,6,121)
r(191,14,6,121)
r(278,4,6,121)
r(259,15,6,121)
r(6,2,6,121)
r(344,11,6,121)
w(186,20,6,121)
r(155,4,6,121)
r(173,2,6,121)
w(320,5,6,121)
w(266,6,6,121)
w(170,17,6,121)
w(36,23,6,121)
w(245,13,6,121)
w(113,9,6,121)
w(241,6,6,121)
r(352,2,1,122)
w(345,2,1,122)
w(244,4,1,122)
w(146,4,1,122)
r(123,10,1,122)
r(267,10,1,122)
w(67,10,1,122)
r(263,16,1,122)
r(28,17,1,122)
w(120,4,1,122)
r(315,13,1,122)
w(45,15,1,122)
r(167,3,1,122)
r(183,10,1,122)
r(347,15,1,122)
w(226,10,1,122)
r(264,14,1,122)
r(325,4,1,122)
w(353,4,1,122)
r(10,15,1,122)
w(88,10,1,122)
r(187,10,1,122)
r(153,11,1,122)
r(282,15,3,123)
w(240,14,3,123)
w(87,13,3,123)
w(189,15,3,123)
r(60,10,3,123)
r(87,13,3,123)
w(305,15,3,123)
r(281,11,3,123)
r(197,10,3,123)
r(86,13,3,123)
w(50,13,3,123)
r(205,17,3,123)
w(238,14,3,123)
w(336,14,3,123)
r(245,16,4,124)
r(35,4,4,124)
w(193,7,4,124)
w(327,11,5,125)
w(343,5,5,125)
r(291,16,5,125)
w(204,14,5,125)
w(150,6,5,125)
w(116,9,5,125)
r(70,15,5,125)
w(36,17,5,125)
w(285,20,5,125)
r(243,5,5,125)
w(335,22,5,125)
r(268,16,5,125)
r(144,2,5,125)
w(114,16,5,125)
w(267,13,5,125)
r(358,3,5,125)
r(330,1,5,125)
r(185,1,5,125)
w(24,13,5,125)
r(276,8,5,125)
r(156,5,5,125)
r(43,2,5,125)
w(39,13,5,125)
w(250,7,5,125)
w(117,11,5,125)
r(288,16,5,125)
w(327,13,5,125)
r(172,3,5,125)
w(44,17,6,126)
w(231,6,6,126)
r(294,4,6,126)
w(218,5,6,126)
w(302,20,6,126)
r(89,10,6,126)
w(351,5,6,126)
w(229,17,6,126)
w(213,17,6,126)
w(5,7,6,126)
w(287,22,6,126)
r(232,16,6,126)
r(94,5,6,126)
w(53,17,6,126)
r(264,11,6,126)
w(43,20,6,126)
r(182,15,6,126)
w(47,13,6,126)
w(140,18,6,126)
w(98,8,6,126)
w(216,14,6,126)
r(272,14,6,126)
r(6,2,6,126)
r(317,16,6,126)
w(156,23,6,126)
w(305,9,6,126)
w(266,19,6,126)
w(57,17,6,126)
r(275,16,6,126)
w(355,17,6,126)
w(91,9,6,126)
w(19,6,6,126)
w(184,14,6,126)
w(46,20,6,126)
r(210,13,6,126)
w(190,8,6,126)
r(21,1,6,126)
w(141,15,6,126)
w(300,7,6,126)
r(217,7,6,126)
w(44,9,6,126)
w(296,5,6,126)
w(88,22,6,126)
w(214,13,6,126)
w(258,5,6,126)
w(185,5,6,126)
r(177,15,6,126)
w(197,13,6,126)
w(102,5,6,126)
r(167,3,6,126)
w(145,4,1,127)
r(166,1,1,127)
w(77,16,1,127)
r(151,10,1,127)
w(269,10,1,127)
w(340,2,1,127)
r(38,14,1,127)
r(146,14,1,127)
w(304,4,1,127)
w(212,2,1,127)
w(203,3,1,127)
w(217,4,1,127)
r(324,7,1,127)
r(344,11,1,127)
w(111,10,1,127)
r(211,5,1,127)
w(119,4,1,127)
r(14,1,1,127)
r(352,2,1,127)
r(283,10,1,127)
w(237,10,1,127)
r(167,3,1,127)
w(356,2,1,127)
w(175,16,1,127)
w(338,2,1,127)
r(302,9,1,127)
r(21,1,1,127)
w(170,2,1,127)
w(73,4,1,127)
r(252,10,1,127)
w(186,16,1,127)
r(286,2,1,127)
w(331,16,1,127)
r(219,1,1,127)
w(235,10,1,127)
r(7,3,1,127)
w(263,4,1,127)
r(244,17,1,127)
r(327,1,1,127)
w(68,10,1,127)
w(147,2,1,127)
w(140,13,3,128)
r(296,13,3,128)
r(304,9,3,128)
w(338,13,3,128)
r(102,1,3,128)
r(96,5,3,128)
r(155,4,3,128)
r(85,13,3,128)
r(348,14,3,128)
r(27,14,3,128)
r(175,9,3,128)
r(92,4,3,128)
r(293,16,3,128)
w(282,11,3,128)
w(147,14,3,128)
r(4,11,3,128)
w(36,15,3,128)
r(54,15,3,128)
r(157,17,3,128)
r(192,14,3,128)
w(59,11,3,128)
r(132,13,3,128)
w(174,15,3,128)
w(245,14,4,129)
w(249,13,4,129)
w(87,5,4,129)
r(306,3,4,129)
w(273,13,4,129)
r(6,2,4,129)
w(303,17,4,129)
w(235,11,4,129)
w(65,3,4,129)
w(74,11,4,129)
r(103,16,4,129)
w(314,13,4,129)
w(125,14,4,129)
r(137,4,4,129)
r(115,3,4,129)
r(184,10,4,129)
r(307,3,4,129)
r(102,1,4,129)
w(275,13,4,129)
r(279,5,4,129)
r(54,15,4,129)
w(140,8,4,129)
r(23,10,4,129)
w(346,16,1,130)
r(212,16,1,130)
w(168,3,1,130)
r(144,2,1,130)
w(82,2,1,130)
r(289,4,1,130)
r(204,1,1,130)
r(213,4,1,130)
r(39,1,1,130)
r(259,15,1,130)
w(355,4,1,130)
r(247,16,1,130)
w(306,10,1,130)
w(248,16,1,130)
w(18,2,1,130)
w(356,4,1,130)
w(160,4,1,130)
r(257,15,1,130)
w(279,4,1,130)
r(266,1,1,130)
r(143,7,1,130)
w(348,10,1,130)
w(162,2,1,130)
r(129,16,1,130)
r(270,10,1,130)
r(119,3,1,130)
r(311,17,1,130)
r(317,16,4,131)
w(240,13,4,131)
r(221,2,4,131)
r(160,16,4,131)
w(270,15,4,131)
w(328,7,4,131)
r(116,3,4,131)
w(54,11,4,131)
r(243,5,4,131)
w(239,17,4,131)
w(166,15,4,131)
r(173,2,4,131)
w(75,8,4,131)
w(291,16,4,131)
r(339,14,4,131)
w(160,11,4,131)
r(37,4,4,131)
w(111,13,4,131)
r(117,14,4,131)
w(313,22,4,131)
w(349,6,4,131)
r(239,17,4,131)
r(179,10,4,131)
w(161,3,4,131)
r(337,15,4,131)
w(7,16,4,131)
r(263,16,4,131)
r(189,10,4,131)
r(46,9,4,131)
r(255,10,4,131)
w(108,11,4,131)
w(181,9,4,131)
r(150,11,4,131)
r(209,3,4,131)
r(133,10,4,131)
r(290,3,4,131)
r(243,5,4,131)
r(139,16,4,131)
w(102,15,4,131)
w(108,13,4,131)
r(16,10,4,131)
w(178,17,4,131)
r(36,14,4,131)
w(218,3,4,131)
r(83,14,4,131)
r(77,15,4,131)
r(181,9,4,131)
w(108,7,4,131)
w(287,6,4,131)
r(356,11,4,131)
