w(1,1,0,0)
w(2,1,0,0)
w(3,1,0,0)
w(4,1,0,0)
w(5,1,0,0)
w(6,1,0,0)
w(7,1,0,0)
w(8,1,0,0)
w(9,1,0,0)
w(10,1,0,0)
w(11,1,0,0)
w(12,1,0,0)
w(13,1,0,0)
w(14,1,0,0)
w(15,1,0,0)
w(16,1,0,0)
w(17,1,0,0)
w(18,1,0,0)
w(19,1,0,0)
w(20,1,0,0)
w(21,1,0,0)
w(22,1,0,0)
w(23,1,0,0)
w(24,1,0,0)
w(25,1,0,0)
w(26,1,0,0)
w(27,1,0,0)
w(28,1,0,0)
w(29,1,0,0)
w(30,1,0,0)
w(31,1,0,0)
w(32,1,0,0)
w(33,1,0,0)
w(34,1,0,0)
w(35,1,0,0)
w(36,1,0,0)
w(37,1,0,0)
w(38,1,0,0)
w(39,1,0,0)
w(40,1,0,0)
w(41,1,0,0)
w(42,1,0,0)
w(43,1,0,0)
w(44,1,0,0)
w(45,1,0,0)
w(46,1,0,0)
w(47,1,0,0)
w(48,1,0,0)
w(49,1,0,0)
w(50,1,0,0)
w(51,1,0,0)
w(52,1,0,0)
w(53,1,0,0)
w(54,1,0,0)
w(55,1,0,0)
w(56,1,0,0)
w(57,1,0,0)
w(58,1,0,0)
w(59,1,0,0)
w(60,1,0,0)
w(61,1,0,0)
w(62,1,0,0)
w(63,1,0,0)
w(64,1,0,0)
w(65,1,0,0)
w(66,1,0,0)
w(67,1,0,0)
w(68,1,0,0)
w(69,1,0,0)
w(70,1,0,0)
w(71,1,0,0)
w(72,1,0,0)
w(73,1,0,0)
w(74,1,0,0)
w(75,1,0,0)
w(76,1,0,0)
w(77,1,0,0)
w(78,1,0,0)
w(79,1,0,0)
w(80,1,0,0)
w(81,1,0,0)
w(82,1,0,0)
w(83,1,0,0)
w(84,1,0,0)
w(85,1,0,0)
w(86,1,0,0)
w(87,1,0,0)
w(88,1,0,0)
w(89,1,0,0)
w(90,1,0,0)
w(91,1,0,0)
w(92,1,0,0)
w(93,1,0,0)
w(94,1,0,0)
w(95,1,0,0)
w(96,1,0,0)
w(97,1,0,0)
w(98,1,0,0)
w(99,1,0,0)
w(100,1,0,0)
w(101,1,0,0)
w(102,1,0,0)
w(103,1,0,0)
w(104,1,0,0)
w(105,1,0,0)
w(106,1,0,0)
w(107,1,0,0)
w(108,1,0,0)
w(109,1,0,0)
w(110,1,0,0)
w(111,1,0,0)
w(112,1,0,0)
w(113,1,0,0)
w(114,1,0,0)
w(115,1,0,0)
w(116,1,0,0)
w(117,1,0,0)
w(118,1,0,0)
w(119,1,0,0)
w(120,1,0,0)
w(121,1,0,0)
w(122,1,0,0)
w(123,1,0,0)
w(124,1,0,0)
w(125,1,0,0)
w(126,1,0,0)
w(127,1,0,0)
w(128,1,0,0)
w(129,1,0,0)
w(130,1,0,0)
w(131,1,0,0)
w(132,1,0,0)
w(133,1,0,0)
w(134,1,0,0)
w(135,1,0,0)
w(136,1,0,0)
w(137,1,0,0)
w(138,1,0,0)
w(139,1,0,0)
w(140,1,0,0)
w(141,1,0,0)
w(142,1,0,0)
w(143,1,0,0)
w(144,1,0,0)
w(145,1,0,0)
w(146,1,0,0)
w(147,1,0,0)
w(148,1,0,0)
w(149,1,0,0)
w(150,1,0,0)
w(151,1,0,0)
w(152,1,0,0)
w(153,1,0,0)
w(154,1,0,0)
w(155,1,0,0)
w(156,1,0,0)
w(157,1,0,0)
w(158,1,0,0)
w(159,1,0,0)
w(160,1,0,0)
w(161,1,0,0)
w(162,1,0,0)
w(163,1,0,0)
w(164,1,0,0)
w(165,1,0,0)
w(166,1,0,0)
w(167,1,0,0)
w(168,1,0,0)
w(169,1,0,0)
w(170,1,0,0)
w(171,1,0,0)
w(172,1,0,0)
w(173,1,0,0)
w(174,1,0,0)
w(175,1,0,0)
w(176,1,0,0)
w(177,1,0,0)
w(178,1,0,0)
w(179,1,0,0)
w(180,1,0,0)
w(12,2,1,1)
r(12,2,1,1)
r(7,1,1,1)
w(21,2,1,1)
w(38,2,1,1)
w(60,2,1,1)
w(1,2,1,1)
r(126,1,1,1)
w(59,2,1,1)
w(15,2,1,1)
w(49,2,1,1)
w(30,2,1,1)
w(41,2,1,1)
r(92,1,1,1)
w(54,2,1,1)
r(82,1,1,1)
w(52,2,1,1)
r(38,2,1,1)
r(12,2,1,1)
r(52,2,1,1)
r(28,1,2,2)
w(72,2,2,2)
r(104,1,2,2)
r(73,1,2,2)
w(110,2,2,2)
r(71,1,2,2)
w(67,2,2,2)
w(86,2,2,2)
w(65,2,2,2)
w(113,2,2,2)
r(10,1,2,2)
r(34,1,2,2)
r(71,1,2,2)
w(62,2,2,2)
r(44,1,2,2)
w(112,2,2,2)
w(82,2,2,2)
w(86,3,2,2)
r(154,1,2,2)
r(49,1,2,2)
w(154,2,3,3)
w(170,2,3,3)
w(159,2,3,3)
w(153,2,3,3)
w(156,2,3,3)
r(98,1,3,3)
r(130,1,3,3)
r(180,1,3,3)
w(129,2,3,3)
r(56,1,3,3)
w(144,2,3,3)
w(139,2,3,3)
r(64,1,3,3)
w(168,2,3,3)
r(126,1,3,3)
r(56,1,3,3)
w(169,2,3,3)
r(101,1,3,3)
r(38,1,3,3)
w(134,2,3,3)
w(43,2,1,4)
w(39,2,1,4)
w(13,2,1,4)
r(111,1,1,4)
r(77,1,1,4)
r(170,1,1,4)
r(172,1,1,4)
w(49,3,1,4)
r(39,2,1,4)
r(65,1,1,4)
r(105,1,1,4)
r(78,1,1,4)
w(53,2,1,4)
r(34,1,1,4)
w(41,3,1,4)
r(33,1,1,4)
r(126,1,1,4)
r(132,1,1,4)
w(25,2,1,4)
w(8,2,1,4)
w(118,2,2,5)
w(61,2,2,5)
w(61,3,2,5)
r(164,1,2,5)
r(32,1,2,5)
w(64,2,2,5)
w(68,2,2,5)
w(95,2,2,5)
w(83,2,2,5)
r(135,1,2,5)
w(79,2,2,5)
w(73,2,2,5)
w(109,2,2,5)
w(95,3,2,5)
r(62,2,2,5)
r(45,1,2,5)
w(88,2,2,5)
w(102,2,2,5)
w(68,3,2,5)
w(77,2,2,5)
r(98,1,3,6)
r(109,1,3,6)
w(140,2,3,6)
r(2,1,3,6)
r(139,2,3,6)
r(63,1,3,6)
w(174,2,3,6)
w(177,2,3,6)
w(145,2,3,6)
r(73,1,3,6)
w(165,2,3,6)
w(150,2,3,6)
w(162,2,3,6)
r(10,1,3,6)
w(176,2,3,6)
r(28,1,3,6)
w(144,3,3,6)
r(98,1,3,6)
r(93,1,3,6)
r(165,2,3,6)
r(5,1,1,7)
r(179,1,1,7)
w(1,3,1,7)
w(53,3,1,7)
w(55,2,1,7)
r(32,1,1,7)
w(17,2,1,7)
w(18,2,1,7)
w(51,2,1,7)
w(17,3,1,7)
r(27,1,1,7)
w(29,2,1,7)
w(16,2,1,7)
w(8,3,1,7)
w(18,3,1,7)
r(120,1,1,7)
w(2,2,1,7)
r(95,1,1,7)
w(16,3,1,7)
r(86,1,1,7)
r(49,1,2,8)
w(75,2,2,8)
w(98,2,2,8)
w(87,2,2,8)
r(160,1,2,8)
w(99,2,2,8)
w(94,2,2,8)
w(73,3,2,8)
w(106,2,2,8)
r(168,1,2,8)
w(115,2,2,8)
r(93,1,2,8)
r(121,1,2,8)
w(91,2,2,8)
r(106,2,2,8)
w(78,2,2,8)
w(84,2,2,8)
w(80,2,2,8)
r(125,1,2,8)
r(108,1,2,8)
r(62,1,3,9)
r(146,1,3,9)
w(152,2,3,9)
r(96,1,3,9)
r(85,1,3,9)
w(126,2,3,9)
w(137,2,3,9)
r(154,2,3,9)
r(175,1,3,9)
r(142,1,3,9)
r(43,1,3,9)
r(32,1,3,9)
w(176,3,3,9)
r(9,1,3,9)
r(56,1,3,9)
r(160,1,3,9)
w(160,2,3,9)
r(119,1,3,9)
r(85,1,3,9)
w(132,2,3,9)
r(158,1,1,10)
w(45,2,1,10)
r(16,3,1,10)
r(2,2,1,10)
w(14,2,1,10)
r(63,1,1,10)
w(54,3,1,10)
w(44,2,1,10)
r(114,1,1,10)
r(124,1,1,10)
w(48,2,1,10)
r(69,1,1,10)
w(26,2,1,10)
r(148,1,1,10)
w(5,2,1,10)
r(158,1,1,10)
w(33,2,1,10)
w(40,2,1,10)
w(3,2,1,10)
r(134,1,1,10)
r(84,2,2,11)
r(31,1,2,11)
w(73,4,2,11)
r(115,2,2,11)
w(101,2,2,11)
w(102,3,2,11)
w(63,2,2,11)
w(87,3,2,11)
w(105,2,2,11)
r(83,2,2,11)
w(103,2,2,11)
r(78,2,2,11)
w(108,2,2,11)
r(3,1,2,11)
w(85,2,2,11)
r(157,1,2,11)
r(14,1,2,11)
w(117,2,2,11)
r(94,2,2,11)
w(109,3,2,11)
w(139,3,3,12)
w(156,3,3,12)
r(46,1,3,12)
w(162,3,3,12)
r(74,1,3,12)
w(168,3,3,12)
w(164,2,3,12)
w(155,2,3,12)
w(137,3,3,12)
r(32,1,3,12)
r(94,1,3,12)
r(116,1,3,12)
w(141,2,3,12)
w(159,3,3,12)
w(140,3,3,12)
r(87,1,3,12)
w(136,2,3,12)
w(158,2,3,12)
r(73,1,3,12)
r(23,1,3,12)
r(127,1,1,13)
r(24,1,1,13)
r(35,1,1,13)
w(34,2,1,13)
w(47,2,1,13)
r(50,1,1,13)
w(46,2,1,13)
r(86,1,1,13)
r(111,1,1,13)
w(27,2,1,13)
w(25,3,1,13)
w(46,3,1,13)
w(57,2,1,13)
w(8,4,1,13)
w(57,3,1,13)
w(37,2,1,13)
w(41,4,1,13)
r(68,1,1,13)
r(82,1,1,13)
w(56,2,1,13)
r(169,1,2,14)
r(86,3,2,14)
w(82,3,2,14)
r(61,3,2,14)
r(41,1,2,14)
w(103,3,2,14)
w(102,4,2,14)
r(87,3,2,14)
w(61,4,2,14)
r(36,1,2,14)
w(84,3,2,14)
w(63,3,2,14)
r(78,2,2,14)
r(175,1,2,14)
r(159,1,2,14)
w(61,5,2,14)
w(74,2,2,14)
w(69,2,2,14)
r(148,1,2,14)
w(81,2,2,14)
r(48,1,3,15)
w(162,4,3,15)
w(180,2,3,15)
w(134,3,3,15)
r(76,1,3,15)
r(8,1,3,15)
w(161,2,3,15)
w(165,3,3,15)
w(158,3,3,15)
w(134,4,3,15)
r(22,1,3,15)
w(130,2,3,15)
r(132,2,3,15)
w(164,3,3,15)
r(108,1,3,15)
r(124,1,3,15)
r(71,1,3,15)
r(91,1,3,15)
r(159,3,3,15)
w(122,2,3,15)
w(5,3,1,16)
w(15,3,1,16)
r(90,1,1,16)
w(24,2,1,16)
w(14,3,1,16)
w(46,4,1,16)
w(13,3,1,16)
w(16,4,1,16)
w(38,3,1,16)
r(95,1,1,16)
r(43,2,1,16)
w(60,3,1,16)
r(62,1,1,16)
w(25,4,1,16)
r(171,1,1,16)
w(30,3,1,16)
r(51,2,1,16)
r(93,1,1,16)
w(16,5,1,16)
r(63,1,1,16)
w(71,2,2,17)
r(167,1,2,17)
w(83,3,2,17)
r(74,2,2,17)
r(85,2,2,17)
r(60,1,2,17)
w(107,2,2,17)
r(106,2,2,17)
w(109,4,2,17)
w(69,3,2,17)
r(55,1,2,17)
r(19,1,2,17)
w(110,3,2,17)
r(2,1,2,17)
w(101,3,2,17)
r(37,1,2,17)
w(101,4,2,17)
w(109,5,2,17)
r(159,1,2,17)
r(57,1,2,17)
w(168,4,3,18)
r(102,1,3,18)
w(141,3,3,18)
w(133,2,3,18)
w(175,2,3,18)
r(113,1,3,18)
w(174,3,3,18)
r(46,1,3,18)
w(178,2,3,18)
r(41,1,3,18)
r(80,1,3,18)
w(153,3,3,18)
r(119,1,3,18)
r(26,1,3,18)
w(137,4,3,18)
r(38,1,3,18)
r(117,1,3,18)
r(45,1,3,18)
r(108,1,3,18)
w(180,3,3,18)
w(40,3,1,19)
r(169,1,1,19)
r(63,1,1,19)
r(180,1,1,19)
w(52,3,1,19)
r(2,2,1,19)
r(122,1,1,19)
r(169,1,1,19)
r(9,1,1,19)
w(44,3,1,19)
r(135,1,1,19)
r(18,3,1,19)
r(114,1,1,19)
r(102,1,1,19)
w(3,3,1,19)
w(5,4,1,19)
w(28,2,1,19)
r(62,1,1,19)
w(25,5,1,19)
r(129,1,1,19)
w(85,3,2,20)
w(113,3,2,20)
w(98,3,2,20)
w(82,4,2,20)
w(95,4,2,20)
r(14,1,2,20)
w(79,3,2,20)
r(37,1,2,20)
r(56,1,2,20)
r(107,2,2,20)
w(100,2,2,20)
w(63,4,2,20)
r(77,2,2,20)
w(74,3,2,20)
w(72,3,2,20)
w(95,5,2,20)
r(107,2,2,20)
w(85,4,2,20)
r(119,1,2,20)
r(83,3,2,20)
r(2,1,3,21)
r(147,1,3,21)
r(13,1,3,21)
r(162,4,3,21)
w(137,5,3,21)
w(136,3,3,21)
r(28,1,3,21)
r(10,1,3,21)
r(159,3,3,21)
r(121,1,3,21)
r(136,3,3,21)
w(124,2,3,21)
w(179,2,3,21)
r(103,1,3,21)
r(155,2,3,21)
r(31,1,3,21)
r(35,1,3,21)
w(125,2,3,21)
w(167,2,3,21)
r(153,3,3,21)
r(149,1,1,22)
r(153,1,1,22)
w(22,2,1,22)
r(136,1,1,22)
w(40,4,1,22)
w(41,5,1,22)
r(82,1,1,22)
w(52,4,1,22)
w(32,2,1,22)
w(21,3,1,22)
r(127,1,1,22)
r(64,1,1,22)
w(56,3,1,22)
w(12,3,1,22)
r(28,2,1,22)
r(78,1,1,22)
w(39,3,1,22)
r(82,1,1,22)
w(8,5,1,22)
w(29,3,1,22)
r(100,2,2,23)
w(87,4,2,23)
r(52,1,2,23)
r(37,1,2,23)
w(116,2,2,23)
w(86,4,2,23)
w(107,3,2,23)
r(6,1,2,23)
r(105,2,2,23)
r(167,1,2,23)
r(33,1,2,23)
w(116,3,2,23)
w(98,4,2,23)
r(151,1,2,23)
w(85,5,2,23)
w(101,5,2,23)
w(91,3,2,23)
r(114,1,2,23)
r(168,1,2,23)
r(73,4,2,23)
r(136,3,3,24)
r(178,2,3,24)
r(34,1,3,24)
w(131,2,3,24)
w(133,3,3,24)
r(22,1,3,24)
w(137,6,3,24)
r(90,1,3,24)
w(170,3,3,24)
w(137,7,3,24)
w(149,2,3,24)
r(83,1,3,24)
r(124,2,3,24)
w(147,2,3,24)
w(146,2,3,24)
r(149,2,3,24)
r(56,1,3,24)
r(132,2,3,24)
r(29,1,3,24)
w(148,2,3,24)
r(12,3,1,25)
w(20,2,1,25)
r(175,1,1,25)
r(103,1,1,25)
r(120,1,1,25)
r(45,2,1,25)
w(44,4,1,25)
w(19,2,1,25)
r(86,1,1,25)
w(54,4,1,25)
w(12,4,1,25)
w(32,3,1,25)
r(92,1,1,25)
r(45,2,1,25)
r(7,1,1,25)
r(171,1,1,25)
w(47,3,1,25)
r(113,1,1,25)
w(40,5,1,25)
w(40,6,1,25)
r(123,1,2,26)
w(62,3,2,26)
r(59,1,2,26)
w(98,5,2,26)
w(77,3,2,26)
w(118,3,2,26)
r(148,1,2,26)
w(81,3,2,26)
w(120,2,2,26)
w(66,2,2,26)
w(84,4,2,26)
r(55,1,2,26)
r(138,1,2,26)
w(64,3,2,26)
r(175,1,2,26)
r(122,1,2,26)
r(63,4,2,26)
r(162,1,2,26)
w(75,3,2,26)
r(55,1,2,26)
w(149,3,3,27)
r(102,1,3,27)
w(138,2,3,27)
w(127,2,3,27)
r(26,1,3,27)
r(129,2,3,27)
w(135,2,3,27)
r(72,1,3,27)
w(143,2,3,27)
r(4,1,3,27)
r(13,1,3,27)
w(153,4,3,27)
r(69,1,3,27)
r(10,1,3,27)
w(161,3,3,27)
r(85,1,3,27)
w(138,3,3,27)
r(98,1,3,27)
r(105,1,3,27)
r(175,2,3,27)
w(52,5,1,28)
r(21,3,1,28)
r(102,1,1,28)
r(21,3,1,28)
w(52,6,1,28)
r(87,1,1,28)
r(148,1,1,28)
w(46,5,1,28)
w(21,4,1,28)
w(11,2,1,28)
r(50,1,1,28)
w(9,2,1,28)
r(84,1,1,28)
w(31,2,1,28)
r(9,2,1,28)
r(142,1,1,28)
w(50,2,1,28)
r(50,2,1,28)
r(66,1,1,28)
r(143,1,1,28)
r(107,3,2,29)
r(117,2,2,29)
r(146,1,2,29)
w(101,6,2,29)
r(27,1,2,29)
w(111,2,2,29)
r(65,2,2,29)
r(111,2,2,29)
w(66,3,2,29)
w(101,7,2,29)
w(73,5,2,29)
r(78,2,2,29)
w(94,3,2,29)
w(83,4,2,29)
w(78,3,2,29)
w(98,6,2,29)
r(96,1,2,29)
w(120,3,2,29)
r(60,1,2,29)
r(56,1,2,29)
r(112,1,3,30)
w(156,4,3,30)
r(40,1,3,30)
w(151,2,3,30)
w(127,3,3,30)
r(78,1,3,30)
w(137,8,3,30)
w(169,3,3,30)
w(133,4,3,30)
r(98,1,3,30)
r(44,1,3,30)
w(148,3,3,30)
w(159,4,3,30)
r(170,3,3,30)
w(128,2,3,30)
w(167,3,3,30)
w(157,2,3,30)
r(127,3,3,30)
w(178,3,3,30)
r(132,2,3,30)
w(28,3,1,31)
r(40,6,1,31)
r(129,1,1,31)
r(27,2,1,31)
r(176,1,1,31)
w(13,4,1,31)
r(46,5,1,31)
r(22,2,1,31)
r(4,1,1,31)
r(73,1,1,31)
r(85,1,1,31)
w(13,5,1,31)
w(58,2,1,31)
r(68,1,1,31)
w(60,4,1,31)
w(16,6,1,31)
w(32,4,1,31)
w(34,3,1,31)
w(56,4,1,31)
r(74,1,1,31)
w(106,3,2,32)
w(113,4,2,32)
r(58,1,2,32)
w(109,6,2,32)
w(94,4,2,32)
w(113,5,2,32)
w(72,4,2,32)
r(45,1,2,32)
w(95,6,2,32)
r(145,1,2,32)
r(40,1,2,32)
r(133,1,2,32)
r(24,1,2,32)
r(133,1,2,32)
w(91,4,2,32)
w(93,2,2,32)
r(158,1,2,32)
w(91,5,2,32)
r(12,1,2,32)
r(52,1,2,32)
r(144,3,3,33)
r(105,1,3,33)
w(171,2,3,33)
w(150,3,3,33)
r(52,1,3,33)
r(166,1,3,33)
w(171,3,3,33)
w(132,3,3,33)
r(43,1,3,33)
r(52,1,3,33)
w(153,5,3,33)
r(139,3,3,33)
r(34,1,3,33)
w(138,4,3,33)
r(78,1,3,33)
w(159,5,3,33)
r(19,1,3,33)
w(125,3,3,33)
w(172,2,3,33)
w(129,3,3,33)
r(155,1,1,34)
w(49,4,1,34)
r(114,1,1,34)
r(34,3,1,34)
w(49,5,1,34)
r(88,1,1,34)
w(32,5,1,34)
r(149,1,1,34)
w(26,3,1,34)
r(121,1,1,34)
w(3,4,1,34)
w(49,6,1,34)
w(15,4,1,34)
r(37,2,1,34)
r(71,1,1,34)
r(44,4,1,34)
w(7,2,1,34)
r(5,4,1,34)
w(23,2,1,34)
w(18,4,1,34)
w(103,4,2,35)
r(148,1,2,35)
r(33,1,2,35)
r(81,3,2,35)
r(148,1,2,35)
w(86,5,2,35)
w(88,3,2,35)
r(159,1,2,35)
w(108,3,2,35)
w(120,4,2,35)
w(80,3,2,35)
w(116,4,2,35)
r(129,1,2,35)
w(80,4,2,35)
r(90,1,2,35)
r(161,1,2,35)
w(110,4,2,35)
r(142,1,2,35)
w(87,5,2,35)
w(64,4,2,35)
w(143,3,3,36)
r(40,1,3,36)
r(1,1,3,36)
r(147,2,3,36)
w(156,5,3,36)
r(54,1,3,36)
w(160,3,3,36)
w(161,4,3,36)
w(150,4,3,36)
r(147,2,3,36)
w(148,4,3,36)
w(138,5,3,36)
r(108,1,3,36)
w(175,3,3,36)
r(156,5,3,36)
w(167,4,3,36)
r(68,1,3,36)
w(144,4,3,36)
w(124,3,3,36)
r(91,1,3,36)
r(79,1,1,37)
r(71,1,1,37)
r(14,3,1,37)
w(2,3,1,37)
r(71,1,1,37)
r(6,1,1,37)
w(13,6,1,37)
w(57,4,1,37)
r(134,1,1,37)
w(40,7,1,37)
w(32,6,1,37)
r(77,1,1,37)
r(99,1,1,37)
w(2,4,1,37)
r(143,1,1,37)
w(42,2,1,37)
r(60,4,1,37)
r(67,1,1,37)
r(32,6,1,37)
r(65,1,1,37)
w(106,4,2,38)
w(101,8,2,38)
r(119,1,2,38)
w(76,2,2,38)
r(48,1,2,38)
r(98,6,2,38)
r(84,4,2,38)
r(67,2,2,38)
r(6,1,2,38)
w(77,4,2,38)
r(8,3,2,38)
r(22,1,2,38)
w(74,4,2,38)
w(83,5,2,38)
w(107,4,2,38)
r(2,2,2,38)
r(92,1,2,38)
r(156,2,2,38)
w(98,7,2,38)
w(102,5,2,38)
r(22,1,3,39)
w(168,5,3,39)
w(149,4,3,39)
w(171,4,3,39)
w(145,3,3,39)
w(121,2,3,39)
w(136,4,3,39)
r(117,1,3,39)
r(50,1,3,39)
r(158,3,3,39)
r(159,5,3,39)
r(147,2,3,39)
r(78,1,3,39)
w(145,4,3,39)
w(162,5,3,39)
w(155,3,3,39)
w(166,2,3,39)
r(13,1,3,39)
w(123,2,3,39)
w(165,4,3,39)
r(31,2,1,40)
w(11,3,1,40)
w(36,2,1,40)
r(20,2,1,40)
w(56,5,1,40)
r(96,1,1,40)
w(1,4,1,40)
w(36,3,1,40)
r(101,1,1,40)
w(31,3,1,40)
r(152,1,1,40)
r(6,1,1,40)
r(145,1,1,40)
w(56,6,1,40)
r(49,6,1,40)
r(7,2,1,40)
r(21,4,1,40)
r(77,1,1,40)
w(55,3,1,40)
r(80,1,1,40)
r(104,1,2,41)
w(81,4,2,41)
r(22,1,2,41)
w(100,3,2,41)
w(73,6,2,41)
r(71,2,2,41)
r(24,1,2,41)
w(109,7,2,41)
r(81,4,2,41)
r(168,2,2,41)
r(98,7,2,41)
r(118,3,2,41)
r(149,1,2,41)
w(73,7,2,41)
w(82,5,2,41)
r(102,5,2,41)
w(94,5,2,41)
r(120,4,2,41)
r(153,2,2,41)
r(67,2,2,41)
w(161,5,3,42)
w(126,3,3,42)
r(163,1,3,42)
r(93,1,3,42)
r(107,1,3,42)
r(157,2,3,42)
w(180,4,3,42)
r(39,1,3,42)
w(137,9,3,42)
r(149,4,3,42)
r(10,1,3,42)
r(80,1,3,42)
w(146,3,3,42)
r(149,4,3,42)
r(124,3,3,42)
w(150,5,3,42)
r(47,1,3,42)
r(2,1,3,42)
r(66,1,3,42)
w(156,6,3,42)
w(47,4,1,43)
w(5,5,1,43)
r(46,5,1,43)
w(58,3,1,43)
w(36,4,1,43)
w(1,5,1,43)
w(39,4,1,43)
r(127,1,1,43)
r(83,2,1,43)
r(31,3,1,43)
r(116,1,1,43)
r(86,3,1,43)
w(19,3,1,43)
r(119,1,1,43)
w(26,4,1,43)
w(37,3,1,43)
r(82,2,1,43)
r(31,3,1,43)
w(9,3,1,43)
w(30,4,1,43)
r(168,2,2,44)
w(115,3,2,44)
w(93,3,2,44)
w(87,6,2,44)
w(76,3,2,44)
w(85,6,2,44)
r(71,2,2,44)
r(90,1,2,44)
r(27,1,2,44)
r(87,6,2,44)
w(75,4,2,44)
w(90,2,2,44)
w(78,4,2,44)
r(140,2,2,44)
w(82,6,2,44)
r(178,1,2,44)
r(22,1,2,44)
r(51,2,2,44)
w(115,4,2,44)
r(74,4,2,44)
r(146,3,3,45)
w(141,4,3,45)
r(163,1,3,45)
w(121,3,3,45)
r(56,1,3,45)
w(174,4,3,45)
r(156,6,3,45)
r(131,2,3,45)
r(21,1,3,45)
r(94,1,3,45)
w(140,4,3,45)
r(9,1,3,45)
w(145,5,3,45)
r(64,1,3,45)
r(141,4,3,45)
w(126,4,3,45)
w(149,5,3,45)
r(89,1,3,45)
w(151,3,3,45)
w(180,5,3,45)
r(158,1,1,46)
w(36,5,1,46)
w(51,3,1,46)
w(44,5,1,46)
r(13,6,1,46)
r(54,4,1,46)
r(95,3,1,46)
r(56,6,1,46)
w(15,5,1,46)
r(11,3,1,46)
w(1,6,1,46)
w(60,5,1,46)
r(22,2,1,46)
w(28,4,1,46)
r(79,2,1,46)
w(21,5,1,46)
r(25,5,1,46)
w(49,7,1,46)
r(63,1,1,46)
r(60,5,1,46)
r(134,2,2,47)
r(25,2,2,47)
w(77,5,2,47)
r(96,1,2,47)
r(28,1,2,47)
r(151,1,2,47)
w(66,4,2,47)
w(100,4,2,47)
w(94,6,2,47)
r(132,1,2,47)
r(68,3,2,47)
w(72,5,2,47)
r(126,1,2,47)
r(153,2,2,47)
w(90,3,2,47)
w(95,7,2,47)
r(91,5,2,47)
w(116,5,2,47)
r(179,1,2,47)
r(173,1,2,47)
w(130,3,3,48)
w(125,4,3,48)
r(180,5,3,48)
w(135,3,3,48)
w(131,3,3,48)
w(157,3,3,48)
r(54,1,3,48)
w(178,4,3,48)
r(27,1,3,48)
w(144,5,3,48)
r(168,5,3,48)
w(130,4,3,48)
w(164,4,3,48)
r(16,1,3,48)
w(174,5,3,48)
r(52,1,3,48)
w(160,4,3,48)
r(158,3,3,48)
w(128,3,3,48)
w(128,4,3,48)
r(141,1,1,49)
r(91,2,1,49)
r(81,1,1,49)
r(114,1,1,49)
w(15,6,1,49)
w(23,3,1,49)
w(4,2,1,49)
r(20,2,1,49)
w(5,6,1,49)
w(54,5,1,49)
r(105,1,1,49)
w(12,5,1,49)
r(159,2,1,49)
r(69,1,1,49)
w(57,5,1,49)
w(60,6,1,49)
r(76,1,1,49)
w(44,6,1,49)
w(46,6,1,49)
r(6,1,1,49)
w(73,8,2,50)
r(89,1,2,50)
w(90,4,2,50)
r(102,5,2,50)
r(83,5,2,50)
w(117,3,2,50)
r(148,1,2,50)
r(5,1,2,50)
w(67,3,2,50)
r(159,2,2,50)
w(80,5,2,50)
w(81,5,2,50)
w(74,5,2,50)
w(95,8,2,50)
r(71,2,2,50)
r(20,1,2,50)
w(67,4,2,50)
w(62,4,2,50)
w(97,2,2,50)
r(128,1,2,50)
w(136,5,3,51)
r(85,1,3,51)
r(152,2,3,51)
w(178,5,3,51)
r(32,1,3,51)
r(41,1,3,51)
w(121,4,3,51)
r(148,4,3,51)
r(46,1,3,51)
w(168,6,3,51)
r(9,1,3,51)
r(162,5,3,51)
r(54,1,3,51)
r(22,1,3,51)
w(143,4,3,51)
r(94,1,3,51)
w(161,6,3,51)
r(89,1,3,51)
r(85,1,3,51)
w(151,4,3,51)
r(126,1,1,52)
w(19,4,1,52)
r(39,4,1,52)
r(54,5,1,52)
r(37,3,1,52)
w(52,7,1,52)
w(53,4,1,52)
r(38,3,1,52)
r(151,1,1,52)
r(139,2,1,52)
r(7,2,1,52)
r(26,4,1,52)
r(12,5,1,52)
w(7,3,1,52)
w(54,6,1,52)
r(1,6,1,52)
r(128,1,1,52)
w(45,3,1,52)
w(47,5,1,52)
r(92,1,1,52)
w(87,7,2,53)
w(102,6,2,53)
w(117,4,2,53)
w(89,2,2,53)
w(103,5,2,53)
r(94,6,2,53)
r(164,1,2,53)
r(173,1,2,53)
w(89,3,2,53)
w(94,7,2,53)
w(68,4,2,53)
w(62,5,2,53)
r(126,1,2,53)
w(90,5,2,53)
w(91,6,2,53)
w(69,4,2,53)
w(88,4,2,53)
w(112,3,2,53)
w(64,5,2,53)
r(174,2,2,53)
r(61,5,3,54)
w(175,4,3,54)
w(142,2,3,54)
r(156,6,3,54)
w(154,3,3,54)
w(121,5,3,54)
w(129,4,3,54)
w(158,4,3,54)
r(97,1,3,54)
r(167,4,3,54)
r(105,2,3,54)
w(167,5,3,54)
w(123,3,3,54)
w(136,6,3,54)
r(4,1,3,54)
r(150,5,3,54)
r(36,1,3,54)
w(128,5,3,54)
r(176,3,3,54)
w(157,4,3,54)
r(166,1,1,55)
r(109,2,1,55)
r(63,1,1,55)
w(31,4,1,55)
w(28,5,1,55)
w(17,4,1,55)
r(112,2,1,55)
w(39,5,1,55)
w(22,3,1,55)
w(58,4,1,55)
r(46,6,1,55)
r(4,2,1,55)
w(21,6,1,55)
r(3,4,1,55)
w(46,7,1,55)
r(120,1,1,55)
r(119,1,1,55)
r(102,2,1,55)
r(172,1,1,55)
r(4,2,1,55)
r(170,2,2,56)
r(122,1,2,56)
w(105,3,2,56)
r(58,1,2,56)
r(167,1,2,56)
r(7,1,2,56)
r(78,4,2,56)
w(112,4,2,56)
w(117,5,2,56)
r(105,3,2,56)
r(55,2,2,56)
r(70,1,2,56)
w(65,3,2,56)
w(96,2,2,56)
r(120,4,2,56)
w(100,5,2,56)
r(70,1,2,56)
r(162,2,2,56)
r(38,2,2,56)
r(157,1,2,56)
r(148,4,3,57)
r(82,4,3,57)
w(161,7,3,57)
w(167,6,3,57)
r(56,1,3,57)
w(171,5,3,57)
r(96,1,3,57)
w(154,4,3,57)
r(9,1,3,57)
w(171,6,3,57)
w(153,6,3,57)
w(170,4,3,57)
w(132,4,3,57)
w(161,8,3,57)
w(157,5,3,57)
w(142,3,3,57)
w(149,6,3,57)
r(88,2,3,57)
w(133,5,3,57)
w(179,3,3,57)
r(128,1,1,58)
w(40,8,1,58)
r(73,3,1,58)
r(113,2,1,58)
r(18,4,1,58)
r(52,7,1,58)
r(21,6,1,58)
w(58,5,1,58)
r(74,1,1,58)
r(128,1,1,58)
w(9,4,1,58)
w(5,7,1,58)
r(105,1,1,58)
r(90,1,1,58)
r(78,2,1,58)
w(42,3,1,58)
r(178,1,1,58)
w(12,6,1,58)
r(165,2,1,58)
w(6,2,1,58)
r(20,2,2,59)
r(145,2,2,59)
w(118,4,2,59)
r(114,1,2,59)
r(32,6,2,59)
w(81,6,2,59)
r(73,8,2,59)
r(92,1,2,59)
r(38,3,2,59)
w(117,6,2,59)
r(5,4,2,59)
r(12,4,2,59)
w(68,5,2,59)
w(86,6,2,59)
r(154,2,2,59)
w(105,4,2,59)
r(43,2,2,59)
w(97,3,2,59)
w(63,5,2,59)
r(135,1,2,59)
r(2,2,3,60)
r(124,3,3,60)
r(90,1,3,60)
w(144,6,3,60)
w(167,7,3,60)
r(29,2,3,60)
w(146,4,3,60)
w(145,6,3,60)
w(159,6,3,60)
r(77,2,3,60)
r(51,2,3,60)
w(130,5,3,60)
r(110,3,3,60)
w(152,3,3,60)
r(167,7,3,60)
w(152,4,3,60)
w(158,5,3,60)
w(156,7,3,60)
r(114,1,3,60)
r(131,3,3,60)
r(82,2,1,61)
r(128,1,1,61)
r(10,1,1,61)
r(38,3,1,61)
r(119,1,1,61)
w(30,5,1,61)
w(51,4,1,61)
r(138,1,1,61)
r(132,1,1,61)
w(40,9,1,61)
r(147,1,1,61)
r(57,5,1,61)
w(47,6,1,61)
w(6,3,1,61)
w(10,2,1,61)
w(46,8,1,61)
w(41,6,1,61)
w(47,7,1,61)
r(28,5,1,61)
w(24,3,1,61)
w(92,2,2,62)
w(89,4,2,62)
w(71,3,2,62)
r(139,3,2,62)
w(65,4,2,62)
w(64,6,2,62)
w(106,5,2,62)
r(68,5,2,62)
w(103,6,2,62)
w(111,3,2,62)
r(79,3,2,62)
r(160,2,2,62)
r(97,3,2,62)
w(89,5,2,62)
r(111,3,2,62)
w(112,5,2,62)
w(99,3,2,62)
r(124,2,2,62)
w(116,6,2,62)
r(129,2,2,62)
w(143,5,3,63)
w(138,6,3,63)
r(106,2,3,63)
w(122,3,3,63)
w(146,5,3,63)
w(134,5,3,63)
w(121,6,3,63)
r(119,1,3,63)
r(50,1,3,63)
w(136,7,3,63)
r(153,6,3,63)
w(164,5,3,63)
w(155,4,3,63)
w(170,5,3,63)
w(126,5,3,63)
w(128,6,3,63)
w(176,4,3,63)
r(118,2,3,63)
r(44,2,3,63)
r(21,2,3,63)
r(56,6,1,64)
w(51,5,1,64)
r(87,2,1,64)
w(31,5,1,64)
w(11,4,1,64)
w(31,6,1,64)
r(5,7,1,64)
w(46,9,1,64)
w(35,2,1,64)
w(41,7,1,64)
r(26,4,1,64)
r(72,2,1,64)
w(20,3,1,64)
r(11,4,1,64)
r(35,2,1,64)
w(14,4,1,64)
w(54,7,1,64)
r(100,1,1,64)
w(36,6,1,64)
r(109,2,1,64)
r(99,3,2,65)
w(97,4,2,65)
w(114,2,2,65)
r(110,4,2,65)
r(61,5,2,65)
w(93,4,2,65)
r(84,4,2,65)
w(85,7,2,65)
r(63,5,2,65)
w(98,8,2,65)
r(120,4,2,65)
w(105,5,2,65)
w(115,5,2,65)
r(95,8,2,65)
w(80,6,2,65)
w(87,8,2,65)
r(40,7,2,65)
r(30,3,2,65)
r(66,4,2,65)
r(116,6,2,65)
r(172,2,3,66)
w(137,10,3,66)
r(135,3,3,66)
r(68,3,3,66)
w(175,5,3,66)
w(161,9,3,66)
w(123,4,3,66)
r(23,1,3,66)
r(1,3,3,66)
r(114,1,3,66)
w(144,7,3,66)
r(108,2,3,66)
r(54,3,3,66)
r(102,4,3,66)
r(120,1,3,66)
w(172,3,3,66)
r(54,3,3,66)
w(168,7,3,66)
r(44,2,3,66)
r(178,5,3,66)
r(163,1,1,67)
w(57,6,1,67)
w(19,5,1,67)
r(18,4,1,67)
r(35,2,1,67)
r(109,5,1,67)
w(20,4,1,67)
w(18,5,1,67)
w(31,7,1,67)
w(48,3,1,67)
w(36,7,1,67)
w(15,7,1,67)
r(76,1,1,67)
r(7,3,1,67)
w(57,7,1,67)
r(115,2,1,67)
w(26,5,1,67)
r(176,3,1,67)
r(131,1,1,67)
w(52,8,1,67)
w(74,6,2,68)
w(65,5,2,68)
r(11,2,2,68)
r(155,2,2,68)
w(69,5,2,68)
r(68,5,2,68)
r(173,1,2,68)
w(61,6,2,68)
w(90,6,2,68)
r(127,1,2,68)
r(44,4,2,68)
w(84,5,2,68)
r(45,2,2,68)
r(28,3,2,68)
r(20,2,2,68)
r(37,2,2,68)
r(92,2,2,68)
r(4,1,2,68)
r(53,3,2,68)
r(111,3,2,68)
w(175,6,3,69)
w(173,2,3,69)
w(136,8,3,69)
r(44,2,3,69)
w(152,5,3,69)
r(81,2,3,69)
w(179,4,3,69)
r(149,6,3,69)
w(179,5,3,69)
w(145,7,3,69)
r(30,2,3,69)
r(74,3,3,69)
r(75,2,3,69)
r(50,1,3,69)
w(155,5,3,69)
w(165,5,3,69)
w(149,7,3,69)
w(174,6,3,69)
w(131,4,3,69)
w(166,3,3,69)
r(147,1,1,70)
w(41,8,1,70)
w(31,8,1,70)
r(147,1,1,70)
w(25,6,1,70)
r(108,2,1,70)
r(48,3,1,70)
w(44,7,1,70)
w(38,4,1,70)
r(161,1,1,70)
w(10,3,1,70)
r(93,1,1,70)
w(10,4,1,70)
w(56,7,1,70)
w(45,4,1,70)
r(135,1,1,70)
w(52,9,1,70)
w(31,9,1,70)
w(43,3,1,70)
w(24,4,1,70)
r(98,8,2,71)
w(98,9,2,71)
w(66,5,2,71)
w(112,6,2,71)
r(177,2,2,71)
w(97,5,2,71)
w(82,7,2,71)
r(46,5,2,71)
w(82,8,2,71)
w(79,4,2,71)
r(42,2,2,71)
r(161,2,2,71)
r(10,1,2,71)
r(107,4,2,71)
w(80,7,2,71)
r(44,4,2,71)
r(146,1,2,71)
r(3,4,2,71)
w(65,6,2,71)
r(61,6,2,71)
r(180,5,3,72)
r(129,4,3,72)
w(141,5,3,72)
w(134,6,3,72)
r(133,5,3,72)
r(167,7,3,72)
r(107,3,3,72)
w(139,4,3,72)
r(108,2,3,72)
r(14,2,3,72)
r(173,2,3,72)
w(161,10,3,72)
w(125,5,3,72)
w(140,5,3,72)
r(118,2,3,72)
r(98,4,3,72)
w(160,5,3,72)
r(52,2,3,72)
w(126,6,3,72)
w(176,5,3,72)
r(121,1,1,73)
w(43,4,1,73)
r(81,2,1,73)
r(138,1,1,73)
w(27,3,1,73)
r(75,2,1,73)
r(41,8,1,73)
r(3,4,1,73)
r(46,9,1,73)
r(20,4,1,73)
r(9,4,1,73)
w(24,5,1,73)
r(1,6,1,73)
r(5,7,1,73)
w(36,8,1,73)
r(15,7,1,73)
r(36,8,1,73)
w(16,7,1,73)
r(30,5,1,73)
w(46,10,1,73)
w(79,5,2,74)
w(69,6,2,74)
w(72,6,2,74)
r(124,2,2,74)
w(86,7,2,74)
r(104,1,2,74)
w(107,5,2,74)
r(47,3,2,74)
w(113,6,2,74)
w(105,6,2,74)
r(76,3,2,74)
r(82,8,2,74)
r(24,2,2,74)
r(159,3,2,74)
r(5,4,2,74)
w(107,6,2,74)
r(176,3,2,74)
r(20,2,2,74)
w(103,7,2,74)
r(67,4,2,74)
w(121,7,3,75)
r(176,5,3,75)
r(114,1,3,75)
w(129,5,3,75)
r(12,2,3,75)
r(180,5,3,75)
r(152,5,3,75)
w(132,5,3,75)
w(150,6,3,75)
r(168,7,3,75)
r(53,3,3,75)
w(145,8,3,75)
r(109,5,3,75)
w(169,4,3,75)
r(119,1,3,75)
w(145,9,3,75)
w(171,7,3,75)
w(139,5,3,75)
w(133,6,3,75)
w(167,8,3,75)
w(15,8,1,76)
r(174,2,1,76)
r(167,1,1,76)
r(41,8,1,76)
w(44,8,1,76)
w(23,4,1,76)
w(5,8,1,76)
r(94,2,1,76)
w(5,9,1,76)
r(129,2,1,76)
r(58,5,1,76)
r(82,3,1,76)
w(23,5,1,76)
r(149,1,1,76)
r(53,4,1,76)
r(70,1,1,76)
w(49,8,1,76)
r(110,3,1,76)
r(130,1,1,76)
w(39,6,1,76)
w(75,5,2,77)
r(72,6,2,77)
w(94,8,2,77)
r(69,6,2,77)
w(93,5,2,77)
w(97,6,2,77)
r(61,6,2,77)
r(99,3,2,77)
r(101,8,2,77)
w(90,7,2,77)
r(111,3,2,77)
w(88,5,2,77)
w(114,3,2,77)
w(61,7,2,77)
w(90,8,2,77)
r(136,3,2,77)
w(110,5,2,77)
w(79,6,2,77)
r(177,2,2,77)
r(28,3,2,77)
w(126,7,3,78)
r(108,2,3,78)
w(177,3,3,78)
r(23,1,3,78)
r(125,5,3,78)
w(177,4,3,78)
w(135,4,3,78)
r(95,5,3,78)
r(29,2,3,78)
r(132,5,3,78)
w(121,8,3,78)
w(149,8,3,78)
r(88,2,3,78)
w(160,6,3,78)
w(130,6,3,78)
r(164,5,3,78)
w(179,6,3,78)
w(125,6,3,78)
w(158,6,3,78)
w(152,6,3,78)
r(97,1,1,79)
w(7,4,1,79)
w(23,6,1,79)
w(42,4,1,79)
r(169,2,1,79)
w(12,7,1,79)
w(31,10,1,79)
w(24,6,1,79)
r(28,5,1,79)
w(6,4,1,79)
w(7,5,1,79)
r(27,3,1,79)
w(29,4,1,79)
w(8,6,1,79)
r(135,1,1,79)
w(22,4,1,79)
r(148,1,1,79)
w(9,5,1,79)
r(136,2,1,79)
w(54,8,1,79)
w(109,8,2,80)
r(148,1,2,80)
r(164,3,2,80)
w(82,9,2,80)
r(49,6,2,80)
r(71,3,2,80)
w(77,6,2,80)
w(114,4,2,80)
w(61,8,2,80)
r(103,7,2,80)
w(108,4,2,80)
w(109,9,2,80)
r(96,2,2,80)
w(84,6,2,80)
r(41,5,2,80)
w(85,8,2,80)
r(23,2,2,80)
w(91,7,2,80)
r(19,2,2,80)
r(103,7,2,80)
w(158,7,3,81)
r(98,7,3,81)
r(155,5,3,81)
w(121,9,3,81)
w(121,10,3,81)
r(126,7,3,81)
r(169,4,3,81)
r(104,1,3,81)
w(153,7,3,81)
w(162,6,3,81)
r(131,4,3,81)
r(133,6,3,81)
w(154,5,3,81)
r(107,4,3,81)
w(158,8,3,81)
w(179,7,3,81)
w(178,6,3,81)
r(100,3,3,81)
r(28,4,3,81)
r(61,5,3,81)
w(28,6,1,82)
w(5,10,1,82)
r(169,2,1,82)
w(13,7,1,82)
w(34,4,1,82)
r(64,2,1,82)
r(56,7,1,82)
r(23,6,1,82)
r(102,4,1,82)
r(173,1,1,82)
r(9,5,1,82)
w(28,7,1,82)
r(33,2,1,82)
r(104,1,1,82)
r(88,2,1,82)
r(125,1,1,82)
w(20,5,1,82)
r(137,3,1,82)
r(98,2,1,82)
w(25,7,1,82)
r(161,2,2,83)
w(71,4,2,83)
r(73,8,2,83)
r(151,1,2,83)
w(85,9,2,83)
r(173,1,2,83)
r(178,2,2,83)
w(81,7,2,83)
r(120,4,2,83)
w(107,7,2,83)
w(89,6,2,83)
r(33,2,2,83)
w(81,8,2,83)
w(88,6,2,83)
r(5,4,2,83)
w(102,7,2,83)
r(149,1,2,83)
r(46,5,2,83)
w(64,7,2,83)
w(94,9,2,83)
r(49,7,3,84)
w(175,7,3,84)
w(125,7,3,84)
r(150,6,3,84)
w(167,9,3,84)
w(124,4,3,84)
w(158,9,3,84)
w(151,5,3,84)
r(176,5,3,84)
w(164,6,3,84)
r(82,6,3,84)
w(156,8,3,84)
w(155,6,3,84)
r(102,5,3,84)
r(168,7,3,84)
w(144,8,3,84)
w(124,5,3,84)
r(122,3,3,84)
w(160,7,3,84)
r(139,5,3,84)
r(13,7,1,85)
r(15,8,1,85)
w(28,8,1,85)
r(107,2,1,85)
r(146,1,1,85)
r(157,1,1,85)
r(154,2,1,85)
w(39,7,1,85)
r(167,1,1,85)
r(133,1,1,85)
r(84,3,1,85)
w(16,8,1,85)
r(49,8,1,85)
r(64,2,1,85)
r(151,1,1,85)
w(8,7,1,85)
w(52,10,1,85)
r(8,7,1,85)
r(31,10,1,85)
w(55,4,1,85)
r(175,3,2,86)
r(15,6,2,86)
w(82,10,2,86)
w(103,8,2,86)
w(100,6,2,86)
r(144,4,2,86)
r(12,5,2,86)
r(111,3,2,86)
r(147,2,2,86)
r(176,3,2,86)
w(87,9,2,86)
r(44,6,2,86)
r(72,6,2,86)
r(125,3,2,86)
r(75,5,2,86)
r(150,5,2,86)
w(114,5,2,86)
w(74,7,2,86)
r(105,6,2,86)
r(132,3,2,86)
r(53,3,3,87)
w(135,5,3,87)
r(152,6,3,87)
r(65,2,3,87)
r(173,2,3,87)
r(4,2,3,87)
r(86,5,3,87)
w(167,10,3,87)
w(157,6,3,87)
r(165,5,3,87)
r(44,6,3,87)
r(25,5,3,87)
w(152,7,3,87)
r(180,5,3,87)
r(77,4,3,87)
w(172,4,3,87)
r(135,5,3,87)
w(133,7,3,87)
r(130,6,3,87)
r(174,6,3,87)
w(11,5,1,88)
w(19,6,1,88)
w(8,8,1,88)
w(21,7,1,88)
w(25,8,1,88)
r(24,6,1,88)
r(162,3,1,88)
w(6,5,1,88)
r(58,5,1,88)
w(35,3,1,88)
r(160,2,1,88)
r(123,1,1,88)
r(115,2,1,88)
w(37,4,1,88)
r(128,1,1,88)
r(68,3,1,88)
r(95,3,1,88)
w(2,5,1,88)
r(138,1,1,88)
r(43,4,1,88)
r(41,5,2,89)
w(77,7,2,89)
w(67,5,2,89)
r(31,4,2,89)
r(11,3,2,89)
w(94,10,2,89)
w(119,2,2,89)
r(76,3,2,89)
r(31,4,2,89)
w(77,8,2,89)
r(113,6,2,89)
w(62,6,2,89)
w(102,8,2,89)
w(68,6,2,89)
r(93,5,2,89)
r(173,1,2,89)
w(109,10,2,89)
r(88,6,2,89)
w(107,8,2,89)
r(91,7,2,89)
w(153,8,3,90)
w(150,7,3,90)
r(70,1,3,90)
w(168,8,3,90)
w(146,6,3,90)
w(174,7,3,90)
r(96,1,3,90)
w(172,5,3,90)
w(161,11,3,90)
r(141,5,3,90)
w(139,6,3,90)
w(143,6,3,90)
r(28,4,3,90)
w(132,6,3,90)
r(142,3,3,90)
r(157,6,3,90)
w(140,6,3,90)
w(161,12,3,90)
r(108,3,3,90)
w(178,7,3,90)
