w(1,1,0,0)
w(2,1,0,0)
w(3,1,0,0)
w(4,1,0,0)
w(5,1,0,0)
w(6,1,0,0)
w(7,1,0,0)
w(8,1,0,0)
w(9,1,0,0)
w(10,1,0,0)
w(11,1,0,0)
w(12,1,0,0)
w(13,1,0,0)
w(14,1,0,0)
w(15,1,0,0)
w(16,1,0,0)
w(17,1,0,0)
w(18,1,0,0)
w(19,1,0,0)
w(20,1,0,0)
w(21,1,0,0)
w(22,1,0,0)
w(23,1,0,0)
w(24,1,0,0)
w(25,1,0,0)
w(26,1,0,0)
w(27,1,0,0)
w(28,1,0,0)
w(29,1,0,0)
w(30,1,0,0)
w(31,1,0,0)
w(32,1,0,0)
w(33,1,0,0)
w(34,1,0,0)
w(35,1,0,0)
w(36,1,0,0)
w(37,1,0,0)
w(38,1,0,0)
w(39,1,0,0)
w(40,1,0,0)
w(41,1,0,0)
w(42,1,0,0)
w(43,1,0,0)
w(44,1,0,0)
w(45,1,0,0)
w(46,1,0,0)
w(47,1,0,0)
w(48,1,0,0)
w(49,1,0,0)
w(50,1,0,0)
w(51,1,0,0)
w(52,1,0,0)
w(53,1,0,0)
w(54,1,0,0)
w(55,1,0,0)
w(56,1,0,0)
w(57,1,0,0)
w(58,1,0,0)
w(59,1,0,0)
w(60,1,0,0)
w(61,1,0,0)
w(62,1,0,0)
w(63,1,0,0)
w(64,1,0,0)
w(65,1,0,0)
w(66,1,0,0)
w(67,1,0,0)
w(68,1,0,0)
w(69,1,0,0)
w(70,1,0,0)
w(71,1,0,0)
w(72,1,0,0)
w(73,1,0,0)
w(74,1,0,0)
w(75,1,0,0)
w(76,1,0,0)
w(77,1,0,0)
w(78,1,0,0)
w(79,1,0,0)
w(80,1,0,0)
w(81,1,0,0)
w(82,1,0,0)
w(83,1,0,0)
w(84,1,0,0)
w(85,1,0,0)
w(86,1,0,0)
w(87,1,0,0)
w(88,1,0,0)
w(89,1,0,0)
w(90,1,0,0)
w(91,1,0,0)
w(92,1,0,0)
w(93,1,0,0)
w(94,1,0,0)
w(95,1,0,0)
w(96,1,0,0)
w(97,1,0,0)
w(98,1,0,0)
w(99,1,0,0)
w(100,1,0,0)
w(101,1,0,0)
w(102,1,0,0)
w(103,1,0,0)
w(104,1,0,0)
w(105,1,0,0)
w(106,1,0,0)
w(107,1,0,0)
w(108,1,0,0)
w(109,1,0,0)
w(110,1,0,0)
w(111,1,0,0)
w(112,1,0,0)
w(113,1,0,0)
w(114,1,0,0)
w(115,1,0,0)
w(116,1,0,0)
w(117,1,0,0)
w(118,1,0,0)
w(119,1,0,0)
w(120,1,0,0)
w(121,1,0,0)
w(122,1,0,0)
w(123,1,0,0)
w(124,1,0,0)
w(125,1,0,0)
w(126,1,0,0)
w(127,1,0,0)
w(128,1,0,0)
w(129,1,0,0)
w(130,1,0,0)
w(131,1,0,0)
w(132,1,0,0)
w(133,1,0,0)
w(134,1,0,0)
w(135,1,0,0)
w(136,1,0,0)
w(137,1,0,0)
w(138,1,0,0)
w(139,1,0,0)
w(140,1,0,0)
w(141,1,0,0)
w(142,1,0,0)
w(143,1,0,0)
w(144,1,0,0)
w(145,1,0,0)
w(146,1,0,0)
w(147,1,0,0)
w(148,1,0,0)
w(149,1,0,0)
w(150,1,0,0)
w(151,1,0,0)
w(152,1,0,0)
w(153,1,0,0)
w(154,1,0,0)
w(155,1,0,0)
w(156,1,0,0)
w(157,1,0,0)
w(158,1,0,0)
w(159,1,0,0)
w(160,1,0,0)
w(161,1,0,0)
w(162,1,0,0)
w(163,1,0,0)
w(164,1,0,0)
w(165,1,0,0)
w(166,1,0,0)
w(167,1,0,0)
w(168,1,0,0)
w(169,1,0,0)
w(170,1,0,0)
w(171,1,0,0)
w(172,1,0,0)
w(173,1,0,0)
w(174,1,0,0)
w(175,1,0,0)
w(176,1,0,0)
w(177,1,0,0)
w(178,1,0,0)
w(179,1,0,0)
w(180,1,0,0)
w(181,1,0,0)
w(182,1,0,0)
w(183,1,0,0)
w(184,1,0,0)
w(185,1,0,0)
w(186,1,0,0)
w(187,1,0,0)
w(188,1,0,0)
w(189,1,0,0)
w(190,1,0,0)
w(191,1,0,0)
w(192,1,0,0)
w(193,1,0,0)
w(194,1,0,0)
w(195,1,0,0)
w(196,1,0,0)
w(197,1,0,0)
w(198,1,0,0)
w(199,1,0,0)
w(200,1,0,0)
w(201,1,0,0)
w(202,1,0,0)
w(203,1,0,0)
w(204,1,0,0)
w(205,1,0,0)
w(206,1,0,0)
w(207,1,0,0)
w(208,1,0,0)
w(209,1,0,0)
w(210,1,0,0)
w(211,1,0,0)
w(212,1,0,0)
w(213,1,0,0)
w(214,1,0,0)
w(215,1,0,0)
w(216,1,0,0)
w(217,1,0,0)
w(218,1,0,0)
w(219,1,0,0)
w(220,1,0,0)
w(221,1,0,0)
w(222,1,0,0)
w(223,1,0,0)
w(224,1,0,0)
w(225,1,0,0)
w(226,1,0,0)
w(227,1,0,0)
w(228,1,0,0)
w(229,1,0,0)
w(230,1,0,0)
w(231,1,0,0)
w(232,1,0,0)
w(233,1,0,0)
w(234,1,0,0)
w(235,1,0,0)
w(236,1,0,0)
w(237,1,0,0)
w(238,1,0,0)
w(239,1,0,0)
w(240,1,0,0)
w(241,1,0,0)
w(242,1,0,0)
w(243,1,0,0)
w(244,1,0,0)
w(245,1,0,0)
w(246,1,0,0)
w(247,1,0,0)
w(248,1,0,0)
w(249,1,0,0)
w(250,1,0,0)
w(251,1,0,0)
w(252,1,0,0)
w(253,1,0,0)
w(254,1,0,0)
w(255,1,0,0)
w(256,1,0,0)
w(257,1,0,0)
w(258,1,0,0)
w(259,1,0,0)
w(260,1,0,0)
w(261,1,0,0)
w(262,1,0,0)
w(263,1,0,0)
w(264,1,0,0)
w(265,1,0,0)
w(266,1,0,0)
w(267,1,0,0)
w(268,1,0,0)
w(269,1,0,0)
w(270,1,0,0)
w(271,1,0,0)
w(272,1,0,0)
w(273,1,0,0)
w(274,1,0,0)
w(275,1,0,0)
w(276,1,0,0)
w(277,1,0,0)
w(278,1,0,0)
w(279,1,0,0)
w(280,1,0,0)
w(281,1,0,0)
w(282,1,0,0)
w(283,1,0,0)
w(284,1,0,0)
w(285,1,0,0)
w(286,1,0,0)
w(287,1,0,0)
w(288,1,0,0)
w(289,1,0,0)
w(290,1,0,0)
w(291,1,0,0)
w(292,1,0,0)
w(293,1,0,0)
w(294,1,0,0)
w(295,1,0,0)
w(296,1,0,0)
w(297,1,0,0)
w(298,1,0,0)
w(299,1,0,0)
w(300,1,0,0)
w(68,2,1,1)
r(187,1,1,1)
w(93,2,1,1)
w(37,2,1,1)
r(35,1,1,1)
r(106,1,1,1)
w(296,2,1,1)
w(182,2,1,1)
r(106,1,1,1)
r(37,2,1,1)
r(29,1,1,1)
w(267,2,1,1)
w(134,2,1,1)
w(185,2,1,1)
r(216,1,1,1)
r(151,1,1,1)
w(212,2,1,1)
r(6,1,1,1)
r(13,1,1,1)
w(113,2,1,1)
r(111,1,2,2)
r(288,1,2,2)
w(13,4,2,2)
w(123,4,2,2)
w(85,4,2,2)
r(82,1,2,2)
w(259,10,2,2)
r(42,1,2,2)
w(55,2,2,2)
r(11,1,2,2)
r(54,1,2,2)
r(166,1,2,2)
r(176,1,2,2)
w(177,4,2,2)
r(215,1,2,2)
w(24,3,2,2)
r(245,1,2,2)
r(294,1,2,2)
w(174,3,2,2)
r(276,1,2,2)
r(282,9,3,3)
r(25,1,3,3)
r(279,1,3,3)
r(56,1,3,3)
r(237,1,3,3)
w(145,6,3,3)
w(220,4,3,3)
r(260,1,3,3)
r(219,1,3,3)
w(262,4,3,3)
w(214,4,3,3)
r(205,1,3,3)
r(54,1,3,3)
w(294,4,3,3)
w(293,4,3,3)
w(274,4,3,3)
r(61,1,3,3)
r(285,1,3,3)
r(290,1,3,3)
r(92,1,3,3)
r(43,1,4,4)
w(252,4,4,4)
w(257,3,4,4)
r(59,1,4,4)
r(77,1,4,4)
w(207,4,4,4)
w(269,4,4,4)
w(242,3,4,4)
r(74,1,4,4)
w(63,2,4,4)
w(18,3,4,4)
r(280,1,4,4)
r(192,1,4,4)
w(161,8,4,4)
r(282,1,4,4)
w(161,9,4,4)
w(127,10,4,4)
w(137,9,4,4)
r(136,1,4,4)
r(149,1,4,4)
r(229,1,5,5)
r(7,1,5,5)
w(282,9,5,5)
w(17,6,5,5)
r(77,1,5,5)
r(36,1,5,5)
w(8,2,5,5)
r(186,1,5,5)
r(189,1,5,5)
r(235,1,5,5)
r(59,1,5,5)
r(220,1,5,5)
r(74,1,5,5)
w(22,3,5,5)
w(196,10,5,5)
r(286,1,5,5)
w(44,11,5,5)
r(271,1,5,5)
w(19,10,5,5)
w(23,10,5,5)
r(209,1,6,6)
w(211,8,6,6)
w(195,3,6,6)
r(284,1,6,6)
r(105,1,6,6)
w(108,6,6,6)
w(116,3,6,6)
w(157,7,6,6)
w(178,10,6,6)
r(205,1,6,6)
r(144,1,6,6)
r(227,1,6,6)
w(172,6,6,6)
r(9,1,6,6)
w(40,10,6,6)
r(106,1,6,6)
w(203,3,6,6)
w(164,6,6,6)
r(206,1,6,6)
r(91,1,6,6)
w(189,2,1,7)
r(141,1,1,7)
w(247,2,1,7)
w(96,2,1,7)
r(249,1,1,7)
w(44,2,1,7)
w(60,2,1,7)
r(59,1,1,7)
w(157,2,1,7)
w(192,2,1,7)
w(284,2,1,7)
r(251,1,1,7)
r(233,1,1,7)
w(204,2,1,7)
r(49,1,1,7)
r(109,1,1,7)
w(61,2,1,7)
r(287,1,1,7)
w(41,2,1,7)
w(203,2,2,8)
r(104,1,2,8)
r(234,1,2,8)
r(129,1,2,8)
w(120,3,2,8)
w(32,4,2,8)
r(115,1,2,8)
r(74,1,2,8)
w(156,3,2,8)
r(137,9,2,8)
r(271,1,2,8)
r(85,3,2,8)
r(26,1,2,8)
r(84,1,2,8)
w(268,4,2,8)
r(190,1,2,8)
r(217,1,2,8)
w(266,2,2,8)
w(249,3,2,8)
r(147,1,2,8)
w(292,3,3,9)
w(179,3,3,9)
w(67,10,3,9)
r(136,1,3,9)
r(131,1,3,9)
w(29,2,3,9)
r(107,1,3,9)
r(70,4,3,9)
w(265,3,3,9)
w(58,3,3,9)
w(259,6,3,9)
w(205,4,3,9)
w(157,10,3,9)
w(87,3,3,9)
r(292,3,3,9)
w(93,6,3,9)
w(206,8,3,9)
r(186,6,3,9)
w(110,3,3,9)
w(59,4,3,9)
w(112,3,4,10)
w(85,3,4,10)
w(70,4,4,10)
w(177,6,4,10)
r(283,1,4,10)
r(114,1,4,10)
w(52,10,4,10)
r(18,3,4,10)
w(30,6,4,10)
w(248,10,4,10)
r(177,6,4,10)
w(65,3,4,10)
w(300,6,4,10)
w(201,4,4,10)
r(274,1,4,10)
w(77,6,4,10)
w(83,3,4,10)
r(107,1,4,10)
w(223,4,4,10)
r(20,1,4,10)
r(72,1,5,11)
w(195,4,5,11)
r(227,6,5,11)
r(246,2,5,11)
w(227,8,5,11)
r(179,1,5,11)
w(277,4,5,11)
r(24,3,5,11)
w(197,4,5,11)
w(55,9,5,11)
r(22,3,5,11)
w(234,8,5,11)
r(297,1,5,11)
r(188,1,5,11)
r(146,8,5,11)
r(63,4,5,11)
r(49,1,5,11)
w(94,9,5,11)
w(148,6,5,11)
r(94,9,5,11)
r(288,1,6,12)
r(70,4,6,12)
w(142,11,6,12)
r(116,3,6,12)
w(146,6,6,12)
w(11,9,6,12)
w(89,6,6,12)
r(258,1,6,12)
w(127,11,6,12)
r(192,1,6,12)
r(146,6,6,12)
w(123,6,6,12)
w(156,10,6,12)
w(126,13,6,12)
r(177,6,6,12)
w(177,11,6,12)
w(177,5,6,12)
w(86,8,6,12)
r(45,1,6,12)
w(10,8,6,12)
r(95,1,1,13)
w(173,2,1,13)
w(46,2,1,13)
r(294,3,1,13)
w(288,2,1,13)
w(167,2,1,13)
w(129,2,1,13)
w(37,4,1,13)
r(16,1,1,13)
w(185,4,1,13)
w(211,2,1,13)
r(1,3,1,13)
w(50,2,1,13)
w(94,2,1,13)
r(103,1,1,13)
w(46,4,1,13)
w(113,4,1,13)
r(163,1,1,13)
w(102,2,1,13)
r(60,1,1,13)
r(154,1,2,14)
w(30,4,2,14)
r(120,3,2,14)
w(6,4,2,14)
w(265,2,2,14)
w(76,2,2,14)
w(164,2,2,14)
w(246,2,2,14)
r(114,1,2,14)
w(225,4,2,14)
w(45,4,2,14)
w(282,4,2,14)
r(206,1,2,14)
w(267,3,2,14)
r(72,1,2,14)
r(184,1,2,14)
w(283,4,2,14)
r(10,8,2,14)
w(21,4,2,14)
w(118,2,2,14)
r(223,6,3,15)
w(257,4,3,15)
r(204,8,3,15)
w(300,10,3,15)
r(189,10,3,15)
w(141,9,3,15)
r(277,4,3,15)
r(22,3,3,15)
r(276,1,3,15)
w(230,3,3,15)
w(161,3,3,15)
r(114,6,3,15)
r(256,1,3,15)
w(273,6,3,15)
w(50,3,3,15)
w(246,4,3,15)
r(299,2,3,15)
w(105,10,3,15)
r(11,9,3,15)
r(229,1,3,15)
w(30,8,4,16)
r(254,1,4,16)
r(55,2,4,16)
w(126,8,4,16)
r(64,1,4,16)
r(87,1,4,16)
w(294,3,4,16)
w(194,4,4,16)
r(85,3,4,16)
r(29,1,4,16)
w(109,6,4,16)
r(184,1,4,16)
w(1,3,4,16)
r(281,1,4,16)
w(78,8,4,16)
r(1,3,4,16)
r(251,1,4,16)
r(50,1,4,16)
r(126,8,4,16)
w(121,6,4,16)
w(115,10,5,17)
w(166,8,5,17)
r(254,1,5,17)
w(111,6,5,17)
w(272,10,5,17)
w(255,2,5,17)
r(187,1,5,17)
r(207,8,5,17)
w(107,6,5,17)
w(235,7,5,17)
w(21,6,5,17)
r(51,1,5,17)
r(265,3,5,17)
r(143,1,5,17)
w(139,6,5,17)
w(61,6,5,17)
w(253,10,5,17)
w(148,8,5,17)
r(163,1,5,17)
r(234,8,5,17)
w(268,9,6,18)
w(288,8,6,18)
w(186,6,6,18)
r(290,1,6,18)
r(175,1,6,18)
w(12,8,6,18)
w(116,10,6,18)
r(82,1,6,18)
w(223,6,6,18)
r(212,2,6,18)
w(205,9,6,18)
r(232,1,6,18)
r(153,1,6,18)
w(175,9,6,18)
w(142,5,6,18)
w(28,10,6,18)
w(146,8,6,18)
w(207,8,6,18)
w(224,8,6,18)
r(219,1,6,18)
w(133,2,1,19)
r(284,1,1,19)
r(163,1,1,19)
r(57,1,1,19)
w(249,2,1,19)
r(254,1,1,19)
r(250,1,1,19)
r(177,5,1,19)
w(124,2,1,19)
w(62,2,1,19)
w(123,2,1,19)
w(170,2,1,19)
w(7,2,1,19)
r(71,3,1,19)
w(263,2,1,19)
r(261,1,1,19)
r(186,6,1,19)
w(64,2,1,19)
r(117,1,1,19)
r(13,4,1,19)
r(270,1,2,20)
w(260,3,2,20)
w(104,4,2,20)
r(280,1,2,20)
r(99,1,2,20)
w(160,2,2,20)
w(138,4,2,20)
w(210,2,2,20)
w(282,3,2,20)
w(173,4,2,20)
w(112,2,2,20)
r(221,1,2,20)
w(70,2,2,20)
r(86,8,2,20)
w(278,4,2,20)
r(178,10,2,20)
w(27,4,2,20)
w(137,3,2,20)
r(264,1,2,20)
r(163,1,2,20)
r(35,1,3,21)
r(148,8,3,21)
r(141,9,3,21)
w(94,6,3,21)
w(94,8,3,21)
w(249,6,3,21)
w(148,2,3,21)
r(248,10,3,21)
r(250,1,3,21)
r(154,1,3,21)
r(88,2,3,21)
w(22,2,3,21)
r(36,1,3,21)
w(132,3,3,21)
r(247,1,3,21)
r(110,3,3,21)
r(163,9,3,21)
w(129,3,3,21)
r(222,2,3,21)
r(4,1,3,21)
r(41,1,4,22)
w(290,2,4,22)
r(50,1,4,22)
w(52,6,4,22)
w(227,6,4,22)
r(4,1,4,22)
w(228,3,4,22)
r(286,1,4,22)
w(98,2,4,22)
w(299,6,4,22)
w(169,4,4,22)
r(263,1,4,22)
w(44,9,4,22)
r(35,1,4,22)
r(10,8,4,22)
r(225,1,4,22)
w(18,10,4,22)
w(26,8,4,22)
r(133,1,4,22)
r(2,1,4,22)
w(6,8,5,23)
w(168,3,5,23)
r(156,3,5,23)
r(4,1,5,23)
w(173,10,5,23)
w(49,10,5,23)
w(12,10,5,23)
r(179,3,5,23)
r(112,2,5,23)
w(271,6,5,23)
w(268,8,5,23)
r(80,1,5,23)
r(221,1,5,23)
r(53,1,5,23)
r(212,2,5,23)
r(158,1,5,23)
w(141,7,5,23)
w(287,8,5,23)
r(202,1,5,23)
r(297,1,5,23)
r(167,1,6,24)
r(124,1,6,24)
w(18,11,6,24)
r(49,1,6,24)
w(199,11,6,24)
r(164,6,6,24)
w(233,8,6,24)
r(79,1,6,24)
w(94,5,6,24)
r(170,1,6,24)
w(268,7,6,24)
w(195,10,6,24)
w(90,6,6,24)
w(12,9,6,24)
r(66,1,6,24)
w(61,8,6,24)
w(259,5,6,24)
r(85,3,6,24)
r(269,4,6,24)
w(74,9,6,24)
w(88,2,1,25)
r(80,1,1,25)
w(222,2,1,25)
w(171,2,1,25)
w(166,2,1,25)
w(211,4,1,25)
w(54,2,1,25)
w(166,4,1,25)
w(11,2,1,25)
w(86,2,1,25)
w(251,2,1,25)
r(214,4,1,25)
w(235,2,1,25)
r(184,1,1,25)
r(84,1,1,25)
r(198,1,1,25)
w(190,2,1,25)
r(268,7,1,25)
w(140,2,1,25)
r(72,1,1,25)
w(81,2,2,26)
r(165,1,2,26)
w(49,2,2,26)
r(15,1,2,26)
r(3,1,2,26)
r(200,1,2,26)
w(189,10,2,26)
w(30,3,2,26)
r(180,1,2,26)
r(159,3,2,26)
w(10,4,2,26)
r(261,8,2,26)
w(299,2,2,26)
w(27,3,2,26)
r(294,6,2,26)
r(138,4,2,26)
r(265,3,2,26)
r(78,9,2,26)
r(156,3,2,26)
r(294,6,2,26)
r(84,1,3,27)
r(164,2,3,27)
r(163,3,3,27)
w(56,3,3,27)
w(78,10,3,27)
r(96,6,3,27)
r(217,1,3,27)
w(142,3,3,27)
w(193,10,3,27)
r(154,1,3,27)
w(183,4,3,27)
r(168,3,3,27)
r(212,2,3,27)
w(117,2,3,27)
r(210,2,3,27)
w(78,6,3,27)
w(20,6,3,27)
w(102,5,3,27)
w(283,3,3,27)
w(36,2,3,27)
r(258,1,4,28)
r(263,1,4,28)
r(49,1,4,28)
w(63,4,4,28)
w(71,3,4,28)
w(153,10,4,28)
w(148,3,4,28)
w(183,10,4,28)
r(147,1,4,28)
r(102,1,4,28)
r(230,1,4,28)
r(292,1,4,28)
w(298,10,4,28)
w(159,3,4,28)
r(271,1,4,28)
w(115,3,4,28)
w(299,8,4,28)
r(3,1,4,28)
w(33,4,4,28)
w(295,2,4,28)
r(241,10,5,29)
w(75,6,5,29)
r(123,2,5,29)
r(242,3,5,29)
r(206,8,5,29)
w(60,8,5,29)
r(15,1,5,29)
w(53,10,5,29)
w(160,10,5,29)
w(99,8,5,29)
w(10,3,5,29)
w(244,8,5,29)
r(295,2,5,29)
r(90,4,5,29)
w(51,10,5,29)
r(120,2,5,29)
r(108,6,5,29)
w(93,9,5,29)
r(52,6,5,29)
r(247,1,5,29)
r(94,9,6,30)
r(287,1,6,30)
r(109,6,6,30)
w(114,6,6,30)
w(93,5,6,30)
r(63,4,6,30)
w(176,10,6,30)
r(219,1,6,30)
r(4,1,6,30)
w(204,8,6,30)
w(7,10,6,30)
w(67,9,6,30)
r(12,9,6,30)
w(294,6,6,30)
r(281,1,6,30)
r(231,1,6,30)
w(82,3,6,30)
w(261,8,6,30)
r(137,3,6,30)
r(269,4,6,30)
w(273,2,1,31)
r(191,1,1,31)
r(114,6,1,31)
w(120,2,1,31)
w(214,2,1,31)
w(253,2,1,31)
r(119,1,1,31)
r(71,3,1,31)
r(121,6,1,31)
r(103,1,1,31)
r(278,4,1,31)
r(203,2,1,31)
r(4,1,1,31)
r(149,1,1,31)
w(274,2,1,31)
r(157,8,1,31)
w(27,2,1,31)
w(287,2,1,31)
w(282,2,1,31)
r(171,2,1,31)
r(38,1,2,32)
r(287,2,2,32)
r(42,1,2,32)
r(242,3,2,32)
r(250,1,2,32)
w(280,4,2,32)
w(240,4,2,32)
r(42,1,2,32)
r(190,2,2,32)
r(20,1,2,32)
r(233,8,2,32)
w(101,2,2,32)
r(282,2,2,32)
r(145,6,2,32)
r(71,3,2,32)
w(90,4,2,32)
w(95,2,2,32)
w(252,2,2,32)
w(163,3,2,32)
w(57,2,2,32)
w(105,6,3,33)
r(80,1,3,33)
r(131,1,3,33)
w(139,4,3,33)
r(38,1,3,33)
w(136,10,3,33)
w(87,10,3,33)
r(236,10,3,33)
r(47,8,3,33)
w(26,4,3,33)
w(38,2,3,33)
w(249,8,3,33)
w(157,6,3,33)
w(250,2,3,33)
w(67,6,3,33)
r(87,10,3,33)
r(280,7,3,33)
w(205,3,3,33)
w(175,3,3,33)
w(179,10,3,33)
r(154,1,4,34)
w(144,8,4,34)
w(205,6,4,34)
r(25,1,4,34)
r(65,3,4,34)
w(205,8,4,34)
r(39,1,4,34)
r(277,4,4,34)
w(190,6,4,34)
r(209,1,4,34)
w(113,6,4,34)
r(286,1,4,34)
r(274,4,4,34)
w(78,9,4,34)
r(190,6,4,34)
w(157,8,4,34)
w(43,2,4,34)
r(183,10,4,34)
r(116,10,4,34)
w(28,3,4,34)
w(300,9,5,35)
w(111,8,5,35)
w(5,3,5,35)
r(39,1,5,35)
r(278,4,5,35)
r(221,1,5,35)
r(173,10,5,35)
w(4,2,5,35)
r(32,4,5,35)
r(131,1,5,35)
r(165,1,5,35)
r(123,2,5,35)
r(109,11,5,35)
w(4,4,5,35)
r(192,8,5,35)
w(264,3,5,35)
w(123,10,5,35)
r(127,11,5,35)
w(90,10,5,35)
r(122,1,5,35)
r(48,1,6,36)
w(96,6,6,36)
w(100,10,6,36)
r(91,1,6,36)
r(77,6,6,36)
w(293,10,6,36)
r(128,1,6,36)
w(92,9,6,36)
w(224,9,6,36)
r(180,1,6,36)
r(115,10,6,36)
w(26,11,6,36)
r(6,4,6,36)
r(20,1,6,36)
r(181,1,6,36)
r(30,3,6,36)
r(155,1,6,36)
w(132,6,6,36)
r(270,1,6,36)
r(64,2,6,36)
r(239,1,1,37)
r(224,9,1,37)
w(291,2,1,37)
r(35,1,1,37)
r(209,1,1,37)
r(248,10,1,37)
w(85,2,1,37)
r(242,3,1,37)
r(196,10,1,37)
w(177,2,1,37)
r(16,1,1,37)
w(94,4,1,37)
w(141,2,1,37)
r(220,4,1,37)
w(104,2,1,37)
r(261,8,1,37)
w(238,2,1,37)
w(24,2,1,37)
w(193,2,1,37)
r(17,6,1,37)
r(219,1,2,38)
w(113,10,2,38)
w(256,3,2,38)
r(294,6,2,38)
w(66,2,2,38)
w(102,9,2,38)
r(54,2,2,38)
r(28,3,2,38)
w(166,3,2,38)
r(221,1,2,38)
r(238,2,2,38)
w(287,4,2,38)
r(297,1,2,38)
w(59,2,2,38)
w(144,3,2,38)
w(300,4,2,38)
r(214,2,2,38)
w(237,3,2,38)
r(67,9,2,38)
r(82,3,2,38)
w(235,10,3,39)
r(246,4,3,39)
w(235,6,3,39)
r(103,1,3,39)
w(138,3,3,39)
w(24,8,3,39)
r(74,9,3,39)
w(44,6,3,39)
r(103,1,3,39)
r(259,2,3,39)
w(142,10,3,39)
r(209,2,3,39)
r(213,1,3,39)
w(155,2,3,39)
r(238,10,3,39)
w(66,6,3,39)
r(283,3,3,39)
r(243,1,3,39)
r(118,2,3,39)
w(261,4,3,39)
r(239,1,4,40)
w(192,6,4,40)
r(2,1,4,40)
r(203,2,4,40)
r(168,1,4,40)
w(194,3,4,40)
r(154,1,4,40)
r(237,1,4,40)
w(57,3,4,40)
r(92,9,4,40)
r(216,1,4,40)
r(200,1,4,40)
w(163,9,4,40)
w(228,10,4,40)
r(235,7,4,40)
w(241,10,4,40)
w(85,10,4,40)
r(96,6,4,40)
r(185,4,4,40)
r(88,2,4,40)
r(159,3,5,41)
r(102,7,5,41)
r(258,2,5,41)
w(200,3,5,41)
w(122,3,5,41)
r(230,3,5,41)
w(223,3,5,41)
w(129,8,5,41)
r(119,6,5,41)
w(94,7,5,41)
r(52,6,5,41)
r(74,9,5,41)
r(32,4,5,41)
r(63,4,5,41)
r(53,10,5,41)
r(142,3,5,41)
w(75,8,5,41)
r(85,2,5,41)
w(197,3,5,41)
r(234,10,5,41)
r(52,6,6,42)
w(293,6,6,42)
w(174,7,6,42)
w(161,13,6,42)
w(267,7,6,42)
r(40,10,6,42)
r(289,1,6,42)
w(23,9,6,42)
r(224,9,6,42)
r(31,1,6,42)
w(65,7,6,42)
r(268,7,6,42)
r(2,1,6,42)
r(107,6,6,42)
r(136,1,6,42)
r(12,9,6,42)
w(119,10,6,42)
r(74,9,6,42)
r(204,8,6,42)
r(31,1,6,42)
w(254,2,1,43)
r(64,2,1,43)
w(258,2,1,43)
r(78,6,1,43)
w(188,2,1,43)
r(120,2,1,43)
r(201,4,1,43)
r(120,2,1,43)
w(267,4,1,43)
w(24,4,1,43)
r(225,4,1,43)
w(200,2,1,43)
r(213,1,1,43)
w(228,2,1,43)
r(21,6,1,43)
r(252,2,1,43)
r(50,3,1,43)
r(270,1,1,43)
r(150,1,1,43)
r(192,8,1,43)
w(265,4,2,44)
r(135,1,2,44)
w(210,4,2,44)
r(295,2,2,44)
w(105,3,2,44)
w(102,7,2,44)
r(183,4,2,44)
w(256,10,2,44)
r(64,2,2,44)
r(19,10,2,44)
r(195,4,2,44)
w(181,3,2,44)
w(44,3,2,44)
r(232,1,2,44)
w(185,3,2,44)
r(131,1,2,44)
r(81,2,2,44)
r(85,2,2,44)
w(207,2,2,44)
r(295,2,2,44)
w(17,10,3,45)
w(105,8,3,45)
r(177,3,3,45)
w(109,3,3,45)
r(100,10,3,45)
w(86,10,3,45)
r(272,10,3,45)
w(205,10,3,45)
w(240,3,3,45)
r(30,9,3,45)
w(102,13,3,45)
w(273,8,3,45)
r(253,2,3,45)
w(118,4,3,45)
w(49,4,3,45)
r(176,3,3,45)
r(31,1,3,45)
r(10,10,3,45)
w(253,4,3,45)
w(95,3,3,45)
w(192,8,4,46)
r(72,1,4,46)
r(31,1,4,46)
r(19,10,4,46)
r(279,1,4,46)
r(203,2,4,46)
r(154,1,4,46)
r(128,1,4,46)
w(1,10,4,46)
r(24,3,4,46)
w(91,8,4,46)
r(224,9,4,46)
r(10,3,4,46)
r(290,2,4,46)
r(120,2,4,46)
r(275,1,4,46)
w(49,3,4,46)
r(110,3,4,46)
w(234,10,4,46)
r(201,4,4,46)
r(55,9,5,47)
r(276,1,5,47)
r(198,1,5,47)
r(196,10,5,47)
r(174,11,5,47)
w(175,8,5,47)
w(60,9,5,47)
w(212,9,5,47)
r(87,10,5,47)
r(58,3,5,47)
w(26,7,5,47)
w(5,10,5,47)
r(290,2,5,47)
r(210,4,5,47)
r(256,10,5,47)
r(80,1,5,47)
r(189,10,5,47)
w(27,10,5,47)
r(11,2,5,47)
r(51,10,5,47)
r(227,8,6,48)
w(274,9,6,48)
w(66,5,6,48)
w(223,8,6,48)
r(208,1,6,48)
w(236,10,6,48)
w(137,14,6,48)
r(23,9,6,48)
w(109,11,6,48)
w(47,8,6,48)
r(70,2,6,48)
w(126,14,6,48)
w(183,6,6,48)
r(72,1,6,48)
r(289,1,6,48)
w(283,6,6,48)
w(180,4,6,48)
r(133,2,6,48)
w(69,9,6,48)
r(2,1,6,48)
w(113,3,1,49)
r(247,1,1,49)
w(34,2,1,49)
r(21,6,1,49)
w(64,4,1,49)
r(180,4,1,49)
r(261,8,1,49)
w(218,2,1,49)
r(165,11,1,49)
r(299,2,1,49)
w(271,2,1,49)
r(4,4,1,49)
w(260,2,1,49)
r(72,1,1,49)
r(258,2,1,49)
w(209,2,1,49)
r(17,6,1,49)
r(57,2,1,49)
r(238,2,1,49)
r(72,1,1,49)
r(230,10,2,50)
w(245,3,2,50)
w(238,10,2,50)
r(10,3,2,50)
r(232,1,2,50)
r(128,1,2,50)
r(199,11,2,50)
w(97,2,2,50)
r(37,4,2,50)
w(97,4,2,50)
w(77,3,2,50)
r(85,2,2,50)
w(197,2,2,50)
r(172,6,2,50)
w(153,4,2,50)
w(81,4,2,50)
r(81,4,2,50)
w(218,4,2,50)
r(125,8,2,50)
w(231,3,2,50)
w(215,2,3,51)
w(159,4,3,51)
w(263,4,3,51)
r(241,10,3,51)
r(133,2,3,51)
r(92,4,3,51)
r(78,4,3,51)
r(39,3,3,51)
r(282,6,3,51)
w(183,3,3,51)
r(254,2,3,51)
r(182,2,3,51)
w(115,2,3,51)
r(147,1,3,51)
r(200,3,3,51)
r(30,9,3,51)
r(89,6,3,51)
w(20,8,3,51)
w(23,4,3,51)
r(219,7,3,51)
w(127,6,4,52)
r(120,2,4,52)
r(103,1,4,52)
r(210,4,4,52)
r(77,6,4,52)
r(51,10,4,52)
w(109,8,4,52)
r(290,2,4,52)
r(213,1,4,52)
w(61,3,4,52)
w(230,10,4,52)
w(155,3,4,52)
r(220,4,4,52)
w(261,10,4,52)
r(134,2,4,52)
r(19,10,4,52)
w(72,10,4,52)
r(74,9,4,52)
r(256,10,4,52)
w(56,10,4,52)
w(269,3,5,53)
r(101,9,5,53)
r(142,10,5,53)
r(246,4,5,53)
w(167,6,5,53)
r(58,3,5,53)
r(39,2,5,53)
w(30,13,5,53)
r(155,2,5,53)
w(129,9,5,53)
r(149,1,5,53)
w(10,10,5,53)
r(279,1,5,53)
w(199,9,5,53)
r(279,1,5,53)
w(59,3,5,53)
r(4,4,5,53)
w(37,3,5,53)
r(179,10,5,53)
w(23,6,5,53)
w(165,11,6,54)
w(144,5,6,54)
r(119,10,6,54)
r(252,2,6,54)
r(154,1,6,54)
r(223,8,6,54)
r(209,1,6,54)
r(48,1,6,54)
r(249,6,6,54)
w(101,9,6,54)
w(119,6,6,54)
w(280,7,6,54)
r(281,1,6,54)
r(289,1,6,54)
w(174,11,6,54)
w(217,3,6,54)
w(263,6,6,54)
r(9,1,6,54)
w(125,8,6,54)
w(191,4,6,54)
w(92,4,1,55)
w(17,2,1,55)
w(56,2,1,55)
w(6,2,1,55)
w(211,3,1,55)
r(112,2,1,55)
w(181,2,1,55)
w(48,2,1,55)
r(222,2,1,55)
r(135,1,1,55)
w(84,2,1,55)
w(94,3,1,55)
r(165,11,1,55)
r(42,1,1,55)
r(227,8,1,55)
w(128,2,1,55)
w(273,4,1,55)
w(224,2,1,55)
w(259,2,1,55)
w(35,2,1,55)
w(168,2,2,56)
w(235,3,2,56)
r(110,3,2,56)
r(136,11,2,56)
r(281,1,2,56)
w(189,6,2,56)
w(299,4,2,56)
r(92,4,2,56)
r(132,2,2,56)
r(216,1,2,56)
r(191,4,2,56)
r(17,2,2,56)
r(257,4,2,56)
w(270,3,2,56)
r(43,2,2,56)
w(177,3,2,56)
r(209,10,2,56)
r(260,2,2,56)
w(121,4,2,56)
r(234,10,2,56)
r(92,4,3,57)
r(86,10,3,57)
w(107,3,3,57)
r(94,13,3,57)
w(213,6,3,57)
r(163,3,3,57)
w(297,4,3,57)
r(1,10,3,57)
r(157,6,3,57)
w(228,4,3,57)
w(267,8,3,57)
r(70,2,3,57)
r(186,10,3,57)
r(48,2,3,57)
r(289,1,3,57)
r(255,2,3,57)
w(201,2,3,57)
w(22,4,3,57)
r(209,6,3,57)
w(206,9,3,57)
r(273,4,4,58)
w(280,6,4,58)
r(74,9,4,58)
w(282,6,4,58)
w(50,6,4,58)
r(211,3,4,58)
w(108,3,4,58)
w(165,6,4,58)
w(136,7,4,58)
w(76,4,4,58)
r(295,2,4,58)
w(44,7,4,58)
r(114,6,4,58)
w(148,10,4,58)
w(106,9,4,58)
w(186,3,4,58)
w(235,8,4,58)
r(283,3,4,58)
r(83,3,4,58)
w(136,11,4,58)
r(263,6,5,59)
r(136,11,5,59)
w(277,3,5,59)
r(127,6,5,59)
w(202,10,5,59)
w(54,8,5,59)
w(135,2,5,59)
r(183,4,5,59)
r(189,6,5,59)
r(70,2,5,59)
r(222,2,5,59)
w(249,9,5,59)
w(278,6,5,59)
r(70,2,5,59)
r(168,2,5,59)
r(261,2,5,59)
r(63,4,5,59)
r(120,2,5,59)
w(86,6,5,59)
r(217,3,5,59)
r(244,8,6,60)
r(192,8,6,60)
w(261,9,6,60)
r(203,2,6,60)
r(20,6,6,60)
w(34,8,6,60)
w(105,11,6,60)
r(152,1,6,60)
r(115,10,6,60)
w(97,8,6,60)
w(94,13,6,60)
w(243,6,6,60)
w(22,10,6,60)
w(153,8,6,60)
w(269,6,6,60)
w(276,8,6,60)
r(198,1,6,60)
w(83,10,6,60)
r(241,10,6,60)
w(144,13,6,60)
r(192,8,1,61)
w(78,4,1,61)
w(286,2,1,61)
r(32,4,1,61)
w(69,2,1,61)
w(102,4,1,61)
r(172,6,1,61)
w(286,4,1,61)
r(130,1,1,61)
w(39,2,1,61)
w(2,2,1,61)
r(145,6,1,61)
w(189,4,1,61)
r(226,1,1,61)
w(13,2,1,61)
r(147,1,1,61)
r(72,10,1,61)
w(145,4,1,61)
w(300,2,1,61)
r(6,2,1,61)
w(136,4,2,62)
r(229,1,2,62)
r(288,2,2,62)
r(26,2,2,62)
w(75,4,2,62)
r(109,8,2,62)
w(91,4,2,62)
r(236,10,2,62)
w(71,2,2,62)
r(79,1,2,62)
r(26,2,2,62)
r(52,11,2,62)
r(188,2,2,62)
r(128,2,2,62)
r(19,10,2,62)
w(32,3,2,62)
w(278,3,2,62)
r(43,2,2,62)
w(140,4,2,62)
w(211,10,2,62)
r(232,1,3,63)
r(26,2,3,63)
w(206,7,3,63)
w(19,4,3,63)
r(39,3,3,63)
r(88,2,3,63)
w(214,3,3,63)
r(133,2,3,63)
w(54,6,3,63)
w(128,10,3,63)
r(51,3,3,63)
r(198,3,3,63)
r(129,9,3,63)
r(31,3,3,63)
w(229,4,3,63)
r(154,1,3,63)
r(222,2,3,63)
w(280,10,3,63)
r(288,2,3,63)
w(21,3,3,63)
w(292,10,4,64)
r(253,2,4,64)
r(299,4,4,64)
r(143,1,4,64)
w(57,6,4,64)
r(196,10,4,64)
w(60,10,4,64)
w(153,6,4,64)
w(204,3,4,64)
w(278,10,4,64)
r(70,2,4,64)
r(166,3,4,64)
w(239,3,4,64)
r(68,2,5,65)
r(228,2,5,65)
r(68,2,5,65)
r(77,3,5,65)
w(44,5,5,65)
w(219,7,5,65)
r(211,10,5,65)
w(52,7,5,65)
w(176,3,5,65)
r(66,6,5,65)
w(128,8,5,65)
r(33,4,5,65)
w(234,9,5,65)
w(19,6,5,65)
r(58,3,5,65)
w(104,6,5,65)
w(158,4,5,65)
w(127,8,5,65)
r(209,6,5,65)
r(226,1,5,65)
r(175,8,6,66)
r(198,1,6,66)
r(295,2,6,66)
w(90,8,6,66)
w(75,11,6,66)
w(35,8,6,66)
r(167,2,6,66)
r(146,8,6,66)
w(212,5,6,66)
r(155,2,6,66)
r(288,2,6,66)
r(106,9,6,66)
w(209,10,6,66)
r(250,2,6,66)
r(149,1,6,66)
w(50,7,6,66)
w(148,7,6,66)
r(145,4,6,66)
w(52,11,6,66)
r(171,2,6,66)
w(174,2,1,67)
r(73,1,1,67)
r(119,6,1,67)
w(102,3,1,67)
w(30,2,1,67)
w(11,4,1,67)
r(81,4,1,67)
r(224,2,1,67)
w(26,2,1,67)
w(132,2,1,67)
r(212,9,1,67)
r(221,1,1,67)
r(108,3,1,67)
r(196,10,1,67)
r(253,2,1,67)
r(28,3,1,67)
w(261,2,1,67)
w(292,2,1,67)
w(111,2,1,67)
r(53,10,1,67)
w(66,4,2,68)
w(268,3,2,68)
r(100,10,2,68)
w(217,2,2,68)
r(119,6,2,68)
w(161,4,2,68)
r(100,10,2,68)
w(125,4,2,68)
r(182,2,2,68)
r(14,1,2,68)
w(20,3,2,68)
w(213,4,2,68)
r(137,14,2,68)
r(75,4,2,68)
w(91,3,2,68)
w(24,10,2,68)
r(252,2,2,68)
r(176,3,2,68)
w(33,2,2,68)
r(127,8,2,68)
r(162,1,3,69)
r(291,2,3,69)
r(120,2,3,69)
w(175,10,3,69)
w(215,4,3,69)
r(58,3,3,69)
w(138,10,3,69)
w(139,3,3,69)
w(110,10,3,69)
w(168,4,3,69)
w(3,4,3,69)
w(150,10,3,69)
w(42,3,3,69)
r(23,4,3,69)
w(137,8,3,69)
r(246,4,3,69)
w(55,4,3,69)
r(244,9,3,69)
r(14,1,3,69)
w(251,10,3,69)
w(202,4,4,70)
r(218,4,4,70)
w(186,10,4,70)
r(107,6,4,70)
w(256,9,4,70)
r(119,6,4,70)
w(23,3,4,70)
r(105,11,4,70)
w(71,10,4,70)
r(192,8,4,70)
r(118,2,4,70)
r(122,3,4,70)
w(149,2,4,70)
w(169,3,4,70)
r(287,4,4,70)
w(39,3,4,70)
w(16,3,4,70)
w(105,7,4,70)
w(174,9,4,70)
w(30,9,4,70)
w(193,8,5,71)
r(143,1,5,71)
w(84,6,5,71)
w(297,6,5,71)
r(46,4,5,71)
w(242,10,5,71)
r(43,2,5,71)
w(54,9,5,71)
w(285,3,5,71)
r(9,1,5,71)
w(164,10,5,71)
w(138,7,5,71)
r(76,4,5,71)
r(44,5,5,71)
w(76,10,5,71)
w(3,10,5,71)
w(214,6,5,71)
w(194,8,5,71)
w(244,9,5,71)
w(132,10,5,71)
w(269,8,6,72)
r(257,4,6,72)
w(123,8,6,72)
r(194,3,6,72)
w(85,6,6,72)
w(152,4,6,72)
w(238,5,6,72)
r(295,2,6,72)
w(209,6,6,72)
w(221,9,6,72)
r(188,2,6,72)
w(101,7,6,72)
w(223,9,6,72)
r(26,2,6,72)
w(37,10,6,72)
r(242,3,6,72)
w(198,3,6,72)
w(153,9,6,72)
r(158,1,6,72)
r(36,2,6,72)
r(56,2,1,73)
w(11,3,1,73)
w(130,2,1,73)
w(221,2,1,73)
w(260,4,1,73)
w(212,4,1,73)
w(238,4,1,73)
w(283,2,1,73)
r(219,1,1,73)
r(139,4,1,73)
r(84,2,1,73)
r(270,3,1,73)
w(44,4,1,73)
r(13,2,1,73)
w(213,2,1,73)
w(3,2,1,73)
w(60,4,1,73)
r(248,10,1,73)
r(28,3,1,73)
r(62,2,1,73)
r(162,1,2,74)
w(106,3,2,74)
w(93,3,2,74)
w(99,2,2,74)
r(99,2,2,74)
w(146,4,2,74)
w(121,3,2,74)
w(137,10,2,74)
r(275,1,2,74)
r(149,2,2,74)
r(218,4,2,74)
r(112,2,2,74)
r(162,1,2,74)
r(126,14,2,74)
w(175,4,2,74)
w(104,3,2,74)
r(267,4,2,74)
r(150,1,2,74)
w(123,3,2,74)
r(231,3,2,74)
r(19,4,3,75)
w(82,2,3,75)
w(173,3,3,75)
w(115,4,3,75)
r(296,2,3,75)
w(104,10,3,75)
w(75,3,3,75)
r(81,4,3,75)
r(35,4,3,75)
w(187,10,3,75)
r(221,10,3,75)
r(177,3,3,75)
w(35,3,3,75)
r(156,3,3,75)
w(13,6,3,75)
r(215,10,3,75)
r(139,3,3,75)
w(226,10,3,75)
r(11,3,3,75)
w(167,3,3,75)
r(190,2,4,76)
r(182,2,4,76)
w(284,3,4,76)
r(237,3,4,76)
w(52,8,4,76)
r(89,6,4,76)
w(221,10,4,76)
r(161,4,4,76)
r(279,1,4,76)
r(221,10,4,76)
w(234,6,4,76)
r(191,4,4,76)
r(2,2,4,76)
r(298,10,4,76)
r(148,7,4,76)
w(102,12,4,76)
r(203,2,4,76)
w(130,6,4,76)
w(51,3,4,76)
w(95,6,4,76)
w(56,8,5,77)
r(15,1,5,77)
r(134,2,5,77)
r(298,10,5,77)
w(204,10,5,77)
r(290,2,5,77)
w(256,11,5,77)
w(225,9,5,77)
r(61,3,5,77)
r(142,4,5,77)
w(274,10,5,77)
r(246,4,5,77)
w(127,9,5,77)
w(106,5,5,77)
r(154,1,5,77)
r(87,4,5,77)
w(109,9,5,77)
r(145,4,5,77)
w(238,11,5,77)
w(259,11,5,77)
r(131,1,6,78)
w(137,12,6,78)
w(298,9,6,78)
w(199,5,6,78)
w(132,8,6,78)
w(148,11,6,78)
r(282,6,6,78)
r(157,3,6,78)
r(191,4,6,78)
r(199,5,6,78)
r(6,2,6,78)
r(35,4,6,78)
w(189,5,6,78)
w(72,9,6,78)
r(281,1,6,78)
r(64,4,6,78)
w(118,10,6,78)
w(255,3,6,78)
w(220,6,6,78)
r(78,7,6,78)
r(252,2,1,79)
w(10,2,1,79)
w(1,2,1,79)
w(159,2,1,79)
r(265,4,1,79)
w(206,2,1,79)
w(56,4,1,79)
w(35,4,1,79)
r(62,2,1,79)
r(159,2,1,79)
r(47,8,1,79)
w(234,2,1,79)
r(96,6,1,79)
r(38,2,1,79)
r(184,1,1,79)
w(179,2,1,79)
w(144,2,1,79)
w(18,2,1,79)
w(183,2,1,79)
r(200,3,1,79)
r(215,2,2,80)
r(136,4,2,80)
w(170,4,2,80)
r(105,8,2,80)
w(275,3,2,80)
w(87,4,2,80)
r(128,8,2,80)
w(50,4,2,80)
r(140,4,2,80)
r(231,3,2,80)
w(266,4,2,80)
w(31,3,2,80)
w(95,4,2,80)
r(152,4,2,80)
r(276,8,2,80)
r(142,10,2,80)
w(130,4,2,80)
w(142,4,2,80)
w(285,2,2,80)
r(190,2,2,80)
w(237,10,3,81)
w(286,9,3,81)
w(68,4,3,81)
w(136,6,3,81)
r(296,2,3,81)
w(42,10,3,81)
w(99,10,3,81)
w(219,3,3,81)
r(297,4,3,81)
w(144,10,3,81)
r(158,4,3,81)
r(7,10,3,81)
r(28,3,3,81)
r(279,1,3,81)
r(53,10,3,81)
w(44,8,3,81)
r(138,10,3,81)
w(109,10,3,81)
w(5,2,3,81)
r(208,1,3,81)
w(210,10,4,82)
r(269,8,4,82)
r(1,10,4,82)
w(224,6,4,82)
w(61,10,4,82)
r(47,8,4,82)
r(168,2,4,82)
w(46,8,4,82)
w(194,10,4,82)
w(271,10,4,82)
w(103,4,4,82)
w(78,7,4,82)
r(133,2,4,82)
w(266,10,4,82)
r(41,1,4,82)
w(50,8,4,82)
w(212,8,4,82)
w(79,10,4,82)
w(298,6,4,82)
r(92,4,4,82)
w(233,3,5,83)
w(137,5,5,83)
r(221,10,5,83)
w(120,6,5,83)
w(65,8,5,83)
w(202,6,5,83)
r(213,6,5,83)
w(109,7,5,83)
w(255,4,5,83)
w(223,10,5,83)
w(36,10,5,83)
r(24,10,5,83)
r(150,10,5,83)
w(270,10,5,83)
r(206,2,5,83)
r(152,4,5,83)
r(296,2,5,83)
w(45,10,5,83)
r(189,6,5,83)
r(105,8,5,83)
r(283,2,6,84)
r(211,10,6,84)
r(5,10,6,84)
w(7,6,6,84)
w(101,11,6,84)
w(162,6,6,84)
w(252,3,6,84)
r(298,9,6,84)
w(1,9,6,84)
w(155,10,6,84)
w(91,14,6,84)
r(277,3,6,84)
w(265,7,6,84)
w(146,9,6,84)
w(278,9,6,84)
w(20,2,1,85)
r(51,3,1,85)
w(224,4,1,85)
w(172,2,1,85)
r(129,9,1,85)
r(7,10,1,85)
w(206,4,1,85)
r(15,1,1,85)
w(127,4,1,85)
r(1,2,1,85)
r(102,12,1,85)
w(221,4,1,85)
r(190,2,1,85)
w(267,6,2,86)
r(292,2,2,86)
r(285,2,2,86)
r(17,10,2,86)
w(257,2,2,86)
r(195,4,2,86)
w(153,3,2,86)
w(300,3,2,86)
w(54,3,2,86)
w(247,4,2,86)
w(268,10,2,86)
r(189,6,2,86)
r(145,4,2,86)
r(147,1,2,86)
w(91,10,2,86)
w(298,2,2,86)
w(194,2,2,86)
w(147,4,2,86)
r(285,2,2,86)
w(157,3,2,86)
r(296,2,3,87)
w(73,4,3,87)
w(147,6,3,87)
w(282,10,3,87)
w(175,6,3,87)
r(145,9,3,87)
w(259,9,3,87)
w(69,10,3,87)
w(108,4,3,87)
r(252,2,3,87)
r(206,2,3,87)
r(230,10,3,87)
r(44,8,3,87)
w(26,3,3,87)
w(199,6,3,87)
r(45,2,3,87)
r(224,6,3,87)
w(161,10,3,87)
w(254,3,3,87)
r(116,10,3,87)
w(101,10,4,88)
w(145,9,4,88)
w(91,7,4,88)
r(119,6,4,88)
r(273,8,4,88)
w(144,9,4,88)
w(30,7,4,88)
r(81,4,4,88)
r(254,2,4,88)
w(39,10,4,88)
r(203,2,4,88)
w(170,10,4,88)
r(15,1,4,88)
r(105,8,4,88)
r(26,2,4,88)
r(298,2,4,88)
r(230,10,4,88)
r(155,2,4,88)
r(288,2,4,88)
r(130,4,4,88)
r(193,8,5,89)
r(58,3,5,89)
w(292,8,5,89)
w(142,9,5,89)
r(291,2,5,89)
r(110,10,5,89)
r(58,3,5,89)
r(269,8,5,89)
w(165,8,5,89)
w(40,3,5,89)
w(250,3,5,89)
r(252,2,5,89)
w(184,4,5,89)
w(23,8,5,89)
r(240,3,5,89)
w(124,4,5,89)
r(39,10,5,89)
r(28,3,5,89)
r(214,3,5,89)
w(248,8,5,89)
r(63,3,6,90)
w(285,8,6,90)
w(47,9,6,90)
w(259,13,6,90)
r(138,10,6,90)
r(188,2,6,90)
r(67,6,6,90)
w(187,6,6,90)
r(264,3,6,90)
w(291,10,6,90)
r(37,10,6,90)
r(210,10,6,90)
r(128,10,6,90)
w(87,9,6,90)
w(5,6,6,90)
w(268,11,6,90)
w(183,9,6,90)
r(293,6,6,90)
w(123,9,6,90)
w(229,6,6,90)
r(286,9,1,91)
r(94,13,1,91)
w(245,2,1,91)
w(137,4,1,91)
r(296,2,1,91)
r(14,1,1,91)
w(102,6,1,91)
w(105,2,1,91)
w(45,2,1,91)
w(262,2,1,91)
w(15,2,1,91)
w(31,2,1,91)
w(133,4,1,91)
r(11,3,1,91)
r(207,10,1,91)
r(68,4,1,91)
r(209,6,1,91)
r(111,4,1,91)
r(130,9,1,91)
r(250,3,1,91)
w(13,3,2,92)
w(89,3,2,92)
r(290,2,2,92)
r(179,10,2,92)
r(270,3,2,92)
r(210,10,2,92)
r(73,1,2,92)
r(64,4,2,92)
r(49,4,2,92)
w(165,4,2,92)
r(155,2,2,92)
w(52,4,2,92)
w(74,10,2,92)
w(217,4,2,92)
w(245,10,2,92)
r(279,1,2,92)
r(85,6,2,92)
w(199,10,2,92)
r(180,4,2,92)
r(179,10,2,92)
w(131,2,3,93)
w(247,3,3,93)
w(253,3,3,93)
r(244,9,3,93)
w(133,10,3,93)
w(83,4,3,93)
r(166,10,3,93)
w(79,4,3,93)
w(107,10,3,93)
r(288,2,3,93)
w(164,3,3,93)
r(5,6,3,93)
r(112,2,3,93)
w(213,8,3,93)
r(139,3,3,93)
w(186,4,3,93)
r(13,8,3,93)
w(256,8,3,93)
w(222,3,3,93)
r(8,2,3,93)
w(119,4,4,94)
w(130,8,4,94)
w(18,6,4,94)
r(54,6,4,94)
r(186,10,4,94)
w(219,6,4,94)
r(23,4,4,94)
r(141,2,4,94)
w(69,6,4,94)
w(215,10,4,94)
w(189,7,4,94)
w(30,11,4,94)
r(200,3,4,94)
w(241,6,4,94)
w(239,10,4,94)
r(108,3,4,94)
r(254,2,4,94)
w(38,4,4,94)
w(259,7,4,94)
w(18,8,4,94)
w(13,8,5,95)
r(183,2,5,95)
w(215,6,5,95)
w(63,3,5,95)
w(130,9,5,95)
r(94,13,5,95)
w(253,6,5,95)
r(119,4,5,95)
w(214,8,5,95)
r(44,5,5,95)
r(177,3,5,95)
w(192,9,5,95)
w(207,10,5,95)
w(165,9,5,95)
w(126,11,5,95)
w(25,4,5,95)
w(233,10,5,95)
w(93,7,5,95)
r(212,8,5,95)
r(60,4,5,95)
r(209,6,6,96)
r(195,4,6,96)
r(211,10,6,96)
w(170,11,6,96)
w(276,9,6,96)
r(59,3,6,96)
r(73,4,6,96)
r(285,8,6,96)
w(206,5,6,96)
w(230,7,6,96)
w(76,8,6,96)
w(48,6,6,96)
r(172,10,6,96)
w(72,7,6,96)
r(104,10,6,96)
w(212,13,6,96)
w(206,13,6,96)
w(83,6,6,96)
r(298,9,6,96)
r(162,1,6,96)
w(74,4,1,97)
r(293,6,1,97)
r(215,6,1,97)
w(48,4,1,97)
r(8,2,1,97)
r(100,10,1,97)
w(88,4,1,97)
w(67,4,1,97)
w(179,4,1,97)
r(203,2,1,97)
w(139,2,1,97)
w(180,2,1,97)
w(72,2,1,97)
w(278,2,1,97)
w(65,4,1,97)
w(128,4,1,97)
w(238,3,1,97)
w(47,2,1,97)
r(135,2,1,97)
r(79,4,1,97)
r(149,2,2,98)
r(242,10,2,98)
w(192,4,2,98)
w(111,4,2,98)
r(282,6,2,98)
w(171,4,2,98)
w(166,10,2,98)
r(259,7,2,98)
w(276,2,2,98)
r(40,10,2,98)
r(42,3,2,98)
r(135,2,2,98)
w(106,10,2,98)
r(94,13,2,98)
r(247,4,2,98)
r(118,4,2,98)
w(163,6,2,98)
r(255,4,2,98)
w(285,4,2,98)
w(46,10,2,98)
r(293,6,3,99)
r(83,2,3,99)
r(80,1,3,99)
w(211,6,3,99)
r(182,2,3,99)
r(284,3,3,99)
r(262,2,3,99)
w(185,10,3,99)
w(74,8,3,99)
r(24,10,3,99)
w(276,4,3,99)
w(7,4,3,99)
w(117,4,3,99)
r(275,3,3,99)
r(132,8,3,99)
r(8,2,3,99)
r(237,10,3,99)
w(139,10,3,99)
w(244,6,3,99)
r(68,4,3,99)
r(181,2,4,100)
r(52,4,4,100)
w(62,3,4,100)
w(55,8,4,100)
w(170,6,4,100)
r(8,2,4,100)
r(190,2,4,100)
r(212,8,4,100)
r(256,11,4,100)
w(243,10,4,100)
r(241,6,4,100)
w(202,3,4,100)
r(22,4,4,100)
r(80,1,4,100)
r(213,6,4,100)
w(290,4,4,100)
r(91,7,4,100)
r(285,4,4,100)
r(27,10,4,100)
w(300,8,4,100)
w(117,6,5,101)
r(33,2,5,101)
r(239,10,5,101)
w(64,10,5,101)
r(283,2,5,101)
r(121,3,5,101)
r(203,2,5,101)
r(135,2,5,101)
w(131,3,5,101)
w(144,7,5,101)
r(254,2,5,101)
r(171,4,5,101)
r(68,4,5,101)
w(15,10,5,101)
r(65,8,5,101)
r(200,3,5,101)
w(18,9,5,101)
w(212,7,5,101)
w(226,9,5,101)
w(103,3,5,101)
r(8,2,6,102)
w(254,9,6,102)
r(300,8,6,102)
r(141,2,6,102)
w(47,7,6,102)
w(4,3,6,102)
r(49,4,6,102)
r(2,2,6,102)
r(189,5,6,102)
r(204,10,6,102)
r(267,6,6,102)
w(133,9,6,102)
w(29,10,6,102)
r(31,2,6,102)
r(296,2,6,102)
w(202,8,6,102)
w(15,8,6,102)
w(246,3,6,102)
w(164,8,6,102)
r(112,2,6,102)
w(225,2,1,103)
w(108,2,1,103)
r(279,1,1,103)
r(209,4,1,103)
r(161,6,1,103)
w(232,4,1,103)
w(271,4,1,103)
w(154,2,1,103)
w(132,4,1,103)
r(23,8,1,103)
r(44,10,1,103)
r(57,4,1,103)
r(256,8,1,103)
r(259,9,1,103)
r(12,10,1,103)
r(163,6,1,103)
w(105,4,1,103)
w(72,4,1,103)
r(207,10,1,103)
w(196,2,1,103)
r(247,3,2,104)
w(106,8,2,104)
w(46,6,2,104)
w(83,2,2,104)
w(81,3,2,104)
r(78,7,2,104)
r(91,7,2,104)
w(116,2,2,104)
r(223,10,2,104)
r(199,6,2,104)
r(82,2,2,104)
r(31,2,2,104)
w(42,4,2,104)
w(205,2,2,104)
w(16,2,2,104)
r(229,6,2,104)
w(190,3,2,104)
r(180,4,2,104)
w(286,6,2,104)
r(187,6,2,104)
w(161,6,3,105)
w(95,10,3,105)
r(166,10,3,105)
w(297,3,3,105)
r(106,8,3,105)
r(22,4,3,105)
w(298,3,3,105)
r(195,4,3,105)
w(227,3,3,105)
r(254,9,3,105)
w(210,3,3,105)
r(119,4,3,105)
w(57,4,3,105)
r(35,3,3,105)
r(204,10,3,105)
w(241,3,3,105)
w(142,6,3,105)
w(165,10,3,105)
w(236,4,3,105)
w(174,6,3,105)
w(235,9,4,106)
w(282,8,4,106)
w(170,8,4,106)
r(136,6,4,106)
r(88,2,4,106)
w(247,10,4,106)
r(151,1,4,106)
r(75,9,4,106)
r(242,10,4,106)
r(94,13,4,106)
r(244,9,4,106)
w(181,10,4,106)
r(180,4,4,106)
r(56,4,4,106)
w(157,9,4,106)
r(285,8,4,106)
w(260,8,4,106)
w(194,6,4,106)
r(241,6,4,106)
r(122,3,4,106)
r(173,3,5,107)
w(30,14,5,107)
r(104,10,5,107)
w(257,10,5,107)
w(231,6,5,107)
r(248,8,5,107)
w(160,6,5,107)
r(236,10,5,107)
r(116,10,5,107)
w(225,7,5,107)
r(189,5,5,107)
r(210,10,5,107)
w(70,3,5,107)
r(4,4,5,107)
r(46,10,5,107)
r(219,3,5,107)
w(172,10,5,107)
r(230,10,5,107)
w(130,7,5,107)
w(75,9,5,107)
w(270,6,6,108)
w(142,13,6,108)
w(158,3,6,108)
r(180,4,6,108)
r(66,4,6,108)
r(24,10,6,108)
w(93,13,6,108)
r(59,3,6,108)
w(298,7,6,108)
w(42,9,6,108)
r(276,4,6,108)
r(147,6,6,108)
r(12,10,6,108)
r(218,4,6,108)
r(18,9,6,108)
w(297,9,6,108)
w(175,7,6,108)
w(187,8,6,108)
w(102,16,6,108)
r(229,6,6,108)
w(11,10,1,109)
r(23,8,1,109)
w(141,3,1,109)
r(60,6,1,109)
r(28,3,1,109)
w(34,4,1,109)
w(86,3,1,109)
w(167,4,1,109)
r(65,4,1,109)
w(254,4,1,109)
w(187,2,1,109)
w(32,2,1,109)
r(198,3,1,109)
w(15,4,1,109)
w(212,3,1,109)
r(164,8,1,109)
w(190,4,1,109)
r(124,4,1,109)
w(153,2,1,109)
r(181,10,1,109)
r(176,3,2,110)
r(148,11,2,110)
w(2,3,2,110)
r(108,10,2,110)
r(287,4,2,110)
r(260,8,2,110)
w(206,3,2,110)
w(44,10,2,110)
w(41,4,2,110)
w(220,2,2,110)
w(243,4,2,110)
r(137,4,2,110)
w(242,4,2,110)
r(69,10,2,110)
w(213,10,2,110)
w(248,3,2,110)
r(191,4,2,110)
w(288,3,2,110)
r(84,6,2,110)
r(192,9,2,110)
w(102,14,3,111)
w(166,6,3,111)
w(293,3,3,111)
w(51,4,3,111)
w(28,4,3,111)
w(101,3,3,111)
w(58,10,3,111)
w(155,4,3,111)
w(265,6,3,111)
w(129,10,3,111)
w(144,6,3,111)
r(284,10,3,111)
w(126,10,3,111)
r(59,3,3,111)
w(126,6,3,111)
w(129,6,3,111)
w(192,3,3,111)
r(91,7,3,111)
w(21,10,3,111)
w(52,3,3,111)
w(146,10,4,112)
r(99,10,4,112)
w(72,6,4,112)
r(30,14,4,112)
w(177,8,4,112)
r(40,3,4,112)
r(239,10,4,112)
w(230,6,4,112)
w(160,3,4,112)
w(284,10,4,112)
r(196,10,4,112)
w(251,9,4,112)
w(149,4,4,112)
w(43,4,4,112)
w(29,4,4,112)
w(209,4,4,112)
w(274,3,4,112)
w(288,6,4,112)
w(292,6,4,112)
r(262,2,4,112)
w(98,3,5,113)
w(258,3,5,113)
w(99,9,5,113)
w(292,9,5,113)
r(78,7,5,113)
w(232,8,5,113)
r(161,11,6,114)
w(202,9,6,114)
r(234,2,6,114)
r(58,3,6,114)
w(236,6,6,114)
r(159,2,6,114)
r(117,4,6,114)
w(255,10,6,114)
w(47,11,6,114)
r(162,1,6,114)
r(80,1,6,114)
w(155,6,6,114)
w(189,13,6,114)
w(109,5,6,114)
w(66,13,6,114)
r(104,10,6,114)
r(156,3,6,114)
r(225,3,6,114)
r(48,4,6,114)
w(148,5,6,114)
r(102,14,1,115)
w(100,2,1,115)
r(291,3,1,115)
r(200,3,1,115)
w(89,4,1,115)
r(266,6,1,115)
r(121,10,1,115)
w(129,4,1,115)
r(51,4,1,115)
r(208,1,1,115)
w(126,3,1,115)
w(150,3,1,115)
w(275,4,1,115)
w(127,3,1,115)
r(175,7,1,115)
w(240,2,1,115)
r(194,6,1,115)
w(284,4,1,115)
w(169,2,1,115)
w(234,4,1,115)
r(87,8,2,116)
w(174,10,2,116)
w(69,4,2,116)
w(31,10,2,116)
r(69,4,2,116)
w(288,10,2,116)
r(137,4,2,116)
r(9,1,2,116)
w(226,4,2,116)
r(280,10,2,116)
w(177,10,2,116)
w(137,6,2,116)
w(225,3,2,116)
r(75,9,2,116)
r(34,8,2,116)
w(147,3,2,116)
r(53,10,2,116)
r(78,7,2,116)
w(17,4,2,116)
r(36,10,2,116)
w(125,10,3,117)
r(74,4,3,117)
r(124,4,3,117)
r(111,3,3,117)
w(67,8,3,117)
r(157,9,3,117)
w(234,3,3,117)
r(156,3,3,117)
r(110,10,3,117)
r(25,4,3,117)
r(136,6,3,117)
w(227,10,3,117)
w(90,3,3,117)
w(39,4,3,117)
w(163,8,3,117)
r(236,6,3,117)
w(192,10,3,117)
r(248,6,3,117)
r(54,6,3,117)
w(47,10,3,117)
w(283,10,4,118)
r(65,4,4,118)
w(47,6,4,118)
w(266,6,4,118)
w(177,9,4,118)
r(108,2,4,118)
w(126,9,4,118)
r(76,8,4,118)
r(62,3,4,118)
r(100,10,4,118)
w(29,3,4,118)
w(163,7,4,118)
w(60,6,4,118)
r(261,2,4,118)
w(171,10,4,118)
w(230,8,4,118)
w(161,11,4,118)
w(291,3,4,118)
w(101,6,4,118)
r(196,2,4,118)
w(294,10,5,119)
w(51,6,5,119)
w(269,10,5,119)
r(268,11,5,119)
r(239,10,5,119)
w(94,11,5,119)
w(173,6,5,119)
r(228,4,5,119)
r(69,10,5,119)
r(93,7,5,119)
r(215,6,5,119)
w(179,6,5,119)
r(152,4,5,119)
r(188,2,5,119)
w(77,9,5,119)
r(13,8,5,119)
w(282,7,5,119)
w(108,10,5,119)
w(63,10,5,119)
w(210,9,5,119)
r(282,11,6,120)
w(131,6,6,120)
r(121,3,6,120)
w(283,8,6,120)
w(287,7,6,120)
w(288,9,6,120)
r(149,4,6,120)
r(283,8,6,120)
r(254,4,6,120)
r(295,2,6,120)
w(36,8,6,120)
r(146,10,6,120)
r(76,8,6,120)
r(176,3,6,120)
r(297,3,6,120)
r(226,8,6,120)
r(242,4,6,120)
r(127,7,6,120)
w(88,8,6,120)
r(87,8,6,120)
r(16,2,1,121)
r(283,8,1,121)
w(268,2,1,121)
w(52,2,1,121)
r(240,8,1,121)
w(125,2,1,121)
r(127,3,1,121)
r(130,7,1,121)
r(60,6,1,121)
w(187,4,1,121)
r(129,4,1,121)
r(43,4,1,121)
r(18,9,1,121)
w(251,3,1,121)
r(253,8,1,121)
r(79,4,1,121)
r(8,2,1,121)
w(92,3,1,121)
r(289,1,1,121)
r(279,1,1,121)
w(273,10,2,122)
r(157,9,2,122)
w(294,2,2,122)
r(139,2,2,122)
r(203,2,2,122)
w(48,3,2,122)
r(199,6,2,122)
r(288,10,2,122)
w(151,2,2,122)
w(280,3,2,122)
w(206,10,2,122)
w(88,3,2,122)
r(231,6,2,122)
w(206,6,2,122)
w(160,4,2,122)
w(40,2,2,122)
r(81,3,2,122)
r(178,10,2,122)
r(245,2,2,122)
w(111,3,2,122)
r(276,4,3,123)
w(136,8,3,123)
r(140,4,3,123)
w(238,9,3,123)
w(245,6,3,123)
r(194,6,3,123)
w(138,6,3,123)
r(208,1,3,123)
w(136,9,3,123)
w(121,10,3,123)
w(264,4,3,123)
w(225,6,3,123)
w(215,3,3,123)
w(5,4,3,123)
w(26,6,3,123)
w(276,3,3,123)
r(262,2,3,123)
w(58,6,3,123)
w(275,10,3,123)
w(34,10,3,123)
w(229,3,4,124)
w(100,3,4,124)
w(188,4,4,124)
w(237,8,4,124)
r(224,6,4,124)
w(248,6,4,124)
r(152,4,4,124)
r(139,2,4,124)
r(287,4,4,124)
r(117,4,4,124)
r(222,3,4,124)
w(207,3,4,124)
r(227,7,4,124)
w(214,10,4,124)
w(226,8,4,124)
r(68,4,4,124)
w(137,7,4,124)
r(295,2,4,124)
r(14,1,4,124)
r(287,4,4,124)
r(217,4,5,125)
r(95,10,5,125)
r(172,10,5,125)
w(98,10,5,125)
w(218,3,5,125)
w(76,6,5,125)
w(208,3,5,125)
r(176,3,5,125)
w(12,6,5,125)
r(184,4,5,125)
r(249,9,5,125)
w(93,11,5,125)
w(207,6,5,125)
w(91,11,5,125)
r(127,9,5,125)
w(114,9,6,126)
w(225,11,6,126)
r(44,10,6,126)
w(105,5,6,126)
w(284,9,6,126)
r(162,1,6,126)
w(113,9,6,126)
r(12,10,6,126)
r(177,10,6,126)
w(273,11,6,126)
r(266,6,6,126)
r(161,11,6,126)
w(250,10,6,126)
w(70,8,6,126)
r(89,3,6,126)
w(161,14,6,126)
w(223,7,6,126)
r(119,4,6,126)
w(111,9,6,126)
r(187,2,6,126)
r(200,3,3,127)
w(31,6,3,127)
r(154,2,3,127)
r(238,9,3,127)
w(105,9,3,127)
r(85,6,3,127)
w(1,4,3,127)
w(120,10,3,127)
w(117,3,3,127)
w(178,4,3,127)
w(265,8,3,127)
w(19,3,3,127)
w(66,9,3,127)
r(44,10,3,127)
r(32,2,3,127)
r(290,4,3,127)
r(262,2,3,127)
r(194,6,3,127)
r(256,8,3,127)
r(97,8,3,127)
r(223,10,4,128)
r(130,7,4,128)
w(159,10,4,128)
r(126,6,4,128)
w(221,6,4,128)
r(12,10,4,128)
w(50,9,4,128)
w(35,10,4,128)
r(189,13,4,128)
w(142,8,4,128)
r(86,3,4,128)
w(245,8,4,128)
w(36,4,4,128)
r(48,3,4,128)
w(210,6,4,128)
r(186,4,4,128)
w(99,6,4,128)
w(238,7,4,128)
r(75,9,4,128)
w(113,8,4,128)
w(165,7,5,129)
w(274,6,5,129)
w(128,9,5,129)
r(238,3,5,129)
w(127,7,5,129)
r(118,10,5,129)
w(233,6,5,129)
w(126,5,5,129)
r(240,3,5,129)
w(101,8,5,129)
r(266,10,5,129)
w(87,8,5,129)
w(177,7,5,129)
w(144,11,5,129)
w(227,7,5,129)
w(253,8,5,129)
w(216,4,5,129)
r(83,2,5,129)
r(80,1,5,129)
w(282,11,5,129)
w(140,6,6,130)
w(202,7,6,130)
r(54,6,6,130)
r(207,3,6,130)
w(297,7,6,130)
w(274,7,6,130)
w(53,6,6,130)
r(25,4,6,130)
w(77,11,6,130)
r(172,10,6,130)
w(68,10,6,130)
w(275,6,6,130)
r(231,6,6,130)
w(231,8,6,130)
r(219,3,6,130)
r(9,1,6,130)
w(183,7,6,130)
r(199,6,6,130)
r(217,4,6,130)
r(174,10,6,130)
r(200,3,4,131)
w(185,6,4,131)
r(52,3,4,131)
w(219,8,4,131)
w(229,10,4,131)
w(48,10,4,131)
w(76,3,4,131)
w(12,3,4,131)
r(266,6,4,131)
w(163,11,4,131)
r(251,7,4,131)
w(154,3,4,131)
w(65,6,4,131)
r(251,7,4,131)
r(21,10,4,131)
r(81,3,4,131)
w(167,10,4,131)
w(30,5,4,131)
r(246,3,4,131)
r(126,6,4,131)
w(148,9,5,132)
w(149,3,5,132)
r(162,1,5,132)
r(228,4,5,132)
r(122,3,5,132)
r(209,4,5,132)
r(4,3,5,132)
r(146,10,5,132)
w(95,8,5,132)
r(264,3,5,132)
r(118,10,5,132)
w(170,9,5,132)
w(152,2,5,132)
r(244,6,5,132)
r(121,3,5,132)
r(60,6,5,132)
w(204,6,5,132)
r(177,10,5,132)
w(251,7,5,132)
w(82,4,5,132)
r(264,4,6,133)
w(9,2,6,133)
r(90,3,6,133)
w(41,3,6,133)
r(126,3,6,133)
w(6,9,6,133)
r(177,10,6,133)
w(296,4,6,133)
r(268,11,6,133)
w(232,9,6,133)
w(254,7,6,133)
w(62,10,6,133)
r(117,3,6,133)
w(266,9,6,133)
w(1,7,6,133)
w(240,8,6,133)
w(238,13,6,133)
w(169,10,6,133)
w(258,10,6,133)
r(175,7,6,133)
w(98,4,4,134)
w(231,10,4,134)
r(103,3,4,134)
w(260,9,4,134)
r(167,10,4,134)
r(178,4,4,134)
w(118,3,4,134)
w(20,9,4,134)
w(97,6,4,134)
r(158,3,4,134)
w(88,6,4,134)
w(262,3,4,134)
w(33,3,4,134)
r(33,3,4,134)
r(141,3,4,134)
r(174,10,4,134)
w(24,7,4,134)
w(73,3,4,134)
r(131,6,4,134)
r(47,10,4,134)
w(115,6,5,135)
r(228,4,5,135)
r(124,4,5,135)
w(77,7,5,135)
w(119,3,5,135)
r(157,9,5,135)
w(66,11,5,135)
w(70,10,5,135)
r(238,13,5,135)
w(282,5,5,135)
r(108,2,5,135)
w(14,6,5,135)
r(182,2,5,135)
r(201,2,5,135)
r(270,6,5,135)
w(10,6,5,135)
r(138,6,5,135)
r(17,4,5,135)
w(276,6,5,135)
r(76,3,5,135)
w(257,8,6,136)
r(40,2,6,136)
w(213,9,6,136)
r(112,2,6,136)
r(232,9,6,136)
w(256,5,6,136)
w(148,13,6,136)
r(20,8,6,136)
w(138,11,6,136)
w(12,7,6,136)
w(86,9,6,136)
w(124,3,6,136)
r(170,9,6,136)
r(24,10,6,136)
r(250,10,6,136)
w(248,9,6,136)
r(159,10,6,136)
r(57,4,6,136)
r(293,3,6,136)
r(79,4,6,136)
r(74,4,4,137)
r(192,10,4,137)
w(172,3,4,137)
w(261,6,4,137)
w(210,8,4,137)
w(102,15,4,137)
w(256,7,4,137)
r(150,3,4,137)
r(38,4,4,137)
w(7,3,4,137)
w(3,3,4,137)
r(4,3,4,137)
w(56,6,4,137)
r(122,3,4,137)
r(98,4,4,137)
r(248,9,4,137)
r(187,4,4,137)
w(265,9,4,137)
r(1,7,4,137)
w(176,4,4,137)
w(2,6,5,138)
w(281,2,5,138)
w(277,10,5,138)
r(223,7,5,138)
r(152,2,5,138)
w(201,3,5,138)
r(256,5,5,138)
w(263,10,5,138)
r(193,8,5,138)
r(175,7,5,138)
r(161,14,5,138)
w(68,3,5,138)
r(199,6,5,138)
r(184,4,5,138)
w(142,7,5,138)
w(297,8,5,138)
r(144,6,5,138)
w(274,8,5,138)
w(89,10,5,138)
r(139,2,5,138)
r(249,9,4,139)
w(276,10,4,139)
w(92,8,4,139)
w(137,11,4,139)
w(198,4,4,139)
w(32,10,4,139)
r(211,6,4,139)
r(167,10,4,139)
w(290,3,4,139)
w(247,6,4,139)
w(222,6,4,139)
w(279,4,4,139)
r(167,10,4,139)
w(219,9,4,139)
r(52,2,4,139)
r(164,8,4,139)
r(282,5,4,139)
r(75,9,4,139)
w(36,3,4,139)
w(126,7,4,139)
