r(3,0,0,0)
w(10,1,0,1)
r(14,0,0,2)
w(4,1,0,3)
r(4,1,0,4)
w(12,1,0,5)
w(7,1,0,6)
r(13,13,0,7)
w(3,2,0,8)
w(4,2,0,9)
r(4,2,0,10)
r(13,13,0,11)
r(13,13,0,12)
w(7,2,0,13)
w(3,3,0,14)
w(14,1,0,15)
r(9,0,0,16)
r(0,7,0,17)
w(10,2,0,18)
r(9,0,0,19)
w(14,2,0,20)
r(1,6,0,21)
w(10,3,0,22)
r(8,8,0,23)
r(6,19,0,24)
w(8,1,0,25)
r(5,24,0,26)
w(9,1,0,27)
r(14,2,0,28)
w(13,1,0,29)
r(6,19,0,30)
r(5,24,0,31)
w(12,2,0,32)
r(3,16,0,33)
w(9,2,0,34)
r(2,9,0,35)
r(1,18,0,36)
w(6,1,0,37)
w(12,3,0,38)
r(14,9,0,39)
w(1,1,0,40)
r(7,23,0,41)
r(4,13,0,42)
r(1,1,0,43)
r(6,11,0,44)
w(4,3,0,45)
w(4,4,0,46)
w(4,5,0,47)
w(14,3,0,48)
w(6,2,0,49)
w(7,4,0,50)
w(5,1,0,51)
r(14,22,0,52)
w(14,4,0,53)
r(14,4,0,54)
w(13,2,0,55)
w(9,3,0,56)
r(13,2,0,57)
w(7,5,0,58)
r(13,2,0,59)
r(2,11,0,60)
w(12,4,0,61)
w(1,2,0,62)
r(11,13,0,63)
w(3,4,0,64)
r(11,13,0,65)
r(5,14,0,66)
r(5,14,0,67)
r(0,13,0,68)
w(12,5,0,69)
w(9,4,0,70)
r(12,5,0,71)
r(4,14,0,72)
r(11,14,0,73)
w(8,2,0,74)
w(7,6,0,75)
w(8,3,0,76)
w(14,5,0,77)
w(10,4,0,78)
r(11,7,0,79)
r(12,5,0,80)
w(12,6,0,81)
r(11,7,0,82)
r(5,6,0,83)
w(11,3,0,84)
w(10,5,0,85)
r(9,13,0,86)
r(11,3,0,87)
r(2,6,0,88)
r(14,5,0,89)
w(7,7,0,90)
w(1,3,0,91)
r(2,6,0,92)
r(12,21,0,93)
r(12,21,0,94)
w(12,8,0,95)
r(1,3,0,96)
w(1,4,0,97)
w(6,3,0,98)
r(14,25,0,99)
w(8,4,0,100)
w(7,8,0,101)
w(9,5,0,102)
r(9,5,0,103)
w(3,5,0,104)
r(4,15,0,105)
r(6,22,0,106)
w(3,6,0,107)
w(4,6,0,108)
w(7,9,0,109)
w(10,6,0,110)
w(3,7,0,111)
w(5,3,0,112)
w(12,9,0,113)
r(3,7,0,114)
r(9,15,0,115)
w(5,4,0,116)
r(14,26,0,117)
w(12,10,0,118)
w(7,10,0,119)
w(0,1,0,120)
r(10,21,0,121)
r(7,10,0,122)
r(4,6,0,123)
r(7,10,0,124)
w(14,6,0,125)
w(10,7,0,126)
w(14,7,0,127)
r(11,9,0,128)
w(8,5,0,129)
r(13,15,0,130)
w(8,6,0,131)
r(11,9,0,132)
w(1,5,0,133)
r(7,10,0,134)
r(11,9,0,135)
w(8,7,0,136)
r(6,23,0,137)
r(8,7,0,138)
r(4,12,0,139)
r(3,22,0,140)
r(11,9,0,141)
w(11,4,1,142)
w(6,4,1,143)
r(7,16,1,144)
w(3,9,1,145)
r(12,0,1,146)
r(5,22,1,147)
w(0,2,1,148)
w(2,1,1,149)
w(2,2,1,150)
w(12,11,1,151)
w(11,5,1,152)
r(3,2,1,153)
w(3,10,1,154)
r(11,5,1,155)
w(12,12,1,156)
r(13,13,1,157)
r(7,2,1,158)
r(8,17,1,159)
w(11,6,1,160)
w(7,11,1,161)
w(1,6,1,162)
w(2,3,1,163)
r(4,2,1,164)
r(14,2,1,165)
w(8,8,1,166)
w(8,9,1,167)
r(13,13,1,168)
r(0,7,1,169)
r(10,3,1,170)
r(5,24,1,171)
w(14,8,1,172)
r(1,16,1,173)
w(1,7,1,174)
w(10,8,1,175)
r(14,8,1,176)
w(12,13,1,177)
r(14,16,1,178)
w(14,9,1,179)
r(10,8,1,180)
r(4,13,1,181)
w(9,6,1,182)
w(7,12,1,183)
r(3,16,1,184)
w(6,5,1,185)
w(13,3,1,186)
w(5,5,1,187)
w(2,4,1,188)
w(12,14,1,189)
r(8,1,1,190)
w(8,10,1,191)
w(6,6,1,192)
r(5,1,1,193)
r(13,2,1,194)
r(5,13,1,195)
r(11,13,1,196)
w(3,11,1,197)
r(14,4,1,198)
r(2,11,1,199)
w(2,5,1,200)
w(1,8,1,201)
r(10,14,1,202)
r(1,8,1,203)
r(10,14,1,204)
w(14,10,1,205)
w(11,7,1,206)
r(1,8,1,207)
r(0,14,1,208)
w(14,11,1,209)
w(5,6,1,210)
w(6,7,1,211)
r(1,8,1,212)
r(4,14,1,213)
w(9,7,1,214)
w(7,13,1,215)
r(7,13,1,216)
w(4,7,1,217)
r(2,14,1,218)
w(2,6,1,219)
w(5,7,1,220)
r(10,5,1,221)
r(2,6,1,222)
r(0,14,1,223)
w(6,8,1,224)
r(3,4,1,225)
r(7,7,1,226)
w(3,12,1,227)
w(10,10,1,228)
w(8,12,1,229)
w(0,3,1,230)
r(12,8,1,231)
r(0,3,1,232)
w(2,7,1,233)
r(11,3,1,234)
w(13,4,1,235)
w(11,8,1,236)
w(1,9,1,237)
r(12,9,1,238)
w(3,13,1,239)
w(8,13,1,240)
w(14,13,1,241)
r(10,21,1,242)
r(13,4,1,243)
r(5,4,1,244)
w(8,14,1,245)
r(0,1,1,246)
r(14,13,1,247)
w(5,8,1,248)
w(11,9,1,249)
r(12,10,1,250)
r(5,8,1,251)
r(8,23,1,252)
r(12,10,1,253)
w(13,5,1,254)
w(13,6,1,255)
r(13,6,1,256)
w(14,14,1,257)
w(10,11,1,258)
r(8,7,1,259)
r(13,6,1,260)
r(10,11,1,261)
r(12,23,1,262)
r(1,5,1,263)
w(5,10,1,264)
w(6,9,1,265)
r(11,9,1,266)
w(13,7,1,267)
w(10,12,1,268)
w(12,15,1,269)
r(4,16,1,270)
r(5,19,1,271)
r(4,16,1,272)
w(0,5,1,273)
r(14,14,1,274)
r(14,14,1,275)
r(8,7,1,276)
w(8,15,1,277)
r(5,20,1,278)
r(6,17,1,279)
r(7,20,1,280)
w(2,8,1,281)
w(8,16,1,282)
r(5,20,1,283)
w(0,6,1,284)
w(7,16,2,285)
r(1,0,2,286)
r(9,0,2,287)
w(11,10,2,288)
r(2,0,2,289)
r(10,1,2,290)
w(11,11,2,291)
r(13,0,2,292)
w(8,17,2,293)
r(0,2,2,294)
r(9,0,2,295)
r(2,1,2,296)
w(1,10,2,297)
w(6,10,2,298)
w(14,15,2,299)
r(14,15,2,300)
w(0,7,2,301)
r(9,0,2,302)
w(5,11,2,303)
w(5,12,2,304)
r(7,11,2,305)
w(3,14,2,306)
w(3,15,2,307)
w(2,9,2,308)
r(6,19,2,309)
w(3,16,2,310)
r(1,16,2,311)
r(8,1,2,312)
r(9,1,2,313)
w(7,18,2,314)
r(7,18,2,315)
w(11,12,2,316)
w(14,16,2,317)
w(11,13,2,318)
r(8,1,2,319)
r(9,2,2,320)
r(5,24,2,321)
r(5,24,2,322)
r(4,13,2,323)
w(6,11,2,324)
r(10,8,2,325)
w(2,10,2,326)
w(9,8,2,327)
w(10,14,2,328)
r(11,13,2,329)
r(12,3,2,330)
w(4,8,2,331)
r(6,5,2,332)
r(1,1,2,333)
r(1,1,2,334)
r(9,8,2,335)
w(2,11,2,336)
w(12,16,2,337)
w(5,13,2,338)
r(1,1,2,339)
w(1,12,2,340)
r(14,4,2,341)
w(5,14,2,342)
w(11,14,2,343)
w(14,17,2,344)
w(8,18,2,345)
w(5,15,2,346)
r(7,27,2,347)
r(8,2,2,348)
r(12,5,2,349)
w(10,15,2,350)
w(8,19,2,351)
r(7,6,2,352)
w(8,20,2,353)
r(0,14,2,354)
w(10,16,2,355)
w(6,13,2,356)
w(13,8,2,357)
r(9,13,2,358)
w(4,9,2,359)
r(1,19,2,360)
w(8,21,2,361)
r(4,9,2,362)
r(6,13,2,363)
w(10,17,2,364)
w(0,8,2,365)
w(5,16,2,366)
w(13,9,2,367)
w(13,10,2,368)
r(11,3,2,369)
r(10,10,2,370)
w(1,14,2,371)
w(7,19,2,372)
w(8,22,2,373)
r(3,6,2,374)
r(9,5,2,375)
w(5,17,2,376)
w(0,9,2,377)
r(5,17,2,378)
w(0,10,2,379)
w(6,14,2,380)
r(3,7,2,381)
w(6,15,2,382)
w(9,9,2,383)
r(5,4,2,384)
w(3,19,2,385)
r(1,22,2,386)
w(4,11,2,387)
r(2,7,2,388)
w(8,23,2,389)
r(6,15,2,390)
r(13,4,2,391)
r(0,17,2,392)
r(6,15,2,393)
w(4,12,2,394)
r(6,15,2,395)
w(0,11,2,396)
w(2,12,2,397)
w(5,18,2,398)
w(7,20,2,399)
w(6,16,2,400)
w(13,11,2,401)
r(1,5,2,402)
w(9,10,2,403)
w(9,11,2,404)
r(1,5,2,405)
w(5,19,2,406)
r(6,9,2,407)
r(1,5,2,408)
w(11,16,2,409)
w(5,20,2,410)
w(12,18,2,411)
w(6,17,2,412)
w(11,17,2,413)
w(13,12,2,414)
r(3,23,2,415)
r(5,20,2,416)
r(2,8,2,417)
w(10,18,2,418)
w(0,12,2,419)
r(3,23,2,420)
w(5,21,2,421)
r(1,5,2,422)
w(6,18,3,423)
w(5,22,3,424)
r(8,0,3,425)
w(7,21,3,426)
w(8,25,3,427)
r(6,4,3,428)
w(13,13,3,429)
w(14,18,3,430)
r(13,13,3,431)
w(5,23,3,432)
r(4,2,3,433)
r(10,1,3,434)
w(10,19,3,435)
r(5,23,3,436)
w(14,19,3,437)
r(6,10,3,438)
r(4,2,3,439)
r(13,13,3,440)
r(11,5,3,441)
w(8,26,3,442)
r(13,13,3,443)
w(1,15,3,444)
r(7,11,3,445)
w(6,19,3,446)
r(2,2,3,447)
w(5,24,3,448)
w(1,16,3,449)
w(3,20,3,450)
w(7,22,3,451)
w(12,19,3,452)
w(11,18,3,453)
w(0,13,3,454)
w(1,17,3,455)
r(12,2,3,456)
w(1,18,3,457)
w(4,13,3,458)
r(4,13,3,459)
w(14,20,3,460)
w(7,23,3,461)
w(14,21,3,462)
r(3,16,3,463)
r(5,24,3,464)
r(4,13,3,465)
r(2,10,3,466)
r(4,3,3,467)
r(12,3,3,468)
w(7,24,3,469)
r(9,8,3,470)
w(7,25,3,471)
r(10,14,3,472)
r(10,14,3,473)
r(12,3,3,474)
w(14,22,3,475)
r(11,13,3,476)
w(4,14,3,477)
r(10,14,3,478)
w(8,27,3,479)
r(13,2,3,480)
w(14,24,3,481)
w(12,20,3,482)
r(11,13,3,483)
r(12,20,3,484)
r(11,14,3,485)
r(12,20,3,486)
w(0,14,3,487)
r(0,14,3,488)
w(7,27,3,489)
w(2,13,3,490)
r(13,2,3,491)
r(13,2,3,492)
r(4,14,3,493)
w(6,20,3,494)
r(10,15,3,495)
w(2,14,3,496)
r(6,7,3,497)
r(8,3,3,498)
r(4,14,3,499)
r(6,7,3,500)
w(6,21,3,501)
w(1,19,3,502)
w(9,13,3,503)
r(10,5,3,504)
w(13,14,3,505)
w(14,25,3,506)
w(12,21,3,507)
r(7,7,3,508)
r(7,7,3,509)
w(4,15,3,510)
w(8,28,3,511)
w(10,20,3,512)
r(1,4,3,513)
w(9,14,3,514)
r(7,7,3,515)
w(3,21,3,516)
w(6,22,3,517)
w(0,15,3,518)
r(14,25,3,519)
r(10,10,3,520)
r(12,8,3,521)
w(14,26,3,522)
w(9,15,3,523)
w(1,20,3,524)
r(2,7,3,525)
w(1,21,3,526)
w(1,22,3,527)
w(10,21,3,528)
r(0,10,3,529)
r(9,15,3,530)
w(0,16,3,531)
w(5,27,3,532)
w(0,17,3,533)
r(14,13,3,534)
r(8,14,3,535)
r(8,14,3,536)
r(1,22,3,537)
r(0,17,3,538)
r(8,14,3,539)
w(3,22,3,540)
w(13,15,3,541)
w(12,22,3,542)
w(5,28,3,543)
w(6,23,3,544)
w(12,23,3,545)
r(1,5,3,546)
r(0,11,3,547)
r(7,20,3,548)
r(10,11,3,549)
r(7,20,3,550)
r(4,12,3,551)
w(10,22,3,552)
w(5,29,3,553)
w(5,30,3,554)
r(10,22,3,555)
r(11,9,3,556)
w(4,16,3,557)
r(14,14,3,558)
r(7,20,3,559)
w(10,23,3,560)
r(9,11,3,561)
r(2,12,3,562)
w(3,23,3,563)
r(6,9,3,564)
r(6,9,3,565)
