w(3,1,0,0)
w(14,1,0,1)
w(12,1,0,2)
r(13,0,0,3)
w(6,1,0,4)
r(11,15,0,5)
r(2,6,0,6)
r(7,7,0,7)
r(12,1,0,8)
r(6,1,0,9)
w(2,1,0,10)
w(1,1,0,11)
r(9,14,0,12)
w(3,2,0,13)
r(0,12,0,14)
r(2,1,0,15)
r(12,3,0,16)
r(6,1,0,17)
r(9,15,0,18)
w(4,1,0,19)
w(8,1,0,20)
w(10,1,0,21)
w(11,1,0,22)
w(2,2,0,23)
r(13,6,0,24)
w(6,2,0,25)
w(10,2,0,26)
w(3,3,0,27)
w(14,2,0,28)
r(13,6,0,29)
w(2,3,0,30)
w(7,1,0,31)
w(3,4,0,32)
w(4,2,0,33)
r(9,7,0,34)
r(5,16,0,35)
r(7,1,0,36)
r(5,16,0,37)
r(12,10,0,38)
r(0,5,0,39)
r(3,4,0,40)
r(3,4,0,41)
w(3,5,0,42)
w(9,1,0,43)
w(4,3,0,44)
w(11,3,0,45)
r(3,18,0,46)
w(8,2,0,47)
r(11,3,0,48)
r(3,18,0,49)
w(5,1,0,50)
w(1,3,0,51)
w(11,4,0,52)
w(11,5,0,53)
w(12,2,0,54)
w(6,3,0,55)
w(7,2,0,56)
w(9,2,0,57)
r(5,1,0,58)
r(10,5,0,59)
r(5,1,0,60)
w(13,1,0,61)
r(2,13,0,62)
r(1,3,0,63)
r(10,5,0,64)
w(5,2,0,65)
w(11,6,0,66)
w(11,7,0,67)
w(1,4,0,68)
w(8,3,0,69)
r(9,11,0,70)
r(12,6,0,71)
r(4,23,0,72)
r(1,4,0,73)
w(14,3,0,74)
w(4,4,0,75)
w(5,3,0,76)
r(11,12,0,77)
w(3,6,0,78)
r(2,14,0,79)
r(11,12,0,80)
r(1,15,0,81)
r(4,4,0,82)
w(8,4,0,83)
w(4,5,0,84)
r(12,6,0,85)
w(4,6,0,86)
r(13,4,0,87)
w(11,8,0,88)
w(13,2,0,89)
r(1,20,0,90)
w(5,4,0,91)
r(1,20,0,92)
r(12,6,0,93)
r(8,24,0,94)
r(12,6,0,95)
r(11,8,0,96)
r(9,20,0,97)
w(5,5,0,98)
r(6,7,0,99)
w(14,4,0,100)
r(12,11,0,101)
w(9,3,0,102)
r(9,3,0,103)
w(4,7,0,104)
r(9,3,0,105)
r(10,8,0,106)
w(5,6,0,107)
w(6,4,0,108)
r(12,7,0,109)
r(1,16,0,110)
w(14,5,0,111)
w(5,7,0,112)
w(0,2,0,113)
r(2,17,0,114)
w(2,4,0,115)
r(9,22,0,116)
w(14,6,0,117)
r(13,5,0,118)
r(4,15,0,119)
r(7,6,0,120)
r(11,20,0,121)
r(11,20,0,122)
w(0,3,0,123)
r(3,9,0,124)
r(11,20,0,125)
w(4,8,0,126)
w(0,4,0,127)
r(5,13,0,128)
w(4,9,0,129)
w(4,10,0,130)
r(8,26,0,131)
w(7,3,0,132)
r(9,13,0,133)
r(6,11,0,134)
r(4,10,0,135)
r(12,4,0,136)
w(2,5,0,137)
r(5,21,0,138)
w(9,4,0,139)
w(9,5,0,140)
w(1,5,0,141)
w(7,4,0,142)
w(8,5,1,143)
w(10,4,1,144)
r(0,0,1,145)
w(2,6,1,146)
r(4,19,1,147)
r(2,6,1,148)
w(2,7,1,149)
r(14,1,1,150)
w(12,3,1,151)
w(4,11,1,152)
r(5,15,1,153)
r(6,1,1,154)
r(11,16,1,155)
r(7,7,1,156)
r(9,15,1,157)
r(5,15,1,158)
r(14,1,1,159)
w(0,5,1,160)
r(0,5,1,161)
w(1,6,1,162)
w(9,6,1,163)
r(9,6,1,164)
w(11,9,1,165)
r(2,2,1,166)
r(9,6,1,167)
r(13,6,1,168)
w(9,7,1,169)
r(13,6,1,170)
w(1,7,1,171)
w(1,8,1,172)
r(9,7,1,173)
r(2,2,1,174)
r(7,7,1,175)
r(10,2,1,176)
w(11,10,1,177)
r(9,7,1,178)
r(4,1,1,179)
r(7,1,1,180)
r(10,11,1,181)
w(9,8,1,182)
r(14,2,1,183)
r(3,4,1,184)
r(3,4,1,185)
w(9,9,1,186)
r(6,2,1,187)
r(11,17,1,188)
w(4,12,1,189)
r(7,11,1,190)
r(11,17,1,191)
w(14,8,1,192)
r(14,8,1,193)
w(13,3,1,194)
r(9,1,1,195)
r(2,3,1,196)
r(8,19,1,197)
r(7,11,1,198)
r(4,3,1,199)
r(0,5,1,200)
r(1,8,1,201)
r(14,8,1,202)
r(0,5,1,203)
r(10,18,1,204)
r(6,2,1,205)
w(10,5,1,206)
w(4,13,1,207)
r(1,3,1,208)
w(4,14,1,209)
w(14,9,1,210)
w(9,10,1,211)
r(7,2,1,212)
r(4,21,1,213)
r(2,13,1,214)
w(8,6,1,215)
w(2,8,1,216)
w(3,7,1,217)
w(9,11,1,218)
w(11,11,1,219)
w(6,6,1,220)
r(4,22,1,221)
r(14,14,1,222)
r(11,19,1,223)
w(11,12,1,224)
w(6,7,1,225)
w(9,12,1,226)
w(0,6,1,227)
r(12,6,1,228)
w(10,6,1,229)
r(6,7,1,230)
w(13,4,1,231)
r(9,19,1,232)
r(9,19,1,233)
r(3,6,1,234)
w(5,8,1,235)
w(10,7,1,236)
r(6,7,1,237)
w(8,8,1,238)
r(0,14,1,239)
r(1,20,1,240)
w(10,8,1,241)
r(3,12,1,242)
r(11,8,1,243)
r(10,8,1,244)
r(9,20,1,245)
w(0,7,1,246)
r(11,20,1,247)
w(3,8,1,248)
r(9,20,1,249)
r(0,7,1,250)
r(8,14,1,251)
r(9,3,1,252)
r(9,3,1,253)
w(3,9,1,254)
r(4,7,1,255)
w(14,10,1,256)
w(6,8,1,257)
w(13,5,1,258)
w(7,5,1,259)
w(6,9,1,260)
r(0,9,1,261)
r(8,25,1,262)
r(14,5,1,263)
r(10,15,1,264)
r(14,5,1,265)
r(7,5,1,266)
w(4,15,1,267)
w(7,6,1,268)
w(6,10,1,269)
w(2,9,1,270)
r(4,15,1,271)
w(1,10,1,272)
r(2,9,1,273)
r(7,6,1,274)
r(12,7,1,275)
r(10,21,1,276)
w(2,10,1,277)
w(2,11,1,278)
w(1,11,1,279)
r(13,5,1,280)
w(12,4,1,281)
w(6,11,1,282)
r(6,11,1,283)
r(3,13,1,284)
r(1,11,1,285)
r(6,11,1,286)
w(9,13,1,287)
r(1,11,1,288)
r(1,0,2,289)
w(11,14,2,290)
w(11,15,2,291)
w(7,7,2,292)
w(13,6,2,293)
r(4,19,2,294)
r(1,0,2,295)
w(11,16,2,296)
r(4,19,2,297)
w(9,14,2,298)
w(9,15,2,299)
r(9,15,2,300)
w(4,16,2,301)
r(4,16,2,302)
w(10,9,2,303)
r(4,16,2,304)
w(6,12,2,305)
r(7,7,2,306)
w(12,5,2,307)
w(1,13,2,308)
r(0,5,2,309)
r(0,5,2,310)
r(4,1,2,311)
w(9,16,2,312)
r(9,7,2,313)
r(0,5,2,314)
r(11,10,2,315)
w(10,11,2,316)
w(10,12,2,317)
r(6,2,2,318)
w(8,9,2,319)
w(11,17,2,320)
w(9,17,2,321)
r(9,17,2,322)
r(10,12,2,323)
r(4,12,2,324)
r(2,3,2,325)
r(13,6,2,326)
r(0,5,2,327)
r(11,24,2,328)
r(9,1,2,329)
r(10,12,2,330)
r(8,19,2,331)
w(2,12,2,332)
w(10,13,2,333)
r(13,3,2,334)
r(8,2,2,335)
r(5,16,2,336)
w(9,18,2,337)
r(8,20,2,338)
r(4,3,2,339)
w(0,8,2,340)
r(5,1,2,341)
w(8,11,2,342)
w(8,12,2,343)
r(4,13,2,344)
w(2,13,2,345)
r(10,5,2,346)
r(1,3,2,347)
w(6,14,2,348)
w(6,15,2,349)
r(2,13,2,350)
w(11,18,2,351)
w(1,14,2,352)
w(12,6,2,353)
r(8,22,2,354)
w(2,14,2,355)
w(11,19,2,356)
r(10,5,2,357)
w(3,10,2,358)
w(1,15,2,359)
r(3,10,2,360)
r(14,3,2,361)
w(7,8,2,362)
w(9,19,2,363)
w(7,9,2,364)
r(2,14,2,365)
r(0,6,2,366)
r(12,6,2,367)
w(3,11,2,368)
w(3,12,2,369)
r(2,17,2,370)
w(10,14,2,371)
r(0,14,2,372)
w(9,20,2,373)
w(4,17,2,374)
w(11,20,2,375)
w(8,14,2,376)
r(6,7,2,377)
w(1,16,2,378)
w(13,7,2,379)
r(10,8,2,380)
r(2,17,2,381)
r(4,17,2,382)
w(12,7,2,383)
w(0,9,2,384)
r(5,6,2,385)
w(14,11,2,386)
w(10,15,2,387)
r(3,9,2,388)
r(2,17,2,389)
r(6,9,2,390)
w(7,10,2,391)
r(2,17,2,392)
r(8,25,2,393)
w(14,12,2,394)
w(5,10,2,395)
r(13,5,2,396)
w(0,10,2,397)
r(11,20,2,398)
r(6,10,2,399)
w(5,11,2,400)
w(10,16,2,401)
r(13,5,2,402)
r(3,9,2,403)
w(5,13,2,404)
w(3,13,2,405)
w(13,8,2,406)
r(2,11,2,407)
r(12,4,2,408)
r(6,11,2,409)
w(8,15,2,410)
w(14,13,2,411)
r(7,3,2,412)
r(13,8,2,413)
r(7,3,2,414)
w(11,21,2,415)
w(8,16,2,416)
w(2,15,2,417)
r(14,16,2,418)
w(5,14,2,419)
r(2,15,2,420)
r(1,5,2,421)
w(12,8,2,422)
w(3,14,2,423)
w(10,17,2,424)
w(9,21,2,425)
w(1,18,2,426)
w(8,17,2,427)
r(6,11,2,428)
w(4,19,3,429)
w(3,15,3,430)
w(0,11,3,431)
w(0,12,3,432)
w(5,15,3,433)
r(11,16,3,434)
r(4,19,3,435)
w(8,18,3,436)
r(10,4,3,437)
w(11,22,3,438)
w(5,16,3,439)
r(14,1,3,440)
r(0,5,3,441)
w(3,16,3,442)
r(2,1,3,443)
w(6,16,3,444)
r(0,5,3,445)
r(2,1,3,446)
w(3,17,3,447)
r(7,7,3,448)
r(10,1,3,449)
r(10,1,3,450)
r(13,6,3,451)
w(12,9,3,452)
r(9,7,3,453)
w(11,23,3,454)
r(8,1,3,455)
r(2,2,3,456)
r(9,7,3,457)
r(12,9,3,458)
r(10,2,3,459)
r(12,9,3,460)
r(14,2,3,461)
w(12,10,3,462)
r(4,2,3,463)
w(7,11,3,464)
r(8,9,3,465)
r(1,8,3,466)
r(4,2,3,467)
w(8,19,3,468)
w(11,24,3,469)
w(3,18,3,470)
r(11,3,3,471)
r(5,16,3,472)
r(14,8,3,473)
r(3,18,3,474)
r(5,16,3,475)
w(10,18,3,476)
w(8,20,3,477)
w(8,21,3,478)
w(3,19,3,479)
w(0,13,3,480)
w(6,17,3,481)
w(4,21,3,482)
r(13,3,3,483)
r(6,14,3,484)
r(13,3,3,485)
r(0,13,3,486)
w(3,20,3,487)
r(13,1,3,488)
w(8,22,3,489)
w(4,22,3,490)
w(14,14,3,491)
r(14,14,3,492)
w(4,23,3,493)
w(5,17,3,494)
r(1,4,3,495)
w(10,19,3,496)
r(7,2,3,497)
w(10,20,3,498)
r(7,2,3,499)
r(5,3,3,500)
r(13,1,3,501)
r(14,3,3,502)
r(5,3,3,503)
r(3,6,3,504)
r(11,12,3,505)
r(1,15,3,506)
r(3,6,3,507)
w(5,18,3,508)
w(2,17,3,509)
w(8,23,3,510)
r(8,23,3,511)
r(4,5,3,512)
w(0,14,3,513)
w(1,20,3,514)
r(4,6,3,515)
r(3,12,3,516)
w(8,24,3,517)
r(14,3,3,518)
w(1,21,3,519)
r(10,8,3,520)
w(13,9,3,521)
r(11,20,3,522)
r(9,20,3,523)
w(12,11,3,524)
r(2,17,3,525)
r(13,9,3,526)
w(3,22,3,527)
r(7,9,3,528)
r(4,17,3,529)
w(0,15,3,530)
w(9,22,3,531)
r(13,7,3,532)
r(10,8,3,533)
w(8,25,3,534)
w(1,22,3,535)
r(7,10,3,536)
w(10,21,3,537)
w(1,23,3,538)
r(4,15,3,539)
w(5,19,3,540)
w(8,26,3,541)
w(10,22,3,542)
r(12,4,3,543)
w(5,21,3,544)
r(14,6,3,545)
r(1,11,3,546)
r(6,11,3,547)
w(8,28,3,548)
w(9,23,3,549)
w(14,16,3,550)
r(8,28,3,551)
r(8,28,3,552)
r(13,8,3,553)
w(7,13,3,554)
r(3,13,3,555)
w(3,23,3,556)
w(3,24,3,557)
w(4,24,3,558)
r(1,5,3,559)
w(8,29,3,560)
r(9,5,3,561)
r(3,14,3,562)
r(7,4,3,563)
w(1,24,3,564)
w(0,16,3,565)
