r(12,0,0,0)
r(12,0,0,1)
r(13,0,0,2)
r(8,0,0,3)
r(5,0,0,4)
r(7,0,0,5)
r(12,0,0,6)
w(11,1,0,7)
r(4,12,0,8)
r(14,0,0,9)
w(3,1,0,10)
r(9,4,0,11)
w(13,1,0,12)
w(5,1,0,13)
w(11,2,0,14)
w(5,2,0,15)
r(1,5,0,16)
r(6,5,0,17)
w(9,1,0,18)
w(8,1,0,19)
r(2,15,0,20)
w(0,1,0,21)
r(3,4,0,22)
w(14,1,0,23)
w(12,1,0,24)
w(11,3,0,25)
r(8,10,0,26)
w(12,2,0,27)
r(12,2,0,28)
w(6,1,0,29)
w(2,1,0,30)
r(2,1,0,31)
r(1,2,0,32)
w(7,1,0,33)
r(6,1,0,34)
w(0,2,0,35)
r(6,1,0,36)
w(5,3,0,37)
w(13,2,0,38)
w(2,2,0,39)
w(12,3,0,40)
w(10,1,0,41)
r(7,18,0,42)
w(7,2,0,43)
w(4,1,0,44)
w(0,3,0,45)
r(9,18,0,46)
w(7,3,0,47)
r(6,7,0,48)
w(0,4,0,49)
r(5,15,0,50)
r(4,1,0,51)
r(11,21,0,52)
r(12,14,0,53)
r(9,8,0,54)
r(11,21,0,55)
w(6,2,0,56)
r(1,6,0,57)
w(2,3,0,58)
r(10,9,0,59)
w(11,4,0,60)
r(11,4,0,61)
r(0,14,0,62)
w(3,2,0,63)
r(14,6,0,64)
w(10,2,0,65)
r(10,2,0,66)
w(4,2,0,67)
r(11,4,0,68)
w(14,2,0,69)
w(4,3,0,70)
r(12,16,0,71)
w(12,4,0,72)
w(3,3,0,73)
r(9,8,0,74)
w(9,2,0,75)
r(10,12,0,76)
r(11,12,0,77)
w(11,5,0,78)
r(14,7,0,79)
r(7,11,0,80)
r(14,7,0,81)
w(4,4,0,82)
w(14,3,0,83)
w(7,5,0,84)
r(7,5,0,85)
w(14,4,0,86)
r(13,9,0,87)
r(7,5,0,88)
r(11,5,0,89)
w(4,5,0,90)
w(10,3,0,91)
r(13,9,0,92)
r(3,10,0,93)
w(1,1,0,94)
r(12,10,0,95)
r(0,14,0,96)
w(7,6,0,97)
r(2,7,0,98)
w(2,4,0,99)
r(11,15,0,100)
w(10,4,0,101)
r(6,15,0,102)
w(0,5,0,103)
w(7,7,0,104)
w(14,5,0,105)
r(7,7,0,106)
r(7,7,0,107)
w(5,5,0,108)
r(1,1,0,109)
w(10,5,0,110)
r(1,1,0,111)
r(1,1,0,112)
r(9,15,0,113)
w(12,5,0,114)
r(2,13,0,115)
r(2,13,0,116)
r(5,5,0,117)
r(3,11,0,118)
w(13,3,0,119)
r(14,10,0,120)
r(8,7,0,121)
r(0,15,0,122)
r(7,28,0,123)
w(8,2,0,124)
r(6,13,0,125)
w(4,6,0,126)
r(0,15,0,127)
w(13,4,0,128)
r(14,10,0,129)
w(2,5,0,130)
w(9,3,0,131)
r(12,18,0,132)
w(6,4,0,133)
r(0,15,0,134)
w(13,5,0,135)
w(12,6,0,136)
w(12,7,0,137)
r(7,14,0,138)
w(0,6,0,139)
w(5,6,0,140)
r(1,8,0,141)
r(6,4,0,142)
w(11,6,0,143)
w(12,8,0,144)
r(1,8,0,145)
w(9,4,1,146)
w(10,7,1,147)
r(14,0,1,148)
r(14,0,1,149)
w(7,8,1,150)
r(12,0,1,151)
r(2,0,1,152)
r(11,1,1,153)
w(5,7,1,154)
w(9,5,1,155)
r(14,0,1,156)
w(6,5,1,157)
r(3,13,1,158)
w(13,6,1,159)
r(3,13,1,160)
r(11,2,1,161)
r(4,13,1,162)
w(3,4,1,163)
w(2,6,1,164)
r(13,6,1,165)
r(9,1,1,166)
w(9,6,1,167)
r(1,5,1,168)
r(1,5,1,169)
r(5,2,1,170)
w(14,6,1,171)
w(9,7,1,172)
r(0,8,1,173)
w(4,7,1,174)
w(7,10,1,175)
w(6,6,1,176)
w(6,7,1,177)
r(10,7,1,178)
w(4,8,1,179)
r(4,8,1,180)
r(4,8,1,181)
w(11,7,1,182)
r(5,19,1,183)
w(3,5,1,184)
w(5,8,1,185)
r(0,13,1,186)
r(9,18,1,187)
w(10,8,1,188)
w(3,6,1,189)
r(8,10,1,190)
w(9,8,1,191)
r(5,15,1,192)
w(6,8,1,193)
w(10,9,1,194)
r(5,15,1,195)
w(12,9,1,196)
r(8,14,1,197)
w(6,9,1,198)
r(4,22,1,199)
w(8,3,1,200)
r(9,8,1,201)
r(6,9,1,202)
r(5,15,1,203)
w(3,7,1,204)
w(8,4,1,205)
r(8,4,1,206)
r(9,8,1,207)
w(6,10,1,208)
r(1,4,1,209)
r(1,4,1,210)
w(14,7,1,211)
w(4,9,1,212)
r(0,14,1,213)
w(7,11,1,214)
r(5,16,1,215)
r(8,4,1,216)
w(13,7,1,217)
r(13,7,1,218)
r(8,4,1,219)
r(14,7,1,220)
r(1,7,1,221)
w(3,8,1,222)
r(4,18,1,223)
w(3,9,1,224)
r(0,14,1,225)
w(5,9,1,226)
r(14,7,1,227)
r(2,11,1,228)
w(8,5,1,229)
r(13,9,1,230)
r(14,3,1,231)
w(2,7,1,232)
r(12,4,1,233)
w(8,6,1,234)
r(14,4,1,235)
w(3,10,1,236)
r(2,7,1,237)
w(12,10,1,238)
r(5,17,1,239)
w(3,11,1,240)
w(4,10,1,241)
r(3,11,1,242)
r(10,3,1,243)
r(3,11,1,244)
w(9,9,1,245)
r(0,14,1,246)
r(14,4,1,247)
w(12,11,1,248)
w(6,12,1,249)
r(10,4,1,250)
w(5,10,1,251)
w(14,8,1,252)
w(7,12,1,253)
w(14,9,1,254)
w(7,13,1,255)
w(10,10,1,256)
r(5,5,1,257)
r(11,23,1,258)
r(1,1,1,259)
w(8,7,1,260)
w(14,10,1,261)
r(0,15,1,262)
r(3,11,1,263)
r(10,10,1,264)
r(3,11,1,265)
w(9,10,1,266)
w(5,12,1,267)
w(5,13,1,268)
r(1,8,1,269)
r(11,24,1,270)
r(3,18,1,271)
r(2,19,1,272)
r(0,15,1,273)
w(11,9,1,274)
w(11,10,1,275)
w(3,12,1,276)
r(5,13,1,277)
r(8,18,1,278)
w(8,8,1,279)
r(6,4,1,280)
w(7,14,1,281)
r(6,4,1,282)
w(2,8,1,283)
r(10,14,1,284)
w(10,11,1,285)
r(10,11,1,286)
w(2,9,1,287)
r(7,23,1,288)
w(4,12,2,289)
w(8,9,2,290)
r(11,0,2,291)
r(1,5,2,292)
r(6,0,2,293)
r(4,12,2,294)
w(11,11,2,295)
r(3,1,2,296)
w(3,13,2,297)
w(4,13,2,298)
w(14,11,2,299)
w(7,15,2,300)
r(5,2,2,301)
w(12,13,2,302)
w(7,16,2,303)
w(8,10,2,304)
w(1,2,2,305)
r(13,6,2,306)
r(2,6,2,307)
w(0,8,2,308)
w(7,17,2,309)
w(9,12,2,310)
r(8,10,2,311)
r(5,2,2,312)
w(5,14,2,313)
r(0,11,2,314)
r(11,18,2,315)
r(9,12,2,316)
w(2,10,2,317)
w(1,3,2,318)
r(5,3,2,319)
w(7,18,2,320)
r(6,7,2,321)
r(1,3,2,322)
w(4,14,2,323)
w(4,15,2,324)
r(12,3,2,325)
r(9,12,2,326)
r(14,6,2,327)
w(12,14,2,328)
w(9,13,2,329)
w(5,15,2,330)
w(12,15,2,331)
w(4,16,2,332)
w(4,17,2,333)
r(9,8,2,334)
r(2,3,2,335)
r(5,15,2,336)
r(10,9,2,337)
w(1,4,2,338)
r(0,14,2,339)
r(14,6,2,340)
r(6,9,2,341)
r(3,2,2,342)
w(12,16,2,343)
r(6,9,2,344)
w(10,12,2,345)
r(14,6,2,346)
w(11,12,2,347)
r(7,26,2,348)
w(5,16,2,349)
r(0,14,2,350)
w(13,8,2,351)
w(2,11,2,352)
r(3,3,2,353)
w(4,18,2,354)
r(2,11,2,355)
w(7,19,2,356)
w(10,13,2,357)
w(13,9,2,358)
w(3,17,2,359)
w(5,17,2,360)
r(0,14,2,361)
w(7,20,2,362)
r(4,5,2,363)
r(0,14,2,364)
w(8,11,2,365)
w(11,13,2,366)
r(12,10,2,367)
r(3,11,2,368)
r(5,20,2,369)
r(13,9,2,370)
w(11,14,2,371)
w(11,15,2,372)
w(9,14,2,373)
r(10,4,2,374)
r(4,24,2,375)
r(5,20,2,376)
w(9,15,2,377)
r(10,4,2,378)
r(10,4,2,379)
r(11,23,2,380)
r(7,7,2,381)
r(7,7,2,382)
w(2,13,2,383)
w(6,13,2,384)
r(1,1,2,385)
w(7,21,2,386)
r(4,24,2,387)
w(14,12,2,388)
w(9,16,2,389)
r(1,1,2,390)
w(4,19,2,391)
r(8,7,2,392)
r(4,19,2,393)
w(2,14,2,394)
w(3,18,2,395)
r(6,13,2,396)
w(9,17,2,397)
w(10,14,2,398)
w(6,14,2,399)
r(8,17,2,400)
r(11,24,2,401)
w(12,18,2,402)
r(14,10,2,403)
r(14,10,2,404)
r(11,9,2,405)
r(8,18,2,406)
w(14,13,2,407)
r(9,3,2,408)
w(7,22,2,409)
w(11,16,2,410)
r(13,5,2,411)
r(12,6,2,412)
r(12,7,2,413)
r(12,7,2,414)
r(11,16,2,415)
r(5,13,2,416)
r(1,8,2,417)
w(14,14,2,418)
r(0,6,2,419)
r(14,14,2,420)
w(3,19,2,421)
w(7,23,2,422)
w(14,15,2,423)
w(3,20,2,424)
w(12,19,2,425)
r(7,23,2,426)
r(11,6,2,427)
r(8,20,2,428)
w(8,12,2,429)
r(9,21,2,430)
r(11,0,3,431)
r(2,0,3,432)
w(5,18,3,433)
w(1,5,3,434)
r(2,0,3,435)
r(12,0,3,436)
r(1,5,3,437)
r(8,9,3,438)
r(10,7,3,439)
r(12,0,3,440)
r(1,5,3,441)
w(7,24,3,442)
r(7,24,3,443)
w(4,20,3,444)
w(2,15,3,445)
w(12,20,3,446)
w(11,17,3,447)
r(1,5,3,448)
w(4,21,3,449)
r(2,6,3,450)
r(6,5,3,451)
w(8,13,3,452)
r(4,21,3,453)
r(0,1,3,454)
r(0,1,3,455)
w(11,18,3,456)
w(2,16,3,457)
r(4,21,3,458)
r(12,2,3,459)
w(0,11,3,460)
w(12,21,3,461)
r(10,7,3,462)
r(1,2,3,463)
w(11,19,3,464)
r(2,10,3,465)
r(9,12,3,466)
r(11,19,3,467)
r(0,2,3,468)
w(0,12,3,469)
w(5,19,3,470)
w(0,13,3,471)
r(6,7,3,472)
w(11,20,3,473)
r(10,1,3,474)
w(9,18,3,475)
w(11,21,3,476)
r(13,2,3,477)
w(1,6,3,478)
r(7,3,3,479)
r(7,3,3,480)
w(8,14,3,481)
w(11,22,3,482)
r(10,9,3,483)
w(0,14,3,484)
r(10,9,3,485)
r(3,6,3,486)
w(4,22,3,487)
r(10,9,3,488)
r(7,3,3,489)
r(4,22,3,490)
r(2,3,3,491)
w(2,17,3,492)
r(5,15,3,493)
r(10,2,3,494)
w(7,26,3,495)
r(6,9,3,496)
r(8,4,3,497)
w(3,21,3,498)
r(0,14,3,499)
r(7,26,3,500)
r(8,4,3,501)
r(3,21,3,502)
w(7,27,3,503)
r(3,3,3,504)
r(12,4,3,505)
r(7,27,3,506)
w(1,7,3,507)
r(8,4,3,508)
r(8,4,3,509)
w(3,22,3,510)
r(6,10,3,511)
r(12,4,3,512)
r(6,10,3,513)
r(9,2,3,514)
w(10,15,3,515)
w(9,19,3,516)
r(4,5,3,517)
r(12,10,3,518)
r(4,5,3,519)
r(14,4,3,520)
w(5,20,3,521)
w(4,24,3,522)
r(4,24,3,523)
r(1,1,3,524)
r(6,10,3,525)
w(6,15,3,526)
r(0,14,3,527)
r(0,14,3,528)
w(11,23,3,529)
r(1,1,3,530)
r(2,4,3,531)
w(13,11,3,532)
r(6,12,3,533)
r(13,11,3,534)
r(4,24,3,535)
w(0,15,3,536)
w(13,12,3,537)
r(14,5,3,538)
r(0,15,3,539)
r(3,11,3,540)
r(6,13,3,541)
w(8,16,3,542)
w(9,20,3,543)
r(2,13,3,544)
w(12,22,3,545)
w(7,28,3,546)
w(1,8,3,547)
r(12,22,3,548)
r(9,10,3,549)
w(2,19,3,550)
r(0,15,3,551)
w(11,24,3,552)
w(8,17,3,553)
r(14,10,3,554)
r(10,10,3,555)
w(8,18,3,556)
r(5,13,3,557)
w(7,29,3,558)
r(1,8,3,559)
r(0,15,3,560)
w(12,23,3,561)
w(4,25,3,562)
r(13,5,3,563)
w(8,20,3,564)
w(14,16,3,565)
w(12,24,3,566)
r(3,12,3,567)
r(3,12,3,568)
w(6,17,3,569)
w(12,25,3,570)
w(9,21,3,571)
r(13,5,3,572)
w(3,23,3,573)
