r(3,0,0,0)
w(3,1,0,1)
r(0,0,0,2)
r(8,0,0,3)
r(14,0,0,4)
w(12,1,0,5)
w(9,1,0,6)
w(8,1,0,7)
w(4,1,0,8)
w(12,2,0,9)
w(3,2,0,10)
w(8,2,0,11)
w(10,1,0,12)
w(6,1,0,13)
r(5,15,0,14)
r(4,1,0,15)
r(12,18,0,16)
w(7,1,0,17)
r(1,16,0,18)
w(4,2,0,19)
w(14,1,0,20)
w(14,2,0,21)
w(11,1,0,22)
r(3,2,0,23)
r(7,19,0,24)
r(7,19,0,25)
r(7,19,0,26)
r(8,7,0,27)
r(7,19,0,28)
w(6,2,0,29)
r(1,16,0,30)
r(4,10,0,31)
r(2,7,0,32)
w(3,3,0,33)
r(14,2,0,34)
w(1,1,0,35)
r(7,19,0,36)
w(6,3,0,37)
r(6,3,0,38)
w(8,3,0,39)
r(11,4,0,40)
r(5,9,0,41)
r(0,8,0,42)
w(13,1,0,43)
w(2,1,0,44)
r(14,13,0,45)
r(2,1,0,46)
w(7,2,0,47)
w(5,1,0,48)
w(3,4,0,49)
r(1,17,0,50)
w(0,1,0,51)
r(12,7,0,52)
w(11,2,0,53)
r(3,4,0,54)
w(2,2,0,55)
r(3,4,0,56)
r(7,2,0,57)
r(7,2,0,58)
r(8,8,0,59)
w(1,2,0,60)
w(0,2,0,61)
w(14,3,0,62)
r(7,20,0,63)
w(0,3,0,64)
w(14,4,0,65)
r(8,9,0,66)
w(14,5,0,67)
r(1,5,0,68)
r(10,10,0,69)
r(10,10,0,70)
r(9,15,0,71)
r(12,9,0,72)
w(9,2,0,73)
r(5,24,0,74)
w(9,3,0,75)
r(6,15,0,76)
r(12,21,0,77)
r(5,24,0,78)
w(4,4,0,79)
r(10,14,0,80)
w(5,2,0,81)
r(7,9,0,82)
r(4,4,0,83)
r(4,4,0,84)
r(10,14,0,85)
r(5,2,0,86)
w(5,3,0,87)
w(9,4,0,88)
w(5,4,0,89)
r(12,21,0,90)
w(2,3,0,91)
w(8,4,0,92)
r(3,15,0,93)
w(2,4,0,94)
r(8,4,0,95)
r(2,4,0,96)
w(5,5,0,97)
w(6,4,0,98)
w(7,3,0,99)
r(8,4,0,100)
r(4,16,0,101)
w(12,3,0,102)
w(0,4,0,103)
r(13,10,0,104)
r(14,5,0,105)
r(12,3,0,106)
r(1,11,0,107)
r(12,3,0,108)
r(1,11,0,109)
r(2,9,0,110)
r(5,5,0,111)
r(5,5,0,112)
w(7,4,0,113)
w(8,5,0,114)
w(14,6,0,115)
r(11,14,0,116)
r(8,5,0,117)
r(8,5,0,118)
r(0,11,0,119)
r(8,5,0,120)
w(5,7,0,121)
w(2,5,0,122)
w(7,5,0,123)
w(2,6,0,124)
w(12,4,0,125)
r(6,22,0,126)
w(1,3,0,127)
w(6,5,0,128)
r(13,18,0,129)
w(9,5,0,130)
r(12,4,0,131)
w(3,5,0,132)
r(5,18,0,133)
w(10,3,0,134)
r(0,11,0,135)
r(12,10,0,136)
r(9,5,0,137)
r(14,10,0,138)
r(9,5,0,139)
r(2,6,0,140)
r(12,10,0,141)
r(13,18,0,142)
w(1,4,0,143)
w(7,6,1,144)
w(6,6,1,145)
w(4,5,1,146)
w(7,7,1,147)
r(13,0,1,148)
w(8,6,1,149)
r(4,1,1,150)
r(8,6,1,151)
r(5,22,1,152)
r(6,11,1,153)
w(0,5,1,154)
w(6,7,1,155)
w(13,3,1,156)
w(5,8,1,157)
w(8,7,1,158)
r(12,18,1,159)
r(13,3,1,160)
r(13,3,1,161)
w(7,8,1,162)
w(2,7,1,163)
r(14,0,1,164)
w(5,9,1,165)
r(7,18,1,166)
w(6,8,1,167)
w(13,4,1,168)
r(12,18,1,169)
r(7,19,1,170)
w(2,8,1,171)
r(3,2,1,172)
w(11,4,1,173)
r(9,14,1,174)
r(5,9,1,175)
r(12,20,1,176)
r(12,20,1,177)
r(11,4,1,178)
w(4,6,1,179)
w(12,7,1,180)
w(9,6,1,181)
w(4,7,1,182)
w(3,6,1,183)
w(5,11,1,184)
r(7,2,1,185)
w(5,12,1,186)
r(4,13,1,187)
w(13,5,1,188)
w(8,8,1,189)
r(8,8,1,190)
w(12,8,1,191)
r(7,2,1,192)
w(11,5,1,193)
w(13,6,1,194)
r(10,10,1,195)
r(4,14,1,196)
w(12,9,1,197)
r(5,12,1,198)
r(10,10,1,199)
w(8,9,1,200)
w(1,5,1,201)
r(9,15,1,202)
r(12,9,1,203)
w(4,8,1,204)
r(7,20,1,205)
r(5,24,1,206)
r(14,5,1,207)
r(13,22,1,208)
r(4,8,1,209)
r(14,5,1,210)
r(7,20,1,211)
w(11,6,1,212)
w(13,7,1,213)
w(13,8,1,214)
r(2,13,1,215)
r(8,14,1,216)
r(11,6,1,217)
r(1,5,1,218)
w(7,9,1,219)
w(5,13,1,220)
w(1,6,1,221)
r(8,14,1,222)
r(6,15,1,223)
w(1,7,1,224)
r(5,2,1,225)
r(10,14,1,226)
w(11,7,1,227)
w(11,8,1,228)
r(5,4,1,229)
r(9,4,1,230)
w(9,7,1,231)
r(13,24,1,232)
r(9,7,1,233)
w(0,6,1,234)
r(0,6,1,235)
w(13,9,1,236)
r(8,4,1,237)
w(11,9,1,238)
r(14,5,1,239)
w(2,9,1,240)
r(0,17,1,241)
w(13,10,1,242)
r(0,4,1,243)
r(0,4,1,244)
r(9,7,1,245)
w(10,4,1,246)
w(9,8,1,247)
w(3,7,1,248)
r(5,5,1,249)
r(4,17,1,250)
w(2,10,1,251)
r(11,14,1,252)
r(4,17,1,253)
r(4,17,1,254)
w(3,8,1,255)
w(14,7,1,256)
r(9,11,1,257)
r(10,16,1,258)
w(9,9,1,259)
r(2,6,1,260)
r(4,17,1,261)
r(0,11,1,262)
w(7,10,1,263)
r(4,17,1,264)
w(10,5,1,265)
r(12,4,1,266)
r(0,11,1,267)
w(1,8,1,268)
w(12,10,1,269)
w(7,11,1,270)
r(8,5,1,271)
r(12,10,1,272)
w(13,11,1,273)
r(6,5,1,274)
r(6,5,1,275)
w(6,10,1,276)
w(1,9,1,277)
w(8,10,1,278)
r(6,10,1,279)
r(2,6,1,280)
r(0,12,1,281)
w(13,12,1,282)
w(8,11,1,283)
w(10,6,1,284)
r(7,11,1,285)
r(3,21,1,286)
r(6,0,2,287)
r(14,0,2,288)
w(6,11,2,289)
w(2,11,2,290)
r(13,0,2,291)
r(1,0,2,292)
w(5,15,2,293)
w(11,10,2,294)
r(12,2,2,295)
w(8,12,2,296)
w(0,7,2,297)
w(11,11,2,298)
w(10,7,2,299)
r(6,1,2,300)
w(13,13,2,301)
w(7,12,2,302)
w(4,10,2,303)
r(13,13,2,304)
r(10,7,2,305)
w(10,8,2,306)
r(2,7,2,307)
w(0,8,2,308)
r(6,2,2,309)
r(9,1,2,310)
r(4,10,2,311)
r(1,16,2,312)
r(8,7,2,313)
r(5,9,2,314)
w(6,12,2,315)
r(3,3,2,316)
w(13,15,2,317)
r(11,4,2,318)
r(8,7,2,319)
w(7,13,2,320)
r(11,4,2,321)
r(13,15,2,322)
r(2,8,2,323)
r(14,13,2,324)
r(6,3,2,325)
w(7,14,2,326)
w(9,10,2,327)
r(2,15,2,328)
w(6,13,2,329)
r(13,20,2,330)
w(10,9,2,331)
r(2,15,2,332)
w(14,8,2,333)
w(1,10,2,334)
w(6,14,2,335)
w(2,12,2,336)
w(10,10,2,337)
w(12,12,2,338)
r(14,8,2,339)
w(2,13,2,340)
w(8,13,2,341)
r(3,15,2,342)
r(9,15,2,343)
w(6,15,2,344)
w(0,9,2,345)
w(0,10,2,346)
r(12,9,2,347)
r(13,6,2,348)
w(8,14,2,349)
r(11,5,2,350)
w(4,12,2,351)
r(10,14,2,352)
w(5,16,2,353)
w(7,16,2,354)
r(1,7,2,355)
w(1,11,2,356)
w(10,11,2,357)
r(2,4,2,358)
w(13,17,2,359)
r(9,7,2,360)
w(8,15,2,361)
w(3,10,2,362)
r(2,9,2,363)
r(1,11,2,364)
r(7,3,2,365)
r(3,10,2,366)
w(8,16,2,367)
w(12,13,2,368)
r(2,9,2,369)
w(0,11,2,370)
r(5,5,2,371)
w(13,18,2,372)
w(9,11,2,373)
r(11,14,2,374)
w(5,17,2,375)
r(7,4,2,376)
r(8,5,2,377)
r(10,16,2,378)
r(10,16,2,379)
r(1,11,2,380)
w(6,16,2,381)
r(0,11,2,382)
r(0,11,2,383)
r(0,11,2,384)
w(3,11,2,385)
r(12,4,2,386)
r(10,16,2,387)
r(0,11,2,388)
r(3,11,2,389)
r(11,14,2,390)
r(13,18,2,391)
w(1,12,2,392)
w(5,18,2,393)
r(7,10,2,394)
w(14,10,2,395)
r(8,5,2,396)
w(10,12,2,397)
r(3,21,2,398)
r(3,21,2,399)
w(0,12,2,400)
r(12,10,2,401)
r(3,21,2,402)
r(8,18,2,403)
w(13,19,2,404)
w(11,12,2,405)
r(2,6,2,406)
w(5,19,2,407)
w(5,20,2,408)
w(6,17,2,409)
w(0,13,2,410)
w(3,12,2,411)
w(3,13,2,412)
r(9,5,2,413)
w(14,11,2,414)
r(12,10,2,415)
w(14,12,2,416)
w(9,12,2,417)
w(12,15,2,418)
w(1,13,2,419)
w(12,16,2,420)
r(12,16,2,421)
w(0,14,2,422)
r(7,11,2,423)
w(1,14,2,424)
w(9,13,2,425)
r(6,17,2,426)
w(5,21,3,427)
r(2,0,3,428)
r(4,0,3,429)
w(0,15,3,430)
w(12,17,3,431)
r(7,7,3,432)
r(11,0,3,433)
w(7,17,3,434)
w(5,22,3,435)
r(8,6,3,436)
r(8,6,3,437)
r(3,2,3,438)
r(8,6,3,439)
w(1,15,3,440)
r(13,0,3,441)
w(12,18,3,442)
w(1,16,3,443)
r(0,7,3,444)
r(9,1,3,445)
r(12,18,3,446)
r(8,7,3,447)
w(0,16,3,448)
w(7,18,3,449)
r(12,18,3,450)
w(7,19,3,451)
r(5,9,3,452)
r(10,8,3,453)
r(3,2,3,454)
r(4,10,3,455)
w(9,14,3,456)
w(12,19,3,457)
r(9,14,3,458)
w(12,20,3,459)
r(14,2,3,460)
r(8,7,3,461)
w(1,17,3,462)
r(10,8,3,463)
w(5,23,3,464)
r(5,23,3,465)
w(14,13,3,466)
w(10,13,3,467)
w(2,15,3,468)
w(13,20,3,469)
w(4,13,3,470)
r(10,13,3,471)
r(0,8,3,472)
r(8,3,3,473)
w(9,15,3,474)
w(6,18,3,475)
r(5,12,3,476)
r(9,15,3,477)
w(3,15,3,478)
w(4,14,3,479)
w(7,20,3,480)
r(3,15,3,481)
r(14,8,3,482)
w(6,19,3,483)
w(4,15,3,484)
w(5,24,3,485)
r(4,15,3,486)
w(13,22,3,487)
w(12,21,3,488)
w(9,16,3,489)
w(7,21,3,490)
w(10,14,3,491)
r(1,5,3,492)
r(10,14,3,493)
w(1,18,3,494)
r(10,14,3,495)
w(9,17,3,496)
r(6,15,3,497)
r(1,6,3,498)
w(13,23,3,499)
w(7,22,3,500)
r(9,17,3,501)
w(8,17,3,502)
r(3,15,3,503)
r(6,15,3,504)
r(11,8,3,505)
r(14,5,3,506)
r(5,4,3,507)
w(13,24,3,508)
w(11,13,3,509)
w(3,16,3,510)
w(4,16,3,511)
r(4,16,3,512)
r(10,14,3,513)
w(3,17,3,514)
w(0,17,3,515)
r(6,4,3,516)
w(13,26,3,517)
r(6,4,3,518)
r(7,3,3,519)
w(10,15,3,520)
w(4,17,3,521)
r(6,4,3,522)
r(13,10,3,523)
w(6,20,3,524)
r(12,13,3,525)
r(7,4,3,526)
w(12,23,3,527)
w(11,14,3,528)
w(5,25,3,529)
r(11,14,3,530)
r(4,17,3,531)
r(6,20,3,532)
w(10,16,3,533)
w(3,18,3,534)
r(13,18,3,535)
r(14,7,3,536)
r(2,5,3,537)
r(2,5,3,538)
w(6,22,3,539)
r(2,6,3,540)
w(3,20,3,541)
w(5,26,3,542)
w(12,24,3,543)
w(3,21,3,544)
r(8,5,3,545)
r(11,14,3,546)
r(2,6,3,547)
r(1,8,3,548)
r(14,10,3,549)
r(9,5,3,550)
r(4,17,3,551)
r(7,11,3,552)
r(10,3,3,553)
r(10,12,3,554)
w(8,18,3,555)
w(10,18,3,556)
r(13,11,3,557)
w(8,20,3,558)
r(12,10,3,559)
r(8,20,3,560)
w(2,16,3,561)
w(0,18,3,562)
w(4,18,3,563)
w(8,21,3,564)
r(7,11,3,565)
r(11,12,3,566)
w(4,19,3,567)
w(3,22,3,568)
