w(1,1,0,0)
w(2,1,0,0)
w(3,1,0,0)
w(4,1,0,0)
w(5,1,0,0)
w(6,1,0,0)
w(7,1,0,0)
w(8,1,0,0)
w(9,1,0,0)
w(10,1,0,0)
w(11,1,0,0)
w(12,1,0,0)
w(13,1,0,0)
w(14,1,0,0)
w(15,1,0,0)
w(16,1,0,0)
w(17,1,0,0)
w(18,1,0,0)
w(19,1,0,0)
w(20,1,0,0)
w(21,1,0,0)
w(22,1,0,0)
w(23,1,0,0)
w(24,1,0,0)
w(25,1,0,0)
w(26,1,0,0)
w(27,1,0,0)
w(28,1,0,0)
w(29,1,0,0)
w(30,1,0,0)
w(31,1,0,0)
w(32,1,0,0)
w(33,1,0,0)
w(34,1,0,0)
w(35,1,0,0)
w(36,1,0,0)
w(37,1,0,0)
w(38,1,0,0)
w(39,1,0,0)
w(40,1,0,0)
w(41,1,0,0)
w(42,1,0,0)
w(43,1,0,0)
w(44,1,0,0)
w(45,1,0,0)
w(46,1,0,0)
w(47,1,0,0)
w(48,1,0,0)
w(49,1,0,0)
w(50,1,0,0)
w(51,1,0,0)
w(52,1,0,0)
w(53,1,0,0)
w(54,1,0,0)
w(55,1,0,0)
w(56,1,0,0)
w(57,1,0,0)
w(58,1,0,0)
w(59,1,0,0)
w(60,1,0,0)
w(61,1,0,0)
w(62,1,0,0)
w(63,1,0,0)
w(64,1,0,0)
w(65,1,0,0)
w(66,1,0,0)
w(67,1,0,0)
w(68,1,0,0)
w(69,1,0,0)
w(70,1,0,0)
w(71,1,0,0)
w(72,1,0,0)
w(73,1,0,0)
w(74,1,0,0)
w(75,1,0,0)
w(76,1,0,0)
w(77,1,0,0)
w(78,1,0,0)
w(79,1,0,0)
w(80,1,0,0)
w(81,1,0,0)
w(82,1,0,0)
w(83,1,0,0)
w(84,1,0,0)
w(85,1,0,0)
w(86,1,0,0)
w(87,1,0,0)
w(88,1,0,0)
w(89,1,0,0)
w(90,1,0,0)
w(91,1,0,0)
w(92,1,0,0)
w(93,1,0,0)
w(94,1,0,0)
w(95,1,0,0)
w(96,1,0,0)
w(97,1,0,0)
w(98,1,0,0)
w(99,1,0,0)
w(100,1,0,0)
w(101,1,0,0)
w(102,1,0,0)
w(103,1,0,0)
w(104,1,0,0)
w(105,1,0,0)
w(106,1,0,0)
w(107,1,0,0)
w(108,1,0,0)
w(109,1,0,0)
w(110,1,0,0)
w(111,1,0,0)
w(112,1,0,0)
w(113,1,0,0)
w(114,1,0,0)
w(115,1,0,0)
w(116,1,0,0)
w(117,1,0,0)
w(118,1,0,0)
w(119,1,0,0)
w(120,1,0,0)
w(121,1,0,0)
w(122,1,0,0)
w(123,1,0,0)
w(124,1,0,0)
w(125,1,0,0)
w(126,1,0,0)
w(127,1,0,0)
w(128,1,0,0)
w(129,1,0,0)
w(130,1,0,0)
w(131,1,0,0)
w(132,1,0,0)
w(133,1,0,0)
w(134,1,0,0)
w(135,1,0,0)
w(136,1,0,0)
w(137,1,0,0)
w(138,1,0,0)
w(139,1,0,0)
w(140,1,0,0)
w(141,1,0,0)
w(142,1,0,0)
w(143,1,0,0)
w(144,1,0,0)
w(145,1,0,0)
w(146,1,0,0)
w(147,1,0,0)
w(148,1,0,0)
w(149,1,0,0)
w(150,1,0,0)
w(151,1,0,0)
w(152,1,0,0)
w(153,1,0,0)
w(154,1,0,0)
w(155,1,0,0)
w(156,1,0,0)
w(157,1,0,0)
w(158,1,0,0)
w(159,1,0,0)
w(160,1,0,0)
w(161,1,0,0)
w(162,1,0,0)
w(163,1,0,0)
w(164,1,0,0)
w(165,1,0,0)
w(166,1,0,0)
w(167,1,0,0)
w(168,1,0,0)
w(169,1,0,0)
w(170,1,0,0)
w(171,1,0,0)
w(172,1,0,0)
w(173,1,0,0)
w(174,1,0,0)
w(175,1,0,0)
w(176,1,0,0)
w(177,1,0,0)
w(178,1,0,0)
w(179,1,0,0)
w(180,1,0,0)
w(181,1,0,0)
w(182,1,0,0)
w(183,1,0,0)
w(184,1,0,0)
w(185,1,0,0)
w(186,1,0,0)
w(187,1,0,0)
w(188,1,0,0)
w(189,1,0,0)
w(190,1,0,0)
w(191,1,0,0)
w(192,1,0,0)
w(193,1,0,0)
w(194,1,0,0)
w(195,1,0,0)
w(196,1,0,0)
w(197,1,0,0)
w(198,1,0,0)
w(199,1,0,0)
w(200,1,0,0)
w(201,1,0,0)
w(202,1,0,0)
w(203,1,0,0)
w(204,1,0,0)
w(205,1,0,0)
w(206,1,0,0)
w(207,1,0,0)
w(208,1,0,0)
w(209,1,0,0)
w(210,1,0,0)
w(211,1,0,0)
w(212,1,0,0)
w(213,1,0,0)
w(214,1,0,0)
w(215,1,0,0)
w(216,1,0,0)
w(217,1,0,0)
w(218,1,0,0)
w(219,1,0,0)
w(220,1,0,0)
w(221,1,0,0)
w(222,1,0,0)
w(223,1,0,0)
w(224,1,0,0)
w(225,1,0,0)
w(226,1,0,0)
w(227,1,0,0)
w(228,1,0,0)
w(229,1,0,0)
w(230,1,0,0)
w(231,1,0,0)
w(232,1,0,0)
w(233,1,0,0)
w(234,1,0,0)
w(235,1,0,0)
w(236,1,0,0)
w(237,1,0,0)
w(238,1,0,0)
w(239,1,0,0)
w(240,1,0,0)
w(241,1,0,0)
w(242,1,0,0)
w(243,1,0,0)
w(244,1,0,0)
w(245,1,0,0)
w(246,1,0,0)
w(247,1,0,0)
w(248,1,0,0)
w(249,1,0,0)
w(250,1,0,0)
w(251,1,0,0)
w(252,1,0,0)
w(253,1,0,0)
w(254,1,0,0)
w(255,1,0,0)
w(256,1,0,0)
w(257,1,0,0)
w(258,1,0,0)
w(259,1,0,0)
w(260,1,0,0)
w(261,1,0,0)
w(262,1,0,0)
w(263,1,0,0)
w(264,1,0,0)
w(265,1,0,0)
w(266,1,0,0)
w(267,1,0,0)
w(268,1,0,0)
w(269,1,0,0)
w(270,1,0,0)
w(271,1,0,0)
w(272,1,0,0)
w(273,1,0,0)
w(274,1,0,0)
w(275,1,0,0)
w(276,1,0,0)
w(277,1,0,0)
w(278,1,0,0)
w(279,1,0,0)
w(280,1,0,0)
w(281,1,0,0)
w(282,1,0,0)
w(283,1,0,0)
w(284,1,0,0)
w(285,1,0,0)
w(286,1,0,0)
w(287,1,0,0)
w(288,1,0,0)
w(289,1,0,0)
w(290,1,0,0)
w(291,1,0,0)
w(292,1,0,0)
w(293,1,0,0)
w(294,1,0,0)
w(295,1,0,0)
w(296,1,0,0)
w(297,1,0,0)
w(298,1,0,0)
w(299,1,0,0)
w(300,1,0,0)
w(301,1,0,0)
w(302,1,0,0)
w(303,1,0,0)
w(304,1,0,0)
w(305,1,0,0)
w(306,1,0,0)
w(307,1,0,0)
w(308,1,0,0)
w(309,1,0,0)
w(310,1,0,0)
w(311,1,0,0)
w(312,1,0,0)
w(313,1,0,0)
w(314,1,0,0)
w(315,1,0,0)
w(316,1,0,0)
w(317,1,0,0)
w(318,1,0,0)
w(319,1,0,0)
w(320,1,0,0)
w(321,1,0,0)
w(322,1,0,0)
w(323,1,0,0)
w(324,1,0,0)
w(325,1,0,0)
w(326,1,0,0)
w(327,1,0,0)
w(328,1,0,0)
w(329,1,0,0)
w(330,1,0,0)
w(331,1,0,0)
w(332,1,0,0)
w(333,1,0,0)
w(334,1,0,0)
w(335,1,0,0)
w(336,1,0,0)
w(337,1,0,0)
w(338,1,0,0)
w(339,1,0,0)
w(340,1,0,0)
w(341,1,0,0)
w(342,1,0,0)
w(343,1,0,0)
w(344,1,0,0)
w(345,1,0,0)
w(346,1,0,0)
w(347,1,0,0)
w(348,1,0,0)
w(349,1,0,0)
w(350,1,0,0)
w(351,1,0,0)
w(352,1,0,0)
w(353,1,0,0)
w(354,1,0,0)
w(355,1,0,0)
w(356,1,0,0)
w(357,1,0,0)
w(358,1,0,0)
w(359,1,0,0)
w(360,1,0,0)
w(361,1,0,0)
w(362,1,0,0)
w(363,1,0,0)
w(364,1,0,0)
w(365,1,0,0)
w(366,1,0,0)
w(367,1,0,0)
w(368,1,0,0)
w(369,1,0,0)
w(370,1,0,0)
w(371,1,0,0)
w(372,1,0,0)
w(373,1,0,0)
w(374,1,0,0)
w(375,1,0,0)
w(376,1,0,0)
w(377,1,0,0)
w(378,1,0,0)
w(379,1,0,0)
w(380,1,0,0)
w(381,1,0,0)
w(382,1,0,0)
w(383,1,0,0)
w(384,1,0,0)
w(385,1,0,0)
w(386,1,0,0)
w(387,1,0,0)
w(388,1,0,0)
w(389,1,0,0)
w(390,1,0,0)
w(391,1,0,0)
w(392,1,0,0)
w(393,1,0,0)
w(394,1,0,0)
w(395,1,0,0)
w(396,1,0,0)
w(397,1,0,0)
w(398,1,0,0)
w(399,1,0,0)
w(400,1,0,0)
w(401,1,0,0)
w(402,1,0,0)
w(403,1,0,0)
w(404,1,0,0)
w(405,1,0,0)
w(406,1,0,0)
w(407,1,0,0)
w(408,1,0,0)
w(409,1,0,0)
w(410,1,0,0)
w(411,1,0,0)
w(412,1,0,0)
w(413,1,0,0)
w(414,1,0,0)
w(415,1,0,0)
w(416,1,0,0)
w(417,1,0,0)
w(418,1,0,0)
w(419,1,0,0)
w(420,1,0,0)
w(421,1,0,0)
w(422,1,0,0)
w(423,1,0,0)
w(424,1,0,0)
w(425,1,0,0)
w(426,1,0,0)
w(427,1,0,0)
w(428,1,0,0)
w(429,1,0,0)
w(430,1,0,0)
w(431,1,0,0)
w(432,1,0,0)
w(433,1,0,0)
w(434,1,0,0)
w(435,1,0,0)
w(436,1,0,0)
w(437,1,0,0)
w(438,1,0,0)
w(439,1,0,0)
w(440,1,0,0)
w(441,1,0,0)
w(442,1,0,0)
w(443,1,0,0)
w(444,1,0,0)
w(445,1,0,0)
w(446,1,0,0)
w(447,1,0,0)
w(448,1,0,0)
w(449,1,0,0)
w(450,1,0,0)
w(451,1,0,0)
w(452,1,0,0)
w(453,1,0,0)
w(454,1,0,0)
w(455,1,0,0)
w(456,1,0,0)
w(457,1,0,0)
w(458,1,0,0)
w(459,1,0,0)
w(460,1,0,0)
w(461,1,0,0)
w(462,1,0,0)
w(463,1,0,0)
w(464,1,0,0)
w(465,1,0,0)
w(466,1,0,0)
w(467,1,0,0)
w(468,1,0,0)
w(469,1,0,0)
w(470,1,0,0)
w(471,1,0,0)
w(472,1,0,0)
w(473,1,0,0)
w(474,1,0,0)
w(475,1,0,0)
w(476,1,0,0)
w(477,1,0,0)
w(478,1,0,0)
w(479,1,0,0)
w(480,1,0,0)
w(481,1,0,0)
w(482,1,0,0)
w(483,1,0,0)
w(484,1,0,0)
w(485,1,0,0)
w(486,1,0,0)
w(487,1,0,0)
w(488,1,0,0)
w(489,1,0,0)
w(490,1,0,0)
w(491,1,0,0)
w(492,1,0,0)
w(493,1,0,0)
w(494,1,0,0)
w(495,1,0,0)
w(496,1,0,0)
w(497,1,0,0)
w(498,1,0,0)
w(499,1,0,0)
w(500,1,0,0)
w(501,1,0,0)
w(502,1,0,0)
w(503,1,0,0)
w(504,1,0,0)
w(505,1,0,0)
w(506,1,0,0)
w(507,1,0,0)
w(508,1,0,0)
w(509,1,0,0)
w(510,1,0,0)
w(511,1,0,0)
w(512,1,0,0)
w(513,1,0,0)
w(514,1,0,0)
w(515,1,0,0)
w(516,1,0,0)
w(517,1,0,0)
w(518,1,0,0)
w(519,1,0,0)
w(520,1,0,0)
w(521,1,0,0)
w(522,1,0,0)
w(523,1,0,0)
w(524,1,0,0)
w(525,1,0,0)
w(526,1,0,0)
w(527,1,0,0)
w(528,1,0,0)
w(529,1,0,0)
w(530,1,0,0)
w(531,1,0,0)
w(532,1,0,0)
w(533,1,0,0)
w(534,1,0,0)
w(535,1,0,0)
w(536,1,0,0)
w(537,1,0,0)
w(538,1,0,0)
w(539,1,0,0)
w(540,1,0,0)
r(112,1,1,1)
w(289,2,1,1)
w(370,2,1,1)
r(196,1,1,1)
r(470,1,1,1)
r(136,1,1,1)
r(461,1,1,1)
r(167,1,1,1)
r(504,1,1,1)
r(317,1,1,1)
r(345,1,1,1)
w(452,2,1,1)
w(215,2,1,1)
r(214,1,1,1)
w(120,2,1,1)
w(19,2,1,1)
r(513,1,1,1)
r(27,1,1,1)
w(283,2,1,1)
w(210,2,1,1)
w(43,5,2,2)
w(87,2,2,2)
r(11,1,2,2)
w(408,2,2,2)
w(284,2,2,2)
w(307,5,2,2)
w(236,2,2,2)
r(213,1,2,2)
r(518,1,2,2)
r(39,1,2,2)
w(279,5,2,2)
w(109,5,2,2)
w(507,2,2,2)
w(436,4,2,2)
w(506,2,2,2)
r(255,1,2,2)
r(22,4,2,2)
w(167,2,2,2)
r(298,1,2,2)
r(126,1,2,2)
w(524,2,3,3)
r(184,1,3,3)
w(339,2,3,3)
r(132,3,3,3)
r(455,1,3,3)
r(369,1,3,3)
r(386,1,3,3)
r(195,1,3,3)
r(445,5,3,3)
w(251,2,3,3)
r(371,1,3,3)
r(445,5,3,3)
r(55,1,3,3)
w(148,2,3,3)
r(100,1,3,3)
w(213,5,3,3)
r(144,1,3,3)
w(436,8,3,3)
r(451,1,3,3)
r(367,6,3,3)
r(487,1,4,4)
w(327,3,4,4)
w(141,5,4,4)
r(378,1,4,4)
r(445,1,4,4)
r(532,1,4,4)
r(485,1,4,4)
w(456,4,4,4)
r(255,1,4,4)
r(103,1,4,4)
r(94,1,4,4)
w(377,5,4,4)
w(500,3,4,4)
w(343,4,4,4)
w(425,4,4,4)
r(412,1,4,4)
r(131,1,4,4)
r(181,1,4,4)
r(126,1,4,4)
r(437,1,4,4)
w(52,5,5,5)
r(40,1,5,5)
r(102,1,5,5)
w(466,5,5,5)
r(150,1,5,5)
r(177,1,5,5)
w(507,5,5,5)
r(312,1,5,5)
r(168,1,5,5)
r(386,1,5,5)
r(401,1,5,5)
r(281,1,5,5)
r(287,1,5,5)
r(199,1,5,5)
w(92,5,5,5)
r(407,1,5,5)
r(514,1,5,5)
w(395,3,5,5)
w(171,6,5,5)
w(179,2,5,5)
r(421,1,6,6)
w(355,3,6,6)
w(216,8,6,6)
w(22,4,6,6)
r(278,1,6,6)
w(232,4,6,6)
r(71,1,6,6)
w(515,4,6,6)
r(334,1,6,6)
w(487,3,6,6)
r(97,1,6,6)
w(16,8,6,6)
w(48,5,6,6)
w(524,6,6,6)
r(337,1,6,6)
r(348,1,6,6)
w(250,3,6,6)
r(333,1,6,6)
r(122,1,6,6)
r(346,1,6,6)
w(349,10,7,7)
w(2,5,7,7)
w(444,4,7,7)
w(488,4,7,7)
w(79,3,7,7)
w(247,6,7,7)
r(231,1,7,7)
r(220,1,7,7)
w(520,10,7,7)
w(172,4,7,7)
w(246,10,7,7)
r(488,4,7,7)
r(450,1,7,7)
r(438,1,7,7)
r(399,1,7,7)
r(36,1,7,7)
w(427,8,7,7)
r(486,1,7,7)
r(133,1,7,7)
w(445,5,7,7)
r(533,1,8,8)
w(418,6,8,8)
r(445,5,8,8)
w(286,4,8,8)
w(64,6,8,8)
r(414,1,8,8)
w(380,7,8,8)
r(242,1,8,8)
w(266,3,8,8)
w(452,4,8,8)
r(127,1,8,8)
r(481,1,8,8)
r(259,1,8,8)
w(427,6,8,8)
r(155,1,8,8)
r(25,1,8,8)
w(528,4,8,8)
w(314,8,8,8)
r(294,1,8,8)
r(134,1,8,8)
r(421,1,9,9)
w(400,6,9,9)
w(434,6,9,9)
w(382,8,9,9)
w(194,3,9,9)
w(456,3,9,9)
w(341,8,9,9)
r(167,1,9,9)
r(134,1,9,9)
w(23,10,9,9)
w(222,4,9,9)
w(513,6,9,9)
r(522,1,9,9)
r(326,1,9,9)
w(13,3,9,9)
r(442,1,9,9)
w(286,8,9,9)
r(165,1,9,9)
r(69,1,9,9)
w(373,12,9,9)
w(218,2,1,10)
r(94,1,1,10)
r(166,1,1,10)
w(377,2,1,10)
r(489,1,1,10)
w(376,2,1,10)
r(169,1,1,10)
w(336,2,1,10)
r(244,1,1,10)
r(193,1,1,10)
r(392,1,1,10)
w(136,2,1,10)
r(470,1,1,10)
r(239,2,1,10)
w(415,2,1,10)
w(319,2,1,10)
r(443,1,1,10)
w(44,2,1,10)
r(355,3,1,10)
w(142,2,1,10)
w(385,5,2,11)
w(71,2,2,11)
w(435,2,2,11)
w(232,5,2,11)
w(536,4,2,11)
r(1,1,2,11)
w(76,5,2,11)
r(393,5,2,11)
w(212,5,2,11)
w(262,2,2,11)
r(100,1,2,11)
r(360,1,2,11)
r(64,1,2,11)
r(529,5,2,11)
w(143,2,2,11)
r(27,1,2,11)
r(211,1,2,11)
r(418,1,2,11)
w(75,2,2,11)
w(514,2,2,11)
r(67,1,3,12)
w(170,4,3,12)
w(438,5,3,12)
r(177,1,3,12)
r(114,1,3,12)
w(510,2,3,12)
w(348,2,3,12)
w(327,2,3,12)
w(10,2,3,12)
w(204,5,3,12)
w(277,3,3,12)
r(499,1,3,12)
w(28,5,3,12)
w(411,2,3,12)
r(178,1,3,12)
r(292,1,3,12)
r(141,5,3,12)
w(248,5,3,12)
w(479,2,3,12)
r(424,3,3,12)
r(443,1,4,13)
r(195,1,4,13)
w(171,8,4,13)
r(438,1,4,13)
w(330,5,4,13)
w(247,3,4,13)
r(101,1,4,13)
r(19,2,4,13)
r(200,1,4,13)
w(35,2,4,13)
r(18,1,4,13)
w(158,2,4,13)
r(139,1,4,13)
w(147,4,4,13)
r(366,1,4,13)
r(522,1,4,13)
w(382,4,4,13)
r(205,1,4,13)
r(245,1,4,13)
r(325,1,4,13)
w(272,3,5,14)
w(162,2,5,14)
r(272,3,5,14)
r(174,1,5,14)
r(480,1,5,14)
w(437,4,5,14)
r(342,1,5,14)
w(324,2,5,14)
w(199,5,5,14)
r(110,1,5,14)
w(162,5,5,14)
r(283,2,5,14)
w(299,6,5,14)
w(34,4,5,14)
w(529,5,5,14)
r(464,1,5,14)
r(35,2,5,14)
w(487,4,5,14)
w(458,4,5,14)
w(468,3,5,14)
w(235,6,6,15)
r(496,1,6,15)
r(420,3,6,15)
w(41,3,6,15)
r(180,1,6,15)
w(145,3,6,15)
r(538,1,6,15)
w(270,3,6,15)
w(15,4,6,15)
w(397,2,6,15)
r(427,6,6,15)
w(220,6,6,15)
w(437,8,6,15)
w(406,8,6,15)
w(259,4,6,15)
r(278,1,6,15)
r(525,12,6,15)
w(458,3,6,15)
r(329,1,6,15)
r(276,1,6,15)
w(255,4,7,16)
w(248,4,7,16)
r(420,1,7,16)
w(502,4,7,16)
w(390,4,7,16)
r(282,1,7,16)
w(57,8,7,16)
r(482,1,7,16)
w(107,7,7,16)
r(456,3,7,16)
w(522,8,7,16)
r(157,1,7,16)
w(432,4,7,16)
r(127,1,7,16)
r(163,1,7,16)
r(89,1,7,16)
w(485,8,7,16)
w(95,3,7,16)
w(230,4,7,16)
w(393,5,7,16)
r(231,1,8,17)
r(266,3,8,17)
r(494,1,8,17)
r(140,1,8,17)
r(336,2,8,17)
r(525,12,8,17)
r(196,1,8,17)
r(205,1,8,17)
r(105,1,8,17)
w(340,4,8,17)
w(208,10,8,17)
r(335,1,8,17)
w(523,10,8,17)
w(415,4,8,17)
w(103,12,8,17)
w(416,3,8,17)
w(243,3,8,17)
r(332,5,8,17)
r(402,1,8,17)
w(104,4,8,17)
w(367,6,9,18)
w(54,8,9,18)
r(96,1,9,18)
w(150,8,9,18)
r(492,1,9,18)
w(117,3,9,18)
w(138,5,9,18)
r(86,1,9,18)
r(155,1,9,18)
w(132,3,9,18)
r(453,1,9,18)
w(293,5,9,18)
r(78,1,9,18)
w(240,7,9,18)
r(2,5,9,18)
r(446,1,9,18)
r(522,8,9,18)
r(296,1,9,18)
w(287,8,9,18)
w(290,3,9,18)
w(111,2,1,19)
r(172,3,1,19)
w(121,2,1,19)
r(22,4,1,19)
w(120,5,1,19)
w(415,5,1,19)
r(176,1,1,19)
w(396,2,1,19)
w(138,2,1,19)
r(513,6,1,19)
w(413,2,1,19)
w(146,2,1,19)
w(325,2,1,19)
r(435,2,1,19)
w(456,2,1,19)
w(539,2,1,19)
w(371,2,1,19)
r(17,1,1,19)
r(312,1,1,19)
w(379,2,1,19)
w(413,5,2,20)
r(218,1,2,20)
w(239,2,2,20)
w(23,5,2,20)
r(463,1,2,20)
w(212,4,2,20)
r(387,1,2,20)
r(465,1,2,20)
w(113,4,2,20)
r(299,6,2,20)
w(100,5,2,20)
r(337,1,2,20)
w(349,5,2,20)
r(71,2,2,20)
w(171,2,2,20)
r(157,1,2,20)
w(185,2,2,20)
r(73,4,2,20)
r(298,4,2,20)
w(199,2,2,20)
r(378,3,3,21)
r(364,1,3,21)
w(451,4,3,21)
w(206,2,3,21)
r(471,5,3,21)
r(139,1,3,21)
r(539,1,3,21)
r(299,7,3,21)
w(273,5,3,21)
w(205,5,3,21)
r(197,1,3,21)
w(186,2,3,21)
w(228,5,3,21)
r(114,1,3,21)
w(454,4,3,21)
r(291,1,3,21)
w(518,5,3,21)
r(116,1,3,21)
w(441,5,3,21)
r(55,1,3,21)
r(126,1,4,22)
w(57,5,4,22)
w(370,4,4,22)
w(39,8,4,22)
w(413,3,4,22)
w(174,2,4,22)
w(131,3,4,22)
r(273,8,4,22)
w(309,2,4,22)
w(317,4,4,22)
w(314,5,4,22)
r(197,1,4,22)
r(193,1,4,22)
w(310,4,4,22)
w(428,4,4,22)
w(26,2,4,22)
w(465,4,4,22)
r(207,1,4,22)
r(3,1,4,22)
r(219,1,4,22)
w(26,5,5,23)
r(253,1,5,23)
w(36,5,5,23)
r(305,1,5,23)
r(540,1,5,23)
w(528,2,5,23)
r(403,1,5,23)
r(14,1,5,23)
w(332,5,5,23)
r(157,1,5,23)
w(420,3,5,23)
r(331,1,5,23)
r(142,1,5,23)
w(73,4,5,23)
r(50,1,5,23)
w(365,4,5,23)
r(266,1,5,23)
r(26,5,5,23)
w(395,8,5,23)
w(185,4,5,23)
r(477,1,6,24)
r(388,1,6,24)
w(218,10,6,24)
r(320,1,6,24)
w(75,5,6,24)
w(168,3,6,24)
w(77,5,6,24)
w(128,2,6,24)
r(451,4,6,24)
r(43,5,6,24)
r(339,2,6,24)
r(265,1,6,24)
r(487,4,6,24)
w(374,3,6,24)
r(50,1,6,24)
w(357,4,6,24)
w(209,4,6,24)
w(259,3,6,24)
r(190,5,6,24)
r(529,5,6,24)
r(290,3,7,25)
r(55,1,7,25)
r(539,1,7,25)
r(283,2,7,25)
r(214,1,7,25)
r(472,1,7,25)
w(241,8,7,25)
w(273,8,7,25)
r(255,4,7,25)
r(376,1,7,25)
w(397,4,7,25)
r(378,1,7,25)
w(267,2,7,25)
r(108,1,7,25)
r(348,1,7,25)
r(238,1,7,25)
r(512,1,7,25)
w(475,6,7,25)
r(125,1,7,25)
r(357,1,7,25)
w(225,5,8,26)
r(215,2,8,26)
w(51,6,8,26)
r(256,1,8,26)
r(264,1,8,26)
r(492,1,8,26)
r(393,5,8,26)
w(250,6,8,26)
r(521,1,8,26)
w(101,10,8,26)
w(351,3,8,26)
w(431,8,8,26)
r(243,3,8,26)
w(308,4,8,26)
r(447,1,8,26)
w(296,8,8,26)
r(414,1,8,26)
r(79,3,8,26)
r(19,2,8,26)
w(24,5,8,26)
r(446,1,9,27)
w(37,11,9,27)
w(298,4,9,27)
w(525,12,9,27)
r(78,1,9,27)
r(448,1,9,27)
w(424,3,9,27)
w(213,4,9,27)
w(267,4,9,27)
w(102,4,9,27)
w(253,2,9,27)
w(403,7,9,27)
w(221,8,9,27)
r(401,1,9,27)
r(526,1,9,27)
w(199,3,9,27)
w(173,8,9,27)
r(288,1,9,27)
w(49,6,9,27)
r(383,1,9,27)
w(229,2,1,28)
w(369,2,1,28)
w(240,2,1,28)
r(528,4,1,28)
r(342,1,1,28)
w(114,2,1,28)
w(342,2,1,28)
w(22,2,1,28)
r(162,5,1,28)
w(349,2,1,28)
w(130,2,1,28)
w(420,2,1,28)
w(247,2,1,28)
w(249,2,1,28)
w(421,2,2,29)
w(30,3,2,29)
r(280,1,2,29)
r(453,1,2,29)
r(460,1,2,29)
w(367,5,2,29)
w(373,4,2,29)
w(200,5,2,29)
w(501,2,2,29)
r(92,5,2,29)
w(129,2,2,29)
r(102,4,2,29)
r(86,1,2,29)
r(277,3,2,29)
r(427,6,2,29)
r(398,1,2,29)
r(505,1,2,29)
r(494,1,2,29)
w(18,4,2,29)
w(289,4,2,29)
w(107,4,3,30)
w(285,5,3,30)
r(405,1,3,30)
r(450,1,3,30)
r(313,5,3,30)
w(99,3,3,30)
r(537,1,3,30)
r(452,4,3,30)
w(6,4,3,30)
r(352,1,3,30)
r(5,1,3,30)
r(507,2,3,30)
w(498,5,3,30)
r(24,5,3,30)
r(242,1,3,30)
r(315,4,3,30)
r(20,1,3,30)
r(137,1,3,30)
w(252,2,3,30)
r(520,7,3,30)
w(289,10,4,31)
r(318,1,4,31)
w(31,2,4,31)
r(350,1,4,31)
r(94,4,4,31)
w(103,3,4,31)
w(433,2,4,31)
r(62,1,4,31)
w(268,2,4,31)
w(425,3,4,31)
w(9,5,4,31)
r(78,1,4,31)
w(180,2,4,31)
w(35,5,4,31)
r(471,5,4,31)
r(268,2,4,31)
r(146,2,4,31)
r(147,12,4,31)
r(88,1,4,31)
r(177,8,4,31)
r(219,1,5,32)
r(302,1,5,32)
r(475,6,5,32)
w(32,4,5,32)
r(465,1,5,32)
w(101,5,5,32)
w(107,8,5,32)
w(471,5,5,32)
r(170,4,5,32)
r(209,1,5,32)
r(311,1,5,32)
r(5,1,5,32)
w(251,5,5,32)
r(26,5,5,32)
r(402,1,5,32)
r(297,1,5,32)
r(388,1,5,32)
w(60,5,5,32)
w(331,5,5,32)
r(464,1,5,32)
w(111,8,6,33)
w(19,4,6,33)
w(279,8,6,33)
r(284,4,6,33)
r(406,10,6,33)
r(363,1,6,33)
w(193,3,6,33)
r(204,5,6,33)
r(68,6,6,33)
r(463,1,6,33)
w(37,8,6,33)
w(105,3,6,33)
r(148,2,6,33)
w(217,8,6,33)
w(323,5,6,33)
w(160,5,6,33)
r(246,12,6,33)
r(390,5,6,33)
w(331,8,6,33)
w(477,3,6,33)
w(290,4,7,34)
w(226,2,7,34)
r(31,1,7,34)
w(294,8,7,34)
w(396,4,7,34)
r(224,1,7,34)
r(96,1,7,34)
w(338,8,7,34)
w(520,7,7,34)
w(14,3,7,34)
r(455,1,7,34)
w(101,6,7,34)
w(322,8,7,34)
r(505,1,7,34)
w(52,4,7,34)
r(367,6,7,34)
r(446,1,7,34)
r(239,1,7,34)
r(191,1,7,34)
r(456,3,7,34)
r(12,1,8,35)
w(495,8,8,35)
r(504,1,8,35)
w(154,3,8,35)
w(93,8,8,35)
w(201,3,8,35)
r(436,8,8,35)
w(68,6,8,35)
r(439,1,8,35)
w(161,4,8,35)
w(9,10,8,35)
r(145,3,8,35)
w(365,3,8,35)
r(378,3,8,35)
w(17,4,8,35)
w(251,4,8,35)
r(366,3,8,35)
r(461,1,8,35)
w(5,4,8,35)
w(250,10,8,35)
w(181,4,9,36)
r(399,1,9,36)
r(517,1,9,36)
r(153,1,9,36)
w(292,4,9,36)
r(488,4,9,36)
w(190,5,9,36)
w(53,8,9,36)
r(321,1,9,36)
w(159,3,9,36)
w(474,3,9,36)
r(262,2,9,36)
w(133,6,9,36)
w(289,12,9,36)
w(473,12,9,36)
r(398,1,9,36)
w(207,6,9,36)
w(299,7,9,36)
w(313,7,9,36)
w(252,4,9,36)
w(116,2,1,37)
r(517,1,1,37)
w(156,2,1,37)
w(254,2,1,37)
r(13,3,1,37)
r(96,1,1,37)
r(381,1,1,37)
w(116,5,1,37)
w(273,2,1,37)
w(477,2,1,37)
w(254,5,1,37)
r(16,5,1,37)
w(105,2,1,37)
r(389,5,1,37)
w(240,5,1,37)
w(34,2,1,37)
r(76,5,1,37)
w(459,2,1,37)
r(236,2,1,37)
r(123,4,1,37)
r(250,3,2,38)
w(165,5,2,38)
r(260,1,2,38)
w(313,5,2,38)
r(152,1,2,38)
w(248,2,2,38)
r(94,1,2,38)
r(238,1,2,38)
w(372,2,2,38)
r(427,7,2,38)
r(243,3,2,38)
r(535,1,2,38)
r(439,1,2,38)
w(345,2,2,38)
w(6,5,2,38)
r(339,2,2,38)
w(202,4,2,38)
w(465,2,2,38)
r(4,1,2,38)
r(66,1,2,38)
r(242,1,3,39)
w(450,5,3,39)
r(235,6,3,39)
r(309,2,3,39)
r(207,6,3,39)
w(149,2,3,39)
w(459,3,3,39)
r(525,12,3,39)
r(50,1,3,39)
w(220,4,3,39)
w(337,5,3,39)
w(12,2,3,39)
r(368,1,3,39)
w(50,2,3,39)
r(241,8,3,39)
r(121,2,3,39)
r(225,5,3,39)
r(414,1,3,39)
r(91,1,3,39)
r(14,6,3,39)
w(304,4,4,40)
w(203,5,4,40)
w(331,2,4,40)
w(469,5,4,40)
w(385,4,4,40)
r(447,1,4,40)
w(116,10,4,40)
w(496,5,4,40)
r(250,10,4,40)
r(397,3,4,40)
w(470,2,4,40)
r(330,5,4,40)
w(509,8,4,40)
w(326,4,4,40)
r(408,5,4,40)
w(478,2,4,40)
w(457,5,4,40)
w(130,8,4,40)
r(499,1,4,40)
r(262,2,4,40)
r(29,1,5,41)
w(335,5,5,41)
w(57,4,5,41)
r(353,1,5,41)
w(117,4,5,41)
w(162,4,5,41)
r(221,8,5,41)
w(312,2,5,41)
w(538,3,5,41)
w(530,8,5,41)
r(320,1,5,41)
w(94,4,5,41)
w(257,5,5,41)
r(478,1,5,41)
r(473,12,5,41)
w(107,6,5,41)
r(23,5,5,41)
r(355,3,5,41)
w(384,6,5,41)
r(155,1,5,41)
w(152,6,6,42)
w(349,6,6,42)
w(102,5,6,42)
w(114,3,6,42)
r(223,1,6,42)
r(235,6,6,42)
r(526,5,6,42)
w(259,8,6,42)
w(472,5,6,42)
w(462,3,6,42)
r(249,1,6,42)
r(259,8,6,42)
r(165,1,7,43)
w(123,4,7,43)
w(37,7,7,43)
r(290,4,7,43)
w(224,4,7,43)
w(288,3,7,43)
r(249,1,7,43)
w(442,3,7,43)
w(172,3,7,43)
w(441,8,7,43)
w(378,3,7,43)
w(288,8,7,43)
w(48,4,7,43)
w(348,4,7,43)
r(180,1,7,43)
r(379,1,7,43)
r(112,1,7,43)
r(249,1,7,43)
r(292,1,7,43)
w(391,6,7,43)
w(369,8,8,44)
r(251,4,8,44)
r(501,2,8,44)
r(183,1,8,44)
r(334,1,8,44)
w(364,8,8,44)
w(338,6,8,44)
r(322,8,8,44)
r(231,1,8,44)
r(424,3,8,44)
w(422,3,8,44)
r(472,1,8,44)
w(358,6,8,44)
w(303,3,8,44)
r(162,4,8,44)
r(382,4,8,44)
w(245,6,8,44)
r(379,2,8,44)
w(500,10,8,44)
r(230,4,8,44)
w(523,9,9,45)
w(324,4,9,45)
w(55,8,9,45)
w(160,4,9,45)
r(423,1,9,45)
r(456,3,9,45)
w(429,6,9,45)
w(284,4,9,45)
w(233,8,9,45)
w(427,7,9,45)
r(374,1,9,45)
w(315,4,9,45)
w(488,3,9,45)
w(147,12,9,45)
r(105,1,9,45)
w(380,9,9,45)
r(22,4,9,45)
w(206,3,9,45)
w(115,5,9,45)
r(240,7,9,45)
r(215,2,1,46)
r(245,6,1,46)
w(109,2,1,46)
r(90,1,1,46)
w(42,2,1,46)
w(80,2,1,46)
r(254,5,1,46)
r(281,1,1,46)
r(247,3,1,46)
w(313,2,1,46)
r(493,2,1,46)
r(60,5,1,46)
r(516,1,1,46)
r(260,1,1,46)
r(180,2,1,46)
r(520,7,1,46)
w(455,2,1,46)
r(3,1,1,46)
w(391,2,1,46)
w(390,2,1,46)
w(501,5,2,47)
r(390,4,2,47)
w(97,4,2,47)
w(378,5,2,47)
r(142,2,2,47)
r(42,1,2,47)
r(312,2,2,47)
w(55,2,2,47)
r(215,2,2,47)
r(344,1,2,47)
r(471,5,2,47)
w(380,5,2,47)
r(299,7,2,47)
w(323,2,2,47)
w(476,5,2,47)
r(442,3,2,47)
w(208,2,2,47)
w(454,2,2,47)
r(445,5,2,47)
w(493,2,2,47)
r(120,3,3,48)
r(236,2,3,48)
w(421,4,3,48)
w(92,2,3,48)
w(152,2,3,48)
w(250,2,3,48)
w(171,4,3,48)
w(228,3,3,48)
w(509,5,3,48)
r(435,2,3,48)
w(186,5,3,48)
w(7,3,4,49)
r(232,2,4,49)
r(216,3,4,49)
w(337,4,4,49)
w(296,4,4,49)
r(275,3,4,49)
w(62,2,4,49)
w(439,3,4,49)
w(266,5,4,49)
w(241,4,4,49)
r(80,2,4,49)
r(169,10,4,49)
r(59,4,4,49)
r(261,4,4,49)
w(68,4,4,49)
w(327,8,4,49)
r(66,2,4,49)
r(294,2,4,49)
w(485,5,4,49)
w(188,3,4,49)
w(35,4,5,50)
w(390,5,5,50)
r(141,5,5,50)
r(48,4,5,50)
r(399,1,5,50)
r(238,1,5,50)
w(136,5,5,50)
r(268,1,5,50)
w(322,4,5,50)
r(362,1,5,50)
w(16,5,5,50)
w(170,3,5,50)
w(513,4,5,50)
w(514,4,5,50)
r(379,2,5,50)
r(507,2,5,50)
r(459,6,5,50)
r(505,1,5,50)
r(303,3,5,50)
w(409,2,5,50)
w(120,3,6,51)
r(486,1,6,51)
w(78,5,6,51)
r(75,5,6,51)
w(470,4,6,51)
r(510,2,6,51)
r(104,4,6,51)
w(540,2,6,51)
w(325,8,6,51)
r(295,1,6,51)
w(197,4,6,51)
w(238,5,6,51)
r(321,1,6,51)
r(310,6,6,51)
r(61,1,6,51)
r(300,1,6,51)
r(262,2,6,51)
w(344,3,6,51)
r(158,2,6,51)
w(261,4,6,51)
r(168,1,7,52)
w(432,3,7,52)
r(5,1,7,52)
w(122,3,7,52)
w(49,3,7,52)
r(515,4,7,52)
w(538,10,7,52)
r(204,5,7,52)
r(224,4,7,52)
r(351,1,7,52)
w(197,3,7,52)
w(68,8,7,52)
w(9,8,7,52)
w(310,6,7,52)
w(459,6,7,52)
w(6,6,7,52)
w(373,7,7,52)
r(528,4,7,52)
r(110,1,7,52)
w(384,7,7,52)
r(52,4,8,53)
r(15,4,8,53)
w(361,4,8,53)
r(336,2,8,53)
w(397,3,8,53)
r(43,5,8,53)
r(62,5,8,53)
w(35,7,8,53)
r(440,1,8,53)
r(485,8,8,53)
r(508,1,8,53)
r(433,2,8,53)
r(336,2,8,53)
r(260,1,8,53)
w(492,5,8,53)
r(475,6,8,53)
r(98,1,8,53)
r(150,8,8,53)
w(482,4,8,53)
w(295,5,8,53)
r(57,5,9,54)
w(523,11,9,54)
w(232,6,9,54)
r(121,2,9,54)
w(246,12,9,54)
w(14,6,9,54)
w(167,4,9,54)
r(493,1,9,54)
w(184,10,9,54)
w(59,4,9,54)
w(302,12,9,54)
r(292,4,9,54)
w(526,5,9,54)
w(34,8,9,54)
w(172,8,9,54)
w(169,12,9,54)
r(363,1,9,54)
w(426,5,9,54)
r(470,1,9,54)
w(31,10,9,54)
w(440,2,1,55)
w(64,2,1,55)
w(18,2,1,55)
r(516,1,1,55)
r(430,1,1,55)
w(373,2,1,55)
w(384,2,1,55)
r(321,2,1,55)
w(536,2,1,55)
r(513,2,1,55)
r(271,1,1,55)
r(429,6,1,55)
r(11,1,1,55)
r(441,5,1,55)
r(482,4,1,55)
w(512,2,1,55)
r(455,2,1,55)
r(22,4,1,55)
w(515,2,1,55)
r(539,2,1,55)
w(93,2,2,56)
w(333,2,2,56)
r(86,5,2,56)
w(49,2,2,56)
r(492,1,2,56)
r(480,1,2,56)
r(523,11,2,56)
r(486,1,2,56)
r(38,1,2,56)
r(192,1,2,56)
r(347,1,2,56)
w(360,2,2,56)
r(184,10,2,56)
r(15,4,2,56)
r(120,5,2,56)
w(347,2,2,56)
w(518,2,2,56)
r(150,8,2,56)
w(183,2,2,56)
w(242,2,2,56)
w(94,2,3,57)
w(476,3,3,57)
w(395,2,3,57)
r(311,1,3,57)
r(64,2,3,57)
r(263,2,3,57)
w(518,4,3,57)
w(66,2,3,57)
r(369,10,3,57)
w(386,2,3,57)
r(100,5,3,57)
r(23,8,3,57)
r(36,4,3,57)
r(455,2,3,57)
r(95,3,3,57)
w(147,5,3,57)
r(137,4,3,57)
r(404,1,3,57)
r(469,5,3,57)
w(517,4,3,57)
r(480,1,4,58)
w(13,4,4,58)
w(539,4,4,58)
w(502,5,4,58)
r(341,3,4,58)
r(458,2,4,58)
r(270,3,4,58)
w(169,6,4,58)
r(96,2,4,58)
r(489,1,4,58)
r(282,1,4,58)
w(408,3,4,58)
w(56,2,4,58)
w(470,5,4,58)
w(422,5,4,58)
w(442,5,4,58)
w(338,4,4,58)
r(128,5,4,58)
w(165,3,4,58)
r(104,4,4,58)
w(23,8,5,59)
r(299,7,5,59)
r(348,3,5,59)
r(473,12,5,59)
w(521,5,5,59)
w(187,4,5,59)
w(5,5,5,59)
w(396,5,5,59)
r(175,1,5,59)
r(299,7,5,59)
w(527,5,5,59)
r(489,1,5,59)
w(177,5,5,59)
r(283,8,5,59)
r(433,2,5,59)
w(359,5,5,59)
r(259,3,5,59)
r(190,5,5,59)
w(297,5,5,59)
w(343,8,5,59)
w(465,3,6,60)
w(32,8,6,60)
w(120,8,6,60)
r(520,7,6,60)
w(395,6,6,60)
w(272,6,6,60)
w(77,4,6,60)
w(165,8,6,60)
r(529,5,6,60)
r(67,5,6,60)
w(39,10,6,60)
w(501,6,6,60)
r(299,10,6,60)
r(42,2,6,60)
r(481,1,6,60)
r(459,2,6,60)
w(471,3,6,60)
r(177,5,6,60)
r(224,4,6,60)
r(483,1,6,60)
w(283,8,7,61)
w(25,3,7,61)
r(443,1,7,61)
w(366,3,7,61)
w(358,8,7,61)
r(279,5,7,61)
r(84,1,7,61)
w(406,6,7,61)
r(63,1,7,61)
r(40,1,7,61)
r(157,1,7,61)
r(342,1,7,61)
w(219,6,7,61)
w(266,4,7,61)
w(297,3,7,61)
w(229,3,7,61)
w(332,3,7,61)
w(97,8,7,61)
w(77,3,7,61)
r(69,1,7,61)
w(68,10,8,62)
r(43,5,8,62)
w(334,5,8,62)
r(311,1,8,62)
r(151,10,8,62)
r(208,2,8,62)
w(202,8,8,62)
w(463,2,8,62)
r(155,2,8,62)
w(505,8,8,62)
r(346,1,8,62)
r(84,1,8,62)
r(19,4,8,62)
r(491,4,8,62)
r(7,2,8,62)
r(248,2,8,62)
r(135,1,8,62)
r(427,2,8,62)
w(137,4,8,62)
r(521,5,8,62)
r(5,4,9,63)
w(145,9,9,63)
r(406,6,9,63)
w(406,10,9,63)
r(270,3,9,63)
r(391,6,9,63)
r(428,4,9,63)
w(86,5,9,63)
r(163,1,9,63)
w(439,12,9,63)
r(259,4,9,63)
w(151,10,9,63)
w(177,3,9,63)
r(89,1,9,63)
r(315,4,9,63)
w(466,8,9,63)
r(135,1,9,63)
w(197,8,9,63)
r(4,1,9,63)
r(247,3,9,63)
r(482,4,1,64)
w(400,5,1,64)
r(540,2,1,64)
r(456,2,1,64)
r(341,8,1,64)
r(143,2,1,64)
w(380,2,1,64)
r(226,2,1,64)
r(186,2,1,64)
r(426,5,1,64)
r(224,4,1,64)
r(3,1,1,64)
r(341,8,1,64)
w(88,2,1,64)
w(294,2,1,64)
r(125,1,1,64)
r(156,2,1,64)
w(319,5,1,64)
r(441,5,1,64)
w(232,2,1,64)
r(107,6,2,65)
r(394,1,2,65)
w(163,2,2,65)
r(396,2,2,65)
w(213,2,2,65)
w(427,2,2,65)
w(376,4,2,65)
r(134,1,2,65)
w(320,5,2,65)
w(344,2,2,65)
w(112,2,2,65)
r(152,1,2,65)
w(491,4,2,65)
r(211,1,2,65)
r(126,1,2,65)
r(534,1,2,65)
w(402,4,2,65)
r(476,5,2,65)
w(80,3,2,65)
r(362,1,2,65)
r(411,2,3,66)
w(277,8,3,66)
w(327,5,3,66)
r(251,4,3,66)
r(364,8,3,66)
r(361,4,3,66)
w(59,5,3,66)
w(412,5,3,66)
r(458,2,3,66)
r(270,3,3,66)
r(99,3,3,66)
w(235,5,3,66)
r(312,5,3,66)
w(259,2,3,66)
w(25,5,3,66)
r(83,1,3,66)
w(208,5,3,66)
w(96,2,3,66)
w(495,2,3,66)
r(496,2,3,66)
w(76,3,4,67)
w(54,5,4,67)
r(510,3,4,67)
w(383,2,4,67)
w(235,3,4,67)
w(33,3,4,67)
r(160,5,4,67)
w(384,3,4,67)
w(501,8,4,67)
w(177,2,4,67)
w(132,5,4,67)
w(505,4,4,67)
r(305,5,4,67)
w(414,5,4,67)
w(152,4,4,67)
w(96,4,4,67)
w(483,2,4,67)
r(342,1,4,67)
r(440,6,4,67)
w(153,2,4,67)
r(243,3,5,68)
w(312,5,5,68)
r(21,4,5,68)
r(270,3,5,68)
w(45,3,5,68)
r(351,4,5,68)
r(161,4,5,68)
r(410,1,5,68)
r(104,4,5,68)
w(538,8,5,68)
w(275,5,5,68)
w(532,5,5,68)
w(32,3,5,68)
r(176,1,5,68)
r(436,8,5,68)
w(334,2,5,68)
r(436,8,5,68)
r(503,1,5,68)
w(258,3,5,68)
w(358,4,5,68)
r(55,2,6,69)
w(329,2,6,69)
r(296,3,6,69)
w(313,4,6,69)
r(93,2,6,69)
w(157,2,6,69)
w(315,5,6,69)
r(328,1,6,69)
r(82,1,6,69)
r(170,3,6,69)
w(374,8,6,69)
r(199,2,6,69)
r(400,6,6,69)
r(261,4,6,69)
r(218,10,6,69)
w(202,3,6,69)
w(56,4,6,69)
w(164,3,6,69)
w(373,10,6,69)
w(302,10,6,69)
r(159,3,7,70)
r(440,1,7,70)
w(528,5,7,70)
r(284,4,7,70)
r(440,1,7,70)
r(345,2,7,70)
r(391,6,7,70)
r(316,1,7,70)
r(343,4,7,70)
r(54,8,7,70)
w(418,4,7,70)
r(309,2,7,70)
r(176,1,7,70)
r(161,4,7,70)
r(60,5,7,70)
w(449,3,7,70)
r(506,2,7,70)
w(216,6,7,70)
w(403,8,7,70)
w(348,3,7,70)
w(106,8,8,71)
r(82,1,8,71)
w(161,3,8,71)
r(260,1,8,71)
w(178,8,8,71)
w(198,3,8,71)
r(178,8,8,71)
w(504,4,8,71)
w(445,3,8,71)
w(267,5,8,71)
w(275,3,8,71)
r(224,4,8,71)
r(276,5,8,71)
w(531,4,8,71)
w(297,8,8,71)
w(397,8,8,71)
w(134,4,8,71)
r(505,8,8,71)
r(484,2,8,71)
w(320,7,8,71)
w(358,10,9,72)
w(279,6,9,72)
w(374,10,9,72)
r(391,6,9,72)
r(72,1,9,72)
w(498,10,9,72)
r(376,2,9,72)
w(105,8,9,72)
r(489,1,9,72)
w(307,10,9,72)
r(307,10,9,72)
w(372,8,9,72)
w(540,5,9,72)
w(174,10,9,72)
r(450,5,9,72)
w(121,4,9,72)
w(39,9,9,72)
r(486,1,9,72)
w(177,8,9,72)
r(157,1,9,72)
w(271,2,1,73)
r(78,5,1,73)
r(367,5,1,73)
w(449,2,1,73)
w(188,2,1,73)
w(44,5,1,73)
r(334,2,1,73)
r(287,8,1,73)
r(410,1,1,73)
w(289,5,1,73)
r(108,1,1,73)
r(438,5,1,73)
w(458,2,1,73)
r(26,2,1,73)
w(24,2,1,73)
w(3,2,1,73)
r(311,1,1,73)
w(237,2,1,73)
w(159,2,1,73)
r(332,3,1,73)
r(374,10,2,74)
r(422,3,2,74)
r(355,3,2,74)
w(354,2,2,74)
r(434,6,2,74)
w(322,2,2,74)
w(403,4,2,74)
r(171,2,2,74)
w(25,2,2,74)
r(452,4,2,74)
w(484,2,2,74)
w(189,4,2,74)
w(321,2,2,74)
w(52,2,2,74)
w(363,2,2,74)
w(513,2,2,74)
r(6,4,2,74)
w(486,5,2,74)
w(124,2,2,74)
r(183,8,2,74)
w(517,3,3,75)
w(423,2,3,75)
w(192,4,3,75)
w(165,4,3,75)
w(344,5,3,75)
w(70,2,3,75)
r(455,8,3,75)
w(398,5,3,75)
r(28,2,3,75)
w(97,3,3,75)
r(456,2,3,75)
r(173,8,3,75)
w(465,5,3,75)
r(26,4,3,75)
r(179,2,3,75)
r(484,2,3,75)
w(90,5,3,75)
r(1,1,3,75)
w(218,8,3,75)
r(280,4,3,75)
w(79,4,4,76)
r(81,8,4,76)
w(511,5,4,76)
r(282,1,4,76)
w(207,5,4,76)
w(302,4,4,76)
w(246,6,4,76)
r(315,5,4,76)
w(295,2,4,76)
r(198,3,4,76)
r(419,1,4,76)
r(325,4,4,76)
r(361,4,4,76)
r(421,5,4,76)
r(96,4,4,76)
r(176,1,4,76)
w(441,4,4,76)
r(454,5,4,76)
w(107,3,4,76)
w(436,12,4,76)
r(124,2,5,77)
r(491,4,5,77)
w(190,2,5,77)
w(430,4,5,77)
w(152,3,5,77)
w(510,4,5,77)
r(75,5,5,77)
r(273,2,5,77)
w(347,4,5,77)
w(217,3,5,77)
r(525,12,5,77)
r(48,3,5,77)
w(258,8,5,77)
w(524,8,5,77)
w(150,4,5,77)
r(300,1,5,77)
w(169,10,5,77)
w(317,6,5,77)
w(216,3,5,77)
w(31,4,5,77)
r(424,2,6,78)
w(67,2,6,78)
r(513,2,6,78)
r(347,4,6,78)
r(254,5,6,78)
w(464,5,6,78)
r(54,6,6,78)
w(145,6,6,78)
w(129,5,6,78)
w(510,3,6,78)
r(173,8,6,78)
r(129,5,6,78)
w(128,5,6,78)
w(208,3,6,78)
w(233,5,6,78)
r(41,3,6,78)
w(146,4,6,78)
r(25,2,6,78)
w(311,2,6,78)
r(264,1,6,78)
r(338,6,7,79)
w(317,10,7,79)
r(181,4,7,79)
r(192,1,7,79)
r(153,1,7,79)
r(172,8,7,79)
r(414,1,7,79)
w(349,7,7,79)
r(142,2,7,79)
r(177,3,7,79)
r(317,10,7,79)
w(512,3,7,79)
w(298,2,7,79)
r(255,4,7,79)
r(209,4,7,79)
w(296,3,7,79)
w(313,8,7,79)
w(286,5,7,79)
w(189,6,7,79)
r(120,5,7,79)
r(353,1,8,80)
w(498,8,8,80)
w(308,3,8,80)
w(161,8,8,80)
w(432,8,8,80)
r(214,1,8,80)
w(227,10,8,80)
r(209,4,8,80)
r(205,5,8,80)
w(539,6,8,80)
w(58,8,8,80)
w(319,10,8,80)
r(432,8,8,80)
w(21,3,8,80)
w(222,5,8,80)
r(230,4,8,80)
w(125,5,8,80)
r(186,2,8,80)
r(509,8,8,80)
r(504,2,8,80)
r(280,1,9,81)
w(64,10,9,81)
r(528,5,9,81)
w(471,6,9,81)
r(341,8,9,81)
r(296,3,9,81)
w(272,12,9,81)
r(155,1,9,81)
w(389,5,9,81)
r(223,1,9,81)
r(281,1,9,81)
r(294,8,9,81)
r(197,8,9,81)
w(487,8,9,81)
r(202,4,9,81)
w(369,10,9,81)
r(9,5,9,81)
w(168,8,9,81)
w(258,12,9,81)
r(453,1,9,81)
r(108,1,1,82)
r(376,3,1,82)
r(193,3,1,82)
r(46,1,1,82)
w(343,2,1,82)
r(402,4,1,82)
r(238,5,1,82)
r(489,2,1,82)
r(292,4,1,82)
w(477,5,1,82)
r(337,4,1,82)
r(9,2,1,82)
w(164,2,1,82)
w(297,2,1,82)
w(184,2,1,82)
r(184,2,1,82)
r(17,3,1,82)
r(379,5,1,82)
r(28,2,1,82)
r(46,1,1,82)
w(428,5,2,83)
r(246,12,2,83)
w(424,2,2,83)
r(513,2,2,83)
r(517,1,2,83)
r(378,5,2,83)
r(443,1,2,83)
r(70,1,2,83)
w(408,5,2,83)
r(290,4,2,83)
w(122,2,2,83)
w(34,5,2,83)
r(337,5,2,83)
r(155,1,2,83)
r(324,4,2,83)
w(29,2,2,83)
r(83,1,2,83)
r(326,1,2,83)
w(168,5,2,83)
w(473,2,2,83)
r(222,5,3,84)
r(162,4,3,84)
r(185,6,3,84)
r(143,2,3,84)
w(440,5,3,84)
r(122,2,3,84)
r(505,10,3,84)
r(456,2,3,84)
r(370,4,3,84)
r(441,4,3,84)
w(201,2,3,84)
r(478,5,3,84)
r(416,4,3,84)
w(296,5,3,84)
w(244,2,3,84)
w(254,8,3,84)
w(264,5,3,84)
r(352,8,3,84)
r(185,6,3,84)
r(284,4,3,84)
r(202,3,4,85)
w(98,3,4,85)
r(383,8,4,85)
w(216,5,4,85)
w(27,2,4,85)
w(101,2,4,85)
r(236,5,4,85)
w(227,4,4,85)
r(136,5,4,85)
w(282,5,4,85)
r(293,5,4,85)
r(252,2,4,85)
w(385,3,4,85)
w(224,2,4,85)
w(74,4,4,85)
r(111,8,4,85)
w(112,3,4,85)
r(316,8,4,85)
r(403,10,4,85)
r(457,5,4,85)
r(111,8,5,86)
w(372,5,5,86)
r(263,2,5,86)
w(220,8,5,86)
w(455,8,5,86)
w(341,3,5,86)
r(501,6,5,86)
r(485,8,5,86)
r(162,4,5,86)
r(530,8,5,86)
r(214,1,5,86)
w(87,5,5,86)
w(431,3,5,86)
r(208,2,5,86)
r(515,2,5,86)
r(238,5,5,86)
w(182,5,5,86)
w(324,5,5,86)
w(449,4,5,86)
r(272,6,5,86)
w(11,5,6,87)
w(159,4,6,87)
w(283,3,6,87)
r(497,1,6,87)
r(156,2,6,87)
w(313,3,6,87)
r(116,10,6,87)
w(250,8,6,87)
r(177,5,6,87)
w(37,6,6,87)
r(434,2,6,87)
w(232,3,6,87)
r(356,1,6,87)
w(329,5,6,87)
r(138,2,6,87)
w(360,3,6,87)
r(352,1,6,87)
r(225,5,6,87)
w(326,10,6,87)
w(151,8,6,87)
w(62,5,7,88)
r(216,6,7,88)
w(458,8,7,88)
r(371,2,7,88)
w(182,8,7,88)
w(183,8,7,88)
w(351,4,7,88)
w(37,12,7,88)
w(14,8,7,88)
r(127,1,7,88)
r(438,5,7,88)
r(204,5,7,88)
r(289,10,7,88)
w(141,6,7,88)
r(202,4,7,88)
w(67,5,7,88)
r(141,6,7,88)
w(25,8,7,88)
w(349,12,7,88)
w(185,6,7,88)
r(79,3,8,89)
r(36,4,8,89)
r(207,6,8,89)
r(20,1,8,89)
r(250,10,8,89)
w(130,10,8,89)
w(525,10,8,89)
w(194,4,8,89)
r(132,8,8,89)
r(195,1,8,89)
r(327,5,8,89)
r(381,1,8,89)
w(314,6,8,89)
r(252,2,8,89)
w(22,3,8,89)
r(215,2,8,89)
w(244,6,8,89)
w(346,3,8,89)
w(119,2,8,89)
w(17,3,8,89)
w(182,6,9,90)
r(517,1,9,90)
r(404,1,9,90)
w(531,6,9,90)
w(178,6,9,90)
r(507,2,9,90)
w(415,3,9,90)
r(505,1,9,90)
w(142,8,9,90)
w(44,8,9,90)
w(132,8,9,90)
r(366,3,9,90)
r(440,1,9,90)
r(297,5,9,90)
w(54,6,9,90)
r(188,1,9,90)
w(8,8,9,90)
r(239,2,9,90)
w(81,8,9,90)
r(323,5,9,90)
w(150,2,1,91)
w(196,2,1,91)
w(431,2,1,91)
r(314,6,1,91)
w(317,2,1,91)
w(247,5,1,91)
w(196,5,1,91)
r(425,3,1,91)
r(227,4,1,91)
r(35,8,1,91)
w(512,5,1,91)
r(451,3,1,91)
w(227,2,1,91)
r(288,8,1,91)
r(154,3,1,91)
w(165,2,1,91)
r(386,3,1,91)
w(99,2,1,91)
w(338,2,1,91)
r(131,3,1,91)
w(451,5,2,92)
w(522,2,2,92)
r(497,1,2,92)
w(434,2,2,92)
w(325,4,2,92)
w(517,5,2,92)
w(276,2,2,92)
w(7,2,2,92)
r(244,1,2,92)
w(278,2,2,92)
w(387,2,2,92)
r(237,1,2,92)
w(263,2,2,92)
w(155,2,2,92)
r(211,1,2,92)
r(444,4,2,92)
w(107,5,2,92)
r(487,8,2,92)
r(336,2,2,92)
r(256,1,2,92)
w(516,5,3,93)
r(443,1,3,93)
w(6,3,3,93)
w(96,5,3,93)
w(270,2,3,93)
r(401,5,3,93)
r(221,5,3,93)
r(71,4,3,93)
w(407,2,3,93)
r(239,2,3,93)
w(38,4,3,93)
w(299,3,3,93)
r(155,3,3,93)
r(70,2,3,93)
w(459,8,3,93)
w(522,4,3,93)
r(187,6,3,93)
r(84,4,3,93)
w(127,5,3,93)
w(358,2,3,93)
w(274,3,4,94)
r(425,3,4,94)
r(51,6,4,94)
w(39,6,4,94)
w(94,5,4,94)
w(8,5,4,94)
r(412,5,4,94)
w(424,4,4,94)
w(18,8,4,94)
r(180,2,4,94)
r(352,1,4,94)
r(308,3,4,94)
w(300,4,4,94)
w(98,8,4,94)
w(183,5,4,94)
r(480,1,4,94)
r(200,3,4,94)
w(388,5,4,94)
w(307,4,4,94)
w(421,3,4,94)
w(26,4,5,95)
r(304,4,5,95)
w(166,5,5,95)
w(126,2,5,95)
w(88,4,5,95)
w(520,3,5,95)
w(473,3,5,95)
w(440,6,5,95)
r(263,2,5,95)
w(490,3,5,95)
w(494,5,5,95)
r(320,7,5,95)
r(298,2,5,95)
r(9,5,5,95)
w(462,4,5,95)
r(42,2,5,95)
w(16,4,5,95)
w(520,8,5,95)
r(15,4,5,95)
r(190,2,5,95)
w(489,4,6,96)
w(175,5,6,96)
w(348,5,6,96)
w(84,4,6,96)
w(509,6,6,96)
r(99,3,6,96)
w(444,5,6,96)
w(244,4,6,96)
w(101,4,6,96)
w(294,3,6,96)
w(189,8,6,96)
w(230,5,6,96)
w(434,3,6,96)
w(466,4,6,96)
w(14,4,6,96)
r(391,4,6,96)
r(526,5,6,96)
r(162,4,6,96)
w(297,4,6,96)
r(98,1,6,96)
w(515,3,7,97)
r(285,5,7,97)
r(170,3,7,97)
w(299,10,7,97)
r(21,1,7,97)
w(113,8,7,97)
w(227,3,7,97)
r(250,10,7,97)
w(21,4,7,97)
w(407,3,7,97)
w(233,3,7,97)
r(270,3,7,97)
w(120,6,7,97)
r(8,8,7,97)
r(280,1,7,97)
w(283,6,7,97)
r(467,1,7,97)
w(69,3,7,97)
r(394,1,7,97)
r(228,5,7,97)
w(219,10,8,98)
r(112,8,8,98)
w(471,8,8,98)
r(367,5,8,98)
w(30,10,8,98)
r(530,8,8,98)
r(103,3,8,98)
r(470,5,8,98)
w(439,10,8,98)
r(406,10,8,98)
r(211,1,8,98)
w(319,7,8,98)
r(284,4,8,98)
r(512,2,8,98)
w(146,8,8,98)
r(403,6,8,98)
w(401,3,8,98)
r(68,2,8,98)
r(282,1,8,98)
r(318,1,8,98)
w(472,4,9,99)
r(225,5,9,99)
r(413,2,9,99)
w(47,8,9,99)
w(383,8,9,99)
r(8,8,9,99)
w(382,6,9,99)
r(159,4,9,99)
w(270,8,9,99)
w(212,6,9,99)
w(76,6,9,99)
r(235,3,9,99)
w(309,10,9,99)
r(195,1,9,99)
r(1,1,9,99)
r(230,4,9,99)
w(483,4,9,99)
w(481,4,9,99)
r(401,3,9,99)
w(196,10,9,99)
r(510,3,1,100)
w(145,2,1,100)
w(451,2,1,100)
r(273,2,1,100)
w(359,2,1,100)
r(44,5,1,100)
w(505,2,1,100)
w(217,2,1,100)
w(336,5,1,100)
w(130,5,1,100)
r(518,4,1,100)
r(383,8,1,100)
w(325,5,1,100)
w(85,2,1,100)
r(82,5,1,100)
w(21,2,1,100)
w(458,5,1,100)
r(267,3,1,100)
w(58,2,1,100)
w(402,2,1,100)
r(189,4,2,101)
r(328,1,2,101)
r(374,10,2,101)
r(109,2,2,101)
w(454,5,2,101)
w(529,2,2,101)
r(2,5,2,101)
w(142,5,2,101)
w(28,2,2,101)
r(96,1,2,101)
r(514,4,2,101)
r(183,8,2,101)
r(327,2,2,101)
w(276,5,2,101)
r(88,1,2,101)
w(516,2,2,101)
r(492,5,2,101)
r(489,1,2,101)
w(316,2,2,101)
r(177,5,2,101)
w(351,2,3,102)
r(115,5,3,102)
w(289,8,3,102)
w(401,4,3,102)
r(473,10,3,102)
r(123,5,3,102)
r(480,2,3,102)
r(538,8,3,102)
w(440,4,3,102)
w(60,2,3,102)
w(181,2,3,102)
r(161,8,3,102)
r(441,4,3,102)
w(150,5,3,102)
w(250,5,3,102)
r(526,5,3,102)
w(439,5,3,102)
r(76,4,3,102)
r(347,4,3,102)
w(258,4,3,102)
w(110,5,4,103)
w(255,2,4,103)
r(498,8,4,103)
w(437,5,4,103)
w(341,5,4,103)
r(446,5,4,103)
w(539,3,4,103)
w(38,3,4,103)
r(159,4,4,103)
w(69,4,4,103)
w(398,4,4,103)
r(488,8,4,103)
r(256,1,4,103)
w(452,5,4,103)
r(270,8,4,103)
r(473,10,4,103)
r(381,1,4,103)
r(167,4,4,103)
r(139,1,4,103)
w(133,3,4,103)
w(123,5,5,104)
r(14,8,5,104)
r(204,5,5,104)
w(391,5,5,104)
w(93,5,5,104)
r(504,2,5,104)
w(255,5,5,104)
w(533,2,5,104)
w(303,5,5,104)
r(168,5,5,104)
w(8,4,5,104)
w(94,3,5,104)
r(404,1,5,104)
w(269,2,5,104)
w(170,6,5,104)
w(413,8,5,104)
w(391,4,5,104)
w(271,6,5,104)
r(319,7,5,104)
r(77,4,5,104)
w(369,3,6,105)
w(148,4,6,105)
w(453,3,6,105)
w(198,4,6,105)
w(74,8,6,105)
r(178,5,6,105)
w(211,10,6,105)
r(502,5,6,105)
w(446,5,6,105)
w(485,3,6,105)
r(337,4,6,105)
r(370,4,6,105)
w(4,4,6,105)
w(434,8,6,105)
w(43,4,6,105)
r(296,4,6,105)
w(18,6,6,105)
r(489,4,6,105)
r(351,4,6,105)
r(407,3,6,105)
w(106,4,7,106)
w(244,3,7,106)
w(67,4,7,106)
w(242,8,7,106)
w(494,4,7,106)
r(500,10,7,106)
r(534,1,7,106)
w(48,3,7,106)
w(97,6,7,106)
r(239,2,7,106)
w(248,3,7,106)
r(1,1,7,106)
w(477,6,7,106)
r(243,3,7,106)
w(123,3,7,106)
w(71,4,7,106)
r(195,1,7,106)
w(36,4,7,106)
r(90,1,7,106)
w(227,8,7,106)
w(277,6,8,107)
w(418,10,8,107)
w(432,6,8,107)
r(24,2,8,107)
w(237,8,8,107)
r(303,2,8,107)
r(5,5,8,107)
w(497,3,8,107)
w(387,4,8,107)
r(284,4,8,107)
w(447,4,8,107)
w(38,6,8,107)
r(439,10,8,107)
w(531,3,8,107)
w(244,10,8,107)
r(150,2,8,107)
w(77,8,8,107)
w(218,12,8,107)
w(48,8,8,107)
w(478,3,8,107)
w(499,2,9,108)
r(372,5,9,108)
w(72,8,9,108)
r(325,4,9,108)
w(234,3,9,108)
r(342,1,9,108)
r(140,2,9,108)
w(488,8,9,108)
w(22,6,9,108)
r(26,4,9,108)
r(240,5,9,108)
r(219,10,9,108)
w(429,10,9,108)
w(246,9,9,108)
w(254,12,9,108)
r(107,3,9,108)
w(475,10,9,108)
r(54,5,9,108)
r(210,2,9,108)
w(536,8,9,108)
w(46,2,1,109)
w(99,5,1,109)
w(240,4,1,109)
w(42,5,1,109)
r(9,4,1,109)
w(169,2,1,109)
w(425,2,1,109)
w(107,2,1,109)
w(530,2,1,109)
w(202,2,1,109)
r(283,4,1,109)
w(184,5,1,109)
w(11,2,1,109)
w(61,5,1,109)
w(258,2,1,109)
r(291,1,1,109)
r(58,5,1,109)
r(394,2,1,109)
w(113,2,1,109)
r(361,2,1,109)
w(459,5,2,110)
w(63,2,2,110)
w(117,5,2,110)
w(462,2,2,110)
w(504,2,2,110)
w(178,5,2,110)
r(445,3,2,110)
r(20,1,2,110)
r(328,1,2,110)
w(243,5,2,110)
w(447,2,2,110)
r(85,1,2,110)
w(496,2,2,110)
r(403,4,2,110)
w(218,5,2,110)
r(146,2,2,110)
r(90,1,2,110)
r(251,4,2,110)
r(174,10,2,110)
r(41,3,2,110)
r(261,4,3,111)
w(257,2,3,111)
r(146,8,3,111)
w(220,3,3,111)
w(300,2,3,111)
r(130,5,3,111)
w(358,5,3,111)
r(112,5,3,111)
w(166,2,3,111)
w(32,5,3,111)
r(149,2,3,111)
r(224,2,3,111)
r(162,8,3,111)
w(325,3,3,111)
w(214,2,3,111)
r(328,1,3,111)
r(410,5,3,111)
w(355,5,3,111)
w(238,2,3,111)
w(502,2,3,111)
r(315,5,4,112)
r(157,2,4,112)
r(112,3,4,112)
r(222,5,4,112)
w(116,7,4,112)
w(30,8,4,112)
w(125,2,4,112)
w(429,4,4,112)
w(303,2,4,112)
r(129,5,4,112)
r(183,5,4,112)
w(388,4,4,112)
r(266,2,4,112)
w(252,5,4,112)
w(527,2,4,112)
w(31,5,4,112)
r(289,5,4,112)
w(241,3,4,112)
r(181,4,4,112)
r(194,4,4,112)
r(153,2,5,113)
r(268,2,5,113)
r(505,4,5,113)
r(181,4,5,113)
r(128,5,5,113)
w(179,5,5,113)
w(94,8,5,113)
r(65,5,5,113)
w(94,6,5,113)
r(416,4,5,113)
w(358,3,5,113)
r(405,1,5,113)
w(283,4,5,113)
w(64,3,5,113)
w(183,4,5,113)
w(391,3,5,113)
w(14,5,5,113)
w(211,3,5,113)
w(156,5,5,113)
w(150,3,5,113)
w(37,10,6,114)
r(498,8,6,114)
w(478,5,6,114)
w(391,8,6,114)
w(523,3,6,114)
r(399,1,6,114)
w(170,10,6,114)
r(462,4,6,114)
w(41,8,6,114)
w(237,3,6,114)
w(354,5,6,114)
r(18,8,6,114)
r(202,3,6,114)
r(24,2,6,114)
r(455,8,6,114)
w(47,4,6,114)
r(24,2,6,114)
w(141,3,6,114)
r(425,3,6,114)
w(170,7,6,114)
r(533,1,7,115)
r(306,1,7,115)
w(523,8,7,115)
w(178,3,7,115)
w(479,3,7,115)
w(285,3,7,115)
r(38,1,7,115)
r(515,2,7,115)
w(305,5,7,115)
r(263,2,7,115)
w(469,8,7,115)
r(521,5,7,115)
r(159,3,7,115)
r(14,8,7,115)
r(256,1,7,115)
w(329,3,7,115)
r(482,4,7,115)
w(280,4,7,115)
w(200,3,7,115)
r(139,1,7,115)
w(525,7,8,116)
r(1,5,8,116)
w(118,5,8,116)
w(479,8,8,116)
w(157,5,8,116)
r(31,8,8,116)
w(206,4,8,116)
w(371,4,8,116)
w(156,4,8,116)
w(205,3,8,116)
w(254,7,8,116)
r(462,5,8,116)
w(110,3,8,116)
r(167,5,8,116)
r(400,10,8,116)
w(4,8,8,116)
w(154,8,8,116)
r(140,2,8,116)
r(419,1,8,116)
w(469,6,8,116)
w(410,8,9,117)
w(332,8,9,117)
w(133,10,9,117)
r(120,8,9,117)
w(505,10,9,117)
r(325,4,9,117)
r(395,2,9,117)
w(306,3,9,117)
w(535,4,9,117)
r(108,1,9,117)
r(416,4,9,117)
r(103,3,9,117)
w(207,10,9,117)
w(247,10,9,117)
r(42,2,9,117)
w(304,6,9,117)
r(142,5,9,117)
w(249,6,9,117)
w(435,5,9,117)
r(534,1,9,117)
w(314,2,1,118)
r(180,4,1,118)
w(302,2,1,118)
r(246,9,1,118)
w(531,2,1,118)
r(495,4,1,118)
w(367,2,1,118)
r(395,2,1,118)
r(147,5,1,118)
w(517,2,1,118)
r(159,5,1,118)
w(99,4,1,118)
r(175,4,1,118)
r(24,2,1,118)
r(371,4,1,118)
r(386,3,1,118)
r(421,3,1,118)
r(365,5,1,118)
r(167,5,1,118)
r(330,8,1,118)
r(307,10,2,119)
w(237,5,2,119)
r(142,5,2,119)
w(519,2,2,119)
r(272,6,2,119)
w(169,5,2,119)
w(525,2,2,119)
r(155,2,2,119)
r(49,2,2,119)
r(82,1,2,119)
r(257,5,2,119)
w(357,2,2,119)
w(420,5,2,119)
w(266,2,2,119)
w(140,2,2,119)
r(538,8,2,119)
w(285,2,2,119)
w(84,2,2,119)
r(464,5,2,119)
r(66,2,2,119)
r(112,5,3,120)
r(18,8,3,120)
w(86,2,3,120)
r(295,2,3,120)
r(407,2,3,120)
w(523,2,3,120)
r(363,2,3,120)
w(378,4,3,120)
w(374,5,3,120)
r(519,3,3,120)
r(386,3,3,120)
r(226,5,3,120)
r(134,5,3,120)
r(504,2,3,120)
r(352,3,3,120)
w(335,2,3,120)
w(17,2,3,120)
r(353,5,3,120)
r(534,1,3,120)
r(338,3,3,120)
w(120,4,4,121)
w(271,8,4,121)
r(482,2,4,121)
w(167,5,4,121)
w(514,5,4,121)
w(416,5,4,121)
r(369,7,4,121)
r(350,1,4,121)
w(245,4,4,121)
w(72,5,4,121)
r(277,5,4,121)
w(468,4,4,121)
w(483,5,4,121)
r(135,2,4,121)
r(218,12,4,121)
r(108,1,4,121)
r(348,5,4,121)
r(143,4,4,121)
r(387,4,4,121)
r(510,3,4,121)
r(207,10,5,122)
r(118,1,5,122)
w(182,4,5,122)
w(327,6,5,122)
r(419,1,5,122)
r(197,4,5,122)
w(155,3,5,122)
r(115,5,5,122)
r(205,5,5,122)
w(484,4,5,122)
r(457,5,5,122)
w(471,4,5,122)
w(196,8,5,122)
w(171,10,5,122)
r(116,10,5,122)
r(15,4,5,122)
w(221,5,5,122)
w(41,4,5,122)
w(382,3,5,122)
r(360,5,5,122)
w(139,3,6,123)
r(23,4,6,123)
w(83,5,6,123)
w(211,7,6,123)
w(307,3,6,123)
w(135,5,6,123)
r(68,2,6,123)
r(402,4,6,123)
r(152,4,6,123)
w(525,3,6,123)
w(451,3,6,123)
w(65,2,6,123)
r(70,2,6,123)
r(14,5,6,123)
r(193,3,6,123)
r(185,6,6,123)
w(220,10,6,123)
r(539,3,6,123)
r(54,5,6,123)
w(320,10,6,123)
r(75,5,7,124)
r(380,2,7,124)
w(60,4,7,124)
r(222,5,7,124)
w(380,10,7,124)
r(353,1,7,124)
w(448,4,7,124)
r(6,4,7,124)
w(416,4,7,124)
r(31,4,7,124)
w(35,8,7,124)
w(58,3,7,124)
w(418,3,7,124)
w(174,8,7,124)
r(346,1,7,124)
r(262,2,7,124)
r(297,8,7,124)
w(272,10,7,124)
w(403,6,7,124)
r(234,1,7,124)
w(287,3,8,125)
w(455,10,8,125)
w(275,8,8,125)
r(200,3,8,125)
w(272,7,8,125)
w(392,2,8,125)
r(405,1,8,125)
w(104,3,8,125)
r(192,2,8,125)
w(467,8,8,125)
r(515,2,8,125)
w(225,4,8,125)
r(189,8,8,125)
w(368,5,8,125)
w(118,4,8,125)
w(236,4,8,125)
r(349,9,8,125)
w(492,4,8,125)
r(55,6,8,125)
w(142,3,8,125)
r(190,2,9,126)
w(329,6,9,126)
r(412,5,9,126)
w(379,5,9,126)
w(188,8,9,126)
w(105,6,9,126)
w(58,6,9,126)
w(323,4,9,126)
w(294,6,9,126)
r(250,8,9,126)
w(516,4,9,126)
w(42,3,9,126)
w(56,3,9,126)
w(263,5,9,126)
r(150,3,9,126)
w(267,3,9,126)
w(382,10,9,126)
w(244,7,9,126)
w(145,11,9,126)
w(519,4,9,126)
r(474,5,1,127)
w(38,5,1,127)
w(168,2,1,127)
r(537,1,1,127)
r(466,10,1,127)
w(207,2,1,127)
r(339,2,1,127)
r(40,1,1,127)
r(525,7,1,127)
w(406,5,1,127)
w(371,5,1,127)
r(50,2,1,127)
w(32,2,1,127)
w(402,5,1,127)
r(191,1,1,127)
r(81,5,1,127)
r(100,4,1,127)
w(18,5,1,127)
r(134,5,1,127)
w(481,2,1,127)
w(467,2,2,128)
r(279,8,2,128)
r(536,2,2,128)
w(467,5,2,128)
w(271,5,2,128)
r(533,1,2,128)
w(236,5,2,128)
r(312,5,2,128)
r(248,3,2,128)
r(28,2,2,128)
w(468,2,2,128)
w(272,5,2,128)
w(39,5,2,128)
w(264,2,2,128)
r(529,2,2,128)
w(281,2,2,128)
w(68,2,2,128)
w(219,2,2,128)
w(144,2,2,128)
w(421,5,2,128)
w(524,5,3,129)
w(367,4,3,129)
w(240,8,3,129)
r(490,4,3,129)
r(452,5,3,129)
w(333,5,3,129)
w(143,5,3,129)
r(477,8,3,129)
r(105,5,3,129)
r(422,4,3,129)
w(366,5,3,129)
r(418,5,3,129)
w(356,5,3,129)
w(261,2,3,129)
r(157,5,3,129)
r(332,2,3,129)
w(254,6,3,129)
r(6,3,3,129)
w(486,4,3,129)
w(116,6,3,129)
r(89,1,4,130)
w(522,3,4,130)
w(319,4,4,130)
r(461,1,4,130)
r(370,4,4,130)
r(349,4,4,130)
r(200,3,4,130)
w(168,4,4,130)
w(264,4,4,130)
r(485,3,4,130)
r(111,10,4,130)
r(417,2,4,130)
w(322,5,4,130)
r(255,2,4,130)
w(58,5,4,130)
r(107,3,4,130)
w(490,4,4,130)
r(211,8,4,130)
r(520,8,4,130)
r(316,8,4,130)
w(344,4,5,131)
r(22,6,5,131)
w(536,3,5,131)
r(397,8,5,131)
r(176,1,5,131)
w(12,5,5,131)
r(103,5,5,131)
r(232,3,5,131)
r(437,5,5,131)
r(235,3,5,131)
w(498,3,5,131)
r(251,4,5,131)
w(27,4,5,131)
r(225,5,5,131)
r(379,5,5,131)
w(366,4,5,131)
r(44,5,5,131)
w(22,5,5,131)
w(388,3,5,131)
r(445,4,5,131)
r(179,5,6,132)
w(143,4,6,132)
r(528,5,6,132)
r(467,5,6,132)
r(37,10,6,132)
r(525,3,6,132)
r(10,2,6,132)
r(508,1,6,132)
r(169,6,6,132)
r(512,2,6,132)
r(118,1,6,132)
r(126,2,6,132)
r(379,5,6,132)
w(319,8,6,132)
w(477,8,6,132)
r(71,4,6,132)
r(376,3,6,132)
w(407,4,6,132)
r(264,5,6,132)
w(101,3,6,132)
r(82,1,7,133)
r(305,5,7,133)
w(112,8,7,133)
w(107,12,7,133)
r(498,8,7,133)
r(216,3,7,133)
r(488,3,7,133)
r(383,1,7,133)
r(395,2,7,133)
w(65,5,7,133)
r(416,4,7,133)
w(130,6,7,133)
r(373,10,7,133)
w(331,10,7,133)
r(512,2,7,133)
r(83,1,7,133)
w(400,8,7,133)
w(208,8,7,133)
r(40,1,7,133)
r(429,6,7,133)
w(185,10,8,134)
w(246,7,8,134)
r(229,10,8,134)
r(268,3,8,134)
w(39,12,8,134)
r(400,10,8,134)
w(313,6,8,134)
w(179,3,8,134)
r(124,2,8,134)
w(146,6,8,134)
r(422,4,8,134)
r(182,3,8,134)
w(214,5,8,134)
w(498,6,8,134)
w(436,9,8,134)
r(243,5,8,134)
r(536,3,8,134)
w(350,3,8,134)
w(49,8,8,134)
w(11,4,8,134)
r(291,1,9,135)
w(386,3,9,135)
r(136,5,9,135)
w(160,8,9,135)
w(55,6,9,135)
w(353,3,9,135)
r(68,2,9,135)
w(509,10,9,135)
r(255,2,9,135)
r(87,5,9,135)
w(324,8,9,135)
w(299,12,9,135)
w(464,4,9,135)
r(473,10,9,135)
w(187,6,9,135)
w(369,7,9,135)
w(48,6,9,135)
w(385,8,9,135)
r(261,4,9,135)
w(10,8,9,135)
w(405,5,1,136)
w(100,2,1,136)
r(292,2,1,136)
w(539,5,1,136)
r(275,8,1,136)
w(448,2,1,136)
r(166,2,1,136)
r(114,4,1,136)
r(201,5,1,136)
r(156,4,1,136)
w(80,4,1,136)
w(189,2,1,136)
w(198,2,1,136)
w(370,5,1,136)
r(293,2,1,136)
r(286,5,1,136)
r(105,5,1,136)
r(20,1,1,136)
r(6,3,1,136)
r(218,3,1,136)
w(80,8,2,137)
w(360,5,2,137)
r(39,5,2,137)
r(524,8,2,137)
w(494,2,2,137)
w(23,4,2,137)
w(336,3,2,137)
r(79,3,2,137)
r(483,2,2,137)
r(54,5,2,137)
r(108,1,2,137)
r(421,5,2,137)
w(450,2,2,137)
w(37,2,2,137)
r(504,2,2,137)
r(528,5,2,137)
r(46,1,2,137)
r(7,3,2,137)
r(208,8,2,137)
r(197,4,2,137)
w(184,3,3,138)
w(431,4,3,138)
r(498,6,3,138)
r(528,5,3,138)
w(291,2,3,138)
r(381,5,3,138)
r(461,5,3,138)
w(193,5,3,138)
w(501,3,3,138)
w(74,5,3,138)
r(313,10,3,138)
w(241,2,3,138)
r(235,8,3,138)
w(7,5,3,138)
w(211,5,3,138)
w(245,5,3,138)
r(153,5,3,138)
r(23,3,3,138)
w(509,4,3,138)
w(1,4,3,138)
r(298,2,4,139)
w(28,4,4,139)
r(341,5,4,139)
r(254,3,4,139)
w(153,5,4,139)
r(518,4,4,139)
r(254,3,4,139)
w(279,4,4,139)
r(192,2,4,139)
w(73,5,4,139)
r(1,5,4,139)
w(425,8,4,139)
r(413,4,4,139)
w(127,4,4,139)
w(352,3,4,139)
w(290,5,4,139)
r(88,4,4,139)
r(222,5,4,139)
r(149,2,4,139)
r(403,10,4,139)
w(260,4,5,140)
r(238,5,5,140)
w(31,3,5,140)
r(62,4,5,140)
w(81,3,5,140)
r(143,4,5,140)
r(39,4,5,140)
r(535,4,5,140)
r(429,4,5,140)
r(393,5,5,140)
r(87,5,5,140)
w(31,8,5,140)
r(333,4,5,140)
w(309,4,5,140)
w(219,4,5,140)
r(313,3,5,140)
r(204,5,5,140)
r(142,5,5,140)
r(125,2,5,140)
r(342,1,5,140)
r(151,4,6,141)
w(302,7,6,141)
w(353,4,6,141)
r(499,2,6,141)
w(12,4,6,141)
w(333,4,6,141)
r(52,2,6,141)
w(9,4,6,141)
r(223,1,6,141)
w(104,5,6,141)
r(198,4,6,141)
w(83,4,6,141)
w(495,4,6,141)
r(249,6,6,141)
r(404,2,6,141)
w(51,3,6,141)
w(152,7,6,141)
w(182,3,6,141)
r(273,2,6,141)
w(259,6,6,141)
r(113,8,7,142)
w(316,8,7,142)
r(276,5,7,142)
r(477,6,7,142)
r(436,8,7,142)
r(47,8,7,142)
r(20,1,7,142)
w(423,4,7,142)
r(171,2,7,142)
r(320,7,7,142)
r(497,1,7,142)
w(473,6,7,142)
w(403,10,7,142)
w(177,4,7,142)
w(376,10,7,142)
w(84,8,7,142)
w(359,4,7,142)
w(525,6,7,142)
w(216,10,7,142)
r(31,4,7,142)
r(140,2,8,143)
w(202,6,8,143)
w(419,2,8,143)
w(214,4,8,143)
r(212,6,8,143)
w(313,10,8,143)
r(323,4,8,143)
w(278,5,8,143)
w(88,8,8,143)
r(32,2,8,143)
w(520,12,8,143)
w(176,2,8,143)
w(504,3,8,143)
r(295,2,8,143)
r(349,9,8,143)
r(534,1,8,143)
w(186,4,8,143)
w(187,8,8,143)
r(426,5,8,143)
w(523,7,8,143)
w(506,5,9,144)
r(359,4,9,144)
w(351,10,9,144)
w(275,6,9,144)
r(318,1,9,144)
r(146,8,9,144)
w(462,8,9,144)
r(416,4,9,144)
w(391,10,9,144)
r(533,2,9,144)
r(40,1,9,144)
r(340,5,9,144)
w(62,4,9,144)
r(285,2,9,144)
w(314,12,9,144)
w(519,3,9,144)
w(404,2,9,144)
w(466,10,9,144)
r(333,3,9,144)
r(255,2,9,144)
r(292,2,1,145)
w(476,2,1,145)
r(57,6,1,145)
w(436,5,1,145)
w(274,2,1,145)
w(30,4,1,145)
r(241,2,1,145)
w(217,5,1,145)
w(376,5,1,145)
r(419,2,1,145)
w(72,2,1,145)
r(111,3,1,145)
r(206,4,1,145)
w(401,2,1,145)
w(491,5,1,145)
w(498,2,1,145)
r(207,7,1,145)
w(15,5,1,145)
r(107,10,1,145)
w(342,4,1,145)
w(81,2,2,146)
r(60,4,2,146)
r(200,3,2,146)
w(475,2,2,146)
r(394,1,2,146)
w(1,5,2,146)
w(373,3,2,146)
w(85,3,2,146)
w(310,2,2,146)
r(482,4,2,146)
r(391,4,2,146)
r(313,3,2,146)
w(18,3,2,146)
w(365,2,2,146)
r(405,1,2,146)
r(318,1,2,146)
r(17,3,2,146)
w(258,5,2,146)
r(205,5,2,146)
r(416,4,2,146)
r(307,7,3,147)
w(479,5,3,147)
r(385,8,3,147)
r(456,2,3,147)
w(436,6,3,147)
w(155,5,3,147)
r(228,10,3,147)
r(339,2,3,147)
r(101,7,3,147)
w(532,2,3,147)
r(401,2,3,147)
r(330,4,3,147)
r(155,5,3,147)
r(138,2,3,147)
w(474,2,3,147)
r(324,8,3,147)
r(514,5,3,147)
w(490,5,3,147)
r(519,3,3,147)
w(342,3,3,147)
w(279,3,4,148)
r(316,8,4,148)
r(295,2,4,148)
r(123,5,4,148)
r(248,3,4,148)
w(201,5,4,148)
w(54,4,4,148)
w(300,3,4,148)
w(510,5,4,148)
w(347,5,4,148)
w(54,3,4,148)
r(287,4,4,148)
r(280,2,4,148)
w(122,5,4,148)
r(360,5,4,148)
w(353,5,4,148)
w(110,4,4,148)
w(208,4,4,148)
r(298,2,4,148)
r(479,8,4,148)
w(234,5,5,149)
r(137,4,5,149)
w(122,4,5,149)
w(240,6,5,149)
r(370,4,5,149)
w(402,8,5,149)
w(514,3,5,149)
w(500,8,5,149)
w(25,4,5,149)
w(294,4,5,149)
w(440,10,5,149)
w(193,4,5,149)
w(136,4,5,149)
r(1,5,5,149)
w(93,4,5,149)
w(287,4,5,149)
w(103,6,5,149)
r(338,2,5,149)
r(172,8,5,149)
r(220,10,5,149)
w(90,3,6,150)
r(457,5,6,150)
w(109,8,6,150)
w(511,3,6,150)
w(285,4,6,150)
w(101,8,6,150)
w(380,3,6,150)
r(283,4,6,150)
r(244,10,6,150)
w(439,8,6,150)
w(113,3,6,150)
w(82,5,6,150)
r(487,2,6,150)
w(393,2,6,150)
r(226,5,6,150)
r(78,4,6,150)
r(332,8,6,150)
r(25,5,6,150)
r(448,4,6,150)
w(372,4,6,150)
w(445,4,7,151)
r(333,2,7,151)
r(411,2,7,151)
w(418,8,7,151)
r(235,3,7,151)
w(333,3,7,151)
r(183,8,7,151)
w(27,8,7,151)
w(79,8,7,151)
w(364,4,7,151)
r(250,8,7,151)
r(250,8,7,151)
r(202,3,7,151)
r(326,10,7,151)
w(158,5,7,151)
r(284,4,7,151)
r(340,4,7,151)
w(473,10,7,151)
w(229,8,7,151)
w(100,3,7,151)
r(372,10,8,152)
r(299,9,8,152)
w(455,7,8,152)
w(347,3,8,152)
w(264,3,8,152)
r(175,4,8,152)
w(145,7,8,152)
r(431,5,8,152)
r(22,5,8,152)
w(115,2,8,152)
r(178,5,8,152)
r(193,4,8,152)
r(98,8,8,152)
r(129,5,8,152)
w(454,6,8,152)
w(126,5,8,152)
r(460,1,8,152)
r(25,4,8,152)
r(120,4,8,152)
r(477,8,8,152)
w(391,7,9,153)
r(97,3,9,153)
r(14,5,9,153)
r(318,1,9,153)
r(276,5,9,153)
r(416,4,9,153)
r(216,5,9,153)
w(509,7,9,153)
r(78,4,9,153)
r(397,8,9,153)
r(532,5,9,153)
w(150,6,9,153)
w(443,2,9,153)
w(156,3,9,153)
r(339,2,9,153)
w(268,3,9,153)
w(183,10,9,153)
w(162,3,9,153)
w(180,4,9,153)
w(310,7,9,153)
r(467,3,1,154)
w(373,5,1,154)
r(82,2,1,154)
w(317,5,1,154)
w(246,2,1,154)
w(85,5,1,154)
r(517,2,1,154)
r(532,3,1,154)
r(71,4,1,154)
r(377,8,1,154)
w(341,2,1,154)
r(193,5,1,154)
r(351,2,1,154)
w(520,5,1,154)
w(511,2,1,154)
r(35,6,1,154)
r(386,3,1,154)
w(200,2,1,154)
r(455,7,1,154)
w(102,2,1,154)
w(109,4,2,155)
r(493,2,2,155)
w(484,5,2,155)
w(103,5,2,155)
r(460,1,2,155)
r(263,2,2,155)
r(522,2,2,155)
w(500,5,2,155)
r(493,2,2,155)
r(519,2,2,155)
r(13,4,2,155)
r(463,2,2,155)
w(240,3,2,155)
r(471,8,2,155)
w(376,3,2,155)
r(104,4,2,155)
w(36,2,2,155)
w(489,2,2,155)
w(76,4,2,155)
r(209,4,2,155)
w(382,5,3,156)
r(239,5,3,156)
r(358,5,3,156)
w(326,5,3,156)
w(40,2,3,156)
w(109,3,3,156)
w(299,8,3,156)
w(417,5,3,156)
w(509,3,3,156)
w(54,2,3,156)
r(161,5,3,156)
w(518,3,3,156)
r(210,2,3,156)
w(218,6,3,156)
w(51,5,3,156)
r(130,4,3,156)
w(262,4,3,156)
r(292,3,3,156)
w(250,4,3,156)
w(336,8,3,156)
r(342,8,4,157)
r(403,10,4,157)
w(492,2,4,157)
r(210,2,4,157)
w(111,3,4,157)
r(453,2,4,157)
r(72,5,4,157)
w(485,4,4,157)
w(244,5,4,157)
w(473,4,4,157)
w(410,4,4,157)
r(186,2,4,157)
r(400,10,4,157)
w(292,2,4,157)
w(185,5,4,157)
w(317,3,4,157)
r(328,1,4,157)
w(513,5,4,157)
w(235,8,4,157)
w(272,4,4,157)
r(65,2,5,158)
r(160,8,5,158)
w(469,3,5,158)
r(53,8,5,158)
r(360,5,5,158)
r(2,5,5,158)
w(450,3,5,158)
r(223,1,5,158)
w(93,3,5,158)
w(474,5,5,158)
r(381,2,5,158)
r(311,2,5,158)
r(395,2,5,158)
w(315,2,5,158)
w(302,6,5,158)
w(233,2,5,158)
w(73,3,5,158)
w(464,2,5,158)
r(317,2,5,158)
w(23,6,5,158)
r(215,2,6,159)
r(442,5,6,159)
r(258,4,6,159)
w(103,7,6,159)
r(3,2,6,159)
r(110,2,6,159)
w(83,3,6,159)
w(72,4,6,159)
r(73,3,6,159)
r(118,1,6,159)
r(30,8,6,159)
w(175,4,6,159)
r(367,5,6,159)
r(197,4,6,159)
r(514,3,6,159)
w(488,5,6,159)
r(1,5,6,159)
r(45,8,6,159)
w(331,6,6,159)
r(121,4,6,159)
r(508,1,7,160)
r(373,3,7,160)
w(340,5,7,160)
w(414,3,7,160)
r(410,8,7,160)
r(497,1,7,160)
w(184,6,7,160)
r(261,4,7,160)
w(226,5,7,160)
w(100,8,7,160)
r(5,5,7,160)
w(78,4,7,160)
w(513,3,7,160)
w(352,8,7,160)
w(90,6,7,160)
w(166,4,7,160)
r(317,6,7,160)
r(235,3,7,160)
r(294,3,7,160)
w(45,8,7,160)
w(22,8,8,161)
w(429,8,8,161)
r(465,5,8,161)
r(96,5,8,161)
r(248,3,8,161)
r(39,12,8,161)
r(410,4,8,161)
w(523,12,8,161)
w(384,12,8,161)
r(38,5,8,161)
w(256,2,8,161)
w(532,3,8,161)
r(166,2,8,161)
r(131,3,8,161)
w(427,10,8,161)
w(262,10,8,161)
w(268,4,8,161)
w(377,8,8,161)
r(164,5,8,161)
r(391,7,8,161)
w(78,8,9,162)
r(15,4,9,162)
w(400,10,9,162)
w(16,6,9,162)
w(228,10,9,162)
w(162,8,9,162)
w(101,7,9,162)
w(136,8,9,162)
w(484,8,9,162)
w(299,9,9,162)
r(239,2,9,162)
r(310,7,9,162)
w(330,8,9,162)
w(338,10,9,162)
r(444,5,9,162)
w(229,10,9,162)
w(160,6,9,162)
w(111,10,9,162)
w(109,10,9,162)
r(404,2,9,162)
w(304,2,1,163)
w(202,5,1,163)
r(1,4,1,163)
r(316,3,1,163)
r(373,6,1,163)
r(380,8,1,163)
w(352,2,1,163)
w(197,2,1,163)
r(242,4,1,163)
r(407,2,1,163)
w(265,5,1,163)
r(461,5,1,163)
r(509,4,1,163)
w(103,2,1,163)
w(154,5,1,163)
r(443,2,1,163)
r(480,5,1,163)
r(28,4,1,163)
w(1,2,1,163)
r(394,8,1,163)
w(430,5,2,164)
r(328,1,2,164)
w(394,2,2,164)
r(528,5,2,164)
r(490,3,2,164)
r(156,5,2,164)
r(338,4,2,164)
r(278,2,2,164)
w(151,5,2,164)
r(472,4,2,164)
w(530,5,2,164)
w(9,2,2,164)
w(85,8,2,164)
w(231,2,2,164)
r(75,5,2,164)
r(231,2,2,164)
r(521,5,2,164)
r(302,4,2,164)
w(39,4,2,164)
w(209,5,2,164)
r(46,4,3,165)
r(461,5,3,165)
r(477,10,3,165)
w(118,2,3,165)
r(189,10,3,165)
r(402,5,3,165)
w(327,4,3,165)
w(369,5,3,165)
r(89,1,3,165)
w(37,3,3,165)
r(237,4,3,165)
r(114,4,3,165)
r(411,2,3,165)
r(240,10,3,165)
w(468,5,3,165)
r(329,4,3,165)
w(481,5,3,165)
w(239,4,3,165)
r(226,4,3,165)
r(385,8,3,165)
w(455,3,4,166)
r(506,5,4,166)
r(215,2,4,166)
r(83,3,4,166)
r(427,2,4,166)
r(300,3,4,166)
w(74,3,4,166)
w(56,5,4,166)
r(454,5,4,166)
r(99,4,4,166)
r(303,2,4,166)
w(302,3,4,166)
w(51,4,4,166)
r(75,5,4,166)
r(525,7,4,166)
w(207,4,4,166)
w(234,2,4,166)
r(209,5,4,166)
w(289,7,4,166)
w(145,4,4,166)
r(462,8,5,167)
r(419,1,5,167)
r(487,2,5,167)
r(9,4,5,167)
w(211,8,5,167)
r(1,5,5,167)
w(237,4,5,167)
r(233,2,5,167)
r(527,2,5,167)
w(4,2,5,167)
r(279,8,5,167)
r(151,4,5,167)
r(384,5,5,167)
w(103,10,5,167)
r(55,6,5,167)
w(142,4,5,167)
r(212,6,5,167)
w(422,4,5,167)
w(280,2,5,167)
w(10,5,5,167)
r(320,3,6,168)
r(88,4,6,168)
r(169,6,6,168)
w(343,6,6,168)
r(346,3,6,168)
w(43,3,6,168)
r(332,2,6,168)
r(262,5,6,168)
w(57,3,6,168)
w(281,4,6,168)
r(531,3,6,168)
r(252,5,6,168)
r(172,8,6,168)
w(201,4,6,168)
w(49,4,6,168)
r(146,8,6,168)
r(245,4,6,168)
w(342,8,6,168)
r(50,2,6,168)
r(25,4,6,168)
w(410,3,7,169)
r(481,4,7,169)
r(354,5,7,169)
r(17,3,7,169)
r(302,6,7,169)
r(235,3,7,169)
w(220,7,7,169)
r(285,4,7,169)
r(503,1,7,169)
w(349,9,7,169)
r(242,5,7,169)
r(137,4,7,169)
r(194,4,7,169)
w(293,2,7,169)
w(383,4,7,169)
r(188,8,7,169)
w(39,7,7,169)
w(493,3,7,169)
r(328,1,7,169)
r(344,4,7,169)
w(484,3,8,170)
w(66,3,8,170)
w(433,5,8,170)
w(482,3,8,170)
r(450,3,8,170)
w(189,10,8,170)
w(200,6,8,170)
r(401,2,8,170)
w(135,4,8,170)
w(113,6,8,170)
w(21,8,8,170)
r(239,5,8,170)
r(160,2,8,170)
r(405,5,8,170)
r(310,7,8,170)
r(68,3,8,170)
w(318,5,8,170)
r(207,7,8,170)
w(227,7,8,170)
r(402,5,8,170)
w(197,10,9,171)
w(372,6,9,171)
w(66,10,9,171)
w(508,5,9,171)
w(78,6,9,171)
r(232,3,9,171)
r(283,4,9,171)
r(232,3,9,171)
r(483,5,9,171)
w(520,9,9,171)
w(229,7,9,171)
w(423,8,9,171)
r(79,5,9,171)
r(46,2,9,171)
w(504,8,9,171)
w(420,6,9,171)
w(372,10,9,171)
w(454,7,9,171)
r(163,2,9,171)
w(11,3,9,171)
r(507,2,1,172)
r(481,2,1,172)
r(465,5,1,172)
r(158,5,1,172)
w(51,2,1,172)
w(446,2,1,172)
r(260,2,1,172)
r(484,3,1,172)
r(133,3,1,172)
w(274,5,1,172)
w(500,2,1,172)
r(227,7,1,172)
r(153,5,1,172)
w(432,2,1,172)
w(98,2,1,172)
r(454,6,1,172)
w(442,2,1,172)
w(346,2,1,172)
w(229,4,1,172)
r(331,6,1,172)
w(501,4,2,173)
w(487,2,2,173)
r(157,2,2,173)
r(248,3,2,173)
w(173,2,2,173)
w(230,2,2,173)
w(218,4,2,173)
r(300,4,2,173)
w(381,2,2,173)
w(77,2,2,173)
r(538,8,2,173)
w(100,4,2,173)
w(79,5,2,173)
r(191,1,2,173)
r(1,5,2,173)
r(130,6,2,173)
w(305,2,2,173)
r(73,4,2,173)
w(173,5,2,173)
w(33,5,2,173)
w(460,2,3,174)
r(511,2,3,174)
r(375,1,3,174)
r(141,8,3,174)
w(422,2,3,174)
r(367,4,3,174)
r(321,2,3,174)
w(519,5,3,174)
w(330,2,3,174)
w(44,4,3,174)
w(351,5,3,174)
r(280,5,3,174)
w(195,2,3,174)
w(260,5,3,174)
r(508,2,3,174)
w(447,5,3,174)
r(90,2,3,174)
w(155,4,3,174)
r(407,2,3,174)
w(387,5,3,174)
w(306,2,4,175)
w(427,4,4,175)
r(276,5,4,175)
w(47,5,4,175)
w(461,2,4,175)
r(447,4,4,175)
r(193,4,4,175)
w(475,4,4,175)
w(384,8,4,175)
w(461,5,4,175)
r(94,5,4,175)
r(394,2,4,175)
r(393,2,4,175)
r(228,10,4,175)
w(23,3,4,175)
w(488,2,4,175)
w(395,4,4,175)
r(201,5,4,175)
w(377,3,4,175)
r(405,5,4,175)
r(162,8,5,176)
r(176,1,5,176)
r(454,5,5,176)
w(174,4,5,176)
r(133,3,5,176)
r(339,2,5,176)
r(446,5,5,176)
w(134,5,5,176)
w(114,4,5,176)
r(414,3,5,176)
r(277,5,5,176)
r(69,4,5,176)
w(346,4,5,176)
w(350,2,5,176)
w(231,3,5,176)
w(338,3,5,176)
r(24,2,5,176)
w(538,6,5,176)
w(418,5,5,176)
r(265,1,5,176)
r(373,8,6,177)
w(355,8,6,177)
r(318,1,6,177)
r(503,1,6,177)
r(209,5,6,177)
r(264,4,6,177)
r(137,4,6,177)
w(107,10,6,177)
w(249,8,6,177)
r(77,8,6,177)
r(298,2,6,177)
w(207,8,6,177)
w(288,4,6,177)
w(163,6,6,177)
w(332,4,6,177)
w(269,3,6,177)
w(254,10,6,177)
w(85,10,6,177)
w(400,3,6,177)
w(233,4,6,177)
w(35,6,7,178)
r(195,1,7,178)
w(342,6,7,178)
w(132,4,7,178)
r(161,8,7,178)
r(50,2,7,178)
w(364,3,7,178)
r(433,2,7,178)
w(170,12,7,178)
r(231,3,7,178)
r(36,2,7,178)
r(161,8,7,178)
r(456,2,7,178)
r(437,5,7,178)
r(464,2,7,178)
w(259,10,7,178)
w(231,7,7,178)
r(176,1,7,178)
r(159,5,7,178)
w(141,10,7,178)
r(536,3,8,179)
r(378,4,8,179)
w(457,3,8,179)
r(45,8,8,179)
r(374,6,8,179)
r(430,5,8,179)
r(272,4,8,179)
r(210,2,8,179)
r(279,3,8,179)
w(204,4,8,179)
w(388,8,8,179)
r(250,5,8,179)
r(330,4,8,179)
r(392,2,8,179)
w(128,3,8,179)
r(286,5,8,179)
r(316,3,8,179)
w(10,4,8,179)
w(346,8,8,179)
r(90,4,8,179)
r(5,5,9,180)
w(447,3,9,180)
w(86,4,9,180)
w(341,6,9,180)
w(501,10,9,180)
w(207,7,9,180)
w(474,8,9,180)
w(115,4,9,180)
w(466,12,9,180)
r(232,3,9,180)
r(368,5,9,180)
r(413,4,9,180)
w(67,8,9,180)
r(495,4,9,180)
w(197,7,9,180)
r(145,4,9,180)
w(486,3,9,180)
r(371,5,9,180)
r(237,4,9,180)
r(224,2,9,180)
w(78,2,1,181)
r(140,2,1,181)
w(362,2,1,181)
w(272,2,1,181)
w(410,2,1,181)
r(374,6,1,181)
w(385,2,1,181)
r(133,3,1,181)
r(537,1,1,181)
w(134,2,1,181)
r(20,1,1,181)
w(441,2,1,181)
r(109,3,1,181)
r(510,5,1,181)
w(220,5,1,181)
w(85,4,1,181)
r(253,2,1,181)
w(472,2,1,181)
w(48,2,1,181)
r(125,2,1,181)
r(436,12,2,182)
r(451,3,2,182)
w(105,5,2,182)
r(384,3,2,182)
w(374,2,2,182)
r(513,3,2,182)
w(151,4,2,182)
w(302,5,2,182)
w(401,5,2,182)
w(271,4,2,182)
w(219,5,2,182)
r(42,3,2,182)
r(155,3,2,182)
w(110,2,2,182)
w(173,4,2,182)
w(410,5,2,182)
r(375,1,2,182)
r(152,4,2,182)
r(14,5,2,182)
w(365,5,2,182)
w(188,5,3,183)
r(103,2,3,183)
r(263,5,3,183)
w(188,4,3,183)
r(412,4,3,183)
r(211,6,3,183)
w(130,3,3,183)
w(304,5,3,183)
r(207,7,3,183)
w(530,4,3,183)
w(524,4,3,183)
r(376,5,3,183)
r(91,2,3,183)
r(210,2,3,183)
w(262,8,3,183)
w(449,5,3,183)
w(7,4,3,183)
w(163,3,3,183)
r(156,4,3,183)
w(367,3,3,183)
r(263,5,4,184)
r(435,5,4,184)
r(472,4,4,184)
r(385,8,4,184)
r(61,5,4,184)
w(302,8,4,184)
r(471,4,4,184)
r(248,3,4,184)
w(469,4,4,184)
w(471,2,4,184)
w(17,5,4,184)
r(119,2,4,184)
w(530,3,4,184)
w(521,2,4,184)
w(475,3,4,184)
r(251,4,4,184)
r(280,2,4,184)
r(295,2,4,184)
r(16,6,4,184)
w(139,4,4,184)
r(98,8,5,185)
r(139,4,5,185)
r(408,3,5,185)
r(131,3,5,185)
r(289,7,5,185)
w(151,3,5,185)
w(389,2,5,185)
w(19,5,5,185)
r(109,10,5,185)
w(211,6,5,185)
w(309,3,5,185)
w(90,4,5,185)
r(65,2,5,185)
w(82,2,5,185)
w(432,5,5,185)
r(276,5,5,185)
r(40,1,5,185)
w(185,3,5,185)
w(184,8,5,185)
r(330,8,5,185)
w(9,3,6,186)
r(147,5,6,186)
w(491,6,6,186)
w(58,4,6,186)
w(53,5,6,186)
r(305,2,6,186)
w(185,8,6,186)
r(20,1,6,186)
r(422,4,6,186)
r(321,2,6,186)
r(294,4,6,186)
w(68,3,6,186)
r(392,2,6,186)
r(151,4,6,186)
w(43,8,6,186)
w(414,4,6,186)
w(141,8,6,186)
w(467,3,6,186)
r(511,3,6,186)
w(124,5,6,186)
r(254,6,7,187)
r(92,5,7,187)
r(299,9,7,187)
r(417,2,7,187)
r(513,5,7,187)
r(112,5,7,187)
r(304,6,7,187)
w(376,7,7,187)
w(116,12,7,187)
w(57,6,7,187)
r(267,3,7,187)
r(187,6,7,187)
r(214,5,7,187)
r(26,4,7,187)
w(328,2,7,187)
w(531,5,7,187)
w(535,2,7,187)
r(55,6,7,187)
r(529,2,7,187)
r(250,5,7,187)
w(357,8,8,188)
w(418,7,8,188)
r(290,5,8,188)
w(325,10,8,188)
w(36,3,8,188)
r(472,4,8,188)
r(4,3,8,188)
r(220,7,8,188)
w(477,10,8,188)
w(439,7,8,188)
r(32,6,8,188)
w(452,3,8,188)
r(527,4,8,188)
r(526,5,8,188)
r(145,7,8,188)
w(394,3,8,188)
r(352,2,8,188)
w(131,8,8,188)
r(476,2,8,188)
r(142,3,8,188)
w(362,8,9,189)
r(49,8,9,189)
r(55,6,9,189)
w(499,5,9,189)
r(335,2,9,189)
r(220,7,9,189)
w(278,4,9,189)
r(215,2,9,189)
w(463,5,9,189)
w(233,6,9,189)
w(88,6,9,189)
w(394,8,9,189)
r(203,2,9,189)
w(302,9,9,189)
r(450,3,9,189)
r(164,5,9,189)
r(487,2,9,189)
w(154,6,9,189)
w(346,6,9,189)
w(26,10,9,189)
w(403,5,1,190)
w(249,5,1,190)
w(486,2,1,190)
w(352,5,1,190)
r(141,8,1,190)
w(509,2,1,190)
w(131,5,1,190)
r(54,2,1,190)
r(440,4,1,190)
w(90,2,1,190)
r(313,10,1,190)
r(166,2,1,190)
r(373,6,1,190)
w(414,2,1,190)
r(44,3,1,190)
r(313,10,1,190)
r(386,3,1,190)
w(116,8,1,190)
w(288,2,1,190)
w(399,2,1,190)
w(192,2,2,191)
w(439,2,2,191)
r(187,6,2,191)
r(520,8,2,191)
w(384,5,2,191)
r(415,3,2,191)
r(466,4,2,191)
w(436,3,2,191)
r(99,2,2,191)
w(57,2,2,191)
r(533,2,2,191)
r(358,3,2,191)
r(128,5,2,191)
w(289,3,2,191)
r(111,8,2,191)
w(489,5,2,191)
r(517,3,2,191)
w(480,2,2,191)
w(132,2,2,191)
r(332,8,2,191)
w(343,5,3,192)
w(436,10,3,192)
r(186,3,3,192)
r(343,5,3,192)
r(41,2,3,192)
r(121,4,3,192)
w(192,3,3,192)
w(376,6,3,192)
w(504,5,3,192)
r(112,5,3,192)
w(440,8,3,192)
r(431,4,3,192)
r(158,5,3,192)
r(113,6,3,192)
w(191,2,3,192)
r(134,2,3,192)
r(99,4,3,192)
r(341,2,3,192)
r(97,3,3,192)
w(438,4,3,192)
w(242,4,4,193)
r(255,3,4,193)
w(27,5,4,193)
r(453,2,4,193)
w(287,5,4,193)
w(498,4,4,193)
r(320,3,4,193)
r(55,6,4,193)
r(306,2,4,193)
r(113,2,4,193)
r(149,2,4,193)
w(341,4,4,193)
w(270,5,4,193)
r(168,2,4,193)
w(174,5,4,193)
r(248,3,4,193)
w(46,4,4,193)
r(475,3,4,193)
r(127,4,4,193)
r(207,7,4,193)
w(270,4,5,194)
w(316,4,5,194)
w(383,5,5,194)
r(161,5,5,194)
w(326,6,5,194)
r(394,8,5,194)
r(354,5,5,194)
w(4,5,5,194)
r(161,5,5,194)
r(220,7,5,194)
r(61,5,5,194)
r(30,4,5,194)
w(152,8,5,194)
w(495,5,5,194)
r(295,2,5,194)
w(316,3,5,194)
w(160,2,5,194)
r(115,2,5,194)
r(169,2,5,194)
r(87,5,5,194)
w(219,3,6,195)
w(350,5,6,195)
r(483,5,6,195)
r(93,3,6,195)
w(161,5,6,195)
r(379,5,6,195)
w(147,10,6,195)
w(280,5,6,195)
w(146,3,6,195)
r(207,7,6,195)
w(74,6,6,195)
r(201,5,6,195)
w(64,8,6,195)
w(304,8,6,195)
w(527,4,6,195)
r(493,8,6,195)
w(209,3,6,195)
w(508,2,6,195)
r(142,3,6,195)
r(457,5,6,195)
w(349,11,7,196)
r(254,10,7,196)
r(145,4,7,196)
r(155,3,7,196)
w(245,8,7,196)
w(44,3,7,196)
r(125,2,7,196)
r(367,4,7,196)
r(257,2,7,196)
w(311,5,7,196)
r(231,7,7,196)
w(78,3,7,196)
r(528,5,7,196)
w(301,5,7,196)
w(227,6,7,196)
r(417,2,7,196)
w(394,4,7,196)
w(136,3,7,196)
r(451,2,7,196)
r(91,1,7,196)
r(330,4,8,197)
w(269,8,8,197)
r(293,2,8,197)
r(219,3,8,197)
r(374,6,8,197)
w(314,10,8,197)
r(108,1,8,197)
w(145,12,8,197)
w(450,8,8,197)
r(56,5,8,197)
w(66,8,8,197)
w(143,3,8,197)
r(86,4,8,197)
w(372,3,8,197)
r(41,2,8,197)
w(232,8,8,197)
r(337,4,8,197)
w(405,8,8,197)
w(107,9,8,197)
r(339,2,8,197)
w(424,8,9,198)
r(192,2,9,198)
w(525,9,9,198)
w(214,3,9,198)
w(22,10,9,198)
r(333,5,9,198)
r(400,3,9,198)
r(11,3,9,198)
r(406,5,9,198)
w(284,3,9,198)
r(130,4,9,198)
r(517,2,9,198)
r(435,5,9,198)
r(96,5,9,198)
r(258,2,9,198)
w(292,3,9,198)
r(414,4,9,198)
r(77,8,9,198)
r(315,2,9,198)
r(296,5,9,198)
w(135,2,2,199)
r(304,6,2,199)
w(320,4,2,199)
r(366,4,2,199)
w(205,2,2,199)
r(115,5,2,199)
w(431,5,2,199)
r(186,2,2,199)
r(325,4,2,199)
r(451,3,2,199)
w(475,5,2,199)
r(397,8,2,199)
r(254,8,2,199)
r(402,4,2,199)
w(49,5,2,199)
r(395,2,2,199)
w(349,4,2,199)
r(175,5,2,199)
r(15,4,2,199)
r(47,4,2,199)
r(366,5,4,200)
w(441,3,4,200)
r(144,2,4,200)
r(463,5,4,200)
r(440,4,4,200)
w(520,4,4,200)
w(497,5,4,200)
r(125,2,4,200)
r(164,5,4,200)
w(317,8,4,200)
r(213,2,4,200)
r(467,3,4,200)
r(343,6,4,200)
w(7,8,4,200)
w(442,4,4,200)
r(253,2,4,200)
w(319,3,4,200)
r(329,6,4,200)
w(330,4,4,200)
w(95,2,4,200)
w(63,4,5,201)
r(70,2,5,201)
w(373,6,5,201)
r(425,6,5,201)
r(152,8,5,201)
r(224,2,5,201)
w(437,3,5,201)
w(91,2,5,201)
r(181,2,5,201)
r(99,4,5,201)
r(358,5,5,201)
r(473,4,5,201)
w(147,6,5,201)
w(269,4,5,201)
w(21,5,5,201)
r(457,4,5,201)
r(510,5,5,201)
w(517,8,5,201)
w(357,5,5,201)
w(84,5,5,201)
w(155,8,6,202)
r(476,2,6,202)
w(238,4,6,202)
w(374,6,6,202)
w(380,8,6,202)
r(467,3,6,202)
w(474,4,6,202)
w(32,6,6,202)
w(196,6,6,202)
r(278,4,6,202)
r(9,6,6,202)
r(144,2,6,202)
w(26,3,6,202)
r(276,5,6,202)
r(84,4,6,202)
r(369,7,6,202)
w(500,6,6,202)
w(4,3,6,202)
r(105,4,6,202)
r(79,5,6,202)
r(511,3,7,203)
w(357,3,7,203)
r(454,7,7,203)
r(85,10,7,203)
r(49,8,7,203)
r(402,5,7,203)
w(47,3,7,203)
w(26,8,7,203)
w(399,4,7,203)
w(174,6,7,203)
r(152,7,7,203)
r(275,8,7,203)
r(188,8,7,203)
w(301,4,7,203)
r(278,5,7,203)
w(255,3,7,203)
w(513,8,7,203)
r(286,5,7,203)
r(75,5,7,203)
r(93,3,7,203)
w(329,8,8,204)
r(281,4,8,204)
r(115,2,8,204)
w(258,7,8,204)
r(137,5,8,204)
w(221,3,8,204)
r(505,3,8,204)
w(4,6,8,204)
r(356,5,8,204)
w(494,3,8,204)
w(535,5,8,204)
r(323,4,8,204)
w(314,7,8,204)
r(259,10,8,204)
r(355,6,8,204)
w(96,3,8,204)
w(397,6,8,204)
r(351,2,8,204)
w(401,6,8,204)
w(351,8,8,204)
w(298,3,9,205)
w(370,3,9,205)
r(97,3,9,205)
w(404,5,9,205)
w(83,6,9,205)
w(289,9,9,205)
r(121,4,9,205)
r(330,4,9,205)
r(489,5,9,205)
w(201,8,9,205)
r(165,2,9,205)
r(406,5,9,205)
w(338,12,9,205)
r(355,8,9,205)
r(298,3,9,205)
w(307,7,9,205)
r(103,10,9,205)
r(391,7,9,205)
w(318,4,9,205)
r(244,5,9,205)
r(455,8,2,206)
w(373,8,2,206)
r(256,1,2,206)
w(80,6,2,206)
w(81,5,2,206)
w(112,5,2,206)
w(277,5,2,206)
r(278,2,2,206)
w(242,5,2,206)
w(453,2,2,206)
w(254,3,2,206)
r(406,10,2,206)
r(287,4,2,206)
w(332,2,2,206)
r(506,5,2,206)
r(32,3,2,206)
r(538,8,2,206)
w(355,2,2,206)
w(476,4,2,206)
w(417,2,2,206)
r(68,3,4,207)
w(147,8,4,207)
w(524,3,4,207)
r(69,8,4,207)
r(154,6,4,207)
w(480,5,4,207)
r(208,4,4,207)
r(266,2,4,207)
w(512,4,4,207)
w(425,6,4,207)
w(123,2,4,207)
w(216,4,4,207)
w(197,5,4,207)
r(322,5,4,207)
w(105,4,4,207)
r(398,4,4,207)
r(73,5,4,207)
r(243,5,4,207)
w(457,4,4,207)
r(101,7,4,207)
r(186,4,6,208)
w(245,3,6,208)
w(127,3,6,208)
w(247,8,6,208)
w(514,8,6,208)
w(319,6,6,208)
r(231,7,6,208)
w(231,6,6,208)
r(51,4,6,208)
r(336,5,6,208)
r(538,6,6,208)
r(397,8,6,208)
r(532,2,6,208)
w(258,10,6,208)
r(85,5,6,208)
w(70,4,6,208)
w(520,6,6,208)
r(506,5,6,208)
w(273,3,6,208)
r(13,5,6,208)
r(469,4,7,209)
r(234,2,7,209)
r(114,4,7,209)
r(327,6,7,209)
w(412,4,7,209)
w(345,5,7,209)
w(175,3,7,209)
w(298,5,7,209)
w(8,3,7,209)
w(6,10,7,209)
r(92,5,7,209)
r(353,5,7,209)
r(440,4,7,209)
r(517,2,7,209)
w(240,10,7,209)
r(496,2,7,209)
r(37,10,7,209)
w(288,6,7,209)
r(289,7,7,209)
r(291,1,7,209)
w(306,4,8,210)
w(111,6,8,210)
r(66,8,8,210)
r(97,3,8,210)
w(317,7,8,210)
r(315,2,8,210)
w(286,3,8,210)
r(419,2,8,210)
w(72,3,8,210)
r(261,2,8,210)
w(259,12,8,210)
r(35,6,8,210)
r(81,5,8,210)
r(398,3,8,210)
w(364,6,8,210)
w(10,3,8,210)
w(215,3,8,210)
r(128,3,8,210)
w(186,3,8,210)
r(124,5,8,210)
r(279,8,2,211)
r(372,4,2,211)
w(361,2,2,211)
r(440,4,2,211)
w(482,2,2,211)
r(56,3,2,211)
w(413,4,2,211)
r(481,4,2,211)
w(284,5,2,211)
w(356,2,2,211)
r(503,1,2,211)
w(525,5,2,211)
r(282,5,2,211)
r(200,3,2,211)
r(434,8,2,211)
w(41,2,2,211)
w(203,2,2,211)
w(381,5,2,211)
r(214,1,2,211)
r(421,3,2,211)
w(521,3,6,212)
r(411,2,6,212)
w(268,5,6,212)
r(265,5,6,212)
w(137,5,6,212)
r(385,8,6,212)
r(164,5,6,212)
w(84,3,6,212)
w(127,8,6,212)
r(287,5,6,212)
r(433,5,6,212)
w(71,5,6,212)
r(463,5,6,212)
w(329,4,6,212)
w(219,8,6,212)
w(355,6,6,212)
r(536,3,6,212)
r(530,3,6,212)
w(380,6,6,212)
r(378,4,6,212)
r(321,2,7,213)
w(69,8,7,213)
w(420,8,7,213)
r(144,2,7,213)
r(167,5,7,213)
r(534,1,7,213)
w(493,8,7,213)
r(395,4,7,213)
r(19,5,7,213)
r(179,3,7,213)
r(270,5,7,213)
r(355,8,7,213)
r(441,4,7,213)
r(342,4,7,213)
r(365,5,7,213)
r(464,2,7,213)
w(303,4,7,213)
w(32,10,7,213)
r(360,5,7,213)
r(256,2,7,213)
w(493,5,2,214)
w(320,3,2,214)
r(538,8,2,214)
r(156,3,2,214)
r(326,10,2,214)
r(317,2,2,214)
w(500,4,2,214)
w(260,2,2,214)
r(199,2,2,214)
r(490,3,2,214)
w(262,5,2,214)
w(130,4,2,214)
w(164,5,2,214)
w(68,5,2,214)
w(13,5,2,214)
w(462,5,2,214)
r(539,3,2,214)
r(28,2,2,214)
r(199,2,2,214)
r(401,4,2,214)
r(253,2,7,215)
w(328,5,7,215)
w(50,5,7,215)
r(100,2,7,215)
r(63,2,7,215)
w(459,10,7,215)
w(485,6,7,215)
r(270,4,7,215)
r(491,5,7,215)
r(144,2,7,215)
r(26,10,7,215)
w(335,3,7,215)
r(449,2,7,215)
r(64,8,7,215)
w(9,6,7,215)
w(215,5,7,215)
w(446,3,7,215)
r(178,5,7,215)
w(398,3,7,215)
w(241,6,7,215)
r(9,4,2,216)
r(495,4,2,216)
r(148,4,2,216)
r(258,4,2,216)
r(309,4,2,216)
r(159,4,2,216)
r(18,8,2,216)
r(415,3,2,216)
r(150,5,2,216)
w(429,2,2,216)
r(119,2,2,216)
w(384,4,2,216)
w(218,3,2,216)
w(326,2,2,216)
w(159,5,2,216)
r(36,2,2,216)
r(187,6,2,216)
w(505,5,2,216)
w(239,5,2,216)
w(459,4,2,216)
r(477,8,7,217)
w(497,4,7,217)
w(495,3,7,217)
w(532,4,7,217)
r(101,7,7,217)
w(505,3,7,217)
w(522,10,7,217)
w(478,4,7,217)
w(275,4,7,217)
r(505,3,7,217)
r(37,10,7,217)
w(409,5,7,217)
w(154,4,7,217)
w(396,3,7,217)
r(115,2,7,217)
w(226,4,7,217)
w(311,4,7,217)
w(473,7,7,217)
r(535,2,7,217)
r(325,3,7,217)
