w(1,1,0,0)
w(2,1,0,0)
w(3,1,0,0)
w(4,1,0,0)
w(5,1,0,0)
w(6,1,0,0)
w(7,1,0,0)
w(8,1,0,0)
w(9,1,0,0)
w(10,1,0,0)
w(11,1,0,0)
w(12,1,0,0)
w(13,1,0,0)
w(14,1,0,0)
w(15,1,0,0)
w(16,1,0,0)
w(17,1,0,0)
w(18,1,0,0)
w(19,1,0,0)
w(20,1,0,0)
w(21,1,0,0)
w(22,1,0,0)
w(23,1,0,0)
w(24,1,0,0)
w(25,1,0,0)
w(26,1,0,0)
w(27,1,0,0)
w(28,1,0,0)
w(29,1,0,0)
w(30,1,0,0)
w(31,1,0,0)
w(32,1,0,0)
w(33,1,0,0)
w(34,1,0,0)
w(35,1,0,0)
w(36,1,0,0)
w(37,1,0,0)
w(38,1,0,0)
w(39,1,0,0)
w(40,1,0,0)
w(41,1,0,0)
w(42,1,0,0)
w(43,1,0,0)
w(44,1,0,0)
w(45,1,0,0)
w(46,1,0,0)
w(47,1,0,0)
w(48,1,0,0)
w(49,1,0,0)
w(50,1,0,0)
w(51,1,0,0)
w(52,1,0,0)
w(53,1,0,0)
w(54,1,0,0)
w(55,1,0,0)
w(56,1,0,0)
w(57,1,0,0)
w(58,1,0,0)
w(59,1,0,0)
w(60,1,0,0)
w(61,1,0,0)
w(62,1,0,0)
w(63,1,0,0)
w(64,1,0,0)
w(65,1,0,0)
w(66,1,0,0)
w(67,1,0,0)
w(68,1,0,0)
w(69,1,0,0)
w(70,1,0,0)
w(71,1,0,0)
w(72,1,0,0)
w(73,1,0,0)
w(74,1,0,0)
w(75,1,0,0)
w(76,1,0,0)
w(77,1,0,0)
w(78,1,0,0)
w(79,1,0,0)
w(80,1,0,0)
w(81,1,0,0)
w(82,1,0,0)
w(83,1,0,0)
w(84,1,0,0)
w(85,1,0,0)
w(86,1,0,0)
w(87,1,0,0)
w(88,1,0,0)
w(89,1,0,0)
w(90,1,0,0)
w(91,1,0,0)
w(92,1,0,0)
w(93,1,0,0)
w(94,1,0,0)
w(95,1,0,0)
w(96,1,0,0)
w(97,1,0,0)
w(98,1,0,0)
w(99,1,0,0)
w(100,1,0,0)
w(101,1,0,0)
w(102,1,0,0)
w(103,1,0,0)
w(104,1,0,0)
w(105,1,0,0)
w(106,1,0,0)
w(107,1,0,0)
w(108,1,0,0)
w(109,1,0,0)
w(110,1,0,0)
w(111,1,0,0)
w(112,1,0,0)
w(113,1,0,0)
w(114,1,0,0)
w(115,1,0,0)
w(116,1,0,0)
w(117,1,0,0)
w(118,1,0,0)
w(119,1,0,0)
w(120,1,0,0)
w(121,1,0,0)
w(122,1,0,0)
w(123,1,0,0)
w(124,1,0,0)
w(125,1,0,0)
w(126,1,0,0)
w(127,1,0,0)
w(128,1,0,0)
w(129,1,0,0)
w(130,1,0,0)
w(131,1,0,0)
w(132,1,0,0)
w(133,1,0,0)
w(134,1,0,0)
w(135,1,0,0)
w(136,1,0,0)
w(137,1,0,0)
w(138,1,0,0)
w(139,1,0,0)
w(140,1,0,0)
w(141,1,0,0)
w(142,1,0,0)
w(143,1,0,0)
w(144,1,0,0)
w(145,1,0,0)
w(146,1,0,0)
w(147,1,0,0)
w(148,1,0,0)
w(149,1,0,0)
w(150,1,0,0)
w(151,1,0,0)
w(152,1,0,0)
w(153,1,0,0)
w(154,1,0,0)
w(155,1,0,0)
w(156,1,0,0)
w(157,1,0,0)
w(158,1,0,0)
w(159,1,0,0)
w(160,1,0,0)
w(161,1,0,0)
w(162,1,0,0)
w(163,1,0,0)
w(164,1,0,0)
w(165,1,0,0)
w(166,1,0,0)
w(167,1,0,0)
w(168,1,0,0)
w(169,1,0,0)
w(170,1,0,0)
w(171,1,0,0)
w(172,1,0,0)
w(173,1,0,0)
w(174,1,0,0)
w(175,1,0,0)
w(176,1,0,0)
w(177,1,0,0)
w(178,1,0,0)
w(179,1,0,0)
w(180,1,0,0)
w(181,1,0,0)
w(182,1,0,0)
w(183,1,0,0)
w(184,1,0,0)
w(185,1,0,0)
w(186,1,0,0)
w(187,1,0,0)
w(188,1,0,0)
w(189,1,0,0)
w(190,1,0,0)
w(191,1,0,0)
w(192,1,0,0)
w(193,1,0,0)
w(194,1,0,0)
w(195,1,0,0)
w(196,1,0,0)
w(197,1,0,0)
w(198,1,0,0)
w(199,1,0,0)
w(200,1,0,0)
w(201,1,0,0)
w(202,1,0,0)
w(203,1,0,0)
w(204,1,0,0)
w(205,1,0,0)
w(206,1,0,0)
w(207,1,0,0)
w(208,1,0,0)
w(209,1,0,0)
w(210,1,0,0)
w(211,1,0,0)
w(212,1,0,0)
w(213,1,0,0)
w(214,1,0,0)
w(215,1,0,0)
w(216,1,0,0)
w(217,1,0,0)
w(218,1,0,0)
w(219,1,0,0)
w(220,1,0,0)
w(221,1,0,0)
w(222,1,0,0)
w(223,1,0,0)
w(224,1,0,0)
w(225,1,0,0)
w(226,1,0,0)
w(227,1,0,0)
w(228,1,0,0)
w(229,1,0,0)
w(230,1,0,0)
w(231,1,0,0)
w(232,1,0,0)
w(233,1,0,0)
w(234,1,0,0)
w(235,1,0,0)
w(236,1,0,0)
w(237,1,0,0)
w(238,1,0,0)
w(239,1,0,0)
w(240,1,0,0)
w(241,1,0,0)
w(242,1,0,0)
w(243,1,0,0)
w(244,1,0,0)
w(245,1,0,0)
w(246,1,0,0)
w(247,1,0,0)
w(248,1,0,0)
w(249,1,0,0)
w(250,1,0,0)
w(251,1,0,0)
w(252,1,0,0)
w(253,1,0,0)
w(254,1,0,0)
w(255,1,0,0)
w(256,1,0,0)
w(257,1,0,0)
w(258,1,0,0)
w(259,1,0,0)
w(260,1,0,0)
w(261,1,0,0)
w(262,1,0,0)
w(263,1,0,0)
w(264,1,0,0)
w(265,1,0,0)
w(266,1,0,0)
w(267,1,0,0)
w(268,1,0,0)
w(269,1,0,0)
w(270,1,0,0)
w(271,1,0,0)
w(272,1,0,0)
w(273,1,0,0)
w(274,1,0,0)
w(275,1,0,0)
w(276,1,0,0)
w(277,1,0,0)
w(278,1,0,0)
w(279,1,0,0)
w(280,1,0,0)
w(281,1,0,0)
w(282,1,0,0)
w(283,1,0,0)
w(284,1,0,0)
w(285,1,0,0)
w(286,1,0,0)
w(287,1,0,0)
w(288,1,0,0)
w(289,1,0,0)
w(290,1,0,0)
w(291,1,0,0)
w(292,1,0,0)
w(293,1,0,0)
w(294,1,0,0)
w(295,1,0,0)
w(296,1,0,0)
w(297,1,0,0)
w(298,1,0,0)
w(299,1,0,0)
w(300,1,0,0)
w(301,1,0,0)
w(302,1,0,0)
w(303,1,0,0)
w(304,1,0,0)
w(305,1,0,0)
w(306,1,0,0)
w(307,1,0,0)
w(308,1,0,0)
w(309,1,0,0)
w(310,1,0,0)
w(311,1,0,0)
w(312,1,0,0)
w(313,1,0,0)
w(314,1,0,0)
w(315,1,0,0)
w(316,1,0,0)
w(317,1,0,0)
w(318,1,0,0)
w(319,1,0,0)
w(320,1,0,0)
w(321,1,0,0)
w(322,1,0,0)
w(323,1,0,0)
w(324,1,0,0)
w(325,1,0,0)
w(326,1,0,0)
w(327,1,0,0)
w(328,1,0,0)
w(329,1,0,0)
w(330,1,0,0)
w(331,1,0,0)
w(332,1,0,0)
w(333,1,0,0)
w(334,1,0,0)
w(335,1,0,0)
w(336,1,0,0)
w(337,1,0,0)
w(338,1,0,0)
w(339,1,0,0)
w(340,1,0,0)
w(341,1,0,0)
w(342,1,0,0)
w(343,1,0,0)
w(344,1,0,0)
w(345,1,0,0)
w(346,1,0,0)
w(347,1,0,0)
w(348,1,0,0)
w(349,1,0,0)
w(350,1,0,0)
w(351,1,0,0)
w(352,1,0,0)
w(353,1,0,0)
w(354,1,0,0)
w(355,1,0,0)
w(356,1,0,0)
w(357,1,0,0)
w(358,1,0,0)
w(359,1,0,0)
w(360,1,0,0)
w(17,2,1,1)
w(29,2,1,1)
w(13,2,1,1)
r(304,1,1,1)
w(12,2,1,1)
r(250,1,1,1)
r(33,1,1,1)
w(16,2,1,1)
r(179,1,1,1)
r(96,1,1,1)
r(132,1,1,1)
r(48,1,1,1)
r(333,1,1,1)
w(16,3,1,1)
r(360,1,1,1)
w(21,2,1,1)
r(24,1,1,1)
r(69,1,1,1)
r(94,1,1,1)
r(255,1,1,1)
r(210,1,2,2)
r(148,1,2,2)
r(308,1,2,2)
w(80,2,2,2)
r(246,1,2,2)
w(74,2,2,2)
w(81,2,2,2)
r(270,1,2,2)
r(152,1,2,2)
w(70,2,2,2)
w(76,2,2,2)
w(85,2,2,2)
w(62,2,2,2)
w(103,2,2,2)
w(81,3,2,2)
r(15,1,2,2)
r(28,1,2,2)
w(110,2,2,2)
r(60,1,2,2)
w(101,2,2,2)
r(309,1,3,3)
w(157,2,3,3)
r(252,1,3,3)
w(160,2,3,3)
w(172,2,3,3)
w(179,2,3,3)
r(169,1,3,3)
w(144,2,3,3)
r(309,1,3,3)
r(160,2,3,3)
w(180,2,3,3)
w(159,2,3,3)
w(178,2,3,3)
w(149,2,3,3)
w(129,2,3,3)
w(173,2,3,3)
r(217,1,3,3)
w(139,2,3,3)
w(147,2,3,3)
r(78,1,3,3)
w(224,2,4,4)
r(51,1,4,4)
r(200,1,4,4)
r(286,1,4,4)
r(51,1,4,4)
w(222,2,4,4)
w(192,2,4,4)
w(190,2,4,4)
w(194,2,4,4)
w(224,3,4,4)
w(182,2,4,4)
w(220,2,4,4)
r(218,1,4,4)
w(205,2,4,4)
r(273,1,4,4)
r(232,1,4,4)
w(238,2,4,4)
r(350,1,4,4)
r(257,1,4,4)
w(205,3,4,4)
r(263,1,5,5)
w(249,2,5,5)
r(127,1,5,5)
r(117,1,5,5)
r(163,1,5,5)
r(340,1,5,5)
r(189,1,5,5)
w(260,2,5,5)
r(71,1,5,5)
w(243,2,5,5)
r(286,1,5,5)
w(256,2,5,5)
w(267,2,5,5)
w(264,2,5,5)
w(259,2,5,5)
r(77,1,5,5)
r(274,1,5,5)
r(280,1,5,5)
w(297,2,5,5)
w(254,2,5,5)
r(69,1,6,6)
w(345,2,6,6)
r(111,1,6,6)
w(349,2,6,6)
r(70,2,6,6)
w(322,2,6,6)
w(353,2,6,6)
r(38,1,6,6)
w(337,2,6,6)
w(356,2,6,6)
w(325,2,6,6)
r(35,1,6,6)
w(308,2,6,6)
r(213,1,6,6)
w(336,2,6,6)
w(313,2,6,6)
r(63,1,6,6)
w(317,2,6,6)
r(161,1,6,6)
w(311,2,6,6)
w(16,4,1,7)
w(46,2,1,7)
w(42,2,1,7)
w(7,2,1,7)
w(33,2,1,7)
r(85,2,1,7)
w(27,2,1,7)
w(28,2,1,7)
r(253,1,1,7)
r(318,1,1,7)
w(44,2,1,7)
w(51,2,1,7)
w(36,2,1,7)
r(203,1,1,7)
w(11,2,1,7)
w(26,2,1,7)
w(26,3,1,7)
r(319,1,1,7)
r(113,1,1,7)
w(51,3,1,7)
w(64,2,2,8)
w(78,2,2,8)
r(183,1,2,8)
r(20,1,2,8)
r(285,1,2,8)
r(118,1,2,8)
w(112,2,2,8)
w(74,3,2,8)
r(338,1,2,8)
w(62,3,2,8)
r(308,2,2,8)
r(299,1,2,8)
r(47,1,2,8)
w(84,2,2,8)
r(226,1,2,8)
r(65,1,2,8)
r(345,2,2,8)
r(77,1,2,8)
w(75,2,2,8)
w(100,2,2,8)
r(46,2,3,9)
w(164,2,3,9)
r(233,1,3,9)
r(68,1,3,9)
r(124,1,3,9)
w(129,3,3,9)
r(107,1,3,9)
r(316,1,3,9)
r(351,1,3,9)
w(163,2,3,9)
w(127,2,3,9)
r(85,2,3,9)
r(59,1,3,9)
w(140,2,3,9)
w(122,2,3,9)
r(31,1,3,9)
r(249,2,3,9)
w(168,2,3,9)
w(158,2,3,9)
r(318,1,3,9)
r(357,1,4,10)
r(184,1,4,10)
r(325,2,4,10)
w(221,2,4,10)
w(196,2,4,10)
w(239,2,4,10)
w(202,2,4,10)
r(335,1,4,10)
w(216,2,4,10)
r(276,1,4,10)
w(199,2,4,10)
r(80,2,4,10)
w(209,2,4,10)
r(314,1,4,10)
w(192,3,4,10)
r(168,1,4,10)
r(264,2,4,10)
w(183,2,4,10)
r(265,1,4,10)
w(229,2,4,10)
r(190,2,5,11)
r(217,1,5,11)
r(269,1,5,11)
r(133,1,5,11)
w(275,2,5,11)
w(245,2,5,11)
r(301,1,5,11)
w(251,2,5,11)
w(296,2,5,11)
r(255,1,5,11)
w(266,2,5,11)
w(246,2,5,11)
r(12,2,5,11)
r(215,1,5,11)
r(284,1,5,11)
w(252,2,5,11)
w(297,3,5,11)
w(286,2,5,11)
r(315,1,5,11)
w(292,2,5,11)
w(327,2,6,12)
r(68,1,6,12)
r(305,1,6,12)
w(330,2,6,12)
w(333,2,6,12)
r(203,1,6,12)
r(283,1,6,12)
r(241,1,6,12)
w(356,3,6,12)
w(316,2,6,12)
r(157,2,6,12)
r(295,1,6,12)
r(357,1,6,12)
r(157,2,6,12)
w(350,2,6,12)
r(55,1,6,12)
r(51,3,6,12)
w(353,3,6,12)
r(198,1,6,12)
r(86,1,6,12)
r(174,1,1,13)
w(12,3,1,13)
w(1,2,1,13)
r(335,1,1,13)
r(330,2,1,13)
w(36,3,1,13)
w(14,2,1,13)
r(330,2,1,13)
r(47,1,1,13)
w(52,2,1,13)
r(163,2,1,13)
w(57,2,1,13)
w(26,4,1,13)
w(33,3,1,13)
w(39,2,1,13)
r(284,1,1,13)
w(18,2,1,13)
r(216,2,1,13)
r(244,1,1,13)
w(36,4,1,13)
w(92,2,2,14)
r(237,1,2,14)
r(161,1,2,14)
r(248,2,2,14)
w(116,2,2,14)
w(102,2,2,14)
w(113,2,2,14)
r(136,1,2,14)
r(63,1,2,14)
w(79,2,2,14)
w(94,2,2,14)
r(110,2,2,14)
r(24,1,2,14)
w(84,3,2,14)
w(117,2,2,14)
r(54,1,2,14)
r(171,1,2,14)
r(34,1,2,14)
w(83,2,2,14)
w(96,2,2,14)
r(276,1,3,15)
r(235,1,3,15)
r(232,1,3,15)
w(137,2,3,15)
w(157,3,3,15)
w(135,2,3,15)
r(210,1,3,15)
r(144,2,3,15)
r(121,1,3,15)
w(150,2,3,15)
r(79,1,3,15)
r(351,1,3,15)
w(160,3,3,15)
r(240,1,3,15)
r(62,3,3,15)
r(294,1,3,15)
w(131,2,3,15)
r(141,1,3,15)
r(318,1,3,15)
w(178,3,3,15)
r(360,1,4,16)
r(37,1,4,16)
w(181,2,4,16)
r(245,2,4,16)
w(229,3,4,16)
w(203,2,4,16)
r(226,1,4,16)
w(228,2,4,16)
w(192,4,4,16)
r(354,1,4,16)
r(75,2,4,16)
w(223,2,4,16)
r(135,1,4,16)
w(236,2,4,16)
r(17,2,4,16)
r(198,1,4,16)
w(192,5,4,16)
r(58,1,4,16)
w(193,2,4,16)
r(94,1,4,16)
r(269,1,5,17)
w(273,2,5,17)
w(265,2,5,17)
r(44,2,5,17)
r(311,2,5,17)
w(293,2,5,17)
r(260,2,5,17)
w(247,2,5,17)
w(287,2,5,17)
w(293,3,5,17)
w(255,2,5,17)
r(13,2,5,17)
r(99,1,5,17)
w(246,3,5,17)
r(207,1,5,17)
w(287,3,5,17)
r(323,1,5,17)
w(265,3,5,17)
r(150,1,5,17)
r(219,1,5,17)
r(69,1,6,18)
w(345,3,6,18)
w(336,3,6,18)
w(345,4,6,18)
w(347,2,6,18)
w(304,2,6,18)
w(304,3,6,18)
r(260,2,6,18)
r(105,1,6,18)
r(165,1,6,18)
r(358,1,6,18)
w(329,2,6,18)
r(75,2,6,18)
w(316,3,6,18)
w(344,2,6,18)
r(77,1,6,18)
w(329,3,6,18)
w(345,5,6,18)
r(110,2,6,18)
w(313,3,6,18)
r(246,3,1,19)
w(24,2,1,19)
r(190,2,1,19)
w(1,3,1,19)
r(42,2,1,19)
r(236,2,1,19)
w(30,2,1,19)
w(23,2,1,19)
r(272,2,1,19)
r(241,1,1,19)
r(247,2,1,19)
r(250,1,1,19)
r(310,1,1,19)
w(52,3,1,19)
w(19,2,1,19)
w(9,2,1,19)
w(26,5,1,19)
r(34,1,1,19)
w(46,3,1,19)
w(22,2,1,19)
r(197,1,2,20)
w(88,2,2,20)
w(89,2,2,20)
w(96,3,2,20)
w(112,3,2,20)
r(7,3,2,20)
w(85,3,2,20)
w(118,2,2,20)
r(318,1,2,20)
r(97,1,2,20)
w(88,3,2,20)
r(261,1,2,20)
r(22,3,2,20)
w(99,2,2,20)
w(64,3,2,20)
w(67,2,2,20)
r(221,3,2,20)
r(238,3,2,20)
w(63,2,2,20)
w(114,2,2,20)
r(120,1,3,21)
w(167,4,3,21)
r(232,2,3,21)
w(127,3,3,21)
r(346,2,3,21)
r(31,1,3,21)
w(140,3,3,21)
w(171,2,3,21)
r(269,1,3,21)
r(337,2,3,21)
r(190,2,3,21)
w(124,2,3,21)
w(145,2,3,21)
w(161,3,3,21)
w(160,4,3,21)
r(174,1,3,21)
r(181,2,3,21)
r(152,1,3,21)
r(3,1,3,21)
r(186,1,3,21)
r(22,1,4,22)
w(214,2,4,22)
w(204,2,4,22)
r(259,2,4,22)
w(216,3,4,22)
r(52,2,4,22)
r(261,1,4,22)
r(167,1,4,22)
w(191,2,4,22)
w(196,3,4,22)
r(150,2,4,22)
w(182,3,4,22)
w(204,3,4,22)
w(220,3,4,22)
r(164,2,4,22)
w(221,3,4,22)
r(218,1,4,22)
w(215,2,4,22)
w(206,2,4,22)
w(232,2,4,22)
w(277,2,5,23)
w(293,4,5,23)
w(242,2,5,23)
w(284,2,5,23)
w(287,4,5,23)
w(266,3,5,23)
w(248,2,5,23)
r(272,1,5,23)
w(265,4,5,23)
w(243,3,5,23)
w(291,2,5,23)
r(275,2,5,23)
r(117,1,5,23)
r(223,2,5,23)
r(353,3,5,23)
w(292,3,5,23)
r(101,2,5,23)
r(351,1,5,23)
w(272,2,5,23)
w(283,2,5,23)
r(249,2,6,24)
r(358,1,6,24)
r(285,1,6,24)
r(54,1,6,24)
r(149,2,6,24)
w(341,2,6,24)
w(331,2,6,24)
w(310,2,6,24)
w(311,3,6,24)
w(301,2,6,24)
r(179,2,6,24)
r(88,1,6,24)
w(305,2,6,24)
r(19,2,6,24)
r(165,1,6,24)
r(62,3,6,24)
w(346,2,6,24)
w(340,2,6,24)
r(205,3,6,24)
r(98,1,6,24)
r(88,1,1,25)
r(290,1,1,25)
w(18,3,1,25)
w(38,2,1,25)
r(341,1,1,25)
r(102,2,1,25)
w(43,2,1,25)
w(34,2,1,25)
r(243,3,1,25)
w(7,3,1,25)
r(354,1,1,25)
r(177,1,1,25)
r(310,1,1,25)
r(121,1,1,25)
w(22,3,1,25)
r(168,2,1,25)
w(10,2,1,25)
r(135,2,1,25)
w(29,3,1,25)
w(32,2,1,25)
w(110,3,2,26)
w(108,2,2,26)
r(62,3,2,26)
r(330,2,2,26)
w(94,3,2,26)
r(28,2,2,26)
r(195,1,2,26)
w(64,4,2,26)
r(57,2,2,26)
w(70,3,2,26)
w(113,3,2,26)
w(66,2,2,26)
w(110,4,2,26)
r(31,1,2,26)
r(182,4,2,26)
r(181,2,2,26)
r(9,2,2,26)
w(78,3,2,26)
w(81,4,2,26)
r(276,1,2,26)
w(146,3,3,27)
r(175,1,3,27)
w(153,2,3,27)
w(179,3,3,27)
w(174,2,3,27)
r(237,1,3,27)
w(169,2,3,27)
r(47,1,3,27)
w(140,4,3,27)
w(127,4,3,27)
w(162,2,3,27)
w(177,2,3,27)
w(132,2,3,27)
r(5,1,3,27)
w(155,2,3,27)
r(187,1,3,27)
w(167,5,3,27)
w(154,2,3,27)
r(302,1,3,27)
w(146,4,3,27)
w(182,4,4,28)
r(351,1,4,28)
w(193,3,4,28)
w(240,2,4,28)
w(236,3,4,28)
w(194,3,4,28)
r(242,2,4,28)
w(238,3,4,28)
w(219,2,4,28)
w(193,4,4,28)
w(204,4,4,28)
w(188,2,4,28)
w(189,2,4,28)
r(153,1,4,28)
r(33,3,4,28)
w(227,2,4,28)
r(188,2,4,28)
r(78,2,4,28)
w(233,2,4,28)
w(216,4,4,28)
w(258,2,5,29)
r(252,2,5,29)
r(323,1,5,29)
r(213,1,5,29)
r(131,2,5,29)
r(163,2,5,29)
w(274,2,5,29)
w(247,3,5,29)
w(296,3,5,29)
r(168,2,5,29)
w(289,2,5,29)
r(154,1,5,29)
w(281,2,5,29)
w(248,3,5,29)
r(218,1,5,29)
w(259,3,5,29)
r(95,1,5,29)
r(222,2,5,29)
w(277,3,5,29)
r(111,1,5,29)
r(133,1,6,30)
r(98,1,6,30)
r(42,2,6,30)
r(232,2,6,30)
w(340,3,6,30)
r(349,2,6,30)
r(203,2,6,30)
r(96,3,6,30)
r(297,3,6,30)
w(347,3,6,30)
r(31,1,6,30)
r(336,3,6,30)
r(47,1,6,30)
w(333,3,6,30)
r(327,2,6,30)
w(358,2,6,30)
r(59,1,6,30)
r(348,1,6,30)
w(311,4,6,30)
r(351,1,6,30)
w(23,3,1,31)
r(93,1,1,31)
r(75,2,1,31)
r(279,1,1,31)
r(266,3,1,31)
w(32,3,1,31)
w(29,4,1,31)
w(20,2,1,31)
r(315,1,1,31)
w(38,3,1,31)
w(34,3,1,31)
w(50,2,1,31)
w(6,2,1,31)
r(192,5,1,31)
r(211,1,1,31)
r(18,3,1,31)
r(325,2,1,31)
w(16,6,1,31)
r(5,1,1,31)
r(275,2,1,31)
w(90,2,2,32)
r(109,1,2,32)
r(65,1,2,32)
w(115,2,2,32)
w(88,4,2,32)
w(67,4,2,32)
w(111,2,2,32)
r(142,1,2,32)
w(81,5,2,32)
r(90,2,2,32)
r(16,6,2,32)
w(106,2,2,32)
r(302,1,2,32)
w(93,2,2,32)
w(76,3,2,32)
r(200,1,2,32)
w(89,3,2,32)
w(82,2,2,32)
w(74,4,2,32)
r(69,1,2,32)
r(347,3,3,33)
w(171,3,3,33)
w(130,2,3,33)
w(153,3,3,33)
r(215,2,3,33)
w(171,4,3,33)
w(136,3,3,33)
r(251,4,3,33)
r(221,3,3,33)
w(180,3,3,33)
r(333,3,3,33)
w(179,4,3,33)
r(56,1,3,33)
r(275,2,3,33)
w(172,3,3,33)
w(125,2,3,33)
w(176,2,3,33)
r(193,4,3,33)
w(144,3,3,33)
r(135,2,3,33)
r(50,2,4,34)
r(58,1,4,34)
r(271,2,4,34)
w(213,3,4,34)
r(269,2,4,34)
w(227,3,4,34)
w(214,3,4,34)
w(228,3,4,34)
r(159,2,4,34)
r(83,2,4,34)
r(26,5,4,34)
r(218,1,4,34)
w(199,3,4,34)
w(234,2,4,34)
r(120,1,4,34)
w(212,2,4,34)
w(234,3,4,34)
r(169,2,4,34)
r(124,2,4,34)
r(25,1,4,34)
r(279,1,5,35)
r(168,2,5,35)
w(251,3,5,35)
r(209,2,5,35)
r(58,1,5,35)
r(287,4,5,35)
r(256,2,5,35)
w(277,4,5,35)
w(241,2,5,35)
r(301,2,5,35)
w(271,2,5,35)
r(207,1,5,35)
w(247,4,5,35)
r(139,2,5,35)
w(272,3,5,35)
w(283,3,5,35)
r(56,1,5,35)
w(260,3,5,35)
r(193,4,5,35)
r(224,3,5,35)
w(311,5,6,36)
w(311,6,6,36)
w(334,2,6,36)
r(219,2,6,36)
w(343,2,6,36)
w(345,6,6,36)
w(340,4,6,36)
w(354,2,6,36)
r(204,4,6,36)
r(164,2,6,36)
w(331,3,6,36)
w(314,2,6,36)
r(322,2,6,36)
w(342,2,6,36)
r(337,2,6,36)
r(128,1,6,36)
r(26,5,6,36)
r(117,2,6,36)
w(330,3,6,36)
r(201,1,6,36)
w(13,4,1,37)
w(40,2,1,37)
r(300,1,1,37)
w(53,2,1,37)
r(114,2,1,37)
w(4,2,1,37)
w(14,3,1,37)
r(4,2,1,37)
w(37,3,1,37)
w(33,4,1,37)
w(60,4,1,37)
r(54,1,1,37)
r(69,1,1,37)
r(271,2,1,37)
w(56,2,1,37)
r(10,2,1,37)
w(47,2,1,37)
r(247,5,1,37)
r(314,2,1,37)
r(293,4,1,37)
r(46,3,2,38)
w(118,4,2,38)
w(104,2,2,38)
w(91,3,2,38)
w(116,3,2,38)
r(268,1,2,38)
w(109,2,2,38)
r(17,2,2,38)
w(110,5,2,38)
r(342,3,2,38)
w(93,3,2,38)
r(71,1,2,38)
w(91,4,2,38)
r(64,4,2,38)
r(85,3,2,38)
r(179,4,2,38)
w(83,3,2,38)
r(88,4,2,38)
w(70,4,2,38)
r(121,1,2,38)
r(176,2,3,39)
r(215,2,3,39)
r(24,2,3,39)
r(278,2,3,39)
r(238,3,3,39)
w(162,3,3,39)
w(153,4,3,39)
w(180,4,3,39)
r(107,1,3,39)
w(152,2,3,39)
r(16,6,3,39)
r(261,2,3,39)
r(264,3,3,39)
w(135,3,3,39)
w(124,3,3,39)
r(97,1,3,39)
r(142,1,3,39)
r(106,2,3,39)
w(122,4,3,39)
w(135,4,3,39)
r(351,1,4,40)
r(336,3,4,40)
r(2,1,4,40)
w(202,3,4,40)
r(219,2,4,40)
w(228,4,4,40)
r(352,1,4,40)
w(184,2,4,40)
r(354,3,4,40)
r(154,2,4,40)
r(161,3,4,40)
r(206,2,4,40)
r(283,4,4,40)
r(10,3,4,40)
r(38,3,4,40)
r(170,1,4,40)
r(113,3,4,40)
r(231,1,4,40)
w(219,3,4,40)
r(114,2,4,40)
w(241,3,5,41)
w(245,3,5,41)
r(160,4,5,41)
r(5,1,5,41)
r(251,3,5,41)
w(257,2,5,41)
w(247,5,5,41)
w(274,3,5,41)
w(243,4,5,41)
r(91,1,5,41)
r(275,2,5,41)
w(246,4,5,41)
w(251,4,5,41)
r(257,2,5,41)
r(58,1,5,41)
w(261,2,5,41)
r(161,3,5,41)
r(9,2,5,41)
r(325,2,5,41)
w(269,2,5,41)
w(333,4,6,42)
r(231,1,6,42)
w(350,3,6,42)
w(318,2,6,42)
r(276,2,6,42)
w(346,3,6,42)
w(316,4,6,42)
r(208,1,6,42)
w(317,3,6,42)
w(354,3,6,42)
w(329,4,6,42)
w(341,3,6,42)
w(360,2,6,42)
w(356,4,6,42)
r(154,2,6,42)
r(90,1,6,42)
w(347,4,6,42)
r(147,2,6,42)
w(320,2,6,42)
r(78,3,6,42)
r(121,1,1,43)
r(324,1,1,43)
r(64,4,1,43)
r(102,2,1,43)
r(10,2,1,43)
w(51,5,1,43)
r(319,2,1,43)
r(336,3,1,43)
w(17,3,1,43)
w(55,2,1,43)
w(20,3,1,43)
r(226,1,1,43)
w(31,2,1,43)
r(171,4,1,43)
w(52,4,1,43)
r(49,1,1,43)
w(10,3,1,43)
w(47,3,1,43)
w(41,2,1,43)
w(17,4,1,43)
r(59,1,2,44)
r(223,2,2,44)
w(97,2,2,44)
w(103,3,2,44)
w(99,3,2,44)
w(106,3,2,44)
r(275,3,2,44)
r(242,4,2,44)
r(84,3,2,44)
r(184,2,2,44)
r(273,3,2,44)
r(254,2,2,44)
r(180,4,2,44)
r(71,1,2,44)
r(100,2,2,44)
r(343,2,2,44)
w(69,2,2,44)
w(69,3,2,44)
r(92,2,2,44)
w(61,4,2,44)
w(177,3,3,45)
r(233,2,3,45)
r(21,2,3,45)
r(248,4,3,45)
r(284,3,3,45)
w(172,4,3,45)
w(122,5,3,45)
w(168,4,3,45)
r(44,2,3,45)
r(170,1,3,45)
w(132,3,3,45)
r(114,2,3,45)
w(172,5,3,45)
r(5,1,3,45)
w(150,3,3,45)
w(142,2,3,45)
r(71,1,3,45)
r(237,1,3,45)
r(305,2,3,45)
r(307,1,3,45)
w(203,3,4,46)
w(227,4,4,46)
w(222,3,4,46)
w(182,5,4,46)
w(239,3,4,46)
r(14,4,4,46)
r(239,3,4,46)
r(186,1,4,46)
w(223,3,4,46)
r(143,1,4,46)
w(231,2,4,46)
r(46,3,4,46)
w(210,2,4,46)
r(150,3,4,46)
w(199,4,4,46)
w(193,5,4,46)
w(221,4,4,46)
r(195,1,4,46)
r(307,1,4,46)
w(210,3,4,46)
w(277,5,5,47)
r(319,1,5,47)
w(264,3,5,47)
w(276,2,5,47)
w(242,3,5,47)
r(330,3,5,47)
w(287,5,5,47)
r(109,1,5,47)
w(288,2,5,47)
r(294,1,5,47)
w(288,3,5,47)
r(76,2,5,47)
r(57,2,5,47)
w(255,3,5,47)
r(227,2,5,47)
w(278,2,5,47)
w(283,4,5,47)
r(64,4,5,47)
w(273,3,5,47)
r(276,2,5,47)
r(164,2,6,48)
w(311,7,6,48)
w(355,2,6,48)
r(114,2,6,48)
w(320,3,6,48)
r(173,2,6,48)
r(57,2,6,48)
w(317,4,6,48)
r(105,1,6,48)
r(298,1,6,48)
r(177,2,6,48)
r(190,2,6,48)
r(268,1,6,48)
w(328,2,6,48)
w(350,4,6,48)
w(344,3,6,48)
w(342,3,6,48)
w(319,2,6,48)
w(310,3,6,48)
r(59,1,6,48)
w(11,3,1,49)
w(13,5,1,49)
r(129,3,1,49)
r(264,3,1,49)
w(37,4,1,49)
r(146,4,1,49)
r(179,4,1,49)
r(245,3,1,49)
r(225,1,1,49)
w(22,4,1,49)
w(54,2,1,49)
r(275,3,1,49)
r(124,3,1,49)
w(7,4,1,49)
w(14,4,1,49)
r(328,2,1,49)
w(52,5,1,49)
w(24,5,1,49)
r(326,2,1,49)
r(130,2,1,49)
w(107,2,2,50)
w(120,3,2,50)
w(82,3,2,50)
w(78,4,2,50)
w(70,5,2,50)
r(325,2,2,50)
r(339,2,2,50)
w(88,5,2,50)
w(86,2,2,50)
r(215,2,2,50)
r(303,2,2,50)
r(320,3,2,50)
r(78,4,2,50)
r(239,3,2,50)
r(17,5,2,50)
w(63,3,2,50)
r(322,2,2,50)
r(307,1,2,50)
r(104,2,2,50)
r(241,3,2,50)
r(216,4,3,51)
w(123,2,3,51)
w(123,3,3,51)
w(170,2,3,51)
r(1,3,3,51)
r(124,3,3,51)
r(172,5,3,51)
r(250,2,3,51)
r(208,1,3,51)
w(148,3,3,51)
w(168,5,3,51)
w(155,3,3,51)
w(122,6,3,51)
w(158,3,3,51)
r(96,3,3,51)
r(126,1,3,51)
w(141,2,3,51)
r(34,3,3,51)
r(168,5,3,51)
w(166,2,3,51)
w(221,5,4,52)
w(199,5,4,52)
w(203,4,4,52)
w(233,3,4,52)
w(229,5,4,52)
w(184,3,4,52)
r(87,1,4,52)
w(209,3,4,52)
w(233,4,4,52)
w(200,2,4,52)
w(187,2,4,52)
r(102,2,4,52)
w(186,2,4,52)
w(214,4,4,52)
r(105,1,4,52)
r(188,2,4,52)
w(195,2,4,52)
w(202,4,4,52)
r(131,2,4,52)
r(200,2,4,52)
r(226,1,5,53)
w(284,3,5,53)
w(244,2,5,53)
r(2,1,5,53)
r(166,1,5,53)
r(60,1,5,53)
w(299,2,5,53)
r(186,1,5,53)
r(240,2,5,53)
r(259,3,5,53)
w(243,5,5,53)
w(280,2,5,53)
r(167,5,5,53)
w(275,3,5,53)
r(360,2,5,53)
r(25,1,5,53)
w(266,4,5,53)
w(255,4,5,53)
r(285,1,5,53)
w(248,4,5,53)
r(51,5,6,54)
r(298,1,6,54)
w(346,4,6,54)
r(86,1,6,54)
w(340,5,6,54)
w(313,4,6,54)
r(240,2,6,54)
w(314,3,6,54)
w(336,4,6,54)
w(301,3,6,54)
r(76,3,6,54)
w(352,2,6,54)
r(104,2,6,54)
w(356,5,6,54)
w(326,2,6,54)
r(158,2,6,54)
r(196,3,6,54)
r(291,2,6,54)
r(244,3,6,54)
r(57,2,6,54)
r(167,5,1,55)
r(11,3,1,55)
w(12,4,1,55)
w(50,3,1,55)
r(257,2,1,55)
r(344,3,1,55)
w(25,2,1,55)
w(17,5,1,55)
w(42,3,1,55)
r(155,2,1,55)
r(225,1,1,55)
w(40,3,1,55)
r(151,1,1,55)
w(50,4,1,55)
w(9,3,1,55)
w(28,4,1,55)
r(292,3,1,55)
w(36,5,1,55)
r(40,3,1,55)
w(12,5,1,55)
r(336,6,2,56)
w(118,5,2,56)
r(102,2,2,56)
w(61,5,2,56)
w(94,4,2,56)
r(111,2,2,56)
w(119,2,2,56)
r(336,6,2,56)
w(62,4,2,56)
w(89,4,2,56)
r(64,4,2,56)
w(111,3,2,56)
r(358,2,2,56)
r(283,4,2,56)
r(272,4,2,56)
w(76,4,2,56)
r(103,3,2,56)
r(246,6,2,56)
w(110,6,2,56)
w(73,2,2,56)
w(178,4,3,57)
r(310,3,3,57)
r(285,2,3,57)
r(264,3,3,57)
w(144,4,3,57)
r(287,6,3,57)
r(43,2,3,57)
r(139,2,3,57)
r(304,4,3,57)
w(176,3,3,57)
w(151,2,3,57)
w(166,3,3,57)
r(121,1,3,57)
w(137,3,3,57)
w(135,5,3,57)
r(30,2,3,57)
r(225,2,3,57)
w(156,2,3,57)
w(160,5,3,57)
r(244,3,3,57)
w(229,6,4,58)
r(355,2,4,58)
w(206,3,4,58)
w(210,4,4,58)
r(96,3,4,58)
w(225,2,4,58)
w(237,2,4,58)
r(152,2,4,58)
w(227,5,4,58)
r(142,2,4,58)
r(341,4,4,58)
w(191,3,4,58)
w(188,3,4,58)
w(207,2,4,58)
r(332,3,4,58)
w(193,6,4,58)
r(296,4,4,58)
r(346,4,4,58)
r(339,2,4,58)
r(310,3,4,58)
w(261,3,5,59)
r(239,2,5,59)
r(32,3,5,59)
w(286,3,5,59)
w(260,4,5,59)
r(123,1,5,59)
w(251,5,5,59)
w(287,6,5,59)
w(250,2,5,59)
r(118,4,5,59)
w(297,4,5,59)
w(244,3,5,59)
r(18,3,5,59)
r(186,1,5,59)
r(74,4,5,59)
r(110,5,5,59)
w(242,4,5,59)
r(99,2,5,59)
r(169,2,5,59)
r(273,3,5,59)
r(229,3,6,60)
r(250,2,6,60)
r(314,3,6,60)
r(186,1,6,60)
w(314,4,6,60)
w(339,2,6,60)
w(311,8,6,60)
r(90,2,6,60)
r(121,1,6,60)
r(85,3,6,60)
r(91,4,6,60)
w(301,4,6,60)
w(332,2,6,60)
r(83,3,6,60)
r(133,1,6,60)
r(330,3,6,60)
r(130,2,6,60)
w(328,3,6,60)
w(341,4,6,60)
r(140,4,6,60)
r(225,1,1,61)
w(47,4,1,61)
r(323,2,1,61)
r(340,5,1,61)
r(55,2,1,61)
w(4,3,1,61)
w(20,4,1,61)
r(76,3,1,61)
r(217,1,1,61)
r(3,1,1,61)
r(77,1,1,61)
r(93,3,1,61)
r(18,3,1,61)
r(51,5,1,61)
r(77,1,1,61)
r(314,4,1,61)
r(86,2,1,61)
w(4,4,1,61)
w(10,4,1,61)
w(34,4,1,61)
r(61,5,2,62)
w(68,2,2,62)
r(7,4,2,62)
w(73,3,2,62)
r(191,3,2,62)
w(100,3,2,62)
w(106,4,2,62)
w(96,4,2,62)
w(64,5,2,62)
w(100,4,2,62)
r(104,2,2,62)
r(346,4,2,62)
r(44,2,2,62)
r(126,1,2,62)
w(68,3,2,62)
w(94,5,2,62)
w(95,2,2,62)
r(69,3,2,62)
w(113,4,2,62)
w(103,4,2,62)
w(162,4,3,63)
w(130,3,3,63)
w(135,6,3,63)
r(201,1,3,63)
r(71,1,3,63)
w(178,5,3,63)
w(158,4,3,63)
w(155,4,3,63)
w(173,3,3,63)
w(139,3,3,63)
w(161,4,3,63)
r(237,2,3,63)
w(137,4,3,63)
r(343,3,3,63)
r(303,2,3,63)
r(240,2,3,63)
r(311,8,3,63)
r(318,2,3,63)
w(174,3,3,63)
r(317,4,3,63)
w(208,3,4,64)
r(318,2,4,64)
w(182,6,4,64)
r(289,2,4,64)
w(223,4,4,64)
w(236,4,4,64)
w(231,3,4,64)
r(259,3,4,64)
w(229,7,4,64)
r(131,2,4,64)
w(199,6,4,64)
r(6,2,4,64)
r(314,5,4,64)
w(221,6,4,64)
w(185,2,4,64)
r(297,4,4,64)
r(67,4,4,64)
w(225,3,4,64)
r(45,1,4,64)
r(312,2,4,64)
r(137,2,5,65)
r(287,6,5,65)
r(197,1,5,65)
r(18,3,5,65)
r(185,1,5,65)
r(83,3,5,65)
r(126,1,5,65)
r(328,2,5,65)
r(354,3,5,65)
w(258,3,5,65)
w(246,5,5,65)
w(255,5,5,65)
w(266,5,5,65)
r(9,2,5,65)
r(224,3,5,65)
w(262,2,5,65)
r(256,2,5,65)
w(272,4,5,65)
w(268,2,5,65)
w(247,6,5,65)
w(326,3,6,66)
r(88,4,6,66)
r(202,3,6,66)
w(336,5,6,66)
w(336,6,6,66)
w(303,2,6,66)
r(3,1,6,66)
r(125,2,6,66)
w(338,2,6,66)
r(270,1,6,66)
r(346,4,6,66)
w(332,3,6,66)
w(315,2,6,66)
r(22,4,6,66)
r(72,1,6,66)
r(201,1,6,66)
w(326,4,6,66)
w(342,4,6,66)
r(251,5,6,66)
w(323,2,6,66)
r(347,5,1,67)
r(314,5,1,67)
w(21,3,1,67)
r(184,3,1,67)
r(165,1,1,67)
r(115,2,1,67)
r(119,2,1,67)
w(23,4,1,67)
r(108,2,1,67)
w(28,5,1,67)
w(5,2,1,67)
w(45,2,1,67)
w(33,5,1,67)
r(275,4,1,67)
r(160,5,1,67)
w(5,3,1,67)
r(243,5,1,67)
r(320,3,1,67)
r(284,3,1,67)
w(24,6,1,67)
w(98,2,2,68)
w(104,3,2,68)
r(308,3,2,68)
r(243,5,2,68)
r(302,1,2,68)
w(110,7,2,68)
r(146,4,2,68)
r(275,4,2,68)
w(84,4,2,68)
w(70,6,2,68)
w(95,3,2,68)
w(70,7,2,68)
r(207,2,2,68)
w(84,5,2,68)
r(307,2,2,68)
w(117,4,2,68)
w(99,4,2,68)
r(204,4,2,68)
w(87,2,2,68)
r(21,3,2,68)
w(144,5,3,69)
r(216,4,3,69)
r(302,1,3,69)
w(149,4,3,69)
r(63,3,3,69)
r(314,5,3,69)
w(176,4,3,69)
w(159,3,3,69)
r(160,5,3,69)
w(169,3,3,69)
w(125,3,3,69)
r(100,4,3,69)
r(85,3,3,69)
r(266,6,3,69)
w(159,4,3,69)
r(188,3,3,69)
r(175,1,3,69)
r(195,3,3,69)
r(348,1,3,69)
r(318,3,3,69)
w(187,3,4,70)
r(124,3,4,70)
r(10,4,4,70)
r(76,4,4,70)
w(187,4,4,70)
w(226,3,4,70)
w(203,5,4,70)
w(202,5,4,70)
r(297,4,4,70)
r(94,5,4,70)
r(98,1,4,70)
w(225,4,4,70)
r(219,3,4,70)
r(10,4,4,70)
r(351,1,4,70)
r(144,4,4,70)
w(210,5,4,70)
w(195,3,4,70)
w(224,4,4,70)
r(142,2,4,70)
w(246,6,5,71)
w(279,2,5,71)
w(299,3,5,71)
r(164,2,5,71)
r(49,1,5,71)
r(264,3,5,71)
r(279,2,5,71)
w(273,4,5,71)
w(255,6,5,71)
r(141,1,5,71)
r(28,4,5,71)
w(247,7,5,71)
r(253,1,5,71)
r(321,1,5,71)
r(332,3,5,71)
r(44,2,5,71)
r(57,2,5,71)
r(192,5,5,71)
w(296,4,5,71)
w(285,2,5,71)
r(328,3,6,72)
w(343,3,6,72)
w(347,5,6,72)
w(304,4,6,72)
w(321,2,6,72)
w(312,2,6,72)
w(344,4,6,72)
w(327,3,6,72)
w(305,3,6,72)
w(325,3,6,72)
r(4,2,6,72)
w(331,4,6,72)
w(306,2,6,72)
w(331,5,6,72)
r(196,3,6,72)
r(216,4,6,72)
w(352,3,6,72)
r(189,2,6,72)
w(344,5,6,72)
r(223,3,6,72)
r(165,1,1,73)
w(50,5,1,73)
r(111,3,1,73)
r(352,3,1,73)
w(50,6,1,73)
w(36,6,1,73)
w(34,5,1,73)
r(221,6,1,73)
r(177,3,1,73)
w(29,5,1,73)
w(31,3,1,73)
w(9,4,1,73)
w(51,6,1,73)
w(38,4,1,73)
w(43,3,1,73)
w(15,2,1,73)
w(40,4,1,73)
w(9,5,1,73)
w(21,4,1,73)
w(55,3,1,73)
r(342,5,2,74)
w(100,5,2,74)
r(116,3,2,74)
r(32,3,2,74)
r(305,3,2,74)
r(271,2,2,74)
w(64,6,2,74)
w(76,5,2,74)
w(77,2,2,74)
r(47,4,2,74)
w(61,6,2,74)
r(289,2,2,74)
w(69,4,2,74)
r(198,1,2,74)
w(112,4,2,74)
r(271,2,2,74)
w(78,5,2,74)
r(54,2,2,74)
w(90,3,2,74)
w(61,7,2,74)
r(97,2,3,75)
w(164,3,3,75)
r(308,3,3,75)
r(177,3,3,75)
r(149,4,3,75)
r(49,1,3,75)
w(145,3,3,75)
w(144,6,3,75)
w(138,2,3,75)
w(135,7,3,75)
r(311,8,3,75)
r(122,6,3,75)
w(151,3,3,75)
r(46,3,3,75)
w(173,4,3,75)
r(156,2,3,75)
r(229,7,3,75)
r(209,4,3,75)
r(97,2,3,75)
w(140,5,3,75)
w(217,2,4,76)
r(41,2,4,76)
w(212,3,4,76)
w(237,3,4,76)
r(340,5,4,76)
w(234,4,4,76)
w(212,4,4,76)
w(185,3,4,76)
r(59,1,4,76)
w(209,4,4,76)
r(265,7,4,76)
w(230,2,4,76)
w(214,5,4,76)
r(73,3,4,76)
w(219,4,4,76)
r(92,2,4,76)
r(125,3,4,76)
r(82,3,4,76)
r(45,2,4,76)
r(65,1,4,76)
r(275,3,5,77)
r(109,2,5,77)
r(97,2,5,77)
r(154,2,5,77)
r(282,1,5,77)
r(99,3,5,77)
w(255,7,5,77)
r(63,3,5,77)
w(285,3,5,77)
w(265,5,5,77)
r(132,3,5,77)
w(274,4,5,77)
w(285,4,5,77)
w(262,3,5,77)
w(268,3,5,77)
w(275,4,5,77)
r(232,2,5,77)
r(223,3,5,77)
r(144,4,5,77)
w(296,5,5,77)
r(143,1,6,78)
w(326,5,6,78)
w(359,2,6,78)
r(7,4,6,78)
w(315,3,6,78)
w(336,7,6,78)
r(244,3,6,78)
w(328,4,6,78)
w(323,3,6,78)
r(166,3,6,78)
w(332,4,6,78)
r(295,1,6,78)
w(325,4,6,78)
r(128,1,6,78)
w(342,5,6,78)
w(314,5,6,78)
r(32,3,6,78)
w(308,3,6,78)
w(307,2,6,78)
w(304,5,6,78)
r(325,5,1,79)
r(122,6,1,79)
w(9,6,1,79)
w(6,3,1,79)
r(123,3,1,79)
r(137,4,1,79)
w(47,5,1,79)
w(60,5,1,79)
w(53,3,1,79)
w(49,2,1,79)
w(44,3,1,79)
w(40,5,1,79)
w(12,6,1,79)
r(214,5,1,79)
r(132,3,1,79)
w(41,3,1,79)
r(167,5,1,79)
r(353,3,1,79)
w(35,2,1,79)
r(278,2,1,79)
w(80,3,2,80)
r(138,2,2,80)
w(104,4,2,80)
r(242,4,2,80)
w(93,4,2,80)
w(89,5,2,80)
w(105,2,2,80)
w(118,6,2,80)
r(262,3,2,80)
w(79,3,2,80)
r(203,5,2,80)
r(142,2,2,80)
r(65,1,2,80)
w(61,8,2,80)
r(233,4,2,80)
w(75,4,2,80)
r(167,5,2,80)
r(294,1,2,80)
w(118,7,2,80)
w(74,5,2,80)
r(291,2,3,81)
r(205,3,3,81)
r(354,4,3,81)
w(148,4,3,81)
r(216,4,3,81)
r(291,2,3,81)
r(125,3,3,81)
w(121,2,3,81)
r(197,1,3,81)
w(136,4,3,81)
r(42,3,3,81)
w(125,4,3,81)
r(168,5,3,81)
r(200,2,3,81)
w(151,4,3,81)
r(115,2,3,81)
w(171,5,3,81)
r(57,2,3,81)
w(149,5,3,81)
r(257,2,3,81)
r(233,4,4,82)
w(220,4,4,82)
r(222,3,4,82)
r(307,2,4,82)
r(256,2,4,82)
r(264,3,4,82)
w(225,5,4,82)
r(287,6,4,82)
w(232,4,4,82)
r(99,4,4,82)
r(89,4,4,82)
w(189,3,4,82)
r(112,4,4,82)
r(284,3,4,82)
w(227,6,4,82)
w(231,4,4,82)
r(24,6,4,82)
r(95,3,4,82)
r(329,4,4,82)
w(210,6,4,82)
w(263,2,5,83)
w(266,6,5,83)
r(193,6,5,83)
r(84,3,5,83)
r(103,4,5,83)
r(90,2,5,83)
r(299,3,5,83)
w(261,4,5,83)
r(119,2,5,83)
w(245,4,5,83)
r(118,5,5,83)
w(265,6,5,83)
w(250,3,5,83)
r(169,2,5,83)
w(265,7,5,83)
r(185,2,5,83)
r(177,3,5,83)
r(252,2,5,83)
r(32,3,5,83)
r(256,2,5,83)
w(337,3,6,84)
w(318,3,6,84)
r(80,2,6,84)
r(284,3,6,84)
r(76,4,6,84)
r(88,5,6,84)
w(306,3,6,84)
w(304,6,6,84)
r(318,3,6,84)
w(316,5,6,84)
r(184,3,6,84)
w(310,4,6,84)
w(331,6,6,84)
r(294,1,6,84)
r(10,4,6,84)
r(64,5,6,84)
w(327,4,6,84)
r(272,4,6,84)
r(121,1,6,84)
w(343,4,6,84)
r(51,6,1,85)
w(3,2,1,85)
r(251,6,1,85)
w(8,2,1,85)
w(58,2,1,85)
r(41,3,1,85)
r(160,5,1,85)
r(152,2,1,85)
r(358,2,1,85)
r(70,7,1,85)
w(14,5,1,85)
r(320,3,1,85)
r(5,3,1,85)
w(38,5,1,85)
r(59,1,1,85)
r(221,7,1,85)
w(27,3,1,85)
r(345,7,1,85)
r(237,3,1,85)
r(86,2,1,85)
w(92,3,2,86)
r(255,8,2,86)
w(104,5,2,86)
r(333,4,2,86)
r(79,3,2,86)
w(114,4,2,86)
r(75,4,2,86)
w(106,5,2,86)
r(246,6,2,86)
w(65,3,2,86)
w(119,3,2,86)
r(75,4,2,86)
r(18,3,2,86)
r(12,6,2,86)
r(228,4,2,86)
r(307,2,2,86)
w(80,4,2,86)
r(236,5,2,86)
r(87,2,2,86)
r(100,5,2,86)
w(178,6,3,87)
w(129,4,3,87)
r(133,1,3,87)
r(82,3,3,87)
r(266,7,3,87)
w(136,5,3,87)
r(336,8,3,87)
w(166,4,3,87)
r(280,2,3,87)
w(166,5,3,87)
r(156,2,3,87)
w(147,3,3,87)
r(310,4,3,87)
w(132,4,3,87)
w(163,3,3,87)
r(30,2,3,87)
r(322,3,3,87)
r(317,4,3,87)
r(211,1,3,87)
w(165,2,3,87)
r(51,6,4,88)
r(318,3,4,88)
r(27,2,4,88)
w(223,5,4,88)
w(203,6,4,88)
r(228,4,4,88)
r(15,2,4,88)
r(168,5,4,88)
w(236,5,4,88)
w(193,7,4,88)
w(221,7,4,88)
r(209,4,4,88)
r(8,1,4,88)
r(11,3,4,88)
w(233,5,4,88)
w(239,4,4,88)
w(205,5,4,88)
r(348,2,4,88)
w(192,6,4,88)
w(194,4,4,88)
w(276,3,5,89)
r(92,2,5,89)
r(357,1,5,89)
r(136,3,5,89)
w(285,5,5,89)
w(259,4,5,89)
w(263,3,5,89)
w(255,8,5,89)
r(311,8,5,89)
w(258,4,5,89)
r(326,5,5,89)
w(266,7,5,89)
r(89,4,5,89)
r(271,2,5,89)
w(296,6,5,89)
w(243,6,5,89)
w(296,7,5,89)
w(277,6,5,89)
w(251,6,5,89)
w(275,5,5,89)
w(354,4,6,90)
w(325,5,6,90)
w(330,4,6,90)
w(311,9,6,90)
w(328,5,6,90)
w(303,3,6,90)
r(184,3,6,90)
r(35,1,6,90)
w(309,2,6,90)
w(304,7,6,90)
w(340,6,6,90)
w(323,4,6,90)
r(72,1,6,90)
w(360,3,6,90)
w(344,6,6,90)
r(161,4,6,90)
w(359,3,6,90)
w(304,8,6,90)
r(3,1,6,90)
w(348,2,6,90)
r(52,5,1,91)
w(24,7,1,91)
w(14,6,1,91)
r(20,4,1,91)
w(38,6,1,91)
r(117,4,1,91)
w(47,6,1,91)
r(264,3,1,91)
r(3,2,1,91)
w(47,7,1,91)
w(47,8,1,91)
w(25,3,1,91)
w(36,7,1,91)
r(91,4,1,91)
r(246,6,1,91)
r(218,1,1,91)
r(350,4,1,91)
r(32,3,1,91)
w(7,5,1,91)
r(29,5,1,91)
w(66,3,2,92)
r(269,3,2,92)
w(69,5,2,92)
r(266,7,2,92)
w(106,6,2,92)
r(198,1,2,92)
r(286,3,2,92)
w(107,3,2,92)
r(63,3,2,92)
r(247,7,2,92)
w(92,4,2,92)
r(48,1,2,92)
r(308,3,2,92)
w(71,2,2,92)
w(84,6,2,92)
w(112,5,2,92)
w(71,3,2,92)
r(121,2,2,92)
w(92,5,2,92)
r(265,7,2,92)
w(150,4,3,93)
w(147,4,3,93)
r(116,4,3,93)
r(17,5,3,93)
r(165,2,3,93)
w(148,5,3,93)
r(220,4,3,93)
w(148,6,3,93)
r(189,3,3,93)
w(167,6,3,93)
r(51,6,3,93)
r(180,4,3,93)
r(9,6,3,93)
r(31,3,3,93)
r(77,2,3,93)
r(272,5,3,93)
r(97,2,3,93)
w(138,3,3,93)
r(74,5,3,93)
r(201,1,3,93)
w(213,4,4,94)
w(237,4,4,94)
r(222,3,4,94)
r(160,5,4,94)
r(64,6,4,94)
w(230,3,4,94)
w(216,6,4,94)
w(197,4,4,94)
r(170,2,4,94)
r(160,5,4,94)
w(217,3,4,94)
r(239,4,4,94)
w(240,3,4,94)
w(219,5,4,94)
r(328,5,4,94)
w(216,7,4,94)
w(192,7,4,94)
w(198,2,4,94)
r(25,2,4,94)
w(238,4,4,94)
r(100,5,5,95)
w(299,4,5,95)
r(129,3,5,95)
w(294,2,5,95)
r(254,2,5,95)
r(152,2,5,95)
w(245,5,5,95)
r(103,4,5,95)
w(254,3,5,95)
r(356,5,5,95)
r(295,1,5,95)
r(214,5,5,95)
w(241,4,5,95)
w(275,6,5,95)
r(10,4,5,95)
w(270,2,5,95)
w(269,3,5,95)
w(273,5,5,95)
w(271,3,5,95)
r(235,1,5,95)
w(329,5,6,96)
r(16,6,6,96)
w(319,3,6,96)
w(312,4,6,96)
w(303,4,6,96)
w(347,6,6,96)
w(312,5,6,96)
w(314,6,6,96)
w(352,4,6,96)
r(52,5,6,96)
r(55,3,6,96)
w(336,8,6,96)
w(345,7,6,96)
w(322,3,6,96)
r(203,6,6,96)
w(316,6,6,96)
r(268,3,6,96)
r(69,4,6,96)
r(354,4,6,96)
w(337,4,6,96)
w(33,6,1,97)
w(56,3,1,97)
w(38,7,1,97)
r(38,7,1,97)
r(221,7,1,97)
w(34,6,1,97)
w(35,3,1,97)
r(63,3,1,97)
w(44,4,1,97)
r(283,5,1,97)
r(78,5,1,97)
r(334,3,1,97)
w(38,8,1,97)
r(264,3,1,97)
w(30,4,1,97)
r(304,8,1,97)
r(340,6,1,97)
r(26,5,1,97)
w(57,3,1,97)
r(186,4,1,97)
w(64,7,2,98)
r(176,4,2,98)
r(170,2,2,98)
r(107,3,2,98)
r(265,7,2,98)
w(91,5,2,98)
w(67,5,2,98)
w(72,2,2,98)
r(170,2,2,98)
r(229,7,2,98)
w(113,5,2,98)
r(99,4,2,98)
r(43,3,2,98)
w(116,4,2,98)
r(103,4,2,98)
r(250,4,2,98)
w(76,6,2,98)
r(224,4,2,98)
w(75,5,2,98)
w(69,6,2,98)
r(213,5,3,99)
r(164,3,3,99)
r(93,4,3,99)
r(305,3,3,99)
r(136,5,3,99)
r(72,2,3,99)
r(214,5,3,99)
r(352,4,3,99)
w(172,6,3,99)
r(118,7,3,99)
w(135,8,3,99)
w(126,2,3,99)
r(350,5,3,99)
w(136,6,3,99)
r(206,3,3,99)
r(149,5,3,99)
w(138,4,3,99)
w(160,6,3,99)
w(149,6,3,99)
r(23,4,3,99)
r(273,5,4,100)
w(226,4,4,100)
w(235,2,4,100)
r(220,4,4,100)
w(194,5,4,100)
r(100,5,4,100)
r(137,4,4,100)
r(230,3,4,100)
w(202,6,4,100)
w(186,3,4,100)
r(348,2,4,100)
r(193,7,4,100)
r(53,3,4,100)
w(186,4,4,100)
w(229,8,4,100)
r(324,1,4,100)
r(200,2,4,100)
w(190,3,4,100)
w(213,5,4,100)
r(66,3,4,100)
r(304,8,5,101)
w(248,5,5,101)
r(53,3,5,101)
r(43,3,5,101)
w(289,3,5,101)
r(154,2,5,101)
r(324,1,5,101)
r(206,3,5,101)
r(64,6,5,101)
r(152,2,5,101)
w(288,4,5,101)
w(289,4,5,101)
r(28,5,5,101)
w(283,5,5,101)
r(357,1,5,101)
r(347,5,5,101)
w(257,3,5,101)
r(167,5,5,101)
w(299,5,5,101)
r(204,4,5,101)
r(286,3,6,102)
w(317,5,6,102)
w(317,6,6,102)
w(306,6,6,102)
r(97,2,6,102)
r(172,5,6,102)
w(347,7,6,102)
r(354,4,6,102)
w(329,6,6,102)
r(95,3,6,102)
r(308,3,6,102)
w(337,5,6,102)
w(338,3,6,102)
w(349,3,6,102)
w(359,4,6,102)
r(152,2,6,102)
r(283,5,6,102)
r(268,3,6,102)
r(146,4,6,102)
w(344,7,6,102)
w(5,4,1,103)
r(84,7,1,103)
r(24,7,1,103)
w(33,7,1,103)
r(258,6,1,103)
r(251,6,1,103)
w(15,3,1,103)
w(33,8,1,103)
w(57,4,1,103)
r(319,3,1,103)
w(53,4,1,103)
r(347,7,1,103)
r(123,3,1,103)
w(23,5,1,103)
r(44,4,1,103)
r(233,5,1,103)
r(170,2,1,103)
w(52,6,1,103)
w(44,5,1,103)
r(307,2,1,103)
w(87,3,2,104)
r(164,3,2,104)
w(105,3,2,104)
w(84,7,2,104)
w(69,7,2,104)
r(345,7,2,104)
r(290,3,2,104)
r(197,4,2,104)
r(307,2,2,104)
w(91,6,2,104)
r(312,5,2,104)
w(119,4,2,104)
w(112,6,2,104)
w(87,4,2,104)
r(300,1,2,104)
w(100,6,2,104)
w(63,4,2,104)
r(318,3,2,104)
w(67,6,2,104)
w(83,4,2,104)
w(123,4,3,105)
w(140,6,3,105)
r(13,5,3,105)
r(129,4,3,105)
r(286,3,3,105)
w(176,5,3,105)
r(199,6,3,105)
r(276,4,3,105)
r(202,6,3,105)
r(337,5,3,105)
r(327,4,3,105)
r(274,4,3,105)
w(145,4,3,105)
w(132,5,3,105)
r(265,8,3,105)
w(129,5,3,105)
w(162,5,3,105)
w(160,7,3,105)
w(160,8,3,105)
w(133,3,3,105)
r(110,7,4,106)
r(332,4,4,106)
r(350,5,4,106)
r(227,6,4,106)
w(207,3,4,106)
w(203,7,4,106)
w(204,5,4,106)
r(207,3,4,106)
w(210,7,4,106)
w(224,5,4,106)
r(325,6,4,106)
r(345,7,4,106)
r(352,4,4,106)
w(215,4,4,106)
w(222,4,4,106)
w(209,5,4,106)
w(184,4,4,106)
r(40,5,4,106)
r(38,8,4,106)
r(243,6,4,106)
w(259,5,5,107)
w(253,2,5,107)
r(114,4,5,107)
r(48,1,5,107)
r(326,5,5,107)
w(266,8,5,107)
r(325,5,5,107)
w(241,5,5,107)
w(250,4,5,107)
r(187,4,5,107)
w(272,5,5,107)
r(331,6,5,107)
w(297,5,5,107)
r(154,2,5,107)
r(53,3,5,107)
r(25,2,5,107)
r(103,4,5,107)
w(291,3,5,107)
r(6,3,5,107)
w(276,4,5,107)
w(338,4,6,108)
r(349,3,6,108)
r(214,5,6,108)
w(316,7,6,108)
w(334,3,6,108)
r(159,4,6,108)
r(347,7,6,108)
r(282,1,6,108)
r(277,6,6,108)
r(332,4,6,108)
r(19,2,6,108)
r(189,3,6,108)
w(350,5,6,108)
r(8,2,6,108)
w(325,6,6,108)
w(356,7,6,108)
r(153,4,6,108)
w(333,5,6,108)
r(214,5,6,108)
r(305,3,6,108)
r(129,5,1,109)
w(31,4,1,109)
r(136,6,1,109)
w(33,9,1,109)
w(49,3,1,109)
w(42,4,1,109)
r(17,5,1,109)
w(22,5,1,109)
r(235,2,1,109)
w(48,2,1,109)
w(33,10,1,109)
r(76,6,1,109)
r(77,2,1,109)
w(37,5,1,109)
w(56,4,1,109)
r(114,4,1,109)
r(95,3,1,109)
w(8,3,1,109)
w(13,6,1,109)
w(55,4,1,109)
r(169,3,2,110)
r(28,5,2,110)
r(60,5,2,110)
r(341,4,2,110)
r(72,2,2,110)
r(95,3,2,110)
w(62,5,2,110)
w(98,3,2,110)
r(230,3,2,110)
w(78,6,2,110)
r(46,3,2,110)
r(271,3,2,110)
r(64,7,2,110)
w(92,6,2,110)
w(98,4,2,110)
w(68,4,2,110)
r(38,8,2,110)
w(63,5,2,110)
w(66,4,2,110)
w(94,6,2,110)
w(172,7,3,111)
w(170,3,3,111)
w(178,7,3,111)
w(156,3,3,111)
w(173,5,3,111)
r(84,7,3,111)
r(78,6,3,111)
r(1,3,3,111)
r(326,5,3,111)
w(150,5,3,111)
r(306,6,3,111)
r(343,4,3,111)
r(29,5,3,111)
w(155,5,3,111)
w(141,3,3,111)
w(151,5,3,111)
r(48,2,3,111)
r(218,1,3,111)
w(160,9,3,111)
r(128,1,3,111)
r(111,3,4,112)
r(146,4,4,112)
r(161,4,4,112)
r(196,3,4,112)
w(186,5,4,112)
r(12,6,4,112)
r(35,3,4,112)
r(316,7,4,112)
w(208,4,4,112)
w(238,5,4,112)
r(232,4,4,112)
w(225,6,4,112)
r(40,5,4,112)
w(232,5,4,112)
r(269,3,4,112)
w(213,6,4,112)
r(236,5,4,112)
w(193,8,4,112)
r(13,5,4,112)
w(230,4,4,112)
r(262,3,5,113)
w(290,2,5,113)
w(290,3,5,113)
w(258,5,5,113)
r(155,4,5,113)
w(246,7,5,113)
r(171,5,5,113)
w(262,4,5,113)
w(287,7,5,113)
r(291,3,5,113)
r(48,1,5,113)
r(284,3,5,113)
w(258,6,5,113)
r(165,2,5,113)
w(284,4,5,113)
w(249,3,5,113)
w(266,9,5,113)
r(154,2,5,113)
r(174,3,5,113)
r(311,9,5,113)
w(312,6,6,114)
r(169,3,6,114)
w(310,5,6,114)
w(336,9,6,114)
r(148,6,6,114)
r(30,4,6,114)
r(231,4,6,114)
w(322,4,6,114)
w(324,2,6,114)
r(28,5,6,114)
w(318,5,6,114)
r(233,5,6,114)
w(342,6,6,114)
w(340,7,6,114)
r(30,4,6,114)
r(22,4,6,114)
r(244,3,6,114)
w(315,4,6,114)
w(302,2,6,114)
w(336,10,6,114)
r(3,2,1,115)
r(38,8,1,115)
w(38,9,1,115)
r(130,3,1,115)
r(343,4,1,115)
w(57,5,1,115)
r(282,1,1,115)
w(39,3,1,115)
w(26,6,1,115)
w(59,2,1,115)
w(30,5,1,115)
w(57,6,1,115)
r(330,4,1,115)
r(346,5,1,115)
w(54,3,1,115)
w(56,5,1,115)
w(11,4,1,115)
w(39,4,1,115)
r(15,3,1,115)
w(53,5,1,115)
w(90,4,2,116)
w(89,6,2,116)
r(265,8,2,116)
w(86,3,2,116)
w(109,3,2,116)
w(110,8,2,116)
r(344,7,2,116)
r(355,2,2,116)
w(96,5,2,116)
r(292,3,2,116)
r(130,3,2,116)
w(71,4,2,116)
r(65,3,2,116)
r(109,3,2,116)
r(236,5,2,116)
w(94,7,2,116)
r(227,6,2,116)
r(174,3,2,116)
w(88,6,2,116)
r(198,2,2,116)
r(76,6,3,117)
r(275,6,3,117)
r(20,4,3,117)
w(169,4,3,117)
w(157,4,3,117)
w(147,5,3,117)
r(204,6,3,117)
r(225,7,3,117)
r(164,3,3,117)
r(177,3,3,117)
w(155,6,3,117)
w(133,4,3,117)
w(128,2,3,117)
r(235,2,3,117)
r(212,4,3,117)
w(151,6,3,117)
w(165,3,3,117)
w(161,5,3,117)
r(275,6,3,117)
r(15,3,3,117)
r(89,6,4,118)
r(263,3,4,118)
w(186,6,4,118)
r(34,6,4,118)
w(192,8,4,118)
w(190,4,4,118)
r(59,1,4,118)
w(217,4,4,118)
r(249,4,4,118)
w(214,6,4,118)
r(198,2,4,118)
w(213,7,4,118)
w(220,5,4,118)
w(198,3,4,118)
r(214,6,4,118)
r(281,2,4,118)
w(239,5,4,118)
r(68,4,4,118)
w(224,6,4,118)
r(237,4,4,118)
w(270,3,5,119)
w(245,6,5,119)
w(262,5,5,119)
w(243,7,5,119)
w(291,4,5,119)
w(284,5,5,119)
w(294,3,5,119)
w(283,6,5,119)
r(235,2,5,119)
r(297,5,5,119)
w(262,6,5,119)
r(169,3,5,119)
r(94,5,5,119)
r(270,3,5,119)
w(265,8,5,119)
r(190,3,5,119)
r(256,2,5,119)
w(300,2,5,119)
w(270,4,5,119)
w(249,4,5,119)
w(318,6,6,120)
w(357,2,6,120)
r(105,3,6,120)
w(341,5,6,120)
w(321,4,6,120)
w(333,6,6,120)
w(337,6,6,120)
w(346,5,6,120)
w(342,7,6,120)
r(126,2,6,120)
w(317,7,6,120)
r(42,3,6,120)
r(275,6,6,120)
w(314,7,6,120)
r(312,6,6,120)
r(10,4,6,120)
w(301,5,6,120)
w(341,6,6,120)
w(323,5,6,120)
r(287,7,6,120)
w(60,6,1,121)
w(27,4,1,121)
r(210,7,1,121)
w(19,3,1,121)
w(22,6,1,121)
w(30,6,1,121)
r(322,4,1,121)
w(21,5,1,121)
r(323,5,1,121)
w(40,6,1,121)
w(35,4,1,121)
w(44,6,1,121)
w(23,6,1,121)
w(14,7,1,121)
r(287,7,1,121)
r(182,6,1,121)
r(120,3,1,121)
w(60,7,1,121)
r(38,9,1,121)
w(1,5,1,121)
w(118,8,2,122)
r(162,5,2,122)
r(107,3,2,122)
r(184,4,2,122)
w(83,5,2,122)
w(118,9,2,122)
r(254,3,2,122)
r(258,6,2,122)
w(109,4,2,122)
w(113,6,2,122)
w(104,6,2,122)
w(103,5,2,122)
w(65,4,2,122)
w(91,7,2,122)
w(75,6,2,122)
r(263,3,2,122)
r(304,8,2,122)
r(289,4,2,122)
w(78,7,2,122)
r(173,5,2,122)
r(338,4,3,123)
r(235,3,3,123)
w(133,5,3,123)
w(159,5,3,123)
r(210,7,3,123)
r(319,3,3,123)
r(203,7,3,123)
w(141,4,3,123)
r(176,5,3,123)
w(150,6,3,123)
w(170,4,3,123)
w(136,7,3,123)
w(166,6,3,123)
w(160,12,3,123)
w(163,4,3,123)
w(160,13,3,123)
r(269,4,3,123)
r(249,6,3,123)
r(263,4,3,123)
w(134,2,3,123)
w(199,7,4,124)
r(343,4,4,124)
w(232,6,4,124)
r(296,7,4,124)
r(229,8,4,124)
r(224,6,4,124)
w(187,5,4,124)
w(208,5,4,124)
w(204,6,4,124)
w(225,7,4,124)
r(284,6,4,124)
r(161,4,4,124)
w(226,5,4,124)
w(191,4,4,124)
r(228,4,4,124)
r(55,4,4,124)
w(230,5,4,124)
r(207,3,4,124)
w(219,6,4,124)
r(286,3,4,124)
w(288,5,5,125)
w(261,5,5,125)
w(268,4,5,125)
r(287,7,5,125)
r(204,5,5,125)
w(264,4,5,125)
r(24,7,5,125)
w(252,3,5,125)
w(269,4,5,125)
w(283,7,5,125)
r(80,4,5,125)
r(112,6,5,125)
w(244,4,5,125)
r(51,6,5,125)
r(35,3,5,125)
r(352,4,5,125)
r(215,4,5,125)
r(237,4,5,125)
w(285,6,5,125)
w(298,2,5,125)
w(347,8,6,126)
r(343,4,6,126)
r(300,2,6,126)
w(356,8,6,126)
r(102,2,6,126)
w(312,7,6,126)
r(41,3,6,126)
r(31,4,6,126)
r(253,2,6,126)
w(354,5,6,126)
r(136,6,6,126)
w(332,5,6,126)
r(226,4,6,126)
w(347,9,6,126)
r(17,5,6,126)
w(317,8,6,126)
r(34,6,6,126)
r(85,3,6,126)
r(264,4,6,126)
r(33,10,6,126)
r(263,4,1,127)
r(172,7,1,127)
r(232,6,1,127)
w(27,5,1,127)
w(12,7,1,127)
r(257,3,1,127)
r(101,2,1,127)
w(19,4,1,127)
w(47,9,1,127)
r(359,4,1,127)
w(21,6,1,127)
r(350,5,1,127)
r(344,7,1,127)
r(37,5,1,127)
r(23,6,1,127)
w(26,7,1,127)
w(26,8,1,127)
w(43,4,1,127)
w(35,5,1,127)
w(39,5,1,127)
r(206,3,2,128)
r(94,7,2,128)
r(284,6,2,128)
w(106,7,2,128)
r(246,8,2,128)
r(83,5,2,128)
r(76,6,2,128)
r(247,7,2,128)
r(164,3,2,128)
w(90,5,2,128)
r(189,3,2,128)
w(98,5,2,128)
w(114,5,2,128)
r(291,4,2,128)
w(91,8,2,128)
r(82,3,2,128)
r(108,2,2,128)
r(330,4,2,128)
w(67,7,2,128)
w(97,3,2,128)
r(215,5,3,129)
w(179,5,3,129)
r(230,6,3,129)
w(127,5,3,129)
w(132,6,3,129)
w(141,5,3,129)
w(132,7,3,129)
w(160,14,3,129)
r(139,3,3,129)
r(185,4,3,129)
r(175,1,3,129)
r(220,5,3,129)
w(173,6,3,129)
r(222,4,3,129)
r(301,5,3,129)
w(131,3,3,129)
r(81,5,3,129)
r(106,7,3,129)
r(190,5,3,129)
r(91,8,3,129)
r(164,3,4,130)
r(77,2,4,130)
r(65,4,4,130)
w(199,8,4,130)
r(100,6,4,130)
r(152,2,4,130)
r(150,5,4,130)
w(234,5,4,130)
r(323,5,4,130)
w(200,3,4,130)
r(292,4,4,130)
w(228,5,4,130)
r(250,6,4,130)
r(137,4,4,130)
r(66,4,4,130)
r(162,5,4,130)
r(159,4,4,130)
w(197,5,4,130)
r(282,2,4,130)
w(235,3,4,130)
w(241,6,5,131)
w(276,5,5,131)
w(281,3,5,131)
w(246,8,5,131)
r(191,3,5,131)
w(264,5,5,131)
r(357,2,5,131)
r(229,8,5,131)
r(276,5,5,131)
w(281,4,5,131)
w(271,4,5,131)
w(293,5,5,131)
w(250,5,5,131)
r(70,7,5,131)
w(249,5,5,131)
w(276,6,5,131)
w(292,4,5,131)
w(274,5,5,131)
r(156,2,5,131)
w(294,4,5,131)
r(7,5,6,132)
w(357,3,6,132)
w(327,5,6,132)
r(349,3,6,132)
r(310,5,6,132)
w(335,2,6,132)
w(315,5,6,132)
r(232,5,6,132)
r(164,3,6,132)
w(341,7,6,132)
r(120,3,6,132)
w(358,3,6,132)
r(79,3,6,132)
r(188,3,6,132)
r(44,5,6,132)
r(231,4,6,132)
r(278,3,6,132)
w(332,6,6,132)
w(335,3,6,132)
r(92,6,6,132)
r(274,5,1,133)
r(345,7,1,133)
w(54,4,1,133)
w(25,4,1,133)
r(296,8,1,133)
w(4,5,1,133)
w(23,7,1,133)
r(139,3,1,133)
w(25,5,1,133)
w(54,5,1,133)
w(2,2,1,133)
w(54,6,1,133)
r(63,5,1,133)
w(50,7,1,133)
r(15,3,1,133)
w(19,5,1,133)
w(35,6,1,133)
r(78,7,1,133)
w(12,8,1,133)
r(226,5,1,133)
r(115,2,2,134)
w(99,5,2,134)
w(103,6,2,134)
w(97,4,2,134)
w(82,4,2,134)
r(61,8,2,134)
r(134,1,2,134)
r(2,1,2,134)
r(106,7,2,134)
w(86,4,2,134)
w(69,8,2,134)
r(204,6,2,134)
r(232,6,2,134)
w(85,4,2,134)
w(68,5,2,134)
w(75,7,2,134)
r(27,4,2,134)
r(289,4,2,134)
w(103,7,2,134)
w(105,4,2,134)
w(178,8,3,135)
r(216,8,3,135)
w(152,3,3,135)
w(128,3,3,135)
r(148,6,3,135)
r(142,2,3,135)
r(330,5,3,135)
w(176,6,3,135)
w(122,7,3,135)
w(123,5,3,135)
r(266,10,3,135)
r(256,2,3,135)
w(165,4,3,135)
r(28,6,3,135)
r(88,6,3,135)
r(104,7,3,135)
r(134,2,3,135)
r(262,6,3,135)
r(41,3,3,135)
r(90,6,3,135)
r(191,4,4,136)
w(184,5,4,136)
r(220,5,4,136)
r(306,6,4,136)
w(233,6,4,136)
r(295,1,4,136)
w(233,7,4,136)
r(130,3,4,136)
w(215,5,4,136)
w(230,6,4,136)
w(194,6,4,136)
r(337,7,4,136)
r(23,7,4,136)
w(189,4,4,136)
w(185,4,4,136)
r(229,8,4,136)
r(340,7,4,136)
r(36,7,4,136)
w(190,5,4,136)
w(238,6,4,136)
w(282,2,5,137)
r(322,4,5,137)
w(263,4,5,137)
r(230,4,5,137)
w(253,3,5,137)
w(283,8,5,137)
w(241,7,5,137)
w(290,4,5,137)
w(254,4,5,137)
r(90,4,5,137)
r(4,4,5,137)
w(272,6,5,137)
w(278,3,5,137)
w(284,6,5,137)
r(288,5,5,137)
r(203,7,5,137)
r(11,4,5,137)
r(97,2,5,137)
r(254,4,5,137)
w(297,6,5,137)
r(91,8,6,138)
w(343,5,6,138)
r(61,8,6,138)
w(324,3,6,138)
w(341,8,6,138)
r(261,6,6,138)
w(332,7,6,138)
w(314,8,6,138)
r(189,3,6,138)
w(331,7,6,138)
w(308,5,6,138)
w(348,3,6,138)
w(352,5,6,138)
w(303,5,6,138)
w(323,6,6,138)
w(333,7,6,138)
w(320,5,6,138)
w(310,6,6,138)
w(339,4,6,138)
w(322,5,6,138)
r(158,4,1,139)
r(14,7,1,139)
w(52,7,1,139)
w(4,6,1,139)
r(138,4,1,139)
w(19,6,1,139)
w(22,7,1,139)
r(115,2,1,139)
r(235,3,1,139)
w(45,3,1,139)
w(22,8,1,139)
w(43,5,1,139)
w(59,3,1,139)
w(24,8,1,139)
w(55,5,1,139)
w(12,9,1,139)
w(42,5,1,139)
r(317,8,1,139)
w(54,7,1,139)
w(44,7,1,139)
r(129,5,2,140)
w(80,5,2,140)
r(42,4,2,140)
w(90,6,2,140)
w(92,7,2,140)
w(64,8,2,140)
r(165,3,2,140)
r(221,7,2,140)
r(196,3,2,140)
w(92,8,2,140)
w(89,7,2,140)
r(6,3,2,140)
w(80,6,2,140)
r(241,8,2,140)
r(164,3,2,140)
r(88,6,2,140)
r(157,4,2,140)
w(93,5,2,140)
r(13,6,2,140)
r(206,3,2,140)
r(82,4,3,141)
w(153,5,3,141)
w(141,6,3,141)
w(122,8,3,141)
w(141,7,3,141)
r(108,2,3,141)
w(138,5,3,141)
w(126,3,3,141)
r(275,6,4,142)
w(238,7,4,142)
r(40,6,4,142)
r(85,4,4,142)
r(346,5,4,142)
w(199,9,4,142)
r(128,2,4,142)
r(205,5,4,142)
r(62,5,4,142)
r(282,2,4,142)
r(157,4,4,142)
w(193,9,4,142)
r(350,5,4,142)
r(44,7,4,142)
r(37,5,4,142)
w(223,6,4,142)
w(212,5,4,142)
r(101,2,4,142)
w(200,4,4,142)
r(175,1,4,142)
w(296,8,5,143)
r(299,5,5,143)
w(299,6,5,143)
r(78,7,5,143)
r(200,2,5,143)
r(103,5,5,143)
w(270,5,5,143)
r(59,2,5,143)
w(250,6,5,143)
w(254,5,5,143)
w(241,8,5,143)
r(121,2,5,143)
r(88,6,5,143)
w(273,6,5,143)
w(261,6,5,143)
w(251,7,5,143)
w(259,6,5,143)
r(298,2,5,143)
r(66,4,5,143)
w(259,7,5,143)
r(69,8,6,144)
w(321,5,6,144)
w(307,4,6,144)
r(109,4,6,144)
r(27,5,6,144)
r(280,2,6,144)
w(318,7,6,144)
r(9,6,6,144)
w(336,11,6,144)
r(307,4,6,144)
r(52,6,6,144)
w(355,3,6,144)
r(285,6,6,144)
w(337,7,6,144)
r(258,6,6,144)
r(53,5,6,144)
r(171,5,6,144)
r(356,8,6,144)
r(17,5,6,144)
r(295,1,6,144)
w(19,7,1,145)
r(117,4,1,145)
r(137,4,1,145)
r(283,9,1,145)
w(4,7,1,145)
r(308,6,1,145)
r(195,3,1,145)
w(12,10,1,145)
w(32,4,1,145)
r(44,7,1,145)
w(31,5,1,145)
r(316,7,1,145)
r(210,7,1,145)
w(29,6,1,145)
w(15,4,1,145)
w(16,7,1,145)
r(96,5,1,145)
r(177,3,1,145)
r(12,10,1,145)
r(228,5,1,145)
w(110,9,2,146)
w(71,5,2,146)
r(49,3,2,146)
w(80,7,2,146)
w(111,4,2,146)
r(122,6,2,146)
w(74,6,2,146)
r(354,5,2,146)
r(129,5,2,146)
w(104,7,2,146)
r(340,7,2,146)
w(111,5,2,146)
r(358,3,2,146)
r(249,6,2,146)
r(333,7,2,146)
r(299,6,2,146)
w(109,5,2,146)
r(71,5,2,146)
w(79,4,2,146)
w(72,3,2,146)
w(179,6,3,147)
r(182,6,3,147)
w(177,4,3,147)
w(138,6,3,147)
w(136,8,3,147)
w(159,6,3,147)
r(171,5,3,147)
w(156,4,3,147)
w(149,7,3,147)
w(168,6,3,147)
w(171,7,3,147)
r(325,7,3,147)
r(151,6,3,147)
r(349,3,3,147)
r(261,6,3,147)
r(184,5,3,147)
w(138,7,3,147)
w(133,6,3,147)
w(163,5,3,147)
r(34,6,3,147)
w(195,4,4,148)
w(203,8,4,148)
w(202,7,4,148)
r(27,5,4,148)
r(313,4,4,148)
r(24,8,4,148)
r(359,5,4,148)
r(77,2,4,148)
r(168,5,4,148)
w(218,2,4,148)
r(199,9,4,148)
r(234,5,4,148)
w(181,3,4,148)
w(220,6,4,148)
w(216,8,4,148)
r(155,6,4,148)
r(269,4,4,148)
r(26,8,4,148)
r(18,3,4,148)
w(185,5,4,148)
r(47,9,5,149)
r(260,4,5,149)
r(114,5,5,149)
w(283,9,5,149)
r(240,3,5,149)
w(251,8,5,149)
w(249,6,5,149)
r(244,4,5,149)
r(106,7,5,149)
r(144,6,5,149)
w(264,6,5,149)
r(189,3,5,149)
w(293,6,5,149)
r(16,6,5,149)
r(75,7,5,149)
r(76,6,5,149)
r(169,4,5,149)
w(248,6,5,149)
r(9,6,5,149)
w(298,3,5,149)
w(352,6,6,150)
r(109,4,6,150)
w(336,12,6,150)
w(308,6,6,150)
r(2,2,6,150)
r(167,6,6,150)
r(88,6,6,150)
w(353,4,6,150)
w(353,5,6,150)
r(168,5,6,150)
w(330,5,6,150)
w(324,4,6,150)
w(332,8,6,150)
r(207,3,6,150)
w(305,4,6,150)
r(319,3,6,150)
r(212,4,6,150)
r(92,8,6,150)
r(64,8,6,150)
r(182,6,6,150)
w(39,6,1,151)
w(6,4,1,151)
w(57,7,1,151)
w(57,8,1,151)
r(84,7,1,151)
r(71,5,1,151)
w(19,8,1,151)
r(355,4,1,151)
w(22,9,1,151)
w(39,7,1,151)
r(222,4,1,151)
w(29,7,1,151)
w(44,8,1,151)
w(9,7,1,151)
w(21,7,1,151)
w(28,6,1,151)
w(16,8,1,151)
w(26,9,1,151)
r(198,3,1,151)
w(36,8,1,151)
w(83,6,2,152)
r(46,3,2,152)
w(66,5,2,152)
r(61,8,2,152)
r(44,7,2,152)
r(30,6,2,152)
r(169,4,2,152)
w(62,6,2,152)
w(113,7,2,152)
w(99,6,2,152)
w(80,8,2,152)
w(65,5,2,152)
w(115,3,2,152)
w(83,7,2,152)
r(209,5,2,152)
r(74,6,2,152)
w(91,9,2,152)
w(107,4,2,152)
r(104,7,2,152)
w(98,6,2,152)
r(36,8,3,153)
w(153,6,3,153)
w(165,5,3,153)
w(132,8,3,153)
r(334,3,3,153)
w(165,6,3,153)
w(137,7,3,153)
w(121,4,3,153)
w(161,7,3,153)
r(258,6,3,153)
r(255,9,3,153)
w(121,5,3,153)
w(149,8,3,153)
r(54,8,3,153)
r(5,4,3,153)
r(114,6,3,153)
r(91,9,3,153)
w(170,5,3,153)
w(177,5,3,153)
r(315,5,3,153)
w(186,7,4,154)
w(223,7,4,154)
r(47,9,4,154)
r(302,2,4,154)
w(236,6,4,154)
w(235,4,4,154)
r(131,3,4,154)
r(139,3,4,154)
w(232,7,4,154)
w(186,8,4,154)
r(313,4,4,154)
w(187,6,4,154)
r(244,5,4,154)
w(193,10,4,154)
w(222,5,4,154)
w(202,8,4,154)
w(202,9,4,154)
w(217,5,4,154)
r(181,3,4,154)
w(227,7,4,154)
r(283,9,5,155)
r(119,4,5,155)
r(218,1,5,155)
r(291,4,5,155)
r(306,6,5,155)
w(297,7,5,155)
w(252,4,5,155)
w(266,10,5,155)
w(265,9,5,155)
r(196,3,5,155)
r(8,3,5,155)
r(274,5,5,155)
r(30,6,5,155)
r(149,6,5,155)
r(284,6,5,155)
r(209,5,5,155)
r(306,6,5,155)
r(41,3,5,155)
r(93,4,5,155)
w(281,5,5,155)
r(93,5,6,156)
w(340,8,6,156)
w(317,9,6,156)
r(342,7,6,156)
w(331,8,6,156)
r(66,4,6,156)
w(317,10,6,156)
r(160,13,6,156)
w(309,3,6,156)
r(246,8,6,156)
w(355,4,6,156)
r(112,6,6,156)
w(328,6,6,156)
r(337,7,6,156)
r(303,5,6,156)
r(289,4,6,156)
r(355,4,6,156)
w(357,4,6,156)
r(165,3,6,156)
w(359,5,6,156)
w(37,6,1,157)
w(3,3,1,157)
r(328,6,1,157)
r(338,4,1,157)
r(99,6,1,157)
r(221,7,1,157)
w(9,8,1,157)
w(46,4,1,157)
w(43,6,1,157)
w(21,8,1,157)
w(21,9,1,157)
w(53,6,1,157)
w(48,3,1,157)
w(8,4,1,157)
w(50,8,1,157)
w(7,6,1,157)
r(320,5,1,157)
r(24,8,1,157)
r(320,5,1,157)
r(123,5,1,157)
w(92,9,2,158)
r(115,3,2,158)
r(218,2,2,158)
w(103,8,2,158)
w(116,5,2,158)
r(257,4,2,158)
r(194,6,2,158)
w(87,5,2,158)
w(63,6,2,158)
w(93,6,2,158)
r(88,6,2,158)
w(79,5,2,158)
w(104,8,2,158)
w(108,3,2,158)
r(270,5,2,158)
w(108,4,2,158)
w(76,7,2,158)
w(111,6,2,158)
r(117,4,2,158)
r(170,4,2,158)
w(172,8,3,159)
w(122,9,3,159)
r(213,8,3,159)
w(175,2,3,159)
w(167,8,3,159)
r(310,6,3,159)
r(179,6,3,159)
w(125,5,3,159)
r(295,4,3,159)
w(164,4,3,159)
r(202,9,3,159)
r(229,8,3,159)
w(148,7,3,159)
w(169,5,3,159)
w(135,9,3,159)
w(151,7,3,159)
r(78,9,3,159)
w(152,4,3,159)
r(168,6,3,159)
w(122,10,3,159)
r(297,9,4,160)
w(221,8,4,160)
r(122,7,4,160)
w(187,7,4,160)
r(193,10,4,160)
w(191,5,4,160)
w(215,6,4,160)
w(232,8,4,160)
w(209,6,4,160)
r(206,3,4,160)
r(36,8,4,160)
w(213,8,4,160)
w(223,8,4,160)
w(188,4,4,160)
w(209,7,4,160)
r(12,10,4,160)
r(326,5,4,160)
r(261,6,4,160)
r(269,4,4,160)
w(204,7,4,160)
w(294,5,5,161)
w(260,5,5,161)
r(37,5,5,161)
r(352,6,5,161)
r(38,9,5,161)
r(199,9,5,161)
r(50,7,5,161)
w(286,4,5,161)
r(215,5,5,161)
w(295,2,5,161)
r(85,4,5,161)
r(249,6,5,161)
w(246,9,5,161)
r(46,3,5,161)
w(297,8,5,161)
w(296,9,5,161)
w(244,5,5,161)
r(356,8,5,161)
r(330,5,5,161)
r(90,6,5,161)
r(33,10,6,162)
r(140,6,6,162)
r(137,4,6,162)
r(311,9,6,162)
r(304,8,6,162)
r(243,7,6,162)
r(132,7,6,162)
w(340,9,6,162)
w(357,5,6,162)
w(342,8,6,162)
r(107,4,6,162)
w(312,8,6,162)
r(222,4,6,162)
r(330,5,6,162)
w(345,8,6,162)
w(316,8,6,162)
r(201,1,6,162)
w(301,6,6,162)
w(333,8,6,162)
w(325,7,6,162)
w(33,11,1,163)
w(44,9,1,163)
w(57,9,1,163)
w(48,4,1,163)
r(104,8,1,163)
w(26,10,1,163)
w(54,8,1,163)
r(300,3,1,163)
w(11,5,1,163)
w(18,5,1,163)
r(304,8,1,163)
w(1,6,1,163)
w(24,9,1,163)
w(50,9,1,163)
r(204,7,1,163)
w(8,5,1,163)
w(46,5,1,163)
r(5,4,1,163)
w(4,8,1,163)
r(86,4,1,163)
w(70,8,2,164)
r(259,7,2,164)
r(257,4,2,164)
w(72,4,2,164)
w(114,6,2,164)
r(330,5,2,164)
w(117,5,2,164)
r(73,3,2,164)
r(334,3,2,164)
w(78,8,2,164)
w(95,4,2,164)
w(108,5,2,164)
w(75,8,2,164)
r(218,2,2,164)
w(111,7,2,164)
w(107,5,2,164)
w(63,7,2,164)
w(78,9,2,164)
r(83,7,2,164)
w(70,9,2,164)
r(109,5,3,165)
r(316,9,3,165)
w(178,9,3,165)
r(274,5,3,165)
r(196,3,3,165)
w(175,3,3,165)
r(260,5,3,165)
w(137,8,3,165)
w(124,4,3,165)
w(122,11,3,165)
r(169,5,3,165)
r(93,6,3,165)
r(339,5,3,165)
r(199,9,3,165)
r(82,4,3,165)
r(281,5,3,165)
r(322,5,3,165)
r(315,5,3,165)
r(115,3,3,165)
w(161,8,3,165)
r(255,9,4,166)
r(107,5,4,166)
r(125,4,4,166)
w(189,5,4,166)
w(232,9,4,166)
w(231,5,4,166)
w(224,7,4,166)
w(220,7,4,166)
r(334,3,4,166)
w(219,7,4,166)
w(191,6,4,166)
w(214,7,4,166)
w(232,10,4,166)
w(193,11,4,166)
w(234,6,4,166)
w(239,6,4,166)
r(130,3,4,166)
w(215,7,4,166)
r(352,6,4,166)
w(211,3,4,166)
w(257,4,5,167)
r(64,8,5,167)
w(297,9,5,167)
w(276,7,5,167)
w(267,3,5,167)
r(303,5,5,167)
r(47,9,5,167)
r(274,5,5,167)
r(180,4,5,167)
r(243,7,5,167)
w(265,10,5,167)
r(152,2,5,167)
w(250,7,5,167)
w(247,8,5,167)
w(265,11,5,167)
r(61,8,5,167)
w(248,7,5,167)
w(291,5,5,167)
r(311,9,5,167)
w(296,10,5,167)
r(318,7,6,168)
r(44,8,6,168)
w(355,5,6,168)
w(342,9,6,168)
r(319,3,6,168)
r(144,6,6,168)
r(81,5,6,168)
w(317,11,6,168)
w(356,9,6,168)
r(357,5,6,168)
r(230,6,6,168)
r(243,7,6,168)
w(333,9,6,168)
w(316,9,6,168)
w(329,7,6,168)
w(324,5,6,168)
r(296,10,6,168)
r(328,6,6,168)
r(216,8,6,168)
r(94,7,6,168)
w(43,7,1,169)
w(13,7,1,169)
r(147,5,1,169)
r(137,7,1,169)
w(31,6,1,169)
w(51,7,1,169)
r(174,3,1,169)
r(246,9,1,169)
w(45,4,1,169)
w(3,4,1,169)
w(52,8,1,169)
r(328,6,1,169)
w(39,8,1,169)
r(301,6,1,169)
r(342,9,1,169)
w(33,12,1,169)
r(310,6,1,169)
r(205,5,1,169)
w(35,7,1,169)
w(34,7,1,169)
r(266,11,2,170)
w(113,8,2,170)
w(94,8,2,170)
r(100,6,2,170)
r(246,9,2,170)
w(107,6,2,170)
r(31,5,2,170)
r(94,8,2,170)
r(18,5,2,170)
w(86,5,2,170)
r(95,4,2,170)
r(102,2,2,170)
r(312,8,2,170)
r(9,8,2,170)
w(88,7,2,170)
w(63,8,2,170)
r(94,8,2,170)
w(91,10,2,170)
r(258,6,2,170)
r(184,5,2,170)
r(122,10,4,171)
r(294,6,4,171)
w(215,8,4,171)
w(205,6,4,171)
w(225,8,4,171)
w(194,7,4,171)
r(147,5,4,171)
r(219,7,4,171)
r(299,7,4,171)
r(189,5,4,171)
r(32,4,4,171)
r(236,6,4,171)
r(289,5,4,171)
w(193,12,4,171)
r(146,4,4,171)
r(208,5,4,171)
r(10,4,4,171)
r(296,10,4,171)
w(233,8,4,171)
w(236,7,4,171)
w(247,9,5,172)
w(276,8,5,172)
w(245,7,5,172)
w(244,6,5,172)
r(175,1,5,172)
w(252,5,5,172)
w(251,9,5,172)
r(56,5,5,172)
w(289,5,5,172)
w(295,3,5,172)
r(319,3,5,172)
r(33,10,5,172)
r(311,9,5,172)
w(248,8,5,172)
r(298,3,5,172)
r(357,5,5,172)
r(212,5,5,172)
r(139,3,5,172)
r(312,8,5,172)
r(315,5,5,172)
w(327,6,6,173)
w(347,10,6,173)
w(306,7,6,173)
w(326,6,6,173)
r(180,4,6,173)
w(311,10,6,173)
r(333,9,6,173)
w(339,5,6,173)
w(332,9,6,173)
r(144,6,6,173)
r(186,8,6,173)
r(76,7,6,173)
w(307,5,6,173)
w(326,7,6,173)
r(250,7,6,173)
r(243,7,6,173)
r(341,8,6,173)
w(311,11,6,173)
r(51,6,6,173)
w(345,9,6,173)
w(277,7,5,174)
w(300,3,5,174)
w(291,6,5,174)
w(298,4,5,174)
r(83,7,5,174)
r(227,7,5,174)
w(295,4,5,174)
r(105,4,5,174)
r(123,5,5,174)
w(299,7,5,174)
r(184,5,5,174)
r(167,6,5,174)
w(292,5,5,174)
w(266,11,5,174)
r(213,8,5,174)
r(317,11,5,174)
w(275,7,5,174)
w(294,6,5,174)
w(255,9,5,174)
r(203,8,5,174)
