w(1,1,0,0)
w(2,1,0,0)
w(3,1,0,0)
w(4,1,0,0)
w(5,1,0,0)
w(6,1,0,0)
w(7,1,0,0)
w(8,1,0,0)
w(9,1,0,0)
w(10,1,0,0)
w(11,1,0,0)
w(12,1,0,0)
w(13,1,0,0)
w(14,1,0,0)
w(15,1,0,0)
w(16,1,0,0)
w(17,1,0,0)
w(18,1,0,0)
w(19,1,0,0)
w(20,1,0,0)
w(21,1,0,0)
w(22,1,0,0)
w(23,1,0,0)
w(24,1,0,0)
w(25,1,0,0)
w(26,1,0,0)
w(27,1,0,0)
w(28,1,0,0)
w(29,1,0,0)
w(30,1,0,0)
w(31,1,0,0)
w(32,1,0,0)
w(33,1,0,0)
w(34,1,0,0)
w(35,1,0,0)
w(36,1,0,0)
w(37,1,0,0)
w(38,1,0,0)
w(39,1,0,0)
w(40,1,0,0)
w(41,1,0,0)
w(42,1,0,0)
w(43,1,0,0)
w(44,1,0,0)
w(45,1,0,0)
w(46,1,0,0)
w(47,1,0,0)
w(48,1,0,0)
w(49,1,0,0)
w(50,1,0,0)
w(51,1,0,0)
w(52,1,0,0)
w(53,1,0,0)
w(54,1,0,0)
w(55,1,0,0)
w(56,1,0,0)
w(57,1,0,0)
w(58,1,0,0)
w(59,1,0,0)
w(60,1,0,0)
w(61,1,0,0)
w(62,1,0,0)
w(63,1,0,0)
w(64,1,0,0)
w(65,1,0,0)
w(66,1,0,0)
w(67,1,0,0)
w(68,1,0,0)
w(69,1,0,0)
w(70,1,0,0)
w(71,1,0,0)
w(72,1,0,0)
w(73,1,0,0)
w(74,1,0,0)
w(75,1,0,0)
w(76,1,0,0)
w(77,1,0,0)
w(78,1,0,0)
w(79,1,0,0)
w(80,1,0,0)
w(81,1,0,0)
w(82,1,0,0)
w(83,1,0,0)
w(84,1,0,0)
w(85,1,0,0)
w(86,1,0,0)
w(87,1,0,0)
w(88,1,0,0)
w(89,1,0,0)
w(90,1,0,0)
w(91,1,0,0)
w(92,1,0,0)
w(93,1,0,0)
w(94,1,0,0)
w(95,1,0,0)
w(96,1,0,0)
w(97,1,0,0)
w(98,1,0,0)
w(99,1,0,0)
w(100,1,0,0)
w(101,1,0,0)
w(102,1,0,0)
w(103,1,0,0)
w(104,1,0,0)
w(105,1,0,0)
w(106,1,0,0)
w(107,1,0,0)
w(108,1,0,0)
w(109,1,0,0)
w(110,1,0,0)
w(111,1,0,0)
w(112,1,0,0)
w(113,1,0,0)
w(114,1,0,0)
w(115,1,0,0)
w(116,1,0,0)
w(117,1,0,0)
w(118,1,0,0)
w(119,1,0,0)
w(120,1,0,0)
w(121,1,0,0)
w(122,1,0,0)
w(123,1,0,0)
w(124,1,0,0)
w(125,1,0,0)
w(126,1,0,0)
w(127,1,0,0)
w(128,1,0,0)
w(129,1,0,0)
w(130,1,0,0)
w(131,1,0,0)
w(132,1,0,0)
w(133,1,0,0)
w(134,1,0,0)
w(135,1,0,0)
w(136,1,0,0)
w(137,1,0,0)
w(138,1,0,0)
w(139,1,0,0)
w(140,1,0,0)
w(141,1,0,0)
w(142,1,0,0)
w(143,1,0,0)
w(144,1,0,0)
w(145,1,0,0)
w(146,1,0,0)
w(147,1,0,0)
w(148,1,0,0)
w(149,1,0,0)
w(150,1,0,0)
w(151,1,0,0)
w(152,1,0,0)
w(153,1,0,0)
w(154,1,0,0)
w(155,1,0,0)
w(156,1,0,0)
w(157,1,0,0)
w(158,1,0,0)
w(159,1,0,0)
w(160,1,0,0)
w(161,1,0,0)
w(162,1,0,0)
w(163,1,0,0)
w(164,1,0,0)
w(165,1,0,0)
w(166,1,0,0)
w(167,1,0,0)
w(168,1,0,0)
w(169,1,0,0)
w(170,1,0,0)
w(171,1,0,0)
w(172,1,0,0)
w(173,1,0,0)
w(174,1,0,0)
w(175,1,0,0)
w(176,1,0,0)
w(177,1,0,0)
w(178,1,0,0)
w(179,1,0,0)
w(180,1,0,0)
r(46,1,1,1)
w(70,2,1,1)
w(1,2,1,1)
r(18,1,1,1)
r(57,1,1,1)
w(173,2,1,1)
w(145,2,1,1)
w(140,2,1,1)
w(13,2,1,1)
r(91,1,1,1)
r(42,1,1,1)
r(75,1,1,1)
w(64,2,1,1)
w(165,2,1,1)
w(124,2,1,1)
r(105,1,1,1)
w(3,2,1,1)
r(102,1,1,1)
w(73,2,1,1)
w(102,2,1,1)
r(87,1,2,2)
r(102,2,2,2)
w(168,2,2,2)
r(72,1,2,2)
r(136,1,2,2)
r(14,1,2,2)
r(48,1,2,2)
r(173,2,2,2)
w(135,3,2,2)
w(49,3,2,2)
r(111,1,2,2)
r(68,1,2,2)
r(28,1,2,2)
r(161,1,2,2)
r(41,1,2,2)
w(165,7,2,2)
w(145,4,2,2)
w(128,4,2,2)
r(130,1,2,2)
w(105,2,2,2)
r(7,1,3,3)
w(137,4,3,3)
r(29,1,3,3)
r(163,1,3,3)
r(49,1,3,3)
w(36,3,3,3)
r(150,1,3,3)
r(116,1,3,3)
r(147,1,3,3)
r(134,1,3,3)
w(103,4,3,3)
r(119,1,3,3)
r(179,1,3,3)
w(174,5,3,3)
w(118,4,3,3)
r(78,1,3,3)
w(179,7,3,3)
r(35,1,3,3)
r(35,1,3,3)
w(110,9,3,3)
r(123,1,1,4)
w(141,2,1,4)
w(22,2,1,4)
w(50,2,1,4)
w(125,2,1,4)
w(82,2,1,4)
r(99,1,1,4)
w(136,2,1,4)
w(126,2,1,4)
w(37,2,1,4)
r(129,1,1,4)
w(165,3,1,4)
w(39,2,1,4)
r(162,1,1,4)
w(169,2,1,4)
r(127,1,1,4)
w(77,2,1,4)
w(155,2,1,4)
r(145,4,1,4)
w(12,2,1,4)
r(16,1,2,5)
w(23,8,2,5)
w(62,4,2,5)
w(115,6,2,5)
w(135,4,2,5)
r(10,1,2,5)
r(99,1,2,5)
r(164,1,2,5)
r(179,7,2,5)
r(114,1,2,5)
w(94,3,2,5)
w(156,4,2,5)
r(65,1,2,5)
w(124,4,2,5)
w(140,6,2,5)
w(26,4,2,5)
w(34,3,2,5)
r(14,1,2,5)
w(84,4,2,5)
w(86,3,2,5)
w(57,6,3,6)
r(77,1,3,6)
w(152,5,3,6)
r(66,1,1,7)
w(163,2,1,7)
r(66,1,1,7)
r(143,1,1,7)
r(47,1,1,7)
r(61,1,1,7)
w(95,2,1,7)
r(84,4,1,7)
w(26,2,1,7)
w(20,2,1,7)
r(94,3,1,7)
r(88,1,1,7)
w(37,3,1,7)
r(120,1,1,7)
r(144,1,1,7)
w(152,2,1,7)
w(136,3,1,7)
w(29,2,1,7)
r(27,1,1,7)
w(41,2,1,7)
w(54,4,2,8)
w(23,7,2,8)
r(26,4,2,8)
w(40,3,2,8)
w(139,2,2,8)
r(86,3,2,8)
r(121,1,2,8)
w(87,8,2,8)
w(101,3,2,8)
r(95,1,2,8)
w(164,4,2,8)
r(95,1,2,8)
r(42,1,2,8)
w(15,2,2,8)
r(123,1,2,8)
w(119,6,2,8)
r(42,1,2,8)
r(178,1,2,8)
w(56,3,2,8)
w(178,2,2,8)
w(90,4,3,9)
w(49,6,3,9)
w(81,6,3,9)
w(180,7,3,9)
r(150,1,3,9)
w(101,8,3,9)
r(114,1,3,9)
w(57,8,3,9)
w(33,6,3,9)
w(14,3,3,9)
r(15,1,3,9)
r(59,1,3,9)
r(157,1,3,9)
w(171,7,3,9)
r(56,1,3,9)
r(68,1,3,9)
r(159,1,3,9)
w(87,5,3,9)
r(116,1,3,9)
r(168,2,3,9)
w(116,2,1,10)
r(132,1,1,10)
w(130,2,1,10)
w(60,2,1,10)
w(31,2,1,10)
w(46,2,1,10)
r(29,2,1,10)
r(30,1,1,10)
w(86,2,1,10)
w(170,2,1,10)
w(72,2,1,10)
w(23,2,1,10)
r(174,5,1,10)
r(98,1,1,10)
w(14,2,1,10)
r(123,6,1,10)
w(41,3,1,10)
w(114,2,1,10)
r(97,1,1,10)
r(76,1,1,10)
w(85,3,2,11)
w(13,4,2,11)
r(57,8,2,11)
r(106,1,2,11)
r(86,3,2,11)
r(166,1,2,11)
w(25,2,2,11)
r(85,3,2,11)
r(176,1,2,11)
w(45,4,2,11)
w(148,2,2,11)
r(178,2,2,11)
r(97,1,2,11)
r(111,1,2,11)
w(39,6,2,11)
w(176,3,2,11)
w(175,2,2,11)
w(51,2,2,11)
r(102,2,2,11)
w(7,3,2,11)
w(117,7,3,12)
w(177,6,3,12)
r(136,2,3,12)
r(86,3,3,12)
r(43,1,3,12)
r(165,3,3,12)
w(16,4,3,12)
r(80,1,3,12)
w(7,6,3,12)
r(96,1,3,12)
r(133,1,3,12)
r(14,3,3,12)
r(72,1,3,12)
r(123,1,3,12)
r(37,2,3,12)
r(150,1,3,12)
w(113,3,3,12)
w(32,8,3,12)
w(180,5,3,12)
r(110,9,3,12)
r(166,1,1,13)
r(39,6,1,13)
r(146,1,1,13)
r(72,2,1,13)
w(138,2,1,13)
r(162,2,1,13)
r(159,1,1,13)
w(142,2,1,13)
r(123,6,1,13)
w(166,2,1,13)
w(117,2,1,13)
r(39,6,1,13)
r(178,2,1,13)
r(71,4,1,13)
w(5,2,1,13)
w(10,2,1,13)
w(61,2,1,13)
r(69,1,1,13)
w(60,3,1,13)
w(147,2,1,13)
w(24,4,2,14)
r(98,1,2,14)
w(116,3,2,14)
r(53,1,2,14)
w(116,4,2,14)
r(54,4,2,14)
w(162,2,2,14)
w(151,6,2,14)
w(35,3,2,14)
r(99,1,2,14)
r(21,1,2,14)
r(51,2,2,14)
r(46,1,2,14)
r(83,1,2,14)
w(79,4,2,14)
w(130,4,2,14)
w(84,6,2,14)
r(14,3,2,14)
w(115,8,2,14)
r(50,2,2,14)
r(121,1,3,15)
w(139,7,3,15)
r(111,1,3,15)
w(87,10,3,15)
r(100,1,3,15)
w(83,3,3,15)
w(91,2,3,15)
w(155,7,3,15)
r(168,2,3,15)
w(157,4,3,15)
w(36,4,3,15)
r(63,1,3,15)
w(123,6,3,15)
r(59,1,3,15)
r(77,2,3,15)
w(92,6,3,15)
r(91,2,3,15)
r(114,1,3,15)
w(108,8,3,15)
w(96,10,3,15)
r(164,6,1,16)
r(70,2,1,16)
r(155,7,1,16)
w(74,2,1,16)
w(128,2,1,16)
r(80,8,1,16)
w(150,2,1,16)
w(64,3,1,16)
r(65,5,1,16)
w(119,2,1,16)
r(80,8,1,16)
w(32,2,1,16)
r(91,2,1,16)
w(100,2,1,16)
w(1,3,1,16)
w(156,3,1,16)
w(161,2,1,16)
w(118,2,1,16)
r(11,1,1,16)
r(174,5,1,16)
r(152,2,2,17)
r(18,1,2,17)
r(1,2,2,17)
r(150,1,2,17)
w(170,4,2,17)
r(75,1,2,17)
r(175,2,2,17)
r(133,1,2,17)
r(15,2,2,17)
w(136,6,2,17)
r(95,2,2,17)
w(169,4,2,17)
r(106,1,2,17)
w(71,4,2,17)
r(68,1,2,17)
r(19,1,2,17)
w(96,8,2,17)
w(7,4,2,17)
w(68,2,2,17)
w(64,8,2,17)
r(55,1,3,18)
r(117,7,3,18)
r(147,1,3,18)
r(157,4,3,18)
r(13,4,3,18)
w(81,8,3,18)
r(117,7,3,18)
r(153,1,3,18)
r(99,1,3,18)
r(123,6,3,18)
w(118,6,3,18)
w(110,12,3,18)
w(80,8,3,18)
w(78,3,3,18)
w(176,6,3,18)
w(130,8,3,18)
r(66,1,3,18)
r(167,1,3,18)
w(30,8,3,18)
w(65,7,3,18)
w(56,2,1,19)
w(69,2,1,19)
r(14,2,1,19)
r(76,4,1,19)
w(106,2,1,19)
w(96,2,1,19)
w(26,3,1,19)
w(126,3,1,19)
r(67,1,1,19)
r(107,1,1,19)
r(132,4,1,19)
w(57,2,1,19)
w(174,2,1,19)
w(82,4,1,19)
w(2,2,1,19)
w(108,2,1,19)
w(151,2,1,19)
r(133,1,1,19)
w(98,2,1,19)
w(119,3,1,19)
w(150,3,2,20)
r(25,2,2,20)
r(137,4,2,20)
w(61,3,2,20)
w(77,4,2,20)
r(33,6,2,20)
w(19,2,2,20)
r(15,2,2,20)
w(167,4,2,20)
w(78,2,2,20)
w(139,3,2,20)
w(84,8,2,20)
r(143,1,2,20)
r(36,4,2,20)
w(122,8,2,20)
w(56,4,2,20)
r(111,1,2,20)
w(172,8,2,20)
w(175,3,2,20)
w(31,4,2,20)
r(69,1,3,21)
w(40,6,3,21)
w(177,8,3,21)
w(149,3,3,21)
w(39,10,3,21)
w(164,6,3,21)
w(120,3,3,21)
r(175,3,3,21)
r(132,1,3,21)
w(19,3,3,21)
w(79,6,3,21)
r(58,1,3,21)
r(16,4,3,21)
w(65,5,3,21)
r(134,1,3,21)
w(58,4,3,21)
r(109,1,3,21)
r(121,1,3,21)
r(124,4,3,21)
r(36,4,3,21)
w(146,2,1,22)
r(170,2,1,22)
w(46,3,1,22)
r(5,2,1,22)
w(114,3,1,22)
w(43,2,1,22)
r(15,2,1,22)
r(40,6,1,22)
r(1,3,1,22)
r(96,2,1,22)
w(71,2,1,22)
w(171,2,1,22)
r(175,3,1,22)
w(132,2,1,22)
w(87,2,1,22)
r(111,1,1,22)
w(87,3,1,22)
r(43,2,1,22)
w(96,3,1,22)
r(6,3,1,22)
w(150,4,2,23)
r(78,2,2,23)
r(26,2,2,23)
w(110,5,2,23)
r(3,2,2,23)
r(177,8,2,23)
r(179,7,2,23)
r(131,1,2,23)
r(138,2,2,23)
w(85,4,2,23)
r(134,1,2,23)
w(6,3,2,23)
r(63,1,2,23)
r(77,4,2,23)
w(176,4,2,23)
r(16,4,2,23)
w(145,6,2,23)
w(18,3,2,23)
r(95,2,2,23)
w(115,7,2,23)
w(30,5,3,24)
w(165,5,3,24)
r(44,1,3,24)
r(99,1,3,24)
r(123,6,3,24)
r(88,1,3,24)
r(48,1,3,24)
w(32,7,3,24)
w(127,6,3,24)
w(117,5,3,24)
r(55,1,3,24)
r(41,3,3,24)
w(78,4,3,24)
w(11,4,3,24)
r(26,3,3,24)
r(9,1,3,24)
w(171,5,3,24)
w(50,6,3,24)
r(120,3,3,24)
w(122,7,3,24)
r(14,2,1,25)
w(109,3,1,25)
r(117,5,1,25)
r(1,3,1,25)
w(81,2,1,25)
r(58,4,1,25)
w(52,2,1,25)
w(89,2,1,25)
r(52,2,1,25)
r(159,1,1,25)
w(107,2,1,25)
w(53,2,1,25)
r(17,1,1,25)
r(8,1,1,25)
w(89,3,1,25)
w(110,2,1,25)
r(100,2,1,25)
w(97,2,1,25)
w(63,2,1,25)
r(9,1,1,25)
r(125,2,2,26)
r(78,2,2,26)
r(107,1,2,26)
w(157,2,2,26)
r(73,2,2,26)
r(17,1,2,26)
w(136,8,2,26)
r(41,3,2,26)
r(36,4,2,26)
w(108,3,2,26)
r(104,1,2,26)
r(58,4,2,26)
r(96,8,2,26)
w(21,6,2,26)
w(180,2,2,26)
w(142,4,2,26)
w(177,3,2,26)
r(17,1,2,26)
r(2,1,2,26)
r(112,1,2,26)
r(138,2,3,27)
r(112,1,3,27)
r(80,3,3,27)
r(46,3,3,27)
w(96,9,3,27)
r(54,4,3,27)
r(31,4,3,27)
r(90,4,3,27)
r(55,1,3,27)
w(157,6,3,27)
w(93,7,3,27)
w(12,3,3,27)
r(56,2,3,27)
r(30,3,3,27)
r(169,4,3,27)
w(67,2,3,27)
r(12,3,3,27)
w(166,7,3,27)
w(63,6,3,27)
r(59,3,3,27)
r(81,7,1,28)
w(125,3,1,28)
r(131,3,1,28)
r(12,3,1,28)
w(122,3,1,28)
w(47,2,1,28)
w(126,4,1,28)
w(110,3,1,28)
r(142,4,1,28)
r(113,3,1,28)
r(119,3,1,28)
r(29,2,1,28)
w(21,2,1,28)
w(39,3,1,28)
w(110,4,1,28)
w(143,2,1,28)
r(177,3,1,28)
r(41,6,1,28)
w(8,2,1,28)
r(96,9,1,28)
r(171,7,2,29)
r(56,4,2,29)
w(154,3,2,29)
w(27,4,2,29)
w(61,4,2,29)
r(54,4,2,29)
w(96,7,2,29)
r(95,2,2,29)
w(131,2,2,29)
r(180,2,2,29)
w(76,4,2,29)
r(13,4,2,29)
r(153,1,2,29)
w(33,2,2,29)
w(132,4,2,29)
w(180,3,2,29)
r(92,6,2,29)
w(32,6,2,29)
r(68,2,2,29)
w(139,4,2,29)
w(148,4,3,30)
r(44,1,3,30)
w(70,8,3,30)
w(39,9,3,30)
r(156,3,3,30)
w(81,7,3,30)
w(57,7,3,30)
w(106,4,3,30)
r(22,2,3,30)
r(34,3,3,30)
r(19,3,3,30)
w(82,7,3,30)
r(143,1,3,30)
r(65,5,3,30)
w(31,6,3,30)
w(95,4,3,30)
w(20,5,3,30)
r(23,2,3,30)
r(85,4,3,30)
r(83,2,3,30)
r(72,2,1,31)
w(143,3,1,31)
r(132,2,1,31)
r(70,8,1,31)
w(47,3,1,31)
r(32,7,1,31)
w(141,3,1,31)
w(32,3,1,31)
w(96,4,1,31)
r(33,3,1,31)
r(37,3,1,31)
r(19,3,1,31)
r(55,6,1,31)
w(13,3,1,31)
r(14,2,1,31)
w(94,2,1,31)
r(148,4,1,31)
r(112,1,1,31)
w(2,3,1,31)
w(59,2,1,31)
w(108,4,2,32)
r(152,2,2,32)
w(121,8,2,32)
w(30,3,2,32)
w(149,2,2,32)
w(33,3,2,32)
r(148,2,2,32)
w(180,4,2,32)
r(111,1,2,32)
r(130,8,2,32)
r(101,3,2,32)
w(108,6,2,32)
w(59,3,2,32)
w(80,3,2,32)
w(131,3,2,32)
r(166,2,2,32)
w(13,6,2,32)
w(168,3,2,32)
r(44,1,2,32)
r(74,2,2,32)
w(11,6,3,33)
r(148,4,3,33)
w(18,6,3,33)
w(6,4,3,33)
w(115,10,3,33)
w(119,5,3,33)
w(162,6,3,33)
w(50,8,3,33)
w(22,8,3,33)
w(63,8,3,33)
w(159,4,3,33)
r(135,4,3,33)
r(72,2,3,33)
r(162,6,3,33)
r(150,2,3,33)
r(35,4,3,33)
r(41,6,3,33)
r(168,3,3,33)
r(180,4,3,33)
w(75,7,3,33)
r(105,2,1,34)
w(76,2,1,34)
r(127,6,1,34)
r(45,4,1,34)
r(21,2,1,34)
r(93,6,1,34)
w(23,3,1,34)
r(172,8,1,34)
w(21,3,1,34)
r(10,6,1,34)
w(20,3,1,34)
w(103,2,1,34)
w(122,4,1,34)
r(123,6,1,34)
r(128,2,1,34)
w(79,2,1,34)
w(117,3,1,34)
r(14,2,1,34)
r(42,1,1,34)
w(99,2,1,34)
w(35,4,2,35)
w(148,3,2,35)
r(38,1,2,35)
w(27,6,2,35)
w(83,2,2,35)
w(101,4,2,35)
r(129,1,2,35)
w(90,3,2,35)
r(67,2,2,35)
r(136,8,2,35)
w(124,6,2,35)
r(88,1,2,35)
r(48,1,2,35)
r(166,7,2,35)
w(10,6,2,35)
w(86,4,2,35)
r(145,6,2,35)
w(55,6,2,35)
r(100,2,2,35)
r(115,7,2,35)
w(168,6,3,36)
r(107,2,3,36)
r(85,4,3,36)
w(1,7,3,36)
r(40,4,3,36)
w(78,6,3,36)
w(80,7,3,36)
r(87,3,3,36)
w(102,6,3,36)
r(44,1,3,36)
w(79,8,3,36)
r(137,4,3,36)
r(145,6,3,36)
w(40,8,3,36)
r(83,2,3,36)
r(45,4,3,36)
w(161,4,3,36)
r(162,6,1,37)
r(94,2,1,37)
w(4,2,1,37)
w(109,4,1,37)
w(9,3,1,37)
w(3,3,1,37)
w(164,2,1,37)
r(127,6,1,37)
r(132,2,1,37)
w(140,3,1,37)
w(84,2,1,37)
w(165,4,1,37)
r(17,1,1,37)
w(21,4,1,37)
w(126,6,1,37)
w(48,2,1,37)
r(162,6,1,37)
r(62,4,1,37)
w(22,3,1,37)
w(170,3,1,37)
r(112,1,2,38)
w(121,7,2,38)
r(46,3,2,38)
r(21,6,2,38)
w(40,4,2,38)
w(93,6,2,38)
r(70,8,2,38)
r(175,3,2,38)
w(174,6,2,38)
w(117,6,2,38)
r(65,5,2,38)
r(145,6,2,38)
r(145,6,2,38)
w(41,6,2,38)
w(77,6,2,38)
w(151,8,2,38)
r(101,4,2,38)
r(144,1,2,38)
w(57,4,2,38)
r(174,6,2,38)
r(10,6,3,39)
r(11,6,3,39)
r(75,7,3,39)
w(176,8,3,39)
w(120,4,3,39)
r(48,1,3,39)
r(176,8,3,39)
r(16,4,3,39)
w(13,8,3,39)
w(49,8,3,39)
r(93,6,3,39)
r(170,2,3,39)
w(166,5,3,39)
w(25,3,3,39)
r(99,2,3,39)
r(82,7,3,39)
r(178,2,3,39)
w(156,7,3,39)
w(18,8,3,39)
w(104,4,3,39)
w(106,3,1,40)
w(128,3,1,40)
w(35,2,1,40)
r(120,4,1,40)
r(51,2,1,40)
r(99,6,1,40)
r(148,4,1,40)
r(80,3,1,40)
r(69,2,1,40)
r(161,2,1,40)
r(102,2,1,40)
w(155,3,1,40)
r(50,8,1,40)
r(148,4,1,40)
r(43,2,1,40)
r(79,2,1,40)
w(109,6,1,40)
w(31,3,1,40)
r(19,3,1,40)
w(172,2,1,40)
r(155,7,2,41)
r(32,3,2,41)
r(73,2,2,41)
w(71,6,2,41)
w(177,4,2,41)
r(171,2,2,41)
r(99,1,2,41)
w(92,2,2,41)
r(143,3,2,41)
w(169,6,2,41)
w(129,3,2,41)
r(130,8,2,41)
r(75,7,2,41)
w(140,8,2,41)
w(2,4,2,41)
w(77,8,2,41)
w(126,8,2,41)
r(111,1,2,41)
w(120,2,2,41)
r(165,5,2,41)
r(100,2,3,42)
r(172,2,3,42)
w(146,6,3,42)
r(92,2,3,42)
r(123,6,3,42)
r(84,2,3,42)
r(132,2,3,42)
w(103,6,3,42)
r(13,8,3,42)
r(141,4,3,42)
w(77,7,3,42)
r(153,1,3,42)
r(159,4,3,42)
w(143,4,3,42)
r(161,2,3,42)
r(162,6,3,42)
w(56,8,3,42)
r(56,8,3,42)
r(107,2,3,42)
w(163,4,3,42)
w(81,3,1,43)
w(124,3,1,43)
w(115,4,1,43)
w(77,3,1,43)
w(23,4,1,43)
w(27,3,1,43)
r(166,8,1,43)
r(99,6,1,43)
w(110,6,1,43)
w(121,2,1,43)
w(179,2,1,43)
w(171,3,1,43)
r(157,6,1,43)
w(172,3,1,43)
w(52,3,1,43)
r(175,3,1,43)
w(45,2,1,43)
r(72,2,1,43)
w(75,3,1,43)
w(62,2,1,43)
w(60,6,2,44)
r(48,1,2,44)
w(99,6,2,44)
r(3,2,2,44)
r(56,2,2,44)
w(141,4,2,44)
w(58,2,2,44)
r(159,4,2,44)
w(119,8,2,44)
r(3,2,2,44)
w(134,3,2,44)
r(180,4,2,44)
r(48,1,2,44)
r(99,6,2,44)
r(23,3,2,44)
r(158,1,2,44)
r(22,8,2,44)
r(155,7,2,44)
w(142,6,2,44)
w(41,8,2,44)
w(61,5,3,45)
w(90,6,3,45)
r(56,8,3,45)
w(10,8,3,45)
w(8,4,3,45)
w(155,5,3,45)
r(141,6,3,45)
w(140,7,3,45)
w(98,8,3,45)
w(137,6,3,45)
w(95,6,3,45)
w(77,5,3,45)
r(28,1,3,45)
w(108,7,3,45)
w(179,5,3,45)
r(13,8,3,45)
w(105,6,3,45)
r(180,4,3,45)
r(10,8,3,45)
w(143,6,3,45)
r(83,2,1,46)
r(166,8,1,46)
w(110,8,1,46)
w(132,3,1,46)
w(49,2,1,46)
w(93,2,1,46)
r(81,3,1,46)
r(84,5,1,46)
r(8,2,1,46)
w(76,3,1,46)
w(117,4,1,46)
r(8,2,1,46)
w(133,2,1,46)
r(42,1,1,46)
r(40,4,1,46)
r(83,2,1,46)
w(79,3,1,46)
r(91,2,1,46)
w(90,2,1,46)
r(135,4,1,46)
r(176,8,2,47)
r(94,2,2,47)
r(123,6,2,47)
w(2,6,2,47)
w(136,7,2,47)
w(125,4,2,47)
w(116,8,2,47)
r(8,2,2,47)
w(1,6,2,47)
w(105,3,2,47)
w(159,2,2,47)
w(152,7,2,47)
r(117,3,2,47)
w(44,3,2,47)
r(46,3,2,47)
r(47,3,2,47)
r(179,7,2,47)
w(102,4,2,47)
w(131,4,2,47)
r(146,6,2,47)
w(87,9,3,48)
w(22,7,3,48)
r(29,2,3,48)
r(42,1,3,48)
w(176,7,3,48)
w(144,2,3,48)
r(121,2,3,48)
w(150,6,3,48)
r(89,4,3,48)
w(134,4,3,48)
w(69,8,3,48)
w(98,7,3,48)
w(156,5,3,48)
w(8,6,3,48)
w(167,6,3,48)
w(114,8,3,48)
w(71,8,3,48)
w(135,8,3,48)
r(162,3,3,48)
w(154,7,3,48)
w(166,3,1,49)
w(75,4,1,49)
r(178,2,1,49)
w(24,2,1,49)
w(30,2,1,49)
r(106,3,1,49)
w(151,3,1,49)
w(152,4,1,49)
r(2,8,1,49)
r(129,3,1,49)
w(43,3,1,49)
w(89,4,1,49)
w(45,3,1,49)
r(52,3,1,49)
w(118,3,1,49)
r(1,6,1,49)
w(66,2,1,49)
r(125,4,1,49)
w(34,2,1,49)
w(18,2,1,49)
w(114,4,2,50)
r(130,8,2,50)
w(163,3,2,50)
w(147,3,2,50)
r(15,2,2,50)
r(119,8,2,50)
r(137,4,2,50)
w(84,7,2,50)
w(170,6,2,50)
w(162,3,2,50)
w(47,6,2,50)
r(90,3,2,50)
w(171,6,2,50)
w(166,8,2,50)
w(179,6,2,50)
w(94,4,2,50)
w(114,6,2,50)
r(45,4,2,50)
r(3,3,2,50)
r(66,1,2,50)
r(43,3,3,51)
w(102,7,3,51)
w(46,4,3,51)
r(67,2,3,51)
w(118,8,3,51)
w(108,5,3,51)
w(105,8,3,51)
w(175,6,3,51)
w(94,6,3,51)
r(107,2,3,51)
w(158,2,3,51)
r(100,3,3,51)
w(121,10,3,51)
r(19,3,3,51)
r(82,6,3,51)
r(110,8,3,51)
r(111,2,3,51)
w(30,10,3,51)
w(104,6,3,51)
r(7,4,3,51)
r(124,3,1,52)
r(8,6,1,52)
r(164,2,1,52)
r(82,6,1,52)
w(93,3,1,52)
w(22,4,1,52)
w(100,3,1,52)
r(30,2,1,52)
w(165,6,1,52)
r(62,6,1,52)
w(112,2,1,52)
r(43,3,1,52)
w(121,3,1,52)
r(3,3,1,52)
w(122,6,1,52)
w(123,2,1,52)
w(55,2,1,52)
r(77,5,1,52)
r(147,3,1,52)
w(69,3,1,52)
r(124,3,2,53)
r(140,3,2,53)
w(173,3,2,53)
r(16,4,2,53)
r(96,4,2,53)
r(78,4,2,53)
w(65,4,2,53)
w(84,5,2,53)
r(34,3,2,53)
w(98,4,2,53)
w(61,6,2,53)
w(2,8,2,53)
r(13,8,2,53)
w(30,4,2,53)
w(141,6,2,53)
r(140,3,2,53)
w(155,8,2,53)
r(146,6,2,53)
r(159,2,2,53)
r(101,4,2,53)
w(24,6,3,54)
r(113,3,3,54)
r(65,6,3,54)
w(14,4,3,54)
w(150,8,3,54)
r(67,2,3,54)
r(107,2,3,54)
w(35,8,3,54)
w(162,8,3,54)
w(26,6,3,54)
w(77,10,3,54)
w(174,10,3,54)
w(78,8,3,54)
w(179,10,3,54)
r(140,7,3,54)
w(138,8,3,54)
w(102,5,3,54)
r(53,2,3,54)
w(170,10,3,54)
r(70,8,3,54)
w(172,4,1,55)
w(57,3,1,55)
r(134,4,1,55)
r(28,1,1,55)
w(174,3,1,55)
r(25,3,1,55)
r(178,2,1,55)
r(123,2,1,55)
r(176,7,1,55)
r(5,2,1,55)
r(20,3,1,55)
r(95,6,1,55)
r(172,4,1,55)
w(109,8,1,55)
w(24,3,1,55)
r(176,7,1,55)
w(121,4,1,55)
w(69,4,1,55)
w(135,2,1,55)
r(17,1,1,55)
w(60,8,2,56)
w(82,6,2,56)
r(169,6,2,56)
r(9,3,2,56)
w(128,6,2,56)
w(50,3,2,56)
r(117,4,2,56)
w(179,8,2,56)
r(127,6,2,56)
r(72,2,2,56)
w(142,8,2,56)
r(27,3,2,56)
w(62,6,2,56)
w(1,8,2,56)
r(67,2,2,56)
r(27,3,2,56)
w(127,3,2,56)
w(156,6,2,56)
w(159,3,2,56)
w(63,3,2,56)
r(108,5,3,57)
r(63,3,3,57)
w(104,8,3,57)
w(171,10,3,57)
w(23,5,3,57)
r(167,6,3,57)
w(170,9,3,57)
w(21,7,3,57)
w(14,6,3,57)
w(113,4,3,57)
w(118,7,3,57)
w(67,3,3,57)
r(100,3,3,57)
r(174,10,3,57)
w(61,10,3,57)
w(156,10,3,57)
w(82,5,3,57)
w(153,6,3,57)
r(114,8,3,57)
r(96,4,3,57)
r(52,4,1,58)
r(43,3,1,58)
r(57,3,1,58)
w(152,6,1,58)
r(178,3,1,58)
w(75,6,1,58)
r(22,4,1,58)
r(103,6,1,58)
r(44,3,1,58)
w(166,4,1,58)
w(145,3,1,58)
r(180,6,1,58)
r(111,2,1,58)
w(172,6,1,58)
r(44,3,1,58)
w(146,3,1,58)
r(148,4,1,58)
w(32,4,1,58)
r(33,3,1,58)
w(23,6,1,58)
w(111,2,2,59)
w(153,3,2,59)
r(41,8,2,59)
r(175,3,2,59)
r(109,6,2,59)
w(15,3,2,59)
r(125,4,2,59)
w(119,7,2,59)
w(154,4,2,59)
w(138,3,2,59)
r(156,5,2,59)
r(172,3,2,59)
r(19,3,2,59)
r(75,4,2,59)
r(123,6,2,59)
r(26,3,2,59)
r(98,7,2,59)
r(164,2,2,59)
w(123,4,2,59)
r(91,2,2,59)
w(170,12,3,60)
r(33,3,3,60)
w(143,8,3,60)
w(48,3,3,60)
r(50,3,3,60)
w(12,4,3,60)
w(131,8,3,60)
r(18,2,3,60)
r(170,12,3,60)
r(92,3,3,60)
w(96,12,3,60)
r(17,1,3,60)
r(105,8,3,60)
w(166,10,3,60)
w(62,7,3,60)
r(85,4,3,60)
r(173,3,3,60)
w(19,4,3,60)
w(80,5,3,60)
w(164,8,3,60)
r(76,3,1,61)
r(49,2,1,61)
r(27,3,1,61)
r(84,5,1,61)
r(26,6,1,61)
r(66,2,1,61)
r(175,4,1,61)
r(58,2,1,61)
w(84,3,1,61)
w(113,2,1,61)
w(4,3,1,61)
r(17,1,1,61)
r(173,3,1,61)
r(23,6,1,61)
r(88,1,1,61)
w(121,6,1,61)
r(75,6,1,61)
r(65,8,1,61)
r(97,2,1,61)
r(69,4,1,61)
w(180,6,2,62)
r(68,2,2,62)
w(92,3,2,62)
w(169,8,2,62)
r(157,6,2,62)
w(93,8,2,62)
r(110,8,2,62)
w(161,3,2,62)
w(110,10,2,62)
r(51,2,2,62)
w(65,6,2,62)
r(155,5,2,62)
w(34,4,2,62)
r(42,1,2,62)
w(68,3,2,62)
r(12,3,2,62)
r(25,3,2,62)
w(61,8,2,62)
r(167,6,2,62)
r(100,3,2,62)
w(56,7,3,63)
w(106,6,3,63)
r(118,7,3,63)
r(178,3,3,63)
w(154,5,3,63)
r(134,4,3,63)
r(99,6,3,63)
w(108,10,3,63)
r(61,10,3,63)
r(95,6,3,63)
w(148,6,3,63)
w(9,7,3,63)
r(119,7,3,63)
w(170,11,3,63)
r(42,1,3,63)
w(174,9,3,63)
r(123,2,3,63)
w(127,8,3,63)
r(68,8,3,63)
w(28,4,3,63)
r(67,3,1,64)
w(10,3,1,64)
w(10,4,1,64)
r(74,3,1,64)
w(6,2,1,64)
r(41,8,1,64)
r(77,10,1,64)
r(178,3,1,64)
w(89,6,1,64)
r(110,11,1,64)
w(8,3,1,64)
w(165,8,1,64)
w(137,2,1,64)
w(176,2,1,64)
w(11,3,1,64)
w(72,3,1,64)
r(92,3,1,64)
r(86,6,1,64)
w(87,4,1,64)
w(100,4,1,64)
r(160,1,2,65)
w(52,4,2,65)
r(4,2,2,65)
w(68,4,2,65)
w(68,6,2,65)
r(63,3,2,65)
r(43,3,2,65)
w(153,4,2,65)
w(128,8,2,65)
w(16,2,2,65)
w(168,4,2,65)
r(156,5,2,65)
r(74,2,2,65)
r(135,2,2,65)
r(74,2,2,65)
r(135,2,2,65)
w(38,3,2,65)
w(39,8,2,65)
w(117,8,2,65)
r(175,6,2,65)
w(165,10,3,66)
r(159,3,3,66)
r(63,3,3,66)
r(38,3,3,66)
w(61,9,3,66)
r(15,3,3,66)
w(78,7,3,66)
r(156,10,3,66)
w(110,11,3,66)
w(164,7,3,66)
r(40,4,3,66)
r(44,3,3,66)
w(155,10,3,66)
w(119,10,3,66)
w(48,4,3,66)
r(76,3,3,66)
r(38,3,3,66)
r(4,2,3,66)
w(15,4,3,66)
w(156,9,3,66)
r(117,8,1,67)
r(14,6,1,67)
w(62,3,1,67)
r(176,2,1,67)
w(99,4,1,67)
w(80,2,1,67)
r(173,3,1,67)
w(137,3,1,67)
w(65,2,1,67)
r(60,8,1,67)
r(107,2,1,67)
w(60,4,1,67)
r(142,8,1,67)
r(163,3,1,67)
w(142,3,1,67)
w(110,7,1,67)
w(54,3,1,67)
r(92,8,1,67)
w(96,6,1,67)
w(7,2,1,67)
r(58,2,2,68)
r(7,4,2,68)
w(30,6,2,68)
r(153,4,2,68)
r(84,5,2,68)
w(154,6,2,68)
w(86,6,2,68)
r(148,4,2,68)
w(178,3,2,68)
w(68,8,2,68)
r(67,2,2,68)
r(149,2,2,68)
w(128,7,2,68)
r(22,4,2,68)
w(139,6,2,68)
r(157,6,2,68)
w(70,3,2,68)
w(9,6,2,68)
w(101,6,2,68)
r(5,2,2,68)
r(87,4,3,69)
w(99,7,3,69)
r(18,4,3,69)
r(50,3,3,69)
r(131,8,3,69)
w(70,7,3,69)
w(38,4,3,69)
r(50,3,3,69)
r(137,2,3,69)
w(92,8,3,69)
w(146,8,3,69)
r(2,8,3,69)
r(76,3,3,69)
r(106,6,3,69)
w(15,6,3,69)
w(31,8,3,69)
w(33,8,3,69)
w(110,13,3,69)
w(19,6,3,69)
w(7,8,3,69)
w(73,3,1,70)
r(104,3,1,70)
r(1,8,1,70)
w(44,2,1,70)
r(122,6,1,70)
r(23,6,1,70)
r(166,4,1,70)
w(4,4,1,70)
w(39,4,1,70)
r(47,5,1,70)
w(97,3,1,70)
r(137,3,1,70)
w(153,2,1,70)
w(40,2,1,70)
w(152,8,1,70)
r(82,8,1,70)
r(154,5,1,70)
w(85,2,1,70)
w(129,2,1,70)
w(47,4,1,70)
r(100,3,2,71)
r(103,6,2,71)
w(20,6,2,71)
r(106,3,2,71)
w(175,4,2,71)
r(110,10,2,71)
w(74,3,2,71)
w(154,8,2,71)
w(70,4,2,71)
w(160,3,2,71)
r(73,2,2,71)
r(99,6,2,71)
r(97,2,2,71)
w(28,3,2,71)
w(87,7,2,71)
w(104,3,2,71)
r(7,4,2,71)
r(119,7,2,71)
r(137,6,2,71)
r(34,4,2,71)
r(136,7,3,72)
r(148,6,3,72)
r(168,4,3,72)
w(52,7,3,72)
w(4,6,3,72)
r(167,6,3,72)
r(12,4,3,72)
r(87,4,3,72)
r(75,8,3,72)
w(28,6,3,72)
w(126,5,3,72)
w(15,8,3,72)
r(138,4,3,72)
r(43,3,3,72)
w(54,6,3,72)
r(11,3,3,72)
w(8,8,3,72)
w(145,8,3,72)
w(155,9,3,72)
w(178,6,3,72)
r(79,3,1,73)
w(29,3,1,73)
r(64,5,1,73)
r(89,6,1,73)
r(27,3,1,73)
r(154,5,1,73)
r(86,6,1,73)
r(145,5,1,73)
r(51,3,1,73)
r(177,4,1,73)
r(140,7,1,73)
w(154,2,1,73)
r(93,8,1,73)
w(166,6,1,73)
w(134,2,1,73)
r(31,8,1,73)
r(43,3,1,73)
w(1,4,1,73)
w(65,3,1,73)
w(55,4,1,73)
w(70,6,2,74)
r(158,2,2,74)
r(14,6,2,74)
r(173,3,2,74)
r(8,6,2,74)
r(157,6,2,74)
w(20,8,2,74)
r(85,4,2,74)
r(171,10,2,74)
r(158,2,2,74)
r(116,8,2,74)
w(52,6,2,74)
r(174,9,2,74)
r(153,6,2,74)
w(98,6,2,74)
w(130,6,2,74)
w(111,3,2,74)
w(47,8,2,74)
w(127,4,2,74)
w(65,8,2,74)
w(62,5,3,75)
r(58,3,3,75)
w(157,8,3,75)
r(94,6,3,75)
w(37,6,3,75)
w(145,7,3,75)
w(151,7,3,75)
w(77,9,3,75)
w(83,4,3,75)
r(63,4,3,75)
r(25,3,3,75)
w(48,6,3,75)
r(6,2,3,75)
r(156,9,3,75)
w(67,4,3,75)
r(76,3,3,75)
r(31,8,3,75)
w(167,8,3,75)
w(164,5,3,75)
w(36,6,3,75)
w(130,3,1,76)
w(167,3,1,76)
r(174,7,1,76)
w(64,6,1,76)
w(38,2,1,76)
w(119,4,1,76)
r(51,3,1,76)
r(165,8,1,76)
r(92,4,1,76)
r(127,4,1,76)
w(155,6,1,76)
r(139,6,1,76)
r(159,3,1,76)
w(179,3,1,76)
r(82,8,1,76)
r(40,7,1,76)
r(6,2,1,76)
r(14,6,1,76)
r(53,3,1,76)
w(140,4,1,76)
r(139,6,2,77)
w(162,4,2,77)
r(162,4,2,77)
w(146,4,2,77)
w(20,7,2,77)
r(132,3,2,77)
r(88,1,2,77)
r(97,2,2,77)
w(180,8,2,77)
r(98,6,2,77)
r(48,4,2,77)
w(81,4,2,77)
w(75,8,2,77)
w(63,4,2,77)
r(24,6,2,77)
w(18,4,2,77)
w(157,3,2,77)
w(99,8,2,77)
w(174,8,2,77)
w(39,7,2,77)
w(2,5,3,78)
w(121,9,3,78)
w(124,7,3,78)
w(118,5,3,78)
w(40,7,3,78)
r(68,8,3,78)
w(29,4,3,78)
w(99,5,3,78)
w(34,6,3,78)
w(76,6,3,78)
r(4,4,3,78)
r(60,4,3,78)
r(52,7,3,78)
r(20,7,3,78)
r(179,10,3,78)
r(103,6,3,78)
w(16,6,3,78)
w(104,7,3,78)
w(145,5,3,78)
r(95,3,3,78)
r(22,4,2,79)
r(64,3,2,79)
r(148,6,2,79)
w(128,5,2,79)
r(58,2,2,79)
r(135,2,2,79)
w(53,3,2,79)
w(51,3,2,79)
w(115,5,2,79)
r(149,2,2,79)
r(56,7,2,79)
w(16,3,2,79)
w(170,8,2,79)
w(47,7,2,79)
w(80,4,2,79)
w(147,4,2,79)
w(61,7,2,79)
r(2,8,2,79)
w(95,3,2,79)
r(98,6,2,79)
w(54,8,3,80)
w(50,7,3,80)
r(62,5,3,80)
r(56,7,3,80)
w(158,3,3,80)
r(124,7,3,80)
w(32,5,3,80)
r(103,6,3,80)
w(24,8,3,80)
r(143,8,3,80)
r(100,4,3,80)
r(72,3,3,80)
r(26,6,3,80)
w(19,8,3,80)
r(31,8,3,80)
w(41,7,3,80)
r(98,6,3,80)
r(42,1,3,80)
w(49,7,3,80)
w(103,8,3,80)
r(42,1,2,81)
w(58,3,2,81)
w(47,5,2,81)
w(3,4,2,81)
r(27,3,2,81)
r(97,2,2,81)
r(108,10,2,81)
w(33,4,2,81)
w(36,2,2,81)
w(138,4,2,81)
r(104,3,2,81)
w(9,8,2,81)
w(174,7,2,81)
r(88,1,2,81)
w(50,4,2,81)
w(92,4,2,81)
w(80,6,2,81)
w(52,8,2,81)
r(27,3,2,81)
w(131,6,2,81)
w(29,6,3,82)
w(114,7,3,82)
r(79,3,3,82)
w(76,8,3,82)
w(130,7,3,82)
r(150,8,3,82)
w(165,9,3,82)
w(156,12,3,82)
r(105,8,3,82)
r(130,7,3,82)
r(142,3,3,82)
w(69,7,3,82)
r(172,6,3,82)
r(139,6,3,82)
w(82,10,3,82)
r(87,4,3,82)
r(123,2,3,82)
w(54,7,3,82)
r(142,3,3,82)
r(51,3,3,82)
r(37,3,2,83)
w(37,4,2,83)
r(106,6,2,83)
r(149,2,2,83)
w(21,8,2,83)
r(11,3,2,83)
r(69,4,2,83)
r(148,6,2,83)
w(116,7,2,83)
r(6,2,2,83)
r(144,2,2,83)
w(107,3,2,83)
w(45,6,2,83)
r(88,1,2,83)
w(171,8,2,83)
w(22,6,2,83)
w(66,3,2,83)
w(82,8,2,83)
w(64,5,2,83)
w(66,4,2,83)
