w(1,1,0,0)
w(2,1,0,0)
w(3,1,0,0)
w(4,1,0,0)
w(5,1,0,0)
w(6,1,0,0)
w(7,1,0,0)
w(8,1,0,0)
w(9,1,0,0)
w(10,1,0,0)
w(11,1,0,0)
w(12,1,0,0)
w(13,1,0,0)
w(14,1,0,0)
w(15,1,0,0)
w(16,1,0,0)
w(17,1,0,0)
w(18,1,0,0)
w(19,1,0,0)
w(20,1,0,0)
w(21,1,0,0)
w(22,1,0,0)
w(23,1,0,0)
w(24,1,0,0)
w(25,1,0,0)
w(26,1,0,0)
w(27,1,0,0)
w(28,1,0,0)
w(29,1,0,0)
w(30,1,0,0)
w(31,1,0,0)
w(32,1,0,0)
w(33,1,0,0)
w(34,1,0,0)
w(35,1,0,0)
w(36,1,0,0)
w(37,1,0,0)
w(38,1,0,0)
w(39,1,0,0)
w(40,1,0,0)
w(41,1,0,0)
w(42,1,0,0)
w(43,1,0,0)
w(44,1,0,0)
w(45,1,0,0)
w(46,1,0,0)
w(47,1,0,0)
w(48,1,0,0)
w(49,1,0,0)
w(50,1,0,0)
w(51,1,0,0)
w(52,1,0,0)
w(53,1,0,0)
w(54,1,0,0)
w(55,1,0,0)
w(56,1,0,0)
w(57,1,0,0)
w(58,1,0,0)
w(59,1,0,0)
w(60,1,0,0)
w(61,1,0,0)
w(62,1,0,0)
w(63,1,0,0)
w(64,1,0,0)
w(65,1,0,0)
w(66,1,0,0)
w(67,1,0,0)
w(68,1,0,0)
w(69,1,0,0)
w(70,1,0,0)
w(71,1,0,0)
w(72,1,0,0)
w(73,1,0,0)
w(74,1,0,0)
w(75,1,0,0)
w(76,1,0,0)
w(77,1,0,0)
w(78,1,0,0)
w(79,1,0,0)
w(80,1,0,0)
w(81,1,0,0)
w(82,1,0,0)
w(83,1,0,0)
w(84,1,0,0)
w(85,1,0,0)
w(86,1,0,0)
w(87,1,0,0)
w(88,1,0,0)
w(89,1,0,0)
w(90,1,0,0)
w(91,1,0,0)
w(92,1,0,0)
w(93,1,0,0)
w(94,1,0,0)
w(95,1,0,0)
w(96,1,0,0)
w(97,1,0,0)
w(98,1,0,0)
w(99,1,0,0)
w(100,1,0,0)
w(101,1,0,0)
w(102,1,0,0)
w(103,1,0,0)
w(104,1,0,0)
w(105,1,0,0)
w(106,1,0,0)
w(107,1,0,0)
w(108,1,0,0)
w(109,1,0,0)
w(110,1,0,0)
w(111,1,0,0)
w(112,1,0,0)
w(113,1,0,0)
w(114,1,0,0)
w(115,1,0,0)
w(116,1,0,0)
w(117,1,0,0)
w(118,1,0,0)
w(119,1,0,0)
w(120,1,0,0)
w(121,1,0,0)
w(122,1,0,0)
w(123,1,0,0)
w(124,1,0,0)
w(125,1,0,0)
w(126,1,0,0)
w(127,1,0,0)
w(128,1,0,0)
w(129,1,0,0)
w(130,1,0,0)
w(131,1,0,0)
w(132,1,0,0)
w(133,1,0,0)
w(134,1,0,0)
w(135,1,0,0)
w(136,1,0,0)
w(137,1,0,0)
w(138,1,0,0)
w(139,1,0,0)
w(140,1,0,0)
w(141,1,0,0)
w(142,1,0,0)
w(143,1,0,0)
w(144,1,0,0)
w(145,1,0,0)
w(146,1,0,0)
w(147,1,0,0)
w(148,1,0,0)
w(149,1,0,0)
w(150,1,0,0)
w(151,1,0,0)
w(152,1,0,0)
w(153,1,0,0)
w(154,1,0,0)
w(155,1,0,0)
w(156,1,0,0)
w(157,1,0,0)
w(158,1,0,0)
w(159,1,0,0)
w(160,1,0,0)
w(161,1,0,0)
w(162,1,0,0)
w(163,1,0,0)
w(164,1,0,0)
w(165,1,0,0)
w(166,1,0,0)
w(167,1,0,0)
w(168,1,0,0)
w(169,1,0,0)
w(170,1,0,0)
w(171,1,0,0)
w(172,1,0,0)
w(173,1,0,0)
w(174,1,0,0)
w(175,1,0,0)
w(176,1,0,0)
w(177,1,0,0)
w(178,1,0,0)
w(179,1,0,0)
w(180,1,0,0)
w(181,1,0,0)
w(182,1,0,0)
w(183,1,0,0)
w(184,1,0,0)
w(185,1,0,0)
w(186,1,0,0)
w(187,1,0,0)
w(188,1,0,0)
w(189,1,0,0)
w(190,1,0,0)
w(191,1,0,0)
w(192,1,0,0)
w(193,1,0,0)
w(194,1,0,0)
w(195,1,0,0)
w(196,1,0,0)
w(197,1,0,0)
w(198,1,0,0)
w(199,1,0,0)
w(200,1,0,0)
w(201,1,0,0)
w(202,1,0,0)
w(203,1,0,0)
w(204,1,0,0)
w(205,1,0,0)
w(206,1,0,0)
w(207,1,0,0)
w(208,1,0,0)
w(209,1,0,0)
w(210,1,0,0)
w(211,1,0,0)
w(212,1,0,0)
w(213,1,0,0)
w(214,1,0,0)
w(215,1,0,0)
w(216,1,0,0)
w(217,1,0,0)
w(218,1,0,0)
w(219,1,0,0)
w(220,1,0,0)
w(221,1,0,0)
w(222,1,0,0)
w(223,1,0,0)
w(224,1,0,0)
w(225,1,0,0)
w(226,1,0,0)
w(227,1,0,0)
w(228,1,0,0)
w(229,1,0,0)
w(230,1,0,0)
w(231,1,0,0)
w(232,1,0,0)
w(233,1,0,0)
w(234,1,0,0)
w(235,1,0,0)
w(236,1,0,0)
w(237,1,0,0)
w(238,1,0,0)
w(239,1,0,0)
w(240,1,0,0)
w(241,1,0,0)
w(242,1,0,0)
w(243,1,0,0)
w(244,1,0,0)
w(245,1,0,0)
w(246,1,0,0)
w(247,1,0,0)
w(248,1,0,0)
w(249,1,0,0)
w(250,1,0,0)
w(251,1,0,0)
w(252,1,0,0)
w(253,1,0,0)
w(254,1,0,0)
w(255,1,0,0)
w(256,1,0,0)
w(257,1,0,0)
w(258,1,0,0)
w(259,1,0,0)
w(260,1,0,0)
w(261,1,0,0)
w(262,1,0,0)
w(263,1,0,0)
w(264,1,0,0)
w(265,1,0,0)
w(266,1,0,0)
w(267,1,0,0)
w(268,1,0,0)
w(269,1,0,0)
w(270,1,0,0)
w(271,1,0,0)
w(272,1,0,0)
w(273,1,0,0)
w(274,1,0,0)
w(275,1,0,0)
w(276,1,0,0)
w(277,1,0,0)
w(278,1,0,0)
w(279,1,0,0)
w(280,1,0,0)
w(281,1,0,0)
w(282,1,0,0)
w(283,1,0,0)
w(284,1,0,0)
w(285,1,0,0)
w(286,1,0,0)
w(287,1,0,0)
w(288,1,0,0)
w(289,1,0,0)
w(290,1,0,0)
w(291,1,0,0)
w(292,1,0,0)
w(293,1,0,0)
w(294,1,0,0)
w(295,1,0,0)
w(296,1,0,0)
w(297,1,0,0)
w(298,1,0,0)
w(299,1,0,0)
w(300,1,0,0)
w(301,1,0,0)
w(302,1,0,0)
w(303,1,0,0)
w(304,1,0,0)
w(305,1,0,0)
w(306,1,0,0)
w(307,1,0,0)
w(308,1,0,0)
w(309,1,0,0)
w(310,1,0,0)
w(311,1,0,0)
w(312,1,0,0)
w(313,1,0,0)
w(314,1,0,0)
w(315,1,0,0)
w(316,1,0,0)
w(317,1,0,0)
w(318,1,0,0)
w(319,1,0,0)
w(320,1,0,0)
w(321,1,0,0)
w(322,1,0,0)
w(323,1,0,0)
w(324,1,0,0)
w(325,1,0,0)
w(326,1,0,0)
w(327,1,0,0)
w(328,1,0,0)
w(329,1,0,0)
w(330,1,0,0)
w(331,1,0,0)
w(332,1,0,0)
w(333,1,0,0)
w(334,1,0,0)
w(335,1,0,0)
w(336,1,0,0)
w(337,1,0,0)
w(338,1,0,0)
w(339,1,0,0)
w(340,1,0,0)
w(341,1,0,0)
w(342,1,0,0)
w(343,1,0,0)
w(344,1,0,0)
w(345,1,0,0)
w(346,1,0,0)
w(347,1,0,0)
w(348,1,0,0)
w(349,1,0,0)
w(350,1,0,0)
w(351,1,0,0)
w(352,1,0,0)
w(353,1,0,0)
w(354,1,0,0)
w(355,1,0,0)
w(356,1,0,0)
w(357,1,0,0)
w(358,1,0,0)
w(359,1,0,0)
w(360,1,0,0)
w(361,1,0,0)
w(362,1,0,0)
w(363,1,0,0)
w(364,1,0,0)
w(365,1,0,0)
w(366,1,0,0)
w(367,1,0,0)
w(368,1,0,0)
w(369,1,0,0)
w(370,1,0,0)
w(371,1,0,0)
w(372,1,0,0)
w(373,1,0,0)
w(374,1,0,0)
w(375,1,0,0)
w(376,1,0,0)
w(377,1,0,0)
w(378,1,0,0)
w(379,1,0,0)
w(380,1,0,0)
w(381,1,0,0)
w(382,1,0,0)
w(383,1,0,0)
w(384,1,0,0)
w(385,1,0,0)
w(386,1,0,0)
w(387,1,0,0)
w(388,1,0,0)
w(389,1,0,0)
w(390,1,0,0)
w(391,1,0,0)
w(392,1,0,0)
w(393,1,0,0)
w(394,1,0,0)
w(395,1,0,0)
w(396,1,0,0)
w(397,1,0,0)
w(398,1,0,0)
w(399,1,0,0)
w(400,1,0,0)
w(401,1,0,0)
w(402,1,0,0)
w(403,1,0,0)
w(404,1,0,0)
w(405,1,0,0)
w(406,1,0,0)
w(407,1,0,0)
w(408,1,0,0)
w(409,1,0,0)
w(410,1,0,0)
w(411,1,0,0)
w(412,1,0,0)
w(413,1,0,0)
w(414,1,0,0)
w(415,1,0,0)
w(416,1,0,0)
w(417,1,0,0)
w(418,1,0,0)
w(419,1,0,0)
w(420,1,0,0)
w(421,1,0,0)
w(422,1,0,0)
w(423,1,0,0)
w(424,1,0,0)
w(425,1,0,0)
w(426,1,0,0)
w(427,1,0,0)
w(428,1,0,0)
w(429,1,0,0)
w(430,1,0,0)
w(431,1,0,0)
w(432,1,0,0)
w(433,1,0,0)
w(434,1,0,0)
w(435,1,0,0)
w(436,1,0,0)
w(437,1,0,0)
w(438,1,0,0)
w(439,1,0,0)
w(440,1,0,0)
w(441,1,0,0)
w(442,1,0,0)
w(443,1,0,0)
w(444,1,0,0)
w(445,1,0,0)
w(446,1,0,0)
w(447,1,0,0)
w(448,1,0,0)
w(449,1,0,0)
w(450,1,0,0)
w(451,1,0,0)
w(452,1,0,0)
w(453,1,0,0)
w(454,1,0,0)
w(455,1,0,0)
w(456,1,0,0)
w(457,1,0,0)
w(458,1,0,0)
w(459,1,0,0)
w(460,1,0,0)
w(461,1,0,0)
w(462,1,0,0)
w(463,1,0,0)
w(464,1,0,0)
w(465,1,0,0)
w(466,1,0,0)
w(467,1,0,0)
w(468,1,0,0)
w(469,1,0,0)
w(470,1,0,0)
w(471,1,0,0)
w(472,1,0,0)
w(473,1,0,0)
w(474,1,0,0)
w(475,1,0,0)
w(476,1,0,0)
w(477,1,0,0)
w(478,1,0,0)
w(479,1,0,0)
w(480,1,0,0)
w(481,1,0,0)
w(482,1,0,0)
w(483,1,0,0)
w(484,1,0,0)
w(485,1,0,0)
w(486,1,0,0)
w(487,1,0,0)
w(488,1,0,0)
w(489,1,0,0)
w(490,1,0,0)
w(491,1,0,0)
w(492,1,0,0)
w(493,1,0,0)
w(494,1,0,0)
w(495,1,0,0)
w(496,1,0,0)
w(497,1,0,0)
w(498,1,0,0)
w(499,1,0,0)
w(500,1,0,0)
w(501,1,0,0)
w(502,1,0,0)
w(503,1,0,0)
w(504,1,0,0)
w(505,1,0,0)
w(506,1,0,0)
w(507,1,0,0)
w(508,1,0,0)
w(509,1,0,0)
w(510,1,0,0)
w(511,1,0,0)
w(512,1,0,0)
w(513,1,0,0)
w(514,1,0,0)
w(515,1,0,0)
w(516,1,0,0)
w(517,1,0,0)
w(518,1,0,0)
w(519,1,0,0)
w(520,1,0,0)
w(521,1,0,0)
w(522,1,0,0)
w(523,1,0,0)
w(524,1,0,0)
w(525,1,0,0)
w(526,1,0,0)
w(527,1,0,0)
w(528,1,0,0)
w(529,1,0,0)
w(530,1,0,0)
w(531,1,0,0)
w(532,1,0,0)
w(533,1,0,0)
w(534,1,0,0)
w(535,1,0,0)
w(536,1,0,0)
w(537,1,0,0)
w(538,1,0,0)
w(539,1,0,0)
w(540,1,0,0)
r(202,1,1,1)
w(25,2,1,1)
r(447,1,1,1)
w(59,2,1,1)
w(17,2,1,1)
w(14,2,1,1)
w(30,2,1,1)
w(26,2,1,1)
r(114,1,1,1)
w(48,2,1,1)
r(344,1,1,1)
w(9,2,1,1)
r(478,1,1,1)
r(534,1,1,1)
r(508,1,1,1)
w(21,2,1,1)
r(285,1,1,1)
r(379,1,1,1)
r(34,1,1,1)
r(442,1,1,1)
w(110,2,2,2)
r(1,1,2,2)
w(107,2,2,2)
r(5,1,2,2)
r(418,1,2,2)
w(119,2,2,2)
w(104,2,2,2)
w(102,2,2,2)
w(82,2,2,2)
w(114,2,2,2)
w(98,2,2,2)
r(115,1,2,2)
w(90,2,2,2)
w(103,2,2,2)
w(85,2,2,2)
w(105,2,2,2)
r(263,1,2,2)
r(481,1,2,2)
w(74,2,2,2)
w(98,3,2,2)
r(362,1,3,3)
r(496,1,3,3)
w(156,2,3,3)
r(351,1,3,3)
r(61,1,3,3)
r(134,1,3,3)
r(217,1,3,3)
w(133,2,3,3)
r(241,1,3,3)
w(140,2,3,3)
w(174,2,3,3)
w(175,2,3,3)
w(128,2,3,3)
r(295,1,3,3)
r(369,1,3,3)
r(467,1,3,3)
w(163,2,3,3)
w(139,2,3,3)
w(155,2,3,3)
r(405,1,3,3)
r(178,1,4,4)
r(434,1,4,4)
r(311,1,4,4)
r(396,1,4,4)
w(240,2,4,4)
r(126,1,4,4)
w(224,2,4,4)
r(123,1,4,4)
r(372,1,4,4)
w(198,2,4,4)
r(146,1,4,4)
w(234,2,4,4)
w(212,2,4,4)
r(464,1,4,4)
r(173,1,4,4)
r(355,1,4,4)
w(191,2,4,4)
w(206,2,4,4)
r(154,1,4,4)
w(233,2,4,4)
w(244,2,5,5)
w(255,2,5,5)
w(277,2,5,5)
w(258,2,5,5)
w(271,2,5,5)
r(361,1,5,5)
r(139,1,5,5)
w(287,2,5,5)
w(245,2,5,5)
r(79,1,5,5)
w(270,2,5,5)
w(254,2,5,5)
r(540,1,5,5)
w(296,2,5,5)
w(285,2,5,5)
w(293,2,5,5)
w(293,3,5,5)
w(264,2,5,5)
r(67,1,5,5)
w(280,2,5,5)
w(301,2,6,6)
r(137,1,6,6)
w(346,2,6,6)
r(392,1,6,6)
r(366,1,6,6)
w(333,2,6,6)
r(350,1,6,6)
w(315,2,6,6)
w(317,2,6,6)
r(179,1,6,6)
w(301,3,6,6)
w(335,2,6,6)
w(309,2,6,6)
r(284,1,6,6)
w(357,2,6,6)
r(296,1,6,6)
r(358,1,6,6)
w(326,2,6,6)
r(411,1,6,6)
w(329,2,6,6)
w(405,2,7,7)
w(399,2,7,7)
w(366,2,7,7)
w(390,2,7,7)
r(140,1,7,7)
r(110,1,7,7)
r(95,1,7,7)
w(416,2,7,7)
r(95,1,7,7)
w(398,2,7,7)
w(363,2,7,7)
w(366,3,7,7)
r(85,1,7,7)
w(367,2,7,7)
r(516,1,7,7)
w(398,3,7,7)
w(368,2,7,7)
w(363,3,7,7)
r(385,1,7,7)
r(108,1,7,7)
w(479,2,8,8)
w(436,2,8,8)
r(100,1,8,8)
r(435,1,8,8)
w(441,2,8,8)
r(358,1,8,8)
w(445,2,8,8)
r(208,1,8,8)
w(471,2,8,8)
w(444,2,8,8)
w(467,2,8,8)
w(454,2,8,8)
w(444,3,8,8)
w(460,2,8,8)
r(454,2,8,8)
w(442,2,8,8)
r(522,1,8,8)
r(342,1,8,8)
w(447,2,8,8)
r(319,1,8,8)
w(492,2,9,9)
w(518,2,9,9)
w(493,2,9,9)
r(279,1,9,9)
w(513,2,9,9)
r(520,1,9,9)
w(483,2,9,9)
r(210,1,9,9)
w(526,2,9,9)
r(527,1,9,9)
r(511,1,9,9)
w(505,2,9,9)
r(255,1,9,9)
w(503,2,9,9)
r(21,1,9,9)
w(491,2,9,9)
w(513,3,9,9)
w(514,2,9,9)
w(503,3,9,9)
r(64,1,9,9)
w(53,2,1,10)
w(9,3,1,10)
w(29,2,1,10)
w(24,2,1,10)
w(13,2,1,10)
r(239,1,1,10)
w(27,2,1,10)
w(11,2,1,10)
r(190,1,1,10)
r(459,1,1,10)
w(25,3,1,10)
r(484,1,1,10)
r(195,1,1,10)
w(11,3,1,10)
w(50,2,1,10)
w(42,2,1,10)
r(408,1,1,10)
w(28,2,1,10)
w(51,2,1,10)
r(328,1,1,10)
r(307,1,2,11)
r(485,1,2,11)
r(395,1,2,11)
w(85,3,2,11)
r(533,1,2,11)
r(529,1,2,11)
r(163,1,2,11)
w(84,2,2,11)
r(227,1,2,11)
w(72,2,2,11)
w(106,2,2,11)
r(99,1,2,11)
r(189,1,2,11)
r(353,1,2,11)
r(160,1,2,11)
r(326,1,2,11)
w(86,2,2,11)
w(83,2,2,11)
w(81,2,2,11)
w(99,2,2,11)
w(177,2,3,12)
w(159,2,3,12)
w(154,2,3,12)
w(134,2,3,12)
w(145,2,3,12)
r(521,1,3,12)
w(144,2,3,12)
r(417,1,3,12)
w(125,2,3,12)
r(50,1,3,12)
w(128,3,3,12)
r(468,1,3,12)
r(278,1,3,12)
w(151,2,3,12)
w(149,2,3,12)
w(131,2,3,12)
r(356,1,3,12)
w(165,2,3,12)
r(152,1,3,12)
r(316,1,3,12)
r(513,1,4,13)
r(527,1,4,13)
r(485,1,4,13)
w(182,2,4,13)
r(235,1,4,13)
w(192,2,4,13)
w(192,3,4,13)
r(466,1,4,13)
r(143,1,4,13)
r(184,1,4,13)
w(235,2,4,13)
w(183,2,4,13)
w(234,3,4,13)
w(218,2,4,13)
r(276,1,4,13)
r(488,1,4,13)
w(185,2,4,13)
r(308,1,4,13)
w(214,2,4,13)
w(204,2,4,13)
w(285,3,5,14)
w(298,2,5,14)
w(258,3,5,14)
w(269,2,5,14)
w(249,2,5,14)
w(241,2,5,14)
r(391,1,5,14)
r(309,1,5,14)
r(536,1,5,14)
r(73,1,5,14)
r(260,1,5,14)
r(219,1,5,14)
r(422,1,5,14)
r(387,1,5,14)
r(281,1,5,14)
r(313,1,5,14)
r(539,1,5,14)
w(252,2,5,14)
w(280,3,5,14)
r(299,1,5,14)
r(27,1,6,15)
r(134,1,6,15)
w(324,2,6,15)
w(317,3,6,15)
r(123,1,6,15)
r(210,1,6,15)
w(303,2,6,15)
w(355,2,6,15)
w(326,3,6,15)
r(127,1,6,15)
r(294,1,6,15)
w(342,2,6,15)
w(314,2,6,15)
w(326,4,6,15)
w(307,2,6,15)
w(331,2,6,15)
r(345,1,6,15)
w(349,2,6,15)
r(17,1,6,15)
r(533,1,6,15)
r(7,1,7,16)
w(405,3,7,16)
w(397,2,7,16)
w(416,3,7,16)
r(83,1,7,16)
r(317,1,7,16)
w(401,2,7,16)
r(185,1,7,16)
r(494,1,7,16)
w(410,2,7,16)
r(101,1,7,16)
w(386,2,7,16)
r(410,2,7,16)
r(443,1,7,16)
r(127,1,7,16)
w(374,2,7,16)
w(369,2,7,16)
w(407,2,7,16)
w(416,4,7,16)
r(326,1,7,16)
w(468,2,8,17)
r(377,1,8,17)
w(466,2,8,17)
w(443,2,8,17)
r(121,1,8,17)
w(428,2,8,17)
w(428,3,8,17)
r(534,1,8,17)
r(189,1,8,17)
w(432,2,8,17)
w(422,2,8,17)
w(438,2,8,17)
w(472,2,8,17)
w(463,2,8,17)
w(460,3,8,17)
w(432,3,8,17)
r(323,1,8,17)
w(429,2,8,17)
r(314,1,8,17)
r(27,1,8,17)
w(512,2,9,18)
r(343,1,9,18)
r(426,1,9,18)
w(501,2,9,18)
w(518,3,9,18)
r(44,1,9,18)
r(174,2,9,18)
r(518,3,9,18)
w(521,2,9,18)
r(280,1,9,18)
w(538,2,9,18)
w(540,2,9,18)
r(364,1,9,18)
r(351,1,9,18)
r(404,1,9,18)
r(141,1,9,18)
r(141,1,9,18)
r(66,1,9,18)
r(437,1,9,18)
w(481,2,9,18)
r(240,2,1,19)
w(27,3,1,19)
w(25,4,1,19)
w(10,2,1,19)
r(257,1,1,19)
w(9,4,1,19)
r(25,4,1,19)
r(170,1,1,19)
r(341,1,1,19)
w(13,3,1,19)
r(292,1,1,19)
w(32,2,1,19)
r(389,1,1,19)
w(34,2,1,19)
r(449,1,1,19)
w(53,3,1,19)
w(37,2,1,19)
r(419,1,1,19)
r(123,1,1,19)
w(50,3,1,19)
r(266,1,2,20)
r(215,1,2,20)
r(213,1,2,20)
w(105,3,2,20)
w(104,3,2,20)
r(401,1,2,20)
r(472,2,2,20)
r(223,1,2,20)
r(229,1,2,20)
w(80,2,2,20)
r(430,1,2,20)
w(115,2,2,20)
r(26,1,2,20)
r(53,1,2,20)
r(243,2,2,20)
w(90,3,2,20)
r(528,1,2,20)
w(69,2,2,20)
r(241,2,2,20)
w(119,3,2,20)
r(448,1,3,21)
w(121,2,3,21)
w(157,2,3,21)
w(177,3,3,21)
w(158,2,3,21)
r(37,1,3,21)
r(223,1,3,21)
r(519,1,3,21)
r(480,1,3,21)
w(126,2,3,21)
w(142,2,3,21)
r(317,3,3,21)
r(255,1,3,21)
r(230,1,3,21)
w(139,3,3,21)
w(139,4,3,21)
w(144,3,3,21)
r(39,1,3,21)
r(302,1,3,21)
r(35,1,3,21)
r(521,1,4,22)
r(297,1,4,22)
r(144,1,4,22)
r(12,1,4,22)
w(186,2,4,22)
r(238,1,4,22)
w(182,3,4,22)
r(149,1,4,22)
r(115,1,4,22)
r(511,1,4,22)
w(198,3,4,22)
r(460,1,4,22)
r(183,2,4,22)
r(354,1,4,22)
r(203,1,4,22)
w(193,2,4,22)
w(217,2,4,22)
r(59,2,4,22)
w(239,2,4,22)
w(205,2,4,22)
r(49,1,5,23)
r(218,1,5,23)
r(382,1,5,23)
r(185,1,5,23)
w(244,3,5,23)
w(243,2,5,23)
r(301,1,5,23)
r(29,1,5,23)
w(279,2,5,23)
r(191,1,5,23)
r(98,3,5,23)
r(339,1,5,23)
r(360,1,5,23)
r(464,1,5,23)
w(280,4,5,23)
w(279,3,5,23)
w(246,2,5,23)
w(253,2,5,23)
r(259,1,5,23)
w(250,2,5,23)
w(319,2,6,24)
w(302,2,6,24)
r(39,1,6,24)
r(105,1,6,24)
w(343,2,6,24)
r(134,2,6,24)
w(318,2,6,24)
r(63,1,6,24)
r(290,1,6,24)
r(37,1,6,24)
w(337,2,6,24)
w(359,2,6,24)
w(359,3,6,24)
w(305,2,6,24)
w(305,3,6,24)
w(320,2,6,24)
r(419,1,6,24)
w(317,4,6,24)
w(354,2,6,24)
r(375,1,6,24)
w(402,2,7,25)
r(84,1,7,25)
w(362,2,7,25)
r(342,1,7,25)
w(409,2,7,25)
r(527,1,7,25)
r(384,1,7,25)
w(364,2,7,25)
r(346,1,7,25)
w(403,2,7,25)
r(364,2,7,25)
w(375,2,7,25)
r(261,1,7,25)
w(403,3,7,25)
r(464,1,7,25)
r(272,1,7,25)
w(378,2,7,25)
w(397,3,7,25)
w(384,2,7,25)
r(165,1,7,25)
w(452,2,8,26)
w(432,4,8,26)
w(445,3,8,26)
r(538,1,8,26)
r(492,1,8,26)
r(512,1,8,26)
r(280,4,8,26)
r(522,1,8,26)
w(476,2,8,26)
w(428,4,8,26)
r(11,1,8,26)
r(200,1,8,26)
w(435,2,8,26)
r(88,1,8,26)
w(448,2,8,26)
w(439,2,8,26)
r(362,1,8,26)
w(441,3,8,26)
r(52,1,8,26)
r(481,1,8,26)
r(226,1,9,27)
r(341,1,9,27)
r(235,1,9,27)
w(529,2,9,27)
w(493,3,9,27)
w(537,2,9,27)
r(451,1,9,27)
w(527,2,9,27)
r(467,1,9,27)
r(103,1,9,27)
w(512,3,9,27)
r(122,1,9,27)
r(429,1,9,27)
w(513,4,9,27)
w(519,2,9,27)
r(168,1,9,27)
w(525,2,9,27)
r(171,1,9,27)
r(308,1,9,27)
r(482,1,9,27)
w(52,2,1,28)
r(163,1,1,28)
r(118,1,1,28)
w(57,2,1,28)
w(15,2,1,28)
w(50,4,1,28)
r(419,1,1,28)
r(138,1,1,28)
w(22,2,1,28)
w(34,3,1,28)
r(161,1,1,28)
w(25,5,1,28)
r(298,1,1,28)
w(30,3,1,28)
w(30,4,1,28)
w(44,2,1,28)
r(509,1,1,28)
r(170,1,1,28)
w(36,2,1,28)
r(191,3,1,28)
r(175,1,2,29)
r(425,1,2,29)
r(289,1,2,29)
r(364,1,2,29)
w(80,3,2,29)
w(77,2,2,29)
r(38,1,2,29)
w(91,2,2,29)
r(31,1,2,29)
r(163,1,2,29)
w(66,2,2,29)
w(91,3,2,29)
w(95,2,2,29)
w(87,2,2,29)
r(485,1,2,29)
r(75,1,2,29)
r(381,1,2,29)
w(93,2,2,29)
r(490,1,2,29)
r(229,1,2,29)
r(233,1,3,30)
r(72,1,3,30)
r(302,2,3,30)
w(155,3,3,30)
r(111,1,3,30)
r(244,1,3,30)
r(397,1,3,30)
w(147,2,3,30)
r(485,1,3,30)
r(165,2,3,30)
r(79,1,3,30)
w(160,2,3,30)
r(253,1,3,30)
w(162,2,3,30)
w(169,2,3,30)
w(133,3,3,30)
r(369,1,3,30)
r(372,1,3,30)
w(155,4,3,30)
w(142,3,3,30)
w(191,3,4,31)
r(149,1,4,31)
w(196,2,4,31)
w(228,2,4,31)
w(198,4,4,31)
r(332,1,4,31)
r(53,3,4,31)
w(223,2,4,31)
w(222,2,4,31)
r(147,1,4,31)
w(204,3,4,31)
r(305,1,4,31)
r(226,1,4,31)
r(485,1,4,31)
w(229,2,4,31)
w(224,3,4,31)
w(205,3,4,31)
w(185,3,4,31)
w(230,2,4,31)
r(478,1,4,31)
r(142,1,5,32)
w(283,2,5,32)
r(506,1,5,32)
w(245,3,5,32)
r(480,1,5,32)
w(286,2,5,32)
r(454,2,5,32)
w(241,3,5,32)
w(300,2,5,32)
r(69,2,5,32)
w(287,3,5,32)
w(266,2,5,32)
r(446,1,5,32)
w(241,4,5,32)
r(370,1,5,32)
w(242,2,5,32)
w(276,2,5,32)
r(104,3,5,32)
w(273,2,5,32)
r(106,2,5,32)
r(94,1,6,33)
w(316,2,6,33)
w(359,4,6,33)
w(307,3,6,33)
r(313,1,6,33)
w(354,3,6,33)
r(50,1,6,33)
w(336,2,6,33)
w(332,2,6,33)
w(334,2,6,33)
w(329,3,6,33)
r(255,1,6,33)
r(249,1,6,33)
w(312,2,6,33)
r(122,1,6,33)
w(332,3,6,33)
r(313,1,6,33)
r(426,1,6,33)
w(323,2,6,33)
r(83,1,6,33)
w(387,2,7,34)
r(35,1,7,34)
r(59,2,7,34)
w(397,4,7,34)
w(408,2,7,34)
w(396,2,7,34)
r(316,1,7,34)
w(408,3,7,34)
w(378,3,7,34)
r(75,1,7,34)
w(387,3,7,34)
w(391,2,7,34)
r(381,1,7,34)
w(364,3,7,34)
r(503,1,7,34)
r(93,1,7,34)
w(375,3,7,34)
w(387,4,7,34)
r(94,1,7,34)
r(78,1,7,34)
r(88,1,8,35)
w(421,2,8,35)
r(306,1,8,35)
r(253,2,8,35)
r(414,1,8,35)
r(126,1,8,35)
r(168,1,8,35)
w(476,3,8,35)
r(113,1,8,35)
r(19,1,8,35)
w(452,3,8,35)
w(451,2,8,35)
w(427,2,8,35)
w(428,5,8,35)
w(445,4,8,35)
r(423,1,8,35)
r(292,1,8,35)
r(441,3,8,35)
w(457,2,8,35)
r(435,2,8,35)
w(486,2,9,36)
r(526,2,9,36)
w(495,2,9,36)
w(493,4,9,36)
w(514,3,9,36)
w(531,2,9,36)
w(522,2,9,36)
w(508,2,9,36)
r(251,1,9,36)
w(516,2,9,36)
r(358,1,9,36)
r(364,1,9,36)
r(126,2,9,36)
r(484,1,9,36)
w(492,3,9,36)
w(493,5,9,36)
w(485,2,9,36)
r(78,1,9,36)
r(533,1,9,36)
r(78,1,9,36)
w(18,2,1,37)
w(58,2,1,37)
r(247,1,1,37)
w(17,3,1,37)
r(111,1,1,37)
r(379,1,1,37)
r(240,3,1,37)
w(11,4,1,37)
w(5,2,1,37)
r(300,1,1,37)
r(113,1,1,37)
r(61,1,1,37)
r(221,1,1,37)
r(195,1,1,37)
r(55,1,1,37)
w(33,2,1,37)
r(307,1,1,37)
w(1,2,1,37)
w(33,3,1,37)
w(25,6,1,37)
w(84,3,2,38)
r(187,1,2,38)
w(107,3,2,38)
r(191,1,2,38)
r(431,1,2,38)
w(112,2,2,38)
w(93,3,2,38)
r(246,2,2,38)
r(260,1,2,38)
w(87,3,2,38)
r(74,2,2,38)
r(187,1,2,38)
w(107,4,2,38)
r(265,1,2,38)
r(496,1,2,38)
w(92,2,2,38)
r(369,1,2,38)
w(78,2,2,38)
w(80,4,2,38)
w(62,2,2,38)
r(229,1,3,39)
w(155,5,3,39)
r(88,1,3,39)
w(171,2,3,39)
w(163,3,3,39)
r(312,1,3,39)
w(167,2,3,39)
w(150,2,3,39)
r(393,1,3,39)
w(159,3,3,39)
w(160,3,3,39)
w(174,3,3,39)
w(123,2,3,39)
r(131,2,3,39)
r(2,1,3,39)
r(136,1,3,39)
r(432,1,3,39)
r(416,1,3,39)
w(154,3,3,39)
r(443,1,3,39)
w(200,2,4,40)
r(66,1,4,40)
r(322,1,4,40)
r(523,1,4,40)
r(496,1,4,40)
w(200,3,4,40)
w(240,3,4,40)
w(181,2,4,40)
w(207,2,4,40)
r(50,3,4,40)
w(209,2,4,40)
w(239,3,4,40)
r(531,1,4,40)
r(86,1,4,40)
w(205,4,4,40)
r(31,1,4,40)
w(199,2,4,40)
r(119,1,4,40)
r(389,1,4,40)
r(399,2,4,40)
w(249,3,5,41)
r(126,1,5,41)
r(36,1,5,41)
w(251,2,5,41)
r(382,1,5,41)
w(298,3,5,41)
r(35,1,5,41)
r(369,1,5,41)
w(249,4,5,41)
r(170,1,5,41)
w(300,3,5,41)
w(286,3,5,41)
w(257,2,5,41)
w(299,2,5,41)
r(501,1,5,41)
r(304,1,5,41)
r(237,1,5,41)
r(170,1,5,41)
r(474,1,5,41)
r(43,1,5,41)
w(354,4,6,42)
w(340,2,6,42)
w(304,2,6,42)
r(454,1,6,42)
r(400,1,6,42)
w(345,2,6,42)
r(84,1,6,42)
r(201,1,6,42)
w(353,2,6,42)
w(316,3,6,42)
w(341,2,6,42)
w(316,4,6,42)
r(139,4,6,42)
w(306,2,6,42)
r(431,1,6,42)
w(319,3,6,42)
r(244,1,6,42)
w(313,2,6,42)
w(341,3,6,42)
w(327,2,6,42)
r(38,1,7,43)
r(396,2,7,43)
w(363,4,7,43)
w(410,3,7,43)
r(11,3,7,43)
w(363,5,7,43)
w(404,2,7,43)
w(369,3,7,43)
r(129,1,7,43)
w(368,3,7,43)
r(396,2,7,43)
r(320,1,7,43)
r(462,1,7,43)
r(364,3,7,43)
w(380,2,7,43)
r(278,1,7,43)
w(392,2,7,43)
r(236,1,7,43)
w(388,2,7,43)
w(372,2,7,43)
w(427,3,8,44)
w(438,3,8,44)
w(440,2,8,44)
w(421,3,8,44)
w(476,4,8,44)
w(451,3,8,44)
r(140,1,8,44)
w(468,3,8,44)
r(373,1,8,44)
w(475,2,8,44)
w(466,3,8,44)
r(227,1,8,44)
w(459,2,8,44)
r(140,1,8,44)
w(479,3,8,44)
w(445,5,8,44)
r(264,2,8,44)
r(227,1,8,44)
w(478,2,8,44)
r(222,1,8,44)
w(493,6,9,45)
w(539,2,9,45)
w(529,3,9,45)
r(400,1,9,45)
r(469,1,9,45)
w(519,3,9,45)
w(540,3,9,45)
w(533,2,9,45)
r(320,2,9,45)
w(501,3,9,45)
r(238,1,9,45)
w(482,2,9,45)
w(531,3,9,45)
r(205,1,9,45)
w(492,4,9,45)
r(447,1,9,45)
r(52,1,9,45)
r(345,2,9,45)
w(499,2,9,45)
w(489,2,9,45)
w(32,3,1,46)
w(49,2,1,46)
r(160,1,1,46)
r(512,1,1,46)
r(159,1,1,46)
w(59,3,1,46)
w(40,2,1,46)
w(5,3,1,46)
r(331,2,1,46)
r(289,1,1,46)
r(433,1,1,46)
r(220,2,1,46)
r(80,1,1,46)
r(230,2,1,46)
r(305,1,1,46)
w(40,3,1,46)
r(432,1,1,46)
r(41,1,1,46)
r(170,1,1,46)
r(377,2,1,46)
r(425,1,2,47)
r(204,1,2,47)
r(199,1,2,47)
w(90,4,2,47)
w(85,4,2,47)
w(69,3,2,47)
r(9,1,2,47)
r(12,1,2,47)
r(85,4,2,47)
r(172,1,2,47)
r(427,1,2,47)
w(87,4,2,47)
r(210,1,2,47)
r(489,1,2,47)
r(278,1,2,47)
w(92,3,2,47)
w(109,2,2,47)
w(69,4,2,47)
w(104,4,2,47)
r(82,2,2,47)
r(361,1,3,48)
r(289,1,3,48)
r(151,2,3,48)
w(161,2,3,48)
r(73,1,3,48)
r(255,1,3,48)
r(95,1,3,48)
r(12,1,3,48)
w(140,3,3,48)
r(131,2,3,48)
w(151,3,3,48)
w(123,3,3,48)
w(161,3,3,48)
r(183,1,3,48)
r(292,1,3,48)
w(153,2,3,48)
r(265,1,3,48)
w(167,3,3,48)
r(86,1,3,48)
w(138,2,3,48)
r(398,3,4,49)
w(220,2,4,49)
w(207,3,4,49)
w(197,2,4,49)
w(196,3,4,49)
r(487,1,4,49)
r(507,1,4,49)
w(208,2,4,49)
r(343,1,4,49)
r(193,2,4,49)
r(472,1,4,49)
r(11,4,4,49)
w(238,2,4,49)
w(235,3,4,49)
w(222,3,4,49)
w(196,4,4,49)
r(164,1,4,49)
r(259,1,4,49)
r(97,1,4,49)
w(185,4,4,49)
w(276,3,5,50)
w(277,3,5,50)
w(249,5,5,50)
r(356,1,5,50)
r(490,1,5,50)
w(281,2,5,50)
r(490,1,5,50)
r(478,2,5,50)
w(297,2,5,50)
w(291,2,5,50)
r(37,1,5,50)
w(243,3,5,50)
w(258,4,5,50)
r(448,2,5,50)
r(262,1,5,50)
w(259,2,5,50)
w(275,2,5,50)
w(255,3,5,50)
w(285,4,5,50)
w(250,3,5,50)
w(329,4,6,51)
w(304,3,6,51)
r(54,1,6,51)
r(381,1,6,51)
r(123,3,6,51)
r(70,1,6,51)
w(360,2,6,51)
w(358,2,6,51)
w(309,3,6,51)
w(324,3,6,51)
w(319,4,6,51)
r(81,1,6,51)
w(333,3,6,51)
r(125,2,6,51)
w(330,2,6,51)
w(301,4,6,51)
w(348,2,6,51)
r(382,1,6,51)
w(354,5,6,51)
w(343,3,6,51)
w(384,3,7,52)
r(181,1,7,52)
w(361,2,7,52)
r(237,1,7,52)
w(369,4,7,52)
r(327,1,7,52)
r(27,3,7,52)
r(49,1,7,52)
r(196,2,7,52)
w(418,2,7,52)
r(197,1,7,52)
w(380,3,7,52)
r(455,1,7,52)
r(458,1,7,52)
w(396,3,7,52)
w(395,2,7,52)
r(474,1,7,52)
r(178,1,7,52)
r(484,1,7,52)
r(187,1,7,52)
w(462,2,8,53)
r(214,1,8,53)
r(100,1,8,53)
r(154,1,8,53)
w(477,2,8,53)
r(388,1,8,53)
w(456,2,8,53)
w(433,2,8,53)
r(193,1,8,53)
r(283,2,8,53)
r(514,1,8,53)
r(41,1,8,53)
w(476,5,8,53)
w(435,3,8,53)
w(468,4,8,53)
r(176,1,8,53)
w(443,3,8,53)
w(480,2,8,53)
w(454,3,8,53)
w(431,2,8,53)
r(461,1,9,54)
r(33,1,9,54)
r(152,1,9,54)
r(181,1,9,54)
w(510,2,9,54)
w(501,4,9,54)
r(166,1,9,54)
r(512,3,9,54)
w(491,3,9,54)
r(472,1,9,54)
r(161,4,9,54)
r(489,2,9,54)
r(214,1,9,54)
w(540,4,9,54)
w(490,2,9,54)
w(531,4,9,54)
r(129,1,9,54)
w(510,3,9,54)
w(484,2,9,54)
w(517,2,9,54)
w(34,4,1,55)
w(2,2,1,55)
w(7,2,1,55)
w(39,2,1,55)
w(15,3,1,55)
r(265,1,1,55)
r(51,2,1,55)
r(518,2,1,55)
r(10,2,1,55)
w(12,2,1,55)
w(46,2,1,55)
r(86,1,1,55)
w(34,5,1,55)
r(204,3,1,55)
w(55,2,1,55)
w(4,2,1,55)
r(355,2,1,55)
w(18,3,1,55)
r(442,1,1,55)
r(530,1,1,55)
r(347,1,2,56)
w(108,2,2,56)
r(321,1,2,56)
r(87,4,2,56)
w(113,2,2,56)
r(264,2,2,56)
w(61,2,2,56)
w(87,5,2,56)
w(104,5,2,56)
r(527,1,2,56)
w(110,3,2,56)
w(111,2,2,56)
r(427,2,2,56)
w(109,3,2,56)
r(73,1,2,56)
w(91,4,2,56)
w(61,3,2,56)
w(115,3,2,56)
r(116,1,2,56)
r(97,1,2,56)
r(233,1,3,57)
r(334,2,3,57)
r(432,1,3,57)
r(450,1,3,57)
r(506,1,3,57)
w(171,3,3,57)
r(10,1,3,57)
r(113,1,3,57)
r(12,1,3,57)
w(121,3,3,57)
r(274,1,3,57)
w(128,4,3,57)
w(142,4,3,57)
r(109,1,3,57)
w(140,4,3,57)
w(133,4,3,57)
w(161,4,3,57)
r(27,1,3,57)
w(150,3,3,57)
w(141,2,3,57)
r(402,2,4,58)
r(142,1,4,58)
r(286,1,4,58)
r(235,3,4,58)
w(230,3,4,58)
r(508,1,4,58)
r(321,1,4,58)
r(41,1,4,58)
w(215,2,4,58)
r(346,2,4,58)
w(181,3,4,58)
w(216,2,4,58)
w(222,4,4,58)
r(503,3,4,58)
w(191,4,4,58)
r(262,1,4,58)
r(35,1,4,58)
w(188,2,4,58)
r(285,1,4,58)
r(207,3,4,58)
w(245,4,5,59)
w(280,5,5,59)
w(268,2,5,59)
r(100,1,5,59)
w(291,3,5,59)
w(300,4,5,59)
r(412,1,5,59)
w(289,2,5,59)
r(230,1,5,59)
w(251,3,5,59)
r(99,2,5,59)
r(114,3,5,59)
r(444,3,5,59)
r(213,1,5,59)
w(280,6,5,59)
w(296,3,5,59)
w(283,3,5,59)
w(298,4,5,59)
w(286,4,5,59)
w(258,5,5,59)
r(419,1,6,60)
w(324,4,6,60)
r(28,1,6,60)
w(309,4,6,60)
w(337,3,6,60)
w(318,3,6,60)
w(334,3,6,60)
w(337,4,6,60)
w(313,3,6,60)
w(342,3,6,60)
r(258,1,6,60)
w(343,4,6,60)
w(332,4,6,60)
w(348,3,6,60)
r(438,1,6,60)
w(320,3,6,60)
r(206,1,6,60)
r(237,1,6,60)
w(327,3,6,60)
r(141,2,6,60)
r(148,1,7,61)
w(361,3,7,61)
w(390,3,7,61)
r(241,1,7,61)
w(383,2,7,61)
w(409,3,7,61)
r(279,1,7,61)
r(174,1,7,61)
r(204,3,7,61)
r(179,1,7,61)
r(196,2,7,61)
w(377,2,7,61)
r(537,1,7,61)
w(391,3,7,61)
w(363,6,7,61)
w(362,3,7,61)
w(373,2,7,61)
w(399,3,7,61)
r(152,1,7,61)
r(213,1,7,61)
r(52,1,8,62)
r(413,1,8,62)
w(463,3,8,62)
w(480,3,8,62)
r(363,1,8,62)
w(449,2,8,62)
w(435,4,8,62)
r(93,3,8,62)
w(437,2,8,62)
r(486,1,8,62)
w(442,3,8,62)
w(445,6,8,62)
w(456,3,8,62)
w(443,4,8,62)
w(472,3,8,62)
w(444,4,8,62)
r(383,1,8,62)
r(144,1,8,62)
r(388,1,8,62)
w(465,2,8,62)
r(506,1,9,63)
w(539,3,9,63)
w(529,4,9,63)
r(27,1,9,63)
w(502,2,9,63)
w(506,2,9,63)
r(202,1,9,63)
r(527,2,9,63)
w(532,2,9,63)
w(503,4,9,63)
r(37,1,9,63)
r(248,1,9,63)
r(421,1,9,63)
w(492,5,9,63)
w(537,3,9,63)
r(363,1,9,63)
w(491,4,9,63)
w(519,4,9,63)
r(460,1,9,63)
r(421,1,9,63)
r(329,2,1,64)
r(303,2,1,64)
w(24,3,1,64)
w(47,2,1,64)
r(20,1,1,64)
w(56,2,1,64)
r(442,1,1,64)
w(39,3,1,64)
w(18,4,1,64)
w(39,4,1,64)
w(27,4,1,64)
r(509,1,1,64)
w(37,3,1,64)
r(470,1,1,64)
r(114,1,1,64)
w(28,3,1,64)
w(17,4,1,64)
w(37,4,1,64)
w(45,2,1,64)
r(155,2,1,64)
w(88,2,2,65)
r(242,2,2,65)
w(88,3,2,65)
r(15,1,2,65)
w(70,2,2,65)
r(409,1,2,65)
r(320,1,2,65)
w(109,4,2,65)
r(97,1,2,65)
w(96,2,2,65)
r(132,1,2,65)
w(70,3,2,65)
w(83,3,2,65)
w(96,3,2,65)
r(149,1,2,65)
w(69,5,2,65)
w(95,3,2,65)
r(114,2,2,65)
w(62,3,2,65)
w(61,4,2,65)
w(160,4,3,66)
r(35,1,3,66)
w(149,3,3,66)
r(180,1,3,66)
w(173,2,3,66)
r(348,2,3,66)
w(130,2,3,66)
r(185,1,3,66)
r(98,1,3,66)
w(174,4,3,66)
r(494,1,3,66)
r(188,1,3,66)
r(531,4,3,66)
r(107,1,3,66)
w(136,2,3,66)
r(347,1,3,66)
r(457,1,3,66)
r(113,1,3,66)
r(198,1,3,66)
w(163,4,3,66)
r(247,1,4,67)
w(231,2,4,67)
w(204,4,4,67)
r(526,2,4,67)
w(226,2,4,67)
w(188,3,4,67)
r(263,1,4,67)
w(208,3,4,67)
r(415,1,4,67)
r(426,1,4,67)
r(350,1,4,67)
w(195,2,4,67)
r(477,1,4,67)
r(494,1,4,67)
w(190,2,4,67)
w(223,3,4,67)
w(231,3,4,67)
r(28,2,4,67)
w(194,2,4,67)
r(149,1,4,67)
r(450,1,5,68)
r(189,1,5,68)
r(165,1,5,68)
w(277,4,5,68)
r(284,1,5,68)
r(19,1,5,68)
w(249,6,5,68)
w(262,2,5,68)
r(151,1,5,68)
r(72,2,5,68)
r(140,1,5,68)
w(279,4,5,68)
r(136,1,5,68)
r(7,1,5,68)
w(281,3,5,68)
w(283,4,5,68)
r(352,1,5,68)
w(245,5,5,68)
w(248,2,5,68)
r(537,1,5,68)
w(360,3,6,69)
w(333,4,6,69)
r(11,1,6,69)
w(316,5,6,69)
w(345,3,6,69)
r(308,1,6,69)
w(338,2,6,69)
r(431,1,6,69)
w(325,2,6,69)
r(138,2,6,69)
w(341,4,6,69)
w(334,4,6,69)
r(489,2,6,69)
w(324,5,6,69)
r(485,2,6,69)
r(56,1,6,69)
w(338,3,6,69)
r(350,1,6,69)
r(38,1,6,69)
w(342,4,6,69)
r(17,2,7,70)
w(371,2,7,70)
w(406,2,7,70)
r(311,1,7,70)
r(19,1,7,70)
w(409,4,7,70)
r(507,1,7,70)
r(495,1,7,70)
r(303,1,7,70)
w(384,4,7,70)
w(380,4,7,70)
w(372,3,7,70)
r(204,3,7,70)
r(141,1,7,70)
r(82,1,7,70)
w(372,4,7,70)
w(366,4,7,70)
w(384,5,7,70)
r(257,1,7,70)
r(390,3,7,70)
w(431,3,8,71)
r(483,1,8,71)
r(251,3,8,71)
r(123,1,8,71)
r(160,1,8,71)
r(311,1,8,71)
w(441,4,8,71)
w(477,3,8,71)
w(464,2,8,71)
w(457,3,8,71)
w(428,6,8,71)
w(475,3,8,71)
w(429,3,8,71)
r(417,1,8,71)
r(461,1,8,71)
w(423,2,8,71)
r(368,1,8,71)
w(444,5,8,71)
w(425,2,8,71)
r(224,1,8,71)
r(69,1,9,72)
w(518,4,9,72)
r(103,1,9,72)
r(105,1,9,72)
r(199,1,9,72)
w(530,2,9,72)
w(491,5,9,72)
w(526,3,9,72)
w(506,3,9,72)
w(522,3,9,72)
w(486,3,9,72)
w(496,2,9,72)
r(223,1,9,72)
w(502,3,9,72)
r(10,1,9,72)
r(318,3,9,72)
w(525,3,9,72)
r(236,1,9,72)
r(270,1,9,72)
w(506,4,9,72)
r(168,1,1,73)
w(50,5,1,73)
r(245,1,1,73)
r(440,1,1,73)
r(209,3,1,73)
w(30,5,1,73)
r(23,1,1,73)
r(302,1,1,73)
w(34,6,1,73)
r(225,2,1,73)
r(414,1,1,73)
r(499,1,1,73)
w(29,3,1,73)
w(4,3,1,73)
r(511,1,1,73)
r(381,1,1,73)
w(1,3,1,73)
r(154,1,1,73)
r(24,3,1,73)
w(6,2,1,73)
r(395,1,2,74)
r(500,1,2,74)
r(361,1,2,74)
r(157,1,2,74)
w(84,4,2,74)
r(69,5,2,74)
r(401,1,2,74)
r(455,1,2,74)
r(497,1,2,74)
w(91,5,2,74)
w(110,4,2,74)
w(73,2,2,74)
w(66,3,2,74)
r(529,1,2,74)
w(112,3,2,74)
r(168,1,2,74)
w(97,2,2,74)
w(70,4,2,74)
r(327,1,2,74)
r(355,1,2,74)
w(145,3,3,75)
r(37,1,3,75)
r(350,1,3,75)
r(512,3,3,75)
w(150,4,3,75)
r(176,1,3,75)
w(157,3,3,75)
r(479,1,3,75)
r(344,1,3,75)
r(106,1,3,75)
r(364,1,3,75)
w(134,3,3,75)
r(535,1,3,75)
w(130,3,3,75)
w(135,2,3,75)
r(18,1,3,75)
r(468,1,3,75)
r(331,2,3,75)
w(129,2,3,75)
r(391,1,3,75)
w(202,2,4,76)
r(229,2,4,76)
w(185,5,4,76)
r(497,1,4,76)
w(186,3,4,76)
w(203,2,4,76)
r(184,1,4,76)
w(225,2,4,76)
w(235,4,4,76)
w(228,3,4,76)
r(158,1,4,76)
w(200,4,4,76)
w(222,5,4,76)
w(187,2,4,76)
r(463,1,4,76)
w(209,3,4,76)
w(190,3,4,76)
w(231,4,4,76)
r(462,1,4,76)
w(207,4,4,76)
w(282,2,5,77)
r(287,3,5,77)
r(92,3,5,77)
r(195,1,5,77)
w(284,2,5,77)
r(83,4,5,77)
r(425,2,5,77)
w(251,4,5,77)
w(298,5,5,77)
w(258,6,5,77)
w(272,2,5,77)
w(281,4,5,77)
r(271,2,5,77)
w(267,2,5,77)
r(34,1,5,77)
r(432,4,5,77)
w(277,5,5,77)
w(251,5,5,77)
w(257,3,5,77)
r(66,5,5,77)
w(310,2,6,78)
w(355,3,6,78)
r(95,1,6,78)
w(349,3,6,78)
r(167,3,6,78)
r(501,4,6,78)
w(341,5,6,78)
r(263,1,6,78)
r(415,1,6,78)
w(320,4,6,78)
r(164,1,6,78)
r(497,1,6,78)
w(315,3,6,78)
w(312,3,6,78)
r(296,1,6,78)
w(358,3,6,78)
r(183,1,6,78)
r(218,1,6,78)
w(349,4,6,78)
r(497,1,6,78)
r(231,1,7,79)
w(385,2,7,79)
r(527,1,7,79)
w(387,5,7,79)
r(356,1,7,79)
w(373,3,7,79)
r(364,3,7,79)
w(416,5,7,79)
w(388,3,7,79)
r(524,1,7,79)
r(271,1,7,79)
r(73,1,7,79)
r(139,1,7,79)
r(112,1,7,79)
w(400,2,7,79)
r(394,1,7,79)
r(363,6,7,79)
w(406,3,7,79)
w(406,4,7,79)
r(59,2,7,79)
w(452,4,8,80)
w(469,2,8,80)
r(172,1,8,80)
r(495,1,8,80)
w(429,4,8,80)
w(478,3,8,80)
r(416,1,8,80)
w(471,3,8,80)
w(468,5,8,80)
r(367,1,8,80)
w(439,3,8,80)
r(45,1,8,80)
r(309,1,8,80)
w(451,4,8,80)
w(424,2,8,80)
r(318,1,8,80)
r(103,2,8,80)
w(443,5,8,80)
r(139,1,8,80)
w(444,6,8,80)
w(526,4,9,81)
w(492,6,9,81)
w(485,3,9,81)
r(504,1,9,81)
r(269,1,9,81)
r(68,1,9,81)
r(20,1,9,81)
r(113,1,9,81)
w(519,5,9,81)
w(514,4,9,81)
w(494,2,9,81)
r(237,1,9,81)
w(524,2,9,81)
w(532,3,9,81)
w(483,3,9,81)
w(516,3,9,81)
w(503,5,9,81)
w(514,5,9,81)
r(400,1,9,81)
w(521,3,9,81)
r(60,1,1,82)
r(463,1,1,82)
r(245,1,1,82)
r(111,1,1,82)
w(58,3,1,82)
w(12,3,1,82)
w(12,4,1,82)
r(311,1,1,82)
w(10,3,1,82)
r(172,1,1,82)
w(10,4,1,82)
w(1,4,1,82)
w(58,4,1,82)
w(37,5,1,82)
r(199,2,1,82)
w(40,4,1,82)
w(58,5,1,82)
r(168,1,1,82)
r(154,1,1,82)
w(13,4,1,82)
w(120,2,2,83)
w(114,3,2,83)
r(35,1,2,83)
w(68,2,2,83)
r(492,1,2,83)
w(106,3,2,83)
r(76,1,2,83)
r(330,1,2,83)
w(120,3,2,83)
r(244,3,2,83)
w(96,4,2,83)
r(10,1,2,83)
r(219,1,2,83)
w(91,6,2,83)
w(83,4,2,83)
r(29,1,2,83)
w(77,3,2,83)
r(440,2,2,83)
r(81,2,2,83)
r(66,3,2,83)
r(286,1,3,84)
r(67,1,3,84)
r(205,1,3,84)
w(134,4,3,84)
r(257,1,3,84)
w(140,5,3,84)
w(163,5,3,84)
r(532,2,3,84)
w(141,3,3,84)
w(156,3,3,84)
w(171,4,3,84)
w(136,3,3,84)
w(177,4,3,84)
w(153,3,3,84)
r(504,1,3,84)
r(175,2,3,84)
r(113,1,3,84)
r(357,2,3,84)
r(476,1,3,84)
r(421,1,3,84)
r(153,1,4,85)
w(238,3,4,85)
r(82,1,4,85)
w(201,2,4,85)
w(196,5,4,85)
w(197,3,4,85)
w(215,3,4,85)
w(219,2,4,85)
w(200,5,4,85)
w(238,4,4,85)
r(75,1,4,85)
r(263,1,4,85)
w(192,4,4,85)
w(236,2,4,85)
w(224,4,4,85)
r(369,5,4,85)
w(210,2,4,85)
r(333,2,4,85)
r(110,1,4,85)
r(358,1,4,85)
r(109,6,5,86)
r(260,1,5,86)
r(65,1,5,86)
w(296,4,5,86)
w(246,3,5,86)
w(250,4,5,86)
r(225,1,5,86)
r(334,1,5,86)
w(258,7,5,86)
w(277,6,5,86)
r(447,2,5,86)
w(253,3,5,86)
r(60,1,5,86)
r(97,2,5,86)
r(422,2,5,86)
w(289,3,5,86)
w(270,3,5,86)
r(97,2,5,86)
w(243,4,5,86)
w(248,3,5,86)
w(317,5,6,87)
w(349,5,6,87)
r(265,1,6,87)
w(352,2,6,87)
w(329,5,6,87)
r(536,1,6,87)
w(332,5,6,87)
w(310,3,6,87)
r(433,1,6,87)
r(23,1,6,87)
r(530,2,6,87)
r(274,1,6,87)
w(331,3,6,87)
w(324,6,6,87)
r(433,1,6,87)
r(228,1,6,87)
w(360,4,6,87)
r(254,1,6,87)
w(337,5,6,87)
w(335,3,6,87)
w(420,2,7,88)
r(533,1,7,88)
r(332,1,7,88)
r(272,1,7,88)
w(370,2,7,88)
r(100,1,7,88)
r(58,2,7,88)
w(376,2,7,88)
r(509,1,7,88)
w(405,4,7,88)
r(500,1,7,88)
r(461,1,7,88)
r(142,1,7,88)
w(394,2,7,88)
w(419,2,7,88)
r(327,1,7,88)
w(396,4,7,88)
w(407,3,7,88)
w(419,3,7,88)
r(323,1,7,88)
w(440,3,8,89)
w(424,3,8,89)
r(227,1,8,89)
w(471,4,8,89)
r(440,3,8,89)
w(453,2,8,89)
w(434,2,8,89)
w(434,3,8,89)
r(504,1,8,89)
r(428,6,8,89)
r(51,1,8,89)
w(474,2,8,89)
r(100,2,8,89)
w(430,2,8,89)
r(411,1,8,89)
r(18,1,8,89)
r(340,1,8,89)
w(459,3,8,89)
r(213,1,8,89)
w(476,6,8,89)
r(202,1,9,90)
w(508,3,9,90)
w(485,4,9,90)
w(530,3,9,90)
r(301,4,9,90)
w(510,4,9,90)
r(46,1,9,90)
r(383,1,9,90)
w(539,4,9,90)
r(108,1,9,90)
w(503,6,9,90)
w(536,2,9,90)
w(493,7,9,90)
w(525,4,9,90)
r(233,1,9,90)
r(275,1,9,90)
w(484,3,9,90)
w(524,3,9,90)
w(523,2,9,90)
w(510,5,9,90)
w(53,4,1,91)
w(42,3,1,91)
w(25,7,1,91)
r(429,1,1,91)
w(19,2,1,91)
w(58,6,1,91)
r(89,1,1,91)
r(289,1,1,91)
r(85,1,1,91)
w(35,2,1,91)
r(237,1,1,91)
r(267,1,1,91)
r(401,4,1,91)
r(136,1,1,91)
r(32,3,1,91)
w(46,3,1,91)
r(329,2,1,91)
w(54,2,1,91)
r(255,1,1,91)
w(42,4,1,91)
r(140,1,2,92)
w(113,3,2,92)
w(67,2,2,92)
w(66,4,2,92)
r(192,1,2,92)
r(409,1,2,92)
w(87,6,2,92)
w(109,5,2,92)
r(373,1,2,92)
w(99,3,2,92)
w(81,3,2,92)
w(66,5,2,92)
r(259,2,2,92)
r(284,1,2,92)
r(496,1,2,92)
w(86,3,2,92)
w(70,5,2,92)
w(81,4,2,92)
r(539,1,2,92)
r(303,1,2,92)
w(152,2,3,93)
r(374,1,3,93)
r(484,2,3,93)
w(162,3,3,93)
r(473,1,3,93)
r(166,1,3,93)
r(379,1,3,93)
w(169,3,3,93)
r(383,1,3,93)
w(175,3,3,93)
r(272,1,3,93)
r(35,1,3,93)
r(402,1,3,93)
r(150,4,3,93)
r(449,1,3,93)
w(139,5,3,93)
w(147,3,3,93)
w(166,2,3,93)
r(361,1,3,93)
w(143,2,3,93)
w(202,3,4,94)
w(192,5,4,94)
w(227,2,4,94)
w(193,3,4,94)
r(17,4,4,94)
r(469,1,4,94)
r(44,2,4,94)
w(194,3,4,94)
w(230,4,4,94)
w(232,2,4,94)
r(248,1,4,94)
r(519,1,4,94)
r(432,1,4,94)
w(225,3,4,94)
r(491,2,4,94)
w(204,5,4,94)
r(524,1,4,94)
w(200,6,4,94)
w(239,4,4,94)
w(207,5,4,94)
w(252,3,5,95)
w(249,7,5,95)
r(174,1,5,95)
r(299,2,5,95)
r(435,4,5,95)
r(211,1,5,95)
r(261,1,5,95)
w(279,5,5,95)
r(364,1,5,95)
w(287,4,5,95)
r(406,1,5,95)
w(272,3,5,95)
r(334,1,5,95)
w(274,2,5,95)
r(176,1,5,95)
r(464,2,5,95)
r(27,1,5,95)
r(450,1,5,95)
w(246,4,5,95)
r(463,3,5,95)
r(375,1,6,96)
w(342,5,6,96)
r(387,1,6,96)
w(357,3,6,96)
r(279,1,6,96)
w(333,5,6,96)
r(364,1,6,96)
r(353,2,6,96)
w(318,4,6,96)
w(358,4,6,96)
r(532,3,6,96)
w(331,4,6,96)
r(537,3,6,96)
w(343,5,6,96)
r(441,1,6,96)
w(360,5,6,96)
w(346,3,6,96)
r(47,1,6,96)
r(473,1,6,96)
r(230,1,6,96)
r(449,1,7,97)
w(398,4,7,97)
w(369,5,7,97)
w(409,5,7,97)
r(119,1,7,97)
r(521,1,7,97)
r(218,2,7,97)
r(484,1,7,97)
w(375,4,7,97)
w(420,3,7,97)
w(419,4,7,97)
r(358,1,7,97)
w(401,3,7,97)
w(382,2,7,97)
w(412,2,7,97)
w(388,4,7,97)
w(382,3,7,97)
w(375,5,7,97)
r(159,1,7,97)
w(370,3,7,97)
w(457,4,8,98)
r(387,1,8,98)
w(454,4,8,98)
r(401,1,8,98)
r(432,4,8,98)
w(465,3,8,98)
w(456,4,8,98)
r(173,1,8,98)
w(469,3,8,98)
w(452,5,8,98)
r(121,1,8,98)
r(38,1,8,98)
w(427,4,8,98)
w(463,4,8,98)
w(446,2,8,98)
r(498,1,8,98)
w(444,7,8,98)
r(325,1,8,98)
r(63,1,8,98)
r(301,1,8,98)
w(483,4,9,99)
r(52,1,9,99)
r(47,1,9,99)
r(101,1,9,99)
r(219,1,9,99)
r(182,1,9,99)
w(497,2,9,99)
r(23,1,9,99)
w(501,5,9,99)
w(530,4,9,99)
r(401,1,9,99)
r(350,1,9,99)
w(484,4,9,99)
w(518,5,9,99)
r(422,1,9,99)
r(527,2,9,99)
w(507,2,9,99)
r(420,1,9,99)
w(528,2,9,99)
w(486,4,9,99)
r(38,1,1,100)
r(205,5,1,100)
r(253,1,1,100)
r(123,1,1,100)
w(32,4,1,100)
r(273,1,1,100)
w(38,2,1,100)
w(47,3,1,100)
w(17,5,1,100)
w(4,4,1,100)
w(16,2,1,100)
w(59,4,1,100)
w(15,4,1,100)
r(314,2,1,100)
r(137,1,1,100)
r(105,1,1,100)
w(33,4,1,100)
w(41,2,1,100)
r(39,4,1,100)
r(486,1,1,100)
w(108,3,2,101)
w(64,2,2,101)
r(74,2,2,101)
r(257,3,2,101)
w(109,6,2,101)
r(376,1,2,101)
r(476,5,2,101)
r(511,1,2,101)
r(374,1,2,101)
r(506,1,2,101)
w(68,3,2,101)
r(50,1,2,101)
w(71,2,2,101)
r(456,3,2,101)
r(482,1,2,101)
r(296,3,2,101)
w(72,3,2,101)
w(75,2,2,101)
r(69,5,2,101)
w(80,5,2,101)
w(148,2,3,102)
w(175,4,3,102)
r(314,2,3,102)
r(475,1,3,102)
r(412,1,3,102)
w(122,2,3,102)
w(141,4,3,102)
w(139,6,3,102)
w(124,2,3,102)
r(429,1,3,102)
w(133,5,3,102)
w(161,5,3,102)
w(135,3,3,102)
r(236,1,3,102)
w(178,2,3,102)
r(353,2,3,102)
w(125,3,3,102)
w(153,4,3,102)
w(180,2,3,102)
r(9,1,3,102)
w(190,4,4,103)
w(213,2,4,103)
w(211,2,4,103)
w(194,4,4,103)
w(218,3,4,103)
r(365,1,4,103)
r(286,1,4,103)
w(225,4,4,103)
w(205,5,4,103)
w(211,3,4,103)
w(213,3,4,103)
r(78,1,4,103)
w(184,2,4,103)
r(461,1,4,103)
r(523,1,4,103)
r(80,1,4,103)
r(245,1,4,103)
r(204,5,4,103)
w(206,3,4,103)
w(219,3,4,103)
r(132,1,5,104)
r(54,1,5,104)
w(242,3,5,104)
r(539,1,5,104)
r(205,1,5,104)
w(283,5,5,104)
r(446,1,5,104)
r(462,2,5,104)
w(269,3,5,104)
r(399,1,5,104)
r(116,1,5,104)
w(269,4,5,104)
w(280,7,5,104)
r(378,1,5,104)
w(264,3,5,104)
r(424,3,5,104)
w(293,4,5,104)
r(382,1,5,104)
w(253,4,5,104)
w(281,5,5,104)
w(314,3,6,105)
w(350,2,6,105)
w(316,6,6,105)
w(314,4,6,105)
w(355,4,6,105)
r(486,4,6,105)
r(197,1,6,105)
r(111,1,6,105)
w(352,3,6,105)
r(383,1,6,105)
r(521,3,6,105)
r(539,4,6,105)
r(441,1,6,105)
r(340,2,6,105)
w(305,4,6,105)
w(348,4,6,105)
w(307,4,6,105)
r(520,1,6,105)
r(9,1,6,105)
w(337,6,6,105)
w(364,4,7,106)
r(452,1,7,106)
w(420,4,7,106)
r(447,1,7,106)
w(384,6,7,106)
r(291,1,7,106)
w(417,2,7,106)
w(370,4,7,106)
w(395,3,7,106)
r(116,1,7,106)
w(395,4,7,106)
w(391,4,7,106)
r(291,1,7,106)
r(94,1,7,106)
w(418,3,7,106)
r(77,1,7,106)
r(134,1,7,106)
r(318,1,7,106)
w(364,5,7,106)
r(274,1,7,106)
r(243,4,8,107)
r(111,2,8,107)
w(421,4,8,107)
w(478,4,8,107)
r(85,4,8,107)
r(235,1,8,107)
r(13,1,8,107)
r(35,1,8,107)
r(141,1,8,107)
r(152,1,8,107)
w(434,4,8,107)
w(478,5,8,107)
r(89,2,8,107)
w(424,4,8,107)
r(92,3,8,107)
r(227,1,8,107)
r(397,1,8,107)
w(464,3,8,107)
r(30,1,8,107)
r(409,1,8,107)
w(524,4,9,108)
r(437,1,9,108)
r(192,3,9,108)
w(492,7,9,108)
r(267,1,9,108)
r(226,1,9,108)
r(75,1,9,108)
w(514,6,9,108)
r(196,1,9,108)
r(338,3,9,108)
r(206,2,9,108)
r(482,2,9,108)
w(527,3,9,108)
w(510,6,9,108)
r(101,1,9,108)
w(496,3,9,108)
r(454,2,9,108)
r(166,2,9,108)
w(511,2,9,108)
w(510,7,9,108)
w(40,5,1,109)
r(132,1,1,109)
w(48,3,1,109)
r(262,2,1,109)
w(16,3,1,109)
r(338,3,1,109)
r(126,2,1,109)
r(134,4,1,109)
w(11,5,1,109)
w(60,2,1,109)
r(63,1,1,109)
r(250,3,1,109)
w(52,3,1,109)
w(13,5,1,109)
w(32,5,1,109)
w(15,5,1,109)
r(380,5,1,109)
w(60,3,1,109)
w(54,3,1,109)
r(40,5,1,109)
w(114,4,2,110)
w(103,3,2,110)
r(361,1,2,110)
w(100,2,2,110)
r(492,1,2,110)
w(108,4,2,110)
w(119,4,2,110)
r(21,1,2,110)
w(115,4,2,110)
r(338,1,2,110)
w(80,6,2,110)
r(252,2,2,110)
r(531,1,2,110)
r(483,1,2,110)
r(340,1,2,110)
r(215,1,2,110)
w(89,2,2,110)
r(14,1,2,110)
w(113,4,2,110)
w(94,2,2,110)
w(141,5,3,111)
w(159,4,3,111)
w(160,5,3,111)
r(416,1,3,111)
w(145,4,3,111)
r(129,2,3,111)
r(182,1,3,111)
w(143,3,3,111)
w(121,4,3,111)
w(139,7,3,111)
r(531,4,3,111)
r(179,1,3,111)
r(98,1,3,111)
r(525,3,3,111)
r(375,1,3,111)
r(520,1,3,111)
w(162,4,3,111)
w(142,5,3,111)
w(153,5,3,111)
w(160,6,3,111)
r(473,1,4,112)
r(238,4,4,112)
r(272,1,4,112)
w(201,3,4,112)
w(200,7,4,112)
r(197,3,4,112)
w(234,4,4,112)
r(418,4,4,112)
r(174,2,4,112)
r(444,1,4,112)
r(207,5,4,112)
r(274,1,4,112)
w(216,3,4,112)
w(235,5,4,112)
r(523,1,4,112)
w(234,5,4,112)
r(343,1,4,112)
w(207,6,4,112)
r(27,4,4,112)
w(197,4,4,112)
w(251,6,5,113)
r(434,3,5,113)
r(490,1,5,113)
r(299,2,5,113)
r(411,1,5,113)
r(164,1,5,113)
w(290,2,5,113)
w(256,2,5,113)
w(255,4,5,113)
r(181,1,5,113)
r(443,5,5,113)
r(87,7,5,113)
w(263,2,5,113)
r(198,1,5,113)
w(277,7,5,113)
r(124,1,5,113)
w(279,6,5,113)
w(257,4,5,113)
r(408,1,5,113)
r(42,1,5,113)
r(339,1,6,114)
w(306,3,6,114)
w(312,4,6,114)
r(234,3,6,114)
r(301,4,6,114)
w(360,6,6,114)
w(303,3,6,114)
r(308,1,6,114)
r(465,1,6,114)
w(358,5,6,114)
w(356,2,6,114)
r(519,5,6,114)
w(331,5,6,114)
w(314,5,6,114)
r(254,2,6,114)
r(360,6,6,114)
w(345,4,6,114)
w(354,6,6,114)
r(268,1,6,114)
w(354,7,6,114)
w(383,3,7,115)
r(225,2,7,115)
w(401,4,7,115)
r(259,1,7,115)
r(39,4,7,115)
r(332,1,7,115)
r(411,1,7,115)
r(316,1,7,115)
r(155,2,7,115)
r(274,1,7,115)
r(317,3,7,115)
r(14,2,7,115)
r(269,1,7,115)
r(106,1,7,115)
r(397,4,7,115)
r(319,1,7,115)
w(400,3,7,115)
r(17,4,7,115)
w(378,4,7,115)
r(344,1,7,115)
w(473,2,8,116)
w(453,3,8,116)
w(444,8,8,116)
r(168,1,8,116)
w(447,3,8,116)
w(440,4,8,116)
w(458,2,8,116)
w(452,6,8,116)
r(304,1,8,116)
w(435,5,8,116)
w(428,7,8,116)
w(459,4,8,116)
r(136,1,8,116)
r(221,1,8,116)
r(447,3,8,116)
r(270,4,8,116)
w(480,4,8,116)
r(164,1,8,116)
r(83,5,8,116)
r(285,5,8,116)
w(536,3,9,117)
w(538,3,9,117)
w(529,5,9,117)
r(480,1,9,117)
r(445,4,9,117)
w(489,3,9,117)
r(13,3,9,117)
r(314,4,9,117)
w(532,4,9,117)
r(189,1,9,117)
w(502,4,9,117)
w(540,5,9,117)
w(490,3,9,117)
r(449,1,9,117)
w(508,4,9,117)
r(77,2,9,117)
w(539,5,9,117)
r(14,2,9,117)
w(489,4,9,117)
r(475,1,9,117)
r(366,7,1,118)
r(347,1,1,118)
r(157,3,1,118)
r(294,1,1,118)
r(116,1,1,118)
r(191,4,1,118)
w(12,5,1,118)
r(253,2,1,118)
r(508,2,1,118)
w(24,4,1,118)
r(276,3,1,118)
r(481,2,1,118)
w(48,4,1,118)
w(12,6,1,118)
w(42,5,1,118)
w(57,3,1,118)
w(19,3,1,118)
w(56,3,1,118)
r(366,7,1,118)
w(28,4,1,118)
r(227,1,2,119)
r(200,1,2,119)
w(75,3,2,119)
r(416,1,2,119)
r(538,1,2,119)
w(115,5,2,119)
r(395,1,2,119)
w(84,5,2,119)
r(419,1,2,119)
r(273,2,2,119)
r(113,4,2,119)
w(62,4,2,119)
w(74,3,2,119)
w(68,4,2,119)
w(88,4,2,119)
w(81,5,2,119)
w(64,3,2,119)
w(102,3,2,119)
w(87,7,2,119)
w(81,6,2,119)
w(134,5,3,120)
w(135,4,3,120)
w(163,6,3,120)
r(440,1,3,120)
r(10,1,3,120)
w(149,4,3,120)
w(180,3,3,120)
r(402,1,3,120)
r(309,4,3,120)
r(428,1,3,120)
r(278,1,3,120)
r(159,4,3,120)
w(145,5,3,120)
r(397,1,3,120)
w(154,4,3,120)
w(163,7,3,120)
w(161,6,3,120)
w(161,7,3,120)
w(142,6,3,120)
w(146,2,3,120)
r(360,1,4,121)
r(206,3,4,121)
w(184,3,4,121)
w(217,3,4,121)
w(231,5,4,121)
w(240,4,4,121)
w(198,5,4,121)
w(200,8,4,121)
r(479,1,4,121)
w(193,4,4,121)
w(190,5,4,121)
r(92,1,4,121)
w(239,5,4,121)
r(101,1,4,121)
r(264,1,4,121)
w(186,4,4,121)
r(305,1,4,121)
w(196,6,4,121)
r(416,5,4,121)
r(517,1,4,121)
r(358,1,5,122)
r(136,1,5,122)
w(286,5,5,122)
r(310,1,5,122)
w(298,6,5,122)
r(50,1,5,122)
r(81,6,5,122)
r(394,1,5,122)
w(281,6,5,122)
r(98,3,5,122)
r(203,1,5,122)
r(34,1,5,122)
w(267,3,5,122)
r(479,3,5,122)
w(298,7,5,122)
r(84,5,5,122)
r(27,1,5,122)
w(262,3,5,122)
r(417,1,5,122)
w(291,4,5,122)
r(293,3,6,123)
r(160,6,6,123)
w(309,5,6,123)
r(85,4,6,123)
r(255,2,6,123)
w(343,6,6,123)
w(305,5,6,123)
r(308,1,6,123)
w(314,6,6,123)
r(209,1,6,123)
w(346,4,6,123)
r(221,1,6,123)
w(302,3,6,123)
w(348,5,6,123)
r(84,3,6,123)
w(316,7,6,123)
r(433,1,6,123)
r(288,1,6,123)
w(350,3,6,123)
w(338,4,6,123)
w(375,6,7,124)
r(157,1,7,124)
r(539,1,7,124)
r(394,2,7,124)
r(495,1,7,124)
w(406,5,7,124)
w(369,6,7,124)
w(413,2,7,124)
r(519,1,7,124)
r(215,3,7,124)
r(126,1,7,124)
w(391,5,7,124)
w(418,4,7,124)
w(381,2,7,124)
w(371,3,7,124)
w(366,5,7,124)
w(380,5,7,124)
w(362,4,7,124)
w(400,4,7,124)
w(408,4,7,124)
w(427,5,8,125)
r(288,1,8,125)
r(384,1,8,125)
w(466,4,8,125)
w(476,7,8,125)
r(457,4,8,125)
w(456,5,8,125)
w(458,3,8,125)
r(479,3,8,125)
w(475,4,8,125)
r(238,1,8,125)
w(447,4,8,125)
w(451,5,8,125)
r(112,4,8,125)
r(311,1,8,125)
w(472,4,8,125)
r(420,1,8,125)
r(84,6,8,125)
r(256,2,8,125)
w(468,6,8,125)
r(245,3,9,126)
r(259,1,9,126)
r(523,2,9,126)
w(539,6,9,126)
w(508,5,9,126)
w(526,5,9,126)
w(501,6,9,126)
w(514,7,9,126)
w(515,2,9,126)
w(532,5,9,126)
w(507,3,9,126)
r(50,3,9,126)
r(256,1,9,126)
w(526,6,9,126)
r(44,1,9,126)
r(305,5,9,126)
w(481,3,9,126)
r(501,6,9,126)
w(516,4,9,126)
w(517,3,9,126)
r(442,3,1,127)
w(48,5,1,127)
r(47,3,1,127)
w(15,6,1,127)
r(151,3,1,127)
w(37,6,1,127)
r(489,2,1,127)
w(23,2,1,127)
r(306,2,1,127)
r(396,4,1,127)
w(59,5,1,127)
r(44,2,1,127)
r(407,3,1,127)
w(15,7,1,127)
r(436,2,1,127)
w(42,6,1,127)
r(523,1,1,127)
w(56,4,1,127)
w(9,5,1,127)
w(25,8,1,127)
w(91,7,2,128)
r(333,1,2,128)
r(458,1,2,128)
r(194,1,2,128)
w(75,4,2,128)
r(149,1,2,128)
r(404,1,2,128)
r(17,1,2,128)
r(392,1,2,128)
w(94,3,2,128)
r(461,1,2,128)
w(90,5,2,128)
w(104,6,2,128)
r(468,5,2,128)
w(105,4,2,128)
r(93,3,2,128)
r(512,1,2,128)
r(473,1,2,128)
r(144,1,2,128)
w(101,2,2,128)
r(54,1,3,129)
w(175,5,3,129)
w(130,4,3,129)
w(150,5,3,129)
r(424,1,3,129)
w(137,2,3,129)
w(151,4,3,129)
w(133,6,3,129)
w(132,2,3,129)
r(113,1,3,129)
r(38,1,3,129)
r(504,1,3,129)
w(140,6,3,129)
w(158,3,3,129)
r(261,1,3,129)
w(149,5,3,129)
r(387,1,3,129)
w(140,7,3,129)
r(276,1,3,129)
r(99,1,3,129)
w(198,6,4,130)
w(230,5,4,130)
r(195,2,4,130)
w(186,5,4,130)
w(202,4,4,130)
r(433,2,4,130)
r(236,2,4,130)
w(237,2,4,130)
r(218,3,4,130)
w(223,4,4,130)
w(189,2,4,130)
w(202,5,4,130)
w(218,4,4,130)
w(195,3,4,130)
r(51,2,4,130)
w(202,6,4,130)
w(210,3,4,130)
w(220,3,4,130)
r(406,5,4,130)
w(222,6,4,130)
r(250,4,5,131)
w(264,4,5,131)
w(281,7,5,131)
r(17,1,5,131)
w(260,2,5,131)
w(270,4,5,131)
r(12,1,5,131)
w(257,5,5,131)
w(259,3,5,131)
w(280,8,5,131)
w(300,5,5,131)
r(12,1,5,131)
r(43,1,5,131)
r(72,3,5,131)
r(401,1,5,131)
w(285,5,5,131)
w(268,3,5,131)
r(187,1,5,131)
r(505,1,5,131)
w(263,3,5,131)
w(355,5,6,132)
w(341,6,6,132)
r(486,4,6,132)
r(45,1,6,132)
r(277,2,6,132)
w(308,2,6,132)
r(196,1,6,132)
r(150,5,6,132)
w(342,6,6,132)
r(508,4,6,132)
w(342,7,6,132)
w(335,4,6,132)
r(407,2,6,132)
w(352,4,6,132)
w(338,5,6,132)
w(359,5,6,132)
w(326,5,6,132)
r(275,1,6,132)
r(50,3,6,132)
w(356,3,6,132)
r(369,6,7,133)
r(124,1,7,133)
w(366,6,7,133)
r(412,2,7,133)
w(385,3,7,133)
w(390,4,7,133)
w(373,4,7,133)
r(391,5,7,133)
r(513,3,7,133)
r(263,1,7,133)
r(41,1,7,133)
r(58,6,7,133)
r(360,1,7,133)
w(412,3,7,133)
r(345,1,7,133)
r(196,5,7,133)
r(8,1,7,133)
r(310,1,7,133)
r(440,1,7,133)
w(367,3,7,133)
w(441,5,8,134)
w(429,5,8,134)
w(474,3,8,134)
r(517,2,8,134)
w(441,6,8,134)
w(469,4,8,134)
r(47,1,8,134)
w(464,4,8,134)
w(468,7,8,134)
r(117,1,8,134)
w(472,5,8,134)
r(36,2,8,134)
w(471,5,8,134)
r(49,2,8,134)
w(436,3,8,134)
r(82,2,8,134)
r(436,3,8,134)
w(443,6,8,134)
w(463,5,8,134)
w(429,6,8,134)
w(481,4,9,135)
w(509,2,9,135)
w(487,2,9,135)
r(343,6,9,135)
w(508,6,9,135)
w(531,5,9,135)
w(496,4,9,135)
r(393,1,9,135)
w(507,4,9,135)
w(493,8,9,135)
r(410,3,9,135)
r(235,2,9,135)
r(308,2,9,135)
w(498,2,9,135)
r(325,2,9,135)
r(517,3,9,135)
w(488,2,9,135)
r(126,2,9,135)
r(289,1,9,135)
w(528,3,9,135)
r(490,2,1,136)
r(486,2,1,136)
w(52,4,1,136)
r(55,2,1,136)
r(307,3,1,136)
r(397,6,1,136)
r(491,4,1,136)
w(21,3,1,136)
r(315,2,1,136)
w(18,5,1,136)
r(7,2,1,136)
r(295,1,1,136)
r(51,2,1,136)
r(285,4,1,136)
w(49,3,1,136)
r(355,2,1,136)
w(42,7,1,136)
w(41,3,1,136)
w(5,4,1,136)
w(1,5,1,136)
r(39,1,2,137)
r(364,1,2,137)
w(84,6,2,137)
r(170,1,2,137)
w(87,8,2,137)
w(83,5,2,137)
w(63,2,2,137)
r(407,1,2,137)
r(518,1,2,137)
r(406,1,2,137)
w(75,5,2,137)
w(64,4,2,137)
r(538,1,2,137)
w(88,5,2,137)
w(119,5,2,137)
r(471,4,2,137)
r(364,1,2,137)
w(85,5,2,137)
r(155,1,2,137)
r(337,1,2,137)
r(397,1,3,138)
w(140,8,3,138)
r(223,1,3,138)
r(250,1,3,138)
r(135,4,3,138)
w(151,5,3,138)
w(128,5,3,138)
r(185,1,3,138)
w(134,6,3,138)
w(168,2,3,138)
w(173,3,3,138)
w(147,4,3,138)
w(171,5,3,138)
r(282,1,3,138)
w(141,6,3,138)
r(54,1,3,138)
r(3,1,3,138)
r(329,5,3,138)
r(61,1,3,138)
w(164,2,3,138)
r(432,4,4,139)
r(133,4,4,139)
r(511,1,4,139)
r(184,3,4,139)
r(173,2,4,139)
r(490,2,4,139)
r(267,1,4,139)
r(69,5,4,139)
r(508,2,4,139)
r(377,3,4,139)
w(198,7,4,139)
r(436,2,4,139)
w(239,6,4,139)
w(239,7,4,139)
w(217,4,4,139)
w(235,6,4,139)
w(228,4,4,139)
w(207,7,4,139)
w(200,9,4,139)
r(361,3,4,139)
w(243,5,5,140)
w(253,5,5,140)
w(273,3,5,140)
w(262,4,5,140)
r(379,1,5,140)
r(326,1,5,140)
w(291,5,5,140)
w(282,3,5,140)
w(260,3,5,140)
w(292,2,5,140)
w(300,6,5,140)
r(496,1,5,140)
w(292,3,5,140)
r(92,4,5,140)
r(213,1,5,140)
r(130,1,5,140)
w(272,4,5,140)
r(342,1,5,140)
r(74,3,5,140)
w(249,8,5,140)
r(335,4,6,141)
w(348,6,6,141)
r(125,3,6,141)
w(310,4,6,141)
r(398,3,6,141)
r(484,4,6,141)
r(379,1,6,141)
w(350,4,6,141)
w(303,4,6,141)
w(332,6,6,141)
w(342,8,6,141)
r(143,4,6,141)
r(342,8,6,141)
w(307,5,6,141)
w(314,7,6,141)
w(310,5,6,141)
r(34,2,6,141)
r(484,4,6,141)
r(346,4,6,141)
w(346,5,6,141)
w(377,3,7,142)
w(402,3,7,142)
w(392,3,7,142)
r(201,3,7,142)
r(338,3,7,142)
r(5,3,7,142)
w(379,2,7,142)
r(376,2,7,142)
r(184,3,7,142)
w(391,6,7,142)
w(380,6,7,142)
w(420,5,7,142)
r(430,1,7,142)
w(376,3,7,142)
w(404,3,7,142)
w(366,7,7,142)
r(336,2,7,142)
w(402,4,7,142)
r(533,2,7,142)
w(413,3,7,142)
w(478,6,8,143)
r(324,3,8,143)
r(182,3,8,143)
r(482,2,8,143)
r(395,2,8,143)
w(437,3,8,143)
r(302,2,8,143)
r(180,1,8,143)
w(469,5,8,143)
r(215,2,8,143)
r(381,1,8,143)
w(478,7,8,143)
w(458,4,8,143)
r(91,7,8,143)
w(423,3,8,143)
w(469,6,8,143)
w(477,4,8,143)
w(473,3,8,143)
w(445,7,8,143)
w(475,5,8,143)
r(75,1,9,144)
r(201,1,9,144)
w(505,3,9,144)
r(333,5,9,144)
w(494,3,9,144)
r(224,2,9,144)
r(385,1,9,144)
r(102,2,9,144)
w(505,4,9,144)
w(501,7,9,144)
r(266,2,9,144)
w(496,5,9,144)
r(264,2,9,144)
w(523,3,9,144)
r(171,5,9,144)
w(496,6,9,144)
r(401,2,9,144)
w(531,6,9,144)
r(66,2,9,144)
w(538,4,9,144)
w(32,6,1,145)
r(201,3,1,145)
w(19,4,1,145)
r(230,5,1,145)
w(25,9,1,145)
w(29,4,1,145)
w(7,3,1,145)
w(7,4,1,145)
r(4,4,1,145)
r(156,3,1,145)
w(15,8,1,145)
r(392,3,1,145)
r(477,2,1,145)
w(47,4,1,145)
r(478,2,1,145)
w(55,3,1,145)
r(132,1,1,145)
w(25,10,1,145)
w(11,6,1,145)
w(40,6,1,145)
r(388,1,2,146)
r(80,6,2,146)
r(199,1,2,146)
w(118,2,2,146)
r(231,1,2,146)
r(91,7,2,146)
w(61,5,2,146)
w(116,2,2,146)
w(112,4,2,146)
r(250,4,2,146)
w(92,4,2,146)
w(87,9,2,146)
w(81,7,2,146)
w(90,6,2,146)
r(31,1,2,146)
r(372,1,2,146)
w(88,6,2,146)
w(97,3,2,146)
w(67,3,2,146)
r(96,4,2,146)
r(61,4,3,147)
r(96,3,3,147)
r(364,3,3,147)
r(11,3,3,147)
r(149,5,3,147)
r(33,1,3,147)
w(172,2,3,147)
w(122,3,3,147)
w(136,4,3,147)
r(348,4,3,147)
w(173,4,3,147)
w(156,4,3,147)
r(240,2,3,147)
r(170,1,3,147)
w(158,4,3,147)
r(344,1,3,147)
w(131,3,3,147)
r(192,3,3,147)
w(131,4,3,147)
r(150,5,3,147)
w(204,6,4,148)
w(183,3,4,148)
w(218,5,4,148)
w(232,3,4,148)
r(301,4,4,148)
r(448,2,4,148)
r(113,3,4,148)
w(217,5,4,148)
r(228,4,4,148)
r(507,1,4,148)
w(199,3,4,148)
w(223,5,4,148)
r(153,3,4,148)
w(183,4,4,148)
w(181,4,4,148)
r(280,6,4,148)
r(210,3,4,148)
r(375,6,4,148)
r(471,2,4,148)
w(200,10,4,148)
w(283,6,5,149)
w(266,3,5,149)
r(143,1,5,149)
w(297,3,5,149)
w(278,2,5,149)
w(290,3,5,149)
r(310,1,5,149)
r(363,1,5,149)
w(279,7,5,149)
w(286,6,5,149)
r(337,1,5,149)
r(376,1,5,149)
w(269,5,5,149)
r(76,2,5,149)
r(220,1,5,149)
w(278,3,5,149)
w(281,8,5,149)
w(269,6,5,149)
w(282,4,5,149)
r(270,4,5,149)
w(324,7,6,150)
w(353,3,6,150)
w(348,7,6,150)
w(315,4,6,150)
w(352,5,6,150)
r(290,1,6,150)
w(305,6,6,150)
r(122,5,6,150)
r(137,3,6,150)
w(320,5,6,150)
r(155,6,6,150)
w(328,2,6,150)
w(314,8,6,150)
w(360,7,6,150)
w(338,6,6,150)
w(317,6,6,150)
w(338,7,6,150)
r(97,1,6,150)
w(314,9,6,150)
w(351,2,6,150)
w(389,2,7,151)
w(414,2,7,151)
w(385,4,7,151)
r(451,3,7,151)
w(370,5,7,151)
r(363,6,7,151)
r(415,1,7,151)
r(516,2,7,151)
r(428,5,7,151)
r(89,1,7,151)
r(530,1,7,151)
w(366,8,7,151)
r(391,6,7,151)
r(217,4,7,151)
r(33,4,7,151)
r(155,5,7,151)
w(363,7,7,151)
w(391,7,7,151)
w(374,3,7,151)
w(383,4,7,151)
w(461,2,8,152)
r(257,5,8,152)
w(470,2,8,152)
w(461,3,8,152)
w(480,5,8,152)
w(445,8,8,152)
r(255,4,8,152)
w(429,7,8,152)
r(505,2,8,152)
r(201,1,8,152)
r(306,2,8,152)
r(236,1,8,152)
w(434,5,8,152)
w(446,3,8,152)
w(423,4,8,152)
r(130,1,8,152)
w(473,4,8,152)
r(179,1,8,152)
w(462,3,8,152)
r(299,2,8,152)
r(150,5,9,153)
w(492,8,9,153)
r(91,4,9,153)
r(37,2,9,153)
w(510,8,9,153)
w(525,5,9,153)
w(482,3,9,153)
r(239,2,9,153)
w(527,4,9,153)
r(140,8,9,153)
r(449,1,9,153)
w(522,4,9,153)
r(452,3,9,153)
r(22,1,9,153)
w(524,5,9,153)
r(487,2,9,153)
w(516,5,9,153)
r(28,2,9,153)
r(381,1,9,153)
w(481,5,9,153)
w(19,5,1,154)
r(495,2,1,154)
r(86,3,1,154)
r(363,8,1,154)
r(387,5,1,154)
w(55,4,1,154)
r(485,2,1,154)
r(107,4,1,154)
w(32,7,1,154)
r(193,4,1,154)
w(31,2,1,154)
r(465,2,1,154)
r(46,3,1,154)
r(25,10,1,154)
w(3,2,1,154)
w(39,5,1,154)
r(425,1,1,154)
w(30,6,1,154)
w(3,3,1,154)
r(120,3,1,154)
r(296,4,2,155)
w(100,3,2,155)
r(111,2,2,155)
r(490,1,2,155)
w(113,5,2,155)
w(75,6,2,155)
r(301,1,2,155)
r(274,2,2,155)
r(458,2,2,155)
r(273,3,2,155)
w(93,4,2,155)
w(68,5,2,155)
r(409,1,2,155)
w(103,4,2,155)
r(74,3,2,155)
w(97,4,2,155)
r(475,3,2,155)
r(501,1,2,155)
r(98,3,2,155)
w(76,2,2,155)
r(105,3,3,156)
w(168,3,3,156)
r(540,5,3,156)
r(413,1,3,156)
r(167,3,3,156)
w(143,4,3,156)
r(215,1,3,156)
r(331,5,3,156)
w(145,6,3,156)
w(133,7,3,156)
r(441,3,3,156)
r(447,2,3,156)
w(137,3,3,156)
r(473,1,3,156)
r(109,4,3,156)
r(404,2,3,156)
w(135,5,3,156)
r(418,1,3,156)
w(145,7,3,156)
w(168,4,3,156)
w(204,7,4,157)
r(336,2,4,157)
r(105,3,4,157)
w(221,2,4,157)
w(185,6,4,157)
w(223,6,4,157)
r(70,5,4,157)
w(186,6,4,157)
w(232,4,4,157)
r(366,8,4,157)
r(187,2,4,157)
w(187,3,4,157)
r(265,1,4,157)
w(189,3,4,157)
w(229,3,4,157)
w(209,4,4,157)
r(268,2,4,157)
r(191,4,4,157)
w(238,5,4,157)
w(237,3,4,157)
r(221,1,5,158)
r(29,2,5,158)
r(407,3,5,158)
w(264,5,5,158)
w(297,4,5,158)
w(261,2,5,158)
w(280,9,5,158)
w(244,4,5,158)
w(272,5,5,158)
w(274,3,5,158)
w(274,4,5,158)
r(40,3,5,158)
r(44,2,5,158)
w(291,6,5,158)
w(271,3,5,158)
w(262,5,5,158)
r(355,2,5,158)
r(441,6,5,158)
r(282,4,5,158)
w(288,2,5,158)
w(302,4,6,159)
r(85,4,6,159)
r(265,1,6,159)
r(389,1,6,159)
w(353,4,6,159)
r(224,2,6,159)
w(320,6,6,159)
w(319,5,6,159)
r(279,3,6,159)
r(313,3,6,159)
r(59,2,6,159)
w(360,8,6,159)
w(324,8,6,159)
w(308,3,6,159)
r(85,4,6,159)
w(316,8,6,159)
r(28,2,6,159)
w(330,3,6,159)
r(8,1,6,159)
r(66,2,6,159)
r(210,3,7,160)
r(539,3,7,160)
r(346,2,7,160)
w(374,4,7,160)
w(364,6,7,160)
w(397,5,7,160)
w(397,6,7,160)
w(419,5,7,160)
w(378,5,7,160)
r(249,6,7,160)
w(401,5,7,160)
r(346,2,7,160)
w(401,6,7,160)
w(413,4,7,160)
w(391,8,7,160)
w(419,6,7,160)
r(34,6,7,160)
r(260,1,7,160)
w(374,5,7,160)
w(409,6,7,160)
w(437,4,8,161)
r(313,2,8,161)
w(449,3,8,161)
r(491,3,8,161)
r(322,1,8,161)
r(47,1,8,161)
w(476,8,8,161)
w(465,4,8,161)
w(474,4,8,161)
w(473,5,8,161)
w(477,5,8,161)
w(452,7,8,161)
r(133,4,8,161)
w(436,4,8,161)
w(479,4,8,161)
r(526,2,8,161)
w(430,3,8,161)
w(424,5,8,161)
r(50,4,8,161)
w(475,6,8,161)
r(386,2,9,162)
w(536,4,9,162)
w(507,5,9,162)
r(142,6,9,162)
w(516,6,9,162)
r(223,1,9,162)
w(526,7,9,162)
w(482,4,9,162)
r(277,2,9,162)
w(487,3,9,162)
w(505,5,9,162)
r(229,1,9,162)
r(50,3,9,162)
r(160,9,9,162)
w(518,6,9,162)
w(512,4,9,162)
r(251,2,9,162)
w(527,5,9,162)
w(530,5,9,162)
r(535,1,9,162)
w(4,5,1,163)
r(141,3,1,163)
w(52,5,1,163)
r(461,1,1,163)
r(463,3,1,163)
w(29,5,1,163)
w(32,8,1,163)
r(460,3,1,163)
w(38,3,1,163)
r(345,3,1,163)
w(29,6,1,163)
w(58,7,1,163)
r(446,1,1,163)
w(30,7,1,163)
w(37,7,1,163)
w(34,7,1,163)
r(254,2,1,163)
r(19,5,1,163)
r(224,5,1,163)
r(223,6,1,163)
w(87,10,2,164)
w(66,6,2,164)
w(84,7,2,164)
r(221,1,2,164)
r(93,4,2,164)
r(507,1,2,164)
r(434,4,2,164)
r(394,1,2,164)
r(509,1,2,164)
w(63,3,2,164)
w(110,5,2,164)
w(116,3,2,164)
w(113,6,2,164)
r(368,1,2,164)
w(93,5,2,164)
w(110,6,2,164)
w(102,4,2,164)
w(73,3,2,164)
w(80,7,2,164)
r(458,2,2,164)
r(27,3,3,165)
w(173,5,3,165)
w(152,3,3,165)
r(540,5,3,165)
r(489,4,3,165)
r(183,2,3,165)
r(526,6,3,165)
w(149,6,3,165)
r(451,2,3,165)
w(122,4,3,165)
w(147,5,3,165)
w(162,5,3,165)
r(168,4,3,165)
r(396,2,3,165)
w(122,5,3,165)
w(141,7,3,165)
w(155,6,3,165)
r(522,3,3,165)
r(247,1,3,165)
w(134,7,3,165)
r(294,1,4,166)
w(183,5,4,166)
w(231,6,4,166)
w(215,4,4,166)
r(107,4,4,166)
r(152,1,4,166)
r(31,1,4,166)
r(197,4,4,166)
w(233,3,4,166)
r(426,1,4,166)
r(461,1,4,166)
w(233,4,4,166)
w(187,4,4,166)
w(228,5,4,166)
r(295,1,4,166)
r(212,2,4,166)
w(208,4,4,166)
r(429,2,4,166)
w(221,3,4,166)
r(262,2,4,166)
w(275,3,5,167)
w(287,5,5,167)
w(246,5,5,167)
r(410,3,5,167)
w(288,3,5,167)
w(271,4,5,167)
r(406,4,5,167)
r(526,2,5,167)
w(277,8,5,167)
w(298,8,5,167)
r(475,5,5,167)
r(438,3,5,167)
w(260,4,5,167)
r(180,1,5,167)
r(327,2,5,167)
w(298,9,5,167)
r(409,5,5,167)
r(101,2,5,167)
r(315,2,5,167)
w(256,3,5,167)
w(304,4,6,168)
r(220,1,6,168)
r(119,3,6,168)
w(313,4,6,168)
r(235,2,6,168)
w(346,6,6,168)
w(315,5,6,168)
r(248,1,6,168)
r(496,6,6,168)
r(291,1,6,168)
w(322,2,6,168)
r(374,2,6,168)
r(444,3,6,168)
r(396,2,6,168)
r(122,6,6,168)
r(513,4,6,168)
r(337,6,6,168)
w(309,6,6,168)
r(117,1,6,168)
r(478,1,6,168)
w(401,7,7,169)
w(362,5,7,169)
r(95,3,7,169)
w(375,7,7,169)
w(405,5,7,169)
w(413,5,7,169)
r(204,6,7,169)
r(287,3,7,169)
r(363,7,7,169)
w(420,6,7,169)
w(413,6,7,169)
r(344,1,7,169)
r(456,3,7,169)
r(359,4,7,169)
w(367,4,7,169)
r(398,4,7,169)
w(399,4,7,169)
r(136,3,7,169)
w(385,5,7,169)
w(391,9,7,169)
w(462,4,8,170)
w(455,2,8,170)
r(340,2,8,170)
r(72,3,8,170)
w(444,9,8,170)
r(164,1,8,170)
r(496,1,8,170)
w(431,4,8,170)
w(428,8,8,170)
w(430,4,8,170)
r(144,3,8,170)
w(478,8,8,170)
r(505,2,8,170)
r(469,6,8,170)
r(269,6,8,170)
w(425,3,8,170)
w(441,7,8,170)
r(463,5,8,170)
w(472,6,8,170)
w(432,5,8,170)
r(67,1,9,171)
r(144,3,9,171)
w(518,7,9,171)
w(488,3,9,171)
w(539,7,9,171)
r(99,2,9,171)
r(379,1,9,171)
r(132,2,9,171)
r(281,1,9,171)
w(536,5,9,171)
r(144,3,9,171)
r(261,1,9,171)
r(150,5,9,171)
w(502,5,9,171)
r(320,6,9,171)
r(423,1,9,171)
w(509,3,9,171)
w(484,5,9,171)
w(540,6,9,171)
r(174,4,9,171)
r(333,5,1,172)
r(381,2,1,172)
w(56,5,1,172)
r(498,1,1,172)
w(25,11,1,172)
w(52,6,1,172)
w(6,3,1,172)
r(307,4,1,172)
r(51,2,1,172)
r(127,1,1,172)
w(33,5,1,172)
w(7,5,1,172)
r(311,1,1,172)
r(451,4,1,172)
w(45,3,1,172)
w(50,6,1,172)
w(8,2,1,172)
w(45,4,1,172)
w(10,5,1,172)
r(16,3,1,172)
w(67,4,2,173)
w(93,6,2,173)
w(94,4,2,173)
w(68,6,2,173)
w(78,3,2,173)
w(114,5,2,173)
r(199,1,2,173)
r(30,1,2,173)
r(186,1,2,173)
r(89,2,2,173)
r(388,1,2,173)
w(92,5,2,173)
w(93,7,2,173)
w(96,5,2,173)
w(62,5,2,173)
w(69,6,2,173)
r(434,4,2,173)
r(539,1,2,173)
r(217,1,2,173)
w(105,5,2,173)
w(175,6,3,174)
w(161,8,3,174)
w(170,2,3,174)
r(137,3,3,174)
r(523,2,3,174)
r(97,1,3,174)
w(135,6,3,174)
w(126,3,3,174)
r(97,1,3,174)
r(269,2,3,174)
w(137,4,3,174)
w(126,4,3,174)
w(152,4,3,174)
r(343,6,3,174)
w(170,3,3,174)
r(383,1,3,174)
w(180,4,3,174)
w(160,7,3,174)
r(483,4,3,174)
w(176,2,3,174)
w(236,3,4,175)
w(202,7,4,175)
w(221,4,4,175)
w(198,8,4,175)
r(78,2,4,175)
r(230,5,4,175)
r(341,4,4,175)
r(27,4,4,175)
w(188,4,4,175)
r(51,2,4,175)
r(94,1,4,175)
w(185,7,4,175)
w(198,9,4,175)
w(195,4,4,175)
w(228,6,4,175)
r(221,4,4,175)
r(58,6,4,175)
r(336,2,4,175)
r(259,2,4,175)
w(217,6,4,175)
w(248,4,5,176)
w(285,6,5,176)
w(278,4,5,176)
r(217,2,5,176)
r(358,2,5,176)
w(256,4,5,176)
r(353,2,5,176)
r(214,2,5,176)
w(271,5,5,176)
r(446,3,5,176)
w(293,5,5,176)
w(271,6,5,176)
w(276,4,5,176)
r(107,5,5,176)
w(267,4,5,176)
r(472,5,5,176)
r(449,2,5,176)
w(268,4,5,176)
w(245,6,5,176)
r(156,2,5,176)
w(301,5,6,177)
w(350,5,6,177)
w(351,3,6,177)
r(192,3,6,177)
w(304,5,6,177)
w(308,4,6,177)
w(346,7,6,177)
w(313,5,6,177)
r(446,1,6,177)
w(307,6,6,177)
w(341,7,6,177)
r(385,1,6,177)
w(347,2,6,177)
r(133,7,6,177)
r(450,1,6,177)
r(494,3,6,177)
r(240,2,6,177)
w(344,2,6,177)
r(313,5,6,177)
r(361,1,6,177)
w(361,4,7,178)
r(344,1,7,178)
w(395,5,7,178)
w(367,5,7,178)
r(475,2,7,178)
r(122,1,7,178)
r(30,5,7,178)
w(402,5,7,178)
r(264,2,7,178)
w(418,5,7,178)
w(415,2,7,178)
w(413,7,7,178)
w(385,6,7,178)
r(69,5,7,178)
r(504,1,7,178)
w(363,8,7,178)
r(195,3,7,178)
r(380,6,7,178)
w(371,4,7,178)
r(74,2,7,178)
r(14,2,8,179)
w(466,5,8,179)
r(470,2,8,179)
w(470,3,8,179)
r(309,3,8,179)
w(430,5,8,179)
r(371,2,8,179)
w(430,6,8,179)
w(439,4,8,179)
r(27,3,8,179)
w(437,5,8,179)
w(461,4,8,179)
w(474,5,8,179)
r(85,5,8,179)
w(448,3,8,179)
r(226,2,8,179)
r(425,3,8,179)
w(469,7,8,179)
r(418,2,8,179)
w(454,5,8,179)
w(509,4,9,180)
r(13,4,9,180)
w(489,5,9,180)
w(482,5,9,180)
r(479,3,9,180)
w(490,4,9,180)
r(243,4,9,180)
r(267,2,9,180)
w(495,3,9,180)
w(528,4,9,180)
r(151,5,9,180)
r(343,6,9,180)
w(492,9,9,180)
w(498,3,9,180)
r(116,1,9,180)
r(423,2,9,180)
w(524,6,9,180)
w(497,3,9,180)
r(434,3,9,180)
w(506,5,9,180)
r(411,3,1,181)
w(49,4,1,181)
r(333,5,1,181)
w(31,3,1,181)
w(24,5,1,181)
r(417,3,1,181)
r(65,1,1,181)
r(20,1,1,181)
r(515,1,1,181)
r(13,5,1,181)
r(109,6,1,181)
r(379,2,1,181)
r(497,2,1,181)
r(71,2,1,181)
w(20,2,1,181)
w(47,5,1,181)
w(23,3,1,181)
r(426,1,1,181)
w(55,5,1,181)
r(226,3,1,181)
w(65,2,2,182)
r(3,1,2,182)
w(119,6,2,182)
r(223,3,2,182)
w(119,7,2,182)
w(111,3,2,182)
w(96,6,2,182)
r(476,7,2,182)
w(120,4,2,182)
w(107,5,2,182)
r(519,3,2,182)
w(83,6,2,182)
r(105,5,2,182)
w(70,6,2,182)
w(61,6,2,182)
r(312,2,2,182)
r(431,3,2,182)
r(413,1,2,182)
r(92,5,2,182)
r(283,6,2,182)
r(109,4,3,183)
w(160,8,3,183)
w(160,9,3,183)
w(157,4,3,183)
w(180,5,3,183)
w(171,6,3,183)
r(2,1,3,183)
r(111,2,3,183)
r(413,1,3,183)
w(148,3,3,183)
w(121,5,3,183)
w(178,3,3,183)
r(43,1,3,183)
w(169,4,3,183)
w(135,7,3,183)
r(304,3,3,183)
w(170,4,3,183)
w(122,6,3,183)
r(510,7,3,183)
w(158,5,3,183)
r(72,2,4,184)
w(221,5,4,184)
w(213,4,4,184)
r(2,2,4,184)
w(212,3,4,184)
w(197,5,4,184)
r(467,2,4,184)
w(195,5,4,184)
r(427,3,4,184)
r(32,6,4,184)
w(182,4,4,184)
w(227,3,4,184)
w(230,6,4,184)
w(197,6,4,184)
r(353,2,4,184)
w(207,8,4,184)
w(212,4,4,184)
r(151,3,4,184)
w(194,5,4,184)
r(378,5,4,184)
w(282,5,5,185)
w(295,2,5,185)
w(264,6,5,185)
w(293,6,5,185)
r(374,2,5,185)
w(294,2,5,185)
w(250,5,5,185)
r(80,7,5,185)
r(129,1,5,185)
r(392,2,5,185)
r(361,3,5,185)
r(119,7,5,185)
r(200,3,5,185)
r(330,2,5,185)
r(167,3,5,185)
w(296,5,5,185)
w(296,6,5,185)
w(246,6,5,185)
r(134,2,5,185)
w(261,3,5,185)
w(344,3,6,186)
w(332,7,6,186)
w(320,7,6,186)
r(291,3,6,186)
w(327,4,6,186)
r(286,4,6,186)
r(149,6,6,186)
w(339,2,6,186)
r(464,2,6,186)
w(320,8,6,186)
w(357,4,6,186)
w(333,6,6,186)
w(330,4,6,186)
w(338,8,6,186)
r(340,2,6,186)
w(318,5,6,186)
r(243,4,6,186)
w(306,4,6,186)
r(511,2,6,186)
r(493,8,6,186)
r(310,1,7,187)
w(416,6,7,187)
w(411,2,7,187)
w(370,6,7,187)
r(350,1,7,187)
w(383,5,7,187)
w(387,6,7,187)
w(413,8,7,187)
w(390,5,7,187)
w(409,7,7,187)
r(309,4,7,187)
r(50,5,7,187)
w(377,4,7,187)
r(387,6,7,187)
w(411,3,7,187)
w(380,7,7,187)
w(403,4,7,187)
r(82,2,7,187)
r(47,4,7,187)
w(370,7,7,187)
w(460,4,8,188)
w(445,9,8,188)
w(480,6,8,188)
w(474,6,8,188)
w(457,5,8,188)
r(317,4,8,188)
r(304,3,8,188)
r(297,5,8,188)
r(209,2,8,188)
r(78,3,8,188)
w(433,3,8,188)
w(443,7,8,188)
w(480,7,8,188)
w(439,5,8,188)
r(252,3,8,188)
w(426,2,8,188)
w(440,5,8,188)
w(463,6,8,188)
r(93,9,8,188)
w(434,6,8,188)
r(421,3,9,189)
w(484,6,9,189)
w(538,5,9,189)
w(513,5,9,189)
w(514,8,9,189)
w(520,2,9,189)
w(532,6,9,189)
r(412,2,9,189)
w(526,8,9,189)
r(495,3,9,189)
r(274,2,9,189)
w(531,7,9,189)
w(488,4,9,189)
w(484,7,9,189)
w(530,6,9,189)
w(497,4,9,189)
w(493,9,9,189)
r(470,1,9,189)
r(132,2,9,189)
r(237,1,9,189)
r(439,3,1,190)
r(410,4,1,190)
r(193,5,1,190)
r(171,5,1,190)
w(34,8,1,190)
w(36,3,1,190)
r(258,7,1,190)
w(25,12,1,190)
r(127,1,1,190)
w(34,9,1,190)
r(55,5,1,190)
w(21,4,1,190)
w(36,4,1,190)
w(45,5,1,190)
r(295,1,1,190)
r(119,5,1,190)
r(283,5,1,190)
r(479,3,1,190)
r(179,1,1,190)
w(45,6,1,190)
w(103,5,2,191)
r(185,4,2,191)
r(510,3,2,191)
r(426,1,2,191)
r(354,5,2,191)
w(87,11,2,191)
r(2,2,2,191)
r(379,1,2,191)
r(234,3,2,191)
r(67,4,2,191)
w(103,6,2,191)
w(108,5,2,191)
r(358,2,2,191)
w(68,7,2,191)
w(93,8,2,191)
r(140,4,2,191)
w(97,5,2,191)
w(93,9,2,191)
r(531,4,2,191)
r(146,1,2,191)
w(180,6,3,192)
w(156,5,3,192)
w(145,8,3,192)
w(170,5,3,192)
r(262,1,3,192)
r(5,1,3,192)
w(147,6,3,192)
w(173,6,3,192)
w(146,3,3,192)
w(159,5,3,192)
r(285,3,3,192)
r(361,1,3,192)
r(390,2,3,192)
r(488,2,3,192)
r(537,3,3,192)
r(32,2,3,192)
w(161,9,3,192)
r(42,2,3,192)
w(142,7,3,192)
r(201,1,3,192)
r(323,2,4,193)
r(88,3,4,193)
r(380,7,4,193)
r(361,4,4,193)
w(233,5,4,193)
r(47,4,4,193)
r(123,3,4,193)
w(197,7,4,193)
w(183,6,4,193)
w(231,7,4,193)
r(94,1,4,193)
r(476,5,4,193)
w(239,8,4,193)
r(166,1,4,193)
w(181,5,4,193)
r(405,5,4,193)
r(325,2,4,193)
w(181,6,4,193)
w(213,5,4,193)
w(224,5,4,193)
r(433,2,5,194)
w(265,2,5,194)
r(520,1,5,194)
r(446,3,5,194)
r(97,5,5,194)
r(68,7,5,194)
w(267,5,5,194)
r(372,4,5,194)
w(285,7,5,194)
w(273,4,5,194)
w(281,9,5,194)
r(28,2,5,194)
w(264,7,5,194)
w(284,3,5,194)
w(295,3,5,194)
w(273,5,5,194)
w(255,5,5,194)
r(117,1,5,194)
r(444,8,5,194)
r(241,4,5,194)
w(336,3,6,195)
w(311,2,6,195)
w(311,3,6,195)
w(333,7,6,195)
r(470,1,6,195)
r(533,2,6,195)
w(324,9,6,195)
r(254,2,6,195)
w(344,4,6,195)
w(306,5,6,195)
w(335,5,6,195)
r(162,6,6,195)
w(351,4,6,195)
r(146,3,6,195)
w(308,5,6,195)
w(329,6,6,195)
r(178,4,6,195)
r(183,2,6,195)
w(309,7,6,195)
r(211,1,6,195)
w(402,6,7,196)
w(414,3,7,196)
r(115,3,7,196)
w(406,6,7,196)
w(420,7,7,196)
r(141,3,7,196)
w(400,5,7,196)
w(372,5,7,196)
r(284,1,7,196)
r(21,3,7,196)
w(396,5,7,196)
r(160,4,7,196)
r(490,2,7,196)
r(499,2,7,196)
r(527,2,7,196)
w(417,3,7,196)
w(364,7,7,196)
w(407,4,7,196)
w(375,8,7,196)
w(408,5,7,196)
r(240,3,8,197)
w(430,7,8,197)
w(433,4,8,197)
r(205,4,8,197)
w(462,5,8,197)
r(215,2,8,197)
w(478,9,8,197)
w(439,6,8,197)
r(144,3,8,197)
w(457,6,8,197)
w(447,5,8,197)
r(392,2,8,197)
w(451,6,8,197)
w(467,3,8,197)
r(118,2,8,197)
w(458,5,8,197)
r(79,2,8,197)
r(333,3,8,197)
r(277,8,8,197)
r(108,5,8,197)
r(431,3,9,198)
r(303,4,9,198)
r(267,2,9,198)
w(486,5,9,198)
r(206,2,9,198)
r(167,3,9,198)
w(487,4,9,198)
r(59,3,9,198)
w(532,7,9,198)
r(218,2,9,198)
w(510,9,9,198)
r(471,4,9,198)
w(532,8,9,198)
w(506,6,9,198)
w(517,4,9,198)
w(519,6,9,198)
w(499,3,9,198)
r(48,2,9,198)
w(496,7,9,198)
w(538,6,9,198)
r(328,1,1,199)
w(34,10,1,199)
w(24,6,1,199)
w(17,6,1,199)
r(439,3,1,199)
w(5,5,1,199)
w(8,3,1,199)
w(17,7,1,199)
w(18,6,1,199)
w(17,8,1,199)
w(8,4,1,199)
r(154,4,1,199)
r(333,5,1,199)
r(61,5,1,199)
w(27,5,1,199)
r(222,7,1,199)
r(205,5,1,199)
w(49,5,1,199)
w(32,9,1,199)
r(26,2,1,199)
w(67,5,2,200)
r(210,1,2,200)
w(117,2,2,200)
w(77,4,2,200)
w(102,5,2,200)
w(113,7,2,200)
r(505,2,2,200)
w(115,6,2,200)
r(372,4,2,200)
r(268,4,2,200)
w(114,6,2,200)
r(362,3,2,200)
w(64,5,2,200)
r(305,3,2,200)
w(74,4,2,200)
w(62,6,2,200)
r(369,5,2,200)
r(489,2,2,200)
r(122,1,2,200)
r(316,4,2,200)
w(168,5,3,201)
w(162,6,3,201)
r(187,2,3,201)
r(46,2,3,201)
r(354,7,3,201)
r(422,2,3,201)
w(136,5,3,201)
w(148,4,3,201)
w(161,10,3,201)
r(509,3,3,201)
r(469,3,3,201)
w(173,7,3,201)
r(207,4,3,201)
r(444,7,3,201)
r(346,7,3,201)
r(163,7,3,201)
r(323,2,3,201)
r(500,1,3,201)
r(407,3,3,201)
r(227,1,3,201)
r(33,4,4,202)
w(226,3,4,202)
r(515,1,4,202)
w(189,4,4,202)
r(169,2,4,202)
r(164,1,4,202)
r(20,1,4,202)
w(204,8,4,202)
r(258,5,4,202)
w(208,5,4,202)
w(231,8,4,202)
w(184,4,4,202)
w(200,11,4,202)
w(188,5,4,202)
w(188,6,4,202)
w(219,4,4,202)
r(40,6,4,202)
w(191,5,4,202)
r(87,6,4,202)
w(193,5,4,202)
r(148,1,5,203)
r(115,5,5,203)
r(2,2,5,203)
r(469,6,5,203)
w(271,7,5,203)
w(273,6,5,203)
r(459,4,5,203)
r(526,2,5,203)
r(516,2,5,203)
w(263,4,5,203)
w(254,3,5,203)
w(281,10,5,203)
r(538,2,5,203)
r(315,2,5,203)
r(463,5,5,203)
w(243,6,5,203)
r(472,5,5,203)
w(298,10,5,203)
w(273,7,5,203)
w(289,4,5,203)
w(308,6,6,204)
r(147,6,6,204)
w(313,6,6,204)
w(338,9,6,204)
r(346,7,6,204)
w(349,6,6,204)
w(326,6,6,204)
w(305,7,6,204)
w(355,6,6,204)
w(330,5,6,204)
w(313,7,6,204)
r(96,4,6,204)
w(309,8,6,204)
w(335,6,6,204)
r(376,2,6,204)
w(306,6,6,204)
r(240,3,6,204)
w(308,7,6,204)
w(355,7,6,204)
w(317,7,6,204)
r(139,4,7,205)
w(384,7,7,205)
r(377,4,7,205)
w(415,3,7,205)
r(3,3,7,205)
r(528,1,7,205)
w(416,7,7,205)
w(395,6,7,205)
r(233,5,7,205)
r(110,4,7,205)
r(394,2,7,205)
r(175,2,7,205)
w(416,8,7,205)
r(212,4,7,205)
w(418,6,7,205)
r(52,5,7,205)
w(383,6,7,205)
w(418,7,7,205)
w(410,4,7,205)
w(416,9,7,205)
r(99,4,8,206)
r(21,2,8,206)
r(354,5,8,206)
r(380,4,8,206)
r(432,5,8,206)
w(436,5,8,206)
r(76,2,8,206)
r(77,4,8,206)
r(31,1,8,206)
w(428,9,8,206)
r(344,1,8,206)
r(3,1,8,206)
w(463,7,8,206)
r(372,4,8,206)
w(430,8,8,206)
w(453,4,8,206)
w(427,6,8,206)
w(474,7,8,206)
r(174,3,8,206)
w(476,9,8,206)
w(511,3,9,207)
r(196,5,9,207)
r(134,7,9,207)
r(167,3,9,207)
r(257,4,9,207)
r(103,3,9,207)
w(498,4,9,207)
w(482,6,9,207)
w(538,7,9,207)
r(7,2,9,207)
r(139,7,9,207)
r(47,2,9,207)
r(447,2,9,207)
w(503,7,9,207)
r(239,3,9,207)
r(133,11,9,207)
w(506,7,9,207)
r(191,4,9,207)
w(486,6,9,207)
r(162,8,9,207)
w(36,5,1,208)
r(174,4,1,208)
w(58,8,1,208)
w(46,4,1,208)
r(497,2,1,208)
r(429,4,1,208)
w(9,6,1,208)
w(41,4,1,208)
w(3,4,1,208)
w(20,3,1,208)
r(261,1,1,208)
r(88,6,1,208)
w(56,6,1,208)
w(37,8,1,208)
r(419,8,1,208)
r(517,2,1,208)
r(262,4,1,208)
w(24,7,1,208)
r(483,4,1,208)
r(141,6,1,208)
r(73,3,2,209)
r(391,3,2,209)
w(82,3,2,209)
r(321,1,2,209)
w(104,7,2,209)
w(99,4,2,209)
r(82,3,2,209)
r(151,3,2,209)
w(115,7,2,209)
w(109,7,2,209)
r(421,4,2,209)
w(83,7,2,209)
w(105,6,2,209)
r(125,2,2,209)
w(72,4,2,209)
w(63,4,2,209)
r(266,3,2,209)
r(239,3,2,209)
r(104,7,2,209)
w(100,4,2,209)
r(394,2,3,210)
r(540,6,3,210)
r(419,4,3,210)
r(321,1,3,210)
w(151,6,3,210)
w(156,6,3,210)
w(149,7,3,210)
r(423,2,3,210)
r(472,3,3,210)
w(122,7,3,210)
r(471,4,3,210)
w(178,4,3,210)
r(495,3,3,210)
w(145,9,3,210)
w(142,8,3,210)
w(153,6,3,210)
w(133,8,3,210)
w(171,7,3,210)
w(148,5,3,210)
r(474,2,3,210)
w(187,5,4,211)
r(58,7,4,211)
r(434,4,4,211)
r(145,7,4,211)
w(181,7,4,211)
w(202,8,4,211)
w(207,9,4,211)
r(62,4,4,211)
r(414,3,4,211)
r(281,7,4,211)
w(239,9,4,211)
r(360,6,4,211)
w(228,7,4,211)
w(224,6,4,211)
r(97,4,4,211)
w(204,9,4,211)
w(213,6,4,211)
w(181,8,4,211)
w(237,4,4,211)
w(215,5,4,211)
w(242,4,5,212)
r(242,4,5,212)
w(286,7,5,212)
w(275,4,5,212)
r(283,6,5,212)
r(386,2,5,212)
w(299,3,5,212)
r(526,2,5,212)
r(463,5,5,212)
w(278,5,5,212)
r(12,2,5,212)
r(152,1,5,212)
r(527,2,5,212)
w(293,7,5,212)
r(280,9,5,212)
r(438,3,5,212)
w(297,5,5,212)
w(264,8,5,212)
r(536,1,5,212)
r(54,1,5,212)
r(136,5,6,213)
r(375,5,6,213)
r(124,2,6,213)
w(310,6,6,213)
w(324,10,6,213)
r(142,8,6,213)
w(327,5,6,213)
w(328,3,6,213)
w(331,6,6,213)
r(506,6,6,213)
w(338,10,6,213)
r(250,4,6,213)
r(292,1,6,213)
r(4,3,6,213)
w(316,9,6,213)
w(317,8,6,213)
w(329,7,6,213)
r(527,5,6,213)
w(320,9,6,213)
w(339,3,6,213)
r(335,3,7,214)
w(398,5,7,214)
r(241,4,7,214)
r(437,2,7,214)
r(372,5,7,214)
r(121,4,7,214)
r(476,6,7,214)
r(489,4,7,214)
w(419,7,7,214)
r(17,5,7,214)
w(394,3,7,214)
w(392,4,7,214)
r(415,3,7,214)
r(34,7,7,214)
r(93,4,7,214)
r(339,1,7,214)
r(344,1,7,214)
w(418,8,7,214)
r(349,5,7,214)
r(196,6,7,214)
r(421,4,8,215)
r(288,3,8,215)
w(479,5,8,215)
r(375,5,8,215)
r(5,3,8,215)
w(445,10,8,215)
w(433,5,8,215)
r(432,5,8,215)
w(452,8,8,215)
w(431,5,8,215)
r(271,7,8,215)
w(476,10,8,215)
w(423,5,8,215)
w(468,8,8,215)
w(430,9,8,215)
w(452,9,8,215)
w(457,7,8,215)
w(464,5,8,215)
w(437,6,8,215)
r(105,7,8,215)
r(374,2,9,216)
r(355,8,9,216)
r(52,2,9,216)
r(436,2,9,216)
r(53,3,9,216)
r(110,4,9,216)
w(534,2,9,216)
w(530,7,9,216)
r(355,8,9,216)
r(413,1,9,216)
w(525,6,9,216)
r(181,3,9,216)
r(219,2,9,216)
r(429,4,9,216)
r(250,4,9,216)
r(20,1,9,216)
w(537,4,9,216)
r(291,3,9,216)
r(222,5,9,216)
w(540,7,9,216)
w(14,3,1,217)
r(488,1,1,217)
r(12,6,1,217)
r(199,3,1,217)
r(466,3,1,217)
w(24,8,1,217)
r(345,4,1,217)
w(31,4,1,217)
r(170,1,1,217)
w(26,3,1,217)
w(33,6,1,217)
w(3,5,1,217)
w(25,13,1,217)
w(56,7,1,217)
w(14,4,1,217)
w(11,7,1,217)
r(507,2,1,217)
r(219,4,1,217)
r(49,5,1,217)
w(53,5,1,217)
w(120,5,2,218)
w(114,7,2,218)
w(79,2,2,218)
r(309,3,2,218)
r(309,3,2,218)
w(85,6,2,218)
r(262,5,2,218)
r(85,6,2,218)
w(80,8,2,218)
w(78,4,2,218)
w(120,6,2,218)
r(158,2,2,218)
r(292,3,2,218)
r(475,6,2,218)
w(69,7,2,218)
w(80,9,2,218)
r(415,1,2,218)
w(78,5,2,218)
w(112,5,2,218)
r(178,1,2,218)
w(171,8,3,219)
w(137,5,3,219)
r(219,2,3,219)
w(151,7,3,219)
r(44,2,3,219)
w(130,5,3,219)
r(81,6,3,219)
w(159,6,3,219)
w(162,7,3,219)
r(398,4,3,219)
r(536,5,3,219)
r(374,2,3,219)
r(301,5,3,219)
w(133,9,3,219)
w(171,9,3,219)
w(168,6,3,219)
r(387,5,3,219)
w(146,4,3,219)
w(144,4,3,219)
r(343,6,3,219)
r(17,5,4,220)
r(116,2,4,220)
r(115,5,4,220)
r(307,4,4,220)
r(306,3,4,220)
r(115,5,4,220)
r(522,3,4,220)
r(477,3,4,220)
r(534,1,4,220)
r(146,2,4,220)
r(22,2,4,220)
w(182,5,4,220)
w(198,10,4,220)
w(192,6,4,220)
r(133,7,4,220)
w(230,7,4,220)
r(40,6,4,220)
r(342,5,4,220)
r(80,6,4,220)
r(337,6,4,220)
r(507,1,5,221)
w(249,9,5,221)
r(510,3,5,221)
r(256,4,5,221)
w(255,6,5,221)
r(3,1,5,221)
w(244,5,5,221)
r(105,6,5,221)
r(244,5,5,221)
r(102,5,5,221)
w(256,5,5,221)
w(253,6,5,221)
w(287,6,5,221)
w(252,4,5,221)
w(282,6,5,221)
w(247,2,5,221)
w(247,3,5,221)
w(286,8,5,221)
r(269,6,5,221)
w(264,9,5,221)
r(360,8,6,222)
w(328,4,6,222)
r(413,1,6,222)
w(304,6,6,222)
r(250,4,6,222)
r(440,3,6,222)
w(335,7,6,222)
r(463,4,6,222)
r(28,3,6,222)
r(65,1,6,222)
r(389,1,6,222)
r(313,7,6,222)
w(333,8,6,222)
w(325,3,6,222)
w(329,8,6,222)
w(313,8,6,222)
w(309,9,6,222)
w(343,7,6,222)
w(302,5,6,222)
w(355,8,6,222)
w(403,5,7,223)
w(390,6,7,223)
w(366,9,7,223)
w(370,8,7,223)
w(395,7,7,223)
w(380,8,7,223)
r(313,3,7,223)
r(58,7,7,223)
r(58,7,7,223)
r(375,8,7,223)
w(396,6,7,223)
w(401,8,7,223)
r(379,2,7,223)
w(402,7,7,223)
w(408,6,7,223)
r(275,2,7,223)
w(367,6,7,223)
r(338,4,7,223)
w(395,8,7,223)
w(407,5,7,223)
r(160,3,8,224)
w(451,7,8,224)
r(527,2,8,224)
w(429,8,8,224)
w(450,2,8,224)
w(461,5,8,224)
w(442,4,8,224)
r(434,6,8,224)
r(350,1,8,224)
w(455,3,8,224)
w(470,4,8,224)
w(465,5,8,224)
r(204,4,8,224)
w(455,4,8,224)
r(138,2,8,224)
r(247,4,8,224)
w(444,10,8,224)
r(414,1,8,224)
r(181,3,8,224)
w(455,5,8,224)
r(304,6,9,225)
r(390,3,9,225)
w(517,5,9,225)
w(481,6,9,225)
r(311,3,9,225)
r(480,3,9,225)
w(503,8,9,225)
w(498,5,9,225)
w(481,7,9,225)
r(52,2,9,225)
r(58,5,9,225)
w(535,2,9,225)
w(513,6,9,225)
r(185,5,9,225)
r(237,1,9,225)
r(384,6,9,225)
w(525,7,9,225)
r(187,2,9,225)
w(490,5,9,225)
r(384,6,9,225)
r(467,2,1,226)
w(22,3,1,226)
r(370,8,1,226)
r(333,5,1,226)
r(484,4,1,226)
r(213,8,1,226)
w(56,8,1,226)
r(183,8,1,226)
w(51,3,1,226)
r(479,3,1,226)
w(41,5,1,226)
w(53,6,1,226)
r(440,4,1,226)
r(207,9,1,226)
r(309,5,1,226)
w(31,5,1,226)
r(433,2,1,226)
w(17,9,1,226)
r(227,3,1,226)
r(280,8,1,226)
r(250,5,2,227)
w(106,4,2,227)
r(79,2,2,227)
r(21,2,2,227)
w(96,7,2,227)
w(113,8,2,227)
w(92,6,2,227)
w(91,8,2,227)
r(316,4,2,227)
w(120,7,2,227)
r(24,2,2,227)
r(531,4,2,227)
w(92,7,2,227)
w(71,3,2,227)
w(119,8,2,227)
w(115,8,2,227)
r(508,2,2,227)
r(357,2,2,227)
w(72,5,2,227)
w(98,4,2,227)
r(534,1,3,228)
w(145,10,3,228)
r(150,5,3,228)
w(132,3,3,228)
w(132,4,3,228)
r(337,6,3,228)
w(121,6,3,228)
w(171,10,3,228)
r(24,3,3,228)
r(94,2,3,228)
r(396,4,3,228)
w(127,2,3,228)
r(427,4,3,228)
r(109,6,3,228)
r(41,1,3,228)
r(236,2,3,228)
r(271,2,3,228)
r(317,6,3,228)
w(132,5,3,228)
w(150,6,3,228)
w(198,11,4,229)
r(119,5,4,229)
w(228,8,4,229)
r(269,4,4,229)
r(254,2,4,229)
w(240,5,4,229)
w(221,6,4,229)
r(194,5,4,229)
w(222,7,4,229)
r(163,7,4,229)
r(8,2,4,229)
r(476,6,4,229)
r(253,5,4,229)
r(411,4,4,229)
r(421,4,4,229)
w(192,7,4,229)
r(449,2,4,229)
r(291,5,4,229)
w(183,7,4,229)
w(233,6,4,229)
r(206,2,5,230)
r(192,3,5,230)
w(243,7,5,230)
r(321,1,5,230)
r(516,2,5,230)
r(138,2,5,230)
r(414,1,5,230)
r(538,2,5,230)
w(265,3,5,230)
w(247,4,5,230)
w(286,9,5,230)
r(498,1,5,230)
w(244,6,5,230)
w(255,7,5,230)
r(224,3,5,230)
r(110,6,5,230)
r(200,3,5,230)
r(295,3,5,230)
w(273,8,5,230)
r(302,2,5,230)
r(368,3,6,231)
w(318,6,6,231)
w(331,7,6,231)
r(402,2,6,231)
r(430,2,6,231)
r(337,6,6,231)
r(59,3,6,231)
r(417,2,6,231)
w(359,6,6,231)
r(508,6,6,231)
w(350,6,6,231)
w(317,9,6,231)
r(259,2,6,231)
r(481,5,6,231)
r(451,4,6,231)
r(509,4,6,231)
w(334,5,6,231)
w(357,5,6,231)
w(318,7,6,231)
r(425,2,6,231)
w(419,8,7,232)
r(285,5,7,232)
r(414,3,7,232)
w(389,3,7,232)
r(529,5,7,232)
w(366,10,7,232)
w(418,9,7,232)
r(291,5,7,232)
w(403,6,7,232)
w(411,4,7,232)
r(113,5,7,232)
w(408,7,7,232)
w(398,6,7,232)
r(69,5,7,232)
r(43,1,7,232)
w(396,7,7,232)
w(414,4,7,232)
r(242,3,7,232)
w(405,6,7,232)
w(379,3,7,232)
w(466,6,8,233)
r(11,4,8,233)
w(476,11,8,233)
w(471,6,8,233)
r(194,4,8,233)
r(212,2,8,233)
w(444,11,8,233)
r(15,3,8,233)
r(212,2,8,233)
r(264,9,8,233)
r(503,6,8,233)
r(430,9,8,233)
w(454,6,8,233)
r(306,3,8,233)
r(125,3,8,233)
w(449,4,8,233)
w(425,4,8,233)
w(465,6,8,233)
w(451,8,8,233)
w(476,12,8,233)
w(529,6,9,234)
r(522,4,9,234)
w(517,6,9,234)
r(403,3,9,234)
w(537,5,9,234)
r(85,5,9,234)
r(368,3,9,234)
w(527,6,9,234)
w(519,7,9,234)
w(507,6,9,234)
r(264,8,9,234)
w(505,6,9,234)
w(492,10,9,234)
w(528,5,9,234)
r(305,8,9,234)
w(538,8,9,234)
r(379,2,9,234)
r(84,7,9,234)
w(495,4,9,234)
w(504,2,9,234)
w(3,6,1,235)
r(153,5,1,235)
r(433,5,1,235)
w(8,5,1,235)
w(17,10,1,235)
w(4,6,1,235)
w(49,6,1,235)
r(378,7,1,235)
w(59,6,1,235)
r(450,2,1,235)
w(46,5,1,235)
w(29,7,1,235)
r(9,6,1,235)
r(136,5,1,235)
w(30,8,1,235)
w(50,7,1,235)
r(528,3,1,235)
w(23,4,1,235)
w(27,6,1,235)
w(25,14,1,235)
w(83,8,2,236)
r(270,4,2,236)
w(109,8,2,236)
w(87,12,2,236)
w(104,8,2,236)
r(267,5,2,236)
w(78,6,2,236)
w(64,6,2,236)
w(61,7,2,236)
r(50,4,2,236)
w(96,8,2,236)
w(105,7,2,236)
w(67,6,2,236)
r(338,1,2,236)
w(85,7,2,236)
r(360,2,2,236)
w(78,7,2,236)
w(88,7,2,236)
r(85,7,2,236)
w(88,8,2,236)
w(133,10,3,237)
w(159,7,3,237)
r(56,2,3,237)
r(205,4,3,237)
w(161,11,3,237)
r(357,4,3,237)
w(152,5,3,237)
r(192,4,3,237)
r(5,3,3,237)
w(160,10,3,237)
w(159,8,3,237)
w(162,8,3,237)
r(116,1,3,237)
w(133,11,3,237)
w(140,9,3,237)
r(284,2,3,237)
w(168,7,3,237)
w(125,4,3,237)
w(130,6,3,237)
w(128,6,3,237)
r(192,7,4,238)
r(484,4,4,238)
r(540,5,4,238)
w(212,5,4,238)
r(234,5,4,238)
w(187,6,4,238)
w(224,7,4,238)
r(153,5,4,238)
w(182,6,4,238)
r(196,6,4,238)
w(221,7,4,238)
r(216,3,4,238)
r(10,5,4,238)
w(233,7,4,238)
w(203,3,4,238)
r(283,5,4,238)
r(313,3,4,238)
r(299,2,4,238)
w(215,6,4,238)
r(41,3,4,238)
w(295,4,5,239)
r(297,5,5,239)
r(346,2,5,239)
r(313,2,5,239)
r(409,5,5,239)
r(335,2,5,239)
w(263,5,5,239)
r(125,2,5,239)
r(58,2,5,239)
w(277,9,5,239)
r(249,9,5,239)
r(503,3,5,239)
r(449,3,5,239)
r(95,3,5,239)
w(294,3,5,239)
w(292,4,5,239)
w(241,5,5,239)
w(293,8,5,239)
w(280,10,5,239)
w(267,6,5,239)
r(299,2,6,240)
w(323,3,6,240)
r(518,7,6,240)
w(316,10,6,240)
w(344,5,6,240)
r(424,3,6,240)
w(312,5,6,240)
r(447,2,6,240)
r(100,2,6,240)
r(287,4,6,240)
w(313,9,6,240)
w(305,8,6,240)
w(337,7,6,240)
r(126,4,6,240)
r(253,4,6,240)
r(121,7,6,240)
w(359,7,6,240)
w(343,8,6,240)
r(208,3,6,240)
w(322,3,6,240)
r(393,1,7,241)
r(88,6,7,241)
w(413,9,7,241)
r(51,2,7,241)
r(473,2,7,241)
w(382,4,7,241)
r(37,7,7,241)
r(470,1,7,241)
w(366,11,7,241)
r(458,2,7,241)
r(448,2,7,241)
r(460,3,7,241)
r(496,3,7,241)
w(400,6,7,241)
r(67,3,7,241)
w(416,10,7,241)
w(414,5,7,241)
r(462,2,7,241)
w(412,4,7,241)
w(363,9,7,241)
r(392,2,8,242)
r(20,1,8,242)
r(108,5,8,242)
r(251,6,8,242)
w(455,6,8,242)
w(455,7,8,242)
w(464,6,8,242)
r(198,4,8,242)
w(442,5,8,242)
w(430,10,8,242)
r(487,2,8,242)
r(272,5,8,242)
r(170,4,8,242)
r(8,1,8,242)
w(466,7,8,242)
w(432,6,8,242)
w(468,9,8,242)
w(464,7,8,242)
w(446,4,8,242)
r(241,5,8,242)
r(320,9,9,243)
r(90,6,9,243)
w(511,4,9,243)
r(170,5,9,243)
r(265,2,9,243)
w(481,8,9,243)
w(491,6,9,243)
w(536,6,9,243)
w(485,5,9,243)
r(539,7,9,243)
w(526,9,9,243)
r(284,3,9,243)
r(451,5,9,243)
r(475,6,9,243)
r(413,7,9,243)
r(457,5,9,243)
w(539,8,9,243)
w(499,4,9,243)
w(527,7,9,243)
w(521,4,9,243)
r(510,8,1,244)
r(37,8,1,244)
w(21,5,1,244)
r(210,5,1,244)
r(199,3,1,244)
w(37,9,1,244)
w(60,4,1,244)
w(47,6,1,244)
w(43,2,1,244)
w(21,6,1,244)
r(233,7,1,244)
r(283,6,1,244)
w(58,9,1,244)
w(37,10,1,244)
r(400,7,1,244)
w(15,9,1,244)
r(539,7,1,244)
r(305,6,1,244)
w(31,6,1,244)
w(6,4,1,244)
r(152,4,2,245)
w(118,3,2,245)
w(98,5,2,245)
w(91,9,2,245)
r(155,6,2,245)
w(119,9,2,245)
r(347,1,2,245)
r(369,6,2,245)
r(163,7,2,245)
w(83,9,2,245)
w(109,9,2,245)
w(79,3,2,245)
w(65,3,2,245)
w(87,13,2,245)
w(65,4,2,245)
r(106,4,2,245)
w(69,8,2,245)
w(66,7,2,245)
r(93,9,2,245)
w(81,8,2,245)
r(207,4,3,246)
w(178,5,3,246)
w(168,8,3,246)
r(198,4,3,246)
r(162,8,3,246)
r(380,4,3,246)
w(151,8,3,246)
r(513,5,3,246)
w(179,2,3,246)
w(171,11,3,246)
w(156,7,3,246)
r(357,4,3,246)
r(465,3,3,246)
r(211,1,3,246)
w(130,7,3,246)
w(143,5,3,246)
r(97,2,3,246)
r(295,1,3,246)
r(509,4,3,246)
r(180,6,3,246)
w(191,6,4,247)
r(412,4,4,247)
w(201,4,4,247)
w(203,4,4,247)
r(385,6,4,247)
w(210,4,4,247)
w(182,7,4,247)
r(259,3,4,247)
r(249,8,4,247)
r(46,3,4,247)
w(240,6,4,247)
w(196,7,4,247)
w(217,7,4,247)
r(70,5,4,247)
w(208,6,4,247)
w(215,7,4,247)
r(347,1,4,247)
w(238,6,4,247)
w(217,8,4,247)
w(239,10,4,247)
r(265,3,5,248)
r(53,4,5,248)
r(451,7,5,248)
r(366,5,5,248)
w(269,7,5,248)
r(128,5,5,248)
w(297,6,5,248)
w(296,7,5,248)
r(516,4,5,248)
w(261,4,5,248)
r(516,4,5,248)
r(39,4,5,248)
r(386,2,5,248)
r(64,6,5,248)
w(269,8,5,248)
w(254,4,5,248)
w(298,11,5,248)
w(296,8,5,248)
r(368,3,5,248)
w(261,5,5,248)
w(332,8,6,249)
r(403,3,6,249)
w(315,6,6,249)
r(229,2,6,249)
r(254,2,6,249)
w(315,7,6,249)
w(331,8,6,249)
r(530,7,6,249)
w(321,2,6,249)
w(333,9,6,249)
r(493,9,6,249)
r(106,3,6,249)
w(357,6,6,249)
w(318,8,6,249)
r(355,8,6,249)
w(333,10,6,249)
w(308,8,6,249)
w(329,9,6,249)
r(133,11,6,249)
w(341,8,6,249)
w(397,7,7,250)
r(250,4,7,250)
w(413,10,7,250)
w(403,7,7,250)
w(380,9,7,250)
w(412,5,7,250)
w(389,4,7,250)
w(396,8,7,250)
w(364,8,7,250)
w(398,7,7,250)
w(409,8,7,250)
w(396,9,7,250)
r(88,6,7,250)
r(383,6,7,250)
w(400,7,7,250)
r(300,6,7,250)
w(395,9,7,250)
w(414,6,7,250)
r(231,8,7,250)
w(384,8,7,250)
w(444,12,8,251)
w(468,10,8,251)
w(462,6,8,251)
w(467,4,8,251)
r(376,2,8,251)
w(460,5,8,251)
w(476,13,8,251)
w(453,5,8,251)
r(437,6,8,251)
r(176,2,8,251)
r(9,4,8,251)
r(354,7,8,251)
r(223,3,8,251)
w(435,6,8,251)
w(467,5,8,251)
r(181,3,8,251)
r(33,3,8,251)
r(347,1,8,251)
r(374,2,8,251)
w(422,3,8,251)
r(189,3,9,252)
r(38,2,9,252)
r(512,4,9,252)
r(533,2,9,252)
r(334,5,9,252)
w(508,7,9,252)
r(65,2,9,252)
w(506,8,9,252)
w(496,8,9,252)
w(512,5,9,252)
w(485,6,9,252)
w(498,6,9,252)
w(500,2,9,252)
w(523,4,9,252)
r(5,4,9,252)
r(337,7,9,252)
r(321,3,9,252)
r(115,7,9,252)
w(523,5,9,252)
r(138,2,9,252)
r(502,5,1,253)
r(274,4,1,253)
w(46,6,1,253)
r(188,7,1,253)
r(21,6,1,253)
w(20,4,1,253)
w(22,4,1,253)
r(22,4,1,253)
r(198,12,1,253)
w(6,5,1,253)
r(175,6,1,253)
r(210,5,1,253)
w(2,3,1,253)
w(17,11,1,253)
r(515,2,1,253)
r(482,4,1,253)
w(16,4,1,253)
r(459,4,1,253)
r(316,8,1,253)
w(16,5,1,253)
w(61,8,2,254)
w(102,6,2,254)
w(93,10,2,254)
r(377,2,2,254)
r(383,3,2,254)
w(105,8,2,254)
w(87,14,2,254)
w(84,8,2,254)
r(529,5,2,254)
r(385,2,2,254)
w(95,4,2,254)
w(69,9,2,254)
r(240,3,2,254)
w(85,8,2,254)
w(107,6,2,254)
w(84,9,2,254)
r(346,6,2,254)
w(83,10,2,254)
r(220,2,2,254)
w(109,10,2,254)
r(518,7,3,255)
w(174,5,3,255)
w(156,8,3,255)
w(176,3,3,255)
r(185,5,3,255)
w(179,3,3,255)
w(125,5,3,255)
r(423,2,3,255)
w(135,8,3,255)
r(158,5,3,255)
r(307,6,3,255)
r(127,2,3,255)
r(364,5,3,255)
r(504,1,3,255)
r(289,3,3,255)
r(358,5,3,255)
r(299,2,3,255)
r(310,6,3,255)
w(135,9,3,255)
w(121,7,3,255)
w(221,8,4,256)
r(417,3,4,256)
w(191,7,4,256)
w(231,9,4,256)
w(230,8,4,256)
w(194,6,4,256)
w(214,3,4,256)
w(213,7,4,256)
r(484,4,4,256)
r(26,2,4,256)
r(238,6,4,256)
w(213,8,4,256)
r(76,2,4,256)
r(528,2,4,256)
w(214,4,4,256)
w(238,7,4,256)
w(188,7,4,256)
r(474,2,4,256)
w(198,12,4,256)
w(183,8,4,256)
r(194,4,5,257)
r(510,7,5,257)
w(296,9,5,257)
r(200,6,5,257)
r(457,7,5,257)
r(64,6,5,257)
r(249,9,5,257)
r(26,2,5,257)
w(244,7,5,257)
r(233,2,5,257)
r(81,8,5,257)
r(173,5,5,257)
w(297,7,5,257)
r(178,3,5,257)
w(253,7,5,257)
r(88,8,5,257)
r(127,1,5,257)
w(269,9,5,257)
w(256,6,5,257)
w(281,11,5,257)
w(339,4,6,258)
w(336,4,6,258)
w(318,9,6,258)
w(307,7,6,258)
r(166,2,6,258)
w(321,3,6,258)
w(327,6,6,258)
r(4,4,6,258)
r(187,4,6,258)
r(534,2,6,258)
r(493,9,6,258)
r(212,2,6,258)
r(435,5,6,258)
r(506,7,6,258)
w(358,6,6,258)
r(232,4,6,258)
w(309,10,6,258)
r(506,7,6,258)
w(345,5,6,258)
r(498,5,6,258)
w(373,5,7,259)
r(176,1,7,259)
w(383,7,7,259)
w(379,4,7,259)
r(459,4,7,259)
w(398,8,7,259)
w(363,10,7,259)
w(405,7,7,259)
r(52,6,7,259)
r(466,3,7,259)
r(183,7,7,259)
r(406,6,7,259)
w(362,6,7,259)
w(363,11,7,259)
w(378,6,7,259)
w(371,5,7,259)
w(378,7,7,259)
w(385,7,7,259)
w(392,5,7,259)
r(100,3,7,259)
r(172,2,8,260)
w(426,3,8,260)
w(465,7,8,260)
r(386,2,8,260)
r(104,8,8,260)
r(172,2,8,260)
r(78,7,8,260)
r(52,2,8,260)
r(493,8,8,260)
r(117,2,8,260)
w(431,6,8,260)
w(430,11,8,260)
w(478,10,8,260)
w(460,6,8,260)
w(467,6,8,260)
w(443,8,8,260)
w(468,11,8,260)
w(447,6,8,260)
r(174,4,8,260)
r(77,4,8,260)
w(488,5,9,261)
r(147,6,9,261)
w(528,6,9,261)
r(83,7,9,261)
r(316,10,9,261)
r(348,7,9,261)
w(508,8,9,261)
r(409,6,9,261)
w(518,8,9,261)
r(9,5,9,261)
r(491,6,9,261)
r(274,4,9,261)
w(506,9,9,261)
r(406,5,9,261)
r(373,4,9,261)
r(156,8,9,261)
r(255,5,9,261)
r(64,5,9,261)
w(486,7,9,261)
w(540,8,9,261)
r(26,3,1,262)
r(135,7,1,262)
w(42,8,1,262)
r(32,9,1,262)
w(2,4,1,262)
r(15,9,1,262)
r(409,8,1,262)
r(15,9,1,262)
r(275,4,1,262)
r(478,9,1,262)
w(5,6,1,262)
r(332,6,1,262)
r(271,7,1,262)
w(38,4,1,262)
r(254,3,1,262)
w(4,7,1,262)
r(77,4,1,262)
r(294,3,1,262)
w(3,7,1,262)
w(58,10,1,262)
r(139,7,2,263)
w(99,5,2,263)
w(90,7,2,263)
r(527,3,2,263)
r(165,2,2,263)
w(107,7,2,263)
r(267,6,2,263)
r(213,3,2,263)
w(103,7,2,263)
r(60,1,2,263)
w(109,11,2,263)
w(94,5,2,263)
w(116,4,2,263)
w(71,4,2,263)
r(530,4,2,263)
r(91,9,2,263)
r(5,3,2,263)
r(165,2,2,263)
w(75,7,2,263)
r(70,6,2,263)
r(376,2,3,264)
r(497,4,3,264)
r(227,1,3,264)
w(128,7,3,264)
r(129,2,3,264)
w(155,7,3,264)
w(179,4,3,264)
r(14,2,3,264)
r(55,2,3,264)
r(191,4,3,264)
w(130,8,3,264)
r(319,5,3,264)
r(163,7,3,264)
r(286,4,3,264)
w(163,8,3,264)
w(121,8,3,264)
w(173,8,3,264)
w(128,8,3,264)
w(124,3,3,264)
w(145,11,3,264)
r(297,5,4,265)
w(224,8,4,265)
r(491,5,4,265)
w(187,7,4,265)
r(400,7,4,265)
w(195,6,4,265)
w(184,5,4,265)
w(197,8,4,265)
w(201,5,4,265)
w(192,8,4,265)
r(517,3,4,265)
w(230,9,4,265)
w(190,6,4,265)
w(210,5,4,265)
r(202,8,4,265)
w(207,10,4,265)
r(513,4,4,265)
w(237,5,4,265)
r(118,2,4,265)
r(344,2,4,265)
r(28,3,5,266)
w(275,5,5,266)
w(258,8,5,266)
r(440,5,5,266)
w(254,5,5,266)
w(251,7,5,266)
w(241,6,5,266)
w(243,8,5,266)
r(310,5,5,266)
r(493,8,5,266)
r(131,4,5,266)
w(283,7,5,266)
w(273,9,5,266)
w(259,4,5,266)
r(287,6,5,266)
r(491,5,5,266)
w(256,7,5,266)
r(153,5,5,266)
r(468,9,5,266)
r(329,5,5,266)
w(334,6,6,267)
r(144,4,6,267)
w(319,6,6,267)
w(318,10,6,267)
r(390,4,6,267)
r(295,3,6,267)
w(309,11,6,267)
r(14,2,6,267)
r(112,4,6,267)
r(211,3,6,267)
r(127,2,6,267)
w(336,5,6,267)
r(212,2,6,267)
w(304,7,6,267)
r(463,6,6,267)
w(337,8,6,267)
r(229,3,6,267)
w(326,7,6,267)
r(255,5,6,267)
r(506,9,6,267)
r(477,5,7,268)
w(383,8,7,268)
w(380,10,7,268)
r(381,2,7,268)
r(98,4,7,268)
r(310,5,7,268)
w(415,4,7,268)
w(392,6,7,268)
w(373,6,7,268)
r(98,4,7,268)
w(361,5,7,268)
w(419,9,7,268)
r(90,6,7,268)
r(346,7,7,268)
r(283,6,7,268)
w(407,6,7,268)
r(393,1,7,268)
r(206,3,7,268)
r(340,2,7,268)
r(156,5,7,268)
r(243,8,8,269)
r(122,6,8,269)
w(433,6,8,269)
w(462,7,8,269)
r(493,8,8,269)
r(516,4,8,269)
r(122,6,8,269)
w(431,7,8,269)
w(438,4,8,269)
w(429,9,8,269)
w(422,4,8,269)
w(429,10,8,269)
r(419,4,8,269)
r(303,4,8,269)
w(474,8,8,269)
w(464,8,8,269)
r(31,1,8,269)
w(479,6,8,269)
w(474,9,8,269)
r(33,3,8,269)
r(510,9,9,270)
w(502,6,9,270)
r(283,6,9,270)
w(530,8,9,270)
w(481,9,9,270)
r(400,4,9,270)
w(521,5,9,270)
r(468,7,9,270)
w(510,10,9,270)
r(479,4,9,270)
w(485,7,9,270)
w(531,8,9,270)
w(506,10,9,270)
r(321,3,9,270)
w(500,3,9,270)
r(422,2,9,270)
w(526,10,9,270)
w(518,9,9,270)
r(325,3,9,270)
r(29,4,9,270)
