w(1,1,0,0)
w(2,1,0,0)
w(3,1,0,0)
w(4,1,0,0)
w(5,1,0,0)
w(6,1,0,0)
w(7,1,0,0)
w(8,1,0,0)
w(9,1,0,0)
w(10,1,0,0)
w(11,1,0,0)
w(12,1,0,0)
w(13,1,0,0)
w(14,1,0,0)
w(15,1,0,0)
w(16,1,0,0)
w(17,1,0,0)
w(18,1,0,0)
w(19,1,0,0)
w(20,1,0,0)
w(21,1,0,0)
w(22,1,0,0)
w(23,1,0,0)
w(24,1,0,0)
w(25,1,0,0)
w(26,1,0,0)
w(27,1,0,0)
w(28,1,0,0)
w(29,1,0,0)
w(30,1,0,0)
w(31,1,0,0)
w(32,1,0,0)
w(33,1,0,0)
w(34,1,0,0)
w(35,1,0,0)
w(36,1,0,0)
w(37,1,0,0)
w(38,1,0,0)
w(39,1,0,0)
w(40,1,0,0)
w(41,1,0,0)
w(42,1,0,0)
w(43,1,0,0)
w(44,1,0,0)
w(45,1,0,0)
w(46,1,0,0)
w(47,1,0,0)
w(48,1,0,0)
w(49,1,0,0)
w(50,1,0,0)
w(51,1,0,0)
w(52,1,0,0)
w(53,1,0,0)
w(54,1,0,0)
w(55,1,0,0)
w(56,1,0,0)
w(57,1,0,0)
w(58,1,0,0)
w(59,1,0,0)
w(60,1,0,0)
w(61,1,0,0)
w(62,1,0,0)
w(63,1,0,0)
w(64,1,0,0)
w(65,1,0,0)
w(66,1,0,0)
w(67,1,0,0)
w(68,1,0,0)
w(69,1,0,0)
w(70,1,0,0)
w(71,1,0,0)
w(72,1,0,0)
w(73,1,0,0)
w(74,1,0,0)
w(75,1,0,0)
w(76,1,0,0)
w(77,1,0,0)
w(78,1,0,0)
w(79,1,0,0)
w(80,1,0,0)
w(81,1,0,0)
w(82,1,0,0)
w(83,1,0,0)
w(84,1,0,0)
w(85,1,0,0)
w(86,1,0,0)
w(87,1,0,0)
w(88,1,0,0)
w(89,1,0,0)
w(90,1,0,0)
w(91,1,0,0)
w(92,1,0,0)
w(93,1,0,0)
w(94,1,0,0)
w(95,1,0,0)
w(96,1,0,0)
w(97,1,0,0)
w(98,1,0,0)
w(99,1,0,0)
w(100,1,0,0)
w(101,1,0,0)
w(102,1,0,0)
w(103,1,0,0)
w(104,1,0,0)
w(105,1,0,0)
w(106,1,0,0)
w(107,1,0,0)
w(108,1,0,0)
w(109,1,0,0)
w(110,1,0,0)
w(111,1,0,0)
w(112,1,0,0)
w(113,1,0,0)
w(114,1,0,0)
w(115,1,0,0)
w(116,1,0,0)
w(117,1,0,0)
w(118,1,0,0)
w(119,1,0,0)
w(120,1,0,0)
w(121,1,0,0)
w(122,1,0,0)
w(123,1,0,0)
w(124,1,0,0)
w(125,1,0,0)
w(126,1,0,0)
w(127,1,0,0)
w(128,1,0,0)
w(129,1,0,0)
w(130,1,0,0)
w(131,1,0,0)
w(132,1,0,0)
w(133,1,0,0)
w(134,1,0,0)
w(135,1,0,0)
w(136,1,0,0)
w(137,1,0,0)
w(138,1,0,0)
w(139,1,0,0)
w(140,1,0,0)
w(141,1,0,0)
w(142,1,0,0)
w(143,1,0,0)
w(144,1,0,0)
w(145,1,0,0)
w(146,1,0,0)
w(147,1,0,0)
w(148,1,0,0)
w(149,1,0,0)
w(150,1,0,0)
w(151,1,0,0)
w(152,1,0,0)
w(153,1,0,0)
w(154,1,0,0)
w(155,1,0,0)
w(156,1,0,0)
w(157,1,0,0)
w(158,1,0,0)
w(159,1,0,0)
w(160,1,0,0)
w(161,1,0,0)
w(162,1,0,0)
w(163,1,0,0)
w(164,1,0,0)
w(165,1,0,0)
w(166,1,0,0)
w(167,1,0,0)
w(168,1,0,0)
w(169,1,0,0)
w(170,1,0,0)
w(171,1,0,0)
w(172,1,0,0)
w(173,1,0,0)
w(174,1,0,0)
w(175,1,0,0)
w(176,1,0,0)
w(177,1,0,0)
w(178,1,0,0)
w(179,1,0,0)
w(180,1,0,0)
w(181,1,0,0)
w(182,1,0,0)
w(183,1,0,0)
w(184,1,0,0)
w(185,1,0,0)
w(186,1,0,0)
w(187,1,0,0)
w(188,1,0,0)
w(189,1,0,0)
w(190,1,0,0)
w(191,1,0,0)
w(192,1,0,0)
w(193,1,0,0)
w(194,1,0,0)
w(195,1,0,0)
w(196,1,0,0)
w(197,1,0,0)
w(198,1,0,0)
w(199,1,0,0)
w(200,1,0,0)
w(201,1,0,0)
w(202,1,0,0)
w(203,1,0,0)
w(204,1,0,0)
w(205,1,0,0)
w(206,1,0,0)
w(207,1,0,0)
w(208,1,0,0)
w(209,1,0,0)
w(210,1,0,0)
w(211,1,0,0)
w(212,1,0,0)
w(213,1,0,0)
w(214,1,0,0)
w(215,1,0,0)
w(216,1,0,0)
w(217,1,0,0)
w(218,1,0,0)
w(219,1,0,0)
w(220,1,0,0)
w(221,1,0,0)
w(222,1,0,0)
w(223,1,0,0)
w(224,1,0,0)
w(225,1,0,0)
w(226,1,0,0)
w(227,1,0,0)
w(228,1,0,0)
w(229,1,0,0)
w(230,1,0,0)
w(231,1,0,0)
w(232,1,0,0)
w(233,1,0,0)
w(234,1,0,0)
w(235,1,0,0)
w(236,1,0,0)
w(237,1,0,0)
w(238,1,0,0)
w(239,1,0,0)
w(240,1,0,0)
w(241,1,0,0)
w(242,1,0,0)
w(243,1,0,0)
w(244,1,0,0)
w(245,1,0,0)
w(246,1,0,0)
w(247,1,0,0)
w(248,1,0,0)
w(249,1,0,0)
w(250,1,0,0)
w(251,1,0,0)
w(252,1,0,0)
w(253,1,0,0)
w(254,1,0,0)
w(255,1,0,0)
w(256,1,0,0)
w(257,1,0,0)
w(258,1,0,0)
w(259,1,0,0)
w(260,1,0,0)
w(261,1,0,0)
w(262,1,0,0)
w(263,1,0,0)
w(264,1,0,0)
w(265,1,0,0)
w(266,1,0,0)
w(267,1,0,0)
w(268,1,0,0)
w(269,1,0,0)
w(270,1,0,0)
w(271,1,0,0)
w(272,1,0,0)
w(273,1,0,0)
w(274,1,0,0)
w(275,1,0,0)
w(276,1,0,0)
w(277,1,0,0)
w(278,1,0,0)
w(279,1,0,0)
w(280,1,0,0)
w(281,1,0,0)
w(282,1,0,0)
w(283,1,0,0)
w(284,1,0,0)
w(285,1,0,0)
w(286,1,0,0)
w(287,1,0,0)
w(288,1,0,0)
w(289,1,0,0)
w(290,1,0,0)
w(291,1,0,0)
w(292,1,0,0)
w(293,1,0,0)
w(294,1,0,0)
w(295,1,0,0)
w(296,1,0,0)
w(297,1,0,0)
w(298,1,0,0)
w(299,1,0,0)
w(300,1,0,0)
w(301,1,0,0)
w(302,1,0,0)
w(303,1,0,0)
w(304,1,0,0)
w(305,1,0,0)
w(306,1,0,0)
w(307,1,0,0)
w(308,1,0,0)
w(309,1,0,0)
w(310,1,0,0)
w(311,1,0,0)
w(312,1,0,0)
w(313,1,0,0)
w(314,1,0,0)
w(315,1,0,0)
w(316,1,0,0)
w(317,1,0,0)
w(318,1,0,0)
w(319,1,0,0)
w(320,1,0,0)
w(321,1,0,0)
w(322,1,0,0)
w(323,1,0,0)
w(324,1,0,0)
w(325,1,0,0)
w(326,1,0,0)
w(327,1,0,0)
w(328,1,0,0)
w(329,1,0,0)
w(330,1,0,0)
w(331,1,0,0)
w(332,1,0,0)
w(333,1,0,0)
w(334,1,0,0)
w(335,1,0,0)
w(336,1,0,0)
w(337,1,0,0)
w(338,1,0,0)
w(339,1,0,0)
w(340,1,0,0)
w(341,1,0,0)
w(342,1,0,0)
w(343,1,0,0)
w(344,1,0,0)
w(345,1,0,0)
w(346,1,0,0)
w(347,1,0,0)
w(348,1,0,0)
w(349,1,0,0)
w(350,1,0,0)
w(351,1,0,0)
w(352,1,0,0)
w(353,1,0,0)
w(354,1,0,0)
w(355,1,0,0)
w(356,1,0,0)
w(357,1,0,0)
w(358,1,0,0)
w(359,1,0,0)
w(360,1,0,0)
w(87,2,1,1)
r(48,1,1,1)
r(92,1,1,1)
w(345,2,1,1)
w(286,2,1,1)
w(216,2,1,1)
w(169,2,1,1)
w(148,2,1,1)
w(147,2,1,1)
w(79,2,1,1)
r(259,1,1,1)
w(254,2,1,1)
r(52,1,1,1)
w(296,2,1,1)
w(45,2,1,1)
w(97,2,1,1)
r(215,1,1,1)
r(209,1,1,1)
r(319,1,1,1)
w(60,2,1,1)
w(322,5,2,2)
r(19,1,2,2)
r(260,1,2,2)
r(354,1,2,2)
r(322,5,2,2)
w(86,5,2,2)
r(314,1,2,2)
r(125,1,2,2)
w(329,5,2,2)
r(62,12,2,2)
r(266,1,2,2)
w(110,5,2,2)
w(345,6,2,2)
w(15,5,2,2)
r(48,1,2,2)
r(44,1,2,2)
w(213,7,2,2)
w(300,6,2,2)
r(192,1,2,2)
r(334,1,2,2)
r(269,1,3,3)
w(47,7,3,3)
w(49,10,3,3)
r(132,1,3,3)
w(37,5,3,3)
r(273,1,3,3)
w(328,12,3,3)
r(254,2,3,3)
r(84,1,3,3)
w(41,4,3,3)
r(197,1,3,3)
r(295,1,3,3)
w(204,4,3,3)
w(261,5,3,3)
w(276,7,3,3)
r(178,1,3,3)
r(159,1,3,3)
w(336,7,3,3)
w(227,6,3,3)
w(6,5,3,3)
r(82,1,4,4)
w(138,12,4,4)
r(311,1,4,4)
w(279,9,4,4)
w(22,14,4,4)
r(203,1,4,4)
r(184,1,4,4)
w(358,10,4,4)
r(74,1,4,4)
w(208,7,4,4)
r(190,1,4,4)
w(291,6,4,4)
r(323,1,4,4)
r(179,1,4,4)
r(306,1,4,4)
r(193,1,4,4)
r(161,1,4,4)
w(281,11,4,4)
r(23,1,4,4)
r(302,1,4,4)
w(74,12,5,5)
w(205,14,5,5)
w(223,9,5,5)
w(302,9,5,5)
w(225,9,5,5)
w(93,6,5,5)
w(114,15,5,5)
w(94,8,5,5)
r(173,1,5,5)
r(169,7,5,5)
w(142,7,5,5)
w(17,5,5,5)
w(203,14,5,5)
r(136,6,5,5)
r(70,1,5,5)
w(231,14,5,5)
w(39,12,5,5)
r(65,1,5,5)
w(28,8,5,5)
w(30,7,5,5)
r(256,1,6,6)
r(133,1,6,6)
w(42,10,6,6)
w(20,11,6,6)
r(38,1,6,6)
w(26,11,6,6)
r(90,1,6,6)
w(270,15,6,6)
r(314,1,6,6)
w(141,11,6,6)
w(170,14,6,6)
r(155,1,6,6)
w(25,3,6,6)
w(248,11,6,6)
w(326,16,6,6)
w(259,8,6,6)
r(351,1,6,6)
r(272,1,6,6)
r(242,1,6,6)
r(287,1,6,6)
w(141,2,1,7)
w(338,2,1,7)
r(302,1,1,7)
r(294,1,1,7)
r(234,1,1,7)
w(31,2,1,7)
w(22,2,1,7)
r(25,3,1,7)
w(156,2,1,7)
r(131,1,1,7)
w(283,2,1,7)
w(312,2,1,7)
r(243,1,1,7)
r(263,1,1,7)
w(296,4,1,7)
r(73,1,1,7)
r(22,2,1,7)
r(312,2,1,7)
r(157,1,1,7)
w(152,2,1,7)
w(15,7,2,8)
w(58,4,2,8)
w(107,2,2,8)
r(231,1,2,8)
r(305,1,2,8)
w(34,4,2,8)
r(271,1,2,8)
w(213,6,2,8)
r(113,1,2,8)
w(95,5,2,8)
r(177,1,2,8)
w(24,2,2,8)
w(151,2,2,8)
w(199,5,2,8)
w(169,7,2,8)
r(256,1,2,8)
w(293,4,2,8)
r(259,8,2,8)
r(124,1,2,8)
w(191,4,2,8)
r(121,1,3,9)
r(88,1,3,9)
r(219,1,3,9)
r(352,1,3,9)
r(68,1,3,9)
w(286,14,3,9)
r(325,1,3,9)
r(350,1,3,9)
w(25,12,3,9)
r(74,1,3,9)
w(278,4,3,9)
w(165,6,3,9)
r(153,1,3,9)
r(224,1,3,9)
w(196,4,3,9)
r(310,1,3,9)
w(62,12,3,9)
w(102,5,3,9)
r(103,1,3,9)
r(185,1,3,9)
w(146,5,4,10)
w(171,7,4,10)
w(30,5,4,10)
w(96,5,4,10)
w(240,7,4,10)
w(29,14,4,10)
w(340,10,4,10)
r(211,1,4,10)
r(37,5,4,10)
r(296,2,4,10)
w(136,4,4,10)
r(185,1,4,10)
w(46,4,4,10)
w(53,6,4,10)
r(253,1,4,10)
w(189,6,4,10)
w(301,9,4,10)
r(125,1,4,10)
r(2,1,4,10)
w(63,6,4,10)
w(67,14,5,11)
w(147,12,5,11)
w(127,11,5,11)
w(324,14,5,11)
r(218,1,5,11)
r(227,4,5,11)
w(14,6,5,11)
w(344,7,5,11)
w(21,14,5,11)
w(196,12,5,11)
r(190,9,5,11)
w(170,6,5,11)
w(10,7,5,11)
r(250,1,5,11)
r(302,9,5,11)
w(256,11,5,11)
r(217,1,5,11)
r(198,1,5,11)
w(49,13,5,11)
w(6,14,5,11)
r(347,1,6,12)
w(340,3,6,12)
w(135,6,6,12)
r(11,1,6,12)
w(310,9,6,12)
w(308,12,6,12)
w(181,15,6,12)
w(96,11,6,12)
r(26,11,6,12)
w(19,11,6,12)
w(253,12,6,12)
r(73,1,6,12)
r(179,1,6,12)
w(136,6,6,12)
w(255,14,6,12)
w(170,9,6,12)
w(180,8,6,12)
w(251,8,6,12)
r(179,1,6,12)
w(324,10,6,12)
r(99,1,1,13)
r(209,1,1,13)
w(222,2,1,13)
r(16,1,1,13)
r(86,5,1,13)
w(56,2,1,13)
w(161,2,1,13)
r(329,5,1,13)
w(213,2,1,13)
r(349,1,1,13)
r(305,1,1,13)
r(4,1,1,13)
w(274,2,1,13)
r(50,1,1,13)
r(214,1,1,13)
w(67,2,1,13)
w(225,2,1,13)
r(334,1,1,13)
w(223,2,1,13)
w(289,2,1,13)
w(123,2,2,14)
w(173,4,2,14)
r(330,1,2,14)
r(90,1,2,14)
r(348,1,2,14)
w(115,4,2,14)
w(227,4,2,14)
r(278,4,2,14)
w(279,4,2,14)
w(285,2,2,14)
w(260,7,2,14)
r(14,1,2,14)
w(273,4,2,14)
w(181,4,2,14)
r(307,1,2,14)
w(280,4,2,14)
r(289,2,2,14)
w(167,5,2,14)
r(7,1,2,14)
r(348,1,2,14)
w(301,6,3,15)
w(186,14,3,15)
w(160,7,3,15)
r(82,1,3,15)
w(304,14,3,15)
r(348,1,3,15)
w(227,12,3,15)
r(99,1,3,15)
w(246,12,3,15)
w(288,12,3,15)
r(179,1,3,15)
w(112,6,3,15)
r(154,1,3,15)
w(334,4,3,15)
r(75,1,3,15)
r(313,1,3,15)
w(168,6,3,15)
r(21,1,3,15)
w(19,6,3,15)
r(172,1,3,15)
w(243,9,4,16)
w(81,6,4,16)
r(269,1,4,16)
w(273,9,4,16)
r(329,5,4,16)
r(24,1,4,16)
r(177,1,4,16)
r(258,1,4,16)
r(85,1,4,16)
w(269,6,4,16)
r(133,1,4,16)
w(359,7,4,16)
r(209,1,4,16)
r(244,1,4,16)
r(351,1,4,16)
r(229,1,4,16)
r(48,1,4,16)
r(256,1,4,16)
r(291,6,4,16)
r(336,7,4,16)
r(95,5,5,17)
w(85,5,5,17)
w(140,14,5,17)
w(46,7,5,17)
w(344,6,5,17)
r(69,1,5,17)
r(40,1,5,17)
w(309,5,5,17)
w(140,9,5,17)
w(197,5,5,17)
r(354,1,5,17)
w(237,8,5,17)
w(171,12,5,17)
r(210,1,5,17)
w(181,9,5,17)
w(55,9,5,17)
w(99,8,5,17)
r(233,1,5,17)
r(350,6,5,17)
w(230,12,5,17)
r(359,7,6,18)
w(11,6,6,18)
w(109,8,6,18)
r(278,4,6,18)
w(259,10,6,18)
r(65,1,6,18)
w(286,16,6,18)
r(29,14,6,18)
r(21,1,6,18)
w(236,15,6,18)
w(336,9,6,18)
w(162,11,6,18)
r(304,14,6,18)
w(301,15,6,18)
w(85,6,6,18)
w(304,16,6,18)
w(38,14,6,18)
r(172,1,6,18)
w(190,14,6,18)
w(100,12,6,18)
w(127,2,1,19)
r(347,1,1,19)
r(101,1,1,19)
w(296,5,1,19)
r(333,1,1,19)
w(268,2,1,19)
w(2,2,1,19)
w(267,2,1,19)
r(233,1,1,19)
w(272,2,1,19)
w(195,2,1,19)
w(76,2,1,19)
r(214,1,1,19)
r(297,1,1,19)
r(175,1,1,19)
r(345,6,1,19)
w(241,2,1,19)
w(319,2,1,19)
w(32,2,1,19)
w(127,4,1,19)
r(274,2,2,20)
w(246,7,2,20)
w(182,7,2,20)
r(18,1,2,20)
w(346,2,2,20)
r(79,2,2,20)
r(310,9,2,20)
r(250,1,2,20)
r(267,2,2,20)
r(260,7,2,20)
r(96,11,2,20)
w(280,5,2,20)
r(194,2,2,20)
w(192,2,2,20)
w(119,5,2,20)
r(351,1,2,20)
r(62,2,2,20)
w(255,5,2,20)
r(144,1,2,20)
r(111,1,2,20)
w(134,12,3,21)
r(236,15,3,21)
w(282,4,3,21)
r(88,1,3,21)
w(76,9,3,21)
w(350,6,3,21)
r(311,1,3,21)
r(288,12,3,21)
w(305,7,3,21)
r(327,1,3,21)
w(140,5,3,21)
w(94,7,3,21)
r(295,1,3,21)
w(94,6,3,21)
w(55,5,3,21)
r(45,2,3,21)
w(358,7,3,21)
r(18,1,3,21)
w(71,14,3,21)
w(201,14,3,21)
r(92,1,4,22)
w(162,7,4,22)
w(310,14,4,22)
w(26,5,4,22)
w(37,14,4,22)
w(285,7,4,22)
r(246,7,4,22)
r(131,1,4,22)
r(185,1,4,22)
w(7,6,4,22)
r(346,2,4,22)
w(336,6,4,22)
w(79,12,4,22)
r(125,1,4,22)
r(109,8,4,22)
r(180,8,4,22)
r(132,1,4,22)
w(344,4,4,22)
w(172,15,4,22)
r(157,1,4,22)
r(326,16,5,23)
w(22,8,5,23)
w(8,14,5,23)
w(135,7,5,23)
w(105,14,5,23)
w(96,14,5,23)
r(259,10,5,23)
r(184,1,5,23)
r(331,7,5,23)
r(271,13,5,23)
w(123,5,5,23)
w(26,6,5,23)
w(28,10,5,23)
r(206,1,5,23)
r(134,12,5,23)
w(286,8,5,23)
w(209,6,5,23)
w(229,6,5,23)
w(307,8,5,23)
r(251,2,5,23)
r(282,4,6,24)
r(315,1,6,24)
r(117,1,6,24)
w(271,13,6,24)
r(316,1,6,24)
w(330,11,6,24)
w(190,9,6,24)
w(281,17,6,24)
w(249,12,6,24)
w(67,8,6,24)
r(357,1,6,24)
r(140,5,6,24)
w(320,14,6,24)
r(320,14,6,24)
w(141,8,6,24)
w(312,9,6,24)
r(81,6,6,24)
w(10,14,6,24)
w(67,10,6,24)
r(348,1,6,24)
w(292,2,1,25)
r(311,1,1,25)
w(13,2,1,25)
w(221,2,1,25)
r(30,7,1,25)
r(111,1,1,25)
r(338,2,1,25)
r(239,1,1,25)
w(62,2,1,25)
r(334,4,1,25)
w(231,2,1,25)
w(194,2,1,25)
r(195,2,1,25)
w(154,2,1,25)
w(215,2,1,25)
w(128,2,1,25)
r(202,1,1,25)
r(305,1,1,25)
r(284,1,1,25)
r(132,1,1,25)
w(56,4,2,26)
r(138,12,2,26)
r(66,1,2,26)
w(311,4,2,26)
w(340,6,2,26)
r(160,7,2,26)
w(228,4,2,26)
r(215,2,2,26)
r(247,1,2,26)
w(286,5,2,26)
w(8,7,2,26)
r(173,4,2,26)
w(251,2,2,26)
r(16,1,2,26)
w(106,2,2,26)
r(12,1,2,26)
r(190,9,2,26)
w(18,7,2,26)
r(38,14,2,26)
r(292,2,2,26)
r(275,1,3,27)
r(304,16,3,27)
w(103,4,3,27)
r(178,1,3,27)
w(262,5,3,27)
r(99,1,3,27)
r(57,1,3,27)
r(105,1,3,27)
r(280,4,3,27)
r(208,7,3,27)
r(271,13,3,27)
r(231,2,3,27)
w(153,6,3,27)
w(241,12,3,27)
r(218,1,3,27)
r(129,1,3,27)
r(35,1,3,27)
w(290,4,3,27)
w(332,5,3,27)
w(137,7,3,27)
w(11,5,4,28)
r(235,1,4,28)
r(235,1,4,28)
r(168,6,4,28)
r(337,1,4,28)
r(45,7,4,28)
w(116,7,4,28)
w(154,9,4,28)
r(182,7,4,28)
r(344,6,4,28)
r(43,1,4,28)
r(279,4,4,28)
w(301,11,4,28)
r(6,14,4,28)
w(301,8,4,28)
r(308,12,4,28)
r(189,6,4,28)
w(146,7,4,28)
w(278,7,4,28)
r(127,11,4,28)
w(278,12,5,29)
r(308,12,5,29)
w(37,11,5,29)
w(83,11,5,29)
w(194,12,5,29)
w(125,12,5,29)
w(7,12,5,29)
w(155,9,5,29)
w(68,6,5,29)
w(287,6,5,29)
r(196,12,5,29)
w(10,6,5,29)
r(208,7,5,29)
w(203,9,5,29)
r(150,4,5,29)
w(251,11,5,29)
w(333,10,5,29)
r(345,6,5,29)
w(22,10,5,29)
r(175,1,5,29)
w(29,17,6,30)
r(131,1,6,30)
w(342,11,6,30)
r(270,6,6,30)
r(216,6,6,30)
r(173,5,6,30)
r(327,1,6,30)
r(173,5,6,30)
r(84,1,6,30)
r(299,1,6,30)
w(1,10,6,30)
r(274,2,6,30)
w(167,8,6,30)
r(142,2,6,30)
r(17,5,6,30)
r(186,14,6,30)
w(86,17,6,30)
r(333,10,6,30)
r(57,1,6,30)
w(354,8,6,30)
r(240,7,1,31)
r(108,1,1,31)
w(281,2,1,31)
w(252,2,1,31)
w(314,2,1,31)
w(220,2,1,31)
w(127,5,1,31)
r(115,4,1,31)
r(83,1,1,31)
w(186,2,1,31)
w(17,2,1,31)
w(323,2,1,31)
r(34,4,1,31)
w(57,2,1,31)
r(274,2,1,31)
w(114,2,1,31)
r(28,8,1,31)
r(196,12,2,32)
r(16,1,2,32)
r(46,4,2,32)
w(83,5,2,32)
w(256,4,2,32)
w(161,5,2,32)
w(145,7,2,32)
w(144,4,2,32)
r(122,1,2,32)
r(338,2,2,32)
w(45,7,2,32)
w(150,4,2,32)
w(28,7,2,32)
w(173,5,2,32)
r(260,7,2,32)
w(320,5,2,32)
r(192,2,2,32)
r(312,9,2,32)
r(281,17,2,32)
w(128,7,2,32)
r(340,6,3,33)
w(359,4,3,33)
r(328,12,3,33)
w(86,7,3,33)
w(307,2,3,33)
w(306,7,3,33)
r(319,2,3,33)
w(98,6,3,33)
w(292,12,3,33)
w(216,6,3,33)
r(228,4,3,33)
r(97,2,3,33)
r(211,1,3,33)
r(243,9,3,33)
r(295,1,3,33)
w(240,4,3,33)
r(22,2,3,33)
r(165,6,3,33)
r(127,11,3,33)
w(296,7,3,33)
w(138,14,4,34)
w(12,8,4,34)
r(222,2,4,34)
w(103,7,4,34)
w(15,14,4,34)
w(93,5,4,34)
r(327,1,4,34)
r(173,5,4,34)
w(348,7,4,34)
w(226,11,4,34)
w(293,9,4,34)
r(226,11,4,34)
w(277,2,4,34)
w(39,5,4,34)
r(190,9,4,34)
r(208,7,4,34)
r(66,1,4,34)
w(329,9,4,34)
w(253,7,4,34)
r(76,9,4,34)
r(140,9,5,35)
w(44,12,5,35)
w(95,9,5,35)
r(116,7,5,35)
r(277,2,5,35)
r(70,1,5,35)
w(166,14,5,35)
r(146,7,5,35)
w(210,12,5,35)
r(149,1,5,35)
w(66,6,5,35)
r(155,9,5,35)
w(212,5,5,35)
r(315,1,5,35)
r(267,2,5,35)
w(61,9,5,35)
r(99,8,5,35)
r(93,5,5,35)
w(57,9,5,35)
r(267,2,5,35)
r(360,2,6,36)
w(148,12,6,36)
w(133,15,6,36)
w(166,9,6,36)
w(25,18,6,36)
w(204,14,6,36)
w(15,16,6,36)
w(282,8,6,36)
r(233,7,6,36)
r(4,1,6,36)
w(277,12,6,36)
r(30,2,6,36)
w(279,10,6,36)
w(177,10,6,36)
w(77,8,6,36)
w(167,10,6,36)
r(142,2,6,36)
w(118,9,6,36)
r(200,1,6,36)
r(179,1,6,36)
r(332,5,1,37)
r(14,6,1,37)
w(54,2,1,37)
w(288,2,1,37)
r(162,7,1,37)
r(17,5,1,37)
r(179,1,1,37)
r(190,9,1,37)
w(218,2,1,37)
r(63,6,1,37)
w(329,2,1,37)
r(283,2,1,37)
r(98,6,1,37)
w(145,2,1,37)
w(59,2,1,37)
r(62,2,1,37)
r(42,10,1,37)
r(270,6,1,37)
r(215,2,1,37)
w(139,2,1,37)
w(245,5,2,38)
r(21,14,2,38)
r(85,5,2,38)
r(2,2,2,38)
r(100,12,2,38)
r(254,2,2,38)
r(179,1,2,38)
w(89,5,2,38)
w(229,2,2,38)
w(124,4,2,38)
r(223,9,2,38)
w(30,2,2,38)
r(47,7,2,38)
w(168,2,2,38)
w(224,7,2,38)
w(104,7,2,38)
r(250,1,2,38)
r(281,17,2,38)
w(230,7,2,38)
w(126,5,2,38)
r(297,1,3,39)
r(90,1,3,39)
r(94,6,3,39)
r(159,1,3,39)
w(293,6,3,39)
r(52,1,3,39)
w(152,7,3,39)
r(262,5,3,39)
w(280,7,3,39)
w(183,7,3,39)
w(331,7,3,39)
r(198,1,3,39)
r(209,1,3,39)
w(244,7,3,39)
r(9,1,3,39)
r(243,9,3,39)
w(270,6,3,39)
r(59,1,3,39)
w(275,4,3,39)
r(19,6,3,39)
w(58,6,4,40)
w(63,12,4,40)
w(327,11,4,40)
w(126,12,4,40)
w(186,11,4,40)
r(280,7,4,40)
w(56,12,4,40)
w(59,14,4,40)
w(323,9,4,40)
r(111,1,4,40)
w(92,6,4,40)
r(292,4,4,40)
w(128,9,4,40)
w(107,5,4,40)
w(256,12,4,40)
w(1,11,4,40)
r(78,9,4,40)
w(84,12,4,40)
w(250,5,4,40)
r(339,2,4,40)
w(228,14,5,41)
w(78,9,5,41)
w(174,13,5,41)
r(176,1,5,41)
r(135,2,5,41)
w(104,15,5,41)
w(105,9,5,41)
w(286,10,5,41)
r(92,1,5,41)
r(175,2,5,41)
r(46,7,5,41)
r(249,12,5,41)
w(113,11,5,41)
r(59,2,5,41)
r(72,4,5,41)
w(81,9,5,41)
w(326,8,5,41)
w(38,12,5,41)
r(134,12,5,41)
r(200,1,5,41)
r(306,7,6,42)
w(82,6,6,42)
r(80,1,6,42)
r(350,6,6,42)
w(46,14,6,42)
w(94,10,6,42)
r(342,11,6,42)
w(239,7,6,42)
w(164,9,6,42)
w(249,14,6,42)
r(58,4,6,42)
r(314,1,6,42)
w(218,8,6,42)
w(115,11,6,42)
r(233,7,6,42)
w(72,12,6,42)
w(132,11,6,42)
r(195,2,6,42)
r(65,1,6,42)
w(37,16,6,42)
r(120,1,1,43)
w(175,2,1,43)
w(304,2,1,43)
r(222,2,1,43)
w(265,2,1,43)
w(124,2,1,43)
w(90,2,1,43)
r(61,1,1,43)
r(85,5,1,43)
r(318,1,1,43)
w(29,2,1,43)
r(244,7,1,43)
w(360,2,1,43)
w(139,4,1,43)
w(316,2,1,43)
w(142,2,1,43)
w(342,2,1,43)
w(292,4,1,43)
r(248,11,1,43)
w(117,2,1,43)
w(126,7,2,44)
w(352,7,2,44)
w(341,7,2,44)
w(234,2,2,44)
w(215,6,2,44)
r(225,4,2,44)
r(95,9,2,44)
r(24,2,2,44)
r(173,5,2,44)
r(63,6,2,44)
r(320,5,2,44)
r(211,1,2,44)
r(277,2,2,44)
r(10,6,2,44)
r(289,2,2,44)
w(226,4,2,44)
w(14,4,2,44)
r(118,1,2,44)
w(211,12,2,44)
r(174,14,2,44)
r(136,6,3,45)
r(131,1,3,45)
r(86,7,3,45)
w(229,4,3,45)
r(91,12,4,46)
w(182,9,4,46)
r(229,5,4,46)
w(352,8,4,46)
r(168,2,4,46)
r(287,2,4,46)
r(60,2,4,46)
r(10,6,4,46)
r(157,7,4,46)
r(337,1,4,46)
w(304,15,5,47)
r(52,1,5,47)
w(91,12,5,47)
r(275,4,5,47)
w(146,6,5,47)
w(299,6,5,47)
r(284,7,5,47)
r(224,7,5,47)
w(44,14,5,47)
w(230,14,5,47)
r(265,4,5,47)
r(59,14,5,47)
r(80,1,5,47)
r(170,6,5,47)
r(190,9,5,47)
r(358,7,5,47)
w(200,14,5,47)
r(222,2,5,47)
r(159,1,5,47)
w(358,15,5,47)
r(123,5,6,48)
w(137,11,6,48)
r(71,14,6,48)
r(266,1,6,48)
w(282,10,6,48)
w(260,11,6,48)
w(22,15,6,48)
w(152,9,6,48)
r(313,1,6,48)
r(266,1,6,48)
r(347,1,6,48)
r(284,7,6,48)
r(30,2,6,48)
w(345,9,6,48)
r(173,5,6,48)
w(19,8,6,48)
r(102,5,6,48)
w(277,14,6,48)
w(97,14,6,48)
w(348,14,6,48)
w(135,2,1,49)
w(110,2,1,49)
r(189,6,1,49)
r(239,1,1,49)
w(119,2,1,49)
r(231,2,1,49)
r(185,1,1,49)
w(274,4,1,49)
w(191,2,1,49)
r(26,6,1,49)
r(220,12,1,49)
r(188,1,1,49)
w(324,2,1,49)
r(123,5,1,49)
w(352,2,1,49)
r(353,1,1,49)
w(335,2,1,49)
w(37,2,1,49)
r(271,13,1,49)
r(279,4,1,49)
w(123,4,2,50)
w(294,7,2,50)
r(96,14,2,50)
w(185,5,2,50)
w(266,5,2,50)
w(304,6,2,50)
r(214,1,2,50)
r(76,9,2,50)
w(49,12,2,50)
w(134,7,2,50)
r(224,7,2,50)
w(262,2,2,50)
w(220,7,2,50)
r(270,6,2,50)
r(186,14,2,50)
r(95,9,2,50)
w(288,5,2,50)
r(113,11,2,50)
w(279,7,2,50)
r(335,2,2,50)
w(220,12,3,51)
r(161,5,3,51)
w(232,7,3,51)
w(35,4,3,51)
r(289,2,3,51)
w(69,12,3,51)
w(27,5,3,51)
w(78,12,3,51)
r(97,2,3,51)
r(22,10,3,51)
w(33,12,3,51)
r(35,4,3,51)
w(236,7,3,51)
r(25,12,3,51)
w(232,6,3,51)
r(13,2,3,51)
w(83,12,3,51)
w(181,6,3,51)
r(238,1,3,51)
w(247,5,3,51)
w(227,8,4,52)
r(45,7,4,52)
w(155,12,4,52)
w(324,12,4,52)
w(289,7,4,52)
w(149,7,4,52)
w(166,6,4,52)
w(132,7,4,52)
w(115,7,4,52)
w(257,12,4,52)
w(203,6,4,52)
w(106,7,4,52)
r(63,12,4,52)
w(182,11,4,52)
w(193,9,4,52)
r(239,7,4,52)
r(64,1,4,52)
w(92,12,4,52)
r(221,2,4,52)
r(38,9,4,52)
w(189,14,5,53)
w(296,12,5,53)
r(196,12,5,53)
w(332,6,5,53)
w(230,9,5,53)
w(350,15,5,53)
r(15,16,5,53)
w(83,8,5,53)
r(99,8,5,53)
w(80,8,5,53)
w(84,10,5,53)
r(297,1,5,53)
w(208,14,5,53)
w(165,14,5,53)
w(142,6,5,53)
r(60,2,5,53)
r(186,11,5,53)
r(24,2,5,53)
w(121,12,5,53)
w(321,12,5,53)
w(124,12,6,54)
w(51,14,6,54)
r(153,6,6,54)
w(140,13,6,54)
r(285,7,6,54)
r(156,2,6,54)
w(38,9,6,54)
w(131,11,6,54)
w(217,14,6,54)
w(286,13,6,54)
w(316,12,6,54)
r(195,2,6,54)
r(266,5,6,54)
w(118,11,6,54)
r(20,11,6,54)
r(318,1,6,54)
r(291,6,6,54)
w(325,9,6,54)
r(89,5,6,54)
r(325,9,6,54)
r(360,7,1,55)
w(31,4,1,55)
w(339,2,1,55)
r(50,7,1,55)
r(132,11,1,55)
w(287,2,1,55)
w(148,4,1,55)
r(266,1,1,55)
r(271,13,1,55)
w(25,2,1,55)
r(16,1,1,55)
w(325,2,1,55)
w(131,2,1,55)
w(211,2,1,55)
w(268,4,1,55)
w(145,4,1,55)
r(320,5,1,55)
w(256,2,1,55)
r(177,10,1,55)
r(305,7,1,55)
r(324,2,2,56)
r(123,4,2,56)
w(202,4,2,56)
w(308,4,2,56)
w(241,7,2,56)
w(43,4,2,56)
w(49,14,2,56)
r(57,4,2,56)
w(335,4,2,56)
r(53,6,2,56)
w(112,4,2,56)
w(315,2,2,56)
r(271,17,2,56)
w(169,6,2,56)
r(342,11,2,56)
w(310,4,2,56)
r(146,6,2,56)
w(151,4,2,56)
r(285,7,2,56)
r(241,7,2,56)
r(317,1,3,57)
r(309,5,3,57)
w(215,8,3,57)
w(233,7,3,57)
w(72,4,3,57)
w(218,5,3,57)
w(2,4,3,57)
r(352,2,3,57)
w(265,4,3,57)
w(174,14,3,57)
r(41,4,3,57)
w(201,9,3,57)
w(225,4,3,57)
r(25,12,3,57)
w(202,7,3,57)
r(156,2,3,57)
w(157,5,3,57)
w(28,12,3,57)
w(86,6,3,57)
r(206,1,3,57)
r(26,4,4,58)
r(139,4,4,58)
w(199,6,4,58)
w(242,2,4,58)
w(124,6,4,58)
w(206,9,4,58)
r(108,1,4,58)
r(75,1,4,58)
r(308,4,4,58)
r(100,4,4,58)
r(86,6,4,58)
r(50,7,4,58)
r(324,12,4,58)
w(170,7,4,58)
r(10,9,4,58)
w(201,11,4,58)
w(178,7,4,58)
r(132,7,4,58)
w(137,14,4,58)
r(267,2,4,58)
r(68,5,5,59)
w(66,12,5,59)
r(138,14,5,59)
w(340,13,5,59)
r(208,14,5,59)
w(140,11,5,59)
w(35,14,5,59)
r(252,1,5,59)
r(33,12,5,59)
r(289,7,5,59)
w(255,12,5,59)
w(213,8,5,59)
w(346,11,5,59)
w(14,12,5,59)
r(19,10,5,59)
w(30,6,5,59)
w(133,8,5,59)
r(64,1,5,59)
w(196,14,5,59)
r(38,9,5,59)
w(82,12,6,60)
w(156,6,6,60)
r(234,2,6,60)
w(281,3,6,60)
w(338,8,6,60)
r(44,14,6,60)
w(67,16,6,60)
r(6,7,6,60)
w(283,20,6,60)
w(171,9,6,60)
r(224,7,6,60)
w(21,10,6,60)
w(184,5,6,60)
w(49,3,6,60)
r(284,7,6,60)
r(226,14,6,60)
w(214,8,6,60)
w(287,14,6,60)
r(341,7,6,60)
w(266,10,6,60)
r(274,11,1,61)
w(332,2,1,61)
r(161,5,1,61)
r(336,6,1,61)
r(164,9,1,61)
w(111,2,1,61)
r(102,5,1,61)
r(203,9,1,61)
w(208,2,1,61)
w(57,4,1,61)
r(170,6,1,61)
r(326,8,1,61)
r(204,5,1,61)
w(202,2,1,61)
w(310,2,1,61)
r(156,2,1,61)
r(189,6,1,61)
w(159,2,1,61)
w(246,2,1,61)
r(49,12,1,61)
w(176,4,2,62)
w(12,4,2,62)
w(341,6,2,62)
r(319,2,2,62)
w(80,5,2,62)
r(56,12,2,62)
r(347,1,2,62)
w(284,4,2,62)
w(173,7,2,62)
r(82,12,2,62)
r(331,7,2,62)
w(119,7,2,62)
w(176,5,2,62)
r(78,9,2,62)
r(59,14,2,62)
w(213,12,2,62)
w(312,4,2,62)
r(52,1,2,62)
w(91,4,2,62)
r(318,6,2,62)
r(17,5,3,63)
r(44,12,3,63)
r(155,9,3,63)
r(134,12,3,63)
w(187,7,3,63)
w(202,6,3,63)
r(40,1,3,63)
w(360,7,3,63)
w(274,11,3,63)
w(101,5,3,63)
r(325,1,3,63)
r(245,5,3,63)
r(204,14,3,63)
w(284,7,3,63)
r(244,7,3,63)
w(28,14,3,63)
w(68,5,3,63)
w(301,12,3,63)
r(303,1,3,63)
r(201,9,3,63)
w(136,5,4,64)
w(186,8,4,64)
w(288,11,4,64)
w(84,14,4,64)
r(201,11,4,64)
w(195,6,4,64)
w(77,7,4,64)
w(307,7,4,64)
w(24,4,4,64)
w(62,14,4,64)
r(91,4,4,64)
r(302,9,4,64)
w(250,7,4,64)
r(173,7,4,64)
r(329,9,4,64)
w(104,11,4,64)
w(323,11,4,64)
w(28,9,4,64)
w(330,6,4,64)
w(2,7,4,64)
w(247,9,5,65)
w(238,6,5,65)
r(153,12,5,65)
w(143,14,5,65)
w(123,7,5,65)
w(133,10,5,65)
w(211,15,5,65)
w(349,11,5,65)
w(143,9,5,65)
r(160,12,5,65)
w(356,11,5,65)
r(217,14,5,65)
w(42,11,5,65)
r(37,16,5,65)
w(277,5,5,65)
w(358,16,5,65)
w(140,8,5,65)
w(291,14,5,65)
r(262,7,5,65)
w(181,11,5,65)
w(93,9,6,66)
r(308,12,6,66)
r(64,1,6,66)
w(271,17,6,66)
r(278,12,6,66)
w(335,9,6,66)
r(58,6,6,66)
r(6,7,6,66)
w(179,8,6,66)
w(15,13,6,66)
r(239,7,6,66)
r(135,2,6,66)
w(10,9,6,66)
w(29,3,6,66)
r(77,8,6,66)
r(7,12,6,66)
r(304,15,6,66)
r(125,12,6,66)
r(260,11,6,66)
w(19,10,6,66)
r(35,4,1,67)
w(105,2,1,67)
w(1,2,1,67)
r(300,6,1,67)
r(238,1,1,67)
w(241,4,1,67)
w(330,2,1,67)
w(28,2,1,67)
w(49,2,1,67)
r(141,14,1,67)
w(92,5,2,68)
r(31,4,2,68)
r(13,2,2,68)
r(313,1,2,68)
w(298,2,2,68)
r(282,10,2,68)
r(304,15,2,68)
w(339,5,2,68)
w(103,2,2,68)
w(314,4,2,68)
r(144,4,2,68)
w(12,5,2,68)
r(31,4,2,68)
r(37,16,2,68)
w(62,4,2,68)
r(46,14,2,68)
w(271,12,2,68)
w(285,4,2,68)
r(318,6,2,68)
w(271,14,2,68)
w(143,6,3,69)
w(39,4,3,69)
r(332,5,3,69)
w(29,12,3,69)
r(153,6,3,69)
r(345,6,3,69)
w(226,14,3,69)
r(189,6,3,69)
r(121,1,3,69)
r(79,12,3,69)
r(113,11,3,69)
w(97,7,3,69)
w(288,14,3,69)
w(281,14,3,69)
r(42,10,3,69)
w(100,4,3,69)
w(333,12,3,69)
w(50,7,3,69)
w(353,5,3,69)
r(90,2,3,69)
r(194,12,4,70)
w(223,12,4,70)
r(101,5,4,70)
w(98,12,4,70)
r(55,9,4,70)
w(153,9,4,70)
w(162,6,4,70)
w(20,7,4,70)
r(8,14,4,70)
w(114,8,4,70)
r(355,1,4,70)
w(86,8,4,70)
r(260,11,4,70)
r(211,15,4,70)
r(148,7,4,70)
w(274,10,4,70)
w(225,6,4,70)
w(108,12,4,70)
r(328,12,4,70)
r(2,7,4,70)
r(164,9,5,71)
r(16,1,5,71)
r(133,10,5,71)
r(9,1,5,71)
r(34,5,5,71)
r(48,1,5,71)
w(182,10,5,71)
r(348,14,5,71)
w(3,9,5,71)
w(14,14,5,71)
w(290,6,5,71)
w(164,6,5,71)
w(329,15,5,71)
w(60,14,5,71)
w(1,8,5,71)
r(325,9,5,71)
w(231,9,5,71)
w(120,6,5,71)
w(131,6,5,71)
w(85,7,5,71)
r(277,14,6,72)
r(177,5,6,72)
w(183,15,6,72)
r(42,7,6,72)
w(154,15,6,72)
r(300,6,6,72)
w(357,5,6,72)
r(222,2,6,72)
w(18,14,6,72)
w(99,15,6,72)
r(190,9,6,72)
r(238,1,6,72)
r(131,11,6,72)
r(161,5,6,72)
w(24,6,6,72)
w(339,9,6,72)
r(152,9,6,72)
w(196,8,6,72)
r(356,1,6,72)
w(66,14,6,72)
w(139,5,1,73)
w(227,2,1,73)
r(107,5,1,73)
r(8,14,1,73)
r(230,9,1,73)
r(259,10,1,73)
w(220,4,1,73)
w(193,2,1,73)
r(22,15,1,73)
r(282,10,1,73)
w(340,4,1,73)
w(302,2,1,73)
r(136,5,1,73)
w(171,2,1,73)
r(133,10,1,73)
r(322,5,1,73)
r(170,7,1,73)
r(256,5,1,73)
r(21,10,1,73)
r(26,4,1,73)
r(355,1,2,74)
r(302,9,2,74)
r(329,9,2,74)
r(149,7,2,74)
w(256,5,2,74)
r(30,6,2,74)
r(293,9,2,74)
r(135,2,2,74)
w(99,2,2,74)
r(137,14,2,74)
w(350,7,2,74)
r(340,13,2,74)
w(317,5,2,74)
w(346,4,2,74)
w(109,7,2,74)
r(44,14,2,74)
r(141,14,2,74)
r(89,5,2,74)
r(223,6,2,74)
r(107,5,2,74)
r(266,1,3,75)
r(175,2,3,75)
w(229,5,3,75)
w(42,7,3,75)
r(360,7,3,75)
w(307,4,3,75)
r(1,10,3,75)
r(81,9,3,75)
r(155,9,3,75)
w(283,9,3,75)
w(26,4,3,75)
r(294,1,3,75)
w(141,14,3,75)
w(1,12,3,75)
r(37,16,3,75)
r(182,7,3,75)
r(36,1,3,75)
w(160,12,3,75)
w(223,6,3,75)
r(351,1,3,75)
r(196,14,4,76)
r(131,11,4,76)
r(121,12,4,76)
r(44,14,4,76)
r(141,14,4,76)
r(289,7,4,76)
w(150,7,4,76)
r(189,2,4,76)
r(149,7,4,76)
w(360,6,4,76)
r(137,14,4,76)
w(52,6,4,76)
w(99,14,4,76)
w(208,9,5,77)
w(110,14,5,77)
w(37,8,5,77)
w(26,12,5,77)
w(168,16,5,77)
w(299,12,5,77)
w(189,9,5,77)
w(131,12,5,77)
r(40,1,5,77)
w(16,5,5,77)
r(243,9,5,77)
w(27,11,5,77)
r(305,7,5,77)
r(228,11,5,77)
w(150,9,5,77)
w(260,9,5,77)
r(14,14,5,77)
r(157,6,5,77)
r(214,7,5,77)
r(58,6,5,77)
r(160,12,6,78)
r(210,12,6,78)
r(143,6,6,78)
w(12,18,6,78)
r(270,12,6,78)
w(14,11,6,78)
w(10,11,6,78)
r(189,14,6,78)
r(41,4,6,78)
w(241,11,6,78)
r(198,1,6,78)
w(64,14,6,78)
r(132,7,6,78)
w(267,9,6,78)
r(119,7,6,78)
w(201,8,6,78)
w(292,16,6,78)
w(114,16,6,78)
r(205,14,6,78)
r(312,4,6,78)
w(32,4,1,79)
w(263,2,1,79)
w(319,4,1,79)
w(210,2,1,79)
w(159,4,1,79)
r(107,5,1,79)
r(214,7,1,79)
r(144,4,1,79)
w(7,2,1,79)
r(281,3,1,79)
w(271,4,1,79)
r(266,10,1,79)
r(237,8,1,79)
r(233,7,1,79)
w(176,2,1,79)
w(67,4,1,79)
w(71,2,1,79)
w(274,5,1,79)
w(1,4,1,79)
r(200,14,1,79)
r(309,5,2,80)
r(3,1,2,80)
r(141,14,2,80)
w(43,5,2,80)
r(129,1,2,80)
r(100,4,2,80)
w(128,6,2,80)
w(292,7,2,80)
w(246,6,2,80)
w(56,5,2,80)
r(200,14,2,80)
r(349,11,2,80)
r(107,5,2,80)
w(108,4,2,80)
r(148,7,2,80)
w(69,5,2,80)
r(233,7,2,80)
w(189,2,2,80)
r(109,7,2,80)
w(119,6,2,80)
w(294,12,3,81)
r(6,14,3,81)
r(158,1,3,81)
w(177,5,3,81)
r(201,9,3,81)
w(202,12,3,81)
r(156,2,3,81)
r(320,5,3,81)
r(203,9,3,81)
r(277,14,3,81)
r(148,4,3,81)
w(148,7,3,81)
r(289,2,3,81)
w(213,9,3,81)
w(204,5,3,81)
w(157,7,3,81)
r(163,1,3,81)
r(349,1,3,81)
w(6,7,3,81)
w(236,6,3,81)
w(101,6,4,82)
w(174,8,4,82)
w(177,14,4,82)
w(2,12,4,82)
w(319,12,4,82)
r(323,11,4,82)
r(113,11,4,82)
r(11,5,4,82)
r(181,11,4,82)
r(155,12,4,82)
r(150,9,4,82)
r(236,6,4,82)
r(349,11,4,82)
r(227,2,4,82)
r(36,1,4,82)
w(200,7,4,82)
r(189,9,4,82)
r(301,12,4,82)
w(56,14,4,82)
r(236,6,4,82)
r(112,4,5,83)
r(261,5,5,83)
r(128,6,5,83)
w(122,9,5,83)
r(3,9,5,83)
w(126,9,5,83)
r(136,5,5,83)
w(90,11,5,83)
w(280,14,5,83)
w(259,11,5,83)
w(180,9,5,83)
w(42,8,5,83)
r(299,12,5,83)
w(298,4,5,83)
w(92,11,5,83)
w(25,16,5,83)
w(203,11,5,83)
w(212,7,5,83)
r(337,7,5,83)
w(142,12,5,83)
r(118,11,6,84)
r(163,1,6,84)
w(35,8,6,84)
w(114,13,6,84)
w(217,9,6,84)
w(317,13,6,84)
w(148,14,6,84)
w(5,10,6,84)
w(262,11,6,84)
r(294,12,6,84)
w(296,14,6,84)
r(111,2,6,84)
r(31,4,6,84)
w(205,9,6,84)
r(330,6,6,84)
w(174,18,6,84)
w(25,20,6,84)
w(260,8,6,84)
r(15,13,6,84)
r(280,7,6,84)
w(115,2,1,85)
w(138,2,1,85)
r(348,14,1,85)
w(1,5,1,85)
w(49,4,1,85)
w(153,2,1,85)
w(207,2,1,85)
r(112,4,1,85)
r(300,6,1,85)
w(188,2,1,85)
w(159,5,1,85)
r(8,14,1,85)
r(202,4,1,85)
w(291,2,1,85)
r(75,1,1,85)
w(294,2,1,85)
w(194,4,1,85)
w(206,2,1,85)
r(178,7,1,85)
w(204,2,1,85)
w(159,12,2,86)
w(47,4,2,86)
w(327,7,2,86)
w(9,5,2,86)
w(10,2,2,86)
r(269,6,2,86)
w(160,4,2,86)
r(192,2,2,86)
w(251,5,2,86)
w(121,4,2,86)
w(67,7,2,86)
r(205,9,2,86)
r(1,8,2,86)
w(269,7,2,86)
w(65,5,2,86)
w(196,2,2,86)
r(231,9,2,86)
r(109,7,2,86)
r(137,14,2,86)
r(24,4,2,86)
w(318,6,3,87)
w(176,6,3,87)
r(59,14,3,87)
r(313,1,3,87)
w(88,12,3,87)
r(269,6,3,87)
w(153,12,3,87)
r(212,5,3,87)
r(358,15,3,87)
r(192,2,3,87)
w(121,5,3,87)
r(157,7,3,87)
r(27,5,3,87)
r(250,5,3,87)
w(270,12,3,87)
w(291,7,3,87)
r(324,2,3,87)
w(195,7,3,87)
w(191,7,3,87)
r(53,6,3,87)
w(221,11,4,88)
r(130,1,4,88)
w(258,9,4,88)
w(111,14,4,88)
r(263,2,4,88)
w(150,6,4,88)
w(14,7,4,88)
w(155,14,4,88)
w(329,11,4,88)
r(244,7,4,88)
w(107,7,4,88)
r(253,7,4,88)
w(16,4,4,88)
r(220,4,4,88)
r(26,12,4,88)
w(300,14,4,88)
w(65,14,4,88)
w(228,7,4,88)
w(283,10,4,88)
w(160,8,4,88)
r(254,2,5,89)
w(27,8,5,89)
r(199,6,5,89)
w(143,11,5,89)
w(103,9,5,89)
w(65,10,5,89)
w(229,12,5,89)
w(298,5,5,89)
r(198,1,5,89)
r(253,7,5,89)
w(306,8,5,89)
w(67,9,5,89)
w(270,8,5,89)
w(266,11,5,89)
w(125,14,5,89)
r(110,14,5,89)
r(245,5,5,89)
w(29,15,5,89)
r(252,1,5,89)
r(251,5,5,89)
w(43,15,6,90)
w(196,10,6,90)
r(232,6,6,90)
r(302,2,6,90)
w(106,12,6,90)
w(228,11,6,90)
w(35,10,6,90)
w(5,15,6,90)
w(188,9,6,90)
r(293,9,6,90)
w(314,14,6,90)
w(51,9,6,90)
r(267,9,6,90)
w(80,15,6,90)
w(312,11,6,90)
w(106,14,6,90)
r(226,14,6,90)
r(181,11,6,90)
r(150,4,6,90)
r(290,6,6,90)
r(178,7,1,91)
r(161,5,1,91)
r(28,9,1,91)
w(302,4,1,91)
w(140,2,1,91)
r(257,12,1,91)
w(161,4,1,91)
w(127,7,1,91)
r(38,9,1,91)
w(121,2,1,91)
r(169,6,1,91)
w(322,2,1,91)
w(174,2,1,91)
w(180,2,1,91)
r(46,14,1,91)
w(91,2,1,91)
r(288,11,1,91)
w(222,5,1,91)
r(17,5,1,91)
r(159,5,1,91)
w(68,2,2,92)
w(276,4,2,92)
r(285,4,2,92)
w(88,7,2,92)
r(339,5,2,92)
w(305,5,2,92)
r(355,5,2,92)
w(191,5,2,92)
r(18,14,2,92)
w(212,2,2,92)
w(329,7,2,92)
r(38,9,2,92)
w(283,6,2,92)
r(228,7,2,92)
r(306,8,2,92)
w(215,12,2,92)
r(264,1,2,92)
r(144,4,2,92)
r(238,6,2,92)
w(243,7,2,92)
r(25,2,3,93)
w(262,7,3,93)
r(115,11,3,93)
r(5,1,3,93)
r(273,4,3,93)
r(79,12,3,93)
r(298,1,3,93)
r(117,2,3,93)
r(91,12,3,93)
r(126,12,3,93)
r(146,6,3,93)
w(23,7,3,93)
w(358,6,3,93)
r(141,14,3,93)
r(330,11,3,93)
r(201,9,3,93)
w(337,4,3,93)
r(296,12,3,93)
r(148,7,3,93)
r(274,11,3,93)
w(265,7,4,94)
w(266,9,4,94)
r(260,9,4,94)
w(55,7,4,94)
w(58,12,4,94)
w(43,11,4,94)
r(10,2,4,94)
w(303,6,4,94)
r(350,7,4,94)
r(99,2,4,94)
w(355,5,4,94)
r(260,9,4,94)
r(10,2,4,94)
w(221,8,4,94)
r(39,4,4,94)
w(249,7,4,94)
r(161,4,4,94)
w(193,11,4,94)
r(88,12,4,94)
r(342,10,4,94)
w(334,5,5,95)
w(244,11,5,95)
w(25,13,5,95)
r(287,9,5,95)
w(238,12,5,95)
r(47,4,5,95)
w(171,14,5,95)
r(358,16,5,95)
w(157,8,5,95)
w(118,12,5,95)
r(129,1,5,95)
r(52,1,5,95)
r(109,7,5,95)
w(93,12,5,95)
w(340,17,5,95)
w(27,10,5,95)
w(105,11,5,95)
w(93,14,5,95)
w(343,12,5,95)
r(205,9,5,95)
w(291,10,6,96)
r(224,7,6,96)
w(342,8,6,96)
w(36,9,6,96)
w(326,13,6,96)
r(55,9,6,96)
w(138,9,6,96)
r(320,7,6,96)
w(322,11,6,96)
w(153,15,6,96)
w(76,15,6,96)
w(62,8,6,96)
r(257,12,6,96)
w(287,9,6,96)
w(83,10,6,96)
r(345,9,6,96)
w(337,7,6,96)
r(111,2,6,96)
w(74,11,6,96)
r(192,2,6,96)
r(24,4,1,97)
r(46,14,1,97)
w(130,2,1,97)
r(343,1,1,97)
w(325,4,1,97)
w(150,2,1,97)
w(220,5,1,97)
w(159,7,1,97)
r(327,7,1,97)
w(210,4,1,97)
r(195,6,1,97)
r(225,6,1,97)
w(15,2,1,97)
w(223,4,1,97)
r(213,8,1,97)
w(214,2,1,97)
r(217,9,1,97)
r(140,2,1,97)
r(162,6,1,97)
r(57,4,1,97)
w(244,4,2,98)
r(106,14,2,98)
w(78,7,2,98)
w(29,7,2,98)
r(60,14,2,98)
w(234,4,2,98)
r(242,2,2,98)
w(114,6,2,98)
r(228,7,2,98)
r(83,14,2,98)
w(31,12,2,98)
r(69,5,2,98)
w(281,6,2,98)
r(326,13,2,98)
w(356,6,2,98)
w(331,4,2,98)
r(178,7,2,98)
r(312,11,2,98)
r(134,7,2,98)
w(279,6,2,98)
r(52,1,3,99)
r(73,1,3,99)
w(117,6,3,99)
w(172,14,3,99)
r(90,2,3,99)
w(187,6,3,99)
w(265,5,3,99)
r(166,6,3,99)
w(25,14,3,99)
r(265,5,3,99)
r(112,4,3,99)
w(80,6,3,99)
r(121,12,3,99)
w(34,5,3,99)
w(184,2,3,99)
r(231,2,3,99)
w(157,6,3,99)
w(283,11,3,99)
w(292,14,3,99)
w(13,4,3,99)
w(262,12,4,100)
r(311,4,4,100)
w(240,6,4,100)
r(91,2,4,100)
w(103,12,4,100)
r(277,5,4,100)
r(187,6,4,100)
w(99,9,4,100)
w(330,12,4,100)
r(297,1,4,100)
w(91,6,4,100)
r(257,12,4,100)
r(197,5,4,100)
w(174,10,4,100)
r(123,7,4,100)
r(351,1,4,100)
r(151,7,4,100)
r(280,14,4,100)
r(299,12,4,100)
w(112,12,4,100)
r(316,12,5,101)
w(360,14,5,101)
w(129,6,5,101)
r(318,6,5,101)
r(125,14,5,101)
w(58,9,5,101)
w(240,11,5,101)
w(17,7,5,101)
r(89,5,5,101)
r(91,6,5,101)
r(201,8,5,101)
r(49,4,5,101)
w(168,13,5,101)
w(274,15,5,101)
w(309,7,5,101)
r(36,9,5,101)
r(29,7,5,101)
r(82,12,5,101)
w(104,16,5,101)
r(101,6,6,102)
w(290,14,6,102)
w(288,13,6,102)
w(131,8,6,102)
w(292,13,6,102)
w(175,15,6,102)
w(338,10,6,102)
r(309,5,6,102)
r(338,10,6,102)
w(175,16,6,102)
w(338,15,6,102)
r(80,15,6,102)
r(35,10,6,102)
r(80,15,6,102)
r(230,9,6,102)
w(342,10,6,102)
w(313,7,6,102)
w(138,11,6,102)
w(166,11,6,102)
w(77,10,6,102)
r(306,8,1,103)
w(97,4,1,103)
w(114,4,1,103)
r(25,13,1,103)
r(136,5,1,103)
w(75,2,1,103)
r(50,7,1,103)
r(33,12,1,103)
r(306,8,1,103)
w(341,2,1,103)
r(144,4,1,103)
w(331,2,1,103)
r(4,1,1,103)
w(211,4,1,103)
w(175,4,1,103)
r(198,1,1,103)
r(218,8,1,103)
r(120,6,1,103)
r(28,9,1,103)
w(345,4,1,103)
r(68,7,2,104)
r(302,4,2,104)
r(27,13,2,104)
r(70,1,2,104)
r(317,13,2,104)
r(329,7,2,104)
r(240,12,2,104)
r(212,2,2,104)
w(342,5,2,104)
r(229,12,2,104)
w(250,4,2,104)
w(251,6,2,104)
w(330,4,2,104)
r(89,5,2,104)
w(264,7,2,104)
r(44,14,2,104)
r(270,8,2,104)
w(182,6,2,104)
w(22,7,2,104)
r(334,5,2,104)
w(290,5,3,105)
r(203,6,3,105)
r(142,6,3,105)
w(12,6,3,105)
w(10,4,3,105)
r(184,2,3,105)
r(297,1,3,105)
r(273,4,3,105)
w(188,7,3,105)
r(172,14,3,105)
w(214,7,3,105)
r(141,14,3,105)
r(214,7,3,105)
w(320,7,3,105)
r(166,6,3,105)
w(172,9,3,105)
w(170,4,3,105)
r(170,4,3,105)
r(346,4,3,105)
r(180,8,3,105)
w(99,11,4,106)
r(21,5,4,106)
r(358,16,4,106)
r(148,14,4,106)
r(143,11,4,106)
r(71,2,4,106)
w(68,7,4,106)
r(136,5,4,106)
r(330,12,4,106)
w(304,10,4,106)
w(305,14,4,106)
w(331,12,4,106)
w(326,9,4,106)
r(47,4,4,106)
r(301,12,4,106)
r(13,4,4,106)
w(240,12,4,106)
r(354,8,4,106)
w(29,9,4,106)
r(302,4,4,106)
r(219,1,5,107)
w(339,12,5,107)
w(324,9,5,107)
w(154,8,5,107)
w(69,11,5,107)
r(62,8,5,107)
w(129,12,5,107)
r(166,11,5,107)
w(3,11,5,107)
r(44,14,5,107)
r(230,9,5,107)
w(174,17,5,107)
r(84,5,5,107)
r(66,2,5,107)
w(287,12,5,107)
r(251,5,5,107)
w(188,6,5,107)
w(51,6,5,107)
w(181,8,5,107)
w(142,14,5,107)
r(349,11,6,108)
r(126,9,6,108)
w(5,16,6,108)
r(91,6,6,108)
r(305,5,6,108)
w(177,15,6,108)
w(320,9,6,108)
w(223,15,6,108)
r(46,14,6,108)
w(350,17,6,108)
w(320,11,6,108)
w(227,15,6,108)
r(243,7,6,108)
w(156,12,6,108)
r(193,11,6,108)
w(326,17,6,108)
w(248,8,6,108)
r(127,7,6,108)
r(287,9,6,108)
w(85,14,6,108)
w(340,5,1,109)
r(230,9,1,109)
r(324,12,1,109)
r(156,12,1,109)
r(133,9,1,109)
w(306,2,1,109)
w(87,4,1,109)
r(207,2,1,109)
r(94,10,1,109)
w(133,4,1,109)
w(208,4,1,109)
w(300,2,1,109)
r(309,4,1,109)
r(120,6,1,109)
r(330,12,1,109)
r(2,12,1,109)
r(208,4,1,109)
r(252,1,1,109)
r(49,4,1,109)
w(319,5,1,109)
r(139,5,2,110)
r(224,7,2,110)
w(69,7,2,110)
r(122,9,2,110)
w(317,7,2,110)
w(192,4,2,110)
w(15,6,2,110)
r(167,10,2,110)
r(265,7,2,110)
w(326,7,2,110)
r(77,10,2,110)
w(148,5,2,110)
r(36,11,2,110)
w(193,5,2,110)
w(326,6,2,110)
w(104,6,2,110)
w(335,5,2,110)
w(23,4,2,110)
w(238,4,2,110)
w(94,5,2,110)
w(19,12,3,111)
w(280,6,3,111)
w(6,6,3,111)
r(2,7,3,111)
w(271,11,3,111)
w(322,6,3,111)
w(86,12,3,111)
w(2,5,3,111)
w(35,5,3,111)
r(57,4,3,111)
w(151,7,3,111)
w(189,4,3,111)
w(66,2,3,111)
r(205,9,3,111)
w(100,5,3,111)
w(292,9,3,111)
r(277,5,3,111)
r(91,4,3,111)
r(226,14,3,111)
r(20,7,3,111)
w(35,6,4,112)
r(168,16,4,112)
w(143,12,4,112)
w(340,15,4,112)
w(21,6,4,112)
r(313,7,4,112)
w(41,5,4,112)
r(333,12,4,112)
w(40,6,4,112)
r(350,17,4,112)
w(288,8,4,112)
w(73,6,4,112)
w(55,6,4,112)
w(61,6,4,112)
r(55,6,4,112)
w(268,7,4,112)
r(180,2,4,112)
w(343,6,4,112)
w(259,12,4,112)
r(214,2,4,112)
w(30,12,5,113)
r(187,6,5,113)
w(331,11,5,113)
w(248,14,5,113)
r(335,4,5,113)
r(227,14,5,113)
r(2,12,5,113)
r(280,14,5,113)
w(82,7,5,113)
r(355,5,5,113)
w(360,9,5,113)
w(5,11,5,113)
w(35,9,5,113)
w(230,11,5,113)
r(75,2,5,113)
r(158,1,5,113)
w(34,12,5,113)
r(52,1,5,113)
r(172,9,5,113)
r(326,9,5,113)
w(105,10,6,114)
r(258,9,6,114)
r(12,6,6,114)
w(233,9,6,114)
w(53,11,6,114)
r(258,9,6,114)
r(39,4,6,114)
r(257,12,6,114)
w(267,11,6,114)
w(342,15,6,114)
r(232,6,6,114)
r(348,14,6,114)
w(314,9,6,114)
w(258,15,6,114)
r(177,15,6,114)
w(204,9,6,114)
r(238,12,6,114)
r(192,2,6,114)
r(313,7,6,114)
r(182,10,6,114)
w(309,2,1,115)
w(51,2,1,115)
w(272,4,1,115)
w(153,4,1,115)
w(104,4,1,115)
r(236,16,1,115)
r(307,16,1,115)
w(110,4,1,115)
r(45,7,1,115)
w(224,4,1,115)
r(262,12,1,115)
w(49,5,1,115)
r(60,7,1,115)
r(136,5,1,115)
w(166,2,1,115)
r(113,11,1,115)
w(304,4,1,115)
w(190,4,1,115)
r(256,5,1,115)
w(243,2,1,115)
r(17,5,2,116)
r(305,14,2,116)
r(99,11,2,116)
w(162,2,2,116)
w(294,6,2,116)
w(259,4,2,116)
r(79,12,2,116)
r(162,2,2,116)
w(11,4,2,116)
w(112,5,2,116)
r(144,4,2,116)
w(40,4,2,116)
w(80,7,2,116)
r(126,9,2,116)
w(336,4,2,116)
w(286,7,2,116)
w(249,2,2,116)
w(144,5,2,116)
w(17,4,2,116)
r(114,6,2,116)
w(179,7,3,117)
r(82,12,3,117)
w(317,9,3,117)
w(157,12,3,117)
r(154,15,3,117)
w(119,14,3,117)
r(151,7,3,117)
w(151,6,3,117)
w(59,7,3,117)
r(303,1,3,117)
w(162,5,3,117)
w(257,5,3,117)
w(134,14,3,117)
r(158,1,3,117)
w(256,6,3,117)
r(84,5,4,118)
r(147,12,4,118)
r(201,8,4,118)
w(215,16,4,118)
r(281,6,4,118)
w(288,10,4,118)
w(175,11,4,118)
w(32,9,4,118)
r(109,7,4,118)
w(127,14,4,118)
r(44,14,4,118)
w(259,14,4,118)
r(331,11,4,118)
w(59,9,4,118)
w(279,11,4,118)
w(200,6,4,118)
w(105,12,4,118)
r(218,8,4,118)
w(292,8,4,118)
w(62,9,4,118)
r(65,10,5,119)
r(162,6,5,119)
r(46,14,5,119)
w(253,6,5,119)
w(264,11,5,119)
r(55,6,5,119)
w(338,14,5,119)
r(42,8,5,119)
w(30,14,5,119)
w(292,15,5,119)
w(182,15,5,119)
r(247,9,5,119)
w(307,10,5,119)
r(210,4,5,119)
w(96,9,5,119)
r(145,4,5,119)
w(333,15,5,119)
w(226,8,5,119)
r(68,7,5,119)
r(143,12,5,119)
w(131,10,6,120)
r(189,9,6,120)
w(27,13,6,120)
w(360,15,6,120)
w(112,9,6,120)
w(29,18,6,120)
r(245,5,6,120)
w(330,8,6,120)
w(36,11,6,120)
r(124,6,6,120)
r(191,5,6,120)
r(346,4,6,120)
r(357,5,6,120)
r(151,7,6,120)
w(164,11,6,120)
w(96,8,6,120)
w(39,14,6,120)
r(249,7,6,120)
w(11,12,6,120)
w(55,8,6,120)
w(304,5,1,121)
w(333,2,1,121)
w(326,2,1,121)
w(221,4,1,121)
r(84,5,1,121)
r(19,14,1,121)
r(273,12,1,121)
r(284,4,1,121)
w(164,4,1,121)
w(267,4,1,121)
w(241,5,1,121)
w(299,2,1,121)
r(325,4,1,121)
r(12,6,1,121)
r(225,5,1,121)
r(45,7,1,121)
r(85,14,1,121)
r(99,16,1,121)
r(280,14,1,121)
w(114,5,1,121)
w(180,6,2,122)
r(176,2,2,122)
w(38,2,2,122)
w(7,4,2,122)
r(304,10,2,122)
r(151,7,2,122)
r(292,8,2,122)
r(4,1,2,122)
w(244,5,2,122)
r(29,18,2,122)
w(299,4,2,122)
r(84,5,2,122)
r(22,7,2,122)
r(249,2,2,122)
r(260,14,2,122)
w(202,5,2,122)
r(269,8,2,122)
r(148,5,2,122)
w(208,5,2,122)
r(25,13,2,122)
r(104,11,3,123)
w(84,5,3,123)
r(146,6,3,123)
r(29,15,3,123)
w(154,6,3,123)
w(21,5,3,123)
w(239,4,3,123)
w(53,5,3,123)
r(55,7,3,123)
w(309,4,3,123)
w(133,14,3,123)
w(133,9,3,123)
w(237,6,3,123)
r(69,5,3,123)
w(72,5,3,123)
w(225,5,3,123)
r(188,2,3,123)
w(135,4,3,123)
w(160,14,3,123)
w(83,14,3,123)
r(198,12,4,124)
w(25,8,4,124)
r(50,11,4,124)
w(357,4,4,124)
w(140,7,4,124)
r(229,12,4,124)
r(262,12,4,124)
w(244,14,4,124)
w(302,12,4,124)
r(15,6,4,124)
r(18,14,4,124)
r(351,1,4,124)
r(62,9,4,124)
r(277,5,4,124)
w(354,6,4,124)
w(290,7,4,124)
r(83,14,4,124)
w(223,14,4,124)
w(11,7,4,124)
r(232,6,4,124)
r(342,5,5,125)
r(104,6,5,125)
w(218,11,5,125)
r(323,11,5,125)
r(90,11,5,125)
r(278,5,5,125)
w(52,12,5,125)
r(272,2,5,125)
w(37,10,5,125)
r(142,14,5,125)
w(130,14,5,125)
w(144,14,5,125)
r(226,8,5,125)
r(279,11,5,125)
w(178,14,5,125)
r(165,14,5,125)
r(6,6,5,125)
w(194,14,5,125)
r(50,11,5,125)
r(260,14,5,125)
w(269,8,6,126)
w(206,8,6,126)
w(236,16,6,126)
r(165,14,6,126)
w(71,10,6,126)
w(78,10,6,126)
w(202,15,6,126)
r(257,12,6,126)
r(196,10,6,126)
w(198,12,6,126)
w(301,16,6,126)
r(243,7,6,126)
w(302,8,6,126)
w(274,16,6,126)
r(314,9,6,126)
w(50,11,6,126)
r(196,10,6,126)
w(59,16,6,126)
w(39,9,6,126)
w(264,15,6,126)
w(8,2,1,127)
w(199,2,1,127)
w(173,2,1,127)
r(42,15,1,127)
w(254,4,1,127)
w(128,4,1,127)
r(126,6,1,127)
w(300,4,1,127)
w(235,2,1,127)
r(70,1,1,127)
w(32,5,1,127)
r(3,11,1,127)
w(328,2,1,127)
r(360,11,1,127)
w(354,2,1,127)
r(77,10,1,127)
w(18,2,1,127)
w(98,2,1,127)
w(49,7,1,127)
r(193,10,1,127)
r(110,14,2,128)
w(267,5,2,128)
w(266,7,2,128)
w(356,12,2,128)
r(9,5,2,128)
r(15,6,2,128)
w(241,6,2,128)
w(260,6,2,128)
r(169,6,2,128)
w(222,12,2,128)
w(349,6,2,128)
w(186,5,2,128)
w(215,14,2,128)
w(343,7,2,128)
w(89,6,2,128)
r(6,6,2,128)
w(186,7,2,128)
r(55,6,2,128)
r(339,12,2,128)
w(271,9,2,128)
w(283,8,3,129)
w(340,9,3,129)
w(1,14,3,129)
r(180,2,3,129)
w(73,2,3,129)
r(213,8,3,129)
r(346,4,3,129)
w(60,7,3,129)
r(72,5,3,129)
w(58,5,3,129)
r(160,14,3,129)
r(261,5,3,129)
w(306,6,3,129)
r(72,5,3,129)
r(158,1,3,129)
w(318,12,3,129)
w(278,5,3,129)
w(227,14,3,129)
r(36,9,3,129)
w(104,9,3,129)
r(210,4,4,130)
r(97,4,4,130)
r(93,14,4,130)
r(51,2,4,130)
r(300,2,4,130)
r(195,6,4,130)
r(248,14,4,130)
w(289,6,4,130)
w(51,5,4,130)
r(308,4,4,130)
r(33,12,4,130)
w(261,14,4,130)
r(4,1,4,130)
w(285,6,4,130)
r(176,2,4,130)
w(218,14,4,130)
r(212,2,4,130)
r(263,2,4,130)
r(103,12,4,130)
w(291,12,4,130)
r(340,15,5,131)
r(308,4,5,131)
w(193,10,5,131)
r(162,8,5,131)
r(105,12,5,131)
r(32,9,5,131)
w(329,16,5,131)
w(360,11,5,131)
r(359,4,5,131)
w(320,6,5,131)
r(213,8,5,131)
w(140,10,5,131)
r(92,11,5,131)
w(265,6,5,131)
w(169,9,5,131)
w(173,8,5,131)
w(191,14,5,131)
r(165,14,5,131)
r(216,6,5,131)
w(279,8,5,131)
r(298,5,6,132)
r(205,9,6,132)
w(182,13,6,132)
r(80,15,6,132)
r(184,2,6,132)
w(280,8,6,132)
r(355,5,6,132)
r(57,4,6,132)
w(293,8,6,132)
w(260,2,1,133)
w(18,4,1,133)
w(255,2,1,133)
r(19,14,1,133)
w(237,2,1,133)
w(86,2,1,133)
w(187,4,1,133)
w(326,4,1,133)
r(211,4,1,133)
r(233,9,1,133)
w(260,4,1,133)
w(52,2,1,133)
w(172,2,1,133)
r(21,7,1,133)
r(267,4,1,133)
w(185,2,1,133)
r(35,6,1,133)
r(46,14,1,133)
r(118,2,1,133)
r(287,12,1,133)
r(315,2,2,134)
r(222,12,2,134)
w(206,7,2,134)
r(242,2,2,134)
w(187,5,2,134)
r(57,4,2,134)
w(259,5,2,134)
r(150,2,2,134)
w(49,9,2,134)
w(224,6,2,134)
w(216,5,2,134)
w(257,4,2,134)
w(62,5,2,134)
r(276,4,2,134)
r(289,6,2,134)
w(150,5,2,134)
w(118,2,2,134)
r(43,11,2,134)
w(59,5,2,134)
w(306,4,2,134)
r(240,12,3,135)
w(56,6,3,135)
w(270,14,3,135)
w(260,14,3,135)
r(331,11,3,135)
r(27,13,3,135)
r(323,11,3,135)
r(243,7,3,135)
r(50,11,3,135)
w(117,12,3,135)
w(189,5,3,135)
r(70,1,3,135)
w(122,4,3,135)
w(230,6,3,135)
r(282,10,3,135)
w(273,12,3,135)
w(303,4,3,135)
r(245,5,3,135)
w(126,6,3,135)
w(333,14,3,135)
r(227,14,4,136)
r(136,12,4,136)
r(169,9,4,136)
w(73,12,4,136)
r(89,6,4,136)
w(296,6,4,136)
r(174,17,4,136)
r(297,1,4,136)
w(154,11,4,136)
w(94,14,4,136)
w(9,7,4,136)
w(78,14,4,136)
w(191,12,4,136)
w(312,6,4,136)
w(152,12,4,136)
w(275,12,4,136)
r(235,1,4,136)
w(278,6,4,136)
w(98,14,4,136)
w(26,7,4,136)
r(87,4,5,137)
r(336,4,5,137)
r(301,16,5,137)
r(88,7,5,137)
w(313,4,5,137)
r(128,13,5,137)
w(170,12,5,137)
w(164,12,5,137)
r(40,4,5,137)
w(210,14,5,137)
r(55,6,5,137)
w(258,8,5,137)
w(84,15,5,137)
r(302,12,5,137)
r(259,5,5,137)
w(101,12,5,137)
w(169,11,5,137)
r(66,2,5,137)
w(191,9,5,137)
r(171,14,5,137)
w(341,16,6,138)
w(99,16,6,138)
w(156,14,6,138)
r(304,10,6,138)
w(346,8,6,138)
w(307,16,6,138)
w(145,11,6,138)
r(102,5,6,138)
w(162,8,6,138)
r(165,14,6,138)
r(33,12,6,138)
w(20,8,6,138)
w(298,12,6,138)
w(128,13,6,138)
w(295,11,6,138)
r(183,15,6,138)
w(163,9,6,138)
w(178,11,6,138)
r(333,14,6,138)
r(11,4,6,138)
w(215,4,1,139)
w(294,4,1,139)
w(193,4,1,139)
w(360,4,1,139)
r(359,4,1,139)
w(295,2,1,139)
w(60,4,1,139)
r(279,14,1,139)
w(155,2,1,139)
w(328,4,1,139)
r(255,9,1,139)
w(22,4,1,139)
w(291,4,1,139)
r(79,12,1,139)
r(288,10,1,139)
w(76,4,1,139)
w(169,4,1,139)
r(142,14,1,139)
r(314,5,1,139)
w(141,4,1,139)
w(201,6,2,140)
r(301,16,2,140)
w(163,4,2,140)
r(308,4,2,140)
w(192,5,2,140)
r(135,4,2,140)
w(172,5,2,140)
w(171,4,2,140)
w(316,5,2,140)
w(292,6,2,140)
r(102,5,2,140)
r(203,11,2,140)
r(141,14,2,140)
r(318,12,2,140)
w(249,4,2,140)
w(245,7,2,140)
r(347,1,2,140)
r(336,4,2,140)
w(134,6,2,140)
r(243,14,2,140)
r(139,5,3,141)
w(8,6,3,141)
r(56,6,3,141)
w(241,14,3,141)
w(124,5,3,141)
r(130,14,3,141)
r(190,9,3,141)
r(101,6,3,141)
w(119,9,3,141)
w(221,12,3,141)
r(1,14,3,141)
w(205,7,3,141)
r(224,7,3,141)
w(101,7,3,141)
r(347,1,3,141)
w(170,5,3,141)
r(190,9,3,141)
r(129,12,3,141)
r(304,10,3,141)
w(19,14,3,141)
r(243,2,4,142)
r(51,5,4,142)
r(26,7,4,142)
w(344,5,4,142)
w(181,14,4,142)
w(182,8,4,142)
r(263,2,4,142)
r(46,14,4,142)
r(34,12,4,142)
w(79,9,4,142)
r(118,2,4,142)
w(130,6,4,142)
w(167,12,4,142)
w(25,10,4,142)
r(349,6,4,142)
r(36,11,5,143)
w(145,14,5,143)
r(17,4,5,143)
w(86,15,5,143)
r(1,9,5,143)
r(273,12,5,143)
r(224,6,5,143)
r(246,6,5,143)
w(326,10,5,143)
w(105,8,5,143)
w(264,8,5,143)
w(23,11,5,143)
w(152,14,5,143)
r(97,4,5,143)
r(45,7,5,143)
w(151,9,5,143)
r(149,7,5,143)
r(92,11,5,143)
r(222,12,5,143)
r(34,12,5,143)
r(106,14,6,144)
w(207,12,6,144)
r(110,4,6,144)
w(5,13,6,144)
w(76,16,6,144)
r(280,14,6,144)
w(42,15,6,144)
r(56,6,6,144)
w(221,10,6,144)
r(335,5,6,144)
w(63,8,6,144)
r(356,12,6,144)
w(61,11,6,144)
w(234,14,6,144)
r(34,12,6,144)
w(154,16,6,144)
w(1,15,6,144)
r(266,7,6,144)
w(136,12,6,144)
r(96,9,6,144)
w(203,2,1,145)
w(19,2,1,145)
r(112,14,1,145)
r(250,15,1,145)
r(49,7,1,145)
r(24,4,1,145)
r(240,14,1,145)
w(165,2,1,145)
w(25,4,1,145)
r(342,5,1,145)
r(149,4,1,145)
w(47,2,1,145)
w(5,2,1,145)
w(301,2,1,145)
w(343,2,1,145)
r(41,5,1,145)
r(265,12,1,145)
w(264,2,1,145)
w(201,2,1,145)
w(244,2,1,145)
r(357,4,2,146)
r(222,12,2,146)
w(245,6,2,146)
r(170,12,2,146)
r(321,12,2,146)
w(260,12,2,146)
w(304,12,2,146)
w(324,7,2,146)
r(249,4,2,146)
r(129,12,2,146)
r(154,11,2,146)
r(118,4,2,146)
r(120,6,2,146)
r(346,8,2,146)
r(208,5,2,146)
r(243,14,2,146)
w(212,4,2,146)
r(129,12,2,146)
r(95,9,2,146)
w(303,2,2,146)
r(272,4,3,147)
r(68,7,3,147)
r(211,4,3,147)
w(174,9,3,147)
r(79,12,3,147)
r(141,14,3,147)
r(70,1,3,147)
r(1,15,3,147)
w(354,7,3,147)
w(286,9,3,147)
r(60,7,3,147)
r(140,10,3,147)
r(23,4,3,147)
r(94,14,3,147)
w(138,7,3,147)
r(39,9,3,147)
r(243,2,3,147)
r(274,16,3,147)
w(158,6,3,147)
w(1,9,3,147)
r(340,15,4,148)
w(179,14,4,148)
r(355,5,4,148)
r(205,7,4,148)
w(250,6,4,148)
r(72,5,4,148)
w(250,12,4,148)
w(90,14,4,148)
w(96,7,4,148)
r(134,7,4,148)
r(162,8,4,148)
w(252,5,4,148)
w(245,14,4,148)
w(269,12,4,148)
r(41,5,4,148)
r(265,6,4,148)
w(57,14,4,148)
w(36,6,4,148)
w(114,10,4,148)
w(273,11,4,148)
r(352,7,5,149)
r(214,2,5,149)
r(265,6,5,149)
w(75,14,5,149)
w(315,7,5,149)
w(53,12,5,149)
w(264,10,5,149)
r(245,14,5,149)
r(62,5,5,149)
r(27,13,5,149)
w(58,11,5,149)
w(335,12,5,149)
r(290,7,5,149)
w(163,6,5,149)
r(94,14,5,149)
r(290,7,5,149)
w(182,16,5,149)
r(122,4,5,149)
w(90,8,5,149)
r(305,14,5,149)
r(114,6,6,150)
r(351,1,6,150)
r(100,5,6,150)
r(327,7,6,150)
r(204,9,6,150)
w(250,10,6,150)
r(166,2,6,150)
w(74,2,1,151)
r(187,12,1,151)
w(354,4,1,151)
w(28,4,1,151)
w(146,2,1,151)
w(283,4,1,151)
w(64,2,1,151)
w(69,2,1,151)
w(132,2,1,151)
w(283,5,1,151)
w(269,2,1,151)
r(248,14,1,151)
w(231,4,1,151)
w(324,4,1,151)
w(65,2,1,151)
w(92,2,1,151)
w(219,4,1,151)
r(221,14,1,151)
r(235,6,1,151)
r(306,12,1,151)
w(90,12,2,152)
r(85,14,2,152)
r(234,14,2,152)
w(128,12,2,152)
w(71,7,2,152)
r(96,7,2,152)
r(303,2,2,152)
r(81,9,2,152)
w(341,12,2,152)
w(168,5,2,152)
r(121,2,2,152)
w(286,12,2,152)
w(99,4,2,152)
w(346,7,2,152)
w(222,14,2,152)
w(32,7,2,152)
w(89,12,2,152)
w(45,6,2,152)
r(353,7,2,152)
w(270,7,2,152)
r(128,4,3,153)
w(330,5,3,153)
r(268,7,3,153)
w(21,7,3,153)
w(37,7,3,153)
w(243,12,3,153)
r(356,12,3,153)
w(80,12,3,153)
r(281,6,3,153)
w(196,5,3,153)
w(333,9,3,153)
r(285,6,3,153)
r(214,2,3,153)
r(34,12,3,153)
r(147,12,3,153)
r(359,4,3,153)
r(248,14,3,153)
w(74,5,3,153)
w(244,6,3,153)
w(71,9,3,153)
r(45,7,4,154)
r(16,4,4,154)
w(214,14,4,154)
r(93,14,4,154)
w(252,7,4,154)
w(195,12,4,154)
r(261,14,4,154)
w(72,6,4,154)
r(43,11,4,154)
r(244,6,4,154)
w(185,6,4,154)
w(84,9,4,154)
r(291,12,4,154)
w(199,12,4,154)
r(15,6,4,154)
r(148,5,4,154)
r(117,14,4,154)
r(276,4,4,154)
w(269,14,4,154)
r(56,6,4,154)
r(37,6,5,155)
r(261,14,5,155)
w(360,8,5,155)
r(293,9,5,155)
w(155,11,5,155)
w(157,10,5,155)
r(83,14,5,155)
r(118,4,5,155)
w(355,6,5,155)
w(67,11,5,155)
r(333,9,5,155)
w(16,7,5,155)
r(242,2,5,155)
r(42,15,5,155)
r(200,6,5,155)
w(331,8,5,155)
r(236,16,5,155)
w(187,11,5,155)
r(186,7,5,155)
w(353,7,5,155)
w(216,11,6,156)
w(255,9,6,156)
w(131,15,6,156)
r(218,14,6,156)
r(192,4,6,156)
r(7,4,6,156)
r(212,2,6,156)
w(277,9,6,156)
w(149,12,6,156)
w(130,9,6,156)
w(197,9,6,156)
r(63,8,6,156)
r(342,5,6,156)
r(217,7,6,156)
w(107,14,6,156)
r(134,7,6,156)
w(233,11,6,156)
w(156,11,6,156)
r(228,7,6,156)
w(228,8,6,156)
w(1,7,1,157)
w(104,5,1,157)
r(181,8,1,157)
r(14,7,1,157)
r(242,6,1,157)
w(89,2,1,157)
r(279,14,1,157)
w(200,2,1,157)
w(320,2,1,157)
r(76,4,1,157)
w(201,4,1,157)
r(245,6,1,157)
w(248,2,1,157)
w(237,4,1,157)
r(338,11,1,157)
w(117,4,1,157)
w(221,5,1,157)
r(3,7,1,157)
w(232,2,1,157)
w(269,4,1,157)
r(62,5,2,158)
r(316,5,2,158)
r(224,6,2,158)
w(325,6,2,158)
w(272,7,2,158)
r(194,14,2,158)
w(254,5,2,158)
w(331,5,2,158)
w(98,5,2,158)
r(103,12,2,158)
r(233,11,2,158)
r(322,2,2,158)
w(195,4,2,158)
r(306,12,2,158)
w(347,2,2,158)
r(177,15,2,158)
r(327,7,2,158)
w(113,5,2,158)
w(26,2,2,158)
r(128,12,2,158)
r(248,14,3,159)
r(47,4,3,159)
r(142,14,3,159)
r(17,4,3,159)
r(13,4,3,159)
r(107,7,3,159)
r(106,14,3,159)
r(263,2,3,159)
r(262,12,3,159)
r(173,2,3,159)
r(29,18,3,159)
w(38,7,3,159)
r(155,14,3,159)
r(4,1,3,159)
r(238,4,3,159)
w(238,5,3,159)
w(8,12,3,159)
r(321,12,3,159)
w(117,14,3,159)
r(36,11,3,159)
w(108,14,4,160)
w(88,11,4,160)
r(234,14,4,160)
r(350,17,4,160)
r(84,9,4,160)
w(351,6,4,160)
r(13,4,4,160)
r(292,6,4,160)
r(61,11,4,160)
w(307,6,4,160)
w(247,14,4,160)
w(10,5,4,160)
r(259,5,4,160)
w(150,12,4,160)
r(30,14,4,160)
w(23,12,4,160)
w(328,14,4,160)
w(178,6,4,160)
w(228,6,4,160)
w(356,9,4,160)
w(21,9,5,161)
w(291,9,5,161)
r(346,8,5,161)
r(322,2,5,161)
w(178,9,5,161)
w(285,12,5,161)
w(283,13,5,161)
w(26,14,5,161)
r(150,12,5,161)
r(21,9,5,161)
r(356,9,5,161)
r(309,2,5,161)
w(202,11,5,161)
r(2,12,5,161)
r(239,4,5,161)
w(56,8,5,161)
w(242,5,5,161)
w(99,10,5,161)
r(192,5,5,161)
r(170,12,5,161)
w(132,10,6,162)
r(203,11,6,162)
r(231,9,6,162)
w(337,6,6,162)
w(251,10,6,162)
r(142,14,6,162)
r(304,12,6,162)
r(38,7,6,162)
r(79,12,6,162)
w(19,15,6,162)
r(197,9,6,162)
r(190,4,6,162)
w(259,15,6,162)
w(214,10,6,162)
w(220,8,6,162)
w(250,15,6,162)
w(359,12,6,162)
w(165,9,6,162)
r(122,4,6,162)
r(290,7,6,162)
r(285,12,1,163)
r(234,6,1,163)
r(50,14,1,163)
w(231,5,1,163)
r(38,7,1,163)
w(232,4,1,163)
w(141,5,1,163)
w(132,4,1,163)
w(28,5,1,163)
w(130,4,1,163)
r(1,7,1,163)
w(90,4,1,163)
r(175,11,1,163)
w(217,2,1,163)
w(18,5,1,163)
r(354,4,1,163)
r(327,12,1,163)
w(76,5,1,163)
r(166,5,1,163)
w(160,2,1,163)
w(247,4,2,164)
w(192,7,2,164)
r(101,12,2,164)
w(75,7,2,164)
r(278,6,2,164)
r(228,6,2,164)
r(310,4,2,164)
r(243,14,2,164)
w(339,7,2,164)
w(36,4,2,164)
r(77,6,2,164)
w(82,2,2,164)
w(68,4,2,164)
w(39,2,2,164)
w(206,6,2,164)
r(14,7,2,164)
r(305,6,2,164)
w(233,5,2,164)
r(121,2,2,164)
r(14,7,2,164)
r(5,13,3,165)
w(160,9,3,165)
w(304,9,3,165)
w(215,10,3,165)
w(131,5,3,165)
w(118,4,3,165)
w(108,7,3,165)
w(227,9,3,165)
r(2,12,3,165)
w(233,6,3,165)
r(264,8,3,165)
r(47,4,3,165)
w(217,7,3,165)
r(215,10,3,165)
r(65,10,3,165)
w(52,5,3,165)
r(50,11,3,165)
w(64,5,3,165)
w(307,5,3,165)
w(243,14,3,165)
w(140,6,4,166)
r(204,9,4,166)
w(112,14,4,166)
w(77,6,4,166)
w(28,11,4,166)
r(182,16,4,166)
w(34,6,4,166)
w(15,8,4,166)
r(308,4,4,166)
r(335,12,4,166)
r(119,9,4,166)
w(254,9,4,166)
r(358,9,4,166)
r(164,12,4,166)
r(330,5,4,166)
w(106,6,4,166)
r(301,16,4,166)
r(72,6,4,166)
r(200,6,4,166)
r(161,4,4,166)
r(320,6,5,167)
w(74,14,5,167)
r(114,10,5,167)
w(270,10,5,167)
r(23,12,5,167)
r(156,11,5,167)
r(109,7,5,167)
w(265,12,5,167)
r(331,8,5,167)
w(225,11,5,167)
r(150,12,5,167)
r(98,2,5,167)
r(323,11,5,167)
w(183,11,5,167)
r(194,14,5,167)
w(220,9,5,167)
r(245,6,5,167)
w(333,16,5,167)
w(281,15,5,167)
w(183,8,5,167)
r(49,7,6,168)
w(241,8,6,168)
w(227,13,6,168)
w(75,9,6,168)
r(154,11,6,168)
w(290,9,6,168)
r(305,6,6,168)
r(187,12,6,168)
w(251,15,6,168)
w(118,8,6,168)
w(242,6,6,168)
r(235,6,6,168)
w(19,16,6,168)
w(160,15,6,168)
r(219,1,6,168)
w(152,11,6,168)
w(80,16,6,168)
w(117,8,6,168)
r(357,4,6,168)
r(67,11,6,168)
w(63,2,1,169)
w(250,2,1,169)
w(274,7,1,169)
w(31,5,1,169)
r(329,16,1,169)
r(238,9,1,169)
r(298,12,1,169)
r(285,12,1,169)
r(214,10,1,169)
r(109,7,1,169)
r(57,14,1,169)
w(305,2,1,169)
w(316,4,1,169)
w(318,2,1,169)
w(356,2,1,169)
r(231,5,1,169)
r(346,9,1,169)
r(8,12,1,169)
r(26,2,1,169)
r(251,15,1,169)
w(226,5,2,170)
w(317,6,2,170)
r(321,12,2,170)
w(333,7,2,170)
w(79,5,2,170)
w(297,4,2,170)
r(181,8,2,170)
w(356,14,2,170)
r(274,16,2,170)
w(321,5,2,170)
r(185,6,2,170)
r(99,13,2,170)
r(341,12,2,170)
w(47,5,2,170)
r(44,14,2,170)
w(5,5,2,170)
r(233,5,2,170)
r(308,4,2,170)
r(85,9,2,170)
r(270,10,2,170)
r(160,9,3,171)
w(324,6,3,171)
r(41,5,3,171)
r(124,5,3,171)
r(265,6,3,171)
w(5,12,3,171)
r(268,7,3,171)
w(314,5,3,171)
w(168,14,3,171)
w(35,7,3,171)
w(37,6,3,171)
r(272,4,3,171)
w(317,11,3,171)
r(24,4,3,171)
r(241,5,3,171)
r(108,7,3,171)
r(25,8,3,171)
r(324,6,3,171)
r(293,9,3,171)
r(19,14,3,171)
r(184,2,4,172)
r(30,14,4,172)
r(16,7,4,172)
w(173,14,4,172)
r(248,14,4,172)
w(177,9,4,172)
w(330,14,4,172)
r(68,7,4,172)
r(160,9,4,172)
r(341,12,4,172)
r(284,4,4,172)
r(6,12,4,172)
w(90,9,4,172)
r(253,6,4,172)
w(103,14,4,172)
r(321,12,4,172)
w(240,14,4,172)
w(29,11,4,172)
r(189,5,4,172)
w(349,14,4,172)
w(113,8,5,173)
r(101,12,5,173)
r(211,4,5,173)
w(36,12,5,173)
w(190,5,5,173)
w(258,10,5,173)
r(154,11,5,173)
w(28,15,5,173)
r(99,4,5,173)
w(52,14,5,173)
r(176,2,5,173)
r(216,11,5,173)
r(287,12,5,173)
w(188,12,5,173)
w(238,14,5,173)
r(42,15,5,173)
w(27,15,5,173)
w(202,8,5,173)
r(169,4,5,173)
r(100,5,5,173)
w(65,16,6,174)
w(256,10,6,174)
w(217,11,6,174)
w(129,14,6,174)
r(126,6,6,174)
w(43,16,6,174)
r(286,12,6,174)
r(48,1,6,174)
w(323,16,6,174)
r(25,15,6,174)
w(99,13,6,174)
w(10,8,6,174)
r(43,16,6,174)
w(37,13,6,174)
w(85,9,6,174)
r(85,9,6,174)
r(27,15,6,174)
r(108,14,6,174)
r(99,13,6,174)
r(163,4,6,174)
r(47,5,1,175)
w(186,4,1,175)
w(50,4,1,175)
w(284,2,1,175)
r(338,11,1,175)
r(240,8,1,175)
w(3,2,1,175)
r(297,4,1,175)
r(217,2,1,175)
w(337,2,1,175)
r(165,2,1,175)
w(247,2,1,175)
r(45,6,1,175)
r(178,9,1,175)
r(331,14,1,175)
w(157,2,1,175)
w(14,2,1,175)
r(291,4,1,175)
w(289,4,1,175)
w(201,5,1,175)
r(349,14,2,176)
r(342,16,2,176)
r(260,12,2,176)
w(341,9,2,176)
w(287,4,2,176)
r(341,9,2,176)
r(260,12,2,176)
w(99,5,2,176)
w(69,6,2,176)
r(5,5,2,176)
w(339,6,2,176)
r(140,6,2,176)
r(98,5,2,176)
w(319,7,2,176)
r(268,7,2,176)
w(114,12,2,176)
w(226,7,2,176)
w(161,6,2,176)
w(4,4,2,176)
r(215,13,2,176)
w(206,12,3,177)
r(66,2,3,177)
w(6,12,3,177)
w(157,14,3,177)
w(193,7,3,177)
r(184,2,3,177)
w(145,12,3,177)
w(305,6,3,177)
w(220,14,3,177)
r(66,2,3,177)
w(80,14,3,177)
r(216,11,3,177)
w(166,5,3,177)
w(97,6,3,177)
w(59,6,3,177)
r(258,8,3,177)
r(24,4,3,177)
w(279,14,3,177)
r(167,10,3,177)
w(358,9,3,177)
r(88,11,4,178)
w(79,11,4,178)
w(235,6,4,178)
r(148,5,4,178)
w(40,12,4,178)
r(244,6,4,178)
w(165,12,4,178)
r(321,12,4,178)
r(280,14,4,178)
w(132,6,4,178)
w(180,14,4,178)
r(36,6,4,178)
w(195,14,4,178)
w(236,11,4,178)
r(14,7,4,178)
w(116,6,4,178)
r(116,6,4,178)
w(255,6,4,178)
r(137,14,4,178)
r(134,6,4,178)
r(332,6,5,179)
w(186,15,5,179)
r(346,9,5,179)
r(173,6,5,179)
r(337,6,5,179)
w(180,11,5,179)
r(144,14,5,179)
r(322,2,5,179)
w(312,12,5,179)
r(187,12,5,179)
w(265,14,5,179)
r(275,7,5,179)
r(266,7,5,179)
w(237,10,5,179)
w(34,14,5,179)
r(196,5,5,179)
r(119,9,5,179)
r(300,4,6,180)
w(144,11,6,180)
r(218,14,6,180)
r(153,4,6,180)
r(291,4,6,180)
r(153,4,6,180)
r(311,4,6,180)
r(279,14,6,180)
r(41,5,6,180)
r(228,6,6,180)
r(118,8,6,180)
r(43,16,6,180)
w(95,10,6,180)
r(288,10,6,180)
r(154,11,6,180)
r(152,11,6,180)
r(125,7,6,180)
r(50,14,6,180)
r(92,2,6,180)
w(90,15,6,180)
w(325,5,1,181)
w(49,6,1,181)
r(122,6,1,181)
r(154,11,1,181)
w(230,2,1,181)
r(153,11,1,181)
r(67,11,1,181)
w(206,4,1,181)
w(258,2,1,181)
r(288,15,1,181)
r(149,4,1,181)
r(124,5,1,181)
w(45,5,1,181)
w(111,7,1,181)
w(88,4,1,181)
w(8,4,1,181)
w(105,4,1,181)
w(343,5,1,181)
w(25,5,1,181)
r(126,14,1,181)
w(52,4,2,182)
r(291,4,2,182)
r(67,11,2,182)
r(122,4,2,182)
w(42,4,2,182)
r(119,9,2,182)
w(226,6,2,182)
w(262,4,2,182)
w(333,6,2,182)
w(273,7,2,182)
r(37,13,2,182)
r(74,2,2,182)
w(61,4,2,182)
r(1,7,2,182)
r(216,9,2,182)
r(163,11,2,182)
w(7,5,2,182)
w(105,7,2,182)
r(351,4,2,182)
w(181,7,2,182)
w(234,6,3,183)
w(202,9,3,183)
r(234,6,3,183)
r(63,8,3,183)
r(25,8,3,183)
w(306,12,3,183)
w(346,9,3,183)
w(349,12,3,183)
r(7,4,3,183)
w(338,7,3,183)
r(131,15,3,183)
w(167,6,3,183)
r(81,9,3,183)
w(247,7,3,183)
r(73,12,3,183)
r(237,2,3,183)
w(238,7,3,183)
r(197,9,3,183)
w(149,4,3,183)
r(346,9,3,183)
r(287,12,4,184)
w(25,15,4,184)
w(32,11,4,184)
r(40,12,4,184)
w(355,7,4,184)
r(290,9,4,184)
w(350,9,4,184)
w(32,8,4,184)
r(162,8,4,184)
w(243,11,4,184)
w(127,9,4,184)
w(46,5,4,184)
r(301,2,4,184)
r(121,2,4,184)
w(262,14,4,184)
w(125,7,4,184)
r(74,14,4,184)
w(359,6,4,184)
r(314,5,4,184)
w(207,6,4,184)
r(191,9,5,185)
r(124,5,5,185)
w(224,9,5,185)
w(50,14,5,185)
w(350,16,5,185)
w(81,11,5,185)
r(123,7,5,185)
w(104,13,5,185)
r(212,4,5,185)
w(338,11,5,185)
r(269,2,5,185)
w(197,6,5,185)
w(240,8,5,185)
r(125,7,5,185)
w(265,9,5,185)
r(234,6,5,185)
r(160,15,5,185)
w(12,16,5,185)
w(358,13,5,185)
w(277,7,5,185)
w(129,9,6,186)
w(235,14,6,186)
w(95,15,6,186)
w(57,8,6,186)
w(132,15,6,186)
r(278,6,6,186)
w(32,13,6,186)
r(125,7,6,186)
r(96,7,6,186)
w(18,9,6,186)
r(65,16,6,186)
w(59,13,6,186)
w(126,10,6,186)
r(260,12,6,186)
w(163,11,6,186)
r(324,4,6,186)
r(307,6,6,186)
r(155,2,6,186)
w(100,14,6,186)
w(194,9,6,186)
w(270,5,1,187)
w(71,5,1,187)
w(345,5,1,187)
w(341,4,1,187)
r(222,14,1,187)
r(315,5,1,187)
w(175,5,1,187)
r(192,14,1,187)
r(172,7,1,187)
w(360,5,1,187)
r(148,5,1,187)
w(143,4,1,187)
w(323,4,1,187)
w(243,4,1,187)
w(255,4,1,187)
w(294,5,1,187)
w(95,2,1,187)
r(119,9,1,187)
r(175,5,1,187)
w(34,2,1,187)
r(338,11,2,188)
r(165,2,2,188)
r(347,2,2,188)
w(220,6,2,188)
w(352,12,2,188)
r(316,4,2,188)
w(316,7,2,188)
w(248,5,2,188)
r(351,4,2,188)
r(316,7,2,188)
w(33,7,2,188)
w(82,4,2,188)
w(258,7,2,188)
w(327,6,2,188)
r(141,10,2,188)
r(145,9,2,188)
w(6,4,2,188)
w(234,7,2,188)
w(102,4,2,188)
r(267,6,2,188)
r(129,12,3,189)
w(246,14,3,189)
w(275,7,3,189)
r(165,9,3,189)
r(183,8,3,189)
w(187,12,3,189)
r(310,4,3,189)
r(325,6,3,189)
w(351,4,3,189)
w(103,5,3,189)
r(103,5,3,189)
r(52,5,3,189)
r(247,7,3,189)
w(292,11,3,189)
w(3,7,3,189)
w(147,7,3,189)
w(200,5,3,189)
w(93,4,3,189)
w(358,11,3,189)
w(173,6,3,189)
r(222,14,4,190)
w(259,9,4,190)
r(196,5,4,190)
w(94,9,4,190)
w(132,12,4,190)
w(213,11,4,190)
r(178,9,4,190)
w(337,5,4,190)
w(23,14,4,190)
w(331,14,4,190)
w(252,6,4,190)
w(81,12,4,190)
r(73,12,4,190)
r(193,4,4,190)
w(158,12,4,190)
r(320,6,4,190)
w(55,12,4,190)
r(323,16,4,190)
w(236,8,4,190)
r(338,11,4,190)
w(216,9,5,191)
r(278,6,5,191)
r(297,1,5,191)
w(146,12,5,191)
r(155,2,5,191)
w(333,13,5,191)
r(11,7,5,191)
w(206,11,5,191)
w(187,8,5,191)
r(61,11,5,191)
r(112,14,5,191)
w(265,11,5,191)
r(320,2,5,191)
w(246,11,5,191)
r(349,14,5,191)
w(110,9,5,191)
w(325,14,5,191)
w(238,9,5,191)
r(18,4,5,191)
r(254,5,5,191)
r(271,9,6,192)
r(195,14,6,192)
w(112,11,6,192)
w(343,9,6,192)
w(139,9,6,192)
w(319,10,6,192)
w(188,11,6,192)
r(70,1,6,192)
w(282,15,6,192)
r(112,11,6,192)
w(345,11,6,192)
w(342,16,6,192)
r(351,4,6,192)
w(229,9,6,192)
r(62,5,6,192)
r(33,12,6,192)
r(339,7,6,192)
r(249,4,6,192)
w(234,11,6,192)
r(160,2,6,192)
r(329,8,1,193)
r(176,11,1,193)
r(154,13,1,193)
w(19,4,1,193)
w(35,2,1,193)
w(85,2,1,193)
r(11,7,1,193)
r(160,10,1,193)
w(133,5,1,193)
w(224,5,1,193)
r(316,7,1,193)
w(188,4,1,193)
r(114,9,1,193)
r(131,15,1,193)
r(183,16,1,193)
r(151,11,1,193)
r(155,2,1,193)
w(127,6,1,193)
r(276,5,1,193)
r(336,4,1,193)
r(359,6,2,194)
r(108,9,2,194)
r(46,5,2,194)
r(172,16,2,194)
w(62,7,2,194)
r(73,12,2,194)
w(109,6,2,194)
w(290,2,2,194)
r(50,14,2,194)
r(356,2,2,194)
r(14,9,2,194)
r(234,7,2,194)
r(76,5,2,194)
r(6,4,2,194)
w(317,12,2,194)
w(276,5,2,194)
w(64,4,2,194)
w(273,6,2,194)
r(198,6,2,194)
r(162,8,2,194)
w(221,14,3,195)
w(135,5,3,195)
w(327,12,3,195)
r(278,6,3,195)
r(221,14,3,195)
r(98,5,3,195)
r(276,4,3,195)
r(64,5,3,195)
r(198,12,3,195)
w(284,6,3,195)
r(352,7,3,195)
w(102,6,3,195)
r(78,14,3,195)
r(260,12,3,195)
r(48,1,3,195)
w(263,5,3,195)
r(184,2,3,195)
r(153,4,3,195)
r(36,12,3,195)
r(287,12,3,195)
r(66,2,4,196)
r(106,6,4,196)
w(225,12,4,196)
w(104,8,4,196)
w(267,6,4,196)
r(333,7,4,196)
r(110,9,4,196)
r(5,5,4,196)
w(177,11,4,196)
r(20,8,4,196)
w(273,8,4,196)
w(208,12,4,196)
w(59,11,4,196)
r(193,4,4,196)
r(134,6,4,196)
w(314,7,4,196)
r(38,7,4,196)
r(84,9,4,196)
r(158,12,4,196)
w(322,12,4,196)
w(197,12,5,197)
w(15,10,5,197)
r(163,4,5,197)
w(43,10,5,197)
r(161,4,5,197)
r(309,2,5,197)
w(145,9,5,197)
w(302,11,5,197)
w(198,6,5,197)
w(95,11,5,197)
r(21,9,5,197)
r(147,7,5,197)
r(62,5,5,197)
r(321,5,5,197)
r(145,9,5,197)
r(258,10,5,197)
r(309,2,5,197)
r(3,7,5,197)
w(273,16,5,197)
w(245,9,5,197)
r(122,4,6,198)
r(206,11,6,198)
r(206,11,6,198)
r(198,6,6,198)
r(311,4,6,198)
r(310,4,6,198)
r(61,11,6,198)
w(318,15,6,198)
w(64,9,6,198)
r(48,1,6,198)
w(328,10,6,198)
r(147,7,6,198)
r(227,13,6,198)
r(311,4,6,198)
r(288,10,6,198)
w(197,11,6,198)
r(357,4,6,198)
w(294,9,6,198)
w(265,8,6,198)
r(211,4,6,198)
w(348,2,1,199)
w(31,7,1,199)
r(192,9,1,199)
r(23,8,1,199)
w(271,6,1,199)
w(264,5,1,199)
r(345,14,1,199)
r(280,14,1,199)
w(131,4,1,199)
r(172,17,1,199)
w(169,5,1,199)
w(133,7,1,199)
w(301,4,1,199)
w(129,2,1,199)
w(174,5,1,199)
r(104,3,1,199)
r(234,7,1,199)
r(257,4,1,199)
r(49,6,1,199)
w(350,4,1,199)
r(157,14,2,200)
r(348,14,2,200)
r(94,9,2,200)
r(317,12,2,200)
w(172,7,2,200)
r(106,6,2,200)
w(32,12,2,200)
w(287,5,2,200)
w(301,5,2,200)
w(215,9,2,200)
w(5,7,2,200)
w(84,4,2,200)
r(298,12,2,200)
r(269,9,2,200)
r(92,2,2,200)
w(151,5,2,200)
r(206,10,2,200)
w(14,5,2,200)
w(341,11,2,200)
w(70,2,2,200)
w(86,14,3,201)
r(268,7,3,201)
w(30,4,3,201)
w(285,5,3,201)
r(207,14,3,201)
w(226,9,3,201)
w(114,9,3,201)
r(162,8,3,201)
w(183,6,3,201)
r(169,4,3,201)
r(109,7,3,201)
w(144,7,3,201)
w(12,12,3,201)
r(130,4,3,201)
r(286,12,3,201)
w(254,12,3,201)
w(199,7,3,201)
r(314,7,3,201)
w(48,12,3,201)
w(204,7,3,201)
r(98,5,4,202)
w(246,9,4,202)
w(237,14,4,202)
r(187,8,4,202)
r(355,7,4,202)
w(332,7,4,202)
r(218,14,4,202)
w(264,14,4,202)
r(323,16,4,202)
r(34,6,4,202)
r(245,9,4,202)
r(205,7,4,202)
r(311,4,4,202)
w(189,12,4,202)
r(21,9,4,202)
r(283,5,4,202)
r(69,2,4,202)
w(256,14,4,202)
w(215,13,4,202)
w(167,14,4,202)
r(90,4,5,203)
w(141,9,5,203)
w(111,11,5,203)
r(278,6,5,203)
r(101,12,5,203)
r(17,4,5,203)
w(51,12,5,203)
w(300,9,5,203)
w(190,7,5,203)
w(354,9,5,203)
r(194,14,5,203)
r(35,7,6,204)
r(182,16,6,204)
r(206,11,6,204)
r(101,12,6,204)
w(98,9,6,204)
r(12,16,6,204)
w(141,10,6,204)
w(223,16,6,204)
w(146,9,6,204)
r(167,14,6,204)
w(294,11,6,204)
w(192,14,6,204)
r(47,5,6,204)
r(282,15,6,204)
w(151,10,6,204)
w(207,14,6,204)
w(104,3,6,204)
w(227,17,6,204)
w(335,11,6,204)
w(23,8,6,204)
r(301,4,1,205)
w(128,5,1,205)
r(358,13,1,205)
w(261,2,1,205)
r(5,18,1,205)
w(356,4,1,205)
w(279,2,1,205)
w(233,2,1,205)
r(341,4,1,205)
w(334,2,1,205)
w(137,2,1,205)
r(241,10,1,205)
w(19,5,1,205)
w(167,4,1,205)
w(9,2,1,205)
w(210,5,1,205)
w(59,4,1,205)
w(67,5,1,205)
w(207,4,1,205)
w(134,2,1,205)
w(237,7,2,206)
w(20,4,2,206)
r(76,5,2,206)
w(79,7,2,206)
w(113,7,2,206)
w(48,7,2,206)
w(227,5,2,206)
r(2,12,2,206)
w(341,8,2,206)
r(173,6,2,206)
w(113,6,2,206)
w(248,7,2,206)
r(218,14,2,206)
r(315,5,2,206)
r(139,9,2,206)
r(183,6,2,206)
r(92,2,2,206)
w(258,6,2,206)
r(142,14,2,206)
r(32,10,2,206)
w(42,12,3,207)
r(186,4,3,207)
r(337,2,3,207)
r(291,4,3,207)
r(165,2,3,207)
w(203,7,3,207)
w(271,8,3,207)
w(106,4,3,207)
r(72,6,3,207)
w(303,7,3,207)
w(187,14,3,207)
r(119,9,3,207)
w(227,11,3,207)
r(14,2,3,207)
r(143,10,3,207)
w(211,8,3,207)
r(119,9,3,207)
r(78,14,3,207)
r(101,12,3,207)
w(52,7,3,207)
w(244,9,4,208)
r(221,5,4,208)
w(122,6,4,208)
w(19,9,4,208)
w(295,12,4,208)
r(289,6,4,208)
r(51,5,4,208)
r(263,5,4,208)
w(281,8,4,208)
w(183,14,4,208)
r(206,11,4,208)
r(10,8,4,208)
w(211,10,4,208)
w(305,9,4,208)
w(29,8,4,208)
w(354,14,4,208)
w(172,16,4,208)
w(21,12,4,208)
r(8,12,4,208)
w(126,14,4,208)
r(320,2,5,209)
r(349,14,5,209)
r(68,4,5,209)
w(14,9,5,209)
w(29,16,5,209)
w(237,15,5,209)
r(219,4,5,209)
w(53,14,5,209)
w(108,9,5,209)
w(213,10,5,209)
w(115,9,5,209)
w(269,9,5,209)
w(275,14,5,209)
w(64,12,5,209)
w(312,14,5,209)
w(334,7,5,209)
r(230,6,5,209)
w(213,15,5,209)
w(311,7,5,209)
w(176,11,5,209)
w(131,16,6,210)
r(40,12,6,210)
r(21,12,6,210)
w(331,10,6,210)
r(317,6,6,210)
r(294,11,6,210)
w(148,11,6,210)
r(54,2,6,210)
r(66,2,6,210)
r(178,9,6,210)
r(107,14,6,210)
r(148,11,6,210)
w(266,4,1,211)
r(353,7,1,211)
w(179,2,1,211)
r(52,7,1,211)
w(209,2,1,211)
r(184,2,1,211)
r(193,6,1,211)
w(94,4,1,211)
w(258,4,1,211)
r(87,6,1,211)
w(126,2,1,211)
w(175,7,1,211)
w(322,4,1,211)
r(66,5,1,211)
w(117,5,1,211)
r(287,5,1,211)
w(354,5,1,211)
w(43,2,1,211)
w(96,2,1,211)
r(259,6,1,211)
w(316,6,2,212)
r(152,11,2,212)
r(241,10,2,212)
r(18,12,2,212)
r(178,9,2,212)
w(83,6,2,212)
r(333,6,2,212)
r(249,6,2,212)
r(295,12,2,212)
r(72,6,2,212)
w(141,6,2,212)
r(24,4,2,212)
r(165,2,2,212)
r(254,12,2,212)
r(302,11,2,212)
w(53,4,2,212)
r(287,5,2,212)
r(264,16,2,212)
r(140,6,2,212)
w(213,14,2,212)
r(39,2,3,213)
r(315,5,3,213)
w(247,6,3,213)
r(292,11,3,213)
r(346,10,3,213)
r(149,4,3,213)
r(319,7,3,213)
r(329,8,3,213)
w(350,12,3,213)
w(43,12,3,213)
w(137,6,3,213)
w(344,2,3,213)
r(10,8,3,213)
r(302,11,3,213)
r(339,6,3,213)
r(171,6,3,213)
w(193,6,3,213)
w(196,7,3,213)
w(340,11,3,213)
r(13,4,3,213)
r(14,9,4,214)
w(65,9,4,214)
w(288,15,4,214)
r(303,2,4,214)
r(78,14,4,214)
w(168,11,4,214)
w(3,12,4,214)
r(156,11,4,214)
w(171,6,4,214)
w(83,9,4,214)
w(117,9,4,214)
w(95,12,4,214)
r(22,4,4,214)
w(239,5,4,214)
r(351,4,4,214)
w(118,5,4,214)
r(131,15,4,214)
r(225,12,4,214)
r(325,14,4,214)
r(258,10,4,214)
r(102,6,5,215)
r(312,14,5,215)
w(240,10,5,215)
w(119,11,5,215)
w(286,15,5,215)
w(324,11,5,215)
r(151,10,5,215)
w(12,13,5,215)
w(281,16,5,215)
w(154,10,5,215)
r(264,14,5,215)
r(180,14,5,215)
w(308,7,5,215)
r(279,14,5,215)
w(192,12,5,215)
r(217,2,5,215)
w(36,14,5,215)
w(111,8,5,215)
w(131,14,5,215)
w(112,8,6,216)
r(172,16,6,216)
r(20,8,6,216)
w(321,9,6,216)
w(129,11,6,216)
w(346,10,6,216)
w(187,10,6,216)
w(29,20,6,216)
w(347,5,6,216)
r(249,4,6,216)
w(89,15,6,216)
w(264,16,6,216)
r(18,9,6,216)
r(58,11,6,216)
w(93,11,6,216)
r(219,4,6,216)
w(82,14,6,216)
w(326,3,6,216)
r(238,9,6,216)
w(150,11,6,216)
w(213,5,1,217)
r(113,6,1,217)
r(340,8,1,217)
r(27,14,1,217)
w(53,2,1,217)
w(105,5,1,217)
w(269,5,1,217)
r(189,7,1,217)
w(318,4,1,217)
r(76,13,1,217)
r(155,2,1,217)
w(345,7,1,217)
w(323,5,1,217)
w(108,2,1,217)
w(90,5,1,217)
w(125,4,1,217)
w(325,7,1,217)
r(261,8,1,217)
r(252,6,1,217)
w(78,2,1,217)
r(213,13,2,218)
r(226,9,2,218)
r(232,4,2,218)
r(360,10,2,218)
r(159,7,2,218)
r(105,4,2,218)
w(338,5,2,218)
r(346,10,2,218)
w(158,4,2,218)
w(108,5,2,218)
r(82,14,2,218)
w(279,12,2,218)
r(131,4,2,218)
w(352,14,2,218)
w(61,5,2,218)
r(55,11,2,218)
r(312,14,3,219)
w(46,2,3,219)
r(263,5,3,219)
w(251,12,3,219)
r(125,7,3,219)
r(290,2,3,219)
w(247,12,3,219)
w(64,7,3,219)
w(40,7,3,219)
r(166,5,3,219)
w(149,5,3,219)
w(340,8,3,219)
w(38,6,3,219)
w(74,7,3,219)
w(191,6,3,219)
r(60,4,3,219)
r(360,10,3,219)
r(317,12,3,219)
w(86,9,3,219)
w(74,6,3,219)
w(249,6,4,220)
w(153,11,4,220)
r(341,11,4,220)
r(324,4,4,220)
r(190,5,4,220)
w(86,10,4,220)
w(315,5,4,220)
w(273,10,4,220)
w(270,11,4,220)
w(258,11,4,220)
w(268,6,4,220)
r(136,12,4,220)
w(329,8,4,220)
w(261,9,4,220)
r(170,12,4,220)
r(220,6,4,220)
r(13,4,4,220)
w(32,10,4,220)
w(50,6,4,220)
r(113,8,4,220)
r(60,4,5,221)
w(281,13,5,221)
r(180,14,5,221)
r(211,8,5,221)
w(309,6,5,221)
r(31,5,5,221)
w(50,9,5,221)
r(70,2,5,221)
w(4,6,5,221)
w(271,16,5,221)
r(258,2,5,221)
w(217,12,5,221)
w(118,14,5,221)
r(195,14,5,221)
w(151,11,5,221)
w(84,16,5,221)
w(34,9,5,221)
w(242,7,5,221)
r(256,14,5,221)
r(98,9,5,221)
w(241,10,6,222)
r(131,15,6,222)
r(53,14,6,222)
w(206,10,6,222)
r(42,4,6,222)
r(55,12,6,222)
r(166,5,6,222)
r(351,4,6,222)
w(111,15,6,222)
w(337,12,6,222)
w(84,3,6,222)
r(89,15,6,222)
w(352,16,6,222)
w(238,11,6,222)
r(286,12,6,222)
r(75,9,6,222)
r(258,7,6,222)
r(210,14,6,222)
w(271,3,6,222)
r(120,6,6,222)
r(319,7,1,223)
w(185,4,1,223)
w(90,7,1,223)
r(203,7,1,223)
r(236,10,1,223)
w(352,5,1,223)
w(340,7,1,223)
r(121,2,1,223)
r(52,7,1,223)
w(274,6,1,223)
w(21,4,1,223)
w(327,4,1,223)
w(246,4,1,223)
r(96,2,1,223)
r(215,3,1,223)
r(172,13,1,223)
r(188,14,1,223)
r(67,5,1,223)
r(130,11,1,223)
w(235,4,1,223)
w(114,14,2,224)
r(249,6,2,224)
w(12,7,2,224)
r(346,10,2,224)
r(208,12,2,224)
w(71,12,2,224)
r(211,8,2,224)
w(254,7,2,224)
r(249,6,2,224)
w(167,7,2,224)
w(176,7,2,224)
r(319,7,2,224)
r(162,8,2,224)
r(166,5,2,224)
w(91,5,2,224)
w(158,5,2,224)
w(38,4,2,224)
r(199,14,2,224)
w(88,6,2,224)
r(54,12,2,224)
w(276,6,3,225)
w(60,6,3,225)
r(259,9,3,225)
r(281,13,3,225)
w(189,7,3,225)
r(304,12,3,225)
w(282,7,3,225)
w(99,6,3,225)
r(59,11,3,225)
r(126,11,3,225)
r(160,10,3,225)
w(156,7,3,225)
r(358,13,3,225)
r(119,10,3,225)
w(44,4,3,225)
w(183,12,3,225)
w(36,5,3,225)
r(98,9,3,225)
r(244,9,3,225)
w(194,5,3,225)
w(325,12,4,226)
w(199,14,4,226)
r(135,5,4,226)
r(324,4,4,226)
r(66,2,4,226)
w(136,7,4,226)
w(322,14,4,226)
r(168,11,4,226)
r(27,15,4,226)
w(118,7,4,226)
w(80,11,4,226)
r(84,4,4,226)
w(27,12,4,226)
r(256,14,4,226)
w(150,14,4,226)
w(49,16,4,226)
w(44,6,4,226)
w(236,10,4,226)
r(219,4,4,226)
r(182,16,4,226)
r(302,11,5,227)
w(215,17,5,227)
w(15,15,5,227)
r(76,5,5,227)
r(271,16,5,227)
w(55,11,5,227)
w(223,8,5,227)
r(286,12,5,227)
w(2,14,5,227)
r(344,2,5,227)
w(6,9,5,227)
r(48,11,5,227)
w(282,9,5,227)
w(65,15,5,227)
r(44,6,5,227)
w(153,10,5,227)
r(19,9,5,227)
w(126,11,5,227)
w(31,9,5,227)
w(291,11,5,227)
r(8,12,6,228)
r(261,14,6,228)
r(75,9,6,228)
r(235,14,6,228)
r(79,5,6,228)
w(16,14,6,228)
w(205,8,6,228)
w(143,10,6,228)
r(289,6,6,228)
w(56,13,6,228)
r(165,2,6,228)
r(170,12,6,228)
r(279,14,6,228)
w(34,10,6,228)
w(271,18,6,228)
r(233,5,6,228)
w(102,14,6,228)
w(8,11,6,228)
r(278,6,6,228)
w(225,15,6,228)
r(104,3,1,229)
w(29,5,1,229)
r(119,10,1,229)
w(78,4,1,229)
w(172,4,1,229)
r(265,8,1,229)
w(292,5,1,229)
w(113,2,1,229)
r(344,2,1,229)
r(300,12,1,229)
w(178,2,1,229)
r(176,7,1,229)
w(326,5,1,229)
r(245,9,1,229)
r(239,5,1,229)
r(64,6,1,229)
w(69,4,1,229)
r(351,5,1,229)
r(11,7,1,229)
r(250,9,1,229)
r(345,7,2,230)
w(20,5,2,230)
w(236,5,2,230)
w(143,7,2,230)
r(250,9,2,230)
w(139,6,2,230)
r(265,8,2,230)
r(131,7,2,230)
r(176,7,2,230)
r(199,14,2,230)
w(109,12,2,230)
w(317,14,2,230)
w(96,4,2,230)
w(133,12,2,230)
r(249,6,2,230)
r(169,10,2,230)
r(28,16,2,230)
w(274,9,2,230)
r(263,5,2,230)
r(239,5,2,230)
w(66,5,3,231)
r(165,2,3,231)
r(47,5,3,231)
w(248,6,3,231)
r(99,6,3,231)
w(72,7,3,231)
r(197,11,3,231)
r(351,4,3,231)
r(188,14,3,231)
r(315,5,3,231)
r(306,11,3,231)
r(356,4,3,231)
w(310,7,3,231)
w(169,14,3,231)
r(152,11,3,231)
w(124,7,3,231)
w(131,7,3,231)
w(259,6,3,231)
r(115,9,3,231)
w(97,12,3,231)
w(194,7,4,232)
w(109,14,4,232)
r(52,4,4,232)
w(129,7,4,232)
r(158,12,4,232)
w(250,9,4,232)
r(144,7,4,232)
w(160,10,4,232)
r(165,2,4,232)
r(288,15,4,232)
r(58,11,4,232)
r(179,14,4,232)
w(151,14,4,232)
w(37,9,4,232)
w(282,12,4,232)
r(117,9,4,232)
w(51,7,4,232)
r(212,4,4,232)
w(179,9,4,232)
w(303,12,4,232)
r(191,11,5,233)
r(299,2,5,233)
r(55,11,5,233)
w(360,10,5,233)
r(56,13,5,233)
r(197,11,5,233)
w(213,16,5,233)
w(298,7,5,233)
w(225,8,5,233)
r(340,11,5,233)
r(235,14,5,233)
w(102,12,5,233)
r(225,8,5,233)
r(340,11,5,233)
r(42,12,5,233)
w(87,6,5,233)
w(213,13,5,233)
w(188,14,5,233)
w(215,3,5,233)
r(358,13,5,233)
w(240,16,6,234)
r(73,12,6,234)
w(81,10,6,234)
w(273,17,6,234)
r(88,11,6,234)
r(340,15,6,234)
w(134,9,6,234)
w(95,16,6,234)
w(94,15,6,234)
r(326,3,6,234)
r(195,14,6,234)
r(235,14,6,234)
w(260,15,6,234)
w(91,9,6,234)
w(87,14,6,234)
r(301,5,6,234)
w(350,3,6,234)
r(257,4,6,234)
r(269,9,6,234)
w(238,8,6,234)
r(359,6,1,235)
r(129,2,1,235)
r(146,9,1,235)
w(180,4,1,235)
r(159,7,1,235)
r(259,6,1,235)
r(236,5,1,235)
w(149,2,1,235)
r(268,6,1,235)
r(183,12,1,235)
r(335,11,1,235)
r(116,6,1,235)
r(134,2,1,235)
r(56,13,1,235)
w(274,12,1,235)
r(133,12,1,235)
w(129,4,1,235)
r(326,5,1,235)
w(102,2,1,235)
r(48,11,1,235)
r(141,6,2,236)
r(41,7,2,236)
r(123,7,2,236)
r(343,5,2,236)
r(170,12,2,236)
w(161,14,2,236)
w(48,6,2,236)
r(49,6,2,236)
r(261,8,2,236)
r(198,6,2,236)
r(50,9,2,236)
r(150,14,2,236)
w(67,12,2,236)
r(64,6,2,236)
w(200,4,2,236)
w(226,12,2,236)
w(254,6,2,236)
w(177,2,2,236)
w(197,2,2,236)
w(62,6,2,236)
w(300,12,3,237)
w(329,6,3,237)
r(84,16,3,237)
w(120,2,3,237)
r(314,7,3,237)
w(342,6,3,237)
w(207,7,3,237)
r(160,10,3,237)
r(53,4,3,237)
r(133,7,3,237)
w(351,5,3,237)
w(329,12,3,237)
w(161,9,3,237)
r(231,5,3,237)
r(282,7,3,237)
r(89,10,3,237)
w(257,7,3,237)
w(225,7,3,237)
r(243,4,3,237)
w(47,6,3,237)
w(168,8,4,238)
w(282,14,4,238)
r(297,4,4,238)
r(304,12,4,238)
w(283,15,4,238)
r(92,2,4,238)
r(178,9,4,238)
w(27,14,4,238)
r(59,11,4,238)
r(109,14,4,238)
w(33,14,4,238)
w(128,11,4,238)
w(328,9,4,238)
w(224,12,4,238)
r(187,14,4,238)
w(251,9,4,238)
w(185,12,4,238)
r(191,11,4,238)
r(276,5,4,238)
w(328,11,4,238)
w(44,9,5,239)
r(101,12,5,239)
w(101,14,5,239)
r(288,15,5,239)
w(291,8,5,239)
r(327,6,5,239)
r(135,5,5,239)
r(305,9,5,239)
w(128,10,5,239)
w(54,12,5,239)
w(46,12,5,239)
r(2,14,5,239)
r(290,2,5,239)
w(330,9,5,239)
r(277,7,5,239)
w(21,11,5,239)
w(58,8,5,239)
r(286,12,5,239)
r(130,11,5,239)
r(315,5,5,239)
r(166,5,6,240)
r(38,7,6,240)
r(290,2,6,240)
w(133,16,6,240)
w(154,13,6,240)
w(5,3,6,240)
w(167,15,6,240)
w(7,9,6,240)
w(167,16,6,240)
w(130,11,6,240)
w(191,11,6,240)
r(94,15,6,240)
r(185,6,6,240)
w(279,15,6,240)
w(183,16,6,240)
r(349,14,6,240)
w(204,8,6,240)
w(48,11,6,240)
w(279,16,6,240)
r(104,3,6,240)
r(172,4,1,241)
r(256,14,1,241)
r(343,5,1,241)
w(78,5,1,241)
r(153,10,1,241)
w(182,4,1,241)
w(100,2,1,241)
r(79,15,1,241)
w(81,2,1,241)
w(221,7,1,241)
r(130,11,1,241)
w(258,5,1,241)
w(328,5,1,241)
w(132,5,1,241)
w(281,4,1,241)
w(311,2,1,241)
w(60,5,1,241)
w(4,2,1,241)
r(69,4,1,241)
r(272,7,1,241)
w(222,9,2,242)
r(47,6,2,242)
r(173,6,2,242)
r(211,8,2,242)
r(139,6,2,242)
w(288,6,2,242)
r(204,8,2,242)
r(279,2,2,242)
r(305,9,2,242)
r(224,5,2,242)
r(166,5,2,242)
w(266,6,2,242)
r(164,7,2,242)
w(158,7,2,242)
w(264,6,2,242)
r(143,7,2,242)
r(263,5,2,242)
w(215,11,2,242)
r(132,15,2,242)
r(92,2,2,242)
w(308,5,3,243)
w(219,5,3,243)
r(211,8,3,243)
w(222,8,3,243)
r(7,14,3,243)
r(289,5,3,243)
w(172,8,3,243)
w(232,12,3,243)
w(100,7,3,243)
r(84,8,3,243)
r(280,9,3,243)
w(240,5,3,243)
r(181,7,3,243)
w(88,14,3,243)
r(249,6,3,243)
r(274,14,3,243)
w(231,12,3,243)
r(122,6,3,243)
w(193,12,3,243)
w(215,15,3,243)
r(48,11,4,244)
w(69,14,4,244)
r(27,14,4,244)
r(232,4,4,244)
r(123,7,4,244)
r(160,10,4,244)
r(107,14,4,244)
w(307,14,4,244)
w(345,14,4,244)
r(227,11,4,244)
w(306,11,4,244)
r(345,14,4,244)
w(262,9,4,244)
w(22,9,4,244)
w(40,14,4,244)
r(112,8,4,244)
w(13,5,4,244)
r(131,15,4,244)
w(18,12,4,244)
r(235,14,4,244)
w(89,10,5,245)
w(317,15,5,245)
w(41,7,5,245)
w(79,15,5,245)
r(321,9,5,245)
w(261,8,5,245)
r(71,5,5,245)
w(225,10,5,245)
r(297,4,5,245)
r(200,2,5,245)
w(172,13,5,245)
w(237,16,5,245)
r(52,7,5,245)
r(74,6,5,245)
w(324,8,5,245)
r(139,9,5,245)
w(308,6,5,245)
r(254,12,5,245)
r(36,5,5,245)
r(313,4,5,245)
r(133,16,6,246)
w(10,10,6,246)
w(217,8,6,246)
r(238,8,6,246)
r(343,5,6,246)
r(260,15,6,246)
r(15,10,6,246)
w(210,9,6,246)
r(64,4,6,246)
w(291,15,6,246)
w(269,10,6,246)
r(4,6,6,246)
r(160,10,6,246)
w(296,9,6,246)
w(28,16,6,246)
w(294,8,6,246)
r(76,5,6,246)
r(35,7,6,246)
w(309,14,6,246)
r(7,9,6,246)
r(156,7,1,247)
w(199,4,1,247)
w(328,7,1,247)
r(130,11,1,247)
w(95,4,1,247)
w(38,5,2,248)
w(113,12,2,248)
r(45,5,2,248)
r(167,7,2,248)
r(46,12,2,248)
w(275,2,2,248)
r(31,7,2,248)
r(279,2,2,248)
w(227,7,2,248)
r(308,6,2,248)
w(283,14,2,248)
w(301,7,2,248)
w(348,5,2,248)
w(259,7,2,248)
w(207,5,2,248)
w(101,4,2,248)
w(98,7,2,248)
r(50,9,2,248)
r(142,14,2,248)
w(178,5,2,248)
r(169,8,3,249)
w(206,14,3,249)
r(136,14,3,249)
w(66,7,3,249)
w(229,7,3,249)
r(272,7,3,249)
w(5,9,3,249)
r(151,8,3,249)
w(313,2,3,249)
r(301,7,3,249)
w(58,7,3,249)
w(258,14,3,249)
r(92,2,3,249)
r(293,7,3,249)
r(188,5,3,249)
w(262,6,3,249)
r(206,14,3,249)
w(253,5,3,249)
r(34,16,3,249)
r(103,11,3,249)
r(151,11,4,250)
r(71,5,4,250)
r(307,14,4,250)
r(198,6,4,250)
w(254,11,4,250)
w(311,5,4,250)
w(59,8,4,250)
r(108,9,4,250)
w(209,7,4,250)
r(200,2,4,250)
w(314,6,4,250)
r(56,13,4,250)
w(26,9,5,251)
w(223,10,5,251)
w(24,7,5,251)
w(280,9,5,251)
r(345,7,5,251)
w(7,14,5,251)
w(169,8,5,251)
r(260,15,5,251)
w(233,12,5,251)
w(196,9,5,251)
w(95,8,5,251)
w(126,8,5,251)
w(140,15,5,251)
r(30,4,5,251)
w(30,9,5,251)
w(213,17,5,251)
w(273,13,5,251)
w(344,12,5,251)
r(108,2,5,251)
r(77,12,5,251)
w(5,18,6,252)
w(195,9,6,252)
r(216,9,6,252)
r(108,9,6,252)
w(192,9,6,252)
w(119,10,6,252)
r(155,2,6,252)
w(360,16,6,252)
r(142,14,6,252)
w(172,17,6,252)
w(63,15,6,252)
r(214,10,6,252)
w(76,13,6,252)
r(68,4,6,252)
r(244,9,6,252)
r(175,5,6,252)
w(276,9,6,252)
r(103,5,6,252)
w(93,8,6,252)
w(102,9,6,252)
w(77,2,1,253)
r(97,12,1,253)
w(214,4,1,253)
w(235,5,1,253)
r(107,11,1,253)
r(317,14,1,253)
w(109,4,1,253)
w(19,7,1,253)
w(222,7,1,253)
r(298,7,1,253)
r(19,7,1,253)
w(22,5,1,253)
w(109,5,1,253)
w(300,5,1,253)
r(266,6,1,253)
r(276,11,1,253)
w(348,4,1,253)
r(174,5,1,253)
w(79,4,1,253)
r(172,4,1,253)
r(239,5,2,254)
r(329,12,2,254)
r(145,9,2,254)
w(195,5,2,254)
w(130,5,2,254)
r(69,4,2,254)
w(116,2,2,254)
r(330,9,2,254)
r(22,9,2,254)
r(253,6,2,254)
r(133,12,2,254)
r(83,6,2,254)
w(75,12,2,254)
r(35,2,2,254)
r(16,14,2,254)
r(262,9,2,254)
r(341,4,2,254)
r(303,7,2,254)
w(295,7,2,254)
r(145,9,2,254)
w(232,14,3,255)
w(22,12,3,255)
r(1,7,3,255)
w(172,10,3,255)
r(244,10,3,255)
r(39,6,3,255)
w(273,14,3,255)
r(211,6,3,255)
w(23,6,3,255)
w(53,7,3,255)
r(261,8,3,255)
w(31,14,3,255)
w(139,12,3,255)
r(30,11,3,255)
r(220,6,3,255)
w(355,4,3,255)
r(9,12,3,255)
r(134,2,3,255)
r(121,2,3,255)
r(211,6,3,255)
r(22,9,4,256)
r(285,5,4,256)
r(80,11,4,256)
r(132,15,4,256)
r(259,6,4,256)
w(111,9,4,256)
r(229,9,4,256)
r(141,6,4,256)
w(271,10,4,256)
w(164,7,4,256)
w(338,12,4,256)
w(9,6,4,256)
w(77,12,4,256)
w(342,12,4,256)
r(174,5,4,256)
r(200,2,4,256)
w(186,10,4,256)
w(64,6,4,256)
w(39,7,4,256)
r(1,7,4,256)
w(148,6,5,257)
r(130,11,5,257)
r(144,7,5,257)
r(303,7,5,257)
w(320,12,5,257)
r(139,6,5,257)
w(250,11,5,257)
r(48,6,5,257)
r(296,9,5,257)
w(229,14,5,257)
w(104,17,5,257)
w(151,8,5,257)
w(20,9,5,257)
r(285,5,5,257)
w(318,8,5,257)
r(1,7,5,257)
w(21,8,5,257)
w(183,10,5,257)
w(197,14,5,257)
r(252,6,5,257)
r(144,7,6,258)
w(21,15,6,258)
r(180,14,6,258)
r(6,9,6,258)
w(95,13,6,258)
w(295,8,6,258)
w(201,10,6,258)
w(278,14,6,258)
w(135,14,6,258)
r(101,14,6,258)
w(244,10,6,258)
w(109,10,6,258)
w(248,10,6,258)
w(136,14,6,258)
r(90,4,6,258)
r(14,2,6,258)
w(169,10,6,258)
r(46,12,6,258)
w(218,15,6,258)
r(229,9,6,258)
w(119,4,1,259)
w(97,5,1,259)
w(283,7,1,259)
r(65,15,1,259)
r(245,11,1,259)
r(333,6,1,259)
r(130,12,1,259)
w(333,4,1,259)
w(276,2,1,259)
w(230,4,1,259)
w(76,7,1,259)
r(21,8,1,259)
w(288,4,1,259)
w(6,2,1,259)
w(274,14,1,259)
r(329,12,1,259)
r(345,7,1,259)
r(12,7,1,259)
w(353,2,1,259)
r(215,11,1,259)
w(141,12,2,260)
w(78,6,2,260)
w(128,14,2,260)
r(156,7,2,260)
r(31,7,2,260)
w(328,6,2,260)
r(71,12,2,260)
w(346,12,2,260)
r(110,9,2,260)
r(257,7,2,260)
w(289,5,2,260)
w(138,5,2,260)
r(71,12,2,260)
w(321,7,2,260)
w(43,6,2,260)
w(293,7,2,260)
w(18,6,2,260)
w(253,4,2,260)
w(205,5,2,260)
w(37,4,2,260)
r(252,6,3,261)
w(91,7,3,261)
r(77,14,3,261)
w(237,12,3,261)
r(134,2,3,261)
w(116,5,3,261)
r(281,4,3,261)
w(177,12,3,261)
w(4,5,3,261)
r(173,11,3,261)
w(274,8,3,261)
w(153,14,3,261)
w(76,8,3,261)
w(358,8,3,261)
r(126,8,3,261)
r(40,7,3,261)
r(2,14,3,261)
r(75,12,3,261)
w(12,9,3,261)
r(332,7,3,261)
r(302,11,4,262)
r(345,7,4,262)
r(197,14,4,262)
r(239,5,4,262)
r(203,7,4,262)
r(138,7,4,262)
w(267,12,4,262)
w(140,12,4,262)
w(184,4,4,262)
r(308,6,4,262)
r(29,19,4,262)
w(84,8,4,262)
w(130,12,4,262)
w(350,10,4,262)
w(237,11,4,262)
w(168,10,4,262)
r(128,5,4,262)
w(39,6,4,262)
w(96,6,4,262)
w(94,11,4,262)
r(252,6,5,263)
r(163,11,5,263)
w(6,11,5,263)
w(323,15,5,263)
r(291,8,5,263)
w(30,11,5,263)
w(200,9,5,263)
w(116,14,5,263)
r(340,7,5,263)
r(323,15,5,263)
w(74,9,5,263)
r(121,2,5,263)
w(185,9,5,263)
w(90,10,5,263)
r(37,4,5,263)
r(352,5,5,263)
w(54,9,5,263)
r(229,14,5,263)
w(257,14,5,263)
w(190,12,5,263)
w(103,11,6,264)
r(105,5,6,264)
r(176,7,6,264)
r(15,15,6,264)
r(219,4,6,264)
r(230,2,6,264)
r(51,7,6,264)
r(234,7,6,264)
r(351,5,6,264)
w(276,11,6,264)
r(283,15,6,264)
w(284,9,6,264)
w(350,18,6,264)
w(165,11,6,264)
w(26,8,6,264)
r(128,5,6,264)
r(89,10,6,264)
w(312,10,6,264)
r(182,16,6,264)
r(268,6,6,264)
r(235,9,1,265)
w(222,6,1,265)
r(328,6,1,265)
r(206,4,1,265)
w(300,7,1,265)
w(295,4,1,265)
r(72,7,1,265)
w(180,5,1,265)
r(78,6,1,265)
r(68,4,1,265)
r(328,6,1,265)
w(188,5,1,265)
r(150,8,1,265)
w(211,7,1,265)
r(252,6,1,265)
w(80,2,1,265)
r(247,12,1,265)
w(133,6,1,265)
r(57,8,1,265)
w(163,2,1,265)
r(271,10,2,266)
r(146,9,2,266)
r(184,4,2,266)
w(201,12,2,266)
w(179,5,2,266)
r(196,15,2,266)
w(56,7,2,266)
r(177,2,2,266)
r(238,8,2,266)
r(98,7,2,266)
w(89,9,2,266)
w(137,5,2,266)
r(219,6,2,266)
w(172,12,2,266)
r(330,9,2,266)
r(196,15,2,266)
w(245,12,2,266)
w(63,5,2,266)
r(78,6,2,266)
w(222,11,2,266)
w(15,12,3,267)
r(122,6,3,267)
r(280,9,3,267)
r(208,12,3,267)
w(193,14,3,267)
r(170,12,3,267)
r(5,9,3,267)
w(99,12,3,267)
w(236,9,3,267)
w(306,9,3,267)
w(330,7,3,267)
w(261,7,3,267)
r(139,12,3,267)
r(254,10,3,267)
w(12,11,3,267)
w(73,5,3,267)
r(61,4,3,267)
r(122,6,3,267)
w(304,8,3,267)
w(331,6,3,267)
r(175,7,4,268)
r(260,15,4,268)
w(219,6,4,268)
w(45,14,4,268)
w(200,12,4,268)
w(242,4,4,268)
w(331,9,4,268)
w(69,9,4,268)
w(314,12,4,268)
r(136,14,4,268)
r(32,10,4,268)
r(314,12,4,268)
r(78,6,4,268)
w(71,8,4,268)
r(289,5,4,268)
r(345,7,4,268)
w(9,12,4,268)
w(178,12,4,268)
r(302,11,4,268)
w(174,16,4,268)
r(103,11,5,269)
r(163,2,5,269)
w(70,5,5,269)
r(98,7,5,269)
w(78,11,5,269)
r(286,17,5,269)
w(70,7,5,269)
w(92,8,5,269)
w(107,6,5,269)
r(256,14,5,269)
w(204,12,5,269)
w(111,10,5,269)
w(56,10,5,269)
w(209,12,5,269)
w(29,13,5,269)
w(63,11,5,269)
r(256,14,5,269)
r(13,5,5,269)
r(176,7,5,269)
r(263,5,5,269)
w(356,8,6,270)
w(107,11,6,270)
r(187,14,6,270)
w(196,15,6,270)
w(29,19,6,270)
w(320,8,6,270)
w(77,15,6,270)
r(170,12,6,270)
w(34,16,6,270)
r(335,11,6,270)
w(143,15,6,270)
r(4,6,6,270)
w(335,8,6,270)
r(121,2,6,270)
r(125,4,6,270)
r(323,5,6,270)
r(266,6,6,270)
r(305,9,6,270)
w(323,13,6,270)
w(245,11,6,270)
r(331,9,1,271)
r(338,12,1,271)
w(142,4,1,271)
r(289,5,1,271)
r(228,6,1,271)
r(129,4,1,271)
r(319,7,1,271)
r(209,2,1,271)
w(156,4,1,271)
r(290,2,1,271)
w(147,4,1,271)
r(303,7,1,271)
w(297,2,1,271)
r(196,15,1,271)
w(216,4,1,271)
w(357,2,1,271)
w(164,5,1,271)
r(131,7,1,271)
r(248,10,1,271)
w(16,2,1,271)
r(90,10,3,272)
w(175,9,3,272)
r(21,8,3,272)
r(89,4,3,272)
w(105,6,3,272)
w(94,12,3,272)
w(299,7,3,272)
r(6,11,3,272)
w(204,6,3,272)
r(117,5,3,272)
w(326,14,3,272)
r(122,14,3,272)
w(4,7,3,272)
r(318,10,3,272)
w(166,7,3,272)
r(299,7,3,272)
r(151,8,3,272)
w(144,6,3,272)
w(81,7,3,272)
w(251,14,3,272)
r(253,4,4,273)
r(68,4,4,273)
w(104,10,4,273)
r(116,2,4,273)
r(72,7,4,273)
r(68,4,4,273)
r(80,11,4,273)
r(66,5,4,273)
r(309,14,4,273)
w(35,12,4,273)
w(302,14,4,273)
w(210,6,4,273)
w(54,6,4,273)
w(203,12,4,273)
w(192,6,4,273)
w(307,9,4,273)
w(173,11,4,273)
w(168,15,4,273)
w(224,14,4,273)
w(307,11,4,273)
w(12,17,5,274)
w(144,9,5,274)
r(134,2,5,274)
w(34,11,5,274)
r(208,12,5,274)
r(326,5,5,274)
w(293,11,5,274)
w(347,4,5,274)
w(234,12,5,274)
w(301,10,5,274)
w(132,9,5,274)
r(204,12,5,274)
w(47,14,5,274)
w(37,15,5,274)
w(53,9,5,274)
w(131,9,5,274)
r(268,6,5,274)
w(8,9,5,274)
r(11,7,5,274)
w(290,12,5,274)
r(214,4,6,275)
r(198,6,6,275)
w(197,8,6,275)
w(235,9,6,275)
r(16,14,6,275)
w(241,15,6,275)
r(274,12,6,275)
r(347,5,6,275)
w(140,17,6,275)
w(324,16,6,275)
r(342,12,6,275)
r(144,7,6,275)
r(208,12,6,275)
r(302,11,6,275)
w(284,11,6,275)
r(338,12,6,275)
r(235,9,6,275)
w(87,9,6,275)
r(61,4,6,275)
r(30,9,6,275)
w(84,2,1,276)
r(233,12,1,276)
r(232,12,1,276)
w(211,6,1,276)
r(19,7,1,276)
r(223,10,1,276)
w(93,2,1,276)
w(272,5,1,276)
r(10,10,1,276)
r(72,7,1,276)
r(145,9,1,276)
r(152,11,1,276)
w(48,2,1,276)
w(80,4,1,276)
w(155,5,1,276)
w(215,5,1,276)
r(103,11,1,276)
w(83,2,1,276)
w(233,4,1,276)
r(83,2,1,276)
w(44,5,3,277)
w(267,7,3,277)
w(181,12,3,277)
w(235,7,3,277)
r(309,9,3,277)
r(178,8,3,277)
r(84,2,3,277)
r(131,9,3,277)
r(24,7,3,277)
r(176,7,3,277)
r(1,7,3,277)
w(63,7,3,277)
w(154,12,3,277)
r(191,6,3,277)
r(224,14,3,277)
w(114,11,3,277)
r(358,2,3,277)
w(219,7,3,277)
w(44,7,3,277)
r(26,9,3,277)
r(222,6,4,278)
r(88,14,4,278)
r(183,10,4,278)
r(32,10,4,278)
w(12,15,4,278)
w(286,11,4,278)
r(254,10,4,278)
w(77,14,4,278)
w(153,8,4,278)
w(20,6,4,278)
w(264,9,4,278)
r(197,8,4,278)
r(104,18,4,278)
r(351,5,4,278)
r(285,5,4,278)
r(346,12,4,278)
r(110,9,4,278)
r(281,4,4,278)
w(272,14,4,278)
r(108,2,4,278)
w(240,15,5,279)
w(17,6,5,279)
w(128,15,5,279)
r(78,11,5,279)
w(209,14,5,279)
r(224,14,5,279)
w(2,9,5,279)
w(231,11,5,279)
r(297,2,5,279)
w(155,10,5,279)
r(71,8,5,279)
w(222,16,5,279)
r(238,8,5,279)
r(25,5,5,279)
w(318,10,5,279)
r(285,5,5,279)
w(60,11,5,279)
r(328,6,5,279)
w(317,16,5,279)
r(84,2,5,279)
w(254,10,6,280)
r(323,13,6,280)
r(11,7,6,280)
r(272,7,6,280)
r(269,5,6,280)
r(243,4,6,280)
r(106,4,6,280)
r(341,4,6,280)
w(16,9,6,280)
r(345,7,6,280)
r(293,7,6,280)
w(234,10,6,280)
w(344,14,6,280)
r(70,2,6,280)
w(150,8,6,280)
r(257,7,6,280)
w(286,17,6,280)
r(198,6,6,280)
r(39,6,6,280)
w(5,20,6,280)
w(318,5,1,281)
r(71,8,1,281)
w(231,7,1,281)
r(115,9,1,281)
r(8,9,1,281)
w(158,2,1,281)
w(42,2,1,281)
r(340,7,3,282)
r(271,10,3,282)
w(43,14,3,282)
w(310,12,3,282)
w(359,5,3,282)
w(252,4,3,282)
w(138,6,3,282)
w(352,9,3,282)
r(183,13,3,282)
w(272,12,3,282)
r(231,11,3,282)
r(283,17,3,282)
r(20,6,3,282)
r(43,14,3,282)
r(141,7,3,282)
r(333,8,3,282)
r(277,7,3,282)
w(261,6,3,282)
r(215,7,3,282)
r(73,5,3,282)
w(276,12,4,283)
r(291,8,4,283)
w(120,5,4,283)
r(114,14,4,283)
r(43,6,4,283)
w(93,7,4,283)
w(329,10,4,283)
w(120,7,4,283)
r(23,6,4,283)
r(154,17,4,283)
w(133,11,4,283)
w(284,12,4,283)
w(272,9,4,283)
r(267,12,4,283)
w(196,6,4,283)
r(202,8,4,283)
r(189,7,4,283)
r(313,2,4,283)
w(166,12,4,283)
w(185,14,4,283)
r(180,5,5,284)
w(167,11,5,284)
r(113,12,5,284)
w(336,14,5,284)
w(119,8,5,284)
r(319,7,5,284)
r(253,5,5,284)
r(334,2,5,284)
w(78,8,5,284)
r(251,14,5,284)
r(257,14,5,284)
w(86,13,5,284)
r(219,5,5,284)
r(53,9,5,284)
w(128,16,5,284)
w(123,6,5,284)
w(220,11,5,284)
w(295,9,5,284)
w(87,12,5,284)
r(306,9,5,284)
w(327,10,6,285)
w(104,18,6,285)
r(129,4,6,285)
w(175,17,6,285)
r(233,12,6,285)
r(40,7,6,285)
r(157,2,6,285)
w(307,17,6,285)
r(245,12,6,285)
r(241,15,6,285)
r(114,14,6,285)
w(154,17,6,285)
r(15,15,6,285)
w(29,21,6,285)
r(45,14,6,285)
r(75,12,6,285)
r(68,4,6,285)
w(213,3,6,285)
r(164,5,6,285)
r(90,10,6,285)
r(10,10,1,286)
w(144,2,1,286)
w(245,2,1,286)
r(151,8,1,286)
r(14,2,1,286)
r(325,7,1,286)
r(348,4,1,286)
w(305,4,1,286)
r(77,14,1,286)
w(341,5,1,286)
w(137,4,1,286)
r(166,12,1,286)
w(263,4,1,286)
w(302,5,1,286)
r(237,12,1,286)
r(60,5,1,286)
w(51,4,1,286)
r(175,17,1,286)
r(15,15,1,286)
r(270,5,1,286)
w(162,14,4,287)
r(34,11,4,287)
r(148,6,4,287)
r(32,10,4,287)
w(27,9,4,287)
w(79,10,4,287)
w(197,4,4,287)
r(339,6,4,287)
w(222,10,4,287)
r(24,7,4,287)
r(64,6,4,287)
w(292,10,4,287)
r(254,10,4,287)
w(159,9,4,287)
r(108,2,4,287)
w(132,14,4,287)
r(46,12,4,287)
w(115,14,4,287)
r(175,17,4,287)
r(13,5,4,287)
w(12,3,5,288)
r(17,6,5,288)
w(109,11,5,288)
w(283,17,5,288)
r(100,7,5,288)
r(283,17,5,288)
w(294,14,5,288)
w(350,13,5,288)
w(84,13,5,288)
r(299,7,5,288)
w(263,6,5,288)
r(135,14,5,288)
r(33,14,5,288)
r(226,12,5,288)
w(107,12,5,288)
w(196,11,5,288)
w(5,8,5,288)
r(135,14,5,288)
r(230,4,5,288)
w(327,8,5,288)
r(254,10,6,289)
r(65,15,6,289)
w(268,12,6,289)
w(229,8,6,289)
r(168,15,6,289)
r(34,11,6,289)
w(163,8,6,289)
w(246,8,6,289)
r(7,14,6,289)
r(243,4,6,289)
w(124,14,6,289)
r(322,4,6,289)
r(209,12,6,289)
w(56,17,6,289)
r(63,11,6,289)
r(356,8,6,289)
w(342,13,6,289)
w(173,16,6,289)
r(230,4,6,289)
w(199,9,6,289)
r(196,6,1,290)
r(184,4,1,290)
w(323,7,1,290)
w(324,5,1,290)
r(357,2,1,290)
r(306,11,1,290)
r(356,8,1,290)
w(358,2,1,290)
r(84,2,1,290)
w(329,4,1,290)
w(9,4,1,290)
w(114,7,1,290)
r(165,11,1,290)
r(179,5,1,290)
w(339,4,1,290)
r(171,6,1,290)
w(145,5,1,290)
r(32,17,1,290)
w(89,4,1,290)
r(84,2,1,290)
r(136,14,4,291)
w(321,6,4,291)
w(333,8,4,291)
r(50,9,4,291)
w(122,14,4,291)
w(55,14,4,291)
r(162,14,4,291)
w(65,8,4,291)
w(77,9,4,291)
w(267,14,4,291)
r(70,7,4,291)
r(340,7,4,291)
w(56,11,4,291)
w(92,14,4,291)
r(207,5,4,291)
r(246,8,4,291)
r(110,9,4,291)
w(281,10,4,291)
r(150,8,4,291)
r(70,7,4,291)
r(10,10,5,292)
w(177,8,5,292)
r(99,12,5,292)
r(202,8,5,292)
w(16,6,5,292)
r(42,12,5,292)
r(258,14,5,292)
w(233,14,5,292)
r(42,12,5,292)
r(67,12,5,292)
r(18,6,5,292)
r(270,5,5,292)
w(283,3,5,292)
w(282,11,5,292)
r(186,10,5,292)
r(240,15,5,292)
r(318,10,5,292)
w(283,18,5,292)
w(140,16,5,292)
r(139,12,5,292)
w(242,14,6,293)
r(93,7,6,293)
r(328,6,6,293)
r(84,2,6,293)
r(224,14,6,293)
w(290,11,6,293)
w(183,13,6,293)
w(214,16,6,293)
r(16,2,6,293)
w(52,9,6,293)
w(95,17,6,293)
r(295,4,6,293)
r(188,5,6,293)
w(155,15,6,293)
r(161,14,6,293)
w(32,17,6,293)
w(309,9,6,293)
w(178,8,6,293)
r(139,12,6,293)
w(215,18,6,293)
r(44,4,1,294)
w(174,7,1,294)
w(65,4,1,294)
w(320,4,1,294)
w(237,5,1,294)
r(279,2,1,294)
r(36,5,1,294)
w(261,4,1,294)
w(98,4,1,294)
r(270,5,1,294)
r(18,6,1,294)
w(134,5,1,294)
r(79,10,1,294)
r(232,14,1,294)
r(209,14,1,294)
w(23,2,1,294)
w(215,7,1,294)
w(86,4,1,294)
r(219,5,1,294)
w(76,6,1,294)
r(342,13,1,295)
r(144,6,1,295)
r(133,11,1,295)
w(245,4,1,295)
r(353,2,1,295)
w(141,7,1,295)
w(92,4,1,295)
r(42,12,1,295)
w(281,7,1,295)
r(225,7,1,295)
r(148,6,1,295)
r(23,2,1,295)
w(140,4,1,295)
r(193,14,1,295)
w(308,2,1,295)
w(48,4,1,295)
r(23,2,1,295)
r(359,6,1,295)
r(38,5,1,295)
w(61,2,1,295)
r(299,7,1,296)
w(282,2,1,296)
r(161,14,1,296)
w(111,6,1,296)
r(293,11,1,296)
w(336,2,1,296)
r(218,15,1,296)
r(112,8,1,296)
w(175,6,1,296)
w(154,4,1,296)
r(292,10,1,296)
r(227,7,1,296)
r(315,5,1,296)
r(345,7,1,296)
w(55,2,1,296)
w(81,4,1,296)
r(32,17,1,296)
r(177,12,1,296)
w(201,7,1,296)
w(8,5,1,296)
