w(1,1,0,0)
w(2,1,0,0)
w(3,1,0,0)
w(4,1,0,0)
w(5,1,0,0)
w(6,1,0,0)
w(7,1,0,0)
w(8,1,0,0)
w(9,1,0,0)
w(10,1,0,0)
w(11,1,0,0)
w(12,1,0,0)
w(13,1,0,0)
w(14,1,0,0)
w(15,1,0,0)
w(16,1,0,0)
w(17,1,0,0)
w(18,1,0,0)
w(19,1,0,0)
w(20,1,0,0)
w(21,1,0,0)
w(22,1,0,0)
w(23,1,0,0)
w(24,1,0,0)
w(25,1,0,0)
w(26,1,0,0)
w(27,1,0,0)
w(28,1,0,0)
w(29,1,0,0)
w(30,1,0,0)
w(31,1,0,0)
w(32,1,0,0)
w(33,1,0,0)
w(34,1,0,0)
w(35,1,0,0)
w(36,1,0,0)
w(37,1,0,0)
w(38,1,0,0)
w(39,1,0,0)
w(40,1,0,0)
w(41,1,0,0)
w(42,1,0,0)
w(43,1,0,0)
w(44,1,0,0)
w(45,1,0,0)
w(46,1,0,0)
w(47,1,0,0)
w(48,1,0,0)
w(49,1,0,0)
w(50,1,0,0)
w(51,1,0,0)
w(52,1,0,0)
w(53,1,0,0)
w(54,1,0,0)
w(55,1,0,0)
w(56,1,0,0)
w(57,1,0,0)
w(58,1,0,0)
w(59,1,0,0)
w(60,1,0,0)
w(61,1,0,0)
w(62,1,0,0)
w(63,1,0,0)
w(64,1,0,0)
w(65,1,0,0)
w(66,1,0,0)
w(67,1,0,0)
w(68,1,0,0)
w(69,1,0,0)
w(70,1,0,0)
w(71,1,0,0)
w(72,1,0,0)
w(73,1,0,0)
w(74,1,0,0)
w(75,1,0,0)
w(76,1,0,0)
w(77,1,0,0)
w(78,1,0,0)
w(79,1,0,0)
w(80,1,0,0)
w(81,1,0,0)
w(82,1,0,0)
w(83,1,0,0)
w(84,1,0,0)
w(85,1,0,0)
w(86,1,0,0)
w(87,1,0,0)
w(88,1,0,0)
w(89,1,0,0)
w(90,1,0,0)
w(91,1,0,0)
w(92,1,0,0)
w(93,1,0,0)
w(94,1,0,0)
w(95,1,0,0)
w(96,1,0,0)
w(97,1,0,0)
w(98,1,0,0)
w(99,1,0,0)
w(100,1,0,0)
w(101,1,0,0)
w(102,1,0,0)
w(103,1,0,0)
w(104,1,0,0)
w(105,1,0,0)
w(106,1,0,0)
w(107,1,0,0)
w(108,1,0,0)
w(109,1,0,0)
w(110,1,0,0)
w(111,1,0,0)
w(112,1,0,0)
w(113,1,0,0)
w(114,1,0,0)
w(115,1,0,0)
w(116,1,0,0)
w(117,1,0,0)
w(118,1,0,0)
w(119,1,0,0)
w(120,1,0,0)
w(121,1,0,0)
w(122,1,0,0)
w(123,1,0,0)
w(124,1,0,0)
w(125,1,0,0)
w(126,1,0,0)
w(127,1,0,0)
w(128,1,0,0)
w(129,1,0,0)
w(130,1,0,0)
w(131,1,0,0)
w(132,1,0,0)
w(133,1,0,0)
w(134,1,0,0)
w(135,1,0,0)
w(136,1,0,0)
w(137,1,0,0)
w(138,1,0,0)
w(139,1,0,0)
w(140,1,0,0)
w(141,1,0,0)
w(142,1,0,0)
w(143,1,0,0)
w(144,1,0,0)
w(145,1,0,0)
w(146,1,0,0)
w(147,1,0,0)
w(148,1,0,0)
w(149,1,0,0)
w(150,1,0,0)
w(151,1,0,0)
w(152,1,0,0)
w(153,1,0,0)
w(154,1,0,0)
w(155,1,0,0)
w(156,1,0,0)
w(157,1,0,0)
w(158,1,0,0)
w(159,1,0,0)
w(160,1,0,0)
w(161,1,0,0)
w(162,1,0,0)
w(163,1,0,0)
w(164,1,0,0)
w(165,1,0,0)
w(166,1,0,0)
w(167,1,0,0)
w(168,1,0,0)
w(169,1,0,0)
w(170,1,0,0)
w(171,1,0,0)
w(172,1,0,0)
w(173,1,0,0)
w(174,1,0,0)
w(175,1,0,0)
w(176,1,0,0)
w(177,1,0,0)
w(178,1,0,0)
w(179,1,0,0)
w(180,1,0,0)
w(181,1,0,0)
w(182,1,0,0)
w(183,1,0,0)
w(184,1,0,0)
w(185,1,0,0)
w(186,1,0,0)
w(187,1,0,0)
w(188,1,0,0)
w(189,1,0,0)
w(190,1,0,0)
w(191,1,0,0)
w(192,1,0,0)
w(193,1,0,0)
w(194,1,0,0)
w(195,1,0,0)
w(196,1,0,0)
w(197,1,0,0)
w(198,1,0,0)
w(199,1,0,0)
w(200,1,0,0)
w(201,1,0,0)
w(202,1,0,0)
w(203,1,0,0)
w(204,1,0,0)
w(205,1,0,0)
w(206,1,0,0)
w(207,1,0,0)
w(208,1,0,0)
w(209,1,0,0)
w(210,1,0,0)
w(211,1,0,0)
w(212,1,0,0)
w(213,1,0,0)
w(214,1,0,0)
w(215,1,0,0)
w(216,1,0,0)
w(217,1,0,0)
w(218,1,0,0)
w(219,1,0,0)
w(220,1,0,0)
w(221,1,0,0)
w(222,1,0,0)
w(223,1,0,0)
w(224,1,0,0)
w(225,1,0,0)
w(226,1,0,0)
w(227,1,0,0)
w(228,1,0,0)
w(229,1,0,0)
w(230,1,0,0)
w(231,1,0,0)
w(232,1,0,0)
w(233,1,0,0)
w(234,1,0,0)
w(235,1,0,0)
w(236,1,0,0)
w(237,1,0,0)
w(238,1,0,0)
w(239,1,0,0)
w(240,1,0,0)
w(241,1,0,0)
w(242,1,0,0)
w(243,1,0,0)
w(244,1,0,0)
w(245,1,0,0)
w(246,1,0,0)
w(247,1,0,0)
w(248,1,0,0)
w(249,1,0,0)
w(250,1,0,0)
w(251,1,0,0)
w(252,1,0,0)
w(253,1,0,0)
w(254,1,0,0)
w(255,1,0,0)
w(256,1,0,0)
w(257,1,0,0)
w(258,1,0,0)
w(259,1,0,0)
w(260,1,0,0)
w(261,1,0,0)
w(262,1,0,0)
w(263,1,0,0)
w(264,1,0,0)
w(265,1,0,0)
w(266,1,0,0)
w(267,1,0,0)
w(268,1,0,0)
w(269,1,0,0)
w(270,1,0,0)
w(271,1,0,0)
w(272,1,0,0)
w(273,1,0,0)
w(274,1,0,0)
w(275,1,0,0)
w(276,1,0,0)
w(277,1,0,0)
w(278,1,0,0)
w(279,1,0,0)
w(280,1,0,0)
w(281,1,0,0)
w(282,1,0,0)
w(283,1,0,0)
w(284,1,0,0)
w(285,1,0,0)
w(286,1,0,0)
w(287,1,0,0)
w(288,1,0,0)
w(289,1,0,0)
w(290,1,0,0)
w(291,1,0,0)
w(292,1,0,0)
w(293,1,0,0)
w(294,1,0,0)
w(295,1,0,0)
w(296,1,0,0)
w(297,1,0,0)
w(298,1,0,0)
w(299,1,0,0)
w(300,1,0,0)
w(6,2,1,1)
w(113,2,1,1)
w(265,2,1,1)
w(281,2,1,1)
w(10,2,1,1)
r(186,1,1,1)
r(244,1,1,1)
w(51,2,1,1)
w(78,2,1,1)
w(20,2,1,1)
r(167,1,1,1)
r(263,1,1,1)
w(202,2,1,1)
r(200,1,1,1)
w(95,2,1,1)
w(255,2,1,1)
r(151,1,1,1)
w(2,2,1,1)
w(143,2,1,1)
r(2,2,1,1)
r(267,1,2,2)
r(83,1,2,2)
r(201,1,2,2)
r(159,1,2,2)
r(50,1,2,2)
r(58,1,2,2)
w(8,2,2,2)
r(223,1,2,2)
w(180,6,2,2)
w(158,4,2,2)
w(113,4,2,2)
w(129,4,2,2)
w(122,2,2,2)
r(250,1,2,2)
w(183,2,2,2)
r(203,1,2,2)
r(31,1,2,2)
r(257,1,2,2)
w(19,4,2,2)
w(148,2,2,2)
r(80,1,3,3)
w(279,2,3,3)
w(130,7,3,3)
r(77,1,3,3)
r(81,1,3,3)
w(18,5,4,4)
r(68,1,4,4)
w(35,7,4,4)
r(249,1,4,4)
r(104,1,4,4)
r(84,1,4,4)
r(117,1,4,4)
r(104,1,4,4)
w(277,10,4,4)
r(240,1,4,4)
w(135,5,4,4)
r(156,1,4,4)
w(266,10,4,4)
r(296,1,4,4)
w(219,5,4,4)
r(139,1,4,4)
w(174,4,4,4)
w(126,8,4,4)
w(27,5,4,4)
r(278,1,4,4)
r(217,1,5,5)
r(153,1,5,5)
r(162,1,5,5)
r(130,1,5,5)
w(287,4,5,5)
w(42,6,5,5)
r(8,2,5,5)
r(50,1,5,5)
r(53,1,5,5)
r(152,1,5,5)
r(89,1,5,5)
r(218,1,5,5)
r(123,1,5,5)
r(66,1,5,5)
r(88,1,5,5)
w(137,6,5,5)
r(282,1,5,5)
w(3,7,5,5)
w(70,6,5,5)
r(293,1,5,5)
w(262,8,6,6)
w(154,3,6,6)
r(92,1,6,6)
r(14,1,6,6)
w(106,10,6,6)
w(236,3,6,6)
r(220,1,6,6)
r(287,1,6,6)
r(182,1,6,6)
r(200,1,6,6)
r(186,1,6,6)
r(264,1,6,6)
r(184,1,6,6)
w(81,8,6,6)
r(222,1,6,6)
w(133,5,6,6)
w(259,7,6,6)
r(41,1,6,6)
r(53,1,6,6)
w(76,6,6,6)
r(154,3,1,7)
w(50,2,1,7)
r(130,1,1,7)
w(242,2,1,7)
r(91,1,1,7)
w(298,2,1,7)
w(173,2,1,7)
w(204,2,1,7)
r(136,1,1,7)
w(15,2,1,7)
r(50,2,1,7)
r(143,2,1,7)
w(146,2,1,7)
r(38,1,1,7)
w(66,2,1,7)
r(77,1,1,7)
w(265,4,1,7)
r(58,1,1,7)
r(135,5,1,7)
r(90,6,1,7)
r(204,1,2,8)
r(52,1,2,8)
w(196,4,2,8)
w(286,4,2,8)
r(65,1,2,8)
r(43,1,2,8)
r(75,1,2,8)
w(101,5,2,8)
w(82,4,2,8)
w(220,2,2,8)
w(147,2,2,8)
r(231,1,2,8)
w(180,5,2,8)
w(153,4,2,8)
r(143,2,2,8)
w(210,4,2,8)
r(136,1,2,8)
w(19,6,2,8)
w(112,2,2,8)
w(261,4,2,8)
r(156,1,3,9)
r(125,1,3,9)
w(93,3,3,9)
w(242,5,3,9)
w(74,5,3,9)
r(274,1,3,9)
w(218,6,3,9)
w(129,6,3,9)
r(47,1,3,9)
w(13,6,3,9)
r(86,1,3,9)
r(84,1,3,9)
w(172,6,3,9)
r(96,1,3,9)
w(187,7,3,9)
w(8,4,3,9)
r(244,1,3,9)
w(255,5,3,9)
w(222,4,3,9)
r(155,1,3,9)
w(59,6,4,10)
r(234,1,4,10)
w(279,4,4,10)
r(299,1,4,10)
w(232,8,4,10)
w(254,6,4,10)
w(34,2,4,10)
w(290,6,4,10)
w(106,5,4,10)
w(293,7,4,10)
r(156,1,4,10)
w(253,4,4,10)
w(15,3,4,10)
w(211,4,4,10)
r(183,2,4,10)
r(124,1,4,10)
w(16,10,4,10)
r(41,1,4,10)
r(44,1,4,10)
r(185,1,4,10)
r(219,5,5,11)
r(33,1,5,11)
r(46,1,5,11)
r(248,1,5,11)
w(140,3,5,11)
r(10,2,5,11)
r(58,1,5,11)
w(90,6,5,11)
w(149,6,5,11)
w(89,10,5,11)
r(145,1,5,11)
r(288,1,5,11)
w(269,10,5,11)
r(211,4,5,11)
r(279,4,5,11)
r(3,7,5,11)
r(125,1,5,11)
r(272,1,5,11)
r(293,7,5,11)
w(275,5,5,11)
w(162,9,6,12)
r(171,1,6,12)
w(192,3,6,12)
w(96,3,6,12)
r(171,1,6,12)
w(212,5,6,12)
w(173,9,6,12)
r(229,1,6,12)
w(24,5,6,12)
w(71,4,6,12)
w(267,3,6,12)
r(2,2,6,12)
w(28,3,6,12)
w(8,3,6,12)
r(71,4,6,12)
w(280,9,6,12)
r(109,1,6,12)
r(26,1,6,12)
w(141,5,6,12)
r(120,1,6,12)
w(106,2,1,13)
r(257,1,1,13)
w(9,2,1,13)
w(176,2,1,13)
w(246,2,1,13)
w(136,2,1,13)
w(168,4,1,13)
w(265,6,1,13)
w(9,4,1,13)
r(102,1,1,13)
r(158,4,1,13)
r(252,1,1,13)
r(19,5,1,13)
w(37,2,1,13)
w(269,2,1,13)
w(99,2,1,13)
w(182,2,1,13)
r(170,6,1,13)
w(31,2,1,13)
w(65,2,1,13)
w(66,6,2,14)
r(181,1,2,14)
w(56,4,2,14)
r(45,1,2,14)
r(225,1,2,14)
w(251,2,2,14)
w(19,5,2,14)
w(221,4,2,14)
r(9,1,2,14)
w(88,2,2,14)
w(41,2,2,14)
r(2,2,2,14)
r(103,1,2,14)
w(36,4,2,14)
r(81,8,2,14)
w(25,4,2,14)
w(187,6,2,14)
r(144,1,2,14)
r(115,1,2,14)
w(84,2,2,14)
w(101,3,3,15)
w(255,7,3,15)
w(85,4,3,15)
w(1,6,3,15)
r(252,1,3,15)
r(287,4,3,15)
r(65,5,3,15)
r(267,3,3,15)
w(201,6,3,15)
r(103,1,3,15)
r(186,1,3,15)
r(253,4,3,15)
r(284,1,3,15)
r(57,6,3,15)
w(65,3,3,15)
r(234,1,3,15)
r(264,1,3,15)
r(219,5,3,15)
r(1,6,3,15)
w(137,2,3,15)
w(148,5,4,16)
w(41,5,4,16)
r(214,1,4,16)
r(9,1,4,16)
w(133,6,4,16)
r(192,1,4,16)
w(41,7,4,16)
r(112,2,4,16)
r(296,1,4,16)
r(60,1,4,16)
w(33,6,4,16)
r(144,1,4,16)
r(220,2,4,16)
w(28,5,4,16)
w(73,3,4,16)
w(99,7,4,16)
w(119,9,4,16)
w(99,3,4,16)
r(96,1,4,16)
w(295,5,4,16)
w(221,7,5,17)
r(251,2,5,17)
r(51,2,5,17)
w(193,8,5,17)
r(195,1,5,17)
w(8,5,5,17)
w(170,6,5,17)
w(161,3,5,17)
r(233,1,5,17)
r(239,1,5,17)
w(216,7,5,17)
w(262,3,5,17)
r(196,4,5,17)
r(99,1,5,17)
w(84,5,5,17)
w(68,9,5,17)
r(183,2,5,17)
w(236,6,5,17)
w(57,6,5,17)
w(226,6,5,17)
r(254,6,6,18)
w(78,7,6,18)
w(58,5,6,18)
r(60,1,6,18)
r(94,1,6,18)
w(114,5,6,18)
r(73,3,6,18)
w(35,10,6,18)
r(170,6,6,18)
w(161,8,6,18)
w(51,10,6,18)
r(49,1,6,18)
w(149,3,6,18)
w(35,9,6,18)
r(265,4,6,18)
r(149,3,6,18)
r(197,1,6,18)
w(268,6,6,18)
w(271,8,6,18)
r(108,1,6,18)
r(61,1,1,19)
w(222,2,1,19)
r(78,7,1,19)
r(294,1,1,19)
w(224,2,1,19)
r(12,1,1,19)
r(181,4,1,19)
w(190,2,1,19)
r(295,5,1,19)
w(109,2,1,19)
w(291,2,1,19)
r(179,1,1,19)
w(104,2,1,19)
w(246,4,1,19)
r(199,5,1,19)
r(115,1,1,19)
r(47,1,1,19)
r(11,1,1,19)
w(126,4,1,19)
r(50,2,1,19)
w(126,5,2,20)
w(282,2,2,20)
w(93,6,2,20)
w(237,6,2,20)
r(186,1,2,20)
r(131,1,2,20)
w(65,5,2,20)
r(273,1,2,20)
w(118,6,2,20)
r(88,2,2,20)
r(94,1,2,20)
r(117,1,2,20)
w(14,6,2,20)
r(15,3,2,20)
r(53,1,2,20)
r(44,1,2,20)
r(248,1,2,20)
w(240,5,2,20)
w(293,6,2,20)
r(292,1,2,20)
w(15,5,3,21)
w(10,6,3,21)
w(263,4,3,21)
w(286,5,3,21)
r(225,1,3,21)
w(133,4,3,21)
r(249,1,3,21)
r(83,1,3,21)
r(108,1,3,21)
w(89,7,3,21)
w(181,4,3,21)
r(218,6,3,21)
w(75,6,3,21)
r(235,1,3,21)
w(159,4,3,21)
w(157,4,3,21)
r(258,1,3,21)
r(197,1,3,21)
r(76,6,3,21)
w(55,4,3,21)
r(38,1,4,22)
r(97,1,4,22)
r(236,6,4,22)
r(167,1,4,22)
r(44,1,4,22)
w(291,5,4,22)
r(89,10,4,22)
w(44,7,4,22)
r(239,1,4,22)
r(31,1,4,22)
w(279,6,4,22)
w(10,7,4,22)
r(54,1,4,22)
w(43,5,4,22)
r(15,2,4,22)
w(140,6,4,22)
w(189,4,4,22)
r(159,1,4,22)
w(290,5,4,22)
r(38,1,4,22)
w(4,7,5,23)
w(42,5,5,23)
r(192,3,5,23)
w(227,7,5,23)
w(275,7,5,23)
r(171,1,5,23)
r(145,1,5,23)
r(154,3,5,23)
r(229,1,5,23)
r(136,1,5,23)
r(284,1,5,23)
r(41,7,5,23)
w(293,10,5,23)
w(227,3,5,23)
w(206,4,5,23)
r(252,1,5,23)
r(57,6,5,23)
r(90,6,5,23)
w(100,3,5,23)
w(297,6,5,23)
r(215,1,6,24)
r(20,2,6,24)
r(114,5,6,24)
r(218,6,6,24)
r(83,1,6,24)
w(32,7,6,24)
r(213,1,6,24)
w(299,5,6,24)
w(76,5,6,24)
w(147,5,6,24)
w(298,7,6,24)
w(76,7,6,24)
w(59,5,6,24)
r(63,6,6,24)
w(77,7,6,24)
w(250,5,6,24)
r(271,8,6,24)
r(10,6,6,24)
r(124,1,6,24)
r(89,6,6,24)
r(123,4,1,25)
r(25,8,1,25)
r(159,4,1,25)
w(289,2,1,25)
r(21,1,1,25)
w(106,4,1,25)
w(169,2,1,25)
w(285,2,1,25)
r(82,4,1,25)
r(120,6,1,25)
r(202,2,1,25)
w(25,2,1,25)
r(156,1,1,25)
w(125,2,1,25)
w(69,2,1,25)
r(294,1,1,25)
r(86,4,1,25)
r(246,4,1,25)
r(147,7,1,25)
w(197,2,1,25)
r(170,6,2,26)
r(178,1,2,26)
w(117,2,2,26)
w(114,2,2,26)
r(155,1,2,26)
w(27,4,2,26)
w(297,2,2,26)
w(205,2,2,26)
w(75,2,2,26)
w(102,2,2,26)
w(109,6,2,26)
r(57,2,2,26)
w(266,4,2,26)
r(211,4,2,26)
w(105,4,2,26)
r(30,1,2,26)
r(269,2,2,26)
r(233,1,2,26)
r(150,1,2,26)
w(149,4,3,27)
w(40,7,3,27)
w(280,5,3,27)
r(279,6,3,27)
w(274,4,3,27)
w(63,6,3,27)
w(194,4,3,27)
r(187,6,3,27)
w(247,2,3,27)
r(198,1,3,27)
r(82,4,3,27)
r(127,1,3,27)
w(74,7,3,27)
w(290,4,3,27)
w(289,5,3,27)
w(7,4,3,27)
r(283,1,3,27)
w(119,7,3,27)
w(250,4,3,27)
r(273,1,3,27)
w(123,5,4,28)
r(296,1,4,28)
r(124,1,4,28)
r(81,8,4,28)
r(285,1,4,28)
w(144,6,4,28)
w(94,4,4,28)
w(23,3,4,28)
w(66,5,4,28)
r(173,2,4,28)
r(14,6,4,28)
r(69,1,4,28)
r(88,2,4,28)
w(140,5,4,28)
r(154,3,4,28)
r(87,1,4,28)
w(196,8,4,28)
w(57,2,4,28)
r(124,1,4,28)
w(129,7,4,28)
w(142,6,5,29)
r(250,1,5,29)
w(230,4,5,29)
w(72,7,5,29)
w(1,5,5,29)
r(124,1,5,29)
r(11,1,5,29)
r(179,1,5,29)
r(157,1,5,29)
r(148,5,5,29)
w(91,7,5,29)
w(13,3,5,29)
w(117,7,5,29)
w(128,6,5,29)
w(199,5,5,29)
r(23,1,5,29)
w(72,3,5,29)
w(220,6,5,29)
r(247,1,5,29)
r(268,6,5,29)
w(214,10,6,30)
r(212,6,6,30)
r(42,3,6,30)
r(253,4,6,30)
w(127,8,6,30)
r(266,10,6,30)
r(73,3,6,30)
w(154,8,6,30)
r(245,1,6,30)
w(129,8,6,30)
r(15,6,6,30)
w(268,5,6,30)
r(94,4,6,30)
w(145,10,6,30)
r(40,5,6,30)
r(18,5,6,30)
w(177,9,6,30)
w(252,5,6,30)
r(192,3,6,30)
w(147,7,6,30)
r(82,4,1,31)
r(179,4,1,31)
w(68,2,1,31)
r(152,4,1,31)
w(65,4,1,31)
w(299,2,1,31)
r(41,4,1,31)
w(201,2,1,31)
w(97,2,1,31)
w(237,2,1,31)
r(168,4,1,31)
r(218,6,1,31)
w(240,2,1,31)
r(49,1,1,31)
r(283,6,1,31)
w(284,2,1,31)
w(224,4,1,31)
r(22,4,1,31)
w(224,6,1,31)
r(162,9,1,31)
r(187,6,2,32)
w(103,2,2,32)
r(91,7,2,32)
r(137,2,2,32)
w(164,2,2,32)
r(39,1,2,32)
w(89,6,2,32)
r(280,5,2,32)
r(59,6,2,32)
r(23,3,2,32)
w(173,5,2,32)
r(298,2,2,32)
r(286,5,2,32)
w(86,4,2,32)
r(89,6,2,32)
w(74,2,2,32)
w(29,2,2,32)
r(162,9,2,32)
w(255,4,2,32)
w(41,4,2,32)
w(273,4,3,33)
w(27,6,3,33)
w(183,6,3,33)
r(49,1,3,33)
r(280,5,3,33)
r(262,3,3,33)
w(96,6,3,33)
w(155,4,3,33)
w(120,6,3,33)
r(252,1,3,33)
r(87,1,3,33)
w(144,2,3,33)
r(289,5,3,33)
w(40,3,3,33)
w(272,6,3,33)
r(208,1,3,33)
r(20,2,3,33)
w(269,3,3,33)
r(198,1,3,33)
r(138,1,3,33)
r(129,7,4,34)
w(69,4,4,34)
w(242,8,4,34)
w(135,7,4,34)
w(198,4,4,34)
w(179,2,4,34)
r(59,6,4,34)
w(216,5,4,34)
w(182,7,4,34)
r(245,1,4,34)
w(188,8,5,35)
w(163,4,5,35)
r(145,1,5,35)
w(214,3,5,35)
w(56,7,5,35)
w(42,3,5,35)
r(134,1,5,35)
r(120,1,5,35)
r(190,2,5,35)
r(180,5,5,35)
r(244,1,5,35)
w(283,4,5,35)
w(210,7,5,35)
r(110,1,5,35)
r(287,4,5,35)
r(110,1,5,35)
r(125,1,5,35)
r(168,4,5,35)
w(249,10,5,35)
r(153,4,5,35)
r(173,7,6,36)
w(203,3,6,36)
r(246,4,6,36)
w(236,10,6,36)
r(107,1,6,36)
w(241,7,6,36)
r(264,2,6,36)
w(10,11,6,36)
r(132,1,6,36)
w(283,5,6,36)
w(50,7,6,36)
r(153,4,6,36)
r(14,6,6,36)
w(5,7,6,36)
r(159,4,6,36)
w(110,5,6,36)
w(44,10,6,36)
r(284,1,6,36)
r(225,1,6,36)
w(294,5,6,36)
w(198,2,1,37)
w(56,2,1,37)
w(228,2,1,37)
w(46,2,1,37)
r(92,1,1,37)
r(151,1,1,37)
w(16,4,1,37)
r(261,4,1,37)
r(82,4,1,37)
w(158,2,1,37)
w(68,4,1,37)
r(135,5,1,37)
w(109,4,1,37)
w(36,2,1,37)
r(2,2,1,37)
r(6,2,1,37)
r(284,2,1,37)
w(226,2,1,37)
r(83,1,1,37)
w(219,2,1,37)
r(191,1,2,38)
w(26,2,2,38)
w(291,6,2,38)
r(256,1,2,38)
r(234,1,2,38)
w(15,4,2,38)
w(114,4,2,38)
w(51,6,2,38)
w(9,6,2,38)
r(155,4,2,38)
w(40,5,2,38)
w(15,6,2,38)
w(195,2,2,38)
r(118,6,2,38)
r(39,1,2,38)
r(13,3,2,38)
r(172,6,2,38)
r(131,1,2,38)
r(114,4,2,38)
r(212,6,2,38)
w(152,4,3,39)
w(190,4,3,39)
w(123,4,3,39)
w(182,6,3,39)
r(74,2,3,39)
r(221,7,3,39)
r(6,2,3,39)
w(100,6,3,39)
r(7,4,3,39)
w(180,3,3,39)
r(87,1,3,39)
r(162,9,3,39)
r(156,1,3,39)
w(111,7,3,39)
r(167,1,3,39)
r(176,2,3,39)
r(75,6,3,39)
w(173,7,3,39)
r(221,7,3,39)
r(90,6,3,39)
w(258,7,4,40)
r(211,4,4,40)
r(68,9,4,40)
r(220,6,4,40)
r(34,2,4,40)
r(178,1,4,40)
w(139,4,4,40)
w(36,5,4,40)
w(38,4,4,40)
r(31,2,4,40)
w(79,5,4,40)
w(233,6,4,40)
w(288,4,4,40)
r(80,1,4,40)
r(63,6,4,40)
w(65,8,4,40)
w(212,6,4,40)
r(138,1,4,40)
r(148,5,4,40)
w(43,7,4,40)
r(253,4,5,41)
r(77,7,5,41)
r(90,6,5,41)
r(144,2,5,41)
w(13,8,5,41)
w(25,8,5,41)
w(233,8,5,41)
w(22,4,5,41)
w(66,3,5,41)
w(191,3,5,41)
w(130,10,5,41)
w(3,3,5,41)
r(208,1,5,41)
r(28,3,5,41)
r(101,3,5,41)
r(57,2,5,41)
w(36,10,5,41)
w(232,9,5,41)
r(6,2,5,41)
r(281,2,5,41)
w(87,6,6,42)
r(236,5,6,42)
w(101,11,6,42)
w(37,5,6,42)
r(177,7,6,42)
r(55,6,6,42)
w(231,5,6,42)
w(54,6,6,42)
w(157,3,6,42)
w(75,7,6,42)
r(3,3,6,42)
r(14,6,6,42)
r(178,1,6,42)
r(27,6,6,42)
w(49,11,6,42)
r(149,4,6,42)
r(136,2,6,42)
w(27,3,6,42)
w(102,5,6,42)
w(262,9,6,42)
r(76,4,1,43)
r(290,8,1,43)
r(235,1,1,43)
w(160,4,1,43)
w(104,4,1,43)
w(300,2,1,43)
w(201,4,1,43)
w(213,2,1,43)
w(277,2,1,43)
r(86,5,1,43)
r(23,3,1,43)
r(273,4,1,43)
r(164,2,1,43)
r(274,4,1,43)
w(214,2,1,43)
r(90,6,1,43)
w(97,4,1,43)
w(261,2,1,43)
r(108,1,1,43)
w(223,2,1,43)
r(128,6,2,44)
w(106,6,2,44)
r(149,4,2,44)
r(93,6,2,44)
r(212,6,2,44)
w(1,4,2,44)
r(243,1,2,44)
w(196,6,2,44)
w(68,6,2,44)
w(260,4,2,44)
r(216,7,2,44)
r(84,5,2,44)
w(264,2,2,44)
w(75,4,2,44)
r(164,2,2,44)
r(186,1,2,44)
w(257,2,2,44)
r(62,1,2,44)
r(281,2,2,44)
w(50,4,2,44)
r(275,7,3,45)
r(131,1,3,45)
w(211,2,3,45)
w(186,4,3,45)
r(66,3,3,45)
w(73,5,3,45)
w(241,2,3,45)
r(225,1,3,45)
w(96,5,3,45)
r(27,6,3,45)
w(262,7,3,45)
w(134,4,3,45)
r(109,2,3,45)
r(112,2,3,45)
r(103,2,3,45)
r(47,1,3,45)
w(175,6,3,45)
r(62,1,3,45)
w(52,4,3,45)
r(171,1,3,45)
r(130,10,4,46)
w(144,5,4,46)
w(60,4,4,46)
r(170,6,4,46)
w(197,6,4,46)
w(55,6,4,46)
r(275,7,4,46)
w(72,5,4,46)
w(228,6,4,46)
w(68,10,4,46)
r(76,7,4,46)
w(227,6,4,46)
w(179,4,4,46)
r(166,1,4,46)
r(281,2,4,46)
w(124,4,4,46)
w(177,7,4,46)
r(295,5,4,46)
r(186,4,4,46)
r(147,7,4,46)
r(89,6,5,47)
r(79,5,5,47)
r(253,4,5,47)
r(279,6,5,47)
r(74,2,5,47)
r(218,6,5,47)
r(24,5,5,47)
r(190,4,5,47)
r(214,10,5,47)
w(190,7,5,47)
r(187,6,5,47)
w(237,10,5,47)
r(271,8,5,47)
r(44,7,5,47)
r(23,3,5,47)
w(104,6,5,47)
r(23,3,5,47)
r(22,4,5,47)
r(78,7,5,47)
r(25,2,5,47)
r(200,1,6,48)
w(50,3,6,48)
r(20,2,6,48)
w(162,11,6,48)
w(2,6,6,48)
r(99,2,6,48)
r(102,6,6,48)
w(163,5,6,48)
w(10,12,6,48)
w(9,3,6,48)
r(66,3,6,48)
r(177,7,6,48)
r(271,8,6,48)
w(51,9,6,48)
r(182,6,6,48)
r(172,6,6,48)
r(91,7,6,48)
w(281,5,6,48)
r(173,7,6,48)
w(260,9,6,48)
r(230,2,1,49)
r(297,6,1,49)
r(76,4,1,49)
w(97,6,1,49)
r(81,5,1,49)
w(212,2,1,49)
r(151,1,1,49)
w(191,2,1,49)
w(47,4,1,49)
r(124,6,1,49)
w(182,4,1,49)
r(120,6,1,49)
r(174,4,1,49)
r(158,10,1,49)
r(175,6,1,49)
w(225,2,1,49)
r(129,8,1,49)
w(237,4,1,49)
r(165,1,1,49)
w(153,2,1,49)
w(289,6,2,50)
r(198,2,2,50)
r(230,2,2,50)
r(165,1,2,50)
r(252,5,2,50)
w(251,4,2,50)
w(143,4,2,50)
r(258,7,2,50)
r(289,6,2,50)
r(257,2,2,50)
r(226,2,2,50)
w(18,2,2,50)
r(295,5,2,50)
r(40,5,2,50)
r(125,2,2,50)
r(137,2,2,50)
w(169,4,2,50)
w(79,2,2,50)
r(50,3,2,50)
w(238,2,2,50)
r(209,1,3,51)
r(155,4,3,51)
r(131,1,3,51)
w(280,7,3,51)
w(30,4,3,51)
w(24,6,3,51)
r(149,4,3,51)
w(285,5,3,51)
r(49,1,3,51)
w(170,2,3,51)
w(26,6,3,51)
r(200,1,3,51)
r(277,10,3,51)
r(1,4,3,51)
r(108,1,3,51)
r(224,2,3,51)
w(131,5,3,51)
r(4,7,3,51)
w(144,4,3,51)
r(48,1,3,51)
w(170,4,4,52)
r(242,2,4,52)
w(260,7,4,52)
w(230,2,4,52)
r(222,2,4,52)
r(123,4,4,52)
w(187,3,4,52)
w(139,6,4,52)
r(295,5,4,52)
r(176,2,4,52)
r(272,6,4,52)
w(227,5,4,52)
r(18,5,4,52)
r(157,3,4,52)
r(50,7,4,52)
w(49,7,4,52)
r(152,4,4,52)
w(195,4,4,52)
r(138,1,4,52)
w(202,10,4,52)
r(232,9,5,53)
r(244,1,5,53)
w(87,4,5,53)
r(77,7,5,53)
w(95,6,5,53)
r(18,5,5,53)
r(70,6,5,53)
r(233,8,5,53)
w(236,5,5,53)
w(264,10,5,53)
r(101,3,5,53)
r(227,6,5,53)
w(64,4,5,53)
r(122,2,5,53)
w(283,6,5,53)
w(8,7,5,53)
r(63,6,5,53)
r(292,1,5,53)
w(74,8,5,53)
w(11,4,5,53)
w(121,7,6,54)
r(19,5,6,54)
w(285,11,6,54)
w(212,7,6,54)
r(23,3,6,54)
w(13,10,6,54)
w(159,7,6,54)
w(166,7,6,54)
r(150,1,6,54)
w(144,7,6,54)
r(192,3,6,54)
r(147,7,6,54)
r(63,6,6,54)
w(187,10,6,54)
w(282,5,6,54)
r(40,5,6,54)
r(229,1,6,54)
r(13,10,6,54)
r(90,6,6,54)
w(220,7,6,54)
w(275,2,1,55)
w(199,2,1,55)
r(26,6,1,55)
w(172,2,1,55)
w(193,2,1,55)
w(1,2,1,55)
w(73,2,1,55)
w(145,2,1,55)
w(145,4,1,55)
r(243,6,1,55)
r(8,7,1,55)
r(93,8,1,55)
r(81,5,1,55)
r(184,6,1,55)
w(273,2,1,55)
r(131,8,1,55)
w(145,6,1,55)
w(284,4,1,55)
r(256,1,1,55)
w(248,2,1,55)
r(257,2,2,56)
w(186,2,2,56)
w(223,4,2,56)
r(264,10,2,56)
r(51,9,2,56)
r(128,6,2,56)
r(39,1,2,56)
w(149,2,2,56)
r(139,6,2,56)
w(212,4,2,56)
r(119,7,2,56)
w(117,4,2,56)
w(237,7,2,56)
w(181,2,2,56)
r(77,7,2,56)
w(171,6,2,56)
r(191,3,2,56)
w(189,2,2,56)
r(38,4,2,56)
r(217,1,2,56)
w(63,5,3,57)
r(82,4,3,57)
w(288,2,3,57)
r(64,4,3,57)
w(39,4,3,57)
r(290,8,3,57)
w(72,6,3,57)
w(130,3,3,57)
r(278,5,3,57)
w(232,7,3,57)
w(81,6,3,57)
r(168,4,3,57)
w(35,6,3,57)
r(61,1,3,57)
w(204,7,3,57)
r(240,2,4,58)
w(25,7,4,58)
r(32,4,4,58)
r(265,6,4,58)
w(294,4,4,58)
w(167,5,4,58)
w(231,2,4,58)
w(271,3,4,58)
w(81,5,4,58)
w(107,6,4,58)
r(24,6,4,58)
w(142,4,4,58)
w(224,3,4,58)
r(16,4,4,58)
w(189,6,4,58)
r(34,2,4,58)
w(76,4,4,58)
w(36,7,4,58)
w(115,6,4,58)
r(138,1,4,58)
w(222,6,5,59)
w(4,3,5,59)
w(102,6,5,59)
w(32,4,5,59)
w(269,9,5,59)
r(193,8,5,59)
w(10,8,5,59)
w(269,11,5,59)
w(272,5,5,59)
w(115,7,5,59)
w(124,6,5,59)
r(8,7,5,59)
r(296,1,5,59)
r(125,2,5,59)
w(132,7,5,59)
r(252,5,5,59)
w(213,7,5,59)
w(236,7,5,59)
r(129,8,5,59)
r(40,5,5,59)
r(202,10,6,60)
w(105,5,6,60)
w(290,8,6,60)
r(181,4,6,60)
w(125,6,6,60)
r(98,1,6,60)
w(112,7,6,60)
r(30,4,6,60)
w(37,7,6,60)
r(112,7,6,60)
w(205,5,6,60)
w(50,8,6,60)
w(158,10,6,60)
w(146,3,6,60)
r(263,4,6,60)
w(115,8,6,60)
w(246,7,6,60)
r(183,6,6,60)
r(286,5,6,60)
r(142,4,6,60)
r(271,3,1,61)
r(111,7,1,61)
r(270,1,1,61)
w(77,2,1,61)
r(7,4,1,61)
w(14,2,1,61)
r(257,4,1,61)
r(7,4,1,61)
r(10,5,1,61)
r(193,2,1,61)
w(118,4,1,61)
r(101,11,1,61)
r(291,6,1,61)
r(184,6,1,61)
w(159,2,1,61)
r(1,2,1,61)
r(137,2,1,61)
r(266,8,1,61)
w(127,4,1,61)
w(101,2,1,61)
r(141,5,2,62)
r(165,1,2,62)
r(71,4,2,62)
r(183,6,2,62)
r(3,3,2,62)
r(219,2,2,62)
r(85,4,2,62)
r(90,6,2,62)
w(51,5,2,62)
r(105,5,2,62)
w(232,5,2,62)
w(43,4,2,62)
w(204,4,2,62)
w(209,2,2,62)
r(33,6,2,62)
r(15,6,2,62)
r(266,10,2,62)
r(23,3,2,62)
w(134,2,2,62)
r(226,2,2,62)
r(67,1,3,63)
r(3,3,3,63)
w(16,7,3,63)
r(299,2,3,63)
r(77,7,3,63)
r(77,7,3,63)
r(147,7,3,63)
w(23,5,3,63)
w(145,5,3,63)
w(184,6,3,63)
w(234,5,3,63)
w(123,6,3,63)
w(146,6,3,63)
r(274,4,3,63)
w(186,6,3,63)
r(144,7,3,63)
w(225,6,3,63)
w(52,6,3,63)
r(228,2,3,63)
w(257,4,3,63)
w(188,7,4,64)
r(9,3,4,64)
w(159,5,4,64)
r(74,8,4,64)
w(179,6,4,64)
w(255,8,4,64)
r(178,1,4,64)
w(122,4,4,64)
w(285,8,4,64)
w(189,5,4,64)
w(278,5,4,64)
r(89,6,4,64)
w(143,5,4,64)
r(29,2,4,64)
r(209,1,4,64)
r(116,1,4,64)
r(143,5,4,64)
w(21,4,4,64)
r(114,4,4,64)
r(100,6,4,64)
r(153,4,5,65)
r(233,8,5,65)
w(116,5,5,65)
r(9,3,5,65)
w(268,4,5,65)
w(34,6,5,65)
r(19,5,5,65)
w(67,5,5,65)
w(81,7,5,65)
w(114,6,5,65)
r(135,5,5,65)
r(153,4,5,65)
r(134,4,5,65)
r(265,6,5,65)
r(71,4,5,65)
w(160,5,5,65)
w(94,5,5,65)
w(148,7,5,65)
w(17,6,5,65)
r(215,1,6,66)
w(243,6,6,66)
r(110,5,6,66)
r(80,1,6,66)
w(181,5,6,66)
w(21,5,6,66)
r(59,5,6,66)
r(14,6,6,66)
r(40,5,6,66)
w(48,6,6,66)
w(203,8,6,66)
w(64,6,6,66)
w(18,8,6,66)
w(152,5,6,66)
w(196,11,6,66)
w(131,8,6,66)
r(202,9,6,66)
r(132,7,6,66)
w(296,7,6,66)
r(299,2,6,66)
w(234,2,1,67)
w(140,2,1,67)
w(258,4,1,67)
r(113,5,1,67)
r(124,5,1,67)
w(260,2,1,67)
w(197,4,1,67)
w(218,2,1,67)
r(249,4,1,67)
r(232,5,1,67)
r(210,8,1,67)
w(240,4,1,67)
r(30,6,1,67)
w(217,2,1,67)
r(283,6,1,67)
w(38,2,1,67)
r(82,4,1,67)
w(278,2,1,67)
r(132,7,1,67)
r(236,4,1,67)
w(30,2,2,68)
r(149,5,2,68)
w(204,6,2,68)
w(96,4,2,68)
w(188,4,2,68)
w(97,7,2,68)
w(119,6,2,68)
w(216,4,2,68)
r(114,4,2,68)
r(268,5,2,68)
r(101,11,2,68)
r(155,4,2,68)
r(105,5,2,68)
r(255,8,2,68)
r(43,4,2,68)
r(60,4,2,68)
r(33,6,2,68)
r(145,6,2,68)
r(2,6,2,68)
w(276,2,2,68)
w(188,6,3,69)
r(133,4,3,69)
w(93,8,3,69)
w(125,4,3,69)
r(16,7,3,69)
r(149,2,3,69)
w(292,5,3,69)
r(80,1,3,69)
r(161,8,3,69)
r(188,6,3,69)
r(41,4,3,69)
r(177,7,3,69)
r(94,4,3,69)
w(191,7,3,69)
w(234,7,3,69)
r(22,4,3,69)
r(241,7,3,69)
w(49,6,3,69)
w(48,2,3,69)
w(16,3,3,69)
w(66,7,4,70)
r(140,8,4,70)
r(93,8,4,70)
r(162,11,4,70)
r(172,2,4,70)
r(250,5,4,70)
r(281,5,4,70)
r(119,6,4,70)
w(264,5,4,70)
r(160,4,4,70)
w(156,6,4,70)
w(136,4,4,70)
r(54,6,4,70)
r(231,2,4,70)
r(289,8,4,70)
r(272,5,4,70)
w(57,4,4,70)
w(30,6,4,70)
r(97,7,4,70)
r(21,5,4,70)
r(150,1,5,71)
r(120,6,5,71)
w(277,9,5,71)
r(26,6,5,71)
w(244,6,5,71)
w(97,11,5,71)
r(216,7,5,71)
r(151,1,5,71)
r(67,1,5,71)
w(29,6,5,71)
w(79,3,5,71)
r(145,10,5,71)
r(120,6,5,71)
w(202,9,5,71)
r(272,5,5,71)
w(86,5,5,71)
w(131,3,5,71)
r(268,5,5,71)
w(97,12,5,71)
r(297,6,5,71)
r(198,2,6,72)
r(270,1,6,72)
w(124,5,6,72)
w(282,7,6,72)
w(236,9,6,72)
w(25,10,6,72)
w(195,7,6,72)
r(18,8,6,72)
w(120,7,6,72)
w(63,10,6,72)
w(61,10,6,72)
r(140,5,6,72)
r(124,5,6,72)
r(225,2,6,72)
w(113,5,6,72)
r(174,4,6,72)
w(78,3,6,72)
r(81,5,6,72)
r(42,3,6,72)
r(136,2,6,72)
w(249,2,1,73)
r(73,10,1,73)
r(133,4,1,73)
r(82,4,1,73)
r(137,2,1,73)
w(42,2,1,73)
r(152,5,1,73)
w(89,2,1,73)
w(94,2,1,73)
r(5,7,1,73)
r(17,5,1,73)
w(20,4,1,73)
r(180,9,1,73)
r(122,4,1,73)
w(299,4,1,73)
w(59,4,1,73)
w(175,4,1,73)
r(98,1,1,73)
w(185,2,1,73)
r(238,2,1,73)
r(190,7,2,74)
r(22,4,2,74)
w(35,2,2,74)
w(229,2,2,74)
w(119,5,2,74)
w(176,4,2,74)
r(134,2,2,74)
w(249,4,2,74)
r(71,4,2,74)
w(271,6,2,74)
r(51,5,2,74)
r(51,5,2,74)
w(107,4,2,74)
r(102,6,2,74)
r(101,2,2,74)
w(128,2,2,74)
r(105,5,2,74)
w(207,4,2,74)
r(69,2,2,74)
w(252,2,2,74)
w(116,2,3,75)
r(230,2,3,75)
r(114,4,3,75)
w(20,5,3,75)
r(285,8,3,75)
r(198,2,3,75)
w(260,6,3,75)
r(32,6,3,75)
w(10,5,3,75)
w(236,4,3,75)
r(265,6,3,75)
r(26,6,3,75)
w(277,5,3,75)
r(129,8,3,75)
w(266,8,3,75)
r(103,2,3,75)
r(249,10,3,75)
r(243,6,3,75)
r(252,5,3,75)
r(182,4,3,75)
r(204,6,4,76)
r(200,1,4,76)
w(244,4,4,76)
r(147,3,4,76)
r(95,6,4,76)
w(180,9,4,76)
w(31,5,4,76)
w(284,5,4,76)
w(19,7,4,76)
w(276,6,4,76)
w(250,6,4,76)
r(66,7,4,76)
w(162,6,4,76)
w(224,8,4,76)
r(140,2,4,76)
w(35,3,4,76)
w(162,5,4,76)
w(288,6,4,76)
r(245,1,4,76)
w(97,10,4,76)
r(280,7,5,77)
r(136,2,5,77)
w(138,3,5,77)
r(102,6,5,77)
r(66,3,5,77)
r(84,5,5,77)
w(233,10,5,77)
w(210,3,5,77)
w(189,3,5,77)
w(17,5,5,77)
w(219,3,5,77)
r(16,4,5,77)
r(20,2,5,77)
r(240,2,5,77)
r(51,5,5,77)
r(199,5,5,77)
w(253,5,5,77)
w(63,3,5,77)
w(112,5,5,77)
r(270,1,5,77)
r(111,7,6,78)
r(206,4,6,78)
r(152,5,6,78)
w(140,8,6,78)
r(11,4,6,78)
r(237,4,6,78)
r(280,7,6,78)
w(192,8,6,78)
w(298,3,6,78)
w(107,7,6,78)
w(4,8,6,78)
r(185,1,6,78)
w(151,4,6,78)
w(76,3,6,78)
w(255,9,6,78)
w(135,10,6,78)
w(127,10,6,78)
r(138,3,6,78)
r(231,2,6,78)
w(83,6,6,78)
r(50,5,1,79)
r(12,1,1,79)
w(55,2,1,79)
w(219,4,1,79)
r(260,2,1,79)
r(291,6,1,79)
r(224,8,1,79)
r(131,8,1,79)
w(133,2,1,79)
r(107,4,1,79)
w(293,2,1,79)
w(160,6,1,79)
r(143,5,1,79)
w(105,2,1,79)
r(279,7,1,79)
r(223,2,1,79)
w(217,4,1,79)
w(23,2,1,79)
r(168,5,1,79)
w(107,2,1,79)
w(161,2,2,80)
r(273,2,2,80)
w(165,2,2,80)
r(60,4,2,80)
w(274,2,2,80)
w(196,5,2,80)
w(251,6,2,80)
r(116,2,2,80)
w(194,2,2,80)
w(214,4,2,80)
r(223,2,2,80)
r(209,2,2,80)
w(205,4,2,80)
w(267,4,2,80)
w(169,6,2,80)
w(93,5,2,80)
r(281,5,2,80)
w(156,2,2,80)
r(158,10,2,80)
r(215,1,2,80)
r(227,5,3,81)
r(129,8,3,81)
w(46,4,3,81)
r(164,2,3,81)
w(259,6,3,81)
r(126,4,3,81)
r(261,2,3,81)
r(120,7,3,81)
w(188,5,3,81)
w(74,3,3,81)
w(118,5,3,81)
w(56,5,3,81)
r(64,6,3,81)
w(237,3,3,81)
w(47,5,3,81)
w(103,4,3,81)
r(112,5,3,81)
w(182,5,3,81)
r(137,2,3,81)
w(208,4,3,81)
w(4,5,4,82)
w(249,8,4,82)
w(147,4,4,82)
r(94,2,4,82)
w(176,7,4,82)
r(58,5,4,82)
w(197,7,4,82)
r(205,4,4,82)
w(286,8,4,82)
w(247,4,4,82)
w(177,3,4,82)
w(19,3,4,82)
r(90,6,4,82)
w(193,3,4,82)
w(182,10,4,82)
w(154,5,4,82)
w(14,3,4,82)
w(161,6,4,82)
w(80,4,4,82)
r(107,4,4,82)
r(84,5,5,83)
w(258,3,5,83)
r(284,2,5,83)
r(227,5,5,83)
r(280,7,5,83)
r(210,3,5,83)
w(32,6,5,83)
w(141,6,5,83)
r(148,5,5,83)
r(246,7,5,83)
r(185,1,5,83)
w(80,7,5,83)
w(276,5,5,83)
r(94,4,5,83)
w(157,5,5,83)
w(149,5,5,83)
w(55,5,5,83)
r(217,1,5,83)
w(289,8,5,83)
r(32,6,5,83)
w(147,3,6,84)
w(149,8,6,84)
w(290,10,6,84)
r(272,5,6,84)
w(206,5,6,84)
w(286,11,6,84)
w(210,8,6,84)
w(80,3,6,84)
r(241,6,6,84)
w(84,8,6,84)
r(85,4,6,84)
r(50,8,6,84)
r(109,4,6,84)
r(75,7,6,84)
w(15,10,6,84)
w(33,8,6,84)
r(41,3,6,84)
r(99,2,6,84)
r(71,4,6,84)
r(98,1,6,84)
w(13,2,1,85)
r(171,6,1,85)
r(45,1,1,85)
w(210,2,1,85)
r(147,4,1,85)
r(197,7,1,85)
r(256,1,1,85)
w(135,2,1,85)
w(44,4,1,85)
r(25,10,1,85)
w(180,4,1,85)
r(24,6,1,85)
r(270,4,1,85)
r(14,3,1,85)
w(115,2,1,85)
r(60,4,1,85)
r(116,4,1,85)
r(118,5,1,85)
w(192,2,1,85)
w(166,4,1,85)
w(5,4,2,86)
w(265,5,2,86)
r(300,2,2,86)
r(278,2,2,86)
r(99,2,2,86)
r(139,5,2,86)
w(85,2,2,86)
w(278,4,2,86)
r(207,4,2,86)
w(79,4,2,86)
r(74,3,2,86)
r(250,7,2,86)
r(67,1,2,86)
w(163,2,2,86)
w(139,2,2,86)
w(97,3,2,86)
r(288,6,2,86)
r(275,3,2,86)
w(216,6,2,86)
r(291,6,2,86)
r(104,4,3,87)
w(121,2,3,87)
w(261,5,3,87)
w(112,4,3,87)
r(233,10,3,87)
r(258,4,3,87)
r(47,5,3,87)
w(91,6,3,87)
w(110,4,3,87)
r(139,5,3,87)
w(172,5,3,87)
w(257,6,3,87)
r(193,3,3,87)
w(184,5,3,87)
w(48,4,3,87)
r(173,7,3,87)
r(194,2,3,87)
r(88,2,3,87)
w(150,2,3,87)
w(100,7,3,87)
r(293,2,4,88)
w(110,6,4,88)
w(69,5,4,88)
w(164,4,4,88)
w(300,6,4,88)
w(196,10,4,88)
w(261,3,4,88)
r(142,4,4,88)
r(33,10,4,88)
r(254,6,4,88)
w(281,6,4,88)
r(197,7,4,88)
w(75,5,4,88)
w(77,5,4,88)
r(25,10,4,88)
r(294,4,4,88)
r(287,4,4,88)
r(283,6,4,88)
r(100,7,4,88)
r(280,7,4,88)
w(139,5,5,89)
r(109,4,5,89)
r(244,6,5,89)
r(179,6,5,89)
r(226,2,5,89)
w(153,3,5,89)
r(88,2,5,89)
w(41,3,5,89)
w(115,3,5,89)
w(241,6,5,89)
r(11,4,5,89)
r(94,4,5,89)
r(151,1,5,89)
r(110,5,5,89)
r(228,2,5,89)
r(116,2,5,89)
w(92,5,5,89)
r(16,3,5,89)
w(275,3,5,89)
w(174,5,5,89)
w(250,7,6,90)
w(33,10,6,90)
r(237,3,6,90)
r(59,4,6,90)
r(185,2,6,90)
w(181,7,6,90)
r(143,5,6,90)
r(29,6,6,90)
r(93,5,6,90)
r(107,4,6,90)
r(187,10,6,90)
w(165,3,6,90)
w(292,8,6,90)
r(169,6,6,90)
w(182,9,6,90)
w(135,9,6,90)
r(167,5,6,90)
r(98,1,6,90)
w(119,12,6,90)
r(154,5,6,90)
r(68,4,1,91)
w(152,2,1,91)
r(1,2,1,91)
r(251,7,1,91)
r(62,5,1,91)
w(111,4,1,91)
r(26,6,1,91)
r(138,6,1,91)
w(40,4,1,91)
r(169,6,1,91)
w(277,4,1,91)
w(286,2,1,91)
r(219,4,1,91)
w(266,2,1,91)
r(40,4,1,91)
r(238,4,1,91)
r(166,5,1,91)
w(171,2,1,91)
r(196,10,1,91)
r(156,5,1,91)
w(253,2,2,92)
w(153,6,2,92)
w(93,7,2,92)
r(2,6,2,92)
w(3,2,2,92)
r(233,10,2,92)
w(130,6,2,92)
r(271,6,2,92)
w(277,6,2,92)
r(56,5,2,92)
r(208,4,2,92)
r(85,2,2,92)
r(136,4,2,92)
w(5,6,2,92)
r(290,10,2,92)
w(156,4,2,92)
w(280,2,2,92)
r(162,3,2,92)
w(73,4,2,92)
r(203,8,2,92)
r(167,5,3,93)
r(207,4,3,93)
r(67,1,3,93)
w(92,6,3,93)
r(139,2,3,93)
w(18,6,3,93)
w(101,10,3,93)
r(285,9,3,93)
w(183,5,3,93)
r(19,3,3,93)
r(222,6,3,93)
r(274,5,3,93)
w(28,6,3,93)
w(6,4,3,93)
r(93,5,3,93)
w(296,4,3,93)
w(251,7,3,93)
r(274,5,3,93)
w(184,7,3,93)
w(261,7,3,93)
w(129,3,4,94)
r(96,8,4,94)
w(157,6,4,94)
r(151,4,4,94)
r(110,6,4,94)
w(52,5,4,94)
w(176,3,4,94)
r(66,7,4,94)
w(40,9,4,94)
r(209,6,4,94)
r(250,7,4,94)
w(134,5,4,94)
r(221,10,4,94)
r(202,9,4,94)
r(179,5,4,94)
r(133,7,4,94)
w(99,8,4,94)
r(217,4,4,94)
r(62,1,4,94)
r(252,7,4,94)
r(175,6,5,95)
r(174,5,5,95)
w(285,9,5,95)
w(71,2,5,95)
w(168,5,5,95)
w(40,11,5,95)
w(279,5,5,95)
w(172,8,5,95)
w(18,7,5,95)
r(58,5,5,95)
r(52,6,5,95)
w(293,11,5,95)
w(221,3,5,95)
r(270,1,5,95)
r(160,4,5,95)
w(105,6,5,95)
r(30,6,5,95)
w(73,10,5,95)
w(154,7,5,95)
w(179,5,5,95)
r(88,2,6,96)
w(195,3,6,96)
w(210,10,6,96)
w(107,3,6,96)
r(55,2,6,96)
r(135,9,6,96)
w(115,9,6,96)
w(99,10,6,96)
w(96,8,6,96)
r(20,4,6,96)
r(147,4,6,96)
w(212,3,6,96)
w(216,3,6,96)
w(143,3,6,96)
r(242,2,6,96)
w(150,4,6,96)
w(209,6,6,96)
r(189,3,6,96)
w(53,6,6,96)
w(165,8,6,96)
r(144,7,1,97)
r(121,4,1,97)
r(30,8,1,97)
r(269,11,1,97)
w(60,2,1,97)
r(231,2,1,97)
r(63,7,1,97)
w(40,6,1,97)
r(94,2,1,97)
w(254,2,1,97)
w(82,2,1,97)
r(74,6,1,97)
r(112,4,1,97)
r(182,9,1,97)
r(169,6,1,97)
r(153,6,1,97)
r(51,5,1,97)
r(297,6,1,97)
r(141,2,1,97)
w(171,4,1,97)
r(119,12,2,98)
r(65,9,2,98)
w(61,5,2,98)
w(238,4,2,98)
r(249,8,2,98)
w(73,6,2,98)
w(263,2,2,98)
w(89,5,2,98)
r(174,5,2,98)
r(90,6,2,98)
r(79,8,2,98)
r(24,6,2,98)
w(176,6,2,98)
w(148,4,2,98)
r(181,7,2,98)
r(121,2,2,98)
r(136,4,2,98)
r(194,2,2,98)
w(204,5,2,98)
w(12,2,2,98)
r(14,3,3,99)
w(116,4,3,99)
r(181,7,3,99)
r(294,6,3,99)
w(117,5,3,99)
w(138,6,3,99)
r(252,7,3,99)
w(229,6,3,99)
w(39,6,3,99)
r(164,4,3,99)
r(276,7,3,99)
r(30,7,3,99)
w(200,4,3,99)
r(67,1,3,99)
w(43,6,3,99)
r(170,5,3,99)
w(270,4,3,99)
w(47,7,3,99)
w(239,6,3,99)
r(189,3,3,99)
w(34,4,4,100)
w(270,6,4,100)
w(91,5,4,100)
w(16,11,4,100)
w(140,7,4,100)
r(244,4,4,100)
w(118,3,4,100)
w(231,6,4,100)
w(107,5,4,100)
r(177,3,4,100)
w(46,6,4,100)
w(53,2,4,100)
w(270,5,4,100)
w(108,5,4,100)
r(184,7,4,100)
w(246,6,4,100)
w(28,7,5,101)
w(53,4,5,101)
r(71,2,5,101)
r(207,4,5,101)
r(152,5,5,101)
r(265,6,5,101)
r(106,4,5,101)
r(184,6,5,101)
r(204,6,5,101)
w(240,3,5,101)
w(170,5,5,101)
w(162,3,5,101)
w(149,7,5,101)
r(270,1,5,101)
w(209,4,5,101)
w(138,8,5,101)
r(236,4,5,101)
r(275,3,5,101)
r(151,4,5,101)
r(277,5,5,101)
w(65,9,6,102)
r(243,6,6,102)
w(38,6,6,102)
w(84,10,6,102)
w(282,3,6,102)
w(178,2,6,102)
w(139,7,6,102)
w(103,5,6,102)
w(117,8,6,102)
w(102,7,6,102)
w(273,5,6,102)
w(95,5,6,102)
r(30,7,6,102)
w(53,5,6,102)
w(133,7,6,102)
r(49,6,6,102)
r(106,4,6,102)
r(60,4,6,102)
w(293,12,6,102)
r(247,4,6,102)
r(110,6,1,103)
r(78,3,1,103)
r(10,10,1,103)
w(78,6,1,103)
r(188,5,1,103)
r(83,7,1,103)
w(101,4,1,103)
r(258,8,1,103)
r(89,5,1,103)
w(202,6,1,103)
w(271,2,1,103)
r(259,3,1,103)
w(154,2,1,103)
w(192,4,1,103)
r(147,4,1,103)
w(65,6,1,103)
r(87,6,1,103)
r(157,6,1,103)
r(53,5,1,103)
w(202,5,1,103)
w(234,4,2,104)
w(199,6,2,104)
w(56,6,2,104)
r(195,5,2,104)
r(30,7,2,104)
r(158,3,2,104)
w(131,4,2,104)
r(225,2,2,104)
w(135,4,2,104)
w(17,2,2,104)
w(295,2,2,104)
r(70,6,2,104)
w(213,6,2,104)
r(155,4,2,104)
r(151,4,2,104)
r(297,6,2,104)
w(74,6,2,104)
w(111,5,2,104)
w(180,7,2,104)
w(141,2,2,104)
w(119,8,3,105)
r(291,6,3,105)
w(192,5,3,105)
w(282,4,3,105)
w(255,3,3,105)
w(193,7,3,105)
r(283,7,3,105)
r(207,4,3,105)
w(249,7,3,105)
w(63,7,3,105)
r(289,10,3,105)
w(289,7,3,105)
w(185,6,3,105)
r(158,8,3,105)
r(29,6,3,105)
w(68,8,3,105)
r(192,5,3,105)
r(207,4,3,105)
w(99,5,3,105)
w(218,5,3,105)
w(12,6,4,106)
w(253,6,4,106)
r(96,8,4,106)
r(25,10,4,106)
w(44,3,4,106)
w(264,3,4,106)
r(86,5,4,106)
w(8,6,4,106)
r(37,7,4,106)
r(191,7,4,106)
r(229,6,4,106)
r(155,4,4,106)
r(187,10,4,106)
w(166,5,4,106)
w(132,6,4,106)
r(241,5,4,106)
w(260,3,4,106)
r(285,9,4,106)
w(106,7,4,106)
r(296,3,4,106)
w(30,7,5,107)
w(50,5,5,107)
w(279,7,5,107)
r(244,4,5,107)
r(244,4,5,107)
w(221,8,5,107)
w(81,3,5,107)
r(250,6,5,107)
r(16,3,5,107)
r(238,2,5,107)
r(282,7,5,107)
r(97,10,5,107)
w(276,7,5,107)
w(274,5,5,107)
r(56,5,5,107)
w(85,6,5,107)
w(134,7,5,107)
r(270,1,5,107)
w(165,6,5,107)
w(267,7,5,107)
w(258,8,6,108)
r(279,7,6,108)
r(147,4,6,108)
w(289,10,6,108)
w(41,10,6,108)
r(223,2,6,108)
w(107,8,6,108)
r(232,5,6,108)
w(157,8,6,108)
r(251,7,6,108)
r(188,5,6,108)
r(167,5,6,108)
r(99,10,6,108)
w(46,5,6,108)
r(17,5,6,108)
r(202,9,6,108)
w(252,7,6,108)
w(259,3,6,108)
w(114,7,6,108)
r(44,10,6,108)
r(106,3,1,109)
r(75,8,1,109)
r(249,7,1,109)
r(66,7,1,109)
r(258,8,1,109)
w(262,4,1,109)
w(232,2,1,109)
r(3,2,1,109)
r(47,6,1,109)
w(89,4,1,109)
w(91,2,1,109)
r(112,6,1,109)
r(37,6,1,109)
w(24,2,1,109)
r(264,3,1,109)
r(111,10,1,109)
r(244,4,1,109)
w(14,4,1,109)
r(46,5,1,109)
r(277,4,1,109)
w(191,4,2,110)
w(128,4,2,110)
r(50,5,2,110)
w(47,6,2,110)
w(117,6,2,110)
w(63,4,2,110)
r(3,2,2,110)
r(49,10,2,110)
r(47,6,2,110)
w(266,7,2,110)
w(266,3,2,110)
w(292,4,2,110)
r(82,2,2,110)
w(115,4,2,110)
w(7,2,2,110)
w(23,6,2,110)
r(271,2,2,110)
r(131,4,2,110)
r(215,6,2,110)
w(187,5,2,110)
r(101,10,3,111)
w(196,7,3,111)
r(58,5,3,111)
w(227,4,3,111)
r(240,3,3,111)
w(119,10,3,111)
r(296,3,3,111)
r(237,3,3,111)
r(249,7,3,111)
w(190,6,3,111)
w(140,4,3,111)
r(9,8,3,111)
r(184,7,3,111)
w(93,10,3,111)
r(169,6,3,111)
w(237,8,3,111)
w(295,4,3,111)
w(23,7,3,111)
w(112,6,3,111)
r(109,4,3,111)
r(108,1,4,112)
w(201,5,4,112)
r(43,6,4,112)
w(106,3,4,112)
w(121,4,4,112)
r(125,4,4,112)
r(53,5,4,112)
r(6,4,4,112)
w(186,5,4,112)
r(105,2,4,112)
w(195,6,4,112)
w(12,5,4,112)
r(131,4,4,112)
r(31,5,4,112)
r(129,3,4,112)
r(11,4,4,112)
r(88,2,4,112)
r(12,5,4,112)
w(299,6,4,112)
w(116,6,4,112)
r(156,2,5,113)
r(259,6,5,113)
w(219,8,5,113)
w(84,7,5,113)
w(153,8,5,113)
r(121,2,5,113)
r(76,3,5,113)
r(300,6,5,113)
r(93,5,5,113)
w(177,8,5,113)
w(41,8,5,113)
w(219,10,5,113)
w(9,7,5,113)
r(19,3,6,114)
w(62,5,6,114)
r(63,10,6,114)
w(227,9,6,114)
r(158,3,6,114)
w(95,7,6,114)
r(282,3,6,114)
w(149,10,6,114)
r(267,7,6,114)
w(156,5,6,114)
w(220,3,6,114)
w(30,8,6,114)
r(284,5,6,114)
w(296,3,6,114)
r(210,2,6,114)
w(218,3,6,114)
r(182,9,6,114)
r(153,6,6,114)
r(129,3,6,114)
w(283,7,6,114)
r(30,10,1,115)
r(250,7,1,115)
w(262,6,1,115)
r(27,3,1,115)
r(60,2,1,115)
r(296,6,1,115)
r(73,6,1,115)
w(100,2,1,115)
w(232,4,1,115)
r(183,7,1,115)
w(166,6,1,115)
w(172,4,1,115)
r(208,4,1,115)
w(199,4,1,115)
r(130,6,1,115)
r(39,6,1,115)
w(192,6,1,115)
w(235,2,1,115)
r(279,7,1,115)
r(297,6,1,115)
w(131,6,2,116)
w(233,2,2,116)
r(180,7,2,116)
w(191,6,2,116)
r(106,3,2,116)
w(238,6,2,116)
r(234,8,2,116)
w(269,6,2,116)
r(241,5,2,116)
w(285,3,3,117)
r(159,2,3,117)
w(219,6,3,117)
r(100,7,3,117)
w(280,3,3,117)
w(233,4,3,117)
w(295,6,3,117)
w(277,3,3,117)
r(244,4,3,117)
w(77,6,3,117)
w(275,4,3,117)
r(93,10,3,117)
w(25,5,3,117)
w(21,2,3,117)
r(232,2,3,117)
w(172,7,3,117)
r(88,2,3,117)
w(22,2,3,117)
w(62,2,3,117)
w(248,4,3,117)
r(96,8,4,118)
w(234,3,4,118)
w(234,8,4,118)
w(62,4,4,118)
r(265,5,4,118)
w(51,7,4,118)
w(278,7,4,118)
w(111,10,4,118)
w(192,7,4,118)
w(296,6,4,118)
r(291,6,4,118)
w(11,2,4,118)
w(36,8,4,118)
w(152,6,4,118)
r(211,2,4,118)
w(289,3,4,118)
w(280,8,4,118)
r(26,6,4,118)
w(161,5,4,118)
r(59,4,4,118)
r(74,3,5,119)
w(127,7,5,119)
r(271,6,5,119)
r(217,4,5,119)
r(203,8,5,119)
r(54,6,5,119)
r(288,6,5,119)
w(195,5,5,119)
r(75,5,5,119)
r(36,7,5,119)
w(135,8,5,119)
r(177,3,5,119)
r(125,4,5,119)
w(221,10,5,119)
w(157,7,5,119)
w(160,7,5,119)
w(165,5,5,119)
w(260,8,5,119)
w(158,3,5,119)
w(238,7,5,119)
r(224,10,6,120)
w(165,10,6,120)
w(9,8,6,120)
r(281,6,6,120)
r(290,10,6,120)
w(205,7,6,120)
w(38,5,6,120)
r(273,6,6,120)
w(20,3,6,120)
r(158,8,6,120)
r(199,6,6,120)
r(73,6,6,120)
r(14,3,6,120)
w(235,5,6,120)
r(287,4,6,120)
r(106,3,6,120)
w(71,6,6,120)
w(83,7,6,120)
w(97,13,6,120)
w(123,7,6,120)
w(203,2,1,121)
w(126,6,1,121)
r(25,5,1,121)
r(166,6,1,121)
r(260,10,1,121)
w(269,4,1,121)
w(101,6,1,121)
r(77,6,1,121)
w(291,4,1,121)
r(14,4,1,121)
w(254,4,1,121)
r(235,2,1,121)
r(154,2,1,121)
r(91,2,1,121)
w(100,4,1,121)
r(160,7,1,121)
r(56,6,1,121)
w(49,2,1,121)
r(161,5,1,121)
r(174,5,1,121)
r(77,6,2,122)
r(14,4,2,122)
w(297,4,2,122)
r(85,2,2,122)
r(133,7,2,122)
w(226,4,2,122)
w(148,6,2,122)
r(209,6,2,122)
w(221,6,2,122)
w(249,5,2,122)
w(220,4,2,122)
r(35,8,2,122)
r(153,6,2,122)
r(232,4,2,122)
r(197,7,2,122)
r(194,2,2,122)
r(112,6,2,122)
w(280,4,2,122)
w(58,4,2,122)
w(153,5,2,122)
r(230,2,3,123)
r(213,6,3,123)
r(275,4,3,123)
w(159,6,3,123)
r(182,9,3,123)
r(56,6,3,123)
w(87,2,3,123)
w(31,6,3,123)
w(4,6,3,123)
w(256,2,3,123)
r(110,6,3,123)
r(118,8,3,123)
r(225,2,3,123)
r(173,10,3,123)
r(23,6,3,123)
w(271,7,3,123)
w(33,2,3,123)
r(79,8,3,123)
r(126,4,3,123)
r(129,10,3,123)
w(119,11,4,124)
w(183,7,4,124)
r(271,2,4,124)
w(292,7,4,124)
w(171,5,4,124)
w(83,4,4,124)
r(286,2,4,124)
w(269,8,4,124)
r(18,3,4,124)
r(196,7,4,124)
w(219,7,4,124)
r(58,5,4,124)
w(44,8,4,124)
w(285,10,4,124)
r(74,6,4,124)
r(243,6,4,124)
r(12,7,4,124)
w(210,5,4,124)
r(259,3,4,124)
r(217,4,4,124)
r(11,4,5,125)
r(34,2,5,125)
w(241,5,5,125)
w(173,10,5,125)
w(215,6,5,125)
w(72,8,5,125)
w(120,5,5,125)
r(61,10,5,125)
r(137,2,5,125)
r(283,6,5,125)
r(237,3,5,125)
r(110,6,5,125)
r(154,5,5,125)
w(273,6,5,125)
r(200,1,5,125)
w(203,6,5,125)
r(56,5,5,125)
w(205,6,5,125)
r(233,10,5,125)
w(79,8,5,125)
r(18,3,6,126)
w(75,8,6,126)
r(168,5,6,126)
r(179,5,6,126)
r(174,5,6,126)
r(57,4,6,126)
w(211,5,6,126)
r(204,5,6,126)
r(116,6,6,126)
w(214,11,6,126)
w(127,9,6,126)
w(129,10,6,126)
w(17,7,6,126)
r(148,4,6,126)
r(272,5,6,126)
w(251,3,6,126)
w(253,7,6,126)
w(43,10,6,126)
r(61,5,6,126)
w(52,7,6,126)
r(105,2,1,127)
r(143,7,1,127)
r(203,2,1,127)
r(106,3,1,127)
w(224,5,1,127)
r(52,7,1,127)
r(81,10,1,127)
w(54,4,1,127)
w(5,2,1,127)
r(24,2,1,127)
w(39,2,1,127)
r(172,4,1,127)
r(250,7,1,127)
w(242,4,1,127)
w(187,2,1,127)
r(137,2,1,127)
w(72,2,1,127)
w(239,2,1,127)
r(165,7,1,127)
w(19,2,1,127)
w(92,2,2,128)
w(185,4,2,128)
r(155,6,2,128)
w(214,6,2,128)
w(143,6,2,128)
r(156,5,2,128)
w(255,6,2,128)
r(70,7,2,128)
w(200,2,2,128)
r(210,5,2,128)
r(120,5,2,128)
r(49,2,2,128)
r(201,5,2,128)
r(186,5,2,128)
w(110,2,2,128)
w(225,4,2,128)
r(219,6,2,128)
w(91,4,2,128)
r(254,4,2,128)
w(224,7,2,128)
r(174,5,3,129)
w(196,3,3,129)
w(89,3,3,129)
r(231,2,3,129)
w(101,9,3,129)
r(158,8,3,129)
w(298,4,3,129)
w(40,10,3,129)
r(88,2,3,129)
r(83,4,3,129)
r(28,6,3,129)
w(202,8,3,129)
r(42,10,3,129)
w(135,6,3,129)
r(300,7,3,129)
w(241,4,3,129)
w(14,7,3,129)
r(9,8,3,129)
r(84,10,3,129)
r(30,10,3,129)
r(150,4,4,130)
r(61,5,4,130)
r(282,4,4,130)
w(257,7,4,130)
r(208,4,4,130)
w(49,8,4,130)
r(205,7,4,130)
r(187,5,4,130)
w(61,3,4,130)
r(119,11,4,130)
w(80,6,4,130)
r(3,2,4,130)
r(224,10,4,130)
r(261,7,4,130)
w(264,8,4,130)
r(52,7,4,130)
w(198,6,4,130)
r(129,10,4,130)
r(64,6,4,130)
r(213,6,4,130)
w(16,12,5,131)
r(36,7,5,131)
r(272,5,5,131)
r(33,10,5,131)
r(300,6,5,131)
w(43,8,5,131)
r(139,7,5,131)
r(86,5,5,131)
r(173,10,5,131)
w(49,10,5,131)
r(166,7,5,131)
w(245,4,5,131)
r(102,7,5,131)
r(296,4,5,131)
w(294,6,5,131)
w(298,5,5,131)
w(106,8,5,131)
r(157,6,5,131)
r(244,4,5,131)
r(15,10,5,131)
r(273,6,6,132)
r(148,4,6,132)
r(86,5,6,132)
w(40,12,6,132)
r(190,6,6,132)
w(300,7,6,132)
w(5,3,6,132)
r(123,7,6,132)
w(155,6,6,132)
w(30,10,6,132)
w(70,7,6,132)
r(271,2,6,132)
w(220,8,6,132)
w(280,11,6,132)
r(290,10,6,132)
r(124,5,6,132)
r(106,3,6,132)
w(21,7,6,132)
w(177,12,6,132)
w(43,9,6,132)
w(262,5,1,133)
r(153,5,1,133)
r(11,2,1,133)
w(72,4,1,133)
w(93,4,1,133)
w(43,2,1,133)
r(198,6,1,133)
w(187,4,1,133)
r(8,8,1,133)
r(226,3,1,133)
r(110,2,1,133)
w(196,2,1,133)
r(192,6,1,133)
r(47,6,1,133)
r(222,5,1,133)
r(33,2,1,133)
r(169,6,1,133)
r(196,2,1,133)
r(171,5,1,133)
w(86,2,1,133)
w(155,2,2,134)
r(275,4,2,134)
w(65,7,2,134)
w(270,2,2,134)
r(255,6,2,134)
r(173,10,2,134)
w(58,6,2,134)
r(215,6,2,134)
w(76,2,2,134)
r(41,10,2,134)
r(97,8,2,134)
r(212,3,2,134)
r(284,5,2,134)
r(23,6,2,134)
w(285,6,2,134)
r(190,8,2,134)
r(244,4,2,134)
w(108,2,2,134)
r(214,7,2,134)
r(270,2,2,134)
w(298,6,3,135)
r(285,3,3,135)
r(221,9,3,135)
r(38,5,3,135)
r(31,7,3,135)
w(260,5,3,135)
w(134,6,3,135)
w(245,2,3,135)
r(177,12,3,135)
w(126,3,3,135)
r(260,5,3,135)
w(16,8,3,135)
r(171,5,3,135)
r(79,8,3,135)
r(36,8,3,135)
r(6,4,3,135)
r(99,5,3,135)
w(97,8,3,135)
w(158,7,3,135)
w(257,5,3,135)
w(214,7,4,136)
r(157,6,4,136)
w(130,8,4,136)
w(296,5,4,136)
w(267,5,4,136)
w(132,5,4,136)
r(149,10,4,136)
r(271,7,4,136)
w(174,6,4,136)
w(61,8,4,136)
r(84,10,4,136)
w(246,5,4,136)
r(110,2,4,136)
w(13,7,4,136)
r(143,6,4,136)
r(241,4,4,136)
r(199,4,4,136)
w(127,6,4,136)
w(198,5,4,136)
r(190,8,4,136)
r(104,4,5,137)
w(199,7,5,137)
w(55,7,5,137)
r(68,4,5,137)
w(57,5,5,137)
w(264,9,5,137)
r(109,4,5,137)
r(202,9,5,137)
r(12,2,5,137)
w(49,9,5,137)
r(190,7,5,137)
r(193,7,6,138)
w(148,8,6,138)
r(91,2,6,138)
r(123,7,6,138)
r(178,2,6,138)
w(81,10,6,138)
r(284,5,6,138)
r(131,4,6,138)
w(42,10,6,138)
w(118,8,6,138)
r(14,4,6,138)
w(190,8,6,138)
w(295,7,6,138)
r(38,5,6,138)
r(139,7,6,138)
w(151,6,6,138)
w(107,10,6,138)
r(61,3,6,138)
w(265,7,6,138)
r(282,4,6,138)
r(154,10,1,139)
r(86,2,1,139)
r(177,12,1,139)
w(213,4,1,139)
w(44,6,1,139)
w(188,2,1,139)
w(173,4,1,139)
r(37,6,1,139)
r(223,2,1,139)
w(271,4,1,139)
w(193,4,1,139)
r(29,6,1,139)
w(232,6,1,139)
r(12,7,1,139)
w(216,2,1,139)
r(109,4,1,139)
r(256,2,1,139)
r(133,7,1,139)
r(171,5,1,139)
w(13,4,1,139)
r(243,4,2,140)
w(3,4,2,140)
r(228,2,2,140)
w(269,5,2,140)
w(138,4,2,140)
w(16,6,2,140)
r(49,2,2,140)
w(206,2,2,140)
r(43,2,2,140)
w(24,4,2,140)
w(252,4,2,140)
r(40,10,2,140)
r(179,5,2,140)
w(229,4,2,140)
r(253,7,2,140)
w(239,4,2,140)
r(257,5,2,140)
r(138,4,2,140)
r(14,7,2,140)
w(50,6,2,140)
w(244,2,3,141)
r(74,6,3,141)
w(129,5,3,141)
w(277,8,3,141)
r(286,9,3,141)
r(214,7,3,141)
r(106,3,3,141)
r(225,4,3,141)
w(33,4,3,141)
r(292,4,3,141)
w(13,5,3,141)
r(260,5,3,141)
r(181,6,3,141)
r(153,5,3,141)
w(146,5,3,141)
w(249,3,3,141)
r(79,8,3,141)
r(146,5,3,141)
r(143,6,3,141)
w(203,4,3,141)
w(21,6,4,142)
w(121,6,4,142)
w(183,3,4,142)
r(276,7,4,142)
w(161,7,4,142)
w(233,7,4,142)
r(6,4,4,142)
w(290,7,4,142)
r(211,5,4,142)
r(79,8,4,142)
w(84,4,4,142)
w(293,8,4,142)
r(29,6,4,142)
r(88,2,4,142)
w(30,5,4,142)
r(209,6,4,142)
r(22,2,4,142)
r(162,10,4,142)
r(282,8,4,142)
w(51,3,4,142)
r(217,4,5,143)
w(145,3,5,143)
w(282,6,5,143)
r(261,7,5,143)
r(152,5,5,143)
w(286,10,5,143)
w(82,5,5,143)
r(86,5,5,143)
w(5,5,5,143)
w(224,10,5,143)
w(203,5,5,143)
w(113,6,5,143)
w(10,10,5,143)
r(19,3,5,143)
w(145,8,5,143)
w(15,8,5,143)
r(28,6,5,143)
w(158,8,5,143)
w(18,3,5,143)
r(156,5,5,143)
r(112,6,6,144)
r(90,5,6,144)
r(142,4,6,144)
r(185,6,6,144)
w(168,7,6,144)
w(150,6,6,144)
r(63,8,6,144)
w(8,8,6,144)
r(106,3,6,144)
r(86,5,6,144)
w(116,7,6,144)
r(88,2,6,144)
w(221,9,6,144)
r(267,7,6,144)
r(200,4,6,144)
w(31,7,6,144)
w(233,9,6,144)
w(205,3,6,144)
w(226,3,6,144)
r(152,6,6,144)
w(240,6,1,145)
r(299,6,1,145)
r(236,2,1,145)
r(13,4,1,145)
r(83,4,1,145)
r(168,7,1,145)
r(102,7,1,145)
w(272,2,1,145)
w(27,2,1,145)
w(111,6,1,145)
w(138,2,1,145)
r(6,4,1,145)
w(4,2,1,145)
r(209,6,1,145)
r(141,7,1,145)
r(206,2,1,145)
r(264,8,1,145)
r(176,6,1,145)
r(60,2,1,145)
w(215,2,1,145)
w(280,6,2,146)
w(269,7,2,146)
w(267,6,2,146)
r(20,3,2,146)
r(34,2,2,146)
w(236,2,2,146)
r(52,7,2,146)
w(286,6,2,146)
r(106,3,2,146)
w(77,4,2,146)
r(15,8,2,146)
r(63,8,2,146)
r(142,5,2,146)
r(192,6,2,146)
w(130,5,2,146)
w(292,6,2,146)
r(30,5,2,146)
w(99,6,2,146)
r(99,6,2,146)
r(162,10,2,146)
r(127,6,4,147)
r(250,3,4,147)
r(138,4,4,147)
r(106,3,4,147)
w(242,9,4,147)
r(116,7,4,147)
r(97,8,4,147)
w(198,7,4,147)
r(83,4,4,147)
w(280,10,4,147)
w(43,3,4,147)
r(8,8,4,147)
r(236,2,4,147)
w(47,3,4,147)
w(84,6,4,147)
w(138,7,4,147)
w(255,10,4,147)
w(23,10,4,147)
w(94,6,4,147)
r(97,8,4,147)
r(99,5,5,148)
r(168,5,5,148)
w(222,5,5,148)
w(275,8,5,148)
r(206,5,5,148)
w(62,6,5,148)
r(157,6,5,148)
r(283,7,5,148)
r(213,6,5,148)
w(90,5,5,148)
w(70,5,5,148)
r(239,6,5,148)
r(170,5,5,148)
r(26,6,5,148)
r(21,5,5,148)
r(36,7,5,148)
w(127,3,5,148)
w(226,5,5,148)
w(162,8,5,148)
r(32,6,5,148)
w(99,9,6,149)
w(134,3,6,149)
w(113,7,6,149)
r(21,2,6,149)
r(11,2,6,149)
w(142,5,6,149)
w(10,14,6,149)
w(282,8,6,149)
w(200,6,6,149)
w(154,10,6,149)
w(218,8,6,149)
w(114,3,6,149)
w(141,7,6,149)
r(193,7,6,149)
r(190,8,6,149)
r(13,7,6,149)
r(136,6,6,149)
r(224,7,6,149)
r(186,5,6,149)
w(178,4,6,149)
w(10,4,2,150)
r(91,4,2,150)
w(272,4,2,150)
w(68,5,2,150)
r(156,5,2,150)
r(214,7,2,150)
r(134,3,2,150)
r(296,5,2,150)
r(225,4,2,150)
w(258,5,2,150)
r(253,7,2,150)
r(183,3,2,150)
w(79,6,2,150)
w(101,7,2,150)
w(184,2,2,150)
w(16,5,2,150)
r(211,5,2,150)
r(155,2,2,150)
w(259,2,2,150)
r(220,4,2,150)
w(12,7,5,151)
w(37,6,5,151)
r(11,4,5,151)
w(252,6,5,151)
w(165,7,5,151)
r(269,11,5,151)
r(232,5,5,151)
w(136,6,5,151)
w(117,3,5,151)
r(173,10,5,151)
r(209,6,5,151)
r(139,7,5,151)
w(260,10,5,151)
r(245,4,5,151)
r(258,8,5,151)
w(181,6,5,151)
w(199,3,5,151)
w(227,8,5,151)
w(288,5,5,151)
w(187,8,5,151)
r(84,4,6,152)
w(84,9,6,152)
r(165,7,6,152)
w(276,8,6,152)
w(277,11,6,152)
w(36,9,6,152)
w(136,5,6,152)
r(11,2,6,152)
r(41,10,6,152)
w(188,10,6,152)
r(30,5,6,152)
w(260,11,6,152)
w(49,12,6,152)
w(147,8,6,152)
r(171,5,6,152)
w(250,3,6,152)
w(289,9,6,152)
w(276,10,6,152)
r(150,6,6,152)
w(78,8,6,152)
w(103,6,5,153)
w(32,5,5,153)
w(203,7,5,153)
r(275,8,5,153)
r(9,8,5,153)
r(289,3,5,153)
w(35,8,5,153)
r(60,2,5,153)
r(220,3,5,153)
w(2,4,5,153)
r(201,5,5,153)
r(86,5,5,153)
r(122,4,5,153)
r(98,1,5,153)
r(228,2,5,153)
r(122,4,5,153)
r(61,5,5,153)
r(241,5,5,153)
w(272,7,5,153)
w(259,5,5,153)
r(157,6,5,154)
r(221,10,5,154)
w(42,8,5,154)
w(10,9,5,154)
r(48,4,5,154)
r(24,6,5,154)
r(182,9,5,154)
w(226,7,5,154)
w(286,9,5,154)
w(45,2,5,154)
w(63,8,5,154)
w(162,10,5,154)
w(143,7,5,154)
r(64,6,5,154)
r(46,5,5,154)
r(272,7,5,154)
r(295,4,5,154)
w(243,4,5,154)
r(193,7,5,154)
r(149,10,5,154)
