w(1,1,0,0)
w(2,1,0,0)
w(3,1,0,0)
w(4,1,0,0)
w(5,1,0,0)
w(6,1,0,0)
w(7,1,0,0)
w(8,1,0,0)
w(9,1,0,0)
w(10,1,0,0)
w(11,1,0,0)
w(12,1,0,0)
w(13,1,0,0)
w(14,1,0,0)
w(15,1,0,0)
w(16,1,0,0)
w(17,1,0,0)
w(18,1,0,0)
w(19,1,0,0)
w(20,1,0,0)
w(21,1,0,0)
w(22,1,0,0)
w(23,1,0,0)
w(24,1,0,0)
w(25,1,0,0)
w(26,1,0,0)
w(27,1,0,0)
w(28,1,0,0)
w(29,1,0,0)
w(30,1,0,0)
w(31,1,0,0)
w(32,1,0,0)
w(33,1,0,0)
w(34,1,0,0)
w(35,1,0,0)
w(36,1,0,0)
w(37,1,0,0)
w(38,1,0,0)
w(39,1,0,0)
w(40,1,0,0)
w(41,1,0,0)
w(42,1,0,0)
w(43,1,0,0)
w(44,1,0,0)
w(45,1,0,0)
w(46,1,0,0)
w(47,1,0,0)
w(48,1,0,0)
w(49,1,0,0)
w(50,1,0,0)
w(51,1,0,0)
w(52,1,0,0)
w(53,1,0,0)
w(54,1,0,0)
w(55,1,0,0)
w(56,1,0,0)
w(57,1,0,0)
w(58,1,0,0)
w(59,1,0,0)
w(60,1,0,0)
w(61,1,0,0)
w(62,1,0,0)
w(63,1,0,0)
w(64,1,0,0)
w(65,1,0,0)
w(66,1,0,0)
w(67,1,0,0)
w(68,1,0,0)
w(69,1,0,0)
w(70,1,0,0)
w(71,1,0,0)
w(72,1,0,0)
w(73,1,0,0)
w(74,1,0,0)
w(75,1,0,0)
w(76,1,0,0)
w(77,1,0,0)
w(78,1,0,0)
w(79,1,0,0)
w(80,1,0,0)
w(81,1,0,0)
w(82,1,0,0)
w(83,1,0,0)
w(84,1,0,0)
w(85,1,0,0)
w(86,1,0,0)
w(87,1,0,0)
w(88,1,0,0)
w(89,1,0,0)
w(90,1,0,0)
w(91,1,0,0)
w(92,1,0,0)
w(93,1,0,0)
w(94,1,0,0)
w(95,1,0,0)
w(96,1,0,0)
w(97,1,0,0)
w(98,1,0,0)
w(99,1,0,0)
w(100,1,0,0)
w(101,1,0,0)
w(102,1,0,0)
w(103,1,0,0)
w(104,1,0,0)
w(105,1,0,0)
w(106,1,0,0)
w(107,1,0,0)
w(108,1,0,0)
w(109,1,0,0)
w(110,1,0,0)
w(111,1,0,0)
w(112,1,0,0)
w(113,1,0,0)
w(114,1,0,0)
w(115,1,0,0)
w(116,1,0,0)
w(117,1,0,0)
w(118,1,0,0)
w(119,1,0,0)
w(120,1,0,0)
w(121,1,0,0)
w(122,1,0,0)
w(123,1,0,0)
w(124,1,0,0)
w(125,1,0,0)
w(126,1,0,0)
w(127,1,0,0)
w(128,1,0,0)
w(129,1,0,0)
w(130,1,0,0)
w(131,1,0,0)
w(132,1,0,0)
w(133,1,0,0)
w(134,1,0,0)
w(135,1,0,0)
w(136,1,0,0)
w(137,1,0,0)
w(138,1,0,0)
w(139,1,0,0)
w(140,1,0,0)
w(141,1,0,0)
w(142,1,0,0)
w(143,1,0,0)
w(144,1,0,0)
w(145,1,0,0)
w(146,1,0,0)
w(147,1,0,0)
w(148,1,0,0)
w(149,1,0,0)
w(150,1,0,0)
w(151,1,0,0)
w(152,1,0,0)
w(153,1,0,0)
w(154,1,0,0)
w(155,1,0,0)
w(156,1,0,0)
w(157,1,0,0)
w(158,1,0,0)
w(159,1,0,0)
w(160,1,0,0)
w(161,1,0,0)
w(162,1,0,0)
w(163,1,0,0)
w(164,1,0,0)
w(165,1,0,0)
w(166,1,0,0)
w(167,1,0,0)
w(168,1,0,0)
w(169,1,0,0)
w(170,1,0,0)
w(171,1,0,0)
w(172,1,0,0)
w(173,1,0,0)
w(174,1,0,0)
w(175,1,0,0)
w(176,1,0,0)
w(177,1,0,0)
w(178,1,0,0)
w(179,1,0,0)
w(180,1,0,0)
w(181,1,0,0)
w(182,1,0,0)
w(183,1,0,0)
w(184,1,0,0)
w(185,1,0,0)
w(186,1,0,0)
w(187,1,0,0)
w(188,1,0,0)
w(189,1,0,0)
w(190,1,0,0)
w(191,1,0,0)
w(192,1,0,0)
w(193,1,0,0)
w(194,1,0,0)
w(195,1,0,0)
w(196,1,0,0)
w(197,1,0,0)
w(198,1,0,0)
w(199,1,0,0)
w(200,1,0,0)
w(201,1,0,0)
w(202,1,0,0)
w(203,1,0,0)
w(204,1,0,0)
w(205,1,0,0)
w(206,1,0,0)
w(207,1,0,0)
w(208,1,0,0)
w(209,1,0,0)
w(210,1,0,0)
w(211,1,0,0)
w(212,1,0,0)
w(213,1,0,0)
w(214,1,0,0)
w(215,1,0,0)
w(216,1,0,0)
w(217,1,0,0)
w(218,1,0,0)
w(219,1,0,0)
w(220,1,0,0)
w(221,1,0,0)
w(222,1,0,0)
w(223,1,0,0)
w(224,1,0,0)
w(225,1,0,0)
w(226,1,0,0)
w(227,1,0,0)
w(228,1,0,0)
w(229,1,0,0)
w(230,1,0,0)
w(231,1,0,0)
w(232,1,0,0)
w(233,1,0,0)
w(234,1,0,0)
w(235,1,0,0)
w(236,1,0,0)
w(237,1,0,0)
w(238,1,0,0)
w(239,1,0,0)
w(240,1,0,0)
w(241,1,0,0)
w(242,1,0,0)
w(243,1,0,0)
w(244,1,0,0)
w(245,1,0,0)
w(246,1,0,0)
w(247,1,0,0)
w(248,1,0,0)
w(249,1,0,0)
w(250,1,0,0)
w(251,1,0,0)
w(252,1,0,0)
w(253,1,0,0)
w(254,1,0,0)
w(255,1,0,0)
w(256,1,0,0)
w(257,1,0,0)
w(258,1,0,0)
w(259,1,0,0)
w(260,1,0,0)
w(261,1,0,0)
w(262,1,0,0)
w(263,1,0,0)
w(264,1,0,0)
w(265,1,0,0)
w(266,1,0,0)
w(267,1,0,0)
w(268,1,0,0)
w(269,1,0,0)
w(270,1,0,0)
w(271,1,0,0)
w(272,1,0,0)
w(273,1,0,0)
w(274,1,0,0)
w(275,1,0,0)
w(276,1,0,0)
w(277,1,0,0)
w(278,1,0,0)
w(279,1,0,0)
w(280,1,0,0)
w(281,1,0,0)
w(282,1,0,0)
w(283,1,0,0)
w(284,1,0,0)
w(285,1,0,0)
w(286,1,0,0)
w(287,1,0,0)
w(288,1,0,0)
w(289,1,0,0)
w(290,1,0,0)
w(291,1,0,0)
w(292,1,0,0)
w(293,1,0,0)
w(294,1,0,0)
w(295,1,0,0)
w(296,1,0,0)
w(297,1,0,0)
w(298,1,0,0)
w(299,1,0,0)
w(300,1,0,0)
w(301,1,0,0)
w(302,1,0,0)
w(303,1,0,0)
w(304,1,0,0)
w(305,1,0,0)
w(306,1,0,0)
w(307,1,0,0)
w(308,1,0,0)
w(309,1,0,0)
w(310,1,0,0)
w(311,1,0,0)
w(312,1,0,0)
w(313,1,0,0)
w(314,1,0,0)
w(315,1,0,0)
w(316,1,0,0)
w(317,1,0,0)
w(318,1,0,0)
w(319,1,0,0)
w(320,1,0,0)
w(321,1,0,0)
w(322,1,0,0)
w(323,1,0,0)
w(324,1,0,0)
w(325,1,0,0)
w(326,1,0,0)
w(327,1,0,0)
w(328,1,0,0)
w(329,1,0,0)
w(330,1,0,0)
w(331,1,0,0)
w(332,1,0,0)
w(333,1,0,0)
w(334,1,0,0)
w(335,1,0,0)
w(336,1,0,0)
w(337,1,0,0)
w(338,1,0,0)
w(339,1,0,0)
w(340,1,0,0)
w(341,1,0,0)
w(342,1,0,0)
w(343,1,0,0)
w(344,1,0,0)
w(345,1,0,0)
w(346,1,0,0)
w(347,1,0,0)
w(348,1,0,0)
w(349,1,0,0)
w(350,1,0,0)
w(351,1,0,0)
w(352,1,0,0)
w(353,1,0,0)
w(354,1,0,0)
w(355,1,0,0)
w(356,1,0,0)
w(357,1,0,0)
w(358,1,0,0)
w(359,1,0,0)
w(360,1,0,0)
w(249,2,1,1)
r(271,1,1,1)
r(50,1,1,1)
r(333,1,1,1)
r(285,1,1,1)
r(217,1,1,1)
r(246,1,1,1)
w(57,2,1,1)
w(238,2,1,1)
r(330,1,1,1)
w(92,2,1,1)
w(111,2,1,1)
w(221,2,1,1)
r(117,1,1,1)
r(219,1,1,1)
r(27,1,1,1)
w(345,2,1,1)
w(315,2,1,1)
w(350,2,1,1)
r(90,1,1,1)
w(269,2,1,1)
r(328,1,1,1)
r(317,1,1,1)
w(297,2,1,1)
r(229,1,1,1)
r(181,1,1,1)
w(162,2,1,1)
w(93,2,1,1)
r(2,1,1,1)
w(307,2,1,1)
w(142,2,1,1)
r(243,1,1,1)
w(140,2,1,1)
w(125,2,1,1)
w(95,2,1,1)
w(22,2,1,1)
r(283,1,1,1)
w(108,2,1,1)
r(180,1,1,1)
r(133,1,1,1)
r(353,1,2,2)
w(111,12,2,2)
r(342,1,2,2)
w(7,12,2,2)
w(109,2,2,2)
w(42,12,2,2)
w(203,11,2,2)
r(96,1,2,2)
r(277,1,2,2)
w(77,12,2,2)
w(184,3,2,2)
w(160,2,2,2)
r(280,1,2,2)
w(349,2,2,2)
w(347,3,2,2)
w(86,12,2,2)
w(335,10,2,2)
r(256,1,2,2)
r(290,1,2,2)
r(181,1,2,2)
r(91,1,2,2)
r(67,1,2,2)
w(75,10,2,2)
w(50,2,2,2)
w(234,2,2,2)
r(235,1,2,2)
w(187,12,2,2)
r(219,1,2,2)
w(135,8,2,2)
w(90,12,2,2)
r(122,1,2,2)
r(112,1,2,2)
w(95,10,3,3)
r(206,1,3,3)
r(139,1,3,3)
w(190,12,3,3)
r(156,1,3,3)
w(150,6,3,3)
r(285,1,3,3)
w(274,6,3,3)
r(60,1,3,3)
r(224,1,3,3)
w(87,11,3,3)
w(271,3,3,3)
r(95,10,3,3)
w(36,3,3,3)
r(148,1,3,3)
w(265,6,3,3)
r(194,1,3,3)
w(202,10,3,3)
r(308,1,3,3)
r(352,1,3,3)
w(164,6,3,3)
r(242,1,3,3)
r(338,1,3,3)
w(339,3,3,3)
r(165,1,4,4)
r(146,1,4,4)
r(324,1,4,4)
r(300,1,4,4)
w(149,5,4,4)
w(316,11,4,4)
r(85,1,4,4)
r(356,1,4,4)
r(243,1,4,4)
r(342,1,4,4)
r(173,1,4,4)
r(335,1,4,4)
w(133,10,4,4)
r(136,1,4,4)
w(52,10,4,4)
w(169,10,4,4)
r(113,1,4,4)
r(57,2,4,4)
w(84,10,4,4)
w(17,6,4,4)
r(183,1,4,4)
w(278,12,4,4)
w(92,8,4,4)
w(352,10,4,4)
w(170,6,5,5)
w(350,11,5,5)
r(83,1,5,5)
w(177,6,5,5)
w(235,6,5,5)
w(194,4,5,5)
r(79,1,5,5)
w(288,7,5,5)
w(72,9,5,5)
w(203,18,5,5)
r(149,1,5,5)
r(75,1,5,5)
w(142,7,5,5)
w(74,6,5,5)
r(123,1,5,5)
r(248,1,5,5)
w(101,11,5,5)
r(353,1,5,5)
r(249,2,5,5)
r(221,2,5,5)
r(309,1,5,5)
w(103,13,5,5)
r(105,1,5,5)
r(311,1,5,5)
w(33,4,5,5)
w(59,11,5,5)
r(15,1,5,5)
r(154,1,5,5)
w(32,11,5,5)
w(240,6,5,5)
r(190,1,5,5)
r(104,1,5,5)
r(342,1,5,5)
w(1,3,5,5)
r(316,1,5,5)
r(176,1,5,5)
w(298,3,5,5)
w(206,11,5,5)
w(288,5,5,5)
r(293,1,5,5)
r(29,1,6,6)
r(322,1,6,6)
w(184,7,6,6)
w(127,11,6,6)
w(185,7,6,6)
w(274,13,6,6)
r(117,1,6,6)
w(187,6,6,6)
w(159,11,6,6)
r(181,1,1,7)
r(188,1,1,7)
r(66,1,1,7)
r(202,1,1,7)
r(36,1,1,7)
r(271,1,1,7)
w(166,2,1,7)
r(268,1,1,7)
w(355,2,1,7)
w(137,3,1,7)
w(171,2,1,7)
w(89,2,1,7)
r(310,1,1,7)
r(169,1,1,7)
r(149,1,1,7)
r(354,1,1,7)
w(181,2,1,7)
w(65,2,1,7)
w(26,2,1,7)
w(335,2,1,7)
r(283,1,1,7)
w(241,2,1,7)
w(314,2,1,7)
w(19,2,1,7)
w(66,2,1,7)
w(42,2,1,7)
r(12,1,1,7)
r(356,1,1,7)
w(86,2,1,7)
w(71,2,1,7)
r(166,2,1,7)
r(194,4,1,7)
r(250,1,2,8)
w(324,3,2,8)
r(245,1,2,8)
r(309,1,2,8)
w(150,12,2,8)
w(167,3,2,8)
w(190,3,2,8)
r(350,11,2,8)
r(32,11,2,8)
w(230,10,2,8)
w(266,3,2,8)
r(269,2,2,8)
w(179,6,2,8)
r(278,1,2,8)
w(343,12,2,8)
r(103,13,2,8)
w(338,11,2,8)
w(143,10,2,8)
r(249,2,2,8)
w(292,3,2,8)
r(106,1,2,8)
w(147,3,2,8)
r(140,2,2,8)
r(252,1,2,8)
w(358,2,2,8)
r(64,1,2,8)
w(69,3,2,8)
w(122,3,2,8)
r(73,1,2,8)
w(344,2,2,8)
w(89,6,2,8)
r(203,18,3,9)
w(42,8,3,9)
r(262,1,3,9)
r(220,1,3,9)
w(272,6,3,9)
w(200,2,3,9)
w(176,12,3,9)
r(270,1,3,9)
r(148,1,3,9)
w(169,3,3,9)
r(21,1,3,9)
w(183,11,3,9)
w(58,3,3,9)
w(355,10,3,9)
r(235,6,3,9)
r(330,1,3,9)
w(241,8,3,9)
r(243,1,3,9)
r(83,1,3,9)
r(138,1,3,9)
w(357,6,3,9)
r(330,1,3,9)
w(247,6,3,9)
r(60,1,3,9)
r(341,1,3,9)
w(29,2,3,9)
r(76,1,3,9)
w(243,6,3,9)
r(99,1,3,9)
w(238,8,3,9)
r(160,1,3,9)
w(331,10,3,9)
w(110,6,3,9)
r(235,6,3,9)
r(100,1,3,9)
r(299,1,3,9)
r(329,1,3,9)
r(55,1,4,10)
w(331,11,4,10)
w(259,6,4,10)
r(325,1,4,10)
w(198,11,4,10)
w(76,8,4,10)
r(208,1,4,10)
w(220,12,4,10)
w(212,11,4,10)
w(90,4,4,10)
w(67,8,4,10)
w(11,11,4,10)
w(236,9,4,10)
w(85,10,4,10)
r(296,1,5,11)
r(84,11,5,11)
w(79,4,5,11)
w(99,11,5,11)
r(321,1,5,11)
w(200,11,5,11)
r(244,1,5,11)
r(42,1,5,11)
r(345,2,5,11)
w(62,8,5,11)
w(344,4,5,11)
r(252,1,5,11)
w(333,8,5,11)
w(112,13,5,11)
w(107,6,5,11)
r(325,1,5,11)
w(135,13,5,11)
w(177,8,5,11)
w(222,5,5,11)
w(335,4,5,11)
w(222,9,5,11)
w(202,9,5,11)
w(269,7,6,12)
r(50,1,6,12)
r(200,1,6,12)
w(135,18,6,12)
w(213,17,6,12)
w(256,13,6,12)
w(129,13,6,12)
w(196,8,6,12)
w(28,9,6,12)
r(211,1,6,12)
r(130,1,6,12)
w(195,9,6,12)
w(309,7,6,12)
r(239,1,6,12)
r(207,1,6,12)
r(222,1,6,12)
w(166,7,6,12)
w(173,4,6,12)
w(262,17,6,12)
w(112,17,6,12)
r(341,1,6,12)
r(201,1,6,12)
w(307,5,6,12)
w(45,7,6,12)
r(126,1,6,12)
r(172,1,6,12)
w(47,12,6,12)
r(181,1,6,12)
r(190,1,6,12)
r(256,13,6,12)
w(150,4,6,12)
w(248,7,6,12)
w(131,5,6,12)
r(322,1,6,12)
r(112,17,6,12)
r(315,2,6,12)
w(311,11,6,12)
w(87,13,6,12)
w(234,6,6,12)
w(56,3,1,13)
w(148,2,1,13)
r(33,3,1,13)
w(212,2,1,13)
w(39,2,1,13)
w(2,2,1,13)
w(99,2,1,13)
r(148,2,1,13)
w(154,3,1,13)
r(136,1,1,13)
r(256,1,1,13)
r(216,1,1,13)
w(208,2,1,13)
w(108,3,1,13)
r(100,1,1,13)
w(48,3,1,13)
r(144,1,1,13)
w(126,2,1,13)
r(143,5,1,13)
w(44,2,1,13)
r(75,1,1,13)
r(254,1,1,13)
w(277,2,1,13)
r(238,4,1,13)
r(223,1,1,13)
r(210,1,1,13)
r(39,2,1,13)
r(331,1,1,13)
r(318,1,1,13)
r(258,6,1,13)
r(70,7,1,13)
r(276,1,1,13)
w(295,3,1,13)
w(173,2,1,13)
w(257,2,1,13)
w(338,2,1,13)
w(49,2,1,13)
r(243,8,1,13)
r(203,9,1,13)
w(74,2,1,13)
w(337,2,2,14)
r(156,1,2,14)
r(194,4,2,14)
w(204,2,2,14)
w(252,10,2,14)
r(200,1,2,14)
r(43,9,2,14)
r(202,1,2,14)
r(112,15,2,14)
w(6,10,2,14)
r(137,1,2,14)
r(215,1,2,14)
r(3,1,2,14)
r(40,1,2,14)
w(245,10,2,14)
r(61,1,2,14)
w(189,2,2,14)
r(336,1,2,14)
w(236,12,2,14)
r(272,1,2,14)
r(120,1,2,14)
r(255,1,2,14)
r(19,1,2,14)
r(182,1,2,14)
w(76,12,2,14)
w(230,8,2,14)
r(165,12,2,14)
w(289,3,2,14)
r(151,1,2,14)
w(325,10,2,14)
w(213,3,2,14)
w(152,12,2,14)
w(267,2,2,14)
w(250,2,2,14)
r(48,7,2,14)
r(261,1,2,14)
r(302,2,2,14)
w(121,3,2,14)
r(71,8,2,14)
w(149,6,2,14)
w(117,10,3,15)
r(111,2,3,15)
w(154,4,3,15)
w(95,6,3,15)
r(343,1,3,15)
w(20,6,3,15)
r(203,18,3,15)
w(8,6,3,15)
w(77,7,3,15)
r(4,1,3,15)
r(15,1,3,15)
w(9,4,3,15)
r(114,1,3,15)
r(29,1,3,15)
w(258,6,3,15)
r(39,1,3,15)
w(55,10,3,15)
w(57,11,3,15)
r(137,1,3,15)
w(186,12,3,15)
w(309,12,3,15)
w(184,8,3,15)
w(88,3,3,15)
r(160,1,3,15)
w(107,3,3,15)
w(236,4,3,15)
r(46,1,3,15)
w(263,6,3,15)
r(190,1,3,15)
w(326,3,3,15)
r(252,1,3,15)
w(238,11,3,15)
w(88,12,3,15)
w(353,3,3,15)
w(359,10,3,15)
r(235,6,3,15)
r(294,1,3,15)
r(53,1,3,15)
w(45,6,3,15)
w(96,6,3,15)
w(217,8,4,16)
r(92,2,4,16)
r(342,1,4,16)
r(130,1,4,16)
r(215,1,4,16)
r(64,1,4,16)
r(235,6,4,16)
r(91,1,4,16)
r(238,2,4,16)
w(211,12,4,16)
w(195,6,4,16)
w(300,8,4,16)
r(205,1,4,16)
w(148,12,4,16)
w(101,12,4,16)
w(220,8,5,17)
w(143,5,5,17)
r(143,5,5,17)
w(159,6,5,17)
w(153,11,5,17)
r(123,1,5,17)
w(48,7,5,17)
r(64,1,5,17)
r(97,1,5,17)
w(161,6,5,17)
w(41,8,5,17)
w(214,11,5,17)
w(271,11,5,17)
w(187,10,5,17)
r(202,1,5,17)
r(1,3,5,17)
r(116,5,5,17)
r(198,1,5,17)
r(238,11,5,17)
r(36,1,5,17)
r(121,1,5,17)
r(105,1,5,17)
r(67,1,5,17)
w(91,8,5,17)
r(63,7,5,17)
w(264,11,5,17)
w(360,12,5,17)
r(33,6,5,17)
r(79,1,5,17)
w(279,6,5,17)
r(143,5,5,17)
r(44,1,5,17)
r(162,2,5,17)
r(71,8,5,17)
r(223,1,5,17)
r(281,10,5,17)
r(175,1,5,17)
w(321,8,5,17)
r(67,1,5,17)
r(221,2,5,17)
r(79,1,6,18)
r(106,1,6,18)
w(55,7,6,18)
r(15,1,6,18)
r(288,5,6,18)
w(128,11,6,18)
w(293,7,6,18)
r(234,1,6,18)
r(262,1,6,18)
r(260,1,6,18)
w(260,17,6,18)
w(170,11,6,18)
r(95,2,6,18)
r(249,2,6,18)
w(301,11,6,18)
w(33,7,6,18)
w(168,11,6,18)
r(233,1,6,18)
w(43,9,6,18)
r(79,1,6,18)
w(113,9,6,18)
r(203,18,6,18)
r(34,1,6,18)
w(205,7,6,18)
r(202,1,6,18)
r(309,1,6,18)
r(63,1,6,18)
r(353,1,6,18)
r(309,1,6,18)
r(23,1,6,18)
r(24,1,6,18)
r(48,1,6,18)
w(178,9,6,18)
w(84,11,6,18)
w(342,7,6,18)
r(346,1,6,18)
w(71,8,6,18)
w(170,4,6,18)
r(311,1,6,18)
r(124,1,6,18)
r(161,6,1,19)
r(349,10,1,19)
r(142,5,1,19)
w(203,3,1,19)
w(184,2,1,19)
r(289,3,1,19)
w(271,2,1,19)
w(39,3,1,19)
w(292,2,1,19)
w(157,2,1,19)
w(20,2,1,19)
w(235,2,1,19)
w(165,2,1,19)
r(17,1,1,19)
r(205,11,1,19)
r(193,3,1,19)
r(88,12,1,19)
r(281,10,1,19)
w(87,2,1,19)
w(144,2,1,19)
w(120,3,1,19)
r(327,1,1,19)
r(141,1,1,19)
w(97,2,1,19)
r(26,11,1,19)
r(242,6,1,19)
w(318,2,1,19)
r(42,11,1,19)
w(141,2,1,19)
r(182,7,1,19)
r(141,2,1,19)
r(146,1,1,19)
r(331,1,1,19)
r(124,13,1,19)
r(87,2,1,19)
w(72,3,2,20)
r(140,2,2,20)
r(251,1,2,20)
w(145,12,2,20)
r(85,1,2,20)
r(55,10,2,20)
r(185,8,2,20)
w(285,3,2,20)
w(229,10,2,20)
r(181,1,2,20)
w(74,12,2,20)
w(91,3,2,20)
r(221,2,2,20)
r(68,5,2,20)
r(277,2,2,20)
w(171,10,2,20)
w(157,3,2,20)
r(104,1,2,20)
r(167,6,2,20)
w(158,3,2,20)
r(34,1,2,20)
r(291,1,2,20)
r(87,4,2,20)
r(200,1,2,20)
w(242,6,2,20)
r(241,1,2,20)
w(345,3,2,20)
w(4,2,2,20)
w(10,3,2,20)
r(232,1,2,20)
r(63,7,2,20)
r(84,11,2,20)
r(184,5,2,20)
r(314,1,2,20)
r(305,6,2,20)
r(326,3,2,20)
w(319,3,2,20)
w(104,6,2,20)
r(213,6,2,20)
w(159,2,2,20)
r(27,1,3,21)
r(229,1,3,21)
r(176,1,3,21)
w(203,9,3,21)
r(31,1,3,21)
r(348,1,3,21)
w(281,10,3,21)
r(299,1,3,21)
w(185,6,3,21)
r(337,1,3,21)
w(243,8,3,21)
w(252,8,3,21)
r(102,11,3,21)
w(173,10,3,21)
r(280,11,3,21)
w(292,6,3,21)
w(24,6,3,21)
r(243,8,3,21)
w(205,6,3,21)
r(166,5,3,21)
r(208,1,3,21)
r(197,1,3,21)
r(171,1,3,21)
r(307,2,3,21)
r(294,1,3,21)
r(264,1,3,21)
w(212,6,3,21)
w(15,10,3,21)
w(14,11,3,21)
w(174,11,3,21)
r(251,1,3,21)
r(84,11,3,21)
r(9,4,3,21)
r(351,1,3,21)
w(192,10,3,21)
w(329,6,3,21)
w(177,10,3,21)
w(179,7,3,21)
w(302,2,3,21)
r(48,1,3,21)
r(212,1,4,22)
w(349,8,4,22)
r(26,1,4,22)
w(87,4,4,22)
r(162,2,4,22)
r(5,1,4,22)
w(266,11,4,22)
w(161,12,4,22)
w(227,8,4,22)
r(26,1,4,22)
w(179,9,4,22)
w(167,11,4,22)
w(329,5,4,22)
r(107,3,4,22)
w(303,5,4,22)
w(329,9,4,22)
w(25,8,4,22)
w(178,8,4,22)
w(274,5,4,22)
r(192,1,4,22)
r(239,1,4,22)
w(58,10,4,22)
r(210,1,4,22)
r(171,1,4,22)
w(319,11,4,22)
r(20,6,4,22)
r(87,4,4,22)
w(311,3,4,22)
w(33,6,4,22)
r(44,1,4,22)
w(143,11,4,22)
w(213,11,4,22)
w(165,12,4,22)
w(341,7,4,22)
w(107,12,4,22)
w(26,12,4,22)
w(124,8,4,22)
w(226,6,4,22)
w(66,6,4,22)
w(303,9,4,22)
r(176,1,5,23)
r(92,4,5,23)
r(208,2,5,23)
r(278,1,5,23)
w(284,8,5,23)
r(204,2,5,23)
w(78,11,5,23)
r(109,1,5,23)
r(289,3,5,23)
r(136,1,5,23)
r(125,2,5,23)
w(34,8,5,23)
w(213,7,5,23)
r(204,2,5,23)
w(359,4,5,23)
w(142,5,5,23)
r(7,1,5,23)
w(248,8,5,23)
w(124,13,5,23)
w(26,11,5,23)
w(302,6,5,23)
r(257,2,5,23)
w(162,7,5,23)
r(113,9,5,23)
w(182,7,5,23)
w(350,4,5,23)
r(23,1,5,23)
w(308,7,5,23)
r(321,8,5,23)
w(205,11,5,23)
r(209,1,5,23)
w(316,5,5,23)
r(38,1,5,23)
r(128,11,5,23)
r(90,1,5,23)
w(99,7,5,23)
w(149,9,5,23)
w(109,3,5,23)
w(82,4,5,23)
w(340,11,5,23)
r(42,1,6,24)
w(281,13,6,24)
w(92,4,6,24)
w(116,5,6,24)
r(328,1,6,24)
w(72,20,6,24)
r(327,1,6,24)
r(227,1,6,24)
r(211,1,6,24)
w(133,7,6,24)
r(62,1,6,24)
w(163,13,6,24)
w(322,11,6,24)
r(46,1,6,24)
r(64,1,6,24)
r(260,17,6,24)
r(54,1,6,24)
r(216,1,6,24)
w(166,5,6,24)
w(316,13,6,24)
r(347,1,6,24)
w(163,14,6,24)
w(143,13,6,24)
w(150,7,6,24)
r(44,1,6,24)
r(330,1,6,24)
w(33,5,6,24)
r(280,1,6,24)
r(33,5,6,24)
w(280,11,6,24)
r(353,3,6,24)
w(186,7,6,24)
r(3,1,6,24)
r(45,6,6,24)
r(106,1,6,24)
w(312,9,6,24)
r(359,10,6,24)
r(341,1,6,24)
r(8,6,6,24)
r(231,1,6,24)
w(91,2,1,25)
w(56,12,1,25)
r(55,6,1,25)
r(317,1,1,25)
r(91,2,1,25)
w(325,2,1,25)
w(87,3,1,25)
r(159,2,1,25)
r(233,1,1,25)
r(354,12,1,25)
r(349,10,1,25)
r(316,5,1,25)
r(226,6,1,25)
r(326,3,1,25)
w(143,2,1,25)
w(19,3,1,25)
r(239,1,1,25)
w(264,2,1,25)
w(49,3,1,25)
w(260,2,1,25)
r(81,1,1,25)
w(28,2,1,25)
w(161,2,1,25)
r(345,3,1,25)
r(174,11,1,25)
r(58,10,1,25)
r(277,2,1,25)
w(356,2,1,25)
w(355,3,1,25)
r(209,1,1,25)
r(128,11,1,25)
r(225,12,1,25)
w(56,10,1,25)
w(315,3,1,25)
w(265,3,1,25)
r(285,3,1,25)
r(103,13,1,25)
w(140,3,1,25)
r(290,1,1,25)
r(155,1,1,25)
r(282,1,2,26)
w(15,12,2,26)
r(241,1,2,26)
w(188,12,2,26)
r(45,6,2,26)
w(49,10,2,26)
r(7,1,2,26)
w(118,2,2,26)
r(347,1,2,26)
w(116,3,2,26)
r(315,2,2,26)
r(98,1,2,26)
w(238,10,2,26)
w(174,10,2,26)
w(9,6,2,26)
r(345,3,2,26)
w(257,12,2,26)
r(27,12,2,26)
w(225,3,2,26)
r(315,2,2,26)
w(342,12,2,26)
r(82,4,2,26)
r(93,2,2,26)
w(104,8,2,26)
w(30,3,2,26)
r(249,2,2,26)
r(15,12,2,26)
w(75,6,2,26)
w(180,12,2,26)
w(231,10,3,27)
w(349,10,3,27)
w(238,4,3,27)
w(319,12,3,27)
r(77,7,3,27)
r(61,1,3,27)
w(160,12,3,27)
r(292,6,3,27)
r(98,1,3,27)
r(20,6,3,27)
w(332,3,3,27)
r(306,1,3,27)
w(180,6,3,27)
r(328,1,3,27)
w(51,12,3,27)
r(32,11,3,27)
r(288,5,3,27)
w(306,6,3,27)
r(9,4,3,27)
r(302,2,3,27)
r(6,1,3,27)
r(27,1,3,27)
w(166,12,3,27)
r(9,4,3,27)
w(353,12,3,27)
r(316,13,3,27)
w(171,11,3,27)
w(24,8,3,27)
r(289,1,3,27)
w(21,12,3,27)
r(279,6,3,27)
r(159,6,3,27)
w(12,6,3,27)
r(141,1,3,27)
w(33,3,3,27)
w(160,10,3,27)
r(261,1,3,27)
r(252,8,3,27)
r(293,7,3,27)
r(241,1,3,27)
w(210,11,4,28)
r(161,6,4,28)
w(274,9,4,28)
w(72,4,4,28)
r(105,1,4,28)
r(53,1,4,28)
w(227,11,4,28)
r(103,13,4,28)
r(310,12,4,28)
w(201,10,4,28)
r(162,2,4,28)
r(181,1,4,28)
r(229,10,4,28)
r(245,10,4,28)
r(24,8,4,28)
w(179,13,4,28)
w(135,5,4,28)
w(185,11,4,28)
w(3,10,5,29)
r(313,1,5,29)
r(290,1,5,29)
w(311,6,5,29)
r(227,8,5,29)
r(151,1,5,29)
r(82,4,5,29)
w(359,7,5,29)
w(16,6,5,29)
r(193,3,5,29)
r(190,1,5,29)
r(164,1,5,29)
r(194,4,5,29)
r(304,1,5,29)
w(113,11,5,29)
r(42,11,5,29)
w(133,6,5,29)
w(241,4,5,29)
w(133,8,5,29)
w(168,6,5,29)
w(264,4,5,29)
w(352,11,5,29)
r(109,3,5,29)
r(121,12,5,29)
w(72,13,5,29)
r(241,4,5,29)
w(90,7,5,29)
r(43,9,5,29)
w(201,7,5,29)
r(344,6,5,29)
w(149,13,5,29)
r(254,1,5,29)
r(331,1,5,29)
w(207,4,5,29)
r(225,12,5,29)
w(359,5,5,29)
r(212,2,5,29)
w(104,17,5,29)
r(353,12,5,29)
r(331,1,5,29)
r(204,1,6,30)
w(2,7,6,30)
w(102,11,6,30)
r(258,6,6,30)
r(309,12,6,30)
r(214,1,6,30)
r(174,1,6,30)
w(68,5,6,30)
w(118,11,6,30)
w(112,15,6,30)
r(278,1,6,30)
w(184,5,6,30)
r(56,1,6,30)
w(322,4,6,30)
r(124,1,6,30)
w(346,4,6,30)
r(194,4,6,30)
r(292,1,6,30)
w(70,7,6,30)
w(344,5,6,30)
w(191,13,6,30)
r(38,1,6,30)
r(175,1,6,30)
r(237,1,6,30)
r(183,1,6,30)
r(15,1,6,30)
r(334,1,6,30)
r(295,1,6,30)
w(63,7,6,30)
r(81,1,6,30)
r(114,1,6,30)
r(219,1,6,30)
w(246,4,6,30)
w(187,8,6,30)
r(16,1,6,30)
w(298,10,6,30)
r(99,1,6,30)
r(46,1,6,30)
w(94,5,6,30)
w(132,10,6,30)
w(142,3,1,31)
w(327,2,1,31)
r(243,8,1,31)
r(335,1,1,31)
r(47,1,1,31)
r(48,3,1,31)
r(157,3,1,31)
w(85,2,1,31)
w(112,2,1,31)
r(92,12,1,31)
w(103,2,1,31)
r(354,12,1,31)
w(162,3,1,31)
w(244,3,1,31)
w(281,3,1,31)
w(239,2,1,31)
r(17,1,1,31)
w(37,2,1,31)
w(315,12,1,31)
w(352,2,1,31)
w(226,2,1,31)
r(260,2,1,31)
w(285,2,1,31)
r(240,6,1,31)
w(227,2,1,31)
w(202,2,1,31)
w(110,2,1,31)
r(182,7,1,31)
r(170,4,1,31)
r(126,2,1,31)
w(244,12,1,31)
w(216,12,1,31)
r(44,2,1,31)
r(180,6,1,31)
w(171,3,1,31)
w(320,2,1,31)
r(228,8,1,31)
w(269,6,2,32)
r(117,10,2,32)
w(36,2,2,32)
w(48,10,2,32)
r(115,1,2,32)
w(203,4,2,32)
r(350,4,2,32)
w(205,2,2,32)
r(110,1,2,32)
w(23,2,2,32)
w(168,2,2,32)
w(37,10,2,32)
w(28,3,2,32)
r(335,1,2,32)
r(291,6,2,32)
r(6,10,2,32)
w(202,3,2,32)
w(21,3,2,32)
w(171,6,2,32)
w(279,3,2,32)
w(334,2,2,32)
w(326,2,2,32)
w(149,8,2,32)
w(116,12,2,32)
w(216,8,2,32)
r(40,1,3,33)
r(92,4,3,33)
r(324,1,3,33)
r(70,7,3,33)
r(30,1,3,33)
r(244,1,3,33)
r(255,1,3,33)
w(323,3,3,33)
r(270,1,3,33)
w(230,4,3,33)
w(309,10,3,33)
r(304,1,3,33)
r(339,1,3,33)
r(86,1,3,33)
w(314,10,3,33)
w(305,10,3,33)
w(273,12,4,34)
w(145,4,4,34)
w(219,8,4,34)
w(219,11,4,34)
w(191,4,4,34)
r(76,12,4,34)
r(267,2,4,34)
w(206,6,4,34)
w(353,8,4,34)
r(10,3,4,34)
r(116,5,4,34)
w(336,6,5,35)
w(263,4,5,35)
r(292,8,5,35)
w(84,8,5,35)
r(18,1,5,35)
w(5,9,5,35)
w(322,6,5,35)
w(340,4,5,35)
w(118,8,5,35)
w(348,10,5,35)
r(95,6,5,35)
w(313,6,5,35)
w(86,8,5,35)
w(267,6,5,35)
w(75,11,5,35)
w(114,11,5,35)
w(104,15,5,35)
w(74,8,5,35)
r(6,10,5,35)
r(317,4,5,35)
r(106,3,5,35)
w(12,4,5,35)
w(131,7,5,35)
r(275,1,5,35)
w(275,11,5,35)
w(351,17,5,35)
r(196,11,5,35)
r(38,1,5,35)
r(3,10,5,35)
r(13,1,5,35)
r(48,3,5,35)
r(107,12,5,35)
w(262,9,5,35)
r(239,1,5,35)
w(269,4,5,35)
r(57,9,5,35)
w(90,5,5,35)
r(66,13,5,35)
r(47,1,5,35)
r(176,2,5,35)
w(191,14,6,36)
r(184,5,6,36)
r(156,1,6,36)
w(314,13,6,36)
r(270,1,6,36)
r(28,1,6,36)
r(337,2,6,36)
w(187,4,6,36)
w(265,9,6,36)
w(358,8,6,36)
r(296,1,6,36)
w(102,4,6,36)
w(245,13,6,36)
r(89,1,6,36)
r(224,1,6,36)
w(65,17,6,36)
r(299,1,6,36)
r(132,10,6,36)
w(184,9,6,36)
r(25,10,6,36)
r(205,11,6,36)
w(155,9,6,36)
r(210,1,6,36)
r(16,6,6,36)
r(4,2,6,36)
w(106,11,6,36)
w(244,13,6,36)
r(167,6,6,36)
r(44,2,6,36)
w(271,4,6,36)
w(70,5,6,36)
w(218,13,6,36)
r(89,1,6,36)
r(304,1,6,36)
w(271,7,6,36)
r(111,2,6,36)
w(348,11,6,36)
w(334,7,6,36)
w(212,5,6,36)
r(169,1,1,37)
w(210,3,1,37)
w(54,2,1,37)
w(18,2,1,37)
w(76,3,1,37)
r(77,6,1,37)
w(80,2,1,37)
r(32,11,1,37)
w(14,2,1,37)
w(209,2,1,37)
r(194,4,1,37)
w(261,3,1,37)
r(309,6,1,37)
r(257,2,1,37)
w(94,2,1,37)
w(102,3,1,37)
w(263,2,1,37)
w(14,3,1,37)
w(341,2,1,37)
r(67,1,1,37)
w(255,2,1,37)
r(342,7,1,37)
w(338,3,1,37)
w(149,12,1,37)
w(73,2,1,37)
r(296,1,1,37)
r(228,8,1,37)
r(253,3,1,37)
r(271,11,1,37)
r(214,11,1,37)
r(132,2,1,37)
r(68,3,1,37)
r(345,12,1,37)
w(317,3,1,37)
r(45,6,1,37)
r(90,5,1,37)
r(137,8,1,37)
r(341,2,1,37)
r(214,11,1,37)
r(234,1,1,37)
w(57,10,2,38)
r(282,1,2,38)
w(218,10,2,38)
w(160,3,2,38)
r(26,11,2,38)
r(306,6,2,38)
w(262,12,2,38)
r(288,5,2,38)
w(203,7,2,38)
w(69,12,2,38)
r(31,6,2,38)
r(100,1,2,38)
w(52,2,2,38)
r(95,6,2,38)
w(251,12,2,38)
w(345,12,2,38)
r(283,1,2,38)
r(14,11,2,38)
r(61,1,2,38)
r(33,3,2,38)
w(124,12,2,38)
w(147,12,2,38)
r(235,6,2,38)
w(83,3,2,38)
r(92,12,2,38)
r(165,12,2,38)
w(208,10,2,38)
r(27,12,2,38)
r(15,10,2,38)
w(153,10,2,38)
r(305,6,2,38)
r(153,10,2,38)
w(185,3,2,38)
r(334,1,2,38)
r(337,2,2,38)
w(100,12,2,38)
r(356,2,2,38)
w(206,2,2,38)
r(293,10,2,38)
w(277,6,2,38)
r(245,10,3,39)
w(225,12,3,39)
w(121,12,3,39)
w(309,6,3,39)
w(215,10,3,39)
r(164,1,3,39)
w(182,3,3,39)
w(185,8,3,39)
r(3,1,3,39)
w(222,10,3,39)
r(81,1,3,39)
w(344,6,3,39)
w(238,7,3,39)
w(213,10,3,39)
w(135,4,3,39)
w(193,3,3,39)
w(323,12,3,39)
r(17,1,3,39)
w(310,12,3,39)
r(188,1,3,39)
r(200,1,3,39)
r(4,1,3,39)
r(356,1,3,39)
r(81,1,3,39)
w(293,12,3,39)
r(335,1,3,39)
r(92,4,3,39)
r(112,15,3,39)
w(199,8,3,39)
w(25,10,3,39)
w(319,10,3,39)
w(345,6,3,39)
w(213,6,3,39)
r(144,1,3,39)
r(140,2,3,39)
w(305,6,3,39)
w(242,8,3,39)
r(218,1,3,39)
w(167,6,3,39)
w(316,10,3,39)
r(11,1,4,40)
w(222,11,4,40)
r(141,1,4,40)
w(8,4,4,40)
r(13,1,4,40)
r(88,12,4,40)
w(123,11,4,40)
r(4,2,4,40)
r(96,6,4,40)
w(200,6,4,40)
w(52,6,4,40)
r(167,6,4,40)
r(238,7,4,40)
w(244,7,4,40)
r(240,6,4,40)
w(132,2,4,40)
w(36,12,4,40)
w(185,4,4,40)
w(285,7,4,40)
r(164,1,4,40)
w(170,10,4,40)
w(167,4,4,40)
w(198,4,4,40)
r(291,6,4,40)
r(204,8,4,40)
r(75,1,4,40)
w(138,3,4,40)
r(289,3,4,40)
w(221,4,4,40)
w(356,6,4,40)
r(125,2,4,40)
w(259,8,4,40)
w(81,11,4,40)
w(225,6,4,40)
w(111,11,4,40)
w(163,10,4,40)
w(91,12,4,40)
w(124,4,4,40)
r(293,10,4,40)
w(64,10,4,40)
r(335,1,5,41)
w(268,5,5,41)
r(234,1,5,41)
w(159,8,5,41)
w(248,5,6,42)
w(40,8,6,42)
w(193,11,6,42)
w(129,14,6,42)
w(349,9,6,42)
w(192,5,6,42)
r(243,8,6,42)
w(207,9,6,42)
r(61,1,6,42)
r(123,1,6,42)
r(183,1,6,42)
r(286,1,6,42)
w(94,9,6,42)
r(124,12,6,42)
r(136,1,6,42)
r(172,1,6,42)
w(330,5,6,42)
w(334,5,6,42)
w(174,9,6,42)
r(79,1,6,42)
w(310,14,6,42)
w(66,13,6,42)
w(57,9,6,42)
w(237,8,6,42)
w(196,11,6,42)
r(360,12,6,42)
w(270,11,6,42)
r(142,5,6,42)
w(204,8,6,42)
r(26,11,6,42)
r(341,7,6,42)
w(308,14,6,42)
w(232,9,6,42)
w(173,7,6,42)
w(132,8,6,42)
w(353,13,6,42)
w(284,11,6,42)
w(203,16,6,42)
r(185,3,6,42)
w(230,17,6,42)
w(211,3,1,43)
w(325,3,1,43)
w(203,6,1,43)
w(274,2,1,43)
w(329,3,1,43)
r(20,8,1,43)
r(241,4,1,43)
w(194,3,1,43)
w(277,12,1,43)
r(267,6,1,43)
r(327,1,1,43)
r(178,8,1,43)
w(195,12,1,43)
r(318,1,1,43)
r(248,5,1,43)
r(195,12,1,43)
w(280,12,2,44)
r(303,9,2,44)
w(114,3,2,44)
r(124,12,2,44)
w(207,10,2,44)
w(115,3,2,44)
r(113,11,2,44)
w(305,3,2,44)
w(253,3,2,44)
w(61,2,2,44)
w(17,3,2,44)
r(265,3,2,44)
w(260,11,2,44)
r(203,16,2,44)
w(297,10,2,44)
r(91,2,2,44)
w(55,3,2,44)
w(325,6,2,44)
w(51,2,2,44)
r(178,8,2,44)
r(53,1,2,44)
w(65,7,2,44)
w(69,10,2,44)
r(36,1,2,44)
w(251,10,2,44)
w(176,2,2,44)
w(77,6,2,44)
w(279,12,2,44)
r(39,2,2,44)
w(189,3,2,44)
w(261,12,2,44)
r(86,1,2,44)
r(332,3,2,44)
r(67,1,2,44)
r(213,7,2,44)
r(201,7,2,44)
r(221,2,2,44)
w(22,12,2,44)
w(101,2,2,44)
r(318,1,2,44)
w(228,6,3,45)
w(276,3,3,45)
r(326,3,3,45)
r(205,6,3,45)
w(299,3,3,45)
r(28,1,3,45)
r(160,10,3,45)
w(266,7,4,46)
r(191,13,4,46)
w(167,7,4,46)
w(68,11,4,46)
r(112,15,4,46)
r(52,6,4,46)
w(93,4,4,46)
r(326,3,4,46)
w(77,13,4,46)
w(10,8,4,46)
w(209,11,4,46)
r(118,8,4,46)
r(346,6,4,46)
r(238,7,4,46)
w(59,8,4,46)
r(325,6,4,46)
r(44,2,4,46)
r(36,12,4,46)
r(181,1,4,46)
r(251,10,4,46)
w(270,10,4,46)
r(62,1,4,46)
w(166,8,4,46)
w(194,8,4,46)
w(263,8,4,46)
w(277,7,4,46)
w(228,4,4,46)
w(275,6,4,46)
r(350,3,4,46)
w(353,11,4,46)
w(281,7,4,46)
w(157,11,4,46)
w(60,8,4,46)
r(11,1,4,46)
r(130,1,4,46)
w(276,10,4,46)
w(193,10,4,46)
w(320,5,5,47)
r(220,8,5,47)
w(101,4,5,47)
r(161,2,5,47)
w(97,5,5,47)
w(66,4,5,47)
w(81,7,5,47)
w(317,14,5,47)
w(209,5,5,47)
w(206,4,5,47)
w(156,11,5,47)
r(327,1,5,47)
r(29,1,5,47)
w(70,10,5,47)
r(142,5,5,47)
w(285,13,5,47)
w(300,7,5,47)
r(317,14,5,47)
r(18,2,5,47)
r(96,11,5,47)
w(312,7,5,47)
w(191,5,5,47)
r(40,10,5,47)
r(81,7,5,47)
w(355,9,5,47)
r(224,1,5,47)
r(241,4,5,47)
w(12,7,5,47)
w(179,15,5,47)
w(111,4,5,47)
r(189,3,5,47)
w(293,4,5,47)
r(160,6,5,47)
r(192,5,5,47)
w(28,5,5,47)
r(237,8,5,47)
r(276,1,5,47)
w(102,6,5,47)
w(172,7,5,47)
w(189,5,5,47)
w(122,12,6,48)
r(115,11,6,48)
w(220,4,6,48)
r(163,10,6,48)
w(110,7,6,48)
w(285,14,6,48)
w(252,14,6,48)
w(38,12,6,48)
w(77,17,6,48)
r(178,8,6,48)
w(308,17,6,48)
r(128,11,1,49)
r(42,11,1,49)
w(74,3,1,49)
w(229,2,1,49)
w(336,3,1,49)
w(143,3,1,49)
r(96,11,1,49)
r(23,1,1,49)
r(111,7,1,49)
w(256,2,1,49)
w(88,2,1,49)
r(216,1,1,49)
r(16,6,1,49)
r(65,7,1,49)
w(251,2,1,49)
r(50,1,1,49)
r(311,6,1,49)
r(162,7,1,49)
r(12,7,1,49)
w(39,12,1,49)
w(135,3,1,49)
r(170,10,1,49)
r(283,1,1,49)
r(95,6,2,50)
w(93,12,2,50)
w(231,12,2,50)
w(172,10,2,50)
w(181,12,2,50)
r(6,10,2,50)
r(2,2,2,50)
w(327,12,2,50)
r(123,11,2,50)
w(228,12,2,50)
r(131,1,2,50)
w(162,12,2,50)
w(192,12,2,50)
r(66,13,2,50)
w(28,12,2,50)
r(273,1,2,50)
r(110,1,2,50)
r(154,3,2,50)
w(142,10,2,50)
w(57,6,2,50)
r(307,2,2,50)
w(45,12,2,50)
r(205,11,2,50)
w(57,8,2,50)
w(295,8,2,50)
r(346,6,2,50)
r(352,11,2,50)
r(295,3,3,51)
r(338,2,3,51)
w(139,5,3,51)
w(354,12,3,51)
r(297,2,3,51)
w(346,6,3,51)
r(109,3,3,51)
r(307,2,3,51)
w(55,6,3,51)
r(82,4,3,51)
r(6,10,3,51)
w(228,8,3,51)
w(312,10,3,51)
w(291,6,3,51)
w(292,8,3,51)
w(218,8,3,51)
r(105,1,3,51)
w(343,10,3,51)
w(310,10,3,51)
r(219,1,3,51)
r(109,3,3,51)
w(68,3,3,51)
w(42,11,3,51)
r(179,7,3,51)
w(356,12,3,51)
w(27,12,3,51)
r(122,1,3,51)
w(92,12,3,51)
r(67,1,3,51)
r(169,1,3,51)
r(124,13,3,51)
w(106,3,3,51)
w(293,10,3,51)
w(31,6,3,51)
w(259,12,3,51)
w(90,8,3,51)
r(152,12,3,51)
r(330,1,3,51)
r(185,8,3,51)
w(232,6,3,51)
w(112,5,4,52)
w(278,8,4,52)
w(115,7,4,52)
w(312,8,4,52)
w(63,10,4,52)
w(114,6,4,52)
w(85,6,4,52)
r(306,8,4,52)
w(292,5,4,52)
w(303,13,4,52)
r(40,8,4,52)
r(194,4,4,52)
w(140,4,4,52)
w(19,8,4,52)
w(163,6,4,52)
w(256,11,4,52)
w(334,6,4,52)
r(164,1,4,52)
w(176,11,4,52)
w(270,6,4,52)
w(310,4,4,52)
w(341,5,4,52)
w(124,7,4,52)
w(74,10,4,52)
r(97,1,4,52)
w(96,11,4,52)
r(146,1,4,52)
w(263,11,4,52)
w(40,10,4,52)
w(345,7,4,52)
w(214,6,4,52)
r(197,1,4,52)
w(335,8,4,52)
w(242,4,4,52)
r(47,1,4,52)
w(124,5,4,52)
r(116,5,4,52)
w(243,4,4,52)
w(24,7,4,52)
w(7,8,4,52)
r(37,1,5,53)
r(53,1,5,53)
r(253,3,5,53)
w(64,11,5,53)
w(144,8,5,53)
r(17,3,5,53)
r(155,6,5,53)
r(292,5,5,53)
r(20,8,5,53)
w(31,7,5,53)
w(9,9,5,53)
w(179,18,5,53)
w(228,9,5,53)
r(91,12,5,53)
r(75,11,5,53)
r(234,1,5,53)
w(226,9,5,53)
w(10,9,5,53)
r(85,6,5,53)
r(22,10,5,53)
r(80,2,5,53)
w(248,11,5,53)
w(111,7,5,53)
r(99,7,5,53)
r(109,3,5,53)
r(51,2,5,53)
r(163,6,5,53)
w(17,4,5,53)
r(32,11,5,53)
w(300,5,5,53)
w(64,4,5,53)
r(201,7,5,53)
r(190,1,5,53)
w(277,13,5,53)
r(276,1,5,53)
r(303,13,5,53)
w(27,4,5,53)
w(318,8,5,53)
w(327,7,5,53)
w(43,11,5,53)
r(134,1,6,54)
r(39,2,6,54)
w(302,4,6,54)
w(270,4,6,54)
r(294,1,6,54)
r(273,1,6,54)
w(68,9,6,54)
w(237,11,6,54)
w(240,4,6,54)
r(322,6,6,54)
r(264,2,6,54)
r(159,2,6,54)
w(130,6,6,54)
r(15,10,6,54)
r(336,6,6,54)
r(49,3,6,54)
r(206,4,6,54)
r(118,12,6,54)
r(62,1,6,54)
r(272,1,6,54)
w(206,9,6,54)
r(127,12,6,54)
r(137,8,6,54)
w(174,13,6,54)
r(186,7,6,54)
r(111,4,6,54)
r(58,10,6,54)
w(123,7,6,54)
w(230,15,6,54)
w(19,7,6,54)
w(182,13,6,54)
w(349,13,6,54)
r(185,4,6,54)
w(336,4,6,54)
w(341,14,6,54)
r(275,11,6,54)
r(266,11,6,54)
w(225,7,6,54)
w(84,4,6,54)
w(314,14,6,54)
w(346,3,1,55)
w(7,2,1,55)
w(20,3,1,55)
r(148,2,1,55)
w(139,3,1,55)
r(12,7,1,55)
r(80,2,1,55)
w(273,2,1,55)
w(283,2,1,55)
w(340,2,1,55)
w(143,12,1,55)
r(347,1,1,55)
r(2,4,1,55)
r(129,11,1,55)
w(243,2,1,55)
w(31,3,1,55)
w(295,12,1,55)
w(256,3,1,55)
r(340,2,1,55)
r(166,11,1,55)
r(314,14,1,55)
r(49,3,1,55)
r(273,2,1,55)
w(258,3,1,55)
r(213,4,1,55)
w(239,3,1,55)
w(260,3,1,55)
r(192,8,1,55)
r(279,12,1,55)
r(151,8,1,55)
r(87,6,1,55)
w(137,12,1,55)
w(266,2,1,55)
r(149,12,1,55)
r(257,2,2,56)
r(35,1,2,56)
w(258,12,2,56)
r(92,12,2,56)
w(221,8,2,56)
r(28,2,2,56)
w(338,4,2,56)
w(37,6,2,56)
w(5,10,2,56)
r(161,2,2,56)
w(214,12,2,56)
r(341,7,2,56)
r(72,13,2,56)
r(315,3,2,56)
r(307,2,2,56)
r(16,6,2,56)
r(311,6,2,56)
r(172,1,2,56)
w(120,6,2,56)
r(114,11,2,56)
w(199,10,2,56)
r(19,3,2,56)
w(240,3,2,56)
w(11,3,2,56)
w(277,8,2,56)
w(291,12,2,56)
w(9,8,2,56)
w(303,6,2,56)
w(25,3,2,56)
w(297,6,2,56)
w(305,12,2,56)
r(22,10,2,56)
w(127,2,2,56)
r(238,7,2,56)
r(338,2,3,57)
r(77,7,3,57)
w(192,6,3,57)
r(38,1,3,57)
w(339,12,3,57)
r(250,2,3,57)
w(149,11,3,57)
w(301,6,3,57)
w(8,8,3,57)
w(219,12,3,57)
w(147,10,3,57)
r(192,6,3,57)
r(285,3,3,57)
w(198,8,3,57)
w(49,6,3,57)
w(83,6,3,57)
w(140,8,3,57)
w(112,6,3,57)
w(73,10,3,57)
r(279,6,3,57)
w(57,4,3,57)
w(231,6,3,57)
w(301,8,3,57)
w(101,3,3,57)
w(231,8,3,57)
w(64,12,3,57)
r(122,1,3,57)
w(252,11,3,57)
w(285,8,3,57)
r(88,12,3,57)
r(149,11,3,57)
r(34,8,3,57)
r(115,1,3,57)
w(93,6,3,57)
w(317,7,4,58)
w(86,6,4,58)
r(293,4,4,58)
w(351,5,4,58)
r(73,2,4,58)
w(150,8,4,58)
w(160,8,4,58)
r(153,10,4,58)
r(90,5,4,58)
w(94,6,4,58)
w(349,4,4,58)
w(129,8,4,58)
r(230,17,4,58)
r(13,1,4,58)
w(192,11,4,58)
w(293,8,4,58)
r(65,7,4,58)
r(71,8,4,58)
r(342,7,4,58)
w(120,11,4,58)
r(181,1,4,58)
r(26,11,4,58)
r(275,11,4,58)
r(236,7,4,58)
r(168,6,4,58)
w(246,8,4,58)
w(69,11,4,58)
w(172,4,4,58)
r(183,1,4,58)
r(37,1,4,58)
w(11,4,4,58)
w(14,7,4,58)
w(108,4,4,58)
r(284,11,4,58)
w(213,4,4,58)
r(48,3,4,58)
r(237,8,4,58)
w(313,12,4,58)
w(10,11,4,58)
w(63,6,4,58)
r(231,10,5,59)
w(119,8,5,59)
w(209,9,5,59)
w(25,11,5,59)
w(164,11,5,59)
r(217,6,5,59)
w(2,4,5,59)
w(183,9,5,59)
r(102,6,5,59)
w(209,13,5,59)
r(141,1,5,59)
r(16,6,5,59)
w(97,9,5,59)
w(305,7,5,59)
r(192,11,5,59)
r(130,6,5,59)
w(100,7,5,59)
r(203,13,5,59)
w(64,7,5,59)
w(244,9,5,59)
r(265,3,5,59)
r(208,10,5,59)
r(56,10,5,59)
w(242,13,5,59)
r(296,1,5,59)
w(91,11,5,59)
r(139,5,5,59)
r(218,10,5,59)
r(268,1,5,59)
r(74,10,5,59)
r(327,7,5,59)
w(166,11,5,59)
r(20,8,5,59)
r(277,13,5,59)
r(225,7,5,59)
w(191,9,5,59)
w(7,4,5,59)
r(45,6,5,59)
w(4,11,5,59)
r(1,3,5,59)
w(158,4,6,60)
r(278,8,6,60)
r(66,4,6,60)
r(312,7,6,60)
r(121,12,6,60)
w(98,9,6,60)
r(359,5,6,60)
r(76,3,6,60)
w(6,13,6,60)
w(215,7,6,60)
w(308,15,6,60)
w(96,9,6,60)
w(201,5,6,60)
w(49,9,6,60)
w(179,21,6,60)
w(226,13,6,60)
w(34,4,6,60)
w(243,13,6,60)
w(104,21,6,60)
w(3,11,6,60)
r(50,1,6,60)
w(127,4,6,60)
r(218,10,6,60)
w(178,14,6,60)
r(219,6,6,60)
r(41,8,6,60)
w(101,9,6,60)
w(229,3,1,61)
w(223,3,1,61)
r(269,8,1,61)
r(234,1,1,61)
r(234,1,1,61)
r(225,10,1,61)
w(207,2,1,61)
r(58,10,1,61)
w(5,2,1,61)
w(137,10,1,61)
w(161,3,1,61)
w(229,12,1,61)
r(305,7,1,61)
w(336,12,1,61)
w(62,12,1,61)
r(346,6,1,61)
r(22,8,1,61)
w(251,3,1,61)
w(212,3,1,61)
r(302,4,1,61)
r(50,1,1,61)
w(237,2,1,61)
r(262,6,1,61)
w(99,3,1,61)
w(221,12,1,61)
w(135,12,1,61)
w(242,12,1,61)
r(216,11,1,61)
w(14,12,1,61)
w(238,3,1,61)
r(282,4,1,61)
r(330,5,1,61)
r(86,6,1,61)
w(79,2,1,61)
r(51,2,1,61)
r(3,10,1,61)
w(282,2,1,61)
w(66,3,1,61)
r(114,6,1,61)
r(127,12,1,61)
r(155,6,2,62)
r(227,8,2,62)
r(16,6,2,62)
r(166,12,2,62)
r(250,2,2,62)
w(110,12,2,62)
r(46,1,2,62)
w(331,12,2,62)
r(130,1,2,62)
r(188,1,2,62)
w(164,10,2,62)
w(120,8,2,62)
w(303,8,2,62)
r(254,1,2,62)
w(39,10,2,62)
r(311,6,2,62)
r(275,11,2,62)
w(275,2,2,62)
r(324,1,2,62)
r(94,2,2,62)
r(24,7,2,62)
r(182,7,2,62)
w(82,3,2,62)
w(173,3,2,62)
w(289,12,2,62)
w(227,10,2,62)
r(239,1,2,62)
r(60,12,2,62)
w(9,11,2,62)
w(150,10,2,62)
w(17,10,2,62)
w(265,12,2,62)
w(300,2,2,62)
w(236,10,2,62)
w(124,10,2,62)
r(347,1,2,62)
r(3,10,2,62)
w(292,11,3,63)
r(308,7,3,63)
r(251,1,3,63)
w(124,6,3,63)
r(86,1,3,63)
w(112,8,3,63)
r(234,1,3,63)
r(121,12,3,63)
w(115,8,3,63)
r(224,1,3,63)
r(352,11,3,63)
r(57,11,3,63)
w(351,8,3,63)
w(152,10,3,63)
r(355,1,3,63)
r(72,13,3,63)
w(104,9,3,63)
r(228,8,3,63)
r(200,1,3,63)
r(331,1,3,63)
w(309,8,3,63)
r(104,9,3,63)
r(289,3,3,63)
w(41,10,3,63)
r(106,3,3,63)
r(145,12,3,63)
r(62,1,3,63)
w(151,6,3,63)
w(202,4,4,64)
r(256,11,4,64)
r(311,6,4,64)
r(332,12,4,64)
w(327,11,4,64)
w(68,4,4,64)
w(245,8,4,64)
r(184,5,4,64)
r(125,2,4,64)
r(265,3,4,64)
w(17,8,4,64)
w(317,5,4,64)
w(314,4,4,64)
r(84,4,4,64)
w(81,4,4,64)
r(280,12,4,64)
w(167,5,4,64)
w(282,6,4,64)
r(228,8,4,64)
r(33,3,4,64)
r(38,1,4,64)
w(340,6,4,64)
r(188,1,4,64)
w(110,8,4,64)
r(329,6,4,64)
r(291,6,4,64)
w(101,10,4,64)
w(322,10,4,64)
r(138,3,4,64)
r(275,11,4,64)
w(202,7,4,64)
r(217,6,4,64)
r(260,11,4,64)
w(119,6,4,64)
r(295,3,4,64)
r(59,11,4,64)
r(72,13,5,65)
r(169,1,5,65)
w(178,5,5,65)
r(72,13,5,65)
w(304,4,5,65)
r(25,11,5,65)
w(100,5,5,65)
w(91,4,5,65)
r(262,6,5,65)
r(225,7,5,65)
w(54,7,5,65)
r(4,11,5,65)
r(79,1,5,65)
w(96,7,5,65)
r(211,1,5,65)
w(231,9,5,65)
w(310,9,5,65)
r(21,12,6,66)
r(37,1,6,66)
w(20,13,6,66)
r(70,10,6,66)
w(41,4,6,66)
r(339,1,6,66)
r(159,2,6,66)
w(123,5,6,66)
w(57,13,6,66)
r(105,1,6,66)
w(327,13,6,66)
w(69,7,6,66)
w(351,15,6,66)
w(215,5,6,66)
r(243,4,6,66)
w(154,17,6,66)
r(240,4,6,66)
w(258,11,6,66)
w(268,14,6,66)
w(93,13,6,66)
w(101,13,6,66)
r(114,6,6,66)
r(273,1,6,66)
w(200,9,6,66)
r(250,2,6,66)
w(203,22,6,66)
w(71,11,6,66)
r(111,7,6,66)
r(170,10,6,66)
r(292,5,6,66)
w(231,13,6,66)
r(340,4,6,66)
w(52,11,6,66)
w(107,11,6,66)
w(42,13,6,66)
w(282,4,6,66)
w(267,9,6,66)
r(112,5,6,66)
r(270,4,6,66)
r(234,1,6,66)
w(120,12,1,67)
r(273,1,1,67)
w(67,2,1,67)
w(6,12,1,67)
w(171,8,2,68)
w(113,12,2,68)
r(280,12,2,68)
r(135,4,2,68)
w(60,3,2,68)
w(111,10,2,68)
r(326,3,2,68)
w(77,8,2,68)
r(106,3,2,68)
w(347,12,2,68)
r(323,12,2,68)
w(145,10,2,68)
r(291,6,2,68)
r(144,1,2,68)
r(186,7,2,68)
w(232,12,2,68)
r(260,11,2,68)
w(77,11,2,68)
w(184,10,2,68)
r(360,12,2,68)
r(14,7,2,68)
r(26,11,2,68)
r(172,4,2,68)
w(357,10,2,68)
w(123,12,2,68)
w(50,3,2,68)
w(236,6,2,68)
r(60,3,2,68)
w(292,4,3,69)
r(24,8,3,69)
w(144,12,3,69)
r(289,3,3,69)
r(43,9,3,69)
w(209,12,3,69)
r(231,10,3,69)
w(28,6,3,69)
w(325,8,3,69)
r(243,8,3,69)
r(283,1,3,69)
r(265,3,3,69)
r(281,10,3,69)
r(50,1,3,69)
w(316,6,3,69)
r(90,5,4,70)
r(83,3,4,70)
r(21,12,4,70)
w(262,11,4,70)
w(330,4,4,70)
r(348,10,4,70)
r(195,1,4,70)
w(242,7,4,70)
r(18,2,4,70)
w(256,4,4,70)
w(251,8,4,70)
w(100,11,4,70)
w(83,8,4,70)
r(176,11,4,70)
r(92,12,4,70)
r(139,5,4,70)
r(81,7,4,70)
r(128,11,4,70)
w(17,11,4,70)
r(150,8,4,70)
w(174,5,5,71)
w(229,9,5,71)
r(198,4,5,71)
r(218,6,5,71)
w(264,7,5,71)
r(160,8,5,71)
w(65,13,5,71)
w(321,4,5,71)
r(41,7,5,71)
r(23,1,5,71)
w(7,7,5,71)
w(224,2,5,71)
w(228,13,5,71)
r(87,6,5,71)
r(298,10,5,71)
r(295,3,5,71)
r(266,11,5,71)
r(236,5,5,71)
w(280,6,5,71)
w(172,5,5,71)
w(125,8,5,71)
w(181,8,5,71)
w(76,4,5,71)
w(227,9,5,71)
r(117,10,5,71)
w(200,4,5,71)
r(74,10,5,71)
w(67,5,5,71)
w(267,8,5,71)
w(23,6,5,71)
r(184,13,5,71)
w(327,5,5,71)
r(177,12,5,71)
r(268,17,5,71)
w(184,4,5,71)
w(317,17,5,71)
r(323,12,5,71)
w(262,13,5,71)
r(266,11,5,71)
r(27,10,5,71)
w(224,12,6,72)
w(41,7,6,72)
w(197,7,6,72)
w(308,18,6,72)
r(93,13,6,72)
r(317,10,6,72)
r(243,4,6,72)
r(19,7,6,72)
r(312,7,6,72)
w(92,7,6,72)
w(167,19,6,72)
r(207,10,6,72)
r(296,1,6,72)
r(266,11,6,72)
r(301,11,6,72)
r(163,6,6,72)
r(205,11,6,72)
w(280,4,6,72)
w(292,9,6,72)
r(321,8,6,72)
w(268,17,6,72)
r(342,7,6,72)
w(239,11,6,72)
r(330,5,6,72)
r(36,12,6,72)
r(127,12,6,72)
w(145,14,6,72)
w(322,5,6,72)
r(299,1,6,72)
r(354,12,6,72)
w(301,7,6,72)
w(56,9,6,72)
r(8,11,6,72)
w(73,13,6,72)
w(335,13,6,72)
r(102,6,6,72)
r(108,6,6,72)
r(213,4,6,72)
r(323,12,6,72)
w(184,13,6,72)
w(335,3,1,73)
w(303,12,1,73)
w(98,12,1,73)
w(172,3,1,73)
r(316,8,1,73)
w(260,12,1,73)
w(135,10,1,73)
r(135,10,1,73)
r(214,6,1,73)
w(89,12,1,73)
r(227,9,1,73)
w(198,12,1,73)
w(179,12,1,73)
r(294,1,1,73)
r(206,9,1,73)
w(119,2,1,73)
w(213,2,1,73)
w(131,3,1,73)
r(110,1,1,73)
r(48,8,1,73)
r(187,10,1,73)
w(136,2,1,73)
r(264,9,1,73)
w(94,3,1,73)
r(163,6,1,73)
r(320,5,1,73)
w(5,3,1,73)
r(106,3,1,73)
w(295,6,1,73)
r(218,6,1,73)
w(256,12,1,73)
w(240,2,1,73)
w(277,10,1,73)
r(45,6,1,73)
r(164,11,1,73)
r(113,11,1,73)
w(151,12,1,73)
r(313,12,1,73)
r(298,2,1,73)
w(12,3,1,73)
r(230,15,2,74)
w(129,12,2,74)
r(294,1,2,74)
r(281,10,2,74)
w(87,6,2,74)
r(315,3,2,74)
r(244,7,2,74)
r(306,8,2,74)
r(159,2,2,74)
r(110,1,2,74)
w(38,3,2,74)
r(256,11,2,74)
w(32,10,2,74)
w(81,10,2,74)
w(90,10,2,74)
w(28,10,2,74)
w(182,2,2,74)
w(255,10,2,74)
w(69,6,2,74)
w(229,6,2,74)
r(93,2,2,74)
w(216,11,2,74)
w(269,8,2,74)
r(182,2,2,74)
r(347,1,2,74)
w(108,6,2,74)
r(205,11,2,74)
w(278,3,2,74)
r(281,10,2,74)
w(308,10,2,74)
r(153,10,2,74)
r(279,12,2,74)
r(104,15,2,74)
r(55,3,2,74)
w(172,6,2,74)
w(317,10,2,74)
w(341,10,2,74)
r(236,7,2,74)
r(298,10,2,74)
r(294,1,2,74)
w(332,12,3,75)
r(142,5,3,75)
r(111,2,3,75)
r(212,2,3,75)
r(291,6,3,75)
w(160,6,3,75)
w(316,8,3,75)
w(349,6,3,75)
r(298,10,3,75)
r(128,11,3,75)
w(317,4,3,75)
w(350,3,3,75)
r(59,11,3,75)
r(43,9,3,75)
r(18,1,3,75)
r(235,6,3,75)
r(77,6,3,75)
w(115,11,3,75)
w(213,8,3,75)
r(33,3,3,75)
w(22,10,3,75)
r(269,2,3,75)
r(63,7,3,75)
r(354,12,3,75)
r(357,1,3,75)
r(324,1,3,75)
r(270,11,3,75)
w(319,6,3,75)
r(236,12,3,75)
r(170,4,3,75)
r(219,1,3,75)
r(67,1,3,75)
w(217,6,3,75)
r(348,1,3,75)
r(179,7,3,75)
r(209,1,3,75)
r(17,3,3,75)
w(136,10,3,75)
w(60,12,3,75)
r(71,8,3,75)
w(264,8,4,76)
w(277,5,4,76)
w(125,6,4,76)
r(249,2,4,76)
r(253,3,4,76)
w(48,8,4,76)
r(346,6,4,76)
r(100,7,4,76)
w(355,4,4,76)
r(300,5,4,76)
w(222,4,4,76)
w(219,4,4,76)
r(226,9,4,76)
r(36,12,4,76)
r(181,1,4,76)
w(153,8,4,76)
w(139,9,4,76)
w(67,4,4,76)
r(186,7,4,76)
w(18,10,4,76)
r(27,4,4,76)
r(125,6,4,76)
w(129,11,4,76)
w(60,11,4,76)
r(7,4,4,76)
r(227,8,4,76)
w(27,6,4,76)
w(22,8,4,76)
r(348,10,4,76)
r(276,1,4,76)
r(312,7,4,76)
r(113,11,4,76)
r(206,9,4,76)
r(117,10,4,76)
w(259,11,4,76)
w(144,10,4,76)
r(289,3,4,76)
r(178,8,4,76)
w(46,11,4,76)
w(103,9,4,76)
w(162,9,5,77)
w(60,7,5,77)
r(168,12,5,77)
r(321,3,5,77)
w(259,4,5,77)
w(252,5,5,77)
r(336,12,5,77)
r(176,11,5,77)
w(192,7,5,77)
w(336,8,5,77)
r(201,12,5,77)
w(63,4,5,77)
w(275,4,5,77)
r(264,9,5,77)
w(335,9,5,77)
w(332,11,5,77)
r(285,12,5,77)
r(259,4,5,77)
w(218,5,5,77)
w(40,6,5,77)
w(58,8,5,77)
r(44,12,5,77)
w(195,5,5,77)
r(21,12,5,77)
w(181,11,5,77)
w(279,8,5,77)
r(236,5,5,77)
r(302,4,5,77)
r(307,2,5,77)
w(179,19,5,77)
w(111,5,5,77)
r(322,5,5,77)
w(326,4,5,77)
r(157,3,5,77)
w(86,11,5,77)
w(48,5,5,77)
w(21,10,5,77)
r(161,3,5,77)
w(172,9,5,77)
r(340,4,5,77)
w(145,17,6,78)
r(249,2,6,78)
r(49,3,6,78)
w(161,11,6,78)
r(179,18,6,78)
r(136,10,6,78)
w(47,6,6,78)
r(229,12,6,78)
r(245,10,6,78)
w(155,13,6,78)
w(84,7,6,78)
r(20,13,6,78)
r(22,8,6,78)
w(148,11,6,78)
r(328,1,6,78)
r(284,11,1,79)
w(216,10,1,79)
r(174,5,1,79)
w(123,3,1,79)
w(163,2,1,79)
r(47,1,1,79)
w(314,3,1,79)
w(31,12,1,79)
w(15,3,1,79)
r(105,1,1,79)
w(175,2,1,79)
r(332,8,1,79)
r(230,11,1,79)
r(68,6,1,79)
w(317,12,1,79)
w(30,2,1,79)
r(94,3,1,79)
r(55,3,1,79)
w(309,2,1,79)
r(218,6,1,79)
w(106,2,1,79)
w(227,3,1,79)
w(175,3,1,79)
w(46,3,1,79)
r(183,10,1,79)
w(262,2,1,79)
r(267,8,1,79)
r(179,12,1,79)
w(359,3,1,79)
r(357,1,1,79)
w(120,10,1,79)
r(170,10,1,79)
w(313,2,1,79)
w(95,12,1,79)
r(82,10,1,79)
r(260,12,1,79)
w(212,12,1,79)
w(174,3,1,79)
r(253,3,1,79)
r(44,12,1,79)
r(217,6,2,80)
r(125,6,2,80)
w(283,12,2,80)
r(2,4,2,80)
w(162,10,2,80)
r(21,12,2,80)
w(230,11,2,80)
r(107,11,2,80)
w(53,10,2,80)
r(150,8,2,80)
r(171,10,2,80)
r(105,1,2,80)
r(246,8,2,80)
r(242,12,2,80)
w(43,12,2,80)
w(82,12,2,80)
r(345,7,2,80)
r(210,8,2,80)
r(268,17,2,80)
w(202,12,2,80)
w(280,10,2,80)
w(177,12,2,80)
w(285,12,2,80)
w(233,3,2,80)
r(342,7,2,80)
w(338,7,2,80)
w(254,12,2,80)
r(61,2,2,80)
w(183,10,2,80)
w(139,7,2,80)
r(255,10,2,80)
w(90,6,2,80)
w(52,3,2,80)
w(218,6,2,80)
w(337,3,2,80)
w(239,12,2,80)
w(81,6,2,80)
w(103,6,2,80)
r(131,7,2,80)
w(67,3,2,80)
r(199,8,3,81)
r(216,1,3,81)
r(37,1,3,81)
r(12,6,3,81)
w(230,7,3,81)
r(255,1,3,81)
w(285,11,3,81)
w(206,12,3,81)
w(19,6,3,81)
r(21,12,3,81)
w(10,6,3,81)
w(243,11,3,81)
r(173,7,3,81)
w(260,4,3,81)
r(208,10,3,81)
w(146,3,3,81)
w(282,10,3,81)
r(51,2,3,81)
w(59,12,3,81)
w(285,4,3,81)
w(307,6,3,81)
w(327,6,3,81)
w(59,10,3,81)
r(101,2,3,81)
r(240,6,3,81)
w(67,12,3,81)
r(319,6,3,81)
r(9,4,3,81)
r(316,8,4,82)
w(250,4,4,82)
w(214,8,4,82)
w(210,4,4,82)
r(322,5,4,82)
w(64,6,4,82)
r(67,5,4,82)
w(8,7,4,82)
w(257,11,4,82)
r(194,4,4,82)
r(355,4,4,82)
r(289,6,4,82)
w(22,11,4,82)
r(92,7,4,82)
w(66,8,4,82)
w(350,6,4,82)
w(287,3,4,82)
r(4,11,4,82)
r(18,10,4,82)
r(276,1,4,82)
w(268,11,4,82)
w(328,6,4,82)
w(254,11,4,82)
w(281,5,4,82)
w(87,5,4,82)
w(311,12,4,82)
r(211,1,4,82)
w(101,6,4,82)
w(32,8,4,82)
w(333,12,4,82)
w(93,7,4,82)
w(127,10,4,82)
r(263,11,4,82)
r(264,7,4,82)
r(95,6,4,82)
w(10,5,4,82)
r(233,3,4,82)
r(358,12,4,82)
r(161,3,5,83)
r(41,7,5,83)
r(110,10,5,83)
r(133,8,5,83)
r(169,1,5,83)
r(333,2,5,83)
w(157,7,5,83)
r(218,5,5,83)
r(178,8,5,83)
r(27,10,5,83)
w(77,14,5,83)
w(44,4,5,83)
r(119,4,5,83)
r(215,5,5,83)
w(324,6,5,83)
w(333,11,5,83)
w(44,7,5,83)
w(267,11,5,83)
r(188,10,5,83)
w(224,3,5,83)
r(189,10,5,83)
w(35,4,5,83)
w(56,5,5,83)
w(277,14,5,83)
w(286,11,6,84)
r(356,10,6,84)
w(117,7,6,84)
w(54,9,6,84)
w(152,5,6,84)
r(160,8,6,84)
r(92,7,6,84)
w(65,15,6,84)
w(25,7,6,84)
r(127,12,6,84)
w(83,5,6,84)
w(264,9,6,84)
w(249,4,6,84)
r(261,3,6,84)
w(30,5,6,84)
r(106,3,6,84)
r(318,10,6,84)
w(345,13,6,84)
w(270,7,6,84)
r(87,6,6,84)
r(121,12,6,84)
w(239,4,6,84)
w(3,4,6,84)
w(317,20,6,84)
r(262,13,6,84)
r(55,3,6,84)
r(72,13,6,84)
r(232,9,6,84)
r(188,10,6,84)
r(64,7,6,84)
r(137,10,6,84)
w(246,5,6,84)
r(111,7,6,84)
r(176,11,6,84)
r(358,12,6,84)
r(195,1,6,84)
r(183,10,6,84)
w(18,8,6,84)
r(67,5,6,84)
w(296,8,6,84)
r(74,10,1,85)
w(129,2,1,85)
r(323,6,1,85)
r(315,6,1,85)
w(255,12,1,85)
w(218,2,1,85)
r(352,11,1,85)
r(192,7,1,85)
r(12,13,1,85)
r(97,9,1,85)
w(230,3,1,85)
r(337,3,1,85)
w(98,10,1,85)
w(150,3,1,85)
r(261,3,1,85)
w(316,3,1,85)
w(116,2,1,85)
w(136,12,1,85)
w(207,12,1,85)
w(3,2,1,85)
w(81,12,1,85)
r(111,5,1,85)
w(225,2,1,85)
w(290,3,1,85)
w(170,3,1,85)
r(238,3,1,85)
r(240,2,1,85)
r(199,6,1,85)
r(200,4,1,85)
r(255,12,1,85)
w(165,3,2,86)
w(104,4,2,86)
w(189,12,2,86)
w(348,2,2,86)
r(254,12,2,86)
r(147,12,2,86)
r(358,12,2,86)
w(312,3,2,86)
w(104,7,2,86)
w(59,3,2,86)
w(235,12,2,86)
r(40,10,2,86)
r(245,10,2,86)
r(20,13,2,86)
w(119,12,2,86)
w(71,12,2,86)
w(321,3,2,86)
w(16,12,2,86)
r(8,11,2,86)
w(50,12,2,86)
r(322,5,2,86)
r(191,9,2,86)
w(311,2,2,86)
r(216,11,2,86)
r(241,4,2,86)
w(96,10,2,86)
w(256,6,2,86)
w(80,3,2,86)
r(128,11,2,86)
r(180,6,2,86)
w(125,10,2,86)
r(86,6,2,86)
w(297,8,2,86)
r(172,5,2,86)
w(188,10,2,86)
r(72,13,2,86)
r(299,1,2,86)
r(21,12,2,86)
r(96,10,2,86)
r(175,1,2,86)
w(151,8,3,87)
r(240,6,3,87)
r(286,1,3,87)
r(151,8,3,87)
r(242,6,3,87)
r(342,7,3,87)
w(100,10,3,87)
w(306,8,3,87)
r(218,10,3,87)
r(61,2,3,87)
r(186,7,3,87)
r(56,10,3,87)
w(20,8,3,87)
w(236,7,3,87)
r(309,6,3,87)
w(127,12,3,87)
w(12,11,3,87)
r(244,7,3,87)
r(138,3,3,87)
r(94,9,3,87)
w(219,6,3,87)
w(8,11,3,87)
r(258,6,3,87)
r(100,10,3,87)
w(155,6,3,87)
r(197,1,3,87)
r(105,1,3,87)
r(309,6,3,87)
r(335,1,3,87)
w(137,8,3,87)
r(195,1,3,87)
w(118,12,3,87)
r(152,12,3,87)
r(59,11,3,87)
r(240,6,3,87)
r(272,1,3,87)
r(275,11,3,87)
r(360,12,3,87)
w(203,13,3,87)
w(356,10,3,87)
r(197,7,4,88)
w(88,8,4,88)
w(253,11,4,88)
r(54,9,4,88)
w(180,8,4,88)
w(66,11,4,88)
r(320,5,4,88)
w(302,10,4,88)
w(236,13,4,88)
w(146,6,4,88)
r(287,1,4,88)
r(66,11,4,88)
w(312,11,4,88)
w(228,7,4,88)
r(69,7,4,88)
w(16,10,4,88)
w(162,4,4,88)
w(138,12,5,89)
r(20,13,5,89)
w(66,7,5,89)
r(207,2,5,89)
w(134,6,5,89)
r(93,13,5,89)
w(260,13,5,89)
r(109,3,5,89)
w(70,11,5,89)
r(139,14,5,89)
r(118,3,5,89)
r(16,12,5,89)
w(243,5,5,89)
w(70,4,5,89)
r(43,10,5,89)
r(73,3,5,89)
r(64,7,5,89)
w(315,4,5,89)
r(347,1,5,89)
w(73,4,5,89)
w(257,7,5,89)
r(65,15,5,89)
r(44,12,5,89)
w(295,4,5,89)
w(101,5,5,89)
r(79,6,5,89)
r(302,4,5,89)
r(313,2,5,89)
r(9,9,5,89)
r(261,3,5,89)
r(279,8,5,89)
w(176,7,5,89)
r(245,10,5,89)
w(265,7,5,89)
r(141,1,5,89)
r(325,4,5,89)
r(25,7,5,89)
w(133,4,5,89)
w(317,15,5,89)
w(198,9,6,90)
w(345,14,6,90)
w(258,4,6,90)
r(61,2,6,90)
w(295,5,6,90)
r(64,7,6,90)
w(82,7,6,90)
r(246,5,6,90)
r(28,10,6,90)
r(163,6,6,90)
w(177,2,1,91)
w(352,3,1,91)
w(140,6,1,91)
r(81,6,1,91)
r(154,8,1,91)
w(231,2,1,91)
r(46,3,1,91)
r(257,10,1,91)
w(43,10,2,92)
w(298,2,2,92)
r(66,3,2,92)
w(351,12,2,92)
r(283,12,2,92)
r(108,8,2,92)
r(250,8,2,92)
w(58,2,2,92)
r(118,12,2,92)
r(27,10,2,92)
w(117,3,2,92)
r(140,4,2,92)
r(112,5,2,92)
r(153,8,2,92)
w(317,6,2,92)
w(14,8,2,92)
r(4,11,2,92)
w(205,12,2,92)
w(248,3,2,92)
w(199,6,2,92)
w(259,3,2,92)
w(301,12,2,92)
r(155,6,2,92)
w(226,10,2,92)
w(228,10,2,92)
w(304,2,2,92)
w(189,10,2,92)
r(348,2,2,92)
w(341,6,2,92)
w(265,10,2,92)
w(328,3,2,92)
r(18,8,2,92)
w(8,10,2,92)
r(68,6,2,92)
w(24,10,2,92)
r(225,10,2,92)
w(330,10,2,92)
w(33,2,2,92)
r(180,6,2,92)
r(326,3,2,92)
w(262,6,3,93)
r(195,1,3,93)
w(192,8,3,93)
r(270,4,3,93)
r(17,4,3,93)
r(273,1,3,93)
w(182,6,3,93)
w(59,6,3,93)
r(40,10,3,93)
w(304,12,3,93)
r(123,5,3,93)
w(34,6,3,93)
w(6,8,3,93)
w(259,10,3,93)
r(233,1,3,93)
w(88,10,3,93)
w(68,10,3,93)
w(197,12,3,93)
r(32,10,3,93)
w(230,5,3,93)
w(54,6,3,93)
r(66,4,3,93)
w(146,10,3,93)
w(197,10,3,93)
r(320,5,3,93)
w(210,8,3,93)
w(332,8,3,93)
r(87,6,3,93)
r(118,12,3,93)
r(76,3,3,93)
w(244,8,3,93)
r(349,13,3,93)
w(358,12,3,93)
r(224,1,3,93)
r(340,4,3,93)
r(111,7,3,93)
w(24,11,3,93)
w(27,10,3,93)
r(32,10,3,93)
w(209,6,3,93)
r(183,10,4,94)
r(218,9,4,94)
w(167,14,4,94)
w(158,12,4,94)
r(120,10,4,94)
w(241,11,4,94)
w(186,11,4,94)
r(310,4,4,94)
r(342,6,4,94)
w(128,6,4,94)
r(10,9,4,94)
r(71,12,4,94)
r(282,11,4,94)
w(206,8,4,94)
w(152,4,4,94)
w(88,11,4,94)
r(46,3,4,94)
w(27,8,4,94)
w(201,4,4,94)
r(93,13,4,94)
w(155,11,4,94)
r(166,13,4,94)
r(307,2,4,94)
w(272,8,4,94)
r(170,7,4,94)
r(55,3,4,94)
r(127,3,4,94)
w(158,10,4,94)
w(284,6,4,94)
w(135,9,4,94)
w(183,5,4,94)
r(39,4,4,94)
w(26,8,4,94)
r(71,12,4,94)
w(296,10,4,94)
r(151,12,4,94)
w(231,4,4,94)
w(158,6,4,94)
w(255,8,4,94)
r(120,10,4,94)
r(318,6,5,95)
r(325,4,5,95)
r(296,8,5,95)
r(100,8,5,95)
r(94,3,5,95)
r(36,12,5,95)
r(70,10,5,95)
r(124,5,5,95)
r(325,4,5,95)
w(171,13,5,95)
r(161,3,5,95)
w(190,11,5,95)
w(193,8,5,95)
r(356,4,5,95)
r(206,9,5,95)
r(72,13,5,95)
w(143,9,5,95)
r(52,3,5,95)
w(48,9,5,95)
w(61,10,5,95)
r(195,10,5,95)
w(144,4,5,95)
r(15,3,5,95)
r(308,18,5,95)
w(97,13,5,95)
r(335,9,5,95)
r(317,12,5,95)
w(280,8,5,95)
r(137,10,5,95)
r(187,10,5,95)
r(320,5,5,95)
r(100,8,5,95)
w(75,4,5,95)
w(288,13,5,95)
w(319,5,5,95)
r(333,2,5,95)
w(218,9,5,95)
w(282,11,5,95)
r(249,4,5,95)
w(311,8,5,95)
r(201,12,6,96)
r(59,3,6,96)
r(285,12,6,96)
r(19,7,6,96)
w(122,10,6,96)
r(238,3,6,96)
r(112,5,6,96)
w(66,14,6,96)
r(209,6,6,96)
w(40,11,6,96)
r(247,1,6,96)
r(3,4,6,96)
r(220,8,6,96)
r(229,9,6,96)
r(117,3,6,96)
r(42,13,6,96)
r(275,12,6,96)
r(161,3,6,96)
r(51,10,6,96)
r(286,11,6,96)
r(36,12,6,96)
r(221,12,6,96)
w(14,9,6,96)
w(126,10,6,96)
w(278,7,6,96)
w(263,5,6,96)
r(26,11,6,96)
r(52,3,6,96)
r(24,10,6,96)
w(316,14,6,96)
r(201,12,6,96)
r(183,10,6,96)
w(191,18,6,96)
r(259,3,6,96)
w(119,4,6,96)
w(18,11,6,96)
r(94,3,6,96)
r(202,12,6,96)
r(282,2,6,96)
r(235,12,6,96)
r(358,12,1,97)
w(14,10,1,97)
w(281,12,1,97)
r(67,6,1,97)
r(77,4,1,97)
w(248,2,1,97)
w(135,6,1,97)
w(351,2,1,97)
w(325,12,1,97)
r(206,9,1,97)
r(209,6,1,97)
r(121,12,1,97)
w(252,3,1,97)
w(260,6,1,97)
r(304,6,1,97)
w(86,3,1,97)
w(218,3,1,97)
r(87,6,1,97)
w(221,10,1,97)
w(268,3,1,97)
w(293,3,1,97)
w(308,12,1,97)
w(93,3,1,97)
w(38,2,1,97)
w(210,12,1,97)
w(188,3,1,97)
r(240,2,1,97)
w(139,8,1,97)
r(78,6,1,97)
r(211,1,1,97)
r(142,5,1,97)
w(236,3,1,97)
w(247,12,1,97)
w(154,10,1,97)
r(117,3,1,97)
w(333,2,2,98)
w(118,3,2,98)
w(73,3,2,98)
r(227,9,2,98)
w(123,10,2,98)
w(76,10,2,98)
w(241,6,2,98)
r(58,2,2,98)
w(77,4,2,98)
r(25,7,2,98)
w(250,12,2,98)
w(180,10,2,98)
r(266,11,2,98)
w(349,3,2,98)
w(79,6,2,98)
w(185,10,2,98)
r(130,6,2,98)
w(314,12,2,98)
r(44,12,2,98)
w(110,10,2,98)
w(201,12,2,98)
w(175,12,2,98)
w(257,10,2,98)
r(273,1,2,98)
r(271,11,2,98)
r(64,7,2,98)
w(184,6,2,98)
w(292,10,2,98)
w(317,8,2,98)
w(127,3,2,98)
r(266,11,2,98)
r(63,6,2,98)
w(315,6,2,98)
w(342,6,2,98)
w(354,3,2,98)
w(274,10,2,98)
w(82,10,2,98)
r(39,2,2,98)
r(43,10,2,98)
r(273,1,2,98)
r(158,3,3,99)
r(347,1,3,99)
r(229,6,3,99)
r(212,2,3,99)
r(153,8,3,99)
r(312,7,3,99)
r(169,1,3,99)
w(275,3,3,99)
w(251,6,3,99)
r(55,3,3,99)
r(40,10,3,99)
w(312,6,3,99)
r(355,4,3,99)
w(236,5,3,99)
w(98,11,3,99)
r(214,6,3,99)
w(225,10,3,99)
w(196,12,3,99)
r(14,7,3,99)
r(19,7,3,99)
w(67,10,3,99)
r(113,11,3,99)
w(204,3,3,99)
w(78,6,3,99)
w(304,10,3,99)
w(208,8,3,99)
w(190,10,3,99)
w(96,8,3,99)
w(264,10,3,99)
r(189,5,3,99)
w(103,4,3,99)
w(182,8,3,99)
r(95,6,3,99)
r(352,11,3,99)
w(250,6,3,99)
r(281,10,3,99)
r(314,14,3,99)
r(282,4,3,99)
r(116,5,3,99)
r(185,4,3,99)
r(130,6,4,100)
r(288,13,4,100)
w(202,5,4,100)
r(138,3,4,100)
r(208,11,4,100)
w(199,5,4,100)
r(239,7,4,100)
w(231,7,4,100)
w(234,10,4,100)
w(337,10,4,100)
w(105,3,4,100)
r(243,10,4,100)
w(29,12,4,100)
r(302,4,4,100)
r(77,4,4,100)
w(242,5,4,100)
r(155,11,4,100)
r(325,4,4,100)
w(180,4,4,100)
r(338,7,4,100)
w(147,4,4,100)
w(199,9,4,100)
w(143,7,4,100)
r(197,7,4,100)
r(249,11,4,100)
w(35,6,4,100)
w(167,17,4,100)
w(310,5,4,100)
w(129,5,4,100)
r(305,7,4,100)
w(226,8,4,100)
r(125,11,4,100)
w(63,11,4,100)
r(198,7,4,100)
r(67,6,4,100)
w(130,12,4,100)
w(299,6,4,100)
w(226,11,4,100)
r(220,2,4,100)
r(304,6,4,100)
r(323,6,5,101)
w(232,11,5,101)
w(360,6,5,101)
w(135,17,5,101)
r(218,9,5,101)
r(26,11,5,101)
r(353,13,5,101)
r(238,3,5,101)
w(333,4,5,101)
r(274,4,5,101)
r(148,2,5,101)
w(297,4,5,101)
r(310,4,5,101)
w(198,7,5,101)
r(285,12,5,101)
r(166,9,5,101)
r(162,8,5,101)
r(197,7,5,101)
w(57,5,5,101)
w(344,7,5,101)
r(273,1,5,101)
r(153,8,5,101)
w(31,5,5,101)
w(43,7,5,101)
w(113,5,5,101)
r(312,3,5,101)
w(259,7,5,101)
r(177,12,5,101)
w(350,7,5,101)
r(190,4,5,101)
r(55,3,5,101)
w(349,5,5,101)
r(65,5,5,101)
w(317,18,5,101)
w(182,9,5,101)
r(284,11,5,101)
w(135,15,5,101)
r(55,3,5,101)
r(172,8,5,101)
w(125,11,5,101)
w(322,9,6,102)
r(328,3,6,102)
r(27,10,6,102)
r(109,3,6,102)
w(41,5,6,102)
w(12,13,6,102)
r(335,9,6,102)
r(177,12,6,102)
r(300,5,6,102)
r(97,9,6,102)
w(166,9,6,102)
r(174,3,6,102)
r(104,7,6,102)
r(256,12,6,102)
w(126,6,6,102)
r(31,12,6,102)
w(277,15,6,102)
w(139,14,6,102)
r(339,1,6,102)
r(27,10,6,102)
w(339,11,6,102)
w(331,4,6,102)
r(294,1,6,102)
r(198,12,6,102)
r(354,3,6,102)
r(66,14,6,102)
r(8,10,6,102)
r(197,7,6,102)
r(86,11,6,102)
w(32,4,6,102)
r(182,8,6,102)
w(59,4,6,102)
w(170,7,6,102)
r(234,1,6,102)
w(41,9,6,102)
r(223,3,6,102)
w(181,7,6,102)
w(356,4,6,102)
w(340,7,6,102)
r(171,10,6,102)
r(96,10,1,103)
w(62,10,1,103)
r(91,11,1,103)
r(115,7,1,103)
r(77,4,1,103)
r(325,4,1,103)
r(21,10,1,103)
r(135,15,1,103)
r(75,4,1,103)
w(192,3,1,103)
w(157,12,2,104)
r(6,8,2,104)
r(87,6,2,104)
w(154,8,2,104)
w(62,6,2,104)
r(302,4,2,104)
r(108,11,2,104)
w(188,6,2,104)
w(172,8,2,104)
w(359,12,2,104)
w(220,2,2,104)
w(143,6,2,104)
r(273,1,2,104)
r(258,11,2,104)
w(217,10,2,104)
r(341,6,2,104)
r(87,6,2,104)
r(128,11,2,104)
w(83,12,2,104)
w(114,10,2,104)
w(248,12,2,104)
w(83,10,2,104)
r(37,1,2,104)
r(340,7,2,104)
w(157,10,2,104)
r(139,14,2,104)
r(110,10,2,104)
w(155,10,2,104)
r(80,3,2,104)
r(4,6,2,104)
w(315,8,2,104)
r(156,11,2,104)
r(329,8,2,104)
r(20,13,2,104)
w(250,10,2,104)
w(134,2,2,104)
r(155,10,2,104)
w(181,10,2,104)
r(74,10,2,104)
r(180,10,2,104)
w(186,10,3,105)
w(208,11,3,105)
w(257,6,3,105)
w(71,6,3,105)
r(254,12,3,105)
w(68,6,3,105)
r(8,11,3,105)
r(176,11,3,105)
r(139,7,3,105)
r(235,6,3,105)
r(135,12,3,105)
w(334,12,3,105)
r(343,10,3,105)
r(229,12,3,105)
w(44,12,3,105)
w(267,3,3,105)
r(48,8,3,105)
r(131,7,3,105)
w(108,8,3,105)
r(48,8,3,105)
w(85,3,3,105)
w(289,6,3,105)
r(318,8,3,105)
w(131,10,3,105)
r(194,4,3,105)
r(69,7,3,105)
w(329,8,3,105)
r(325,6,3,105)
w(250,8,3,105)
r(238,3,3,105)
w(275,12,3,105)
r(16,6,3,105)
w(152,8,3,105)
w(60,6,3,105)
w(325,4,3,105)
w(318,10,3,105)
w(168,12,3,105)
w(3,3,3,105)
r(317,10,3,105)
w(51,10,3,105)
w(229,11,4,106)
w(311,10,4,106)
w(209,4,4,106)
r(359,12,4,106)
w(203,17,4,106)
r(61,10,4,106)
w(262,7,4,106)
w(287,12,4,106)
w(171,7,4,106)
r(240,2,4,106)
r(18,11,4,106)
w(306,11,4,106)
w(182,4,4,106)
w(288,4,4,106)
w(161,10,4,106)
r(354,3,4,106)
r(26,8,4,106)
w(229,4,4,106)
r(353,9,4,106)
r(273,1,4,106)
w(158,8,4,106)
w(307,11,4,106)
r(184,6,4,106)
w(313,10,4,106)
w(225,11,4,106)
w(203,15,4,106)
r(55,3,4,106)
w(171,5,4,106)
w(306,4,4,106)
w(208,5,4,106)
r(66,10,4,106)
r(182,4,4,106)
w(97,7,4,106)
w(19,11,4,106)
w(334,8,4,106)
r(12,13,4,106)
w(11,7,4,106)
r(204,3,4,106)
w(131,4,4,106)
r(13,1,4,106)
r(80,3,5,107)
r(62,6,5,107)
r(126,6,5,107)
r(321,3,5,107)
w(31,13,5,107)
r(5,3,5,107)
w(127,8,5,107)
r(92,7,5,107)
w(213,14,5,107)
r(306,8,5,107)
r(256,12,5,107)
w(262,14,5,107)
w(264,5,5,107)
r(223,6,5,107)
w(24,9,5,107)
w(43,5,5,107)
r(246,10,5,107)
r(246,10,6,108)
w(201,13,6,108)
r(133,8,6,108)
r(243,4,6,108)
r(283,6,6,108)
r(121,12,6,108)
w(157,9,6,108)
r(121,12,6,108)
r(54,9,6,108)
r(30,2,6,108)
r(95,12,6,108)
w(186,9,6,108)
r(138,3,6,108)
r(232,9,6,108)
w(95,4,6,108)
r(297,8,6,108)
r(356,4,6,108)
r(28,10,6,108)
r(228,11,6,108)
r(173,7,6,108)
r(270,7,6,108)
r(317,12,6,108)
w(328,13,6,108)
w(54,13,6,108)
r(226,10,6,108)
w(190,4,6,108)
r(104,7,6,108)
w(129,17,6,108)
r(343,10,6,108)
r(208,11,6,108)
r(275,4,6,108)
w(44,9,6,108)
w(29,6,6,108)
w(260,15,6,108)
r(42,4,6,108)
r(102,6,6,108)
w(259,5,6,108)
r(40,6,6,108)
w(239,7,6,108)
r(262,2,6,108)
w(272,12,1,109)
r(207,2,1,109)
r(105,1,1,109)
r(333,4,1,109)
w(172,12,1,109)
w(41,2,1,109)
r(34,6,1,109)
r(39,4,1,109)
w(178,2,1,109)
r(239,7,1,109)
r(137,10,1,109)
r(211,1,1,109)
r(158,6,1,109)
r(32,4,1,109)
r(30,2,1,109)
r(88,11,1,109)
r(271,6,1,109)
w(187,3,1,109)
r(273,1,1,109)
w(53,12,1,109)
r(161,3,1,109)
r(26,8,1,109)
r(348,2,1,109)
r(76,10,1,109)
r(240,2,1,109)
w(307,10,1,109)
w(8,3,1,109)
r(301,12,1,109)
w(105,2,1,109)
w(113,3,1,109)
r(67,6,1,109)
w(357,12,1,109)
r(187,3,1,109)
w(319,2,1,109)
r(153,8,1,109)
r(302,4,1,109)
r(278,7,1,109)
r(146,10,1,109)
w(346,12,1,109)
w(186,3,1,109)
r(171,13,2,110)
r(157,9,2,110)
w(351,10,2,110)
w(53,6,2,110)
r(288,13,2,110)
r(16,12,2,110)
w(134,3,2,110)
r(32,4,2,110)
w(213,12,2,110)
r(270,7,2,110)
w(46,6,2,110)
w(233,12,2,110)
w(79,8,2,110)
r(319,5,2,110)
r(96,10,2,110)
r(339,11,2,110)
r(199,6,2,110)
w(41,12,2,110)
w(240,12,2,110)
w(20,10,2,110)
r(290,1,2,110)
w(117,12,2,110)
r(218,9,2,110)
r(209,6,2,110)
w(63,3,2,110)
r(236,5,2,110)
r(75,4,2,110)
w(19,12,2,110)
r(103,6,2,110)
r(154,8,2,110)
r(212,8,2,110)
w(300,3,2,110)
r(146,10,2,110)
w(342,8,2,110)
w(222,12,2,110)
r(234,1,2,110)
w(289,10,2,110)
r(111,7,3,111)
r(45,6,3,111)
r(283,12,3,111)
w(99,6,3,111)
r(213,4,3,111)
r(359,5,3,111)
w(307,8,3,111)
r(287,1,3,111)
w(5,8,3,111)
r(178,8,3,111)
r(329,8,3,111)
w(103,7,3,111)
r(153,8,3,111)
r(179,18,3,111)
w(4,12,3,111)
r(26,11,3,111)
w(186,6,3,111)
w(141,10,3,111)
w(100,6,3,111)
r(303,13,3,111)
w(214,10,3,111)
r(292,9,3,111)
w(39,6,3,111)
w(207,8,3,111)
r(330,11,4,112)
r(227,3,4,112)
r(71,12,4,112)
w(229,7,4,112)
w(110,4,4,112)
w(160,11,4,112)
r(316,9,4,112)
w(320,4,4,112)
r(66,10,4,112)
r(315,8,4,112)
w(28,4,4,112)
r(309,2,4,112)
w(2,8,4,112)
r(245,10,4,112)
w(265,4,4,112)
r(292,10,4,112)
r(238,13,4,112)
w(192,4,4,112)
r(110,4,4,112)
w(105,12,4,112)
w(50,8,4,112)
w(242,9,4,112)
w(215,8,4,112)
w(226,4,4,112)
w(320,7,4,112)
w(44,6,4,112)
w(28,7,4,112)
w(267,10,4,112)
r(324,1,4,112)
r(330,11,4,112)
w(114,8,4,112)
r(209,4,4,112)
w(262,5,4,112)
r(316,9,4,112)
w(226,7,4,112)
r(41,2,4,112)
w(228,5,4,112)
r(149,12,4,112)
r(312,3,4,112)
w(276,8,4,112)
r(113,5,5,113)
w(308,9,5,113)
w(295,7,5,113)
r(255,8,5,113)
w(316,9,5,113)
w(236,14,5,113)
r(84,4,5,113)
w(132,12,5,113)
r(144,4,5,113)
w(254,9,5,113)
r(210,10,5,113)
w(16,11,5,113)
r(132,12,5,113)
w(297,7,5,113)
w(6,5,5,113)
r(159,12,5,113)
r(64,7,5,113)
r(270,7,5,113)
w(249,11,5,113)
w(323,11,5,113)
r(185,9,5,113)
r(44,9,5,113)
w(215,11,5,113)
w(73,7,5,113)
w(347,7,5,113)
w(5,17,5,113)
r(224,2,5,113)
r(222,4,5,113)
w(267,4,5,113)
r(179,4,5,113)
w(16,4,5,113)
w(228,14,5,113)
r(167,10,5,113)
w(254,13,5,113)
r(83,10,5,113)
w(44,5,5,113)
w(332,4,5,113)
r(307,2,5,113)
w(93,5,5,113)
w(310,13,5,113)
w(164,4,6,114)
w(72,16,6,114)
r(274,4,6,114)
w(166,13,6,114)
r(214,6,6,114)
r(279,8,6,114)
w(142,9,6,114)
w(167,21,6,114)
r(124,5,6,114)
r(342,6,6,114)
w(88,9,6,114)
w(60,13,6,114)
w(238,13,6,114)
w(36,4,6,114)
r(108,11,6,114)
w(217,5,6,114)
r(227,3,6,114)
w(39,4,6,114)
r(103,6,6,114)
r(260,15,6,114)
r(305,7,6,114)
w(4,4,6,114)
r(271,6,6,114)
r(220,2,6,114)
w(162,13,6,114)
r(32,4,6,114)
r(243,4,6,114)
w(17,7,6,114)
w(286,4,6,114)
r(350,7,6,114)
r(15,3,6,114)
w(150,5,6,114)
w(185,9,6,114)
w(290,8,6,114)
w(23,8,6,114)
r(276,1,6,114)
r(353,13,6,114)
r(203,22,6,114)
r(316,14,6,114)
r(168,12,6,114)
r(132,2,2,115)
r(348,2,2,115)
w(349,12,2,115)
r(205,12,2,115)
w(346,10,2,115)
w(42,6,2,115)
w(330,6,2,115)
r(341,6,2,115)
r(268,17,2,115)
r(223,6,2,115)
w(239,6,2,115)
w(223,12,2,115)
r(62,6,2,115)
w(344,12,2,115)
w(300,12,2,115)
w(247,10,2,115)
r(95,4,2,115)
r(84,4,2,115)
r(336,10,2,115)
r(223,12,2,115)
r(58,8,2,115)
r(309,2,2,115)
w(98,6,2,115)
r(110,10,2,115)
w(300,10,2,115)
w(172,11,2,115)
w(78,10,2,115)
r(295,6,2,115)
w(155,8,3,116)
r(34,6,3,116)
w(171,4,3,116)
w(196,6,3,116)
w(117,6,3,116)
r(88,10,3,116)
w(149,7,3,116)
r(94,6,3,116)
r(145,14,3,116)
w(183,7,3,116)
w(205,8,3,116)
w(302,12,3,116)
r(80,3,3,116)
r(200,4,3,116)
w(4,10,3,116)
w(33,12,3,116)
r(58,2,3,116)
r(21,12,3,116)
w(200,12,3,116)
r(25,7,3,116)
r(44,12,3,116)
r(178,8,3,116)
r(296,8,3,116)
r(194,4,3,116)
r(197,7,3,116)
r(253,3,3,116)
w(230,9,3,116)
r(294,1,3,116)
w(285,5,4,117)
r(256,12,4,117)
w(226,5,4,117)
w(171,9,4,117)
r(290,8,4,117)
w(2,11,4,117)
r(117,3,4,117)
r(140,4,4,117)
w(48,11,4,117)
r(37,1,4,117)
r(272,12,4,117)
w(195,7,4,117)
r(217,5,4,117)
w(325,7,4,117)
r(300,6,4,117)
w(82,11,4,117)
w(351,13,4,117)
w(124,9,4,117)
w(13,3,4,117)
w(156,8,4,117)
w(99,8,4,117)
w(155,4,4,117)
w(48,4,4,117)
r(352,11,4,117)
w(273,6,4,117)
r(323,4,4,117)
w(339,8,4,117)
w(249,6,4,117)
w(126,12,4,117)
r(263,5,4,117)
r(224,2,4,117)
w(307,4,4,117)
r(105,12,4,117)
r(273,6,4,117)
w(155,7,4,117)
r(29,12,4,117)
w(101,8,4,117)
w(231,5,4,117)
w(353,4,4,117)
w(142,4,4,117)
r(211,1,5,118)
w(342,4,5,118)
r(133,8,5,118)
w(298,12,5,118)
w(228,17,5,118)
r(277,15,5,118)
r(114,10,5,118)
w(35,7,5,118)
w(265,5,5,118)
w(34,11,5,118)
w(353,9,5,118)
w(128,8,5,118)
w(267,7,5,118)
w(6,9,5,118)
w(277,17,5,118)
w(9,13,5,118)
w(323,4,5,118)
r(60,13,5,118)
r(136,2,5,118)
r(212,8,5,118)
w(49,5,5,118)
w(156,7,5,118)
w(138,10,5,118)
r(256,12,5,118)
r(100,8,5,118)
r(131,3,5,118)
w(291,9,5,118)
r(131,3,5,118)
r(222,4,5,118)
r(206,8,5,118)
r(305,7,5,118)
w(39,8,5,118)
w(30,11,5,118)
r(117,3,5,118)
w(88,5,5,118)
w(54,5,5,118)
r(287,1,5,118)
r(209,6,5,118)
r(117,3,5,118)
w(69,4,5,118)
w(167,10,2,119)
w(266,10,2,119)
r(309,2,2,119)
r(1,3,2,119)
r(74,10,2,119)
w(219,3,2,119)
w(51,3,2,119)
r(153,8,2,119)
w(243,10,2,119)
r(43,7,2,119)
r(102,6,2,119)
w(234,3,2,119)
w(236,8,2,119)
w(87,8,2,119)
w(98,8,2,119)
w(145,8,2,119)
r(53,10,2,119)
w(10,10,2,119)
r(63,4,2,119)
r(154,8,2,119)
r(280,8,2,119)
r(74,10,2,119)
w(253,10,2,119)
w(54,12,2,119)
w(236,11,2,119)
w(306,10,2,119)
w(252,6,2,119)
w(163,3,2,119)
w(210,10,2,119)
r(78,6,2,119)
w(179,4,2,119)
r(323,6,2,119)
r(106,2,2,119)
r(56,11,2,119)
r(264,9,2,119)
w(45,10,2,119)
r(33,10,2,119)
w(54,10,2,119)
r(101,13,2,119)
r(67,6,2,119)
w(283,10,3,120)
w(137,11,3,120)
r(307,2,3,120)
w(119,10,3,120)
r(222,4,3,120)
w(93,8,3,120)
w(350,12,3,120)
r(101,13,3,120)
w(140,11,3,120)
r(53,10,3,120)
r(98,12,3,120)
r(147,12,3,120)
w(314,8,3,120)
r(286,11,3,120)
w(145,11,3,120)
w(56,8,3,120)
r(146,10,3,120)
w(264,6,3,120)
w(347,8,3,120)
w(281,6,3,120)
w(154,5,3,120)
r(127,3,3,120)
w(276,12,3,120)
r(54,9,3,121)
w(24,4,3,121)
w(40,3,3,121)
w(57,7,3,121)
w(352,12,3,121)
r(221,12,3,121)
w(123,8,3,122)
w(323,6,3,122)
w(345,11,3,122)
r(243,4,3,122)
r(260,12,3,122)
r(232,9,3,122)
w(108,11,3,122)
r(317,12,3,122)
r(283,12,3,122)
w(283,6,3,122)
r(74,10,3,122)
w(189,8,3,122)
w(215,6,3,122)
w(56,11,3,122)
r(143,2,3,122)
r(341,6,3,122)
w(159,12,3,122)
w(228,11,3,122)
w(300,6,3,122)
w(253,8,3,122)
w(246,10,3,122)
r(339,11,3,122)
w(318,6,3,122)
r(69,7,3,122)
r(143,2,3,122)
w(116,6,3,122)
r(205,12,3,122)
r(286,11,3,122)
w(50,10,3,122)
r(72,13,3,122)
w(271,12,3,122)
r(253,8,3,122)
w(304,6,3,122)
w(4,6,3,122)
r(3,4,3,122)
w(271,10,3,122)
w(129,6,3,122)
w(212,8,3,122)
w(67,6,3,122)
r(233,3,3,122)
w(231,11,3,123)
w(14,4,3,123)
w(195,10,3,123)
r(212,8,3,123)
w(174,4,3,123)
w(41,6,3,123)
w(223,6,3,123)
w(274,11,3,123)
r(238,3,3,123)
r(78,6,3,123)
r(84,4,3,123)
w(113,6,3,123)
r(332,11,3,123)
w(42,4,3,123)
r(27,10,3,123)
w(65,5,3,123)
w(336,10,3,123)
r(131,3,3,123)
r(240,2,3,123)
r(304,6,3,123)
w(350,10,3,123)
w(33,10,3,123)
r(179,19,3,123)
r(228,11,3,123)
r(218,5,3,123)
w(194,6,3,123)
w(266,8,3,123)
r(248,3,3,123)
w(85,12,3,123)
r(248,3,3,123)
w(330,11,3,123)
w(186,8,3,123)
w(188,11,3,123)
w(66,10,3,123)
w(274,4,3,123)
w(271,6,3,123)
r(330,11,3,123)
w(162,8,3,123)
w(100,8,3,123)
r(25,7,3,123)
