w(1,1,0,0)
w(2,1,0,0)
w(3,1,0,0)
w(4,1,0,0)
w(5,1,0,0)
w(6,1,0,0)
w(7,1,0,0)
w(8,1,0,0)
w(9,1,0,0)
w(10,1,0,0)
w(11,1,0,0)
w(12,1,0,0)
w(13,1,0,0)
w(14,1,0,0)
w(15,1,0,0)
w(16,1,0,0)
w(17,1,0,0)
w(18,1,0,0)
w(19,1,0,0)
w(20,1,0,0)
w(21,1,0,0)
w(22,1,0,0)
w(23,1,0,0)
w(24,1,0,0)
w(25,1,0,0)
w(26,1,0,0)
w(27,1,0,0)
w(28,1,0,0)
w(29,1,0,0)
w(30,1,0,0)
w(31,1,0,0)
w(32,1,0,0)
w(33,1,0,0)
w(34,1,0,0)
w(35,1,0,0)
w(36,1,0,0)
w(37,1,0,0)
w(38,1,0,0)
w(39,1,0,0)
w(40,1,0,0)
w(41,1,0,0)
w(42,1,0,0)
w(43,1,0,0)
w(44,1,0,0)
w(45,1,0,0)
w(46,1,0,0)
w(47,1,0,0)
w(48,1,0,0)
w(49,1,0,0)
w(50,1,0,0)
w(51,1,0,0)
w(52,1,0,0)
w(53,1,0,0)
w(54,1,0,0)
w(55,1,0,0)
w(56,1,0,0)
w(57,1,0,0)
w(58,1,0,0)
w(59,1,0,0)
w(60,1,0,0)
w(61,1,0,0)
w(62,1,0,0)
w(63,1,0,0)
w(64,1,0,0)
w(65,1,0,0)
w(66,1,0,0)
w(67,1,0,0)
w(68,1,0,0)
w(69,1,0,0)
w(70,1,0,0)
w(71,1,0,0)
w(72,1,0,0)
w(73,1,0,0)
w(74,1,0,0)
w(75,1,0,0)
w(76,1,0,0)
w(77,1,0,0)
w(78,1,0,0)
w(79,1,0,0)
w(80,1,0,0)
w(81,1,0,0)
w(82,1,0,0)
w(83,1,0,0)
w(84,1,0,0)
w(85,1,0,0)
w(86,1,0,0)
w(87,1,0,0)
w(88,1,0,0)
w(89,1,0,0)
w(90,1,0,0)
w(91,1,0,0)
w(92,1,0,0)
w(93,1,0,0)
w(94,1,0,0)
w(95,1,0,0)
w(96,1,0,0)
w(97,1,0,0)
w(98,1,0,0)
w(99,1,0,0)
w(100,1,0,0)
w(101,1,0,0)
w(102,1,0,0)
w(103,1,0,0)
w(104,1,0,0)
w(105,1,0,0)
w(106,1,0,0)
w(107,1,0,0)
w(108,1,0,0)
w(109,1,0,0)
w(110,1,0,0)
w(111,1,0,0)
w(112,1,0,0)
w(113,1,0,0)
w(114,1,0,0)
w(115,1,0,0)
w(116,1,0,0)
w(117,1,0,0)
w(118,1,0,0)
w(119,1,0,0)
w(120,1,0,0)
w(121,1,0,0)
w(122,1,0,0)
w(123,1,0,0)
w(124,1,0,0)
w(125,1,0,0)
w(126,1,0,0)
w(127,1,0,0)
w(128,1,0,0)
w(129,1,0,0)
w(130,1,0,0)
w(131,1,0,0)
w(132,1,0,0)
w(133,1,0,0)
w(134,1,0,0)
w(135,1,0,0)
w(136,1,0,0)
w(137,1,0,0)
w(138,1,0,0)
w(139,1,0,0)
w(140,1,0,0)
w(141,1,0,0)
w(142,1,0,0)
w(143,1,0,0)
w(144,1,0,0)
w(145,1,0,0)
w(146,1,0,0)
w(147,1,0,0)
w(148,1,0,0)
w(149,1,0,0)
w(150,1,0,0)
w(151,1,0,0)
w(152,1,0,0)
w(153,1,0,0)
w(154,1,0,0)
w(155,1,0,0)
w(156,1,0,0)
w(157,1,0,0)
w(158,1,0,0)
w(159,1,0,0)
w(160,1,0,0)
w(161,1,0,0)
w(162,1,0,0)
w(163,1,0,0)
w(164,1,0,0)
w(165,1,0,0)
w(166,1,0,0)
w(167,1,0,0)
w(168,1,0,0)
w(169,1,0,0)
w(170,1,0,0)
w(171,1,0,0)
w(172,1,0,0)
w(173,1,0,0)
w(174,1,0,0)
w(175,1,0,0)
w(176,1,0,0)
w(177,1,0,0)
w(178,1,0,0)
w(179,1,0,0)
w(180,1,0,0)
w(181,1,0,0)
w(182,1,0,0)
w(183,1,0,0)
w(184,1,0,0)
w(185,1,0,0)
w(186,1,0,0)
w(187,1,0,0)
w(188,1,0,0)
w(189,1,0,0)
w(190,1,0,0)
w(191,1,0,0)
w(192,1,0,0)
w(193,1,0,0)
w(194,1,0,0)
w(195,1,0,0)
w(196,1,0,0)
w(197,1,0,0)
w(198,1,0,0)
w(199,1,0,0)
w(200,1,0,0)
w(201,1,0,0)
w(202,1,0,0)
w(203,1,0,0)
w(204,1,0,0)
w(205,1,0,0)
w(206,1,0,0)
w(207,1,0,0)
w(208,1,0,0)
w(209,1,0,0)
w(210,1,0,0)
w(211,1,0,0)
w(212,1,0,0)
w(213,1,0,0)
w(214,1,0,0)
w(215,1,0,0)
w(216,1,0,0)
w(217,1,0,0)
w(218,1,0,0)
w(219,1,0,0)
w(220,1,0,0)
w(221,1,0,0)
w(222,1,0,0)
w(223,1,0,0)
w(224,1,0,0)
w(225,1,0,0)
w(226,1,0,0)
w(227,1,0,0)
w(228,1,0,0)
w(229,1,0,0)
w(230,1,0,0)
w(231,1,0,0)
w(232,1,0,0)
w(233,1,0,0)
w(234,1,0,0)
w(235,1,0,0)
w(236,1,0,0)
w(237,1,0,0)
w(238,1,0,0)
w(239,1,0,0)
w(240,1,0,0)
w(241,1,0,0)
w(242,1,0,0)
w(243,1,0,0)
w(244,1,0,0)
w(245,1,0,0)
w(246,1,0,0)
w(247,1,0,0)
w(248,1,0,0)
w(249,1,0,0)
w(250,1,0,0)
w(251,1,0,0)
w(252,1,0,0)
w(253,1,0,0)
w(254,1,0,0)
w(255,1,0,0)
w(256,1,0,0)
w(257,1,0,0)
w(258,1,0,0)
w(259,1,0,0)
w(260,1,0,0)
w(261,1,0,0)
w(262,1,0,0)
w(263,1,0,0)
w(264,1,0,0)
w(265,1,0,0)
w(266,1,0,0)
w(267,1,0,0)
w(268,1,0,0)
w(269,1,0,0)
w(270,1,0,0)
w(271,1,0,0)
w(272,1,0,0)
w(273,1,0,0)
w(274,1,0,0)
w(275,1,0,0)
w(276,1,0,0)
w(277,1,0,0)
w(278,1,0,0)
w(279,1,0,0)
w(280,1,0,0)
w(281,1,0,0)
w(282,1,0,0)
w(283,1,0,0)
w(284,1,0,0)
w(285,1,0,0)
w(286,1,0,0)
w(287,1,0,0)
w(288,1,0,0)
w(289,1,0,0)
w(290,1,0,0)
w(291,1,0,0)
w(292,1,0,0)
w(293,1,0,0)
w(294,1,0,0)
w(295,1,0,0)
w(296,1,0,0)
w(297,1,0,0)
w(298,1,0,0)
w(299,1,0,0)
w(300,1,0,0)
w(301,1,0,0)
w(302,1,0,0)
w(303,1,0,0)
w(304,1,0,0)
w(305,1,0,0)
w(306,1,0,0)
w(307,1,0,0)
w(308,1,0,0)
w(309,1,0,0)
w(310,1,0,0)
w(311,1,0,0)
w(312,1,0,0)
w(313,1,0,0)
w(314,1,0,0)
w(315,1,0,0)
w(316,1,0,0)
w(317,1,0,0)
w(318,1,0,0)
w(319,1,0,0)
w(320,1,0,0)
w(321,1,0,0)
w(322,1,0,0)
w(323,1,0,0)
w(324,1,0,0)
w(325,1,0,0)
w(326,1,0,0)
w(327,1,0,0)
w(328,1,0,0)
w(329,1,0,0)
w(330,1,0,0)
w(331,1,0,0)
w(332,1,0,0)
w(333,1,0,0)
w(334,1,0,0)
w(335,1,0,0)
w(336,1,0,0)
w(337,1,0,0)
w(338,1,0,0)
w(339,1,0,0)
w(340,1,0,0)
w(341,1,0,0)
w(342,1,0,0)
w(343,1,0,0)
w(344,1,0,0)
w(345,1,0,0)
w(346,1,0,0)
w(347,1,0,0)
w(348,1,0,0)
w(349,1,0,0)
w(350,1,0,0)
w(351,1,0,0)
w(352,1,0,0)
w(353,1,0,0)
w(354,1,0,0)
w(355,1,0,0)
w(356,1,0,0)
w(357,1,0,0)
w(358,1,0,0)
w(359,1,0,0)
w(360,1,0,0)
w(361,1,0,0)
w(362,1,0,0)
w(363,1,0,0)
w(364,1,0,0)
w(365,1,0,0)
w(366,1,0,0)
w(367,1,0,0)
w(368,1,0,0)
w(369,1,0,0)
w(370,1,0,0)
w(371,1,0,0)
w(372,1,0,0)
w(373,1,0,0)
w(374,1,0,0)
w(375,1,0,0)
w(376,1,0,0)
w(377,1,0,0)
w(378,1,0,0)
w(379,1,0,0)
w(380,1,0,0)
w(381,1,0,0)
w(382,1,0,0)
w(383,1,0,0)
w(384,1,0,0)
w(385,1,0,0)
w(386,1,0,0)
w(387,1,0,0)
w(388,1,0,0)
w(389,1,0,0)
w(390,1,0,0)
w(391,1,0,0)
w(392,1,0,0)
w(393,1,0,0)
w(394,1,0,0)
w(395,1,0,0)
w(396,1,0,0)
w(397,1,0,0)
w(398,1,0,0)
w(399,1,0,0)
w(400,1,0,0)
w(401,1,0,0)
w(402,1,0,0)
w(403,1,0,0)
w(404,1,0,0)
w(405,1,0,0)
w(406,1,0,0)
w(407,1,0,0)
w(408,1,0,0)
w(409,1,0,0)
w(410,1,0,0)
w(411,1,0,0)
w(412,1,0,0)
w(413,1,0,0)
w(414,1,0,0)
w(415,1,0,0)
w(416,1,0,0)
w(417,1,0,0)
w(418,1,0,0)
w(419,1,0,0)
w(420,1,0,0)
w(421,1,0,0)
w(422,1,0,0)
w(423,1,0,0)
w(424,1,0,0)
w(425,1,0,0)
w(426,1,0,0)
w(427,1,0,0)
w(428,1,0,0)
w(429,1,0,0)
w(430,1,0,0)
w(431,1,0,0)
w(432,1,0,0)
w(433,1,0,0)
w(434,1,0,0)
w(435,1,0,0)
w(436,1,0,0)
w(437,1,0,0)
w(438,1,0,0)
w(439,1,0,0)
w(440,1,0,0)
w(441,1,0,0)
w(442,1,0,0)
w(443,1,0,0)
w(444,1,0,0)
w(445,1,0,0)
w(446,1,0,0)
w(447,1,0,0)
w(448,1,0,0)
w(449,1,0,0)
w(450,1,0,0)
w(451,1,0,0)
w(452,1,0,0)
w(453,1,0,0)
w(454,1,0,0)
w(455,1,0,0)
w(456,1,0,0)
w(457,1,0,0)
w(458,1,0,0)
w(459,1,0,0)
w(460,1,0,0)
w(461,1,0,0)
w(462,1,0,0)
w(463,1,0,0)
w(464,1,0,0)
w(465,1,0,0)
w(466,1,0,0)
w(467,1,0,0)
w(468,1,0,0)
w(469,1,0,0)
w(470,1,0,0)
w(471,1,0,0)
w(472,1,0,0)
w(473,1,0,0)
w(474,1,0,0)
w(475,1,0,0)
w(476,1,0,0)
w(477,1,0,0)
w(478,1,0,0)
w(479,1,0,0)
w(480,1,0,0)
w(481,1,0,0)
w(482,1,0,0)
w(483,1,0,0)
w(484,1,0,0)
w(485,1,0,0)
w(486,1,0,0)
w(487,1,0,0)
w(488,1,0,0)
w(489,1,0,0)
w(490,1,0,0)
w(491,1,0,0)
w(492,1,0,0)
w(493,1,0,0)
w(494,1,0,0)
w(495,1,0,0)
w(496,1,0,0)
w(497,1,0,0)
w(498,1,0,0)
w(499,1,0,0)
w(500,1,0,0)
w(501,1,0,0)
w(502,1,0,0)
w(503,1,0,0)
w(504,1,0,0)
w(505,1,0,0)
w(506,1,0,0)
w(507,1,0,0)
w(508,1,0,0)
w(509,1,0,0)
w(510,1,0,0)
w(511,1,0,0)
w(512,1,0,0)
w(513,1,0,0)
w(514,1,0,0)
w(515,1,0,0)
w(516,1,0,0)
w(517,1,0,0)
w(518,1,0,0)
w(519,1,0,0)
w(520,1,0,0)
w(521,1,0,0)
w(522,1,0,0)
w(523,1,0,0)
w(524,1,0,0)
w(525,1,0,0)
w(526,1,0,0)
w(527,1,0,0)
w(528,1,0,0)
w(529,1,0,0)
w(530,1,0,0)
w(531,1,0,0)
w(532,1,0,0)
w(533,1,0,0)
w(534,1,0,0)
w(535,1,0,0)
w(536,1,0,0)
w(537,1,0,0)
w(538,1,0,0)
w(539,1,0,0)
w(540,1,0,0)
r(109,1,1,1)
w(15,2,1,1)
w(44,2,1,1)
r(255,1,1,1)
r(276,1,1,1)
r(330,1,1,1)
w(39,2,1,1)
r(56,1,1,1)
w(33,2,1,1)
r(326,1,1,1)
w(7,2,1,1)
w(10,2,1,1)
r(369,1,1,1)
w(22,2,1,1)
r(122,1,1,1)
w(37,2,1,1)
r(280,1,1,1)
r(179,1,1,1)
r(275,1,1,1)
w(10,3,1,1)
w(82,2,2,2)
r(389,1,2,2)
r(205,2,2,2)
r(155,1,2,2)
w(120,2,2,2)
w(95,2,2,2)
r(125,1,2,2)
w(91,2,2,2)
w(68,2,2,2)
w(84,2,2,2)
w(82,3,2,2)
r(362,1,2,2)
w(78,2,2,2)
r(524,1,2,2)
r(245,1,2,2)
r(244,1,2,2)
r(73,1,2,2)
w(101,2,2,2)
r(303,1,2,2)
w(68,3,2,2)
w(124,2,3,3)
w(161,2,3,3)
r(313,1,3,3)
w(161,3,3,3)
w(125,2,3,3)
r(279,1,3,3)
r(311,1,3,3)
r(389,2,3,3)
r(110,1,3,3)
w(122,2,3,3)
w(163,2,3,3)
r(186,1,3,3)
w(128,2,3,3)
r(120,2,3,3)
w(145,2,3,3)
w(145,3,3,3)
r(51,1,3,3)
w(180,2,3,3)
w(175,2,3,3)
w(133,2,3,3)
r(368,1,4,4)
r(72,1,4,4)
w(219,2,4,4)
w(224,2,4,4)
r(274,1,4,4)
w(220,2,4,4)
r(97,1,4,4)
r(246,1,4,4)
w(182,2,4,4)
w(205,2,4,4)
w(191,2,4,4)
r(41,1,4,4)
r(315,1,4,4)
r(490,1,4,4)
w(182,3,4,4)
r(489,1,4,4)
r(165,1,4,4)
r(260,1,4,4)
r(294,1,4,4)
r(176,1,4,4)
r(35,1,5,5)
r(386,1,5,5)
w(244,2,5,5)
w(249,2,5,5)
r(301,1,5,5)
w(285,2,5,5)
r(514,1,5,5)
w(293,2,5,5)
w(255,2,5,5)
w(241,2,5,5)
r(501,1,5,5)
r(139,1,5,5)
w(280,2,5,5)
r(199,1,5,5)
r(190,1,5,5)
r(379,1,5,5)
r(98,1,5,5)
w(272,2,5,5)
w(263,2,5,5)
w(281,2,5,5)
r(431,1,6,6)
w(316,2,6,6)
r(138,1,6,6)
w(349,2,6,6)
w(358,2,6,6)
w(345,2,6,6)
r(491,1,6,6)
r(328,1,6,6)
w(307,2,6,6)
w(310,2,6,6)
r(19,1,6,6)
r(70,1,6,6)
r(235,1,6,6)
r(452,1,6,6)
r(327,1,6,6)
r(286,1,6,6)
r(49,1,6,6)
r(50,1,6,6)
r(325,1,6,6)
r(531,1,6,6)
w(362,2,7,7)
w(362,3,7,7)
w(407,2,7,7)
w(364,2,7,7)
r(427,1,7,7)
w(415,2,7,7)
w(406,2,7,7)
r(426,1,7,7)
w(374,2,7,7)
r(386,1,7,7)
r(277,1,7,7)
w(391,2,7,7)
w(387,2,7,7)
w(387,3,7,7)
r(442,1,7,7)
w(389,2,7,7)
r(220,2,7,7)
w(387,4,7,7)
w(411,2,7,7)
w(391,3,7,7)
r(263,1,8,8)
r(334,1,8,8)
r(39,2,8,8)
w(422,2,8,8)
w(437,2,8,8)
r(496,1,8,8)
w(422,3,8,8)
r(260,1,8,8)
w(460,2,8,8)
w(468,2,8,8)
r(461,1,8,8)
r(493,1,8,8)
r(299,1,8,8)
w(443,2,8,8)
r(53,1,8,8)
r(68,3,8,8)
r(385,1,8,8)
w(458,2,8,8)
r(375,1,8,8)
w(427,2,8,8)
r(106,1,9,9)
r(155,1,9,9)
w(517,2,9,9)
w(525,2,9,9)
r(171,1,9,9)
r(369,1,9,9)
r(63,1,9,9)
w(505,2,9,9)
w(483,2,9,9)
r(175,1,9,9)
r(30,1,9,9)
w(503,2,9,9)
w(509,2,9,9)
r(6,1,9,9)
w(507,2,9,9)
r(429,1,9,9)
w(529,2,9,9)
w(497,2,9,9)
w(531,2,9,9)
r(9,1,9,9)
r(170,1,1,10)
w(30,2,1,10)
r(323,1,1,10)
w(49,2,1,10)
r(66,1,1,10)
w(31,2,1,10)
r(252,1,1,10)
w(58,2,1,10)
r(510,1,1,10)
r(21,1,1,10)
r(416,1,1,10)
w(24,2,1,10)
r(450,1,1,10)
w(54,2,1,10)
r(127,1,1,10)
w(11,2,1,10)
r(403,1,1,10)
w(47,2,1,10)
w(21,2,1,10)
r(289,1,1,10)
w(64,2,2,11)
w(85,2,2,11)
r(418,1,2,11)
w(91,3,2,11)
w(85,3,2,11)
r(211,1,2,11)
w(119,2,2,11)
r(2,1,2,11)
w(120,3,2,11)
w(98,2,2,11)
r(150,1,2,11)
r(84,2,2,11)
r(277,1,2,11)
r(490,2,2,11)
r(413,1,2,11)
w(115,2,2,11)
r(335,1,2,11)
r(241,2,2,11)
r(202,1,2,11)
r(12,1,2,11)
w(141,2,3,12)
r(510,1,3,12)
r(24,2,3,12)
w(133,3,3,12)
w(155,2,3,12)
r(368,1,3,12)
w(121,2,3,12)
w(173,2,3,12)
w(170,2,3,12)
w(127,2,3,12)
w(134,2,3,12)
w(167,2,3,12)
r(535,1,3,12)
w(153,2,3,12)
r(140,1,3,12)
w(142,2,3,12)
r(362,3,3,12)
w(159,2,3,12)
w(161,4,3,12)
w(173,3,3,12)
r(469,1,4,13)
w(207,2,4,13)
w(208,2,4,13)
w(181,2,4,13)
r(495,2,4,13)
w(191,3,4,13)
w(196,2,4,13)
w(205,3,4,13)
w(236,2,4,13)
r(428,1,4,13)
r(437,2,4,13)
r(257,1,4,13)
r(119,1,4,13)
r(235,1,4,13)
w(206,2,4,13)
r(521,1,4,13)
r(213,1,4,13)
r(465,1,4,13)
w(216,2,4,13)
r(471,1,4,13)
r(245,1,5,14)
r(283,1,5,14)
r(24,2,5,14)
r(492,1,5,14)
w(247,2,5,14)
r(330,1,5,14)
r(168,1,5,14)
r(438,1,5,14)
w(286,2,5,14)
r(362,3,5,14)
r(2,1,5,14)
r(508,1,5,14)
r(529,2,5,14)
r(309,1,5,14)
r(536,2,5,14)
r(33,2,5,14)
r(265,1,5,14)
w(280,3,5,14)
r(201,1,5,14)
r(255,2,5,14)
w(336,2,6,15)
r(6,1,6,15)
w(323,2,6,15)
w(344,2,6,15)
r(176,1,6,15)
w(326,2,6,15)
r(437,2,6,15)
w(333,2,6,15)
w(352,2,6,15)
r(160,1,6,15)
w(322,2,6,15)
w(360,2,6,15)
w(305,2,6,15)
r(313,1,6,15)
r(404,1,6,15)
r(167,1,6,15)
r(380,1,6,15)
w(346,2,6,15)
r(182,3,6,15)
w(340,2,6,15)
w(406,3,7,16)
w(382,2,7,16)
w(376,2,7,16)
r(344,2,7,16)
r(252,1,7,16)
r(325,1,7,16)
w(364,3,7,16)
r(273,1,7,16)
w(402,2,7,16)
w(365,2,7,16)
w(382,3,7,16)
r(166,1,7,16)
r(523,1,7,16)
w(415,3,7,16)
r(35,1,7,16)
r(211,1,7,16)
r(181,2,7,16)
w(377,2,7,16)
w(377,3,7,16)
r(416,1,7,16)
w(432,2,8,17)
r(414,1,8,17)
w(450,2,8,17)
w(450,3,8,17)
w(470,2,8,17)
w(445,2,8,17)
r(477,1,8,17)
w(463,2,8,17)
w(425,2,8,17)
r(309,1,8,17)
r(390,1,8,17)
r(501,1,8,17)
w(446,2,8,17)
w(448,2,8,17)
r(113,1,8,17)
w(446,3,8,17)
w(465,2,8,17)
w(478,2,8,17)
w(464,2,8,17)
w(427,3,8,17)
w(515,2,9,18)
w(539,2,9,18)
r(465,1,9,18)
w(506,2,9,18)
r(471,1,9,18)
w(536,2,9,18)
r(67,1,9,18)
w(505,3,9,18)
r(533,1,9,18)
r(132,1,9,18)
r(271,1,9,18)
r(175,1,9,18)
w(490,2,9,18)
w(531,3,9,18)
r(113,1,9,18)
r(467,1,9,18)
w(499,2,9,18)
w(511,2,9,18)
w(495,2,9,18)
r(146,1,9,18)
w(11,3,1,19)
w(16,2,1,19)
r(280,3,1,19)
r(474,1,1,19)
w(28,2,1,19)
w(4,2,1,19)
w(8,2,1,19)
w(30,3,1,19)
w(35,2,1,19)
w(57,2,1,19)
r(159,1,1,19)
w(30,4,1,19)
w(27,2,1,19)
r(309,1,1,19)
w(42,2,1,19)
w(45,2,1,19)
r(197,1,1,19)
w(37,3,1,19)
w(33,3,1,19)
w(27,3,1,19)
r(299,1,2,20)
w(109,2,2,20)
r(215,1,2,20)
r(23,1,2,20)
r(293,2,2,20)
w(111,2,2,20)
r(347,1,2,20)
w(120,4,2,20)
r(244,2,2,20)
r(96,1,2,20)
r(410,1,2,20)
r(145,3,2,20)
w(71,2,2,20)
w(111,3,2,20)
w(74,2,2,20)
w(77,2,2,20)
r(77,2,2,20)
w(117,2,2,20)
w(83,2,2,20)
w(66,2,2,20)
r(408,2,3,21)
w(121,3,3,21)
r(47,2,3,21)
r(142,2,3,21)
w(161,5,3,21)
w(153,3,3,21)
r(70,1,3,21)
r(101,2,3,21)
r(167,2,3,21)
w(175,3,3,21)
w(176,2,3,21)
r(495,2,3,21)
r(283,1,3,21)
r(471,1,3,21)
r(323,2,3,21)
r(43,1,3,21)
r(158,1,3,21)
w(168,2,3,21)
r(249,2,3,21)
w(174,2,3,21)
w(227,2,4,22)
w(220,3,4,22)
w(210,2,4,22)
w(227,3,4,22)
w(200,2,4,22)
w(198,2,4,22)
r(293,2,4,22)
w(208,3,4,22)
r(521,1,4,22)
r(77,1,4,22)
w(185,2,4,22)
r(290,1,4,22)
r(223,1,4,22)
w(202,2,4,22)
w(232,2,4,22)
r(447,1,4,22)
r(242,1,4,22)
w(209,2,4,22)
w(192,2,4,22)
r(138,1,4,22)
w(273,2,5,23)
w(257,2,5,23)
r(254,1,5,23)
w(295,2,5,23)
r(416,1,5,23)
w(288,2,5,23)
r(195,1,5,23)
r(26,1,5,23)
r(118,1,5,23)
w(277,2,5,23)
w(268,2,5,23)
r(127,1,5,23)
r(488,1,5,23)
r(175,2,5,23)
w(285,3,5,23)
r(124,2,5,23)
r(307,2,5,23)
r(23,1,5,23)
w(280,4,5,23)
w(261,2,5,23)
r(448,2,6,24)
w(328,2,6,24)
w(314,2,6,24)
w(334,2,6,24)
r(313,1,6,24)
w(302,2,6,24)
w(336,3,6,24)
w(333,3,6,24)
w(338,2,6,24)
w(354,2,6,24)
w(307,3,6,24)
r(406,3,6,24)
w(351,2,6,24)
w(339,2,6,24)
w(309,2,6,24)
r(224,2,6,24)
r(93,1,6,24)
w(326,3,6,24)
r(111,1,6,24)
w(317,2,6,24)
w(408,2,7,25)
w(403,2,7,25)
w(378,2,7,25)
w(364,4,7,25)
w(374,3,7,25)
w(398,2,7,25)
w(390,2,7,25)
w(372,2,7,25)
r(294,1,7,25)
w(368,2,7,25)
r(177,1,7,25)
w(391,4,7,25)
w(411,3,7,25)
r(196,2,7,25)
w(410,2,7,25)
w(398,3,7,25)
r(54,3,7,25)
w(385,2,7,25)
r(212,1,7,25)
w(364,5,7,25)
w(459,2,8,26)
r(142,2,8,26)
r(52,1,8,26)
r(258,1,8,26)
w(426,2,8,26)
w(442,2,8,26)
w(445,3,8,26)
r(487,1,8,26)
r(158,1,8,26)
r(59,1,8,26)
w(445,4,8,26)
r(350,1,8,26)
w(455,2,8,26)
w(459,3,8,26)
w(469,2,8,26)
r(205,3,8,26)
w(436,2,8,26)
r(70,1,8,26)
w(440,2,8,26)
w(445,5,8,26)
r(55,1,9,27)
r(452,1,9,27)
r(4,2,9,27)
w(527,2,9,27)
w(506,3,9,27)
r(100,1,9,27)
r(482,1,9,27)
r(77,1,9,27)
r(215,1,9,27)
r(514,1,9,27)
r(455,1,9,27)
r(128,2,9,27)
r(14,1,9,27)
w(494,2,9,27)
r(99,1,9,27)
r(22,2,9,27)
r(65,1,9,27)
w(506,4,9,27)
r(474,1,9,27)
r(467,1,9,27)
w(14,2,1,28)
w(60,2,1,28)
w(33,4,1,28)
w(42,3,1,28)
r(288,2,1,28)
r(14,2,1,28)
r(352,2,1,28)
w(5,2,1,28)
w(9,2,1,28)
r(127,2,1,28)
r(251,1,1,28)
r(190,1,1,28)
r(486,1,1,28)
r(252,1,1,28)
w(16,3,1,28)
r(117,1,1,28)
w(11,4,1,28)
w(40,2,1,28)
w(54,3,1,28)
r(353,1,1,28)
r(49,2,2,29)
r(196,2,2,29)
w(83,3,2,29)
w(80,2,2,29)
w(84,3,2,29)
w(61,2,2,29)
w(114,2,2,29)
r(159,2,2,29)
w(95,3,2,29)
r(450,3,2,29)
r(227,3,2,29)
r(83,3,2,29)
w(75,2,2,29)
w(95,4,2,29)
r(521,1,2,29)
r(151,1,2,29)
w(76,2,2,29)
w(87,2,2,29)
w(73,2,2,29)
w(78,3,2,29)
w(177,2,3,30)
w(124,3,3,30)
w(170,3,3,30)
r(51,1,3,30)
r(125,2,3,30)
r(429,1,3,30)
r(80,2,3,30)
r(502,1,3,30)
r(253,2,3,30)
w(142,3,3,30)
r(345,2,3,30)
r(201,2,3,30)
r(449,1,3,30)
w(160,2,3,30)
r(286,3,3,30)
r(352,3,3,30)
r(272,2,3,30)
r(225,1,3,30)
w(146,2,3,30)
w(135,2,3,30)
w(229,2,4,31)
r(474,1,4,31)
r(184,1,4,31)
w(207,3,4,31)
r(281,3,4,31)
r(253,1,4,31)
w(229,3,4,31)
w(197,2,4,31)
r(287,1,4,31)
r(508,1,4,31)
r(62,1,4,31)
r(155,2,4,31)
r(58,2,4,31)
r(389,2,4,31)
w(238,2,4,31)
r(251,1,4,31)
r(324,1,4,31)
w(211,2,4,31)
w(189,2,4,31)
r(153,2,4,31)
r(480,1,5,32)
w(264,2,5,32)
r(536,2,5,32)
r(192,1,5,32)
w(261,3,5,32)
w(292,2,5,32)
r(91,3,5,32)
r(456,1,5,32)
r(383,1,5,32)
r(257,2,5,32)
w(300,2,5,32)
w(269,2,5,32)
r(177,1,5,32)
r(509,2,5,32)
w(281,3,5,32)
w(264,3,5,32)
r(187,1,5,32)
w(243,2,5,32)
r(189,1,5,32)
w(277,3,5,32)
w(351,3,6,33)
r(118,1,6,33)
w(341,2,6,33)
w(346,3,6,33)
r(106,1,6,33)
r(250,1,6,33)
r(172,1,6,33)
w(315,2,6,33)
r(411,3,6,33)
w(338,3,6,33)
w(353,2,6,33)
r(441,1,6,33)
w(308,2,6,33)
w(357,2,6,33)
r(520,1,6,33)
r(518,1,6,33)
w(310,3,6,33)
r(88,1,6,33)
r(217,1,6,33)
r(4,2,6,33)
w(401,2,7,34)
r(419,1,7,34)
r(144,1,7,34)
r(467,2,7,34)
w(391,5,7,34)
r(5,2,7,34)
w(402,3,7,34)
w(361,2,7,34)
r(315,2,7,34)
w(372,3,7,34)
r(156,1,7,34)
w(411,4,7,34)
r(185,4,7,34)
w(395,2,7,34)
w(393,2,7,34)
w(389,3,7,34)
w(366,2,7,34)
r(114,2,7,34)
r(355,1,7,34)
w(408,3,7,34)
r(444,1,8,35)
w(432,3,8,35)
r(287,1,8,35)
r(469,2,8,35)
w(435,2,8,35)
w(465,3,8,35)
w(456,2,8,35)
w(445,6,8,35)
r(268,2,8,35)
r(537,1,8,35)
w(447,2,8,35)
w(426,3,8,35)
r(50,1,8,35)
w(458,3,8,35)
r(362,3,8,35)
w(467,2,8,35)
w(428,2,8,35)
r(412,1,8,35)
r(105,1,8,35)
r(501,2,8,35)
w(501,2,9,36)
r(142,2,9,36)
w(529,3,9,36)
w(504,2,9,36)
r(361,1,9,36)
w(494,3,9,36)
w(490,3,9,36)
w(517,3,9,36)
r(452,1,9,36)
r(405,1,9,36)
r(298,1,9,36)
w(510,2,9,36)
r(333,3,9,36)
r(326,3,9,36)
r(354,2,9,36)
w(532,2,9,36)
r(141,2,9,36)
r(146,1,9,36)
r(444,1,9,36)
w(492,2,9,36)
r(45,2,1,37)
w(22,3,1,37)
w(1,2,1,37)
r(405,1,1,37)
r(418,1,1,37)
r(86,1,1,37)
w(53,2,1,37)
w(50,2,1,37)
w(10,4,1,37)
w(58,3,1,37)
w(10,5,1,37)
r(78,3,1,37)
r(495,2,1,37)
w(38,2,1,37)
w(12,2,1,37)
w(19,2,1,37)
r(10,5,1,37)
w(28,3,1,37)
r(176,2,1,37)
r(177,1,1,37)
r(193,1,2,38)
w(108,2,2,38)
r(61,2,2,38)
w(112,2,2,38)
r(75,2,2,38)
r(194,1,2,38)
w(110,2,2,38)
w(84,4,2,38)
r(77,2,2,38)
w(64,3,2,38)
r(37,3,2,38)
r(327,1,2,38)
w(61,3,2,38)
w(94,2,2,38)
w(100,2,2,38)
w(120,5,2,38)
r(110,2,2,38)
r(56,1,2,38)
r(389,2,2,38)
r(358,2,2,38)
w(132,2,3,39)
w(145,4,3,39)
r(6,1,3,39)
w(175,4,3,39)
w(179,2,3,39)
r(390,2,3,39)
r(257,2,3,39)
r(420,1,3,39)
w(177,3,3,39)
r(452,1,3,39)
w(139,2,3,39)
w(146,3,3,39)
r(237,1,3,39)
w(165,2,3,39)
w(167,3,3,39)
w(174,3,3,39)
r(149,1,3,39)
r(376,2,3,39)
w(164,2,3,39)
w(180,3,3,39)
w(187,2,4,40)
r(295,2,4,40)
r(140,1,4,40)
w(185,3,4,40)
w(189,3,4,40)
w(191,4,4,40)
w(182,4,4,40)
w(223,2,4,40)
w(185,4,4,40)
w(181,3,4,40)
r(376,2,4,40)
w(227,4,4,40)
r(188,1,4,40)
r(392,1,4,40)
r(151,1,4,40)
w(201,2,4,40)
r(402,2,4,40)
w(211,3,4,40)
w(204,2,4,40)
r(344,2,4,40)
r(35,2,5,41)
w(297,2,5,41)
r(253,1,5,41)
r(370,1,5,41)
w(253,2,5,41)
r(310,2,5,41)
r(339,2,5,41)
w(251,2,5,41)
w(256,2,5,41)
r(534,1,5,41)
r(69,1,5,41)
r(364,5,5,41)
r(351,2,5,41)
r(269,2,5,41)
r(305,2,5,41)
w(292,3,5,41)
w(286,3,5,41)
r(529,3,5,41)
w(270,2,5,41)
r(427,3,5,41)
r(307,3,6,42)
w(360,3,6,42)
w(322,3,6,42)
w(337,2,6,42)
w(352,3,6,42)
w(349,3,6,42)
r(282,1,6,42)
w(312,2,6,42)
r(422,3,6,42)
w(333,4,6,42)
w(305,3,6,42)
w(359,2,6,42)
w(310,4,6,42)
r(316,2,6,42)
w(317,3,6,42)
r(211,3,6,42)
w(360,4,6,42)
r(110,1,6,42)
r(420,1,6,42)
w(318,2,6,42)
w(371,2,7,43)
w(413,2,7,43)
r(424,1,7,43)
r(191,4,7,43)
w(368,3,7,43)
r(325,1,7,43)
w(378,3,7,43)
r(101,3,7,43)
w(373,2,7,43)
w(394,2,7,43)
r(267,1,7,43)
r(386,1,7,43)
r(110,2,7,43)
r(492,4,7,43)
r(61,3,7,43)
w(406,4,7,43)
r(116,1,7,43)
r(308,2,7,43)
r(66,2,7,43)
r(379,1,7,43)
w(468,3,8,44)
r(262,1,8,44)
r(393,2,8,44)
w(453,2,8,44)
w(436,3,8,44)
w(476,2,8,44)
r(521,1,8,44)
r(188,1,8,44)
r(505,4,8,44)
r(177,2,8,44)
w(430,2,8,44)
w(468,4,8,44)
w(476,3,8,44)
w(437,3,8,44)
r(198,2,8,44)
r(435,2,8,44)
r(148,1,8,44)
w(442,3,8,44)
w(433,2,8,44)
w(427,4,8,44)
r(512,1,9,45)
w(488,2,9,45)
r(492,2,9,45)
w(489,2,9,45)
r(460,2,9,45)
w(510,3,9,45)
w(497,3,9,45)
r(48,1,9,45)
r(471,1,9,45)
w(518,2,9,45)
w(505,4,9,45)
r(52,1,9,45)
w(516,2,9,45)
w(527,3,9,45)
r(325,1,9,45)
r(208,3,9,45)
w(526,2,9,45)
w(492,3,9,45)
w(492,4,9,45)
r(287,1,9,45)
w(37,4,1,46)
r(391,5,1,46)
w(58,4,1,46)
r(363,1,1,46)
r(372,3,1,46)
w(14,3,1,46)
r(422,3,1,46)
r(60,2,1,46)
w(54,4,1,46)
r(346,3,1,46)
w(41,2,1,46)
r(166,1,1,46)
w(10,6,1,46)
w(4,3,1,46)
r(374,3,1,46)
r(51,1,1,46)
w(37,5,1,46)
r(211,3,1,46)
r(378,3,1,46)
r(421,1,1,46)
w(84,5,2,47)
r(176,2,2,47)
w(100,3,2,47)
r(364,5,2,47)
r(100,3,2,47)
r(487,1,2,47)
w(106,2,2,47)
r(418,1,2,47)
w(112,3,2,47)
r(527,3,2,47)
r(350,1,2,47)
r(331,1,2,47)
r(461,1,2,47)
r(485,1,2,47)
w(100,4,2,47)
w(84,6,2,47)
w(114,3,2,47)
r(420,1,2,47)
w(101,3,2,47)
r(467,2,2,47)
r(472,2,3,48)
w(141,3,3,48)
w(125,3,3,48)
w(141,4,3,48)
r(167,3,3,48)
w(156,2,3,48)
r(198,2,3,48)
w(167,4,3,48)
w(177,4,3,48)
r(135,2,3,48)
r(146,3,3,48)
r(494,3,3,48)
w(131,2,3,48)
r(123,1,3,48)
r(133,3,3,48)
r(159,2,3,48)
r(169,1,3,48)
w(168,3,3,48)
w(166,2,3,48)
r(443,2,3,48)
w(218,2,4,49)
r(315,2,4,49)
w(221,2,4,49)
r(333,4,4,49)
w(182,5,4,49)
w(218,3,4,49)
w(221,3,4,49)
w(202,3,4,49)
w(199,2,4,49)
r(357,2,4,49)
w(219,3,4,49)
w(223,3,4,49)
r(178,1,4,49)
r(101,3,4,49)
w(218,4,4,49)
r(319,1,4,49)
r(460,2,4,49)
w(225,2,4,49)
r(508,1,4,49)
r(396,1,4,49)
r(180,2,5,50)
w(259,2,5,50)
r(235,1,5,50)
w(275,2,5,50)
w(268,3,5,50)
r(286,3,5,50)
r(365,2,5,50)
w(268,4,5,50)
r(481,1,5,50)
w(248,2,5,50)
r(155,2,5,50)
r(148,1,5,50)
r(290,1,5,50)
w(281,4,5,50)
r(232,2,5,50)
w(297,3,5,50)
w(249,3,5,50)
r(383,1,5,50)
r(520,1,5,50)
w(284,2,5,50)
w(339,3,6,51)
w(315,3,6,51)
r(492,4,6,51)
w(360,5,6,51)
w(314,3,6,51)
w(301,2,6,51)
r(212,1,6,51)
w(350,2,6,51)
w(321,2,6,51)
w(347,2,6,51)
w(308,3,6,51)
r(191,4,6,51)
r(504,2,6,51)
r(139,1,6,51)
w(306,2,6,51)
w(354,3,6,51)
w(330,2,6,51)
r(506,4,6,51)
r(514,1,6,51)
w(324,2,6,51)
w(412,2,7,52)
w(365,3,7,52)
r(456,2,7,52)
r(4,3,7,52)
r(406,4,7,52)
r(317,3,7,52)
r(236,2,7,52)
r(500,1,7,52)
w(415,4,7,52)
w(419,2,7,52)
r(217,1,7,52)
r(529,3,7,52)
w(380,2,7,52)
r(273,3,7,52)
w(414,2,7,52)
r(495,2,7,52)
w(401,3,7,52)
r(437,3,7,52)
w(364,6,7,52)
r(420,1,7,52)
r(119,2,8,53)
r(381,1,8,53)
w(459,4,8,53)
w(479,2,8,53)
w(472,2,8,53)
r(174,3,8,53)
w(477,2,8,53)
w(470,3,8,53)
r(426,3,8,53)
w(444,2,8,53)
w(445,7,8,53)
w(467,3,8,53)
w(446,4,8,53)
r(505,4,8,53)
w(480,2,8,53)
w(469,3,8,53)
r(6,1,8,53)
r(17,1,8,53)
w(476,4,8,53)
r(494,3,8,53)
w(487,2,9,54)
r(381,1,9,54)
r(363,1,9,54)
r(257,2,9,54)
r(48,1,9,54)
w(493,2,9,54)
w(511,3,9,54)
w(515,3,9,54)
r(327,1,9,54)
w(523,2,9,54)
w(527,4,9,54)
w(485,2,9,54)
r(300,2,9,54)
w(531,4,9,54)
r(193,1,9,54)
r(525,2,9,54)
r(499,2,9,54)
w(518,3,9,54)
r(271,1,9,54)
w(503,3,9,54)
w(57,3,1,55)
r(109,2,1,55)
w(37,6,1,55)
w(30,5,1,55)
r(304,1,1,55)
w(44,3,1,55)
r(64,3,1,55)
r(489,2,1,55)
w(48,2,1,55)
w(20,2,1,55)
w(45,3,1,55)
r(82,3,1,55)
r(187,3,1,55)
r(105,1,1,55)
w(44,4,1,55)
w(20,3,1,55)
w(26,2,1,55)
w(40,3,1,55)
w(15,3,1,55)
r(307,3,1,55)
r(139,2,2,56)
w(100,5,2,56)
w(72,2,2,56)
w(75,3,2,56)
r(355,1,2,56)
r(162,1,2,56)
r(198,2,2,56)
r(331,1,2,56)
r(457,1,2,56)
r(442,3,2,56)
r(389,3,2,56)
w(94,3,2,56)
w(87,3,2,56)
r(441,1,2,56)
w(118,2,2,56)
w(91,4,2,56)
r(409,1,2,56)
r(364,5,2,56)
w(112,4,2,56)
r(43,1,2,56)
w(127,3,3,57)
r(182,5,3,57)
r(343,1,3,57)
w(169,2,3,57)
r(272,3,3,57)
w(123,2,3,57)
r(85,4,3,57)
w(160,3,3,57)
w(121,4,3,57)
r(495,3,3,57)
w(178,2,3,57)
r(360,5,3,57)
w(137,2,3,57)
w(145,5,3,57)
w(138,2,3,57)
r(11,4,3,57)
w(139,3,3,57)
r(245,1,3,57)
r(17,1,3,57)
r(213,2,3,57)
w(181,4,4,58)
w(231,2,4,58)
r(270,2,4,58)
w(199,3,4,58)
w(212,2,4,58)
w(191,5,4,58)
w(209,3,4,58)
r(354,3,4,58)
w(218,5,4,58)
r(220,3,4,58)
r(185,4,4,58)
w(192,3,4,58)
w(187,3,4,58)
w(183,2,4,58)
w(239,2,4,58)
w(206,3,4,58)
w(218,6,4,58)
r(492,4,4,58)
r(129,1,4,58)
w(216,3,4,58)
w(274,2,5,59)
r(380,1,5,59)
w(263,3,5,59)
w(297,4,5,59)
w(253,3,5,59)
r(138,1,5,59)
w(255,3,5,59)
w(282,2,5,59)
r(56,1,5,59)
w(271,2,5,59)
r(265,1,5,59)
r(203,1,5,59)
r(441,1,5,59)
r(150,1,5,59)
w(246,2,5,59)
r(340,2,5,59)
w(300,3,5,59)
w(275,3,5,59)
w(260,2,5,59)
r(25,1,5,59)
w(310,5,6,60)
w(316,3,6,60)
w(342,2,6,60)
w(321,3,6,60)
w(312,3,6,60)
r(45,2,6,60)
r(87,3,6,60)
w(333,5,6,60)
w(335,2,6,60)
r(435,2,6,60)
r(135,2,6,60)
w(305,4,6,60)
r(165,2,6,60)
w(308,4,6,60)
r(386,1,6,60)
w(329,2,6,60)
w(310,6,6,60)
w(309,3,6,60)
w(335,3,6,60)
r(440,2,6,60)
r(175,4,7,61)
r(216,3,7,61)
r(109,3,7,61)
w(398,4,7,61)
r(428,2,7,61)
w(415,5,7,61)
w(376,3,7,61)
w(380,3,7,61)
r(508,1,7,61)
r(382,3,7,61)
w(398,5,7,61)
w(413,3,7,61)
w(372,4,7,61)
r(515,3,7,61)
r(214,1,7,61)
r(114,3,7,61)
r(127,2,7,61)
w(403,3,7,61)
w(416,2,7,61)
w(362,4,7,61)
r(339,3,8,62)
r(402,3,8,62)
w(453,3,8,62)
r(102,1,8,62)
r(113,1,8,62)
r(280,4,8,62)
r(205,3,8,62)
r(442,3,8,62)
w(464,3,8,62)
r(511,3,8,62)
r(246,2,8,62)
r(182,5,8,62)
r(209,3,8,62)
r(73,2,8,62)
w(440,3,8,62)
r(520,1,8,62)
w(458,4,8,62)
w(444,3,8,62)
r(373,2,8,62)
w(460,3,8,62)
r(483,2,9,63)
w(488,3,9,63)
w(528,2,9,63)
r(141,2,9,63)
r(330,2,9,63)
w(538,2,9,63)
w(503,4,9,63)
w(510,4,9,63)
w(507,3,9,63)
r(200,2,9,63)
r(422,3,9,63)
w(512,2,9,63)
r(498,1,9,63)
w(486,2,9,63)
w(525,3,9,63)
r(364,5,9,63)
w(517,4,9,63)
w(506,5,9,63)
r(353,2,9,63)
w(535,2,9,63)
w(6,2,1,64)
r(259,2,1,64)
r(411,4,1,64)
w(37,7,1,64)
w(24,3,1,64)
w(2,2,1,64)
w(48,3,1,64)
w(44,5,1,64)
r(358,2,1,64)
w(29,2,1,64)
r(434,1,1,64)
w(42,4,1,64)
r(172,1,1,64)
w(1,3,1,64)
w(48,4,1,64)
r(290,1,1,64)
r(297,4,1,64)
r(355,1,1,64)
r(60,2,1,64)
r(188,1,1,64)
w(117,3,2,65)
w(111,4,2,65)
r(286,4,2,65)
r(255,3,2,65)
r(495,2,2,65)
w(68,4,2,65)
r(307,3,2,65)
r(94,3,2,65)
r(525,3,2,65)
w(85,4,2,65)
w(61,4,2,65)
w(103,2,2,65)
r(421,1,2,65)
w(104,2,2,65)
r(190,1,2,65)
w(84,7,2,65)
w(66,3,2,65)
w(63,2,2,65)
w(70,2,2,65)
w(109,3,2,65)
r(1,3,3,66)
w(156,3,3,66)
w(121,5,3,66)
r(513,1,3,66)
r(197,2,3,66)
r(442,3,3,66)
w(124,4,3,66)
w(160,4,3,66)
w(180,4,3,66)
r(503,4,3,66)
r(386,1,3,66)
w(159,3,3,66)
r(205,3,3,66)
w(152,2,3,66)
r(96,1,3,66)
w(152,3,3,66)
r(406,4,3,66)
w(154,2,3,66)
r(20,3,3,66)
r(289,2,3,66)
r(406,4,4,67)
w(213,2,4,67)
w(206,4,4,67)
w(230,2,4,67)
r(367,1,4,67)
w(196,3,4,67)
r(173,3,4,67)
r(250,1,4,67)
r(456,2,4,67)
r(518,3,4,67)
w(198,3,4,67)
r(90,1,4,67)
r(316,3,4,67)
r(65,1,4,67)
r(186,1,4,67)
r(313,1,4,67)
w(206,5,4,67)
w(222,2,4,67)
r(248,2,4,67)
w(221,4,4,67)
w(244,3,5,68)
w(276,2,5,68)
w(276,3,5,68)
w(263,4,5,68)
r(177,3,5,68)
w(289,2,5,68)
w(272,3,5,68)
w(274,3,5,68)
r(153,3,5,68)
r(69,1,5,68)
w(257,3,5,68)
w(243,3,5,68)
w(281,5,5,68)
w(291,2,5,68)
r(186,1,5,68)
w(286,4,5,68)
r(140,1,5,68)
w(273,3,5,68)
w(260,3,5,68)
r(50,2,5,68)
w(341,3,6,69)
w(313,2,6,69)
w(304,3,6,69)
r(297,4,6,69)
w(306,3,6,69)
w(322,5,6,69)
r(181,4,6,69)
w(356,2,6,69)
w(354,5,6,69)
w(360,7,6,69)
r(84,7,6,69)
w(343,2,6,69)
r(438,1,6,69)
w(304,4,6,69)
w(302,3,6,69)
r(320,1,6,69)
r(34,1,6,69)
w(318,3,6,69)
w(348,2,6,69)
w(320,3,6,69)
w(396,2,7,70)
w(379,2,7,70)
r(288,2,7,70)
r(173,3,7,70)
w(387,5,7,70)
r(258,1,7,70)
w(393,3,7,70)
r(312,3,7,70)
w(419,3,7,70)
w(375,2,7,70)
r(533,1,7,70)
r(353,2,7,70)
r(252,1,7,70)
r(177,4,7,70)
r(347,2,7,70)
w(381,2,7,70)
r(483,3,7,70)
r(487,3,7,70)
r(194,1,7,70)
r(346,3,7,70)
w(436,4,8,71)
r(158,1,8,71)
r(109,3,8,71)
r(296,1,8,71)
r(415,5,8,71)
r(147,1,8,71)
r(91,4,8,71)
w(466,2,8,71)
r(34,1,8,71)
w(435,3,8,71)
r(181,4,8,71)
w(455,3,8,71)
w(422,4,8,71)
r(532,2,8,71)
w(429,2,8,71)
r(413,3,8,71)
w(454,2,8,71)
w(453,4,8,71)
w(463,3,8,71)
w(437,4,8,71)
w(489,3,9,72)
w(483,3,9,72)
w(526,3,9,72)
w(537,2,9,72)
w(487,3,9,72)
r(16,3,9,72)
r(321,3,9,72)
w(528,3,9,72)
w(501,3,9,72)
w(494,4,9,72)
r(165,2,9,72)
w(484,2,9,72)
w(495,3,9,72)
r(262,1,9,72)
r(444,2,9,72)
r(299,1,9,72)
w(498,2,9,72)
r(17,1,9,72)
w(485,3,9,72)
w(505,5,9,72)
w(43,2,1,73)
w(5,3,1,73)
r(457,1,1,73)
r(340,2,1,73)
r(386,1,1,73)
r(125,3,1,73)
r(217,1,1,73)
w(1,4,1,73)
r(367,1,1,73)
w(18,2,1,73)
w(29,3,1,73)
w(48,5,1,73)
r(265,1,1,73)
r(285,4,1,73)
w(13,2,1,73)
r(142,3,1,73)
w(34,2,1,73)
w(1,5,1,73)
r(313,2,1,73)
r(51,1,1,73)
w(85,5,2,74)
w(65,2,2,74)
r(522,1,2,74)
r(234,1,2,74)
w(75,4,2,74)
w(85,6,2,74)
w(90,2,2,74)
w(114,4,2,74)
w(106,3,2,74)
r(144,1,2,74)
w(64,4,2,74)
w(87,4,2,74)
r(516,2,2,74)
w(75,5,2,74)
r(314,3,2,74)
w(111,5,2,74)
w(102,2,2,74)
r(485,3,2,74)
r(475,1,2,74)
r(182,5,2,74)
r(396,2,3,75)
r(22,3,3,75)
r(174,3,3,75)
r(286,4,3,75)
r(473,1,3,75)
r(483,4,3,75)
r(383,1,3,75)
w(147,2,3,75)
r(314,3,3,75)
w(132,3,3,75)
r(42,4,3,75)
r(487,3,3,75)
r(150,1,3,75)
w(127,5,3,75)
r(300,4,3,75)
w(130,2,3,75)
w(178,5,3,75)
w(152,4,3,75)
w(164,3,3,75)
w(136,2,3,75)
w(223,4,4,76)
r(344,2,4,76)
w(233,2,4,76)
w(186,2,4,76)
w(192,4,4,76)
r(359,2,4,76)
r(272,3,4,76)
w(235,2,4,76)
w(208,4,4,76)
w(190,2,4,76)
r(84,7,4,76)
r(284,3,4,76)
r(241,2,4,76)
w(234,2,4,76)
w(231,3,4,76)
r(211,3,4,76)
r(135,2,4,76)
r(69,1,4,76)
r(49,2,4,76)
r(287,1,4,76)
w(255,4,5,77)
w(275,4,5,77)
r(348,1,5,77)
r(194,1,5,77)
w(274,4,5,77)
w(285,4,5,77)
r(337,2,5,77)
r(483,3,5,77)
w(300,4,5,77)
w(284,3,5,77)
r(326,3,5,77)
r(405,1,5,77)
r(97,1,5,77)
w(274,5,5,77)
w(292,4,5,77)
r(391,5,5,77)
w(254,2,5,77)
r(70,2,5,77)
w(242,2,5,77)
r(80,2,5,77)
w(307,5,6,78)
r(517,5,6,78)
r(429,2,6,78)
w(339,4,6,78)
w(354,6,6,78)
w(355,2,6,78)
r(518,4,6,78)
w(303,2,6,78)
w(352,4,6,78)
r(173,3,6,78)
r(493,2,6,78)
w(315,4,6,78)
r(24,3,6,78)
r(33,4,6,78)
r(45,3,6,78)
r(42,4,6,78)
w(348,3,6,78)
r(339,4,6,78)
r(538,2,6,78)
r(508,1,6,78)
w(380,4,7,79)
r(107,1,7,79)
r(173,3,7,79)
r(489,3,7,79)
r(448,2,7,79)
w(413,4,7,79)
r(453,4,7,79)
w(377,4,7,79)
w(392,2,7,79)
r(261,3,7,79)
w(409,2,7,79)
w(364,7,7,79)
r(156,3,7,79)
w(371,3,7,79)
r(24,3,7,79)
w(404,2,7,79)
r(538,2,7,79)
w(392,3,7,79)
r(299,1,7,79)
w(362,5,7,79)
w(468,5,8,80)
w(442,4,8,80)
r(452,1,8,80)
w(430,3,8,80)
r(149,1,8,80)
w(426,4,8,80)
r(522,2,8,80)
w(436,5,8,80)
r(31,2,8,80)
r(7,2,8,80)
w(424,2,8,80)
w(477,3,8,80)
r(358,2,8,80)
w(438,2,8,80)
r(262,1,8,80)
r(221,4,8,80)
r(290,1,8,80)
w(450,4,8,80)
r(363,1,8,80)
r(68,4,8,80)
r(462,1,9,81)
w(518,4,9,81)
r(343,1,9,81)
w(523,3,9,81)
r(5,2,9,81)
r(82,3,9,81)
r(380,3,9,81)
r(439,1,9,81)
r(224,2,9,81)
r(398,5,9,81)
w(490,4,9,81)
w(513,2,9,81)
w(522,2,9,81)
r(134,2,9,81)
r(411,4,9,81)
w(497,4,9,81)
r(213,2,9,81)
w(517,5,9,81)
w(536,3,9,81)
w(515,4,9,81)
r(149,1,1,82)
w(41,3,1,82)
r(69,1,1,82)
r(31,2,1,82)
r(282,2,1,82)
w(17,2,1,82)
w(44,6,1,82)
r(88,1,1,82)
w(50,3,1,82)
w(38,3,1,82)
r(57,3,1,82)
r(425,2,1,82)
r(75,5,1,82)
w(4,4,1,82)
w(41,4,1,82)
r(111,5,1,82)
w(30,6,1,82)
w(4,5,1,82)
w(6,3,1,82)
w(25,2,1,82)
w(103,3,2,83)
w(118,3,2,83)
r(240,1,2,83)
r(420,1,2,83)
r(128,2,2,83)
w(117,4,2,83)
r(505,5,2,83)
w(61,5,2,83)
w(103,4,2,83)
r(4,3,2,83)
r(326,3,2,83)
w(67,2,2,83)
r(331,1,2,83)
r(352,3,2,83)
r(376,3,2,83)
w(96,2,2,83)
r(82,3,2,83)
r(230,2,2,83)
w(82,4,2,83)
r(312,3,2,83)
w(130,3,3,84)
w(175,5,3,84)
w(149,2,3,84)
r(166,2,3,84)
r(426,6,3,84)
r(401,3,3,84)
r(27,3,3,84)
w(158,2,3,84)
r(127,5,3,84)
r(329,2,3,84)
w(136,3,3,84)
w(171,2,3,84)
r(453,6,3,84)
w(171,3,3,84)
r(314,3,3,84)
w(169,3,3,84)
r(179,2,3,84)
r(367,1,3,84)
w(164,4,3,84)
w(141,5,3,84)
r(297,4,4,85)
w(238,3,4,85)
r(446,4,4,85)
r(316,3,4,85)
r(254,3,4,85)
w(205,4,4,85)
w(195,4,4,85)
r(528,3,4,85)
w(204,3,4,85)
r(258,1,4,85)
w(239,3,4,85)
r(254,3,4,85)
r(300,5,4,85)
r(135,2,4,85)
r(65,2,4,85)
w(195,5,4,85)
w(206,6,4,85)
r(393,3,4,85)
r(70,3,4,85)
w(217,4,4,85)
w(260,4,5,86)
r(262,1,5,86)
w(280,5,5,86)
w(249,4,5,86)
w(256,3,5,86)
r(168,3,5,86)
w(295,3,5,86)
r(271,2,5,86)
r(493,2,5,86)
w(291,3,5,86)
r(8,2,5,86)
r(481,1,5,86)
r(379,1,5,86)
w(294,2,5,86)
w(244,4,5,86)
r(295,3,5,86)
r(313,1,5,86)
w(270,3,5,86)
r(30,5,5,86)
r(382,3,5,86)
w(308,5,6,87)
w(346,4,6,87)
r(26,3,6,87)
r(41,4,6,87)
r(135,2,6,87)
r(306,3,6,87)
w(309,4,6,87)
w(359,3,6,87)
w(313,3,6,87)
w(338,4,6,87)
w(324,3,6,87)
r(15,3,6,87)
w(344,3,6,87)
r(242,2,6,87)
w(318,4,6,87)
w(323,3,6,87)
r(436,6,6,87)
w(334,4,6,87)
w(335,4,6,87)
r(281,6,6,87)
w(394,3,7,88)
r(522,2,7,88)
r(32,2,7,88)
r(404,2,7,88)
w(415,6,7,88)
w(410,3,7,88)
r(426,6,7,88)
r(515,4,7,88)
r(396,2,7,88)
w(387,6,7,88)
w(388,2,7,88)
r(48,5,7,88)
r(136,3,7,88)
r(328,2,7,88)
w(371,4,7,88)
r(505,6,7,88)
w(385,3,7,88)
w(363,2,7,88)
w(363,3,7,88)
w(372,5,7,88)
r(324,2,8,89)
r(101,3,8,89)
w(453,5,8,89)
r(351,3,8,89)
w(424,3,8,89)
w(426,5,8,89)
w(479,3,8,89)
r(359,2,8,89)
r(287,1,8,89)
w(428,3,8,89)
r(72,2,8,89)
r(76,2,8,89)
w(474,2,8,89)
w(461,2,8,89)
w(425,3,8,89)
w(439,2,8,89)
r(432,3,8,89)
w(475,2,8,89)
w(460,4,8,89)
w(449,2,8,89)
w(509,3,9,90)
w(486,3,9,90)
r(347,2,9,90)
r(229,3,9,90)
w(512,3,9,90)
w(490,5,9,90)
w(531,5,9,90)
r(244,4,9,90)
r(186,2,9,90)
r(289,2,9,90)
r(426,4,9,90)
r(60,2,9,90)
r(96,1,9,90)
w(497,5,9,90)
r(456,2,9,90)
r(220,3,9,90)
w(488,4,9,90)
r(373,2,9,90)
r(90,2,9,90)
w(496,2,9,90)
r(284,3,1,91)
r(407,2,1,91)
r(21,2,1,91)
w(39,3,1,91)
r(328,2,1,91)
r(233,2,1,91)
w(33,5,1,91)
w(31,3,1,91)
r(476,4,1,91)
r(458,4,1,91)
w(26,3,1,91)
r(284,3,1,91)
r(179,2,1,91)
r(278,1,1,91)
r(209,3,1,91)
w(47,3,1,91)
w(28,4,1,91)
w(5,4,1,91)
r(171,1,1,91)
r(402,3,1,91)
w(67,3,2,92)
w(109,4,2,92)
w(85,7,2,92)
w(77,3,2,92)
w(72,3,2,92)
r(157,1,2,92)
r(325,1,2,92)
w(72,4,2,92)
w(95,5,2,92)
w(76,3,2,92)
r(57,3,2,92)
r(510,4,2,92)
r(435,3,2,92)
w(73,3,2,92)
r(302,3,2,92)
w(78,4,2,92)
r(48,5,2,92)
w(61,6,2,92)
w(73,4,2,92)
r(220,3,2,92)
r(371,4,3,93)
w(154,3,3,93)
r(335,4,3,93)
r(327,1,3,93)
w(142,5,3,93)
r(59,1,3,93)
r(280,5,3,93)
r(126,1,3,93)
r(374,3,3,93)
r(499,2,3,93)
w(166,4,3,93)
r(425,3,3,93)
r(303,2,3,93)
w(168,4,3,93)
r(405,1,3,93)
r(293,2,3,93)
w(148,2,3,93)
r(45,3,3,93)
r(475,3,3,93)
r(385,3,3,93)
r(73,4,4,94)
r(55,2,4,94)
r(385,3,4,94)
w(210,3,4,94)
r(313,3,4,94)
r(274,6,4,94)
r(377,4,4,94)
r(504,2,4,94)
w(232,5,4,94)
w(181,7,4,94)
w(188,3,4,94)
r(434,1,4,94)
r(356,2,4,94)
r(6,3,4,94)
w(190,3,4,94)
r(359,4,4,94)
w(226,2,4,94)
w(227,7,4,94)
w(186,3,4,94)
r(479,4,4,94)
r(36,1,5,95)
r(328,2,5,95)
w(295,4,5,95)
r(230,2,5,95)
r(73,2,5,95)
r(77,2,5,95)
r(228,1,5,95)
w(295,5,5,95)
r(98,2,5,95)
r(332,1,5,95)
r(407,2,5,95)
r(90,2,5,95)
r(160,4,5,95)
w(281,6,5,95)
w(245,2,5,95)
r(65,2,5,95)
w(266,2,5,95)
r(172,1,5,95)
w(249,5,5,95)
w(298,2,5,95)
w(332,2,6,96)
w(345,3,6,96)
w(336,4,6,96)
w(323,4,6,96)
r(520,1,6,96)
w(334,5,6,96)
w(328,3,6,96)
r(234,2,6,96)
w(321,4,6,96)
w(348,4,6,96)
w(323,5,6,96)
r(510,5,6,96)
r(423,2,6,96)
r(143,1,6,96)
r(225,2,6,96)
w(323,6,6,96)
r(161,5,6,96)
r(389,3,6,96)
r(117,4,6,96)
r(527,5,6,96)
r(458,5,7,97)
w(393,4,7,97)
w(376,4,7,97)
w(367,2,7,97)
r(332,2,7,97)
w(364,8,7,97)
w(397,2,7,97)
w(415,7,7,97)
w(392,4,7,97)
r(19,2,7,97)
w(379,3,7,97)
r(444,4,7,97)
w(391,6,7,97)
r(424,3,7,97)
r(451,1,7,97)
r(405,1,7,97)
w(375,3,7,97)
w(420,2,7,97)
r(392,4,7,97)
w(420,3,7,97)
w(452,2,8,98)
r(36,1,8,98)
r(122,2,8,98)
r(524,1,8,98)
w(442,5,8,98)
w(452,3,8,98)
w(473,2,8,98)
w(444,4,8,98)
r(247,2,8,98)
w(449,3,8,98)
w(477,4,8,98)
w(478,3,8,98)
w(453,6,8,98)
w(426,6,8,98)
w(440,4,8,98)
w(436,6,8,98)
r(537,2,8,98)
r(528,3,8,98)
r(131,2,8,98)
w(472,3,8,98)
w(516,3,9,99)
w(490,6,9,99)
w(483,4,9,99)
w(489,4,9,99)
r(391,5,9,99)
w(492,5,9,99)
r(482,1,9,99)
w(529,4,9,99)
r(97,1,9,99)
r(458,4,9,99)
w(517,6,9,99)
r(188,1,9,99)
r(283,1,9,99)
w(489,5,9,99)
w(502,2,9,99)
r(450,4,9,99)
w(495,4,9,99)
r(438,2,9,99)
r(129,1,9,99)
r(56,1,9,99)
r(497,5,1,100)
w(41,5,1,100)
w(55,2,1,100)
w(31,4,1,100)
r(221,4,1,100)
r(431,1,1,100)
r(206,5,1,100)
w(33,6,1,100)
r(458,4,1,100)
r(112,4,1,100)
r(4,5,1,100)
r(13,2,1,100)
w(17,3,1,100)
r(215,1,1,100)
r(398,5,1,100)
w(32,2,1,100)
r(316,3,1,100)
r(455,3,1,100)
w(51,2,1,100)
w(49,3,1,100)
w(120,6,2,101)
w(108,3,2,101)
w(77,4,2,101)
r(319,1,2,101)
r(116,1,2,101)
r(319,1,2,101)
r(518,4,2,101)
r(468,5,2,101)
r(226,1,2,101)
r(177,4,2,101)
r(468,5,2,101)
r(50,3,2,101)
w(70,3,2,101)
w(93,2,2,101)
r(436,7,2,101)
w(100,6,2,101)
r(449,4,2,101)
r(180,4,2,101)
r(442,5,2,101)
w(62,2,2,101)
w(134,3,3,102)
r(523,3,3,102)
r(122,2,3,102)
w(172,2,3,102)
w(174,4,3,102)
w(177,5,3,102)
w(139,4,3,102)
r(415,7,3,102)
w(121,6,3,102)
r(509,3,3,102)
w(161,6,3,102)
w(124,5,3,102)
r(366,2,3,102)
w(151,2,3,102)
w(166,5,3,102)
w(129,2,3,102)
w(140,2,3,102)
w(147,3,3,102)
w(133,4,3,102)
r(442,5,3,102)
r(127,6,4,103)
w(198,4,4,103)
r(192,4,4,103)
w(214,3,4,103)
r(11,4,4,103)
w(239,4,4,103)
w(183,3,4,103)
w(197,3,4,103)
w(238,4,4,103)
r(377,4,4,103)
w(213,3,4,103)
r(265,4,4,103)
r(526,4,4,103)
r(407,2,4,103)
w(212,4,4,103)
r(529,6,4,103)
r(244,5,4,103)
r(225,2,4,103)
r(68,4,4,103)
w(230,4,4,103)
r(46,1,5,104)
w(288,3,5,104)
w(292,5,5,104)
w(246,3,5,104)
w(290,2,5,104)
w(243,4,5,104)
w(251,3,5,104)
w(288,4,5,104)
w(276,4,5,104)
w(254,3,5,104)
r(54,4,5,104)
r(235,2,5,104)
r(47,2,5,104)
r(205,3,5,104)
w(268,5,5,104)
r(195,1,5,104)
r(272,3,5,104)
r(396,2,5,104)
w(273,4,5,104)
r(18,2,5,104)
r(383,1,6,105)
r(439,2,6,105)
w(359,4,6,105)
w(355,3,6,105)
w(351,4,6,105)
r(307,5,6,105)
r(271,2,6,105)
r(267,1,6,105)
w(315,5,6,105)
w(323,7,6,105)
w(305,5,6,105)
r(275,4,6,105)
w(328,4,6,105)
r(319,1,6,105)
w(342,3,6,105)
w(338,5,6,105)
w(309,5,6,105)
r(189,3,6,105)
r(384,1,6,105)
w(326,4,6,105)
w(404,3,7,106)
w(408,4,7,106)
r(362,5,7,106)
r(356,2,7,106)
w(361,3,7,106)
r(306,4,7,106)
r(393,4,7,106)
r(279,1,7,106)
w(372,6,7,106)
r(50,3,7,106)
r(299,1,7,106)
r(430,4,7,106)
w(414,3,7,106)
r(399,1,7,106)
w(373,3,7,106)
r(127,5,7,106)
r(385,3,7,106)
r(282,2,7,106)
r(231,3,7,106)
r(527,5,7,106)
w(436,7,8,107)
w(455,4,8,107)
w(437,5,8,107)
w(455,5,8,107)
r(536,3,8,107)
w(433,3,8,107)
w(427,5,8,107)
w(447,3,8,107)
w(449,4,8,107)
r(16,3,8,107)
w(475,3,8,107)
w(447,4,8,107)
w(458,5,8,107)
w(460,5,8,107)
w(448,3,8,107)
r(167,4,8,107)
w(474,3,8,107)
w(423,2,8,107)
r(90,2,8,107)
r(389,3,8,107)
r(293,2,9,108)
w(514,2,9,108)
w(527,5,9,108)
w(496,3,9,108)
r(166,2,9,108)
r(503,4,9,108)
r(166,2,9,108)
r(157,1,9,108)
r(353,2,9,108)
w(537,3,9,108)
w(510,5,9,108)
w(505,6,9,108)
r(227,4,9,108)
w(526,4,9,108)
r(376,3,9,108)
w(488,5,9,108)
r(87,4,9,108)
r(133,3,9,108)
r(535,2,9,108)
w(517,7,9,108)
r(173,3,1,109)
w(49,4,1,109)
r(16,3,1,109)
r(377,4,1,109)
w(34,3,1,109)
w(49,5,1,109)
w(57,4,1,109)
r(59,1,1,109)
w(7,3,1,109)
r(41,5,1,109)
w(10,7,1,109)
r(78,4,1,109)
w(8,3,1,109)
w(44,7,1,109)
r(60,2,1,109)
w(48,6,1,109)
w(60,3,1,109)
w(40,4,1,109)
r(484,2,1,109)
r(134,2,1,109)
r(207,3,2,110)
w(65,5,2,110)
w(89,2,2,110)
w(109,5,2,110)
r(182,5,2,110)
w(65,6,2,110)
r(178,5,2,110)
w(61,7,2,110)
w(104,3,2,110)
r(73,4,2,110)
w(102,3,2,110)
w(67,4,2,110)
w(120,7,2,110)
r(65,6,2,110)
r(110,2,2,110)
w(69,2,2,110)
w(98,3,2,110)
w(96,3,2,110)
w(83,4,2,110)
w(76,4,2,110)
w(157,2,3,111)
r(481,1,3,111)
w(130,4,3,111)
r(385,3,3,111)
w(138,4,3,111)
r(129,2,3,111)
w(137,3,3,111)
w(127,6,3,111)
r(404,3,3,111)
w(163,3,3,111)
w(152,5,3,111)
r(194,1,3,111)
w(140,3,3,111)
w(132,4,3,111)
w(129,3,3,111)
r(39,5,3,111)
r(230,2,3,111)
w(153,4,3,111)
r(104,4,3,111)
w(122,3,3,111)
r(525,6,4,112)
w(202,5,4,112)
w(225,4,4,112)
r(3,1,4,112)
r(5,6,4,112)
r(516,4,4,112)
r(53,3,4,112)
w(225,5,4,112)
r(405,1,4,112)
w(197,4,4,112)
w(181,9,4,112)
w(186,5,4,112)
r(109,6,4,112)
r(396,5,4,112)
r(257,4,4,112)
r(420,3,4,112)
w(182,7,4,112)
r(103,4,4,112)
r(260,4,4,112)
w(201,4,4,112)
w(262,2,5,113)
w(269,3,5,113)
w(265,2,5,113)
w(281,7,5,113)
w(281,8,5,113)
r(274,5,5,113)
r(312,3,5,113)
w(241,3,5,113)
r(443,2,5,113)
r(282,2,5,113)
r(141,4,5,113)
w(284,4,5,113)
r(280,5,5,113)
w(277,4,5,113)
r(46,1,5,113)
w(290,3,5,113)
r(228,1,5,113)
w(300,5,5,113)
r(289,2,5,113)
w(298,3,5,113)
r(427,5,6,114)
w(330,3,6,114)
r(3,1,6,114)
r(96,3,6,114)
w(320,4,6,114)
r(425,3,6,114)
w(326,5,6,114)
r(378,3,6,114)
w(358,3,6,114)
w(309,6,6,114)
w(333,6,6,114)
w(319,2,6,114)
r(59,1,6,114)
w(326,6,6,114)
r(76,4,6,114)
w(342,4,6,114)
w(306,4,6,114)
r(438,2,6,114)
r(487,3,6,114)
w(350,3,6,114)
w(419,4,7,115)
r(221,4,7,115)
r(383,1,7,115)
w(413,5,7,115)
w(382,4,7,115)
w(391,7,7,115)
w(396,3,7,115)
r(429,3,7,115)
r(530,2,7,115)
w(364,9,7,115)
r(173,3,7,115)
w(408,5,7,115)
r(158,2,7,115)
w(408,6,7,115)
r(154,3,7,115)
r(84,7,7,115)
r(356,2,7,115)
w(376,5,7,115)
w(404,4,7,115)
w(371,5,7,115)
w(471,2,8,116)
w(431,2,8,116)
w(428,4,8,116)
w(433,4,8,116)
w(479,4,8,116)
r(535,2,8,116)
r(5,4,8,116)
w(467,4,8,116)
r(469,3,8,116)
r(259,2,8,116)
r(528,4,8,116)
r(286,4,8,116)
w(437,6,8,116)
w(454,3,8,116)
w(469,4,8,116)
r(404,2,8,116)
r(533,1,8,116)
r(408,3,8,116)
r(178,5,8,116)
w(478,4,8,116)
r(128,2,9,117)
r(241,3,9,117)
r(250,1,9,117)
w(525,4,9,117)
r(449,4,9,117)
r(193,1,9,117)
r(468,5,9,117)
r(503,4,9,117)
r(101,3,9,117)
r(404,2,9,117)
w(540,2,9,117)
w(491,2,9,117)
r(9,2,9,117)
r(218,6,9,117)
r(264,3,9,117)
w(511,4,9,117)
r(230,2,9,117)
r(132,3,9,117)
w(537,4,9,117)
w(528,4,9,117)
w(16,4,1,118)
r(514,2,1,118)
r(86,1,1,118)
r(179,2,1,118)
r(25,2,1,118)
r(497,5,1,118)
r(268,5,1,118)
r(258,2,1,118)
r(372,5,1,118)
r(91,4,1,118)
r(329,2,1,118)
w(5,5,1,118)
r(395,2,1,118)
r(504,2,1,118)
r(512,3,1,118)
w(52,2,1,118)
w(49,6,1,118)
w(21,3,1,118)
r(94,3,1,118)
w(33,7,1,118)
w(98,4,2,119)
r(35,2,2,119)
w(120,8,2,119)
r(181,4,2,119)
r(251,3,2,119)
r(430,3,2,119)
r(128,2,2,119)
w(65,7,2,119)
r(424,3,2,119)
w(88,2,2,119)
w(102,4,2,119)
r(415,7,2,119)
r(180,4,2,119)
r(360,7,2,119)
w(114,5,2,119)
w(104,4,2,119)
w(70,4,2,119)
r(452,3,2,119)
r(145,5,2,119)
r(91,4,2,119)
r(537,4,3,120)
w(134,4,3,120)
w(171,4,3,120)
r(422,5,3,120)
r(49,6,3,120)
w(141,6,3,120)
r(270,4,3,120)
w(133,5,3,120)
r(376,5,3,120)
w(135,3,3,120)
w(125,4,3,120)
r(49,6,3,120)
w(140,4,3,120)
w(132,5,3,120)
w(172,3,3,120)
w(144,2,3,120)
w(149,3,3,120)
r(193,1,3,120)
r(404,4,3,120)
w(126,2,3,120)
w(194,3,4,121)
r(282,3,4,121)
w(213,4,4,121)
w(185,6,4,121)
r(394,3,4,121)
w(217,5,4,121)
w(194,4,4,121)
r(32,2,4,121)
w(206,7,4,121)
r(173,5,4,121)
r(436,8,4,121)
w(228,2,4,121)
w(226,4,4,121)
w(236,3,4,121)
r(336,5,4,121)
r(236,3,4,121)
r(489,6,4,121)
w(193,2,4,121)
w(182,8,4,121)
w(215,4,4,121)
r(298,3,5,122)
r(525,4,5,122)
w(272,4,5,122)
r(154,2,5,122)
r(110,2,5,122)
w(246,4,5,122)
w(285,5,5,122)
w(290,4,5,122)
r(106,3,5,122)
r(270,3,5,122)
w(288,5,5,122)
r(104,2,5,122)
r(167,4,5,122)
w(258,2,5,122)
w(270,4,5,122)
r(515,4,5,122)
r(518,4,5,122)
r(416,2,5,122)
w(255,5,5,122)
w(246,5,5,122)
w(339,5,6,123)
w(335,5,6,123)
w(329,3,6,123)
r(46,1,6,123)
w(352,5,6,123)
w(308,6,6,123)
r(376,4,6,123)
w(322,6,6,123)
w(353,3,6,123)
r(417,1,6,123)
w(325,2,6,123)
w(351,5,6,123)
r(417,1,6,123)
w(311,3,6,123)
r(19,2,6,123)
w(323,8,6,123)
r(71,2,6,123)
w(312,4,6,123)
w(335,6,6,123)
w(335,7,6,123)
r(300,6,7,124)
w(396,4,7,124)
r(139,4,7,124)
r(402,3,7,124)
r(149,3,7,124)
w(401,4,7,124)
r(442,5,7,124)
r(126,2,7,124)
r(521,2,7,124)
r(161,6,7,124)
r(128,2,7,124)
r(78,4,7,124)
r(506,5,7,124)
w(396,5,7,124)
r(511,4,7,124)
r(376,5,7,124)
r(327,1,7,124)
w(416,3,7,124)
w(389,4,7,124)
w(375,4,7,124)
r(443,2,8,125)
r(512,3,8,125)
w(431,3,8,125)
r(64,4,8,125)
w(471,3,8,125)
r(367,2,8,125)
w(450,5,8,125)
r(355,3,8,125)
w(427,6,8,125)
w(432,4,8,125)
w(447,5,8,125)
r(508,1,8,125)
r(44,7,8,125)
w(464,4,8,125)
r(45,3,8,125)
w(429,3,8,125)
w(454,4,8,125)
w(430,4,8,125)
w(463,4,8,125)
r(446,4,8,125)
w(524,2,9,126)
w(507,4,9,126)
w(517,8,9,126)
r(294,2,9,126)
w(493,3,9,126)
r(312,3,9,126)
r(70,3,9,126)
w(529,5,9,126)
w(483,5,9,126)
w(535,3,9,126)
r(52,1,9,126)
w(532,3,9,126)
w(513,3,9,126)
r(506,5,9,126)
r(521,1,9,126)
r(483,5,9,126)
w(534,2,9,126)
w(518,5,9,126)
r(58,4,9,126)
r(18,2,9,126)
r(208,4,1,127)
r(180,4,1,127)
r(423,2,1,127)
w(31,5,1,127)
w(38,4,1,127)
w(44,8,1,127)
r(452,3,1,127)
w(9,3,1,127)
r(519,1,1,127)
w(39,4,1,127)
r(511,4,1,127)
r(105,1,1,127)
r(379,3,1,127)
w(39,5,1,127)
r(63,2,1,127)
r(439,2,1,127)
r(498,2,1,127)
r(141,5,1,127)
w(8,4,1,127)
w(57,5,1,127)
r(381,2,2,128)
r(500,1,2,128)
w(100,7,2,128)
w(118,4,2,128)
w(112,5,2,128)
r(68,4,2,128)
w(99,2,2,128)
r(185,4,2,128)
w(90,3,2,128)
r(250,1,2,128)
w(114,6,2,128)
w(74,3,2,128)
r(142,5,2,128)
r(401,3,2,128)
w(101,4,2,128)
r(311,3,2,128)
w(101,5,2,128)
r(227,7,2,128)
w(83,5,2,128)
r(215,1,2,128)
w(155,3,3,129)
w(168,5,3,129)
r(355,4,3,129)
w(149,4,3,129)
r(139,4,3,129)
r(113,1,3,129)
r(177,5,3,129)
r(403,3,3,129)
w(174,5,3,129)
w(180,5,3,129)
r(495,5,3,129)
w(150,3,3,129)
r(15,4,3,129)
w(142,6,3,129)
w(173,5,3,129)
w(151,3,3,129)
r(24,3,3,129)
r(529,6,3,129)
w(140,5,3,129)
r(424,4,3,129)
w(208,6,4,130)
w(186,6,4,130)
r(35,2,4,130)
r(97,4,4,130)
w(199,4,4,130)
r(271,4,4,130)
w(218,7,4,130)
w(218,8,4,130)
r(389,5,4,130)
w(182,9,4,130)
r(182,9,4,130)
w(184,2,4,130)
w(203,2,4,130)
r(338,6,4,130)
w(193,3,4,130)
w(224,7,4,130)
w(204,4,4,130)
w(236,4,4,130)
r(95,5,4,130)
w(238,5,4,130)
r(462,1,5,131)
r(273,4,5,131)
r(500,1,5,131)
w(276,5,5,131)
w(265,3,5,131)
w(265,4,5,131)
w(244,5,5,131)
w(254,4,5,131)
w(274,6,5,131)
w(291,4,5,131)
w(276,6,5,131)
r(532,3,5,131)
w(294,3,5,131)
w(258,3,5,131)
r(487,3,5,131)
r(171,3,5,131)
w(275,5,5,131)
r(391,6,5,131)
r(22,3,5,131)
r(45,3,5,131)
w(329,4,6,132)
w(341,4,6,132)
w(338,6,6,132)
r(201,2,6,132)
r(35,2,6,132)
w(335,8,6,132)
r(211,3,6,132)
r(71,2,6,132)
r(337,2,6,132)
r(270,4,6,132)
r(288,5,6,132)
w(328,5,6,132)
w(324,4,6,132)
w(303,3,6,132)
r(74,3,6,132)
r(2,2,6,132)
w(326,7,6,132)
w(313,4,6,132)
r(202,3,6,132)
w(316,4,6,132)
r(139,4,7,133)
w(381,3,7,133)
w(383,2,7,133)
r(83,6,7,133)
r(279,1,7,133)
w(365,4,7,133)
w(411,5,7,133)
w(402,4,7,133)
w(364,10,7,133)
r(186,3,7,133)
w(389,5,7,133)
w(418,2,7,133)
r(524,2,7,133)
w(401,5,7,133)
w(408,7,7,133)
w(418,3,7,133)
r(47,4,7,133)
r(73,4,7,133)
r(92,2,7,133)
w(403,4,7,133)
w(468,6,8,134)
r(29,3,8,134)
w(476,5,8,134)
r(50,3,8,134)
w(452,4,8,134)
w(454,5,8,134)
r(35,2,8,134)
r(180,4,8,134)
r(111,5,8,134)
w(422,5,8,134)
r(210,3,8,134)
w(479,5,8,134)
r(123,2,8,134)
w(466,3,8,134)
w(452,5,8,134)
w(476,6,8,134)
r(163,3,8,134)
r(71,2,8,134)
w(426,7,8,134)
r(527,5,8,134)
r(479,4,9,135)
w(502,3,9,135)
w(512,4,9,135)
r(273,4,9,135)
w(509,4,9,135)
w(483,6,9,135)
w(489,6,9,135)
w(538,3,9,135)
w(501,4,9,135)
w(535,4,9,135)
r(222,2,9,135)
w(492,6,9,135)
w(484,3,9,135)
r(70,4,9,135)
w(485,4,9,135)
w(483,7,9,135)
w(539,3,9,135)
r(393,4,9,135)
w(512,5,9,135)
w(490,7,9,135)
r(114,6,1,136)
r(79,1,1,136)
r(263,4,1,136)
w(38,5,1,136)
w(12,3,1,136)
r(287,2,1,136)
w(47,4,1,136)
w(43,3,1,136)
w(9,4,1,136)
r(400,1,1,136)
r(433,4,1,136)
r(238,3,1,136)
r(176,2,1,136)
w(7,4,1,136)
r(465,3,1,136)
r(148,2,1,136)
r(69,2,1,136)
w(36,2,1,136)
w(41,6,1,136)
r(351,5,1,136)
r(239,3,2,137)
r(308,6,2,137)
w(97,3,2,137)
r(381,2,2,137)
w(100,8,2,137)
w(102,5,2,137)
r(300,6,2,137)
w(99,3,2,137)
r(385,3,2,137)
r(104,4,2,137)
w(92,2,2,137)
w(64,5,2,137)
r(149,3,2,137)
r(400,1,2,137)
w(83,6,2,137)
w(65,8,2,137)
r(429,3,2,137)
r(329,4,2,137)
r(444,4,2,137)
w(72,5,2,137)
w(121,7,3,138)
w(129,4,3,138)
r(221,4,3,138)
w(168,6,3,138)
w(170,4,3,138)
r(176,2,3,138)
w(127,7,3,138)
r(244,6,3,138)
r(322,6,3,138)
r(56,1,3,138)
w(157,3,3,138)
w(163,4,3,138)
r(23,3,3,138)
w(170,5,3,138)
w(132,6,3,138)
r(239,4,3,138)
w(164,5,3,138)
w(169,4,3,138)
w(136,4,3,138)
w(166,6,3,138)
w(220,4,4,139)
w(239,5,4,139)
r(312,5,4,139)
r(57,5,4,139)
w(240,3,4,139)
r(143,1,4,139)
r(315,5,4,139)
r(67,4,4,139)
w(240,4,4,139)
r(16,4,4,139)
w(216,4,4,139)
w(207,4,4,139)
w(221,5,4,139)
r(259,3,4,139)
r(222,2,4,139)
w(198,5,4,139)
w(216,5,4,139)
w(188,5,4,139)
w(202,6,4,139)
w(198,6,4,139)
r(241,3,5,140)
r(442,5,5,140)
w(272,5,5,140)
r(81,1,5,140)
r(257,3,5,140)
r(17,3,5,140)
r(377,4,5,140)
r(338,5,5,140)
w(257,4,5,140)
r(286,4,5,140)
r(496,3,5,140)
w(252,2,5,140)
w(290,5,5,140)
w(272,6,5,140)
w(295,6,5,140)
w(287,2,5,140)
r(114,5,5,140)
w(280,6,5,140)
w(289,3,5,140)
w(275,6,5,140)
w(340,4,6,141)
r(43,3,6,141)
r(283,1,6,141)
r(529,5,6,141)
r(190,3,6,141)
r(257,4,6,141)
w(344,4,6,141)
r(89,2,6,141)
w(326,8,6,141)
w(355,4,6,141)
w(339,6,6,141)
w(336,5,6,141)
w(354,7,6,141)
w(309,7,6,141)
w(341,5,6,141)
w(342,5,6,141)
w(302,4,6,141)
w(308,7,6,141)
w(330,4,6,141)
r(4,5,6,141)
w(367,3,7,142)
r(52,4,7,142)
w(405,2,7,142)
r(248,2,7,142)
r(448,3,7,142)
r(98,4,7,142)
r(430,4,7,142)
w(400,2,7,142)
w(400,3,7,142)
r(146,3,7,142)
r(472,3,7,142)
r(525,6,7,142)
r(121,7,7,142)
w(391,8,7,142)
w(372,7,7,142)
r(98,4,7,142)
w(369,2,7,142)
r(353,4,7,142)
w(390,3,7,142)
r(529,6,7,142)
r(50,3,8,143)
w(431,4,8,143)
r(215,1,8,143)
w(473,3,8,143)
w(429,4,8,143)
w(433,5,8,143)
r(220,3,8,143)
r(182,5,8,143)
r(88,2,8,143)
w(426,8,8,143)
w(423,3,8,143)
r(518,5,8,143)
r(121,6,8,143)
w(446,5,8,143)
w(468,7,8,143)
r(465,3,8,143)
r(400,1,8,143)
r(262,2,8,143)
r(294,3,8,143)
w(457,2,8,143)
w(513,4,9,144)
r(428,4,9,144)
r(295,6,9,144)
w(528,5,9,144)
r(361,3,9,144)
r(475,3,9,144)
r(149,2,9,144)
w(533,2,9,144)
w(530,2,9,144)
w(521,2,9,144)
w(495,5,9,144)
w(482,2,9,144)
r(319,2,9,144)
r(317,3,9,144)
r(439,2,9,144)
r(75,5,9,144)
r(485,4,9,144)
w(540,3,9,144)
r(504,2,9,144)
w(501,5,9,144)
r(200,2,1,145)
r(202,3,1,145)
r(535,5,1,145)
w(15,4,1,145)
w(46,2,1,145)
w(17,4,1,145)
w(1,6,1,145)
r(108,3,1,145)
r(90,3,1,145)
r(512,5,1,145)
r(289,4,1,145)
r(154,3,1,145)
w(52,3,1,145)
w(23,2,1,145)
r(92,2,1,145)
r(501,5,1,145)
r(390,2,1,145)
w(26,4,1,145)
r(315,5,1,145)
w(8,5,1,145)
w(87,5,2,146)
w(113,2,2,146)
w(116,3,2,146)
w(108,4,2,146)
w(108,5,2,146)
r(442,5,2,146)
w(63,3,2,146)
w(63,4,2,146)
w(97,4,2,146)
r(74,3,2,146)
r(77,4,2,146)
w(109,6,2,146)
w(80,4,2,146)
w(104,5,2,146)
r(394,3,2,146)
w(108,6,2,146)
r(409,2,2,146)
r(442,5,2,146)
w(118,5,2,146)
w(65,9,2,146)
w(134,5,3,147)
w(145,6,3,147)
r(340,4,3,147)
r(15,5,3,147)
r(233,2,3,147)
r(326,8,3,147)
r(30,6,3,147)
r(469,4,3,147)
r(397,2,3,147)
r(64,5,3,147)
r(371,5,3,147)
w(164,6,3,147)
r(508,1,3,147)
w(152,6,3,147)
r(127,7,3,147)
w(180,6,3,147)
w(146,4,3,147)
w(172,4,3,147)
r(221,4,3,147)
w(162,3,3,147)
w(230,5,4,148)
w(218,9,4,148)
w(216,6,4,148)
w(228,3,4,148)
w(237,4,4,148)
w(239,6,4,148)
w(226,5,4,148)
r(434,1,4,148)
w(214,4,4,148)
r(164,7,4,148)
r(86,2,4,148)
w(192,5,4,148)
w(238,6,4,148)
r(381,5,4,148)
r(268,5,4,148)
r(445,8,4,148)
w(229,5,4,148)
w(236,5,4,148)
r(267,1,4,148)
r(237,4,4,148)
w(258,4,5,149)
w(264,4,5,149)
r(224,2,5,149)
r(197,2,5,149)
r(320,4,5,149)
w(300,6,5,149)
r(215,1,5,149)
w(256,4,5,149)
r(255,5,5,149)
w(264,5,5,149)
r(481,1,5,149)
r(145,5,5,149)
w(270,5,5,149)
r(409,2,5,149)
w(297,5,5,149)
w(254,5,5,149)
w(289,4,5,149)
r(395,2,5,149)
w(271,3,5,149)
w(259,3,5,149)
w(353,4,6,150)
w(357,3,6,150)
w(341,6,6,150)
w(345,4,6,150)
r(422,5,6,150)
r(115,2,6,150)
r(28,4,6,150)
r(229,3,6,150)
w(360,8,6,150)
r(371,5,6,150)
r(200,2,6,150)
r(348,4,6,150)
w(305,6,6,150)
w(352,6,6,150)
w(337,3,6,150)
r(439,2,6,150)
w(301,3,6,150)
w(321,5,6,150)
r(281,8,6,150)
w(335,9,6,150)
r(518,5,7,151)
r(504,2,7,151)
w(409,3,7,151)
w(379,4,7,151)
w(420,4,7,151)
r(259,3,7,151)
r(203,1,7,151)
r(295,6,7,151)
w(368,4,7,151)
r(151,3,7,151)
r(1,6,7,151)
r(205,4,7,151)
r(526,4,7,151)
r(491,3,7,151)
w(376,6,7,151)
w(420,5,7,151)
w(409,4,7,151)
r(398,5,7,151)
w(381,4,7,151)
w(364,11,7,151)
w(474,4,8,152)
w(457,3,8,152)
w(446,6,8,152)
w(441,2,8,152)
r(452,5,8,152)
w(432,5,8,152)
r(215,1,8,152)
r(437,6,8,152)
w(424,4,8,152)
w(467,5,8,152)
r(346,4,8,152)
r(387,6,8,152)
r(383,1,8,152)
w(426,9,8,152)
r(98,4,8,152)
r(439,2,8,152)
r(415,7,8,152)
w(423,4,8,152)
r(161,6,8,152)
w(461,3,8,152)
r(414,3,9,153)
r(341,4,9,153)
w(516,4,9,153)
r(333,6,9,153)
r(29,3,9,153)
w(515,5,9,153)
r(494,4,9,153)
r(265,4,9,153)
w(485,5,9,153)
w(535,5,9,153)
w(492,7,9,153)
w(525,5,9,153)
r(310,6,9,153)
r(184,1,9,153)
r(317,3,9,153)
r(125,3,9,153)
r(272,6,9,153)
w(540,4,9,153)
r(302,3,9,153)
r(232,5,9,153)
w(53,3,1,154)
r(89,2,1,154)
w(10,8,1,154)
r(248,2,1,154)
w(5,6,1,154)
r(114,6,1,154)
w(15,5,1,154)
r(504,2,1,154)
w(11,5,1,154)
w(52,4,1,154)
w(44,9,1,154)
r(453,6,1,154)
r(169,3,1,154)
r(278,1,1,154)
r(397,2,1,154)
w(23,3,1,154)
r(403,4,1,154)
r(317,3,1,154)
w(48,7,1,154)
r(218,6,1,154)
w(69,3,2,155)
r(285,6,2,155)
r(342,5,2,155)
w(85,8,2,155)
r(491,3,2,155)
w(103,5,2,155)
w(90,4,2,155)
w(112,6,2,155)
r(432,5,2,155)
r(130,4,2,155)
r(361,3,2,155)
r(178,5,2,155)
w(71,3,2,155)
r(254,5,2,155)
r(70,4,2,155)
w(112,7,2,155)
w(101,6,2,155)
r(194,1,2,155)
w(99,4,2,155)
r(186,5,2,155)
w(144,3,3,156)
r(247,2,3,156)
r(46,2,3,156)
r(107,2,3,156)
w(164,7,3,156)
r(317,4,3,156)
w(127,8,3,156)
r(108,6,3,156)
w(124,6,3,156)
w(144,4,3,156)
r(458,5,3,156)
r(92,2,3,156)
w(158,3,3,156)
w(153,5,3,156)
w(151,4,3,156)
r(313,4,3,156)
w(168,7,3,156)
r(283,3,3,156)
r(173,5,3,156)
w(179,3,3,156)
w(226,6,4,157)
r(497,5,4,157)
w(194,5,4,157)
r(372,7,4,157)
w(231,4,4,157)
r(166,6,4,157)
r(429,5,4,157)
w(192,6,4,157)
r(348,5,4,157)
r(204,4,4,157)
w(240,5,4,157)
w(201,5,4,157)
r(57,6,4,157)
r(464,5,4,157)
w(182,10,4,157)
r(502,4,4,157)
w(192,7,4,157)
w(200,3,4,157)
w(216,7,4,157)
w(210,5,4,157)
w(276,7,5,158)
w(271,4,5,158)
r(420,3,5,158)
r(238,3,5,158)
r(429,4,5,158)
r(156,3,5,158)
w(284,5,5,158)
w(273,5,5,158)
w(264,6,5,158)
r(425,3,5,158)
r(331,1,5,158)
r(139,4,5,158)
r(391,7,5,158)
w(261,4,5,158)
r(106,3,5,158)
r(143,1,5,158)
w(285,6,5,158)
r(162,1,5,158)
r(537,4,5,158)
w(300,7,5,158)
r(58,4,6,159)
r(2,2,6,159)
w(328,6,6,159)
w(357,4,6,159)
w(307,6,6,159)
r(273,5,6,159)
w(302,5,6,159)
r(228,1,6,159)
r(75,5,6,159)
r(235,2,6,159)
r(52,3,6,159)
r(283,1,6,159)
w(341,7,6,159)
r(229,3,6,159)
w(333,7,6,159)
r(338,6,6,159)
w(354,8,6,159)
w(316,5,6,159)
r(522,2,6,159)
r(105,1,6,159)
r(20,3,7,160)
r(222,2,7,160)
w(396,6,7,160)
r(91,4,7,160)
w(381,5,7,160)
w(403,5,7,160)
w(362,6,7,160)
r(118,6,7,160)
r(532,3,7,160)
w(384,2,7,160)
w(364,14,7,160)
r(163,4,7,160)
r(524,2,7,160)
r(229,3,7,160)
w(390,4,7,160)
r(13,2,7,160)
r(311,4,7,160)
w(382,5,7,160)
w(363,4,7,160)
r(469,4,7,160)
w(422,6,8,161)
r(329,4,8,161)
w(421,2,8,161)
r(111,5,8,161)
r(96,3,8,161)
w(470,4,8,161)
w(441,3,8,161)
w(427,7,8,161)
r(267,1,8,161)
r(291,4,8,161)
r(316,5,8,161)
r(213,3,8,161)
w(447,6,8,161)
w(450,6,8,161)
w(457,4,8,161)
w(466,4,8,161)
r(28,4,8,161)
w(450,7,8,161)
r(191,5,8,161)
r(315,5,8,161)
w(514,3,9,162)
w(529,6,9,162)
r(7,4,9,162)
w(485,6,9,162)
r(34,3,9,162)
r(412,2,9,162)
w(509,5,9,162)
r(223,4,9,162)
w(533,3,9,162)
w(499,3,9,162)
w(485,7,9,162)
r(456,2,9,162)
r(357,2,9,162)
w(536,4,9,162)
r(47,4,9,162)
w(534,3,9,162)
r(372,6,9,162)
w(485,8,9,162)
w(525,6,9,162)
r(426,8,9,162)
r(438,2,1,163)
w(10,9,1,163)
r(334,6,1,163)
w(12,4,1,163)
w(17,5,1,163)
w(59,2,1,163)
w(54,5,1,163)
r(459,4,1,163)
w(27,4,1,163)
w(49,7,1,163)
w(17,6,1,163)
r(121,7,1,163)
w(54,6,1,163)
r(221,4,1,163)
w(52,5,1,163)
w(31,6,1,163)
w(59,3,1,163)
r(427,7,1,163)
w(47,5,1,163)
r(501,5,1,163)
w(93,3,2,164)
w(62,3,2,164)
w(61,8,2,164)
w(78,5,2,164)
r(123,2,2,164)
w(107,2,2,164)
r(68,4,2,164)
r(14,3,2,164)
w(102,6,2,164)
r(181,9,2,164)
w(112,8,2,164)
r(291,4,2,164)
w(70,5,2,164)
w(80,5,2,164)
w(101,7,2,164)
r(305,7,2,164)
r(6,3,2,164)
w(98,5,2,164)
w(77,5,2,164)
r(438,2,2,164)
r(251,5,3,165)
r(216,5,3,165)
r(264,6,3,165)
w(151,5,3,165)
r(473,4,3,165)
w(169,5,3,165)
w(179,4,3,165)
r(72,5,3,165)
r(62,3,3,165)
w(180,7,3,165)
r(146,4,3,165)
w(176,3,3,165)
r(170,5,3,165)
r(371,5,3,165)
w(141,7,3,165)
r(418,3,3,165)
w(137,4,3,165)
w(170,6,3,165)
r(336,5,3,165)
r(200,2,3,165)
r(82,6,4,166)
w(185,7,4,166)
r(468,9,4,166)
w(187,6,4,166)
w(199,5,4,166)
w(224,8,4,166)
r(173,5,4,166)
r(216,7,4,166)
r(40,5,4,166)
r(240,5,4,166)
w(218,10,4,166)
r(135,3,4,166)
r(282,5,4,166)
w(230,6,4,166)
w(181,10,4,166)
w(208,7,4,166)
w(199,6,4,166)
r(330,5,4,166)
r(373,3,4,166)
w(235,3,4,166)
r(166,5,5,167)
r(386,1,5,167)
w(292,6,5,167)
w(242,3,5,167)
r(395,2,5,167)
w(253,4,5,167)
r(12,3,5,167)
r(399,1,5,167)
r(473,3,5,167)
w(252,3,5,167)
w(263,5,5,167)
r(76,4,5,167)
w(283,2,5,167)
r(352,6,5,167)
w(283,3,5,167)
w(244,6,5,167)
r(72,5,5,167)
r(429,4,5,167)
r(129,3,5,167)
w(282,3,5,167)
w(308,8,6,168)
w(305,7,6,168)
w(357,5,6,168)
w(327,2,6,168)
w(348,5,6,168)
w(334,6,6,168)
r(207,3,6,168)
w(354,9,6,168)
w(357,6,6,168)
r(23,3,6,168)
w(360,9,6,168)
r(527,5,6,168)
w(321,6,6,168)
w(346,5,6,168)
r(86,1,6,168)
r(84,7,6,168)
r(415,7,6,168)
r(540,4,6,168)
r(219,3,6,168)
w(312,5,6,168)
r(45,3,7,169)
r(177,5,7,169)
r(465,3,7,169)
r(58,4,7,169)
r(179,3,7,169)
w(387,7,7,169)
r(66,5,7,169)
w(414,4,7,169)
w(416,4,7,169)
r(481,1,7,169)
w(394,4,7,169)
r(253,4,7,169)
r(414,4,7,169)
r(374,3,7,169)
w(378,4,7,169)
w(365,5,7,169)
r(226,4,7,169)
r(230,4,7,169)
w(380,5,7,169)
r(271,4,7,169)
w(474,5,8,170)
r(510,5,8,170)
w(452,6,8,170)
r(513,5,8,170)
r(414,3,8,170)
w(441,4,8,170)
w(426,10,8,170)
r(284,5,8,170)
w(428,5,8,170)
r(314,3,8,170)
r(241,3,8,170)
w(471,4,8,170)
w(472,4,8,170)
w(436,8,8,170)
r(188,3,8,170)
r(77,4,8,170)
w(460,6,8,170)
w(478,5,8,170)
w(448,4,8,170)
w(445,8,8,170)
w(519,2,9,171)
r(379,3,9,171)
w(536,5,9,171)
r(16,4,9,171)
r(459,4,9,171)
r(154,3,9,171)
w(515,6,9,171)
w(513,5,9,171)
r(134,4,9,171)
w(491,3,9,171)
r(207,3,9,171)
r(328,6,9,171)
r(315,5,9,171)
r(486,3,9,171)
r(368,3,9,171)
w(493,4,9,171)
r(460,5,9,171)
w(528,6,9,171)
w(502,4,9,171)
w(538,4,9,171)
r(171,4,1,172)
w(19,3,1,172)
w(24,4,1,172)
r(269,3,1,172)
r(260,4,1,172)
w(3,2,1,172)
r(93,3,1,172)
w(26,5,1,172)
r(518,5,1,172)
w(6,4,1,172)
r(366,2,1,172)
r(169,4,1,172)
r(511,4,1,172)
r(502,4,1,172)
w(17,7,1,172)
w(30,7,1,172)
w(8,6,1,172)
r(285,6,1,172)
w(23,4,1,172)
w(34,4,1,172)
w(111,6,2,173)
w(93,4,2,173)
r(238,4,2,173)
w(71,4,2,173)
r(453,6,2,173)
w(81,2,2,173)
r(118,5,2,173)
r(533,3,2,173)
r(61,8,2,173)
r(406,4,2,173)
w(118,6,2,173)
r(449,4,2,173)
r(538,4,2,173)
r(53,3,2,173)
w(100,9,2,173)
w(74,4,2,173)
r(231,3,2,173)
w(64,6,2,173)
w(116,4,2,173)
w(113,3,2,173)
w(133,6,3,174)
w(144,5,3,174)
r(91,4,3,174)
r(328,8,3,174)
w(142,7,3,174)
w(139,5,3,174)
w(153,6,3,174)
r(88,3,3,174)
r(73,6,3,174)
r(369,2,3,174)
w(150,4,3,174)
w(130,5,3,174)
w(175,6,3,174)
w(162,4,3,174)
r(535,5,3,174)
w(121,8,3,174)
r(413,5,3,174)
w(124,7,3,174)
w(131,4,3,174)
r(181,9,3,174)
w(197,5,4,175)
w(192,8,4,175)
w(214,5,4,175)
r(248,2,4,175)
r(358,4,4,175)
w(214,6,4,175)
w(187,7,4,175)
w(202,7,4,175)
w(233,3,4,175)
w(239,7,4,175)
r(265,5,4,175)
w(231,5,4,175)
w(189,5,4,175)
w(225,6,4,175)
r(283,5,4,175)
r(133,6,4,175)
r(4,6,4,175)
w(223,6,4,175)
w(233,4,4,175)
r(94,5,4,175)
r(407,2,5,176)
w(275,7,5,176)
r(408,7,5,176)
r(472,4,5,176)
r(447,6,5,176)
r(221,4,5,176)
w(251,4,5,176)
w(254,6,5,176)
w(246,6,5,176)
r(388,2,5,176)
w(246,7,5,176)
w(244,7,5,176)
w(261,5,5,176)
r(207,3,5,176)
w(265,5,5,176)
w(255,7,5,176)
w(269,4,5,176)
w(298,4,5,176)
w(283,4,5,176)
r(86,1,5,176)
w(324,5,6,177)
w(347,3,6,177)
w(350,4,6,177)
r(179,2,6,177)
r(220,3,6,177)
w(333,8,6,177)
r(175,5,6,177)
w(341,8,6,177)
r(455,5,6,177)
w(345,5,6,177)
w(310,8,6,177)
w(310,9,6,177)
w(317,4,6,177)
r(241,3,6,177)
w(360,10,6,177)
w(337,4,6,177)
w(332,3,6,177)
r(425,3,6,177)
r(466,4,6,177)
r(351,5,6,177)
r(334,7,7,178)
w(383,3,7,178)
w(418,4,7,178)
r(296,1,7,178)
r(147,3,7,178)
w(383,4,7,178)
r(316,5,7,178)
w(409,5,7,178)
r(140,5,7,178)
r(96,3,7,178)
r(377,4,7,178)
w(372,8,7,178)
w(429,5,8,179)
w(421,3,8,179)
w(471,5,8,179)
w(442,6,8,179)
r(1,6,8,179)
r(142,6,8,179)
r(296,1,8,179)
r(139,4,8,179)
r(394,3,8,179)
r(192,4,8,179)
w(422,7,8,179)
r(339,6,8,179)
r(318,4,8,179)
r(449,4,8,179)
w(439,3,8,179)
r(15,5,8,179)
r(88,2,8,179)
r(333,8,8,179)
r(58,4,8,179)
r(83,6,8,179)
w(500,2,9,180)
w(503,5,9,180)
r(500,2,9,180)
r(106,3,9,180)
w(493,5,9,180)
r(465,3,9,180)
w(533,4,9,180)
w(489,7,9,180)
w(501,6,9,180)
r(46,2,9,180)
w(534,4,9,180)
r(139,4,9,180)
w(500,3,9,180)
w(526,6,9,180)
r(276,7,9,180)
w(504,3,9,180)
w(494,5,9,180)
w(534,5,9,180)
r(316,5,9,180)
w(505,7,9,180)
r(277,4,1,181)
r(333,9,1,181)
w(35,3,1,181)
r(205,4,1,181)
w(57,6,1,181)
r(129,4,1,181)
w(25,3,1,181)
r(28,4,1,181)
r(257,4,1,181)
w(7,5,1,181)
w(17,8,1,181)
w(6,5,1,181)
w(26,6,1,181)
w(5,7,1,181)
r(213,4,1,181)
w(10,10,1,181)
w(4,6,1,181)
w(15,6,1,181)
r(500,3,1,181)
w(43,4,1,181)
r(190,3,2,182)
r(41,6,2,182)
w(80,6,2,182)
r(364,11,2,182)
r(459,4,2,182)
r(86,1,2,182)
w(109,7,2,182)
r(81,2,2,182)
r(101,7,2,182)
w(81,3,2,182)
w(66,5,2,182)
w(113,4,2,182)
w(87,6,2,182)
r(248,2,2,182)
w(105,2,2,182)
r(176,2,2,182)
w(119,3,2,182)
r(107,2,2,182)
r(435,3,2,182)
w(85,9,2,182)
w(166,7,3,183)
w(122,4,3,183)
r(4,6,3,183)
w(159,4,3,183)
r(201,5,3,183)
w(143,2,3,183)
r(213,4,3,183)
r(85,9,3,183)
r(294,4,3,183)
w(136,5,3,183)
r(382,5,3,183)
w(168,8,3,183)
w(167,5,3,183)
r(428,5,3,183)
r(183,3,3,183)
w(177,6,3,183)
w(129,5,3,183)
w(124,8,3,183)
r(371,5,3,183)
w(144,6,3,183)
r(259,3,4,184)
w(192,9,4,184)
r(249,6,4,184)
r(470,4,4,184)
r(165,2,4,184)
w(189,6,4,184)
w(239,8,4,184)
w(209,4,4,184)
r(287,2,4,184)
r(126,2,4,184)
r(24,4,4,184)
r(127,8,4,184)
r(113,5,4,184)
r(297,5,4,184)
w(212,5,4,184)
w(213,5,4,184)
r(106,5,4,184)
r(212,5,4,184)
r(174,5,4,184)
w(217,6,4,184)
r(412,2,5,185)
r(44,9,5,185)
r(247,2,5,185)
r(506,5,5,185)
r(467,5,5,185)
w(251,5,5,185)
r(191,5,5,185)
w(278,2,5,185)
w(294,4,5,185)
w(247,4,5,185)
r(113,4,5,185)
w(275,8,5,185)
w(278,3,5,185)
r(199,4,5,185)
r(94,3,5,185)
r(485,8,5,185)
r(446,6,5,185)
w(260,5,5,185)
w(270,6,5,185)
r(350,4,5,185)
w(319,3,6,186)
w(330,5,6,186)
r(279,1,6,186)
r(143,1,6,186)
r(462,1,6,186)
w(354,10,6,186)
w(325,3,6,186)
r(514,3,6,186)
w(345,6,6,186)
w(311,4,6,186)
w(356,3,6,186)
w(356,4,6,186)
r(139,4,6,186)
w(307,7,6,186)
w(347,4,6,186)
r(95,5,6,186)
r(13,2,6,186)
w(342,6,6,186)
r(268,5,6,186)
w(334,7,6,186)
r(331,1,7,187)
w(364,12,7,187)
r(291,4,7,187)
r(488,6,7,187)
r(24,4,7,187)
w(389,6,7,187)
w(390,5,7,187)
w(375,5,7,187)
r(185,6,7,187)
r(393,4,7,187)
r(474,5,7,187)
r(160,4,7,187)
w(404,5,7,187)
r(193,3,7,187)
r(476,7,7,187)
r(452,6,7,187)
w(380,6,7,187)
r(401,5,7,187)
r(472,4,7,187)
r(512,5,7,187)
w(463,5,8,188)
r(207,3,8,188)
w(473,4,8,188)
w(476,7,8,188)
r(208,6,8,188)
r(340,4,8,188)
w(468,8,8,188)
w(479,6,8,188)
r(403,5,8,188)
w(464,5,8,188)
w(430,5,8,188)
w(433,6,8,188)
r(387,6,8,188)
r(84,7,8,188)
r(441,4,8,188)
w(437,7,8,188)
r(366,2,8,188)
r(22,3,8,188)
r(533,4,8,188)
r(334,7,8,188)
r(446,6,9,189)
r(66,5,9,189)
w(507,6,9,189)
w(519,3,9,189)
w(521,3,9,189)
r(321,7,9,189)
r(93,4,9,189)
w(492,8,9,189)
w(515,7,9,189)
r(373,3,9,189)
r(300,7,9,189)
w(487,4,9,189)
w(501,7,9,189)
w(529,7,9,189)
r(355,4,9,189)
w(537,5,9,189)
w(527,6,9,189)
w(540,5,9,189)
w(526,7,9,189)
r(37,7,9,189)
w(30,8,1,190)
r(158,3,1,190)
r(429,5,1,190)
r(17,8,1,190)
w(28,5,1,190)
w(12,5,1,190)
w(40,5,1,190)
r(229,5,1,190)
w(31,7,1,190)
w(49,8,1,190)
w(22,4,1,190)
w(26,7,1,190)
r(423,4,1,190)
r(314,3,1,190)
r(518,5,1,190)
w(21,4,1,190)
r(2,2,1,190)
w(35,4,1,190)
r(22,4,1,190)
w(33,8,1,190)
r(166,6,2,191)
r(211,3,2,191)
w(119,4,2,191)
w(61,9,2,191)
r(402,4,2,191)
r(370,1,2,191)
w(74,5,2,191)
w(61,10,2,191)
w(82,5,2,191)
w(104,6,2,191)
r(389,5,2,191)
w(80,7,2,191)
w(79,2,2,191)
r(447,6,2,191)
w(119,5,2,191)
w(101,8,2,191)
r(349,3,2,191)
w(86,2,2,191)
r(410,3,2,191)
r(467,5,2,191)
w(121,9,3,192)
w(176,4,3,192)
r(486,5,3,192)
w(180,8,3,192)
r(172,4,3,192)
r(58,4,3,192)
w(140,6,3,192)
r(34,4,3,192)
r(238,6,3,192)
w(164,8,3,192)
r(358,4,3,192)
r(42,5,3,192)
w(124,9,3,192)
w(127,9,3,192)
r(391,8,3,192)
w(131,5,3,192)
w(167,6,3,192)
r(470,4,3,192)
w(169,6,3,192)
w(173,6,3,192)
r(150,4,4,193)
w(193,4,4,193)
r(253,5,4,193)
r(147,3,4,193)
w(201,6,4,193)
r(218,10,4,193)
w(181,11,4,193)
w(213,6,4,193)
r(82,6,4,193)
w(233,5,4,193)
w(181,14,4,193)
r(482,4,4,193)
w(188,6,4,193)
r(202,7,4,193)
w(197,6,4,193)
w(194,6,4,193)
w(182,11,4,193)
r(341,8,4,193)
w(199,7,4,193)
w(191,9,4,193)
w(295,7,5,194)
r(118,6,5,194)
r(221,5,5,194)
w(269,5,5,194)
r(22,3,5,194)
w(295,8,5,194)
w(244,8,5,194)
w(241,4,5,194)
w(271,5,5,194)
w(244,9,5,194)
r(124,6,5,194)
w(278,4,5,194)
w(282,4,5,194)
r(225,5,5,194)
r(155,3,5,194)
w(283,5,5,194)
r(28,4,5,194)
w(278,5,5,194)
w(254,7,5,194)
w(252,5,5,194)
w(342,7,6,195)
r(129,4,6,195)
r(94,3,6,195)
w(342,8,6,195)
r(265,5,6,195)
r(184,2,6,195)
w(302,6,6,195)
r(214,3,6,195)
r(493,5,6,195)
r(169,4,6,195)
r(344,4,6,195)
w(333,9,6,195)
r(453,6,6,195)
w(321,7,6,195)
r(460,6,6,195)
r(433,6,6,195)
w(302,7,6,195)
r(443,2,6,195)
r(530,2,6,195)
w(320,5,6,195)
r(17,8,7,196)
r(308,8,7,196)
w(389,7,7,196)
w(397,4,7,196)
w(397,5,7,196)
r(52,5,7,196)
r(67,4,7,196)
w(400,4,7,196)
w(388,3,7,196)
r(155,3,7,196)
r(505,7,7,196)
r(511,5,7,196)
w(401,6,7,196)
w(372,9,7,196)
w(368,5,7,196)
w(378,5,7,196)
r(29,3,7,196)
w(369,3,7,196)
w(388,4,7,196)
w(365,6,7,196)
w(443,3,8,197)
w(448,5,8,197)
r(298,4,8,197)
r(394,4,8,197)
r(227,7,8,197)
w(441,5,8,197)
r(109,7,8,197)
w(477,5,8,197)
r(265,5,8,197)
w(451,2,8,197)
w(465,4,8,197)
w(448,6,8,197)
w(442,7,8,197)
w(468,9,8,197)
w(462,2,8,197)
r(490,7,8,197)
w(457,5,8,197)
r(298,4,8,197)
w(466,5,8,197)
r(276,7,8,197)
w(510,6,9,198)
r(97,4,9,198)
w(491,4,9,198)
w(501,8,9,198)
r(297,5,9,198)
w(500,4,9,198)
r(234,2,9,198)
r(121,7,9,198)
w(491,5,9,198)
w(486,4,9,198)
r(277,4,9,198)
w(534,6,9,198)
w(534,7,9,198)
w(488,6,9,198)
w(494,6,9,198)
r(345,7,9,198)
r(407,2,9,198)
r(313,4,9,198)
w(511,5,9,198)
r(26,6,9,198)
w(19,4,1,199)
w(14,4,1,199)
w(59,4,1,199)
r(323,9,1,199)
r(108,6,1,199)
r(18,2,1,199)
w(15,7,1,199)
w(51,3,1,199)
r(137,4,1,199)
w(28,6,1,199)
w(5,8,1,199)
w(54,7,1,199)
w(51,4,1,199)
r(172,4,1,199)
w(3,3,1,199)
w(14,5,1,199)
r(497,5,1,199)
r(478,5,1,199)
w(9,5,1,199)
w(60,4,1,199)
r(431,4,2,200)
w(69,4,2,200)
w(88,3,2,200)
w(78,6,2,200)
w(73,5,2,200)
w(113,5,2,200)
r(296,1,2,200)
r(41,6,2,200)
r(205,4,2,200)
w(82,6,2,200)
r(94,3,2,200)
w(87,7,2,200)
w(79,3,2,200)
r(198,6,2,200)
r(133,5,2,200)
r(348,5,2,200)
w(73,6,2,200)
w(81,4,2,200)
w(94,5,2,200)
r(474,5,2,200)
w(166,8,3,201)
w(148,4,3,201)
r(164,8,3,201)
w(122,5,3,201)
w(151,6,3,201)
w(126,3,3,201)
r(396,6,3,201)
r(444,5,3,201)
r(154,3,3,201)
r(517,9,3,201)
w(172,5,3,201)
r(220,4,3,201)
r(502,5,3,201)
r(363,4,3,201)
w(130,6,3,201)
r(389,8,3,201)
r(364,13,3,201)
r(2,4,3,201)
w(162,5,3,201)
r(142,7,3,201)
w(236,6,4,202)
w(237,5,4,202)
r(515,9,4,202)
w(194,7,4,202)
r(526,7,4,202)
w(209,5,4,202)
w(188,7,4,202)
r(373,4,4,202)
w(223,7,4,202)
r(360,11,4,202)
r(458,5,4,202)
r(103,6,4,202)
w(182,14,4,202)
r(499,3,4,202)
r(214,6,4,202)
w(221,6,4,202)
r(499,3,4,202)
r(363,4,4,202)
r(375,5,4,202)
w(209,6,4,202)
r(163,4,5,203)
w(275,9,5,203)
r(145,6,5,203)
w(276,8,5,203)
w(247,5,5,203)
r(256,4,5,203)
w(299,2,5,203)
r(248,2,5,203)
r(273,5,5,203)
r(478,5,5,203)
w(252,6,5,203)
r(474,5,5,203)
w(282,5,5,203)
w(243,5,5,203)
r(115,2,5,203)
r(111,6,5,203)
r(209,3,5,203)
r(332,3,5,203)
r(497,5,5,203)
w(285,7,5,203)
w(336,6,6,204)
w(321,8,6,204)
r(519,3,6,204)
r(449,4,6,204)
w(345,7,6,204)
w(304,5,6,204)
w(359,5,6,204)
w(321,9,6,204)
r(153,5,6,204)
r(118,6,6,204)
w(328,7,6,204)
w(318,5,6,204)
w(334,8,6,204)
r(151,5,6,204)
r(397,2,6,204)
r(390,4,6,204)
w(328,8,6,204)
r(217,5,6,204)
w(311,5,6,204)
r(32,2,6,204)
r(149,4,7,205)
w(377,5,7,205)
w(418,5,7,205)
w(373,4,7,205)
r(31,7,7,205)
r(94,5,7,205)
w(372,10,7,205)
w(411,6,7,205)
w(420,6,7,205)
w(362,7,7,205)
r(210,5,7,205)
w(418,6,7,205)
w(362,8,7,205)
w(389,8,7,205)
w(398,6,7,205)
r(126,2,7,205)
w(380,7,7,205)
r(23,4,7,205)
w(362,9,7,205)
w(407,4,7,205)
w(448,7,8,206)
r(277,4,8,206)
w(453,7,8,206)
r(314,3,8,206)
w(437,8,8,206)
r(411,5,8,206)
w(463,6,8,206)
w(441,6,8,206)
w(443,4,8,206)
r(215,4,8,206)
w(421,4,8,206)
r(416,4,8,206)
w(455,6,8,206)
r(437,8,8,206)
w(456,3,8,206)
r(482,2,8,206)
r(463,6,8,206)
r(382,5,8,206)
w(427,8,8,206)
r(520,1,8,206)
w(533,5,9,207)
r(262,2,9,207)
w(492,9,9,207)
w(510,7,9,207)
w(490,9,9,207)
w(516,5,9,207)
w(524,3,9,207)
w(533,6,9,207)
r(197,4,9,207)
w(501,9,9,207)
w(536,6,9,207)
r(498,2,9,207)
r(331,1,9,207)
r(153,6,9,207)
w(489,8,9,207)
r(40,5,9,207)
w(515,8,9,207)
r(16,4,9,207)
w(517,9,9,207)
w(528,7,9,207)
w(54,8,1,208)
r(301,3,1,208)
w(55,3,1,208)
w(60,5,1,208)
r(142,7,1,208)
r(397,5,1,208)
r(27,4,1,208)
r(261,5,1,208)
w(30,9,1,208)
r(260,5,1,208)
w(36,3,1,208)
w(2,3,1,208)
w(26,8,1,208)
r(452,7,1,208)
w(5,9,1,208)
w(16,5,1,208)
r(59,4,1,208)
w(50,4,1,208)
w(5,10,1,208)
r(352,7,1,208)
w(87,8,2,209)
w(87,9,2,209)
r(80,7,2,209)
r(85,9,2,209)
r(118,6,2,209)
r(471,5,2,209)
r(531,5,2,209)
r(31,7,2,209)
w(97,5,2,209)
r(123,2,2,209)
w(71,5,2,209)
w(61,11,2,209)
w(101,9,2,209)
w(83,7,2,209)
r(179,4,2,209)
w(106,4,2,209)
w(81,5,2,209)
w(114,7,2,209)
w(90,5,2,209)
r(3,2,2,209)
w(169,7,3,210)
r(428,5,3,210)
w(155,4,3,210)
w(131,6,3,210)
r(6,5,3,210)
w(164,9,3,210)
w(158,4,3,210)
w(125,5,3,210)
w(154,6,3,210)
r(132,6,3,210)
r(493,7,3,210)
w(137,5,3,210)
r(376,7,3,210)
w(143,3,3,210)
w(156,4,3,210)
r(119,5,3,210)
r(215,4,3,210)
w(149,5,3,210)
r(322,8,3,210)
r(176,4,3,210)
r(420,6,4,211)
w(240,6,4,211)
w(202,8,4,211)
w(186,7,4,211)
r(438,2,4,211)
w(210,6,4,211)
r(162,5,4,211)
w(217,7,4,211)
w(230,7,4,211)
r(256,6,4,211)
r(287,2,4,211)
w(231,6,4,211)
w(208,8,4,211)
w(223,8,4,211)
w(221,7,4,211)
r(400,3,5,212)
r(214,4,5,212)
r(280,6,5,212)
r(70,5,5,212)
r(500,4,5,212)
w(249,6,5,212)
w(247,6,5,212)
w(243,6,5,212)
w(242,4,5,212)
r(485,8,5,212)
w(275,10,5,212)
r(197,4,5,212)
r(78,6,5,212)
r(49,8,5,212)
r(376,6,5,212)
r(184,2,5,212)
r(50,3,5,212)
w(253,5,5,212)
r(123,2,5,212)
r(300,7,5,212)
w(359,6,6,213)
r(241,4,6,213)
w(357,7,6,213)
r(292,6,6,213)
w(342,9,6,213)
r(9,4,6,213)
w(312,6,6,213)
w(313,5,6,213)
w(342,10,6,213)
r(376,6,6,213)
w(359,7,6,213)
w(345,8,6,213)
w(318,6,6,213)
r(251,5,6,213)
w(352,7,6,213)
w(323,9,6,213)
w(314,5,6,213)
r(183,3,6,213)
r(102,6,6,213)
w(324,6,6,213)
r(91,4,7,214)
w(388,5,7,214)
r(67,4,7,214)
r(384,2,7,214)
w(395,3,7,214)
w(390,6,7,214)
r(246,8,7,214)
r(414,4,7,214)
w(371,6,7,214)
w(412,3,7,214)
w(417,2,7,214)
w(364,13,7,214)
w(391,9,7,214)
r(501,11,7,214)
r(507,6,7,214)
r(413,5,7,214)
r(59,4,7,214)
r(16,5,7,214)
r(66,6,7,214)
w(378,6,7,214)
r(397,2,8,215)
r(35,4,8,215)
w(430,6,8,215)
w(423,5,8,215)
r(151,5,8,215)
r(199,4,8,215)
r(180,7,8,215)
w(474,6,8,215)
w(480,3,8,215)
w(456,4,8,215)
r(201,5,8,215)
r(193,3,8,215)
w(422,8,8,215)
w(442,8,8,215)
r(182,10,8,215)
w(476,8,8,215)
w(451,3,8,215)
r(171,4,8,215)
w(460,7,8,215)
w(434,2,8,215)
w(502,5,9,216)
w(513,7,9,216)
r(130,5,9,216)
w(481,2,9,216)
r(283,5,9,216)
r(266,2,9,216)
r(480,3,9,216)
w(534,8,9,216)
r(526,7,9,216)
r(239,6,9,216)
r(172,4,9,216)
w(501,10,9,216)
w(513,8,9,216)
w(500,5,9,216)
w(482,3,9,216)
w(501,11,9,216)
r(529,7,9,216)
r(139,5,9,216)
w(511,6,9,216)
w(489,9,9,216)
r(105,2,1,217)
r(394,4,1,217)
r(63,4,1,217)
r(500,5,1,217)
w(33,9,1,217)
w(44,10,1,217)
w(2,4,1,217)
w(35,5,1,217)
w(44,11,1,217)
w(42,5,1,217)
r(261,5,1,217)
r(47,5,1,217)
r(290,5,1,217)
r(335,10,1,217)
r(118,6,1,217)
w(35,6,1,217)
r(151,5,1,217)
w(55,4,1,217)
r(422,8,1,217)
w(15,8,1,217)
r(224,7,2,218)
r(122,4,2,218)
w(116,5,2,218)
w(106,5,2,218)
r(11,5,2,218)
w(117,5,2,218)
r(211,3,2,218)
r(215,4,2,218)
w(74,6,2,218)
r(114,7,2,218)
r(506,5,2,218)
r(400,3,2,218)
r(389,6,2,218)
w(112,9,2,218)
w(96,4,2,218)
w(93,5,2,218)
w(90,6,2,218)
r(328,8,2,218)
w(95,6,2,218)
w(74,7,2,218)
r(26,8,3,219)
w(147,5,3,219)
r(215,4,3,219)
w(138,5,3,219)
w(140,7,3,219)
w(177,8,3,219)
w(168,9,3,219)
r(125,5,3,219)
w(143,4,3,219)
r(267,1,3,219)
r(327,2,3,219)
r(502,5,3,219)
r(293,2,3,219)
r(306,4,3,219)
r(290,5,3,219)
w(164,10,3,219)
r(278,5,3,219)
w(171,5,3,219)
w(130,7,3,219)
w(148,5,3,219)
w(198,7,4,220)
r(101,10,4,220)
r(203,2,4,220)
r(511,7,4,220)
r(200,3,4,220)
w(190,4,4,220)
w(218,11,4,220)
w(209,7,4,220)
r(350,4,4,220)
r(176,4,4,220)
r(253,6,4,220)
r(534,9,4,220)
r(289,7,4,220)
r(331,2,4,220)
r(504,4,4,220)
w(215,5,4,220)
r(10,11,4,220)
w(213,7,4,220)
r(234,2,4,220)
r(131,6,4,220)
r(97,5,5,221)
w(266,3,5,221)
r(366,2,5,221)
r(410,3,5,221)
r(278,5,5,221)
w(252,7,5,221)
w(279,2,5,221)
r(86,2,5,221)
r(93,5,5,221)
w(265,6,5,221)
r(258,4,5,221)
w(271,6,5,221)
r(497,5,5,221)
r(434,2,5,221)
w(256,5,5,221)
w(281,9,5,221)
r(133,6,5,221)
w(262,4,5,221)
r(411,5,5,221)
w(283,6,5,221)
w(337,5,6,222)
r(463,6,6,222)
r(51,4,6,222)
r(426,10,6,222)
w(331,2,6,222)
w(322,7,6,222)
r(407,2,6,222)
r(144,6,6,222)
r(418,3,6,222)
w(357,8,6,222)
w(357,9,6,222)
r(431,4,6,222)
r(165,2,6,222)
r(235,2,6,222)
r(502,4,6,222)
r(123,2,6,222)
w(307,8,6,222)
r(419,4,6,222)
w(358,4,6,222)
w(320,6,6,222)
w(402,5,7,223)
r(33,9,7,223)
w(376,7,7,223)
r(2,4,7,223)
r(363,4,7,223)
r(406,4,7,223)
r(533,6,7,223)
r(122,5,7,223)
w(393,5,7,223)
w(387,9,7,223)
r(206,7,7,223)
r(418,6,7,223)
r(475,3,7,223)
w(361,4,7,223)
r(71,7,7,223)
r(351,6,7,223)
r(6,5,7,223)
r(60,5,7,223)
w(404,6,7,223)
r(385,3,7,223)
r(421,4,8,224)
r(373,3,8,224)
r(156,3,8,224)
w(429,6,8,224)
w(437,9,8,224)
r(486,4,8,224)
w(452,7,8,224)
w(444,5,8,224)
r(515,8,8,224)
w(477,6,8,224)
w(448,8,8,224)
r(299,2,8,224)
r(260,5,8,224)
w(443,5,8,224)
r(428,5,8,224)
w(424,5,8,224)
r(266,2,8,224)
w(474,7,8,224)
w(423,6,8,224)
w(441,7,8,224)
r(444,5,9,225)
w(509,6,9,225)
w(521,4,9,225)
r(261,5,9,225)
r(246,7,9,225)
r(280,6,9,225)
r(402,4,9,225)
r(164,7,9,225)
r(268,5,9,225)
r(137,4,9,225)
r(128,2,9,225)
w(528,8,9,225)
w(481,3,9,225)
r(247,6,9,225)
r(217,5,9,225)
w(515,9,9,225)
w(524,4,9,225)
w(482,4,9,225)
r(92,2,9,225)
w(486,5,9,225)
w(53,4,1,226)
r(370,1,1,226)
r(61,12,1,226)
w(56,2,1,226)
r(164,8,1,226)
r(342,10,1,226)
r(94,5,1,226)
r(190,3,1,226)
w(7,6,1,226)
w(7,7,1,226)
w(53,5,1,226)
w(7,8,1,226)
w(59,5,1,226)
r(3,3,1,226)
w(7,9,1,226)
r(140,6,1,226)
w(17,9,1,226)
r(219,3,1,226)
r(274,6,1,226)
r(220,4,1,226)
r(391,8,2,227)
w(61,14,2,227)
w(62,5,2,227)
w(95,7,2,227)
w(61,12,2,227)
r(468,9,2,227)
w(78,8,2,227)
w(66,6,2,227)
w(83,8,2,227)
w(74,8,2,227)
r(272,6,2,227)
r(441,7,2,227)
w(71,6,2,227)
w(76,5,2,227)
r(367,3,2,227)
r(424,5,2,227)
r(155,3,2,227)
r(203,2,2,227)
r(18,2,2,227)
w(96,6,2,227)
r(469,5,3,228)
w(164,11,3,228)
w(155,5,3,228)
w(136,6,3,228)
w(135,4,3,228)
r(72,5,3,228)
r(185,7,3,228)
r(47,5,3,228)
w(121,10,3,228)
w(179,5,3,228)
w(151,7,3,228)
r(306,4,3,228)
w(173,7,3,228)
w(129,6,3,228)
w(171,6,3,228)
w(128,4,3,228)
r(143,4,3,228)
r(160,4,3,228)
w(133,7,3,228)
r(119,5,3,228)
r(311,5,5,229)
w(248,3,5,229)
r(79,3,5,229)
w(266,4,5,229)
r(375,5,5,229)
r(534,8,5,229)
w(246,8,5,229)
r(258,4,5,229)
w(286,5,5,229)
r(437,9,5,229)
r(110,2,5,229)
w(257,5,5,229)
w(258,5,5,229)
r(315,5,5,229)
w(266,5,5,229)
w(256,6,5,229)
w(242,5,5,229)
r(35,6,5,229)
w(269,6,5,229)
w(288,6,5,229)
r(126,2,6,230)
w(317,5,6,230)
w(312,7,6,230)
w(308,9,6,230)
w(357,10,6,230)
w(304,6,6,230)
w(322,8,6,230)
r(88,3,6,230)
w(320,7,6,230)
w(335,10,6,230)
w(307,9,6,230)
r(220,4,6,230)
w(345,9,6,230)
r(8,6,6,230)
r(188,5,6,230)
r(246,7,6,230)
r(382,5,6,230)
w(352,8,6,230)
w(343,3,6,230)
r(58,4,6,230)
w(407,5,7,231)
w(406,5,7,231)
w(377,6,7,231)
w(407,6,7,231)
w(376,8,7,231)
r(320,8,7,231)
r(269,6,7,231)
w(370,2,7,231)
w(402,6,7,231)
w(418,7,7,231)
w(389,9,7,231)
w(420,7,7,231)
r(468,9,7,231)
w(392,5,7,231)
w(414,5,7,231)
w(385,4,7,231)
w(391,10,7,231)
w(365,7,7,231)
w(402,7,7,231)
r(293,2,7,231)
w(439,4,8,232)
r(372,10,8,232)
w(477,7,8,232)
r(426,10,8,232)
r(43,4,8,232)
w(453,8,8,232)
w(436,9,8,232)
w(467,6,8,232)
r(70,5,8,232)
r(101,9,8,232)
r(71,5,8,232)
r(184,2,8,232)
w(443,6,8,232)
w(460,8,8,232)
r(196,3,8,232)
r(533,6,8,232)
w(472,5,8,232)
w(465,5,8,232)
r(457,5,8,232)
r(477,7,8,232)
r(16,5,9,233)
r(240,5,9,233)
w(488,7,9,233)
r(178,5,9,233)
r(446,6,9,233)
r(281,9,9,233)
w(504,4,9,233)
r(199,6,9,233)
r(5,10,9,233)
w(493,6,9,233)
r(477,7,9,233)
w(494,7,9,233)
w(532,5,9,233)
w(481,4,9,233)
w(523,4,9,233)
r(125,4,9,233)
r(451,3,9,233)
r(429,6,9,233)
r(527,6,9,233)
w(483,8,9,233)
r(492,9,1,234)
r(506,6,1,234)
w(22,5,1,234)
w(38,6,1,234)
w(46,3,1,234)
r(199,7,1,234)
w(37,8,1,234)
w(49,9,1,234)
w(37,9,1,234)
r(91,5,1,234)
w(5,11,1,234)
w(48,8,1,234)
w(9,6,1,234)
w(11,6,1,234)
w(10,11,1,234)
w(57,7,1,234)
w(43,5,1,234)
r(276,10,1,234)
w(36,4,1,234)
w(6,6,1,234)
w(103,6,2,235)
r(307,9,2,235)
w(91,5,2,235)
w(115,4,2,235)
w(101,10,2,235)
r(136,5,2,235)
w(104,7,2,235)
w(87,10,2,235)
r(252,7,2,235)
r(278,5,2,235)
r(496,3,2,235)
r(16,5,2,235)
w(81,6,2,235)
r(418,6,2,235)
r(513,8,2,235)
w(120,9,2,235)
r(380,7,2,235)
w(66,7,2,235)
w(71,7,2,235)
w(111,7,2,235)
w(129,7,3,236)
r(459,4,3,236)
w(167,7,3,236)
w(123,3,3,236)
r(240,5,3,236)
w(168,10,3,236)
r(35,6,3,236)
w(125,6,3,236)
r(483,8,3,236)
w(177,9,3,236)
r(507,7,3,236)
w(166,9,3,236)
r(58,4,3,236)
w(146,5,3,236)
w(155,6,3,236)
r(271,6,3,236)
w(164,14,3,236)
w(144,7,3,236)
r(380,7,3,236)
w(178,6,3,236)
w(265,7,5,237)
r(540,5,5,237)
w(282,6,5,237)
w(276,9,5,237)
w(244,10,5,237)
w(280,7,5,237)
r(337,5,5,237)
r(393,4,5,237)
r(418,6,5,237)
w(257,6,5,237)
w(263,6,5,237)
w(276,10,5,237)
r(212,5,5,237)
w(289,7,5,237)
r(75,5,5,237)
r(264,6,5,237)
r(494,7,5,237)
w(262,5,5,237)
w(300,8,5,237)
w(266,6,5,237)
r(421,4,6,238)
w(308,10,6,238)
w(320,8,6,238)
r(521,4,6,238)
w(328,9,6,238)
w(333,10,6,238)
r(454,5,6,238)
r(253,5,6,238)
r(303,3,6,238)
r(59,4,6,238)
r(307,9,6,238)
r(448,8,6,238)
r(344,4,6,238)
w(311,6,6,238)
w(353,5,6,238)
w(351,6,6,238)
r(188,5,6,238)
w(329,5,6,238)
r(410,3,6,238)
r(157,3,6,238)
w(402,8,7,239)
r(140,7,7,239)
r(66,7,7,239)
r(93,6,7,239)
w(385,5,7,239)
r(136,5,7,239)
r(381,5,7,239)
w(399,2,7,239)
w(382,6,7,239)
r(279,2,7,239)
r(33,9,7,239)
w(405,3,7,239)
r(470,5,7,239)
r(56,2,7,239)
w(395,4,7,239)
w(393,6,7,239)
w(362,10,7,239)
w(371,7,7,239)
r(418,7,7,239)
w(375,6,7,239)
w(470,5,8,240)
w(430,7,8,240)
w(469,5,8,240)
r(128,2,8,240)
w(460,9,8,240)
r(453,8,8,240)
w(434,3,8,240)
r(289,4,8,240)
r(486,5,8,240)
r(152,6,8,240)
r(269,6,8,240)
w(467,7,8,240)
r(386,1,8,240)
w(456,5,8,240)
w(433,7,8,240)
r(32,2,8,240)
w(463,7,8,240)
r(37,7,8,240)
w(442,9,8,240)
w(435,4,8,240)
w(538,5,9,241)
w(500,6,9,241)
r(243,6,9,241)
r(223,6,9,241)
w(505,8,9,241)
r(517,9,9,241)
r(75,5,9,241)
w(493,7,9,241)
r(43,4,9,241)
r(331,2,9,241)
w(511,7,9,241)
w(534,9,9,241)
w(519,4,9,241)
w(522,3,9,241)
r(492,9,9,241)
r(180,8,9,241)
w(506,6,9,241)
w(514,4,9,241)
r(80,7,9,241)
w(505,9,9,241)
w(43,6,1,242)
r(389,9,1,242)
w(7,10,1,242)
w(55,5,1,242)
r(71,7,1,242)
r(456,6,1,242)
w(6,7,1,242)
r(373,4,1,242)
r(471,5,1,242)
w(20,4,1,242)
r(341,8,1,242)
r(165,2,1,242)
r(385,5,1,242)
w(19,5,1,242)
w(8,7,1,242)
r(523,5,1,242)
r(151,6,1,242)
w(38,7,1,242)
r(42,5,1,242)
r(34,4,1,242)
w(103,7,2,243)
r(226,6,2,243)
w(103,8,2,243)
w(108,7,2,243)
r(110,2,2,243)
w(108,8,2,243)
w(106,6,2,243)
r(12,5,2,243)
w(120,10,2,243)
w(95,8,2,243)
w(95,9,2,243)
w(78,9,2,243)
w(98,7,2,243)
r(290,5,2,243)
r(487,4,2,243)
w(104,8,2,243)
w(92,3,2,243)
r(38,5,2,243)
w(78,10,2,243)
w(93,6,2,243)
r(532,5,3,244)
r(259,3,3,244)
w(140,8,3,244)
r(293,5,3,244)
w(154,7,3,244)
r(311,6,3,244)
w(131,7,3,244)
w(157,4,3,244)
r(117,5,3,244)
w(125,7,3,244)
w(175,7,3,244)
r(433,8,3,244)
r(346,5,3,244)
w(129,8,3,244)
w(129,9,3,244)
w(131,8,3,244)
w(143,5,3,244)
w(177,10,3,244)
w(121,11,3,244)
w(137,6,3,244)
r(104,8,5,245)
r(227,7,5,245)
r(116,5,5,245)
r(210,5,5,245)
w(299,3,5,245)
r(241,4,5,245)
r(453,10,5,245)
w(265,8,5,245)
w(253,6,5,245)
w(268,8,5,245)
w(278,6,5,245)
r(480,4,5,245)
w(293,5,5,245)
r(258,5,5,245)
r(392,5,5,245)
r(67,4,5,245)
r(236,6,5,245)
r(314,5,5,245)
r(344,4,5,245)
r(34,4,5,245)
w(302,8,6,246)
w(321,10,6,246)
r(46,2,6,246)
w(360,11,6,246)
r(324,6,6,246)
w(303,4,6,246)
r(100,9,6,246)
r(421,4,6,246)
w(325,4,6,246)
r(217,6,6,246)
w(328,10,6,246)
r(378,6,6,246)
w(359,8,6,246)
r(465,5,6,246)
w(330,6,6,246)
w(330,7,6,246)
r(254,7,6,246)
r(406,4,6,246)
w(336,7,6,246)
w(325,5,6,246)
r(110,2,7,247)
w(372,11,7,247)
w(402,9,7,247)
w(413,6,7,247)
r(473,4,7,247)
r(478,5,7,247)
w(378,7,7,247)
w(419,5,7,247)
w(414,6,7,247)
r(178,5,7,247)
r(57,7,7,247)
w(392,6,7,247)
r(522,4,7,247)
w(378,8,7,247)
r(419,5,7,247)
w(419,6,7,247)
r(173,7,7,247)
r(350,4,7,247)
w(365,8,7,247)
r(216,7,7,247)
r(300,8,8,248)
w(422,9,8,248)
w(462,3,8,248)
w(453,9,8,248)
w(446,7,8,248)
w(429,7,8,248)
w(443,7,8,248)
w(464,6,8,248)
w(426,11,8,248)
r(157,3,8,248)
w(439,5,8,248)
w(433,8,8,248)
w(424,6,8,248)
w(443,8,8,248)
w(457,6,8,248)
r(445,8,8,248)
w(474,8,8,248)
r(56,2,8,248)
w(480,4,8,248)
w(441,8,8,248)
r(493,7,9,249)
r(195,5,9,249)
r(60,5,9,249)
r(504,4,9,249)
w(491,6,9,249)
w(508,2,9,249)
w(507,7,9,249)
w(522,4,9,249)
r(39,5,9,249)
r(268,5,9,249)
r(456,5,9,249)
r(241,4,9,249)
w(516,6,9,249)
r(154,6,9,249)
w(536,7,9,249)
w(500,7,9,249)
r(471,5,9,249)
r(351,6,9,249)
r(232,5,9,249)
w(510,8,9,249)
r(170,6,1,250)
w(39,6,1,250)
r(275,10,1,250)
r(282,6,1,250)
r(9,6,1,250)
w(57,8,1,250)
w(22,6,1,250)
r(512,5,1,250)
w(47,6,1,250)
w(25,4,1,250)
w(27,5,1,250)
w(16,6,1,250)
w(27,6,1,250)
r(364,13,1,250)
w(37,10,1,250)
w(16,7,1,250)
r(290,5,1,250)
r(44,11,1,250)
r(458,5,1,250)
w(23,5,1,250)
r(222,2,6,251)
w(345,10,6,251)
w(343,4,6,251)
w(323,10,6,251)
r(455,6,6,251)
r(498,2,6,251)
r(229,5,6,251)
r(473,4,6,251)
w(357,11,6,251)
w(332,4,6,251)
r(147,3,6,251)
w(312,8,6,251)
w(339,7,6,251)
w(321,11,6,251)
w(335,11,6,251)
r(454,5,6,251)
r(434,3,6,251)
r(349,3,6,251)
w(335,14,6,251)
r(234,2,6,251)
w(371,8,7,252)
r(480,4,7,252)
r(416,4,7,252)
r(253,6,7,252)
w(414,7,7,252)
w(385,6,7,252)
w(411,7,7,252)
r(45,3,7,252)
w(393,7,7,252)
w(381,6,7,252)
w(378,9,7,252)
r(357,11,7,252)
r(458,5,7,252)
r(142,7,7,252)
w(368,6,7,252)
r(465,5,7,252)
r(289,7,7,252)
r(129,7,7,252)
w(370,3,7,252)
w(370,4,7,252)
r(70,5,8,253)
w(450,8,8,253)
w(455,7,8,253)
w(453,10,8,253)
w(451,4,8,253)
w(441,9,8,253)
w(446,8,8,253)
w(425,4,8,253)
r(29,3,8,253)
r(160,4,8,253)
r(215,4,8,253)
w(428,6,8,253)
w(466,6,8,253)
r(110,2,8,253)
w(441,10,8,253)
w(435,5,8,253)
w(456,6,8,253)
r(358,4,8,253)
w(428,7,8,253)
r(464,6,8,253)
r(99,4,9,254)
r(253,5,9,254)
w(535,6,9,254)
r(368,5,9,254)
w(519,5,9,254)
w(526,8,9,254)
w(540,6,9,254)
r(201,6,9,254)
r(76,5,9,254)
w(499,6,9,254)
r(525,6,9,254)
w(540,7,9,254)
w(481,5,9,254)
w(501,14,9,254)
w(526,9,9,254)
w(498,3,9,254)
w(523,5,9,254)
w(519,6,9,254)
w(499,7,9,254)
r(443,8,9,254)
w(14,6,1,255)
r(513,8,1,255)
r(314,5,1,255)
r(418,7,1,255)
w(16,8,1,255)
w(60,6,1,255)
w(5,14,1,255)
r(91,5,1,255)
r(83,8,1,255)
r(507,7,1,255)
r(456,6,1,255)
r(245,2,1,255)
r(428,7,1,255)
w(2,5,1,255)
w(24,5,1,255)
w(1,7,1,255)
r(476,8,1,255)
r(205,4,1,255)
w(24,6,1,255)
r(403,5,1,255)
w(409,6,7,256)
w(395,5,7,256)
w(376,9,7,256)
w(375,7,7,256)
w(377,7,7,256)
r(174,5,7,256)
w(410,4,7,256)
w(377,8,7,256)
r(275,10,7,256)
r(259,3,7,256)
w(410,5,7,256)
w(386,2,7,256)
w(401,7,7,256)
w(407,7,7,256)
w(385,7,7,256)
w(381,7,7,256)
w(406,6,7,256)
r(358,4,7,256)
r(72,5,7,256)
w(416,5,7,256)
r(2,4,8,257)
r(348,5,8,257)
r(533,6,8,257)
r(504,4,8,257)
w(450,9,8,257)
r(331,2,8,257)
r(215,4,8,257)
r(509,6,8,257)
r(437,9,8,257)
w(430,8,8,257)
r(434,3,8,257)
w(439,6,8,257)
w(426,14,8,257)
r(217,6,8,257)
r(87,10,8,257)
r(500,7,8,257)
r(303,4,8,257)
w(435,6,8,257)
w(463,8,8,257)
r(56,2,8,257)
