w(1,1,0,0)
w(2,1,0,0)
w(3,1,0,0)
w(4,1,0,0)
w(5,1,0,0)
w(6,1,0,0)
w(7,1,0,0)
w(8,1,0,0)
w(9,1,0,0)
w(10,1,0,0)
w(11,1,0,0)
w(12,1,0,0)
w(13,1,0,0)
w(14,1,0,0)
w(15,1,0,0)
w(16,1,0,0)
w(17,1,0,0)
w(18,1,0,0)
w(19,1,0,0)
w(20,1,0,0)
w(21,1,0,0)
w(22,1,0,0)
w(23,1,0,0)
w(24,1,0,0)
w(25,1,0,0)
w(26,1,0,0)
w(27,1,0,0)
w(28,1,0,0)
w(29,1,0,0)
w(30,1,0,0)
w(31,1,0,0)
w(32,1,0,0)
w(33,1,0,0)
w(34,1,0,0)
w(35,1,0,0)
w(36,1,0,0)
w(37,1,0,0)
w(38,1,0,0)
w(39,1,0,0)
w(40,1,0,0)
w(41,1,0,0)
w(42,1,0,0)
w(43,1,0,0)
w(44,1,0,0)
w(45,1,0,0)
w(46,1,0,0)
w(47,1,0,0)
w(48,1,0,0)
w(49,1,0,0)
w(50,1,0,0)
w(51,1,0,0)
w(52,1,0,0)
w(53,1,0,0)
w(54,1,0,0)
w(55,1,0,0)
w(56,1,0,0)
w(57,1,0,0)
w(58,1,0,0)
w(59,1,0,0)
w(60,1,0,0)
w(61,1,0,0)
w(62,1,0,0)
w(63,1,0,0)
w(64,1,0,0)
w(65,1,0,0)
w(66,1,0,0)
w(67,1,0,0)
w(68,1,0,0)
w(69,1,0,0)
w(70,1,0,0)
w(71,1,0,0)
w(72,1,0,0)
w(73,1,0,0)
w(74,1,0,0)
w(75,1,0,0)
w(76,1,0,0)
w(77,1,0,0)
w(78,1,0,0)
w(79,1,0,0)
w(80,1,0,0)
w(81,1,0,0)
w(82,1,0,0)
w(83,1,0,0)
w(84,1,0,0)
w(85,1,0,0)
w(86,1,0,0)
w(87,1,0,0)
w(88,1,0,0)
w(89,1,0,0)
w(90,1,0,0)
w(91,1,0,0)
w(92,1,0,0)
w(93,1,0,0)
w(94,1,0,0)
w(95,1,0,0)
w(96,1,0,0)
w(97,1,0,0)
w(98,1,0,0)
w(99,1,0,0)
w(100,1,0,0)
w(101,1,0,0)
w(102,1,0,0)
w(103,1,0,0)
w(104,1,0,0)
w(105,1,0,0)
w(106,1,0,0)
w(107,1,0,0)
w(108,1,0,0)
w(109,1,0,0)
w(110,1,0,0)
w(111,1,0,0)
w(112,1,0,0)
w(113,1,0,0)
w(114,1,0,0)
w(115,1,0,0)
w(116,1,0,0)
w(117,1,0,0)
w(118,1,0,0)
w(119,1,0,0)
w(120,1,0,0)
w(121,1,0,0)
w(122,1,0,0)
w(123,1,0,0)
w(124,1,0,0)
w(125,1,0,0)
w(126,1,0,0)
w(127,1,0,0)
w(128,1,0,0)
w(129,1,0,0)
w(130,1,0,0)
w(131,1,0,0)
w(132,1,0,0)
w(133,1,0,0)
w(134,1,0,0)
w(135,1,0,0)
w(136,1,0,0)
w(137,1,0,0)
w(138,1,0,0)
w(139,1,0,0)
w(140,1,0,0)
w(141,1,0,0)
w(142,1,0,0)
w(143,1,0,0)
w(144,1,0,0)
w(145,1,0,0)
w(146,1,0,0)
w(147,1,0,0)
w(148,1,0,0)
w(149,1,0,0)
w(150,1,0,0)
w(151,1,0,0)
w(152,1,0,0)
w(153,1,0,0)
w(154,1,0,0)
w(155,1,0,0)
w(156,1,0,0)
w(157,1,0,0)
w(158,1,0,0)
w(159,1,0,0)
w(160,1,0,0)
w(161,1,0,0)
w(162,1,0,0)
w(163,1,0,0)
w(164,1,0,0)
w(165,1,0,0)
w(166,1,0,0)
w(167,1,0,0)
w(168,1,0,0)
w(169,1,0,0)
w(170,1,0,0)
w(171,1,0,0)
w(172,1,0,0)
w(173,1,0,0)
w(174,1,0,0)
w(175,1,0,0)
w(176,1,0,0)
w(177,1,0,0)
w(178,1,0,0)
w(179,1,0,0)
w(180,1,0,0)
w(181,1,0,0)
w(182,1,0,0)
w(183,1,0,0)
w(184,1,0,0)
w(185,1,0,0)
w(186,1,0,0)
w(187,1,0,0)
w(188,1,0,0)
w(189,1,0,0)
w(190,1,0,0)
w(191,1,0,0)
w(192,1,0,0)
w(193,1,0,0)
w(194,1,0,0)
w(195,1,0,0)
w(196,1,0,0)
w(197,1,0,0)
w(198,1,0,0)
w(199,1,0,0)
w(200,1,0,0)
w(201,1,0,0)
w(202,1,0,0)
w(203,1,0,0)
w(204,1,0,0)
w(205,1,0,0)
w(206,1,0,0)
w(207,1,0,0)
w(208,1,0,0)
w(209,1,0,0)
w(210,1,0,0)
w(211,1,0,0)
w(212,1,0,0)
w(213,1,0,0)
w(214,1,0,0)
w(215,1,0,0)
w(216,1,0,0)
w(217,1,0,0)
w(218,1,0,0)
w(219,1,0,0)
w(220,1,0,0)
w(221,1,0,0)
w(222,1,0,0)
w(223,1,0,0)
w(224,1,0,0)
w(225,1,0,0)
w(226,1,0,0)
w(227,1,0,0)
w(228,1,0,0)
w(229,1,0,0)
w(230,1,0,0)
w(231,1,0,0)
w(232,1,0,0)
w(233,1,0,0)
w(234,1,0,0)
w(235,1,0,0)
w(236,1,0,0)
w(237,1,0,0)
w(238,1,0,0)
w(239,1,0,0)
w(240,1,0,0)
w(241,1,0,0)
w(242,1,0,0)
w(243,1,0,0)
w(244,1,0,0)
w(245,1,0,0)
w(246,1,0,0)
w(247,1,0,0)
w(248,1,0,0)
w(249,1,0,0)
w(250,1,0,0)
w(251,1,0,0)
w(252,1,0,0)
w(253,1,0,0)
w(254,1,0,0)
w(255,1,0,0)
w(256,1,0,0)
w(257,1,0,0)
w(258,1,0,0)
w(259,1,0,0)
w(260,1,0,0)
w(261,1,0,0)
w(262,1,0,0)
w(263,1,0,0)
w(264,1,0,0)
w(265,1,0,0)
w(266,1,0,0)
w(267,1,0,0)
w(268,1,0,0)
w(269,1,0,0)
w(270,1,0,0)
w(271,1,0,0)
w(272,1,0,0)
w(273,1,0,0)
w(274,1,0,0)
w(275,1,0,0)
w(276,1,0,0)
w(277,1,0,0)
w(278,1,0,0)
w(279,1,0,0)
w(280,1,0,0)
w(281,1,0,0)
w(282,1,0,0)
w(283,1,0,0)
w(284,1,0,0)
w(285,1,0,0)
w(286,1,0,0)
w(287,1,0,0)
w(288,1,0,0)
w(289,1,0,0)
w(290,1,0,0)
w(291,1,0,0)
w(292,1,0,0)
w(293,1,0,0)
w(294,1,0,0)
w(295,1,0,0)
w(296,1,0,0)
w(297,1,0,0)
w(298,1,0,0)
w(299,1,0,0)
w(300,1,0,0)
w(301,1,0,0)
w(302,1,0,0)
w(303,1,0,0)
w(304,1,0,0)
w(305,1,0,0)
w(306,1,0,0)
w(307,1,0,0)
w(308,1,0,0)
w(309,1,0,0)
w(310,1,0,0)
w(311,1,0,0)
w(312,1,0,0)
w(313,1,0,0)
w(314,1,0,0)
w(315,1,0,0)
w(316,1,0,0)
w(317,1,0,0)
w(318,1,0,0)
w(319,1,0,0)
w(320,1,0,0)
w(321,1,0,0)
w(322,1,0,0)
w(323,1,0,0)
w(324,1,0,0)
w(325,1,0,0)
w(326,1,0,0)
w(327,1,0,0)
w(328,1,0,0)
w(329,1,0,0)
w(330,1,0,0)
w(331,1,0,0)
w(332,1,0,0)
w(333,1,0,0)
w(334,1,0,0)
w(335,1,0,0)
w(336,1,0,0)
w(337,1,0,0)
w(338,1,0,0)
w(339,1,0,0)
w(340,1,0,0)
w(341,1,0,0)
w(342,1,0,0)
w(343,1,0,0)
w(344,1,0,0)
w(345,1,0,0)
w(346,1,0,0)
w(347,1,0,0)
w(348,1,0,0)
w(349,1,0,0)
w(350,1,0,0)
w(351,1,0,0)
w(352,1,0,0)
w(353,1,0,0)
w(354,1,0,0)
w(355,1,0,0)
w(356,1,0,0)
w(357,1,0,0)
w(358,1,0,0)
w(359,1,0,0)
w(360,1,0,0)
r(189,1,1,1)
w(132,2,1,1)
w(322,2,1,1)
w(220,2,1,1)
w(36,2,1,1)
w(57,2,1,1)
w(79,2,1,1)
w(152,2,1,1)
r(1,1,1,1)
w(165,2,1,1)
w(183,2,1,1)
w(10,2,1,1)
r(73,1,1,1)
w(7,2,1,1)
r(1,1,1,1)
w(342,2,1,1)
r(294,1,1,1)
w(76,2,1,1)
w(120,2,1,1)
r(104,1,1,1)
r(53,1,1,1)
w(134,2,1,1)
r(238,1,1,1)
r(40,1,1,1)
r(44,1,1,1)
r(179,1,1,1)
w(253,2,1,1)
w(88,2,1,1)
w(253,3,1,1)
r(158,1,1,1)
r(305,1,1,1)
w(351,2,1,1)
w(213,2,1,1)
r(342,2,1,1)
w(192,2,1,1)
r(116,1,1,1)
r(115,1,1,1)
w(154,2,1,1)
w(151,2,1,1)
r(104,1,1,1)
w(27,2,1,1)
w(268,2,1,1)
w(112,2,1,1)
r(1,1,1,1)
w(39,2,1,1)
r(93,1,1,1)
w(111,2,1,1)
r(33,1,1,1)
w(12,2,1,1)
w(137,2,1,1)
w(208,3,2,2)
r(274,1,2,2)
w(358,7,2,2)
r(37,1,2,2)
w(203,2,2,2)
w(121,5,2,2)
w(78,18,2,2)
r(71,1,2,2)
r(278,1,2,2)
r(48,1,2,2)
r(227,1,2,2)
w(243,7,2,2)
w(327,14,2,2)
w(298,6,2,2)
w(133,3,2,2)
r(337,1,2,2)
r(316,1,2,2)
r(141,1,2,2)
r(313,1,2,2)
w(181,7,2,2)
r(358,7,2,2)
r(359,1,2,2)
r(148,1,2,2)
w(246,5,2,2)
r(219,1,2,2)
r(153,1,2,2)
w(56,5,2,2)
w(177,15,2,2)
r(166,1,2,2)
w(218,3,2,2)
w(28,14,2,2)
w(173,5,2,2)
r(222,1,3,3)
r(239,1,3,3)
r(175,1,3,3)
w(180,18,3,3)
r(142,1,3,3)
w(196,14,3,3)
w(12,7,3,3)
w(152,7,3,3)
r(73,1,3,3)
w(209,5,3,3)
r(303,1,3,3)
w(231,3,3,3)
w(121,7,3,3)
r(168,1,3,3)
w(240,14,3,3)
w(312,3,3,3)
r(295,1,3,3)
r(276,1,3,3)
r(5,1,3,3)
r(193,1,3,3)
w(143,4,3,3)
w(312,5,3,3)
r(19,1,3,3)
w(76,12,3,3)
w(278,14,3,3)
w(89,5,3,3)
r(48,1,3,3)
w(72,15,3,3)
r(135,1,4,4)
r(273,1,4,4)
r(130,1,4,4)
r(79,1,4,4)
w(79,4,4,4)
r(234,1,4,4)
r(293,1,4,4)
r(354,1,4,4)
r(241,1,4,4)
w(359,12,4,4)
r(192,1,4,4)
w(184,14,4,4)
w(88,15,4,4)
w(193,18,4,4)
r(173,1,4,4)
w(270,8,4,4)
w(72,4,4,4)
r(234,1,4,4)
w(56,4,4,4)
w(286,18,4,4)
r(323,1,4,4)
w(155,18,4,4)
w(182,14,4,4)
r(345,1,4,4)
r(160,1,4,4)
w(118,7,4,4)
w(321,18,4,4)
r(2,1,4,4)
r(108,1,4,4)
r(29,1,4,4)
r(12,1,4,4)
r(281,1,5,5)
r(167,1,5,5)
w(247,6,5,5)
r(211,1,5,5)
r(22,1,5,5)
w(329,6,5,5)
r(59,1,5,5)
w(223,10,5,5)
w(271,4,5,5)
w(121,6,5,5)
r(2,1,5,5)
w(145,11,5,5)
r(8,1,5,5)
r(253,1,5,5)
w(95,11,5,5)
w(334,16,5,5)
w(213,8,5,5)
r(284,1,5,5)
w(355,11,5,5)
w(47,6,5,5)
r(124,1,5,5)
w(73,15,5,5)
w(204,8,5,5)
r(79,1,5,5)
r(280,1,5,5)
r(149,1,5,5)
r(283,1,5,5)
w(148,4,5,5)
w(210,2,5,5)
r(317,1,5,5)
w(215,21,5,5)
r(346,1,5,5)
w(282,11,5,5)
r(52,1,5,5)
r(350,1,5,5)
w(320,8,5,5)
r(133,1,5,5)
w(152,9,5,5)
r(346,1,5,5)
w(26,8,5,5)
w(74,15,5,5)
r(14,1,5,5)
w(88,4,5,5)
w(18,18,5,5)
w(164,6,5,5)
r(173,1,6,6)
r(103,1,6,6)
r(82,1,6,6)
w(301,16,6,6)
r(144,1,6,6)
r(150,1,6,6)
r(191,1,6,6)
r(208,1,6,6)
w(312,12,6,6)
w(4,10,6,6)
r(345,1,6,6)
r(36,2,6,6)
w(303,18,6,6)
r(21,1,6,6)
r(110,1,6,6)
w(57,10,6,6)
w(69,4,6,6)
r(218,1,6,6)
r(202,1,6,6)
w(142,14,6,6)
r(246,1,6,6)
w(353,4,6,6)
r(92,1,6,6)
w(76,9,6,6)
w(216,16,6,6)
r(119,1,6,6)
w(147,16,6,6)
r(282,1,1,7)
w(138,2,1,7)
r(203,1,1,7)
r(297,1,1,7)
r(52,1,1,7)
r(10,2,1,7)
r(240,1,1,7)
w(298,2,1,7)
r(345,1,1,7)
r(123,1,1,7)
w(95,2,1,7)
r(332,1,1,7)
r(124,1,1,7)
r(42,1,1,7)
w(257,2,1,7)
r(353,1,2,8)
r(155,1,2,8)
w(220,7,2,8)
r(58,1,2,8)
w(360,3,2,8)
w(271,7,2,8)
r(138,1,2,8)
w(50,5,2,8)
w(314,14,2,8)
w(162,7,2,8)
r(302,1,2,8)
r(298,1,2,8)
w(71,14,2,8)
r(253,3,2,8)
w(21,15,2,8)
r(29,1,2,8)
w(211,14,2,8)
w(336,7,2,8)
w(136,5,2,8)
r(130,1,2,8)
w(32,14,2,8)
r(118,1,2,8)
w(226,3,2,8)
w(348,3,2,8)
w(313,3,2,8)
r(16,1,2,8)
r(107,1,2,8)
r(129,1,2,8)
w(204,5,2,8)
r(152,2,2,8)
r(140,1,2,8)
r(243,1,2,8)
w(44,3,2,8)
w(72,5,2,8)
r(203,1,2,8)
r(93,1,2,8)
w(201,14,2,8)
w(224,18,2,8)
w(165,7,2,8)
w(230,7,2,8)
w(204,7,2,8)
w(357,14,2,8)
r(306,1,2,8)
r(75,1,2,8)
r(336,7,2,8)
w(196,5,2,8)
r(285,1,2,8)
r(327,1,2,8)
w(272,14,2,8)
w(166,7,2,8)
w(291,15,3,9)
w(108,5,3,9)
w(251,6,3,9)
w(78,16,3,9)
w(275,14,3,9)
w(283,14,3,9)
r(202,1,3,9)
r(262,1,3,9)
r(221,1,3,9)
r(118,1,3,9)
r(355,1,3,9)
w(304,14,3,9)
r(278,1,3,9)
r(46,1,3,9)
w(325,5,3,9)
r(347,1,3,9)
r(14,1,3,9)
r(292,1,3,9)
w(194,18,3,9)
r(49,1,3,9)
r(236,1,3,9)
r(41,1,3,9)
r(289,9,3,9)
w(3,15,3,9)
w(14,6,3,9)
r(16,1,3,9)
w(343,5,3,9)
r(330,1,3,9)
r(21,15,3,9)
w(47,7,3,9)
r(113,1,3,9)
w(181,15,3,9)
w(299,5,3,9)
w(188,5,3,9)
r(47,7,3,9)
r(41,1,3,9)
w(252,14,3,9)
r(105,1,3,9)
r(133,1,3,9)
w(44,7,3,9)
w(295,2,3,9)
w(181,18,3,9)
r(297,1,3,9)
r(79,2,3,9)
w(307,2,3,9)
w(204,6,3,9)
r(154,2,3,9)
r(182,1,3,9)
r(320,1,3,9)
w(51,18,3,9)
w(203,6,4,10)
w(208,15,4,10)
w(331,4,4,10)
w(353,18,4,10)
r(9,1,4,10)
w(92,18,4,10)
w(311,18,4,10)
w(359,11,4,10)
w(203,4,4,10)
w(258,6,4,10)
r(291,1,4,10)
r(101,1,4,10)
w(322,6,4,10)
w(119,14,4,10)
r(330,1,4,10)
w(239,6,4,10)
r(192,2,4,10)
r(203,4,4,10)
r(195,1,4,10)
w(117,12,4,10)
w(260,7,4,10)
w(257,11,4,10)
r(89,1,4,10)
w(267,7,4,10)
w(130,6,4,10)
r(141,1,4,10)
w(275,4,4,10)
r(291,1,4,10)
w(146,18,4,10)
r(268,2,4,10)
r(209,1,4,10)
w(293,11,4,10)
r(26,1,4,10)
r(17,1,4,10)
w(113,15,4,10)
r(274,1,4,10)
r(55,1,4,10)
w(253,4,4,10)
r(251,1,4,10)
w(321,6,4,10)
w(163,14,4,10)
w(297,18,4,10)
w(338,12,5,11)
w(73,18,5,11)
r(255,1,5,11)
r(190,1,5,11)
r(52,1,5,11)
w(247,4,5,11)
w(304,12,5,11)
r(255,1,5,11)
r(188,1,5,11)
r(279,1,5,11)
r(105,1,5,11)
w(232,15,5,11)
r(45,1,5,11)
w(213,9,5,11)
r(95,1,5,11)
w(270,21,5,11)
r(170,1,5,11)
r(291,1,5,11)
r(155,1,5,11)
r(94,1,5,11)
w(136,8,5,11)
w(30,6,5,11)
w(163,18,5,11)
r(258,1,5,11)
w(204,9,5,11)
w(25,4,5,11)
r(88,2,5,11)
r(32,14,5,11)
r(16,1,5,11)
r(142,1,5,11)
r(6,1,5,11)
w(287,10,5,11)
w(36,11,5,11)
w(346,16,5,11)
r(168,1,5,11)
r(259,1,5,11)
r(36,11,5,11)
r(273,1,5,11)
w(114,12,5,11)
r(99,1,5,11)
r(216,1,5,11)
r(11,1,5,11)
r(5,1,5,11)
w(125,16,5,11)
r(139,1,5,11)
r(192,2,5,11)
r(147,1,5,11)
w(203,8,5,11)
r(128,1,5,11)
r(343,1,5,11)
w(324,6,6,12)
w(333,4,6,12)
r(55,1,6,12)
w(34,8,6,12)
r(130,1,6,12)
w(169,6,6,12)
w(247,11,6,12)
r(114,12,6,12)
w(30,12,6,12)
r(241,1,6,12)
r(242,1,6,12)
r(143,1,6,12)
r(9,1,6,12)
w(289,9,6,12)
r(236,1,6,12)
w(346,17,6,12)
r(249,1,6,12)
r(196,5,6,12)
r(254,1,6,12)
r(46,1,6,12)
r(240,1,6,12)
w(324,4,6,12)
r(139,1,6,12)
r(83,1,6,12)
w(187,6,6,12)
r(155,1,6,12)
r(110,1,6,12)
w(308,13,6,12)
r(46,1,6,12)
r(158,1,6,12)
w(100,12,6,12)
r(20,1,6,12)
r(110,1,6,12)
w(220,11,6,12)
w(145,9,6,12)
r(232,15,6,12)
w(130,10,6,12)
r(258,1,6,12)
w(334,11,6,12)
w(335,12,6,12)
w(353,16,6,12)
w(316,6,6,12)
w(72,9,6,12)
r(65,1,6,12)
r(352,1,6,12)
r(328,1,6,12)
r(18,1,6,12)
r(271,7,6,12)
r(41,1,6,12)
w(5,16,6,12)
r(291,1,1,13)
w(77,2,1,13)
w(294,2,1,13)
w(83,2,1,13)
w(47,2,1,13)
r(189,1,1,13)
r(176,1,1,13)
r(11,1,1,13)
w(351,3,1,13)
r(263,1,1,13)
w(321,2,1,13)
r(241,1,1,13)
r(238,1,1,13)
w(64,3,1,13)
w(270,2,1,13)
w(249,3,1,13)
w(266,2,1,13)
r(313,3,2,14)
r(305,1,2,14)
w(149,14,2,14)
r(19,1,2,14)
r(166,7,2,14)
w(296,2,2,14)
r(304,12,2,14)
w(237,5,2,14)
w(15,2,2,14)
w(188,3,2,14)
r(319,1,2,14)
w(154,7,2,14)
w(79,7,2,14)
w(255,18,2,14)
w(173,7,2,14)
r(222,1,2,14)
r(182,1,2,14)
r(340,1,2,14)
r(304,12,2,14)
w(127,14,2,14)
w(14,7,2,14)
r(194,1,2,14)
w(342,5,2,14)
w(220,14,2,14)
w(142,2,2,14)
r(140,1,2,14)
w(283,5,2,14)
w(251,5,2,14)
w(138,7,2,14)
w(207,5,2,14)
r(179,1,2,14)
w(203,3,2,14)
w(132,5,2,14)
w(202,14,2,14)
w(37,2,2,14)
r(170,1,2,14)
w(189,3,2,14)
r(304,12,2,14)
w(1,14,2,14)
w(22,14,2,14)
w(87,3,2,14)
w(63,7,2,14)
w(99,3,2,14)
r(60,1,2,14)
r(108,1,2,14)
r(231,1,2,14)
r(220,14,2,14)
w(214,5,2,14)
w(308,5,2,14)
w(358,15,3,15)
r(303,1,3,15)
r(32,14,3,15)
w(242,15,3,15)
r(48,1,3,15)
w(221,14,3,15)
r(327,1,3,15)
r(344,1,3,15)
r(265,1,3,15)
w(79,18,3,15)
w(111,16,3,15)
r(48,1,3,15)
r(325,5,3,15)
r(232,15,3,15)
w(42,5,3,15)
r(17,1,3,15)
w(352,3,3,15)
r(74,1,3,15)
r(317,1,3,15)
r(294,1,3,15)
r(340,1,3,15)
r(349,1,3,15)
w(154,18,3,15)
w(295,3,3,15)
r(104,1,3,15)
r(14,6,3,15)
w(93,12,4,16)
r(154,2,4,16)
r(79,2,4,16)
w(340,5,4,16)
r(187,6,4,16)
w(317,4,4,16)
r(182,1,4,16)
w(48,18,4,16)
w(345,7,4,16)
r(211,14,4,16)
w(177,4,4,16)
r(338,12,4,16)
w(274,15,4,16)
w(171,11,5,17)
w(146,12,5,17)
r(17,1,5,17)
r(170,1,5,17)
w(231,11,5,17)
w(245,15,5,17)
r(222,1,5,17)
w(105,16,5,17)
r(232,15,5,17)
w(281,4,5,17)
r(107,1,5,17)
w(225,12,5,17)
w(358,11,5,17)
r(340,1,5,17)
r(357,14,5,17)
r(192,2,5,17)
w(38,12,5,17)
w(287,17,5,17)
r(109,1,5,17)
w(56,9,5,17)
w(62,18,5,17)
w(348,11,5,17)
r(98,1,5,17)
w(295,6,5,17)
r(88,2,5,17)
w(81,18,5,17)
r(202,1,5,17)
r(81,18,5,17)
w(22,8,5,17)
w(311,4,5,17)
r(184,1,5,17)
r(354,1,6,18)
w(222,16,6,18)
r(354,1,6,18)
r(313,3,6,18)
w(134,8,6,18)
r(155,1,6,18)
w(291,13,6,18)
r(134,8,6,18)
w(149,17,6,18)
w(165,8,6,18)
r(249,1,6,18)
w(286,12,6,18)
w(292,9,6,18)
r(6,1,6,18)
w(4,17,6,18)
w(61,16,6,18)
w(347,8,6,18)
w(27,9,6,18)
w(345,15,6,18)
w(29,11,6,18)
w(81,4,6,18)
w(32,10,6,18)
w(267,8,6,18)
r(56,1,6,18)
w(234,12,6,18)
w(44,6,6,18)
w(121,11,6,18)
r(334,11,6,18)
r(347,8,6,18)
r(63,1,6,18)
r(230,7,6,18)
w(40,16,6,18)
r(119,1,6,18)
w(181,8,6,18)
w(75,16,6,18)
r(187,6,6,18)
w(174,12,6,18)
w(110,8,6,18)
r(90,1,6,18)
r(327,1,6,18)
r(245,1,6,18)
r(67,1,6,18)
r(249,1,6,18)
w(333,16,6,18)
w(227,17,6,18)
r(99,1,6,18)
w(265,16,6,18)
w(301,12,6,18)
r(59,1,6,18)
r(269,1,6,18)
r(276,1,1,19)
w(255,2,1,19)
r(9,1,1,19)
w(193,2,1,19)
w(162,2,1,19)
w(169,2,1,19)
w(45,2,1,19)
r(143,1,1,19)
r(266,1,1,19)
w(157,2,1,19)
w(263,2,1,19)
w(38,2,1,19)
w(280,2,1,19)
w(55,3,1,19)
r(6,1,1,19)
w(35,2,1,19)
w(344,2,1,19)
r(25,4,1,19)
r(35,2,1,19)
w(17,2,1,19)
w(162,3,1,19)
w(125,2,1,19)
w(261,2,1,19)
w(139,2,1,19)
w(3,2,1,19)
w(64,5,1,19)
r(284,1,1,19)
r(47,1,1,19)
r(275,1,1,19)
r(169,2,1,19)
r(138,1,1,19)
r(28,1,1,19)
r(197,1,1,19)
w(243,2,1,19)
r(38,2,1,19)
r(138,1,1,19)
w(143,2,1,19)
w(293,2,1,19)
r(169,2,1,19)
r(238,1,1,19)
w(355,2,1,19)
w(144,2,1,19)
w(111,3,1,19)
r(157,2,1,19)
r(353,16,2,20)
r(283,14,2,20)
w(292,5,2,20)
w(270,14,2,20)
w(241,14,2,20)
r(294,1,2,20)
w(105,3,2,20)
r(288,1,2,20)
w(148,3,2,20)
r(47,7,2,20)
w(357,15,2,20)
w(251,7,2,20)
r(103,1,2,20)
w(15,3,2,20)
w(205,5,2,20)
w(269,5,2,20)
w(124,5,2,20)
w(284,5,2,20)
r(178,1,2,20)
w(256,5,2,20)
r(129,1,2,20)
r(296,1,2,20)
w(300,2,2,20)
w(170,3,2,20)
r(304,14,2,20)
r(5,16,2,20)
w(64,15,2,20)
w(34,18,2,20)
w(128,15,2,20)
w(309,2,2,20)
w(111,5,2,20)
r(24,1,2,20)
r(75,1,2,20)
w(212,2,2,20)
r(223,1,2,20)
w(177,18,2,20)
w(57,15,2,20)
w(296,3,2,20)
r(143,1,2,20)
w(343,3,2,20)
r(73,18,2,20)
r(246,1,2,20)
w(320,7,2,20)
w(10,4,3,21)
w(231,5,3,21)
r(197,1,3,21)
r(60,1,3,21)
r(263,1,3,21)
r(112,2,3,21)
w(24,14,3,21)
w(27,18,3,21)
r(299,5,3,21)
w(240,15,3,21)
w(195,7,3,21)
w(154,6,3,21)
w(53,5,3,21)
r(219,1,4,22)
w(113,18,4,22)
r(15,1,4,22)
w(3,4,4,22)
r(240,1,4,22)
w(15,16,4,22)
r(259,1,4,22)
w(1,4,4,22)
r(138,1,4,22)
w(112,15,4,22)
r(214,1,4,22)
w(275,16,4,22)
w(307,5,4,22)
r(351,2,4,22)
r(58,1,4,22)
w(97,18,4,22)
r(213,9,4,22)
w(181,6,4,22)
w(26,12,4,22)
r(126,1,4,22)
w(328,5,4,22)
w(319,15,4,22)
w(133,7,4,22)
w(55,16,4,22)
r(199,1,4,22)
r(34,8,4,22)
r(267,8,4,22)
r(177,1,4,22)
r(256,1,4,22)
r(63,1,4,22)
r(329,1,4,22)
r(218,1,4,22)
w(97,6,4,22)
w(217,6,4,22)
w(55,12,4,22)
w(244,15,4,22)
r(101,1,4,22)
w(196,6,4,22)
r(311,1,4,22)
r(251,6,4,22)
w(318,14,4,22)
r(102,1,4,22)
r(114,12,4,22)
r(344,1,4,22)
r(204,6,4,22)
w(255,12,4,22)
r(69,1,4,22)
r(113,18,4,22)
r(243,1,4,22)
w(353,6,4,22)
r(219,1,5,23)
r(252,14,5,23)
w(44,18,5,23)
r(307,2,5,23)
w(198,12,5,23)
w(238,15,5,23)
r(113,1,5,23)
r(154,2,5,23)
w(338,11,5,23)
r(117,1,5,23)
w(100,6,5,23)
r(138,1,5,23)
w(300,6,5,23)
r(164,1,5,23)
w(312,18,5,23)
r(25,4,5,23)
w(164,4,5,23)
r(143,1,5,23)
r(312,18,5,23)
w(335,18,5,23)
w(233,8,5,23)
r(42,1,5,23)
w(149,13,5,23)
r(101,1,5,23)
w(265,15,5,23)
r(263,1,5,23)
w(106,7,5,23)
w(278,16,5,23)
w(302,18,5,23)
r(278,16,5,23)
r(283,14,5,23)
w(282,8,5,23)
r(39,2,5,23)
w(170,6,5,23)
r(170,6,5,23)
w(190,14,5,23)
r(15,1,5,23)
r(145,9,5,23)
w(2,16,6,24)
r(50,5,6,24)
w(40,12,6,24)
r(237,2,6,24)
r(108,5,6,24)
w(6,6,6,24)
w(122,12,6,24)
r(33,1,6,24)
w(144,9,6,24)
r(354,1,6,24)
r(160,1,6,24)
r(56,1,6,24)
w(181,9,6,24)
w(253,11,6,24)
w(253,8,6,24)
w(188,18,6,24)
w(180,9,6,24)
w(181,13,6,24)
w(10,17,6,24)
r(75,16,6,24)
r(247,11,6,24)
r(354,1,6,24)
w(304,9,6,24)
r(340,1,6,24)
w(269,22,6,24)
r(281,1,6,24)
r(356,1,6,24)
w(22,13,6,24)
r(30,12,6,24)
r(118,1,6,24)
r(119,1,6,24)
w(122,2,1,25)
w(273,2,1,25)
r(340,1,1,25)
r(23,1,1,25)
w(236,2,1,25)
r(38,1,1,25)
w(146,2,1,25)
r(109,1,1,25)
r(187,6,1,25)
r(234,1,1,25)
w(138,3,1,25)
w(32,2,1,25)
r(172,1,1,25)
r(315,1,1,25)
w(193,3,1,25)
w(180,2,1,25)
r(218,1,1,25)
r(60,1,1,25)
r(44,7,1,25)
r(175,1,1,25)
r(10,2,1,25)
w(264,2,1,25)
w(94,2,1,25)
w(26,2,1,25)
w(60,2,1,25)
w(293,3,1,25)
w(131,2,1,25)
w(53,2,1,25)
w(206,2,1,25)
w(283,2,1,25)
w(49,3,1,25)
r(133,1,1,25)
w(183,3,1,25)
r(258,1,1,25)
w(164,2,1,25)
r(136,8,1,25)
w(171,2,1,25)
w(293,15,2,26)
r(56,1,2,26)
r(26,1,2,26)
w(79,14,2,26)
r(312,1,2,26)
w(268,6,2,26)
w(264,14,2,26)
r(149,17,2,26)
w(230,14,2,26)
w(116,3,2,26)
r(309,1,2,26)
r(142,1,2,26)
w(287,2,2,26)
w(134,3,2,26)
w(102,15,2,26)
r(94,1,2,26)
w(333,5,2,26)
w(62,5,2,26)
w(263,3,2,26)
w(315,5,2,26)
r(224,18,2,26)
r(82,1,2,26)
w(111,7,2,26)
r(321,1,2,26)
w(360,5,2,26)
r(175,1,2,26)
r(200,1,2,26)
w(341,2,2,26)
w(93,7,2,26)
w(184,5,2,26)
r(247,11,2,26)
w(329,2,2,26)
w(250,3,2,26)
w(140,2,2,26)
w(154,14,2,26)
r(140,2,2,26)
w(183,6,2,26)
w(219,2,2,26)
r(151,2,2,26)
w(70,7,2,26)
w(38,14,2,26)
w(237,7,2,26)
w(231,7,3,27)
r(77,1,3,27)
w(200,2,3,27)
w(22,16,3,27)
r(222,16,3,27)
w(5,7,3,27)
w(90,3,3,27)
r(81,4,3,27)
w(215,12,3,27)
w(50,18,3,27)
w(115,5,4,28)
w(73,7,4,28)
r(280,1,4,28)
r(245,1,4,28)
r(92,1,4,28)
w(182,15,4,28)
w(161,15,4,28)
w(148,18,4,28)
r(299,5,4,28)
w(88,6,4,28)
r(92,1,4,28)
w(217,4,4,28)
r(281,1,4,28)
w(150,18,4,28)
r(248,1,4,28)
w(135,14,4,28)
w(9,18,4,28)
w(172,18,4,28)
w(177,16,4,28)
w(14,11,4,28)
w(117,11,4,28)
w(111,11,4,28)
w(276,14,4,28)
w(68,7,4,28)
w(133,14,4,28)
r(73,7,4,28)
r(160,1,4,28)
r(237,2,4,28)
w(287,12,4,28)
r(255,14,4,28)
r(282,1,4,28)
w(98,4,4,28)
w(138,18,4,28)
r(341,1,4,28)
r(80,1,4,28)
r(84,1,4,28)
r(128,1,4,28)
w(241,16,4,28)
r(148,18,4,28)
w(320,12,4,28)
w(181,4,4,28)
w(327,6,4,28)
w(242,16,4,28)
r(197,1,4,28)
r(137,3,4,28)
r(134,8,4,28)
r(215,1,4,28)
w(129,18,4,28)
r(37,1,4,28)
w(352,14,4,28)
r(295,2,5,29)
w(25,12,5,29)
w(290,6,5,29)
r(133,1,5,29)
w(289,11,5,29)
w(260,15,5,29)
r(331,1,5,29)
w(93,11,5,29)
r(42,1,5,29)
r(268,2,5,29)
w(269,10,5,29)
w(279,11,5,29)
r(332,1,5,29)
r(196,5,5,29)
r(225,1,5,29)
w(176,6,5,29)
w(34,12,5,29)
r(99,1,5,29)
w(6,15,5,29)
w(22,10,6,30)
r(230,3,6,30)
w(334,8,6,30)
w(319,11,6,30)
w(259,13,6,30)
w(31,12,6,30)
w(254,16,6,30)
r(178,1,6,30)
r(93,1,6,30)
w(98,12,6,30)
r(107,1,6,30)
r(247,11,6,30)
w(277,2,1,31)
w(84,2,1,31)
r(199,1,1,31)
r(292,9,1,31)
r(83,1,1,31)
r(145,9,1,31)
r(88,2,1,31)
w(357,2,1,31)
w(104,2,1,31)
r(355,1,1,31)
w(35,3,1,31)
w(43,2,1,31)
w(60,3,1,31)
r(145,9,1,31)
r(145,9,1,31)
r(43,2,1,31)
w(304,2,1,31)
r(32,10,1,31)
r(316,6,1,31)
r(332,1,1,31)
r(59,1,1,31)
w(84,3,1,31)
w(255,3,1,31)
r(350,1,1,31)
w(57,3,1,31)
r(124,1,1,31)
r(103,1,1,31)
w(253,7,1,31)
w(190,2,1,31)
w(257,5,1,31)
r(213,9,2,32)
r(72,9,2,32)
w(257,18,2,32)
r(284,1,2,32)
w(40,7,2,32)
w(154,15,2,32)
r(319,2,2,32)
w(118,2,2,32)
w(222,2,2,32)
r(298,1,2,32)
r(211,14,2,32)
w(341,3,2,32)
r(25,4,2,32)
w(226,5,2,32)
r(67,1,2,32)
r(66,1,2,32)
w(14,15,2,32)
r(276,14,2,32)
r(123,1,2,32)
w(303,2,2,32)
r(12,2,2,32)
r(264,1,2,32)
w(136,7,2,32)
r(74,1,2,32)
w(291,7,2,32)
w(226,7,2,32)
w(244,5,2,32)
r(262,1,2,32)
w(30,3,2,32)
w(283,7,2,32)
r(195,1,2,32)
w(70,14,2,32)
r(302,1,2,32)
r(358,1,2,32)
w(186,5,2,32)
r(230,3,2,32)
r(15,16,2,32)
r(24,1,2,32)
w(178,3,2,32)
r(75,16,3,33)
w(334,15,3,33)
r(45,1,3,33)
r(119,1,3,33)
w(300,7,3,33)
w(313,5,3,33)
r(6,1,3,33)
r(210,1,3,33)
w(357,4,3,33)
r(10,2,3,33)
w(40,15,3,33)
r(31,1,3,33)
w(52,14,3,33)
r(163,18,3,33)
r(6,1,3,33)
w(200,3,3,33)
w(282,7,3,33)
r(335,12,3,33)
r(72,9,3,33)
w(55,14,3,33)
w(56,15,3,33)
w(10,16,3,33)
w(129,5,3,33)
r(254,1,3,33)
w(136,15,3,33)
r(235,1,3,33)
r(82,1,3,33)
r(354,1,3,33)
r(299,5,3,33)
r(105,1,4,34)
r(90,1,4,34)
r(271,7,4,34)
w(53,14,4,34)
r(265,16,4,34)
r(100,12,4,34)
r(237,2,4,34)
r(292,9,4,34)
r(182,15,4,34)
r(176,1,4,34)
w(39,15,4,34)
r(131,1,4,34)
r(288,1,4,34)
w(36,18,4,34)
r(95,1,4,34)
w(311,6,4,34)
r(198,1,4,34)
w(225,4,4,34)
r(29,11,4,34)
r(71,14,4,34)
r(139,1,4,34)
w(278,18,4,34)
r(91,1,4,34)
r(18,1,4,34)
w(21,4,4,34)
w(130,4,4,34)
w(207,6,4,34)
w(104,6,4,34)
w(36,6,4,34)
r(113,18,4,34)
w(328,7,4,34)
r(52,1,4,34)
w(198,18,4,34)
w(91,3,4,34)
r(235,1,4,34)
w(110,18,4,34)
w(233,4,4,34)
w(10,12,4,34)
w(208,18,4,34)
w(56,16,4,34)
r(126,1,5,35)
r(280,1,5,35)
w(114,11,5,35)
r(233,1,5,35)
w(244,18,5,35)
w(249,6,5,35)
w(12,18,5,35)
r(53,1,5,35)
w(120,18,5,35)
w(341,6,5,35)
r(58,1,5,35)
r(144,1,5,35)
w(192,11,6,36)
r(73,7,6,36)
w(12,16,6,36)
r(310,2,6,36)
w(99,11,6,36)
w(329,9,6,36)
w(226,12,6,36)
w(344,18,6,36)
w(127,8,6,36)
r(353,2,6,36)
r(69,1,6,36)
w(310,12,6,36)
w(84,6,6,36)
r(99,11,6,36)
w(311,3,1,37)
r(29,11,1,37)
r(310,1,1,37)
r(174,12,1,37)
r(36,11,1,37)
w(137,3,1,37)
r(17,1,1,37)
w(63,2,1,37)
r(157,1,1,37)
r(262,1,1,37)
w(246,2,1,37)
r(292,9,1,37)
r(148,1,1,37)
w(339,3,1,37)
r(266,1,1,37)
w(255,5,1,37)
w(319,2,1,37)
w(270,3,1,37)
r(154,2,1,37)
r(116,1,1,37)
r(249,1,1,37)
w(101,2,1,37)
r(308,13,1,37)
w(269,2,1,37)
w(42,2,1,37)
r(350,1,1,37)
r(322,2,1,37)
w(237,2,1,37)
w(255,7,1,37)
r(228,1,1,37)
w(335,2,1,37)
r(89,1,1,37)
r(335,2,1,37)
w(17,3,1,37)
r(150,1,1,37)
w(230,3,1,37)
r(161,1,1,37)
w(310,2,1,37)
w(273,3,1,37)
w(322,3,1,37)
r(260,1,1,37)
w(255,14,1,37)
w(109,2,1,37)
w(252,2,1,37)
r(52,1,1,37)
w(233,3,1,37)
r(38,1,1,37)
w(31,2,1,37)
w(353,2,1,37)
w(27,3,1,37)
r(201,14,2,38)
w(239,7,2,38)
w(93,14,2,38)
w(8,5,2,38)
w(195,5,2,38)
w(9,5,2,38)
w(273,14,2,38)
r(159,1,2,38)
w(247,5,2,38)
r(43,1,2,38)
r(129,18,2,38)
r(303,1,2,38)
r(193,1,2,38)
r(144,1,2,38)
w(156,5,2,38)
r(198,1,2,38)
r(250,1,2,38)
r(96,1,2,38)
w(99,5,2,38)
w(81,3,2,38)
r(302,1,2,38)
r(62,1,2,38)
r(357,14,2,38)
r(93,14,2,38)
w(317,7,2,38)
w(294,14,2,38)
r(270,3,2,38)
w(277,7,2,38)
r(157,1,2,38)
r(177,16,2,38)
w(130,3,2,38)
r(13,1,2,38)
r(8,5,2,38)
r(338,12,2,38)
r(258,1,2,38)
w(177,6,2,38)
r(300,1,2,38)
r(277,7,2,38)
r(160,1,2,38)
r(84,1,2,38)
w(124,7,2,38)
w(180,5,2,38)
w(82,14,2,38)
r(145,9,2,38)
w(315,7,2,38)
r(4,17,2,38)
w(220,15,2,38)
w(302,2,2,38)
r(329,1,2,38)
w(332,3,2,38)
r(104,1,3,39)
w(345,3,3,39)
r(4,17,3,39)
r(164,1,3,39)
r(75,16,3,39)
r(193,1,3,39)
w(149,12,3,39)
r(10,2,3,39)
w(115,3,3,39)
r(315,1,3,39)
r(101,2,3,39)
r(87,1,3,39)
w(75,14,3,39)
w(207,15,3,39)
r(228,1,3,39)
r(349,1,3,39)
w(359,16,3,39)
w(322,15,3,39)
r(143,1,3,39)
w(70,18,3,39)
r(261,1,3,39)
r(158,1,3,39)
w(104,15,3,39)
w(337,3,3,39)
r(338,12,3,39)
r(41,1,3,39)
w(360,7,3,39)
w(343,7,3,39)
r(100,12,3,39)
r(191,1,3,39)
w(5,14,3,39)
r(268,2,3,39)
w(194,4,3,39)
r(14,11,3,39)
r(272,14,3,39)
w(187,7,3,39)
r(170,1,3,39)
r(201,14,3,39)
w(353,15,3,39)
r(272,14,3,39)
r(215,1,3,39)
r(331,1,3,39)
r(184,1,3,39)
w(342,14,3,39)
r(260,1,3,39)
r(124,1,3,39)
r(78,16,3,39)
w(234,15,3,39)
r(94,1,3,39)
w(76,11,3,39)
w(144,12,4,40)
w(191,8,4,40)
w(315,14,4,40)
w(358,4,4,40)
r(154,2,4,40)
r(26,12,4,40)
w(33,16,4,40)
r(88,6,4,40)
r(45,1,4,40)
w(102,4,4,40)
w(315,15,4,40)
r(42,2,4,40)
r(206,1,4,40)
r(253,3,4,40)
w(57,12,4,40)
w(48,6,4,40)
r(358,4,4,40)
r(276,14,4,40)
r(315,15,4,40)
r(191,8,4,40)
w(191,9,4,40)
r(250,1,4,40)
r(114,12,4,40)
r(38,1,4,40)
r(121,11,4,40)
w(322,16,4,40)
r(172,18,4,40)
r(160,1,4,40)
r(223,1,4,40)
r(122,1,4,40)
r(52,1,4,40)
w(204,12,4,40)
w(338,18,4,40)
r(331,1,4,40)
w(108,14,4,40)
r(316,6,4,40)
r(213,9,4,40)
r(191,9,4,40)
r(148,18,4,40)
r(233,3,4,40)
w(233,16,4,40)
w(131,15,4,40)
r(108,14,4,40)
w(216,15,4,40)
r(156,1,5,41)
r(149,17,5,41)
w(269,17,5,41)
w(62,6,5,41)
r(189,1,5,41)
w(77,14,5,41)
r(59,1,5,41)
r(73,18,5,41)
w(107,4,5,41)
r(298,1,5,41)
w(38,11,5,41)
w(20,4,5,41)
w(93,8,5,41)
r(91,1,5,41)
w(338,9,5,41)
w(179,15,5,41)
w(250,15,5,41)
w(93,9,5,41)
w(73,6,5,41)
r(284,1,5,41)
w(157,6,5,41)
w(37,18,5,41)
w(186,12,5,41)
w(20,16,5,41)
w(187,18,5,41)
w(296,6,5,41)
w(124,11,5,41)
r(135,1,5,41)
w(199,14,5,41)
w(13,11,5,41)
r(335,12,5,41)
w(56,13,5,41)
w(64,16,5,41)
r(102,1,5,41)
w(108,16,6,42)
w(207,8,6,42)
r(1,4,6,42)
w(180,13,6,42)
w(270,22,6,42)
w(213,10,6,42)
r(201,14,6,42)
w(201,16,6,42)
r(53,1,6,42)
w(350,6,6,42)
w(119,12,6,42)
w(19,4,6,42)
w(94,16,6,42)
r(197,1,6,42)
r(85,1,6,42)
w(202,8,6,42)
r(342,14,6,42)
w(70,16,6,42)
r(81,3,6,42)
r(347,8,6,42)
r(57,2,6,42)
r(120,2,6,42)
r(334,11,6,42)
r(182,5,6,42)
w(21,9,6,42)
r(59,1,6,42)
r(150,18,6,42)
r(38,1,6,42)
r(128,1,6,42)
r(72,9,6,42)
w(161,12,6,42)
r(344,1,1,43)
r(91,1,1,43)
r(208,1,1,43)
w(233,5,1,43)
r(323,1,1,43)
w(268,3,1,43)
r(158,1,1,43)
w(51,2,1,43)
r(94,1,1,43)
r(192,2,1,43)
r(63,2,1,43)
w(66,2,1,43)
r(32,10,1,43)
w(166,2,1,43)
r(345,3,1,43)
w(34,3,1,43)
w(323,2,1,43)
r(27,3,1,43)
r(289,9,1,43)
w(284,2,1,43)
r(185,1,1,43)
r(145,9,1,43)
w(261,3,1,43)
r(62,1,1,43)
w(344,3,1,43)
w(40,2,1,43)
w(100,2,2,44)
w(207,14,2,44)
r(2,1,2,44)
r(52,1,2,44)
w(130,5,2,44)
r(321,1,2,44)
r(9,5,2,44)
w(348,5,2,44)
w(306,14,2,44)
w(319,5,2,44)
w(10,6,2,44)
w(331,5,2,44)
r(287,6,2,44)
w(174,3,2,44)
r(162,7,2,44)
r(252,18,2,44)
r(80,1,2,44)
r(124,7,2,44)
r(213,9,2,44)
r(30,12,2,44)
w(287,5,2,44)
w(241,15,2,44)
r(356,1,2,44)
w(72,7,2,44)
r(343,7,3,45)
r(237,2,3,45)
w(284,15,3,45)
r(331,1,3,45)
w(252,18,3,45)
r(236,1,3,45)
r(179,1,3,45)
w(51,6,3,45)
w(114,18,3,45)
w(233,6,3,45)
r(78,16,3,45)
r(140,1,3,45)
r(290,1,3,45)
w(172,7,3,45)
w(113,14,3,45)
r(145,9,3,45)
w(182,5,3,45)
w(287,6,3,45)
r(342,14,3,45)
w(323,15,3,45)
w(313,7,3,45)
r(11,1,3,45)
r(202,1,3,45)
w(154,16,3,45)
r(15,16,3,45)
w(227,6,3,45)
w(145,15,3,45)
w(286,15,3,45)
w(249,15,3,45)
r(326,1,3,45)
r(21,15,3,45)
w(288,2,3,45)
w(45,18,3,45)
w(71,4,3,45)
w(39,7,3,45)
r(106,1,3,45)
r(218,1,3,45)
w(204,16,3,45)
r(313,7,3,45)
w(147,14,3,45)
r(261,1,3,45)
w(5,15,3,45)
r(56,1,3,45)
r(354,1,3,45)
r(239,7,3,45)
r(194,4,3,45)
r(207,15,3,45)
w(102,6,3,45)
r(341,1,3,45)
w(65,7,3,45)
r(312,1,4,46)
w(143,12,4,46)
w(245,14,4,46)
r(158,1,4,46)
r(108,5,4,46)
w(307,7,4,46)
w(178,18,4,46)
w(127,15,4,46)
r(127,15,4,46)
w(57,11,4,46)
r(132,2,4,46)
r(350,1,4,46)
w(30,14,4,46)
r(80,1,4,46)
r(207,15,4,46)
r(265,16,4,46)
r(20,1,4,46)
w(54,4,4,46)
w(146,6,4,46)
r(347,8,4,46)
w(276,15,4,46)
r(118,1,4,46)
r(204,16,4,46)
w(324,5,4,46)
w(162,18,4,46)
w(60,18,4,46)
w(213,6,4,46)
w(287,11,4,46)
r(58,1,4,46)
r(96,1,4,46)
w(171,9,5,47)
r(139,1,5,47)
r(283,14,5,47)
w(286,16,5,47)
w(300,4,5,47)
w(335,6,5,47)
w(37,6,5,47)
w(128,11,5,47)
r(55,12,5,47)
w(293,17,5,47)
w(130,8,5,47)
w(58,4,5,47)
w(18,16,5,47)
r(86,1,5,47)
r(228,1,5,47)
w(177,11,5,47)
w(159,6,5,47)
r(231,1,5,47)
w(293,21,5,47)
w(174,6,5,47)
r(35,1,5,47)
r(24,1,5,47)
r(141,1,5,47)
w(60,4,5,47)
w(86,14,5,47)
w(228,16,5,47)
w(230,16,5,47)
w(330,10,6,48)
r(83,1,6,48)
w(124,9,6,48)
r(105,1,6,48)
r(354,1,6,48)
w(268,13,6,48)
w(84,4,6,48)
r(41,1,6,48)
w(14,8,6,48)
w(258,9,6,48)
w(189,12,6,48)
r(210,1,6,48)
w(52,8,6,48)
w(57,22,6,48)
r(234,15,6,48)
r(351,2,6,48)
r(155,1,6,48)
r(353,15,6,48)
w(307,18,6,48)
w(85,18,6,48)
r(196,6,6,48)
r(92,1,1,49)
r(212,1,1,49)
w(224,2,1,49)
r(207,15,1,49)
r(75,14,1,49)
w(261,5,1,49)
w(173,2,1,49)
w(285,2,1,49)
r(349,1,1,49)
w(143,7,1,49)
w(121,2,1,49)
w(189,2,1,49)
w(315,2,1,49)
w(184,2,1,49)
w(343,2,1,49)
w(272,3,1,49)
w(117,2,1,49)
w(98,2,1,49)
r(336,7,1,49)
w(337,2,1,49)
w(75,2,1,49)
w(187,2,1,49)
w(71,2,1,49)
w(306,3,1,49)
w(298,5,1,49)
r(222,16,1,49)
w(78,5,1,49)
w(273,5,1,49)
w(161,2,1,49)
r(82,14,1,49)
r(233,6,1,49)
w(283,3,1,49)
r(207,15,1,49)
w(205,2,1,49)
r(234,15,1,49)
w(268,5,1,49)
w(349,2,1,49)
w(85,3,1,49)
w(63,3,1,49)
w(76,7,1,49)
w(48,2,1,49)
w(314,2,1,49)
w(220,5,1,49)
r(93,14,1,49)
w(211,2,1,49)
w(252,3,1,49)
w(272,5,1,49)
r(277,7,2,50)
r(222,16,2,50)
w(316,3,2,50)
r(42,2,2,50)
w(96,7,2,50)
w(51,14,2,50)
r(111,11,2,50)
r(26,12,2,50)
w(240,5,2,50)
r(253,3,2,50)
r(276,14,2,50)
w(143,14,2,50)
w(234,3,2,50)
r(162,7,2,50)
w(40,14,2,50)
r(305,1,2,50)
r(222,16,2,50)
w(334,5,2,50)
r(100,12,2,50)
w(206,5,2,50)
r(323,15,2,50)
w(259,6,2,50)
w(332,5,2,50)
r(274,1,2,50)
w(134,5,2,50)
w(322,14,2,50)
r(62,1,2,50)
w(148,7,2,50)
r(11,1,2,50)
r(212,1,2,50)
w(82,15,2,50)
w(345,2,2,50)
w(284,7,2,50)
w(106,3,3,51)
r(34,8,3,51)
r(210,1,3,51)
w(274,14,3,51)
r(330,1,3,51)
r(232,15,3,51)
w(265,5,3,51)
w(138,15,3,51)
r(78,16,3,51)
r(190,1,3,51)
w(130,15,3,51)
r(309,1,3,51)
w(197,3,3,51)
w(349,15,3,51)
r(108,5,3,51)
w(30,7,3,51)
w(329,7,3,51)
r(345,3,3,51)
r(40,16,3,51)
r(194,4,3,51)
w(338,7,3,51)
w(201,15,3,51)
r(278,1,3,51)
r(19,1,3,51)
w(17,18,3,51)
r(108,5,3,51)
r(247,5,3,51)
w(22,11,3,51)
w(61,3,3,51)
r(145,15,3,51)
r(268,2,3,51)
r(351,2,3,51)
w(165,18,3,51)
r(263,1,3,51)
r(307,5,3,51)
r(225,1,3,51)
w(48,5,3,51)
r(159,1,3,51)
w(117,4,3,51)
w(140,5,3,51)
w(223,15,3,51)
r(233,6,3,51)
w(253,6,3,51)
r(101,2,3,51)
r(176,1,3,51)
w(336,14,3,51)
w(47,14,3,51)
r(159,1,3,51)
w(275,18,3,51)
w(81,7,3,51)
w(99,15,4,52)
w(291,4,4,52)
w(77,7,4,52)
r(146,1,4,52)
w(337,15,4,52)
w(59,11,4,52)
r(204,16,4,52)
w(173,4,4,52)
r(220,15,4,52)
r(225,1,4,52)
w(167,15,4,52)
w(166,4,4,52)
w(305,5,4,52)
w(141,6,4,52)
w(57,8,4,52)
r(79,2,4,52)
w(225,16,4,52)
r(97,6,4,52)
r(274,14,4,52)
w(48,4,4,52)
w(313,6,4,52)
r(192,2,4,52)
w(269,8,4,52)
r(145,15,4,52)
r(135,14,4,52)
r(13,1,4,52)
w(199,7,4,52)
w(305,7,5,53)
r(339,3,5,53)
w(59,8,5,53)
w(228,12,5,53)
w(216,18,5,53)
r(271,7,5,53)
w(59,9,5,53)
r(312,1,5,53)
r(231,1,5,53)
r(209,1,5,53)
w(336,16,5,53)
r(176,1,5,53)
w(68,12,5,53)
w(130,9,5,53)
r(329,1,5,53)
r(221,1,5,53)
r(59,9,5,53)
w(134,16,5,53)
r(311,3,5,53)
w(40,6,5,53)
r(359,1,5,53)
w(277,6,5,53)
r(1,4,5,53)
r(67,1,5,53)
w(272,11,5,53)
w(43,15,5,53)
w(282,13,5,53)
w(348,8,5,53)
w(215,20,5,53)
w(102,16,5,53)
r(103,1,5,53)
r(87,1,5,53)
r(268,2,6,54)
w(223,21,6,54)
r(209,1,6,54)
r(31,2,6,54)
w(27,13,6,54)
r(160,5,6,54)
r(329,7,6,54)
r(169,6,6,54)
w(154,9,6,54)
r(195,5,6,54)
r(124,7,6,54)
r(342,14,6,54)
w(29,8,6,54)
w(348,17,6,54)
r(206,1,1,55)
w(332,2,1,55)
w(268,7,1,55)
w(58,2,1,55)
w(115,2,1,55)
w(84,5,1,55)
r(344,1,1,55)
w(10,5,1,55)
r(343,7,1,55)
w(173,3,1,55)
w(10,7,1,55)
w(128,2,1,55)
r(49,1,1,55)
w(52,2,1,55)
w(318,2,1,55)
r(7,2,1,55)
w(297,14,2,56)
w(80,3,2,56)
r(355,1,2,56)
w(118,5,2,56)
w(293,18,2,56)
r(65,7,2,56)
w(242,14,2,56)
w(205,7,2,56)
r(71,4,2,56)
w(117,7,2,56)
r(128,1,2,56)
r(222,16,2,56)
r(199,1,2,56)
w(158,3,2,56)
w(125,7,2,56)
w(134,7,2,56)
r(227,6,2,56)
w(333,7,2,56)
r(111,11,2,56)
r(218,1,2,56)
w(270,15,2,56)
r(43,1,2,56)
w(220,18,2,56)
r(290,1,2,56)
r(85,1,2,56)
w(359,7,2,56)
r(161,15,2,56)
r(34,8,2,56)
r(153,1,2,56)
r(299,5,2,56)
r(107,1,2,56)
r(175,1,2,56)
w(35,7,2,56)
w(191,7,2,56)
r(139,1,2,56)
w(116,5,2,56)
w(82,18,2,56)
w(141,14,2,56)
r(309,1,2,56)
r(201,14,2,56)
w(328,2,3,57)
r(20,1,3,57)
r(324,4,3,57)
r(215,1,3,57)
r(152,2,3,57)
r(48,5,3,57)
w(77,5,3,57)
r(299,5,3,57)
r(175,3,3,57)
w(59,6,3,57)
w(225,18,3,57)
w(141,18,3,57)
r(233,6,3,57)
w(236,7,3,57)
r(110,8,3,57)
r(227,3,3,57)
r(309,1,3,57)
w(248,7,3,57)
w(183,11,3,57)
w(148,15,3,57)
w(272,4,3,57)
w(35,6,3,57)
w(227,4,3,57)
w(170,7,3,57)
r(354,1,3,57)
r(205,1,3,57)
r(234,15,3,57)
w(191,4,3,57)
r(5,2,3,57)
w(247,14,3,57)
r(94,1,3,57)
r(58,1,3,57)
w(337,5,3,57)
w(171,6,3,57)
r(104,15,3,57)
w(306,6,3,57)
r(170,7,3,57)
w(258,18,3,57)
r(294,14,3,57)
r(62,2,3,57)
r(41,1,3,57)
r(193,1,3,57)
r(6,1,3,57)
w(200,5,3,57)
w(72,18,3,57)
w(327,18,3,57)
w(160,5,3,57)
w(265,7,3,57)
r(131,1,3,57)
w(292,18,3,57)
w(283,18,4,58)
w(271,18,4,58)
r(75,14,4,58)
r(311,3,4,58)
w(267,14,4,58)
w(75,18,4,58)
r(10,2,4,58)
w(333,18,4,58)
w(107,15,4,58)
w(190,7,4,58)
r(349,15,4,58)
r(238,1,4,58)
w(266,14,4,58)
w(222,15,4,58)
r(301,12,4,58)
w(252,16,4,58)
w(97,4,4,58)
w(44,14,4,58)
r(311,3,4,58)
w(235,5,4,58)
w(37,7,4,58)
w(60,6,4,58)
r(171,6,4,58)
w(300,15,4,58)
r(234,15,4,58)
r(91,1,4,58)
w(262,16,4,58)
w(43,7,4,58)
w(128,4,4,58)
r(4,17,4,58)
r(274,14,4,58)
r(34,16,4,58)
w(317,16,4,58)
w(37,14,4,58)
r(305,1,4,58)
w(297,16,4,58)
w(348,18,4,58)
w(145,4,4,58)
w(205,12,4,58)
w(118,18,4,58)
w(309,18,4,58)
r(134,8,4,58)
r(203,5,4,58)
r(65,1,5,59)
r(18,1,5,59)
w(297,11,5,59)
r(208,1,5,59)
r(66,1,5,59)
r(60,1,5,59)
w(42,18,5,59)
w(99,16,5,59)
r(92,1,5,59)
w(67,14,5,59)
w(118,4,5,59)
w(80,18,5,59)
r(15,16,5,59)
r(309,1,5,59)
w(346,9,5,59)
r(117,11,5,59)
r(100,12,5,59)
r(71,14,5,59)
w(106,14,5,59)
r(63,2,5,59)
r(349,1,5,59)
w(132,6,5,59)
r(116,1,6,60)
r(219,1,6,60)
w(137,12,6,60)
w(206,9,6,60)
r(116,1,6,60)
r(266,1,6,60)
w(204,17,6,60)
w(254,12,6,60)
r(261,1,6,60)
r(122,1,6,60)
w(317,13,6,60)
r(173,1,6,60)
r(6,1,6,60)
w(299,16,6,60)
w(102,12,6,60)
w(78,7,1,61)
r(94,1,1,61)
w(241,5,1,61)
w(97,2,1,61)
w(224,3,1,61)
r(297,1,1,61)
r(76,11,1,61)
r(170,1,1,61)
w(54,2,1,61)
w(167,2,1,61)
r(201,14,1,61)
w(290,3,2,62)
r(96,1,2,62)
w(273,15,2,62)
w(11,3,2,62)
r(42,2,2,62)
w(80,5,2,62)
r(337,3,2,62)
r(128,1,2,62)
w(341,5,2,62)
r(3,3,2,62)
w(53,3,2,62)
r(142,1,2,62)
r(323,15,2,62)
w(50,7,2,62)
r(168,1,2,62)
r(244,15,2,62)
w(273,18,2,62)
w(17,14,2,62)
w(107,3,2,62)
r(318,14,2,62)
r(321,1,2,62)
r(166,7,2,62)
w(54,5,2,62)
w(220,6,2,62)
r(37,1,2,62)
r(11,3,2,62)
w(156,7,2,62)
r(189,1,2,62)
w(36,5,2,62)
r(246,2,2,62)
w(320,14,2,62)
r(300,1,2,62)
w(13,14,2,62)
w(351,15,2,62)
r(84,1,2,62)
w(101,3,2,62)
r(272,14,2,62)
r(129,18,2,62)
r(105,1,2,62)
r(33,1,2,62)
w(35,14,2,62)
r(137,3,2,62)
r(52,1,3,63)
r(139,1,3,63)
w(112,14,3,63)
r(91,1,3,63)
w(74,5,3,63)
r(176,1,3,63)
w(15,15,3,63)
r(74,5,3,63)
w(273,16,3,63)
w(293,4,3,63)
r(125,16,3,63)
r(140,5,3,63)
w(323,18,3,63)
w(195,14,3,63)
r(147,14,3,63)
r(86,2,3,63)
r(182,5,3,63)
r(215,1,3,63)
r(56,2,3,63)
w(96,16,3,63)
w(55,15,3,63)
w(292,6,3,63)
w(310,18,3,63)
r(204,2,3,63)
w(350,14,3,63)
w(215,8,3,63)
w(203,5,3,63)
w(56,18,3,63)
r(52,1,3,63)
w(314,18,3,63)
r(231,1,3,63)
r(120,2,3,63)
r(237,2,3,63)
w(213,15,3,63)
r(47,14,3,63)
w(341,15,3,63)
w(295,5,3,63)
w(46,14,3,63)
w(146,15,3,63)
r(235,1,3,63)
w(34,16,3,63)
r(140,5,3,63)
w(130,18,3,63)
r(357,14,3,63)
w(135,7,3,63)
w(356,5,3,63)
w(20,18,3,63)
r(309,1,3,63)
w(59,4,3,63)
w(6,14,3,63)
w(104,16,4,64)
r(354,1,4,64)
w(121,15,4,64)
r(42,2,4,64)
w(233,11,4,64)
r(321,1,4,64)
w(126,4,4,64)
w(173,16,4,64)
w(224,11,4,64)
r(312,16,4,64)
w(124,12,4,64)
r(154,16,4,64)
w(58,6,4,64)
w(360,15,4,64)
r(22,11,4,64)
w(68,14,4,64)
w(153,14,4,64)
r(27,3,4,64)
r(38,1,4,64)
w(252,12,4,64)
w(35,4,4,64)
w(160,15,4,64)
w(104,12,4,64)
r(165,18,4,64)
r(224,11,4,64)
w(95,15,4,64)
w(186,18,4,64)
r(225,18,4,64)
w(265,14,4,64)
w(43,14,4,64)
w(184,15,4,64)
r(203,5,4,64)
w(176,15,4,64)
w(170,18,4,64)
w(134,6,4,64)
r(164,1,4,64)
r(200,5,4,64)
w(126,16,4,64)
w(289,16,4,64)
w(68,15,4,64)
r(153,14,4,64)
w(39,18,4,64)
r(219,1,4,64)
r(169,6,4,64)
r(100,8,4,64)
w(345,14,4,64)
w(206,18,4,64)
r(250,1,4,64)
w(158,15,4,64)
w(63,12,4,64)
w(308,12,5,65)
r(338,12,5,65)
w(288,7,5,65)
w(111,10,5,65)
r(281,1,5,65)
r(117,11,5,65)
w(329,16,5,65)
w(358,8,5,65)
r(165,8,5,65)
r(305,1,5,65)
r(223,1,5,65)
w(89,14,5,65)
w(264,16,5,65)
w(88,16,5,65)
w(51,11,5,65)
r(271,2,6,66)
w(358,13,6,66)
r(170,7,6,66)
r(106,3,6,66)
r(198,1,6,66)
r(86,2,6,66)
r(226,4,6,66)
r(78,10,6,66)
w(213,17,6,66)
w(131,4,6,66)
r(57,13,6,66)
r(100,12,6,66)
w(131,16,6,66)
r(97,6,6,66)
r(220,15,6,66)
w(156,13,6,66)
w(327,12,6,66)
w(282,21,6,66)
r(100,12,6,66)
r(228,1,6,66)
r(295,5,6,66)
r(41,1,6,66)
w(57,19,6,66)
r(161,15,6,66)
w(25,9,6,66)
r(87,1,6,66)
r(227,4,6,66)
r(168,1,6,66)
w(353,12,6,66)
w(226,9,6,66)
r(68,8,6,66)
r(205,1,6,66)
r(57,19,6,66)
w(100,8,6,66)
r(182,5,6,66)
r(115,3,6,66)
r(307,5,6,66)
w(56,20,6,66)
r(313,7,6,66)
r(216,1,6,66)
w(136,9,6,66)
w(55,8,6,66)
r(30,7,6,66)
r(123,1,6,66)
w(198,13,6,66)
w(308,17,6,66)
r(268,2,6,66)
w(166,13,6,66)
w(47,16,6,66)
w(98,9,6,66)
w(181,3,1,67)
w(62,2,1,67)
w(262,5,1,67)
r(232,15,1,67)
r(159,1,1,67)
w(340,2,1,67)
w(65,3,1,67)
w(304,5,1,67)
w(39,3,1,67)
w(36,3,1,67)
r(339,3,1,67)
r(292,9,1,67)
w(178,2,1,67)
w(175,2,1,67)
w(271,2,1,67)
w(157,3,1,67)
w(86,2,1,67)
r(258,1,1,67)
w(23,2,1,67)
w(70,3,1,67)
w(5,2,1,67)
w(297,3,1,67)
w(29,3,1,67)
w(50,2,1,67)
w(242,2,1,67)
r(187,7,1,67)
r(35,1,1,67)
r(204,16,1,67)
r(203,8,1,67)
w(275,3,1,67)
r(187,7,1,67)
r(60,1,1,67)
w(333,2,1,67)
r(64,1,1,67)
r(96,1,1,67)
w(56,2,1,67)
w(314,3,1,67)
w(107,2,1,67)
r(138,15,1,67)
r(346,17,1,67)
w(175,3,1,67)
r(350,1,1,67)
w(14,5,1,67)
w(227,3,1,67)
r(207,15,1,67)
w(3,3,1,67)
r(327,6,1,67)
r(187,7,1,67)
w(204,2,1,67)
w(103,2,1,67)
r(175,3,2,68)
r(148,15,2,68)
w(311,7,2,68)
r(51,6,2,68)
r(31,2,2,68)
w(354,3,2,68)
w(300,3,2,68)
r(200,5,2,68)
w(183,4,2,68)
w(339,14,2,68)
r(101,2,2,68)
r(32,10,2,68)
r(162,7,2,68)
r(301,12,2,68)
w(330,7,2,68)
w(112,3,2,68)
w(349,14,2,68)
r(205,1,2,68)
r(218,1,2,68)
w(239,14,2,68)
w(88,7,2,68)
w(178,5,2,68)
r(254,1,2,68)
r(96,1,2,68)
r(312,16,3,69)
w(17,6,3,69)
r(292,6,3,69)
w(275,6,3,69)
r(229,1,3,69)
r(73,7,3,69)
r(165,18,3,69)
r(336,3,3,69)
r(266,1,3,69)
w(202,6,3,69)
w(343,14,3,69)
w(250,5,3,69)
w(254,7,3,69)
r(161,15,3,69)
w(223,18,3,69)
w(320,6,3,69)
r(284,15,3,69)
r(329,12,3,69)
w(329,14,3,69)
w(54,14,3,69)
w(20,6,3,69)
r(183,11,3,69)
r(156,13,3,69)
r(234,15,3,69)
w(124,6,3,69)
w(309,14,3,69)
r(190,18,3,69)
r(11,1,3,69)
w(110,14,3,69)
r(319,3,3,69)
r(215,8,4,70)
w(136,12,4,70)
w(348,6,4,70)
r(260,1,4,70)
r(113,14,4,70)
w(61,18,4,70)
w(64,4,4,70)
w(110,6,4,70)
r(225,18,4,70)
r(148,15,4,70)
r(89,1,4,70)
r(317,7,4,70)
r(198,13,4,70)
r(211,14,4,70)
w(103,4,4,70)
r(342,14,4,70)
w(152,11,4,70)
r(241,16,4,70)
r(4,5,4,70)
r(104,12,4,70)
w(36,4,4,70)
r(119,3,4,70)
w(126,12,4,70)
w(146,4,4,70)
r(184,15,4,70)
r(84,1,4,70)
r(83,1,4,70)
w(323,6,4,70)
w(314,16,4,70)
r(356,5,4,70)
r(353,12,4,70)
r(314,16,4,70)
w(317,12,4,70)
r(68,7,5,71)
r(130,3,5,71)
r(142,1,5,71)
w(191,13,5,71)
w(323,4,5,71)
r(306,1,5,71)
r(303,1,5,71)
w(52,4,5,71)
r(18,1,5,71)
r(172,18,5,71)
w(74,18,5,71)
r(185,1,5,71)
w(39,8,6,72)
w(193,11,6,72)
r(151,2,6,72)
r(71,3,6,72)
r(100,8,6,72)
w(133,12,6,72)
r(117,13,6,72)
w(330,21,6,72)
r(95,15,6,72)
r(5,2,6,72)
w(278,8,6,72)
r(188,5,6,72)
r(299,5,6,72)
r(201,5,6,72)
r(79,5,6,72)
w(18,3,1,73)
r(185,1,1,73)
w(161,5,1,73)
w(239,2,1,73)
r(40,16,1,73)
w(5,3,1,73)
r(92,1,1,73)
r(193,1,1,73)
w(289,5,1,73)
r(46,1,1,73)
w(57,7,1,73)
w(59,3,1,73)
r(229,1,1,73)
w(60,5,1,73)
r(140,5,1,73)
w(289,7,1,73)
r(18,3,1,73)
w(95,3,1,73)
w(4,3,1,73)
r(247,14,1,73)
r(155,1,1,73)
r(129,18,1,73)
r(91,1,1,73)
r(355,1,1,73)
r(149,12,1,73)
r(277,7,1,73)
r(235,1,1,73)
r(249,15,1,73)
r(190,1,1,73)
w(194,3,1,73)
r(110,8,1,73)
w(175,5,1,73)
r(221,1,1,73)
r(282,1,1,73)
w(102,2,1,73)
w(349,5,1,73)
w(19,2,1,73)
w(298,14,1,73)
w(268,14,1,73)
w(149,2,1,73)
r(76,11,1,73)
r(118,1,1,73)
r(79,2,1,73)
r(119,1,1,73)
w(91,2,1,73)
w(192,5,1,73)
r(340,2,2,74)
r(180,5,2,74)
w(13,15,2,74)
r(242,2,2,74)
r(309,1,2,74)
r(178,2,2,74)
w(65,5,2,74)
r(154,16,2,74)
w(359,14,2,74)
w(302,3,2,74)
r(13,15,2,74)
r(37,1,2,74)
r(302,3,2,74)
r(201,15,2,74)
w(319,7,2,74)
w(24,3,2,74)
w(347,5,2,74)
w(298,4,2,74)
r(119,1,2,74)
w(216,3,2,74)
w(276,3,2,74)
w(189,5,2,74)
w(110,3,2,74)
w(281,15,2,74)
r(34,16,2,74)
r(186,1,2,74)
r(24,3,2,74)
w(277,14,2,74)
w(2,5,2,74)
r(224,18,2,74)
r(206,1,2,74)
w(240,7,2,74)
w(203,14,3,75)
r(28,1,3,75)
w(278,15,3,75)
r(96,16,3,75)
w(131,14,3,75)
w(174,15,3,75)
w(54,6,3,75)
w(295,7,3,75)
r(48,12,3,75)
r(182,5,3,75)
r(169,6,3,75)
r(170,18,3,75)
r(46,14,3,75)
w(66,5,3,75)
w(341,18,3,75)
w(326,7,3,75)
w(337,14,3,75)
r(154,16,3,75)
w(203,15,3,75)
w(145,18,3,75)
w(183,8,3,75)
w(214,18,3,75)
w(168,18,3,75)
r(245,1,3,75)
r(74,6,3,75)
r(237,2,3,75)
w(114,6,3,75)
w(176,7,3,75)
w(356,7,3,75)
w(53,7,3,75)
r(70,3,3,75)
w(292,16,3,75)
w(261,4,3,75)
w(299,15,3,75)
w(49,14,3,75)
w(9,7,3,75)
w(67,7,3,75)
r(42,2,3,75)
w(124,4,3,75)
r(316,6,3,75)
w(251,4,3,75)
r(56,3,3,75)
w(252,4,3,75)
w(107,7,3,75)
w(342,18,3,75)
r(135,2,3,75)
w(129,15,3,75)
r(61,3,3,75)
w(222,14,3,75)
w(90,5,3,75)
w(293,9,4,76)
r(279,1,4,76)
w(160,18,4,76)
w(177,12,4,76)
w(57,9,4,76)
r(113,14,4,76)
r(263,1,4,76)
w(262,12,4,76)
w(163,15,4,76)
r(127,1,4,76)
w(270,9,4,76)
w(117,8,4,76)
r(57,9,4,76)
r(131,16,4,76)
r(176,15,4,76)
w(300,18,4,76)
w(105,18,4,76)
r(140,5,4,76)
r(207,15,4,76)
w(342,6,4,76)
r(92,1,4,76)
w(318,15,4,76)
r(225,18,4,76)
r(311,3,4,76)
r(360,15,4,76)
w(194,8,4,76)
w(238,14,4,76)
r(125,16,4,76)
w(215,13,4,76)
r(62,16,4,76)
r(212,1,4,76)
w(19,5,4,76)
r(20,3,4,76)
w(105,6,4,76)
r(141,18,4,76)
r(314,18,4,76)
w(189,16,4,76)
r(282,3,4,76)
r(279,1,4,76)
w(246,18,4,76)
w(95,6,4,76)
r(234,15,4,76)
r(65,3,4,76)
r(240,1,4,76)
w(127,18,4,76)
r(209,2,4,76)
r(34,16,4,76)
r(287,6,4,76)
r(220,15,4,76)
w(133,6,4,76)
w(226,6,5,77)
w(231,8,5,77)
r(233,6,5,77)
w(141,13,5,77)
r(326,1,5,77)
r(347,8,5,77)
w(179,18,5,77)
r(335,2,5,77)
w(171,10,5,77)
w(3,12,5,77)
r(169,6,5,77)
r(184,1,5,77)
r(46,1,5,77)
r(87,1,5,77)
w(352,6,6,78)
w(216,11,6,78)
w(181,17,6,78)
w(126,9,6,78)
r(130,7,6,78)
w(154,10,6,78)
w(337,18,6,78)
r(107,16,6,78)
w(282,20,6,78)
r(276,4,6,78)
w(284,8,6,78)
w(337,6,6,78)
w(26,13,6,78)
r(205,3,6,78)
r(327,12,6,78)
w(148,8,6,78)
r(92,1,6,78)
r(199,1,6,78)
w(12,12,6,78)
r(353,12,6,78)
r(37,1,6,78)
r(123,1,6,78)
r(89,1,6,78)
w(239,3,1,79)
r(67,1,1,79)
w(20,3,1,79)
r(196,6,1,79)
w(129,2,1,79)
w(238,2,1,79)
w(133,2,1,79)
w(336,3,1,79)
r(74,6,1,79)
w(319,3,1,79)
r(199,1,1,79)
r(246,2,1,79)
r(337,5,1,79)
r(169,6,1,79)
w(355,7,1,79)
w(282,3,1,79)
r(31,16,1,79)
w(175,7,1,79)
r(175,7,1,79)
r(49,16,1,79)
w(285,3,1,79)
r(295,5,1,79)
w(257,7,1,79)
w(191,2,1,79)
r(349,15,1,79)
w(71,3,1,79)
w(323,5,1,79)
w(322,5,1,79)
r(81,7,1,79)
w(8,3,1,79)
r(41,1,1,79)
w(209,2,1,79)
r(36,8,1,79)
w(16,3,1,79)
r(136,9,1,79)
r(196,6,1,79)
r(217,4,1,79)
r(341,15,1,79)
r(293,4,1,79)
r(175,7,1,79)
r(47,16,1,79)
w(168,3,1,79)
w(293,7,1,79)
r(209,2,1,79)
w(201,3,1,79)
r(60,1,1,79)
r(323,5,1,79)
r(88,6,1,79)
w(119,3,1,79)
w(4,5,1,79)
w(160,3,2,80)
w(287,7,2,80)
r(349,15,2,80)
r(238,1,2,80)
w(246,7,2,80)
w(194,7,2,80)
r(228,1,2,80)
r(225,18,2,80)
r(261,1,2,80)
r(88,6,2,80)
w(59,7,2,80)
r(184,1,2,80)
w(335,7,2,80)
r(15,15,2,80)
w(111,14,2,80)
w(225,7,2,80)
w(159,5,2,80)
r(327,12,2,80)
r(102,6,2,80)
r(114,18,2,80)
w(335,14,2,80)
r(56,20,2,80)
w(75,5,2,80)
r(51,8,2,80)
w(251,15,2,80)
w(117,14,2,80)
r(96,16,2,80)
r(333,2,2,80)
w(95,5,2,80)
w(123,2,2,80)
w(30,5,2,80)
r(5,2,3,81)
w(48,14,3,81)
w(145,6,3,81)
w(50,4,3,81)
w(194,16,3,81)
w(56,6,3,81)
r(314,18,3,81)
r(196,3,3,81)
r(171,17,3,81)
w(254,14,3,81)
w(47,15,3,81)
w(189,15,3,81)
r(296,5,3,81)
w(42,7,3,81)
w(200,15,3,81)
w(171,4,3,81)
w(125,18,3,81)
r(154,16,3,81)
r(124,4,3,81)
w(250,7,3,81)
r(129,15,3,81)
w(4,15,3,81)
r(135,2,3,81)
r(55,8,3,81)
w(61,7,3,81)
w(152,4,3,81)
w(302,5,3,81)
w(242,6,3,81)
r(91,14,3,81)
w(269,16,3,81)
r(42,7,3,81)
r(28,1,3,81)
r(311,16,3,81)
w(51,4,3,81)
r(121,15,3,81)
w(345,5,3,81)
w(321,15,3,81)
r(251,4,3,81)
r(8,3,3,81)
w(3,6,3,81)
w(223,6,3,81)
r(140,5,3,81)
r(132,2,4,82)
w(306,4,4,82)
w(169,7,4,82)
w(356,6,4,82)
r(44,6,4,82)
w(273,11,4,82)
r(336,3,4,82)
r(4,5,4,82)
w(308,18,4,82)
w(214,6,4,82)
w(86,7,4,82)
r(284,15,4,82)
w(321,16,4,82)
r(74,6,4,82)
w(159,15,4,82)
w(342,4,4,82)
w(118,6,4,82)
w(319,18,4,82)
w(81,15,4,82)
r(342,4,4,82)
r(246,18,4,82)
w(145,16,4,82)
w(212,7,4,82)
r(19,5,4,82)
w(48,16,4,82)
r(91,14,4,82)
r(343,7,4,82)
w(115,7,4,82)
w(156,11,5,83)
w(29,12,5,83)
r(201,4,6,84)
w(201,12,6,84)
w(56,22,6,84)
r(157,3,6,84)
w(31,8,6,84)
w(43,11,6,84)
w(225,13,6,84)
r(93,3,6,84)
r(5,2,6,84)
w(76,13,6,84)
w(198,17,6,84)
r(91,14,6,84)
r(34,5,6,84)
w(256,4,6,84)
w(288,18,6,84)
r(317,7,6,84)
r(126,16,6,84)
w(117,17,6,84)
w(118,12,6,84)
r(190,18,6,84)
r(129,15,6,84)
w(144,10,6,84)
w(11,6,6,84)
w(27,17,6,84)
r(27,17,6,84)
r(48,11,6,84)
r(160,18,6,84)
r(67,7,6,84)
r(176,7,6,84)
r(223,15,6,84)
w(224,17,6,84)
r(271,3,6,84)
r(27,17,6,84)
r(350,14,6,84)
r(155,1,6,84)
r(231,9,6,84)
w(131,11,6,84)
r(93,3,6,84)
r(64,7,6,84)
w(281,9,6,84)
r(358,13,6,84)
r(86,2,6,84)
r(102,6,1,85)
r(316,6,1,85)
w(135,2,1,85)
r(227,4,1,85)
w(270,5,1,85)
w(105,2,1,85)
w(201,5,1,85)
r(24,1,1,85)
r(6,14,1,85)
r(157,3,1,85)
r(271,2,1,85)
r(335,4,1,85)
r(42,2,1,85)
r(116,1,1,85)
r(346,10,1,85)
w(294,5,1,85)
r(168,3,1,85)
w(324,2,1,85)
w(102,3,1,85)
r(23,2,1,85)
r(335,4,1,85)
r(358,13,1,85)
r(355,7,1,85)
r(136,9,1,85)
w(79,5,1,85)
w(205,3,1,85)
r(263,1,1,85)
w(33,3,1,85)
w(196,3,1,85)
r(121,15,1,85)
r(108,18,1,85)
r(51,8,1,85)
w(228,2,1,85)
w(33,5,1,85)
r(185,1,1,85)
r(103,2,1,85)
w(114,3,1,85)
w(17,5,1,85)
w(242,3,1,85)
r(190,18,1,85)
r(230,3,1,85)
w(122,3,1,85)
r(44,6,1,85)
r(222,16,1,85)
r(141,18,1,85)
w(94,5,1,85)
r(216,1,1,85)
r(142,1,1,85)
r(342,14,1,85)
r(224,11,1,85)
w(109,7,2,86)
r(208,12,2,86)
r(242,3,2,86)
w(95,7,2,86)
r(65,3,2,86)
w(264,15,2,86)
r(356,5,2,86)
w(351,18,2,86)
r(7,2,2,86)
w(78,4,2,86)
w(94,18,2,86)
w(66,3,2,86)
r(43,14,2,86)
w(32,18,2,86)
w(291,14,2,86)
w(290,5,2,86)
w(171,14,2,86)
r(230,3,2,86)
w(130,7,2,86)
r(50,2,2,86)
r(137,3,2,86)
r(291,14,2,86)
r(236,7,2,86)
w(296,5,2,86)
w(221,3,2,86)
r(216,1,2,86)
w(144,15,2,86)
r(22,11,2,86)
r(62,16,2,86)
r(209,2,2,86)
w(301,2,2,86)
r(97,6,2,86)
r(176,15,2,86)
r(226,9,2,86)
r(205,3,2,86)
r(115,3,2,86)
w(6,2,2,86)
w(269,14,2,86)
r(320,12,2,86)
w(99,7,2,86)
r(60,1,2,86)
w(330,14,2,86)
r(108,6,2,86)
r(75,14,2,86)
r(330,14,2,86)
r(198,13,2,86)
w(228,3,2,86)
r(27,3,2,86)
w(198,3,2,86)
w(269,15,2,86)
r(358,13,3,87)
r(219,14,3,87)
w(255,4,3,87)
r(253,12,3,87)
w(78,8,3,87)
r(289,16,3,87)
r(51,9,3,87)
w(88,14,3,87)
w(175,18,3,87)
r(317,7,3,87)
w(98,14,3,87)
r(243,1,3,87)
w(284,18,3,87)
r(191,10,3,87)
w(196,18,3,87)
w(98,15,3,87)
r(20,5,3,87)
w(185,5,3,87)
r(259,9,3,87)
w(15,6,3,87)
r(268,2,3,87)
w(347,18,3,87)
w(313,14,3,87)
r(75,14,3,87)
w(223,4,3,87)
w(14,16,3,87)
w(4,18,3,87)
w(198,15,3,87)
w(266,7,3,87)
r(184,4,3,87)
r(2,1,3,87)
w(98,18,3,87)
w(312,7,3,87)
r(98,18,3,87)
w(239,18,3,87)
w(334,6,3,87)
w(97,7,3,87)
w(41,14,3,87)
w(271,6,4,88)
w(200,18,4,88)
r(109,7,4,88)
r(326,7,4,88)
w(185,7,4,88)
r(138,15,4,88)
w(356,4,4,88)
r(245,1,4,88)
r(338,7,4,88)
w(54,16,4,88)
r(282,10,4,88)
w(290,15,4,88)
w(107,18,4,88)
r(258,8,4,88)
w(33,11,4,88)
w(320,11,4,88)
r(27,3,4,88)
r(120,8,4,88)
w(128,16,4,88)
r(288,2,4,88)
r(167,1,4,88)
w(222,18,4,88)
r(185,7,4,88)
r(275,3,4,88)
r(334,11,4,88)
r(275,3,4,88)
w(165,16,4,88)
r(300,18,4,88)
w(104,11,4,88)
w(91,5,4,88)
r(126,16,4,88)
w(299,18,4,88)
r(155,1,4,88)
r(169,6,4,88)
r(294,5,4,88)
w(304,18,4,88)
r(68,15,4,88)
r(158,15,4,88)
w(312,4,5,89)
w(295,4,5,89)
w(346,10,5,89)
r(18,1,5,89)
r(77,5,5,89)
r(88,6,5,89)
r(351,2,5,89)
r(267,8,5,89)
w(259,9,5,89)
r(176,1,5,89)
r(246,2,5,89)
r(1,4,5,89)
w(43,18,5,89)
w(49,4,5,89)
r(344,1,5,89)
r(271,2,5,89)
r(251,6,5,89)
w(253,12,5,89)
r(99,5,5,89)
r(135,14,5,89)
w(108,18,5,89)
w(57,13,5,89)
r(280,1,5,89)
w(226,4,5,89)
r(103,2,5,89)
r(49,4,5,89)
r(356,1,5,89)
r(264,1,5,89)
w(59,10,5,89)
r(97,6,5,89)
w(330,11,5,89)
r(74,1,5,89)
r(352,14,5,89)
r(276,14,5,89)
r(216,1,5,89)
w(218,15,5,89)
r(29,3,5,89)
r(95,1,5,89)
r(153,1,5,89)
w(107,16,5,89)
r(322,15,5,89)
r(22,11,5,89)
r(90,1,5,89)
w(78,10,5,89)
r(70,3,5,89)
w(117,13,5,89)
r(239,7,5,89)
r(113,14,5,89)
r(125,16,5,89)
w(34,11,5,89)
r(211,14,6,90)
r(28,1,6,90)
r(276,4,6,90)
r(138,15,6,90)
r(117,8,6,90)
w(70,12,6,90)
r(7,2,6,90)
w(289,17,6,90)
r(221,3,6,90)
r(43,14,6,90)
r(202,5,6,90)
r(236,3,6,90)
w(268,21,6,90)
w(353,8,6,90)
w(213,20,6,90)
w(99,9,6,90)
w(237,9,6,90)
r(149,10,6,90)
w(320,21,6,90)
w(14,10,6,90)
w(109,4,6,90)
r(304,5,6,90)
w(176,16,6,90)
r(70,12,6,90)
r(88,6,6,90)
w(222,8,6,90)
r(257,7,6,90)
r(291,9,6,90)
r(48,11,6,90)
r(226,9,6,90)
w(53,16,6,90)
w(92,11,6,90)
w(145,10,6,90)
w(194,22,6,90)
r(1,4,6,90)
w(67,4,6,90)
w(35,9,6,90)
r(204,2,6,90)
w(43,8,6,90)
w(197,15,6,90)
r(15,15,6,90)
w(53,12,6,90)
w(207,13,6,90)
r(298,15,6,90)
r(175,7,6,90)
r(142,1,6,90)
w(25,13,6,90)
r(213,20,6,90)
r(66,5,6,90)
r(358,13,6,90)
r(118,1,1,91)
r(242,3,1,91)
w(72,2,1,91)
r(92,1,1,91)
w(50,3,1,91)
r(97,6,1,91)
w(89,3,1,91)
r(61,3,1,91)
r(116,1,1,91)
r(293,19,1,91)
r(333,2,1,91)
w(305,2,1,91)
w(233,7,1,91)
w(10,14,1,91)
w(40,3,1,91)
r(163,18,1,91)
w(179,2,1,91)
w(195,2,1,91)
w(150,2,1,91)
r(357,14,1,91)
r(279,1,1,91)
r(49,16,1,91)
r(286,15,1,91)
r(191,10,1,91)
r(191,10,1,91)
w(102,5,1,91)
r(320,12,1,91)
w(90,2,1,91)
w(127,2,1,91)
w(132,3,1,91)
r(1,4,1,91)
w(74,2,1,91)
w(71,5,1,91)
w(54,3,1,91)
w(327,5,1,91)
w(277,3,1,91)
w(114,5,1,91)
r(330,11,1,91)
r(263,1,1,91)
r(295,5,1,91)
w(197,2,1,91)
r(18,1,2,92)
r(230,3,2,92)
w(318,3,2,92)
r(12,6,2,92)
r(142,1,2,92)
r(280,1,2,92)
w(222,3,2,92)
r(139,1,2,92)
r(332,3,2,92)
w(169,3,2,92)
w(178,7,2,92)
r(351,18,2,92)
r(334,11,2,92)
w(123,3,2,92)
w(287,14,2,92)
r(237,2,2,92)
r(250,1,2,92)
w(329,3,2,92)
r(94,18,2,92)
r(305,15,2,92)
r(173,12,2,92)
r(291,14,2,92)
r(360,15,2,92)
r(226,9,2,92)
w(103,14,2,92)
r(275,3,2,92)
r(187,7,2,92)
r(327,12,2,92)
w(273,6,2,92)
w(117,15,2,92)
r(36,8,2,92)
r(257,7,2,92)
r(309,1,2,92)
w(187,3,2,92)
r(164,1,2,92)
w(7,15,2,92)
r(279,1,2,92)
w(143,16,3,93)
r(248,7,3,93)
r(257,7,3,93)
r(231,9,3,93)
r(104,12,3,93)
w(211,6,3,93)
w(154,12,3,93)
r(190,18,4,94)
r(256,1,4,94)
w(201,6,4,94)
w(226,18,4,94)
r(234,15,4,94)
r(192,6,4,94)
r(17,8,4,94)
w(213,12,4,94)
r(100,8,4,94)
r(193,1,4,94)
r(35,9,4,94)
r(217,4,4,94)
w(72,16,4,94)
r(176,16,4,94)
r(144,11,4,94)
r(162,7,4,94)
r(353,8,4,94)
r(158,15,4,94)
r(336,3,4,94)
w(5,6,4,94)
r(195,14,4,94)
r(349,15,4,94)
r(33,7,4,94)
w(203,12,4,94)
w(136,11,4,94)
w(269,13,4,94)
w(235,14,4,94)
w(289,8,5,95)
w(74,6,5,95)
w(160,6,5,95)
r(186,1,5,95)
w(208,12,5,95)
w(166,11,5,95)
w(51,8,5,95)
r(274,14,5,95)
w(53,15,5,95)
w(68,8,5,95)
w(180,11,5,95)
r(307,5,5,95)
w(312,16,5,95)
w(319,4,5,95)
w(190,18,5,95)
r(279,1,5,95)
w(301,4,5,95)
r(19,1,5,95)
w(232,18,5,95)
w(49,16,5,95)
w(335,4,5,95)
r(353,15,5,95)
w(62,16,5,95)
r(332,3,5,95)
r(55,15,5,95)
r(206,1,5,95)
r(183,11,5,95)
w(19,14,5,95)
w(121,4,5,95)
r(102,6,5,95)
w(329,12,5,95)
w(278,12,5,95)
w(31,16,5,95)
r(158,1,5,95)
r(248,7,5,95)
w(181,11,5,95)
r(82,14,5,95)
r(290,1,5,95)
r(47,14,5,95)
r(278,12,5,95)
r(311,3,5,95)
w(221,16,5,95)
r(58,1,5,95)
w(192,6,5,95)
r(55,15,5,95)
w(16,4,5,95)
r(133,14,5,95)
w(55,11,5,95)
r(163,18,5,95)
w(36,8,5,95)
w(276,11,6,96)
w(246,10,6,96)
r(13,1,6,96)
w(128,8,6,96)
r(318,15,6,96)
w(203,20,6,96)
w(291,10,6,96)
r(185,1,6,96)
r(304,11,6,96)
r(14,10,6,96)
w(352,4,6,96)
w(124,10,6,96)
w(48,8,6,96)
r(115,3,6,96)
r(132,16,6,96)
w(97,11,6,96)
w(289,21,6,96)
w(69,16,6,96)
r(45,18,6,96)
r(170,18,6,96)
r(89,1,6,96)
r(313,7,6,96)
r(206,6,6,96)
r(86,2,6,96)
w(100,9,6,96)
r(147,6,6,96)
w(187,4,6,96)
r(196,3,6,96)
r(352,4,6,96)
w(307,16,6,96)
w(223,20,6,96)
w(110,13,6,96)
w(340,14,6,96)
r(1,18,6,96)
r(187,4,6,96)
w(11,4,6,96)
r(336,3,6,96)
r(32,6,6,96)
w(225,10,6,96)
r(118,16,6,96)
w(16,12,6,96)
r(186,18,6,96)
r(320,21,6,96)
w(208,8,6,96)
r(114,6,6,96)
w(161,8,6,96)
r(230,3,6,96)
r(265,4,6,96)
w(66,18,6,96)
w(137,8,6,96)
w(293,14,1,97)
r(274,12,1,97)
w(166,3,1,97)
w(298,15,1,97)
w(22,3,1,97)
r(154,16,1,97)
r(88,6,1,97)
r(12,6,1,97)
w(33,7,1,97)
r(73,7,1,97)
w(144,14,1,97)
w(9,2,1,97)
w(35,5,1,97)
r(247,14,1,97)
r(167,1,1,97)
w(224,7,1,97)
w(21,3,1,97)
r(309,1,1,97)
w(63,5,1,97)
r(243,1,1,97)
w(271,3,1,97)
w(139,3,1,97)
w(321,5,1,97)
w(34,5,1,97)
w(202,5,1,97)
w(280,3,1,97)
w(64,7,1,97)
r(66,3,1,97)
w(236,3,1,97)
w(201,7,1,97)
r(91,14,1,97)
r(261,1,1,97)
r(260,1,1,97)
w(93,3,1,97)
w(333,3,1,97)
w(20,5,1,97)
w(56,3,1,97)
w(351,7,1,97)
w(120,3,1,97)
r(9,2,1,97)
w(351,14,1,97)
w(29,7,1,97)
r(221,3,1,97)
r(252,12,1,97)
w(199,2,1,97)
w(83,3,1,97)
w(62,3,1,97)
w(244,2,1,97)
w(38,5,1,97)
w(98,5,1,97)
w(304,7,2,98)
r(96,16,2,98)
r(34,5,2,98)
r(46,14,2,98)
w(264,18,2,98)
w(324,3,2,98)
r(165,18,2,98)
r(341,15,2,98)
w(227,14,2,98)
w(50,15,2,98)
w(331,7,2,98)
r(2,1,2,98)
w(35,15,2,98)
r(239,3,2,98)
r(23,2,2,98)
w(238,3,2,98)
r(97,6,3,99)
r(284,15,3,99)
r(30,16,3,99)
w(262,15,3,99)
r(265,18,3,99)
w(163,7,3,99)
w(23,5,3,99)
w(180,4,3,99)
r(275,3,3,99)
w(120,14,3,99)
w(242,4,3,99)
w(216,7,3,99)
r(210,1,3,99)
w(289,4,3,99)
w(245,7,3,99)
r(44,6,3,99)
w(308,15,3,99)
r(197,15,3,99)
r(153,14,3,99)
w(126,18,3,99)
w(267,3,3,99)
w(208,14,3,99)
w(75,15,3,99)
r(139,3,3,99)
w(223,16,3,99)
w(269,12,3,99)
r(358,13,3,99)
r(275,3,3,99)
r(206,8,3,99)
r(333,3,3,99)
r(43,8,3,99)
r(231,9,3,99)
w(262,18,3,99)
w(66,7,3,99)
r(227,4,3,99)
w(66,14,3,99)
r(360,15,3,99)
w(287,4,3,99)
r(77,5,3,99)
w(28,15,3,99)
r(308,15,3,99)
r(322,5,3,99)
w(269,11,3,99)
r(222,8,3,99)
w(189,18,3,99)
r(344,1,3,99)
w(293,16,3,99)
r(69,1,3,99)
r(131,14,3,99)
r(218,18,3,99)
r(342,18,4,100)
w(134,4,4,100)
w(106,5,4,100)
w(133,4,4,100)
w(76,8,4,100)
r(43,8,4,100)
r(200,5,4,100)
w(158,18,4,100)
w(299,6,4,100)
r(289,4,4,100)
w(304,6,4,100)
w(68,18,4,100)
w(312,15,4,100)
r(18,1,4,100)
w(286,4,4,100)
w(293,20,5,101)
r(259,9,5,101)
r(96,16,5,101)
w(148,12,5,101)
w(110,16,5,101)
w(219,18,6,102)
r(136,9,6,102)
w(254,11,6,102)
r(211,7,6,102)
w(85,4,6,102)
w(295,16,6,102)
r(280,3,6,102)
r(32,6,6,102)
w(109,16,6,102)
r(327,16,6,102)
r(158,15,6,102)
w(158,12,6,102)
r(207,13,6,102)
w(166,10,6,102)
w(262,13,6,102)
w(174,11,6,102)
r(8,3,6,102)
w(140,18,6,102)
w(337,4,6,102)
r(265,4,6,102)
w(53,11,6,102)
w(150,12,6,102)
r(237,16,6,102)
w(302,12,6,102)
r(350,14,6,102)
r(159,16,6,102)
w(275,8,6,102)
r(109,16,6,102)
w(62,11,6,102)
w(11,16,6,102)
r(203,20,6,102)
r(264,15,6,102)
w(270,23,6,102)
r(174,11,6,102)
w(335,11,6,102)
w(294,8,6,102)
r(319,16,6,102)
r(311,5,6,102)
w(353,9,6,102)
w(312,8,6,102)
w(13,9,6,102)
r(48,8,6,102)
w(312,9,6,102)
w(171,22,6,102)
w(124,17,6,102)
w(90,4,6,102)
w(290,11,6,102)
w(352,16,6,102)
w(331,11,6,102)
r(317,7,6,102)
w(199,3,1,103)
w(244,3,1,103)
r(47,16,1,103)
r(247,14,1,103)
r(118,1,1,103)
r(136,9,1,103)
r(237,2,1,103)
w(257,14,1,103)
r(115,3,1,103)
r(26,12,1,103)
w(331,2,1,103)
w(3,7,1,103)
r(294,5,1,103)
w(217,2,1,103)
r(60,1,1,103)
w(128,3,1,103)
r(341,18,1,103)
r(240,1,1,103)
r(32,18,1,103)
w(266,5,1,103)
r(358,13,1,103)
w(149,3,1,103)
r(295,7,1,103)
w(103,3,1,103)
w(256,2,1,103)
r(248,7,1,103)
r(348,3,2,104)
r(69,1,2,104)
w(22,6,2,104)
w(112,5,2,104)
w(93,18,2,104)
r(314,18,2,104)
w(182,2,2,104)
r(186,18,2,104)
r(350,14,2,104)
w(31,7,2,104)
r(112,5,2,104)
w(286,5,2,104)
w(194,15,2,104)
w(29,18,2,104)
w(109,14,2,104)
r(177,12,2,104)
r(294,5,2,104)
w(142,3,2,104)
r(165,18,2,104)
w(114,15,2,104)
w(37,5,2,104)
r(345,14,2,104)
r(164,1,2,104)
w(45,14,2,104)
w(52,7,2,104)
w(24,7,2,104)
w(301,3,2,104)
w(143,6,2,104)
w(59,14,2,104)
r(308,17,2,104)
w(100,7,2,104)
w(157,15,2,104)
w(187,5,2,104)
r(328,2,2,104)
w(220,4,2,104)
w(41,3,2,104)
w(192,14,2,104)
w(173,14,2,104)
w(58,5,2,104)
w(238,5,2,104)
r(223,16,3,105)
w(147,6,3,105)
r(279,1,3,105)
w(156,6,3,105)
w(32,6,3,105)
w(259,12,3,105)
r(140,5,3,105)
w(243,4,3,105)
w(108,7,3,105)
w(111,12,3,105)
w(172,15,3,105)
r(309,1,3,105)
r(144,11,3,105)
r(195,14,3,105)
r(43,8,3,105)
r(320,21,3,105)
r(230,3,3,105)
r(212,1,3,105)
w(260,5,3,105)
w(1,15,3,105)
w(9,14,3,105)
w(356,14,3,105)
w(300,14,3,105)
r(138,15,3,105)
w(55,6,3,105)
r(169,6,3,105)
r(187,7,3,105)
w(231,6,3,105)
r(103,2,3,105)
r(327,12,3,105)
r(178,2,3,105)
w(187,14,3,105)
r(318,15,3,105)
r(90,5,3,105)
w(250,14,3,105)
r(359,16,3,105)
r(233,9,3,105)
w(1,18,3,105)
r(139,3,3,105)
w(98,6,3,105)
r(73,7,3,105)
w(291,18,3,105)
r(229,1,3,105)
w(174,18,3,105)
r(332,3,3,105)
w(33,6,3,105)
r(336,3,3,105)
r(124,4,3,105)
r(163,7,3,105)
r(246,11,3,105)
r(111,12,4,106)
r(12,6,4,106)
w(306,12,4,106)
r(200,5,4,106)
r(163,7,4,106)
r(173,12,4,106)
w(321,12,4,106)
r(200,5,4,106)
w(16,18,4,106)
w(121,18,4,106)
w(168,6,4,106)
r(168,6,4,106)
r(161,6,4,106)
r(332,3,4,106)
r(213,20,4,106)
r(268,21,4,106)
r(136,9,4,106)
w(351,10,4,106)
r(102,3,4,106)
r(49,14,4,106)
w(347,11,4,106)
r(292,8,4,106)
w(192,15,4,106)
r(247,14,4,106)
r(312,16,4,106)
w(237,16,4,106)
r(115,3,4,106)
w(95,4,4,106)
w(282,6,4,106)
r(233,9,4,106)
w(203,11,4,106)
w(221,6,4,106)
w(71,11,4,106)
r(231,10,4,106)
r(338,7,4,106)
w(252,11,4,106)
r(307,15,4,106)
r(57,9,4,106)
w(223,9,4,106)
w(215,10,4,106)
w(194,9,4,106)
r(36,8,4,106)
w(127,6,4,106)
r(117,10,4,106)
w(292,11,4,106)
w(358,12,4,106)
w(229,14,4,106)
w(90,15,4,106)
w(206,6,4,106)
r(308,15,4,106)
r(352,14,5,107)
r(75,14,5,107)
w(270,20,5,107)
r(186,1,5,107)
r(332,3,5,107)
r(51,8,5,107)
r(88,6,5,107)
w(222,6,5,107)
r(207,15,5,107)
w(25,8,5,107)
r(197,3,5,107)
r(277,7,5,107)
r(232,18,5,107)
w(328,6,5,107)
r(243,1,5,107)
r(169,6,5,107)
w(207,12,5,107)
r(125,16,5,107)
r(143,1,5,107)
w(308,8,5,107)
w(220,12,5,107)
r(70,3,5,107)
w(268,9,5,107)
r(282,21,5,107)
w(50,12,5,107)
r(285,1,5,107)
w(212,6,5,107)
r(352,14,5,107)
r(309,1,5,107)
r(252,18,5,107)
w(28,16,6,108)
r(281,1,6,108)
r(221,6,6,108)
r(62,11,6,108)
w(289,20,6,108)
w(99,13,6,108)
r(93,5,6,108)
w(239,9,6,108)
r(111,12,6,108)
r(111,12,6,108)
w(208,9,6,108)
r(132,16,6,108)
r(236,3,6,108)
r(121,18,6,108)
r(135,2,6,108)
w(52,9,6,108)
w(203,22,6,108)
r(45,18,6,108)
r(86,2,6,108)
r(53,11,6,108)
r(124,17,6,108)
r(103,5,6,108)
r(311,5,6,108)
w(107,11,6,108)
w(303,6,6,108)
w(308,20,6,108)
w(316,12,6,108)
r(33,6,6,108)
w(147,12,6,108)
w(284,13,6,108)
r(128,12,6,108)
r(335,11,6,108)
r(89,1,6,108)
w(18,13,6,108)
w(65,11,6,108)
w(45,12,6,108)
w(184,8,6,108)
w(303,4,6,108)
r(143,1,6,108)
r(215,5,6,108)
r(124,17,6,108)
r(333,6,6,108)
r(254,6,6,108)
r(114,6,6,108)
w(84,12,6,108)
w(349,16,6,108)
w(223,22,6,108)
r(103,5,6,108)
r(91,14,6,108)
w(111,19,6,108)
r(57,9,1,109)
r(61,3,1,109)
r(276,4,1,109)
r(152,2,1,109)
w(71,7,1,109)
r(320,9,1,109)
w(41,2,1,109)
w(25,2,1,109)
w(250,2,1,109)
r(267,8,1,109)
r(101,2,1,109)
r(1,4,1,109)
r(183,8,1,109)
w(10,15,1,109)
w(340,3,1,109)
w(245,2,1,109)
w(21,5,1,109)
r(232,18,1,109)
r(340,3,1,109)
w(259,7,1,109)
r(40,16,1,109)
r(251,4,1,109)
r(259,7,1,109)
r(337,14,1,109)
w(34,14,1,109)
w(94,7,1,109)
r(359,16,1,109)
w(356,3,1,109)
r(84,1,1,109)
w(16,7,2,110)
r(202,5,2,110)
r(14,5,2,110)
r(274,12,2,110)
w(35,18,2,110)
r(115,3,2,110)
w(14,18,2,110)
w(359,15,2,110)
w(175,14,2,110)
r(289,16,2,110)
r(222,14,2,110)
r(153,14,2,110)
w(45,15,2,110)
w(26,14,2,110)
r(168,18,2,110)
w(26,15,2,110)
r(240,1,2,110)
w(25,3,2,110)
r(280,3,2,110)
r(92,11,3,111)
r(289,4,3,111)
r(250,14,3,111)
r(133,6,3,111)
r(352,14,3,111)
r(41,1,3,111)
w(188,14,3,111)
r(126,18,3,111)
w(1,6,3,111)
w(80,15,3,111)
w(303,5,3,111)
w(288,5,3,111)
w(347,6,3,111)
w(162,15,3,111)
r(123,15,3,111)
w(170,15,3,111)
r(70,12,3,111)
w(287,16,3,111)
r(248,7,3,111)
w(58,18,3,111)
r(138,15,3,111)
w(189,6,3,111)
w(156,4,3,111)
w(69,14,4,112)
r(75,15,4,112)
r(267,3,4,112)
w(331,16,4,112)
w(258,12,4,112)
w(212,15,4,112)
r(342,16,4,112)
r(299,5,5,113)
r(278,12,5,113)
r(232,18,5,113)
r(244,15,5,113)
r(311,3,5,113)
w(106,18,5,113)
w(19,18,5,113)
w(265,18,5,113)
w(298,16,5,113)
r(227,4,5,113)
w(12,6,5,113)
w(273,17,5,113)
r(310,18,5,113)
w(277,4,5,113)
r(201,5,5,113)
r(71,3,5,113)
w(191,10,5,113)
w(32,8,5,113)
r(45,18,5,113)
r(215,8,5,113)
w(335,16,5,113)
w(173,12,5,113)
w(17,8,5,113)
w(293,22,5,113)
w(91,14,5,113)
w(149,10,5,113)
r(226,9,5,113)
w(329,11,5,113)
r(213,17,5,113)
w(218,18,5,113)
r(276,14,5,113)
w(293,19,5,113)
w(120,12,5,113)
r(66,1,5,113)
r(35,4,5,113)
r(125,16,5,113)
r(260,1,5,113)
r(238,2,5,113)
w(108,6,5,113)
r(91,14,5,113)
r(99,5,5,113)
r(29,3,5,113)
w(184,4,5,113)
w(276,4,5,113)
r(191,10,5,113)
w(305,14,5,113)
w(110,12,5,113)
r(307,5,5,113)
r(320,12,5,113)
w(324,18,5,113)
r(235,1,1,114)
w(180,3,1,114)
w(52,3,1,114)
r(346,10,1,114)
w(323,7,1,114)
r(257,7,1,114)
r(322,5,1,114)
r(171,17,1,114)
w(310,7,1,114)
r(261,4,1,114)
r(226,9,1,114)
r(42,2,1,114)
r(44,6,1,114)
w(179,3,1,114)
w(154,5,1,114)
r(232,18,1,114)
r(330,14,1,114)
w(317,3,1,114)
w(183,15,1,114)
w(92,2,1,114)
r(82,14,1,114)
r(139,3,1,114)
r(290,5,1,114)
r(139,3,1,114)
r(284,15,1,114)
w(291,3,1,114)
w(223,3,1,114)
w(190,3,1,114)
w(38,7,1,114)
w(279,3,1,114)
w(155,5,1,114)
r(221,3,1,114)
r(258,8,1,114)
w(346,2,1,114)
r(192,16,1,114)
w(316,2,1,114)
r(46,14,1,114)
w(42,3,2,115)
w(282,5,2,115)
w(211,18,2,115)
w(238,7,2,115)
r(108,6,2,115)
r(275,3,2,115)
w(13,6,2,115)
w(358,14,2,115)
w(33,15,2,115)
r(317,7,2,115)
r(219,14,2,115)
w(36,14,2,115)
r(337,14,2,115)
r(208,12,2,115)
r(358,14,2,115)
r(72,8,2,115)
r(265,18,2,115)
r(302,6,2,115)
w(331,14,2,115)
r(56,3,2,115)
r(125,11,2,115)
r(72,8,2,115)
r(333,3,2,115)
r(291,9,2,115)
r(124,4,2,115)
w(268,16,2,115)
r(73,7,2,115)
w(268,12,2,115)
r(31,16,2,115)
w(105,5,2,115)
r(303,1,2,115)
r(102,3,2,115)
r(263,15,2,115)
w(247,7,2,115)
w(252,7,2,115)
r(336,3,3,116)
w(41,15,3,116)
w(71,16,3,116)
r(35,9,3,116)
w(25,15,3,116)
w(17,4,3,116)
w(264,6,3,116)
w(358,6,3,116)
r(65,3,3,116)
w(139,7,3,116)
w(268,8,3,116)
r(102,3,3,116)
w(33,8,4,117)
r(127,6,4,117)
r(307,16,4,117)
r(92,12,4,117)
w(303,7,4,117)
w(161,18,4,117)
r(238,14,4,117)
r(147,6,4,117)
w(49,6,4,117)
r(354,7,4,117)
r(49,6,4,117)
r(272,4,4,117)
r(14,10,4,117)
r(106,18,4,117)
w(220,16,4,117)
w(96,12,4,117)
r(185,1,4,117)
r(45,18,4,117)
r(158,15,5,118)
w(30,16,5,118)
r(87,1,5,118)
w(231,9,5,118)
r(282,3,5,118)
r(338,7,5,118)
w(282,10,5,118)
w(171,17,5,118)
r(89,1,5,118)
r(333,2,5,118)
r(48,5,5,118)
r(219,1,5,118)
w(307,15,5,118)
w(48,12,5,118)
w(151,11,5,118)
r(148,15,5,118)
r(145,15,5,118)
r(197,3,5,118)
r(107,16,5,118)
w(269,21,5,118)
r(222,16,5,118)
w(120,11,5,118)
r(185,1,5,118)
r(214,1,5,118)
w(21,11,5,118)
w(274,12,5,118)
r(256,1,5,118)
w(148,11,5,118)
w(311,16,5,118)
w(263,15,5,118)
r(160,18,5,118)
w(3,8,5,118)
w(262,11,5,118)
r(12,6,5,118)
r(30,16,5,118)
r(286,15,5,118)
r(286,15,5,118)
r(17,8,5,118)
w(206,11,5,118)
w(320,9,5,118)
r(278,12,5,118)
r(5,2,5,118)
r(310,18,5,118)
r(341,15,5,118)
w(255,9,5,118)
w(233,9,5,118)
r(344,1,5,118)
w(305,15,5,118)
w(125,11,5,118)
w(258,8,5,118)
r(353,8,1,119)
r(51,13,1,119)
r(183,8,1,119)
w(360,2,1,119)
w(315,3,1,119)
r(231,10,1,119)
w(47,5,1,119)
r(89,1,1,119)
r(309,1,1,119)
r(197,15,1,119)
w(346,3,1,119)
w(22,7,1,119)
w(177,5,1,119)
r(75,15,1,119)
r(237,9,1,119)
r(211,14,1,119)
w(83,5,1,119)
r(231,10,1,119)
r(92,12,1,119)
r(202,5,1,119)
r(180,4,1,119)
r(29,7,1,119)
r(39,18,1,119)
r(291,18,1,119)
w(334,3,1,119)
r(154,8,1,119)
r(312,16,1,119)
w(357,5,1,119)
r(8,3,1,119)
w(4,7,1,119)
w(67,2,1,119)
r(135,2,1,119)
r(328,2,1,119)
r(144,8,1,119)
r(229,1,1,119)
r(208,14,1,119)
r(42,2,1,119)
w(127,3,1,119)
w(226,2,1,119)
r(85,1,1,119)
w(317,5,1,119)
w(2,3,1,119)
r(204,2,1,119)
w(225,5,1,119)
w(358,3,1,119)
r(73,7,1,119)
w(12,5,2,120)
r(43,8,2,120)
r(246,18,2,120)
w(293,6,2,120)
w(299,3,2,120)
r(258,8,2,120)
w(166,15,2,120)
r(334,11,2,120)
r(6,2,2,120)
r(275,3,2,120)
w(104,14,2,120)
w(310,14,2,120)
r(235,1,2,120)
w(11,7,2,120)
r(33,7,2,120)
w(312,14,3,121)
w(156,16,3,121)
w(171,16,3,121)
r(315,16,3,121)
r(117,10,3,121)
w(230,15,3,121)
r(34,5,3,121)
w(305,3,3,121)
r(148,11,3,121)
r(30,16,3,121)
w(153,7,3,121)
w(4,4,3,121)
r(62,3,3,121)
r(5,2,3,121)
r(263,15,3,121)
r(81,7,3,121)
w(223,11,3,121)
w(183,9,3,121)
r(17,8,3,121)
w(159,14,3,121)
w(348,15,3,121)
r(177,12,3,121)
r(9,14,3,121)
r(111,12,3,121)
w(48,15,3,121)
w(17,16,3,121)
r(6,2,3,121)
w(278,4,4,122)
r(17,8,4,122)
r(232,18,4,122)
w(101,7,4,122)
w(360,18,4,122)
r(178,2,4,122)
r(92,12,4,122)
w(101,14,4,122)
r(249,14,4,122)
r(324,18,4,122)
r(13,7,4,122)
w(348,16,4,122)
r(218,18,4,122)
w(141,9,4,122)
w(324,7,4,122)
r(88,6,4,122)
r(209,2,4,122)
r(334,11,4,122)
r(201,4,4,122)
r(140,5,4,122)
r(160,18,4,122)
w(153,6,4,122)
w(130,16,4,122)
r(222,8,4,122)
w(229,15,4,122)
r(225,10,4,122)
w(148,6,4,122)
w(95,16,4,122)
r(343,7,4,122)
w(26,11,4,122)
r(319,16,4,122)
w(223,13,4,122)
w(184,6,4,122)
r(294,5,4,122)
w(287,9,4,122)
w(52,18,4,122)
r(273,17,4,122)
r(194,9,4,122)
w(125,4,4,122)
r(286,15,4,122)
r(253,12,4,122)
w(355,12,4,122)
w(259,8,4,122)
r(17,8,4,122)
r(208,8,4,122)
r(267,3,4,122)
w(287,13,4,122)
w(99,6,4,122)
w(248,6,4,122)
r(147,6,4,122)
w(12,4,5,123)
r(358,13,5,123)
r(258,8,5,123)
r(156,13,5,123)
r(308,17,5,123)
w(73,16,5,123)
r(179,1,5,123)
r(66,3,5,123)
r(151,11,5,123)
r(210,1,5,123)
w(59,17,5,123)
r(291,14,5,123)
r(360,15,5,123)
r(222,16,5,123)
r(54,1,5,123)
w(338,10,5,123)
r(49,16,5,123)
w(115,15,5,123)
r(257,7,5,123)
r(201,7,5,123)
w(224,8,5,123)
w(80,6,5,123)
w(130,13,5,123)
r(16,3,5,123)
r(187,7,5,123)
r(217,4,5,123)
w(242,11,5,123)
w(330,8,5,123)
r(129,2,5,123)
r(197,3,5,123)
r(83,3,5,123)
r(280,3,5,123)
w(35,16,5,123)
w(107,12,5,123)
w(242,8,5,123)
r(336,3,5,123)
w(308,9,5,123)
w(230,12,5,123)
w(192,4,5,123)
w(145,8,5,123)
w(267,12,5,123)
w(6,18,5,123)
r(27,3,5,123)
w(72,11,5,123)
w(39,6,5,123)
r(218,18,5,123)
r(289,16,5,123)
r(195,14,5,123)
r(124,4,1,124)
w(350,3,1,124)
r(24,1,1,124)
r(76,11,1,124)
r(96,16,1,124)
w(241,7,1,124)
r(259,12,1,124)
w(27,14,1,124)
r(74,6,1,124)
r(148,11,1,124)
w(330,5,1,124)
r(210,1,1,124)
r(176,16,1,124)
r(228,3,1,124)
w(274,3,1,124)
r(48,11,1,124)
r(125,11,1,124)
w(85,5,1,124)
w(265,2,1,124)
w(202,7,1,124)
w(353,5,1,124)
r(345,14,1,124)
r(83,3,1,124)
w(248,3,1,124)
r(28,15,1,124)
w(149,5,1,124)
w(261,15,1,124)
w(157,14,1,124)
r(93,3,1,124)
w(49,7,1,124)
w(127,5,1,124)
r(36,8,1,124)
r(331,1,1,124)
w(325,2,1,124)
w(211,5,1,124)
w(160,2,1,124)
w(259,15,1,124)
w(150,3,1,124)
r(359,16,1,124)
w(153,3,1,124)
r(172,15,1,124)
r(272,4,1,124)
w(253,15,1,124)
w(186,3,1,124)
r(168,6,1,124)
r(15,15,1,124)
w(75,3,1,124)
r(149,5,1,124)
w(221,5,2,125)
w(134,15,2,125)
r(66,14,2,125)
r(54,6,2,125)
r(179,1,2,125)
r(50,2,2,125)
w(168,14,2,125)
r(70,12,2,125)
w(58,7,2,125)
r(185,1,2,125)
r(139,3,2,125)
r(202,5,2,125)
r(85,1,2,125)
w(301,5,2,125)
r(122,16,2,125)
w(6,7,2,125)
r(154,8,2,125)
w(70,15,2,125)
w(228,14,2,125)
r(55,6,2,125)
w(126,7,2,125)
r(251,3,4,126)
w(214,4,4,126)
w(99,4,4,126)
r(249,14,4,126)
r(189,18,4,126)
r(180,4,4,126)
w(206,16,4,126)
r(143,1,4,126)
r(172,15,4,126)
w(46,6,4,126)
w(260,14,4,126)
w(327,16,4,126)
r(298,15,4,126)
w(336,6,4,126)
r(358,12,4,126)
r(199,2,4,126)
r(322,5,4,126)
r(129,15,4,126)
r(254,4,4,126)
w(68,6,4,126)
r(55,6,4,126)
w(239,4,4,126)
r(222,8,4,126)
w(155,4,4,126)
r(40,5,4,126)
w(139,14,4,126)
w(282,16,4,126)
w(50,16,4,126)
w(246,6,4,126)
w(75,4,4,126)
r(301,2,4,126)
w(194,13,4,126)
r(229,15,4,126)
r(287,13,4,126)
r(140,5,4,126)
r(109,4,4,126)
r(93,5,4,126)
r(189,18,4,126)
w(255,8,4,126)
r(105,11,4,126)
w(282,12,4,126)
r(20,5,4,126)
r(174,18,4,126)
r(41,1,4,126)
w(41,18,4,126)
r(186,18,4,126)
w(138,16,4,126)
r(113,14,4,126)
w(128,12,4,126)
w(318,18,4,126)
r(155,1,5,127)
r(241,16,5,127)
r(187,7,5,127)
w(219,14,5,127)
r(44,6,5,127)
r(85,1,5,127)
r(182,5,5,127)
r(250,1,5,127)
r(159,1,5,127)
w(315,16,5,127)
r(188,5,5,127)
w(354,7,5,127)
w(319,16,5,127)
r(114,6,5,127)
w(144,11,5,127)
w(201,4,5,127)
w(122,4,5,127)
w(206,8,5,127)
r(268,2,5,127)
r(190,18,5,127)
r(308,17,5,127)
r(2,1,5,127)
r(82,14,5,127)
r(7,2,5,127)
w(21,8,5,127)
w(291,9,5,127)
r(98,5,5,127)
w(161,6,5,127)
w(132,16,5,127)
r(158,15,5,127)
r(308,17,5,127)
r(316,6,5,127)
w(120,8,5,127)
r(283,14,5,127)
r(284,15,5,127)
w(302,6,5,127)
r(121,15,5,127)
w(48,11,5,127)
r(356,7,5,127)
r(83,3,5,127)
r(115,3,5,127)
w(122,16,5,127)
w(51,9,5,127)
r(163,15,5,127)
w(357,12,5,127)
r(335,16,5,127)
w(154,8,5,127)
r(302,6,5,127)
w(72,8,5,127)
w(159,16,5,127)
w(13,7,1,128)
w(58,3,1,128)
w(308,3,1,128)
w(291,5,1,128)
w(183,18,1,128)
w(177,7,1,128)
r(263,15,1,128)
r(61,3,1,128)
r(31,16,1,128)
r(70,12,1,128)
w(30,2,1,128)
w(249,14,1,128)
w(223,5,1,128)
r(254,4,1,128)
w(285,7,1,128)
w(78,15,1,128)
r(18,1,1,128)
r(331,1,1,128)
r(223,5,1,128)
w(84,7,1,128)
w(338,3,1,128)
r(19,5,1,128)
r(37,1,1,128)
r(149,10,1,128)
r(196,3,1,128)
w(87,2,1,128)
w(93,5,1,128)
r(193,1,1,128)
w(127,7,1,128)
r(325,5,1,128)
w(7,7,1,128)
r(315,16,1,128)
w(76,15,1,128)
r(175,8,1,128)
r(160,18,1,128)
w(171,5,1,128)
r(240,1,1,128)
w(57,14,1,128)
w(243,3,1,128)
w(103,5,1,128)
r(270,9,1,128)
r(93,5,1,128)
r(264,15,1,128)
r(160,18,1,128)
r(99,9,1,128)
w(211,7,1,128)
r(67,18,1,128)
r(15,15,1,128)
r(302,6,1,128)
r(201,4,1,128)
w(351,4,2,129)
w(286,14,2,129)
r(120,14,2,129)
r(100,8,2,129)
r(29,7,2,129)
r(222,8,2,129)
r(182,5,2,129)
w(180,14,2,129)
r(53,4,2,129)
w(318,5,2,129)
r(282,10,2,129)
w(215,6,2,129)
r(142,1,2,129)
r(105,11,2,129)
w(137,15,2,129)
w(119,7,2,129)
w(359,18,2,129)
w(96,15,2,129)
r(341,4,2,129)
w(108,2,2,129)
r(284,15,2,129)
r(286,14,2,129)
w(72,14,2,129)
w(146,5,2,129)
r(23,5,4,130)
r(63,5,4,130)
w(132,18,4,130)
w(27,12,4,130)
r(70,12,4,130)
r(172,15,4,130)
r(357,7,4,130)
r(30,2,4,130)
r(61,3,4,130)
r(89,1,4,130)
w(338,4,4,130)
r(339,3,4,130)
r(353,8,4,130)
r(314,18,4,130)
r(216,4,4,130)
w(217,12,4,130)
r(68,6,4,130)
w(149,8,4,130)
w(212,18,4,130)
w(127,4,4,130)
w(215,17,4,130)
r(241,16,4,130)
w(187,15,4,130)
r(199,2,4,130)
r(251,3,4,130)
w(267,15,4,130)
w(279,16,4,130)
r(46,6,4,130)
w(2,4,4,130)
r(16,12,4,130)
r(336,6,4,130)
r(51,13,4,130)
r(266,1,4,130)
r(184,6,4,130)
w(143,8,4,130)
w(47,18,4,130)
r(166,3,5,131)
r(256,1,5,131)
r(74,6,5,131)
w(200,6,5,131)
w(183,17,5,131)
w(174,16,5,131)
w(91,15,5,131)
r(302,6,5,131)
w(90,18,5,131)
r(219,14,5,131)
w(205,10,5,131)
w(249,4,5,131)
r(218,18,5,131)
w(330,9,5,131)
r(163,15,5,131)
w(121,16,5,131)
w(64,12,5,131)
r(327,12,5,131)
r(231,9,5,131)
w(231,13,5,131)
w(177,9,5,131)
w(228,8,5,131)
r(288,2,5,131)
w(183,21,5,131)
r(263,15,5,131)
r(112,14,5,131)
w(53,18,5,131)
r(34,5,5,131)
r(320,9,5,131)
w(274,11,5,131)
r(119,3,5,131)
w(137,4,5,131)
r(273,17,5,131)
w(100,4,5,131)
r(276,4,5,131)
w(40,4,5,131)
r(89,1,5,131)
r(143,1,1,132)
w(224,15,1,132)
r(127,7,1,132)
r(198,3,1,132)
r(288,2,1,132)
r(126,18,1,132)
w(40,5,1,132)
w(130,2,1,132)
r(275,3,1,132)
w(335,3,1,132)
w(311,5,1,132)
r(172,15,1,132)
r(208,8,1,132)
r(177,7,1,132)
r(192,15,1,132)
w(275,7,1,132)
w(268,18,1,132)
w(21,14,1,132)
w(215,5,1,132)
w(359,3,1,132)
w(73,3,1,132)
w(170,2,1,132)
r(102,3,1,132)
w(28,5,1,132)
w(292,3,1,132)
w(336,5,1,132)
r(4,5,1,132)
w(233,15,1,132)
r(98,6,1,132)
w(259,18,1,132)
r(287,4,1,132)
r(251,4,1,132)
r(186,18,1,132)
w(257,15,1,132)
w(7,14,1,132)
w(82,7,1,132)
r(77,5,1,132)
w(204,3,1,132)
w(152,3,1,132)
r(214,18,1,132)
w(357,7,1,132)
r(350,14,1,132)
r(105,11,1,132)
w(102,14,1,132)
r(66,18,1,132)
w(99,2,1,132)
w(251,3,1,132)
r(62,3,1,132)
r(148,11,1,132)
r(111,12,1,132)
w(32,16,4,133)
w(1,12,4,133)
w(68,4,4,133)
r(127,7,4,133)
w(231,12,4,133)
w(156,12,4,133)
r(268,18,4,133)
w(338,16,4,133)
w(171,12,4,133)
r(3,8,4,133)
w(162,16,4,133)
r(191,10,4,133)
w(207,4,4,133)
r(223,13,4,133)
w(56,8,4,133)
w(314,11,4,133)
w(95,12,4,133)
w(1,11,4,133)
w(4,9,4,133)
r(288,2,4,133)
r(132,16,4,133)
w(309,6,4,133)
w(204,11,4,133)
w(251,8,4,133)
w(254,6,4,133)
r(336,6,4,133)
w(166,16,4,133)
w(61,6,4,133)
r(186,18,4,133)
r(28,5,4,133)
w(329,18,4,133)
r(2,1,4,133)
w(145,12,4,133)
r(125,4,4,133)
r(102,14,4,133)
w(166,12,4,133)
w(142,5,4,133)
r(212,1,4,133)
r(175,8,4,133)
r(300,14,4,133)
w(230,4,4,133)
r(73,3,4,133)
r(350,14,4,133)
w(283,6,4,133)
w(321,11,4,133)
w(207,16,4,133)
r(48,8,4,133)
w(29,16,4,133)
r(69,16,4,133)
r(327,16,4,133)
r(70,3,5,134)
w(261,8,5,134)
w(219,15,5,134)
w(234,16,5,134)
r(6,2,5,134)
w(243,16,5,134)
w(237,12,5,134)
r(295,7,5,134)
w(71,8,5,134)
w(15,11,5,134)
w(32,9,5,134)
r(233,9,5,134)
w(120,9,5,134)
r(92,1,5,134)
r(184,4,5,134)
r(174,15,5,134)
r(329,11,5,134)
w(226,16,5,134)
w(355,8,5,134)
r(251,4,5,134)
w(18,11,5,134)
w(294,12,5,134)
w(329,8,5,134)
w(197,14,5,134)
r(256,1,5,134)
w(32,13,5,134)
r(240,1,5,134)
r(160,18,5,134)
w(26,9,5,134)
w(190,6,5,134)
w(275,11,5,134)
w(236,15,5,134)
r(36,8,5,134)
w(35,12,5,134)
w(79,9,5,134)
r(163,15,5,134)
r(120,8,5,135)
r(345,14,5,135)
r(192,6,5,135)
r(295,7,5,135)
r(265,18,5,135)
w(123,14,5,135)
r(273,17,5,135)
w(267,11,5,135)
w(157,4,5,135)
r(198,3,5,135)
r(132,16,5,136)
r(315,16,5,136)
r(48,11,5,136)
r(132,16,5,136)
r(202,5,5,136)
r(295,7,5,136)
r(230,3,5,136)
w(146,11,5,136)
w(285,16,5,136)
r(204,2,5,136)
r(281,1,5,136)
w(303,14,5,136)
r(144,11,5,136)
w(67,15,5,136)
w(67,18,5,136)
r(359,16,5,136)
w(117,10,5,136)
w(192,16,5,136)
r(242,4,5,136)
r(323,5,5,136)
r(336,3,5,136)
r(247,14,5,136)
r(81,7,5,136)
w(134,11,5,136)
r(236,3,5,136)
r(70,12,5,136)
w(105,11,5,136)
w(69,6,5,136)
w(51,13,5,136)
w(127,12,5,136)
r(214,18,5,136)
r(99,9,5,136)
w(254,4,5,136)
w(123,15,5,136)
w(333,6,5,136)
w(162,11,5,136)
r(318,15,5,136)
r(342,18,5,136)
r(332,3,5,136)
w(246,11,5,136)
r(180,4,5,136)
w(10,13,5,136)
w(121,12,5,136)
r(161,6,5,136)
r(110,12,5,136)
r(26,12,5,136)
r(166,3,5,136)
w(118,16,5,136)
w(242,9,5,136)
r(80,1,5,136)
w(165,11,5,137)
w(119,4,5,137)
r(194,22,5,137)
r(110,12,5,137)
r(266,1,5,137)
w(144,8,5,137)
r(321,5,5,137)
w(292,8,5,137)
r(104,12,5,137)
r(201,4,5,137)
r(315,16,5,137)
r(24,1,5,137)
r(209,2,5,137)
w(293,23,5,137)
r(244,2,5,137)
w(342,16,5,137)
r(306,6,5,137)
r(255,9,5,137)
r(77,5,5,137)
r(323,5,5,137)
r(87,1,5,137)
w(175,8,5,137)
w(265,6,5,137)
r(19,5,5,137)
w(53,4,5,137)
w(351,17,5,137)
r(168,18,5,137)
w(216,4,5,137)
w(92,12,5,137)
w(231,10,5,137)
w(244,16,5,137)
w(274,8,5,137)
r(261,4,5,137)
r(82,14,5,137)
w(166,8,5,137)
w(133,16,5,137)
w(341,4,5,137)
r(26,12,5,137)
r(23,5,5,137)
r(339,3,5,137)
r(176,16,5,137)
w(274,9,5,137)
r(102,3,5,137)
w(269,20,5,137)
r(237,9,5,137)
w(265,4,5,137)
w(304,11,5,137)
r(27,3,5,137)
r(95,6,5,137)
w(110,11,5,137)
