w(1,1,0,0)
w(2,1,0,0)
w(3,1,0,0)
w(4,1,0,0)
w(5,1,0,0)
w(6,1,0,0)
w(7,1,0,0)
w(8,1,0,0)
w(9,1,0,0)
w(10,1,0,0)
w(11,1,0,0)
w(12,1,0,0)
w(13,1,0,0)
w(14,1,0,0)
w(15,1,0,0)
w(16,1,0,0)
w(17,1,0,0)
w(18,1,0,0)
w(19,1,0,0)
w(20,1,0,0)
w(21,1,0,0)
w(22,1,0,0)
w(23,1,0,0)
w(24,1,0,0)
w(25,1,0,0)
w(26,1,0,0)
w(27,1,0,0)
w(28,1,0,0)
w(29,1,0,0)
w(30,1,0,0)
w(31,1,0,0)
w(32,1,0,0)
w(33,1,0,0)
w(34,1,0,0)
w(35,1,0,0)
w(36,1,0,0)
w(37,1,0,0)
w(38,1,0,0)
w(39,1,0,0)
w(40,1,0,0)
w(41,1,0,0)
w(42,1,0,0)
w(43,1,0,0)
w(44,1,0,0)
w(45,1,0,0)
w(46,1,0,0)
w(47,1,0,0)
w(48,1,0,0)
w(49,1,0,0)
w(50,1,0,0)
w(51,1,0,0)
w(52,1,0,0)
w(53,1,0,0)
w(54,1,0,0)
w(55,1,0,0)
w(56,1,0,0)
w(57,1,0,0)
w(58,1,0,0)
w(59,1,0,0)
w(60,1,0,0)
w(61,1,0,0)
w(62,1,0,0)
w(63,1,0,0)
w(64,1,0,0)
w(65,1,0,0)
w(66,1,0,0)
w(67,1,0,0)
w(68,1,0,0)
w(69,1,0,0)
w(70,1,0,0)
w(71,1,0,0)
w(72,1,0,0)
w(73,1,0,0)
w(74,1,0,0)
w(75,1,0,0)
w(76,1,0,0)
w(77,1,0,0)
w(78,1,0,0)
w(79,1,0,0)
w(80,1,0,0)
w(81,1,0,0)
w(82,1,0,0)
w(83,1,0,0)
w(84,1,0,0)
w(85,1,0,0)
w(86,1,0,0)
w(87,1,0,0)
w(88,1,0,0)
w(89,1,0,0)
w(90,1,0,0)
w(91,1,0,0)
w(92,1,0,0)
w(93,1,0,0)
w(94,1,0,0)
w(95,1,0,0)
w(96,1,0,0)
w(97,1,0,0)
w(98,1,0,0)
w(99,1,0,0)
w(100,1,0,0)
w(101,1,0,0)
w(102,1,0,0)
w(103,1,0,0)
w(104,1,0,0)
w(105,1,0,0)
w(106,1,0,0)
w(107,1,0,0)
w(108,1,0,0)
w(109,1,0,0)
w(110,1,0,0)
w(111,1,0,0)
w(112,1,0,0)
w(113,1,0,0)
w(114,1,0,0)
w(115,1,0,0)
w(116,1,0,0)
w(117,1,0,0)
w(118,1,0,0)
w(119,1,0,0)
w(120,1,0,0)
w(121,1,0,0)
w(122,1,0,0)
w(123,1,0,0)
w(124,1,0,0)
w(125,1,0,0)
w(126,1,0,0)
w(127,1,0,0)
w(128,1,0,0)
w(129,1,0,0)
w(130,1,0,0)
w(131,1,0,0)
w(132,1,0,0)
w(133,1,0,0)
w(134,1,0,0)
w(135,1,0,0)
w(136,1,0,0)
w(137,1,0,0)
w(138,1,0,0)
w(139,1,0,0)
w(140,1,0,0)
w(141,1,0,0)
w(142,1,0,0)
w(143,1,0,0)
w(144,1,0,0)
w(145,1,0,0)
w(146,1,0,0)
w(147,1,0,0)
w(148,1,0,0)
w(149,1,0,0)
w(150,1,0,0)
w(151,1,0,0)
w(152,1,0,0)
w(153,1,0,0)
w(154,1,0,0)
w(155,1,0,0)
w(156,1,0,0)
w(157,1,0,0)
w(158,1,0,0)
w(159,1,0,0)
w(160,1,0,0)
w(161,1,0,0)
w(162,1,0,0)
w(163,1,0,0)
w(164,1,0,0)
w(165,1,0,0)
w(166,1,0,0)
w(167,1,0,0)
w(168,1,0,0)
w(169,1,0,0)
w(170,1,0,0)
w(171,1,0,0)
w(172,1,0,0)
w(173,1,0,0)
w(174,1,0,0)
w(175,1,0,0)
w(176,1,0,0)
w(177,1,0,0)
w(178,1,0,0)
w(179,1,0,0)
w(180,1,0,0)
w(181,1,0,0)
w(182,1,0,0)
w(183,1,0,0)
w(184,1,0,0)
w(185,1,0,0)
w(186,1,0,0)
w(187,1,0,0)
w(188,1,0,0)
w(189,1,0,0)
w(190,1,0,0)
w(191,1,0,0)
w(192,1,0,0)
w(193,1,0,0)
w(194,1,0,0)
w(195,1,0,0)
w(196,1,0,0)
w(197,1,0,0)
w(198,1,0,0)
w(199,1,0,0)
w(200,1,0,0)
w(201,1,0,0)
w(202,1,0,0)
w(203,1,0,0)
w(204,1,0,0)
w(205,1,0,0)
w(206,1,0,0)
w(207,1,0,0)
w(208,1,0,0)
w(209,1,0,0)
w(210,1,0,0)
w(211,1,0,0)
w(212,1,0,0)
w(213,1,0,0)
w(214,1,0,0)
w(215,1,0,0)
w(216,1,0,0)
w(217,1,0,0)
w(218,1,0,0)
w(219,1,0,0)
w(220,1,0,0)
w(221,1,0,0)
w(222,1,0,0)
w(223,1,0,0)
w(224,1,0,0)
w(225,1,0,0)
w(226,1,0,0)
w(227,1,0,0)
w(228,1,0,0)
w(229,1,0,0)
w(230,1,0,0)
w(231,1,0,0)
w(232,1,0,0)
w(233,1,0,0)
w(234,1,0,0)
w(235,1,0,0)
w(236,1,0,0)
w(237,1,0,0)
w(238,1,0,0)
w(239,1,0,0)
w(240,1,0,0)
w(241,1,0,0)
w(242,1,0,0)
w(243,1,0,0)
w(244,1,0,0)
w(245,1,0,0)
w(246,1,0,0)
w(247,1,0,0)
w(248,1,0,0)
w(249,1,0,0)
w(250,1,0,0)
w(251,1,0,0)
w(252,1,0,0)
w(253,1,0,0)
w(254,1,0,0)
w(255,1,0,0)
w(256,1,0,0)
w(257,1,0,0)
w(258,1,0,0)
w(259,1,0,0)
w(260,1,0,0)
w(261,1,0,0)
w(262,1,0,0)
w(263,1,0,0)
w(264,1,0,0)
w(265,1,0,0)
w(266,1,0,0)
w(267,1,0,0)
w(268,1,0,0)
w(269,1,0,0)
w(270,1,0,0)
w(271,1,0,0)
w(272,1,0,0)
w(273,1,0,0)
w(274,1,0,0)
w(275,1,0,0)
w(276,1,0,0)
w(277,1,0,0)
w(278,1,0,0)
w(279,1,0,0)
w(280,1,0,0)
w(281,1,0,0)
w(282,1,0,0)
w(283,1,0,0)
w(284,1,0,0)
w(285,1,0,0)
w(286,1,0,0)
w(287,1,0,0)
w(288,1,0,0)
w(289,1,0,0)
w(290,1,0,0)
w(291,1,0,0)
w(292,1,0,0)
w(293,1,0,0)
w(294,1,0,0)
w(295,1,0,0)
w(296,1,0,0)
w(297,1,0,0)
w(298,1,0,0)
w(299,1,0,0)
w(300,1,0,0)
w(301,1,0,0)
w(302,1,0,0)
w(303,1,0,0)
w(304,1,0,0)
w(305,1,0,0)
w(306,1,0,0)
w(307,1,0,0)
w(308,1,0,0)
w(309,1,0,0)
w(310,1,0,0)
w(311,1,0,0)
w(312,1,0,0)
w(313,1,0,0)
w(314,1,0,0)
w(315,1,0,0)
w(316,1,0,0)
w(317,1,0,0)
w(318,1,0,0)
w(319,1,0,0)
w(320,1,0,0)
w(321,1,0,0)
w(322,1,0,0)
w(323,1,0,0)
w(324,1,0,0)
w(325,1,0,0)
w(326,1,0,0)
w(327,1,0,0)
w(328,1,0,0)
w(329,1,0,0)
w(330,1,0,0)
w(331,1,0,0)
w(332,1,0,0)
w(333,1,0,0)
w(334,1,0,0)
w(335,1,0,0)
w(336,1,0,0)
w(337,1,0,0)
w(338,1,0,0)
w(339,1,0,0)
w(340,1,0,0)
w(341,1,0,0)
w(342,1,0,0)
w(343,1,0,0)
w(344,1,0,0)
w(345,1,0,0)
w(346,1,0,0)
w(347,1,0,0)
w(348,1,0,0)
w(349,1,0,0)
w(350,1,0,0)
w(351,1,0,0)
w(352,1,0,0)
w(353,1,0,0)
w(354,1,0,0)
w(355,1,0,0)
w(356,1,0,0)
w(357,1,0,0)
w(358,1,0,0)
w(359,1,0,0)
w(360,1,0,0)
r(12,1,1,1)
w(32,2,1,1)
w(16,2,1,1)
w(15,2,1,1)
r(42,1,1,1)
w(27,2,1,1)
r(274,1,1,1)
r(231,1,1,1)
w(48,2,1,1)
w(46,2,1,1)
w(27,3,1,1)
w(56,2,1,1)
r(59,1,1,1)
w(50,2,1,1)
w(36,2,1,1)
w(52,2,1,1)
w(44,2,1,1)
r(306,1,1,1)
r(234,2,1,1)
w(2,2,1,1)
w(49,2,1,1)
w(32,3,1,1)
w(39,2,1,1)
r(360,1,1,1)
r(98,1,1,1)
r(318,1,1,1)
r(177,1,1,1)
r(110,1,1,1)
w(22,2,1,1)
r(320,1,1,1)
w(67,2,2,2)
w(118,2,2,2)
w(68,2,2,2)
r(336,1,2,2)
w(64,2,2,2)
w(120,2,2,2)
w(76,2,2,2)
w(114,2,2,2)
r(8,1,2,2)
r(176,1,2,2)
r(296,1,2,2)
r(286,1,2,2)
w(68,3,2,2)
w(116,2,2,2)
r(327,1,2,2)
r(100,1,2,2)
r(43,1,2,2)
w(77,2,2,2)
r(94,1,2,2)
r(114,2,2,2)
r(122,1,2,2)
w(107,2,2,2)
w(86,2,2,2)
r(72,1,2,2)
w(64,3,2,2)
r(354,1,2,2)
w(113,2,2,2)
w(61,2,2,2)
w(107,3,2,2)
r(51,1,2,2)
w(171,2,3,3)
r(196,1,3,3)
w(157,2,3,3)
r(233,1,3,3)
r(229,2,3,3)
w(180,2,3,3)
w(124,2,3,3)
w(173,2,3,3)
w(138,2,3,3)
r(4,1,3,3)
r(235,2,3,3)
r(282,1,3,3)
r(357,1,3,3)
r(82,1,3,3)
w(156,2,3,3)
w(142,2,3,3)
r(349,1,3,3)
r(122,1,3,3)
w(155,2,3,3)
r(149,1,3,3)
w(180,3,3,3)
w(126,2,3,3)
r(173,2,3,3)
w(173,3,3,3)
w(157,3,3,3)
r(55,1,3,3)
r(191,1,3,3)
w(171,3,3,3)
w(130,2,3,3)
w(159,2,3,3)
r(318,1,4,4)
r(171,1,4,4)
w(234,2,4,4)
r(259,1,4,4)
w(229,2,4,4)
w(211,2,4,4)
r(34,1,4,4)
w(217,2,4,4)
r(248,1,4,4)
w(220,2,4,4)
r(14,1,4,4)
w(224,2,4,4)
r(203,1,4,4)
r(133,1,4,4)
w(188,2,4,4)
w(235,2,4,4)
r(77,1,4,4)
w(189,2,4,4)
r(271,1,4,4)
r(160,1,4,4)
w(202,2,4,4)
r(34,1,4,4)
r(341,1,4,4)
r(180,1,4,4)
w(200,2,4,4)
w(215,2,4,4)
r(154,1,4,4)
r(57,1,4,4)
r(85,1,4,4)
r(149,1,4,4)
w(255,2,5,5)
w(255,3,5,5)
w(295,2,5,5)
r(304,1,5,5)
r(11,1,5,5)
r(310,1,5,5)
r(307,1,5,5)
w(281,2,5,5)
r(338,1,5,5)
w(257,2,5,5)
r(165,1,5,5)
w(261,2,5,5)
r(337,1,5,5)
r(120,2,5,5)
w(269,2,5,5)
r(207,1,5,5)
w(293,2,5,5)
r(242,1,5,5)
w(263,2,5,5)
w(282,2,5,5)
r(112,1,5,5)
w(283,2,5,5)
w(254,2,5,5)
r(113,2,5,5)
w(287,2,5,5)
w(244,2,5,5)
w(248,2,5,5)
r(278,1,5,5)
w(292,2,5,5)
r(95,1,5,5)
r(108,1,6,6)
w(321,2,6,6)
r(108,1,6,6)
w(318,2,6,6)
r(18,1,6,6)
w(342,2,6,6)
w(341,2,6,6)
r(301,1,6,6)
w(355,2,6,6)
r(69,1,6,6)
r(180,1,6,6)
r(355,2,6,6)
w(342,3,6,6)
r(299,1,6,6)
w(329,2,6,6)
r(332,1,6,6)
w(311,2,6,6)
w(359,2,6,6)
r(187,1,6,6)
r(303,1,6,6)
w(308,2,6,6)
r(286,1,6,6)
r(133,1,6,6)
r(320,1,6,6)
r(339,1,6,6)
r(150,1,6,6)
w(345,2,6,6)
r(186,1,6,6)
r(319,1,6,6)
r(319,1,6,6)
w(6,2,1,7)
w(37,2,1,7)
w(14,2,1,7)
w(18,2,1,7)
r(1,1,1,7)
w(47,2,1,7)
w(41,2,1,7)
r(103,1,1,7)
r(285,1,1,7)
w(45,2,1,7)
r(74,1,1,7)
w(4,2,1,7)
r(98,1,1,7)
r(25,1,1,7)
w(15,3,1,7)
w(57,2,1,7)
r(88,1,1,7)
r(264,1,1,7)
w(2,3,1,7)
r(147,1,1,7)
r(170,1,1,7)
w(52,3,1,7)
w(52,4,1,7)
w(42,2,1,7)
r(83,1,1,7)
w(34,2,1,7)
r(10,1,1,7)
w(12,2,1,7)
w(60,2,1,7)
r(126,2,1,7)
w(109,2,2,8)
r(284,1,2,8)
r(298,1,2,8)
r(265,1,2,8)
r(333,1,2,8)
r(294,1,2,8)
r(147,3,2,8)
r(210,1,2,8)
w(91,2,2,8)
r(311,2,2,8)
w(88,2,2,8)
r(351,1,2,8)
r(239,2,2,8)
w(107,4,2,8)
r(64,3,2,8)
r(122,2,2,8)
w(73,2,2,8)
r(20,1,2,8)
r(160,1,2,8)
r(250,1,2,8)
r(101,1,2,8)
r(313,1,2,8)
w(76,3,2,8)
w(109,3,2,8)
r(304,1,2,8)
r(341,2,2,8)
w(83,2,2,8)
r(110,1,2,8)
w(101,2,2,8)
w(116,3,2,8)
w(171,4,3,9)
w(122,2,3,9)
w(153,2,3,9)
w(126,3,3,9)
r(312,1,3,9)
w(125,2,3,9)
r(335,1,3,9)
r(106,1,3,9)
r(177,1,3,9)
r(61,2,3,9)
r(255,3,3,9)
r(136,1,3,9)
w(128,2,3,9)
w(147,2,3,9)
w(169,2,3,9)
w(154,2,3,9)
w(175,2,3,9)
w(159,3,3,9)
r(59,1,3,9)
w(165,2,3,9)
w(147,3,3,9)
w(131,2,3,9)
w(121,2,3,9)
r(141,1,3,9)
w(146,2,3,9)
r(240,1,3,9)
w(133,2,3,9)
w(123,2,3,9)
r(157,3,3,9)
w(126,4,3,9)
r(205,1,4,10)
w(205,2,4,10)
w(224,3,4,10)
r(82,1,4,10)
r(259,1,4,10)
w(181,2,4,10)
r(143,1,4,10)
w(202,3,4,10)
r(71,1,4,10)
r(141,1,4,10)
r(12,1,4,10)
w(206,2,4,10)
r(204,1,4,10)
w(217,3,4,10)
w(236,2,4,10)
r(326,1,4,10)
r(63,1,4,10)
w(208,2,4,10)
r(14,1,4,10)
r(192,1,4,10)
r(132,1,4,10)
r(10,1,4,10)
r(190,1,4,10)
w(233,2,4,10)
r(277,1,4,10)
w(184,2,4,10)
w(227,2,4,10)
r(102,1,4,10)
w(192,2,4,10)
w(224,4,4,10)
w(286,2,5,11)
r(283,2,5,11)
w(263,3,5,11)
w(263,4,5,11)
r(19,1,5,11)
w(278,2,5,11)
w(249,2,5,11)
r(307,1,5,11)
w(281,3,5,11)
r(203,1,5,11)
r(211,2,5,11)
w(263,6,5,11)
w(290,2,5,11)
w(256,2,5,11)
r(352,1,5,11)
w(262,2,5,11)
r(60,2,5,11)
w(281,4,5,11)
r(313,1,5,11)
w(250,2,5,11)
w(298,2,5,11)
w(291,2,5,11)
r(300,1,5,11)
r(186,2,5,11)
w(253,2,5,11)
r(261,2,5,11)
w(267,2,5,11)
w(280,2,5,11)
r(301,1,5,11)
r(4,2,5,11)
r(71,1,6,12)
r(202,3,6,12)
w(310,2,6,12)
w(349,2,6,12)
w(333,2,6,12)
w(307,2,6,12)
w(322,2,6,12)
w(337,2,6,12)
w(345,3,6,12)
w(357,2,6,12)
r(269,2,6,12)
r(175,1,6,12)
w(317,2,6,12)
w(311,3,6,12)
r(242,1,6,12)
r(256,1,6,12)
w(339,2,6,12)
w(353,2,6,12)
w(345,4,6,12)
w(306,2,6,12)
w(319,2,6,12)
r(89,1,1,13)
w(53,2,1,13)
r(151,1,1,13)
r(353,1,1,13)
w(1,2,1,13)
r(318,2,1,13)
w(13,2,1,13)
r(5,1,1,13)
w(25,2,1,13)
w(17,2,1,13)
w(26,2,1,13)
r(47,2,1,13)
r(286,2,1,13)
w(11,2,1,13)
r(108,1,1,13)
w(43,2,1,13)
r(24,1,1,13)
r(344,1,1,13)
r(2,3,1,13)
r(216,1,1,13)
r(305,1,1,13)
r(293,2,1,13)
r(248,2,1,13)
w(28,2,1,13)
r(4,2,1,13)
r(327,1,1,13)
w(38,2,1,13)
r(195,1,1,13)
r(182,1,1,13)
w(60,3,1,13)
r(252,1,2,14)
r(355,3,2,14)
r(98,1,2,14)
w(108,2,2,14)
w(66,3,2,14)
w(63,2,2,14)
w(62,2,2,14)
r(147,4,2,14)
r(95,1,2,14)
w(70,3,2,14)
r(338,1,2,14)
w(65,2,2,14)
r(277,3,2,14)
w(82,2,2,14)
w(120,3,2,14)
w(112,2,2,14)
w(95,2,2,14)
r(184,3,2,14)
w(89,2,2,14)
r(167,1,2,14)
r(279,1,2,14)
r(198,1,2,14)
r(291,2,2,14)
r(54,1,2,14)
w(104,2,2,14)
r(77,2,2,14)
r(288,1,2,14)
r(225,1,2,14)
w(65,3,2,14)
r(19,1,2,14)
w(177,2,3,15)
r(126,4,3,15)
r(310,1,3,15)
r(26,1,3,15)
r(41,2,3,15)
r(342,3,3,15)
r(111,1,3,15)
r(132,1,3,15)
r(253,1,3,15)
r(319,1,3,15)
w(139,2,3,15)
r(4,2,3,15)
r(182,1,3,15)
w(147,4,3,15)
r(41,2,3,15)
r(129,1,3,15)
r(336,1,3,15)
r(296,1,3,15)
r(203,1,3,15)
r(298,1,3,15)
w(157,4,3,15)
w(152,2,3,15)
r(195,1,3,15)
w(126,6,3,15)
w(178,2,3,15)
w(131,3,3,15)
w(168,2,3,15)
w(171,6,3,15)
r(91,2,3,15)
r(134,1,3,15)
r(144,1,4,16)
w(200,3,4,16)
w(200,4,4,16)
r(119,1,4,16)
r(87,1,4,16)
r(221,1,4,16)
r(252,1,4,16)
w(228,2,4,16)
w(193,2,4,16)
r(320,1,4,16)
w(194,2,4,16)
r(270,1,4,16)
r(253,1,4,16)
r(211,2,4,16)
r(169,2,4,16)
r(41,2,4,16)
r(117,1,4,16)
w(228,3,4,16)
w(207,2,4,16)
r(252,1,4,16)
r(208,2,4,16)
r(350,1,4,16)
w(240,2,4,16)
w(233,3,4,16)
r(327,1,4,16)
w(239,2,4,16)
w(235,3,4,16)
r(353,1,4,16)
w(186,2,4,16)
r(36,2,4,16)
w(277,3,5,17)
w(241,2,5,17)
r(82,1,5,17)
w(287,3,5,17)
w(271,2,5,17)
w(289,2,5,17)
r(317,3,5,17)
w(251,2,5,17)
w(251,3,5,17)
w(286,3,5,17)
r(310,3,5,17)
w(262,3,5,17)
r(255,3,5,17)
w(256,3,5,17)
r(271,2,5,17)
r(332,2,5,17)
w(270,2,5,17)
w(261,4,5,17)
r(359,2,5,17)
r(111,1,5,17)
r(63,1,5,17)
r(265,1,5,17)
r(163,1,5,17)
w(297,2,5,17)
r(261,4,5,17)
w(262,4,5,17)
w(272,2,5,17)
r(142,2,5,17)
w(271,3,5,17)
r(253,2,5,17)
r(270,1,6,18)
w(315,2,6,18)
w(345,6,6,18)
r(246,1,6,18)
w(355,3,6,18)
r(13,1,6,18)
r(269,2,6,18)
r(158,1,6,18)
r(135,1,6,18)
r(271,1,6,18)
r(203,1,6,18)
r(200,4,6,18)
w(311,4,6,18)
r(114,2,6,18)
w(333,3,6,18)
r(40,1,6,18)
w(304,2,6,18)
w(326,2,6,18)
r(314,1,6,18)
r(111,1,6,18)
r(190,1,6,18)
r(194,2,6,18)
w(321,3,6,18)
w(350,2,6,18)
r(89,1,6,18)
w(311,6,6,18)
r(336,1,6,18)
r(32,3,6,18)
r(353,1,6,18)
w(324,2,6,18)
w(36,3,1,19)
r(159,3,1,19)
w(50,3,1,19)
r(75,1,1,19)
w(12,3,1,19)
r(359,2,1,19)
r(309,1,1,19)
r(29,1,1,19)
r(13,2,1,19)
w(34,3,1,19)
r(255,3,1,19)
r(90,1,1,19)
r(319,3,1,19)
w(49,3,1,19)
r(75,1,1,19)
r(131,3,1,19)
r(63,1,1,19)
r(77,2,1,19)
w(18,3,1,19)
w(12,4,1,19)
r(304,2,1,19)
r(285,1,1,19)
r(40,1,1,19)
r(12,4,1,19)
w(56,3,1,19)
r(326,3,1,19)
w(21,2,1,19)
w(30,2,1,19)
r(290,2,1,19)
r(251,1,1,19)
r(34,3,2,20)
r(213,1,2,20)
r(36,4,2,20)
r(273,1,2,20)
w(110,2,2,20)
r(231,2,2,20)
r(92,1,2,20)
r(167,1,2,20)
w(68,6,2,20)
r(205,3,2,20)
w(95,3,2,20)
r(280,2,2,20)
r(49,4,2,20)
w(118,6,2,20)
r(83,2,2,20)
w(117,3,2,20)
w(94,4,2,20)
r(294,1,2,20)
w(63,3,2,20)
r(27,3,2,20)
r(228,4,2,20)
w(64,6,2,20)
w(91,3,2,20)
r(208,2,2,20)
r(249,3,2,20)
r(98,1,2,20)
r(91,3,2,20)
w(92,2,2,20)
w(119,4,2,20)
r(1,2,2,20)
w(171,5,3,21)
w(173,4,3,21)
r(45,2,3,21)
w(162,2,3,21)
w(139,3,3,21)
w(124,3,3,21)
r(123,2,3,21)
r(158,1,3,21)
w(175,3,3,21)
w(142,4,3,21)
r(106,1,3,21)
r(164,1,3,21)
r(67,2,3,21)
w(136,2,3,21)
r(162,2,3,21)
r(297,2,3,21)
r(109,3,3,21)
w(172,2,3,21)
w(133,3,3,21)
r(323,1,3,21)
w(123,4,3,21)
r(61,2,3,21)
w(126,5,3,21)
w(162,3,3,21)
w(180,4,3,21)
r(284,1,3,21)
r(41,2,3,21)
r(6,2,3,21)
w(159,4,3,21)
w(159,6,3,21)
w(236,3,4,22)
r(32,3,4,22)
r(247,1,4,22)
r(36,2,4,22)
w(207,3,4,22)
w(193,3,4,22)
w(192,3,4,22)
w(192,4,4,22)
w(212,2,4,22)
w(235,4,4,22)
r(147,4,4,22)
r(55,1,4,22)
r(276,1,4,22)
r(338,1,4,22)
w(181,3,4,22)
w(209,2,4,22)
w(237,2,4,22)
w(215,3,4,22)
w(188,3,4,22)
w(229,3,4,22)
r(36,2,4,22)
r(312,1,4,22)
r(40,1,4,22)
r(278,2,4,22)
r(119,1,4,22)
r(185,1,4,22)
w(203,2,4,22)
r(77,2,4,22)
w(199,2,4,22)
w(226,2,4,22)
r(33,1,5,23)
w(293,3,5,23)
w(241,3,5,23)
r(146,2,5,23)
w(263,5,5,23)
r(237,2,5,23)
r(56,3,5,23)
r(225,1,5,23)
w(253,4,5,23)
w(259,3,5,23)
r(311,5,5,23)
r(170,1,5,23)
r(168,2,5,23)
r(51,1,5,23)
w(242,2,5,23)
w(274,2,5,23)
r(182,1,5,23)
r(197,2,5,23)
r(31,1,5,23)
w(275,2,5,23)
r(253,4,5,23)
w(267,3,5,23)
r(31,1,5,23)
r(26,2,5,23)
w(245,2,5,23)
w(267,4,5,23)
w(300,2,5,23)
w(292,4,5,23)
w(252,2,5,23)
w(246,2,5,23)
w(343,2,6,24)
r(7,1,6,24)
r(42,2,6,24)
w(325,2,6,24)
w(336,2,6,24)
w(350,3,6,24)
r(220,2,6,24)
w(317,3,6,24)
w(326,3,6,24)
w(312,2,6,24)
w(319,3,6,24)
w(344,2,6,24)
w(333,4,6,24)
r(287,2,6,24)
r(55,1,6,24)
r(134,1,6,24)
w(349,3,6,24)
w(310,3,6,24)
r(151,1,6,24)
w(345,5,6,24)
w(307,3,6,24)
r(32,3,6,24)
w(342,4,6,24)
w(339,3,6,24)
w(347,3,6,24)
r(192,4,6,24)
r(111,1,6,24)
w(302,2,6,24)
w(318,3,6,24)
r(265,1,6,24)
r(293,2,1,25)
r(349,3,1,25)
w(41,3,1,25)
r(228,3,1,25)
w(44,3,1,25)
w(5,2,1,25)
r(278,2,1,25)
r(171,5,1,25)
w(39,3,1,25)
w(24,2,1,25)
w(36,4,1,25)
w(23,2,1,25)
r(316,1,1,25)
r(261,4,1,25)
r(127,1,1,25)
r(221,1,1,25)
r(227,2,1,25)
w(49,4,1,25)
r(123,4,1,25)
r(50,3,1,25)
w(18,4,1,25)
r(334,1,1,25)
r(19,1,1,25)
r(295,2,1,25)
w(48,3,1,25)
r(96,1,1,25)
r(122,2,1,25)
r(72,1,1,25)
r(305,2,1,25)
r(285,1,1,25)
r(252,2,2,26)
w(64,5,2,26)
r(345,5,2,26)
r(346,3,2,26)
r(343,4,2,26)
w(110,3,2,26)
r(179,3,2,26)
w(72,4,2,26)
r(210,2,2,26)
w(103,2,2,26)
r(143,1,2,26)
w(65,6,2,26)
r(105,1,2,26)
w(116,6,2,26)
w(85,6,2,26)
w(81,2,2,26)
r(42,6,2,26)
r(280,3,2,26)
r(168,2,2,26)
r(332,3,2,26)
w(115,3,2,26)
r(174,3,2,26)
r(196,3,2,26)
r(305,2,2,26)
r(154,2,2,26)
w(84,6,2,26)
r(33,2,2,26)
r(288,4,2,26)
w(89,3,2,26)
w(114,3,2,26)
r(33,1,3,27)
w(125,3,3,27)
w(125,4,3,27)
r(91,2,3,27)
r(186,2,3,27)
w(170,2,3,27)
w(158,2,3,27)
w(126,8,3,27)
w(152,3,3,27)
w(170,3,3,27)
w(138,4,3,27)
w(121,3,3,27)
r(271,3,3,27)
w(157,5,3,27)
w(146,3,3,27)
r(273,1,3,27)
w(180,6,3,27)
r(286,3,3,27)
r(108,2,3,27)
r(262,4,3,27)
r(357,3,3,27)
r(250,2,3,27)
w(140,2,3,27)
w(175,4,3,27)
w(162,4,3,27)
r(91,2,3,27)
r(343,2,3,27)
r(148,1,3,27)
r(21,2,3,27)
w(146,4,3,27)
r(156,2,4,28)
r(100,1,4,28)
r(94,1,4,28)
w(195,2,4,28)
r(220,2,4,28)
w(211,3,4,28)
r(356,1,4,28)
w(196,2,4,28)
w(226,3,4,28)
r(64,3,4,28)
r(271,1,4,28)
r(157,4,4,28)
w(220,3,4,28)
r(326,3,4,28)
r(291,2,4,28)
r(338,1,4,28)
r(7,1,4,28)
w(231,2,4,28)
w(206,3,4,28)
r(129,1,4,28)
w(203,3,4,28)
r(124,2,4,28)
w(218,2,4,28)
r(317,3,4,28)
r(40,1,4,28)
r(82,1,4,28)
r(139,2,4,28)
w(238,2,4,28)
r(169,2,4,28)
w(184,3,4,28)
r(264,1,5,29)
w(298,3,5,29)
r(25,2,5,29)
w(295,6,5,29)
w(282,4,5,29)
w(249,3,5,29)
r(6,2,5,29)
w(299,2,5,29)
w(262,6,5,29)
w(272,3,5,29)
w(277,4,5,29)
w(271,4,5,29)
w(251,4,5,29)
r(169,2,5,29)
w(288,2,5,29)
w(270,3,5,29)
r(320,2,5,29)
w(248,3,5,29)
w(275,3,5,29)
r(43,2,5,29)
w(255,4,5,29)
r(317,3,5,29)
w(243,2,5,29)
r(47,2,5,29)
r(197,2,5,29)
r(2,3,5,29)
w(297,3,5,29)
w(287,4,5,29)
r(89,2,5,29)
w(255,6,5,29)
r(329,2,6,30)
r(301,1,6,30)
w(319,4,6,30)
w(341,3,6,30)
w(357,3,6,30)
w(322,3,6,30)
w(353,3,6,30)
r(140,1,6,30)
r(318,3,6,30)
w(330,2,6,30)
r(353,3,6,30)
r(253,2,6,30)
w(332,2,6,30)
r(193,3,6,30)
r(202,3,6,30)
r(341,3,6,30)
w(303,2,6,30)
r(329,2,6,30)
r(321,3,6,30)
r(229,3,6,30)
r(112,1,6,30)
w(311,5,6,30)
r(323,1,6,30)
w(318,4,6,30)
w(305,2,6,30)
r(83,2,6,30)
w(331,2,6,30)
r(151,1,6,30)
w(320,2,6,30)
r(155,2,6,30)
r(234,2,1,31)
w(52,6,1,31)
w(50,5,1,31)
w(57,3,1,31)
w(19,3,1,31)
r(247,3,1,31)
w(6,3,1,31)
r(67,2,1,31)
w(46,3,1,31)
w(41,4,1,31)
w(16,6,1,31)
w(15,6,1,31)
w(47,3,1,31)
w(57,4,1,31)
r(321,4,1,31)
r(227,2,1,31)
w(23,3,1,31)
w(19,4,1,31)
w(56,4,1,31)
r(184,6,1,31)
r(157,5,1,31)
w(42,4,1,31)
r(9,1,1,31)
r(176,1,1,31)
w(9,2,1,31)
w(25,3,1,31)
w(6,4,1,31)
w(26,3,1,31)
w(44,6,1,31)
r(344,3,1,31)
r(104,2,2,32)
r(261,5,2,32)
r(250,6,2,32)
w(109,4,2,32)
w(100,3,2,32)
r(328,2,2,32)
r(259,4,2,32)
w(63,6,2,32)
r(157,5,2,32)
r(201,2,2,32)
r(222,2,2,32)
r(322,3,2,32)
r(262,5,2,32)
w(111,3,2,32)
w(62,3,2,32)
r(315,6,2,32)
r(114,3,2,32)
r(150,3,2,32)
r(96,1,2,32)
w(116,5,2,32)
r(273,3,2,32)
w(92,3,2,32)
r(249,3,2,32)
r(123,4,2,32)
w(77,3,2,32)
r(18,4,2,32)
r(30,2,2,32)
w(115,4,2,32)
r(165,2,2,32)
w(73,4,2,32)
r(120,3,3,33)
r(207,3,3,33)
w(131,4,3,33)
r(200,4,3,33)
w(179,2,3,33)
w(138,6,3,33)
w(142,6,3,33)
r(309,1,3,33)
w(174,2,3,33)
r(191,1,3,33)
w(179,3,3,33)
r(238,3,3,33)
r(349,3,3,33)
w(131,6,3,33)
r(325,2,3,33)
r(8,1,3,33)
r(171,5,3,33)
r(116,3,3,33)
r(292,4,3,33)
r(47,2,3,33)
w(174,3,3,33)
w(135,2,3,33)
r(110,1,3,33)
r(19,1,3,33)
r(117,1,3,33)
w(163,2,3,33)
r(21,2,3,33)
r(161,1,3,33)
r(138,6,3,33)
r(146,4,3,33)
w(223,2,4,34)
w(205,3,4,34)
w(187,2,4,34)
r(190,1,4,34)
r(122,2,4,34)
r(246,1,4,34)
w(228,4,4,34)
w(238,3,4,34)
w(230,2,4,34)
r(19,1,4,34)
w(203,4,4,34)
r(94,1,4,34)
w(183,2,4,34)
w(188,4,4,34)
r(214,1,4,34)
r(333,4,4,34)
r(337,1,4,34)
w(232,2,4,34)
w(197,2,4,34)
r(73,2,4,34)
w(194,3,4,34)
r(15,3,4,34)
w(204,2,4,34)
w(199,3,4,34)
r(273,1,4,34)
r(65,3,4,34)
w(210,2,4,34)
w(239,3,4,34)
w(202,4,4,34)
w(215,4,4,34)
w(283,4,5,35)
w(253,6,5,35)
w(284,3,5,35)
w(265,2,5,35)
r(109,3,5,35)
r(248,3,5,35)
r(273,1,5,35)
r(298,3,5,35)
w(276,2,5,35)
r(49,4,5,35)
w(292,6,5,35)
w(284,4,5,35)
w(260,2,5,35)
w(279,3,5,35)
r(9,1,5,35)
w(270,4,5,35)
w(241,4,5,35)
r(167,1,5,35)
r(149,1,5,35)
w(247,2,5,35)
w(276,3,5,35)
r(8,1,5,35)
r(170,3,5,35)
r(315,4,5,35)
r(18,4,5,35)
w(247,3,5,35)
w(279,4,5,35)
w(290,4,5,35)
r(230,2,5,35)
r(272,3,5,35)
r(196,2,6,36)
w(318,6,6,36)
w(334,3,6,36)
r(192,4,6,36)
r(14,2,6,36)
w(303,3,6,36)
r(24,2,6,36)
w(332,3,6,36)
r(24,2,6,36)
r(285,1,6,36)
r(69,1,6,36)
r(124,3,6,36)
w(312,3,6,36)
r(218,2,6,36)
w(319,6,6,36)
r(333,4,6,36)
w(351,2,6,36)
r(219,1,6,36)
w(315,4,6,36)
w(323,2,6,36)
w(360,3,6,36)
r(230,2,6,36)
r(204,2,6,36)
r(92,1,6,36)
w(310,4,6,36)
w(320,3,6,36)
w(319,5,6,36)
w(359,3,6,36)
w(352,3,6,36)
r(293,3,6,36)
w(31,2,1,37)
w(1,3,1,37)
r(110,2,1,37)
w(10,2,1,37)
r(357,3,1,37)
r(131,6,1,37)
w(4,4,1,37)
w(6,6,1,37)
r(102,1,1,37)
r(135,2,1,37)
r(314,2,1,37)
r(267,4,1,37)
w(8,2,1,37)
r(127,1,1,37)
w(56,6,1,37)
w(34,4,1,37)
w(55,2,1,37)
r(227,2,1,37)
r(292,6,1,37)
r(93,1,1,37)
w(21,3,1,37)
w(42,6,1,37)
r(10,2,1,37)
w(52,5,1,37)
w(1,4,1,37)
w(2,4,1,37)
r(216,2,1,37)
w(51,2,1,37)
w(57,6,1,37)
r(6,6,1,37)
w(67,5,2,38)
r(191,1,2,38)
w(76,8,2,38)
w(77,4,2,38)
r(182,1,2,38)
w(89,5,2,38)
w(89,8,2,38)
w(64,8,2,38)
w(120,6,2,38)
w(102,3,2,38)
w(105,2,2,38)
r(221,1,2,38)
r(28,4,2,38)
r(328,2,2,38)
w(104,5,2,38)
w(99,2,2,38)
w(119,5,2,38)
r(359,4,2,38)
w(66,6,2,38)
r(227,2,2,38)
w(114,4,2,38)
w(74,2,2,38)
w(72,6,2,38)
r(212,4,2,38)
r(297,8,2,38)
r(201,2,2,38)
w(93,2,2,38)
r(249,3,2,38)
r(235,4,2,38)
w(83,4,2,38)
w(159,8,3,39)
w(144,2,3,39)
w(122,4,3,39)
w(148,3,3,39)
r(293,6,3,39)
w(162,5,3,39)
w(151,2,3,39)
w(147,6,3,39)
w(166,2,3,39)
r(247,3,3,39)
r(174,3,3,39)
r(147,6,3,39)
r(172,2,3,39)
w(159,7,3,39)
r(355,3,3,39)
w(152,4,3,39)
w(178,6,3,39)
w(176,3,3,39)
r(359,4,3,39)
w(146,6,3,39)
w(130,8,3,39)
r(153,2,3,39)
w(134,3,3,39)
w(180,5,3,39)
r(104,2,3,39)
w(167,2,3,39)
w(167,3,3,39)
w(128,4,3,39)
r(188,6,3,39)
w(167,4,3,39)
r(259,3,4,40)
w(184,4,4,40)
r(26,2,4,40)
r(217,3,4,40)
r(98,1,4,40)
w(190,2,4,40)
r(47,2,4,40)
r(192,4,4,40)
r(71,1,4,40)
r(218,2,4,40)
r(147,4,4,40)
w(188,6,4,40)
r(353,3,4,40)
w(209,3,4,40)
r(296,1,4,40)
r(111,1,4,40)
r(266,1,4,40)
w(196,3,4,40)
w(203,6,4,40)
w(184,6,4,40)
w(198,2,4,40)
r(186,2,4,40)
w(198,3,4,40)
r(37,2,4,40)
r(340,1,4,40)
r(88,2,4,40)
w(201,2,4,40)
r(47,2,4,40)
r(273,1,4,40)
r(228,4,4,40)
w(242,3,5,41)
r(55,1,5,41)
r(124,3,5,41)
r(134,1,5,41)
w(261,6,5,41)
w(244,3,5,41)
r(307,4,5,41)
r(80,1,5,41)
w(288,3,5,41)
w(262,5,5,41)
r(37,2,5,41)
w(273,3,5,41)
r(216,2,5,41)
w(293,4,5,41)
r(345,5,5,41)
r(340,3,5,41)
w(246,3,5,41)
w(272,4,5,41)
w(297,4,5,41)
r(41,4,5,41)
r(82,2,5,41)
w(295,5,5,41)
w(279,6,5,41)
w(286,4,5,41)
r(152,3,5,41)
w(259,4,5,41)
r(154,2,5,41)
r(40,1,5,41)
r(195,2,5,41)
w(278,4,5,41)
w(307,4,6,42)
w(320,4,6,42)
w(354,2,6,42)
r(11,2,6,42)
w(343,3,6,42)
w(309,3,6,42)
w(324,4,6,42)
w(348,2,6,42)
w(349,5,6,42)
r(160,1,6,42)
w(331,4,6,42)
w(316,3,6,42)
w(320,6,6,42)
w(348,3,6,42)
w(346,3,6,42)
w(328,2,6,42)
r(78,1,6,42)
r(2,3,6,42)
w(344,3,6,42)
w(317,4,6,42)
w(321,4,6,42)
r(131,6,6,42)
r(203,6,6,42)
w(360,4,6,42)
r(327,1,6,42)
r(253,6,6,42)
w(340,3,6,42)
w(306,3,6,42)
r(30,2,6,42)
r(51,1,6,42)
r(142,6,1,43)
r(84,1,1,43)
r(2,4,1,43)
r(322,3,1,43)
w(7,2,1,43)
r(324,6,1,43)
r(139,3,1,43)
r(322,3,1,43)
w(33,2,1,43)
w(21,4,1,43)
r(190,2,1,43)
r(259,4,1,43)
w(51,3,1,43)
w(12,6,1,43)
w(57,5,1,43)
w(24,3,1,43)
w(14,3,1,43)
r(257,2,1,43)
w(3,2,1,43)
r(311,7,1,43)
w(53,3,1,43)
w(40,2,1,43)
r(356,1,1,43)
w(36,6,1,43)
w(34,6,1,43)
r(346,3,1,43)
w(36,5,1,43)
r(209,3,1,43)
r(125,4,1,43)
r(351,3,1,43)
w(114,6,2,44)
w(73,6,2,44)
w(104,8,2,44)
r(266,4,2,44)
r(13,2,2,44)
r(292,8,2,44)
w(120,5,2,44)
r(130,8,2,44)
w(73,5,2,44)
w(70,4,2,44)
w(63,5,2,44)
w(107,8,2,44)
r(204,2,2,44)
r(68,6,2,44)
w(64,7,2,44)
r(267,8,2,44)
w(79,3,2,44)
r(40,4,2,44)
r(300,3,2,44)
r(270,6,2,44)
r(214,6,2,44)
w(114,5,2,44)
r(204,2,2,44)
w(71,6,2,44)
w(96,2,2,44)
r(46,4,2,44)
w(88,4,2,44)
w(85,5,2,44)
w(110,4,2,44)
w(87,6,2,44)
r(292,6,3,45)
w(179,4,3,45)
w(169,6,3,45)
w(160,2,3,45)
w(170,4,3,45)
w(180,8,3,45)
w(143,3,3,45)
r(115,3,3,45)
w(159,10,3,45)
r(88,2,3,45)
w(144,3,3,45)
r(294,1,3,45)
w(171,10,3,45)
w(139,4,3,45)
r(257,2,3,45)
w(148,4,3,45)
w(124,4,3,45)
w(173,6,3,45)
w(150,3,3,45)
w(155,6,3,45)
w(144,4,3,45)
w(174,4,3,45)
r(245,3,3,45)
w(128,6,3,45)
w(176,4,3,45)
r(295,5,3,45)
w(140,3,3,45)
w(132,2,3,45)
r(18,4,3,45)
r(181,3,3,45)
w(219,2,4,46)
w(216,2,4,46)
w(228,6,4,46)
w(225,2,4,46)
r(275,3,4,46)
w(240,3,4,46)
r(102,1,4,46)
w(220,4,4,46)
r(82,2,4,46)
w(207,4,4,46)
r(102,1,4,46)
w(189,3,4,46)
r(320,6,4,46)
r(317,4,4,46)
r(6,2,4,46)
r(4,2,4,46)
r(77,2,4,46)
w(185,2,4,46)
w(203,5,4,46)
w(240,4,4,46)
w(189,4,4,46)
r(348,3,4,46)
r(256,3,4,46)
r(212,2,4,46)
r(81,1,4,46)
r(32,3,4,46)
r(315,4,4,46)
w(217,4,4,46)
r(314,1,4,46)
w(199,4,4,46)
w(297,6,5,47)
w(268,3,5,47)
w(265,3,5,47)
r(69,1,5,47)
w(242,4,5,47)
r(32,3,5,47)
r(135,2,5,47)
w(253,5,5,47)
r(120,3,5,47)
w(267,6,5,47)
w(293,6,5,47)
r(344,3,5,47)
r(95,3,5,47)
r(208,3,5,47)
r(360,6,5,47)
r(119,4,5,47)
w(298,4,5,47)
r(242,4,5,47)
r(275,3,5,47)
r(276,3,5,47)
w(274,3,5,47)
w(267,5,5,47)
w(269,3,5,47)
r(276,3,5,47)
r(224,4,5,47)
r(51,2,5,47)
w(282,6,5,47)
r(278,4,5,47)
r(155,2,5,47)
r(293,6,5,47)
r(357,3,6,48)
w(324,6,6,48)
r(198,3,6,48)
w(337,3,6,48)
w(336,3,6,48)
w(311,7,6,48)
w(338,3,6,48)
w(310,6,6,48)
r(101,2,6,48)
w(315,6,6,48)
w(342,6,6,48)
r(349,5,6,48)
r(268,1,6,48)
w(360,6,6,48)
w(343,4,6,48)
r(293,3,6,48)
r(245,2,6,48)
r(351,2,6,48)
r(311,7,6,48)
w(316,4,6,48)
r(162,4,6,48)
w(359,4,6,48)
w(314,2,6,48)
r(328,2,6,48)
w(331,6,6,48)
w(351,3,6,48)
r(288,2,6,48)
r(220,4,6,48)
r(88,2,6,48)
r(23,3,6,48)
w(47,4,1,49)
w(48,6,1,49)
w(58,2,1,49)
r(135,2,1,49)
r(121,3,1,49)
w(9,3,1,49)
w(1,6,1,49)
r(270,6,1,49)
r(74,1,1,49)
w(33,3,1,49)
w(15,5,1,49)
w(40,3,1,49)
w(28,4,1,49)
w(45,3,1,49)
w(29,3,1,49)
r(188,6,1,49)
w(46,4,1,49)
r(56,6,1,49)
r(154,2,1,49)
w(23,4,1,49)
r(127,1,1,49)
w(45,4,1,49)
r(19,4,1,49)
w(40,4,1,49)
r(180,5,1,49)
r(187,2,1,49)
r(100,1,1,49)
r(255,6,1,49)
w(43,4,1,49)
w(7,3,1,49)
r(290,7,2,50)
w(81,3,2,50)
w(78,3,2,50)
w(79,4,2,50)
w(81,4,2,50)
w(114,8,2,50)
r(300,3,2,50)
r(232,2,2,50)
r(36,7,2,50)
w(110,6,2,50)
w(70,6,2,50)
w(116,8,2,50)
w(66,5,2,50)
r(19,5,2,50)
w(91,4,2,50)
w(91,6,2,50)
r(6,6,2,50)
r(64,7,2,50)
r(190,6,2,50)
r(8,2,2,50)
r(90,1,2,50)
r(358,1,2,50)
w(87,5,2,50)
r(215,4,2,50)
w(73,8,2,50)
w(93,3,2,50)
r(31,2,2,50)
r(342,5,2,50)
w(61,4,2,50)
r(94,4,2,50)
w(168,4,3,51)
w(164,2,3,51)
w(127,2,3,51)
w(125,6,3,51)
r(310,6,3,51)
w(136,3,3,51)
r(87,1,3,51)
w(162,8,3,51)
w(153,3,3,51)
r(89,3,3,51)
w(144,6,3,51)
r(60,3,3,51)
r(257,2,3,51)
w(174,6,3,51)
r(239,3,3,51)
r(114,3,3,51)
r(290,5,3,51)
w(152,6,3,51)
r(140,3,3,51)
r(215,4,3,51)
r(249,3,3,51)
r(341,3,3,51)
w(167,6,3,51)
w(171,9,3,51)
r(8,2,3,51)
w(146,5,3,51)
r(209,3,3,51)
r(336,3,3,51)
w(138,5,3,51)
w(180,7,3,51)
w(228,5,4,52)
w(225,3,4,52)
r(71,1,4,52)
w(195,3,4,52)
r(311,7,4,52)
w(234,3,4,52)
r(48,3,4,52)
w(230,3,4,52)
w(193,4,4,52)
w(214,2,4,52)
r(28,2,4,52)
w(223,3,4,52)
r(223,3,4,52)
r(167,1,4,52)
r(63,3,4,52)
w(219,3,4,52)
w(208,3,4,52)
w(212,3,4,52)
r(38,2,4,52)
w(240,6,4,52)
w(195,4,4,52)
r(31,2,4,52)
w(211,4,4,52)
w(219,4,4,52)
r(305,2,4,52)
w(222,2,4,52)
w(197,3,4,52)
r(65,3,4,52)
w(218,3,4,52)
r(147,4,4,52)
r(308,2,5,53)
r(305,2,5,53)
r(127,1,5,53)
r(332,3,5,53)
r(133,3,5,53)
w(288,4,5,53)
w(279,5,5,53)
r(1,4,5,53)
w(280,3,5,53)
w(278,6,5,53)
r(248,3,5,53)
w(267,8,5,53)
w(245,3,5,53)
r(67,2,5,53)
r(114,2,5,53)
r(108,2,5,53)
w(254,3,5,53)
w(270,6,5,53)
w(282,5,5,53)
w(282,8,5,53)
w(242,6,5,53)
w(290,6,5,53)
r(67,2,5,53)
r(36,5,5,53)
r(140,2,5,53)
r(42,6,5,53)
w(274,4,5,53)
w(290,5,5,53)
r(3,2,5,53)
r(318,6,5,53)
w(350,4,6,54)
w(339,4,6,54)
r(340,3,6,54)
r(246,3,6,54)
r(229,3,6,54)
r(263,5,6,54)
w(343,5,6,54)
r(336,3,6,54)
w(350,6,6,54)
w(317,6,6,54)
r(333,4,6,54)
w(314,4,6,54)
r(114,3,6,54)
r(281,4,6,54)
w(302,4,6,54)
r(358,1,6,54)
w(335,4,6,54)
w(355,4,6,54)
r(219,5,6,54)
w(352,4,6,54)
r(124,4,6,54)
r(176,4,6,54)
w(353,6,6,54)
w(317,5,6,54)
r(10,2,6,54)
w(310,8,6,54)
w(355,6,6,54)
w(344,4,6,54)
w(323,3,6,54)
w(318,8,6,54)
r(215,4,1,55)
r(110,3,1,55)
r(273,3,1,55)
r(329,2,1,55)
r(53,3,1,55)
w(32,4,1,55)
r(77,3,1,55)
r(276,4,1,55)
w(38,4,1,55)
r(58,2,1,55)
r(186,2,1,55)
w(59,2,1,55)
r(35,1,1,55)
r(155,6,1,55)
w(60,4,1,55)
w(38,6,1,55)
r(271,4,1,55)
r(76,3,1,55)
w(5,3,1,55)
w(20,2,1,55)
r(190,2,1,55)
w(19,5,1,55)
w(59,3,1,55)
r(79,1,1,55)
w(36,7,1,55)
r(248,3,1,55)
r(10,2,1,55)
w(16,5,1,55)
w(60,6,1,55)
w(35,2,1,55)
w(93,4,2,56)
w(98,3,2,56)
r(97,1,2,56)
w(84,5,2,56)
w(81,6,2,56)
w(91,5,2,56)
w(96,3,2,56)
r(355,5,2,56)
r(288,4,2,56)
w(74,3,2,56)
w(80,4,2,56)
r(226,5,2,56)
r(157,5,2,56)
r(269,6,2,56)
r(23,4,2,56)
r(74,3,2,56)
w(90,4,2,56)
w(117,4,2,56)
w(90,6,2,56)
w(85,8,2,56)
w(62,4,2,56)
w(120,8,2,56)
r(169,6,2,56)
w(110,5,2,56)
r(233,4,2,56)
r(269,6,2,56)
r(58,2,2,56)
r(134,3,2,56)
r(22,4,2,56)
r(170,4,2,56)
w(149,3,3,57)
r(208,3,3,57)
r(63,5,3,57)
w(178,9,3,57)
r(122,4,3,57)
r(149,3,3,57)
r(32,4,3,57)
r(186,2,3,57)
r(55,4,3,57)
r(179,4,3,57)
r(102,3,3,57)
r(89,8,3,57)
w(144,8,3,57)
r(25,3,3,57)
w(126,10,3,57)
w(138,10,3,57)
w(162,7,3,57)
w(171,14,3,57)
r(257,5,3,57)
r(47,4,3,57)
r(319,7,3,57)
w(139,7,3,57)
w(166,4,3,57)
w(166,6,3,57)
w(129,3,3,57)
r(201,3,3,57)
r(53,3,3,57)
r(220,6,3,57)
r(325,4,3,57)
w(173,5,3,57)
r(26,3,4,58)
r(28,2,4,58)
r(152,3,4,58)
r(41,4,4,58)
w(219,6,4,58)
r(64,6,4,58)
w(213,2,4,58)
w(276,4,5,59)
r(184,6,5,59)
w(284,6,5,59)
r(182,1,5,59)
r(228,5,5,59)
r(318,6,5,59)
r(75,1,5,59)
r(130,8,5,59)
r(2,4,5,59)
w(291,4,5,59)
w(250,4,5,59)
w(250,6,5,59)
w(286,6,5,59)
w(257,4,5,59)
w(242,5,5,59)
w(241,6,5,59)
r(188,6,5,59)
w(254,4,5,59)
w(297,5,5,59)
r(237,2,5,59)
r(55,2,5,59)
w(278,5,5,59)
r(37,2,5,59)
r(57,5,5,59)
r(325,2,5,59)
w(275,4,5,59)
w(265,4,5,59)
w(261,5,5,59)
r(48,6,5,59)
w(279,7,5,59)
r(291,6,6,60)
w(309,6,6,60)
w(336,4,6,60)
w(360,5,6,60)
w(313,4,6,60)
r(76,3,6,60)
w(317,8,6,60)
r(193,4,6,60)
w(356,2,6,60)
w(343,8,6,60)
r(151,2,6,60)
r(242,5,6,60)
r(327,1,6,60)
r(36,5,6,60)
w(345,8,6,60)
w(319,8,6,60)
w(341,4,6,60)
w(325,3,6,60)
w(318,7,6,60)
r(232,2,6,60)
w(332,6,6,60)
w(311,9,6,60)
w(302,6,6,60)
w(349,8,6,60)
w(315,8,6,60)
r(152,6,6,60)
w(336,6,6,60)
w(327,3,6,60)
r(259,4,6,60)
w(351,4,6,60)
r(97,1,1,61)
w(20,3,1,61)
w(55,4,1,61)
w(9,6,1,61)
r(121,3,1,61)
r(337,3,1,61)
w(27,6,1,61)
r(110,3,1,61)
r(245,4,1,61)
r(266,4,1,61)
w(21,5,1,61)
r(260,2,1,61)
r(134,3,1,61)
r(47,4,1,61)
w(45,6,1,61)
w(17,3,1,61)
w(7,4,1,61)
w(3,3,1,61)
r(322,3,1,61)
w(20,4,1,61)
w(52,7,1,61)
w(15,8,1,61)
w(43,6,1,61)
w(51,4,1,61)
r(16,5,1,61)
r(263,5,1,61)
w(59,4,1,61)
r(193,4,1,61)
r(18,4,1,61)
w(26,4,1,61)
r(53,3,2,62)
w(90,5,2,62)
r(67,5,2,62)
r(263,5,2,62)
r(61,4,2,62)
r(238,4,2,62)
w(90,8,2,62)
r(356,3,2,62)
w(72,5,2,62)
r(120,8,2,62)
r(17,4,2,62)
w(98,4,2,62)
w(96,4,2,62)
w(71,5,2,62)
w(81,5,2,62)
w(61,6,2,62)
r(248,4,2,62)
r(53,3,2,62)
w(111,4,2,62)
w(112,4,2,62)
w(64,10,2,62)
w(89,7,2,62)
r(130,8,2,62)
r(123,4,2,62)
w(68,7,2,62)
w(84,8,2,62)
w(98,6,2,62)
w(104,7,2,62)
w(63,8,2,62)
r(322,4,2,62)
r(238,4,3,63)
r(93,4,3,63)
r(267,8,3,63)
r(247,4,3,63)
w(177,3,3,63)
r(189,6,3,63)
r(6,6,3,63)
r(191,2,3,63)
r(322,4,3,63)
w(178,11,3,63)
w(151,6,3,63)
r(99,2,3,63)
r(355,5,3,63)
w(156,5,3,63)
r(264,6,3,63)
w(158,3,3,63)
w(166,5,3,63)
r(262,9,3,63)
r(336,8,3,63)
w(122,6,3,63)
w(141,2,3,63)
r(206,3,3,63)
w(152,5,3,63)
w(159,11,3,63)
r(121,3,3,63)
r(190,6,3,63)
w(174,7,3,63)
r(227,2,3,63)
w(139,10,3,63)
w(138,9,3,63)
w(195,6,4,64)
w(231,4,4,64)
r(55,2,4,64)
w(225,6,4,64)
w(185,4,4,64)
r(324,6,4,64)
r(117,3,4,64)
r(46,4,4,64)
r(46,4,4,64)
r(21,4,4,64)
r(185,4,4,64)
w(236,4,4,64)
r(29,3,4,64)
w(226,6,4,64)
w(187,3,4,64)
w(219,5,4,64)
r(42,6,4,64)
r(42,6,4,64)
r(14,3,4,64)
r(178,6,4,64)
r(260,2,4,64)
r(327,1,4,64)
r(136,2,4,64)
w(223,6,4,64)
w(183,3,4,64)
r(23,4,4,64)
r(48,6,4,64)
w(212,4,4,64)
r(182,1,4,64)
w(200,6,4,64)
r(96,1,5,65)
w(243,3,5,65)
r(230,3,5,65)
r(157,5,5,65)
w(256,4,5,65)
r(219,5,5,65)
w(291,6,5,65)
w(290,8,5,65)
w(264,3,5,65)
r(114,3,5,65)
r(181,3,5,65)
w(297,8,5,65)
w(284,5,5,65)
w(255,5,5,65)
r(283,4,5,65)
r(345,5,5,65)
w(287,6,5,65)
r(157,5,5,65)
w(294,3,5,65)
w(255,8,5,65)
r(256,4,5,65)
w(266,4,5,65)
r(29,3,5,65)
w(286,5,5,65)
r(104,2,5,65)
r(167,6,5,65)
w(290,7,5,65)
w(245,4,5,65)
r(89,3,5,65)
r(80,1,5,65)
w(320,8,6,66)
w(316,6,6,66)
w(309,5,6,66)
r(39,3,6,66)
w(324,10,6,66)
r(2,4,6,66)
w(349,7,6,66)
w(360,8,6,66)
w(318,10,6,66)
w(309,8,6,66)
r(304,2,6,66)
w(351,6,6,66)
r(67,5,6,66)
w(357,6,6,66)
r(266,4,6,66)
r(336,6,6,66)
w(311,11,6,66)
w(326,6,6,66)
r(297,8,6,66)
r(199,5,6,66)
r(33,3,6,66)
w(357,5,6,66)
r(34,6,6,66)
r(303,3,6,66)
r(90,1,6,66)
r(245,4,6,66)
r(129,1,6,66)
w(304,6,6,66)
r(213,3,6,66)
w(307,6,6,66)
r(232,2,1,67)
w(13,6,1,67)
r(210,2,1,67)
w(27,5,1,67)
r(96,2,1,67)
r(357,5,1,67)
w(2,5,1,67)
r(147,6,1,67)
w(37,3,1,67)
w(46,5,1,67)
r(53,3,1,67)
w(30,6,1,67)
w(44,8,1,67)
r(321,4,1,67)
r(67,5,1,67)
r(49,4,1,67)
r(341,4,1,67)
w(45,5,1,67)
r(113,2,1,67)
w(39,5,1,67)
w(11,3,1,67)
w(1,8,1,67)
w(33,4,1,67)
w(48,5,1,67)
w(22,4,1,67)
w(4,6,1,67)
w(31,4,1,67)
w(17,4,1,67)
r(161,1,1,67)
w(30,5,1,67)
r(71,5,2,68)
w(85,7,2,68)
r(155,6,2,68)
r(16,8,2,68)
w(109,6,2,68)
w(63,7,2,68)
w(115,6,2,68)
r(102,3,2,68)
w(83,6,2,68)
w(95,4,2,68)
w(96,6,2,68)
r(324,10,2,68)
w(85,10,2,68)
w(78,4,2,68)
r(14,6,2,68)
w(77,6,2,68)
r(317,7,2,68)
r(150,3,2,68)
w(119,8,2,68)
r(330,7,2,68)
w(63,10,2,68)
w(120,7,2,68)
w(73,7,2,68)
w(74,4,2,68)
w(97,2,2,68)
r(225,6,2,68)
w(101,3,2,68)
w(113,4,2,68)
r(342,5,2,68)
r(320,8,2,68)
r(324,10,3,69)
w(124,5,3,69)
r(186,2,3,69)
r(291,6,3,69)
w(159,12,3,69)
r(93,4,3,69)
w(158,4,3,69)
w(144,7,3,69)
w(170,6,3,69)
w(152,8,3,69)
w(167,5,3,69)
w(156,8,3,69)
w(177,4,3,69)
w(178,12,3,69)
r(100,3,3,69)
w(125,5,3,69)
w(167,8,3,69)
w(177,6,3,69)
r(223,5,3,69)
r(289,2,3,69)
w(122,5,3,69)
r(336,8,3,69)
r(158,4,3,69)
r(314,6,3,69)
r(274,5,3,69)
r(339,5,3,69)
r(215,6,3,69)
w(180,9,3,69)
r(279,11,3,69)
r(326,8,3,69)
r(316,4,4,70)
w(200,5,4,70)
w(219,8,4,70)
r(175,4,4,70)
w(240,5,4,70)
r(25,3,4,70)
r(106,1,4,70)
r(262,5,4,70)
w(233,4,4,70)
r(53,3,4,70)
r(153,3,4,70)
w(202,6,4,70)
w(202,5,4,70)
w(228,8,4,70)
w(188,5,4,70)
r(231,4,4,70)
r(24,3,4,70)
r(235,4,4,70)
w(234,4,4,70)
r(77,3,4,70)
r(174,6,4,70)
r(281,4,4,70)
w(234,6,4,70)
r(60,3,4,70)
r(84,6,4,70)
w(240,8,4,70)
w(183,4,4,70)
r(137,1,4,70)
r(85,6,4,70)
r(123,4,4,70)
w(258,2,5,71)
r(80,1,5,71)
w(253,7,5,71)
r(178,6,5,71)
r(187,3,5,71)
w(246,5,5,71)
w(261,8,5,71)
r(259,4,5,71)
w(281,5,5,71)
w(256,6,5,71)
w(292,8,5,71)
r(131,6,5,71)
r(28,4,5,71)
w(258,3,5,71)
w(262,8,5,71)
r(193,4,5,71)
w(241,5,5,71)
r(335,4,5,71)
w(279,10,5,71)
w(295,8,5,71)
w(253,10,5,71)
r(125,6,5,71)
r(92,3,5,71)
w(269,4,5,71)
r(275,4,5,71)
w(265,6,5,71)
w(282,7,5,71)
w(300,3,5,71)
r(19,5,5,71)
r(282,7,5,71)
r(275,6,6,72)
w(302,5,6,72)
w(339,6,6,72)
w(353,5,6,72)
w(314,6,6,72)
w(359,6,6,72)
w(329,3,6,72)
w(323,4,6,72)
r(185,4,6,72)
w(337,8,6,72)
w(330,6,6,72)
r(165,2,6,72)
w(332,5,6,72)
r(205,4,6,72)
w(337,7,6,72)
w(342,5,6,72)
r(321,4,6,72)
w(329,4,6,72)
r(298,4,6,72)
r(351,6,6,72)
r(335,4,6,72)
r(353,5,6,72)
r(291,6,6,72)
w(336,5,6,72)
w(330,5,6,72)
w(322,4,6,72)
r(141,1,6,72)
r(95,3,6,72)
r(272,4,6,72)
w(319,7,6,72)
r(321,4,1,73)
r(37,3,1,73)
w(20,5,1,73)
r(54,1,1,73)
r(88,4,1,73)
w(52,9,1,73)
r(158,2,1,73)
r(203,10,1,73)
r(331,6,1,73)
w(57,7,1,73)
r(242,8,1,73)
r(303,3,1,73)
w(16,8,1,73)
w(43,7,1,73)
w(14,4,1,73)
r(22,4,1,73)
r(142,6,1,73)
r(65,6,1,73)
w(44,7,1,73)
w(56,8,1,73)
r(113,2,1,73)
r(139,7,1,73)
w(18,5,1,73)
w(38,5,1,73)
r(298,4,1,73)
w(21,8,1,73)
w(25,6,1,73)
w(44,10,1,73)
r(159,10,1,73)
r(63,5,1,73)
w(81,8,2,74)
r(207,7,2,74)
r(111,4,2,74)
w(70,5,2,74)
r(161,1,2,74)
r(171,14,2,74)
r(315,8,2,74)
r(233,4,2,74)
r(306,8,2,74)
w(113,5,2,74)
r(123,4,2,74)
r(282,9,2,74)
w(73,10,2,74)
w(114,7,2,74)
w(113,8,2,74)
r(94,4,2,74)
r(175,4,2,74)
r(94,4,2,74)
r(128,6,2,74)
r(275,6,2,74)
r(181,6,2,74)
w(95,6,2,74)
r(38,10,2,74)
w(117,6,2,74)
r(289,2,2,74)
w(78,6,2,74)
r(216,6,2,74)
r(281,10,2,74)
w(104,10,2,74)
w(116,7,2,74)
r(25,6,3,75)
r(166,5,3,75)
w(133,4,3,75)
r(330,10,3,75)
w(130,7,3,75)
w(137,4,3,75)
w(164,3,3,75)
r(120,7,3,75)
r(44,10,3,75)
r(99,2,3,75)
r(357,5,3,75)
w(132,3,3,75)
r(293,6,3,75)
w(138,11,3,75)
w(127,3,3,75)
r(99,2,3,75)
w(154,6,3,75)
w(177,5,3,75)
r(349,10,3,75)
r(27,7,3,75)
r(217,4,3,75)
w(143,6,3,75)
w(158,6,3,75)
w(156,7,3,75)
r(216,2,4,76)
w(237,3,4,76)
r(96,1,4,76)
w(183,6,4,76)
w(223,5,4,76)
r(18,4,4,76)
w(196,4,4,76)
r(209,3,4,76)
r(87,1,4,76)
w(218,4,4,76)
w(214,4,4,76)
w(199,5,4,76)
w(214,6,4,76)
w(220,6,4,76)
w(213,3,4,76)
r(316,4,4,76)
w(240,7,4,76)
r(26,3,4,76)
r(51,3,4,76)
r(94,4,4,76)
r(330,2,4,76)
r(215,4,4,76)
r(178,6,4,76)
w(205,4,4,76)
w(196,6,4,76)
r(67,5,4,76)
r(151,2,4,76)
r(72,6,4,76)
r(205,4,4,76)
r(339,4,4,76)
w(274,6,5,77)
r(146,5,5,77)
w(261,7,5,77)
r(272,4,5,77)
w(281,8,5,77)
w(285,2,5,77)
r(212,4,5,77)
r(209,3,5,77)
w(262,7,5,77)
r(249,3,5,77)
r(306,3,5,77)
w(242,8,5,77)
w(255,7,5,77)
r(63,6,5,77)
r(176,4,5,77)
r(24,3,5,77)
r(3,3,5,77)
w(268,4,5,77)
w(257,6,5,77)
r(126,8,5,77)
w(284,8,5,77)
r(69,1,5,77)
w(279,9,5,77)
r(2,4,5,77)
r(119,5,5,77)
r(4,4,5,77)
w(248,4,5,77)
r(84,6,5,77)
w(296,3,5,77)
w(275,6,5,77)
r(237,3,6,78)
r(184,6,6,78)
r(150,3,6,78)
w(307,5,6,78)
w(317,7,6,78)
r(184,6,6,78)
w(328,4,6,78)
r(179,4,6,78)
r(187,4,6,78)
r(101,2,6,78)
r(224,4,6,78)
w(307,8,6,78)
w(309,7,6,78)
w(353,8,6,78)
r(197,3,6,78)
w(353,7,6,78)
w(355,5,6,78)
w(353,10,6,78)
w(316,5,6,78)
w(333,8,6,78)
w(353,9,6,78)
w(325,4,6,78)
w(306,4,6,78)
r(110,6,6,78)
r(48,5,6,78)
w(309,10,6,78)
w(343,7,6,78)
r(195,6,6,78)
w(336,8,6,78)
w(312,6,6,78)
r(239,5,1,79)
w(27,8,1,79)
r(14,4,1,79)
r(275,6,1,79)
r(209,3,1,79)
r(315,8,1,79)
r(124,4,1,79)
w(5,6,1,79)
w(38,8,1,79)
w(22,6,1,79)
w(5,5,1,79)
w(12,5,1,79)
r(142,6,1,79)
w(59,6,1,79)
w(14,6,1,79)
w(27,7,1,79)
w(24,4,1,79)
w(50,8,1,79)
r(77,4,1,79)
r(185,4,1,79)
r(23,4,1,79)
w(57,10,1,79)
r(358,2,1,79)
w(39,8,1,79)
r(133,3,1,79)
r(166,5,1,79)
w(18,8,1,79)
w(17,6,1,79)
w(6,8,1,79)
w(51,5,1,79)
w(113,7,2,80)
r(302,8,2,80)
w(90,7,2,80)
w(73,9,2,80)
w(62,6,2,80)
w(81,7,2,80)
r(148,4,2,80)
r(72,5,2,80)
w(71,8,2,80)
r(149,3,2,80)
r(230,5,2,80)
w(75,2,2,80)
r(236,6,2,80)
w(110,7,2,80)
r(253,10,2,80)
w(65,8,2,80)
w(87,8,2,80)
r(35,2,2,80)
r(340,3,2,80)
r(132,2,2,80)
r(69,1,2,80)
w(69,3,2,80)
w(110,10,2,80)
r(286,5,2,80)
w(83,5,2,80)
w(93,6,2,80)
r(39,8,2,80)
w(74,6,2,80)
r(6,8,2,80)
w(117,5,2,80)
w(141,3,3,81)
w(134,4,3,81)
w(174,10,3,81)
r(175,4,3,81)
r(223,5,3,81)
w(165,4,3,81)
r(324,10,3,81)
r(288,5,3,81)
r(296,6,3,81)
w(125,8,3,81)
w(158,5,3,81)
w(126,9,3,81)
r(150,3,3,81)
r(145,1,3,81)
r(324,10,3,81)
r(348,3,3,81)
r(358,2,3,81)
r(345,10,3,81)
r(88,4,3,81)
w(122,8,3,81)
r(91,5,3,81)
w(143,5,3,81)
r(120,7,3,81)
r(250,5,3,81)
r(57,9,3,81)
w(127,4,3,81)
w(158,8,3,81)
r(56,8,3,81)
r(125,8,3,81)
r(130,8,3,81)
r(118,6,4,82)
w(216,3,4,82)
w(239,6,4,82)
w(187,4,4,82)
w(191,2,4,82)
w(190,4,4,82)
r(223,5,4,82)
r(153,3,4,82)
w(203,8,4,82)
w(188,8,4,82)
r(324,10,4,82)
r(320,8,4,82)
w(190,6,4,82)
w(216,4,4,82)
w(226,5,4,82)
r(326,6,4,82)
w(239,5,4,82)
r(196,6,4,82)
w(188,7,4,82)
w(203,7,4,82)
w(202,8,4,82)
r(240,7,4,82)
w(201,3,4,82)
w(230,4,4,82)
w(182,2,4,82)
r(300,3,4,82)
w(199,8,4,82)
w(238,4,4,82)
r(258,3,4,82)
r(227,2,4,82)
w(265,5,5,83)
r(250,6,5,83)
w(264,4,5,83)
r(269,4,5,83)
w(254,6,5,83)
w(247,4,5,83)
w(257,5,5,83)
w(258,4,5,83)
r(119,5,5,83)
w(270,5,5,83)
r(92,3,5,83)
r(106,1,5,83)
w(268,6,5,83)
w(268,5,5,83)
w(251,6,5,83)
w(262,10,5,83)
r(143,3,5,83)
r(87,6,5,83)
r(259,4,5,83)
r(126,8,5,83)
r(170,4,5,83)
w(269,6,5,83)
r(338,3,5,83)
w(245,6,5,83)
r(196,6,5,83)
r(85,5,5,83)
w(262,9,5,83)
w(261,10,5,83)
r(354,2,5,83)
w(294,4,5,83)
r(260,2,6,84)
r(221,1,6,84)
w(313,6,6,84)
r(51,4,6,84)
w(307,7,6,84)
r(345,8,6,84)
w(350,5,6,84)
r(187,4,6,84)
w(358,2,6,84)
r(345,8,6,84)
r(226,5,6,84)
w(339,5,6,84)
w(331,8,6,84)
r(171,14,6,84)
w(345,7,6,84)
w(359,5,6,84)
r(349,7,6,84)
r(267,8,6,84)
w(351,5,6,84)
w(341,6,6,84)
w(330,8,6,84)
r(40,4,6,84)
w(319,10,6,84)
r(216,6,6,84)
r(87,5,6,84)
r(50,5,6,84)
w(323,6,6,84)
w(356,3,6,84)
w(310,7,6,84)
w(360,7,6,84)
w(52,11,1,85)
r(166,5,1,85)
w(43,10,1,85)
w(49,6,1,85)
w(60,5,1,85)
r(255,10,1,85)
r(29,3,1,85)
w(50,7,1,85)
w(13,5,1,85)
w(54,3,1,85)
w(29,6,1,85)
r(5,5,1,85)
w(2,8,1,85)
r(47,4,1,85)
w(54,4,1,85)
w(36,10,1,85)
w(34,8,1,85)
r(166,5,1,85)
r(181,3,1,85)
r(112,4,1,85)
w(51,8,1,85)
w(5,8,1,85)
r(48,5,1,85)
r(277,6,1,85)
r(72,5,1,85)
r(90,8,1,85)
w(36,9,1,85)
w(28,6,1,85)
w(30,8,1,85)
w(32,6,1,85)
r(306,8,2,86)
w(69,4,2,86)
w(110,9,2,86)
r(90,7,2,86)
w(117,8,2,86)
r(207,10,2,86)
r(97,2,2,86)
w(105,3,2,86)
r(67,5,2,86)
r(58,4,2,86)
w(98,5,2,86)
r(231,4,2,86)
r(154,2,2,86)
w(82,6,2,86)
w(62,5,2,86)
r(81,7,2,86)
w(81,10,2,86)
r(114,7,2,86)
w(107,7,2,86)
w(83,8,2,86)
w(74,5,2,86)
w(76,7,2,86)
r(30,9,2,86)
r(43,10,2,86)
w(95,5,2,86)
w(116,10,2,86)
r(140,3,2,86)
w(108,4,2,86)
w(67,7,2,86)
w(65,7,2,86)
w(174,9,3,87)
w(127,5,3,87)
w(176,6,3,87)
w(129,4,3,87)
w(153,6,3,87)
w(146,8,3,87)
w(143,8,3,87)
w(149,6,3,87)
r(136,3,3,87)
r(79,4,3,87)
w(162,9,3,87)
w(156,10,3,87)
r(273,5,3,87)
w(180,11,3,87)
r(271,5,3,87)
r(336,7,3,87)
w(172,4,3,87)
w(164,6,3,87)
r(1,8,3,87)
r(164,6,3,87)
r(86,2,3,87)
r(281,10,3,87)
r(26,4,3,87)
w(155,8,3,87)
w(130,10,3,87)
r(162,9,3,87)
w(149,5,3,87)
r(86,2,3,87)
r(20,5,3,87)
r(352,4,3,87)
w(230,6,4,88)
w(189,6,4,88)
w(194,4,4,88)
w(230,5,4,88)
w(200,8,4,88)
r(258,4,4,88)
r(240,7,4,88)
r(96,2,4,88)
r(266,4,4,88)
r(174,6,4,88)
w(193,5,4,88)
w(215,6,4,88)
w(232,3,4,88)
r(331,6,4,88)
r(45,5,4,88)
w(203,10,4,88)
r(213,3,4,88)
r(5,3,4,88)
r(140,3,4,88)
r(116,8,4,88)
w(224,5,4,88)
w(222,3,4,88)
w(235,6,4,88)
w(216,6,4,88)
r(337,7,4,88)
w(237,4,4,88)
w(222,4,4,88)
r(74,2,4,88)
r(314,6,4,88)
r(33,4,4,88)
r(152,6,5,89)
w(266,6,5,89)
w(264,6,5,89)
w(277,6,5,89)
r(164,2,5,89)
r(145,1,5,89)
r(70,6,5,89)
r(94,4,5,89)
r(83,4,5,89)
w(271,6,5,89)
r(217,4,5,89)
r(104,8,5,89)
w(282,10,5,89)
r(74,2,5,89)
w(249,4,5,89)
r(268,5,5,89)
r(190,6,5,89)
r(133,3,5,89)
r(79,4,5,89)
r(5,3,5,89)
r(33,4,5,89)
r(26,4,5,89)
w(270,8,5,89)
r(263,5,5,89)
r(292,8,5,89)
r(92,3,5,89)
w(273,4,5,89)
r(338,3,5,89)
w(287,5,5,89)
w(280,6,5,89)
w(351,8,6,90)
w(326,5,6,90)
w(328,6,6,90)
r(58,2,6,90)
r(2,5,6,90)
r(106,1,6,90)
w(343,10,6,90)
r(67,5,6,90)
r(15,8,6,90)
r(354,2,6,90)
r(293,6,6,90)
r(243,3,6,90)
w(338,4,6,90)
r(346,3,6,90)
w(329,6,6,90)
w(308,3,6,90)
r(44,10,6,90)
r(297,8,6,90)
w(326,8,6,90)
w(343,9,6,90)
w(330,7,6,90)
w(338,6,6,90)
w(319,9,6,90)
w(355,8,6,90)
r(6,6,6,90)
w(331,7,6,90)
r(177,3,6,90)
r(23,4,6,90)
r(43,7,6,90)
w(350,8,6,90)
w(30,7,1,91)
r(249,6,1,91)
r(58,2,1,91)
r(23,4,1,91)
r(251,10,1,91)
r(258,4,1,91)
w(29,5,1,91)
r(252,2,1,91)
w(11,4,1,91)
w(28,5,1,91)
w(38,7,1,91)
r(228,8,1,91)
w(13,8,1,91)
r(21,8,1,91)
r(325,4,1,91)
w(9,8,1,91)
w(30,10,1,91)
w(29,8,1,91)
r(351,8,1,91)
w(23,5,1,91)
w(38,10,1,91)
r(21,8,1,91)
w(25,5,1,91)
r(147,6,1,91)
w(57,9,1,91)
w(14,5,1,91)
r(23,5,1,91)
r(315,8,1,91)
r(118,6,1,91)
r(307,7,1,91)
r(133,3,2,92)
r(195,6,2,92)
w(109,5,2,92)
w(79,6,2,92)
w(116,9,2,92)
w(69,6,2,92)
w(71,7,2,92)
w(91,8,2,92)
w(116,11,2,92)
w(83,7,2,92)
w(70,8,2,92)
r(160,2,2,92)
r(207,10,2,92)
r(315,8,2,92)
r(135,2,2,92)
w(118,8,2,92)
w(105,4,2,92)
r(230,7,2,92)
r(348,4,2,92)
w(88,8,2,92)
w(70,7,2,92)
r(358,5,2,92)
w(78,5,2,92)
r(279,12,2,92)
r(187,6,2,92)
w(100,4,2,92)
w(67,10,2,92)
r(189,8,2,92)
w(120,10,2,92)
r(9,10,2,92)
r(213,3,3,93)
r(267,10,3,93)
w(156,9,3,93)
r(53,3,3,93)
w(150,4,3,93)
w(139,9,3,93)
w(175,5,3,93)
w(171,15,3,93)
w(136,4,3,93)
r(25,5,3,93)
w(143,7,3,93)
r(260,2,3,93)
w(153,5,3,93)
r(42,6,3,93)
w(161,4,3,93)
r(7,4,3,93)
w(134,6,3,93)
r(98,5,3,93)
r(243,3,3,93)
w(155,7,3,93)
r(111,4,3,93)
r(127,5,3,93)
r(332,5,3,93)
w(121,6,3,93)
r(238,7,3,93)
w(152,9,3,93)
r(191,4,3,93)
r(15,8,3,93)
w(145,4,3,93)
r(282,12,3,93)
w(222,6,4,94)
w(192,6,4,94)
w(204,6,4,94)
r(226,5,4,94)
r(332,5,4,94)
w(226,8,4,94)
w(190,5,4,94)
w(237,5,4,94)
w(196,5,4,94)
w(214,8,4,94)
r(213,3,4,94)
w(209,4,4,94)
w(239,8,4,94)
w(236,6,4,94)
w(234,5,4,94)
w(224,8,4,94)
r(5,5,4,94)
r(348,3,4,94)
w(207,7,4,94)
w(200,10,4,94)
r(115,6,4,94)
w(197,4,4,94)
r(53,3,4,94)
w(199,7,4,94)
w(235,5,4,94)
w(234,8,4,94)
r(62,4,4,94)
r(116,8,4,94)
r(71,5,4,94)
w(202,7,4,94)
r(80,4,5,95)
r(200,8,5,95)
w(251,5,5,95)
r(209,3,5,95)
w(279,11,5,95)
w(281,7,5,95)
r(350,5,5,95)
w(284,7,5,95)
r(26,4,5,95)
r(200,8,5,95)
r(88,4,5,95)
r(321,4,5,95)
r(42,6,5,95)
w(288,6,5,95)
w(251,8,5,95)
r(328,4,5,95)
w(295,7,5,95)
r(1,8,5,95)
r(307,7,5,95)
w(274,5,5,95)
w(251,7,5,95)
w(255,10,5,95)
w(244,4,5,95)
r(345,7,5,95)
r(158,2,5,95)
r(167,6,5,95)
r(321,4,5,95)
r(325,4,5,95)
r(332,5,5,95)
r(37,3,5,95)
w(330,10,6,96)
r(326,8,6,96)
w(313,5,6,96)
w(349,10,6,96)
w(355,7,6,96)
r(52,9,6,96)
r(34,6,6,96)
w(350,7,6,96)
r(354,2,6,96)
r(103,2,6,96)
r(166,5,6,96)
w(321,5,6,96)
w(341,5,6,96)
r(133,3,6,96)
w(306,6,6,96)
r(8,2,6,96)
w(306,5,6,96)
r(3,3,6,96)
r(351,8,6,96)
r(337,7,6,96)
r(323,6,6,96)
w(343,11,6,96)
r(221,1,6,96)
w(342,8,6,96)
w(301,2,6,96)
r(169,6,6,96)
r(167,8,6,96)
w(318,9,6,96)
r(350,7,6,96)
w(302,8,6,96)
r(245,8,1,97)
r(155,6,1,97)
w(44,9,1,97)
r(62,4,1,97)
w(30,9,1,97)
w(4,5,1,97)
w(48,8,1,97)
w(58,3,1,97)
r(225,6,1,97)
r(130,8,1,97)
w(51,7,1,97)
r(329,5,1,97)
w(44,11,1,97)
w(13,7,1,97)
r(358,2,1,97)
r(49,6,1,97)
w(14,8,1,97)
r(15,8,1,97)
w(14,7,1,97)
r(74,4,1,97)
r(243,3,1,97)
r(294,6,1,97)
w(9,7,1,97)
r(11,4,1,97)
w(58,4,1,97)
w(5,7,1,97)
r(16,8,1,97)
w(10,3,1,97)
w(52,12,1,97)
w(9,10,1,97)
w(116,12,2,98)
w(61,5,2,98)
r(155,7,2,98)
r(270,8,2,98)
w(108,6,2,98)
w(112,6,2,98)
r(279,12,2,98)
w(119,7,2,98)
r(260,2,2,98)
w(95,8,2,98)
r(105,4,2,98)
w(116,13,2,98)
w(90,10,2,98)
w(73,11,2,98)
r(214,8,2,98)
r(312,8,2,98)
r(193,8,2,98)
w(111,6,2,98)
r(147,6,2,98)
w(78,8,2,98)
w(99,3,2,98)
r(310,10,2,98)
w(84,7,2,98)
r(18,8,2,98)
r(91,8,2,98)
r(198,6,2,98)
r(83,7,2,98)
w(107,10,2,98)
r(160,2,2,98)
r(276,6,2,98)
r(129,4,3,99)
r(347,5,3,99)
r(44,13,3,99)
r(46,5,3,99)
r(140,3,3,99)
r(331,9,3,99)
w(134,5,3,99)
r(147,6,3,99)
r(294,6,3,99)
w(170,5,3,99)
w(123,8,3,99)
r(22,8,3,99)
r(292,7,3,99)
r(287,8,3,99)
r(206,3,3,99)
r(30,11,3,99)
r(221,3,3,99)
r(24,4,3,99)
w(123,7,3,99)
r(190,8,3,99)
r(323,8,3,99)
w(149,8,3,99)
r(260,2,3,99)
r(23,5,3,99)
r(119,7,3,99)
w(175,8,3,99)
w(165,6,3,99)
r(103,2,3,99)
r(87,8,3,99)
r(120,10,3,99)
w(205,5,4,100)
w(224,7,4,100)
r(161,1,4,100)
w(183,5,4,100)
w(221,2,4,100)
r(161,1,4,100)
r(115,6,4,100)
r(259,6,4,100)
w(192,5,4,100)
r(170,6,4,100)
r(53,3,4,100)
w(208,4,4,100)
r(158,4,4,100)
r(132,2,4,100)
w(218,6,4,100)
w(202,10,4,100)
w(181,6,4,100)
w(189,5,4,100)
r(180,9,4,100)
w(182,3,4,100)
r(324,10,4,100)
r(120,7,4,100)
r(20,5,4,100)
r(234,8,4,100)
r(312,6,4,100)
r(130,8,4,100)
w(189,8,4,100)
r(179,4,4,100)
r(86,2,4,100)
r(106,1,4,100)
r(353,9,5,101)
r(207,4,5,101)
r(353,9,5,101)
r(175,4,5,101)
w(274,8,5,101)
w(284,10,5,101)
w(282,9,5,101)
w(281,10,5,101)
w(245,5,5,101)
r(127,2,5,101)
r(157,5,5,101)
w(254,5,5,101)
w(259,6,5,101)
w(242,7,5,101)
w(249,6,5,101)
r(354,2,5,101)
w(257,8,5,101)
r(205,4,5,101)
w(266,5,5,101)
r(154,2,5,101)
r(161,1,5,101)
r(150,3,5,101)
r(131,6,5,101)
w(300,4,5,101)
r(36,7,5,101)
w(262,11,5,101)
w(296,4,5,101)
r(145,1,5,101)
r(226,5,5,101)
w(298,6,5,101)
w(343,12,6,102)
w(319,11,6,102)
w(357,8,6,102)
w(331,10,6,102)
w(346,4,6,102)
r(212,4,6,102)
r(293,5,6,102)
w(329,5,6,102)
w(353,11,6,102)
r(275,6,6,102)
w(301,3,6,102)
w(317,10,6,102)
w(306,8,6,102)
r(202,7,6,102)
w(304,5,6,102)
w(321,8,6,102)
r(346,4,6,102)
w(345,10,6,102)
r(308,3,6,102)
r(234,8,6,102)
w(323,5,6,102)
w(347,6,6,102)
r(84,8,6,102)
r(221,1,6,102)
r(38,8,6,102)
r(274,8,6,102)
r(82,2,6,102)
r(194,4,6,102)
w(341,8,6,102)
r(329,5,6,102)
w(55,5,1,103)
w(29,10,1,103)
r(331,10,1,103)
w(44,12,1,103)
w(6,7,1,103)
w(54,5,1,103)
r(185,4,1,103)
r(184,6,1,103)
r(127,4,1,103)
w(60,8,1,103)
r(347,6,1,103)
w(57,11,1,103)
w(16,10,1,103)
r(73,9,1,103)
w(59,8,1,103)
w(23,7,1,103)
r(52,12,1,103)
r(287,8,2,104)
r(235,5,2,104)
w(77,8,2,104)
w(107,9,2,104)
r(185,5,2,104)
w(71,10,2,104)
r(180,11,2,104)
w(96,5,2,104)
w(94,6,2,104)
r(350,10,2,104)
r(240,10,2,104)
w(82,5,2,104)
r(133,3,2,104)
w(78,7,2,104)
w(79,5,2,104)
r(110,9,2,104)
w(88,7,2,104)
r(268,10,2,104)
w(96,8,2,104)
r(7,5,2,104)
r(90,10,2,104)
w(73,12,2,104)
r(140,3,2,104)
w(106,2,2,104)
r(42,6,2,104)
w(69,5,2,104)
w(66,8,2,104)
r(282,12,2,104)
r(63,10,2,104)
r(279,12,2,104)
w(166,8,3,105)
w(138,12,3,105)
w(127,8,3,105)
w(142,8,3,105)
r(64,10,3,105)
w(156,11,3,105)
w(180,12,3,105)
w(130,9,3,105)
r(18,7,3,105)
r(178,12,3,105)
w(157,9,3,105)
r(263,5,3,105)
r(308,4,3,105)
r(243,3,3,105)
w(141,4,3,105)
r(255,10,3,105)
w(166,7,3,105)
w(141,6,3,105)
w(138,13,3,105)
w(167,7,3,105)
w(156,12,3,105)
r(57,9,3,105)
w(130,11,3,105)
w(137,5,3,105)
r(247,4,3,105)
w(179,8,3,105)
r(312,8,3,105)
w(128,5,3,105)
w(177,8,3,105)
r(134,5,3,105)
r(356,3,4,106)
r(129,3,4,106)
w(229,4,4,106)
r(139,10,4,106)
w(227,3,4,106)
w(216,5,4,106)
r(208,4,4,106)
w(220,5,4,106)
r(200,10,4,106)
r(10,3,4,106)
r(344,4,4,106)
r(167,8,4,106)
w(229,6,4,106)
w(197,6,4,106)
w(191,3,4,106)
w(207,10,4,106)
w(217,5,4,106)
r(303,3,4,106)
w(215,8,4,106)
w(225,5,4,106)
w(233,6,4,106)
w(196,8,4,106)
w(205,8,4,106)
r(110,5,4,106)
r(155,6,4,106)
w(198,4,4,106)
r(276,4,4,106)
w(191,4,4,106)
r(164,2,4,106)
r(256,5,4,106)
r(318,9,5,107)
r(98,6,5,107)
w(280,5,5,107)
r(149,3,5,107)
r(131,6,5,107)
w(250,5,5,107)
w(298,5,5,107)
r(331,7,5,107)
r(220,6,5,107)
w(245,8,5,107)
w(288,5,5,107)
r(134,3,5,107)
w(242,10,5,107)
r(101,3,5,107)
r(25,6,5,107)
w(292,7,5,107)
w(266,8,5,107)
w(296,6,5,107)
w(285,3,5,107)
w(293,5,5,107)
r(323,6,5,107)
w(251,10,5,107)
w(279,12,5,107)
r(176,4,5,107)
w(273,6,5,107)
w(256,5,5,107)
r(136,3,5,107)
w(271,5,5,107)
r(73,7,5,107)
w(294,6,5,107)
w(341,7,6,108)
w(351,7,6,108)
r(166,5,6,108)
r(248,4,6,108)
r(24,4,6,108)
w(337,10,6,108)
w(353,12,6,108)
r(141,3,6,108)
w(336,7,6,108)
r(115,6,6,108)
w(349,9,6,108)
w(325,6,6,108)
w(314,5,6,108)
r(196,5,6,108)
w(318,11,6,108)
r(305,2,6,108)
r(181,6,6,108)
w(312,5,6,108)
w(313,8,6,108)
r(300,4,6,108)
w(353,13,6,108)
w(324,9,6,108)
r(201,3,6,108)
w(348,4,6,108)
r(42,6,6,108)
r(160,2,6,108)
w(304,8,6,108)
w(343,13,6,108)
r(253,10,6,108)
r(109,6,6,108)
w(30,11,1,109)
w(4,8,1,109)
w(9,9,1,109)
r(37,3,1,109)
w(27,10,1,109)
r(69,6,1,109)
r(293,5,1,109)
w(32,8,1,109)
w(44,13,1,109)
w(49,5,1,109)
r(15,8,1,109)
r(303,6,1,109)
r(164,6,1,109)
r(328,5,1,109)
w(38,9,1,109)
r(228,7,1,109)
w(22,5,1,109)
w(41,6,1,109)
w(54,8,1,109)
r(215,8,1,109)
w(13,10,1,109)
r(110,9,1,109)
r(228,7,1,109)
r(354,2,1,109)
w(9,11,1,109)
w(31,6,1,109)
w(50,10,1,109)
w(36,12,1,109)
w(22,8,1,109)
r(29,8,1,109)
w(120,9,2,110)
w(72,8,2,110)
w(104,9,2,110)
w(67,9,2,110)
w(69,8,2,110)
r(109,5,2,110)
r(17,6,2,110)
r(183,8,2,110)
w(107,11,2,110)
r(254,7,2,110)
r(84,7,2,110)
r(147,6,2,110)
w(81,9,2,110)
w(92,4,2,110)
r(293,5,2,110)
w(101,4,2,110)
r(43,9,2,110)
w(99,4,2,110)
w(88,10,2,110)
w(78,10,2,110)
w(96,7,2,110)
r(261,9,2,110)
w(61,8,2,110)
w(86,4,2,110)
w(98,8,2,110)
r(70,7,2,110)
r(357,10,2,110)
r(42,6,2,110)
w(94,5,2,110)
r(64,10,2,110)
r(126,9,3,111)
w(159,13,3,111)
w(127,7,3,111)
w(132,4,3,111)
r(270,7,3,111)
w(167,10,3,111)
w(172,6,3,111)
r(145,4,3,111)
w(128,8,3,111)
r(295,10,3,111)
r(59,6,3,111)
r(254,7,3,111)
w(121,5,3,111)
w(125,10,3,111)
r(262,13,3,111)
w(161,6,3,111)
w(129,6,3,111)
w(161,5,3,111)
r(23,10,3,111)
w(159,14,3,111)
r(43,9,3,111)
r(9,11,3,111)
r(263,5,3,111)
w(127,10,3,111)
r(244,6,3,111)
r(74,5,3,111)
w(138,14,3,111)
r(246,8,3,111)
r(290,10,3,111)
r(271,8,3,111)
w(190,8,4,112)
w(187,6,4,112)
w(182,4,4,112)
w(193,8,4,112)
w(200,9,4,112)
w(197,5,4,112)
r(335,4,4,112)
w(230,7,4,112)
r(278,5,4,112)
r(133,3,4,112)
r(47,4,4,112)
r(268,5,4,112)
r(131,6,4,112)
r(229,6,4,112)
w(183,8,4,112)
r(203,10,4,112)
r(307,7,4,112)
r(1,8,4,112)
w(228,7,4,112)
w(232,6,4,112)
w(238,6,4,112)
w(200,11,4,112)
w(238,5,4,112)
r(99,2,4,112)
r(338,6,4,112)
w(185,6,4,112)
w(212,6,4,112)
r(224,7,4,112)
w(236,5,4,112)
r(219,8,4,112)
w(256,7,5,113)
w(275,5,5,113)
r(158,8,5,113)
r(41,4,5,113)
w(284,9,5,113)
w(259,5,5,113)
r(66,5,5,113)
r(163,2,5,113)
r(310,7,5,113)
w(245,10,5,113)
w(291,5,5,113)
w(256,10,5,113)
r(173,5,5,113)
r(50,7,5,113)
r(16,8,5,113)
r(54,4,5,113)
r(218,6,5,113)
w(258,6,5,113)
r(188,7,5,113)
w(282,12,5,113)
w(287,8,5,113)
w(283,5,5,113)
w(276,6,5,113)
w(299,6,5,113)
r(2,8,5,113)
w(273,5,5,113)
w(277,5,5,113)
w(259,8,5,113)
w(286,8,5,113)
r(250,5,5,113)
w(323,8,6,114)
r(66,5,6,114)
r(250,5,6,114)
r(102,3,6,114)
w(343,14,6,114)
w(343,15,6,114)
w(320,7,6,114)
w(305,3,6,114)
r(205,8,6,114)
r(114,7,6,114)
r(70,5,6,114)
r(89,7,6,114)
r(67,5,6,114)
w(303,4,6,114)
w(303,6,6,114)
w(334,6,6,114)
w(321,7,6,114)
w(358,3,6,114)
r(272,4,6,114)
w(337,9,6,114)
r(24,4,6,114)
w(350,10,6,114)
r(17,6,6,114)
w(358,4,6,114)
r(167,8,6,114)
r(157,5,6,114)
r(190,5,6,114)
r(104,10,6,114)
r(57,9,6,114)
w(328,5,6,114)
w(7,5,1,115)
r(278,5,1,115)
r(169,6,1,115)
w(5,10,1,115)
r(203,10,1,115)
w(55,8,1,115)
w(35,4,1,115)
w(43,9,1,115)
w(23,10,1,115)
r(273,5,1,115)
w(53,6,1,115)
r(283,5,1,115)
r(142,6,1,115)
r(227,4,1,115)
r(341,7,1,115)
w(29,9,1,115)
w(18,7,1,115)
r(80,4,1,115)
r(341,7,1,115)
r(218,5,1,115)
r(204,6,1,115)
r(190,8,1,115)
w(22,7,1,115)
r(152,9,1,115)
r(348,4,1,115)
w(19,9,1,115)
r(177,6,1,115)
r(297,8,1,115)
w(2,10,1,115)
r(326,7,1,115)
r(349,11,2,116)
w(98,7,2,116)
r(103,2,2,116)
r(329,7,2,116)
w(74,7,2,116)
w(87,7,2,116)
r(23,10,2,116)
w(71,9,2,116)
w(67,11,2,116)
w(108,5,2,116)
w(86,6,2,116)
r(326,9,2,116)
w(96,10,2,116)
r(298,7,2,116)
w(103,3,2,116)
w(65,10,2,116)
w(109,8,2,116)
r(330,11,2,116)
r(292,10,2,116)
w(99,6,2,116)
w(111,5,2,116)
r(327,3,2,116)
r(17,6,2,116)
w(90,11,2,116)
w(76,10,2,116)
w(87,10,2,116)
w(113,10,2,116)
w(89,10,2,116)
r(173,5,2,116)
w(62,8,2,116)
w(176,5,3,117)
r(328,10,3,117)
w(150,6,3,117)
w(161,8,3,117)
r(296,9,3,117)
r(333,8,3,117)
w(159,15,3,117)
w(136,6,3,117)
w(127,11,3,117)
w(177,7,3,117)
r(331,15,3,117)
r(167,10,3,117)
r(55,8,3,117)
w(173,8,3,117)
r(121,5,3,117)
r(166,7,3,117)
w(142,7,3,117)
w(130,13,3,117)
w(148,5,3,117)
w(175,7,3,117)
w(143,10,3,117)
r(213,3,3,117)
r(231,4,3,117)
r(325,8,3,117)
r(24,6,3,117)
r(43,9,3,117)
w(146,7,3,117)
r(28,5,3,117)
r(346,5,3,117)
r(307,11,3,117)
w(197,8,4,118)
w(218,5,4,118)
r(154,2,4,118)
w(202,9,4,118)
w(238,8,4,118)
w(195,5,4,118)
r(117,8,4,118)
w(188,10,4,118)
w(230,10,4,118)
w(240,10,4,118)
w(186,3,4,118)
w(196,7,4,118)
r(157,5,4,118)
w(238,7,4,118)
r(339,5,4,118)
w(192,8,4,118)
r(112,4,4,118)
r(229,6,4,118)
r(229,6,4,118)
w(209,6,4,118)
w(211,6,4,118)
w(222,5,4,118)
w(220,8,4,118)
r(134,4,4,118)
r(340,6,4,118)
r(357,7,4,118)
w(198,6,4,118)
r(132,2,4,118)
r(146,8,4,118)
r(49,6,4,118)
r(111,4,5,119)
w(268,8,5,119)
r(108,4,5,119)
r(135,2,5,119)
r(352,4,5,119)
r(350,10,5,119)
r(185,6,5,119)
r(287,8,5,119)
r(210,2,5,119)
r(190,8,5,119)
w(289,3,5,119)
r(139,10,5,119)
w(256,9,5,119)
r(219,8,5,119)
w(299,5,5,119)
w(261,9,5,119)
r(260,2,5,119)
w(267,10,5,119)
w(265,8,5,119)
w(271,8,5,119)
w(288,8,5,119)
r(279,12,5,119)
w(268,7,5,119)
w(246,8,5,119)
r(204,6,5,119)
r(202,10,5,119)
w(259,7,5,119)
w(266,10,5,119)
r(359,5,5,119)
r(189,8,5,119)
r(152,8,6,120)
r(168,4,6,120)
r(298,5,6,120)
w(322,6,6,120)
w(360,10,6,120)
w(319,12,6,120)
r(225,5,6,120)
r(304,8,6,120)
w(334,5,6,120)
r(96,6,6,120)
r(229,6,6,120)
w(313,7,6,120)
w(325,5,6,120)
r(330,10,6,120)
w(317,9,6,120)
r(235,5,6,120)
w(358,6,6,120)
r(22,6,6,120)
w(319,13,6,120)
r(31,4,6,120)
r(7,4,6,120)
r(232,6,6,120)
w(356,4,6,120)
w(342,7,6,120)
w(304,7,6,120)
r(152,8,6,120)
w(357,7,6,120)
w(329,8,6,120)
r(124,5,6,120)
r(131,6,6,120)
w(39,7,1,121)
w(37,5,1,121)
r(169,6,1,121)
w(59,7,1,121)
w(44,14,1,121)
w(3,6,1,121)
w(57,13,1,121)
w(32,7,1,121)
w(11,6,1,121)
r(283,8,1,121)
r(100,4,1,121)
w(32,10,1,121)
r(275,5,1,121)
w(21,10,1,121)
w(5,9,1,121)
w(19,12,1,121)
w(21,9,1,121)
w(22,11,1,121)
r(181,5,1,121)
r(87,8,1,121)
w(30,12,1,121)
w(24,6,1,121)
w(31,5,1,121)
r(348,6,1,121)
r(19,12,1,121)
w(32,9,1,121)
w(59,10,1,121)
w(35,6,1,121)
r(287,8,1,121)
r(279,13,1,121)
r(227,5,2,122)
r(273,7,2,122)
w(95,9,2,122)
w(84,10,2,122)
r(37,5,2,122)
w(77,7,2,122)
r(198,6,2,122)
r(109,8,2,122)
r(277,5,2,122)
w(99,5,2,122)
r(265,8,2,122)
w(80,6,2,122)
w(92,5,2,122)
r(167,10,2,122)
r(276,6,2,122)
r(132,4,2,122)
w(106,4,2,122)
r(231,4,2,122)
w(118,10,2,122)
w(92,8,2,122)
w(101,6,2,122)
r(315,11,2,122)
r(164,6,2,122)
r(203,12,2,122)
r(42,6,2,122)
r(306,12,2,122)
r(158,7,2,122)
w(64,13,2,122)
w(75,4,2,122)
r(236,10,2,122)
r(327,3,3,123)
w(153,8,3,123)
r(75,2,3,123)
w(163,3,3,123)
r(56,8,3,123)
w(148,8,3,123)
w(166,10,3,123)
r(88,10,3,123)
w(155,10,3,123)
r(137,5,3,123)
r(241,7,3,123)
r(208,4,3,123)
w(162,11,3,123)
w(158,7,3,123)
w(165,5,3,123)
w(143,9,3,123)
w(121,8,3,123)
r(342,7,3,123)
r(328,10,3,123)
r(228,7,3,123)
r(165,5,3,123)
r(261,9,3,123)
r(260,6,3,123)
r(113,10,3,123)
r(163,3,3,123)
r(328,10,3,123)
r(20,5,3,123)
r(93,6,3,123)
w(133,6,3,123)
w(129,5,3,123)
w(238,10,4,124)
r(209,6,4,124)
r(268,7,4,124)
w(221,3,4,124)
r(200,11,4,124)
w(200,12,4,124)
r(71,7,4,124)
r(204,6,4,124)
r(356,4,4,124)
r(3,3,4,124)
r(307,9,4,124)
r(26,4,4,124)
r(17,6,4,124)
w(200,13,4,124)
w(222,8,4,124)
r(152,9,4,124)
w(237,8,4,124)
r(30,11,4,124)
w(215,7,4,124)
r(348,4,4,124)
r(151,6,4,124)
w(227,4,4,124)
w(185,5,4,124)
r(316,5,4,124)
w(211,5,4,124)
r(159,12,4,124)
r(132,2,4,124)
r(225,5,4,124)
r(145,4,4,124)
r(117,8,4,124)
w(254,7,5,125)
r(206,3,5,125)
r(21,8,5,125)
w(272,5,5,125)
r(342,7,5,125)
w(249,8,5,125)
w(257,7,5,125)
w(244,6,5,125)
r(87,8,5,125)
r(228,7,5,125)
r(34,8,5,125)
r(184,6,5,125)
w(250,8,5,125)
r(307,9,5,125)
w(264,5,5,125)
r(249,8,5,125)
w(268,10,5,125)
r(266,10,5,125)
r(336,7,5,125)
r(102,3,5,125)
w(288,7,5,125)
r(329,7,5,125)
w(288,10,5,125)
w(298,8,5,125)
w(289,4,5,125)
r(278,5,5,125)
r(129,4,5,125)
w(300,6,5,125)
w(270,7,5,125)
w(248,6,5,125)
r(223,5,6,126)
r(98,5,6,126)
r(358,6,6,126)
r(23,5,6,126)
w(320,10,6,126)
w(317,11,6,126)
r(341,7,6,126)
w(306,7,6,126)
r(318,11,6,126)
r(174,9,6,126)
r(34,8,6,126)
w(355,10,6,126)
r(64,10,6,126)
w(340,6,6,126)
r(80,4,6,126)
r(273,5,6,126)
r(9,10,6,126)
r(172,4,6,126)
w(330,9,6,126)
r(176,6,6,126)
w(358,5,6,126)
w(360,9,6,126)
r(143,8,6,126)
w(302,7,6,126)
r(60,5,6,126)
r(334,5,6,126)
w(344,6,6,126)
w(301,4,6,126)
w(324,11,6,126)
w(346,6,6,126)
r(234,7,1,127)
w(57,14,1,127)
w(51,10,1,127)
r(247,6,1,127)
r(208,4,1,127)
w(48,10,1,127)
w(51,9,1,127)
r(270,7,1,127)
r(348,5,1,127)
w(22,12,1,127)
r(232,8,1,127)
r(110,9,1,127)
w(17,5,1,127)
r(129,6,1,127)
r(223,7,1,127)
w(51,11,1,127)
r(260,6,1,127)
w(47,5,1,127)
w(33,5,1,127)
w(53,5,1,127)
w(29,11,1,127)
r(174,9,1,127)
r(65,10,1,127)
r(3,6,1,127)
r(349,11,1,127)
w(2,9,1,127)
r(70,7,1,127)
r(351,7,1,127)
r(119,7,1,127)
r(129,6,1,127)
w(66,10,2,128)
r(101,6,2,128)
w(100,6,2,128)
r(39,10,2,128)
w(91,7,2,128)
w(112,5,2,128)
w(104,11,2,128)
w(74,9,2,128)
r(186,4,2,128)
w(72,10,2,128)
r(113,10,2,128)
w(109,10,2,128)
r(311,12,2,128)
w(111,8,2,128)
r(136,6,2,128)
r(178,12,2,128)
w(117,7,2,128)
w(62,7,2,128)
w(94,7,2,128)
r(102,3,2,128)
r(158,7,2,128)
r(342,7,2,128)
r(329,10,2,128)
r(109,10,2,128)
w(87,9,2,128)
r(275,7,2,128)
w(91,10,2,128)
r(191,4,2,128)
r(325,7,2,128)
r(189,10,2,128)
w(135,5,3,129)
w(150,5,3,129)
w(155,9,3,129)
r(248,8,3,129)
r(103,3,3,129)
w(146,10,3,129)
r(13,9,3,129)
r(355,10,3,129)
w(121,7,3,129)
r(166,10,3,129)
w(171,16,3,129)
w(140,8,3,129)
w(136,8,3,129)
w(179,7,3,129)
w(164,5,3,129)
r(221,6,3,129)
w(130,14,3,129)
r(59,9,3,129)
r(326,9,3,129)
r(334,8,3,129)
w(164,8,3,129)
w(163,4,3,129)
r(210,4,3,129)
w(143,11,3,129)
w(173,7,3,129)
w(134,8,3,129)
w(121,10,3,129)
w(164,7,3,129)
r(320,9,3,129)
w(176,8,3,129)
r(253,10,4,130)
w(203,9,4,130)
r(126,9,4,130)
r(196,7,4,130)
w(189,7,4,130)
r(253,10,4,130)
r(103,2,4,130)
r(153,5,4,130)
r(264,5,4,130)
w(203,11,4,130)
r(52,12,4,130)
w(212,5,4,130)
w(194,6,4,130)
w(232,5,4,130)
r(119,7,4,130)
r(126,9,4,130)
r(360,11,4,130)
w(217,8,4,130)
w(229,5,4,130)
r(187,6,4,130)
r(329,7,4,130)
w(236,8,4,130)
w(229,8,4,130)
w(188,9,4,130)
w(235,8,4,130)
r(60,5,4,130)
w(188,11,4,130)
r(256,9,4,130)
r(212,5,4,130)
w(223,8,4,130)
r(360,11,5,131)
w(296,7,5,131)
r(31,6,5,131)
r(203,10,5,131)
r(178,12,5,131)
w(285,6,5,131)
w(283,8,5,131)
w(281,9,5,131)
w(248,5,5,131)
w(292,10,5,131)
w(290,10,5,131)
r(190,8,5,131)
w(258,5,5,131)
r(11,4,5,131)
w(297,7,5,131)
r(290,10,5,131)
r(346,6,5,131)
w(284,11,5,131)
r(212,6,5,131)
r(78,8,5,131)
r(64,10,5,131)
r(132,2,5,131)
w(258,8,5,131)
r(9,11,5,131)
w(262,12,5,131)
w(274,7,5,131)
w(258,7,5,131)
r(226,8,5,131)
r(99,3,5,131)
w(295,10,5,131)
r(274,8,6,132)
w(308,4,6,132)
r(201,3,6,132)
w(307,10,6,132)
w(312,8,6,132)
r(294,6,6,132)
r(254,5,6,132)
r(298,5,6,132)
w(343,17,6,132)
w(331,9,6,132)
r(143,7,6,132)
w(360,11,6,132)
r(180,11,6,132)
w(357,10,6,132)
w(347,5,6,132)
r(196,7,6,132)
r(129,4,6,132)
w(310,10,6,132)
r(116,11,6,132)
w(326,7,6,132)
w(307,9,6,132)
r(103,2,6,132)
r(269,6,6,132)
r(74,5,6,132)
r(20,5,6,132)
w(329,7,6,132)
w(315,7,6,132)
w(303,5,6,132)
r(47,4,6,132)
w(311,12,6,132)
r(8,2,1,133)
w(30,13,1,133)
w(46,8,1,133)
r(59,10,1,133)
w(25,7,1,133)
w(27,12,1,133)
w(54,7,1,133)
r(152,9,1,133)
w(15,10,1,133)
r(59,10,1,133)
w(38,11,1,133)
w(33,8,1,133)
w(20,7,1,133)
r(130,13,1,133)
r(7,5,1,133)
r(65,10,1,133)
w(46,7,1,133)
r(175,7,1,133)
r(38,11,1,133)
w(47,8,1,133)
w(29,12,1,133)
w(13,9,1,133)
r(213,3,1,133)
w(24,5,1,133)
r(261,9,1,133)
r(77,8,1,133)
w(36,13,1,133)
r(145,4,1,133)
w(50,9,1,133)
r(49,5,1,133)
w(201,4,4,134)
r(27,10,4,134)
r(285,5,4,134)
r(43,9,4,134)
w(211,8,4,134)
r(69,8,4,134)
w(225,8,4,134)
r(293,5,4,134)
w(200,14,4,134)
w(207,9,4,134)
w(214,7,4,134)
w(193,7,4,134)
r(299,5,4,134)
r(150,4,4,134)
r(22,7,4,134)
r(311,12,4,134)
r(12,5,4,134)
w(226,7,4,134)
r(85,10,4,134)
w(229,7,4,134)
w(232,8,4,134)
r(281,9,4,134)
w(181,5,4,134)
w(215,10,4,134)
r(33,4,4,134)
r(44,13,4,134)
r(181,5,4,134)
w(223,7,4,134)
w(212,8,4,134)
r(26,4,4,134)
w(248,8,5,135)
w(258,10,5,135)
r(166,7,5,135)
r(236,8,5,135)
w(245,9,5,135)
w(269,5,5,135)
r(167,7,5,135)
r(78,7,5,135)
r(12,5,5,135)
r(293,5,5,135)
r(295,10,5,135)
r(62,5,5,135)
w(250,7,5,135)
w(285,5,5,135)
w(252,3,5,135)
w(274,10,5,135)
w(291,8,5,135)
w(241,8,5,135)
w(262,13,5,135)
w(296,10,5,135)
w(288,9,5,135)
r(303,8,5,135)
r(177,8,5,135)
w(267,9,5,135)
r(113,7,5,135)
r(42,6,5,135)
r(238,10,5,135)
r(349,9,5,135)
r(227,4,5,135)
r(287,8,5,135)
w(354,3,6,136)
w(309,9,6,136)
w(304,10,6,136)
w(309,11,6,136)
w(313,10,6,136)
r(44,13,6,136)
r(203,10,6,136)
r(347,5,6,136)
w(331,11,6,136)
w(352,6,6,136)
w(305,4,6,136)
r(120,10,6,136)
r(27,10,6,136)
r(228,7,6,136)
w(354,4,6,136)
w(316,8,6,136)
r(140,3,6,136)
r(60,5,6,136)
w(344,5,6,136)
w(326,10,6,136)
r(339,5,6,136)
r(14,7,6,136)
r(75,2,6,136)
w(340,5,6,136)
w(348,6,6,136)
w(353,14,6,136)
w(335,6,6,136)
w(320,9,6,136)
w(334,8,6,136)
r(8,2,6,136)
w(54,10,1,137)
r(188,12,1,137)
r(358,10,1,137)
r(237,7,1,137)
w(23,9,1,137)
r(52,12,1,137)
w(46,10,1,137)
r(54,10,1,137)
w(47,7,1,137)
r(244,7,1,137)
w(20,10,1,137)
w(31,8,1,137)
r(197,8,1,137)
w(24,8,1,137)
w(58,5,1,137)
w(21,11,1,137)
w(44,15,1,137)
r(228,10,1,137)
w(17,8,1,137)
w(19,13,1,137)
r(47,7,1,137)
w(24,7,1,137)
r(288,11,1,137)
w(3,5,1,137)
w(15,9,1,137)
w(37,8,1,137)
r(299,5,1,137)
w(26,6,1,137)
w(59,9,1,137)
w(29,13,1,137)
r(85,10,4,138)
w(227,6,4,138)
w(203,12,4,138)
r(29,9,4,138)
r(310,9,4,138)
w(218,8,4,138)
r(50,10,4,138)
w(204,5,4,138)
w(237,7,4,138)
r(187,6,4,138)
w(189,10,4,138)
r(268,10,4,138)
r(289,6,4,138)
w(200,15,4,138)
w(221,4,4,138)
w(186,4,4,138)
r(253,10,4,138)
w(216,8,4,138)
r(49,5,4,138)
r(45,5,4,138)
w(234,7,4,138)
r(281,9,4,138)
w(226,10,4,138)
r(227,6,4,138)
r(80,4,4,138)
r(268,10,4,138)
w(236,7,4,138)
r(222,8,4,138)
r(49,5,4,138)
w(199,10,4,138)
r(188,11,5,139)
w(247,6,5,139)
r(64,10,5,139)
r(360,11,5,139)
w(294,5,5,139)
w(260,4,5,139)
w(289,6,5,139)
r(134,5,5,139)
r(284,11,5,139)
w(288,11,5,139)
r(265,8,5,139)
r(158,8,5,139)
w(279,13,5,139)
r(43,9,5,139)
w(300,5,5,139)
r(97,2,5,139)
r(135,2,5,139)
r(135,2,5,139)
r(72,8,5,139)
w(294,8,5,139)
w(256,11,5,139)
r(277,5,5,139)
r(206,3,5,139)
w(245,11,5,139)
w(259,10,5,139)
r(59,6,5,139)
r(253,10,5,139)
w(257,10,5,139)
r(250,7,5,139)
r(262,13,5,139)
w(328,8,6,140)
r(129,4,6,140)
r(40,4,6,140)
r(58,4,6,140)
r(12,5,6,140)
r(226,8,6,140)
r(58,4,6,140)
r(2,10,6,140)
r(317,11,6,140)
r(129,4,6,140)
r(347,5,6,140)
w(301,6,6,140)
r(154,2,6,140)
w(341,10,6,140)
r(268,10,6,140)
r(169,6,6,140)
w(358,8,6,140)
r(27,10,6,140)
r(189,7,6,140)
r(347,5,6,140)
r(66,8,6,140)
r(290,10,6,140)
w(318,12,6,140)
r(141,3,6,140)
r(271,8,6,140)
w(313,9,6,140)
w(331,12,6,140)
w(303,8,6,140)
r(133,3,6,140)
w(328,7,6,140)
w(4,7,1,141)
r(354,4,1,141)
w(41,5,1,141)
r(32,9,1,141)
r(204,8,1,141)
r(278,7,1,141)
w(39,10,1,141)
r(263,7,1,141)
r(106,4,1,141)
w(38,12,1,141)
w(47,10,1,141)
w(36,14,1,141)
r(129,5,1,141)
r(98,7,1,141)
w(46,9,1,141)
r(349,12,1,141)
r(92,8,1,141)
r(350,10,1,141)
w(7,8,1,141)
r(27,12,1,141)
r(212,10,1,141)
w(29,14,1,141)
w(12,7,1,141)
w(35,5,1,141)
w(51,12,1,141)
r(94,5,1,141)
r(337,11,1,141)
w(36,15,1,141)
w(31,7,1,141)
r(134,5,1,141)
r(24,6,4,142)
r(87,8,4,142)
w(226,9,4,142)
r(127,10,4,142)
w(187,5,4,142)
r(34,8,4,142)
r(203,12,4,142)
r(21,9,4,142)
r(288,11,4,142)
r(127,10,4,142)
w(190,7,4,142)
w(225,7,4,142)
r(282,13,4,142)
r(294,8,4,142)
r(161,5,4,142)
w(230,9,4,142)
w(219,10,4,142)
r(71,10,4,142)
r(58,4,4,142)
w(226,11,4,142)
w(221,6,4,142)
w(216,7,4,142)
w(190,10,4,142)
r(343,17,4,142)
r(169,6,4,142)
w(240,9,4,142)
r(90,10,4,142)
r(265,8,4,142)
w(207,11,4,142)
r(30,12,4,142)
w(291,7,5,143)
w(282,13,5,143)
w(297,10,5,143)
r(49,5,5,143)
r(289,6,5,143)
r(94,5,5,143)
r(263,5,5,143)
w(274,9,5,143)
w(263,8,5,143)
r(169,6,5,143)
w(260,6,5,143)
w(245,12,5,143)
w(297,9,5,143)
w(272,8,5,143)
r(244,6,5,143)
w(251,9,5,143)
w(275,8,5,143)
w(244,5,5,143)
r(132,4,5,143)
w(273,8,5,143)
w(285,8,5,143)
r(94,5,5,143)
r(24,6,5,143)
r(66,8,5,143)
w(285,7,5,143)
w(298,7,5,143)
w(257,9,5,143)
w(300,8,5,143)
r(300,8,5,143)
w(296,9,5,143)
r(171,15,6,144)
w(331,13,6,144)
w(339,8,6,144)
r(286,8,6,144)
w(332,8,6,144)
w(335,5,6,144)
w(324,12,6,144)
w(325,8,6,144)
r(122,8,6,144)
r(273,5,6,144)
w(315,10,6,144)
w(326,9,6,144)
w(341,9,6,144)
w(310,9,6,144)
r(98,8,6,144)
r(41,6,6,144)
w(331,14,6,144)
w(315,9,6,144)
r(240,10,6,144)
w(346,5,6,144)
r(117,8,6,144)
r(305,4,6,144)
r(159,14,6,144)
r(50,10,6,144)
w(309,12,6,144)
r(275,5,6,144)
w(332,7,6,144)
r(63,10,6,144)
r(133,3,6,144)
r(159,14,6,144)
r(234,7,4,145)
w(200,17,4,145)
r(217,8,4,145)
r(139,9,4,145)
w(222,7,4,145)
r(292,10,4,145)
r(4,8,4,145)
r(99,6,4,145)
w(215,9,4,145)
r(53,5,4,145)
r(204,5,4,145)
w(211,7,4,145)
w(205,7,4,145)
r(69,8,4,145)
w(201,6,4,145)
w(214,10,4,145)
w(188,12,4,145)
r(62,8,4,145)
w(227,5,4,145)
r(62,8,4,145)
w(223,10,4,145)
r(68,7,4,145)
r(174,9,4,145)
r(84,7,4,145)
w(212,7,4,145)
r(76,10,4,145)
r(177,7,4,145)
w(217,7,4,145)
w(181,8,4,145)
r(153,8,4,145)
w(269,8,5,146)
w(253,11,5,146)
w(300,7,5,146)
w(272,7,5,146)
w(275,7,5,146)
w(246,7,5,146)
w(241,7,5,146)
w(257,11,5,146)
w(294,7,5,146)
r(322,6,5,146)
r(255,10,5,146)
w(278,8,5,146)
w(254,10,5,146)
w(285,10,5,146)
r(122,8,5,146)
w(270,10,5,146)
r(280,5,5,146)
r(313,9,5,146)
r(274,9,5,146)
w(252,4,5,146)
w(286,7,5,146)
r(87,10,5,146)
w(273,7,5,146)
r(155,7,5,146)
r(353,14,5,146)
w(295,9,5,146)
r(9,11,5,146)
w(271,7,5,146)
w(244,8,5,146)
r(357,10,5,146)
w(358,7,6,147)
w(314,8,6,147)
w(330,11,6,147)
w(337,11,6,147)
w(348,5,6,147)
w(315,11,6,147)
w(306,10,6,147)
r(148,4,6,147)
w(331,15,6,147)
r(316,8,6,147)
w(349,11,6,147)
w(304,9,6,147)
r(132,4,6,147)
r(64,10,6,147)
w(340,8,6,147)
w(306,9,6,147)
w(328,10,6,147)
w(338,5,6,147)
w(306,11,6,147)
w(358,10,6,147)
r(333,8,6,147)
w(306,12,6,147)
w(303,7,6,147)
r(85,10,6,147)
w(307,11,6,147)
w(345,9,6,147)
r(298,8,6,147)
w(360,12,6,147)
r(307,11,6,147)
r(96,7,6,147)
w(195,8,4,148)
r(214,10,4,148)
r(69,8,4,148)
w(193,10,4,148)
r(185,5,4,148)
r(264,5,4,148)
w(228,10,4,148)
w(212,10,4,148)
r(58,4,4,148)
w(226,12,4,148)
w(204,8,4,148)
w(206,6,4,148)
w(234,10,4,148)
r(3,6,4,148)
r(307,12,4,148)
w(201,5,4,148)
w(232,7,4,148)
w(220,7,4,148)
r(271,7,4,148)
r(199,10,4,148)
w(236,10,4,148)
r(285,10,4,148)
w(192,7,4,148)
w(219,9,4,148)
r(12,5,4,148)
r(145,4,4,148)
r(65,10,4,148)
w(224,10,4,148)
w(208,6,4,148)
w(207,12,4,148)
w(266,9,5,149)
r(61,8,5,149)
w(279,14,5,149)
w(281,11,5,149)
r(178,12,5,149)
r(94,5,5,149)
w(263,7,5,149)
w(278,7,5,149)
r(129,5,5,149)
w(244,7,5,149)
r(104,9,5,149)
r(12,5,5,149)
r(288,11,5,149)
r(7,5,5,149)
w(260,5,5,149)
w(267,11,5,149)
r(296,9,5,149)
w(262,14,5,149)
r(283,8,5,149)
w(251,11,5,149)
r(334,8,5,149)
r(99,6,5,149)
r(124,5,5,149)
w(266,11,5,149)
w(242,9,5,149)
r(296,9,5,149)
r(281,11,5,149)
r(357,10,5,149)
w(255,9,5,149)
r(139,9,5,149)
w(340,7,6,150)
r(274,9,6,150)
w(316,7,6,150)
r(178,12,6,150)
r(21,9,6,150)
w(325,7,6,150)
r(187,5,6,150)
r(44,14,6,150)
w(333,7,6,150)
w(321,10,6,150)
r(236,7,6,150)
w(349,12,6,150)
r(308,4,6,150)
r(120,9,6,150)
r(303,7,6,150)
w(329,10,6,150)
r(49,5,6,150)
r(76,10,6,150)
r(196,7,6,150)
w(319,14,6,150)
w(346,8,6,150)
r(5,9,6,150)
r(114,7,6,150)
r(325,7,6,150)
r(167,10,6,150)
w(302,10,6,150)
w(307,12,6,150)
w(356,6,6,150)
w(359,8,6,150)
r(134,5,6,150)
w(194,5,4,151)
w(228,9,4,151)
r(155,10,4,151)
r(356,6,4,151)
r(165,5,4,151)
w(232,10,4,151)
w(200,16,4,151)
w(202,11,4,151)
w(227,8,4,151)
r(354,4,4,151)
r(26,6,4,151)
w(220,10,4,151)
r(175,7,4,151)
w(198,5,4,151)
w(202,12,4,151)
r(166,10,4,151)
w(210,4,4,151)
w(237,10,4,151)
r(100,4,4,151)
w(199,9,4,151)
w(195,7,4,151)
w(196,10,4,151)
w(231,6,4,151)
w(233,5,4,151)
r(264,5,4,151)
w(216,10,4,151)
w(223,9,4,151)
w(227,7,4,151)
r(270,10,4,151)
r(306,12,4,151)
w(203,13,4,152)
w(203,14,4,152)
r(336,7,4,152)
w(220,9,4,152)
w(233,8,4,152)
w(201,8,4,152)
r(8,2,4,152)
w(197,7,4,152)
w(233,7,4,152)
r(273,7,4,152)
w(198,8,4,152)
w(207,13,4,152)
r(56,8,4,152)
r(305,4,4,152)
r(86,6,4,152)
w(210,6,4,152)
w(197,10,4,152)
r(142,7,4,152)
r(319,14,4,152)
r(291,7,4,152)
r(127,11,4,152)
r(341,9,4,152)
r(202,12,4,152)
w(190,9,4,152)
r(338,5,4,152)
r(43,9,4,152)
w(218,7,4,152)
w(204,7,4,152)
r(327,3,4,152)
r(171,16,4,152)
