w(1,1,0,0)
w(2,1,0,0)
w(3,1,0,0)
w(4,1,0,0)
w(5,1,0,0)
w(6,1,0,0)
w(7,1,0,0)
w(8,1,0,0)
w(9,1,0,0)
w(10,1,0,0)
w(11,1,0,0)
w(12,1,0,0)
w(13,1,0,0)
w(14,1,0,0)
w(15,1,0,0)
w(16,1,0,0)
w(17,1,0,0)
w(18,1,0,0)
w(19,1,0,0)
w(20,1,0,0)
w(21,1,0,0)
w(22,1,0,0)
w(23,1,0,0)
w(24,1,0,0)
w(25,1,0,0)
w(26,1,0,0)
w(27,1,0,0)
w(28,1,0,0)
w(29,1,0,0)
w(30,1,0,0)
w(31,1,0,0)
w(32,1,0,0)
w(33,1,0,0)
w(34,1,0,0)
w(35,1,0,0)
w(36,1,0,0)
w(37,1,0,0)
w(38,1,0,0)
w(39,1,0,0)
w(40,1,0,0)
w(41,1,0,0)
w(42,1,0,0)
w(43,1,0,0)
w(44,1,0,0)
w(45,1,0,0)
w(46,1,0,0)
w(47,1,0,0)
w(48,1,0,0)
w(49,1,0,0)
w(50,1,0,0)
w(51,1,0,0)
w(52,1,0,0)
w(53,1,0,0)
w(54,1,0,0)
w(55,1,0,0)
w(56,1,0,0)
w(57,1,0,0)
w(58,1,0,0)
w(59,1,0,0)
w(60,1,0,0)
w(61,1,0,0)
w(62,1,0,0)
w(63,1,0,0)
w(64,1,0,0)
w(65,1,0,0)
w(66,1,0,0)
w(67,1,0,0)
w(68,1,0,0)
w(69,1,0,0)
w(70,1,0,0)
w(71,1,0,0)
w(72,1,0,0)
w(73,1,0,0)
w(74,1,0,0)
w(75,1,0,0)
w(76,1,0,0)
w(77,1,0,0)
w(78,1,0,0)
w(79,1,0,0)
w(80,1,0,0)
w(81,1,0,0)
w(82,1,0,0)
w(83,1,0,0)
w(84,1,0,0)
w(85,1,0,0)
w(86,1,0,0)
w(87,1,0,0)
w(88,1,0,0)
w(89,1,0,0)
w(90,1,0,0)
w(91,1,0,0)
w(92,1,0,0)
w(93,1,0,0)
w(94,1,0,0)
w(95,1,0,0)
w(96,1,0,0)
w(97,1,0,0)
w(98,1,0,0)
w(99,1,0,0)
w(100,1,0,0)
w(101,1,0,0)
w(102,1,0,0)
w(103,1,0,0)
w(104,1,0,0)
w(105,1,0,0)
w(106,1,0,0)
w(107,1,0,0)
w(108,1,0,0)
w(109,1,0,0)
w(110,1,0,0)
w(111,1,0,0)
w(112,1,0,0)
w(113,1,0,0)
w(114,1,0,0)
w(115,1,0,0)
w(116,1,0,0)
w(117,1,0,0)
w(118,1,0,0)
w(119,1,0,0)
w(120,1,0,0)
w(121,1,0,0)
w(122,1,0,0)
w(123,1,0,0)
w(124,1,0,0)
w(125,1,0,0)
w(126,1,0,0)
w(127,1,0,0)
w(128,1,0,0)
w(129,1,0,0)
w(130,1,0,0)
w(131,1,0,0)
w(132,1,0,0)
w(133,1,0,0)
w(134,1,0,0)
w(135,1,0,0)
w(136,1,0,0)
w(137,1,0,0)
w(138,1,0,0)
w(139,1,0,0)
w(140,1,0,0)
w(141,1,0,0)
w(142,1,0,0)
w(143,1,0,0)
w(144,1,0,0)
w(145,1,0,0)
w(146,1,0,0)
w(147,1,0,0)
w(148,1,0,0)
w(149,1,0,0)
w(150,1,0,0)
w(151,1,0,0)
w(152,1,0,0)
w(153,1,0,0)
w(154,1,0,0)
w(155,1,0,0)
w(156,1,0,0)
w(157,1,0,0)
w(158,1,0,0)
w(159,1,0,0)
w(160,1,0,0)
w(161,1,0,0)
w(162,1,0,0)
w(163,1,0,0)
w(164,1,0,0)
w(165,1,0,0)
w(166,1,0,0)
w(167,1,0,0)
w(168,1,0,0)
w(169,1,0,0)
w(170,1,0,0)
w(171,1,0,0)
w(172,1,0,0)
w(173,1,0,0)
w(174,1,0,0)
w(175,1,0,0)
w(176,1,0,0)
w(177,1,0,0)
w(178,1,0,0)
w(179,1,0,0)
w(180,1,0,0)
w(181,1,0,0)
w(182,1,0,0)
w(183,1,0,0)
w(184,1,0,0)
w(185,1,0,0)
w(186,1,0,0)
w(187,1,0,0)
w(188,1,0,0)
w(189,1,0,0)
w(190,1,0,0)
w(191,1,0,0)
w(192,1,0,0)
w(193,1,0,0)
w(194,1,0,0)
w(195,1,0,0)
w(196,1,0,0)
w(197,1,0,0)
w(198,1,0,0)
w(199,1,0,0)
w(200,1,0,0)
w(201,1,0,0)
w(202,1,0,0)
w(203,1,0,0)
w(204,1,0,0)
w(205,1,0,0)
w(206,1,0,0)
w(207,1,0,0)
w(208,1,0,0)
w(209,1,0,0)
w(210,1,0,0)
w(211,1,0,0)
w(212,1,0,0)
w(213,1,0,0)
w(214,1,0,0)
w(215,1,0,0)
w(216,1,0,0)
w(217,1,0,0)
w(218,1,0,0)
w(219,1,0,0)
w(220,1,0,0)
w(221,1,0,0)
w(222,1,0,0)
w(223,1,0,0)
w(224,1,0,0)
w(225,1,0,0)
w(226,1,0,0)
w(227,1,0,0)
w(228,1,0,0)
w(229,1,0,0)
w(230,1,0,0)
w(231,1,0,0)
w(232,1,0,0)
w(233,1,0,0)
w(234,1,0,0)
w(235,1,0,0)
w(236,1,0,0)
w(237,1,0,0)
w(238,1,0,0)
w(239,1,0,0)
w(240,1,0,0)
w(241,1,0,0)
w(242,1,0,0)
w(243,1,0,0)
w(244,1,0,0)
w(245,1,0,0)
w(246,1,0,0)
w(247,1,0,0)
w(248,1,0,0)
w(249,1,0,0)
w(250,1,0,0)
w(251,1,0,0)
w(252,1,0,0)
w(253,1,0,0)
w(254,1,0,0)
w(255,1,0,0)
w(256,1,0,0)
w(257,1,0,0)
w(258,1,0,0)
w(259,1,0,0)
w(260,1,0,0)
w(261,1,0,0)
w(262,1,0,0)
w(263,1,0,0)
w(264,1,0,0)
w(265,1,0,0)
w(266,1,0,0)
w(267,1,0,0)
w(268,1,0,0)
w(269,1,0,0)
w(270,1,0,0)
w(271,1,0,0)
w(272,1,0,0)
w(273,1,0,0)
w(274,1,0,0)
w(275,1,0,0)
w(276,1,0,0)
w(277,1,0,0)
w(278,1,0,0)
w(279,1,0,0)
w(280,1,0,0)
w(281,1,0,0)
w(282,1,0,0)
w(283,1,0,0)
w(284,1,0,0)
w(285,1,0,0)
w(286,1,0,0)
w(287,1,0,0)
w(288,1,0,0)
w(289,1,0,0)
w(290,1,0,0)
w(291,1,0,0)
w(292,1,0,0)
w(293,1,0,0)
w(294,1,0,0)
w(295,1,0,0)
w(296,1,0,0)
w(297,1,0,0)
w(298,1,0,0)
w(299,1,0,0)
w(300,1,0,0)
r(292,1,1,1)
r(249,1,1,1)
r(32,1,1,1)
w(216,2,1,1)
r(259,1,1,1)
r(142,1,1,1)
r(70,1,1,1)
r(53,1,1,1)
r(253,1,1,1)
w(170,2,1,1)
r(169,1,1,1)
w(168,2,1,1)
r(230,1,1,1)
r(135,1,1,1)
w(68,2,1,1)
w(197,2,1,1)
r(284,1,1,1)
r(179,1,1,1)
r(77,1,1,1)
r(185,1,1,1)
w(100,3,2,2)
w(224,3,2,2)
r(72,1,2,2)
w(260,4,2,2)
r(141,1,2,2)
w(288,2,2,2)
r(63,1,2,2)
r(68,2,2,2)
r(29,1,2,2)
r(34,1,2,2)
r(278,1,2,2)
w(166,4,2,2)
r(105,1,2,2)
r(136,1,2,2)
r(187,1,2,2)
r(145,1,2,2)
w(297,3,2,2)
r(190,1,2,2)
w(170,3,2,2)
r(57,1,2,2)
w(160,3,3,3)
r(120,1,3,3)
r(100,1,3,3)
r(186,1,3,3)
w(76,4,3,3)
w(88,6,3,3)
w(76,6,3,3)
w(94,4,3,3)
w(106,2,3,3)
w(204,4,3,3)
w(20,4,4,4)
w(31,6,4,4)
r(124,1,4,4)
w(56,4,4,4)
w(212,6,4,4)
r(190,1,4,4)
r(154,1,4,4)
r(6,1,4,4)
w(242,5,4,4)
r(87,1,4,4)
w(283,10,4,4)
w(231,4,4,4)
w(281,8,4,4)
r(138,1,4,4)
r(188,1,4,4)
r(62,1,4,4)
r(75,1,4,4)
r(255,1,4,4)
r(236,1,4,4)
w(179,2,4,4)
w(247,9,5,5)
w(159,8,5,5)
r(54,1,5,5)
r(15,1,5,5)
w(277,7,5,5)
r(136,1,5,5)
w(249,6,5,5)
w(262,8,5,5)
r(48,1,5,5)
r(122,1,5,5)
r(25,1,5,5)
r(125,1,5,5)
w(11,4,5,5)
w(148,7,5,5)
w(69,6,5,5)
w(262,7,5,5)
r(73,1,5,5)
w(213,4,5,5)
w(280,2,5,5)
r(156,1,5,5)
w(186,10,6,6)
w(145,7,6,6)
r(117,4,6,6)
r(72,4,6,6)
r(207,1,6,6)
w(214,8,6,6)
w(175,8,6,6)
w(286,6,6,6)
w(294,8,6,6)
r(153,1,6,6)
w(275,7,6,6)
r(12,11,6,6)
w(153,10,6,6)
r(133,4,6,6)
r(238,1,6,6)
w(166,7,6,6)
w(217,6,6,6)
w(250,6,6,6)
w(47,10,6,6)
w(165,8,6,6)
w(118,2,1,7)
r(130,1,1,7)
w(82,2,1,7)
w(127,2,1,7)
w(96,2,1,7)
w(63,2,1,7)
r(201,1,1,7)
w(251,2,1,7)
w(186,2,1,7)
w(66,2,1,7)
r(5,1,1,7)
w(147,2,1,7)
w(221,2,1,7)
r(200,1,1,7)
w(72,2,1,7)
r(266,1,1,7)
r(189,1,1,7)
w(1,2,1,7)
r(15,1,1,7)
w(176,2,1,7)
w(273,2,2,8)
w(124,2,2,8)
w(210,2,2,8)
w(148,4,2,8)
r(172,1,2,8)
r(201,1,2,8)
r(144,1,2,8)
w(271,3,2,8)
w(118,6,2,8)
w(176,3,2,8)
r(96,3,2,8)
r(84,1,2,8)
r(211,1,2,8)
r(100,3,2,8)
w(19,8,2,8)
w(73,6,2,8)
w(245,4,2,8)
r(114,1,2,8)
r(146,1,2,8)
r(88,1,2,8)
r(28,1,3,9)
w(230,8,3,9)
w(99,4,3,9)
r(63,2,3,9)
w(72,4,3,9)
w(133,4,3,9)
r(254,1,3,9)
r(27,1,3,9)
w(259,6,3,9)
w(165,4,3,9)
r(147,2,3,9)
w(111,4,3,9)
r(14,1,3,9)
r(179,2,3,9)
w(45,4,3,9)
r(285,1,3,9)
w(223,6,3,9)
r(71,1,3,9)
w(119,2,3,9)
r(218,1,3,9)
r(190,1,4,10)
w(31,8,4,10)
w(107,2,4,10)
r(43,1,4,10)
r(222,1,4,10)
w(49,8,4,10)
r(121,1,4,10)
w(97,6,4,10)
r(206,1,4,10)
r(126,1,4,10)
r(30,1,4,10)
w(273,10,4,10)
r(3,1,4,10)
w(111,6,4,10)
r(65,1,4,10)
w(47,8,4,10)
w(155,7,4,10)
w(232,3,4,10)
r(14,1,4,10)
w(109,3,4,10)
r(260,4,5,11)
w(281,7,5,11)
w(236,7,5,11)
w(144,4,5,11)
w(118,8,5,11)
w(199,3,5,11)
r(45,4,5,11)
w(115,9,5,11)
w(52,4,5,11)
r(293,1,5,11)
w(180,4,5,11)
w(238,7,5,11)
w(118,7,5,11)
r(285,1,5,11)
r(75,1,5,11)
r(150,1,5,11)
r(132,1,5,11)
w(227,10,5,11)
r(246,1,5,11)
w(146,4,5,11)
w(46,6,6,12)
w(39,10,6,12)
r(115,9,6,12)
w(141,6,6,12)
w(187,6,6,12)
r(100,3,6,12)
r(93,1,6,12)
r(35,2,6,12)
w(297,5,6,12)
r(49,2,6,12)
w(224,8,6,12)
w(109,8,6,12)
r(260,4,6,12)
w(243,6,6,12)
w(216,11,6,12)
w(129,5,6,12)
r(37,2,6,12)
w(190,3,6,12)
r(75,1,6,12)
w(284,9,6,12)
w(19,2,1,13)
w(49,2,1,13)
r(254,1,1,13)
w(66,3,1,13)
w(90,2,1,13)
w(148,2,1,13)
r(254,1,1,13)
r(56,4,1,13)
r(179,2,1,13)
r(55,1,1,13)
w(8,2,1,13)
w(46,2,1,13)
w(19,3,1,13)
r(56,4,1,13)
w(96,3,1,13)
w(129,2,1,13)
w(110,2,1,13)
w(239,2,1,13)
w(44,2,1,13)
r(124,1,1,13)
w(137,3,2,14)
r(140,1,2,14)
w(291,3,2,14)
w(88,4,2,14)
r(170,3,2,14)
r(93,1,2,14)
r(188,1,2,14)
r(189,1,2,14)
w(269,3,2,14)
r(294,8,2,14)
r(152,1,2,14)
w(128,3,2,14)
r(137,3,2,14)
r(113,1,2,14)
w(161,3,2,14)
r(287,1,2,14)
w(189,2,2,14)
w(147,3,2,14)
r(37,2,2,14)
w(242,6,2,14)
w(256,4,3,15)
w(99,6,3,15)
w(283,8,3,15)
r(167,1,3,15)
r(287,1,3,15)
w(56,2,3,15)
r(135,1,3,15)
w(191,4,3,15)
w(215,4,3,15)
w(238,6,3,15)
w(240,3,3,15)
w(34,3,3,15)
w(271,4,3,15)
r(134,1,3,15)
w(1,3,3,15)
r(82,2,3,15)
r(101,2,3,15)
w(3,4,3,15)
w(1,4,3,15)
r(169,1,3,15)
r(144,1,4,16)
w(56,6,4,16)
r(180,1,4,16)
r(232,3,4,16)
r(213,4,4,16)
w(18,8,4,16)
r(283,10,4,16)
w(56,8,4,16)
r(79,1,4,16)
w(12,11,4,16)
r(212,6,4,16)
r(132,1,4,16)
r(255,1,4,16)
w(2,8,4,16)
r(243,1,4,16)
w(229,3,4,16)
r(28,1,4,16)
w(117,4,4,16)
r(294,1,4,16)
r(49,2,4,16)
r(213,4,5,17)
r(255,1,5,17)
w(264,6,5,17)
w(118,10,5,17)
w(204,7,5,17)
w(54,8,5,17)
r(82,2,5,17)
r(286,6,5,17)
w(4,3,5,17)
w(211,8,5,17)
r(219,1,5,17)
r(250,6,5,17)
r(139,1,5,17)
w(244,10,5,17)
r(64,1,5,17)
w(132,8,5,17)
w(80,7,5,17)
r(265,1,5,17)
r(174,1,5,17)
w(240,6,5,17)
w(299,7,6,18)
w(284,5,6,18)
w(130,3,6,18)
r(137,3,6,18)
w(144,6,6,18)
r(140,1,6,18)
r(224,8,6,18)
w(296,6,6,18)
w(115,11,6,18)
w(139,10,6,18)
r(231,4,6,18)
w(25,6,6,18)
w(192,8,6,18)
r(227,10,6,18)
r(124,2,6,18)
r(78,1,6,18)
r(123,1,6,18)
w(86,7,6,18)
w(145,10,6,18)
w(294,7,6,18)
w(300,2,1,19)
w(149,2,1,19)
r(77,1,1,19)
w(181,2,1,19)
w(86,2,1,19)
r(105,1,1,19)
r(242,5,1,19)
r(30,1,1,19)
r(97,6,1,19)
r(20,4,1,19)
r(242,5,1,19)
r(184,1,1,19)
w(37,2,1,19)
r(74,1,1,19)
r(55,1,1,19)
w(181,3,1,19)
w(21,2,1,19)
r(75,1,1,19)
w(264,2,1,19)
r(249,6,1,19)
r(258,1,2,20)
r(273,2,2,20)
r(191,4,2,20)
r(255,1,2,20)
r(276,1,2,20)
w(108,2,2,20)
r(208,1,2,20)
w(141,2,2,20)
r(166,7,2,20)
r(2,8,2,20)
w(31,3,2,20)
r(251,2,2,20)
w(30,2,2,20)
w(12,8,2,20)
r(49,2,2,20)
w(246,4,2,20)
r(144,4,2,20)
w(241,4,2,20)
r(238,6,2,20)
r(112,1,2,20)
r(287,1,3,21)
w(277,6,3,21)
w(233,4,3,21)
r(156,2,3,21)
w(54,2,3,21)
r(235,1,3,21)
w(242,10,3,21)
w(186,4,3,21)
w(223,8,3,21)
w(64,6,3,21)
w(86,6,3,21)
r(109,8,3,21)
r(1,4,3,21)
r(289,1,3,21)
w(266,2,3,21)
w(98,3,3,21)
r(281,7,3,21)
r(257,1,3,21)
w(7,4,3,21)
r(9,1,3,21)
r(48,9,4,22)
w(23,6,4,22)
r(108,3,4,22)
w(253,3,4,22)
w(210,10,4,22)
w(137,6,4,22)
r(130,3,4,22)
r(205,1,4,22)
r(113,1,4,22)
w(31,7,4,22)
r(242,10,4,22)
r(35,2,4,22)
w(150,4,4,22)
w(120,2,4,22)
w(30,6,4,22)
w(69,2,4,22)
w(283,9,4,22)
r(238,6,4,22)
w(201,4,4,22)
r(50,1,4,22)
r(285,1,5,23)
w(48,9,5,23)
r(16,1,5,23)
w(206,5,5,23)
r(247,9,5,23)
r(224,8,5,23)
r(105,1,5,23)
r(35,2,5,23)
w(28,6,5,23)
w(63,7,5,23)
w(103,7,5,23)
w(134,8,5,23)
w(192,4,5,23)
r(288,3,5,23)
r(71,2,5,23)
w(259,11,5,23)
w(197,6,5,23)
r(164,1,5,23)
r(217,6,5,23)
w(192,6,5,23)
r(270,1,6,24)
r(152,1,6,24)
w(37,8,6,24)
r(190,3,6,24)
r(18,2,6,24)
w(6,8,6,24)
r(63,7,6,24)
r(57,1,6,24)
w(75,9,6,24)
w(115,13,6,24)
r(4,3,6,24)
w(147,7,6,24)
r(253,1,6,24)
w(102,7,6,24)
r(187,6,6,24)
r(176,3,6,24)
w(239,7,6,24)
r(212,6,6,24)
r(23,1,6,24)
r(210,2,6,24)
r(109,3,1,25)
w(71,2,1,25)
r(57,1,1,25)
w(183,2,1,25)
r(265,1,1,25)
r(124,1,1,25)
r(188,1,1,25)
r(13,1,1,25)
w(228,2,1,25)
r(298,1,1,25)
r(102,1,1,25)
w(35,2,1,25)
w(157,2,1,25)
r(248,1,1,25)
w(115,2,1,25)
r(293,1,1,25)
w(80,2,1,25)
w(156,2,1,25)
w(18,2,1,25)
w(101,2,1,25)
r(85,1,2,26)
w(213,2,2,26)
w(22,4,2,26)
w(104,3,2,26)
r(276,1,2,26)
w(34,2,2,26)
r(173,1,2,26)
r(260,4,2,26)
w(288,3,2,26)
r(234,1,2,26)
r(152,1,2,26)
w(146,3,2,26)
r(290,1,2,26)
r(92,1,2,26)
w(260,6,2,26)
w(108,3,2,26)
r(279,1,2,26)
r(40,1,2,26)
w(89,3,2,26)
r(282,1,2,26)
r(67,1,3,27)
r(67,1,3,27)
r(182,1,3,27)
w(192,2,3,27)
r(100,3,3,27)
w(123,4,3,27)
w(61,3,3,27)
r(63,7,3,27)
w(54,3,3,27)
w(65,4,3,27)
r(120,2,3,27)
r(24,1,3,27)
w(260,10,3,27)
w(186,6,3,27)
w(210,6,3,27)
r(45,4,3,27)
r(213,2,3,27)
r(233,4,3,27)
r(114,1,3,27)
r(32,1,3,27)
w(262,3,4,28)
r(82,2,4,28)
w(124,8,4,28)
w(164,7,4,28)
r(175,8,4,28)
w(224,6,4,28)
r(38,1,4,28)
r(298,1,4,28)
w(162,8,4,28)
r(188,1,4,28)
w(212,8,4,28)
w(77,2,4,28)
r(75,9,4,28)
r(235,1,4,28)
w(262,4,4,28)
w(276,6,4,28)
r(16,1,4,28)
w(173,2,4,28)
r(11,4,4,28)
r(250,6,4,28)
r(104,3,5,29)
r(192,6,5,29)
r(15,1,5,29)
r(19,8,5,29)
w(229,4,5,29)
r(94,1,5,29)
r(275,7,5,29)
r(119,2,5,29)
w(61,6,5,29)
w(245,10,5,29)
w(205,6,5,29)
r(181,3,5,29)
w(123,6,5,29)
w(272,8,5,29)
w(179,6,5,29)
r(96,3,5,29)
r(200,1,5,29)
w(112,8,5,29)
r(51,1,5,29)
r(104,3,5,29)
w(277,10,6,30)
w(16,8,6,30)
w(275,10,6,30)
r(82,2,6,30)
w(253,4,6,30)
w(184,8,6,30)
r(44,2,6,30)
w(40,4,6,30)
r(273,2,6,30)
w(200,4,6,30)
r(250,6,6,30)
w(14,6,6,30)
w(49,7,6,30)
r(139,10,6,30)
w(150,7,6,30)
w(72,8,6,30)
r(138,2,6,30)
w(152,8,6,30)
r(115,13,6,30)
r(105,1,6,30)
r(291,1,1,31)
w(230,2,1,31)
r(123,1,1,31)
w(3,2,1,31)
w(184,2,1,31)
w(38,2,1,31)
w(118,3,1,31)
r(63,2,1,31)
r(231,4,1,31)
w(52,2,1,31)
r(157,2,2,32)
w(131,3,2,32)
r(107,6,2,32)
w(15,2,2,32)
w(115,3,2,32)
w(164,3,2,32)
w(247,4,2,32)
w(191,3,2,32)
r(105,2,2,32)
r(41,1,2,32)
r(236,7,2,32)
w(28,3,2,32)
r(189,2,2,32)
r(195,1,2,32)
w(178,2,2,32)
w(121,3,2,32)
w(220,2,2,32)
w(94,2,2,32)
r(93,1,2,32)
w(19,7,2,32)
w(175,4,3,33)
w(266,3,3,33)
w(248,6,3,33)
r(65,4,3,33)
r(114,1,3,33)
r(239,7,3,33)
w(230,7,3,33)
r(68,2,3,33)
r(212,8,3,33)
w(273,8,3,33)
r(182,1,3,33)
r(89,3,3,33)
r(141,2,3,33)
r(287,1,3,33)
r(198,2,3,33)
w(171,6,3,33)
w(239,4,3,33)
w(164,8,3,33)
r(130,3,3,33)
w(160,4,3,33)
r(99,6,4,34)
w(16,6,4,34)
w(85,3,4,34)
w(81,7,4,34)
r(163,1,4,34)
w(132,3,4,34)
w(195,4,4,34)
r(264,6,4,34)
w(204,6,4,34)
w(255,4,4,34)
w(214,4,4,34)
w(269,4,4,34)
w(228,8,4,34)
r(173,2,4,34)
r(285,2,4,34)
w(75,4,4,34)
r(231,4,4,34)
w(58,4,4,34)
w(97,8,4,34)
w(7,8,4,34)
r(257,1,5,35)
r(124,8,5,35)
w(149,6,5,35)
w(140,7,5,35)
w(176,8,5,35)
w(196,7,5,35)
r(18,2,5,35)
w(232,6,5,35)
w(129,9,5,35)
w(229,6,5,35)
r(41,1,5,35)
r(219,1,5,35)
r(33,2,5,35)
r(35,2,5,35)
w(257,4,5,35)
r(266,2,5,35)
w(21,5,5,35)
w(296,4,5,35)
w(125,10,5,35)
w(160,8,5,35)
w(164,5,6,36)
r(169,1,6,36)
r(1,4,6,36)
w(74,7,6,36)
r(212,8,6,36)
w(217,8,6,36)
r(293,1,6,36)
w(107,6,6,36)
r(62,1,6,36)
w(127,7,6,36)
r(43,1,6,36)
w(295,8,6,36)
w(29,8,6,36)
w(9,3,6,36)
w(286,8,6,36)
w(34,5,6,36)
r(286,8,6,36)
w(208,8,6,36)
r(32,1,6,36)
r(210,6,6,36)
r(120,1,1,37)
w(33,2,1,37)
r(4,3,1,37)
r(125,1,1,37)
r(120,1,1,37)
r(154,1,1,37)
r(79,1,1,37)
r(43,1,1,37)
r(121,1,1,37)
r(191,4,1,37)
r(206,1,1,37)
w(138,2,1,37)
w(103,2,1,37)
w(196,2,1,37)
w(6,2,1,37)
w(215,2,1,37)
w(156,3,1,37)
r(234,1,1,37)
w(129,4,1,37)
r(207,1,1,37)
r(180,4,2,38)
w(206,3,2,38)
r(153,10,2,38)
r(250,6,2,38)
r(65,4,2,38)
r(224,6,2,38)
w(209,2,2,38)
w(140,3,2,38)
w(168,4,2,38)
r(261,1,2,38)
w(178,3,2,38)
w(277,3,2,38)
r(275,10,2,38)
r(176,8,2,38)
r(134,8,2,38)
r(99,6,2,38)
w(235,3,2,38)
r(228,2,2,38)
w(222,2,2,38)
w(156,6,2,38)
w(184,3,3,39)
r(291,3,3,39)
r(57,1,3,39)
w(273,7,3,39)
r(220,2,3,39)
w(56,3,3,39)
r(68,2,3,39)
r(203,1,3,39)
r(103,3,3,39)
r(204,6,3,39)
w(14,3,3,39)
w(121,8,3,39)
r(172,1,3,39)
r(214,4,3,39)
r(137,6,3,39)
w(215,6,3,39)
r(285,2,3,39)
r(295,6,3,39)
r(31,7,3,39)
r(205,6,3,39)
w(133,6,4,40)
r(126,1,4,40)
w(31,10,4,40)
w(138,10,4,40)
r(206,3,4,40)
w(50,6,4,40)
r(35,8,4,40)
w(167,3,4,40)
r(100,3,4,40)
r(111,4,4,40)
r(143,1,4,40)
w(73,10,4,40)
w(238,8,4,40)
w(138,9,4,40)
w(270,4,4,40)
r(267,1,4,40)
w(222,4,4,40)
r(5,1,4,40)
w(244,8,4,40)
r(230,7,4,40)
w(35,8,5,41)
r(229,6,5,41)
r(208,8,5,41)
w(295,6,5,41)
w(106,6,5,41)
r(21,5,5,41)
w(146,6,5,41)
r(242,10,5,41)
r(62,1,5,41)
w(246,10,5,41)
r(254,1,5,41)
w(54,7,5,41)
w(102,8,5,41)
r(194,1,5,41)
w(208,6,5,41)
r(31,7,5,41)
w(77,8,5,41)
w(204,10,5,41)
r(129,9,5,41)
w(45,7,5,41)
r(127,7,6,42)
w(92,7,6,42)
r(188,1,6,42)
w(249,8,6,42)
w(286,7,6,42)
w(53,6,6,42)
w(282,8,6,42)
r(218,1,6,42)
r(217,8,6,42)
w(75,5,6,42)
w(191,6,6,42)
r(65,4,6,42)
r(97,8,6,42)
w(118,9,6,42)
w(274,7,6,42)
r(165,8,6,42)
w(265,7,6,42)
w(257,6,6,42)
r(131,3,6,42)
w(286,10,6,42)
r(106,1,1,43)
w(46,3,1,43)
r(166,7,1,43)
r(256,4,1,43)
r(175,8,1,43)
r(241,4,1,43)
r(249,6,1,43)
r(267,1,1,43)
r(80,7,1,43)
r(260,6,1,43)
r(283,9,1,43)
r(42,1,1,43)
r(81,1,1,43)
w(113,2,1,43)
w(12,2,1,43)
w(190,2,1,43)
r(258,1,1,43)
w(198,2,1,43)
w(50,2,1,43)
w(300,3,1,43)
r(225,1,2,44)
r(110,2,2,44)
w(166,6,2,44)
r(60,1,2,44)
w(155,3,2,44)
w(12,7,2,44)
r(118,10,2,44)
w(256,3,2,44)
r(158,1,2,44)
w(274,2,2,44)
r(211,8,2,44)
r(233,4,2,44)
w(21,6,2,44)
r(275,10,2,44)
w(16,3,2,44)
r(239,4,2,44)
r(10,1,2,44)
w(124,3,2,44)
r(32,1,2,44)
w(114,4,2,44)
w(166,8,3,45)
w(264,4,3,45)
w(131,6,3,45)
r(53,6,3,45)
w(151,4,3,45)
w(242,9,3,45)
w(47,4,3,45)
w(105,3,3,45)
w(20,3,3,45)
w(277,8,3,45)
w(140,4,3,45)
w(247,6,3,45)
r(48,2,3,45)
r(238,8,3,45)
r(108,3,3,45)
r(154,1,3,45)
r(68,2,3,45)
w(170,6,3,45)
w(250,3,3,45)
r(134,8,3,45)
r(261,1,4,46)
r(3,4,4,46)
w(45,8,4,46)
w(275,3,4,46)
w(83,3,4,46)
w(125,7,4,46)
r(4,3,4,46)
r(237,2,4,46)
r(236,7,4,46)
r(35,8,4,46)
r(178,3,4,46)
r(276,6,4,46)
w(48,8,4,46)
w(19,9,4,46)
w(33,4,4,46)
r(292,1,4,46)
w(251,7,4,46)
w(178,4,4,46)
r(153,10,4,46)
r(77,8,4,46)
w(75,7,5,47)
w(159,7,5,47)
r(89,3,5,47)
r(141,2,5,47)
r(52,4,5,47)
r(300,3,5,47)
w(169,3,5,47)
w(34,10,5,47)
w(45,10,5,47)
r(13,1,5,47)
w(109,6,5,47)
w(161,6,5,47)
w(288,7,5,47)
w(280,3,5,47)
r(173,2,5,47)
w(298,2,5,47)
r(89,3,5,47)
r(247,4,5,47)
w(222,6,5,47)
w(281,10,5,47)
w(123,8,6,48)
r(18,2,6,48)
r(53,6,6,48)
r(270,4,6,48)
w(15,3,6,48)
r(243,6,6,48)
w(45,9,6,48)
r(215,6,6,48)
r(258,1,6,48)
w(25,8,6,48)
w(5,9,6,48)
w(145,9,6,48)
r(278,1,6,48)
w(121,5,6,48)
w(273,5,6,48)
w(9,6,6,48)
w(219,6,6,48)
r(213,2,6,48)
r(259,2,6,48)
r(57,1,6,48)
r(64,6,1,49)
r(70,1,1,49)
r(209,1,1,49)
w(285,2,1,49)
w(200,2,1,49)
r(125,1,1,49)
r(71,2,1,49)
w(2,2,1,49)
w(133,2,1,49)
r(80,7,1,49)
r(264,6,1,49)
w(64,2,1,49)
r(256,4,1,49)
w(183,3,1,49)
r(24,1,1,49)
w(166,2,1,49)
w(230,3,1,49)
w(214,2,1,49)
w(105,2,1,49)
r(93,1,1,49)
w(210,3,2,50)
r(47,10,2,50)
r(81,7,2,50)
r(220,2,2,50)
r(124,3,2,50)
r(141,2,2,50)
r(198,2,2,50)
w(237,2,2,50)
w(296,3,2,50)
w(221,3,2,50)
r(288,7,2,50)
w(248,3,2,50)
w(162,2,2,50)
r(262,4,2,50)
r(234,1,2,50)
r(97,8,2,50)
r(9,3,2,50)
r(207,1,2,50)
r(223,8,2,50)
r(65,4,2,50)
r(52,4,3,51)
w(6,3,3,51)
w(294,4,3,51)
r(97,8,3,51)
r(204,6,3,51)
w(55,2,3,51)
r(47,4,3,51)
r(75,5,3,51)
r(255,4,3,51)
w(100,6,3,51)
r(45,9,3,51)
r(118,4,3,51)
w(90,3,3,51)
r(243,6,3,51)
r(65,4,3,51)
w(157,6,3,51)
r(91,1,3,51)
r(171,6,3,51)
r(292,1,3,51)
r(99,6,3,51)
w(89,7,4,52)
r(198,2,4,52)
w(154,7,4,52)
w(164,10,4,52)
w(251,10,4,52)
w(63,8,4,52)
r(270,4,4,52)
r(212,8,4,52)
r(87,3,4,52)
r(154,7,4,52)
r(225,1,4,52)
w(120,3,4,52)
w(226,8,4,52)
r(102,2,4,52)
r(221,3,4,52)
w(13,4,4,52)
r(281,10,4,52)
r(129,9,4,52)
r(84,1,4,52)
r(204,6,4,52)
r(176,8,5,53)
r(270,4,5,53)
w(164,9,5,53)
r(147,7,5,53)
w(89,10,5,53)
r(150,7,5,53)
r(190,2,5,53)
w(60,6,5,53)
w(116,4,5,53)
w(194,2,5,53)
r(117,4,5,53)
w(288,10,5,53)
w(85,6,5,53)
r(128,3,5,53)
r(157,2,5,53)
w(195,8,5,53)
w(216,10,5,53)
w(297,10,5,53)
r(260,10,5,53)
r(280,3,5,53)
r(293,1,6,54)
r(18,2,6,54)
w(121,11,6,54)
w(289,6,6,54)
w(46,8,6,54)
w(70,7,6,54)
w(198,4,6,54)
w(161,7,6,54)
r(220,2,6,54)
w(83,8,6,54)
w(168,8,6,54)
w(56,10,6,54)
w(264,8,6,54)
w(89,9,6,54)
w(195,10,6,54)
r(158,1,6,54)
w(54,10,6,54)
r(74,7,6,54)
w(217,7,6,54)
w(245,9,6,54)
r(251,2,1,55)
w(48,2,1,55)
r(76,1,1,55)
w(103,3,1,55)
r(171,1,1,55)
w(88,2,1,55)
w(259,2,1,55)
r(27,1,1,55)
r(206,5,1,55)
r(165,8,1,55)
r(124,8,1,55)
r(290,1,1,55)
w(76,2,1,55)
r(103,3,1,55)
w(197,3,1,55)
r(228,2,1,55)
r(94,2,1,55)
r(145,10,1,55)
w(283,2,1,55)
w(246,2,1,55)
r(159,7,2,56)
r(181,3,2,56)
w(87,3,2,56)
r(164,9,2,56)
w(294,3,2,56)
r(167,3,2,56)
w(277,4,2,56)
r(25,6,2,56)
r(97,8,2,56)
r(140,4,2,56)
r(77,8,2,56)
r(58,4,2,56)
w(285,4,2,56)
w(205,3,2,56)
r(205,3,2,56)
r(247,6,2,56)
r(136,1,2,56)
w(155,4,2,56)
r(110,2,2,56)
r(242,9,2,56)
w(246,6,3,57)
r(112,8,3,57)
r(29,3,3,57)
r(120,3,3,57)
w(182,4,3,57)
r(240,6,3,57)
r(189,2,3,57)
r(297,6,3,57)
r(52,4,3,57)
w(52,3,3,57)
r(32,1,3,57)
r(282,8,3,57)
w(41,3,3,57)
w(260,9,3,57)
r(65,3,3,57)
r(5,9,3,57)
r(125,7,3,57)
w(19,10,3,57)
w(227,7,3,57)
r(261,1,3,57)
r(107,6,4,58)
r(169,3,4,58)
w(210,9,4,58)
w(112,4,4,58)
w(176,6,4,58)
r(118,4,4,58)
w(55,4,4,58)
r(62,1,4,58)
r(66,3,4,58)
w(276,7,4,58)
w(48,7,4,58)
w(117,6,4,58)
w(203,6,4,58)
r(157,6,4,58)
r(3,4,4,58)
w(126,4,4,58)
r(146,6,4,58)
r(170,6,4,58)
w(64,7,4,58)
r(166,8,4,58)
r(110,2,5,59)
w(194,3,5,59)
r(29,3,5,59)
w(47,7,5,59)
w(73,5,5,59)
w(145,3,5,59)
r(170,6,5,59)
r(275,3,5,59)
r(39,10,5,59)
r(159,7,5,59)
r(111,4,5,59)
r(5,9,5,59)
r(233,4,5,59)
w(225,6,5,59)
r(254,1,5,59)
w(94,8,5,59)
w(229,8,5,59)
r(131,6,5,59)
w(119,4,5,59)
w(168,6,5,59)
r(243,6,6,60)
r(11,4,6,60)
w(141,8,6,60)
r(69,2,6,60)
w(249,7,6,60)
r(209,2,6,60)
w(234,2,1,61)
r(257,6,1,61)
w(29,3,1,61)
r(276,6,1,61)
r(253,4,1,61)
r(284,5,1,61)
w(230,4,1,61)
r(212,8,1,61)
r(199,3,1,61)
r(189,2,1,61)
r(113,2,1,61)
w(135,2,1,61)
w(136,2,1,61)
r(88,2,1,61)
r(111,4,1,61)
w(289,3,1,61)
w(102,2,1,61)
r(170,6,1,61)
w(128,2,1,61)
w(118,4,1,61)
r(107,6,2,62)
w(65,3,2,62)
w(297,6,2,62)
r(141,2,2,62)
r(135,2,2,62)
r(45,9,2,62)
w(27,2,2,62)
r(172,1,2,62)
r(112,8,2,62)
w(76,3,2,62)
w(36,2,2,62)
r(178,4,2,62)
r(263,1,2,62)
r(161,7,2,62)
w(63,3,2,62)
w(241,6,2,62)
w(208,2,2,62)
r(97,8,2,62)
w(171,4,2,62)
r(7,8,2,62)
r(184,3,3,63)
r(2,4,3,63)
w(48,3,3,63)
w(5,6,3,63)
w(37,4,3,63)
r(187,6,3,63)
w(241,8,3,63)
r(88,2,3,63)
w(122,4,3,63)
r(202,1,3,63)
w(89,4,3,63)
r(176,6,3,63)
r(221,3,3,63)
w(27,4,3,63)
w(18,4,3,63)
w(211,4,3,63)
r(290,1,3,63)
w(100,8,3,63)
r(122,4,3,63)
w(136,8,3,63)
r(27,2,4,64)
r(98,3,4,64)
r(36,2,4,64)
r(46,8,4,64)
w(82,4,4,64)
w(216,7,4,64)
r(139,10,4,64)
r(200,2,4,64)
r(42,2,4,64)
w(129,7,4,64)
w(53,3,4,64)
w(244,7,4,64)
w(129,10,4,64)
r(204,6,4,64)
w(98,4,4,64)
w(99,10,4,64)
w(155,10,4,64)
w(237,6,4,64)
r(33,4,4,64)
w(179,4,4,64)
r(124,3,5,65)
w(263,4,5,65)
w(1,6,5,65)
r(78,1,5,65)
w(119,6,5,65)
w(108,10,5,65)
r(29,3,5,65)
r(85,6,5,65)
w(23,8,5,65)
r(12,7,5,65)
w(157,9,5,65)
r(206,3,5,65)
r(275,3,5,65)
w(74,6,5,65)
r(142,1,5,65)
w(227,9,5,65)
w(145,4,5,65)
r(121,11,5,65)
w(180,6,5,65)
w(222,8,5,65)
w(181,10,6,66)
w(53,8,6,66)
r(60,6,6,66)
w(236,9,6,66)
r(165,2,6,66)
r(42,2,6,66)
r(258,1,6,66)
r(239,4,6,66)
w(219,3,1,67)
w(182,2,1,67)
w(249,2,1,67)
w(81,2,1,67)
r(197,3,1,67)
r(130,3,1,67)
r(65,4,1,67)
r(190,2,1,67)
w(28,2,1,67)
r(248,3,1,67)
w(236,2,1,67)
w(165,2,1,67)
w(87,2,1,67)
r(122,1,1,67)
w(114,3,1,67)
w(276,2,1,67)
w(284,2,1,67)
r(275,3,1,67)
r(81,2,1,67)
w(153,2,1,67)
r(181,3,2,68)
r(104,3,2,68)
w(57,2,2,68)
r(135,2,2,68)
r(117,6,2,68)
r(210,9,2,68)
w(216,4,2,68)
r(148,4,2,68)
w(63,4,2,68)
w(206,4,2,68)
r(267,1,2,68)
w(248,4,2,68)
r(113,2,2,68)
w(148,6,2,68)
r(106,6,2,68)
r(125,2,2,68)
w(39,3,2,68)
r(166,8,2,68)
w(265,3,2,68)
r(136,2,2,68)
r(159,7,3,69)
r(75,5,3,69)
w(202,2,3,69)
r(147,7,3,69)
r(189,6,3,69)
w(226,4,3,69)
r(269,6,3,69)
r(94,8,3,69)
w(295,4,3,69)
w(244,4,3,69)
r(138,3,3,69)
r(178,4,3,69)
r(92,4,3,69)
r(114,3,3,69)
w(282,3,3,69)
w(21,8,3,69)
r(122,2,3,69)
w(48,4,3,69)
w(160,6,3,69)
w(244,6,3,69)
r(141,7,4,70)
w(155,9,4,70)
r(266,8,4,70)
r(110,2,4,70)
r(107,6,4,70)
w(236,4,4,70)
r(212,8,4,70)
w(21,9,4,70)
r(27,3,4,70)
r(20,3,4,70)
r(60,6,4,70)
r(129,10,4,70)
r(225,6,4,70)
w(196,8,4,70)
r(206,4,4,70)
w(201,6,4,70)
w(267,4,4,70)
w(112,6,4,70)
r(92,7,4,70)
r(112,6,4,70)
r(225,6,5,71)
r(29,3,5,71)
r(270,4,5,71)
r(200,2,5,71)
w(204,9,5,71)
r(121,4,5,71)
r(65,3,5,71)
w(11,6,5,71)
w(8,7,5,71)
r(16,3,5,71)
r(278,1,5,71)
w(91,3,5,71)
r(53,3,5,71)
r(209,2,5,71)
r(99,10,5,71)
r(264,8,5,71)
w(292,10,5,71)
r(16,3,5,71)
r(50,6,5,71)
r(54,10,5,71)
w(141,7,6,72)
r(17,1,6,72)
r(54,10,6,72)
r(287,2,6,72)
r(229,8,6,72)
r(24,1,6,72)
r(118,4,6,72)
w(266,8,6,72)
w(179,10,6,72)
w(66,5,6,72)
r(205,2,6,72)
r(282,8,6,72)
r(178,4,6,72)
w(153,9,6,72)
w(284,11,6,72)
w(242,13,6,72)
w(14,8,6,72)
w(160,10,6,72)
w(260,13,6,72)
w(293,3,6,72)
w(22,2,1,73)
w(72,3,1,73)
w(21,3,1,73)
r(36,2,1,73)
r(12,7,1,73)
r(17,1,1,73)
r(88,2,1,73)
w(161,2,1,73)
r(274,7,1,73)
w(285,3,1,73)
r(130,3,1,73)
w(45,2,1,73)
w(51,2,1,73)
w(11,2,1,73)
r(88,2,1,73)
w(2,3,1,73)
r(243,6,1,73)
r(26,1,1,73)
w(125,2,1,73)
w(292,2,1,73)
w(91,2,2,74)
w(289,4,2,74)
w(43,3,2,74)
w(71,3,2,74)
r(180,6,2,74)
r(75,5,2,74)
w(245,6,2,74)
r(167,3,2,74)
r(145,4,2,74)
w(121,4,2,74)
w(188,2,2,74)
w(104,4,2,74)
r(163,1,2,74)
r(142,1,2,74)
w(285,6,2,74)
w(162,3,2,74)
r(74,6,2,74)
r(269,4,2,74)
w(152,4,2,74)
r(53,6,2,74)
r(176,7,3,75)
w(54,4,3,75)
r(270,7,3,75)
w(161,4,3,75)
r(54,4,3,75)
w(162,4,3,75)
w(239,6,3,75)
w(247,8,3,75)
w(193,2,3,75)
r(252,1,3,75)
w(3,6,3,75)
r(136,8,3,75)
r(117,2,3,75)
w(74,2,3,75)
r(137,4,3,75)
r(7,5,3,75)
r(245,2,3,75)
w(181,4,3,75)
w(250,4,3,75)
w(36,4,3,75)
w(83,4,4,76)
r(263,3,4,76)
r(222,8,4,76)
r(160,9,4,76)
r(275,8,4,76)
w(84,8,4,76)
w(34,7,4,76)
w(220,4,4,76)
r(158,1,4,76)
r(149,6,4,76)
w(109,4,4,76)
r(4,3,4,76)
w(186,7,4,76)
r(152,4,4,76)
w(69,3,4,76)
w(133,8,4,76)
w(73,9,4,76)
w(5,7,4,76)
r(59,2,4,76)
w(167,4,4,76)
r(207,1,5,77)
w(242,11,5,77)
w(3,10,5,77)
r(298,2,5,77)
w(65,7,5,77)
r(114,3,5,77)
r(202,1,5,77)
r(114,3,5,77)
w(50,7,5,77)
r(223,2,5,77)
w(33,7,5,77)
r(232,6,5,77)
w(298,3,5,77)
r(214,4,5,77)
r(3,10,5,77)
w(234,3,6,78)
w(216,14,6,78)
r(254,1,6,78)
w(145,5,6,78)
r(297,6,6,78)
r(191,6,6,78)
w(300,8,6,78)
w(216,15,6,78)
w(116,6,6,78)
w(7,5,6,78)
w(223,9,6,78)
w(160,9,6,78)
w(129,11,6,78)
r(15,3,6,78)
r(297,6,6,78)
r(131,6,6,78)
r(153,9,6,78)
r(46,8,6,78)
w(81,10,6,78)
r(39,3,6,78)
w(42,2,1,79)
r(212,8,1,79)
w(272,2,1,79)
w(154,2,1,79)
r(64,7,1,79)
w(160,2,1,79)
w(32,2,1,79)
r(282,8,1,79)
w(260,2,1,79)
r(152,8,1,79)
r(131,6,1,79)
w(156,4,1,79)
w(223,2,1,79)
r(201,4,1,79)
w(295,2,1,79)
w(23,2,1,79)
w(7,2,1,79)
w(2,4,1,79)
w(205,2,1,79)
w(59,2,1,79)
w(283,4,2,80)
w(27,3,2,80)
r(38,3,2,80)
r(93,1,2,80)
r(124,3,2,80)
w(253,2,2,80)
r(2,4,2,80)
r(88,2,2,80)
r(120,3,2,80)
w(274,3,2,80)
r(47,7,2,80)
w(145,2,2,80)
r(21,3,2,80)
r(99,10,2,80)
r(43,3,2,80)
r(90,3,2,80)
r(216,7,2,80)
w(291,4,2,80)
w(126,2,2,80)
r(251,10,2,80)
w(39,6,3,81)
w(162,6,3,81)
w(252,2,3,81)
r(123,3,3,81)
r(253,2,3,81)
r(129,11,3,81)
w(158,2,3,81)
r(221,6,3,81)
r(130,3,3,81)
r(50,6,3,81)
w(259,8,3,81)
r(198,4,3,81)
r(121,6,3,81)
w(236,3,3,81)
r(59,2,3,81)
r(225,6,3,81)
r(283,6,3,81)
r(47,2,3,81)
w(203,4,3,81)
r(82,3,3,81)
r(209,2,4,82)
w(76,8,4,82)
r(278,1,4,82)
w(108,8,4,82)
w(235,4,4,82)
r(278,1,4,82)
w(249,4,4,82)
w(156,10,4,82)
w(259,9,4,82)
w(77,4,4,82)
r(256,3,4,82)
w(236,6,4,82)
w(275,4,4,82)
r(175,4,4,82)
w(120,4,4,82)
r(95,1,4,82)
w(140,8,4,82)
w(154,10,4,82)
r(167,4,4,82)
w(165,6,4,82)
w(265,8,5,83)
w(283,11,5,83)
r(62,1,5,83)
w(61,8,5,83)
w(106,8,5,83)
r(98,4,5,83)
r(10,1,5,83)
r(132,3,5,83)
r(19,4,5,83)
w(275,8,5,83)
r(164,10,5,83)
r(194,3,5,83)
r(29,3,5,83)
w(176,7,5,83)
r(36,2,5,83)
w(112,7,5,83)
r(176,7,5,83)
r(11,6,5,83)
r(32,2,5,83)
w(157,5,5,83)
r(231,4,6,84)
r(9,6,6,84)
w(196,5,6,84)
r(22,2,6,84)
w(251,9,6,84)
r(184,3,6,84)
w(86,10,6,84)
r(269,4,6,84)
r(21,9,6,84)
w(129,13,6,84)
r(95,1,6,84)
r(203,3,6,84)
w(279,8,6,84)
w(46,7,6,84)
w(144,2,1,85)
r(109,6,1,85)
w(38,3,1,85)
w(148,3,1,85)
r(63,4,1,85)
w(247,2,1,85)
w(81,3,1,85)
w(287,2,1,85)
w(242,2,1,85)
w(260,3,1,85)
w(19,4,1,85)
w(134,3,1,85)
r(24,1,1,85)
r(129,10,1,85)
w(245,2,1,85)
r(1,6,1,85)
r(24,1,1,85)
r(80,7,1,85)
r(183,3,1,85)
r(288,10,1,85)
r(185,1,2,86)
w(137,4,2,86)
w(84,4,2,86)
w(155,6,2,86)
w(121,6,2,86)
r(268,1,2,86)
r(205,2,2,86)
w(216,6,2,86)
w(18,3,2,86)
r(225,6,2,86)
r(265,3,2,86)
r(19,4,2,86)
w(122,2,2,86)
w(284,4,2,86)
w(203,3,2,86)
w(279,2,2,86)
r(116,4,2,86)
w(242,8,2,86)
r(154,2,2,86)
w(174,3,2,86)
w(71,4,3,87)
w(3,8,3,87)
w(224,4,3,87)
w(245,7,3,87)
w(41,4,3,87)
w(75,3,3,87)
w(212,3,3,87)
r(221,6,3,87)
r(286,2,3,87)
w(286,3,3,87)
w(21,7,3,87)
r(206,2,3,87)
r(13,2,3,87)
r(136,6,3,87)
r(155,5,3,87)
r(245,7,3,87)
r(46,8,3,87)
w(170,8,3,87)
r(13,2,3,87)
r(270,7,3,87)
r(234,3,4,88)
r(287,2,4,88)
r(240,6,4,88)
r(122,2,4,88)
w(292,7,4,88)
w(101,6,4,88)
r(104,4,4,88)
w(170,10,4,88)
r(7,5,4,88)
r(115,3,4,88)
w(42,8,4,88)
w(153,8,4,88)
w(144,3,4,88)
w(278,6,4,88)
w(26,6,4,88)
w(299,3,4,88)
w(193,3,4,88)
r(261,4,4,88)
r(96,6,4,88)
r(43,2,4,88)
w(105,4,5,89)
r(235,3,5,89)
r(227,9,5,89)
r(252,1,5,89)
w(269,6,5,89)
w(162,7,5,89)
w(222,7,5,89)
r(149,6,5,89)
w(18,10,5,89)
r(125,2,5,89)
w(111,8,5,89)
r(236,4,5,89)
r(239,4,5,89)
w(189,6,5,89)
w(261,4,5,89)
r(112,7,5,89)
w(142,7,5,89)
w(183,8,5,89)
w(299,6,5,89)
w(66,9,5,89)
w(166,10,6,90)
w(22,7,6,90)
w(31,9,6,90)
r(134,3,6,90)
r(32,2,6,90)
r(271,4,6,90)
r(278,1,6,90)
r(245,2,6,90)
w(265,10,6,90)
w(194,4,6,90)
r(182,4,6,90)
r(54,10,6,90)
r(25,8,6,90)
w(284,13,6,90)
r(56,10,6,90)
w(170,9,6,90)
r(233,4,6,90)
r(285,6,6,90)
w(188,7,6,90)
w(67,6,6,90)
r(171,4,1,91)
w(283,3,1,91)
w(29,4,1,91)
w(263,2,1,91)
w(66,6,1,91)
w(241,2,1,91)
w(295,3,1,91)
w(231,2,1,91)
w(138,3,1,91)
r(90,3,1,91)
r(6,3,1,91)
w(96,6,1,91)
r(25,8,1,91)
r(114,3,1,91)
w(5,2,1,91)
w(16,2,1,91)
w(211,2,1,91)
r(6,3,1,91)
w(41,2,1,91)
r(164,10,1,91)
r(290,1,2,92)
w(263,3,2,92)
w(221,4,2,92)
w(186,3,2,92)
w(29,6,2,92)
w(206,6,2,92)
r(119,6,2,92)
r(80,7,2,92)
w(92,4,2,92)
w(103,4,2,92)
r(255,4,2,92)
w(45,3,2,92)
r(110,2,2,92)
r(46,8,2,92)
w(47,2,2,92)
r(103,4,2,92)
r(236,4,2,92)
r(44,2,2,92)
w(229,2,2,92)
w(188,3,2,92)
w(74,3,3,93)
w(101,3,3,93)
w(163,2,3,93)
r(83,4,3,93)
r(148,8,3,93)
w(138,6,3,93)
w(112,3,3,93)
w(51,8,3,93)
w(214,3,3,93)
w(150,2,3,93)
r(17,2,3,93)
r(108,7,3,93)
w(225,2,3,93)
w(25,2,3,93)
r(299,4,3,93)
w(96,8,3,93)
r(213,2,3,93)
w(153,6,3,93)
r(80,4,3,93)
w(122,6,3,93)
w(80,8,4,94)
w(128,6,4,94)
r(264,8,4,94)
r(219,3,4,94)
w(18,7,4,94)
w(261,3,4,94)
r(281,10,4,94)
w(228,10,4,94)
w(157,7,4,94)
r(26,6,4,94)
r(167,4,4,94)
r(85,6,4,94)
w(56,7,4,94)
w(8,6,4,94)
w(119,3,4,94)
r(13,4,4,94)
w(293,2,4,94)
r(26,6,4,94)
w(246,8,4,94)
r(270,7,4,94)
r(143,1,5,95)
w(6,6,5,95)
w(107,4,5,95)
w(119,8,5,95)
r(160,9,5,95)
r(159,7,5,95)
r(167,4,5,95)
r(249,4,5,95)
w(52,6,5,95)
w(155,5,5,95)
w(76,7,5,95)
r(168,6,5,95)
r(46,8,5,95)
w(279,4,5,95)
r(264,8,5,95)
r(23,2,5,95)
r(32,2,5,95)
r(300,8,5,95)
w(237,8,5,95)
r(223,9,5,95)
r(160,6,6,96)
r(108,8,6,96)
w(215,10,6,96)
w(265,9,6,96)
r(245,2,6,96)
r(230,4,6,96)
r(288,10,6,96)
r(249,4,6,96)
w(270,7,6,96)
w(259,13,6,96)
r(195,10,6,96)
r(128,2,6,96)
r(184,3,6,96)
r(90,3,6,96)
r(143,1,6,96)
w(175,10,6,96)
r(110,2,6,96)
r(142,7,6,96)
r(55,4,6,96)
r(37,4,6,96)
r(195,10,1,97)
w(243,2,1,97)
w(277,2,1,97)
w(297,2,1,97)
r(105,4,1,97)
w(33,3,1,97)
r(235,4,1,97)
r(244,6,1,97)
w(131,2,1,97)
r(159,7,1,97)
r(150,7,1,97)
r(39,3,1,97)
w(211,3,1,97)
r(86,6,1,97)
r(126,2,1,97)
w(100,2,1,97)
w(43,2,1,97)
r(142,7,1,97)
r(78,1,1,97)
r(54,10,1,97)
r(292,10,2,98)
w(290,2,2,98)
r(240,6,2,98)
w(223,4,2,98)
w(123,3,2,98)
r(32,2,2,98)
w(102,3,2,98)
w(125,4,2,98)
r(17,1,2,98)
w(183,4,2,98)
r(123,3,2,98)
r(222,7,2,98)
r(257,6,2,98)
r(29,4,2,98)
w(2,6,2,98)
w(189,3,2,98)
r(120,4,2,98)
w(292,3,2,98)
w(210,4,2,98)
r(124,3,2,98)
w(97,3,3,99)
w(232,2,3,99)
w(58,3,3,99)
r(225,2,3,99)
w(254,2,3,99)
w(97,4,3,99)
w(50,4,3,99)
w(49,4,3,99)
r(216,12,3,99)
r(203,4,3,99)
w(272,4,3,99)
w(226,6,3,99)
r(249,3,3,99)
w(101,4,3,99)
r(26,3,3,99)
r(48,5,3,99)
w(5,8,3,99)
w(87,4,3,99)
w(67,3,3,99)
w(48,6,3,99)
r(5,2,4,100)
r(72,3,4,100)
r(285,6,4,100)
r(182,4,4,100)
w(90,4,4,100)
w(108,7,4,100)
w(116,2,4,100)
w(299,4,4,100)
w(69,4,4,100)
w(252,3,4,100)
r(189,3,4,100)
w(120,6,4,100)
r(240,6,4,100)
r(201,6,4,100)
w(66,10,4,100)
w(291,8,4,100)
r(159,7,4,100)
w(182,8,4,100)
w(86,8,4,100)
r(3,6,4,100)
r(186,7,5,101)
w(243,4,5,101)
r(174,3,5,101)
w(10,3,5,101)
w(287,6,5,101)
w(179,8,5,101)
r(96,6,5,101)
r(72,3,5,101)
w(73,11,5,101)
w(10,4,5,101)
r(184,3,5,101)
r(22,7,5,101)
r(6,6,5,101)
w(126,8,5,101)
r(259,13,5,101)
w(150,6,5,101)
w(122,8,5,101)
w(48,5,5,101)
w(252,4,5,101)
w(39,7,5,101)
r(166,3,6,102)
r(13,2,6,102)
r(136,6,6,102)
w(147,10,6,102)
r(73,2,6,102)
w(109,10,6,102)
r(290,2,6,102)
r(106,8,6,102)
r(73,2,6,102)
r(161,4,6,102)
r(182,8,6,102)
w(254,7,6,102)
w(174,8,6,102)
w(278,8,6,102)
r(257,6,6,102)
w(265,5,6,102)
w(36,6,6,102)
r(288,10,6,102)
w(1,8,6,102)
r(146,6,6,102)
r(251,3,1,103)
r(30,6,1,103)
w(66,8,1,103)
r(55,4,1,103)
r(180,6,1,103)
r(128,2,1,103)
w(287,3,1,103)
w(166,3,1,103)
w(207,2,1,103)
r(194,4,1,103)
r(57,2,1,103)
r(295,4,1,103)
w(171,2,1,103)
r(177,1,1,103)
w(165,3,1,103)
r(203,3,1,103)
w(206,2,1,103)
w(117,2,1,103)
w(64,3,1,103)
w(8,3,1,103)
w(149,4,2,104)
w(273,3,2,104)
r(236,6,2,104)
w(122,3,2,104)
r(73,9,2,104)
w(251,3,2,104)
r(229,2,2,104)
r(3,4,2,104)
w(108,4,2,104)
r(5,2,2,104)
w(283,6,2,104)
r(41,2,2,104)
w(36,3,2,104)
r(267,4,2,104)
r(228,8,2,104)
w(260,8,2,104)
w(268,3,2,104)
w(37,3,2,104)
w(164,4,2,104)
r(107,4,2,104)
r(97,4,3,105)
r(286,3,3,105)
w(259,7,3,105)
r(16,4,3,105)
r(85,8,3,105)
w(241,7,3,105)
w(60,4,3,105)
r(170,8,3,105)
w(185,3,3,105)
w(109,2,3,105)
w(284,6,3,105)
r(231,8,3,105)
w(47,6,3,105)
w(138,8,3,105)
r(141,7,3,105)
w(106,3,3,105)
r(89,4,3,105)
r(159,9,3,105)
w(31,4,3,105)
w(8,4,3,105)
r(212,8,4,106)
r(100,4,4,106)
r(160,6,4,106)
w(180,2,4,106)
r(66,10,4,106)
w(74,4,4,106)
w(217,4,4,106)
w(115,7,4,106)
w(43,6,4,106)
r(170,10,4,106)
w(115,10,4,106)
r(213,2,4,106)
r(297,2,4,106)
r(300,8,4,106)
r(163,1,4,106)
w(157,10,4,106)
r(277,2,4,106)
r(123,3,4,106)
r(251,3,4,106)
w(126,6,4,106)
r(292,7,5,107)
w(284,10,5,107)
r(166,3,5,107)
r(246,8,5,107)
w(159,10,5,107)
r(200,2,5,107)
w(85,8,5,107)
w(114,6,5,107)
w(231,6,5,107)
r(256,2,5,107)
r(227,9,5,107)
r(93,1,5,107)
w(195,7,5,107)
w(273,9,5,107)
r(181,4,5,107)
r(106,8,5,107)
w(90,6,5,107)
w(246,9,5,107)
w(241,10,5,107)
r(173,2,5,107)
r(2,6,6,108)
w(216,12,6,108)
r(196,3,6,108)
w(181,9,6,108)
w(285,8,6,108)
r(145,5,6,108)
w(14,7,6,108)
w(215,9,6,108)
r(167,4,6,108)
w(113,6,6,108)
r(179,8,6,108)
w(67,8,6,108)
r(16,4,6,108)
r(14,7,6,108)
w(55,6,6,108)
w(30,7,6,108)
r(193,2,6,108)
w(236,5,6,108)
r(36,6,6,108)
r(21,7,6,108)
w(223,3,1,109)
w(13,2,1,109)
r(19,4,1,109)
w(272,3,1,109)
r(249,4,1,109)
r(131,2,1,109)
r(166,3,1,109)
r(211,3,1,109)
r(299,3,1,109)
r(200,2,1,109)
r(131,2,1,109)
r(123,3,1,109)
w(154,3,1,109)
w(238,2,1,109)
w(9,2,1,109)
w(84,2,1,109)
w(171,3,1,109)
w(78,2,1,109)
r(95,1,1,109)
w(278,2,1,109)
r(24,1,2,110)
w(282,2,2,110)
r(2,6,2,110)
w(286,2,2,110)
r(242,8,2,110)
r(93,1,2,110)
r(189,3,2,110)
w(276,4,2,110)
w(265,4,2,110)
r(19,4,2,110)
w(154,4,2,110)
w(217,3,2,110)
w(255,2,2,110)
w(115,4,2,110)
r(86,6,2,110)
r(155,5,2,110)
r(235,4,2,110)
w(260,7,2,110)
r(182,4,2,110)
r(185,1,2,110)
r(25,2,3,111)
w(292,6,3,111)
w(130,2,3,111)
w(70,4,3,111)
r(146,6,3,111)
w(243,3,3,111)
w(49,6,3,111)
w(206,10,3,111)
r(232,2,3,111)
w(7,6,3,111)
r(295,4,3,111)
r(105,6,3,111)
r(124,3,3,111)
w(210,8,3,111)
r(123,3,3,111)
r(184,3,3,111)
w(265,6,3,111)
r(110,2,3,111)
w(134,4,3,111)
w(65,6,3,111)
r(64,3,4,112)
r(231,8,4,112)
w(103,8,4,112)
r(258,1,4,112)
w(288,8,4,112)
w(180,3,4,112)
w(223,10,4,112)
r(2,6,4,112)
r(16,4,4,112)
w(156,9,4,112)
r(41,4,4,112)
r(149,4,4,112)
w(99,9,4,112)
r(25,2,4,112)
r(210,4,4,112)
w(5,10,4,112)
r(192,2,4,112)
w(268,6,4,112)
r(73,2,4,112)
w(75,6,4,112)
w(274,8,5,113)
r(294,4,5,113)
w(227,5,5,113)
w(231,8,5,113)
r(242,8,5,113)
r(79,1,5,113)
r(245,7,5,113)
r(196,3,5,113)
w(159,9,5,113)
w(83,6,5,113)
r(201,6,5,113)
r(105,4,5,113)
r(14,2,5,113)
w(105,6,5,113)
w(154,9,5,113)
r(271,4,5,113)
r(297,2,5,113)
r(190,2,5,113)
r(291,8,5,113)
w(137,8,5,113)
w(1,7,6,114)
r(295,4,6,114)
w(220,6,6,114)
w(214,7,6,114)
w(204,5,6,114)
w(120,8,6,114)
w(57,6,6,114)
w(291,10,6,114)
r(89,4,6,114)
r(38,6,6,114)
r(82,3,6,114)
w(280,4,6,114)
r(224,4,6,114)
r(72,3,6,114)
r(62,1,6,114)
w(190,4,6,114)
w(32,8,6,114)
w(162,11,6,114)
w(58,6,6,114)
r(157,10,6,114)
r(170,10,1,115)
r(191,6,1,115)
w(157,4,1,115)
w(275,2,1,115)
r(89,4,1,115)
w(267,3,1,115)
r(34,7,1,115)
r(27,3,1,115)
w(224,2,1,115)
r(112,7,1,115)
r(199,3,1,115)
r(278,2,1,115)
w(151,2,1,115)
r(111,8,1,115)
w(256,2,1,115)
w(14,2,1,115)
r(162,6,1,115)
w(88,3,1,115)
w(140,2,1,115)
r(51,6,1,115)
r(171,2,2,116)
r(208,2,2,116)
r(190,2,2,116)
r(278,6,2,116)
w(221,6,2,116)
r(275,4,2,116)
r(54,4,2,116)
w(43,4,2,116)
w(82,3,2,116)
w(94,3,2,116)
r(273,3,2,116)
w(237,3,2,116)
r(26,6,2,116)
r(56,7,2,116)
w(38,6,2,116)
r(300,8,2,116)
r(50,6,2,116)
w(148,8,2,116)
r(262,4,2,116)
r(32,2,2,116)
r(159,9,3,117)
r(256,10,3,117)
w(266,4,3,117)
w(170,7,3,117)
r(74,8,3,117)
w(192,3,3,117)
w(208,3,3,117)
r(109,2,3,117)
r(144,3,3,117)
r(61,2,3,117)
w(115,8,3,117)
r(140,2,3,117)
r(186,7,3,117)
r(106,3,3,117)
r(150,8,3,117)
r(162,11,3,117)
r(175,6,3,117)
w(24,6,3,117)
w(258,2,3,117)
r(283,6,3,117)
w(33,8,4,118)
r(196,10,4,118)
w(212,7,4,118)
r(29,4,4,118)
r(4,3,4,118)
r(242,8,4,118)
w(27,6,4,118)
r(31,4,4,118)
w(93,3,4,118)
r(136,6,4,118)
r(37,3,4,118)
w(204,8,4,118)
w(158,4,4,118)
r(49,6,4,118)
w(221,7,4,118)
r(28,4,4,118)
r(18,7,4,118)
w(228,9,4,118)
w(272,6,4,118)
r(42,3,4,118)
w(106,7,5,119)
w(291,7,5,119)
w(216,9,5,119)
w(7,9,5,119)
r(16,4,5,119)
w(196,10,5,119)
w(12,13,5,119)
w(182,10,5,119)
w(214,6,5,119)
w(33,10,5,119)
w(215,7,5,119)
w(145,8,5,119)
r(300,8,5,119)
r(10,4,5,119)
r(44,4,5,119)
r(250,2,5,119)
r(27,3,5,119)
w(142,10,5,119)
r(80,6,5,119)
r(187,6,5,119)
r(128,4,6,120)
r(91,3,6,120)
w(10,8,6,120)
w(139,9,6,120)
w(272,10,6,120)
w(234,6,6,120)
w(84,10,6,120)
w(293,4,6,120)
w(203,8,6,120)
w(215,5,6,120)
r(21,7,6,120)
r(147,8,6,120)
w(7,11,6,120)
r(113,6,6,120)
r(77,4,6,120)
r(75,3,6,120)
w(257,8,6,120)
r(93,1,6,120)
r(63,4,6,120)
w(24,8,6,120)
w(250,2,1,121)
r(34,7,1,121)
r(158,2,1,121)
r(261,3,1,121)
w(65,2,1,121)
r(98,4,1,121)
w(61,2,1,121)
w(169,2,1,121)
w(196,3,1,121)
r(69,4,1,121)
w(127,3,1,121)
w(92,2,1,121)
r(121,6,1,121)
r(279,4,1,121)
r(214,4,1,121)
r(299,4,1,121)
r(116,2,1,121)
w(73,2,1,121)
r(237,3,1,121)
r(93,1,1,121)
w(80,4,2,122)
w(100,4,2,122)
w(209,3,2,122)
w(233,2,2,122)
r(117,2,2,122)
w(136,6,2,122)
r(263,2,2,122)
r(69,4,2,122)
r(149,4,2,122)
r(16,2,2,122)
r(73,11,2,122)
r(40,4,2,122)
r(293,2,2,122)
r(28,2,2,122)
r(187,6,2,122)
w(51,6,2,122)
w(26,3,2,122)
r(52,6,2,122)
r(82,3,2,122)
w(129,6,2,122)
w(284,8,3,123)
r(30,7,3,123)
r(136,6,3,123)
w(216,8,3,123)
r(90,6,3,123)
r(140,2,3,123)
w(251,8,3,123)
w(212,4,3,123)
r(34,9,3,123)
w(182,6,3,123)
w(117,3,3,123)
r(243,8,3,123)
w(174,6,3,123)
r(299,4,3,123)
r(25,2,3,123)
w(96,7,3,123)
r(26,3,3,123)
w(163,3,3,123)
r(19,6,3,123)
r(164,4,3,123)
r(59,3,4,124)
w(85,4,4,124)
w(202,6,4,124)
r(168,6,4,124)
w(199,2,4,124)
w(182,7,4,124)
w(290,3,4,124)
r(261,2,4,124)
r(13,2,4,124)
r(15,3,4,124)
w(279,3,4,124)
r(220,6,4,124)
w(132,6,4,124)
w(4,2,4,124)
r(41,4,4,124)
w(206,9,4,124)
r(23,4,4,124)
w(246,7,4,124)
r(86,8,4,124)
r(278,8,4,124)
r(194,4,5,125)
w(209,4,5,125)
r(262,4,5,125)
r(174,8,5,125)
r(300,8,5,125)
r(160,6,5,125)
r(208,2,5,125)
w(147,6,5,125)
w(74,8,5,125)
w(84,7,5,125)
r(177,1,5,125)
r(11,6,5,125)
w(115,5,5,125)
w(147,8,5,125)
r(73,2,5,125)
r(211,3,5,125)
r(222,3,5,125)
r(182,10,5,125)
w(300,6,5,125)
r(158,2,5,125)
r(101,4,6,126)
w(107,8,6,126)
w(242,14,6,126)
r(173,2,6,126)
w(282,7,6,126)
w(121,13,6,126)
r(80,6,6,126)
r(229,2,6,126)
w(253,6,6,126)
r(69,4,6,126)
w(21,11,6,126)
w(296,8,6,126)
r(58,2,6,126)
w(256,10,6,126)
r(107,8,6,126)
r(234,6,6,126)
w(254,10,6,126)
r(174,2,6,126)
w(280,6,6,126)
w(97,7,6,126)
r(62,1,1,127)
w(300,4,1,127)
w(262,2,1,127)
r(56,7,1,127)
r(288,10,1,127)
w(95,2,1,127)
r(126,6,1,127)
r(126,6,1,127)
r(227,6,1,127)
w(113,3,1,127)
r(225,2,1,127)
w(95,4,2,128)
r(48,5,2,128)
w(185,2,2,128)
r(87,2,2,128)
r(36,4,2,128)
w(42,6,2,128)
r(172,1,2,128)
w(30,4,2,128)
w(17,2,2,128)
r(292,7,2,128)
r(63,4,2,128)
w(57,3,2,128)
r(41,2,2,128)
w(44,4,2,128)
w(131,4,2,128)
r(142,7,2,128)
w(16,4,2,128)
r(263,2,2,128)
r(193,2,2,128)
w(139,4,2,128)
r(122,6,3,129)
r(18,7,3,129)
r(165,3,3,129)
r(51,3,3,129)
r(279,3,3,129)
w(63,6,3,129)
r(132,6,3,129)
w(256,6,3,129)
w(255,3,3,129)
w(294,6,3,129)
r(255,3,3,129)
r(163,3,3,129)
w(181,6,3,129)
w(21,10,3,129)
r(288,8,3,129)
r(289,4,3,129)
r(24,6,3,129)
r(60,2,3,129)
r(52,7,3,129)
w(288,4,3,129)
r(141,4,4,130)
r(171,3,4,130)
w(20,6,4,130)
w(3,7,4,130)
w(188,8,4,130)
w(75,8,4,130)
r(256,6,4,130)
r(8,4,4,130)
w(68,3,4,130)
r(6,6,4,130)
w(35,4,4,130)
r(288,4,4,130)
r(119,7,4,130)
w(276,10,4,130)
r(274,8,4,130)
r(68,3,4,130)
w(35,6,4,130)
w(62,2,4,130)
r(147,8,4,130)
w(275,6,4,130)
w(137,7,5,131)
w(167,6,5,131)
r(172,1,5,131)
w(44,8,5,131)
w(236,10,5,131)
r(193,2,5,131)
w(75,10,5,131)
w(35,7,5,131)
r(29,4,5,131)
w(119,7,5,131)
w(153,7,5,131)
w(237,7,5,131)
r(73,2,5,131)
r(266,8,5,131)
w(20,8,5,131)
r(75,10,5,131)
r(226,2,5,131)
r(110,2,5,131)
w(175,6,5,131)
r(178,4,5,131)
r(16,4,6,132)
r(39,6,6,132)
w(282,10,6,132)
w(159,5,6,132)
r(81,10,6,132)
w(296,7,6,132)
w(209,8,6,132)
r(64,3,6,132)
w(223,5,6,132)
w(296,10,6,132)
w(243,8,6,132)
r(295,4,6,132)
w(163,6,6,132)
r(279,4,6,132)
w(77,10,6,132)
r(14,7,6,132)
w(158,6,6,132)
r(121,10,6,132)
r(51,8,6,132)
r(156,9,6,132)
w(149,3,1,133)
w(59,3,1,133)
w(142,3,1,133)
r(99,9,1,133)
r(2,6,1,133)
w(269,2,1,133)
r(235,4,1,133)
r(63,4,1,133)
r(134,3,1,133)
r(174,8,1,133)
w(58,2,1,133)
w(247,3,1,133)
r(98,2,1,133)
w(42,3,1,133)
w(111,2,1,133)
r(300,6,1,133)
r(117,2,1,133)
r(44,4,1,133)
w(12,4,1,133)
w(175,2,1,133)
r(108,7,2,134)
w(222,3,2,134)
r(86,8,2,134)
w(227,6,2,134)
w(259,3,2,134)
r(202,2,2,134)
w(220,3,2,134)
r(6,6,2,134)
r(250,2,2,134)
w(103,6,2,134)
r(221,6,2,134)
w(97,2,2,134)
r(20,3,2,134)
r(237,3,2,134)
r(109,4,2,134)
w(50,3,2,134)
w(268,4,2,134)
r(10,4,2,134)
r(278,2,2,134)
r(55,4,2,134)
r(113,6,3,135)
r(107,8,3,135)
r(130,2,3,135)
w(121,7,3,135)
w(254,3,3,135)
w(186,8,3,135)
r(267,3,3,135)
r(101,4,3,135)
r(158,6,3,135)
r(101,4,3,135)
w(99,8,3,135)
r(110,2,3,135)
w(11,3,3,135)
w(61,4,3,135)
w(201,2,3,135)
r(231,8,3,135)
r(104,4,3,135)
w(195,3,3,135)
w(12,10,3,135)
w(127,8,3,135)
w(141,4,5,136)
w(121,10,5,136)
r(267,3,5,136)
r(144,3,5,136)
w(150,8,5,136)
r(36,6,5,136)
w(34,9,5,136)
r(28,4,5,136)
w(160,7,5,136)
w(137,10,5,136)
r(149,3,5,136)
r(37,3,5,136)
r(107,8,5,136)
r(31,4,5,136)
r(242,14,5,136)
r(189,3,5,136)
w(205,8,5,136)
w(270,6,5,136)
w(133,5,5,136)
w(100,10,5,136)
r(230,4,6,137)
w(52,7,6,137)
r(19,6,6,137)
r(9,2,6,137)
r(39,6,6,137)
r(78,2,6,137)
r(97,7,6,137)
w(105,7,6,137)
r(82,3,6,137)
r(32,8,6,137)
w(220,8,6,137)
r(90,6,6,137)
w(218,4,6,137)
w(102,10,6,137)
w(259,14,6,137)
r(129,6,6,137)
r(111,2,6,137)
w(28,8,6,137)
r(64,3,6,137)
r(284,8,6,137)
w(133,3,1,138)
r(173,2,1,138)
w(174,2,1,138)
r(232,2,1,138)
r(255,2,1,138)
w(67,2,1,138)
w(84,3,1,138)
r(264,8,1,138)
w(73,3,1,138)
w(139,3,1,138)
w(227,2,1,138)
w(281,3,1,138)
r(30,7,1,138)
r(187,6,1,138)
r(159,9,1,138)
w(137,2,1,138)
w(196,4,1,138)
w(182,3,1,138)
w(172,2,1,138)
w(227,3,1,138)
r(131,4,2,139)
w(249,3,2,139)
r(84,2,2,139)
w(206,8,2,139)
w(84,6,2,139)
w(57,4,2,139)
w(80,6,2,139)
r(284,10,2,139)
w(143,2,2,139)
r(270,7,2,139)
r(259,3,2,139)
r(238,2,2,139)
w(153,4,2,139)
w(204,3,2,139)
w(212,2,2,139)
r(174,8,2,139)
r(22,7,2,139)
w(23,3,2,139)
r(272,3,2,139)
r(29,4,2,139)
w(210,7,3,140)
r(250,2,3,140)
r(140,2,3,140)
w(288,6,3,140)
w(139,6,3,140)
r(151,3,3,140)
w(72,6,3,140)
r(211,3,3,140)
w(278,4,3,140)
r(273,4,3,140)
w(270,3,3,140)
w(17,3,3,140)
r(53,3,3,140)
w(274,4,3,140)
w(129,8,3,140)
w(26,4,3,140)
w(185,4,3,140)
r(166,9,3,140)
w(125,8,3,140)
r(22,7,3,140)
r(5,10,5,141)
w(162,10,5,141)
w(139,7,5,141)
r(124,3,5,141)
r(288,8,5,141)
r(65,6,5,141)
r(46,8,5,141)
r(161,4,5,141)
w(239,8,5,141)
w(142,9,5,141)
r(268,6,5,141)
w(241,9,5,141)
w(138,5,5,141)
w(216,5,5,141)
w(270,8,5,141)
w(172,3,5,141)
r(44,8,5,141)
r(216,5,5,141)
w(121,9,5,141)
r(7,6,5,141)
w(86,9,6,142)
w(16,7,6,142)
r(247,3,6,142)
r(106,3,6,142)
w(166,9,6,142)
r(130,2,6,142)
r(7,6,6,142)
w(173,4,6,142)
r(153,7,6,142)
r(133,5,6,142)
r(82,3,6,142)
w(1,10,6,142)
r(127,3,6,142)
r(191,6,6,142)
r(173,4,6,142)
r(271,4,6,142)
w(207,3,6,142)
w(112,9,6,142)
r(44,8,6,142)
w(60,8,6,142)
r(205,8,1,143)
r(141,4,1,143)
w(242,4,1,143)
w(70,2,1,143)
w(246,3,1,143)
r(182,7,1,143)
w(155,2,1,143)
w(245,3,1,143)
w(276,3,1,143)
w(228,3,1,143)
w(60,2,1,143)
r(214,7,1,143)
w(281,4,1,143)
r(295,4,1,143)
w(51,3,1,143)
w(93,2,1,143)
w(270,2,1,143)
w(19,6,1,143)
r(23,4,1,143)
r(235,4,1,143)
w(188,4,2,144)
w(227,8,2,144)
w(251,4,2,144)
r(60,6,2,144)
w(244,2,2,144)
w(47,3,2,144)
w(273,4,2,144)
w(155,8,2,144)
r(159,9,2,144)
r(200,2,2,144)
w(128,4,2,144)
r(140,2,2,144)
w(239,3,2,144)
w(28,4,2,144)
w(151,3,2,144)
r(288,10,2,144)
r(84,6,2,144)
w(23,4,2,144)
r(128,4,2,144)
w(219,4,2,144)
r(165,3,3,145)
w(100,7,3,145)
w(150,3,3,145)
r(10,8,3,145)
w(73,7,3,145)
r(177,1,3,145)
w(154,6,3,145)
r(72,6,3,145)
r(170,7,3,145)
w(201,3,3,145)
r(106,3,3,145)
w(81,8,3,145)
r(102,10,3,145)
r(91,4,3,145)
r(48,6,3,145)
w(200,3,3,145)
r(42,3,3,145)
w(70,6,3,145)
w(254,4,3,145)
r(116,2,3,145)
w(269,8,5,146)
r(217,4,5,146)
r(292,6,5,146)
w(32,6,5,146)
r(294,6,5,146)
w(40,3,5,146)
r(97,7,5,146)
r(60,8,5,146)
r(82,3,5,146)
r(4,2,5,146)
r(152,4,5,146)
r(199,2,5,146)
r(73,3,6,147)
r(80,6,6,147)
w(215,11,6,147)
w(193,8,6,147)
r(130,2,6,147)
r(80,6,6,147)
r(11,3,6,147)
r(233,3,6,147)
r(233,3,6,147)
w(87,10,6,147)
r(296,10,6,147)
w(20,7,6,147)
r(165,3,6,147)
w(21,13,6,147)
w(58,8,6,147)
r(72,3,6,147)
w(1,9,6,147)
w(261,6,6,147)
r(221,7,6,147)
w(134,10,6,147)
r(203,8,1,148)
r(67,2,1,148)
r(288,4,1,148)
r(10,8,1,148)
w(146,2,1,148)
r(189,3,1,148)
r(15,3,1,148)
r(229,2,1,148)
r(262,4,1,148)
r(282,10,1,148)
w(299,2,1,148)
r(135,2,1,148)
w(104,2,1,148)
w(230,6,1,148)
w(12,6,1,148)
w(13,3,1,148)
r(173,4,1,148)
w(86,4,1,148)
w(197,4,1,148)
r(294,6,1,148)
r(53,3,2,149)
r(179,8,2,149)
r(161,4,2,149)
r(27,3,2,149)
w(70,3,2,149)
w(259,4,2,149)
r(76,7,2,149)
w(238,4,2,149)
r(293,2,2,149)
w(233,3,2,149)
w(240,2,2,149)
w(92,6,2,149)
r(179,8,2,149)
w(251,6,2,149)
w(215,3,2,149)
w(261,2,2,149)
r(267,3,2,149)
w(98,2,2,149)
w(226,2,2,149)
w(297,8,2,149)
w(238,10,5,150)
r(157,10,5,150)
w(167,8,5,150)
w(43,8,5,150)
w(112,10,5,150)
w(171,8,5,150)
w(14,4,5,150)
r(218,6,5,150)
w(247,5,5,150)
w(94,7,5,150)
w(98,6,5,150)
w(263,6,5,150)
r(13,3,5,150)
r(104,2,5,150)
r(223,5,5,150)
w(184,4,5,150)
r(181,6,5,150)
r(235,8,5,150)
w(37,6,5,150)
w(77,7,5,150)
r(94,3,6,151)
w(235,8,6,151)
w(15,4,6,151)
w(196,13,6,151)
w(296,9,6,151)
w(99,5,6,151)
r(63,6,6,151)
r(64,3,6,151)
r(218,4,6,151)
r(228,3,6,151)
w(155,11,6,151)
w(260,14,6,151)
w(218,6,6,151)
r(204,8,6,151)
r(114,6,6,151)
r(1,9,6,151)
w(213,6,6,151)
r(237,7,6,151)
r(45,3,6,151)
w(79,4,6,151)
r(115,8,5,152)
w(212,10,5,152)
w(41,6,5,152)
r(254,3,5,152)
r(226,2,5,152)
r(166,9,5,152)
w(299,8,5,152)
r(287,6,5,152)
r(174,6,5,152)
r(203,8,5,152)
r(157,10,5,152)
r(91,3,5,152)
w(91,4,5,152)
w(176,10,5,152)
w(53,4,5,152)
r(147,8,5,152)
r(251,8,5,152)
r(168,6,5,152)
r(253,6,5,152)
r(274,4,5,152)
r(57,6,5,153)
r(247,5,5,153)
w(297,9,5,153)
r(47,6,5,153)
w(95,8,5,153)
r(87,10,5,153)
r(73,3,5,153)
w(182,9,5,153)
r(135,2,5,153)
r(57,6,5,153)
w(196,9,5,153)
r(203,8,5,153)
r(66,10,5,153)
w(35,10,5,153)
w(179,7,5,153)
r(118,4,5,153)
w(140,9,5,153)
w(288,9,5,153)
w(172,4,5,153)
w(184,6,5,153)
