w(1,1,0,0)
w(2,1,0,0)
w(3,1,0,0)
w(4,1,0,0)
w(5,1,0,0)
w(6,1,0,0)
w(7,1,0,0)
w(8,1,0,0)
w(9,1,0,0)
w(10,1,0,0)
w(11,1,0,0)
w(12,1,0,0)
w(13,1,0,0)
w(14,1,0,0)
w(15,1,0,0)
w(16,1,0,0)
w(17,1,0,0)
w(18,1,0,0)
w(19,1,0,0)
w(20,1,0,0)
w(21,1,0,0)
w(22,1,0,0)
w(23,1,0,0)
w(24,1,0,0)
w(25,1,0,0)
w(26,1,0,0)
w(27,1,0,0)
w(28,1,0,0)
w(29,1,0,0)
w(30,1,0,0)
w(31,1,0,0)
w(32,1,0,0)
w(33,1,0,0)
w(34,1,0,0)
w(35,1,0,0)
w(36,1,0,0)
w(37,1,0,0)
w(38,1,0,0)
w(39,1,0,0)
w(40,1,0,0)
w(41,1,0,0)
w(42,1,0,0)
w(43,1,0,0)
w(44,1,0,0)
w(45,1,0,0)
w(46,1,0,0)
w(47,1,0,0)
w(48,1,0,0)
w(49,1,0,0)
w(50,1,0,0)
w(51,1,0,0)
w(52,1,0,0)
w(53,1,0,0)
w(54,1,0,0)
w(55,1,0,0)
w(56,1,0,0)
w(57,1,0,0)
w(58,1,0,0)
w(59,1,0,0)
w(60,1,0,0)
w(61,1,0,0)
w(62,1,0,0)
w(63,1,0,0)
w(64,1,0,0)
w(65,1,0,0)
w(66,1,0,0)
w(67,1,0,0)
w(68,1,0,0)
w(69,1,0,0)
w(70,1,0,0)
w(71,1,0,0)
w(72,1,0,0)
w(73,1,0,0)
w(74,1,0,0)
w(75,1,0,0)
w(76,1,0,0)
w(77,1,0,0)
w(78,1,0,0)
w(79,1,0,0)
w(80,1,0,0)
w(81,1,0,0)
w(82,1,0,0)
w(83,1,0,0)
w(84,1,0,0)
w(85,1,0,0)
w(86,1,0,0)
w(87,1,0,0)
w(88,1,0,0)
w(89,1,0,0)
w(90,1,0,0)
w(91,1,0,0)
w(92,1,0,0)
w(93,1,0,0)
w(94,1,0,0)
w(95,1,0,0)
w(96,1,0,0)
w(97,1,0,0)
w(98,1,0,0)
w(99,1,0,0)
w(100,1,0,0)
w(101,1,0,0)
w(102,1,0,0)
w(103,1,0,0)
w(104,1,0,0)
w(105,1,0,0)
w(106,1,0,0)
w(107,1,0,0)
w(108,1,0,0)
w(109,1,0,0)
w(110,1,0,0)
w(111,1,0,0)
w(112,1,0,0)
w(113,1,0,0)
w(114,1,0,0)
w(115,1,0,0)
w(116,1,0,0)
w(117,1,0,0)
w(118,1,0,0)
w(119,1,0,0)
w(120,1,0,0)
w(121,1,0,0)
w(122,1,0,0)
w(123,1,0,0)
w(124,1,0,0)
w(125,1,0,0)
w(126,1,0,0)
w(127,1,0,0)
w(128,1,0,0)
w(129,1,0,0)
w(130,1,0,0)
w(131,1,0,0)
w(132,1,0,0)
w(133,1,0,0)
w(134,1,0,0)
w(135,1,0,0)
w(136,1,0,0)
w(137,1,0,0)
w(138,1,0,0)
w(139,1,0,0)
w(140,1,0,0)
w(141,1,0,0)
w(142,1,0,0)
w(143,1,0,0)
w(144,1,0,0)
w(145,1,0,0)
w(146,1,0,0)
w(147,1,0,0)
w(148,1,0,0)
w(149,1,0,0)
w(150,1,0,0)
w(151,1,0,0)
w(152,1,0,0)
w(153,1,0,0)
w(154,1,0,0)
w(155,1,0,0)
w(156,1,0,0)
w(157,1,0,0)
w(158,1,0,0)
w(159,1,0,0)
w(160,1,0,0)
w(161,1,0,0)
w(162,1,0,0)
w(163,1,0,0)
w(164,1,0,0)
w(165,1,0,0)
w(166,1,0,0)
w(167,1,0,0)
w(168,1,0,0)
w(169,1,0,0)
w(170,1,0,0)
w(171,1,0,0)
w(172,1,0,0)
w(173,1,0,0)
w(174,1,0,0)
w(175,1,0,0)
w(176,1,0,0)
w(177,1,0,0)
w(178,1,0,0)
w(179,1,0,0)
w(180,1,0,0)
w(181,1,0,0)
w(182,1,0,0)
w(183,1,0,0)
w(184,1,0,0)
w(185,1,0,0)
w(186,1,0,0)
w(187,1,0,0)
w(188,1,0,0)
w(189,1,0,0)
w(190,1,0,0)
w(191,1,0,0)
w(192,1,0,0)
w(193,1,0,0)
w(194,1,0,0)
w(195,1,0,0)
w(196,1,0,0)
w(197,1,0,0)
w(198,1,0,0)
w(199,1,0,0)
w(200,1,0,0)
w(201,1,0,0)
w(202,1,0,0)
w(203,1,0,0)
w(204,1,0,0)
w(205,1,0,0)
w(206,1,0,0)
w(207,1,0,0)
w(208,1,0,0)
w(209,1,0,0)
w(210,1,0,0)
w(211,1,0,0)
w(212,1,0,0)
w(213,1,0,0)
w(214,1,0,0)
w(215,1,0,0)
w(216,1,0,0)
w(217,1,0,0)
w(218,1,0,0)
w(219,1,0,0)
w(220,1,0,0)
w(221,1,0,0)
w(222,1,0,0)
w(223,1,0,0)
w(224,1,0,0)
w(225,1,0,0)
w(226,1,0,0)
w(227,1,0,0)
w(228,1,0,0)
w(229,1,0,0)
w(230,1,0,0)
w(231,1,0,0)
w(232,1,0,0)
w(233,1,0,0)
w(234,1,0,0)
w(235,1,0,0)
w(236,1,0,0)
w(237,1,0,0)
w(238,1,0,0)
w(239,1,0,0)
w(240,1,0,0)
w(241,1,0,0)
w(242,1,0,0)
w(243,1,0,0)
w(244,1,0,0)
w(245,1,0,0)
w(246,1,0,0)
w(247,1,0,0)
w(248,1,0,0)
w(249,1,0,0)
w(250,1,0,0)
w(251,1,0,0)
w(252,1,0,0)
w(253,1,0,0)
w(254,1,0,0)
w(255,1,0,0)
w(256,1,0,0)
w(257,1,0,0)
w(258,1,0,0)
w(259,1,0,0)
w(260,1,0,0)
w(261,1,0,0)
w(262,1,0,0)
w(263,1,0,0)
w(264,1,0,0)
w(265,1,0,0)
w(266,1,0,0)
w(267,1,0,0)
w(268,1,0,0)
w(269,1,0,0)
w(270,1,0,0)
w(271,1,0,0)
w(272,1,0,0)
w(273,1,0,0)
w(274,1,0,0)
w(275,1,0,0)
w(276,1,0,0)
w(277,1,0,0)
w(278,1,0,0)
w(279,1,0,0)
w(280,1,0,0)
w(281,1,0,0)
w(282,1,0,0)
w(283,1,0,0)
w(284,1,0,0)
w(285,1,0,0)
w(286,1,0,0)
w(287,1,0,0)
w(288,1,0,0)
w(289,1,0,0)
w(290,1,0,0)
w(291,1,0,0)
w(292,1,0,0)
w(293,1,0,0)
w(294,1,0,0)
w(295,1,0,0)
w(296,1,0,0)
w(297,1,0,0)
w(298,1,0,0)
w(299,1,0,0)
w(300,1,0,0)
w(301,1,0,0)
w(302,1,0,0)
w(303,1,0,0)
w(304,1,0,0)
w(305,1,0,0)
w(306,1,0,0)
w(307,1,0,0)
w(308,1,0,0)
w(309,1,0,0)
w(310,1,0,0)
w(311,1,0,0)
w(312,1,0,0)
w(313,1,0,0)
w(314,1,0,0)
w(315,1,0,0)
w(316,1,0,0)
w(317,1,0,0)
w(318,1,0,0)
w(319,1,0,0)
w(320,1,0,0)
w(321,1,0,0)
w(322,1,0,0)
w(323,1,0,0)
w(324,1,0,0)
w(325,1,0,0)
w(326,1,0,0)
w(327,1,0,0)
w(328,1,0,0)
w(329,1,0,0)
w(330,1,0,0)
w(331,1,0,0)
w(332,1,0,0)
w(333,1,0,0)
w(334,1,0,0)
w(335,1,0,0)
w(336,1,0,0)
w(337,1,0,0)
w(338,1,0,0)
w(339,1,0,0)
w(340,1,0,0)
w(341,1,0,0)
w(342,1,0,0)
w(343,1,0,0)
w(344,1,0,0)
w(345,1,0,0)
w(346,1,0,0)
w(347,1,0,0)
w(348,1,0,0)
w(349,1,0,0)
w(350,1,0,0)
w(351,1,0,0)
w(352,1,0,0)
w(353,1,0,0)
w(354,1,0,0)
w(355,1,0,0)
w(356,1,0,0)
w(357,1,0,0)
r(299,1,1,1)
w(25,2,1,1)
r(3,1,1,1)
r(336,1,1,1)
r(225,1,1,1)
r(255,1,1,1)
r(279,1,1,1)
r(332,1,1,1)
w(2,2,1,1)
r(67,1,1,1)
w(68,2,2,2)
w(86,2,2,2)
w(107,2,2,2)
w(113,2,2,2)
r(305,1,2,2)
w(120,2,2,2)
w(67,2,2,2)
r(27,1,2,2)
r(198,1,2,2)
r(315,1,2,2)
w(177,2,3,3)
w(176,2,3,3)
w(129,2,3,3)
w(158,2,3,3)
w(143,2,3,3)
r(134,1,3,3)
r(22,1,3,3)
r(237,1,3,3)
r(248,1,3,3)
r(46,1,3,3)
r(207,1,4,4)
r(31,1,4,4)
w(192,2,4,4)
r(4,1,4,4)
w(196,2,4,4)
w(193,2,4,4)
r(233,1,4,4)
w(217,2,4,4)
r(277,1,4,4)
w(181,2,4,4)
w(261,2,5,5)
w(292,2,5,5)
r(203,1,5,5)
r(291,1,5,5)
w(280,2,5,5)
w(244,2,5,5)
w(276,2,5,5)
r(61,1,5,5)
w(253,2,5,5)
r(142,1,5,5)
w(330,2,6,6)
r(164,1,6,6)
w(338,2,6,6)
w(349,2,6,6)
r(143,1,6,6)
w(334,2,6,6)
r(346,1,6,6)
r(208,1,6,6)
w(318,2,6,6)
w(348,2,6,6)
r(211,1,1,7)
w(35,2,1,7)
r(63,1,1,7)
r(86,2,1,7)
w(28,2,1,7)
w(43,2,1,7)
r(249,1,1,7)
w(14,2,1,7)
r(10,1,1,7)
r(193,2,1,7)
w(81,2,2,8)
r(229,1,2,8)
w(98,2,2,8)
r(278,1,2,8)
r(62,1,2,8)
w(112,2,2,8)
w(94,2,2,8)
w(62,2,2,8)
w(113,3,2,8)
w(115,2,2,8)
w(140,2,3,9)
w(164,2,3,9)
r(22,1,3,9)
r(262,1,3,9)
w(134,2,3,9)
r(185,1,3,9)
w(169,2,3,9)
w(122,2,3,9)
w(174,2,3,9)
w(125,2,3,9)
r(325,1,4,10)
w(194,2,4,10)
w(231,2,4,10)
w(189,2,4,10)
w(211,2,4,10)
w(222,2,4,10)
w(213,2,4,10)
w(181,3,4,10)
r(272,1,4,10)
w(195,2,4,10)
w(284,2,5,11)
w(252,2,5,11)
r(195,2,5,11)
w(264,2,5,11)
w(244,3,5,11)
w(260,2,5,11)
r(38,1,5,11)
w(253,3,5,11)
r(19,1,5,11)
r(347,1,5,11)
r(2,2,6,12)
r(135,1,6,12)
w(330,3,6,12)
w(323,2,6,12)
w(338,3,6,12)
w(321,2,6,12)
r(293,1,6,12)
r(19,1,6,12)
r(63,1,6,12)
w(333,2,6,12)
r(10,1,1,13)
w(21,2,1,13)
w(60,2,1,13)
r(262,1,1,13)
r(317,1,1,13)
r(318,2,1,13)
w(5,2,1,13)
r(195,2,1,13)
w(10,2,1,13)
r(349,2,1,13)
r(284,2,2,14)
r(314,1,2,14)
r(45,1,2,14)
w(108,2,2,14)
r(152,1,2,14)
r(96,1,2,14)
r(255,1,2,14)
r(219,1,2,14)
r(86,2,2,14)
r(38,1,2,14)
r(264,2,3,15)
r(214,1,3,15)
w(168,2,3,15)
w(136,2,3,15)
w(178,2,3,15)
w(161,2,3,15)
w(174,3,3,15)
w(148,2,3,15)
w(121,2,3,15)
w(153,2,3,15)
w(231,3,4,16)
w(210,2,4,16)
r(65,1,4,16)
w(216,2,4,16)
r(110,1,4,16)
r(103,1,4,16)
r(153,2,4,16)
w(236,2,4,16)
r(184,1,4,16)
r(202,1,4,16)
r(185,1,5,17)
w(247,2,5,17)
w(275,2,5,17)
r(323,2,5,17)
w(264,3,5,17)
w(275,3,5,17)
r(72,1,5,17)
w(240,2,5,17)
r(7,1,5,17)
r(33,1,5,17)
r(259,1,6,18)
w(323,3,6,18)
r(226,1,6,18)
r(301,1,6,18)
r(176,2,6,18)
r(71,1,6,18)
w(336,2,6,18)
r(323,3,6,18)
r(40,1,6,18)
w(305,2,6,18)
w(54,2,1,19)
r(166,1,1,19)
r(103,1,1,19)
w(12,2,1,19)
r(226,1,1,19)
w(33,2,1,19)
w(50,2,1,19)
w(57,2,1,19)
w(13,2,1,19)
r(337,1,1,19)
r(148,2,2,20)
w(63,2,2,20)
w(71,2,2,20)
r(171,1,2,20)
w(114,2,2,20)
r(332,1,2,20)
r(169,2,2,20)
r(3,1,2,20)
r(251,1,2,20)
r(89,1,2,20)
r(28,2,3,21)
w(153,3,3,21)
r(106,1,3,21)
r(286,1,3,21)
w(124,2,3,21)
w(159,2,3,21)
r(6,1,3,21)
r(42,1,3,21)
r(196,2,3,21)
r(50,2,3,21)
w(205,2,4,22)
r(188,1,4,22)
w(188,2,4,22)
r(193,2,4,22)
r(101,1,4,22)
r(345,1,4,22)
r(303,1,4,22)
r(56,1,4,22)
r(179,1,4,22)
w(183,2,4,22)
w(246,2,5,23)
r(127,1,5,23)
w(259,2,5,23)
r(275,3,5,23)
w(247,3,5,23)
r(272,1,5,23)
r(331,1,5,23)
r(48,2,5,23)
w(280,3,5,23)
w(275,4,5,23)
w(307,2,6,24)
r(322,1,6,24)
r(46,1,6,24)
r(255,1,6,24)
r(255,1,6,24)
w(354,2,6,24)
r(339,1,6,24)
r(266,1,6,24)
w(330,4,6,24)
w(332,2,6,24)
w(53,2,1,25)
r(78,1,1,25)
w(4,2,1,25)
w(48,2,1,25)
r(115,2,1,25)
w(33,3,1,25)
w(54,3,1,25)
r(114,2,1,25)
w(5,3,1,25)
w(26,2,1,25)
w(96,2,2,26)
r(212,1,2,26)
w(69,2,2,26)
w(63,3,2,26)
w(98,3,2,26)
r(330,4,2,26)
r(148,2,2,26)
r(244,3,2,26)
w(106,2,2,26)
w(61,2,2,26)
w(174,4,3,27)
r(142,1,3,27)
w(175,2,3,27)
w(170,2,3,27)
w(121,3,3,27)
r(143,2,3,27)
r(187,1,3,27)
r(101,1,3,27)
w(130,2,3,27)
r(341,1,3,27)
r(101,1,4,28)
r(274,1,4,28)
w(199,2,4,28)
w(231,4,4,28)
r(134,2,4,28)
w(182,2,4,28)
r(309,1,4,28)
r(204,1,4,28)
w(189,3,4,28)
r(247,3,4,28)
w(290,2,5,29)
w(243,2,5,29)
r(356,1,5,29)
r(262,1,5,29)
r(212,1,5,29)
r(38,1,5,29)
r(236,2,5,29)
r(238,1,5,29)
r(102,1,5,29)
r(90,1,5,29)
w(336,3,6,30)
r(151,1,6,30)
r(234,1,6,30)
r(317,1,6,30)
w(308,2,6,30)
w(304,2,6,30)
r(35,2,6,30)
w(348,3,6,30)
w(354,3,6,30)
r(330,4,6,30)
w(2,3,1,31)
r(278,1,1,31)
w(60,3,1,31)
r(98,3,1,31)
r(160,1,1,31)
w(23,2,1,31)
r(310,1,1,31)
r(204,1,1,31)
r(143,2,1,31)
w(30,2,1,31)
w(119,2,2,32)
w(88,2,2,32)
w(116,2,2,32)
w(64,2,2,32)
r(178,2,2,32)
w(86,3,2,32)
r(118,1,2,32)
w(95,2,2,32)
w(71,3,2,32)
w(89,2,2,32)
r(190,1,3,33)
r(37,1,3,33)
r(34,1,3,33)
r(90,1,3,33)
r(15,1,3,33)
w(128,2,3,33)
w(133,2,3,33)
r(182,2,3,33)
w(154,2,3,33)
w(148,3,3,33)
r(162,1,4,34)
r(78,1,4,34)
w(200,2,4,34)
r(302,1,4,34)
w(220,2,4,34)
r(90,1,4,34)
r(335,1,4,34)
w(224,2,4,34)
r(103,1,4,34)
r(5,3,4,34)
w(285,2,5,35)
r(238,1,5,35)
r(277,1,5,35)
r(220,2,5,35)
w(245,2,5,35)
r(246,2,5,35)
w(276,3,5,35)
w(269,2,5,35)
r(315,1,5,35)
w(271,2,5,35)
r(40,1,6,36)
w(353,2,6,36)
w(329,2,6,36)
r(349,2,6,36)
r(121,3,6,36)
w(336,4,6,36)
r(285,1,6,36)
r(86,2,6,36)
r(133,1,6,36)
w(338,4,6,36)
w(50,3,1,37)
r(201,1,1,37)
r(32,1,1,37)
w(5,4,1,37)
r(202,1,1,37)
w(17,2,1,37)
r(21,2,1,37)
r(311,1,1,37)
w(20,2,1,37)
r(210,2,1,37)
r(223,1,2,38)
w(80,2,2,38)
r(322,1,2,38)
r(229,1,2,38)
w(83,2,2,38)
r(211,2,2,38)
w(89,3,2,38)
r(132,1,2,38)
r(240,2,2,38)
w(63,4,2,38)
r(241,1,3,39)
r(119,2,3,39)
w(168,3,3,39)
r(54,3,3,39)
w(155,2,3,39)
w(130,3,3,39)
r(160,1,3,39)
r(217,2,3,39)
w(149,2,3,39)
w(175,3,3,39)
r(75,1,4,40)
w(216,3,4,40)
r(349,2,4,40)
w(200,3,4,40)
r(267,1,4,40)
r(173,1,4,40)
r(19,1,4,40)
r(59,1,4,40)
r(78,1,4,40)
r(5,4,4,40)
w(286,2,5,41)
r(59,1,5,41)
w(291,2,5,41)
w(259,3,5,41)
w(280,4,5,41)
r(125,2,5,41)
r(117,1,5,41)
r(255,1,5,41)
r(147,1,5,41)
r(333,2,5,41)
w(312,2,6,42)
w(347,2,6,42)
w(308,3,6,42)
w(340,2,6,42)
w(316,2,6,42)
w(354,4,6,42)
r(167,1,6,42)
r(89,2,6,42)
r(166,1,6,42)
r(284,2,6,42)
r(141,1,1,43)
w(46,2,1,43)
w(34,2,1,43)
w(39,2,1,43)
w(29,2,1,43)
r(166,1,1,43)
r(113,3,1,43)
w(40,2,1,43)
w(1,2,1,43)
w(21,3,1,43)
r(353,2,2,44)
w(69,3,2,44)
w(106,3,2,44)
w(73,2,2,44)
w(71,4,2,44)
r(22,1,2,44)
w(66,2,2,44)
w(112,3,2,44)
w(61,3,2,44)
w(70,2,2,44)
w(135,2,3,45)
r(341,1,3,45)
r(248,1,3,45)
r(96,2,3,45)
w(148,4,3,45)
w(167,2,3,45)
w(121,4,3,45)
w(143,3,3,45)
w(176,3,3,45)
r(164,2,3,45)
r(240,2,4,46)
r(263,1,4,46)
r(132,1,4,46)
w(220,3,4,46)
w(219,2,4,46)
r(308,3,4,46)
r(154,2,4,46)
r(329,2,4,46)
r(251,1,4,46)
r(234,1,4,46)
w(240,3,5,47)
w(244,4,5,47)
w(271,3,5,47)
w(269,3,5,47)
w(256,2,5,47)
r(57,2,5,47)
w(276,4,5,47)
w(285,3,5,47)
w(262,2,5,47)
r(356,1,5,47)
r(3,1,6,48)
w(322,2,6,48)
r(117,1,6,48)
r(191,1,6,48)
r(205,2,6,48)
r(188,2,6,48)
w(337,2,6,48)
r(140,2,6,48)
w(340,3,6,48)
r(267,1,6,48)
r(5,4,1,49)
r(103,1,1,49)
w(58,2,1,49)
w(34,3,1,49)
r(221,1,1,49)
w(48,3,1,49)
r(86,3,1,49)
r(190,1,1,49)
w(20,3,1,49)
w(9,2,1,49)
w(109,2,2,50)
r(315,1,2,50)
w(82,2,2,50)
w(90,2,2,50)
r(162,1,2,50)
w(104,2,2,50)
w(100,2,2,50)
r(266,1,2,50)
w(64,3,2,50)
w(71,5,2,50)
w(177,3,3,51)
w(139,2,3,51)
w(149,3,3,51)
w(180,2,3,51)
r(122,2,3,51)
r(287,1,3,51)
r(305,2,3,51)
w(170,3,3,51)
r(48,2,3,51)
w(127,2,3,51)
r(205,2,4,52)
w(203,2,4,52)
r(19,1,4,52)
r(272,1,4,52)
r(48,3,4,52)
w(199,3,4,52)
r(133,2,4,52)
w(208,2,4,52)
r(258,1,4,52)
r(254,1,4,52)
r(339,1,5,53)
r(318,3,5,53)
r(211,2,5,53)
w(270,2,5,53)
w(275,5,5,53)
w(257,2,5,53)
r(156,1,5,53)
w(258,2,5,53)
w(270,3,5,53)
r(298,1,5,53)
r(293,1,6,54)
r(101,1,6,54)
r(325,1,6,54)
w(318,3,6,54)
r(276,3,6,54)
r(234,1,6,54)
w(343,2,6,54)
w(355,2,6,54)
w(307,3,6,54)
w(320,2,6,54)
r(140,2,1,55)
r(105,1,1,55)
r(147,1,1,55)
w(2,4,1,55)
r(305,2,1,55)
w(47,2,1,55)
w(46,3,1,55)
r(354,4,1,55)
w(37,2,1,55)
r(100,2,1,55)
r(78,1,2,56)
r(23,2,2,56)
r(239,1,2,56)
w(87,2,2,56)
w(80,3,2,56)
w(68,3,2,56)
r(7,1,2,56)
r(120,2,2,56)
r(83,2,2,56)
w(111,2,2,56)
w(145,2,3,57)
w(150,2,3,57)
w(148,5,3,57)
r(74,1,3,57)
r(181,3,3,57)
w(134,3,3,57)
w(158,3,3,57)
w(129,3,3,57)
w(164,3,3,57)
r(168,3,3,57)
w(189,4,4,58)
w(217,3,4,58)
w(186,2,4,58)
r(10,2,4,58)
r(186,2,4,58)
r(36,1,4,58)
w(206,2,4,58)
w(196,3,4,58)
r(261,2,4,58)
w(233,2,4,58)
w(278,2,5,59)
w(254,2,5,59)
w(242,2,5,59)
w(283,2,5,59)
r(317,2,5,59)
r(317,2,5,59)
r(137,1,5,59)
w(255,2,5,59)
w(260,3,5,59)
w(282,2,5,59)
w(331,2,6,60)
r(238,1,6,60)
w(321,3,6,60)
r(357,1,6,60)
r(248,1,6,60)
r(86,3,6,60)
w(316,3,6,60)
w(338,5,6,60)
r(71,5,6,60)
r(88,2,6,60)
w(35,3,1,61)
w(45,2,1,61)
w(40,3,1,61)
w(35,4,1,61)
r(268,1,1,61)
r(102,1,1,61)
w(16,2,1,61)
r(203,2,1,61)
w(38,2,1,61)
w(22,2,1,61)
r(219,2,2,62)
w(63,5,2,62)
r(19,1,2,62)
w(90,3,2,62)
w(78,2,2,62)
r(317,1,2,62)
r(121,4,2,62)
r(333,3,2,62)
r(53,2,2,62)
r(229,1,2,62)
w(151,2,3,63)
w(173,2,3,63)
w(146,2,3,63)
r(332,2,3,63)
w(169,3,3,63)
w(157,2,3,63)
r(183,2,3,63)
r(29,2,3,63)
r(248,1,3,63)
r(47,2,3,63)
w(232,2,4,64)
r(325,1,4,64)
w(220,4,4,64)
r(267,1,4,64)
w(216,4,4,64)
w(183,3,4,64)
w(235,2,4,64)
w(196,4,4,64)
w(201,2,4,64)
r(76,1,4,64)
w(249,2,5,65)
r(84,1,5,65)
w(254,3,5,65)
r(13,2,5,65)
r(238,1,5,65)
r(206,2,5,65)
w(285,4,5,65)
r(172,2,5,65)
w(269,4,5,65)
w(291,3,5,65)
r(92,1,6,66)
r(186,2,6,66)
w(320,3,6,66)
w(342,2,6,66)
w(333,3,6,66)
w(355,3,6,66)
w(309,2,6,66)
r(216,3,6,66)
w(336,5,6,66)
w(312,3,6,66)
r(114,3,1,67)
w(9,3,1,67)
r(138,1,1,67)
w(58,3,1,67)
w(15,2,1,67)
r(218,1,1,67)
w(58,4,1,67)
r(336,5,1,67)
w(22,3,1,67)
r(186,2,1,67)
r(299,1,2,68)
r(279,1,2,68)
r(154,2,2,68)
r(210,2,2,68)
r(86,3,2,68)
r(88,2,2,68)
r(159,2,2,68)
w(114,3,2,68)
w(113,4,2,68)
r(306,1,2,68)
r(153,3,3,69)
r(2,4,3,69)
r(87,2,3,69)
w(157,3,3,69)
r(210,2,3,69)
r(83,2,3,69)
w(155,3,3,69)
w(172,2,3,69)
w(164,4,3,69)
r(89,3,3,69)
w(197,2,4,70)
r(19,1,4,70)
r(215,1,4,70)
r(300,1,4,70)
w(190,2,4,70)
r(221,1,4,70)
r(168,3,4,70)
r(48,3,4,70)
r(162,1,4,70)
r(264,3,4,70)
r(123,3,5,71)
r(199,3,5,71)
r(154,2,5,71)
r(213,2,5,71)
w(263,2,5,71)
w(246,3,5,71)
r(123,3,5,71)
r(234,1,5,71)
w(264,4,5,71)
r(231,5,5,71)
w(318,4,6,72)
w(351,2,6,72)
w(324,2,6,72)
r(324,2,6,72)
r(75,1,6,72)
r(141,1,6,72)
r(16,2,6,72)
r(103,1,6,72)
w(318,5,6,72)
w(317,2,6,72)
r(356,1,1,73)
w(28,3,1,73)
r(178,4,1,73)
w(60,4,1,73)
w(32,2,1,73)
w(25,3,1,73)
w(40,4,1,73)
w(2,5,1,73)
w(40,5,1,73)
w(37,3,1,73)
r(2,4,2,74)
r(71,5,2,74)
r(248,1,2,74)
r(78,2,2,74)
r(322,2,2,74)
w(91,2,2,74)
w(92,2,2,74)
r(76,1,2,74)
r(162,1,2,74)
r(147,1,2,74)
w(151,3,3,75)
w(171,2,3,75)
w(123,2,3,75)
w(132,2,3,75)
r(31,1,3,75)
w(142,2,3,75)
w(136,3,3,75)
w(169,4,3,75)
r(75,1,3,75)
w(178,3,3,75)
r(114,3,4,76)
w(196,5,4,76)
w(188,3,4,76)
w(202,2,4,76)
r(117,1,4,76)
r(101,1,4,76)
r(227,1,4,76)
w(235,3,4,76)
w(232,3,4,76)
r(345,1,4,76)
w(284,3,5,77)
r(282,2,5,77)
w(259,4,5,77)
w(240,4,5,77)
r(323,3,5,77)
r(173,2,5,77)
r(47,2,5,77)
r(335,1,5,77)
r(260,3,5,77)
w(257,3,5,77)
w(302,2,6,78)
w(324,3,6,78)
r(51,1,6,78)
w(309,3,6,78)
r(8,1,6,78)
r(92,2,6,78)
r(263,1,6,78)
r(311,1,6,78)
w(339,2,6,78)
r(305,2,6,78)
r(150,2,1,79)
w(40,6,1,79)
w(45,3,1,79)
r(152,3,1,79)
w(45,4,1,79)
w(9,4,1,79)
w(57,3,1,79)
r(293,1,1,79)
w(24,2,1,79)
r(64,3,1,79)
w(96,3,2,80)
w(66,3,2,80)
r(307,3,2,80)
w(100,3,2,80)
r(165,1,2,80)
w(116,3,2,80)
r(102,1,2,80)
r(65,1,2,80)
r(140,2,2,80)
r(202,2,2,80)
w(178,4,3,81)
r(229,1,3,81)
r(201,2,3,81)
r(226,1,3,81)
w(134,4,3,81)
w(123,3,3,81)
w(168,4,3,81)
r(349,2,3,81)
r(86,3,3,81)
w(152,2,3,81)
w(204,2,4,82)
r(233,2,4,82)
w(218,2,4,82)
w(221,2,4,82)
r(273,1,4,82)
r(106,3,4,82)
w(231,5,4,82)
r(165,1,4,82)
w(212,2,4,82)
w(235,4,4,82)
r(241,1,5,83)
w(252,3,5,83)
w(263,3,5,83)
w(282,3,5,83)
w(297,2,5,83)
r(255,2,5,83)
w(297,3,5,83)
r(188,3,5,83)
w(287,2,5,83)
r(47,2,5,83)
w(343,3,6,84)
w(343,4,6,84)
w(311,2,6,84)
w(325,2,6,84)
r(68,3,6,84)
r(198,1,6,84)
w(327,2,6,84)
r(226,1,6,84)
w(332,3,6,84)
w(333,4,6,84)
r(31,1,1,85)
w(10,3,1,85)
w(34,4,1,85)
r(196,5,1,85)
r(105,1,1,85)
r(188,3,1,85)
r(329,2,1,85)
r(261,2,1,85)
r(152,3,1,85)
r(302,2,1,85)
r(234,1,2,86)
r(295,1,2,86)
r(328,1,2,86)
r(136,3,2,86)
r(160,1,2,86)
w(70,3,2,86)
w(103,2,2,86)
w(115,3,2,86)
w(82,3,2,86)
r(223,1,2,86)
w(178,5,3,87)
w(127,3,3,87)
w(162,2,3,87)
w(146,3,3,87)
w(171,3,3,87)
r(293,1,3,87)
r(71,5,3,87)
w(175,4,3,87)
r(285,4,3,87)
w(152,3,3,87)
r(237,1,4,88)
w(206,3,4,88)
w(198,2,4,88)
r(315,1,4,88)
r(214,1,4,88)
w(230,2,4,88)
w(204,3,4,88)
r(42,1,4,88)
w(181,4,4,88)
w(225,2,4,88)
w(251,2,5,89)
r(314,1,5,89)
w(287,3,5,89)
w(262,3,5,89)
r(211,2,5,89)
w(285,5,5,89)
w(296,2,5,89)
w(240,5,5,89)
r(259,4,5,89)
w(271,4,5,89)
r(172,2,6,90)
r(38,2,6,90)
w(315,2,6,90)
w(304,3,6,90)
w(320,4,6,90)
w(310,2,6,90)
r(300,1,6,90)
r(307,3,6,90)
r(218,2,6,90)
w(343,5,6,90)
r(335,1,1,91)
r(61,3,1,91)
w(55,2,1,91)
r(123,4,1,91)
r(207,1,1,91)
r(157,3,1,91)
w(5,5,1,91)
r(197,2,1,91)
r(229,1,1,91)
r(253,3,1,91)
r(261,2,2,92)
r(39,2,2,92)
w(105,2,2,92)
r(4,2,2,92)
w(67,3,2,92)
w(89,4,2,92)
r(129,3,2,92)
r(48,3,2,92)
r(78,2,2,92)
r(130,3,2,92)
r(280,4,3,93)
r(319,1,3,93)
w(149,4,3,93)
w(128,3,3,93)
r(218,2,3,93)
w(128,4,3,93)
r(338,5,3,93)
w(123,4,3,93)
w(165,2,3,93)
w(132,3,3,93)
w(185,2,4,94)
r(79,1,4,94)
r(251,1,4,94)
w(228,2,4,94)
r(223,1,4,94)
r(357,1,4,94)
r(1,2,4,94)
w(227,2,4,94)
w(215,2,4,94)
r(21,3,4,94)
r(272,1,5,95)
w(241,2,5,95)
w(291,4,5,95)
w(272,2,5,95)
r(107,2,5,95)
r(144,1,5,95)
r(159,2,5,95)
r(278,2,5,95)
r(300,1,5,95)
r(353,2,5,95)
w(304,4,6,96)
w(312,4,6,96)
r(326,1,6,96)
r(345,1,6,96)
w(309,4,6,96)
r(135,2,6,96)
w(338,6,6,96)
r(154,2,6,96)
r(175,4,6,96)
r(267,1,6,96)
r(97,2,1,97)
r(208,2,1,97)
w(23,3,1,97)
r(229,1,1,97)
r(302,2,1,97)
r(147,1,1,97)
w(26,3,1,97)
r(83,2,1,97)
w(49,2,1,97)
r(333,5,1,97)
w(97,2,2,98)
w(118,2,2,98)
r(317,2,2,98)
r(355,3,2,98)
w(105,3,2,98)
w(72,2,2,98)
r(11,1,2,98)
r(171,3,2,98)
r(157,3,2,98)
w(95,3,2,98)
r(89,4,3,99)
w(130,4,3,99)
w(180,3,3,99)
r(153,3,3,99)
w(174,5,3,99)
w(125,3,3,99)
w(161,3,3,99)
r(320,4,3,99)
r(226,1,3,99)
w(131,2,3,99)
w(228,3,4,100)
r(145,2,4,100)
r(238,1,4,100)
r(150,2,4,100)
w(200,4,4,100)
r(298,1,4,100)
w(184,2,4,100)
r(71,5,4,100)
w(194,3,4,100)
r(82,3,4,100)
w(270,4,5,101)
w(256,3,5,101)
w(278,3,5,101)
w(249,3,5,101)
w(285,6,5,101)
r(237,1,5,101)
r(181,5,5,101)
w(275,6,5,101)
r(17,2,5,101)
w(250,2,5,101)
w(331,3,6,102)
w(331,4,6,102)
w(333,5,6,102)
r(298,1,6,102)
w(356,2,6,102)
w(313,2,6,102)
w(357,2,6,102)
r(62,2,6,102)
r(258,2,6,102)
w(309,5,6,102)
r(177,3,1,103)
w(49,3,1,103)
r(87,2,1,103)
w(44,2,1,103)
w(53,3,1,103)
w(23,4,1,103)
w(43,3,1,103)
r(179,1,1,103)
r(186,2,1,103)
w(4,3,1,103)
w(96,4,2,104)
r(116,3,2,104)
w(104,3,2,104)
r(314,1,2,104)
w(118,3,2,104)
w(100,4,2,104)
r(302,2,2,104)
r(286,2,2,104)
w(113,5,2,104)
r(71,5,2,104)
w(150,3,3,105)
r(78,2,3,105)
w(152,4,3,105)
w(125,4,3,105)
w(139,3,3,105)
w(122,3,3,105)
w(127,4,3,105)
w(174,6,3,105)
r(81,2,3,105)
r(191,1,3,105)
w(200,5,4,106)
r(188,3,4,106)
w(210,3,4,106)
r(165,2,4,106)
w(221,3,4,106)
w(197,3,4,106)
r(248,1,4,106)
r(130,4,4,106)
r(199,3,4,106)
w(218,3,4,106)
r(107,2,5,107)
w(242,3,5,107)
w(261,3,5,107)
r(161,4,5,107)
r(17,2,5,107)
r(55,3,5,107)
r(186,2,5,107)
w(272,3,5,107)
w(267,2,5,107)
r(194,3,5,107)
r(246,3,6,108)
r(255,2,6,108)
w(308,4,6,108)
w(340,4,6,108)
r(250,1,6,108)
r(295,1,6,108)
w(319,2,6,108)
w(310,3,6,108)
r(133,2,6,108)
r(208,2,6,108)
w(52,2,1,109)
r(6,1,1,109)
r(273,1,1,109)
w(31,2,1,109)
r(127,4,1,109)
w(60,5,1,109)
r(174,6,1,109)
r(78,3,1,109)
w(42,2,1,109)
w(23,5,1,109)
w(95,4,2,110)
w(65,2,2,110)
w(63,6,2,110)
r(204,3,2,110)
r(176,3,2,110)
r(270,3,2,110)
w(117,2,2,110)
r(129,3,2,110)
w(117,3,2,110)
r(346,1,2,110)
r(168,4,3,111)
r(120,2,3,111)
r(100,4,3,111)
r(253,3,3,111)
w(122,4,3,111)
r(284,3,3,111)
r(303,1,3,111)
w(136,4,3,111)
r(17,2,3,111)
w(153,4,3,111)
r(103,2,4,112)
w(181,5,4,112)
r(241,2,4,112)
w(229,2,4,112)
w(202,3,4,112)
r(262,3,4,112)
r(67,3,4,112)
w(226,2,4,112)
r(146,3,4,112)
r(164,4,4,112)
w(267,3,5,113)
w(257,4,5,113)
r(252,3,5,113)
w(289,2,5,113)
r(231,5,5,113)
r(257,4,5,113)
r(46,4,5,113)
r(222,2,5,113)
r(348,3,5,113)
w(275,7,5,113)
w(312,5,6,114)
r(303,1,6,114)
w(349,3,6,114)
w(349,4,6,114)
r(148,5,6,114)
r(357,2,6,114)
w(310,4,6,114)
w(328,2,6,114)
w(336,6,6,114)
w(331,5,6,114)
r(304,4,1,115)
w(3,2,1,115)
r(50,3,1,115)
w(46,4,1,115)
w(55,3,1,115)
r(171,3,1,115)
w(34,5,1,115)
w(9,5,1,115)
w(8,2,1,115)
r(110,1,1,115)
w(80,4,2,116)
w(78,3,2,116)
r(165,2,2,116)
w(88,3,2,116)
w(81,3,2,116)
w(74,2,2,116)
w(71,6,2,116)
r(178,5,2,116)
r(137,1,2,116)
r(35,4,2,116)
r(352,1,3,117)
w(145,3,3,117)
w(155,4,3,117)
r(189,4,3,117)
r(312,5,3,117)
w(175,5,3,117)
r(305,2,3,117)
r(217,3,3,117)
w(176,4,3,117)
r(336,6,3,117)
w(214,2,4,118)
r(311,2,4,118)
w(188,4,4,118)
w(218,4,4,118)
w(204,4,4,118)
r(289,1,4,118)
r(142,2,4,118)
w(193,3,4,118)
w(237,2,4,118)
r(291,4,4,118)
w(248,2,5,119)
r(230,3,5,119)
w(278,4,5,119)
w(286,3,5,119)
w(266,2,5,119)
r(43,3,5,119)
w(280,5,5,119)
w(251,3,5,119)
w(261,4,5,119)
w(250,3,5,119)
r(65,2,6,120)
r(91,3,6,120)
r(109,2,6,120)
w(343,6,6,120)
w(335,2,6,120)
w(305,3,6,120)
r(321,3,6,120)
r(114,3,6,120)
w(303,2,6,120)
w(339,3,6,120)
w(1,3,1,121)
r(302,2,1,121)
w(53,4,1,121)
w(45,5,1,121)
w(6,2,1,121)
w(36,2,1,121)
w(1,4,1,121)
r(182,2,1,121)
w(33,4,1,121)
r(348,3,1,121)
w(91,3,2,122)
r(299,1,2,122)
r(16,2,2,122)
r(72,2,2,122)
r(61,3,2,122)
w(72,3,2,122)
r(293,1,2,122)
w(75,2,2,122)
r(301,1,2,122)
w(95,5,2,122)
r(309,5,3,123)
w(175,6,3,123)
w(129,4,3,123)
w(161,4,3,123)
r(136,4,3,123)
w(129,5,3,123)
w(172,3,3,123)
w(140,3,3,123)
w(139,4,3,123)
r(340,4,3,123)
w(238,2,4,124)
r(111,2,4,124)
w(191,2,4,124)
r(351,2,4,124)
r(171,3,4,124)
r(337,2,4,124)
w(189,5,4,124)
w(199,4,4,124)
w(211,3,4,124)
r(35,4,4,124)
w(286,4,5,125)
r(220,4,5,125)
r(318,5,5,125)
r(40,7,5,125)
r(72,3,5,125)
r(90,4,5,125)
w(288,2,5,125)
w(292,3,5,125)
w(247,4,5,125)
w(290,3,5,125)
r(175,6,6,126)
r(61,3,6,126)
r(128,4,6,126)
r(81,3,6,126)
r(229,2,6,126)
r(280,4,6,126)
r(140,3,6,126)
r(302,2,6,126)
r(186,2,6,126)
r(3,2,6,126)
r(56,1,1,127)
r(350,1,1,127)
w(32,3,1,127)
r(157,3,1,127)
r(57,3,1,127)
w(52,3,1,127)
r(123,5,1,127)
w(15,3,1,127)
w(30,3,1,127)
w(9,6,1,127)
w(82,4,2,128)
w(105,4,2,128)
w(86,4,2,128)
r(95,5,2,128)
r(240,5,2,128)
r(78,3,2,128)
r(204,4,2,128)
w(86,5,2,128)
w(106,4,2,128)
r(346,1,2,128)
w(159,3,3,129)
w(124,3,3,129)
w(177,4,3,129)
w(148,6,3,129)
r(18,1,3,129)
w(123,5,3,129)
w(175,7,3,129)
r(225,2,3,129)
r(26,3,3,129)
r(131,2,3,129)
r(256,3,4,130)
r(154,2,4,130)
w(214,3,4,130)
r(118,3,4,130)
w(188,5,4,130)
w(236,3,4,130)
r(161,4,4,130)
w(207,2,4,130)
r(169,4,4,130)
r(42,2,4,130)
r(72,3,5,131)
r(287,3,5,131)
r(343,6,5,131)
r(18,1,5,131)
w(286,5,5,131)
r(116,3,5,131)
r(181,6,5,131)
w(291,5,5,131)
w(285,7,5,131)
r(22,3,5,131)
w(325,3,6,132)
w(338,7,6,132)
r(93,1,6,132)
r(336,6,6,132)
w(345,2,6,132)
r(99,1,6,132)
r(229,2,6,132)
r(137,1,6,132)
w(341,2,6,132)
r(355,3,6,132)
w(40,7,1,133)
r(84,1,1,133)
r(276,4,1,133)
r(107,2,1,133)
w(60,6,1,133)
r(115,4,1,133)
r(153,4,1,133)
w(2,6,1,133)
w(42,3,1,133)
w(25,4,1,133)
r(237,2,2,134)
r(251,2,2,134)
r(165,2,2,134)
w(65,3,2,134)
r(185,2,2,134)
w(98,4,2,134)
r(204,4,2,134)
w(115,4,2,134)
r(331,5,2,134)
w(77,2,2,134)
w(160,2,3,135)
r(275,6,3,135)
r(124,3,3,135)
r(173,2,3,135)
w(142,3,3,135)
w(126,2,3,135)
r(163,1,3,135)
w(171,4,3,135)
w(131,3,3,135)
r(82,4,3,135)
r(142,3,4,136)
w(230,3,4,136)
r(58,4,4,136)
w(233,3,4,136)
r(63,6,4,136)
w(231,6,4,136)
r(176,4,4,136)
w(196,6,4,136)
w(229,3,4,136)
r(262,3,4,136)
w(297,4,5,137)
w(251,4,5,137)
w(254,4,5,137)
w(270,5,5,137)
w(254,5,5,137)
r(69,4,5,137)
w(296,3,5,137)
w(294,2,5,137)
r(198,2,5,137)
w(249,4,5,137)
w(320,5,6,138)
w(301,2,6,138)
r(130,4,6,138)
r(314,1,6,138)
w(347,3,6,138)
r(85,1,6,138)
w(314,2,6,138)
r(98,4,6,138)
w(324,4,6,138)
r(48,3,6,138)
w(36,3,1,139)
w(26,4,1,139)
r(241,2,1,139)
w(42,4,1,139)
r(173,2,1,139)
w(19,2,1,139)
w(41,2,1,139)
r(170,4,1,139)
r(244,4,1,139)
r(254,3,1,139)
w(90,4,2,140)
w(81,4,2,140)
w(104,4,2,140)
w(67,4,2,140)
r(283,2,2,140)
w(86,6,2,140)
w(106,5,2,140)
w(114,4,2,140)
r(12,2,2,140)
w(61,4,2,140)
r(213,2,3,141)
r(211,3,3,141)
r(54,3,3,141)
r(51,1,3,141)
w(157,4,3,141)
w(170,4,3,141)
r(286,2,3,141)
w(133,3,3,141)
w(141,2,3,141)
r(57,3,3,141)
w(224,3,4,142)
w(181,6,4,142)
w(223,2,4,142)
r(245,2,4,142)
w(238,3,4,142)
r(326,1,4,142)
w(203,3,4,142)
w(183,4,4,142)
r(71,6,4,142)
r(356,2,4,142)
w(240,6,5,143)
w(260,4,5,143)
r(237,2,5,143)
r(29,3,5,143)
r(165,2,5,143)
r(315,2,5,143)
r(143,3,5,143)
r(210,3,5,143)
r(237,2,5,143)
w(281,2,5,143)
r(99,1,6,144)
r(125,4,6,144)
w(304,5,6,144)
w(306,2,6,144)
r(25,4,6,144)
r(126,2,6,144)
w(328,3,6,144)
r(117,3,6,144)
r(147,1,6,144)
r(151,3,6,144)
w(36,4,1,145)
r(20,3,1,145)
w(12,3,1,145)
w(33,5,1,145)
r(283,2,1,145)
w(31,3,1,145)
w(2,7,1,145)
r(343,6,1,145)
r(165,2,1,145)
w(48,4,1,145)
w(65,4,2,146)
r(310,4,2,146)
r(151,3,2,146)
r(282,3,2,146)
w(120,3,2,146)
r(80,4,2,146)
r(56,1,2,146)
w(69,4,2,146)
r(344,1,2,146)
r(57,3,2,146)
w(138,2,3,147)
w(140,4,3,147)
w(153,5,3,147)
r(132,3,3,147)
w(148,7,3,147)
w(124,4,3,147)
w(163,2,3,147)
w(124,5,3,147)
r(47,2,3,147)
r(72,3,3,147)
r(227,2,4,148)
w(217,4,4,148)
w(195,3,4,148)
w(186,3,4,148)
w(209,2,4,148)
r(254,3,4,148)
w(187,2,4,148)
w(228,4,4,148)
r(158,3,4,148)
w(232,4,4,148)
w(292,4,5,149)
r(337,2,5,149)
r(149,4,5,149)
w(258,3,5,149)
w(279,2,5,149)
w(257,5,5,149)
r(62,3,5,149)
r(265,1,5,149)
w(276,5,5,149)
r(239,1,5,149)
r(238,3,6,150)
w(307,4,6,150)
r(96,4,6,150)
r(355,3,6,150)
r(228,3,6,150)
r(344,1,6,150)
w(324,5,6,150)
r(281,1,6,150)
w(356,3,6,150)
r(316,3,6,150)
w(44,3,1,151)
w(58,5,1,151)
w(5,6,1,151)
r(306,2,1,151)
r(214,3,1,151)
r(142,3,1,151)
w(22,4,1,151)
r(245,2,1,151)
r(310,4,1,151)
r(234,1,1,151)
w(119,3,2,152)
r(78,3,2,152)
w(79,2,2,152)
w(111,3,2,152)
r(110,1,2,152)
r(225,2,2,152)
w(115,5,2,152)
r(55,3,2,152)
r(139,4,2,152)
r(141,2,2,152)
w(144,2,3,153)
w(144,3,3,153)
w(180,4,3,153)
r(324,5,3,153)
r(34,5,3,153)
w(179,2,3,153)
r(239,1,3,153)
w(162,3,3,153)
r(9,6,3,153)
r(78,3,3,153)
w(194,4,4,154)
r(251,4,4,154)
r(11,1,4,154)
w(207,3,4,154)
r(336,6,4,154)
w(181,7,4,154)
r(130,4,4,154)
r(142,3,4,154)
r(163,2,4,154)
r(10,3,4,154)
r(6,2,5,155)
w(269,5,5,155)
r(352,1,5,155)
r(240,6,5,155)
w(247,5,5,155)
w(282,4,5,155)
w(241,3,5,155)
r(208,2,5,155)
r(141,2,5,155)
r(105,5,5,155)
r(195,3,6,156)
r(248,2,6,156)
w(320,6,6,156)
w(307,5,6,156)
r(242,3,6,156)
r(301,2,6,156)
w(353,3,6,156)
r(3,2,6,156)
r(343,6,6,156)
r(184,2,6,156)
r(226,2,1,157)
r(276,4,1,157)
r(45,5,1,157)
r(300,1,1,157)
w(57,4,1,157)
w(12,4,1,157)
r(70,3,1,157)
r(42,4,1,157)
w(17,3,1,157)
r(216,4,1,157)
w(111,4,2,158)
w(95,6,2,158)
r(111,4,2,158)
w(91,4,2,158)
w(95,7,2,158)
w(110,2,2,158)
r(227,2,2,158)
w(83,3,2,158)
r(235,4,2,158)
r(277,1,2,158)
r(45,5,3,159)
w(169,5,3,159)
w(152,5,3,159)
r(92,2,3,159)
w(147,2,3,159)
r(181,7,3,159)
r(114,4,3,159)
r(341,2,3,159)
w(121,5,3,159)
w(137,2,3,159)
r(129,5,4,160)
r(225,2,4,160)
w(198,3,4,160)
w(185,3,4,160)
r(284,3,4,160)
w(188,6,4,160)
r(91,6,4,160)
r(179,2,4,160)
r(337,2,4,160)
r(249,4,4,160)
w(252,4,5,161)
w(295,2,5,161)
w(283,3,5,161)
w(296,4,5,161)
w(252,5,5,161)
r(268,1,5,161)
r(228,4,5,161)
w(298,2,5,161)
r(322,2,5,161)
r(342,2,5,161)
r(20,3,6,162)
r(30,3,6,162)
r(140,4,6,162)
r(141,2,6,162)
w(348,4,6,162)
r(164,4,6,162)
r(348,4,6,162)
r(347,3,6,162)
w(355,4,6,162)
w(305,4,6,162)
w(14,3,1,163)
r(214,3,1,163)
w(35,5,1,163)
w(31,4,1,163)
w(29,3,1,163)
w(56,2,1,163)
w(25,5,1,163)
r(105,5,1,163)
w(11,2,1,163)
r(272,3,1,163)
w(90,5,2,164)
w(91,5,2,164)
w(82,5,2,164)
r(92,2,2,164)
w(95,8,2,164)
w(88,4,2,164)
w(88,5,2,164)
w(105,5,2,164)
w(91,6,2,164)
w(62,3,2,164)
w(177,5,3,165)
w(165,3,3,165)
r(295,1,3,165)
r(128,4,3,165)
r(70,3,3,165)
r(334,2,3,165)
w(138,3,3,165)
r(47,2,3,165)
w(161,5,3,165)
w(153,6,3,165)
r(164,4,4,166)
r(5,6,4,166)
w(206,4,4,166)
r(92,2,4,166)
r(99,2,4,166)
w(221,4,4,166)
r(92,2,4,166)
w(216,5,4,166)
r(79,2,4,166)
r(206,4,4,166)
r(77,2,5,167)
r(194,5,5,167)
r(175,7,5,167)
w(292,5,5,167)
w(262,4,5,167)
r(230,3,5,167)
w(262,5,5,167)
r(175,7,5,167)
w(293,2,5,167)
r(214,3,5,167)
w(350,2,6,168)
r(357,2,6,168)
r(113,5,6,168)
w(306,3,6,168)
r(292,3,6,168)
w(326,2,6,168)
w(341,3,6,168)
w(300,2,6,168)
w(319,3,6,168)
r(71,6,6,168)
r(244,4,1,169)
r(217,4,1,169)
r(226,2,1,169)
w(41,3,1,169)
r(204,4,1,169)
w(60,7,1,169)
w(40,8,1,169)
r(238,3,1,169)
w(48,5,1,169)
r(105,5,1,169)
w(85,2,2,170)
w(72,4,2,170)
w(99,2,2,170)
r(289,2,2,170)
w(116,4,2,170)
w(102,2,2,170)
r(118,3,2,170)
w(100,5,2,170)
r(178,5,2,170)
w(94,3,2,170)
r(178,5,3,171)
w(136,5,3,171)
w(161,6,3,171)
r(74,2,3,171)
w(165,4,3,171)
w(141,3,3,171)
r(308,4,3,171)
w(155,5,3,171)
r(313,2,3,171)
r(330,4,3,171)
r(350,2,4,172)
w(194,5,4,172)
r(344,1,4,172)
r(10,3,4,172)
w(211,4,4,172)
r(167,2,4,172)
w(234,2,4,172)
w(227,3,4,172)
r(283,3,4,172)
w(218,5,4,172)
r(23,5,5,173)
w(288,3,5,173)
r(171,4,5,173)
r(76,1,5,173)
r(143,3,5,173)
r(11,2,5,173)
w(251,5,5,173)
r(301,2,5,173)
r(154,2,5,173)
r(314,2,5,173)
r(149,4,6,174)
r(296,3,6,174)
w(356,4,6,174)
r(172,3,6,174)
w(356,5,6,174)
r(52,3,6,174)
r(99,2,6,174)
r(321,3,6,174)
w(346,2,6,174)
w(351,3,6,174)
w(44,4,1,175)
w(39,3,1,175)
w(59,2,1,175)
w(57,5,1,175)
w(27,2,1,175)
r(11,2,1,175)
w(31,5,1,175)
w(58,6,1,175)
w(25,6,1,175)
r(53,4,1,175)
r(101,1,2,176)
w(98,5,2,176)
w(65,5,2,176)
r(79,2,2,176)
w(94,4,2,176)
w(61,5,2,176)
r(200,5,2,176)
r(107,2,2,176)
r(69,4,2,176)
r(8,2,2,176)
r(33,5,3,177)
w(163,3,3,177)
w(179,3,3,177)
w(166,2,3,177)
r(121,5,3,177)
r(143,3,3,177)
r(244,4,3,177)
w(148,8,3,177)
w(137,3,3,177)
w(160,3,3,177)
w(207,4,4,178)
w(183,5,4,178)
w(189,6,4,178)
w(216,6,4,178)
r(12,4,4,178)
w(225,3,4,178)
r(109,2,4,178)
r(186,3,4,178)
r(86,6,4,178)
r(313,2,4,178)
w(275,8,5,179)
r(319,3,5,179)
w(258,4,5,179)
w(246,4,5,179)
w(285,8,5,179)
w(297,5,5,179)
w(263,4,5,179)
w(249,5,5,179)
r(348,4,5,179)
w(270,6,5,179)
r(337,2,6,180)
w(300,3,6,180)
r(208,2,6,180)
r(150,3,6,180)
r(289,2,6,180)
r(13,2,6,180)
w(355,5,6,180)
r(146,3,6,180)
w(312,6,6,180)
w(334,3,6,180)
