w(1,1,0,0)
w(2,1,0,0)
w(3,1,0,0)
w(4,1,0,0)
w(5,1,0,0)
w(6,1,0,0)
w(7,1,0,0)
w(8,1,0,0)
w(9,1,0,0)
w(10,1,0,0)
w(11,1,0,0)
w(12,1,0,0)
w(13,1,0,0)
w(14,1,0,0)
w(15,1,0,0)
w(16,1,0,0)
w(17,1,0,0)
w(18,1,0,0)
w(19,1,0,0)
w(20,1,0,0)
w(21,1,0,0)
w(22,1,0,0)
w(23,1,0,0)
w(24,1,0,0)
w(25,1,0,0)
w(26,1,0,0)
w(27,1,0,0)
w(28,1,0,0)
w(29,1,0,0)
w(30,1,0,0)
w(31,1,0,0)
w(32,1,0,0)
w(33,1,0,0)
w(34,1,0,0)
w(35,1,0,0)
w(36,1,0,0)
w(37,1,0,0)
w(38,1,0,0)
w(39,1,0,0)
w(40,1,0,0)
w(41,1,0,0)
w(42,1,0,0)
w(43,1,0,0)
w(44,1,0,0)
w(45,1,0,0)
w(46,1,0,0)
w(47,1,0,0)
w(48,1,0,0)
w(49,1,0,0)
w(50,1,0,0)
w(51,1,0,0)
w(52,1,0,0)
w(53,1,0,0)
w(54,1,0,0)
w(55,1,0,0)
w(56,1,0,0)
w(57,1,0,0)
w(58,1,0,0)
w(59,1,0,0)
w(60,1,0,0)
w(61,1,0,0)
w(62,1,0,0)
w(63,1,0,0)
w(64,1,0,0)
w(65,1,0,0)
w(66,1,0,0)
w(67,1,0,0)
w(68,1,0,0)
w(69,1,0,0)
w(70,1,0,0)
w(71,1,0,0)
w(72,1,0,0)
w(73,1,0,0)
w(74,1,0,0)
w(75,1,0,0)
w(76,1,0,0)
w(77,1,0,0)
w(78,1,0,0)
w(79,1,0,0)
w(80,1,0,0)
w(81,1,0,0)
w(82,1,0,0)
w(83,1,0,0)
w(84,1,0,0)
w(85,1,0,0)
w(86,1,0,0)
w(87,1,0,0)
w(88,1,0,0)
w(89,1,0,0)
w(90,1,0,0)
w(91,1,0,0)
w(92,1,0,0)
w(93,1,0,0)
w(94,1,0,0)
w(95,1,0,0)
w(96,1,0,0)
w(97,1,0,0)
w(98,1,0,0)
w(99,1,0,0)
w(100,1,0,0)
w(101,1,0,0)
w(102,1,0,0)
w(103,1,0,0)
w(104,1,0,0)
w(105,1,0,0)
w(106,1,0,0)
w(107,1,0,0)
w(108,1,0,0)
w(109,1,0,0)
w(110,1,0,0)
w(111,1,0,0)
w(112,1,0,0)
w(113,1,0,0)
w(114,1,0,0)
w(115,1,0,0)
w(116,1,0,0)
w(117,1,0,0)
w(118,1,0,0)
w(119,1,0,0)
w(120,1,0,0)
w(121,1,0,0)
w(122,1,0,0)
w(123,1,0,0)
w(124,1,0,0)
w(125,1,0,0)
w(126,1,0,0)
w(127,1,0,0)
w(128,1,0,0)
w(129,1,0,0)
w(130,1,0,0)
w(131,1,0,0)
w(132,1,0,0)
w(133,1,0,0)
w(134,1,0,0)
w(135,1,0,0)
w(136,1,0,0)
w(137,1,0,0)
w(138,1,0,0)
w(139,1,0,0)
w(140,1,0,0)
w(141,1,0,0)
w(142,1,0,0)
w(143,1,0,0)
w(144,1,0,0)
w(145,1,0,0)
w(146,1,0,0)
w(147,1,0,0)
w(148,1,0,0)
w(149,1,0,0)
w(150,1,0,0)
w(151,1,0,0)
w(152,1,0,0)
w(153,1,0,0)
w(154,1,0,0)
w(155,1,0,0)
w(156,1,0,0)
w(157,1,0,0)
w(158,1,0,0)
w(159,1,0,0)
w(160,1,0,0)
w(161,1,0,0)
w(162,1,0,0)
w(163,1,0,0)
w(164,1,0,0)
w(165,1,0,0)
w(166,1,0,0)
w(167,1,0,0)
w(168,1,0,0)
w(169,1,0,0)
w(170,1,0,0)
w(171,1,0,0)
w(172,1,0,0)
w(173,1,0,0)
w(174,1,0,0)
w(175,1,0,0)
w(176,1,0,0)
w(177,1,0,0)
w(178,1,0,0)
w(179,1,0,0)
w(180,1,0,0)
w(181,1,0,0)
w(182,1,0,0)
w(183,1,0,0)
w(184,1,0,0)
w(185,1,0,0)
w(186,1,0,0)
w(187,1,0,0)
w(188,1,0,0)
w(189,1,0,0)
w(190,1,0,0)
w(191,1,0,0)
w(192,1,0,0)
w(193,1,0,0)
w(194,1,0,0)
w(195,1,0,0)
w(196,1,0,0)
w(197,1,0,0)
w(198,1,0,0)
w(199,1,0,0)
w(200,1,0,0)
w(201,1,0,0)
w(202,1,0,0)
w(203,1,0,0)
w(204,1,0,0)
w(205,1,0,0)
w(206,1,0,0)
w(207,1,0,0)
w(208,1,0,0)
w(209,1,0,0)
w(210,1,0,0)
w(211,1,0,0)
w(212,1,0,0)
w(213,1,0,0)
w(214,1,0,0)
w(215,1,0,0)
w(216,1,0,0)
w(217,1,0,0)
w(218,1,0,0)
w(219,1,0,0)
w(220,1,0,0)
w(221,1,0,0)
w(222,1,0,0)
w(223,1,0,0)
w(224,1,0,0)
w(225,1,0,0)
w(226,1,0,0)
w(227,1,0,0)
w(228,1,0,0)
w(229,1,0,0)
w(230,1,0,0)
w(231,1,0,0)
w(232,1,0,0)
w(233,1,0,0)
w(234,1,0,0)
w(235,1,0,0)
w(236,1,0,0)
w(237,1,0,0)
w(238,1,0,0)
w(239,1,0,0)
w(240,1,0,0)
w(241,1,0,0)
w(242,1,0,0)
w(243,1,0,0)
w(244,1,0,0)
w(245,1,0,0)
w(246,1,0,0)
w(247,1,0,0)
w(248,1,0,0)
w(249,1,0,0)
w(250,1,0,0)
w(251,1,0,0)
w(252,1,0,0)
w(253,1,0,0)
w(254,1,0,0)
w(255,1,0,0)
w(256,1,0,0)
w(257,1,0,0)
w(258,1,0,0)
w(259,1,0,0)
w(260,1,0,0)
w(261,1,0,0)
w(262,1,0,0)
w(263,1,0,0)
w(264,1,0,0)
w(265,1,0,0)
w(266,1,0,0)
w(267,1,0,0)
w(268,1,0,0)
w(269,1,0,0)
w(270,1,0,0)
w(271,1,0,0)
w(272,1,0,0)
w(273,1,0,0)
w(274,1,0,0)
w(275,1,0,0)
w(276,1,0,0)
w(277,1,0,0)
w(278,1,0,0)
w(279,1,0,0)
w(280,1,0,0)
w(281,1,0,0)
w(282,1,0,0)
w(283,1,0,0)
w(284,1,0,0)
w(285,1,0,0)
w(286,1,0,0)
w(287,1,0,0)
w(288,1,0,0)
w(289,1,0,0)
w(290,1,0,0)
w(291,1,0,0)
w(292,1,0,0)
w(293,1,0,0)
w(294,1,0,0)
w(295,1,0,0)
w(296,1,0,0)
w(297,1,0,0)
w(298,1,0,0)
w(299,1,0,0)
w(300,1,0,0)
w(301,1,0,0)
w(302,1,0,0)
w(303,1,0,0)
w(304,1,0,0)
w(305,1,0,0)
w(306,1,0,0)
w(307,1,0,0)
w(308,1,0,0)
w(309,1,0,0)
w(310,1,0,0)
w(311,1,0,0)
w(312,1,0,0)
w(313,1,0,0)
w(314,1,0,0)
w(315,1,0,0)
w(316,1,0,0)
w(317,1,0,0)
w(318,1,0,0)
w(319,1,0,0)
w(320,1,0,0)
w(321,1,0,0)
w(322,1,0,0)
w(323,1,0,0)
w(324,1,0,0)
w(325,1,0,0)
w(326,1,0,0)
w(327,1,0,0)
w(328,1,0,0)
w(329,1,0,0)
w(330,1,0,0)
w(331,1,0,0)
w(332,1,0,0)
w(333,1,0,0)
w(334,1,0,0)
w(335,1,0,0)
w(336,1,0,0)
w(337,1,0,0)
w(338,1,0,0)
w(339,1,0,0)
w(340,1,0,0)
w(341,1,0,0)
w(342,1,0,0)
w(343,1,0,0)
w(344,1,0,0)
w(345,1,0,0)
w(346,1,0,0)
w(347,1,0,0)
w(348,1,0,0)
w(349,1,0,0)
w(350,1,0,0)
w(351,1,0,0)
w(352,1,0,0)
w(353,1,0,0)
w(354,1,0,0)
w(355,1,0,0)
w(356,1,0,0)
w(357,1,0,0)
w(358,1,0,0)
w(359,1,0,0)
w(360,1,0,0)
r(215,1,1,1)
w(1,2,1,1)
r(303,1,1,1)
w(35,2,1,1)
w(47,2,1,1)
r(91,1,1,1)
w(28,2,1,1)
w(14,2,1,1)
w(53,2,1,1)
r(347,1,1,1)
r(28,2,1,1)
r(126,1,1,1)
w(11,2,1,1)
r(302,1,1,1)
r(134,1,1,1)
w(54,2,1,1)
w(39,2,1,1)
w(36,2,1,1)
r(51,1,1,1)
w(15,2,1,1)
w(20,2,1,1)
r(348,1,1,1)
w(10,2,1,1)
r(158,1,1,1)
w(53,3,1,1)
w(3,2,1,1)
r(151,1,1,1)
w(4,2,1,1)
r(94,1,1,1)
r(341,1,1,1)
r(131,1,1,1)
w(43,2,1,1)
w(20,3,1,1)
w(15,3,1,1)
r(5,1,1,1)
w(6,2,1,1)
w(23,2,1,1)
w(3,3,1,1)
r(7,1,1,1)
w(46,2,1,1)
r(311,1,2,2)
r(214,5,2,2)
r(92,1,2,2)
w(63,3,2,2)
w(68,3,2,2)
w(72,4,2,2)
r(151,1,2,2)
r(33,2,2,2)
r(180,1,2,2)
r(152,1,2,2)
w(73,3,2,2)
r(13,1,2,2)
r(59,1,2,2)
w(86,3,2,2)
r(268,1,2,2)
w(93,2,2,2)
w(84,3,2,2)
r(356,1,2,2)
w(109,2,2,2)
r(96,1,2,2)
r(154,1,2,2)
r(175,2,2,2)
r(239,2,2,2)
w(72,5,2,2)
w(116,4,2,2)
r(251,1,2,2)
w(112,4,2,2)
w(119,2,2,2)
r(170,2,2,2)
r(188,3,2,2)
w(62,3,2,2)
r(175,2,2,2)
w(97,2,2,2)
w(87,3,2,2)
w(96,4,2,2)
w(85,2,2,2)
w(72,6,2,2)
r(44,3,2,2)
r(336,1,2,2)
w(110,3,2,2)
w(156,2,3,3)
w(165,2,3,3)
w(150,2,3,3)
w(179,2,3,3)
w(162,2,3,3)
w(178,2,3,3)
r(142,1,3,3)
w(175,2,3,3)
r(201,1,3,3)
w(127,2,3,3)
r(19,1,3,3)
r(307,1,3,3)
w(162,3,3,3)
r(343,1,3,3)
r(57,1,3,3)
w(122,2,3,3)
r(219,2,3,3)
r(41,1,3,3)
r(349,1,3,3)
r(255,1,3,3)
w(164,2,3,3)
r(222,1,3,3)
w(145,2,3,3)
w(176,2,3,3)
w(167,2,3,3)
w(169,2,3,3)
w(167,3,3,3)
w(144,2,3,3)
w(159,2,3,3)
w(131,2,3,3)
r(120,1,3,3)
w(147,2,3,3)
r(272,1,3,3)
w(142,2,3,3)
r(64,1,3,3)
r(296,1,3,3)
r(264,1,3,3)
w(177,2,3,3)
w(156,3,3,3)
w(165,3,3,3)
w(198,2,4,4)
r(214,1,4,4)
r(72,1,4,4)
r(100,1,4,4)
w(194,2,4,4)
w(236,2,4,4)
w(231,2,4,4)
w(188,2,4,4)
r(53,1,4,4)
w(213,2,4,4)
w(190,2,4,4)
w(219,2,4,4)
w(221,2,4,4)
r(37,1,4,4)
r(232,1,4,4)
w(218,2,4,4)
r(90,1,4,4)
w(199,2,4,4)
w(205,2,4,4)
r(251,1,4,4)
r(48,1,4,4)
w(214,2,4,4)
r(120,1,4,4)
w(235,2,4,4)
w(224,2,4,4)
r(174,1,4,4)
r(344,1,4,4)
w(203,2,4,4)
r(23,1,4,4)
r(69,1,4,4)
r(78,1,4,4)
r(75,1,4,4)
r(322,1,4,4)
r(323,1,4,4)
w(225,2,4,4)
w(230,2,4,4)
w(182,2,4,4)
r(40,1,4,4)
r(126,1,4,4)
r(161,1,4,4)
w(291,2,5,5)
r(162,3,5,5)
r(226,1,5,5)
w(271,2,5,5)
w(290,2,5,5)
r(196,2,5,5)
r(171,2,5,5)
w(257,2,5,5)
w(242,2,5,5)
r(288,1,5,5)
r(293,1,5,5)
r(286,1,5,5)
w(278,2,5,5)
w(273,2,5,5)
w(259,2,5,5)
w(253,3,5,5)
w(263,2,5,5)
r(111,1,5,5)
r(53,3,5,5)
r(177,2,5,5)
w(283,3,5,5)
r(246,1,5,5)
r(86,1,5,5)
r(203,2,5,5)
w(290,3,5,5)
r(141,1,5,5)
w(282,3,5,5)
w(241,2,5,5)
r(141,1,5,5)
r(235,3,5,5)
r(231,2,5,5)
w(260,2,5,5)
w(252,5,5,5)
w(262,2,5,5)
r(341,3,5,5)
w(293,2,5,5)
r(301,3,5,5)
r(90,1,5,5)
w(272,2,5,5)
w(258,2,5,5)
r(21,1,6,6)
w(329,2,6,6)
r(225,1,6,6)
r(21,1,6,6)
r(161,1,6,6)
w(315,2,6,6)
r(172,1,6,6)
r(183,1,6,6)
r(247,1,6,6)
r(146,1,6,6)
r(56,1,6,6)
w(302,2,6,6)
w(354,2,6,6)
w(318,2,6,6)
r(183,1,6,6)
r(238,1,6,6)
w(306,2,6,6)
r(174,1,6,6)
w(341,2,6,6)
w(316,2,6,6)
w(350,2,6,6)
w(334,2,6,6)
w(310,2,6,6)
w(352,2,6,6)
r(336,1,6,6)
r(261,1,6,6)
r(304,1,6,6)
w(323,2,6,6)
w(331,2,6,6)
w(316,3,6,6)
w(352,3,6,6)
r(72,1,6,6)
w(309,2,6,6)
r(353,1,6,6)
w(305,2,6,6)
w(340,2,6,6)
w(334,3,6,6)
w(319,2,6,6)
r(192,1,6,6)
r(130,1,1,7)
w(60,2,1,7)
w(38,2,1,7)
w(52,2,1,7)
w(9,2,1,7)
w(49,2,1,7)
w(43,3,1,7)
w(44,2,1,7)
w(56,2,1,7)
r(273,1,1,7)
r(201,1,1,7)
w(40,2,1,7)
w(39,3,1,7)
r(6,2,1,7)
r(262,1,1,7)
w(27,2,1,7)
w(24,2,1,7)
r(115,1,1,7)
w(33,2,1,7)
r(203,2,1,7)
r(97,1,1,7)
r(346,1,1,7)
w(55,2,1,7)
w(44,3,1,7)
r(116,1,1,7)
w(42,2,1,7)
r(190,2,1,7)
w(60,3,1,7)
w(4,3,1,7)
w(25,2,1,7)
r(357,1,1,7)
w(17,2,1,7)
r(330,1,1,7)
r(133,1,1,7)
r(108,1,1,7)
r(229,2,1,7)
w(23,3,1,7)
r(230,2,1,7)
w(25,3,1,7)
w(3,4,1,7)
r(36,4,2,8)
r(31,1,2,8)
w(107,2,2,8)
r(145,4,2,8)
r(38,2,2,8)
w(120,3,2,8)
r(328,1,2,8)
w(92,5,2,8)
w(69,3,2,8)
w(102,2,2,8)
r(3,5,2,8)
w(98,5,2,8)
w(88,3,2,8)
w(65,2,2,8)
w(108,3,2,8)
w(101,2,2,8)
r(187,2,2,8)
w(93,4,2,8)
w(103,2,2,8)
r(23,4,2,8)
w(73,4,2,8)
r(270,1,2,8)
w(61,4,2,8)
w(61,5,2,8)
w(86,5,2,8)
r(11,3,2,8)
r(227,2,2,8)
w(104,2,2,8)
w(89,2,2,8)
r(232,1,2,8)
w(115,2,2,8)
w(62,4,2,8)
r(204,1,2,8)
r(143,2,2,8)
w(93,5,2,8)
r(212,1,2,8)
r(220,1,2,8)
w(94,2,2,8)
r(306,1,2,8)
w(90,4,2,8)
r(321,1,3,9)
w(123,2,3,9)
r(349,1,3,9)
w(155,2,3,9)
w(161,2,3,9)
w(121,2,3,9)
w(159,3,3,9)
r(257,1,3,9)
r(207,1,3,9)
w(157,2,3,9)
r(73,1,3,9)
w(168,2,3,9)
r(194,2,3,9)
r(215,1,3,9)
r(131,2,3,9)
r(132,1,3,9)
w(137,2,3,9)
r(233,1,3,9)
w(134,2,3,9)
w(129,2,3,9)
w(145,3,3,9)
w(171,2,3,9)
w(170,2,3,9)
w(174,2,3,9)
r(261,1,3,9)
w(172,2,3,9)
w(167,4,3,9)
w(140,2,3,9)
w(149,2,3,9)
w(156,4,3,9)
r(231,2,3,9)
w(140,3,3,9)
w(139,2,3,9)
w(131,3,3,9)
w(169,3,3,9)
r(172,2,3,9)
r(74,1,3,9)
r(61,1,3,9)
w(127,3,3,9)
w(131,4,3,9)
r(217,1,4,10)
r(104,1,4,10)
w(219,3,4,10)
r(305,1,4,10)
w(196,2,4,10)
w(214,3,4,10)
r(230,2,4,10)
r(205,2,4,10)
w(225,3,4,10)
w(236,3,4,10)
r(314,1,4,10)
w(202,2,4,10)
w(229,2,4,10)
w(181,2,4,10)
r(154,1,4,10)
w(228,2,4,10)
r(198,2,4,10)
w(219,4,4,10)
w(214,4,4,10)
w(189,2,4,10)
r(293,1,4,10)
w(181,3,4,10)
r(30,1,4,10)
r(306,1,4,10)
w(214,5,4,10)
r(119,1,4,10)
w(199,3,4,10)
r(66,1,4,10)
w(200,2,4,10)
r(133,1,4,10)
r(16,1,4,10)
r(133,1,4,10)
r(121,1,4,10)
w(199,4,4,10)
w(225,4,4,10)
w(213,3,4,10)
r(165,3,4,10)
r(283,1,4,10)
w(221,3,4,10)
r(331,1,4,10)
r(349,1,5,11)
r(198,3,5,11)
w(289,2,5,11)
r(325,1,5,11)
w(280,2,5,11)
r(139,2,5,11)
w(299,2,5,11)
w(264,3,5,11)
r(151,1,5,11)
w(254,2,5,11)
r(54,2,5,11)
w(298,2,5,11)
w(243,3,5,11)
r(124,1,5,11)
r(255,1,5,11)
r(273,2,5,11)
r(118,1,5,11)
r(20,3,5,11)
r(220,1,5,11)
w(290,4,5,11)
w(289,3,5,11)
w(289,4,5,11)
r(166,2,5,11)
w(286,2,5,11)
w(297,2,5,11)
w(264,4,5,11)
r(64,1,5,11)
w(261,4,5,11)
r(61,1,5,11)
w(268,2,5,11)
r(285,1,5,11)
r(169,3,5,11)
r(318,3,5,11)
r(255,1,5,11)
w(243,4,5,11)
r(79,1,5,11)
w(272,3,5,11)
r(30,1,5,11)
r(316,4,5,11)
r(138,3,5,11)
r(34,1,6,12)
r(310,1,6,12)
w(321,3,6,12)
w(301,3,6,12)
w(344,3,6,12)
w(339,2,6,12)
w(322,3,6,12)
w(303,3,6,12)
w(339,3,6,12)
r(166,1,6,12)
r(30,1,6,12)
w(312,3,6,12)
w(326,2,6,12)
w(312,4,6,12)
r(303,3,6,12)
r(353,1,6,12)
r(20,3,6,12)
w(327,2,6,12)
w(324,3,6,12)
w(341,3,6,12)
w(332,2,6,12)
r(351,1,6,12)
w(331,3,6,12)
r(9,2,6,12)
w(359,2,6,12)
r(60,3,6,12)
r(298,1,6,12)
w(310,3,6,12)
w(316,4,6,12)
w(326,3,6,12)
w(360,2,6,12)
w(333,2,6,12)
r(314,1,6,12)
r(211,1,6,12)
w(321,4,6,12)
w(351,2,6,12)
w(312,5,6,12)
w(318,3,6,12)
r(239,2,6,12)
r(6,2,6,12)
r(358,1,1,13)
r(49,2,1,13)
w(19,2,1,13)
r(275,1,1,13)
r(161,2,1,13)
w(42,3,1,13)
w(12,2,1,13)
w(60,4,1,13)
r(151,1,1,13)
r(261,1,1,13)
r(283,3,1,13)
r(171,2,1,13)
w(14,3,1,13)
w(50,2,1,13)
w(27,3,1,13)
w(12,3,1,13)
r(28,2,1,13)
w(24,3,1,13)
w(39,4,1,13)
w(45,2,1,13)
w(46,3,1,13)
r(277,1,1,13)
w(32,2,1,13)
w(9,3,1,13)
r(56,2,1,13)
r(192,1,1,13)
w(57,2,1,13)
w(52,3,1,13)
w(55,3,1,13)
w(2,2,1,13)
r(215,1,1,13)
r(36,2,1,13)
w(3,5,1,13)
r(3,5,1,13)
w(6,3,1,13)
r(202,2,1,13)
r(89,1,1,13)
r(277,1,1,13)
r(233,1,1,13)
w(1,3,1,13)
w(66,2,2,14)
r(85,2,2,14)
w(104,3,2,14)
w(117,2,2,14)
w(81,5,2,14)
r(94,2,2,14)
r(185,1,2,14)
w(116,6,2,14)
r(322,3,2,14)
r(288,1,2,14)
w(61,6,2,14)
w(73,5,2,14)
r(79,1,2,14)
r(152,2,2,14)
w(103,3,2,14)
w(104,4,2,14)
w(103,4,2,14)
r(76,1,2,14)
r(122,2,2,14)
r(249,1,2,14)
r(18,2,2,14)
w(72,8,2,14)
w(64,2,2,14)
r(220,1,2,14)
w(95,2,2,14)
r(241,2,2,14)
r(232,1,2,14)
r(44,5,2,14)
r(212,1,2,14)
w(66,3,2,14)
w(119,3,2,14)
w(73,6,2,14)
r(230,2,2,14)
w(66,4,2,14)
r(83,1,2,14)
r(156,5,2,14)
r(181,3,2,14)
r(17,2,2,14)
w(70,3,2,14)
r(323,1,2,14)
r(224,3,3,15)
r(243,1,3,15)
r(183,1,3,15)
w(130,2,3,15)
w(145,4,3,15)
r(204,1,3,15)
r(24,2,3,15)
r(209,1,3,15)
r(340,1,3,15)
w(137,3,3,15)
w(138,2,3,15)
w(166,2,3,15)
w(138,3,3,15)
r(68,3,3,15)
r(86,3,3,15)
w(160,2,3,15)
w(132,2,3,15)
r(326,3,3,15)
w(127,4,3,15)
w(149,3,3,15)
w(159,4,3,15)
w(128,2,3,15)
w(175,3,3,15)
r(103,1,3,15)
r(8,1,3,15)
w(158,2,3,15)
r(282,3,3,15)
r(348,1,3,15)
w(168,3,3,15)
w(143,2,3,15)
w(121,3,3,15)
r(102,1,3,15)
r(322,3,3,15)
r(259,2,3,15)
w(157,3,3,15)
w(125,2,3,15)
w(167,5,3,15)
w(157,4,3,15)
r(98,1,3,15)
w(123,3,3,15)
r(275,1,4,16)
r(116,1,4,16)
w(235,3,4,16)
w(198,3,4,16)
w(223,2,4,16)
w(239,2,4,16)
r(315,1,4,16)
w(187,2,4,16)
r(278,1,4,16)
r(242,1,4,16)
r(315,1,4,16)
w(191,2,4,16)
r(147,2,4,16)
r(78,1,4,16)
r(10,2,4,16)
w(201,2,4,16)
r(97,1,4,16)
r(223,2,4,16)
r(334,1,4,16)
r(218,2,4,16)
w(218,3,4,16)
w(224,3,4,16)
r(72,1,4,16)
r(255,1,4,16)
w(194,3,4,16)
r(100,1,4,16)
r(296,1,4,16)
r(30,1,4,16)
w(227,2,4,16)
r(72,1,4,16)
w(195,2,4,16)
w(217,2,4,16)
w(184,2,4,16)
r(9,2,4,16)
w(188,3,4,16)
r(262,1,4,16)
r(116,1,4,16)
r(145,3,4,16)
w(195,3,4,16)
r(197,1,4,16)
w(277,2,5,17)
r(158,2,5,17)
w(242,3,5,17)
r(39,4,5,17)
r(82,1,5,17)
r(22,4,5,17)
w(251,4,5,17)
r(136,1,5,17)
r(62,4,5,17)
r(261,4,5,17)
w(272,4,5,17)
w(246,3,5,17)
w(294,2,5,17)
w(249,2,5,17)
r(10,2,5,17)
r(115,5,5,17)
r(279,1,5,17)
w(278,4,5,17)
r(159,5,5,17)
w(299,4,5,17)
w(247,4,5,17)
r(9,3,5,17)
w(262,4,5,17)
w(263,3,5,17)
r(50,5,5,17)
w(262,5,5,17)
r(156,5,5,17)
r(310,3,5,17)
r(287,1,5,17)
w(242,4,5,17)
w(292,2,5,17)
r(102,2,5,17)
r(312,5,5,17)
r(117,2,5,17)
r(213,3,5,17)
w(284,2,5,17)
r(270,1,5,17)
w(254,4,5,17)
r(126,1,5,17)
r(264,4,5,17)
w(302,6,6,18)
w(359,4,6,18)
r(114,1,6,18)
w(319,5,6,18)
r(158,2,6,18)
r(293,2,6,18)
w(347,2,6,18)
r(2,2,6,18)
w(353,4,6,18)
r(350,1,6,18)
r(212,1,6,18)
r(118,1,6,18)
w(320,2,6,18)
r(259,2,6,18)
w(355,3,6,18)
r(143,4,6,18)
w(353,5,6,18)
w(346,2,6,18)
r(329,1,6,18)
w(340,3,6,18)
w(342,4,6,18)
w(309,5,6,18)
w(326,4,6,18)
r(343,1,6,18)
r(348,1,6,18)
w(326,5,6,18)
r(107,2,6,18)
r(10,2,6,18)
r(196,2,6,18)
r(136,1,6,18)
w(360,3,6,18)
r(308,1,6,18)
w(347,3,6,18)
r(92,5,6,18)
w(359,5,6,18)
w(337,3,6,18)
w(356,4,6,18)
w(344,4,6,18)
w(301,5,6,18)
r(180,1,6,18)
w(1,4,1,19)
w(22,2,1,19)
w(40,3,1,19)
r(340,1,1,19)
w(58,2,1,19)
w(34,2,1,19)
w(47,3,1,19)
r(94,1,1,19)
r(102,1,1,19)
w(16,2,1,19)
r(88,1,1,19)
w(59,2,1,19)
w(6,4,1,19)
w(57,3,1,19)
r(158,2,1,19)
w(4,4,1,19)
r(307,1,1,19)
w(21,2,1,19)
r(23,3,1,19)
r(47,3,1,19)
w(23,4,1,19)
r(63,3,1,19)
w(27,4,1,19)
r(235,3,1,19)
w(11,3,1,19)
r(34,2,1,19)
w(29,2,1,19)
w(29,3,1,19)
w(43,4,1,19)
r(320,1,1,19)
w(46,4,1,19)
r(316,4,1,19)
w(36,3,1,19)
r(312,5,1,19)
r(268,2,1,19)
r(132,2,1,19)
w(36,4,1,19)
w(50,3,1,19)
w(29,4,1,19)
w(18,2,1,19)
w(84,4,2,20)
r(111,1,2,20)
w(99,2,2,20)
w(115,3,2,20)
w(118,3,2,20)
r(91,1,2,20)
r(348,1,2,20)
r(66,4,2,20)
w(115,4,2,20)
w(75,3,2,20)
r(144,2,2,20)
w(86,6,2,20)
r(107,2,2,20)
r(193,1,2,20)
r(306,1,2,20)
w(64,3,2,20)
w(73,7,2,20)
r(120,3,2,20)
r(211,1,2,20)
r(204,1,2,20)
w(115,5,2,20)
w(88,4,2,20)
r(235,3,2,20)
w(94,3,2,20)
r(152,2,2,20)
r(34,3,2,20)
r(33,4,2,20)
w(65,3,2,20)
w(75,4,2,20)
w(113,2,2,20)
r(91,1,2,20)
w(107,3,2,20)
w(73,8,2,20)
w(113,3,2,20)
r(47,3,2,20)
r(278,2,2,20)
w(66,5,2,20)
w(97,4,2,20)
w(69,4,2,20)
w(93,6,2,20)
w(159,5,3,21)
r(35,2,3,21)
w(177,3,3,21)
r(346,1,3,21)
r(210,1,3,21)
w(150,3,3,21)
r(237,1,3,21)
w(152,2,3,21)
w(168,4,3,21)
r(358,1,3,21)
r(286,2,3,21)
w(148,2,3,21)
w(163,2,3,21)
r(304,1,3,21)
r(214,5,3,21)
r(53,3,3,21)
w(132,3,3,21)
r(78,1,3,21)
r(190,2,3,21)
r(304,1,3,21)
w(156,5,3,21)
r(85,2,3,21)
w(121,4,3,21)
r(50,3,3,21)
r(272,3,3,21)
r(135,1,3,21)
r(180,1,3,21)
r(85,2,3,21)
w(138,4,3,21)
r(257,2,3,21)
w(138,5,3,21)
w(133,2,3,21)
w(154,2,3,21)
r(5,1,3,21)
w(147,3,3,21)
w(146,2,3,21)
w(165,4,3,21)
r(348,1,3,21)
r(297,2,3,21)
w(133,3,3,21)
r(4,5,4,22)
r(261,4,4,22)
r(21,3,4,22)
w(214,6,4,22)
w(214,7,4,22)
r(127,4,4,22)
r(296,1,4,22)
w(203,3,4,22)
r(29,4,4,22)
r(202,2,4,22)
r(229,2,4,22)
r(53,4,4,22)
r(21,3,4,22)
r(181,3,4,22)
w(214,8,4,22)
w(237,2,4,22)
w(202,3,4,22)
r(242,2,4,22)
w(217,4,4,22)
r(235,3,4,22)
r(272,3,4,22)
w(210,4,4,22)
r(146,2,4,22)
r(256,1,4,22)
w(231,5,4,22)
w(201,4,4,22)
r(293,2,4,22)
w(202,4,4,22)
r(189,2,4,22)
w(203,4,4,22)
w(236,5,4,22)
r(30,2,4,22)
w(233,2,4,22)
r(83,1,4,22)
r(283,3,4,22)
r(156,5,4,22)
w(194,6,4,22)
r(22,4,4,22)
w(194,7,4,22)
r(71,1,4,22)
r(85,2,5,23)
w(251,7,5,23)
r(160,2,5,23)
w(266,3,5,23)
w(283,7,5,23)
r(3,6,5,23)
r(147,4,5,23)
w(269,3,5,23)
w(246,4,5,23)
w(283,8,5,23)
r(206,3,5,23)
r(153,4,5,23)
w(297,5,5,23)
r(347,3,5,23)
w(267,3,5,23)
r(156,5,5,23)
r(12,4,5,23)
w(283,9,5,23)
w(290,6,5,23)
w(246,5,5,23)
w(268,5,5,23)
r(246,5,5,23)
w(248,3,5,23)
r(105,1,5,23)
r(276,1,5,23)
w(279,4,5,23)
w(267,4,5,23)
r(253,3,5,23)
w(297,6,5,23)
r(181,5,5,23)
w(257,6,5,23)
w(285,5,5,23)
w(279,5,5,23)
r(251,7,5,23)
w(279,6,5,23)
w(298,4,5,23)
r(121,8,5,23)
w(272,6,5,23)
r(232,5,5,23)
r(121,8,5,23)
r(355,3,6,24)
r(131,4,6,24)
w(320,3,6,24)
w(348,4,6,24)
w(356,5,6,24)
r(226,1,6,24)
w(333,3,6,24)
r(89,2,6,24)
w(357,4,6,24)
r(220,1,6,24)
r(161,2,6,24)
r(326,5,6,24)
w(325,4,6,24)
w(322,4,6,24)
w(328,3,6,24)
r(15,4,6,24)
r(3,6,6,24)
w(322,5,6,24)
w(351,3,6,24)
r(334,1,6,24)
w(309,6,6,24)
w(327,4,6,24)
w(312,6,6,24)
w(356,6,6,24)
r(245,1,6,24)
r(222,1,6,24)
w(303,4,6,24)
r(341,3,6,24)
r(57,3,6,24)
r(282,3,6,24)
w(315,5,6,24)
w(316,7,6,24)
r(283,3,6,24)
r(302,6,6,24)
r(319,5,6,24)
w(354,3,6,24)
w(334,4,6,24)
w(312,7,6,24)
w(308,2,6,24)
w(309,7,6,24)
w(20,4,1,25)
r(93,5,1,25)
w(51,2,1,25)
w(32,3,1,25)
r(104,2,1,25)
w(34,3,1,25)
w(36,5,1,25)
w(25,4,1,25)
r(316,4,1,25)
r(70,1,1,25)
w(33,3,1,25)
w(33,4,1,25)
r(15,3,1,25)
r(187,2,1,25)
w(44,4,1,25)
r(305,1,1,25)
w(45,3,1,25)
w(22,3,1,25)
w(44,5,1,25)
w(1,5,1,25)
r(193,1,1,25)
r(207,1,1,25)
r(158,2,1,25)
w(56,3,1,25)
w(4,5,1,25)
r(316,4,1,25)
r(239,2,1,25)
w(30,2,1,25)
r(358,1,1,25)
r(173,1,1,25)
r(346,1,1,25)
r(306,1,1,25)
w(60,5,1,25)
r(100,1,1,25)
r(132,3,1,25)
r(201,2,1,25)
w(36,6,1,25)
w(20,5,1,25)
r(223,2,1,25)
r(59,2,1,25)
r(334,4,2,26)
w(111,5,2,26)
w(62,5,2,26)
r(29,4,2,26)
w(111,6,2,26)
r(241,2,2,26)
r(279,1,2,26)
r(118,3,2,26)
r(148,2,2,26)
w(107,4,2,26)
r(75,4,2,26)
r(323,1,2,26)
w(103,5,2,26)
r(191,2,2,26)
w(102,3,2,26)
r(47,3,2,26)
r(31,1,2,26)
w(84,5,2,26)
w(88,5,2,26)
r(264,4,2,26)
w(119,4,2,26)
w(73,9,2,26)
r(306,1,2,26)
w(118,4,2,26)
r(213,3,2,26)
r(299,4,2,26)
w(101,3,2,26)
w(68,4,2,26)
w(66,6,2,26)
w(114,2,2,26)
r(325,4,2,26)
r(320,3,2,26)
r(54,2,2,26)
w(61,7,2,26)
w(80,2,2,26)
r(266,1,2,26)
r(115,5,2,26)
r(339,3,2,26)
r(182,2,2,26)
r(100,1,2,26)
r(210,1,3,27)
r(311,1,3,27)
r(293,2,3,27)
r(217,2,3,27)
r(327,2,3,27)
w(139,3,3,27)
w(170,3,3,27)
r(136,1,3,27)
r(287,1,3,27)
r(248,1,3,27)
w(145,5,3,27)
r(341,3,3,27)
r(44,5,3,27)
w(124,2,3,27)
r(224,3,3,27)
w(178,3,3,27)
w(179,3,3,27)
r(211,1,3,27)
r(65,2,3,27)
w(121,5,3,27)
r(342,1,3,27)
r(237,1,3,27)
w(153,2,3,27)
r(28,2,3,27)
w(175,4,3,27)
w(143,3,3,27)
w(172,3,3,27)
r(177,3,3,27)
r(97,2,3,27)
w(122,3,3,27)
w(170,4,3,27)
r(333,2,3,27)
r(20,5,3,27)
r(300,1,3,27)
r(28,2,3,27)
w(143,4,3,27)
r(260,2,3,27)
r(1,5,3,27)
r(83,1,3,27)
r(123,3,3,27)
r(203,4,4,28)
w(204,3,4,28)
w(185,2,4,28)
w(184,3,4,28)
w(235,5,4,28)
w(183,2,4,28)
r(328,3,4,28)
r(120,3,4,28)
r(20,5,4,28)
r(285,1,4,28)
r(272,4,4,28)
r(108,3,4,28)
r(187,2,4,28)
w(235,6,4,28)
w(219,5,4,28)
r(164,2,4,28)
r(213,3,4,28)
r(280,2,4,28)
r(163,2,4,28)
r(328,3,4,28)
r(109,2,4,28)
r(217,4,4,28)
w(195,4,4,28)
w(204,4,4,28)
r(128,2,4,28)
w(207,3,4,28)
w(186,2,4,28)
r(137,3,4,28)
r(38,2,4,28)
r(70,3,4,28)
r(78,1,4,28)
w(221,4,4,28)
r(7,1,4,28)
w(225,7,4,28)
w(201,5,4,28)
w(208,3,4,28)
r(327,4,4,28)
r(215,1,4,28)
w(214,9,4,28)
w(211,3,4,28)
w(266,4,5,29)
r(266,4,5,29)
w(289,8,5,29)
w(296,2,5,29)
r(94,3,5,29)
w(255,4,5,29)
w(254,7,5,29)
r(113,4,5,29)
w(298,7,5,29)
w(282,6,5,29)
r(310,3,5,29)
r(313,4,5,29)
w(255,5,5,29)
r(64,3,5,29)
r(214,13,5,29)
r(332,2,5,29)
w(296,3,5,29)
r(213,4,5,29)
r(71,1,5,29)
w(278,6,5,29)
w(246,6,5,29)
w(269,5,5,29)
r(270,1,5,29)
r(345,5,5,29)
w(294,3,5,29)
w(262,7,5,29)
w(291,5,5,29)
r(277,2,5,29)
w(272,9,5,29)
w(281,3,5,29)
w(246,7,5,29)
w(283,11,5,29)
w(283,12,5,29)
r(92,6,5,29)
w(248,5,5,29)
r(354,4,5,29)
w(300,3,5,29)
w(265,2,5,29)
w(241,5,5,29)
r(258,2,5,29)
r(355,3,6,30)
r(36,6,6,30)
w(351,4,6,30)
r(103,5,6,30)
w(328,4,6,30)
w(316,8,6,30)
r(236,5,6,30)
r(315,5,6,30)
r(251,4,6,30)
r(120,3,6,30)
r(20,5,6,30)
r(180,1,6,30)
w(354,4,6,30)
w(303,5,6,30)
r(66,6,6,30)
r(188,3,6,30)
r(182,2,6,30)
r(309,7,6,30)
r(22,4,6,30)
w(348,5,6,30)
r(342,4,6,30)
r(98,5,6,30)
r(57,3,6,30)
w(358,2,6,30)
w(344,5,6,30)
w(339,6,6,30)
r(99,2,6,30)
r(204,4,6,30)
w(322,6,6,30)
r(152,2,6,30)
w(328,5,6,30)
w(309,8,6,30)
r(65,3,6,30)
r(145,5,6,30)
r(1,6,6,30)
r(306,1,6,30)
r(205,2,6,30)
w(357,5,6,30)
w(346,3,6,30)
r(142,2,6,30)
r(94,2,1,31)
r(77,1,1,31)
w(15,4,1,31)
r(262,2,1,31)
r(47,3,1,31)
w(59,3,1,31)
r(192,1,1,31)
r(358,1,1,31)
w(25,5,1,31)
r(3,5,1,31)
r(223,2,1,31)
w(21,3,1,31)
r(65,2,1,31)
r(212,1,1,31)
r(20,5,1,31)
w(1,6,1,31)
w(51,3,1,31)
w(51,4,1,31)
w(3,6,1,31)
w(48,2,1,31)
r(93,5,1,31)
r(250,1,1,31)
w(22,4,1,31)
w(46,5,1,31)
w(53,4,1,31)
w(41,2,1,31)
w(11,4,1,31)
w(50,4,1,31)
w(50,5,1,31)
r(272,3,1,31)
r(96,4,1,31)
r(152,2,1,31)
r(326,3,1,31)
w(11,5,1,31)
r(97,2,1,31)
w(56,4,1,31)
r(170,4,1,31)
r(322,3,1,31)
w(25,6,1,31)
r(46,5,1,31)
w(74,2,2,32)
r(8,1,2,32)
w(113,4,2,32)
w(87,4,2,32)
r(63,3,2,32)
w(98,6,2,32)
w(80,3,2,32)
r(251,4,2,32)
w(93,7,2,32)
r(305,1,2,32)
w(77,2,2,32)
w(83,3,2,32)
r(83,3,2,32)
w(73,10,2,32)
r(208,3,2,32)
r(57,3,2,32)
r(21,3,2,32)
w(98,7,2,32)
w(115,6,2,32)
w(77,3,2,32)
w(114,3,2,32)
r(4,5,2,32)
r(3,6,2,32)
w(89,3,2,32)
w(92,6,2,32)
w(97,5,2,32)
w(76,3,2,32)
w(65,4,2,32)
r(198,3,2,32)
w(110,4,2,32)
r(40,3,2,32)
w(83,4,2,32)
w(90,5,2,32)
r(329,1,2,32)
r(73,10,2,32)
w(101,4,2,32)
w(83,5,2,32)
w(69,5,2,32)
r(106,1,2,32)
r(153,2,2,32)
w(148,4,3,33)
w(134,5,3,33)
w(123,4,3,33)
w(154,4,3,33)
r(223,2,3,33)
r(326,5,3,33)
r(171,2,3,33)
r(42,4,3,33)
w(154,5,3,33)
r(307,1,3,33)
w(140,4,3,33)
w(147,4,3,33)
w(129,3,3,33)
w(154,6,3,33)
w(130,3,3,33)
w(144,5,3,33)
r(141,1,3,33)
w(169,5,3,33)
w(172,4,3,33)
r(198,3,3,33)
r(1,6,3,33)
r(31,1,3,33)
w(141,4,3,33)
w(174,3,3,33)
r(249,2,3,33)
r(32,3,3,33)
w(153,4,3,33)
r(146,2,3,33)
w(126,4,3,33)
w(152,3,3,33)
w(165,5,3,33)
w(132,4,3,33)
w(175,6,3,33)
w(163,3,3,33)
r(312,7,3,33)
r(30,3,3,33)
r(7,1,3,33)
w(123,5,3,33)
w(177,4,3,33)
r(82,1,3,33)
w(240,6,4,34)
w(212,4,4,34)
r(127,4,4,34)
w(238,3,4,34)
r(8,3,4,34)
w(232,4,4,34)
r(86,6,4,34)
r(178,3,4,34)
w(218,4,4,34)
r(267,1,4,34)
r(256,1,4,34)
w(181,5,4,34)
r(271,2,4,34)
r(110,4,4,34)
r(312,9,4,34)
r(342,5,4,34)
w(201,6,4,34)
w(232,5,4,34)
w(214,11,4,34)
r(340,3,4,34)
w(206,3,4,34)
r(5,1,4,34)
w(224,5,4,34)
w(183,3,4,34)
r(32,4,4,34)
r(352,1,4,34)
w(197,4,4,34)
w(235,8,4,34)
r(97,5,4,34)
w(201,7,4,34)
w(188,5,4,34)
w(225,8,4,34)
w(234,3,4,34)
w(195,5,4,34)
w(182,3,4,34)
r(321,4,4,34)
r(145,7,4,34)
w(219,6,4,34)
r(230,2,4,34)
w(212,5,4,34)
r(70,3,5,35)
w(292,7,5,35)
w(282,7,5,35)
w(281,4,5,35)
r(100,1,5,35)
r(301,5,5,35)
r(208,6,5,35)
r(178,3,5,35)
w(258,4,5,35)
r(336,3,5,35)
w(256,5,5,35)
w(273,3,5,35)
r(8,5,5,35)
w(299,7,5,35)
r(334,8,5,35)
w(270,3,5,35)
w(294,4,5,35)
r(289,8,5,35)
w(276,8,5,35)
r(247,4,5,35)
r(97,5,5,35)
w(254,8,5,35)
r(352,6,5,35)
r(351,6,5,35)
r(138,7,5,35)
r(207,8,5,35)
w(242,6,5,35)
w(295,6,5,35)
r(207,8,5,35)
r(49,6,5,35)
r(168,7,5,35)
w(271,5,5,35)
r(148,7,5,35)
w(295,7,5,35)
r(263,3,5,35)
w(294,5,5,35)
r(170,6,5,35)
r(32,6,5,35)
w(299,8,5,35)
w(274,6,5,35)
w(345,3,6,36)
r(295,1,6,36)
r(27,4,6,36)
w(360,5,6,36)
r(86,6,6,36)
w(327,6,6,36)
w(328,8,6,36)
w(346,6,6,36)
w(319,8,6,36)
w(308,4,6,36)
r(270,1,6,36)
w(312,9,6,36)
r(206,1,6,36)
w(342,5,6,36)
r(107,4,6,36)
r(31,1,6,36)
r(68,4,6,36)
r(205,2,6,36)
r(105,1,6,36)
w(327,7,6,36)
r(207,3,6,36)
r(35,2,6,36)
r(130,3,6,36)
r(258,2,6,36)
r(219,5,6,36)
r(308,4,6,36)
r(183,2,6,36)
w(350,5,6,36)
w(326,6,6,36)
r(113,4,6,36)
r(38,4,6,36)
w(358,3,6,36)
r(356,6,6,36)
r(85,2,6,36)
r(352,1,6,36)
r(258,2,6,36)
r(295,1,6,36)
r(317,1,6,36)
r(75,4,6,36)
w(358,4,6,36)
w(25,7,1,37)
w(26,2,1,37)
r(6,4,1,37)
r(39,4,1,37)
r(45,3,1,37)
w(25,8,1,37)
r(48,2,1,37)
w(51,5,1,37)
w(58,3,1,37)
r(351,4,1,37)
w(51,6,1,37)
r(319,5,1,37)
w(28,3,1,37)
w(56,5,1,37)
w(14,4,1,37)
r(213,3,1,37)
r(186,2,1,37)
w(34,6,1,37)
w(29,5,1,37)
w(28,4,1,37)
w(55,4,1,37)
w(52,4,1,37)
w(42,4,1,37)
r(145,5,1,37)
w(46,6,1,37)
w(50,6,1,37)
r(82,1,1,37)
w(28,5,1,37)
w(29,6,1,37)
w(8,3,1,37)
w(30,3,1,37)
r(116,6,1,37)
w(47,5,1,37)
r(340,3,1,37)
w(50,7,1,37)
w(25,9,1,37)
r(290,4,1,37)
w(14,5,1,37)
r(181,3,1,37)
w(50,8,1,37)
r(322,6,2,38)
r(176,3,2,38)
w(77,4,2,38)
w(91,2,2,38)
w(98,10,2,38)
w(67,4,2,38)
r(7,1,2,38)
r(245,1,2,38)
w(79,3,2,38)
w(83,6,2,38)
r(339,6,2,38)
w(111,7,2,38)
w(114,4,2,38)
w(108,4,2,38)
r(312,10,2,38)
r(124,2,2,38)
w(101,5,2,38)
r(181,5,2,38)
w(98,11,2,38)
r(327,8,2,38)
r(7,1,2,38)
w(111,8,2,38)
w(117,4,2,38)
r(301,5,2,38)
w(107,7,2,38)
w(115,8,2,38)
r(5,1,2,38)
r(119,4,2,38)
w(66,7,2,38)
w(67,5,2,38)
r(116,6,2,38)
w(63,6,2,38)
w(81,7,2,38)
w(96,7,2,38)
w(99,3,2,38)
r(213,4,2,38)
r(257,6,2,38)
r(181,5,2,38)
r(96,7,2,38)
r(115,8,2,38)
r(261,4,3,39)
w(128,3,3,39)
r(224,3,3,39)
w(159,6,3,39)
w(142,3,3,39)
r(351,4,3,39)
w(172,5,3,39)
w(172,6,3,39)
w(121,7,3,39)
r(343,1,3,39)
w(145,7,3,39)
r(131,4,3,39)
w(121,8,3,39)
w(154,7,3,39)
r(109,2,3,39)
w(146,5,3,39)
r(41,2,3,39)
w(168,7,3,39)
r(204,4,3,39)
w(142,4,3,39)
r(257,2,3,39)
r(106,1,3,39)
r(165,5,3,39)
w(173,2,3,39)
r(164,2,3,39)
r(169,5,3,39)
r(203,4,3,39)
w(167,6,3,39)
r(147,4,3,39)
r(356,6,3,39)
w(163,4,3,39)
r(155,2,3,39)
w(155,4,3,39)
r(79,1,3,39)
r(218,3,3,39)
r(47,5,3,39)
r(297,2,3,39)
r(83,5,3,39)
w(167,7,3,39)
w(171,3,3,39)
w(193,2,4,40)
r(147,4,4,40)
w(221,7,4,40)
r(49,4,4,40)
w(183,4,4,40)
w(215,4,4,40)
r(348,5,4,40)
w(225,9,4,40)
r(98,7,4,40)
w(226,2,4,40)
r(325,4,4,40)
w(233,3,4,40)
w(189,7,4,40)
r(253,3,4,40)
w(232,6,4,40)
r(114,3,4,40)
r(253,3,4,40)
r(256,1,4,40)
w(212,6,4,40)
r(35,2,4,40)
r(77,3,4,40)
w(208,4,4,40)
w(187,3,4,40)
w(202,5,4,40)
r(235,8,4,40)
r(24,3,4,40)
w(239,4,4,40)
w(208,5,4,40)
r(217,4,4,40)
w(215,5,4,40)
w(195,6,4,40)
r(228,2,4,40)
r(218,4,4,40)
r(155,4,4,40)
w(206,4,4,40)
r(66,6,4,40)
r(73,10,4,40)
r(113,4,4,40)
w(218,5,4,40)
w(209,3,4,40)
w(300,4,5,41)
r(347,4,5,41)
w(294,6,5,41)
r(33,6,5,41)
r(117,4,5,41)
w(273,4,5,41)
r(5,3,5,41)
r(37,2,5,41)
r(233,4,5,41)
w(243,8,5,41)
r(3,6,5,41)
r(294,6,5,41)
r(287,1,5,41)
w(300,5,5,41)
w(268,7,5,41)
w(294,7,5,41)
r(76,5,5,41)
w(273,5,5,41)
r(112,4,5,41)
r(33,6,5,41)
w(281,5,5,41)
w(293,5,5,41)
w(267,6,5,41)
r(67,6,5,41)
r(13,4,5,41)
r(192,3,5,41)
w(299,9,5,41)
w(253,7,5,41)
w(269,6,5,41)
w(295,8,5,41)
r(166,7,5,41)
r(106,4,5,41)
r(274,6,5,41)
w(284,4,5,41)
w(244,3,5,41)
w(280,5,5,41)
r(54,2,5,41)
r(227,3,5,41)
w(264,7,5,41)
w(248,6,5,41)
w(357,8,6,42)
w(352,5,6,42)
w(351,5,6,42)
w(342,6,6,42)
w(345,4,6,42)
w(334,6,6,42)
w(316,9,6,42)
r(273,2,6,42)
r(334,6,6,42)
r(23,4,6,42)
r(252,5,6,42)
r(240,6,6,42)
w(318,6,6,42)
w(326,7,6,42)
r(94,3,6,42)
r(44,5,6,42)
w(323,4,6,42)
r(34,7,6,42)
w(328,9,6,42)
r(229,2,6,42)
w(352,6,6,42)
r(234,3,6,42)
w(323,5,6,42)
w(323,6,6,42)
w(331,4,6,42)
r(16,4,6,42)
r(210,4,6,42)
w(344,7,6,42)
r(139,3,6,42)
w(335,3,6,42)
w(353,7,6,42)
w(324,5,6,42)
w(328,10,6,42)
w(357,9,6,42)
w(312,10,6,42)
r(124,2,6,42)
w(319,9,6,42)
r(8,3,6,42)
w(340,4,6,42)
w(306,5,6,42)
w(16,4,1,43)
w(49,3,1,43)
w(6,5,1,43)
r(271,2,1,43)
r(357,5,1,43)
w(34,7,1,43)
w(19,3,1,43)
r(226,1,1,43)
w(25,10,1,43)
r(209,1,1,43)
r(192,1,1,43)
w(1,7,1,43)
w(49,4,1,43)
w(48,3,1,43)
w(60,6,1,43)
w(32,4,1,43)
w(55,5,1,43)
r(45,3,1,43)
r(189,2,1,43)
w(36,7,1,43)
r(207,3,1,43)
w(15,6,1,43)
r(178,3,1,43)
w(55,6,1,43)
r(184,3,1,43)
w(2,4,1,43)
r(192,1,1,43)
r(153,4,1,43)
w(38,4,1,43)
r(339,6,1,43)
r(187,2,1,43)
w(12,4,1,43)
w(40,5,1,43)
r(43,4,1,43)
r(50,8,1,43)
r(335,1,1,43)
w(1,8,1,43)
w(25,11,1,43)
r(143,4,1,43)
r(248,1,1,43)
r(17,4,2,44)
w(78,4,2,44)
r(49,6,2,44)
w(63,7,2,44)
w(114,6,2,44)
r(74,2,2,44)
w(105,4,2,44)
r(30,6,2,44)
r(151,3,2,44)
w(85,3,2,44)
w(113,6,2,44)
r(190,4,2,44)
r(55,7,2,44)
w(88,6,2,44)
w(64,5,2,44)
r(121,8,2,44)
w(76,5,2,44)
r(279,6,2,44)
w(67,6,2,44)
r(319,9,2,44)
w(81,8,2,44)
r(20,8,2,44)
r(268,5,2,44)
w(106,4,2,44)
r(299,8,2,44)
r(202,5,2,44)
r(332,2,2,44)
r(17,4,2,44)
w(114,7,2,44)
r(154,7,2,44)
r(22,5,2,44)
r(231,7,2,44)
w(100,6,2,44)
w(81,9,2,44)
r(299,8,2,44)
r(353,8,2,44)
w(120,7,2,44)
r(100,6,2,44)
w(69,6,2,44)
w(104,6,2,44)
w(123,6,3,45)
w(151,2,3,45)
w(143,6,3,45)
r(357,9,3,45)
r(55,6,3,45)
w(126,5,3,45)
w(139,4,3,45)
w(179,4,3,45)
r(252,5,3,45)
r(253,3,3,45)
w(133,4,3,45)
r(347,3,3,45)
r(121,8,3,45)
w(145,8,3,45)
r(11,5,3,45)
r(275,1,3,45)
w(151,3,3,45)
w(161,3,3,45)
r(30,3,3,45)
w(146,6,3,45)
w(159,7,3,45)
r(139,4,3,45)
w(153,5,3,45)
w(176,3,3,45)
w(173,3,3,45)
w(149,5,3,45)
r(186,2,3,45)
r(238,3,3,45)
w(173,4,3,45)
r(95,2,3,45)
r(30,3,3,45)
r(251,7,3,45)
r(102,3,3,45)
w(147,5,3,45)
r(16,4,3,45)
w(131,6,3,45)
w(134,6,3,45)
r(174,3,3,45)
w(173,5,3,45)
w(177,5,3,45)
r(156,5,4,46)
r(183,4,4,46)
w(219,7,4,46)
r(120,3,4,46)
r(343,1,4,46)
r(40,5,4,46)
w(186,3,4,46)
r(55,6,4,46)
r(5,1,4,46)
w(227,3,4,46)
w(218,6,4,46)
w(204,6,4,46)
r(338,1,4,46)
r(117,2,4,46)
r(1,9,4,46)
w(216,2,4,46)
w(232,7,4,46)
w(207,6,4,46)
r(55,6,4,46)
w(214,12,4,46)
r(186,3,4,46)
r(89,3,4,46)
w(182,4,4,46)
r(220,1,4,46)
w(228,4,4,46)
w(190,4,4,46)
r(316,9,4,46)
r(307,1,4,46)
w(203,5,4,46)
r(218,6,4,46)
w(182,5,4,46)
w(224,6,4,46)
w(213,4,4,46)
r(171,3,4,46)
w(230,4,4,46)
w(219,8,4,46)
r(258,2,4,46)
w(186,4,4,46)
w(240,7,4,46)
w(226,3,4,46)
w(249,4,5,47)
w(245,5,5,47)
r(311,7,5,47)
r(137,6,5,47)
w(297,7,5,47)
r(70,3,5,47)
w(268,8,5,47)
w(267,7,5,47)
r(125,6,5,47)
w(253,8,5,47)
w(264,8,5,47)
w(286,3,5,47)
r(352,6,5,47)
r(338,1,5,47)
w(300,6,5,47)
r(231,7,5,47)
w(282,8,5,47)
w(291,6,5,47)
w(282,9,5,47)
w(271,6,5,47)
r(138,7,5,47)
r(192,4,5,47)
r(114,7,5,47)
w(296,4,5,47)
r(91,2,5,47)
r(96,7,5,47)
w(289,9,5,47)
r(202,6,5,47)
w(297,8,5,47)
w(291,7,5,47)
r(346,7,5,47)
r(115,8,5,47)
w(274,7,5,47)
r(102,5,5,47)
r(44,8,5,47)
r(141,5,5,47)
r(108,6,5,47)
r(111,8,5,47)
w(257,8,5,47)
r(165,5,5,47)
w(356,7,6,48)
w(348,6,6,48)
w(347,4,6,48)
w(341,6,6,48)
r(26,4,6,48)
w(351,6,6,48)
w(345,5,6,48)
r(277,2,6,48)
w(353,8,6,48)
r(286,2,6,48)
w(317,5,6,48)
w(321,5,6,48)
r(168,7,6,48)
w(306,6,6,48)
r(278,4,6,48)
r(257,6,6,48)
w(318,7,6,48)
r(69,5,6,48)
w(342,7,6,48)
w(341,7,6,48)
w(311,6,6,48)
w(316,10,6,48)
r(258,2,6,48)
w(355,4,6,48)
r(314,1,6,48)
r(235,8,6,48)
r(33,4,6,48)
w(311,7,6,48)
w(327,8,6,48)
w(336,3,6,48)
w(316,11,6,48)
w(314,4,6,48)
r(87,4,6,48)
r(237,2,6,48)
r(306,6,6,48)
w(330,3,6,48)
r(44,5,6,48)
w(313,2,6,48)
r(159,7,6,48)
r(271,2,6,48)
w(36,9,1,49)
r(174,3,1,49)
r(322,6,1,49)
r(24,3,1,49)
w(16,5,1,49)
r(359,5,1,49)
w(59,4,1,49)
r(96,4,1,49)
w(2,6,1,49)
r(192,1,1,49)
r(351,5,1,49)
w(41,5,1,49)
w(35,3,1,49)
w(27,6,1,49)
w(43,5,1,49)
w(56,6,1,49)
r(175,6,1,49)
w(21,5,1,49)
w(18,3,1,49)
w(50,10,1,49)
r(332,2,1,49)
w(14,6,1,49)
r(246,5,1,49)
r(260,2,1,49)
r(212,6,1,49)
w(26,4,1,49)
w(8,4,1,49)
r(55,6,1,49)
w(11,6,1,49)
r(265,1,1,49)
w(1,9,1,49)
r(202,5,1,49)
w(19,5,1,49)
r(357,9,1,49)
w(45,4,1,49)
r(266,3,1,49)
r(236,5,1,49)
r(218,5,1,49)
r(69,5,1,49)
r(240,6,1,49)
w(64,6,2,50)
w(64,7,2,50)
r(176,4,2,50)
r(215,6,2,50)
w(93,9,2,50)
r(292,7,2,50)
w(110,5,2,50)
r(228,4,2,50)
w(108,6,2,50)
w(85,4,2,50)
w(75,7,2,50)
r(317,5,2,50)
r(145,13,2,50)
r(244,3,2,50)
r(10,4,2,50)
w(113,7,2,50)
w(112,5,2,50)
w(64,8,2,50)
w(63,8,2,50)
w(102,5,2,50)
r(131,6,2,50)
r(118,4,2,50)
w(80,5,2,50)
w(80,6,2,50)
w(77,6,2,50)
w(97,8,2,50)
r(347,4,2,50)
r(102,5,2,50)
w(78,5,2,50)
r(262,7,2,50)
w(106,5,2,50)
w(65,5,2,50)
r(227,3,2,50)
w(87,7,2,50)
r(121,8,2,50)
r(325,4,2,50)
r(150,5,2,50)
w(78,6,2,50)
w(103,6,2,50)
w(100,7,2,50)
r(121,8,3,51)
w(164,3,3,51)
r(267,4,3,51)
w(175,7,3,51)
w(169,6,3,51)
w(133,5,3,51)
w(138,7,3,51)
w(123,7,3,51)
w(149,6,3,51)
w(145,9,3,51)
r(175,7,3,51)
r(287,1,3,51)
r(69,5,3,51)
r(112,4,3,51)
r(87,4,3,51)
r(202,5,3,51)
r(276,1,3,51)
r(253,3,3,51)
w(144,6,3,51)
r(345,5,3,51)
r(341,7,3,51)
r(106,1,3,51)
w(145,10,3,51)
r(356,7,3,51)
w(127,6,3,51)
w(179,5,3,51)
w(170,6,3,51)
w(171,4,3,51)
r(277,2,3,51)
w(147,6,3,51)
w(148,5,3,51)
r(166,2,3,51)
r(354,4,3,51)
r(248,3,3,51)
w(167,8,3,51)
w(159,8,3,51)
r(123,7,3,51)
r(352,6,3,51)
w(158,5,3,51)
r(343,1,3,51)
r(216,2,4,52)
r(199,4,4,52)
w(226,4,4,52)
r(121,8,4,52)
w(219,9,4,52)
w(211,6,4,52)
r(29,6,4,52)
w(191,6,4,52)
r(274,1,4,52)
r(111,8,4,52)
r(210,4,4,52)
w(218,7,4,52)
r(139,4,4,52)
w(207,7,4,52)
w(233,4,4,52)
r(106,1,4,52)
w(189,8,4,52)
r(151,3,4,52)
w(183,5,4,52)
w(210,5,4,52)
r(244,1,4,52)
w(181,6,4,52)
w(220,2,4,52)
w(207,8,4,52)
w(200,3,4,52)
r(306,6,4,52)
r(340,4,4,52)
w(223,3,4,52)
w(231,6,4,52)
r(249,2,4,52)
w(193,3,4,52)
r(325,4,4,52)
w(195,7,4,52)
r(352,6,4,52)
w(214,13,4,52)
r(175,7,4,52)
w(200,4,4,52)
w(195,8,4,52)
r(188,5,4,52)
w(188,6,4,52)
w(300,7,5,53)
w(242,7,5,53)
r(35,3,5,53)
r(266,4,5,53)
w(271,7,5,53)
w(259,6,5,53)
r(194,10,5,53)
r(219,10,5,53)
r(349,4,5,53)
r(167,10,5,53)
w(278,7,5,53)
w(244,4,5,53)
w(296,5,5,53)
w(247,9,5,53)
w(295,9,5,53)
r(246,7,5,53)
r(75,7,5,53)
r(257,8,5,53)
w(275,3,5,53)
w(281,6,5,53)
w(295,10,5,53)
w(264,9,5,53)
w(299,10,5,53)
w(252,11,5,53)
r(354,4,5,53)
r(203,6,5,53)
w(270,4,5,53)
w(277,4,5,53)
r(91,2,5,53)
w(279,7,5,53)
r(107,7,5,53)
w(269,7,5,53)
r(225,10,5,53)
r(244,4,5,53)
w(254,9,5,53)
w(266,5,5,53)
r(86,6,5,53)
r(70,3,5,53)
r(180,2,5,53)
w(274,8,5,53)
r(172,6,6,54)
r(310,3,6,54)
w(335,4,6,54)
r(222,1,6,54)
w(359,6,6,54)
w(316,12,6,54)
r(1,10,6,54)
r(341,7,6,54)
r(163,4,6,54)
w(312,11,6,54)
w(341,8,6,54)
r(295,1,6,54)
r(266,3,6,54)
w(334,7,6,54)
r(165,5,6,54)
w(346,7,6,54)
w(342,8,6,54)
r(266,3,6,54)
w(339,7,6,54)
r(126,5,6,54)
w(305,4,6,54)
r(174,3,6,54)
r(265,1,6,54)
r(94,3,6,54)
r(173,5,6,54)
r(81,7,6,54)
w(309,9,6,54)
r(171,4,6,54)
r(171,4,6,54)
r(18,5,6,54)
w(313,3,6,54)
w(329,3,6,54)
w(334,8,6,54)
r(295,1,6,54)
r(114,4,6,54)
r(297,6,6,54)
r(96,7,6,54)
w(313,4,6,54)
r(102,3,6,54)
r(261,4,6,54)
w(47,7,1,55)
r(47,7,1,55)
r(197,4,1,55)
r(244,1,1,55)
w(10,3,1,55)
w(40,6,1,55)
r(55,6,1,55)
w(28,6,1,55)
w(9,5,1,55)
w(18,4,1,55)
w(38,5,1,55)
w(39,6,1,55)
r(153,5,1,55)
w(9,6,1,55)
w(1,10,1,55)
r(281,1,1,55)
w(46,7,1,55)
r(77,3,1,55)
w(24,4,1,55)
w(8,5,1,55)
w(32,5,1,55)
r(85,2,1,55)
r(10,3,1,55)
r(91,1,1,55)
r(291,2,1,55)
r(28,6,1,55)
r(258,2,1,55)
w(30,5,1,55)
r(268,5,1,55)
w(44,7,1,55)
r(68,4,1,55)
r(183,4,1,55)
w(14,7,1,55)
w(18,5,1,55)
r(120,3,1,55)
w(14,8,1,55)
w(6,6,1,55)
w(4,6,1,55)
w(31,3,1,55)
r(38,5,1,55)
r(272,9,2,56)
r(87,7,2,56)
w(103,7,2,56)
w(104,7,2,56)
r(360,6,2,56)
r(112,5,2,56)
w(75,8,2,56)
w(81,10,2,56)
r(203,6,2,56)
r(8,6,2,56)
r(83,6,2,56)
w(89,5,2,56)
r(59,4,2,56)
r(50,12,2,56)
w(79,4,2,56)
r(160,4,2,56)
w(114,8,2,56)
w(70,8,2,56)
r(45,6,2,56)
w(97,9,2,56)
w(111,12,2,56)
r(24,5,2,56)
r(88,6,2,56)
r(190,4,2,56)
w(71,4,2,56)
r(281,6,2,56)
r(228,5,2,56)
r(82,1,2,56)
w(106,6,2,56)
r(98,11,2,56)
r(42,6,2,56)
w(113,8,2,56)
r(284,4,2,56)
r(159,10,2,56)
r(330,3,2,56)
w(119,7,2,56)
r(218,7,2,56)
r(157,5,2,56)
w(70,9,2,56)
w(106,7,2,56)
r(15,6,3,57)
r(253,3,3,57)
r(186,4,4,58)
r(257,6,4,58)
w(221,8,4,58)
r(9,6,4,58)
w(199,6,4,58)
r(300,1,4,58)
r(350,5,4,58)
w(232,8,4,58)
r(6,7,4,58)
r(10,4,4,58)
r(31,4,4,58)
w(224,7,4,58)
w(208,6,4,58)
w(225,10,4,58)
r(328,10,4,58)
r(20,8,4,58)
r(109,2,4,58)
w(203,6,4,58)
r(265,1,4,58)
w(194,10,4,58)
w(192,2,4,58)
w(231,7,4,58)
w(201,8,4,58)
r(48,3,4,58)
r(60,6,4,58)
w(215,6,4,58)
w(219,10,4,58)
w(183,6,4,58)
w(192,3,4,58)
r(32,5,4,58)
w(224,8,4,58)
w(206,5,4,58)
r(352,6,4,58)
w(224,9,4,58)
w(236,6,4,58)
w(205,3,4,58)
r(111,8,4,58)
r(298,4,4,58)
w(197,5,4,58)
w(188,7,4,58)
r(27,7,5,59)
w(284,5,5,59)
w(298,8,5,59)
w(279,8,5,59)
r(18,8,5,59)
r(30,6,5,59)
w(251,9,5,59)
w(256,6,5,59)
w(266,6,5,59)
w(247,10,5,59)
r(80,6,5,59)
r(12,6,5,59)
r(189,9,5,59)
w(270,5,5,59)
w(290,7,5,59)
r(237,2,5,59)
w(274,9,5,59)
r(21,6,5,59)
r(168,7,5,59)
r(124,2,5,59)
w(261,6,5,59)
w(294,8,5,59)
w(251,10,5,59)
w(294,9,5,59)
w(252,12,5,59)
w(282,10,5,59)
r(101,5,5,59)
r(223,4,5,59)
w(294,10,5,59)
w(289,10,5,59)
w(259,7,5,59)
r(253,8,5,59)
r(149,6,5,59)
r(180,2,5,59)
r(247,10,5,59)
r(89,5,5,59)
r(185,4,5,59)
w(288,7,5,59)
w(291,8,5,59)
r(352,7,5,59)
w(359,9,6,60)
w(355,6,6,60)
w(309,10,6,60)
r(349,1,6,60)
w(337,5,6,60)
r(187,3,6,60)
r(289,8,6,60)
r(297,6,6,60)
r(142,4,6,60)
r(282,7,6,60)
w(327,10,6,60)
w(329,5,6,60)
w(319,10,6,60)
r(318,7,6,60)
w(336,5,6,60)
r(126,5,6,60)
r(74,2,6,60)
r(190,4,6,60)
w(316,16,6,60)
r(331,4,6,60)
w(342,9,6,60)
w(308,5,6,60)
w(353,9,6,60)
w(350,6,6,60)
r(116,6,6,60)
w(301,7,6,60)
r(130,5,6,60)
w(332,3,6,60)
r(89,3,6,60)
w(301,8,6,60)
w(309,11,6,60)
w(345,6,6,60)
r(23,6,6,60)
w(334,10,6,60)
r(149,6,6,60)
w(356,9,6,60)
w(345,7,6,60)
r(199,6,6,60)
r(149,6,6,60)
w(310,5,6,60)
r(208,5,1,61)
r(161,3,1,61)
w(28,7,1,61)
r(89,3,1,61)
w(31,4,1,61)
w(33,5,1,61)
w(47,8,1,61)
r(82,1,1,61)
r(266,3,1,61)
w(10,4,1,61)
w(20,7,1,61)
r(143,6,1,61)
r(29,6,1,61)
r(343,1,1,61)
r(2,6,1,61)
r(100,1,1,61)
w(49,6,1,61)
r(320,3,1,61)
r(83,6,1,61)
w(44,8,1,61)
w(41,6,1,61)
w(34,8,1,61)
r(105,1,1,61)
w(5,2,1,61)
w(20,8,1,61)
w(23,6,1,61)
r(243,4,1,61)
w(39,7,1,61)
r(216,2,1,61)
w(13,4,1,61)
w(46,8,1,61)
r(353,8,1,61)
w(4,7,1,61)
r(228,4,1,61)
w(53,7,1,61)
w(6,7,1,61)
w(30,6,1,61)
w(15,7,1,61)
w(43,6,1,61)
r(142,4,1,61)
w(64,10,2,62)
r(115,8,2,62)
w(86,8,2,62)
r(245,5,2,62)
w(117,8,2,62)
w(89,6,2,62)
w(64,11,2,62)
w(82,7,2,62)
w(66,9,2,62)
r(141,5,2,62)
w(93,10,2,62)
w(101,7,2,62)
w(67,7,2,62)
w(80,9,2,62)
w(116,9,2,62)
r(360,8,2,62)
w(98,14,2,62)
r(243,8,2,62)
r(290,7,2,62)
w(88,8,2,62)
w(104,9,2,62)
r(360,8,2,62)
r(271,8,2,62)
w(67,8,2,62)
w(83,8,2,62)
w(70,12,2,62)
w(113,10,2,62)
w(82,8,2,62)
w(67,9,2,62)
r(229,5,2,62)
r(57,9,2,62)
r(45,8,2,62)
w(95,4,2,62)
r(3,8,2,62)
w(98,16,2,62)
r(103,7,2,62)
r(45,8,2,62)
r(114,8,2,62)
r(205,4,2,62)
r(360,8,2,62)
w(130,5,3,63)
r(272,9,3,63)
w(144,8,3,63)
r(19,5,3,63)
w(175,8,3,63)
r(185,2,3,63)
r(314,4,3,63)
r(230,4,3,63)
w(158,7,3,63)
r(282,6,3,63)
r(26,4,3,63)
r(67,5,3,63)
r(20,8,3,63)
w(137,6,3,63)
w(179,6,3,63)
r(166,2,3,63)
r(237,2,3,63)
r(15,8,3,63)
r(28,7,3,63)
w(135,2,3,63)
r(227,3,3,63)
w(150,4,3,63)
w(152,5,3,63)
w(141,5,3,63)
r(133,5,3,63)
w(136,4,3,63)
r(146,6,3,63)
r(276,1,3,63)
w(152,6,3,63)
w(155,7,3,63)
r(27,6,3,63)
w(125,5,3,63)
r(149,6,3,63)
r(44,8,3,63)
r(64,3,3,63)
w(148,7,3,63)
w(169,7,3,63)
r(33,6,3,63)
r(118,4,3,63)
w(180,2,3,63)
r(316,16,4,64)
r(351,6,4,64)
w(211,7,4,64)
w(182,7,4,64)
w(223,4,4,64)
r(17,4,4,64)
r(139,4,4,64)
r(339,7,4,64)
r(193,3,4,64)
r(318,7,4,64)
w(228,5,4,64)
w(183,7,4,64)
r(124,2,4,64)
w(206,6,4,64)
r(163,4,4,64)
w(207,9,4,64)
r(44,8,4,64)
r(286,2,4,64)
w(230,5,4,64)
w(240,8,4,64)
w(197,6,4,64)
w(192,4,4,64)
w(208,8,4,64)
r(105,4,4,64)
w(239,5,4,64)
w(193,4,4,64)
r(225,10,4,64)
w(238,4,4,64)
r(231,7,4,64)
r(303,5,4,64)
w(202,6,4,64)
w(208,9,4,64)
w(189,9,4,64)
w(213,5,4,64)
w(206,7,4,64)
w(185,4,4,64)
w(205,4,4,64)
r(296,3,4,64)
r(356,9,4,64)
w(236,8,4,64)
w(260,4,5,65)
w(269,8,5,65)
w(260,5,5,65)
r(42,6,5,65)
w(254,10,5,65)
w(272,10,5,65)
w(266,7,5,65)
w(257,9,5,65)
r(224,9,5,65)
r(305,5,5,65)
r(285,5,5,65)
r(59,4,5,65)
r(52,6,5,65)
r(88,6,5,65)
w(263,5,5,65)
w(289,11,5,65)
w(296,6,5,65)
w(250,5,5,65)
r(31,5,5,65)
w(267,8,5,65)
r(146,9,5,65)
r(257,9,5,65)
w(276,9,5,65)
w(268,9,5,65)
r(207,9,5,65)
w(255,6,5,65)
w(300,8,5,65)
w(295,11,5,65)
r(304,3,5,65)
w(288,8,5,65)
w(249,5,5,65)
w(252,13,5,65)
w(255,7,5,65)
r(310,6,5,65)
w(266,8,5,65)
r(237,2,5,65)
r(310,6,5,65)
r(69,6,5,65)
w(274,10,5,65)
w(271,8,5,65)
w(323,7,6,66)
r(193,4,6,66)
w(302,8,6,66)
r(145,13,6,66)
w(325,6,6,66)
w(335,5,6,66)
w(357,10,6,66)
r(197,6,6,66)
w(305,5,6,66)
w(360,6,6,66)
w(302,9,6,66)
w(304,3,6,66)
w(327,11,6,66)
r(206,7,6,66)
r(161,5,6,66)
w(322,9,6,66)
w(349,4,6,66)
w(344,9,6,66)
r(323,7,6,66)
r(31,4,6,66)
w(341,10,6,66)
w(301,9,6,66)
r(219,10,6,66)
w(306,7,6,66)
r(205,4,6,66)
r(320,3,6,66)
r(90,5,6,66)
r(331,4,6,66)
r(27,6,6,66)
r(107,7,6,66)
r(304,3,6,66)
w(306,8,6,66)
r(355,6,6,66)
w(317,6,6,66)
r(100,7,6,66)
w(359,10,6,66)
r(328,10,6,66)
w(334,11,6,66)
r(313,4,6,66)
r(2,6,6,66)
r(68,4,1,67)
w(42,5,1,67)
w(41,7,1,67)
r(80,3,1,67)
r(138,7,1,67)
w(55,7,1,67)
r(344,7,1,67)
w(48,4,1,67)
w(18,6,1,67)
w(22,5,1,67)
w(17,3,1,67)
w(32,6,1,67)
w(6,8,1,67)
r(151,3,1,67)
w(1,11,1,67)
r(137,3,1,67)
w(57,4,1,67)
r(289,8,1,67)
r(45,4,1,67)
r(275,1,1,67)
r(253,3,1,67)
w(21,6,1,67)
r(322,6,1,67)
w(24,5,1,67)
r(191,6,1,67)
w(37,2,1,67)
w(33,6,1,67)
w(53,8,1,67)
w(34,9,1,67)
r(212,6,1,67)
r(163,4,1,67)
r(92,6,1,67)
r(294,3,1,67)
w(15,8,1,67)
r(92,6,1,67)
w(42,6,1,67)
w(17,4,1,67)
w(5,3,1,67)
w(18,7,1,67)
r(311,7,1,67)
w(73,14,2,68)
r(10,6,2,68)
w(74,4,2,68)
r(88,8,2,68)
r(149,6,2,68)
w(87,8,2,68)
r(96,7,2,68)
w(110,6,2,68)
w(109,6,2,68)
w(99,6,2,68)
w(76,6,2,68)
r(173,5,2,68)
r(46,8,2,68)
r(82,8,2,68)
r(217,6,2,68)
r(201,9,2,68)
r(65,5,2,68)
r(146,11,2,68)
r(360,8,2,68)
r(194,12,2,68)
r(233,5,2,68)
r(339,11,2,68)
r(189,10,2,68)
w(105,5,2,68)
w(75,9,2,68)
w(103,8,2,68)
w(74,5,2,68)
w(116,10,2,68)
r(251,13,2,68)
w(102,7,2,68)
r(162,5,2,68)
w(116,11,2,68)
r(347,5,2,68)
r(93,10,2,68)
r(100,7,2,68)
w(104,10,2,68)
w(111,13,2,68)
w(105,6,2,68)
w(61,10,2,68)
r(342,10,2,68)
w(150,5,3,69)
r(262,7,3,69)
w(146,7,3,69)
r(270,3,3,69)
w(153,6,3,69)
r(250,1,3,69)
w(164,4,3,69)
w(167,10,3,69)
w(148,8,3,69)
r(51,6,3,69)
w(176,4,3,69)
w(132,8,3,69)
w(157,5,3,69)
r(134,6,3,69)
w(166,7,3,69)
w(129,6,3,69)
r(239,4,3,69)
w(151,4,3,69)
r(19,5,3,69)
r(360,5,3,69)
r(40,6,3,69)
w(154,9,3,69)
w(145,13,3,69)
r(2,6,3,69)
w(125,6,3,69)
r(178,3,3,69)
w(161,4,3,69)
r(118,4,3,69)
w(122,6,3,69)
w(161,5,3,69)
w(160,4,3,69)
r(165,5,3,69)
r(188,7,3,69)
r(266,4,3,69)
r(108,4,3,69)
w(169,8,3,69)
w(151,5,3,69)
w(164,5,3,69)
w(162,5,3,69)
w(159,10,3,69)
r(259,2,4,70)
r(274,6,4,70)
r(138,7,4,70)
w(224,10,4,70)
w(191,7,4,70)
r(288,1,4,70)
r(178,3,4,70)
r(229,2,4,70)
w(188,8,4,70)
w(207,10,4,70)
r(256,5,4,70)
r(262,7,4,70)
r(170,6,4,70)
r(271,5,4,70)
w(232,11,4,70)
r(185,4,4,70)
r(230,5,4,70)
r(58,3,4,70)
w(200,5,4,70)
w(222,3,4,70)
w(207,11,4,70)
r(107,7,4,70)
r(150,5,4,70)
r(107,7,4,70)
r(197,6,4,70)
r(169,8,4,70)
w(238,5,4,70)
w(223,5,4,70)
w(193,5,4,70)
r(168,7,4,70)
r(240,8,4,70)
w(208,10,4,70)
r(42,6,4,70)
w(218,8,4,70)
w(211,8,4,70)
r(225,10,4,70)
r(173,5,4,70)
w(216,3,4,70)
w(292,9,5,71)
w(266,9,5,71)
w(296,7,5,71)
r(322,10,5,71)
w(268,10,5,71)
w(300,9,5,71)
r(256,6,5,71)
w(284,6,5,71)
r(166,7,5,71)
r(180,2,5,71)
w(255,10,5,71)
w(266,10,5,71)
r(170,6,5,71)
r(31,5,5,71)
r(263,5,5,71)
r(308,7,5,71)
r(300,9,5,71)
r(133,7,5,71)
r(149,6,5,71)
r(357,10,5,71)
r(188,9,5,71)
w(270,6,5,71)
r(162,5,5,71)
r(76,5,5,71)
r(14,10,5,71)
w(300,10,5,71)
w(251,13,5,71)
w(300,11,5,71)
r(265,2,5,71)
w(247,11,5,71)
r(344,13,5,71)
w(283,13,5,71)
r(232,8,5,71)
r(14,10,5,71)
w(300,12,5,71)
r(125,6,5,71)
w(242,8,5,71)
r(83,8,5,71)
r(109,2,5,71)
w(265,3,5,71)
w(352,7,6,72)
w(319,11,6,72)
w(337,6,6,72)
w(351,7,6,72)
w(323,8,6,72)
w(326,10,6,72)
r(86,6,6,72)
r(105,4,6,72)
r(238,4,6,72)
w(347,5,6,72)
w(329,6,6,72)
w(339,8,6,72)
w(308,6,6,72)
r(105,4,6,72)
w(308,7,6,72)
w(327,12,6,72)
r(85,4,6,72)
w(315,6,6,72)
w(346,8,6,72)
r(3,6,6,72)
w(359,11,6,72)
r(62,5,6,72)
r(293,5,6,72)
r(234,3,6,72)
r(193,4,6,72)
r(203,6,6,72)
r(292,7,6,72)
w(339,9,6,72)
w(353,10,6,72)
w(316,17,6,72)
w(344,10,6,72)
r(249,4,6,72)
r(341,10,6,72)
r(142,4,6,72)
w(356,10,6,72)
r(239,5,6,72)
r(275,1,6,72)
w(327,13,6,72)
r(267,7,6,72)
r(274,7,6,72)
r(91,2,1,73)
w(57,5,1,73)
w(4,8,1,73)
w(20,9,1,73)
w(34,10,1,73)
w(57,6,1,73)
r(188,7,1,73)
w(57,7,1,73)
w(39,9,1,73)
r(149,6,1,73)
w(12,6,1,73)
w(55,8,1,73)
r(15,8,1,73)
w(54,5,1,73)
w(17,5,1,73)
w(18,8,1,73)
w(38,6,1,73)
r(130,5,1,73)
r(336,5,1,73)
w(8,6,1,73)
r(264,7,1,73)
w(37,4,1,73)
w(41,9,1,73)
r(229,2,1,73)
w(16,6,1,73)
w(38,7,1,73)
w(7,2,1,73)
w(22,7,1,73)
r(350,6,1,73)
r(293,5,1,73)
r(182,7,1,73)
w(20,10,1,73)
w(45,5,1,73)
w(54,6,1,73)
r(171,4,1,73)
r(356,9,1,73)
r(181,6,1,73)
r(282,7,1,73)
r(328,10,1,73)
r(220,2,1,73)
r(299,10,2,74)
r(95,4,2,74)
w(112,6,2,74)
r(244,4,2,74)
w(74,6,2,74)
r(259,7,2,74)
r(357,10,2,74)
r(248,6,2,74)
r(157,5,2,74)
w(73,16,2,74)
w(112,7,2,74)
w(93,11,2,74)
r(80,9,2,74)
w(66,10,2,74)
w(83,9,2,74)
w(95,5,2,74)
r(197,7,2,74)
r(109,6,2,74)
r(344,14,2,74)
w(114,9,2,74)
w(99,7,2,74)
w(78,8,2,74)
r(159,13,2,74)
r(98,16,2,74)
w(93,12,2,74)
r(336,7,2,74)
w(94,11,2,74)
w(93,13,2,74)
r(246,7,2,74)
r(283,13,2,74)
w(67,10,2,74)
w(64,12,2,74)
w(79,7,2,74)
r(162,5,2,74)
w(72,10,2,74)
r(291,8,2,74)
w(87,9,2,74)
r(322,12,2,74)
r(275,3,2,74)
w(89,7,2,74)
w(144,10,3,75)
r(287,1,3,75)
w(127,10,3,75)
r(339,10,3,75)
w(133,7,3,75)
w(153,7,3,75)
r(9,7,3,75)
r(99,3,3,75)
w(168,9,3,75)
w(156,7,3,75)
r(67,6,3,75)
w(136,7,3,75)
w(146,8,3,75)
w(147,7,3,75)
r(107,7,3,75)
r(156,7,3,75)
w(178,6,3,75)
w(136,8,3,75)
r(324,5,3,75)
w(165,6,3,75)
w(147,8,3,75)
r(26,5,3,75)
r(148,8,3,75)
w(163,5,3,75)
r(358,4,3,75)
w(159,13,3,75)
r(286,3,3,75)
w(142,6,3,75)
w(167,11,3,75)
r(9,7,3,75)
w(154,11,3,75)
w(165,7,3,75)
r(221,8,3,75)
r(132,8,3,75)
r(125,6,3,75)
r(44,8,3,75)
r(25,11,3,75)
w(146,9,3,75)
r(180,2,3,75)
r(50,12,3,75)
r(50,12,4,76)
r(1,11,4,76)
w(198,5,4,76)
r(129,6,4,76)
r(181,6,4,76)
r(61,7,4,76)
w(220,3,4,76)
r(226,4,4,76)
r(89,5,4,76)
r(118,4,4,76)
r(230,5,4,76)
w(240,10,4,76)
r(351,7,4,76)
w(218,9,4,76)
w(196,3,4,76)
r(300,7,4,76)
w(190,7,4,76)
r(171,4,4,76)
w(194,11,4,76)
r(353,10,4,76)
w(189,10,4,76)
r(303,5,4,76)
w(213,7,4,76)
r(200,4,4,76)
w(206,8,4,76)
w(219,11,4,76)
r(208,9,4,76)
w(187,4,4,76)
r(271,7,4,76)
r(79,4,4,76)
r(173,5,4,76)
w(233,5,4,76)
r(102,5,4,76)
r(281,6,4,76)
r(281,6,4,76)
w(193,6,4,76)
r(151,5,4,76)
r(28,7,4,76)
r(335,5,4,76)
w(202,8,4,76)
r(192,6,5,77)
r(104,10,5,77)
w(291,9,5,77)
w(241,6,5,77)
w(276,10,5,77)
w(274,11,5,77)
w(255,11,5,77)
w(241,7,5,77)
w(299,11,5,77)
r(178,6,5,77)
w(242,9,5,77)
w(258,6,5,77)
w(247,12,5,77)
r(105,6,5,77)
r(19,8,5,77)
w(247,13,5,77)
r(41,9,5,77)
r(279,8,5,77)
w(296,8,5,77)
w(264,11,5,77)
r(350,6,5,77)
w(249,7,5,77)
r(318,10,5,77)
r(217,6,5,77)
w(244,5,5,77)
w(293,6,5,77)
r(30,8,5,77)
r(338,1,5,77)
w(299,12,5,77)
r(179,6,5,77)
r(319,11,5,77)
w(283,14,5,77)
r(35,6,5,77)
r(322,12,5,77)
w(289,13,5,77)
w(274,12,5,77)
r(17,6,5,77)
r(38,9,5,77)
r(263,5,5,77)
r(172,8,5,77)
w(339,10,6,78)
w(344,11,6,78)
w(309,12,6,78)
r(245,5,6,78)
w(345,8,6,78)
w(348,7,6,78)
w(342,10,6,78)
w(316,19,6,78)
w(313,5,6,78)
w(360,7,6,78)
w(348,8,6,78)
w(315,7,6,78)
w(310,6,6,78)
r(108,6,6,78)
w(313,6,6,78)
r(131,6,6,78)
w(306,9,6,78)
r(234,3,6,78)
w(359,12,6,78)
r(350,6,6,78)
r(25,11,6,78)
w(360,8,6,78)
r(180,2,6,78)
r(233,4,6,78)
w(332,4,6,78)
r(210,5,6,78)
r(338,1,6,78)
r(284,4,6,78)
r(294,7,6,78)
r(130,5,6,78)
r(156,5,6,78)
r(351,7,6,78)
w(344,12,6,78)
r(89,5,6,78)
r(298,7,6,78)
r(293,5,6,78)
r(3,6,6,78)
r(137,6,6,78)
r(98,11,6,78)
r(139,4,6,78)
w(5,4,1,79)
w(31,5,1,79)
w(50,12,1,79)
w(52,5,1,79)
w(19,7,1,79)
w(45,6,1,79)
r(233,4,1,79)
w(43,7,1,79)
r(167,10,1,79)
w(26,5,1,79)
r(218,7,1,79)
w(39,10,1,79)
r(136,4,1,79)
w(19,8,1,79)
w(16,7,1,79)
r(44,8,1,79)
r(178,3,1,79)
w(36,10,1,79)
r(326,7,1,79)
w(9,7,1,79)
r(155,7,1,79)
r(107,7,1,79)
r(307,1,1,79)
w(5,5,1,79)
r(22,7,1,79)
r(120,7,1,79)
w(51,7,1,79)
r(133,5,1,79)
r(212,6,1,79)
w(5,6,1,79)
w(38,8,1,79)
r(74,2,1,79)
r(135,2,1,79)
r(190,4,1,79)
w(27,7,1,79)
r(149,6,1,79)
w(55,9,1,79)
r(184,3,1,79)
r(324,5,1,79)
w(4,9,1,79)
w(69,7,2,80)
w(87,10,2,80)
w(116,12,2,80)
w(118,10,2,80)
r(52,9,2,80)
w(65,7,2,80)
r(284,6,2,80)
w(102,9,2,80)
r(91,2,2,80)
r(168,12,2,80)
w(96,10,2,80)
w(118,11,2,80)
w(102,10,2,80)
r(128,10,2,80)
w(113,11,2,80)
r(304,3,2,80)
w(89,8,2,80)
r(177,14,2,80)
r(168,12,2,80)
r(318,10,2,80)
r(176,6,2,80)
w(88,9,2,80)
r(250,5,2,80)
w(98,19,2,80)
r(115,8,2,80)
w(89,9,2,80)
r(154,12,2,80)
w(100,8,2,80)
w(105,8,2,80)
w(93,14,2,80)
r(152,9,2,80)
w(113,12,2,80)
r(253,8,2,80)
r(230,5,2,80)
w(88,10,2,80)
w(62,7,2,80)
r(136,8,2,80)
w(83,11,2,80)
r(291,9,2,80)
r(85,4,2,80)
r(234,5,3,81)
w(141,9,3,81)
w(165,9,3,81)
r(121,8,3,81)
r(223,4,3,81)
r(144,10,3,81)
r(94,3,3,81)
w(164,6,3,81)
w(121,13,3,81)
r(144,10,3,81)
r(195,8,3,81)
r(123,7,3,81)
r(210,9,3,81)
w(146,10,3,81)
r(67,9,3,81)
r(120,7,3,81)
w(128,5,3,81)
w(177,10,3,81)
w(148,9,3,81)
r(130,5,3,81)
w(180,3,3,81)
w(174,7,3,81)
r(234,5,3,81)
w(142,7,3,81)
w(143,7,3,81)
w(177,11,3,81)
w(141,10,3,81)
w(167,12,3,81)
w(163,6,3,81)
w(172,8,3,81)
r(327,13,3,81)
w(121,14,3,81)
w(130,7,3,81)
w(147,9,3,81)
w(150,7,3,81)
r(208,12,3,81)
w(166,8,3,81)
w(141,11,3,81)
w(146,11,3,81)
r(3,8,3,81)
w(212,7,4,82)
w(215,9,4,82)
r(225,10,4,82)
w(217,6,4,82)
r(291,8,4,82)
w(201,9,4,82)
r(76,5,4,82)
r(68,4,4,82)
w(186,5,4,82)
w(209,4,4,82)
r(70,9,4,82)
r(287,1,4,82)
r(304,3,4,82)
w(219,12,4,82)
r(258,4,4,82)
w(192,6,4,82)
w(191,8,4,82)
r(169,8,4,82)
r(134,6,4,82)
r(132,8,4,82)
w(208,12,4,82)
r(168,9,4,82)
w(237,6,4,82)
w(237,7,4,82)
r(303,5,4,82)
w(204,9,4,82)
r(279,8,4,82)
r(247,10,4,82)
r(73,10,4,82)
w(187,5,4,82)
r(323,8,4,82)
r(348,8,4,82)
w(210,8,4,82)
r(145,13,4,82)
r(30,6,4,82)
r(34,10,4,82)
r(325,6,4,82)
w(197,7,4,82)
r(261,6,4,82)
w(209,5,4,82)
r(196,4,5,83)
w(278,9,5,83)
r(230,5,5,83)
w(256,7,5,83)
w(294,13,5,83)
w(287,6,5,83)
r(262,7,5,83)
w(261,7,5,83)
w(297,10,5,83)
w(277,6,5,83)
w(292,10,5,83)
w(248,7,5,83)
w(251,14,5,83)
w(270,7,5,83)
w(288,9,5,83)
w(299,14,5,83)
w(284,7,5,83)
w(241,9,5,83)
r(249,7,5,83)
r(86,8,5,83)
r(34,11,5,83)
r(26,7,5,83)
w(279,11,5,83)
r(112,7,5,83)
r(311,9,5,83)
r(357,10,5,83)
r(268,10,5,83)
w(299,16,5,83)
r(28,9,5,83)
w(288,10,5,83)
r(316,21,5,83)
w(268,11,5,83)
w(277,7,5,83)
r(204,9,5,83)
w(270,8,5,83)
r(339,11,5,83)
w(272,12,5,83)
r(200,6,5,83)
r(54,7,5,83)
r(191,8,5,83)
w(313,7,6,84)
r(28,8,6,84)
w(306,10,6,84)
w(355,7,6,84)
r(62,5,6,84)
w(344,13,6,84)
w(302,10,6,84)
w(341,11,6,84)
r(201,8,6,84)
w(321,6,6,84)
r(71,4,6,84)
w(345,9,6,84)
r(103,7,6,84)
w(353,11,6,84)
w(339,11,6,84)
w(356,11,6,84)
w(349,5,6,84)
r(249,4,6,84)
w(318,8,6,84)
r(33,8,6,84)
w(324,9,6,84)
r(225,10,6,84)
r(39,11,6,84)
r(220,3,6,84)
r(334,11,6,84)
w(351,8,6,84)
w(329,7,6,84)
w(315,8,6,84)
w(334,12,6,84)
r(179,6,6,84)
w(316,18,6,84)
w(358,6,6,84)
r(304,3,6,84)
r(107,7,6,84)
w(316,21,6,84)
w(343,7,6,84)
r(44,9,6,84)
w(334,13,6,84)
r(321,6,6,84)
w(302,11,6,84)
r(103,7,1,85)
w(33,7,1,85)
w(33,8,1,85)
r(51,7,1,85)
w(28,8,1,85)
w(36,11,1,85)
w(40,7,1,85)
r(353,10,1,85)
w(39,11,1,85)
r(216,2,1,85)
r(332,4,1,85)
w(35,4,1,85)
r(356,10,1,85)
w(29,8,1,85)
w(22,8,1,85)
r(259,7,1,85)
r(328,10,1,85)
w(53,10,1,85)
r(102,5,1,85)
r(302,9,1,85)
r(46,8,1,85)
w(57,8,1,85)
r(174,3,1,85)
r(219,11,1,85)
w(52,6,1,85)
w(10,5,1,85)
r(205,4,1,85)
r(258,4,1,85)
r(56,6,1,85)
w(45,7,1,85)
r(8,6,1,85)
r(263,3,1,85)
r(174,3,1,85)
w(45,8,1,85)
r(331,4,1,85)
w(48,5,1,85)
r(124,2,1,85)
w(3,7,1,85)
r(356,10,1,85)
w(44,9,1,85)
w(95,7,2,86)
w(61,11,2,86)
w(90,11,2,86)
r(299,16,2,86)
w(112,8,2,86)
w(74,7,2,86)
r(178,6,2,86)
r(318,11,2,86)
r(54,7,2,86)
w(82,9,2,86)
r(42,12,2,86)
r(298,8,2,86)
w(97,11,2,86)
w(93,16,2,86)
r(339,11,2,86)
w(119,8,2,86)
w(107,10,2,86)
r(245,5,2,86)
w(65,8,2,86)
w(66,11,2,86)
r(254,10,2,86)
w(97,12,2,86)
r(68,4,2,86)
w(92,9,2,86)
w(93,17,2,86)
r(39,14,2,86)
r(24,8,2,86)
r(167,12,2,86)
r(143,8,2,86)
w(109,9,2,86)
r(44,9,2,86)
r(94,11,2,86)
r(254,10,2,86)
w(62,8,2,86)
r(172,9,2,86)
r(198,5,2,86)
w(98,18,2,86)
r(95,7,2,86)
w(113,13,2,86)
r(268,11,2,86)
r(134,6,3,87)
w(128,6,3,87)
w(126,9,3,87)
w(153,9,3,87)
r(152,6,3,87)
r(304,3,3,87)
w(164,7,3,87)
r(185,4,3,87)
w(145,17,3,87)
r(279,8,3,87)
w(177,12,3,87)
r(208,12,3,87)
r(199,6,3,87)
w(173,6,3,87)
r(259,7,3,87)
r(56,8,3,87)
w(177,13,3,87)
w(139,6,3,87)
w(123,10,3,87)
r(202,8,3,87)
r(23,6,3,87)
r(168,9,3,87)
r(338,1,3,87)
r(248,6,3,87)
r(175,8,3,87)
r(145,17,3,87)
w(154,12,3,87)
r(202,8,3,87)
w(143,8,3,87)
r(272,10,3,87)
r(141,11,3,87)
r(291,8,3,87)
w(134,7,3,87)
r(111,13,3,87)
w(163,7,3,87)
w(123,11,3,87)
r(253,8,3,87)
w(152,8,3,87)
r(228,6,3,87)
r(320,3,3,87)
w(190,8,4,88)
w(240,11,4,88)
r(136,8,4,88)
w(213,8,4,88)
w(229,4,4,88)
w(184,5,4,88)
w(224,11,4,88)
r(90,5,4,88)
w(229,5,4,88)
w(214,18,4,88)
w(216,4,4,88)
r(201,9,4,88)
r(182,7,4,88)
w(228,6,4,88)
w(214,21,4,88)
r(341,11,4,88)
w(194,12,4,88)
w(206,9,4,88)
r(178,6,4,88)
r(265,2,4,88)
r(312,11,4,88)
r(208,12,4,88)
w(234,5,4,88)
w(221,10,4,88)
r(278,7,4,88)
w(220,4,4,88)
r(341,11,4,88)
r(226,4,4,88)
w(210,9,4,88)
r(183,7,4,88)
w(188,9,4,88)
w(203,8,4,88)
w(240,12,4,88)
r(135,2,4,88)
r(59,6,4,88)
w(211,9,4,88)
w(214,15,4,88)
w(231,8,4,88)
r(199,6,4,88)
r(217,6,4,88)
w(262,8,5,89)
r(326,13,5,89)
r(305,6,5,89)
w(243,10,5,89)
w(294,14,5,89)
w(266,11,5,89)
w(293,7,5,89)
r(348,10,5,89)
r(337,6,5,89)
r(94,11,5,89)
w(290,8,5,89)
w(283,16,5,89)
r(320,3,5,89)
r(270,8,5,89)
w(272,13,5,89)
w(278,10,5,89)
r(221,10,5,89)
w(299,17,5,89)
r(127,11,5,89)
r(64,12,5,89)
w(280,7,5,89)
w(291,11,5,89)
w(266,12,5,89)
r(180,3,5,89)
r(125,6,5,89)
w(275,4,5,89)
w(275,5,5,89)
r(357,10,5,89)
r(287,6,5,89)
r(305,6,5,89)
r(310,9,5,89)
r(60,8,5,89)
w(277,8,5,89)
r(56,9,5,89)
r(21,6,5,89)
w(246,9,5,89)
r(217,6,5,89)
w(267,12,5,89)
r(296,8,5,89)
w(295,12,5,89)
w(348,9,6,90)
r(77,6,6,90)
w(309,13,6,90)
r(152,6,6,90)
w(318,9,6,90)
r(73,10,6,90)
w(313,8,6,90)
r(118,4,6,90)
w(314,5,6,90)
w(352,8,6,90)
r(325,6,6,90)
w(314,6,6,90)
r(329,7,6,90)
w(318,10,6,90)
r(295,11,6,90)
r(76,5,6,90)
r(167,11,6,90)
r(336,5,6,90)
w(336,6,6,90)
w(322,10,6,90)
r(15,8,6,90)
w(310,7,6,90)
r(330,3,6,90)
r(216,4,6,90)
r(172,6,6,90)
w(332,5,6,90)
r(359,12,6,90)
w(311,8,6,90)
r(270,5,6,90)
w(314,7,6,90)
r(207,9,6,90)
r(266,8,6,90)
r(184,5,6,90)
r(345,9,6,90)
w(326,11,6,90)
r(212,7,6,90)
r(20,10,6,90)
r(153,7,6,90)
r(278,7,6,90)
r(217,6,6,90)
w(57,9,1,91)
w(2,7,1,91)
r(166,7,1,91)
r(56,6,1,91)
r(131,6,1,91)
w(16,8,1,91)
r(207,9,1,91)
w(18,9,1,91)
w(18,10,1,91)
w(11,7,1,91)
w(47,10,1,91)
r(124,2,1,91)
r(262,7,1,91)
w(56,7,1,91)
r(188,7,1,91)
r(105,4,1,91)
w(59,6,1,91)
r(41,9,1,91)
r(100,7,1,91)
r(246,7,1,91)
w(56,8,1,91)
r(264,9,1,91)
w(17,6,1,91)
w(38,9,1,91)
r(49,6,1,91)
w(42,7,1,91)
w(10,6,1,91)
w(3,8,1,91)
r(145,13,1,91)
r(209,5,1,91)
w(28,9,1,91)
w(43,8,1,91)
r(62,5,1,91)
w(42,8,1,91)
r(208,12,1,91)
w(33,9,1,91)
w(58,5,1,91)
w(14,9,1,91)
w(24,6,1,91)
w(54,7,1,91)
w(105,9,2,92)
w(93,18,2,92)
w(102,11,2,92)
r(10,8,2,92)
r(40,9,2,92)
r(159,16,2,92)
w(104,12,2,92)
w(89,10,2,92)
r(354,4,2,92)
r(236,9,2,92)
w(95,8,2,92)
r(350,7,2,92)
r(229,7,2,92)
w(87,11,2,92)
r(44,9,2,92)
r(273,5,2,92)
w(97,13,2,92)
w(115,9,2,92)
r(258,6,2,92)
r(242,9,2,92)
w(70,14,2,92)
r(8,7,2,92)
w(84,7,2,92)
r(324,9,2,92)
w(76,7,2,92)
w(104,13,2,92)
w(73,19,2,92)
r(43,8,2,92)
w(100,9,2,92)
w(114,11,2,92)
r(119,8,2,92)
w(107,12,2,92)
r(151,9,2,92)
w(101,8,2,92)
r(215,16,2,92)
r(290,8,2,92)
w(92,10,2,92)
r(295,14,2,92)
w(79,9,2,92)
w(99,8,2,92)
r(209,5,3,93)
r(48,7,3,93)
r(227,3,3,93)
r(141,11,3,93)
w(175,9,3,93)
r(233,5,3,93)
w(144,11,3,93)
w(160,6,3,93)
w(128,7,3,93)
w(157,8,3,93)
r(176,4,3,93)
r(157,8,3,93)
r(247,13,3,93)
w(171,9,3,93)
r(243,8,3,93)
r(211,10,3,93)
w(128,8,3,93)
r(100,7,3,93)
r(18,12,3,93)
w(144,12,3,93)
w(140,5,3,93)
w(175,10,3,93)
r(318,10,3,93)
w(168,11,3,93)
r(20,10,3,93)
r(100,7,3,93)
r(306,10,3,93)
r(316,21,3,93)
r(79,7,3,93)
w(162,6,3,93)
w(169,12,3,93)
r(326,11,3,93)
r(305,5,3,93)
w(122,8,3,93)
w(130,8,3,93)
r(333,3,3,93)
w(121,16,3,93)
r(275,3,3,93)
r(150,7,3,93)
w(156,8,3,93)
r(142,7,4,94)
r(48,7,4,94)
r(8,6,4,94)
w(218,10,4,94)
r(309,13,4,94)
r(181,6,4,94)
r(131,6,4,94)
r(171,4,4,94)
w(197,8,4,94)
w(193,7,4,94)
w(212,9,4,94)
r(129,6,4,94)
r(18,11,4,94)
r(360,8,4,94)
w(211,10,4,94)
r(63,8,4,94)
r(76,6,4,94)
w(186,6,4,94)
w(220,7,4,94)
r(357,10,4,94)
w(229,6,4,94)
w(212,10,4,94)
w(236,9,4,94)
w(200,6,4,94)
r(138,7,4,94)
w(202,9,4,94)
w(206,11,4,94)
r(119,7,4,94)
r(152,8,4,94)
r(302,12,4,94)
r(327,13,4,94)
w(237,8,4,94)
r(47,10,4,94)
w(184,6,4,94)
r(140,4,4,94)
w(207,12,4,94)
r(335,6,4,94)
w(215,10,4,94)
r(304,3,4,94)
w(213,9,4,94)
r(305,6,5,95)
r(290,8,5,95)
r(346,10,5,95)
r(204,9,5,95)
w(245,7,5,95)
r(287,6,5,95)
r(16,8,5,95)
w(286,6,5,95)
w(262,9,5,95)
w(272,14,5,95)
w(246,11,5,95)
r(350,7,5,95)
w(250,7,5,95)
r(241,9,5,95)
w(280,8,5,95)
r(321,6,5,95)
r(324,9,5,95)
r(169,12,5,95)
w(287,7,5,95)
r(266,12,5,95)
w(251,17,5,95)
r(131,6,5,95)
r(152,11,5,95)
r(19,9,5,95)
w(259,8,5,95)
r(247,13,5,95)
r(210,9,5,95)
w(279,12,5,95)
r(42,13,5,95)
r(236,9,5,95)
r(72,10,5,95)
r(249,7,5,95)
r(71,4,5,95)
w(248,9,5,95)
r(66,11,5,95)
r(255,11,5,95)
r(135,2,5,95)
r(100,8,5,95)
w(286,7,5,95)
r(110,6,5,95)
r(293,5,6,96)
r(334,13,6,96)
r(97,9,6,96)
r(152,6,6,96)
r(318,10,6,96)
w(335,6,6,96)
w(336,7,6,96)
r(38,9,6,96)
w(322,11,6,96)
r(149,6,6,96)
w(340,7,6,96)
w(329,8,6,96)
w(317,7,6,96)
r(45,8,6,96)
w(344,14,6,96)
r(65,5,6,96)
r(254,10,6,96)
r(103,7,6,96)
r(113,10,6,96)
r(294,10,6,96)
r(11,7,6,96)
w(346,9,6,96)
w(302,12,6,96)
r(164,6,6,96)
w(323,9,6,96)
r(352,8,6,96)
r(197,7,6,96)
r(214,15,6,96)
r(330,3,6,96)
w(356,12,6,96)
r(184,5,6,96)
r(230,5,6,96)
r(286,3,6,96)
r(24,6,6,96)
w(322,12,6,96)
r(183,7,6,96)
w(355,8,6,96)
w(355,9,6,96)
w(315,9,6,96)
r(48,6,6,96)
r(115,8,1,97)
w(35,5,1,97)
r(174,3,1,97)
w(39,12,1,97)
r(171,4,1,97)
r(181,6,1,97)
w(14,10,1,97)
w(35,6,1,97)
w(59,7,1,97)
w(39,13,1,97)
r(78,6,1,97)
w(42,9,1,97)
w(36,12,1,97)
r(71,4,1,97)
r(177,5,1,97)
r(107,7,1,97)
w(30,7,1,97)
w(18,11,1,97)
r(187,5,1,97)
w(50,13,1,97)
r(300,8,1,97)
w(2,8,1,97)
r(117,8,1,97)
w(2,9,1,97)
w(58,6,1,97)
r(71,4,1,97)
w(48,6,1,97)
w(2,10,1,97)
r(206,9,1,97)
w(7,3,1,97)
r(126,5,1,97)
r(179,6,1,97)
r(3,8,1,97)
w(1,12,1,97)
w(2,11,1,97)
w(26,6,1,97)
w(53,11,1,97)
r(258,4,1,97)
r(77,6,1,97)
w(52,7,1,97)
r(79,9,2,98)
r(352,10,2,98)
r(25,19,2,98)
w(92,11,2,98)
w(117,10,2,98)
r(146,11,2,98)
r(273,5,2,98)
r(98,18,2,98)
w(81,12,2,98)
r(4,14,2,98)
w(101,9,2,98)
w(70,17,2,98)
w(95,9,2,98)
r(132,10,2,98)
w(78,10,2,98)
w(114,12,2,98)
w(76,8,2,98)
w(113,16,2,98)
r(99,8,2,98)
r(202,9,2,98)
w(85,5,2,98)
r(267,16,2,98)
w(117,11,2,98)
w(108,8,2,98)
r(183,12,2,98)
r(21,6,2,98)
w(104,18,2,98)
w(114,13,2,98)
w(81,13,2,98)
w(113,17,2,98)
r(195,12,2,98)
w(116,14,2,98)
w(117,12,2,98)
w(101,10,2,98)
r(221,10,2,98)
r(184,6,2,98)
w(105,10,2,98)
r(287,8,2,98)
r(265,3,2,98)
w(83,12,2,98)
w(163,8,3,99)
r(354,4,3,99)
w(123,12,3,99)
w(162,7,3,99)
r(47,11,3,99)
r(250,5,3,99)
w(138,9,3,99)
w(177,14,3,99)
r(175,10,3,99)
r(339,11,3,99)
w(172,9,3,99)
r(94,11,3,99)
w(176,6,3,99)
r(123,12,3,99)
r(227,3,3,99)
w(127,11,3,99)
r(130,8,3,99)
r(360,8,3,99)
w(128,9,3,99)
w(174,8,3,99)
w(128,10,3,99)
w(168,12,3,99)
r(107,7,3,99)
r(233,5,3,99)
w(145,19,3,99)
r(70,12,3,99)
r(123,12,3,99)
w(130,9,3,99)
w(121,17,3,99)
w(152,9,3,99)
w(144,13,3,99)
r(9,7,3,99)
r(165,9,3,99)
r(90,5,3,99)
w(175,11,3,99)
r(239,5,3,99)
r(135,2,3,99)
w(153,10,3,99)
w(142,8,3,99)
r(281,6,3,99)
r(321,6,4,100)
w(187,8,4,100)
r(267,8,4,100)
w(238,6,4,100)
r(183,7,4,100)
w(239,6,4,100)
r(76,6,4,100)
r(261,6,4,100)
r(279,8,4,100)
w(192,7,4,100)
w(232,12,4,100)
r(112,7,4,100)
w(214,20,4,100)
w(239,7,4,100)
r(129,6,4,100)
w(196,4,4,100)
w(190,9,4,100)
w(188,10,4,100)
w(226,8,4,100)
r(204,9,4,100)
r(70,12,4,100)
w(235,12,4,100)
w(187,9,4,100)
w(211,11,4,100)
r(266,10,4,100)
w(183,8,4,100)
r(38,10,4,100)
w(206,12,4,100)
r(6,10,4,100)
w(224,13,4,100)
w(215,11,4,100)
w(229,7,4,100)
w(218,11,4,100)
r(330,7,4,100)
w(226,9,4,100)
w(232,13,4,100)
r(210,9,4,100)
r(345,12,4,100)
r(62,5,4,100)
w(194,14,4,100)
r(231,8,5,101)
w(293,8,5,101)
r(15,11,5,101)
w(295,13,5,101)
r(20,10,5,101)
w(262,10,5,101)
w(288,12,5,101)
w(271,10,5,101)
w(241,10,5,101)
w(254,11,5,101)
r(37,6,5,101)
w(287,8,5,101)
r(323,9,5,101)
w(255,14,5,101)
w(274,14,5,101)
r(300,12,5,101)
r(289,13,5,101)
w(282,13,5,101)
w(295,14,5,101)
w(296,10,5,101)
w(293,9,5,101)
r(91,2,5,101)
w(286,8,5,101)
w(279,13,5,101)
w(241,11,5,101)
r(172,9,5,101)
w(298,9,5,101)
w(270,9,5,101)
r(40,9,5,101)
r(320,3,5,101)
r(272,14,5,101)
w(286,9,5,101)
r(16,8,5,101)
r(346,10,5,101)
w(243,11,5,101)
r(187,9,5,101)
w(274,16,5,101)
r(234,7,5,101)
r(210,9,5,101)
w(289,17,5,101)
r(282,10,6,102)
r(91,2,6,102)
r(359,12,6,102)
r(114,9,6,102)
w(310,8,6,102)
r(248,6,6,102)
r(117,8,6,102)
r(109,6,6,102)
r(167,12,6,102)
w(310,9,6,102)
w(313,10,6,102)
w(327,14,6,102)
r(189,10,6,102)
w(315,11,6,102)
r(142,7,6,102)
w(312,14,6,102)
w(340,8,6,102)
w(330,5,6,102)
r(206,11,6,102)
r(233,5,6,102)
r(116,11,6,102)
w(345,11,6,102)
r(263,5,6,102)
w(359,14,6,102)
r(329,8,6,102)
r(45,8,6,102)
w(341,13,6,102)
r(209,5,6,102)
r(342,10,6,102)
r(8,6,6,102)
r(347,5,6,102)
r(108,6,6,102)
r(80,9,6,102)
w(334,16,6,102)
w(322,13,6,102)
w(347,6,6,102)
w(348,10,6,102)
w(342,11,6,102)
r(255,11,6,102)
w(345,12,6,102)
w(11,8,1,103)
w(46,9,1,103)
w(26,7,1,103)
r(147,9,1,103)
r(238,4,1,103)
r(335,6,1,103)
r(239,5,1,103)
r(73,14,1,103)
r(248,6,1,103)
r(20,10,1,103)
w(27,8,1,103)
r(132,8,1,103)
r(277,4,1,103)
w(30,8,1,103)
w(48,7,1,103)
r(153,7,1,103)
w(32,7,1,103)
r(251,13,1,103)
w(59,8,1,103)
r(72,8,1,103)
r(45,8,1,103)
r(342,10,1,103)
r(136,8,1,103)
r(293,5,1,103)
w(7,4,1,103)
r(123,7,1,103)
r(219,12,1,103)
r(278,7,1,103)
r(104,10,1,103)
w(55,10,1,103)
r(85,4,1,103)
r(128,5,1,103)
w(14,11,1,103)
r(303,5,1,103)
r(154,11,1,103)
r(97,9,1,103)
r(49,6,1,103)
r(257,9,1,103)
w(40,8,1,103)
r(292,9,1,103)
w(105,11,2,104)
r(292,10,2,104)
w(72,11,2,104)
w(65,9,2,104)
r(6,14,2,104)
r(78,10,2,104)
w(116,16,2,104)
r(191,10,2,104)
w(107,13,2,104)
r(331,6,2,104)
w(81,14,2,104)
r(37,10,2,104)
r(216,8,2,104)
w(80,11,2,104)
r(96,10,2,104)
w(92,12,2,104)
r(64,12,2,104)
w(117,13,2,104)
r(331,6,2,104)
r(227,8,2,104)
r(332,13,2,104)
r(295,16,2,104)
w(90,13,2,104)
w(106,9,2,104)
r(324,9,2,104)
r(353,11,2,104)
w(105,12,2,104)
r(352,10,2,104)
w(87,12,2,104)
w(93,15,2,104)
w(78,11,2,104)
r(194,17,2,104)
w(75,10,2,104)
w(93,20,2,104)
w(68,11,2,104)
r(165,10,2,104)
w(87,13,2,104)
r(354,4,2,104)
w(103,9,2,104)
r(101,10,2,104)
r(153,10,3,105)
r(162,7,3,105)
w(141,12,3,105)
r(42,12,3,105)
r(35,7,3,105)
r(41,9,3,105)
w(150,9,3,105)
r(230,5,3,105)
r(18,12,3,105)
r(52,9,3,105)
r(324,9,3,105)
r(71,4,3,105)
r(169,12,3,105)
r(291,11,3,105)
r(84,5,3,105)
w(170,8,3,105)
r(255,11,3,105)
w(178,8,3,105)
r(82,9,3,105)
r(97,12,3,105)
r(73,16,3,105)
w(123,14,3,105)
r(28,9,3,105)
r(161,5,3,105)
r(29,8,3,105)
r(120,7,3,105)
r(148,9,3,105)
w(155,10,3,105)
r(162,7,3,105)
w(124,6,3,105)
r(238,7,3,105)
r(186,7,3,105)
r(223,6,3,105)
w(152,10,3,105)
w(126,10,3,105)
r(272,13,3,105)
w(145,18,3,105)
r(245,5,3,105)
r(201,9,3,105)
r(116,12,3,105)
w(186,7,4,106)
r(117,8,4,106)
r(240,12,4,106)
w(238,7,4,106)
w(216,7,4,106)
r(82,8,4,106)
r(224,13,4,106)
w(213,10,4,106)
w(234,6,4,106)
r(329,8,4,106)
r(58,6,4,106)
r(210,9,4,106)
w(223,6,4,106)
r(113,12,4,106)
r(127,11,4,106)
w(209,8,4,106)
w(200,7,4,106)
r(187,9,4,106)
r(231,8,4,106)
w(215,12,4,106)
r(347,6,4,106)
r(183,8,4,106)
w(182,8,4,106)
w(214,22,4,106)
w(234,7,4,106)
w(185,7,4,106)
r(242,9,4,106)
r(127,11,4,106)
r(205,4,4,106)
w(195,12,4,106)
r(249,7,4,106)
r(339,11,4,106)
r(32,7,4,106)
w(219,13,4,106)
r(134,7,4,106)
r(178,6,4,106)
r(217,6,4,106)
w(183,9,4,106)
r(235,12,4,106)
w(197,9,4,106)
r(265,3,5,107)
w(242,11,5,107)
r(326,13,5,107)
w(256,9,5,107)
r(105,9,5,107)
r(92,10,5,107)
w(259,9,5,107)
w(245,8,5,107)
w(258,8,5,107)
r(139,6,5,107)
w(283,17,5,107)
r(197,9,5,107)
w(285,10,5,107)
r(234,7,5,107)
w(298,11,5,107)
r(243,11,5,107)
r(168,17,5,107)
r(260,5,5,107)
r(113,13,5,107)
r(208,14,5,107)
w(247,16,5,107)
w(256,10,5,107)
w(280,9,5,107)
w(242,12,5,107)
w(298,12,5,107)
w(242,13,5,107)
w(243,13,5,107)
w(257,12,5,107)
w(280,10,5,107)
w(266,16,5,107)
w(261,8,5,107)
r(30,9,5,107)
r(128,12,5,107)
r(226,11,5,107)
w(297,11,5,107)
r(153,10,5,107)
w(250,8,5,107)
w(281,9,5,107)
r(216,7,5,107)
w(280,11,5,107)
w(301,11,6,108)
w(322,14,6,108)
w(330,6,6,108)
r(235,8,6,108)
r(102,7,6,108)
w(327,16,6,108)
r(217,6,6,108)
w(341,14,6,108)
r(25,14,6,108)
r(296,8,6,108)
r(183,7,6,108)
r(154,12,6,108)
w(351,10,6,108)
w(358,7,6,108)
w(311,9,6,108)
r(24,8,6,108)
w(349,6,6,108)
r(344,14,6,108)
r(320,3,6,108)
r(325,6,6,108)
r(13,4,6,108)
r(233,5,6,108)
r(356,12,6,108)
r(341,14,6,108)
w(327,17,6,108)
r(301,11,6,108)
w(330,7,6,108)
r(358,7,6,108)
r(304,3,6,108)
r(68,4,6,108)
w(360,10,6,108)
w(319,13,6,108)
r(352,8,6,108)
r(343,7,6,108)
w(358,8,6,108)
r(169,12,6,108)
r(243,8,6,108)
w(359,16,6,108)
r(21,6,6,108)
r(249,7,6,108)
w(42,10,1,109)
w(4,10,1,109)
r(243,8,1,109)
w(60,7,1,109)
r(138,7,1,109)
w(3,9,1,109)
w(31,6,1,109)
w(24,7,1,109)
r(303,5,1,109)
r(56,8,1,109)
r(230,5,1,109)
w(53,12,1,109)
w(49,7,1,109)
r(116,11,1,109)
r(82,8,1,109)
w(18,12,1,109)
w(34,11,1,109)
r(218,10,1,109)
r(317,7,1,109)
w(10,7,1,109)
w(15,9,1,109)
w(2,12,1,109)
r(231,8,1,109)
w(56,9,1,109)
w(51,8,1,109)
r(58,6,1,109)
r(206,11,1,109)
w(27,9,1,109)
w(55,11,1,109)
r(217,6,1,109)
w(17,7,1,109)
r(163,7,1,109)
w(52,8,1,109)
w(33,10,1,109)
r(290,7,1,109)
r(314,7,1,109)
r(214,15,1,109)
r(204,9,1,109)
r(184,6,1,109)
w(42,11,1,109)
r(1,12,3,110)
w(128,12,3,110)
w(152,11,3,110)
w(155,11,3,110)
r(13,4,3,110)
w(141,13,3,110)
r(145,18,3,110)
r(314,7,3,110)
w(168,13,3,110)
r(154,12,3,110)
r(161,5,3,110)
w(164,8,3,110)
w(167,14,3,110)
w(143,9,3,110)
r(278,10,3,110)
w(121,18,3,110)
r(225,10,3,110)
r(70,12,3,110)
r(45,8,3,110)
w(130,10,3,110)
r(246,9,3,110)
w(166,9,3,110)
w(141,14,3,110)
w(168,14,3,110)
r(68,4,3,110)
w(159,16,3,110)
w(157,10,3,110)
r(296,8,3,110)
w(162,8,3,110)
r(167,14,3,110)
r(63,8,3,110)
w(150,10,3,110)
w(125,11,3,110)
r(46,9,3,110)
w(132,9,3,110)
w(180,4,3,110)
w(163,9,3,110)
r(89,9,3,110)
r(290,8,3,110)
w(160,7,3,110)
r(355,12,4,111)
w(213,11,4,111)
w(206,13,4,111)
r(340,9,4,111)
r(126,11,4,111)
r(214,22,4,111)
r(297,10,4,111)
w(208,14,4,111)
r(221,10,4,111)
w(215,16,4,111)
w(226,11,4,111)
w(191,10,4,111)
r(107,10,4,111)
r(342,12,4,111)
w(227,8,4,111)
r(340,9,4,111)
r(295,12,4,111)
w(193,8,4,111)
r(164,8,4,111)
r(59,8,4,111)
r(165,10,4,111)
r(11,8,4,111)
w(188,12,4,111)
r(37,6,4,111)
r(66,11,4,111)
r(152,11,4,111)
w(204,10,4,111)
r(49,12,4,111)
w(220,10,4,111)
r(308,10,4,111)
r(235,12,4,111)
r(191,10,4,111)
w(228,7,4,111)
w(213,12,4,111)
r(132,9,4,111)
w(193,9,4,111)
r(106,7,4,111)
w(188,13,4,111)
w(232,14,4,111)
w(233,6,4,111)
r(283,17,5,112)
r(13,4,5,112)
r(74,7,5,112)
w(253,9,5,112)
r(311,9,5,112)
r(85,4,5,112)
w(248,10,5,112)
r(138,9,5,112)
w(270,10,5,112)
w(253,10,5,112)
r(128,12,5,112)
r(237,8,5,112)
r(200,7,5,112)
w(255,17,5,112)
w(285,11,5,112)
r(333,5,5,112)
r(31,7,5,112)
w(267,16,5,112)
w(295,16,5,112)
w(243,14,5,112)
w(272,16,5,112)
r(297,11,5,112)
r(38,14,5,112)
w(300,16,5,112)
r(47,13,5,112)
r(115,9,5,112)
r(36,13,5,112)
r(28,12,5,112)
w(286,11,5,112)
r(125,13,5,112)
w(260,7,5,112)
r(305,6,5,112)
r(10,10,5,112)
w(293,10,5,112)
r(154,14,5,112)
r(69,7,5,112)
r(356,12,5,112)
w(256,11,5,112)
w(271,11,5,112)
r(334,17,5,112)
w(312,16,6,113)
r(107,7,6,113)
w(319,14,6,113)
w(355,10,6,113)
r(159,13,6,113)
w(332,7,6,113)
w(343,8,6,113)
r(195,8,6,113)
r(197,8,6,113)
r(262,7,6,113)
w(304,5,6,113)
r(313,10,6,113)
w(309,14,6,113)
w(332,8,6,113)
r(204,9,6,113)
w(305,6,6,113)
r(185,4,6,113)
w(352,9,6,113)
w(346,10,6,113)
r(152,9,6,113)
r(200,6,6,113)
r(310,9,6,113)
w(327,19,6,113)
w(322,16,6,113)
w(359,17,6,113)
r(250,5,6,113)
r(185,4,6,113)
r(263,5,6,113)
r(110,6,6,113)
w(334,17,6,113)
w(304,6,6,113)
w(306,11,6,113)
w(326,13,6,113)
w(358,9,6,113)
w(308,8,6,113)
w(336,8,6,113)
r(332,8,6,113)
w(318,11,6,113)
w(350,7,6,113)
r(101,7,6,113)
r(228,6,1,114)
w(5,7,1,114)
w(12,7,1,114)
w(6,10,1,114)
w(49,8,1,114)
r(236,9,1,114)
r(84,5,1,114)
w(17,8,1,114)
w(33,11,1,114)
r(61,10,1,114)
w(27,10,1,114)
r(204,9,1,114)
w(49,9,1,114)
w(36,13,1,114)
r(294,10,1,114)
w(25,14,1,114)
w(57,10,1,114)
w(47,11,1,114)
w(15,10,1,114)
w(52,9,1,114)
r(336,7,1,114)
r(11,8,1,114)
w(60,8,1,114)
r(338,1,1,114)
w(39,14,1,114)
w(24,8,1,114)
w(55,12,1,114)
r(153,9,1,114)
w(30,9,1,114)
r(201,9,1,114)
w(42,12,1,114)
r(203,8,1,114)
w(38,10,1,114)
r(320,3,1,114)
r(173,6,1,114)
w(2,13,1,114)
r(349,5,1,114)
r(185,4,1,114)
w(35,7,1,114)
r(195,8,1,114)
r(266,12,3,115)
r(228,6,3,115)
r(130,10,3,115)
r(47,13,3,115)
r(128,12,3,115)
r(238,7,3,115)
r(354,4,3,115)
r(101,7,3,115)
w(124,7,3,115)
r(65,8,3,115)
w(121,21,3,115)
w(135,4,3,115)
w(125,12,3,115)
w(175,13,3,115)
r(212,10,3,115)
w(167,16,3,115)
r(290,8,3,115)
r(250,7,3,115)
w(171,11,3,115)
w(131,11,3,115)
r(31,6,3,115)
w(165,10,3,115)
w(151,9,3,115)
r(251,17,3,115)
w(126,11,3,115)
r(331,6,3,115)
r(257,9,3,115)
r(331,6,3,115)
w(127,12,3,115)
w(125,13,3,115)
w(163,10,3,115)
r(196,4,3,115)
r(333,5,3,115)
w(157,11,3,115)
r(75,9,3,115)
w(131,12,3,115)
w(122,9,3,115)
w(133,8,3,115)
r(193,7,3,115)
r(212,10,3,115)
w(187,10,4,116)
r(352,10,4,116)
r(146,11,4,116)
w(194,16,4,116)
w(181,7,4,116)
r(86,8,4,116)
r(165,10,4,116)
w(223,8,4,116)
w(216,8,4,116)
r(271,10,4,116)
r(164,8,4,116)
w(183,12,4,116)
r(118,11,4,116)
r(121,21,4,116)
r(161,6,4,116)
w(218,12,4,116)
w(233,7,4,116)
r(226,11,4,116)
w(217,9,4,116)
r(240,12,4,116)
w(212,13,4,116)
r(16,8,4,116)
w(239,11,4,116)
r(147,9,4,116)
w(194,17,4,116)
r(309,14,4,116)
r(50,13,4,116)
w(214,23,4,116)
w(226,12,4,116)
r(78,8,4,116)
w(197,11,4,116)
r(297,11,4,116)
w(233,8,4,116)
r(236,9,4,116)
r(248,9,4,116)
r(344,14,4,116)
w(193,11,4,116)
r(15,11,4,116)
w(187,11,4,116)
w(182,11,4,116)
r(183,9,6,117)
w(314,9,6,117)
r(163,9,6,117)
r(258,6,6,117)
w(337,7,6,117)
r(176,6,6,117)
r(65,8,6,117)
r(323,9,6,117)
r(180,4,6,117)
w(316,15,6,117)
r(349,6,6,117)
r(175,11,6,117)
w(349,7,6,117)
r(143,9,6,117)
r(24,8,6,117)
w(308,10,6,117)
r(236,9,6,117)
r(126,10,6,117)
r(14,11,6,117)
w(357,11,6,117)
r(231,8,6,117)
r(165,9,6,117)
r(130,10,6,117)
w(355,12,6,117)
w(341,17,6,117)
w(318,13,6,117)
w(332,10,6,117)
r(313,10,6,117)
w(331,6,6,117)
w(333,5,6,117)
r(270,8,6,117)
w(342,12,6,117)
r(244,5,6,117)
r(63,8,6,117)
w(340,9,6,117)
w(307,6,6,117)
r(145,18,6,117)
r(332,10,6,117)
r(177,14,6,117)
r(31,6,6,117)
w(40,9,1,118)
w(8,7,1,118)
r(252,13,1,118)
w(19,9,1,118)
w(49,10,1,118)
w(42,13,1,118)
w(51,10,1,118)
r(91,2,1,118)
r(217,6,1,118)
r(259,7,1,118)
r(29,8,1,118)
w(39,16,1,118)
r(61,11,1,118)
r(355,10,1,118)
r(258,6,1,118)
w(28,10,1,118)
w(49,11,1,118)
r(48,7,1,118)
w(55,13,1,118)
w(56,10,1,118)
r(326,13,1,118)
w(6,12,1,118)
r(355,10,1,118)
w(15,11,1,118)
r(309,14,1,118)
w(47,13,1,118)
w(32,9,1,118)
r(51,10,1,118)
r(190,9,1,118)
w(32,10,1,118)
r(312,16,1,118)
r(359,17,1,118)
w(48,9,1,118)
w(10,8,1,118)
w(56,11,1,118)
w(37,6,1,118)
w(49,12,1,118)
r(166,8,1,118)
r(338,1,1,118)
r(37,6,1,118)
w(131,13,3,119)
r(192,7,3,119)
w(145,21,3,119)
w(132,10,3,119)
w(122,11,3,119)
r(235,12,3,119)
r(25,14,3,119)
r(126,11,3,119)
w(161,6,3,119)
r(72,10,3,119)
r(138,9,3,119)
w(172,12,3,119)
r(105,9,3,119)
w(135,5,3,119)
w(149,9,3,119)
w(166,10,3,119)
r(344,14,3,119)
w(151,10,3,119)
w(162,9,3,119)
w(177,16,3,119)
r(75,9,3,119)
w(154,14,3,119)
w(166,11,3,119)
w(179,11,3,119)
r(74,7,3,119)
r(352,10,3,119)
r(5,7,3,119)
w(173,7,3,119)
r(283,16,3,119)
w(177,17,3,119)
w(168,17,3,119)
w(143,10,3,119)
r(66,11,3,119)
w(170,9,3,119)
r(101,8,3,119)
r(225,10,3,119)
w(123,17,3,119)
w(178,10,3,119)
r(176,6,3,119)
r(196,4,3,119)
r(214,22,6,120)
r(161,5,6,120)
r(46,9,6,120)
w(312,17,6,120)
w(304,7,6,120)
r(20,10,6,120)
r(41,9,6,120)
r(128,12,6,120)
r(131,12,6,120)
w(330,8,6,120)
w(345,13,6,120)
r(3,9,6,120)
r(54,7,6,120)
r(133,8,6,120)
w(303,6,6,120)
w(308,11,6,120)
r(145,18,6,120)
w(332,11,6,120)
w(302,14,6,120)
r(295,14,6,120)
w(302,16,6,120)
r(181,6,6,120)
r(242,9,6,120)
w(318,14,6,120)
r(55,13,6,120)
r(149,6,6,120)
r(221,10,6,120)
w(332,12,6,120)
r(356,12,6,120)
r(113,13,6,120)
r(163,10,6,120)
r(138,9,6,120)
r(191,10,6,120)
w(332,13,6,120)
r(322,16,6,120)
w(352,10,6,120)
r(279,13,6,120)
r(312,17,6,120)
w(301,13,6,120)
r(83,11,6,120)
w(43,9,1,121)
r(326,13,1,121)
r(89,10,1,121)
r(213,12,1,121)
w(55,16,1,121)
w(56,13,1,121)
r(77,6,1,121)
r(303,6,1,121)
r(197,9,1,121)
r(50,13,1,121)
r(163,10,1,121)
w(6,13,1,121)
w(49,13,1,121)
r(165,10,1,121)
r(15,11,1,121)
r(16,8,1,121)
r(136,8,1,121)
r(117,8,1,121)
w(32,11,1,121)
w(44,10,1,121)
w(1,14,1,121)
r(289,17,1,121)
r(28,10,1,121)
r(23,6,1,121)
w(19,10,1,121)
w(24,9,1,121)
r(219,13,1,121)
r(244,5,1,121)
w(49,14,1,121)
w(54,8,1,121)
r(245,7,1,121)
r(15,11,1,121)
w(38,13,1,121)
r(33,11,1,121)
r(122,9,1,121)
r(12,7,1,121)
r(25,14,1,121)
r(219,13,1,121)
w(29,10,1,121)
r(91,2,1,121)
r(197,9,1,122)
w(2,14,1,122)
r(187,9,1,122)
w(28,11,1,122)
w(48,10,1,122)
w(4,12,1,122)
r(23,6,1,122)
w(46,10,1,122)
r(349,7,1,122)
r(347,6,1,122)
w(23,7,1,122)
r(315,11,1,122)
r(72,10,1,122)
w(45,9,1,122)
r(329,8,1,122)
r(57,10,1,122)
r(337,7,1,122)
w(38,14,1,122)
r(108,6,1,122)
w(55,17,1,122)
r(51,10,1,122)
r(348,10,1,122)
r(195,12,1,122)
w(45,10,1,122)
r(93,18,1,122)
w(56,14,1,122)
r(310,9,1,122)
w(34,13,1,122)
w(6,14,1,122)
w(39,19,1,122)
r(270,9,1,122)
r(171,11,1,122)
w(57,11,1,122)
w(23,8,1,122)
w(31,7,1,122)
w(5,8,1,122)
r(171,11,1,122)
w(57,12,1,122)
r(24,9,1,122)
r(289,17,1,122)
r(258,8,1,123)
r(129,6,1,123)
w(33,13,1,123)
w(46,11,1,123)
r(139,6,1,123)
r(352,10,1,123)
r(209,8,1,123)
r(80,9,1,123)
r(171,11,1,123)
r(357,11,1,123)
w(41,10,1,123)
w(53,13,1,123)
w(28,12,1,123)
w(48,11,1,123)
w(19,11,1,123)
w(10,9,1,123)
r(269,8,1,123)
w(35,8,1,123)
w(25,19,1,123)
r(69,7,1,123)
r(159,16,1,123)
r(302,16,1,123)
r(206,13,1,123)
w(55,19,1,123)
w(53,14,1,123)
w(10,10,1,123)
r(197,11,1,123)
w(4,13,1,123)
r(7,4,1,123)
w(16,10,1,123)
w(55,18,1,123)
r(152,11,1,123)
w(4,14,1,123)
r(167,16,1,123)
w(57,13,1,123)
r(359,17,1,123)
r(341,17,1,123)
r(309,14,1,123)
r(35,8,1,123)
r(12,7,1,123)
w(2,16,1,124)
w(59,9,1,124)
r(173,7,1,124)
r(220,10,1,124)
w(53,16,1,124)
r(57,13,1,124)
r(41,10,1,124)
w(33,14,1,124)
w(16,11,1,124)
r(158,7,1,124)
w(47,14,1,124)
r(301,13,1,124)
w(43,10,1,124)
w(48,12,1,124)
w(36,19,1,124)
w(30,10,1,124)
r(289,17,1,124)
w(5,9,1,124)
w(27,11,1,124)
w(43,11,1,124)
r(309,14,1,124)
w(24,10,1,124)
w(35,9,1,124)
r(153,10,1,124)
w(19,12,1,124)
r(337,7,1,124)
r(66,11,1,124)
w(35,10,1,124)
w(46,12,1,124)
w(37,9,1,124)
w(29,11,1,124)
w(28,13,1,124)
w(13,5,1,124)
w(22,10,1,124)
w(37,10,1,124)
r(99,8,1,124)
w(21,10,1,124)
w(53,17,1,124)
r(199,6,1,124)
r(202,9,1,124)
