w(1,1,0,0)
w(2,1,0,0)
w(3,1,0,0)
w(4,1,0,0)
w(5,1,0,0)
w(6,1,0,0)
w(7,1,0,0)
w(8,1,0,0)
w(9,1,0,0)
w(10,1,0,0)
w(11,1,0,0)
w(12,1,0,0)
w(13,1,0,0)
w(14,1,0,0)
w(15,1,0,0)
w(16,1,0,0)
w(17,1,0,0)
w(18,1,0,0)
w(19,1,0,0)
w(20,1,0,0)
w(21,1,0,0)
w(22,1,0,0)
w(23,1,0,0)
w(24,1,0,0)
w(25,1,0,0)
w(26,1,0,0)
w(27,1,0,0)
w(28,1,0,0)
w(29,1,0,0)
w(30,1,0,0)
w(31,1,0,0)
w(32,1,0,0)
w(33,1,0,0)
w(34,1,0,0)
w(35,1,0,0)
w(36,1,0,0)
w(37,1,0,0)
w(38,1,0,0)
w(39,1,0,0)
w(40,1,0,0)
w(41,1,0,0)
w(42,1,0,0)
w(43,1,0,0)
w(44,1,0,0)
w(45,1,0,0)
w(46,1,0,0)
w(47,1,0,0)
w(48,1,0,0)
w(49,1,0,0)
w(50,1,0,0)
w(51,1,0,0)
w(52,1,0,0)
w(53,1,0,0)
w(54,1,0,0)
w(55,1,0,0)
w(56,1,0,0)
w(57,1,0,0)
w(58,1,0,0)
w(59,1,0,0)
w(60,1,0,0)
w(61,1,0,0)
w(62,1,0,0)
w(63,1,0,0)
w(64,1,0,0)
w(65,1,0,0)
w(66,1,0,0)
w(67,1,0,0)
w(68,1,0,0)
w(69,1,0,0)
w(70,1,0,0)
w(71,1,0,0)
w(72,1,0,0)
w(73,1,0,0)
w(74,1,0,0)
w(75,1,0,0)
w(76,1,0,0)
w(77,1,0,0)
w(78,1,0,0)
w(79,1,0,0)
w(80,1,0,0)
w(81,1,0,0)
w(82,1,0,0)
w(83,1,0,0)
w(84,1,0,0)
w(85,1,0,0)
w(86,1,0,0)
w(87,1,0,0)
w(88,1,0,0)
w(89,1,0,0)
w(90,1,0,0)
w(91,1,0,0)
w(92,1,0,0)
w(93,1,0,0)
w(94,1,0,0)
w(95,1,0,0)
w(96,1,0,0)
w(97,1,0,0)
w(98,1,0,0)
w(99,1,0,0)
w(100,1,0,0)
w(101,1,0,0)
w(102,1,0,0)
w(103,1,0,0)
w(104,1,0,0)
w(105,1,0,0)
w(106,1,0,0)
w(107,1,0,0)
w(108,1,0,0)
w(109,1,0,0)
w(110,1,0,0)
w(111,1,0,0)
w(112,1,0,0)
w(113,1,0,0)
w(114,1,0,0)
w(115,1,0,0)
w(116,1,0,0)
w(117,1,0,0)
w(118,1,0,0)
w(119,1,0,0)
w(120,1,0,0)
w(121,1,0,0)
w(122,1,0,0)
w(123,1,0,0)
w(124,1,0,0)
w(125,1,0,0)
w(126,1,0,0)
w(127,1,0,0)
w(128,1,0,0)
w(129,1,0,0)
w(130,1,0,0)
w(131,1,0,0)
w(132,1,0,0)
w(133,1,0,0)
w(134,1,0,0)
w(135,1,0,0)
w(136,1,0,0)
w(137,1,0,0)
w(138,1,0,0)
w(139,1,0,0)
w(140,1,0,0)
w(141,1,0,0)
w(142,1,0,0)
w(143,1,0,0)
w(144,1,0,0)
w(145,1,0,0)
w(146,1,0,0)
w(147,1,0,0)
w(148,1,0,0)
w(149,1,0,0)
w(150,1,0,0)
w(151,1,0,0)
w(152,1,0,0)
w(153,1,0,0)
w(154,1,0,0)
w(155,1,0,0)
w(156,1,0,0)
w(157,1,0,0)
w(158,1,0,0)
w(159,1,0,0)
w(160,1,0,0)
w(161,1,0,0)
w(162,1,0,0)
w(163,1,0,0)
w(164,1,0,0)
w(165,1,0,0)
w(166,1,0,0)
w(167,1,0,0)
w(168,1,0,0)
w(169,1,0,0)
w(170,1,0,0)
w(171,1,0,0)
w(172,1,0,0)
w(173,1,0,0)
w(174,1,0,0)
w(175,1,0,0)
w(176,1,0,0)
w(177,1,0,0)
w(178,1,0,0)
w(179,1,0,0)
w(180,1,0,0)
r(39,1,1,1)
r(80,1,1,1)
w(2,2,1,1)
w(28,2,1,1)
w(52,2,1,1)
r(95,1,1,1)
r(57,1,1,1)
r(41,1,1,1)
r(126,1,1,1)
r(6,1,1,1)
w(29,2,1,1)
r(6,1,1,1)
r(131,1,1,1)
r(94,1,1,1)
w(58,2,1,1)
r(36,1,1,1)
w(56,2,1,1)
r(61,1,1,1)
w(58,3,1,1)
r(178,1,1,1)
r(100,1,2,2)
r(172,1,2,2)
r(26,1,2,2)
r(34,1,2,2)
r(77,1,2,2)
r(130,1,2,2)
r(64,1,2,2)
r(114,1,2,2)
r(42,1,2,2)
r(87,1,2,2)
r(145,1,2,2)
r(155,1,2,2)
w(112,2,2,2)
r(118,1,2,2)
w(119,2,2,2)
r(69,1,2,2)
r(134,1,2,2)
r(102,1,2,2)
w(79,2,2,2)
w(105,2,2,2)
r(74,1,3,3)
w(167,2,3,3)
r(163,1,3,3)
w(140,2,3,3)
r(115,1,3,3)
w(157,2,3,3)
r(88,1,3,3)
w(157,3,3,3)
r(38,1,3,3)
w(138,2,3,3)
r(48,1,3,3)
r(163,1,3,3)
r(94,1,3,3)
w(131,2,3,3)
r(116,1,3,3)
r(32,1,3,3)
w(140,3,3,3)
w(145,2,3,3)
w(121,2,3,3)
r(172,1,3,3)
r(9,1,1,4)
r(168,1,1,4)
r(176,1,1,4)
r(165,1,1,4)
w(14,2,1,4)
w(41,2,1,4)
r(170,1,1,4)
r(35,1,1,4)
w(7,2,1,4)
r(79,1,1,4)
r(73,1,1,4)
w(27,2,1,4)
r(88,1,1,4)
w(54,2,1,4)
r(63,1,1,4)
r(115,1,1,4)
w(6,2,1,4)
r(125,1,1,4)
r(16,1,1,4)
w(12,2,1,4)
r(92,1,2,5)
r(63,1,2,5)
w(99,2,2,5)
w(120,2,2,5)
w(100,2,2,5)
r(33,1,2,5)
r(102,1,2,5)
w(98,2,2,5)
r(43,1,2,5)
r(86,1,2,5)
r(52,1,2,5)
r(80,1,2,5)
w(84,2,2,5)
w(78,2,2,5)
r(180,1,2,5)
r(46,1,2,5)
r(157,1,2,5)
r(23,1,2,5)
r(27,1,2,5)
w(82,2,2,5)
w(168,2,3,6)
r(47,1,3,6)
w(161,2,3,6)
w(169,2,3,6)
w(150,2,3,6)
r(177,1,3,6)
w(134,2,3,6)
r(152,1,3,6)
r(135,1,3,6)
w(148,2,3,6)
r(150,2,3,6)
r(71,1,3,6)
r(46,1,3,6)
w(126,2,3,6)
r(172,1,3,6)
r(147,1,3,6)
w(144,2,3,6)
r(153,1,3,6)
w(150,3,3,6)
r(31,1,3,6)
w(17,2,1,7)
r(119,1,1,7)
w(39,2,1,7)
w(14,3,1,7)
w(59,2,1,7)
r(38,1,1,7)
r(164,1,1,7)
w(57,2,1,7)
r(160,1,1,7)
r(101,1,1,7)
r(53,1,1,7)
w(14,4,1,7)
w(52,3,1,7)
r(59,2,1,7)
r(152,1,1,7)
w(36,2,1,7)
w(45,2,1,7)
w(34,2,1,7)
r(127,1,1,7)
w(9,2,1,7)
w(84,3,2,8)
r(137,1,2,8)
w(92,2,2,8)
r(103,1,2,8)
w(85,2,2,8)
r(106,1,2,8)
w(118,2,2,8)
w(116,2,2,8)
w(62,2,2,8)
w(84,4,2,8)
w(117,2,2,8)
w(111,2,2,8)
r(8,1,2,8)
r(136,1,2,8)
w(86,2,2,8)
w(83,2,2,8)
r(37,1,2,8)
r(126,1,2,8)
r(56,1,2,8)
r(40,1,2,8)
r(149,1,3,9)
w(162,2,3,9)
r(28,1,3,9)
w(140,4,3,9)
w(179,2,3,9)
w(127,2,3,9)
w(154,2,3,9)
r(55,1,3,9)
r(53,1,3,9)
r(102,1,3,9)
r(42,1,3,9)
w(175,2,3,9)
r(33,1,3,9)
r(58,1,3,9)
r(12,1,3,9)
r(157,3,3,9)
r(59,1,3,9)
r(133,1,3,9)
w(152,2,3,9)
r(123,1,3,9)
w(17,3,1,10)
r(32,1,1,10)
w(35,2,1,10)
w(32,2,1,10)
r(145,1,1,10)
r(135,1,1,10)
r(35,2,1,10)
r(50,1,1,10)
r(45,2,1,10)
r(102,1,1,10)
r(120,1,1,10)
w(60,2,1,10)
r(79,1,1,10)
w(40,2,1,10)
r(147,1,1,10)
w(5,2,1,10)
r(36,2,1,10)
w(43,2,1,10)
w(8,2,1,10)
w(42,2,1,10)
r(10,1,2,11)
w(63,2,2,11)
r(131,1,2,11)
w(67,2,2,11)
w(107,2,2,11)
w(66,2,2,11)
w(79,3,2,11)
r(135,1,2,11)
w(73,2,2,11)
r(134,1,2,11)
w(69,2,2,11)
w(79,4,2,11)
w(64,2,2,11)
r(64,2,2,11)
w(69,3,2,11)
r(73,2,2,11)
w(97,2,2,11)
r(35,1,2,11)
w(114,2,2,11)
r(43,1,2,11)
w(155,2,3,12)
w(146,2,3,12)
r(27,1,3,12)
r(89,1,3,12)
w(142,2,3,12)
r(112,1,3,12)
r(34,1,3,12)
w(129,2,3,12)
w(166,2,3,12)
w(126,3,3,12)
r(68,1,3,12)
r(90,1,3,12)
w(178,2,3,12)
w(148,3,3,12)
r(45,1,3,12)
w(123,2,3,12)
w(173,2,3,12)
w(146,3,3,12)
w(149,2,3,12)
r(40,1,3,12)
w(18,2,1,13)
r(35,2,1,13)
w(24,2,1,13)
r(30,1,1,13)
w(6,3,1,13)
w(36,3,1,13)
w(53,2,1,13)
r(98,1,1,13)
w(18,3,1,13)
w(13,2,1,13)
r(84,1,1,13)
w(6,4,1,13)
r(43,2,1,13)
w(53,3,1,13)
r(130,1,1,13)
w(34,3,1,13)
r(20,1,1,13)
r(24,2,1,13)
r(72,1,1,13)
r(146,1,1,13)
w(75,2,2,14)
r(116,2,2,14)
w(115,2,2,14)
w(88,2,2,14)
r(17,1,2,14)
w(81,2,2,14)
r(58,1,2,14)
r(166,1,2,14)
w(84,5,2,14)
w(85,3,2,14)
w(95,2,2,14)
r(170,1,2,14)
w(118,3,2,14)
r(95,2,2,14)
r(3,1,2,14)
r(96,1,2,14)
w(84,6,2,14)
r(171,1,2,14)
r(56,1,2,14)
r(55,1,2,14)
r(42,1,3,15)
w(143,2,3,15)
r(17,1,3,15)
w(130,2,3,15)
r(52,1,3,15)
w(129,3,3,15)
w(140,5,3,15)
r(32,1,3,15)
r(84,1,3,15)
r(80,1,3,15)
w(142,3,3,15)
r(5,1,3,15)
r(70,1,3,15)
r(126,3,3,15)
w(173,3,3,15)
r(82,1,3,15)
r(27,1,3,15)
w(127,3,3,15)
r(102,1,3,15)
r(123,2,3,15)
r(82,1,1,16)
r(110,1,1,16)
r(175,1,1,16)
r(144,1,1,16)
w(4,2,1,16)
w(39,3,1,16)
r(76,1,1,16)
r(49,1,1,16)
w(59,3,1,16)
w(15,2,1,16)
r(128,1,1,16)
w(50,2,1,16)
r(159,1,1,16)
r(91,1,1,16)
r(52,3,1,16)
r(48,1,1,16)
w(27,3,1,16)
w(8,3,1,16)
r(133,1,1,16)
w(32,3,1,16)
r(97,2,2,17)
w(73,3,2,17)
r(59,1,2,17)
r(53,1,2,17)
r(114,2,2,17)
w(113,2,2,17)
r(29,1,2,17)
w(95,3,2,17)
w(68,2,2,17)
w(86,3,2,17)
r(127,1,2,17)
r(95,3,2,17)
w(118,4,2,17)
w(93,2,2,17)
r(79,4,2,17)
w(111,3,2,17)
r(23,1,2,17)
r(169,1,2,17)
w(115,3,2,17)
r(125,1,2,17)
w(175,3,3,18)
w(131,3,3,18)
w(176,2,3,18)
w(166,3,3,18)
r(100,1,3,18)
r(20,1,3,18)
r(130,2,3,18)
w(127,4,3,18)
w(124,2,3,18)
w(124,3,3,18)
r(113,1,3,18)
w(138,3,3,18)
r(78,1,3,18)
w(167,3,3,18)
r(5,1,3,18)
r(119,1,3,18)
w(122,2,3,18)
r(111,1,3,18)
r(6,1,3,18)
w(133,2,3,18)
r(105,1,1,19)
w(48,2,1,19)
r(132,1,1,19)
w(40,3,1,19)
r(6,4,1,19)
r(32,3,1,19)
w(14,5,1,19)
w(34,4,1,19)
r(63,1,1,19)
r(101,1,1,19)
w(26,2,1,19)
w(41,3,1,19)
w(8,4,1,19)
r(130,1,1,19)
r(158,1,1,19)
r(44,1,1,19)
w(59,4,1,19)
r(70,1,1,19)
w(2,3,1,19)
r(126,1,1,19)
r(130,1,2,20)
w(84,7,2,20)
w(118,5,2,20)
w(77,2,2,20)
r(11,1,2,20)
w(104,2,2,20)
w(111,4,2,20)
w(86,4,2,20)
w(110,2,2,20)
w(96,2,2,20)
w(86,5,2,20)
w(110,3,2,20)
w(105,3,2,20)
r(119,2,2,20)
r(23,1,2,20)
r(101,1,2,20)
r(39,1,2,20)
w(103,2,2,20)
w(99,3,2,20)
r(131,1,2,20)
r(52,1,3,21)
w(174,2,3,21)
r(168,2,3,21)
r(14,1,3,21)
w(141,2,3,21)
r(174,2,3,21)
r(111,1,3,21)
r(96,1,3,21)
r(146,3,3,21)
r(40,1,3,21)
r(143,2,3,21)
r(105,1,3,21)
w(174,3,3,21)
r(45,1,3,21)
w(172,2,3,21)
r(166,3,3,21)
w(135,2,3,21)
r(21,1,3,21)
r(142,3,3,21)
r(19,1,3,21)
w(31,2,1,22)
w(37,2,1,22)
w(49,2,1,22)
r(28,2,1,22)
w(10,2,1,22)
r(173,1,1,22)
r(138,1,1,22)
r(127,1,1,22)
r(137,1,1,22)
w(32,4,1,22)
w(48,3,1,22)
r(146,1,1,22)
r(87,1,1,22)
r(59,4,1,22)
r(176,1,1,22)
w(48,4,1,22)
w(32,5,1,22)
w(29,3,1,22)
r(82,1,1,22)
w(3,2,1,22)
w(104,3,2,23)
w(74,2,2,23)
r(13,1,2,23)
r(119,2,2,23)
w(89,2,2,23)
w(97,3,2,23)
w(91,2,2,23)
r(122,1,2,23)
w(119,3,2,23)
r(80,1,2,23)
w(81,3,2,23)
w(107,3,2,23)
r(6,1,2,23)
w(88,3,2,23)
r(110,3,2,23)
w(105,4,2,23)
r(25,1,2,23)
w(80,2,2,23)
w(104,4,2,23)
r(49,1,2,23)
w(173,4,3,24)
r(111,1,3,24)
w(173,5,3,24)
r(25,1,3,24)
w(162,3,3,24)
w(167,4,3,24)
r(57,1,3,24)
r(173,5,3,24)
r(5,1,3,24)
r(80,1,3,24)
r(109,1,3,24)
r(16,1,3,24)
w(129,4,3,24)
w(137,2,3,24)
w(145,3,3,24)
w(165,2,3,24)
r(75,1,3,24)
r(51,1,3,24)
r(99,1,3,24)
w(141,3,3,24)
r(65,1,1,25)
w(16,2,1,25)
w(40,4,1,25)
r(143,1,1,25)
w(29,4,1,25)
w(28,3,1,25)
r(102,1,1,25)
w(30,2,1,25)
r(72,1,1,25)
w(38,2,1,25)
w(17,4,1,25)
r(162,1,1,25)
w(22,2,1,25)
r(163,1,1,25)
r(3,2,1,25)
w(60,3,1,25)
w(41,4,1,25)
w(13,3,1,25)
w(6,5,1,25)
r(36,3,1,25)
r(4,1,2,26)
w(76,2,2,26)
w(76,3,2,26)
r(112,2,2,26)
w(78,3,2,26)
w(118,6,2,26)
r(178,1,2,26)
w(94,2,2,26)
w(63,3,2,26)
r(41,1,2,26)
w(112,3,2,26)
r(143,1,2,26)
w(79,5,2,26)
r(140,1,2,26)
w(116,3,2,26)
r(42,1,2,26)
r(172,1,2,26)
w(73,4,2,26)
w(96,3,2,26)
w(83,3,2,26)
w(132,2,3,27)
w(158,2,3,27)
w(127,5,3,27)
r(27,1,3,27)
r(101,1,3,27)
w(152,3,3,27)
w(121,3,3,27)
r(110,1,3,27)
r(18,1,3,27)
w(153,2,3,27)
r(127,5,3,27)
w(162,4,3,27)
r(99,1,3,27)
r(41,1,3,27)
w(130,3,3,27)
r(43,1,3,27)
r(127,5,3,27)
r(80,1,3,27)
w(138,4,3,27)
w(130,4,3,27)
w(54,3,1,28)
r(44,1,1,28)
w(26,3,1,28)
w(13,4,1,28)
w(19,2,1,28)
r(121,1,1,28)
w(6,6,1,28)
r(60,3,1,28)
w(31,3,1,28)
w(12,3,1,28)
r(95,1,1,28)
r(175,1,1,28)
w(11,2,1,28)
r(56,2,1,28)
r(23,1,1,28)
w(42,3,1,28)
w(60,4,1,28)
w(11,3,1,28)
w(44,2,1,28)
r(74,1,1,28)
w(107,4,2,29)
w(87,2,2,29)
r(96,3,2,29)
w(102,2,2,29)
w(97,4,2,29)
w(96,4,2,29)
w(116,4,2,29)
r(174,1,2,29)
w(96,5,2,29)
w(116,5,2,29)
w(90,2,2,29)
r(55,1,2,29)
w(92,3,2,29)
w(112,4,2,29)
w(61,2,2,29)
r(122,1,2,29)
r(108,1,2,29)
w(104,5,2,29)
r(72,1,2,29)
r(16,1,2,29)
r(9,1,3,30)
w(176,3,3,30)
r(15,1,3,30)
w(123,3,3,30)
r(11,1,3,30)
w(163,2,3,30)
w(130,5,3,30)
r(172,2,3,30)
r(111,1,3,30)
w(159,2,3,30)
r(136,1,3,30)
w(157,4,3,30)
w(161,3,3,30)
w(169,3,3,30)
r(20,1,3,30)
w(140,6,3,30)
w(160,2,3,30)
r(22,1,3,30)
r(74,1,3,30)
r(124,3,3,30)
r(1,1,1,31)
w(23,2,1,31)
r(27,3,1,31)
w(2,4,1,31)
w(14,6,1,31)
r(90,1,1,31)
w(25,2,1,31)
r(4,2,1,31)
w(47,2,1,31)
r(75,1,1,31)
r(160,1,1,31)
w(55,2,1,31)
r(173,1,1,31)
w(6,7,1,31)
r(113,1,1,31)
w(31,4,1,31)
r(159,1,1,31)
w(24,3,1,31)
w(36,4,1,31)
w(6,8,1,31)
r(89,2,2,32)
r(45,1,2,32)
r(7,1,2,32)
w(90,3,2,32)
r(63,3,2,32)
w(110,4,2,32)
w(67,3,2,32)
w(95,4,2,32)
w(113,3,2,32)
w(109,2,2,32)
w(91,3,2,32)
r(30,1,2,32)
w(68,3,2,32)
r(77,2,2,32)
r(157,1,2,32)
w(119,4,2,32)
w(95,5,2,32)
r(18,1,2,32)
r(102,2,2,32)
w(77,3,2,32)
r(104,1,3,33)
w(159,3,3,33)
w(157,5,3,33)
w(152,4,3,33)
r(59,1,3,33)
r(49,1,3,33)
w(122,3,3,33)
w(145,4,3,33)
r(141,3,3,33)
w(172,3,3,33)
r(135,2,3,33)
r(170,1,3,33)
r(69,1,3,33)
r(44,1,3,33)
w(137,3,3,33)
w(167,5,3,33)
r(101,1,3,33)
r(20,1,3,33)
r(141,3,3,33)
r(114,1,3,33)
r(1,1,1,34)
w(48,5,1,34)
r(113,1,1,34)
r(85,1,1,34)
r(85,1,1,34)
r(99,1,1,34)
w(43,3,1,34)
r(30,2,1,34)
w(37,3,1,34)
w(11,4,1,34)
w(44,3,1,34)
r(33,1,1,34)
w(54,4,1,34)
r(174,1,1,34)
w(32,6,1,34)
w(30,3,1,34)
w(60,5,1,34)
r(140,1,1,34)
w(12,4,1,34)
w(30,4,1,34)
w(104,6,2,35)
r(101,1,2,35)
r(179,1,2,35)
r(18,1,2,35)
r(34,1,2,35)
r(117,2,2,35)
w(109,3,2,35)
r(25,1,2,35)
w(72,2,2,35)
w(94,3,2,35)
r(33,1,2,35)
r(64,2,2,35)
w(93,3,2,35)
r(166,1,2,35)
r(1,1,2,35)
r(73,4,2,35)
r(5,1,2,35)
w(118,7,2,35)
r(25,1,2,35)
r(96,5,2,35)
r(171,1,3,36)
w(164,2,3,36)
w(141,4,3,36)
w(144,3,3,36)
w(122,4,3,36)
r(94,1,3,36)
w(170,2,3,36)
r(68,1,3,36)
r(168,2,3,36)
r(88,1,3,36)
r(116,1,3,36)
w(137,4,3,36)
w(124,4,3,36)
r(12,1,3,36)
r(133,2,3,36)
r(30,1,3,36)
w(138,5,3,36)
r(101,1,3,36)
r(49,1,3,36)
r(13,1,3,36)
r(86,1,1,37)
r(37,3,1,37)
r(120,1,1,37)
w(34,5,1,37)
r(26,3,1,37)
r(162,1,1,37)
r(25,2,1,37)
w(22,3,1,37)
r(167,1,1,37)
r(89,1,1,37)
r(156,1,1,37)
r(95,1,1,37)
w(43,4,1,37)
w(8,5,1,37)
w(46,2,1,37)
w(45,3,1,37)
w(40,5,1,37)
r(162,1,1,37)
w(8,6,1,37)
r(95,1,1,37)
w(68,4,2,38)
r(72,2,2,38)
r(118,7,2,38)
r(88,3,2,38)
w(109,4,2,38)
w(103,3,2,38)
r(3,1,2,38)
r(158,1,2,38)
w(63,4,2,38)
w(98,3,2,38)
w(94,4,2,38)
w(85,4,2,38)
r(23,1,2,38)
w(86,6,2,38)
w(76,4,2,38)
w(88,4,2,38)
r(114,2,2,38)
w(78,4,2,38)
r(9,1,2,38)
r(124,1,2,38)
r(140,6,3,39)
r(11,1,3,39)
w(159,4,3,39)
r(83,1,3,39)
r(19,1,3,39)
w(143,3,3,39)
r(29,1,3,39)
r(115,1,3,39)
r(165,2,3,39)
r(69,1,3,39)
w(148,4,3,39)
w(126,4,3,39)
r(27,1,3,39)
w(144,4,3,39)
r(158,2,3,39)
w(129,5,3,39)
w(180,2,3,39)
r(91,1,3,39)
w(164,3,3,39)
w(163,3,3,39)
w(10,3,1,40)
w(15,3,1,40)
r(128,1,1,40)
w(49,3,1,40)
r(36,4,1,40)
r(25,2,1,40)
r(16,2,1,40)
r(17,4,1,40)
r(165,2,1,40)
w(2,5,1,40)
r(71,1,1,40)
w(4,3,1,40)
r(64,1,1,40)
r(134,2,1,40)
w(1,2,1,40)
r(16,2,1,40)
w(7,3,1,40)
w(45,4,1,40)
r(47,2,1,40)
w(14,7,1,40)
r(19,1,2,41)
w(105,5,2,41)
w(90,4,2,41)
w(74,3,2,41)
r(51,1,2,41)
w(80,3,2,41)
r(4,1,2,41)
w(89,3,2,41)
r(98,3,2,41)
w(76,5,2,41)
w(81,4,2,41)
r(125,1,2,41)
w(113,4,2,41)
w(93,4,2,41)
r(55,1,2,41)
w(66,3,2,41)
r(163,1,2,41)
w(69,4,2,41)
r(120,2,2,41)
w(77,4,2,41)
r(85,1,3,42)
r(113,1,3,42)
r(41,1,3,42)
r(128,1,3,42)
r(142,3,3,42)
w(179,3,3,42)
r(144,4,3,42)
r(5,1,3,42)
w(161,4,3,42)
r(176,3,3,42)
w(152,5,3,42)
r(3,1,3,42)
w(143,4,3,42)
r(50,1,3,42)
r(134,2,3,42)
w(136,2,3,42)
r(21,1,3,42)
w(177,2,3,42)
r(176,3,3,42)
w(143,5,3,42)
r(82,2,1,43)
r(155,2,1,43)
w(31,5,1,43)
r(77,1,1,43)
w(9,3,1,43)
r(22,3,1,43)
w(50,3,1,43)
w(6,9,1,43)
w(48,6,1,43)
w(23,3,1,43)
r(124,3,1,43)
r(6,9,1,43)
w(33,2,1,43)
w(33,3,1,43)
r(80,1,1,43)
w(40,6,1,43)
w(41,5,1,43)
w(16,3,1,43)
w(38,3,1,43)
r(113,1,1,43)
w(71,2,2,44)
r(70,1,2,44)
w(68,5,2,44)
w(116,6,2,44)
r(31,1,2,44)
r(72,2,2,44)
w(110,5,2,44)
w(66,4,2,44)
w(76,6,2,44)
r(149,1,2,44)
w(62,3,2,44)
w(70,2,2,44)
r(133,1,2,44)
w(81,5,2,44)
w(103,4,2,44)
w(78,5,2,44)
w(104,7,2,44)
w(77,5,2,44)
r(3,1,2,44)
r(115,3,2,44)
w(142,4,3,45)
w(169,4,3,45)
w(127,6,3,45)
w(158,3,3,45)
r(13,1,3,45)
r(13,1,3,45)
w(130,6,3,45)
r(157,5,3,45)
r(43,1,3,45)
w(179,4,3,45)
w(167,6,3,45)
w(139,2,3,45)
r(121,3,3,45)
w(128,2,3,45)
w(158,4,3,45)
r(153,2,3,45)
r(142,4,3,45)
r(161,4,3,45)
r(50,1,3,45)
r(135,2,3,45)
r(71,1,1,46)
r(33,3,1,46)
r(97,1,1,46)
w(51,2,1,46)
r(74,1,1,46)
r(150,3,1,46)
w(40,7,1,46)
r(117,2,1,46)
r(69,1,1,46)
r(120,2,1,46)
w(40,8,1,46)
w(8,7,1,46)
r(99,2,1,46)
r(169,2,1,46)
w(56,3,1,46)
w(46,3,1,46)
w(3,3,1,46)
w(7,4,1,46)
r(116,2,1,46)
r(49,3,1,46)
r(148,1,2,47)
w(98,4,2,47)
r(31,1,2,47)
r(31,1,2,47)
r(55,1,2,47)
r(82,2,2,47)
r(61,2,2,47)
w(62,4,2,47)
w(82,3,2,47)
w(96,6,2,47)
r(168,1,2,47)
w(79,6,2,47)
r(14,1,2,47)
r(157,1,2,47)
r(58,1,2,47)
w(107,5,2,47)
r(58,1,2,47)
r(101,1,2,47)
w(72,3,2,47)
w(103,5,2,47)
r(74,1,3,48)
w(171,2,3,48)
r(151,1,3,48)
r(16,1,3,48)
w(124,5,3,48)
w(179,5,3,48)
w(121,4,3,48)
r(134,2,3,48)
w(140,7,3,48)
w(163,4,3,48)
r(150,3,3,48)
w(166,4,3,48)
w(164,4,3,48)
w(157,6,3,48)
r(176,3,3,48)
r(86,1,3,48)
w(169,5,3,48)
w(180,3,3,48)
r(21,1,3,48)
r(159,4,3,48)
r(166,3,1,49)
w(4,4,1,49)
r(3,3,1,49)
w(56,4,1,49)
w(21,2,1,49)
w(2,6,1,49)
w(41,6,1,49)
r(26,3,1,49)
w(51,3,1,49)
r(144,2,1,49)
w(51,4,1,49)
r(94,1,1,49)
r(32,6,1,49)
w(50,4,1,49)
r(97,1,1,49)
w(58,4,1,49)
r(91,1,1,49)
r(161,2,1,49)
w(9,4,1,49)
w(51,5,1,49)
r(117,2,2,50)
w(81,6,2,50)
w(79,7,2,50)
r(139,1,2,50)
r(114,2,2,50)
w(71,3,2,50)
r(73,4,2,50)
w(102,3,2,50)
w(79,8,2,50)
w(103,6,2,50)
r(153,1,2,50)
r(1,1,2,50)
r(54,1,2,50)
w(74,4,2,50)
r(22,1,2,50)
r(148,1,2,50)
w(85,5,2,50)
r(14,1,2,50)
r(8,1,2,50)
w(94,5,2,50)
w(162,5,3,51)
r(17,3,3,51)
r(157,6,3,51)
r(166,4,3,51)
r(67,2,3,51)
w(146,4,3,51)
r(107,2,3,51)
w(139,3,3,51)
w(168,3,3,51)
r(28,2,3,51)
r(153,2,3,51)
r(151,1,3,51)
w(156,2,3,51)
w(140,8,3,51)
w(178,3,3,51)
w(175,4,3,51)
w(171,3,3,51)
w(142,5,3,51)
w(178,4,3,51)
w(123,4,3,51)
r(9,4,1,52)
r(154,2,1,52)
r(133,2,1,52)
r(15,3,1,52)
w(56,5,1,52)
r(149,2,1,52)
r(38,3,1,52)
r(89,1,1,52)
w(20,2,1,52)
r(126,3,1,52)
r(54,4,1,52)
r(164,1,1,52)
r(90,1,1,52)
r(27,3,1,52)
w(16,4,1,52)
r(31,5,1,52)
r(35,2,1,52)
r(71,1,1,52)
w(49,4,1,52)
r(150,3,1,52)
w(74,5,2,53)
w(75,3,2,53)
w(67,4,2,53)
r(3,1,2,53)
r(40,1,2,53)
w(83,4,2,53)
r(42,1,2,53)
w(99,4,2,53)
w(63,5,2,53)
r(67,4,2,53)
r(29,2,2,53)
r(149,1,2,53)
w(88,5,2,53)
w(86,7,2,53)
r(123,1,2,53)
r(138,1,2,53)
r(52,2,2,53)
r(75,3,2,53)
r(145,1,2,53)
w(76,7,2,53)
w(170,3,3,54)
w(127,7,3,54)
w(155,3,3,54)
r(50,1,3,54)
r(41,2,3,54)
r(92,2,3,54)
w(130,7,3,54)
r(125,1,3,54)
r(163,4,3,54)
w(151,2,3,54)
w(179,6,3,54)
r(155,3,3,54)
w(135,3,3,54)
r(36,2,3,54)
w(153,3,3,54)
r(36,2,3,54)
r(27,2,3,54)
w(156,3,3,54)
w(129,6,3,54)
w(175,5,3,54)
r(153,2,1,55)
w(36,5,1,55)
r(131,3,1,55)
w(60,6,1,55)
w(6,10,1,55)
w(57,3,1,55)
r(113,1,1,55)
r(112,2,1,55)
r(16,4,1,55)
r(94,1,1,55)
r(28,3,1,55)
r(22,3,1,55)
w(11,5,1,55)
w(34,6,1,55)
w(26,4,1,55)
r(106,1,1,55)
w(28,4,1,55)
w(46,4,1,55)
w(27,4,1,55)
r(47,2,1,55)
r(163,1,2,56)
r(151,1,2,56)
w(110,6,2,56)
r(147,1,2,56)
w(84,8,2,56)
r(126,1,2,56)
r(165,1,2,56)
w(72,4,2,56)
r(23,1,2,56)
r(57,1,2,56)
r(4,1,2,56)
r(172,1,2,56)
w(106,2,2,56)
w(102,4,2,56)
w(112,5,2,56)
r(101,1,2,56)
w(109,5,2,56)
w(99,5,2,56)
r(52,2,2,56)
r(180,1,2,56)
r(132,2,3,57)
w(146,5,3,57)
r(108,1,3,57)
r(94,1,3,57)
r(78,2,3,57)
r(33,1,3,57)
w(149,3,3,57)
r(158,4,3,57)
r(23,1,3,57)
r(115,1,3,57)
r(50,1,3,57)
w(167,7,3,57)
r(70,1,3,57)
r(175,5,3,57)
w(129,7,3,57)
w(133,3,3,57)
r(116,2,3,57)
w(163,5,3,57)
w(168,4,3,57)
w(124,6,3,57)
w(47,3,1,58)
r(4,4,1,58)
w(12,5,1,58)
w(50,5,1,58)
r(47,3,1,58)
w(12,6,1,58)
w(36,6,1,58)
r(35,2,1,58)
w(14,8,1,58)
r(18,3,1,58)
r(118,2,1,58)
w(49,5,1,58)
w(19,3,1,58)
w(45,5,1,58)
r(119,2,1,58)
r(127,5,1,58)
r(105,2,1,58)
r(151,1,1,58)
r(112,2,1,58)
w(51,6,1,58)
r(53,1,2,59)
w(64,3,2,59)
w(88,6,2,59)
r(41,1,2,59)
w(65,2,2,59)
r(42,1,2,59)
r(179,1,2,59)
w(86,8,2,59)
r(21,1,2,59)
r(142,1,2,59)
w(76,8,2,59)
w(70,3,2,59)
r(56,2,2,59)
r(135,1,2,59)
w(113,5,2,59)
w(105,6,2,59)
w(107,6,2,59)
r(99,5,2,59)
r(78,5,2,59)
r(156,1,2,59)
r(140,8,3,60)
r(11,1,3,60)
w(167,8,3,60)
r(34,2,3,60)
w(166,5,3,60)
r(164,4,3,60)
r(45,2,3,60)
r(160,2,3,60)
r(5,2,3,60)
r(134,2,3,60)
w(141,5,3,60)
w(165,3,3,60)
w(149,4,3,60)
r(24,1,3,60)
r(179,6,3,60)
w(152,6,3,60)
w(158,5,3,60)
r(139,3,3,60)
w(162,6,3,60)
r(146,5,3,60)
w(4,5,1,61)
r(4,5,1,61)
w(53,4,1,61)
r(85,2,1,61)
w(28,5,1,61)
w(28,6,1,61)
w(22,4,1,61)
w(40,9,1,61)
r(93,1,1,61)
r(101,1,1,61)
r(77,1,1,61)
w(59,5,1,61)
r(58,4,1,61)
r(69,1,1,61)
r(158,2,1,61)
w(1,3,1,61)
r(92,2,1,61)
w(31,6,1,61)
w(21,3,1,61)
w(37,4,1,61)
r(16,1,2,62)
w(89,4,2,62)
w(78,6,2,62)
r(4,1,2,62)
r(136,1,2,62)
w(118,8,2,62)
w(106,3,2,62)
r(95,5,2,62)
r(82,3,2,62)
w(100,3,2,62)
r(6,1,2,62)
w(101,2,2,62)
w(118,9,2,62)
w(120,3,2,62)
w(84,9,2,62)
r(131,1,2,62)
r(49,1,2,62)
r(112,5,2,62)
r(152,1,2,62)
w(91,4,2,62)
w(154,3,3,63)
r(99,2,3,63)
r(25,1,3,63)
r(58,3,3,63)
r(104,1,3,63)
r(139,3,3,63)
w(166,6,3,63)
w(145,5,3,63)
r(132,2,3,63)
w(170,4,3,63)
r(137,4,3,63)
w(165,4,3,63)
r(52,3,3,63)
r(125,1,3,63)
r(12,2,3,63)
w(123,5,3,63)
w(154,4,3,63)
w(174,4,3,63)
w(124,7,3,63)
w(166,7,3,63)
w(14,9,1,64)
w(35,3,1,64)
r(1,3,1,64)
w(39,4,1,64)
r(169,3,1,64)
r(57,3,1,64)
w(60,7,1,64)
r(9,4,1,64)
r(159,4,1,64)
w(22,5,1,64)
r(162,4,1,64)
w(50,6,1,64)
w(50,7,1,64)
w(57,4,1,64)
w(19,4,1,64)
r(177,2,1,64)
w(38,4,1,64)
r(93,4,1,64)
w(33,4,1,64)
w(1,4,1,64)
w(93,5,2,65)
w(65,3,2,65)
w(106,4,2,65)
r(86,8,2,65)
r(172,1,2,65)
r(173,1,2,65)
r(86,8,2,65)
w(86,9,2,65)
r(14,1,2,65)
w(95,6,2,65)
w(115,4,2,65)
r(16,1,2,65)
r(61,2,2,65)
w(101,3,2,65)
w(80,4,2,65)
w(114,3,2,65)
r(176,1,2,65)
r(50,1,2,65)
r(25,1,2,65)
w(112,6,2,65)
r(95,1,3,66)
r(17,3,3,66)
r(65,1,3,66)
w(124,8,3,66)
w(134,3,3,66)
r(15,1,3,66)
w(164,5,3,66)
w(125,2,3,66)
w(122,5,3,66)
r(90,1,3,66)
w(122,6,3,66)
w(147,2,3,66)
w(148,5,3,66)
w(158,6,3,66)
w(131,4,3,66)
r(54,2,3,66)
w(144,5,3,66)
r(26,1,3,66)
w(167,9,3,66)
w(155,4,3,66)
w(19,5,1,67)
r(97,4,1,67)
r(128,1,1,67)
w(43,5,1,67)
w(27,5,1,67)
r(166,3,1,67)
w(27,6,1,67)
w(52,4,1,67)
r(59,5,1,67)
w(14,10,1,67)
r(115,3,1,67)
w(19,6,1,67)
w(60,8,1,67)
r(132,2,1,67)
r(137,4,1,67)
r(168,2,1,67)
r(153,2,1,67)
r(14,10,1,67)
r(125,1,1,67)
w(33,5,1,67)
w(62,5,2,68)
w(62,6,2,68)
r(125,1,2,68)
w(78,7,2,68)
w(63,6,2,68)
w(72,5,2,68)
r(174,1,2,68)
w(102,5,2,68)
w(71,4,2,68)
r(58,3,2,68)
w(94,6,2,68)
r(173,1,2,68)
w(102,6,2,68)
r(101,3,2,68)
r(153,1,2,68)
r(136,1,2,68)
r(132,1,2,68)
w(77,6,2,68)
r(178,1,2,68)
w(82,4,2,68)
w(162,7,3,69)
r(15,1,3,69)
r(39,2,3,69)
w(166,8,3,69)
r(125,2,3,69)
r(80,1,3,69)
w(180,4,3,69)
w(131,5,3,69)
r(42,2,3,69)
w(148,6,3,69)
r(170,4,3,69)
r(150,3,3,69)
w(151,3,3,69)
w(154,5,3,69)
w(166,9,3,69)
w(178,5,3,69)
w(147,3,3,69)
r(46,1,3,69)
r(156,3,3,69)
r(160,2,3,69)
w(41,7,1,70)
w(28,7,1,70)
r(38,4,1,70)
w(35,4,1,70)
w(18,4,1,70)
r(103,3,1,70)
w(16,5,1,70)
r(141,4,1,70)
r(132,2,1,70)
r(115,3,1,70)
w(29,5,1,70)
w(34,7,1,70)
r(171,1,1,70)
w(47,4,1,70)
w(7,5,1,70)
r(21,3,1,70)
r(60,8,1,70)
w(35,5,1,70)
w(52,5,1,70)
w(35,6,1,70)
w(78,8,2,71)
w(65,4,2,71)
w(98,5,2,71)
w(77,7,2,71)
w(91,5,2,71)
w(109,6,2,71)
w(78,9,2,71)
r(33,1,2,71)
r(63,6,2,71)
r(17,1,2,71)
w(116,7,2,71)
r(33,1,2,71)
r(7,1,2,71)
w(86,10,2,71)
r(12,1,2,71)
w(112,7,2,71)
w(88,7,2,71)
w(100,4,2,71)
r(32,1,2,71)
r(135,1,2,71)
r(42,3,3,72)
w(165,5,3,72)
r(131,5,3,72)
r(18,3,3,72)
r(10,2,3,72)
r(124,8,3,72)
r(120,2,3,72)
r(2,3,3,72)
w(137,5,3,72)
w(152,7,3,72)
r(166,9,3,72)
w(123,6,3,72)
r(1,1,3,72)
r(105,4,3,72)
r(111,4,3,72)
r(134,3,3,72)
r(175,5,3,72)
r(99,3,3,72)
r(126,4,3,72)
w(134,4,3,72)
w(45,6,1,73)
w(20,3,1,73)
w(30,5,1,73)
w(50,8,1,73)
r(9,4,1,73)
r(116,5,1,73)
r(113,4,1,73)
w(14,11,1,73)
r(134,2,1,73)
w(21,4,1,73)
w(30,6,1,73)
w(51,7,1,73)
w(27,7,1,73)
w(51,8,1,73)
r(122,4,1,73)
w(58,5,1,73)
r(168,2,1,73)
w(58,6,1,73)
w(56,6,1,73)
r(70,1,1,73)
w(66,5,2,74)
w(76,9,2,74)
r(157,5,2,74)
r(145,4,2,74)
w(92,4,2,74)
r(62,6,2,74)
r(74,5,2,74)
r(29,2,2,74)
w(61,3,2,74)
r(66,5,2,74)
w(74,6,2,74)
r(132,2,2,74)
w(96,7,2,74)
r(45,2,2,74)
w(82,5,2,74)
r(103,6,2,74)
r(46,1,2,74)
w(85,6,2,74)
r(100,4,2,74)
r(72,5,2,74)
w(148,7,3,75)
r(122,6,3,75)
r(136,2,3,75)
r(60,4,3,75)
r(92,3,3,75)
w(128,3,3,75)
r(118,7,3,75)
w(178,6,3,75)
w(169,6,3,75)
r(59,4,3,75)
r(77,3,3,75)
r(109,4,3,75)
r(23,1,3,75)
r(9,2,3,75)
r(4,2,3,75)
r(26,3,3,75)
w(160,3,3,75)
w(173,6,3,75)
w(163,6,3,75)
r(128,3,3,75)
r(131,3,1,76)
r(84,7,1,76)
r(60,8,1,76)
w(47,5,1,76)
r(138,5,1,76)
r(73,4,1,76)
r(16,5,1,76)
w(32,7,1,76)
w(32,8,1,76)
r(112,4,1,76)
r(136,2,1,76)
r(86,6,1,76)
w(52,6,1,76)
w(43,6,1,76)
w(12,7,1,76)
w(47,6,1,76)
w(11,6,1,76)
r(105,5,1,76)
r(18,4,1,76)
r(122,4,1,76)
w(89,5,2,77)
w(112,8,2,77)
w(111,5,2,77)
r(56,2,2,77)
r(83,4,2,77)
w(69,5,2,77)
w(109,7,2,77)
w(115,5,2,77)
r(16,1,2,77)
r(136,1,2,77)
r(104,7,2,77)
r(87,2,2,77)
r(11,1,2,77)
w(106,5,2,77)
r(28,2,2,77)
w(120,4,2,77)
r(138,4,2,77)
w(110,7,2,77)
w(70,4,2,77)
w(91,6,2,77)
r(60,4,3,78)
w(149,5,3,78)
w(174,5,3,78)
w(136,3,3,78)
r(70,1,3,78)
w(179,7,3,78)
r(160,3,3,78)
r(114,2,3,78)
r(153,3,3,78)
w(166,10,3,78)
r(85,4,3,78)
w(179,8,3,78)
r(52,3,3,78)
w(156,4,3,78)
w(133,4,3,78)
w(175,6,3,78)
r(45,2,3,78)
w(148,8,3,78)
w(122,7,3,78)
w(128,4,3,78)
r(66,4,1,79)
r(54,4,1,79)
r(68,5,1,79)
r(93,5,1,79)
r(61,2,1,79)
w(26,5,1,79)
r(116,7,1,79)
w(52,7,1,79)
w(9,5,1,79)
w(57,5,1,79)
r(20,3,1,79)
w(12,8,1,79)
w(2,7,1,79)
w(11,7,1,79)
w(15,4,1,79)
w(13,5,1,79)
w(19,7,1,79)
r(49,5,1,79)
r(48,6,1,79)
w(47,7,1,79)
w(100,5,2,80)
r(107,6,2,80)
r(36,3,2,80)
r(58,3,2,80)
w(85,7,2,80)
w(76,10,2,80)
r(175,3,2,80)
w(108,2,2,80)
r(179,2,2,80)
w(105,7,2,80)
w(119,5,2,80)
w(82,6,2,80)
w(118,10,2,80)
w(61,4,2,80)
r(70,4,2,80)
w(117,3,2,80)
r(150,3,2,80)
w(83,5,2,80)
r(157,5,2,80)
w(66,6,2,80)
r(31,3,3,81)
w(135,4,3,81)
r(59,4,3,81)
w(167,10,3,81)
r(118,7,3,81)
r(109,4,3,81)
w(123,7,3,81)
w(177,3,3,81)
w(173,7,3,81)
w(126,5,3,81)
r(63,4,3,81)
r(39,3,3,81)
w(135,5,3,81)
w(178,7,3,81)
w(140,9,3,81)
r(9,2,3,81)
w(146,6,3,81)
r(35,2,3,81)
w(152,8,3,81)
w(178,8,3,81)
w(39,5,1,82)
w(57,6,1,82)
w(47,8,1,82)
w(36,7,1,82)
r(65,4,1,82)
w(5,3,1,82)
w(14,12,1,82)
r(88,7,1,82)
w(48,7,1,82)
r(169,6,1,82)
w(26,6,1,82)
w(48,8,1,82)
r(173,6,1,82)
w(45,7,1,82)
w(10,4,1,82)
r(149,5,1,82)
w(18,5,1,82)
w(15,5,1,82)
r(34,7,1,82)
r(41,7,1,82)
w(83,6,2,83)
w(74,7,2,83)
w(75,4,2,83)
r(27,3,2,83)
r(31,1,2,83)
r(9,2,2,83)
w(104,8,2,83)
w(85,8,2,83)
r(36,3,2,83)
r(53,3,2,83)
r(138,4,2,83)
r(76,10,2,83)
w(94,7,2,83)
w(71,5,2,83)
w(84,10,2,83)
w(96,8,2,83)
r(70,4,2,83)
w(115,6,2,83)
w(94,8,2,83)
r(79,8,2,83)
w(126,6,3,84)
w(151,4,3,84)
w(128,5,3,84)
w(171,4,3,84)
w(146,7,3,84)
r(179,8,3,84)
w(153,4,3,84)
r(152,8,3,84)
r(70,1,3,84)
r(1,1,3,84)
r(19,2,3,84)
w(133,5,3,84)
r(146,7,3,84)
r(149,5,3,84)
r(121,4,3,84)
w(160,4,3,84)
r(61,2,3,84)
r(120,2,3,84)
w(147,4,3,84)
r(105,4,3,84)
r(40,9,1,85)
w(50,9,1,85)
w(3,4,1,85)
r(136,3,1,85)
r(94,6,1,85)
r(140,8,1,85)
w(5,4,1,85)
r(42,3,1,85)
r(39,5,1,85)
r(153,3,1,85)
r(80,4,1,85)
w(31,7,1,85)
w(50,10,1,85)
r(94,6,1,85)
w(58,7,1,85)
r(166,10,1,85)
w(50,11,1,85)
r(35,6,1,85)
r(155,4,1,85)
w(39,6,1,85)
r(110,7,2,86)
r(17,3,2,86)
w(107,7,2,86)
w(104,9,2,86)
r(74,7,2,86)
w(94,9,2,86)
w(98,6,2,86)
w(85,9,2,86)
r(102,6,2,86)
w(96,9,2,86)
w(89,6,2,86)
w(84,11,2,86)
w(119,6,2,86)
w(70,5,2,86)
w(113,6,2,86)
w(65,5,2,86)
r(78,9,2,86)
r(142,3,2,86)
w(82,7,2,86)
w(88,8,2,86)
w(142,6,3,87)
r(134,4,3,87)
w(156,5,3,87)
r(135,5,3,87)
r(71,1,3,87)
w(130,8,3,87)
r(60,4,3,87)
w(124,9,3,87)
r(124,9,3,87)
w(168,5,3,87)
r(147,4,3,87)
r(1,1,3,87)
w(177,4,3,87)
r(59,4,3,87)
r(171,4,3,87)
w(143,6,3,87)
r(160,4,3,87)
w(129,8,3,87)
r(114,2,3,87)
w(171,5,3,87)
w(29,6,1,88)
r(39,6,1,88)
r(114,3,1,88)
w(51,9,1,88)
r(147,3,1,88)
w(31,8,1,88)
w(29,7,1,88)
w(45,8,1,88)
w(5,5,1,88)
r(87,2,1,88)
r(59,5,1,88)
w(29,8,1,88)
r(67,4,1,88)
w(9,6,1,88)
w(19,8,1,88)
w(28,8,1,88)
w(25,3,1,88)
w(22,6,1,88)
r(92,3,1,88)
r(33,5,1,88)
r(152,4,2,89)
r(58,3,2,89)
r(72,5,2,89)
w(78,10,2,89)
r(146,3,2,89)
w(98,7,2,89)
r(124,3,2,89)
r(129,4,2,89)
r(154,2,2,89)
r(88,8,2,89)
w(82,8,2,89)
w(84,12,2,89)
w(75,5,2,89)
r(129,4,2,89)
r(106,5,2,89)
w(81,7,2,89)
r(61,4,2,89)
w(83,7,2,89)
w(65,6,2,89)
r(174,3,2,89)
w(138,6,3,90)
r(43,2,3,90)
w(137,6,3,90)
r(17,4,3,90)
r(175,6,3,90)
w(159,5,3,90)
r(88,4,3,90)
r(14,5,3,90)
r(108,1,3,90)
w(130,9,3,90)
w(178,9,3,90)
r(113,3,3,90)
r(65,1,3,90)
w(150,4,3,90)
w(176,4,3,90)
r(85,4,3,90)
w(143,7,3,90)
w(160,5,3,90)
r(58,3,3,90)
w(155,5,3,90)
