w(1,1,0,0)
w(2,1,0,0)
w(3,1,0,0)
w(4,1,0,0)
w(5,1,0,0)
w(6,1,0,0)
w(7,1,0,0)
w(8,1,0,0)
w(9,1,0,0)
w(10,1,0,0)
w(11,1,0,0)
w(12,1,0,0)
w(13,1,0,0)
w(14,1,0,0)
w(15,1,0,0)
w(16,1,0,0)
w(17,1,0,0)
w(18,1,0,0)
w(19,1,0,0)
w(20,1,0,0)
w(21,1,0,0)
w(22,1,0,0)
w(23,1,0,0)
w(24,1,0,0)
w(25,1,0,0)
w(26,1,0,0)
w(27,1,0,0)
w(28,1,0,0)
w(29,1,0,0)
w(30,1,0,0)
w(31,1,0,0)
w(32,1,0,0)
w(33,1,0,0)
w(34,1,0,0)
w(35,1,0,0)
w(36,1,0,0)
w(37,1,0,0)
w(38,1,0,0)
w(39,1,0,0)
w(40,1,0,0)
w(41,1,0,0)
w(42,1,0,0)
w(43,1,0,0)
w(44,1,0,0)
w(45,1,0,0)
w(46,1,0,0)
w(47,1,0,0)
w(48,1,0,0)
w(49,1,0,0)
w(50,1,0,0)
w(51,1,0,0)
w(52,1,0,0)
w(53,1,0,0)
w(54,1,0,0)
w(55,1,0,0)
w(56,1,0,0)
w(57,1,0,0)
w(58,1,0,0)
w(59,1,0,0)
w(60,1,0,0)
w(61,1,0,0)
w(62,1,0,0)
w(63,1,0,0)
w(64,1,0,0)
w(65,1,0,0)
w(66,1,0,0)
w(67,1,0,0)
w(68,1,0,0)
w(69,1,0,0)
w(70,1,0,0)
w(71,1,0,0)
w(72,1,0,0)
w(73,1,0,0)
w(74,1,0,0)
w(75,1,0,0)
w(76,1,0,0)
w(77,1,0,0)
w(78,1,0,0)
w(79,1,0,0)
w(80,1,0,0)
w(81,1,0,0)
w(82,1,0,0)
w(83,1,0,0)
w(84,1,0,0)
w(85,1,0,0)
w(86,1,0,0)
w(87,1,0,0)
w(88,1,0,0)
w(89,1,0,0)
w(90,1,0,0)
w(91,1,0,0)
w(92,1,0,0)
w(93,1,0,0)
w(94,1,0,0)
w(95,1,0,0)
w(96,1,0,0)
w(97,1,0,0)
w(98,1,0,0)
w(99,1,0,0)
w(100,1,0,0)
w(101,1,0,0)
w(102,1,0,0)
w(103,1,0,0)
w(104,1,0,0)
w(105,1,0,0)
w(106,1,0,0)
w(107,1,0,0)
w(108,1,0,0)
w(109,1,0,0)
w(110,1,0,0)
w(111,1,0,0)
w(112,1,0,0)
w(113,1,0,0)
w(114,1,0,0)
w(115,1,0,0)
w(116,1,0,0)
w(117,1,0,0)
w(118,1,0,0)
w(119,1,0,0)
w(120,1,0,0)
w(121,1,0,0)
w(122,1,0,0)
w(123,1,0,0)
w(124,1,0,0)
w(125,1,0,0)
w(126,1,0,0)
w(127,1,0,0)
w(128,1,0,0)
w(129,1,0,0)
w(130,1,0,0)
w(131,1,0,0)
w(132,1,0,0)
w(133,1,0,0)
w(134,1,0,0)
w(135,1,0,0)
w(136,1,0,0)
w(137,1,0,0)
w(138,1,0,0)
w(139,1,0,0)
w(140,1,0,0)
w(141,1,0,0)
w(142,1,0,0)
w(143,1,0,0)
w(144,1,0,0)
w(145,1,0,0)
w(146,1,0,0)
w(147,1,0,0)
w(148,1,0,0)
w(149,1,0,0)
w(150,1,0,0)
w(151,1,0,0)
w(152,1,0,0)
w(153,1,0,0)
w(154,1,0,0)
w(155,1,0,0)
w(156,1,0,0)
w(157,1,0,0)
w(158,1,0,0)
w(159,1,0,0)
w(160,1,0,0)
w(161,1,0,0)
w(162,1,0,0)
w(163,1,0,0)
w(164,1,0,0)
w(165,1,0,0)
w(166,1,0,0)
w(167,1,0,0)
w(168,1,0,0)
w(169,1,0,0)
w(170,1,0,0)
w(171,1,0,0)
w(172,1,0,0)
w(173,1,0,0)
w(174,1,0,0)
w(175,1,0,0)
w(176,1,0,0)
w(177,1,0,0)
w(178,1,0,0)
w(179,1,0,0)
w(180,1,0,0)
w(181,1,0,0)
w(182,1,0,0)
w(183,1,0,0)
w(184,1,0,0)
w(185,1,0,0)
w(186,1,0,0)
w(187,1,0,0)
w(188,1,0,0)
w(189,1,0,0)
w(190,1,0,0)
w(191,1,0,0)
w(192,1,0,0)
w(193,1,0,0)
w(194,1,0,0)
w(195,1,0,0)
w(196,1,0,0)
w(197,1,0,0)
w(198,1,0,0)
w(199,1,0,0)
w(200,1,0,0)
w(201,1,0,0)
w(202,1,0,0)
w(203,1,0,0)
w(204,1,0,0)
w(205,1,0,0)
w(206,1,0,0)
w(207,1,0,0)
w(208,1,0,0)
w(209,1,0,0)
w(210,1,0,0)
w(211,1,0,0)
w(212,1,0,0)
w(213,1,0,0)
w(214,1,0,0)
w(215,1,0,0)
w(216,1,0,0)
w(217,1,0,0)
w(218,1,0,0)
w(219,1,0,0)
w(220,1,0,0)
w(221,1,0,0)
w(222,1,0,0)
w(223,1,0,0)
w(224,1,0,0)
w(225,1,0,0)
w(226,1,0,0)
w(227,1,0,0)
w(228,1,0,0)
w(229,1,0,0)
w(230,1,0,0)
w(231,1,0,0)
w(232,1,0,0)
w(233,1,0,0)
w(234,1,0,0)
w(235,1,0,0)
w(236,1,0,0)
w(237,1,0,0)
w(238,1,0,0)
w(239,1,0,0)
w(240,1,0,0)
w(241,1,0,0)
w(242,1,0,0)
w(243,1,0,0)
w(244,1,0,0)
w(245,1,0,0)
w(246,1,0,0)
w(247,1,0,0)
w(248,1,0,0)
w(249,1,0,0)
w(250,1,0,0)
w(251,1,0,0)
w(252,1,0,0)
w(253,1,0,0)
w(254,1,0,0)
w(255,1,0,0)
w(256,1,0,0)
w(257,1,0,0)
w(258,1,0,0)
w(259,1,0,0)
w(260,1,0,0)
w(261,1,0,0)
w(262,1,0,0)
w(263,1,0,0)
w(264,1,0,0)
w(265,1,0,0)
w(266,1,0,0)
w(267,1,0,0)
w(268,1,0,0)
w(269,1,0,0)
w(270,1,0,0)
w(271,1,0,0)
w(272,1,0,0)
w(273,1,0,0)
w(274,1,0,0)
w(275,1,0,0)
w(276,1,0,0)
w(277,1,0,0)
w(278,1,0,0)
w(279,1,0,0)
w(280,1,0,0)
w(281,1,0,0)
w(282,1,0,0)
w(283,1,0,0)
w(284,1,0,0)
w(285,1,0,0)
w(286,1,0,0)
w(287,1,0,0)
w(288,1,0,0)
w(289,1,0,0)
w(290,1,0,0)
w(291,1,0,0)
w(292,1,0,0)
w(293,1,0,0)
w(294,1,0,0)
w(295,1,0,0)
w(296,1,0,0)
w(297,1,0,0)
w(298,1,0,0)
w(299,1,0,0)
w(300,1,0,0)
w(301,1,0,0)
w(302,1,0,0)
w(303,1,0,0)
w(304,1,0,0)
w(305,1,0,0)
w(306,1,0,0)
w(307,1,0,0)
w(308,1,0,0)
w(309,1,0,0)
w(310,1,0,0)
w(311,1,0,0)
w(312,1,0,0)
w(313,1,0,0)
w(314,1,0,0)
w(315,1,0,0)
w(316,1,0,0)
w(317,1,0,0)
w(318,1,0,0)
w(319,1,0,0)
w(320,1,0,0)
w(321,1,0,0)
w(322,1,0,0)
w(323,1,0,0)
w(324,1,0,0)
w(325,1,0,0)
w(326,1,0,0)
w(327,1,0,0)
w(328,1,0,0)
w(329,1,0,0)
w(330,1,0,0)
w(331,1,0,0)
w(332,1,0,0)
w(333,1,0,0)
w(334,1,0,0)
w(335,1,0,0)
w(336,1,0,0)
w(337,1,0,0)
w(338,1,0,0)
w(339,1,0,0)
w(340,1,0,0)
w(341,1,0,0)
w(342,1,0,0)
w(343,1,0,0)
w(344,1,0,0)
w(345,1,0,0)
w(346,1,0,0)
w(347,1,0,0)
w(348,1,0,0)
w(349,1,0,0)
w(350,1,0,0)
w(351,1,0,0)
w(352,1,0,0)
w(353,1,0,0)
w(354,1,0,0)
w(355,1,0,0)
w(356,1,0,0)
w(357,1,0,0)
w(358,1,0,0)
w(359,1,0,0)
w(360,1,0,0)
r(202,1,1,1)
r(339,1,1,1)
r(3,1,1,1)
r(313,1,1,1)
w(224,2,1,1)
w(206,2,1,1)
r(133,1,1,1)
r(343,1,1,1)
w(77,2,1,1)
r(152,1,1,1)
r(257,1,1,1)
w(23,2,1,1)
w(131,2,1,1)
w(218,2,1,1)
r(80,1,1,1)
w(99,2,1,1)
w(59,2,1,1)
w(96,2,1,1)
w(95,2,1,1)
r(154,1,1,1)
r(253,1,2,2)
w(28,2,2,2)
w(201,2,2,2)
r(278,1,2,2)
w(265,2,2,2)
w(53,2,2,2)
w(194,5,2,2)
w(252,5,2,2)
r(91,1,2,2)
r(294,1,2,2)
r(198,1,2,2)
r(64,1,2,2)
r(310,1,2,2)
r(155,1,2,2)
r(51,1,2,2)
w(114,2,2,2)
w(250,2,2,2)
r(338,1,2,2)
w(195,7,2,2)
w(138,2,2,2)
w(329,5,3,3)
r(228,1,3,3)
w(269,7,3,3)
w(65,5,3,3)
w(88,5,3,3)
r(245,1,3,3)
w(84,7,3,3)
w(357,2,3,3)
r(339,1,3,3)
w(312,7,3,3)
w(38,7,3,3)
r(242,1,3,3)
w(274,4,3,3)
r(176,1,3,3)
r(72,1,3,3)
w(223,2,3,3)
w(357,5,3,3)
r(171,1,3,3)
r(140,1,3,3)
w(28,7,3,3)
r(82,1,4,4)
r(308,1,4,4)
r(328,1,4,4)
w(329,7,4,4)
r(173,1,4,4)
w(218,7,4,4)
r(82,1,4,4)
w(225,6,4,4)
w(110,8,4,4)
w(112,2,4,4)
w(227,7,4,4)
r(256,1,4,4)
r(60,1,4,4)
r(275,1,4,4)
r(226,1,4,4)
r(46,1,4,4)
r(294,1,4,4)
w(185,7,4,4)
r(78,1,4,4)
r(357,1,4,4)
w(231,3,5,5)
r(64,1,5,5)
w(336,4,5,5)
r(57,1,5,5)
r(273,1,5,5)
r(289,1,5,5)
r(325,1,5,5)
w(304,6,5,5)
w(37,4,5,5)
w(64,3,5,5)
r(139,1,5,5)
w(330,6,5,5)
w(210,8,5,5)
r(44,1,5,5)
w(50,7,5,5)
r(230,1,5,5)
r(266,1,5,5)
r(95,1,5,5)
r(188,1,5,5)
r(87,1,5,5)
r(143,1,6,6)
w(341,4,6,6)
w(19,12,6,6)
w(302,4,6,6)
w(89,4,6,6)
r(244,1,6,6)
r(236,1,6,6)
w(151,6,6,6)
w(73,7,6,6)
r(205,1,6,6)
r(94,1,6,6)
r(221,1,6,6)
w(333,7,6,6)
r(135,1,6,6)
w(58,9,6,6)
w(222,4,6,6)
w(261,7,6,6)
w(29,8,6,6)
w(163,6,6,6)
r(202,1,6,6)
r(11,1,1,7)
w(215,2,1,7)
r(301,1,1,7)
w(85,2,1,7)
w(29,2,1,7)
w(239,2,1,7)
w(81,2,1,7)
w(41,2,1,7)
w(260,2,1,7)
w(231,2,1,7)
w(165,2,1,7)
r(345,1,1,7)
r(355,1,1,7)
r(64,3,1,7)
w(274,2,1,7)
w(225,2,1,7)
w(340,2,1,7)
w(249,2,1,7)
r(243,1,1,7)
w(312,2,1,7)
r(328,1,2,8)
w(259,5,2,8)
w(169,2,2,8)
r(153,1,2,8)
r(23,2,2,8)
w(276,2,2,8)
w(219,2,2,8)
w(58,4,2,8)
r(278,1,2,8)
w(343,5,2,8)
w(72,2,2,8)
w(306,5,2,8)
r(230,1,2,8)
w(274,5,2,8)
r(30,1,2,8)
r(334,1,2,8)
w(321,2,2,8)
w(69,2,2,8)
w(350,5,2,8)
w(36,5,2,8)
w(130,2,3,9)
r(153,1,3,9)
w(241,5,3,9)
r(159,1,3,9)
r(153,1,3,9)
w(330,5,3,9)
w(233,6,3,9)
w(108,7,3,9)
r(243,1,3,9)
r(99,2,3,9)
w(116,5,3,9)
r(242,1,3,9)
w(212,7,3,9)
r(322,1,3,9)
r(226,5,3,9)
w(299,2,3,9)
r(339,1,3,9)
w(233,8,3,9)
w(262,2,3,9)
r(113,4,3,9)
w(233,3,4,10)
w(87,6,4,10)
r(287,1,4,10)
w(191,2,4,10)
w(128,4,4,10)
w(266,6,4,10)
w(119,4,4,10)
w(222,2,4,10)
w(164,7,4,10)
w(80,2,4,10)
r(327,1,4,10)
r(271,1,4,10)
r(184,1,4,10)
r(299,1,4,10)
w(202,8,4,10)
w(198,8,4,10)
r(306,1,4,10)
w(149,4,4,10)
w(203,5,4,10)
w(25,4,4,10)
r(247,1,5,11)
r(33,1,5,11)
r(16,1,5,11)
r(279,1,5,11)
r(68,1,5,11)
w(79,7,5,11)
w(297,11,5,11)
w(143,8,5,11)
w(147,2,5,11)
w(226,5,5,11)
w(76,7,5,11)
w(187,2,5,11)
w(52,2,5,11)
r(258,1,5,11)
r(1,1,5,11)
w(169,7,5,11)
w(6,8,5,11)
w(105,8,5,11)
w(354,4,5,11)
r(345,1,5,11)
w(229,4,6,12)
r(294,1,6,12)
w(100,7,6,12)
r(242,1,6,12)
r(96,2,6,12)
r(293,1,6,12)
w(349,6,6,12)
w(161,4,6,12)
r(109,1,6,12)
w(177,5,6,12)
r(5,1,6,12)
w(257,4,6,12)
r(24,1,6,12)
r(193,1,6,12)
r(16,1,6,12)
w(223,3,6,12)
w(113,4,6,12)
r(70,1,6,12)
r(315,1,6,12)
r(342,1,6,12)
r(128,4,1,13)
w(190,2,1,13)
r(298,1,1,13)
w(337,2,1,13)
r(302,4,1,13)
r(314,1,1,13)
r(182,1,1,13)
r(179,1,1,13)
r(276,2,1,13)
w(29,5,1,13)
r(197,1,1,13)
w(20,2,1,13)
r(115,4,1,13)
w(64,2,1,13)
w(23,5,1,13)
r(84,6,1,13)
r(88,5,1,13)
r(346,1,1,13)
r(258,1,1,13)
r(273,1,1,13)
w(265,5,2,14)
r(74,1,2,14)
r(160,1,2,14)
w(16,2,2,14)
w(101,5,2,14)
r(3,1,2,14)
w(315,2,2,14)
w(350,7,2,14)
r(317,1,2,14)
w(29,7,2,14)
r(324,1,2,14)
w(233,5,2,14)
r(326,8,2,14)
r(81,2,2,14)
w(289,5,2,14)
r(318,1,2,14)
w(115,4,2,14)
w(318,5,2,14)
w(184,2,2,14)
r(62,1,2,14)
w(121,4,3,15)
w(313,4,3,15)
w(87,5,3,15)
r(328,1,3,15)
w(48,7,3,15)
w(86,7,3,15)
r(253,10,3,15)
w(273,7,3,15)
r(17,1,3,15)
r(210,4,3,15)
w(22,5,3,15)
r(190,2,3,15)
r(226,5,3,15)
r(161,4,3,15)
r(174,1,3,15)
r(251,1,3,15)
w(229,2,3,15)
w(199,2,3,15)
r(101,5,3,15)
w(70,7,3,15)
r(27,1,4,16)
w(194,4,4,16)
w(200,5,4,16)
r(148,1,4,16)
w(327,4,4,16)
w(18,7,4,16)
r(325,1,4,16)
w(178,7,4,16)
r(22,1,4,16)
w(74,6,4,16)
w(210,4,4,16)
w(135,5,4,16)
r(198,8,4,16)
w(224,7,4,16)
r(14,1,4,16)
w(82,7,4,16)
r(188,1,4,16)
r(234,1,4,16)
r(237,1,4,16)
w(97,5,4,16)
w(98,8,5,17)
r(152,1,5,17)
w(270,7,5,17)
r(5,1,5,17)
r(73,7,5,17)
w(149,8,5,17)
w(84,6,5,17)
r(51,1,5,17)
r(208,1,5,17)
w(20,5,5,17)
r(71,1,5,17)
r(12,1,5,17)
w(10,6,5,17)
r(285,1,5,17)
r(282,1,5,17)
w(63,10,5,17)
w(99,6,5,17)
r(196,1,5,17)
w(252,4,5,17)
r(118,1,5,17)
r(21,1,6,18)
w(206,4,6,18)
r(226,5,6,18)
r(328,1,6,18)
r(268,1,6,18)
w(253,10,6,18)
w(126,7,6,18)
w(326,8,6,18)
r(338,1,6,18)
w(271,8,6,18)
w(79,4,6,18)
w(9,7,6,18)
r(300,1,6,18)
w(245,8,6,18)
w(49,8,6,18)
w(337,6,6,18)
r(8,1,6,18)
r(149,4,6,18)
r(316,1,6,18)
r(92,1,6,18)
r(126,7,1,19)
r(5,1,1,19)
w(348,2,1,19)
r(215,2,1,19)
w(351,2,1,19)
w(167,2,1,19)
r(100,7,1,19)
r(136,1,1,19)
r(275,1,1,19)
r(199,2,1,19)
r(48,7,1,19)
r(238,1,1,19)
w(119,2,1,19)
r(113,2,1,19)
r(7,1,1,19)
r(39,1,1,19)
w(158,2,1,19)
r(28,7,1,19)
w(7,2,1,19)
r(352,1,1,19)
r(225,2,2,20)
r(173,1,2,20)
r(251,1,2,20)
w(265,7,2,20)
r(313,4,2,20)
r(214,1,2,20)
w(211,2,2,20)
w(174,2,2,20)
w(358,2,2,20)
r(345,1,2,20)
w(53,5,2,20)
r(356,1,2,20)
w(113,2,2,20)
w(318,7,2,20)
r(184,6,2,20)
r(84,6,2,20)
r(5,1,2,20)
w(63,5,2,20)
w(107,5,2,20)
r(356,1,2,20)
r(343,5,3,21)
r(295,1,3,21)
w(266,7,3,21)
w(293,7,3,21)
r(191,2,3,21)
r(357,5,3,21)
r(30,1,3,21)
w(19,4,3,21)
w(87,7,3,21)
w(208,7,3,21)
r(97,6,3,21)
r(171,1,3,21)
w(93,5,3,21)
r(179,1,3,21)
w(209,5,3,21)
r(67,1,3,21)
w(153,5,3,21)
r(264,1,3,21)
w(223,5,3,21)
w(42,2,3,21)
r(281,1,4,22)
w(168,7,4,22)
r(50,7,4,22)
w(283,5,4,22)
w(272,4,4,22)
w(61,4,4,22)
r(348,1,4,22)
r(38,7,4,22)
w(350,6,4,22)
w(25,6,4,22)
w(21,7,4,22)
r(300,1,4,22)
r(273,7,4,22)
r(68,1,4,22)
w(86,6,4,22)
r(126,7,4,22)
r(205,1,4,22)
w(346,7,4,22)
r(75,1,4,22)
r(91,1,4,22)
w(327,8,5,23)
r(216,1,5,23)
w(289,4,5,23)
w(124,6,5,23)
w(143,3,5,23)
r(283,1,5,23)
w(97,6,5,23)
r(105,8,5,23)
r(256,1,5,23)
w(184,6,5,23)
r(313,1,5,23)
r(270,7,5,23)
w(302,7,5,23)
w(197,6,5,23)
w(40,6,5,23)
w(224,8,5,23)
r(133,1,5,23)
r(134,1,5,23)
w(182,5,5,23)
w(168,4,5,23)
r(296,1,6,24)
w(302,6,6,24)
r(176,1,6,24)
r(206,4,6,24)
r(308,1,6,24)
r(339,1,6,24)
r(280,1,6,24)
w(127,8,6,24)
r(135,5,6,24)
w(335,7,6,24)
w(299,7,6,24)
w(328,6,6,24)
w(277,4,6,24)
r(246,1,6,24)
r(217,1,6,24)
w(13,8,6,24)
r(139,1,6,24)
w(287,3,6,24)
w(219,8,6,24)
w(114,8,6,24)
r(28,7,1,25)
w(293,2,1,25)
w(317,2,1,25)
r(42,5,1,25)
r(236,4,1,25)
r(25,6,1,25)
r(344,1,1,25)
r(194,4,1,25)
r(61,4,1,25)
w(208,2,1,25)
w(297,2,1,25)
r(136,1,1,25)
r(286,5,1,25)
w(44,2,1,25)
w(145,2,1,25)
r(66,1,1,25)
w(157,2,1,25)
r(300,1,1,25)
r(114,6,1,25)
r(99,6,1,25)
r(68,1,2,26)
w(196,2,2,26)
w(252,7,2,26)
w(134,5,2,26)
r(275,1,2,26)
r(113,2,2,26)
r(96,2,2,26)
w(286,5,2,26)
r(313,4,2,26)
r(18,7,2,26)
w(139,7,2,26)
w(101,7,2,26)
w(193,5,2,26)
r(57,1,2,26)
r(150,1,2,26)
r(323,1,2,26)
w(241,2,2,26)
w(184,5,2,26)
w(125,5,2,26)
w(133,5,2,26)
w(236,4,3,27)
w(144,2,3,27)
w(204,2,3,27)
w(176,5,3,27)
r(192,1,3,27)
w(152,4,3,27)
r(54,1,3,27)
w(253,4,3,27)
w(322,2,3,27)
r(72,2,3,27)
r(16,2,3,27)
w(34,5,3,27)
w(133,4,3,27)
r(332,1,3,27)
r(319,1,3,27)
r(210,4,3,27)
w(19,6,3,27)
r(194,4,3,27)
r(12,1,3,27)
r(280,1,3,27)
r(218,2,4,28)
r(296,1,4,28)
w(307,7,4,28)
w(273,4,4,28)
w(336,7,4,28)
w(328,7,4,28)
r(42,2,4,28)
r(338,1,4,28)
w(105,5,4,28)
r(306,5,4,28)
w(287,6,4,28)
r(328,7,4,28)
w(118,4,4,28)
w(297,8,4,28)
r(92,1,4,28)
r(145,1,4,28)
w(143,7,4,28)
w(143,4,4,28)
w(318,4,4,28)
w(256,8,4,28)
r(322,1,5,29)
r(46,1,5,29)
r(190,2,5,29)
r(20,2,5,29)
r(206,4,5,29)
w(321,5,5,29)
r(115,4,5,29)
r(105,8,5,29)
w(336,6,5,29)
w(274,8,5,29)
w(49,7,5,29)
r(245,8,5,29)
r(97,6,5,29)
r(278,1,5,29)
w(284,4,5,29)
w(221,7,5,29)
r(309,1,5,29)
w(322,6,5,29)
w(279,7,5,29)
w(19,11,5,29)
r(174,5,6,30)
w(217,5,6,30)
w(54,4,6,30)
w(6,3,6,30)
r(155,1,6,30)
w(303,4,6,30)
r(296,1,6,30)
r(3,1,6,30)
w(224,10,6,30)
r(185,7,6,30)
r(35,1,6,30)
r(287,6,6,30)
r(258,1,6,30)
w(303,6,6,30)
w(291,4,6,30)
r(101,7,6,30)
w(141,5,6,30)
w(343,3,6,30)
r(354,4,6,30)
r(102,1,6,30)
r(331,1,1,31)
w(134,2,1,31)
r(340,2,1,31)
w(239,5,1,31)
w(188,2,1,31)
w(296,2,1,31)
r(273,4,1,31)
w(304,2,1,31)
r(193,5,1,31)
r(329,5,1,31)
r(97,6,1,31)
w(24,2,1,31)
w(25,2,1,31)
r(272,4,1,31)
w(23,7,1,31)
r(47,5,1,31)
w(86,2,1,31)
r(269,7,1,31)
r(301,1,1,31)
w(217,2,1,31)
r(222,2,2,32)
w(260,5,2,32)
w(69,5,2,32)
r(246,1,2,32)
r(343,5,2,32)
r(186,1,2,32)
r(15,1,2,32)
r(354,4,2,32)
r(233,5,2,32)
r(264,1,2,32)
w(245,5,2,32)
w(174,5,2,32)
w(324,7,2,32)
r(317,2,2,32)
w(221,2,2,32)
r(63,5,2,32)
w(343,7,2,32)
r(319,1,2,32)
r(43,1,2,32)
w(131,5,2,32)
r(34,5,3,33)
r(188,1,3,33)
w(100,2,3,33)
r(170,8,3,33)
w(12,7,3,33)
w(134,7,3,33)
w(325,7,3,33)
r(41,2,3,33)
w(250,5,3,33)
w(170,2,3,33)
w(86,4,3,33)
r(352,1,3,33)
r(169,2,3,33)
r(228,1,3,33)
w(21,5,3,33)
w(22,7,3,33)
r(71,1,3,33)
r(203,4,3,33)
w(227,5,3,33)
r(152,4,3,33)
w(197,5,4,34)
w(60,5,4,34)
r(37,4,4,34)
r(181,1,4,34)
r(49,7,4,34)
r(184,5,4,34)
r(115,4,4,34)
r(73,7,4,34)
w(236,6,4,34)
w(235,5,4,34)
r(30,1,4,34)
w(79,5,4,34)
w(87,8,4,34)
w(227,4,4,34)
r(44,2,4,34)
r(129,1,4,34)
w(268,4,4,34)
w(240,7,4,34)
w(58,3,4,34)
w(358,6,4,34)
w(114,6,5,35)
r(276,2,5,35)
w(42,5,5,35)
r(277,4,5,35)
w(59,8,5,35)
w(205,4,5,35)
w(47,5,5,35)
w(170,8,5,35)
w(347,7,5,35)
w(148,5,5,35)
r(95,2,5,35)
w(132,8,5,35)
r(307,7,5,35)
r(259,5,5,35)
r(70,7,5,35)
r(78,1,5,35)
w(203,4,5,35)
r(15,1,5,35)
r(134,5,5,35)
r(56,1,5,35)
r(266,7,6,36)
r(71,1,6,36)
r(250,5,6,36)
w(67,7,6,36)
r(343,3,6,36)
r(96,2,6,36)
r(155,1,6,36)
r(60,5,6,36)
w(60,6,6,36)
w(2,4,6,36)
r(317,2,6,36)
r(42,5,6,36)
r(36,5,6,36)
r(174,5,6,36)
w(57,7,6,36)
w(168,6,6,36)
w(125,6,6,36)
r(21,5,6,36)
r(68,1,6,36)
w(4,7,6,36)
r(257,4,1,37)
r(45,4,1,37)
r(60,6,1,37)
w(33,2,1,37)
r(344,1,1,37)
r(298,1,1,37)
w(212,2,1,37)
r(248,5,1,37)
w(313,2,1,37)
r(80,2,1,37)
w(78,2,1,37)
w(160,2,1,37)
r(298,1,1,37)
w(234,2,1,37)
r(66,1,1,37)
w(202,2,1,37)
r(206,4,1,37)
w(306,7,2,38)
w(331,4,2,38)
r(150,1,2,38)
w(239,7,2,38)
r(147,2,2,38)
r(161,7,2,38)
w(10,2,2,38)
w(19,2,2,38)
w(151,2,2,38)
w(152,5,2,38)
w(122,2,2,38)
w(239,4,2,38)
r(54,4,2,38)
w(6,5,2,38)
r(223,6,2,38)
r(347,7,2,38)
r(72,2,2,38)
r(24,3,2,38)
w(175,5,2,38)
r(342,7,2,38)
r(330,5,3,39)
r(74,6,3,39)
w(130,5,3,39)
r(157,2,3,39)
w(118,5,3,39)
w(32,5,3,39)
w(277,2,3,39)
r(267,1,3,39)
w(338,5,3,39)
w(248,5,3,39)
r(94,1,3,39)
w(13,2,3,39)
w(205,2,3,39)
w(5,5,3,39)
w(272,7,3,39)
w(7,8,3,39)
w(31,7,3,39)
w(137,7,3,39)
w(312,4,3,39)
w(228,5,3,39)
r(359,1,4,40)
r(227,4,4,40)
r(260,5,4,40)
r(42,5,4,40)
w(143,6,4,40)
w(242,5,4,40)
w(142,5,4,40)
r(59,8,4,40)
w(290,7,4,40)
r(123,1,4,40)
r(239,5,4,40)
r(26,1,4,40)
w(330,4,4,40)
w(328,4,4,40)
w(95,6,4,40)
w(250,4,4,40)
w(185,4,4,40)
r(87,8,4,40)
w(88,7,4,40)
r(333,2,4,40)
w(105,3,5,41)
r(313,4,5,41)
w(8,7,5,41)
r(195,7,5,41)
r(275,1,5,41)
w(356,5,5,41)
r(260,5,5,41)
w(112,4,5,41)
r(11,1,5,41)
r(355,1,5,41)
w(95,10,5,41)
r(297,2,5,41)
w(120,8,5,41)
w(164,4,5,41)
w(58,12,5,41)
r(80,2,5,41)
r(315,2,5,41)
r(241,2,5,41)
r(33,1,5,41)
w(333,2,5,41)
w(142,6,6,42)
w(48,8,6,42)
w(325,8,6,42)
w(24,3,6,42)
r(139,7,6,42)
w(332,10,6,42)
w(291,6,6,42)
w(145,3,6,42)
w(125,8,6,42)
r(164,4,6,42)
r(280,1,6,42)
r(94,1,6,42)
r(241,2,6,42)
w(177,7,6,42)
w(127,3,6,42)
w(326,3,6,42)
w(115,3,6,42)
w(273,11,6,42)
r(44,2,6,42)
r(350,6,6,42)
r(205,2,1,43)
r(208,4,1,43)
w(266,2,1,43)
w(90,2,1,43)
w(77,5,1,43)
w(171,2,1,43)
w(137,2,1,43)
w(344,2,1,43)
r(345,1,1,43)
w(256,2,1,43)
r(237,1,1,43)
w(76,2,1,43)
r(110,8,1,43)
r(311,7,1,43)
r(354,4,1,43)
r(195,7,1,43)
r(150,1,1,43)
w(359,2,1,43)
w(64,5,1,43)
w(152,2,1,43)
w(49,5,2,44)
r(28,7,2,44)
r(96,2,2,44)
r(294,1,2,44)
w(43,5,2,44)
r(165,7,2,44)
r(299,7,2,44)
w(332,2,2,44)
r(58,12,2,44)
r(90,2,2,44)
r(97,6,2,44)
w(138,5,2,44)
r(326,3,2,44)
r(69,5,2,44)
r(274,8,2,44)
w(360,2,2,44)
w(185,2,2,44)
r(161,7,2,44)
r(302,6,2,44)
r(156,1,2,44)
w(314,4,3,45)
w(258,6,3,45)
r(229,2,3,45)
w(255,5,3,45)
r(188,2,3,45)
r(61,4,3,45)
r(207,1,3,45)
r(194,4,3,45)
w(208,4,3,45)
r(297,2,3,45)
w(93,7,3,45)
w(327,5,3,45)
r(176,5,3,45)
w(162,7,3,45)
w(19,8,3,45)
w(327,7,3,45)
r(74,6,3,45)
r(213,1,3,45)
w(127,7,3,45)
w(149,5,3,45)
w(285,6,4,46)
w(104,4,4,46)
w(105,7,4,46)
r(307,7,4,46)
r(277,2,4,46)
r(204,2,4,46)
r(152,4,4,46)
r(184,5,4,46)
w(176,6,4,46)
w(33,4,4,46)
w(314,8,4,46)
r(88,7,4,46)
w(341,7,4,46)
w(186,7,4,46)
r(31,7,4,46)
r(194,4,4,46)
w(238,5,4,46)
r(234,1,4,46)
w(101,6,4,46)
w(7,11,4,46)
w(223,6,5,47)
r(302,6,5,47)
r(74,6,5,47)
w(13,6,5,47)
w(339,3,5,47)
w(132,3,5,47)
w(201,7,5,47)
w(319,5,5,47)
r(342,1,5,47)
w(48,6,5,47)
w(45,4,5,47)
w(246,2,5,47)
w(284,6,5,47)
r(78,1,5,47)
r(345,1,5,47)
w(146,7,5,47)
w(34,4,5,47)
r(246,2,5,47)
w(87,3,5,47)
w(102,5,5,47)
w(312,6,6,48)
r(82,7,6,48)
r(288,1,6,48)
r(117,1,6,48)
w(109,5,6,48)
r(275,1,6,48)
w(19,9,6,48)
w(351,4,6,48)
r(311,7,6,48)
r(342,1,6,48)
w(43,4,6,48)
r(333,5,6,48)
w(319,7,6,48)
w(290,8,6,48)
r(317,5,6,48)
w(288,7,6,48)
r(164,4,6,48)
r(179,1,6,48)
w(342,7,6,48)
w(100,4,6,48)
w(62,2,1,49)
w(195,2,1,49)
w(273,2,1,49)
r(171,2,1,49)
r(67,7,1,49)
r(311,7,1,49)
r(52,5,1,49)
r(12,7,1,49)
r(202,8,1,49)
r(5,6,1,49)
w(94,2,1,49)
r(179,1,1,49)
w(132,2,1,49)
r(223,6,1,49)
w(231,5,1,49)
w(350,2,1,49)
w(308,2,1,49)
r(338,5,1,49)
w(159,2,1,49)
w(18,2,1,49)
w(287,2,2,50)
r(206,4,2,50)
r(149,5,2,50)
w(256,7,2,50)
w(128,5,2,50)
r(22,7,2,50)
w(266,5,2,50)
r(328,4,2,50)
w(219,5,2,50)
r(109,5,2,50)
w(336,5,2,50)
w(305,2,2,50)
w(249,5,2,50)
r(293,2,2,50)
r(96,2,2,50)
w(28,5,2,50)
w(269,2,2,50)
r(356,2,2,50)
r(67,7,2,50)
w(198,5,2,50)
w(174,4,3,51)
w(183,2,3,51)
w(84,4,3,51)
w(100,5,3,51)
w(324,8,3,51)
w(311,7,3,51)
w(317,5,3,51)
w(290,5,3,51)
r(85,2,3,51)
r(217,2,3,51)
w(137,4,3,51)
w(137,6,3,51)
r(144,7,3,51)
r(6,3,3,51)
r(353,1,3,51)
r(66,1,3,51)
r(223,6,3,51)
w(325,4,3,51)
r(310,1,3,51)
r(341,4,3,51)
r(137,2,4,52)
w(36,6,4,52)
w(240,4,4,52)
r(150,1,4,52)
w(200,7,4,52)
r(32,5,4,52)
r(349,6,4,52)
w(5,6,4,52)
r(54,4,4,52)
w(77,8,4,52)
w(297,3,4,52)
w(353,6,4,52)
w(154,2,4,52)
w(44,7,4,52)
w(159,7,4,52)
w(198,3,4,52)
r(168,6,4,52)
w(356,2,4,52)
r(35,1,4,52)
w(313,6,4,52)
w(144,7,5,53)
w(333,5,5,53)
r(334,1,5,53)
w(161,7,5,53)
w(70,8,5,53)
r(134,2,5,53)
w(249,6,5,53)
r(57,7,5,53)
r(161,7,5,53)
w(273,8,5,53)
r(254,1,5,53)
r(234,1,5,53)
r(7,8,5,53)
r(6,3,5,53)
r(34,4,5,53)
r(267,1,5,53)
r(14,1,5,53)
r(166,1,5,53)
r(189,1,5,53)
w(153,7,5,53)
w(337,8,6,54)
w(96,3,6,54)
w(100,6,6,54)
r(101,6,6,54)
r(49,2,6,54)
w(286,4,6,54)
w(7,9,6,54)
w(183,4,6,54)
w(277,6,6,54)
w(142,8,6,54)
r(86,2,6,54)
w(330,10,6,54)
r(85,5,6,54)
r(213,2,6,54)
w(233,11,6,54)
w(124,8,6,54)
w(106,7,6,54)
r(76,2,6,54)
w(305,4,6,54)
r(112,4,6,54)
w(213,2,1,55)
r(166,1,1,55)
w(89,2,1,55)
w(107,2,1,55)
w(158,5,1,55)
r(352,1,1,55)
r(49,5,1,55)
r(195,2,1,55)
w(85,5,1,55)
w(49,2,1,55)
r(102,5,1,55)
r(195,2,1,55)
w(24,5,1,55)
r(75,1,1,55)
r(267,1,1,55)
r(125,7,1,55)
r(359,5,1,55)
r(219,5,1,55)
r(10,2,1,55)
w(284,2,1,55)
w(57,2,2,56)
r(312,6,2,56)
r(1,1,2,56)
r(299,7,2,56)
w(94,5,2,56)
r(169,2,2,56)
w(353,5,2,56)
w(73,2,2,56)
r(333,5,2,56)
w(331,6,2,56)
r(357,5,2,56)
w(7,7,2,56)
w(234,4,2,56)
r(68,1,2,56)
w(133,7,2,56)
r(316,1,2,56)
r(251,1,2,56)
w(263,2,2,56)
w(314,2,2,56)
w(210,7,2,56)
r(318,4,3,57)
w(178,5,3,57)
w(120,7,3,57)
r(285,6,3,57)
r(72,2,3,57)
w(37,2,3,57)
w(132,6,3,57)
r(270,7,3,57)
r(60,6,3,57)
r(196,2,3,57)
r(150,1,3,57)
w(314,6,3,57)
r(214,1,3,57)
r(195,7,3,57)
r(336,7,3,57)
w(172,2,3,57)
r(71,1,3,57)
r(4,7,3,57)
r(189,1,3,57)
w(189,2,3,57)
r(79,5,4,58)
r(258,6,4,58)
r(280,2,4,58)
w(331,10,4,58)
r(168,6,4,58)
r(212,7,4,58)
r(54,4,4,58)
w(207,8,4,58)
w(249,4,4,58)
w(232,2,4,58)
w(227,6,4,58)
r(55,1,4,58)
w(40,7,4,58)
r(48,8,4,58)
w(90,8,4,58)
r(188,2,4,58)
w(106,5,4,58)
w(350,8,4,58)
r(160,1,4,58)
w(125,7,4,58)
w(194,10,5,59)
r(104,4,5,59)
w(154,5,5,59)
r(197,5,5,59)
r(291,6,5,59)
r(60,6,5,59)
r(249,6,5,59)
r(32,5,5,59)
r(360,1,5,59)
w(42,7,5,59)
w(165,7,5,59)
w(213,4,5,59)
w(280,2,5,59)
r(225,2,5,59)
r(215,2,5,59)
w(36,8,5,59)
r(28,7,5,59)
w(146,4,5,59)
r(271,8,5,59)
w(321,7,5,59)
r(249,5,6,60)
w(82,8,6,60)
w(264,7,6,60)
w(149,3,6,60)
w(7,13,6,60)
w(52,4,6,60)
r(121,4,6,60)
r(280,2,6,60)
r(339,3,6,60)
w(129,7,6,60)
r(170,2,6,60)
w(99,8,6,60)
w(241,7,6,60)
r(117,1,6,60)
r(218,2,6,60)
r(135,5,6,60)
r(140,5,6,60)
r(188,2,6,60)
w(275,3,6,60)
r(81,5,6,60)
r(27,1,1,61)
w(123,2,1,61)
r(33,4,1,61)
w(1,2,1,61)
r(91,7,1,61)
w(95,5,1,61)
w(34,2,1,61)
w(115,2,1,61)
r(90,8,1,61)
w(175,2,1,61)
w(163,2,1,61)
w(270,2,1,61)
w(326,2,1,61)
r(64,5,1,61)
r(127,3,1,61)
w(81,5,1,61)
w(145,5,1,61)
r(272,7,1,61)
r(26,1,1,61)
r(37,2,1,61)
r(112,4,2,62)
w(45,2,2,62)
r(173,1,2,62)
w(293,5,2,62)
r(297,10,2,62)
r(124,8,2,62)
r(74,6,2,62)
r(43,5,2,62)
r(48,8,2,62)
r(137,2,2,62)
w(215,7,2,62)
r(77,8,2,62)
w(77,4,2,62)
w(168,2,2,62)
r(267,1,2,62)
w(253,7,2,62)
r(130,5,2,62)
r(12,4,2,62)
r(289,4,2,62)
r(7,13,2,62)
w(7,3,3,63)
w(298,2,3,63)
w(359,5,3,63)
w(214,2,3,63)
w(324,3,3,63)
w(78,4,3,63)
w(91,7,3,63)
w(276,7,3,63)
r(279,7,3,63)
w(140,5,3,63)
w(110,4,3,63)
r(63,5,3,63)
w(266,4,3,63)
r(335,7,3,63)
w(204,5,3,63)
w(6,7,3,63)
r(238,5,3,63)
r(144,7,3,63)
w(103,2,3,63)
r(91,7,3,63)
r(159,2,4,64)
r(276,7,4,64)
w(63,4,4,64)
w(224,4,4,64)
r(222,2,4,64)
w(221,5,4,64)
w(12,4,4,64)
r(74,6,4,64)
r(328,4,4,64)
r(83,1,4,64)
r(314,6,4,64)
r(96,3,4,64)
r(174,4,4,64)
r(41,2,4,64)
w(54,2,4,64)
w(232,5,4,64)
w(158,8,4,64)
r(176,6,4,64)
r(134,2,4,64)
r(62,2,4,64)
w(30,7,5,65)
r(114,6,5,65)
w(327,3,5,65)
w(60,4,5,65)
w(118,6,5,65)
r(104,4,5,65)
r(332,10,5,65)
w(330,8,5,65)
w(39,8,5,65)
r(360,1,5,65)
r(195,7,5,65)
w(52,5,5,65)
r(156,1,5,65)
r(33,4,5,65)
r(145,3,5,65)
r(319,7,5,65)
w(53,7,5,65)
w(16,5,5,65)
w(248,6,5,65)
r(52,5,5,65)
w(92,5,6,66)
r(251,1,6,66)
w(98,3,6,66)
r(77,8,6,66)
r(6,7,6,66)
w(295,10,6,66)
r(144,7,6,66)
r(323,1,6,66)
r(271,8,6,66)
r(298,2,6,66)
r(294,1,6,66)
r(287,4,6,66)
w(51,5,6,66)
r(216,2,6,66)
w(46,4,6,66)
r(159,2,6,66)
w(257,6,6,66)
w(178,6,6,66)
r(143,6,6,66)
w(342,4,6,66)
r(2,4,1,67)
w(115,5,1,67)
r(285,6,1,67)
r(170,2,1,67)
w(128,2,1,67)
w(346,2,1,67)
w(328,2,1,67)
r(214,5,1,67)
w(104,2,1,67)
r(3,1,1,67)
w(84,2,1,67)
w(296,5,1,67)
w(121,2,1,67)
w(324,2,1,67)
w(225,5,1,67)
r(220,1,1,67)
w(91,2,1,67)
r(92,1,1,67)
r(90,6,1,67)
r(326,2,1,67)
r(310,1,2,68)
w(88,2,2,68)
w(347,5,2,68)
r(289,4,2,68)
w(185,5,2,68)
r(231,4,2,68)
w(2,2,2,68)
r(228,5,2,68)
r(172,5,2,68)
r(294,1,2,68)
r(63,4,2,68)
w(151,5,2,68)
w(66,7,2,68)
w(160,5,2,68)
r(104,2,2,68)
w(117,2,2,68)
w(207,2,2,68)
w(121,5,2,68)
r(106,7,2,68)
r(261,7,2,68)
w(287,4,3,69)
w(216,2,3,69)
r(282,1,3,69)
w(231,4,3,69)
r(122,2,3,69)
w(155,5,3,69)
w(90,6,3,69)
r(159,2,3,69)
w(75,7,3,69)
r(153,7,3,69)
w(182,2,3,69)
r(339,3,3,69)
r(156,1,3,69)
r(290,8,3,69)
w(79,2,3,69)
w(25,5,3,69)
r(307,7,3,69)
r(200,7,3,69)
r(103,2,3,69)
r(122,2,3,69)
w(120,6,4,70)
r(84,4,4,70)
r(97,6,4,70)
r(27,1,4,70)
r(15,1,4,70)
r(225,2,4,70)
w(172,5,4,70)
w(29,6,4,70)
w(338,7,4,70)
r(360,2,4,70)
r(183,4,4,70)
r(239,4,4,70)
w(297,10,4,70)
r(159,2,4,70)
w(203,7,4,70)
w(18,4,4,70)
r(152,5,4,70)
w(190,4,4,70)
r(206,4,4,70)
r(214,5,4,70)
w(123,4,5,71)
r(33,4,5,71)
w(94,6,5,71)
w(275,7,5,71)
w(127,6,5,71)
r(150,1,5,71)
w(214,5,5,71)
r(273,2,5,71)
w(344,4,5,71)
w(167,3,5,71)
w(211,5,5,71)
r(150,1,5,71)
r(306,7,5,71)
w(76,4,5,71)
r(242,5,5,71)
w(329,6,5,71)
w(295,8,5,71)
w(73,5,5,71)
w(162,8,5,71)
w(157,4,5,71)
r(153,7,6,72)
r(203,2,6,72)
r(276,7,6,72)
w(314,9,6,72)
r(246,2,6,72)
r(275,5,6,72)
r(59,8,6,72)
w(163,8,6,72)
r(37,2,6,72)
r(341,7,6,72)
w(38,3,6,72)
w(29,3,6,72)
r(78,6,6,72)
r(81,4,6,72)
w(237,7,6,72)
r(16,5,6,72)
w(249,8,6,72)
w(297,9,6,72)
w(325,3,6,72)
r(303,6,6,72)
r(346,2,1,73)
r(117,2,1,73)
w(234,5,1,73)
w(324,5,1,73)
r(101,6,1,73)
w(139,2,1,73)
r(142,8,1,73)
w(253,2,1,73)
r(171,2,1,73)
w(345,2,1,73)
r(156,1,1,73)
w(39,2,1,73)
w(120,2,1,73)
w(254,5,1,73)
w(331,2,1,73)
r(341,7,1,73)
w(125,2,1,73)
r(254,5,1,73)
r(244,1,1,73)
r(199,5,1,73)
w(207,5,2,74)
w(213,5,2,74)
r(92,5,2,74)
r(65,5,2,74)
r(115,5,2,74)
w(32,2,2,74)
r(3,1,2,74)
w(311,5,2,74)
w(234,6,2,74)
r(137,2,2,74)
w(22,2,2,74)
r(181,1,2,74)
w(274,7,2,74)
r(286,4,2,74)
r(133,8,2,74)
w(114,5,2,74)
r(235,5,2,74)
w(139,4,2,74)
w(124,4,2,74)
w(320,5,2,74)
w(322,5,3,75)
r(5,6,3,75)
w(56,2,3,75)
r(224,4,3,75)
r(234,4,3,75)
r(34,2,3,75)
r(206,4,3,75)
r(232,5,3,75)
r(52,4,3,75)
w(332,7,3,75)
w(309,5,3,75)
w(295,7,3,75)
w(243,2,3,75)
w(17,2,3,75)
w(320,4,3,75)
r(168,6,3,75)
r(200,7,3,75)
w(44,5,3,75)
r(19,2,3,75)
w(269,4,3,75)
r(305,4,4,76)
r(45,4,4,76)
r(315,2,4,76)
w(114,4,4,76)
w(326,4,4,76)
w(150,5,4,76)
w(32,6,4,76)
w(339,6,4,76)
r(66,1,4,76)
w(275,5,4,76)
r(180,1,4,76)
r(126,7,4,76)
r(297,10,4,76)
w(323,2,4,76)
r(113,2,4,76)
r(312,6,4,76)
r(99,8,4,76)
r(289,4,4,76)
w(78,6,4,76)
r(173,1,4,76)
r(321,7,5,77)
w(5,8,5,77)
w(182,7,5,77)
r(35,1,5,77)
r(193,5,5,77)
w(265,8,5,77)
w(145,8,5,77)
r(149,3,5,77)
w(340,5,5,77)
w(8,4,5,77)
r(256,7,5,77)
w(54,5,5,77)
w(272,6,5,77)
r(90,6,5,77)
w(295,3,5,77)
r(294,1,5,77)
r(135,5,5,77)
w(332,8,5,77)
r(220,1,5,77)
r(274,8,5,77)
w(74,8,6,78)
r(25,3,6,78)
r(323,2,6,78)
r(226,7,6,78)
r(149,6,6,78)
w(92,7,6,78)
w(174,8,6,78)
w(46,6,6,78)
r(274,7,6,78)
r(272,6,6,78)
r(213,5,6,78)
w(36,3,6,78)
r(82,2,6,78)
r(38,3,6,78)
r(20,2,6,78)
w(170,10,6,78)
r(202,8,6,78)
r(8,4,6,78)
r(12,4,6,78)
w(110,10,6,78)
w(254,7,1,79)
r(300,1,1,79)
w(235,2,1,79)
w(61,2,1,79)
r(70,8,1,79)
r(189,2,1,79)
r(104,2,1,79)
r(168,2,1,79)
w(77,7,1,79)
w(308,5,1,79)
r(327,3,1,79)
r(314,9,1,79)
w(295,2,1,79)
r(71,1,1,79)
r(267,1,1,79)
r(163,8,1,79)
r(295,2,1,79)
r(303,6,1,79)
w(259,2,1,79)
r(189,2,1,79)
r(44,5,2,80)
w(236,7,2,80)
r(171,2,2,80)
r(246,2,2,80)
r(4,7,2,80)
w(242,2,2,80)
w(41,7,2,80)
w(313,5,2,80)
w(7,6,2,80)
r(83,1,2,80)
w(74,2,2,80)
r(338,7,2,80)
r(41,7,2,80)
r(302,6,2,80)
w(261,2,2,80)
w(90,4,2,80)
w(166,5,2,80)
w(132,7,2,80)
w(146,2,2,80)
w(224,5,2,80)
r(133,7,3,81)
w(75,4,3,81)
r(174,4,3,81)
w(335,5,3,81)
w(82,2,3,81)
w(237,2,3,81)
w(331,8,3,81)
w(296,6,3,81)
w(320,6,3,81)
w(15,5,3,81)
r(216,2,3,81)
r(85,5,3,81)
r(40,7,3,81)
w(81,4,3,81)
r(225,5,3,81)
r(49,2,3,81)
r(132,2,3,81)
r(61,4,3,81)
w(263,7,3,81)
w(199,5,3,81)
w(112,5,4,82)
r(83,1,4,82)
w(193,4,4,82)
r(70,8,4,82)
r(100,6,4,82)
w(149,6,4,82)
r(358,6,4,82)
w(167,6,4,82)
w(317,7,4,82)
w(220,2,4,82)
w(313,8,4,82)
r(81,4,4,82)
w(76,5,4,82)
w(105,4,4,82)
r(252,7,4,82)
r(71,1,4,82)
w(291,7,4,82)
r(199,5,4,82)
r(337,8,4,82)
w(178,4,4,82)
w(138,7,5,83)
w(118,8,5,83)
w(133,8,5,83)
r(158,8,5,83)
w(197,8,5,83)
w(116,7,5,83)
r(155,5,5,83)
w(80,7,5,83)
w(25,3,5,83)
w(14,4,5,83)
r(131,5,5,83)
r(33,4,5,83)
r(304,2,5,83)
r(253,7,5,83)
r(58,12,5,83)
w(233,10,5,83)
w(330,3,5,83)
r(15,5,5,83)
w(271,6,5,83)
r(294,1,5,83)
r(96,3,6,84)
r(61,2,6,84)
w(267,7,6,84)
r(351,4,6,84)
w(144,4,6,84)
w(158,10,6,84)
w(282,6,6,84)
r(346,2,6,84)
w(177,4,6,84)
r(186,7,6,84)
w(244,4,6,84)
r(35,1,6,84)
r(167,4,6,84)
r(63,4,6,84)
r(88,4,6,84)
r(146,2,6,84)
r(294,5,6,84)
r(269,4,6,84)
w(155,4,6,84)
r(360,2,6,84)
w(66,2,1,85)
r(257,6,1,85)
w(331,5,1,85)
w(190,5,1,85)
r(130,5,1,85)
r(143,6,1,85)
r(152,5,1,85)
r(141,5,1,85)
w(163,5,1,85)
w(347,2,1,85)
r(261,2,1,85)
r(251,1,1,85)
w(109,2,1,85)
w(139,5,1,85)
r(291,7,1,85)
r(330,3,1,85)
w(288,2,1,85)
w(354,2,1,85)
r(184,5,1,85)
r(59,8,1,85)
r(256,7,2,86)
w(244,2,2,86)
r(296,6,2,86)
w(202,7,2,86)
r(84,2,2,86)
r(79,2,2,86)
w(14,2,2,86)
r(309,5,2,86)
r(194,6,2,86)
w(27,2,2,86)
w(36,7,2,86)
w(313,7,2,86)
w(335,2,2,86)
r(47,5,2,86)
r(235,2,2,86)
w(8,5,2,86)
r(55,1,2,86)
r(186,7,2,86)
r(105,4,2,86)
r(355,2,2,86)
r(238,5,3,87)
r(45,2,3,87)
r(1,2,3,87)
r(286,4,3,87)
r(180,1,3,87)
r(174,4,3,87)
w(29,4,3,87)
w(228,7,3,87)
w(5,7,3,87)
w(119,5,3,87)
w(126,2,3,87)
r(312,6,3,87)
r(63,4,3,87)
w(13,5,3,87)
w(225,4,3,87)
r(171,2,3,87)
w(203,2,3,87)
r(17,2,3,87)
r(41,2,3,87)
w(343,6,3,87)
r(327,3,4,88)
w(38,6,4,88)
w(209,4,4,88)
w(258,3,4,88)
w(14,5,4,88)
r(105,4,4,88)
w(183,5,4,88)
w(194,6,4,88)
r(310,1,4,88)
r(318,4,4,88)
w(311,6,4,88)
r(341,7,4,88)
w(292,2,4,88)
w(131,7,4,88)
w(121,3,4,88)
r(246,2,4,88)
w(57,5,4,88)
r(46,6,4,88)
r(186,7,4,88)
r(153,7,4,88)
r(317,7,5,89)
w(215,6,5,89)
r(187,2,5,89)
w(113,5,5,89)
w(226,7,5,89)
w(136,7,5,89)
w(273,3,5,89)
r(299,7,5,89)
r(4,7,5,89)
w(142,4,5,89)
w(195,6,5,89)
w(218,4,5,89)
w(320,3,5,89)
r(356,2,5,89)
w(167,10,5,89)
w(326,6,5,89)
r(114,5,5,89)
w(258,11,5,89)
r(117,2,5,89)
r(334,1,5,89)
r(295,2,6,90)
w(269,3,6,90)
w(276,8,6,90)
w(301,8,6,90)
w(170,11,6,90)
r(151,5,6,90)
r(109,2,6,90)
r(353,5,6,90)
w(125,3,6,90)
r(119,5,6,90)
w(278,5,6,90)
w(55,2,6,90)
r(300,1,6,90)
w(41,6,6,90)
w(256,3,6,90)
r(159,2,6,90)
w(254,8,6,90)
w(246,7,6,90)
w(170,12,6,90)
w(57,4,6,90)
r(185,5,1,91)
w(98,2,1,91)
r(340,5,1,91)
r(32,7,1,91)
r(316,1,1,91)
w(98,5,1,91)
r(282,6,1,91)
r(104,2,1,91)
r(262,2,1,91)
r(19,10,1,91)
r(124,4,1,91)
w(33,5,1,91)
w(70,2,1,91)
r(113,5,1,91)
w(228,2,1,91)
r(314,9,1,91)
r(317,7,1,91)
w(233,7,2,92)
r(229,7,2,92)
r(190,5,2,92)
w(270,5,2,92)
w(11,2,2,92)
r(83,1,2,92)
r(97,6,2,92)
r(116,7,2,92)
w(309,2,2,92)
r(297,6,2,92)
r(34,2,2,92)
w(233,4,2,92)
w(290,2,2,92)
w(180,2,2,92)
r(275,5,2,92)
w(19,5,2,92)
r(307,7,2,92)
w(75,5,2,92)
w(81,7,2,92)
r(166,5,2,92)
r(355,1,3,93)
w(332,4,3,93)
r(77,7,3,93)
r(52,4,3,93)
w(6,6,3,93)
w(297,6,3,93)
r(331,2,3,93)
r(308,5,3,93)
w(19,10,3,93)
w(198,6,3,93)
r(180,1,3,93)
r(110,4,3,93)
r(357,5,3,93)
r(141,5,3,93)
w(69,7,3,93)
w(102,2,3,93)
r(118,8,3,93)
r(303,6,3,93)
w(27,5,3,93)
w(229,7,3,93)
w(155,7,4,94)
w(137,8,4,94)
w(46,7,4,94)
w(192,2,4,94)
r(79,2,4,94)
w(230,5,4,94)
w(170,7,4,94)
r(128,2,4,94)
w(205,5,4,94)
r(345,2,4,94)
r(32,2,4,94)
r(344,4,4,94)
w(322,4,4,94)
r(185,5,4,94)
r(100,6,4,94)
r(286,4,4,94)
w(88,4,4,94)
r(353,5,4,94)
w(273,6,4,94)
w(28,4,4,94)
r(187,2,5,95)
r(316,1,5,95)
w(230,7,5,95)
w(110,3,5,95)
r(342,4,5,95)
r(231,4,5,95)
r(315,2,5,95)
r(241,7,5,95)
w(314,3,5,95)
w(274,3,5,95)
r(139,5,5,95)
r(149,6,5,95)
w(194,11,5,95)
r(176,6,5,95)
w(322,8,5,95)
r(16,5,5,95)
r(169,2,5,95)
r(267,7,5,95)
w(224,3,5,95)
r(358,6,5,95)
r(34,2,6,96)
w(301,3,6,96)
r(82,2,6,96)
r(93,7,6,96)
r(292,2,6,96)
w(141,7,6,96)
r(347,2,6,96)
r(38,6,6,96)
r(77,7,6,96)
r(266,5,6,96)
r(233,4,6,96)
w(118,3,6,96)
r(158,4,6,96)
w(29,10,6,96)
r(222,2,6,96)
r(67,5,6,96)
w(243,7,6,96)
r(338,7,6,96)
r(348,2,6,96)
r(266,5,6,96)
r(175,2,1,97)
w(58,2,1,97)
r(201,7,1,97)
r(200,7,1,97)
w(136,2,1,97)
r(281,1,1,97)
r(258,3,1,97)
r(198,6,1,97)
r(238,5,1,97)
r(159,2,1,97)
w(344,5,1,97)
w(253,5,1,97)
r(121,3,1,97)
r(252,7,1,97)
w(354,5,1,97)
w(349,2,1,97)
r(341,7,1,97)
w(78,5,1,97)
w(6,2,1,97)
r(360,2,1,97)
r(258,3,2,98)
r(336,5,2,98)
w(87,2,2,98)
r(62,2,2,98)
w(260,7,2,98)
r(228,7,2,98)
r(309,2,2,98)
w(258,7,2,98)
w(132,4,2,98)
r(135,5,2,98)
w(167,7,2,98)
w(70,5,2,98)
r(291,7,2,98)
r(80,7,2,98)
w(343,4,2,98)
r(49,2,2,98)
w(194,7,2,98)
r(1,2,2,98)
r(285,6,2,98)
w(212,5,2,98)
w(304,7,3,99)
w(167,4,3,99)
w(129,2,3,99)
w(67,5,3,99)
r(210,7,3,99)
r(86,2,3,99)
w(218,5,3,99)
w(253,6,3,99)
r(199,5,3,99)
r(228,7,3,99)
r(115,5,3,99)
w(26,5,3,99)
r(178,4,3,99)
w(355,2,3,99)
w(69,4,3,99)
r(167,4,3,99)
r(106,7,3,99)
w(87,4,3,99)
w(294,5,3,99)
r(238,5,3,99)
w(2,5,4,100)
w(144,5,4,100)
r(227,6,4,100)
r(251,1,4,100)
r(66,2,4,100)
w(23,4,4,100)
r(93,7,4,100)
r(218,5,4,100)
r(24,5,4,100)
r(240,4,4,100)
w(175,4,4,100)
w(160,4,4,100)
r(53,7,4,100)
r(244,2,4,100)
w(295,4,4,100)
w(231,6,4,100)
w(40,4,4,100)
r(297,6,4,100)
w(141,2,4,100)
w(276,6,4,100)
r(113,5,5,101)
w(290,6,5,101)
w(223,8,5,101)
w(120,3,5,101)
r(288,2,5,101)
r(358,6,5,101)
r(245,5,5,101)
r(76,5,5,101)
r(126,2,5,101)
r(34,2,5,101)
r(143,6,5,101)
r(207,6,5,101)
w(281,4,5,101)
w(255,7,5,101)
w(105,10,5,101)
r(294,5,5,101)
w(245,6,5,101)
r(149,6,5,101)
w(222,7,5,101)
w(146,6,5,101)
w(41,8,6,102)
w(340,7,6,102)
r(253,5,6,102)
r(287,4,6,102)
w(157,3,6,102)
w(97,8,6,102)
r(284,5,6,102)
r(349,2,6,102)
r(285,6,6,102)
r(193,4,6,102)
r(125,3,6,102)
r(16,5,6,102)
r(65,5,6,102)
r(260,7,6,102)
w(276,3,6,102)
w(338,10,6,102)
r(28,4,6,102)
w(94,8,6,102)
w(124,3,6,102)
w(166,4,6,102)
w(108,5,1,103)
w(252,2,1,103)
w(163,7,1,103)
w(334,2,1,103)
w(225,7,1,103)
r(117,2,1,103)
r(151,5,1,103)
w(84,5,1,103)
r(8,5,1,103)
w(195,5,1,103)
w(198,2,1,103)
r(144,5,1,103)
r(325,3,1,103)
w(330,2,1,103)
r(346,2,1,103)
r(171,2,1,103)
r(284,5,1,103)
r(178,4,1,103)
w(337,5,1,103)
r(171,2,1,103)
r(179,1,2,104)
w(137,5,2,104)
w(272,2,2,104)
w(283,2,2,104)
w(282,5,2,104)
w(160,7,2,104)
r(39,2,2,104)
r(214,5,2,104)
r(334,2,2,104)
r(137,5,2,104)
w(249,7,2,104)
r(134,2,2,104)
r(274,3,2,104)
w(96,5,2,104)
w(39,7,2,104)
r(296,6,2,104)
r(259,4,2,104)
r(152,5,2,104)
w(358,5,2,104)
r(221,5,2,104)
r(219,5,3,105)
r(8,4,3,105)
w(68,2,3,105)
w(284,5,3,105)
w(259,4,3,105)
w(32,7,3,105)
r(270,2,3,105)
w(101,4,3,105)
r(114,5,3,105)
w(75,6,3,105)
w(46,5,3,105)
w(349,7,3,105)
w(48,4,3,105)
w(30,5,3,105)
w(70,4,3,105)
r(195,6,3,105)
w(63,7,3,105)
r(208,4,3,105)
w(357,7,3,105)
r(52,4,3,105)
r(40,4,4,106)
w(162,6,4,106)
w(105,6,4,106)
w(279,2,4,106)
w(130,4,4,106)
r(327,3,4,106)
w(130,6,4,106)
w(140,4,4,106)
r(79,2,4,106)
r(183,5,4,106)
r(266,8,4,106)
r(222,7,4,106)
w(59,6,4,106)
r(20,2,4,106)
r(43,5,4,106)
w(348,7,4,106)
w(305,5,4,106)
w(39,6,4,106)
r(204,5,4,106)
w(339,8,4,106)
r(64,5,5,107)
r(6,2,5,107)
r(116,7,5,107)
w(157,8,5,107)
w(266,8,5,107)
r(29,10,5,107)
r(272,2,5,107)
r(22,2,5,107)
w(240,6,5,107)
r(59,8,5,107)
w(201,4,5,107)
r(279,7,5,107)
r(120,3,5,107)
r(239,4,5,107)
r(343,4,5,107)
r(354,5,5,107)
r(140,5,5,107)
w(85,4,5,107)
w(182,4,5,107)
r(297,6,5,107)
w(35,2,6,108)
w(83,6,6,108)
w(195,3,6,108)
w(63,12,6,108)
r(297,6,6,108)
w(263,6,6,108)
w(347,4,6,108)
w(177,6,6,108)
w(234,10,6,108)
r(274,3,6,108)
r(107,2,6,108)
r(327,3,6,108)
w(322,3,6,108)
w(245,3,6,108)
w(2,6,6,108)
r(118,3,6,108)
w(276,10,6,108)
r(245,3,6,108)
w(196,7,6,108)
w(38,10,6,108)
r(228,7,1,109)
r(137,5,1,109)
r(123,4,1,109)
w(193,2,1,109)
w(331,7,1,109)
w(210,2,1,109)
r(313,7,1,109)
r(301,3,1,109)
w(206,5,1,109)
w(341,2,1,109)
r(11,2,1,109)
r(12,4,1,109)
r(174,8,1,109)
r(213,5,1,109)
r(352,1,1,109)
r(88,4,1,109)
w(158,7,1,109)
w(15,2,1,109)
w(351,5,1,109)
w(24,7,1,109)
w(145,4,2,110)
w(273,5,2,110)
w(39,4,2,110)
r(350,8,2,110)
w(207,7,2,110)
r(184,5,2,110)
w(11,5,2,110)
w(265,4,2,110)
w(153,2,2,110)
w(354,7,2,110)
w(282,7,2,110)
w(287,5,2,110)
w(146,5,2,110)
w(346,5,2,110)
r(298,2,2,110)
r(260,7,2,110)
w(261,5,2,110)
w(174,7,2,110)
w(179,2,2,110)
r(220,2,2,110)
r(87,4,3,111)
w(119,7,3,111)
w(342,5,3,111)
w(158,4,3,111)
r(339,6,3,111)
r(49,2,3,111)
w(104,7,3,111)
w(226,2,3,111)
r(253,6,3,111)
r(34,2,3,111)
r(145,8,3,111)
w(311,4,3,111)
w(207,6,3,111)
w(319,2,3,111)
w(25,7,3,111)
w(91,4,3,111)
r(101,4,3,111)
w(303,2,3,111)
w(94,7,3,111)
r(282,6,3,111)
w(279,5,4,112)
w(94,4,4,112)
r(103,2,4,112)
r(332,4,4,112)
r(287,4,4,112)
r(284,5,4,112)
r(233,4,4,112)
r(206,5,4,112)
r(315,2,4,112)
w(170,4,4,112)
r(132,4,4,112)
r(111,1,4,112)
w(13,7,4,112)
r(26,5,4,112)
w(222,5,4,112)
w(349,4,4,112)
w(37,5,4,112)
r(288,2,4,112)
w(159,4,4,112)
r(240,6,4,112)
r(44,5,5,113)
w(71,4,5,113)
w(244,7,5,113)
w(265,3,5,113)
r(218,5,5,113)
w(281,6,5,113)
r(153,7,5,113)
w(105,11,5,113)
r(285,6,5,113)
w(41,4,5,113)
w(216,5,5,113)
w(292,4,5,113)
r(55,2,5,113)
r(126,2,5,113)
r(78,5,5,113)
r(173,1,5,113)
w(52,7,5,113)
w(345,7,5,113)
w(219,6,5,113)
w(314,10,5,113)
w(158,11,6,114)
w(112,8,6,114)
w(68,5,6,114)
w(113,6,6,114)
w(80,4,6,114)
w(172,7,6,114)
w(21,4,6,114)
r(160,7,6,114)
r(58,2,6,114)
r(314,10,6,114)
w(198,10,6,114)
r(317,7,6,114)
r(140,4,6,114)
r(59,6,6,114)
w(255,4,6,114)
r(94,8,6,114)
w(340,4,6,114)
r(197,8,6,114)
w(339,11,6,114)
r(294,5,6,114)
r(76,5,1,115)
w(40,2,1,115)
w(258,2,1,115)
r(191,2,1,115)
w(161,2,1,115)
w(320,2,1,115)
w(344,7,1,115)
w(162,2,1,115)
r(44,5,1,115)
r(72,2,1,115)
w(338,2,1,115)
w(188,5,1,115)
w(294,2,1,115)
w(166,2,1,115)
w(12,2,1,115)
r(318,4,1,115)
r(54,5,1,115)
w(195,4,2,116)
r(208,4,2,116)
w(74,5,2,116)
w(207,4,2,116)
r(46,5,2,116)
w(62,7,2,116)
w(315,5,2,116)
w(36,4,2,116)
r(115,5,2,116)
w(314,5,2,116)
r(196,7,2,116)
r(302,6,2,116)
w(116,2,2,116)
w(123,7,2,116)
r(263,6,2,116)
r(256,6,2,116)
w(198,7,2,116)
w(40,5,2,116)
w(258,4,2,116)
r(141,2,2,116)
r(349,2,3,117)
w(281,2,3,117)
r(95,5,3,117)
w(96,6,3,117)
r(4,7,3,117)
w(268,5,3,117)
r(51,5,3,117)
r(239,4,3,117)
w(276,4,3,117)
r(118,3,3,117)
r(97,8,3,117)
w(179,5,3,117)
w(257,7,3,117)
r(205,5,3,117)
w(358,4,3,117)
r(125,3,3,117)
w(117,5,3,117)
r(45,2,3,117)
r(190,5,3,117)
w(254,4,3,117)
r(158,11,4,118)
w(160,6,4,118)
w(310,2,4,118)
r(1,2,4,118)
r(259,4,4,118)
r(288,2,4,118)
r(345,7,4,118)
w(88,6,4,118)
r(337,7,4,118)
w(183,7,4,118)
w(45,7,4,118)
r(183,7,4,118)
r(311,4,4,118)
w(197,7,4,118)
r(350,8,4,118)
w(95,8,4,118)
r(180,2,4,118)
w(165,5,4,118)
w(338,4,4,118)
r(83,6,4,118)
r(110,3,5,119)
w(277,7,5,119)
r(134,2,5,119)
r(213,5,5,119)
w(226,4,5,119)
w(304,8,5,119)
w(273,10,5,119)
w(152,6,5,119)
w(200,6,5,119)
w(24,6,5,119)
w(126,5,5,119)
r(95,5,5,119)
w(49,4,5,119)
w(301,6,5,119)
w(324,11,5,119)
w(82,6,5,119)
r(1,2,5,119)
r(37,5,5,119)
w(221,4,5,119)
w(2,7,5,119)
r(244,5,6,120)
r(278,5,6,120)
r(221,4,6,120)
w(92,4,6,120)
w(21,6,6,120)
w(66,3,6,120)
w(180,5,6,120)
w(25,10,6,120)
w(22,4,6,120)
r(162,4,6,120)
r(134,2,6,120)
w(123,6,6,120)
w(276,11,6,120)
r(108,5,6,120)
r(31,2,6,120)
w(28,10,6,120)
w(154,4,6,120)
r(54,5,6,120)
r(39,4,6,120)
r(191,2,6,120)
r(240,5,1,121)
r(40,5,1,121)
w(155,2,1,121)
w(164,2,1,121)
r(69,4,1,121)
w(115,7,1,121)
w(31,2,1,121)
r(89,2,1,121)
w(178,2,1,121)
w(124,7,1,121)
r(83,6,1,121)
r(232,5,1,121)
w(194,2,1,121)
r(144,5,1,121)
r(324,11,1,121)
r(218,5,1,121)
r(61,2,1,121)
r(105,11,1,121)
w(59,5,1,121)
w(227,2,1,121)
w(186,5,2,122)
w(314,7,2,122)
w(78,7,2,122)
r(346,5,2,122)
r(239,4,2,122)
w(104,5,2,122)
r(223,8,2,122)
w(72,5,2,122)
r(326,6,2,122)
r(178,2,2,122)
w(276,5,2,122)
r(250,4,2,122)
r(100,6,2,122)
r(332,4,2,122)
w(353,7,2,122)
w(50,2,2,122)
w(26,2,2,122)
r(323,2,2,122)
w(121,7,2,122)
w(324,4,2,122)
w(4,2,3,123)
w(228,6,3,123)
r(348,7,3,123)
r(19,5,3,123)
r(322,3,3,123)
w(320,8,3,123)
w(59,4,3,123)
r(272,2,3,123)
r(51,5,3,123)
r(148,5,3,123)
w(118,7,3,123)
w(209,7,3,123)
r(207,6,3,123)
w(99,5,3,123)
w(202,6,3,123)
w(74,7,3,123)
r(154,2,3,123)
w(177,2,3,123)
r(90,4,3,123)
w(45,5,3,123)
w(121,10,4,124)
w(263,4,4,124)
r(354,7,4,124)
w(274,6,4,124)
r(233,4,4,124)
w(97,7,4,124)
r(157,8,4,124)
w(197,4,4,124)
r(80,4,4,124)
w(70,6,4,124)
r(198,7,4,124)
w(145,6,4,124)
w(281,5,4,124)
w(311,8,4,124)
r(16,5,4,124)
w(194,8,4,124)
w(167,8,4,124)
w(295,6,4,124)
w(157,5,4,124)
w(184,4,4,124)
w(228,3,5,125)
r(133,8,5,125)
w(31,4,5,125)
w(51,2,5,125)
w(351,7,5,125)
w(246,5,5,125)
r(276,4,5,125)
w(192,5,5,125)
r(82,6,5,125)
r(163,7,5,125)
w(71,6,6,126)
w(38,11,6,126)
w(185,10,6,126)
r(174,7,6,126)
r(181,1,6,126)
w(284,8,6,126)
w(344,6,6,126)
w(308,4,6,126)
r(256,6,6,126)
r(120,4,6,126)
r(115,7,6,126)
r(232,5,6,126)
r(117,5,6,126)
r(222,5,6,126)
r(301,6,6,126)
w(157,10,6,126)
r(243,7,6,126)
w(87,10,6,126)
r(49,4,6,126)
r(155,2,6,126)
r(38,10,1,127)
r(98,3,1,127)
w(188,7,1,127)
r(186,5,1,127)
r(167,8,1,127)
r(286,4,1,127)
w(38,2,1,127)
r(13,7,1,127)
r(137,5,1,127)
r(21,4,1,127)
w(285,2,1,127)
w(145,7,1,127)
w(71,5,1,127)
w(46,2,1,127)
r(76,5,1,127)
w(75,2,1,127)
w(208,5,1,127)
r(33,4,1,127)
r(221,4,1,127)
w(264,2,1,127)
r(345,7,2,128)
r(119,7,2,128)
r(45,7,2,128)
w(358,7,2,128)
w(96,7,2,128)
w(353,4,2,128)
r(184,4,2,128)
w(60,2,2,128)
w(118,2,2,128)
r(329,6,2,128)
r(4,5,2,128)
w(50,5,2,128)
w(19,7,2,128)
r(318,4,2,128)
w(61,5,2,128)
r(165,5,2,128)
w(48,5,2,128)
r(212,5,2,128)
r(341,2,2,128)
w(159,5,2,128)
w(130,7,3,129)
w(149,7,3,129)
w(162,4,3,129)
w(337,7,3,129)
w(299,5,3,129)
r(78,5,3,129)
w(256,6,3,129)
r(251,1,3,129)
r(97,8,3,129)
w(7,10,3,129)
w(284,7,3,129)
r(95,5,3,129)
r(353,5,3,129)
r(33,4,3,129)
w(268,7,3,129)
r(280,2,3,129)
r(312,6,3,129)
w(99,7,3,129)
w(240,5,3,129)
r(158,11,3,129)
r(313,7,4,130)
w(292,5,4,130)
r(40,5,4,130)
r(181,1,4,130)
w(251,2,4,130)
r(24,6,4,130)
r(257,7,4,130)
w(185,6,4,130)
r(262,2,4,130)
r(66,2,4,130)
w(200,4,4,130)
w(93,6,4,130)
w(193,6,4,130)
r(227,2,4,130)
w(259,8,4,130)
w(224,6,4,130)
w(95,3,4,130)
r(51,5,4,130)
w(4,5,4,130)
w(304,4,4,130)
r(327,3,5,131)
r(261,5,5,131)
w(121,11,5,131)
r(147,2,5,131)
w(129,5,5,131)
w(253,3,5,131)
r(216,5,5,131)
r(98,3,5,131)
w(287,8,5,131)
r(184,4,5,131)
w(43,7,5,131)
r(65,5,5,131)
r(205,5,5,131)
r(239,4,5,131)
w(95,11,5,131)
w(268,8,5,131)
r(18,4,5,131)
r(97,7,5,131)
r(13,7,5,131)
r(179,2,5,131)
r(53,7,6,132)
w(124,10,6,132)
r(178,2,6,132)
r(87,10,6,132)
r(330,2,6,132)
w(346,4,6,132)
w(18,3,6,132)
w(92,6,6,132)
w(315,8,6,132)
r(268,8,6,132)
w(34,8,6,132)
r(214,5,6,132)
r(83,6,6,132)
w(123,8,6,132)
r(94,4,6,132)
w(341,6,6,132)
w(140,6,6,132)
w(171,4,6,132)
r(201,4,6,132)
r(24,6,6,132)
r(69,4,1,133)
w(245,2,1,133)
r(132,4,1,133)
r(190,7,1,133)
w(65,2,1,133)
r(220,2,1,133)
r(155,2,1,133)
w(285,5,1,133)
w(36,2,1,133)
w(110,2,1,133)
r(212,5,1,133)
r(183,7,1,133)
r(75,2,1,133)
r(215,6,1,133)
r(353,4,1,133)
w(236,2,1,133)
r(230,7,1,133)
r(66,3,1,133)
r(223,8,1,133)
r(3,1,1,133)
w(275,2,2,134)
r(191,2,2,134)
r(146,5,2,134)
w(10,5,2,134)
w(142,2,2,134)
w(286,7,2,134)
r(318,4,2,134)
w(328,5,2,134)
w(59,7,2,134)
r(222,5,2,134)
r(139,5,2,134)
r(196,7,2,134)
r(159,5,2,134)
r(33,4,2,134)
w(127,5,2,134)
w(324,6,2,134)
r(228,8,2,134)
r(13,7,2,134)
w(289,7,2,134)
w(120,5,2,134)
r(349,4,3,135)
r(124,7,3,135)
r(118,7,3,135)
w(110,6,3,135)
w(264,5,3,135)
w(5,4,3,135)
r(44,5,3,135)
r(31,2,3,135)
r(200,6,3,135)
r(189,2,3,135)
r(200,6,3,135)
w(244,5,3,135)
w(120,4,3,135)
r(125,3,3,135)
w(107,4,3,135)
w(93,4,3,135)
r(55,2,3,135)
r(184,4,3,135)
r(59,5,3,135)
r(226,4,3,135)
w(271,4,4,136)
w(142,7,4,136)
w(170,6,4,136)
w(64,8,4,136)
r(230,7,4,136)
w(269,6,4,136)
w(58,10,4,136)
r(171,2,4,136)
w(112,7,4,136)
w(210,6,4,136)
w(329,4,4,136)
w(248,4,4,136)
w(294,7,4,136)
w(290,4,4,136)
w(58,11,4,136)
w(205,7,4,136)
r(7,10,4,136)
r(282,7,4,136)
w(243,5,4,136)
w(161,5,4,136)
r(60,2,5,137)
r(8,5,5,137)
w(353,3,5,137)
w(18,6,5,137)
r(262,2,5,137)
r(88,6,5,137)
w(324,12,5,137)
r(77,7,5,137)
w(45,6,5,137)
r(97,7,5,137)
r(338,4,5,137)
r(78,7,5,137)
w(195,8,5,137)
r(176,4,5,137)
w(173,4,5,137)
w(309,7,5,137)
r(96,7,5,137)
r(315,4,5,137)
w(310,7,5,137)
w(89,7,5,137)
w(80,6,6,138)
w(124,11,6,138)
w(23,6,6,138)
r(85,4,6,138)
r(1,2,6,138)
w(238,7,6,138)
r(100,6,6,138)
r(15,2,6,138)
r(25,10,6,138)
r(30,5,6,138)
r(72,5,6,138)
r(281,7,6,138)
w(186,6,6,138)
r(292,5,6,138)
w(56,7,6,138)
w(168,8,6,138)
w(91,6,6,138)
r(186,6,6,138)
r(290,4,6,138)
w(230,2,1,139)
r(4,5,1,139)
r(14,2,1,139)
w(5,2,1,139)
r(293,5,1,139)
r(140,6,1,139)
w(39,5,1,139)
w(257,5,1,139)
w(255,2,1,139)
r(114,5,1,139)
r(40,5,1,139)
r(184,4,1,139)
w(291,2,1,139)
w(282,2,1,139)
w(58,5,1,139)
r(298,2,1,139)
r(69,4,1,139)
w(326,5,1,139)
w(186,2,1,139)
w(301,2,1,139)
r(232,5,2,140)
r(259,8,2,140)
w(348,5,2,140)
r(104,5,2,140)
r(124,10,2,140)
w(341,5,2,140)
w(196,5,2,140)
w(24,4,2,140)
w(296,4,2,140)
r(137,5,2,140)
w(245,7,2,140)
r(359,5,2,140)
w(304,5,2,140)
r(334,7,2,140)
w(169,5,2,140)
r(255,2,2,140)
r(267,7,2,140)
r(51,5,2,140)
w(47,2,2,140)
w(269,5,2,140)
w(158,6,3,141)
r(125,3,3,141)
r(235,2,3,141)
w(228,8,3,141)
r(111,1,3,141)
r(359,5,3,141)
w(315,4,3,141)
w(175,7,3,141)
w(38,4,3,141)
w(56,5,3,141)
w(190,7,3,141)
r(326,6,3,141)
r(154,2,3,141)
w(176,4,3,141)
r(330,2,3,141)
r(206,5,3,141)
w(350,4,3,141)
w(168,5,3,141)
r(121,7,3,141)
w(82,5,3,141)
w(277,5,4,142)
w(171,7,4,142)
w(327,6,4,142)
w(323,5,4,142)
w(337,4,4,142)
r(327,6,4,142)
r(62,7,4,142)
r(66,3,4,142)
r(279,5,4,142)
r(134,2,4,142)
w(61,8,4,142)
w(194,3,4,142)
r(247,1,4,142)
r(343,4,4,142)
r(26,2,4,142)
w(281,7,4,142)
r(255,4,4,142)
w(265,6,4,142)
r(282,7,4,142)
r(261,5,4,142)
w(325,6,5,143)
w(28,3,5,143)
w(275,8,5,143)
w(254,6,5,143)
r(313,7,5,143)
w(69,8,5,143)
r(335,2,5,143)
r(330,2,5,143)
r(287,8,5,143)
r(268,8,5,143)
r(225,7,5,143)
w(185,3,5,143)
w(334,7,5,143)
r(143,6,5,143)
r(249,7,5,143)
w(352,5,5,143)
r(141,2,5,143)
r(37,5,5,143)
w(53,4,5,143)
r(215,6,5,143)
w(254,3,6,144)
r(20,2,6,144)
w(355,5,6,144)
w(125,10,6,144)
r(315,8,6,144)
w(241,4,6,144)
w(272,8,6,144)
r(119,7,6,144)
w(22,6,6,144)
w(159,8,6,144)
r(325,6,6,144)
r(272,8,6,144)
w(22,8,6,144)
r(176,4,6,144)
r(102,2,6,144)
r(306,7,6,144)
w(77,10,6,144)
w(324,9,6,144)
r(22,8,6,144)
r(16,5,6,144)
r(230,2,1,145)
w(297,5,1,145)
w(110,5,1,145)
r(216,5,1,145)
w(93,2,1,145)
r(97,4,1,145)
r(299,5,1,145)
w(307,2,1,145)
r(68,5,1,145)
w(233,2,1,145)
r(220,2,1,145)
r(254,3,1,145)
w(31,5,1,145)
r(29,10,1,145)
r(300,1,1,145)
r(201,4,1,145)
w(248,2,1,145)
r(30,5,1,145)
r(29,10,1,145)
w(286,2,1,145)
r(182,4,2,146)
r(355,5,2,146)
r(271,4,2,146)
r(204,5,2,146)
w(115,6,2,146)
w(107,7,2,146)
r(267,5,2,146)
w(312,5,2,146)
r(275,8,2,146)
r(101,4,2,146)
r(1,2,2,146)
w(149,2,2,146)
r(26,2,2,146)
w(202,4,2,146)
r(132,4,2,146)
r(199,7,2,146)
r(8,6,2,146)
r(50,5,2,146)
r(128,2,2,146)
r(132,4,2,146)
r(292,5,3,147)
w(343,8,3,147)
w(163,4,3,147)
w(339,7,3,147)
r(270,5,3,147)
w(258,8,3,147)
w(339,4,3,147)
r(37,5,3,147)
w(170,5,3,147)
r(125,3,3,147)
r(226,4,3,147)
r(264,2,3,147)
r(108,5,3,147)
r(120,5,3,147)
r(261,5,3,147)
w(58,8,3,147)
r(314,7,3,147)
w(64,6,3,147)
w(267,5,3,147)
w(248,7,3,147)
w(38,8,4,148)
r(219,6,4,148)
r(185,10,4,148)
w(13,4,4,148)
r(311,8,4,148)
w(127,4,4,148)
r(217,2,4,148)
w(223,7,4,148)
w(157,7,4,148)
r(48,5,4,148)
w(315,6,4,148)
w(269,8,4,148)
r(271,4,4,148)
r(302,6,4,148)
w(14,7,4,148)
w(352,2,4,148)
r(209,7,4,148)
w(156,2,4,148)
r(32,7,5,149)
r(158,6,5,149)
r(221,4,5,149)
w(59,3,5,149)
r(92,6,5,149)
r(50,5,5,149)
w(32,8,5,149)
w(187,5,5,149)
w(181,5,5,149)
w(234,8,5,149)
r(1,2,5,149)
w(108,4,5,149)
r(28,3,5,149)
w(164,6,5,149)
w(305,7,5,149)
w(214,7,5,149)
r(154,4,5,149)
w(8,6,5,149)
w(296,8,5,149)
r(358,7,5,149)
w(207,3,6,150)
w(40,8,6,150)
w(343,10,6,150)
w(124,12,6,150)
w(120,10,6,150)
r(289,7,6,150)
r(120,10,6,150)
w(324,13,6,150)
r(146,5,6,150)
r(140,6,6,150)
w(304,3,6,150)
w(197,3,6,150)
w(253,11,6,150)
r(244,5,6,150)
r(290,4,6,150)
w(170,9,6,150)
w(147,7,6,150)
r(240,5,6,150)
r(50,5,6,150)
w(311,10,6,150)
w(95,7,1,151)
r(152,6,1,151)
r(97,4,1,151)
w(285,7,1,151)
w(306,2,1,151)
w(8,2,1,151)
w(234,7,1,151)
w(173,2,1,151)
r(278,5,1,151)
w(143,2,1,151)
w(256,5,1,151)
r(326,5,1,151)
r(96,7,1,151)
r(189,2,1,151)
w(90,5,1,151)
w(296,7,1,151)
w(339,2,1,151)
w(336,2,1,151)
w(48,2,1,151)
w(86,5,1,151)
w(96,4,2,152)
w(316,2,2,152)
w(1,5,2,152)
r(183,7,2,152)
w(61,7,2,152)
w(259,7,2,152)
w(209,2,2,152)
r(160,6,2,152)
w(295,5,2,152)
r(185,3,2,152)
w(349,5,2,152)
w(97,2,2,152)
w(271,2,2,152)
r(216,5,2,152)
r(293,5,2,152)
r(154,4,2,152)
r(51,5,2,152)
w(98,7,2,152)
r(259,7,2,152)
r(241,4,2,152)
r(75,2,3,153)
r(52,7,3,153)
w(303,5,3,153)
w(332,6,3,153)
r(116,2,3,153)
w(322,7,3,153)
w(121,8,3,153)
w(199,7,3,153)
r(25,10,3,153)
w(71,7,3,153)
r(147,2,3,153)
w(150,2,3,153)
w(32,4,3,153)
r(110,5,3,153)
r(16,5,3,153)
w(103,5,3,153)
w(213,7,3,153)
r(218,5,3,153)
w(238,2,3,153)
r(130,7,3,153)
r(180,5,4,154)
w(166,7,4,154)
r(236,2,4,154)
r(106,7,4,154)
w(63,6,4,154)
r(235,2,4,154)
w(34,7,4,154)
r(173,4,4,154)
w(10,7,4,154)
r(192,2,4,154)
w(80,5,4,154)
r(307,7,4,154)
w(97,4,4,154)
w(231,8,4,154)
w(223,4,4,154)
w(63,8,4,154)
r(237,7,4,154)
r(218,5,4,154)
w(285,8,4,154)
r(265,6,4,154)
r(268,8,5,155)
w(54,7,5,155)
r(235,2,5,155)
r(273,10,5,155)
w(66,8,5,155)
w(49,6,5,155)
w(53,6,5,155)
w(151,4,5,155)
r(127,5,5,155)
w(138,4,5,155)
r(229,7,5,155)
r(195,8,5,155)
r(289,7,5,155)
r(174,7,5,155)
r(144,5,5,155)
w(215,8,5,155)
w(113,7,5,155)
w(212,4,5,155)
r(263,4,5,155)
r(196,5,5,155)
w(247,5,6,156)
r(245,4,6,156)
r(220,2,6,156)
w(336,8,6,156)
w(256,10,6,156)
r(9,7,6,156)
r(278,5,6,156)
w(55,5,6,156)
w(27,7,6,156)
w(320,11,6,156)
w(30,4,6,156)
w(101,3,6,156)
w(200,8,6,156)
r(307,2,6,156)
r(204,5,6,156)
r(303,5,6,156)
r(301,5,6,156)
r(310,7,6,156)
w(243,4,6,156)
r(208,5,6,156)
r(127,5,1,157)
w(43,2,1,157)
w(64,4,1,157)
r(315,8,1,157)
w(90,7,1,157)
w(21,2,1,157)
r(34,7,1,157)
r(226,4,1,157)
w(329,2,1,157)
r(163,4,1,157)
w(148,2,1,157)
w(58,7,1,157)
w(236,5,1,157)
r(210,6,1,157)
r(210,6,1,157)
w(162,5,1,157)
r(109,2,1,157)
w(167,5,1,157)
r(113,7,1,157)
r(143,2,1,157)
r(26,2,2,158)
w(268,2,2,158)
w(301,5,2,158)
r(191,2,2,158)
r(184,4,2,158)
w(83,2,2,158)
r(4,5,2,158)
w(315,7,2,158)
w(198,4,2,158)
r(231,8,2,158)
w(334,5,2,158)
r(220,2,2,158)
w(291,5,2,158)
r(166,7,2,158)
w(152,7,2,158)
r(105,11,2,158)
w(200,2,2,158)
w(320,7,2,158)
w(197,2,2,158)
w(297,4,2,158)
r(238,5,4,159)
w(288,5,4,159)
w(37,7,4,159)
w(60,7,4,159)
r(352,5,4,159)
r(293,5,4,159)
r(141,2,4,159)
r(116,2,4,159)
w(158,3,4,159)
w(232,7,4,159)
w(89,5,4,159)
w(98,6,4,159)
r(109,2,4,159)
r(126,5,4,159)
w(292,7,4,159)
w(201,5,4,159)
r(58,8,4,159)
w(219,4,4,159)
w(136,5,4,159)
w(83,5,4,159)
w(101,2,1,160)
w(289,2,1,160)
w(171,5,1,160)
w(210,5,1,160)
w(343,2,1,160)
r(257,5,1,160)
r(112,7,1,160)
w(38,5,1,160)
r(82,5,1,160)
r(294,7,1,160)
r(200,8,1,160)
r(276,11,1,160)
w(342,2,1,160)
r(89,5,1,160)
w(132,5,1,160)
r(12,4,1,160)
r(331,7,1,160)
w(300,2,1,160)
r(345,7,1,160)
r(302,6,1,160)
r(145,7,4,161)
w(63,3,4,161)
w(215,4,4,161)
w(15,7,4,161)
w(10,4,4,161)
r(289,7,4,161)
r(286,2,4,161)
w(111,2,4,161)
r(86,2,4,161)
r(159,8,4,161)
w(25,8,4,161)
r(75,2,4,161)
r(322,7,4,161)
r(247,1,4,161)
w(181,2,4,161)
w(78,8,4,161)
r(228,8,4,161)
r(162,4,4,161)
w(92,2,4,161)
w(245,4,4,161)
