w(1,1,0,0)
w(2,1,0,0)
w(3,1,0,0)
w(4,1,0,0)
w(5,1,0,0)
w(6,1,0,0)
w(7,1,0,0)
w(8,1,0,0)
w(9,1,0,0)
w(10,1,0,0)
w(11,1,0,0)
w(12,1,0,0)
w(13,1,0,0)
w(14,1,0,0)
w(15,1,0,0)
w(16,1,0,0)
w(17,1,0,0)
w(18,1,0,0)
w(19,1,0,0)
w(20,1,0,0)
w(21,1,0,0)
w(22,1,0,0)
w(23,1,0,0)
w(24,1,0,0)
w(25,1,0,0)
w(26,1,0,0)
w(27,1,0,0)
w(28,1,0,0)
w(29,1,0,0)
w(30,1,0,0)
w(31,1,0,0)
w(32,1,0,0)
w(33,1,0,0)
w(34,1,0,0)
w(35,1,0,0)
w(36,1,0,0)
w(37,1,0,0)
w(38,1,0,0)
w(39,1,0,0)
w(40,1,0,0)
w(41,1,0,0)
w(42,1,0,0)
w(43,1,0,0)
w(44,1,0,0)
w(45,1,0,0)
w(46,1,0,0)
w(47,1,0,0)
w(48,1,0,0)
w(49,1,0,0)
w(50,1,0,0)
w(51,1,0,0)
w(52,1,0,0)
w(53,1,0,0)
w(54,1,0,0)
w(55,1,0,0)
w(56,1,0,0)
w(57,1,0,0)
w(58,1,0,0)
w(59,1,0,0)
w(60,1,0,0)
w(61,1,0,0)
w(62,1,0,0)
w(63,1,0,0)
w(64,1,0,0)
w(65,1,0,0)
w(66,1,0,0)
w(67,1,0,0)
w(68,1,0,0)
w(69,1,0,0)
w(70,1,0,0)
w(71,1,0,0)
w(72,1,0,0)
w(73,1,0,0)
w(74,1,0,0)
w(75,1,0,0)
w(76,1,0,0)
w(77,1,0,0)
w(78,1,0,0)
w(79,1,0,0)
w(80,1,0,0)
w(81,1,0,0)
w(82,1,0,0)
w(83,1,0,0)
w(84,1,0,0)
w(85,1,0,0)
w(86,1,0,0)
w(87,1,0,0)
w(88,1,0,0)
w(89,1,0,0)
w(90,1,0,0)
w(91,1,0,0)
w(92,1,0,0)
w(93,1,0,0)
w(94,1,0,0)
w(95,1,0,0)
w(96,1,0,0)
w(97,1,0,0)
w(98,1,0,0)
w(99,1,0,0)
w(100,1,0,0)
w(101,1,0,0)
w(102,1,0,0)
w(103,1,0,0)
w(104,1,0,0)
w(105,1,0,0)
w(106,1,0,0)
w(107,1,0,0)
w(108,1,0,0)
w(109,1,0,0)
w(110,1,0,0)
w(111,1,0,0)
w(112,1,0,0)
w(113,1,0,0)
w(114,1,0,0)
w(115,1,0,0)
w(116,1,0,0)
w(117,1,0,0)
w(118,1,0,0)
w(119,1,0,0)
w(120,1,0,0)
w(121,1,0,0)
w(122,1,0,0)
w(123,1,0,0)
w(124,1,0,0)
w(125,1,0,0)
w(126,1,0,0)
w(127,1,0,0)
w(128,1,0,0)
w(129,1,0,0)
w(130,1,0,0)
w(131,1,0,0)
w(132,1,0,0)
w(133,1,0,0)
w(134,1,0,0)
w(135,1,0,0)
w(136,1,0,0)
w(137,1,0,0)
w(138,1,0,0)
w(139,1,0,0)
w(140,1,0,0)
w(141,1,0,0)
w(142,1,0,0)
w(143,1,0,0)
w(144,1,0,0)
w(145,1,0,0)
w(146,1,0,0)
w(147,1,0,0)
w(148,1,0,0)
w(149,1,0,0)
w(150,1,0,0)
w(151,1,0,0)
w(152,1,0,0)
w(153,1,0,0)
w(154,1,0,0)
w(155,1,0,0)
w(156,1,0,0)
w(157,1,0,0)
w(158,1,0,0)
w(159,1,0,0)
w(160,1,0,0)
w(161,1,0,0)
w(162,1,0,0)
w(163,1,0,0)
w(164,1,0,0)
w(165,1,0,0)
w(166,1,0,0)
w(167,1,0,0)
w(168,1,0,0)
w(169,1,0,0)
w(170,1,0,0)
w(171,1,0,0)
w(172,1,0,0)
w(173,1,0,0)
w(174,1,0,0)
w(175,1,0,0)
w(176,1,0,0)
w(177,1,0,0)
w(178,1,0,0)
w(179,1,0,0)
w(180,1,0,0)
w(181,1,0,0)
w(182,1,0,0)
w(183,1,0,0)
w(184,1,0,0)
w(185,1,0,0)
w(186,1,0,0)
w(187,1,0,0)
w(188,1,0,0)
w(189,1,0,0)
w(190,1,0,0)
w(191,1,0,0)
w(192,1,0,0)
w(193,1,0,0)
w(194,1,0,0)
w(195,1,0,0)
w(196,1,0,0)
w(197,1,0,0)
w(198,1,0,0)
w(199,1,0,0)
w(200,1,0,0)
w(201,1,0,0)
w(202,1,0,0)
w(203,1,0,0)
w(204,1,0,0)
w(205,1,0,0)
w(206,1,0,0)
w(207,1,0,0)
w(208,1,0,0)
w(209,1,0,0)
w(210,1,0,0)
w(211,1,0,0)
w(212,1,0,0)
w(213,1,0,0)
w(214,1,0,0)
w(215,1,0,0)
w(216,1,0,0)
w(217,1,0,0)
w(218,1,0,0)
w(219,1,0,0)
w(220,1,0,0)
w(221,1,0,0)
w(222,1,0,0)
w(223,1,0,0)
w(224,1,0,0)
w(225,1,0,0)
w(226,1,0,0)
w(227,1,0,0)
w(228,1,0,0)
w(229,1,0,0)
w(230,1,0,0)
w(231,1,0,0)
w(232,1,0,0)
w(233,1,0,0)
w(234,1,0,0)
w(235,1,0,0)
w(236,1,0,0)
w(237,1,0,0)
w(238,1,0,0)
w(239,1,0,0)
w(240,1,0,0)
w(241,1,0,0)
w(242,1,0,0)
w(243,1,0,0)
w(244,1,0,0)
w(245,1,0,0)
w(246,1,0,0)
w(247,1,0,0)
w(248,1,0,0)
w(249,1,0,0)
w(250,1,0,0)
w(251,1,0,0)
w(252,1,0,0)
w(253,1,0,0)
w(254,1,0,0)
w(255,1,0,0)
w(256,1,0,0)
w(257,1,0,0)
w(258,1,0,0)
w(259,1,0,0)
w(260,1,0,0)
w(261,1,0,0)
w(262,1,0,0)
w(263,1,0,0)
w(264,1,0,0)
w(265,1,0,0)
w(266,1,0,0)
w(267,1,0,0)
w(268,1,0,0)
w(269,1,0,0)
w(270,1,0,0)
w(271,1,0,0)
w(272,1,0,0)
w(273,1,0,0)
w(274,1,0,0)
w(275,1,0,0)
w(276,1,0,0)
w(277,1,0,0)
w(278,1,0,0)
w(279,1,0,0)
w(280,1,0,0)
w(281,1,0,0)
w(282,1,0,0)
w(283,1,0,0)
w(284,1,0,0)
w(285,1,0,0)
w(286,1,0,0)
w(287,1,0,0)
w(288,1,0,0)
w(289,1,0,0)
w(290,1,0,0)
w(291,1,0,0)
w(292,1,0,0)
w(293,1,0,0)
w(294,1,0,0)
w(295,1,0,0)
w(296,1,0,0)
w(297,1,0,0)
w(298,1,0,0)
w(299,1,0,0)
w(300,1,0,0)
w(301,1,0,0)
w(302,1,0,0)
w(303,1,0,0)
w(304,1,0,0)
w(305,1,0,0)
w(306,1,0,0)
w(307,1,0,0)
w(308,1,0,0)
w(309,1,0,0)
w(310,1,0,0)
w(311,1,0,0)
w(312,1,0,0)
w(313,1,0,0)
w(314,1,0,0)
w(315,1,0,0)
w(316,1,0,0)
w(317,1,0,0)
w(318,1,0,0)
w(319,1,0,0)
w(320,1,0,0)
w(321,1,0,0)
w(322,1,0,0)
w(323,1,0,0)
w(324,1,0,0)
w(325,1,0,0)
w(326,1,0,0)
w(327,1,0,0)
w(328,1,0,0)
w(329,1,0,0)
w(330,1,0,0)
w(331,1,0,0)
w(332,1,0,0)
w(333,1,0,0)
w(334,1,0,0)
w(335,1,0,0)
w(336,1,0,0)
w(337,1,0,0)
w(338,1,0,0)
w(339,1,0,0)
w(340,1,0,0)
w(341,1,0,0)
w(342,1,0,0)
w(343,1,0,0)
w(344,1,0,0)
w(345,1,0,0)
w(346,1,0,0)
w(347,1,0,0)
w(348,1,0,0)
w(349,1,0,0)
w(350,1,0,0)
w(351,1,0,0)
w(352,1,0,0)
w(353,1,0,0)
w(354,1,0,0)
w(355,1,0,0)
w(356,1,0,0)
w(357,1,0,0)
w(358,1,0,0)
w(359,1,0,0)
w(360,1,0,0)
w(361,1,0,0)
w(362,1,0,0)
w(363,1,0,0)
w(364,1,0,0)
w(365,1,0,0)
w(366,1,0,0)
w(367,1,0,0)
w(368,1,0,0)
w(369,1,0,0)
w(370,1,0,0)
w(371,1,0,0)
w(372,1,0,0)
w(373,1,0,0)
w(374,1,0,0)
w(375,1,0,0)
w(376,1,0,0)
w(377,1,0,0)
w(378,1,0,0)
w(379,1,0,0)
w(380,1,0,0)
w(381,1,0,0)
w(382,1,0,0)
w(383,1,0,0)
w(384,1,0,0)
w(385,1,0,0)
w(386,1,0,0)
w(387,1,0,0)
w(388,1,0,0)
w(389,1,0,0)
w(390,1,0,0)
w(391,1,0,0)
w(392,1,0,0)
w(393,1,0,0)
w(394,1,0,0)
w(395,1,0,0)
w(396,1,0,0)
w(397,1,0,0)
w(398,1,0,0)
w(399,1,0,0)
w(400,1,0,0)
w(401,1,0,0)
w(402,1,0,0)
w(403,1,0,0)
w(404,1,0,0)
w(405,1,0,0)
w(406,1,0,0)
w(407,1,0,0)
w(408,1,0,0)
w(409,1,0,0)
w(410,1,0,0)
w(411,1,0,0)
w(412,1,0,0)
w(413,1,0,0)
w(414,1,0,0)
w(415,1,0,0)
w(416,1,0,0)
w(417,1,0,0)
w(418,1,0,0)
w(419,1,0,0)
w(420,1,0,0)
w(421,1,0,0)
w(422,1,0,0)
w(423,1,0,0)
w(424,1,0,0)
w(425,1,0,0)
w(426,1,0,0)
w(427,1,0,0)
w(428,1,0,0)
w(429,1,0,0)
w(430,1,0,0)
w(431,1,0,0)
w(432,1,0,0)
w(433,1,0,0)
w(434,1,0,0)
w(435,1,0,0)
w(436,1,0,0)
w(437,1,0,0)
w(438,1,0,0)
w(439,1,0,0)
w(440,1,0,0)
w(441,1,0,0)
w(442,1,0,0)
w(443,1,0,0)
w(444,1,0,0)
w(445,1,0,0)
w(446,1,0,0)
w(447,1,0,0)
w(448,1,0,0)
w(449,1,0,0)
w(450,1,0,0)
w(451,1,0,0)
w(452,1,0,0)
w(453,1,0,0)
w(454,1,0,0)
w(455,1,0,0)
w(456,1,0,0)
w(457,1,0,0)
w(458,1,0,0)
w(459,1,0,0)
w(460,1,0,0)
w(461,1,0,0)
w(462,1,0,0)
w(463,1,0,0)
w(464,1,0,0)
w(465,1,0,0)
w(466,1,0,0)
w(467,1,0,0)
w(468,1,0,0)
w(469,1,0,0)
w(470,1,0,0)
w(471,1,0,0)
w(472,1,0,0)
w(473,1,0,0)
w(474,1,0,0)
w(475,1,0,0)
w(476,1,0,0)
w(477,1,0,0)
w(478,1,0,0)
w(479,1,0,0)
w(480,1,0,0)
w(481,1,0,0)
w(482,1,0,0)
w(483,1,0,0)
w(484,1,0,0)
w(485,1,0,0)
w(486,1,0,0)
w(487,1,0,0)
w(488,1,0,0)
w(489,1,0,0)
w(490,1,0,0)
w(491,1,0,0)
w(492,1,0,0)
w(493,1,0,0)
w(494,1,0,0)
w(495,1,0,0)
w(496,1,0,0)
w(497,1,0,0)
w(498,1,0,0)
w(499,1,0,0)
w(500,1,0,0)
w(501,1,0,0)
w(502,1,0,0)
w(503,1,0,0)
w(504,1,0,0)
w(505,1,0,0)
w(506,1,0,0)
w(507,1,0,0)
w(508,1,0,0)
w(509,1,0,0)
w(510,1,0,0)
w(511,1,0,0)
w(512,1,0,0)
w(513,1,0,0)
w(514,1,0,0)
w(515,1,0,0)
w(516,1,0,0)
w(517,1,0,0)
w(518,1,0,0)
w(519,1,0,0)
w(520,1,0,0)
w(521,1,0,0)
w(522,1,0,0)
w(523,1,0,0)
w(524,1,0,0)
w(525,1,0,0)
w(526,1,0,0)
w(527,1,0,0)
w(528,1,0,0)
w(529,1,0,0)
w(530,1,0,0)
w(531,1,0,0)
w(532,1,0,0)
w(533,1,0,0)
w(534,1,0,0)
w(535,1,0,0)
w(536,1,0,0)
w(537,1,0,0)
w(538,1,0,0)
w(539,1,0,0)
w(540,1,0,0)
w(34,2,1,1)
w(51,2,1,1)
r(29,1,1,1)
r(8,1,1,1)
w(14,2,1,1)
w(53,2,1,1)
r(499,1,1,1)
r(13,1,1,1)
r(383,1,1,1)
r(445,1,1,1)
r(153,1,1,1)
r(488,1,1,1)
w(54,2,1,1)
r(14,2,1,1)
r(417,1,1,1)
r(232,1,1,1)
w(46,2,1,1)
r(318,1,1,1)
r(276,1,1,1)
w(55,2,1,1)
r(512,1,2,2)
r(77,1,2,2)
w(115,2,2,2)
r(271,1,2,2)
r(24,1,2,2)
w(86,2,2,2)
r(163,1,2,2)
r(268,1,2,2)
w(63,2,2,2)
w(89,2,2,2)
w(85,2,2,2)
r(253,1,2,2)
w(88,2,2,2)
w(103,2,2,2)
w(98,2,2,2)
r(126,1,2,2)
w(65,2,2,2)
r(349,1,2,2)
r(7,1,2,2)
r(450,1,2,2)
w(140,2,3,3)
w(163,2,3,3)
r(51,1,3,3)
w(167,2,3,3)
r(454,1,3,3)
r(457,1,3,3)
w(155,2,3,3)
r(416,1,3,3)
w(157,2,3,3)
w(178,2,3,3)
w(130,2,3,3)
r(334,1,3,3)
w(123,2,3,3)
w(131,2,3,3)
r(494,1,3,3)
r(511,1,3,3)
w(179,2,3,3)
r(214,1,3,3)
r(333,1,3,3)
r(249,1,3,3)
r(191,1,4,4)
w(203,2,4,4)
r(368,1,4,4)
w(230,2,4,4)
w(226,2,4,4)
w(222,2,4,4)
w(234,2,4,4)
r(467,1,4,4)
w(238,2,4,4)
r(125,1,4,4)
r(120,1,4,4)
w(198,2,4,4)
r(67,1,4,4)
r(235,1,4,4)
r(15,1,4,4)
r(488,1,4,4)
w(206,2,4,4)
r(346,1,4,4)
w(192,2,4,4)
r(170,1,4,4)
r(260,1,5,5)
r(223,1,5,5)
r(391,1,5,5)
r(265,1,5,5)
r(412,1,5,5)
r(195,1,5,5)
w(256,2,5,5)
r(534,1,5,5)
r(56,1,5,5)
w(274,2,5,5)
w(290,2,5,5)
r(22,1,5,5)
r(38,1,5,5)
w(286,2,5,5)
w(267,2,5,5)
r(134,1,5,5)
w(290,3,5,5)
r(66,1,5,5)
w(261,2,5,5)
r(409,1,5,5)
r(464,1,6,6)
w(305,2,6,6)
w(349,2,6,6)
w(301,2,6,6)
w(355,2,6,6)
r(467,1,6,6)
r(99,1,6,6)
r(410,1,6,6)
w(307,2,6,6)
r(243,1,6,6)
w(340,2,6,6)
w(333,2,6,6)
w(304,2,6,6)
w(360,2,6,6)
w(313,2,6,6)
w(356,2,6,6)
w(358,2,6,6)
r(517,1,6,6)
r(531,1,6,6)
w(345,2,6,6)
r(392,1,7,7)
r(157,1,7,7)
w(369,2,7,7)
w(386,2,7,7)
r(396,1,7,7)
w(387,2,7,7)
r(49,1,7,7)
w(382,2,7,7)
w(370,2,7,7)
r(502,1,7,7)
w(363,2,7,7)
w(417,2,7,7)
w(367,2,7,7)
w(417,3,7,7)
r(103,1,7,7)
r(356,1,7,7)
w(370,3,7,7)
w(379,2,7,7)
r(311,1,7,7)
r(40,1,7,7)
r(261,1,8,8)
r(434,1,8,8)
r(225,1,8,8)
w(476,2,8,8)
w(421,2,8,8)
r(67,1,8,8)
r(224,1,8,8)
r(305,1,8,8)
w(424,2,8,8)
w(444,2,8,8)
r(528,1,8,8)
r(461,1,8,8)
r(108,1,8,8)
w(462,2,8,8)
r(47,1,8,8)
w(478,2,8,8)
r(450,1,8,8)
w(440,2,8,8)
r(489,1,8,8)
w(478,3,8,8)
w(538,2,9,9)
r(256,1,9,9)
r(512,1,9,9)
w(519,2,9,9)
w(499,2,9,9)
r(437,1,9,9)
r(507,1,9,9)
r(472,1,9,9)
r(461,1,9,9)
w(488,2,9,9)
w(535,2,9,9)
w(536,2,9,9)
w(494,2,9,9)
w(500,2,9,9)
w(529,2,9,9)
r(487,1,9,9)
w(499,3,9,9)
r(501,1,9,9)
w(538,3,9,9)
w(491,2,9,9)
w(18,2,1,10)
w(58,2,1,10)
r(325,1,1,10)
r(183,1,1,10)
r(329,1,1,10)
w(48,2,1,10)
r(512,1,1,10)
r(326,1,1,10)
w(8,2,1,10)
r(469,1,1,10)
w(16,2,1,10)
r(248,1,1,10)
w(46,3,1,10)
r(82,1,1,10)
r(1,1,1,10)
w(8,3,1,10)
w(53,3,1,10)
w(42,2,1,10)
w(14,3,1,10)
w(6,2,1,10)
r(237,1,2,11)
r(47,1,2,11)
r(161,1,2,11)
w(119,2,2,11)
r(300,1,2,11)
w(120,2,2,11)
w(108,2,2,11)
r(478,3,2,11)
r(216,1,2,11)
r(148,1,2,11)
r(149,1,2,11)
w(100,2,2,11)
w(108,3,2,11)
r(288,1,2,11)
r(499,1,2,11)
w(64,2,2,11)
r(47,1,2,11)
w(108,4,2,11)
r(429,1,2,11)
r(247,1,2,11)
w(133,2,3,12)
r(354,1,3,12)
w(145,2,3,12)
w(126,2,3,12)
r(511,1,3,12)
r(427,1,3,12)
w(136,2,3,12)
w(159,2,3,12)
r(196,1,3,12)
r(199,1,3,12)
w(130,3,3,12)
r(22,1,3,12)
w(131,3,3,12)
r(445,1,3,12)
w(160,2,3,12)
r(30,1,3,12)
w(138,2,3,12)
r(45,1,3,12)
r(129,1,3,12)
r(290,1,3,12)
w(202,2,4,13)
r(341,1,4,13)
w(204,2,4,13)
r(511,1,4,13)
w(206,3,4,13)
r(84,1,4,13)
r(399,1,4,13)
w(212,2,4,13)
r(396,1,4,13)
w(208,2,4,13)
w(201,2,4,13)
w(211,2,4,13)
w(200,2,4,13)
r(514,1,4,13)
w(226,3,4,13)
w(234,3,4,13)
r(406,1,4,13)
r(326,1,4,13)
w(222,3,4,13)
r(448,1,4,13)
w(278,2,5,14)
w(267,3,5,14)
w(295,2,5,14)
w(268,2,5,14)
r(180,1,5,14)
w(267,4,5,14)
r(71,1,5,14)
r(373,1,5,14)
r(321,1,5,14)
r(104,1,5,14)
w(255,2,5,14)
w(294,2,5,14)
w(280,2,5,14)
w(257,2,5,14)
w(284,2,5,14)
r(340,1,5,14)
w(266,2,5,14)
w(254,2,5,14)
w(296,2,5,14)
r(76,1,5,14)
r(166,1,6,15)
r(475,1,6,15)
w(358,3,6,15)
w(309,2,6,15)
w(335,2,6,15)
w(359,2,6,15)
r(168,1,6,15)
w(322,2,6,15)
w(343,2,6,15)
r(414,1,6,15)
r(84,1,6,15)
r(68,1,6,15)
r(238,1,6,15)
w(315,2,6,15)
r(218,1,6,15)
r(175,1,6,15)
w(360,3,6,15)
w(308,2,6,15)
w(339,2,6,15)
w(320,2,6,15)
w(388,2,7,16)
r(123,1,7,16)
w(415,2,7,16)
w(396,2,7,16)
r(311,1,7,16)
r(261,1,7,16)
w(395,2,7,16)
r(23,1,7,16)
r(311,1,7,16)
w(396,3,7,16)
w(384,2,7,16)
r(333,1,7,16)
w(400,2,7,16)
w(398,2,7,16)
r(245,1,7,16)
r(123,1,7,16)
r(422,1,7,16)
r(313,1,7,16)
r(200,2,7,16)
w(366,2,7,16)
w(440,3,8,17)
w(436,2,8,17)
r(44,1,8,17)
w(473,2,8,17)
w(464,2,8,17)
r(107,1,8,17)
w(435,2,8,17)
r(211,1,8,17)
r(354,1,8,17)
r(267,2,8,17)
w(427,2,8,17)
r(340,1,8,17)
r(508,1,8,17)
w(467,2,8,17)
r(288,1,8,17)
w(462,3,8,17)
r(123,1,8,17)
r(195,1,8,17)
w(454,2,8,17)
w(466,2,8,17)
w(494,3,9,18)
w(481,2,9,18)
r(459,1,9,18)
w(497,2,9,18)
w(503,2,9,18)
r(378,1,9,18)
w(508,2,9,18)
w(539,2,9,18)
r(52,1,9,18)
r(283,1,9,18)
w(487,2,9,18)
w(529,3,9,18)
w(540,2,9,18)
w(528,2,9,18)
r(386,1,9,18)
r(481,2,9,18)
r(154,1,9,18)
w(520,2,9,18)
r(203,1,9,18)
r(216,1,9,18)
w(1,2,1,19)
w(56,2,1,19)
r(399,1,1,19)
w(13,2,1,19)
r(284,1,1,19)
r(408,1,1,19)
w(3,2,1,19)
r(434,1,1,19)
r(98,1,1,19)
r(417,3,1,19)
w(30,2,1,19)
r(4,1,1,19)
r(513,1,1,19)
w(38,2,1,19)
r(443,1,1,19)
w(3,3,1,19)
w(57,2,1,19)
r(499,1,1,19)
r(324,1,1,19)
r(419,1,1,19)
w(94,2,2,20)
w(93,2,2,20)
r(386,1,2,20)
r(428,1,2,20)
r(96,1,2,20)
r(128,1,2,20)
w(70,2,2,20)
r(19,1,2,20)
w(117,2,2,20)
w(86,3,2,20)
w(83,2,2,20)
w(82,2,2,20)
w(63,3,2,20)
r(230,1,2,20)
w(99,2,2,20)
r(111,1,2,20)
w(68,2,2,20)
r(44,1,2,20)
w(120,3,2,20)
r(328,1,2,20)
r(201,1,3,21)
w(176,2,3,21)
r(490,1,3,21)
r(499,3,3,21)
r(518,1,3,21)
w(180,2,3,21)
w(164,2,3,21)
w(129,2,3,21)
r(478,1,3,21)
r(55,1,3,21)
w(134,2,3,21)
w(127,2,3,21)
r(68,1,3,21)
r(65,1,3,21)
w(136,3,3,21)
w(124,2,3,21)
r(363,1,3,21)
r(279,1,3,21)
w(130,4,3,21)
w(159,3,3,21)
r(187,1,4,22)
w(232,2,4,22)
w(223,2,4,22)
w(213,2,4,22)
r(402,1,4,22)
r(421,1,4,22)
r(246,1,4,22)
w(181,2,4,22)
w(205,2,4,22)
r(154,1,4,22)
w(191,2,4,22)
r(501,1,4,22)
r(181,2,4,22)
r(362,1,4,22)
w(192,3,4,22)
w(222,4,4,22)
r(323,1,4,22)
r(66,1,4,22)
r(496,1,4,22)
w(196,2,4,22)
r(272,1,5,23)
w(257,3,5,23)
r(63,3,5,23)
w(280,3,5,23)
w(257,4,5,23)
w(295,3,5,23)
r(447,1,5,23)
r(438,1,5,23)
r(146,1,5,23)
w(292,2,5,23)
w(259,2,5,23)
r(22,1,5,23)
w(292,3,5,23)
r(65,2,5,23)
w(247,2,5,23)
r(24,1,5,23)
w(258,2,5,23)
r(539,1,5,23)
r(200,1,5,23)
w(257,5,5,23)
r(118,1,6,24)
w(301,3,6,24)
r(42,1,6,24)
r(88,1,6,24)
r(128,1,6,24)
r(106,1,6,24)
r(291,1,6,24)
w(343,3,6,24)
w(314,2,6,24)
r(540,2,6,24)
w(357,2,6,24)
w(313,3,6,24)
r(202,1,6,24)
r(148,1,6,24)
w(302,2,6,24)
w(360,4,6,24)
w(314,3,6,24)
r(431,1,6,24)
r(4,1,6,24)
r(362,1,6,24)
r(434,1,7,25)
w(413,2,7,25)
r(466,1,7,25)
r(128,1,7,25)
w(364,2,7,25)
w(368,2,7,25)
w(405,2,7,25)
w(365,2,7,25)
r(94,1,7,25)
w(396,4,7,25)
w(411,2,7,25)
r(421,1,7,25)
w(369,3,7,25)
r(523,1,7,25)
r(146,1,7,25)
r(350,1,7,25)
w(380,2,7,25)
w(410,2,7,25)
r(5,1,7,25)
w(387,3,7,25)
r(109,1,8,26)
w(424,3,8,26)
r(27,1,8,26)
r(359,1,8,26)
r(426,1,8,26)
w(467,3,8,26)
r(139,1,8,26)
r(393,1,8,26)
r(224,1,8,26)
r(467,3,8,26)
w(476,3,8,26)
w(437,2,8,26)
w(452,2,8,26)
w(474,2,8,26)
r(184,1,8,26)
r(36,1,8,26)
w(453,2,8,26)
w(460,2,8,26)
r(268,2,8,26)
w(453,3,8,26)
w(517,2,9,27)
r(374,1,9,27)
r(391,1,9,27)
r(197,1,9,27)
r(369,1,9,27)
w(539,3,9,27)
w(532,2,9,27)
w(482,2,9,27)
r(130,3,9,27)
w(509,2,9,27)
w(488,3,9,27)
r(39,1,9,27)
w(532,3,9,27)
r(158,1,9,27)
r(40,1,9,27)
r(514,1,9,27)
w(502,2,9,27)
r(210,1,9,27)
r(497,2,9,27)
w(482,3,9,27)
r(439,1,1,28)
r(180,1,1,28)
w(19,2,1,28)
w(14,4,1,28)
r(293,1,1,28)
r(348,1,1,28)
r(176,1,1,28)
w(48,3,1,28)
r(216,1,1,28)
r(49,1,1,28)
w(59,2,1,28)
w(10,2,1,28)
w(44,2,1,28)
r(123,1,1,28)
w(21,2,1,28)
r(469,1,1,28)
w(37,2,1,28)
w(42,3,1,28)
r(263,1,1,28)
r(145,1,1,28)
r(523,1,2,29)
r(117,2,2,29)
r(497,1,2,29)
w(113,2,2,29)
r(147,1,2,29)
r(484,1,2,29)
r(322,1,2,29)
r(17,1,2,29)
w(116,2,2,29)
r(204,1,2,29)
w(115,3,2,29)
w(73,2,2,29)
w(85,3,2,29)
w(110,2,2,29)
r(532,1,2,29)
r(73,2,2,29)
w(80,2,2,29)
r(425,1,2,29)
r(117,2,2,29)
r(10,1,2,29)
r(450,1,3,30)
w(161,2,3,30)
w(141,2,3,30)
w(173,2,3,30)
r(86,1,3,30)
w(169,2,3,30)
r(26,1,3,30)
r(515,1,3,30)
w(136,4,3,30)
w(129,3,3,30)
r(126,2,3,30)
w(139,2,3,30)
r(464,1,3,30)
w(126,3,3,30)
r(355,2,3,30)
w(132,2,3,30)
r(154,1,3,30)
w(171,2,3,30)
w(131,4,3,30)
w(180,3,3,30)
r(314,1,4,31)
w(185,2,4,31)
w(212,3,4,31)
r(12,1,4,31)
r(445,1,4,31)
w(217,2,4,31)
r(24,1,4,31)
r(45,1,4,31)
w(209,2,4,31)
r(423,1,4,31)
r(508,1,4,31)
w(224,2,4,31)
w(232,3,4,31)
w(226,4,4,31)
r(401,1,4,31)
r(240,1,4,31)
r(323,1,4,31)
r(124,1,4,31)
r(503,1,4,31)
w(196,3,4,31)
w(243,2,5,32)
r(515,1,5,32)
r(182,1,5,32)
r(520,1,5,32)
w(281,2,5,32)
w(289,2,5,32)
w(299,2,5,32)
w(292,4,5,32)
r(338,1,5,32)
r(65,2,5,32)
w(260,2,5,32)
w(262,2,5,32)
w(274,3,5,32)
w(254,3,5,32)
w(282,2,5,32)
r(410,1,5,32)
w(284,3,5,32)
w(261,3,5,32)
w(265,2,5,32)
w(249,2,5,32)
w(329,2,6,33)
r(314,3,6,33)
r(163,2,6,33)
w(331,2,6,33)
r(489,1,6,33)
r(135,1,6,33)
r(10,1,6,33)
w(301,4,6,33)
r(232,1,6,33)
r(119,1,6,33)
r(381,1,6,33)
w(345,3,6,33)
r(205,1,6,33)
w(345,4,6,33)
w(352,2,6,33)
r(363,1,6,33)
w(310,2,6,33)
r(397,1,6,33)
r(205,1,6,33)
w(358,4,6,33)
w(384,3,7,34)
r(94,1,7,34)
r(481,1,7,34)
r(139,1,7,34)
r(376,1,7,34)
r(83,1,7,34)
r(472,1,7,34)
r(356,1,7,34)
w(415,3,7,34)
r(286,1,7,34)
r(22,1,7,34)
w(364,3,7,34)
r(455,1,7,34)
r(448,1,7,34)
w(397,2,7,34)
r(310,1,7,34)
r(30,2,7,34)
w(381,2,7,34)
w(394,2,7,34)
w(386,3,7,34)
r(329,1,8,35)
r(4,1,8,35)
w(442,2,8,35)
w(469,2,8,35)
w(429,2,8,35)
w(433,2,8,35)
r(311,1,8,35)
w(478,4,8,35)
r(288,1,8,35)
w(441,2,8,35)
w(460,3,8,35)
w(470,2,8,35)
r(146,1,8,35)
r(117,2,8,35)
w(423,2,8,35)
w(453,4,8,35)
r(105,1,8,35)
r(40,1,8,35)
w(442,3,8,35)
r(28,1,8,35)
w(493,2,9,36)
r(336,1,9,36)
w(497,3,9,36)
w(521,2,9,36)
w(525,2,9,36)
w(517,3,9,36)
r(386,1,9,36)
r(238,1,9,36)
w(529,4,9,36)
w(488,4,9,36)
w(527,2,9,36)
w(500,3,9,36)
r(174,1,9,36)
r(121,1,9,36)
w(524,2,9,36)
w(507,2,9,36)
r(506,1,9,36)
r(244,1,9,36)
w(511,2,9,36)
w(493,3,9,36)
w(11,2,1,37)
w(4,2,1,37)
w(59,3,1,37)
r(497,1,1,37)
w(6,3,1,37)
r(443,1,1,37)
w(55,3,1,37)
w(37,3,1,37)
r(457,1,1,37)
r(195,2,1,37)
w(7,2,1,37)
r(103,1,1,37)
r(227,1,1,37)
r(228,2,1,37)
w(59,4,1,37)
r(244,1,1,37)
r(349,1,1,37)
w(36,2,1,37)
w(20,2,1,37)
w(5,2,1,37)
w(115,4,2,38)
w(100,3,2,38)
r(479,1,2,38)
r(101,1,2,38)
w(115,5,2,38)
r(392,1,2,38)
r(210,1,2,38)
w(87,2,2,38)
r(490,1,2,38)
r(206,1,2,38)
r(368,1,2,38)
w(114,2,2,38)
w(96,2,2,38)
w(88,3,2,38)
r(287,1,2,38)
w(71,2,2,38)
w(90,2,2,38)
r(440,3,2,38)
w(114,3,2,38)
r(326,1,2,38)
r(330,1,3,39)
w(167,3,3,39)
r(497,3,3,39)
r(86,1,3,39)
w(174,2,3,39)
r(535,2,3,39)
w(159,4,3,39)
r(529,4,3,39)
r(468,1,3,39)
w(125,2,3,39)
r(446,1,3,39)
r(371,1,3,39)
w(133,3,3,39)
r(492,1,3,39)
w(175,2,3,39)
r(527,2,3,39)
r(512,1,3,39)
w(131,5,3,39)
r(85,1,3,39)
w(124,3,3,39)
r(181,2,4,40)
r(469,1,4,40)
r(304,1,4,40)
r(539,1,4,40)
w(193,2,4,40)
w(232,4,4,40)
w(226,5,4,40)
r(529,1,4,40)
w(195,2,4,40)
r(254,1,4,40)
w(228,2,4,40)
r(424,1,4,40)
r(169,1,4,40)
r(92,1,4,40)
w(205,3,4,40)
w(237,2,4,40)
r(199,1,4,40)
w(216,2,4,40)
r(306,1,4,40)
r(85,1,4,40)
w(266,3,5,41)
w(263,2,5,41)
w(286,3,5,41)
w(281,3,5,41)
r(285,1,5,41)
w(265,3,5,41)
r(290,3,5,41)
w(284,4,5,41)
r(393,1,5,41)
w(282,3,5,41)
r(247,2,5,41)
r(133,1,5,41)
w(278,3,5,41)
w(250,2,5,41)
w(280,4,5,41)
r(468,1,5,41)
r(446,1,5,41)
w(245,2,5,41)
w(249,3,5,41)
r(274,3,5,41)
r(487,2,6,42)
r(25,1,6,42)
w(339,3,6,42)
w(336,2,6,42)
w(332,2,6,42)
w(304,3,6,42)
r(225,1,6,42)
w(327,2,6,42)
r(34,1,6,42)
r(223,1,6,42)
r(169,2,6,42)
w(332,3,6,42)
w(350,2,6,42)
r(432,1,6,42)
w(340,3,6,42)
w(306,2,6,42)
r(252,1,6,42)
w(316,2,6,42)
r(268,1,6,42)
r(387,1,6,42)
w(418,2,7,43)
r(172,1,7,43)
w(387,4,7,43)
w(400,3,7,43)
w(369,4,7,43)
r(79,1,7,43)
w(418,3,7,43)
r(282,1,7,43)
w(392,2,7,43)
r(34,2,7,43)
r(314,1,7,43)
r(277,1,7,43)
r(427,1,7,43)
w(407,2,7,43)
r(120,1,7,43)
w(410,3,7,43)
w(391,2,7,43)
r(299,1,7,43)
w(398,3,7,43)
r(507,1,7,43)
w(424,4,8,44)
r(361,1,8,44)
w(476,4,8,44)
r(176,1,8,44)
w(444,3,8,44)
r(134,1,8,44)
w(467,4,8,44)
w(433,3,8,44)
r(244,1,8,44)
w(464,3,8,44)
w(426,2,8,44)
r(507,1,8,44)
r(34,1,8,44)
w(432,2,8,44)
r(267,4,8,44)
r(116,2,8,44)
r(177,1,8,44)
r(227,1,8,44)
w(424,5,8,44)
w(462,4,8,44)
r(429,1,9,45)
w(507,3,9,45)
r(323,1,9,45)
w(525,3,9,45)
r(125,1,9,45)
w(535,3,9,45)
r(532,3,9,45)
r(509,2,9,45)
r(354,1,9,45)
r(89,1,9,45)
r(326,1,9,45)
w(499,4,9,45)
r(472,1,9,45)
r(348,1,9,45)
w(494,4,9,45)
r(181,1,9,45)
r(521,2,9,45)
r(323,1,9,45)
r(384,1,9,45)
w(485,2,9,45)
w(40,2,1,46)
w(56,3,1,46)
r(444,1,1,46)
r(44,2,1,46)
r(146,1,1,46)
w(46,4,1,46)
w(53,4,1,46)
r(102,1,1,46)
w(21,3,1,46)
w(52,2,1,46)
w(12,2,1,46)
r(465,1,1,46)
w(2,2,1,46)
w(41,2,1,46)
r(106,1,1,46)
w(60,2,1,46)
r(98,1,1,46)
w(4,3,1,46)
r(135,1,1,46)
r(520,1,1,46)
w(119,3,2,47)
r(454,2,2,47)
r(243,2,2,47)
w(105,2,2,47)
r(218,1,2,47)
r(119,3,2,47)
w(114,4,2,47)
r(438,1,2,47)
r(164,1,2,47)
r(517,1,2,47)
r(489,1,2,47)
w(89,3,2,47)
w(100,4,2,47)
w(70,3,2,47)
w(103,3,2,47)
r(180,1,2,47)
w(66,2,2,47)
r(113,2,2,47)
w(119,4,2,47)
w(93,3,2,47)
r(304,4,3,48)
w(169,3,3,48)
w(139,3,3,48)
w(124,4,3,48)
r(24,1,3,48)
r(126,3,3,48)
r(12,1,3,48)
w(161,3,3,48)
r(378,1,3,48)
w(136,5,3,48)
r(489,2,3,48)
w(158,2,3,48)
w(179,3,3,48)
w(136,6,3,48)
w(158,3,3,48)
w(175,3,3,48)
w(146,2,3,48)
w(130,5,3,48)
w(164,3,3,48)
w(136,7,3,48)
w(192,4,4,49)
r(218,1,4,49)
r(460,1,4,49)
w(218,2,4,49)
w(209,3,4,49)
w(194,2,4,49)
r(116,1,4,49)
r(43,1,4,49)
r(43,1,4,49)
w(187,2,4,49)
r(148,1,4,49)
w(214,2,4,49)
w(230,3,4,49)
r(188,1,4,49)
r(500,1,4,49)
r(39,1,4,49)
r(261,1,4,49)
w(200,3,4,49)
w(240,2,4,49)
r(519,1,4,49)
r(331,1,5,50)
r(23,1,5,50)
r(290,3,5,50)
w(261,4,5,50)
w(268,3,5,50)
r(362,1,5,50)
r(532,1,5,50)
r(43,1,5,50)
w(248,2,5,50)
r(344,1,5,50)
r(128,1,5,50)
w(276,2,5,50)
w(297,2,5,50)
w(250,3,5,50)
r(449,1,5,50)
w(264,2,5,50)
r(393,1,5,50)
w(299,3,5,50)
r(250,3,5,50)
w(300,2,5,50)
r(59,1,6,51)
r(425,1,6,51)
w(329,3,6,51)
r(402,1,6,51)
w(335,3,6,51)
w(357,3,6,51)
w(322,3,6,51)
w(358,5,6,51)
w(347,2,6,51)
r(373,1,6,51)
w(351,2,6,51)
r(130,4,6,51)
w(318,2,6,51)
r(128,1,6,51)
r(477,1,6,51)
r(350,2,6,51)
r(317,1,6,51)
r(386,1,6,51)
r(134,2,6,51)
r(94,1,6,51)
r(181,2,7,52)
w(381,3,7,52)
r(116,1,7,52)
r(170,1,7,52)
r(425,1,7,52)
w(364,4,7,52)
w(414,2,7,52)
r(188,1,7,52)
w(362,2,7,52)
w(386,4,7,52)
r(429,1,7,52)
w(407,3,7,52)
r(144,1,7,52)
r(228,2,7,52)
w(395,3,7,52)
r(488,1,7,52)
r(202,2,7,52)
w(373,2,7,52)
w(375,2,7,52)
w(404,2,7,52)
r(33,1,8,53)
w(459,2,8,53)
r(362,1,8,53)
r(326,1,8,53)
w(421,3,8,53)
r(88,4,8,53)
w(443,2,8,53)
r(44,1,8,53)
r(44,1,8,53)
w(463,2,8,53)
w(444,4,8,53)
w(480,2,8,53)
w(469,3,8,53)
w(429,3,8,53)
r(40,1,8,53)
w(437,3,8,53)
r(180,1,8,53)
r(431,1,8,53)
r(71,2,8,53)
r(268,3,8,53)
w(484,2,9,54)
w(508,3,9,54)
r(291,1,9,54)
r(215,1,9,54)
w(494,5,9,54)
w(489,2,9,54)
r(184,1,9,54)
w(537,2,9,54)
r(314,3,9,54)
r(46,1,9,54)
w(500,4,9,54)
w(510,2,9,54)
w(493,4,9,54)
w(523,2,9,54)
w(503,3,9,54)
r(425,1,9,54)
r(528,2,9,54)
w(487,3,9,54)
w(531,2,9,54)
w(514,2,9,54)
w(13,3,1,55)
r(26,1,1,55)
r(173,1,1,55)
r(124,1,1,55)
r(356,1,1,55)
r(90,1,1,55)
r(376,1,1,55)
w(8,4,1,55)
r(105,1,1,55)
w(11,3,1,55)
w(55,4,1,55)
w(41,3,1,55)
r(299,1,1,55)
w(34,3,1,55)
r(451,1,1,55)
w(43,2,1,55)
w(39,2,1,55)
r(15,1,1,55)
r(416,1,1,55)
w(21,4,1,55)
r(375,1,2,56)
r(507,1,2,56)
r(420,1,2,56)
r(478,4,2,56)
w(112,2,2,56)
r(429,2,2,56)
r(462,4,2,56)
w(119,5,2,56)
w(92,2,2,56)
w(75,2,2,56)
w(94,3,2,56)
w(119,6,2,56)
w(112,3,2,56)
w(65,3,2,56)
w(88,4,2,56)
w(113,3,2,56)
w(92,3,2,56)
r(534,1,2,56)
w(93,4,2,56)
w(64,3,2,56)
w(162,2,3,57)
r(81,1,3,57)
r(419,1,3,57)
r(336,3,3,57)
w(162,3,3,57)
w(137,2,3,57)
w(153,2,3,57)
r(295,1,3,57)
r(526,1,3,57)
w(147,2,3,57)
r(271,1,3,57)
w(162,4,3,57)
w(162,5,3,57)
w(130,6,3,57)
r(475,1,3,57)
r(280,1,3,57)
w(179,4,3,57)
r(122,1,3,57)
w(174,3,3,57)
w(143,2,3,57)
r(282,1,4,58)
w(227,2,4,58)
r(110,1,4,58)
r(232,4,4,58)
r(422,1,4,58)
w(201,3,4,58)
r(215,1,4,58)
r(371,1,4,58)
w(220,2,4,58)
w(201,4,4,58)
r(420,1,4,58)
w(210,2,4,58)
w(218,3,4,58)
r(254,1,4,58)
r(478,1,4,58)
w(231,2,4,58)
w(207,2,4,58)
w(210,3,4,58)
w(232,5,4,58)
r(77,1,4,58)
w(265,4,5,59)
w(254,4,5,59)
w(244,2,5,59)
w(255,3,5,59)
r(104,1,5,59)
w(259,3,5,59)
r(231,1,5,59)
w(273,2,5,59)
r(517,1,5,59)
r(261,4,5,59)
r(411,1,5,59)
w(272,2,5,59)
w(273,3,5,59)
r(75,2,5,59)
w(266,4,5,59)
w(254,5,5,59)
r(129,1,5,59)
r(276,2,5,59)
r(333,1,5,59)
w(259,4,5,59)
w(347,3,6,60)
w(328,2,6,60)
w(304,4,6,60)
r(180,3,6,60)
r(448,1,6,60)
w(343,4,6,60)
r(171,2,6,60)
r(498,1,6,60)
w(308,3,6,60)
w(305,3,6,60)
w(334,2,6,60)
r(516,1,6,60)
w(348,2,6,60)
r(238,1,6,60)
w(356,3,6,60)
r(76,1,6,60)
r(460,1,6,60)
r(373,1,6,60)
r(502,2,6,60)
r(74,1,6,60)
w(386,5,7,61)
w(417,4,7,61)
w(369,5,7,61)
w(363,3,7,61)
w(363,4,7,61)
w(374,2,7,61)
w(406,2,7,61)
r(403,1,7,61)
r(109,1,7,61)
w(381,4,7,61)
r(41,2,7,61)
w(367,3,7,61)
r(192,4,7,61)
r(140,1,7,61)
w(380,3,7,61)
r(26,1,7,61)
w(406,3,7,61)
r(369,5,7,61)
w(375,3,7,61)
r(10,2,7,61)
w(439,2,8,62)
w(425,2,8,62)
w(458,2,8,62)
w(464,4,8,62)
r(207,1,8,62)
w(445,2,8,62)
w(446,2,8,62)
r(293,1,8,62)
r(520,1,8,62)
w(433,4,8,62)
w(464,5,8,62)
w(459,3,8,62)
w(460,4,8,62)
r(120,3,8,62)
r(99,2,8,62)
r(500,1,8,62)
r(323,1,8,62)
r(362,1,8,62)
w(439,3,8,62)
w(431,2,8,62)
r(439,1,9,63)
w(488,5,9,63)
r(193,1,9,63)
r(381,1,9,63)
r(255,1,9,63)
w(522,2,9,63)
r(18,1,9,63)
r(467,1,9,63)
r(468,1,9,63)
r(117,1,9,63)
r(264,1,9,63)
r(198,1,9,63)
r(399,1,9,63)
w(481,3,9,63)
w(481,4,9,63)
r(99,1,9,63)
r(55,1,9,63)
r(327,2,9,63)
r(55,1,9,63)
w(519,3,9,63)
r(529,1,1,64)
w(25,2,1,64)
w(26,2,1,64)
r(257,1,1,64)
r(102,1,1,64)
w(57,3,1,64)
w(29,2,1,64)
r(15,1,1,64)
r(215,2,1,64)
w(15,2,1,64)
r(439,1,1,64)
r(180,1,1,64)
r(539,1,1,64)
w(34,4,1,64)
w(56,4,1,64)
r(446,1,1,64)
w(5,3,1,64)
r(26,2,1,64)
w(57,4,1,64)
r(106,1,1,64)
r(402,1,2,65)
w(107,2,2,65)
w(89,4,2,65)
w(66,3,2,65)
r(522,1,2,65)
w(119,7,2,65)
r(469,3,2,65)
r(150,1,2,65)
r(131,1,2,65)
w(91,2,2,65)
r(98,2,2,65)
r(425,1,2,65)
r(33,1,2,65)
w(80,3,2,65)
w(103,4,2,65)
r(496,1,2,65)
w(87,3,2,65)
r(521,1,2,65)
r(121,1,2,65)
r(126,1,2,65)
r(350,3,3,66)
r(343,4,3,66)
w(143,3,3,66)
w(180,4,3,66)
r(118,1,3,66)
r(470,1,3,66)
r(184,1,3,66)
r(290,1,3,66)
r(65,1,3,66)
r(338,1,3,66)
w(126,4,3,66)
w(156,2,3,66)
r(481,4,3,66)
w(127,3,3,66)
w(173,3,3,66)
r(141,2,3,66)
w(131,6,3,66)
r(103,1,3,66)
r(435,1,3,66)
w(140,3,3,66)
r(73,1,4,67)
w(194,3,4,67)
r(74,1,4,67)
r(521,1,4,67)
r(171,1,4,67)
r(328,1,4,67)
r(168,1,4,67)
r(343,1,4,67)
r(508,1,4,67)
r(337,1,4,67)
r(94,1,4,67)
r(421,1,4,67)
r(290,1,4,67)
r(64,1,4,67)
w(226,6,4,67)
r(380,2,4,67)
w(191,3,4,67)
r(243,1,4,67)
r(398,3,4,67)
w(188,2,4,67)
r(338,1,5,68)
r(34,1,5,68)
w(263,3,5,68)
w(292,5,5,68)
w(260,3,5,68)
w(246,2,5,68)
w(272,3,5,68)
w(266,5,5,68)
r(105,2,5,68)
w(294,3,5,68)
w(275,2,5,68)
w(276,3,5,68)
w(270,2,5,68)
w(291,2,5,68)
r(382,1,5,68)
r(275,2,5,68)
r(421,3,5,68)
r(196,1,5,68)
w(266,6,5,68)
w(251,2,5,68)
r(143,1,6,69)
w(328,3,6,69)
w(323,2,6,69)
r(202,1,6,69)
r(400,1,6,69)
w(347,4,6,69)
r(235,1,6,69)
r(126,3,6,69)
r(391,1,6,69)
w(350,3,6,69)
r(41,1,6,69)
w(306,3,6,69)
r(90,1,6,69)
w(325,2,6,69)
r(107,1,6,69)
w(324,2,6,69)
r(310,2,6,69)
w(323,3,6,69)
r(373,1,6,69)
w(306,4,6,69)
w(383,2,7,70)
r(217,2,7,70)
r(103,1,7,70)
w(408,2,7,70)
w(389,2,7,70)
w(382,3,7,70)
r(243,1,7,70)
r(496,1,7,70)
r(511,1,7,70)
w(385,2,7,70)
r(519,1,7,70)
w(372,2,7,70)
r(375,3,7,70)
w(366,3,7,70)
r(13,2,7,70)
r(298,1,7,70)
w(368,3,7,70)
w(396,5,7,70)
w(406,4,7,70)
w(373,3,7,70)
w(440,4,8,71)
w(475,2,8,71)
r(225,1,8,71)
r(253,1,8,71)
r(124,1,8,71)
r(22,1,8,71)
w(465,2,8,71)
r(291,1,8,71)
w(445,3,8,71)
r(297,2,8,71)
w(447,2,8,71)
w(469,4,8,71)
w(459,4,8,71)
w(442,4,8,71)
w(474,3,8,71)
r(174,1,8,71)
w(477,2,8,71)
r(23,1,8,71)
w(452,3,8,71)
w(479,2,8,71)
w(482,4,9,72)
w(526,2,9,72)
r(320,2,9,72)
w(487,4,9,72)
w(493,5,9,72)
r(492,1,9,72)
w(505,2,9,72)
r(70,1,9,72)
r(425,1,9,72)
w(481,5,9,72)
r(264,1,9,72)
w(489,3,9,72)
w(499,5,9,72)
r(509,2,9,72)
r(289,1,9,72)
w(540,3,9,72)
r(480,1,9,72)
w(497,4,9,72)
w(530,2,9,72)
r(280,1,9,72)
r(227,3,1,73)
w(25,3,1,73)
r(247,1,1,73)
r(239,1,1,73)
r(138,1,1,73)
w(52,3,1,73)
r(336,1,1,73)
w(47,2,1,73)
w(1,3,1,73)
r(130,1,1,73)
r(272,1,1,73)
w(26,3,1,73)
w(44,3,1,73)
r(272,1,1,73)
w(33,2,1,73)
r(22,1,1,73)
r(125,1,1,73)
w(51,3,1,73)
r(527,1,1,73)
w(5,4,1,73)
w(76,2,2,74)
r(306,1,2,74)
w(106,2,2,74)
w(87,4,2,74)
w(64,4,2,74)
w(90,3,2,74)
r(84,1,2,74)
w(87,5,2,74)
r(140,1,2,74)
w(96,3,2,74)
r(419,1,2,74)
r(482,1,2,74)
r(472,1,2,74)
r(94,3,2,74)
w(73,3,2,74)
r(129,1,2,74)
r(100,4,2,74)
w(76,3,2,74)
r(406,1,2,74)
r(117,2,2,74)
r(362,1,3,75)
r(28,1,3,75)
r(432,1,3,75)
r(420,1,3,75)
w(168,2,3,75)
w(132,3,3,75)
r(237,1,3,75)
w(180,5,3,75)
r(235,1,3,75)
w(134,3,3,75)
w(173,4,3,75)
r(51,1,3,75)
r(332,4,3,75)
r(271,1,3,75)
r(308,3,3,75)
r(215,1,3,75)
w(129,4,3,75)
w(165,2,3,75)
w(160,3,3,75)
r(62,1,3,75)
r(513,1,4,76)
w(189,2,4,76)
r(33,1,4,76)
r(79,1,4,76)
w(181,3,4,76)
w(216,3,4,76)
w(187,3,4,76)
r(334,1,4,76)
r(272,1,4,76)
r(470,1,4,76)
w(197,2,4,76)
w(193,3,4,76)
w(230,4,4,76)
w(189,3,4,76)
r(500,1,4,76)
w(206,4,4,76)
w(205,4,4,76)
r(69,1,4,76)
r(489,1,4,76)
r(130,1,4,76)
r(383,1,5,77)
r(472,1,5,77)
r(491,1,5,77)
r(444,4,5,77)
w(260,4,5,77)
w(263,4,5,77)
w(255,4,5,77)
r(104,1,5,77)
w(284,5,5,77)
r(494,1,5,77)
w(244,3,5,77)
w(261,5,5,77)
r(436,2,5,77)
w(281,4,5,77)
r(425,2,5,77)
r(362,1,5,77)
r(96,3,5,77)
r(65,3,5,77)
w(262,3,5,77)
r(2,1,5,77)
w(355,3,6,78)
w(309,3,6,78)
w(311,2,6,78)
r(241,1,6,78)
r(321,1,6,78)
r(345,4,6,78)
r(74,1,6,78)
w(318,3,6,78)
r(400,1,6,78)
r(493,4,6,78)
w(348,3,6,78)
w(360,5,6,78)
r(89,1,6,78)
r(231,1,6,78)
w(309,4,6,78)
w(355,4,6,78)
r(223,1,6,78)
r(493,4,6,78)
w(306,5,6,78)
r(443,1,6,78)
w(363,5,7,79)
r(443,1,7,79)
r(107,1,7,79)
w(393,2,7,79)
w(385,3,7,79)
w(400,4,7,79)
r(261,1,7,79)
r(160,1,7,79)
w(401,2,7,79)
w(392,3,7,79)
w(363,6,7,79)
r(44,2,7,79)
r(392,3,7,79)
r(475,1,7,79)
r(143,1,7,79)
w(385,4,7,79)
r(123,1,7,79)
w(394,3,7,79)
w(413,3,7,79)
w(419,2,7,79)
r(484,1,8,80)
r(438,1,8,80)
w(433,5,8,80)
r(224,1,8,80)
w(461,2,8,80)
r(94,3,8,80)
r(197,1,8,80)
w(448,2,8,80)
w(438,2,8,80)
w(460,5,8,80)
w(462,5,8,80)
w(462,6,8,80)
w(421,4,8,80)
w(466,3,8,80)
w(421,5,8,80)
w(477,3,8,80)
w(446,3,8,80)
w(441,3,8,80)
w(458,3,8,80)
w(436,3,8,80)
w(529,5,9,81)
w(518,2,9,81)
r(35,1,9,81)
w(516,2,9,81)
r(51,1,9,81)
r(106,1,9,81)
w(498,2,9,81)
r(355,4,9,81)
w(482,5,9,81)
r(234,1,9,81)
w(513,2,9,81)
r(261,1,9,81)
r(394,1,9,81)
w(516,3,9,81)
w(525,4,9,81)
w(534,2,9,81)
w(505,3,9,81)
w(539,4,9,81)
r(336,3,9,81)
r(291,1,9,81)
r(349,1,1,82)
w(7,3,1,82)
w(1,4,1,82)
w(6,4,1,82)
w(4,4,1,82)
w(58,3,1,82)
r(97,1,1,82)
r(290,1,1,82)
w(34,5,1,82)
r(53,4,1,82)
w(28,2,1,82)
r(54,2,1,82)
w(60,3,1,82)
r(322,1,1,82)
r(273,1,1,82)
r(290,1,1,82)
r(426,1,1,82)
w(27,2,1,82)
r(120,1,1,82)
w(56,5,1,82)
r(453,4,2,83)
r(514,1,2,83)
r(395,1,2,83)
w(61,2,2,83)
r(83,2,2,83)
r(454,2,2,83)
w(101,2,2,83)
w(90,4,2,83)
w(110,3,2,83)
w(108,5,2,83)
r(160,1,2,83)
r(85,3,2,83)
w(101,3,2,83)
w(70,4,2,83)
w(79,2,2,83)
r(451,1,2,83)
r(196,1,2,83)
w(111,2,2,83)
w(103,5,2,83)
r(245,2,2,83)
r(203,2,3,84)
w(164,4,3,84)
w(170,2,3,84)
r(391,1,3,84)
w(166,2,3,84)
w(132,4,3,84)
w(179,5,3,84)
r(315,2,3,84)
r(19,2,3,84)
r(479,1,3,84)
r(89,2,3,84)
r(375,1,3,84)
r(195,1,3,84)
r(518,2,3,84)
w(160,4,3,84)
w(163,3,3,84)
r(232,3,3,84)
w(142,2,3,84)
r(92,1,3,84)
r(141,2,3,84)
r(178,1,4,85)
w(218,4,4,85)
w(206,5,4,85)
w(221,2,4,85)
w(188,3,4,85)
r(168,1,4,85)
r(277,1,4,85)
w(228,3,4,85)
r(36,2,4,85)
r(369,5,4,85)
w(227,3,4,85)
w(201,5,4,85)
w(215,2,4,85)
r(167,1,4,85)
r(160,1,4,85)
r(473,1,4,85)
w(228,4,4,85)
w(183,2,4,85)
r(342,1,4,85)
w(237,3,4,85)
r(51,1,5,86)
r(75,2,5,86)
r(460,5,5,86)
r(321,1,5,86)
r(129,1,5,86)
w(287,2,5,86)
r(486,1,5,86)
r(47,1,5,86)
r(477,3,5,86)
w(271,2,5,86)
r(465,2,5,86)
r(57,1,5,86)
r(383,1,5,86)
w(268,4,5,86)
r(280,4,5,86)
r(314,1,5,86)
r(183,1,5,86)
r(137,1,5,86)
r(337,1,5,86)
w(292,6,5,86)
r(280,1,6,87)
w(318,4,6,87)
r(478,1,6,87)
w(307,3,6,87)
r(28,1,6,87)
r(75,1,6,87)
r(284,1,6,87)
r(463,1,6,87)
r(385,1,6,87)
r(532,3,6,87)
w(332,4,6,87)
w(303,2,6,87)
w(324,3,6,87)
w(342,2,6,87)
r(44,1,6,87)
w(304,5,6,87)
r(395,1,6,87)
r(339,3,6,87)
w(328,4,6,87)
w(336,3,6,87)
r(299,1,7,88)
w(378,2,7,88)
w(419,3,7,88)
r(482,1,7,88)
r(90,1,7,88)
w(371,2,7,88)
w(396,6,7,88)
w(398,4,7,88)
w(379,3,7,88)
w(420,2,7,88)
r(471,1,7,88)
r(229,1,7,88)
w(419,4,7,88)
w(417,5,7,88)
r(345,1,7,88)
w(397,3,7,88)
w(419,5,7,88)
r(41,3,7,88)
w(379,4,7,88)
w(361,2,7,88)
r(43,1,8,89)
w(470,3,8,89)
r(137,1,8,89)
w(429,4,8,89)
r(366,1,8,89)
w(477,4,8,89)
w(441,4,8,89)
w(472,2,8,89)
r(473,2,8,89)
r(76,4,8,89)
w(471,2,8,89)
w(439,4,8,89)
r(194,1,8,89)
r(173,1,8,89)
w(433,6,8,89)
w(468,2,8,89)
w(475,3,8,89)
r(250,3,8,89)
r(234,1,8,89)
r(382,1,8,89)
w(531,3,9,90)
w(497,5,9,90)
w(538,4,9,90)
w(510,3,9,90)
w(540,4,9,90)
w(533,2,9,90)
r(139,3,9,90)
w(502,3,9,90)
w(494,6,9,90)
w(531,4,9,90)
r(444,1,9,90)
r(274,1,9,90)
w(521,3,9,90)
w(527,3,9,90)
r(403,1,9,90)
w(531,5,9,90)
w(508,4,9,90)
r(288,1,9,90)
w(514,3,9,90)
w(512,2,9,90)
r(217,5,1,91)
w(13,4,1,91)
r(50,1,1,91)
w(20,3,1,91)
w(39,3,1,91)
r(439,1,1,91)
r(479,1,1,91)
r(33,2,1,91)
w(21,5,1,91)
w(17,2,1,91)
w(13,5,1,91)
w(24,2,1,91)
r(423,1,1,91)
r(153,1,1,91)
r(19,2,1,91)
r(206,6,1,91)
w(45,2,1,91)
w(12,3,1,91)
w(29,3,1,91)
r(17,2,1,91)
r(275,2,2,92)
r(443,2,2,92)
w(78,2,2,92)
r(41,1,2,92)
r(241,1,2,92)
w(90,5,2,92)
w(100,5,2,92)
r(286,3,2,92)
w(85,4,2,92)
w(76,4,2,92)
w(114,5,2,92)
r(373,1,2,92)
r(259,4,2,92)
r(157,1,2,92)
r(74,1,2,92)
w(81,2,2,92)
w(109,2,2,92)
w(74,2,2,92)
w(66,4,2,92)
r(497,1,2,92)
r(530,2,3,93)
r(51,2,3,93)
r(72,1,3,93)
w(127,4,3,93)
w(167,4,3,93)
w(131,7,3,93)
r(405,2,3,93)
w(149,2,3,93)
w(124,5,3,93)
w(156,3,3,93)
r(383,1,3,93)
w(149,3,3,93)
r(41,1,3,93)
w(128,2,3,93)
w(144,2,3,93)
w(169,4,3,93)
w(172,2,3,93)
r(409,1,3,93)
r(412,1,3,93)
r(498,2,3,93)
w(226,7,4,94)
r(473,1,4,94)
w(223,3,4,94)
r(353,1,4,94)
r(486,1,4,94)
r(43,2,4,94)
r(291,1,4,94)
w(184,2,4,94)
w(189,4,4,94)
r(161,1,4,94)
w(204,3,4,94)
r(363,6,4,94)
r(495,1,4,94)
r(305,1,4,94)
r(168,1,4,94)
r(326,1,4,94)
r(122,1,4,94)
r(536,1,4,94)
w(216,4,4,94)
w(183,3,4,94)
w(252,2,5,95)
r(59,1,5,95)
r(214,1,5,95)
w(283,2,5,95)
r(93,4,5,95)
r(100,5,5,95)
r(146,1,5,95)
w(291,3,5,95)
w(293,2,5,95)
w(299,4,5,95)
r(103,6,5,95)
r(9,1,5,95)
r(335,1,5,95)
w(256,3,5,95)
r(134,1,5,95)
r(343,1,5,95)
w(299,5,5,95)
r(152,1,5,95)
r(123,1,5,95)
w(292,7,5,95)
w(302,3,6,96)
w(312,2,6,96)
w(335,4,6,96)
r(90,1,6,96)
r(344,1,6,96)
r(493,4,6,96)
w(302,4,6,96)
r(445,1,6,96)
w(321,2,6,96)
r(481,4,6,96)
r(211,1,6,96)
r(143,2,6,96)
r(251,1,6,96)
w(330,2,6,96)
r(464,1,6,96)
r(81,1,6,96)
r(282,1,6,96)
r(162,5,6,96)
w(320,3,6,96)
w(316,3,6,96)
r(25,3,7,97)
r(30,2,7,97)
r(155,1,7,97)
w(402,2,7,97)
r(322,1,7,97)
w(418,4,7,97)
r(22,1,7,97)
r(259,1,7,97)
w(414,3,7,97)
r(65,1,7,97)
r(525,1,7,97)
w(395,4,7,97)
r(29,2,7,97)
w(399,2,7,97)
r(169,1,7,97)
w(408,3,7,97)
r(72,1,7,97)
r(270,1,7,97)
r(374,2,7,97)
r(519,1,7,97)
r(316,1,8,98)
r(529,1,8,98)
r(343,1,8,98)
w(471,3,8,98)
r(400,1,8,98)
w(444,5,8,98)
w(474,4,8,98)
r(259,4,8,98)
w(457,2,8,98)
r(9,1,8,98)
r(167,1,8,98)
w(480,3,8,98)
r(140,1,8,98)
w(456,2,8,98)
w(460,6,8,98)
w(463,3,8,98)
w(447,3,8,98)
w(436,4,8,98)
r(262,3,8,98)
w(462,7,8,98)
r(31,1,9,99)
w(520,3,9,99)
w(497,6,9,99)
r(111,1,9,99)
r(143,3,9,99)
w(535,4,9,99)
w(527,4,9,99)
r(345,5,9,99)
w(500,5,9,99)
w(508,5,9,99)
r(282,1,9,99)
r(73,1,9,99)
w(509,3,9,99)
w(521,4,9,99)
r(53,3,9,99)
r(386,3,9,99)
r(379,2,9,99)
r(235,1,9,99)
w(535,5,9,99)
r(82,2,9,99)
w(18,3,1,100)
w(57,5,1,100)
w(60,4,1,100)
r(279,1,1,100)
w(44,4,1,100)
w(3,4,1,100)
r(472,1,1,100)
w(58,4,1,100)
r(68,1,1,100)
r(459,1,1,100)
w(40,3,1,100)
w(9,2,1,100)
w(3,5,1,100)
w(8,5,1,100)
r(183,3,1,100)
w(12,4,1,100)
w(15,3,1,100)
w(28,3,1,100)
r(151,1,1,100)
r(369,6,1,100)
w(102,2,2,101)
w(65,4,2,101)
r(421,5,2,101)
r(411,1,2,101)
w(110,4,2,101)
r(255,4,2,101)
r(236,1,2,101)
r(56,1,2,101)
w(104,2,2,101)
w(116,3,2,101)
w(109,3,2,101)
w(116,4,2,101)
w(95,2,2,101)
w(110,5,2,101)
w(103,6,2,101)
w(73,4,2,101)
w(118,2,2,101)
r(23,1,2,101)
r(328,1,2,101)
r(231,1,2,101)
r(63,3,3,102)
w(174,4,3,102)
w(160,5,3,102)
r(386,3,3,102)
w(180,6,3,102)
w(139,4,3,102)
r(79,1,3,102)
r(174,4,3,102)
r(250,1,3,102)
r(223,2,3,102)
w(176,3,3,102)
r(48,3,3,102)
w(167,5,3,102)
r(248,1,3,102)
r(18,2,3,102)
w(127,5,3,102)
w(155,3,3,102)
r(23,1,3,102)
w(178,3,3,102)
w(167,6,3,102)
w(214,3,4,103)
r(435,1,4,103)
r(244,1,4,103)
r(140,1,4,103)
r(162,1,4,103)
w(237,4,4,103)
r(474,1,4,103)
w(193,4,4,103)
r(395,3,4,103)
r(81,1,4,103)
r(516,1,4,103)
w(221,3,4,103)
w(222,5,4,103)
r(42,3,4,103)
w(205,5,4,103)
r(536,1,4,103)
r(274,1,4,103)
w(229,2,4,103)
r(160,1,4,103)
w(191,4,4,103)
r(331,1,5,104)
r(297,2,5,104)
w(249,4,5,104)
w(294,4,5,104)
w(262,4,5,104)
w(259,5,5,104)
r(218,1,5,104)
w(274,4,5,104)
r(393,1,5,104)
r(43,1,5,104)
r(106,2,5,104)
w(297,3,5,104)
w(262,5,5,104)
w(266,7,5,104)
r(512,1,5,104)
r(184,1,5,104)
w(244,4,5,104)
w(255,5,5,104)
w(268,5,5,104)
w(263,5,5,104)
w(324,4,6,105)
r(231,1,6,105)
r(129,4,6,105)
w(334,3,6,105)
r(59,1,6,105)
r(343,4,6,105)
w(330,3,6,105)
r(308,3,6,105)
r(217,1,6,105)
r(41,1,6,105)
w(357,4,6,105)
w(324,5,6,105)
r(449,1,6,105)
r(391,1,6,105)
r(446,1,6,105)
r(429,1,6,105)
w(319,2,6,105)
w(318,5,6,105)
r(498,1,6,105)
w(349,3,6,105)
r(84,1,7,106)
w(406,5,7,106)
r(456,1,7,106)
r(148,1,7,106)
w(387,5,7,106)
r(299,1,7,106)
w(373,4,7,106)
w(410,4,7,106)
r(505,1,7,106)
w(410,5,7,106)
w(380,4,7,106)
w(372,3,7,106)
r(196,3,7,106)
r(301,1,7,106)
r(64,1,7,106)
r(95,1,7,106)
r(65,1,7,106)
r(90,1,7,106)
w(403,2,7,106)
w(364,5,7,106)
w(445,4,8,107)
r(496,1,8,107)
r(100,5,8,107)
w(437,4,8,107)
r(98,2,8,107)
r(92,3,8,107)
w(429,5,8,107)
w(433,7,8,107)
r(467,4,8,107)
r(287,2,8,107)
w(480,4,8,107)
w(438,3,8,107)
w(472,3,8,107)
w(449,2,8,107)
r(226,1,8,107)
r(197,1,8,107)
w(467,5,8,107)
w(428,2,8,107)
w(434,2,8,107)
r(153,1,8,107)
r(365,2,9,108)
r(518,2,9,108)
r(390,1,9,108)
r(263,1,9,108)
r(425,1,9,108)
w(523,3,9,108)
w(522,3,9,108)
w(523,4,9,108)
w(514,4,9,108)
r(6,2,9,108)
w(536,3,9,108)
r(76,1,9,108)
w(486,2,9,108)
r(534,2,9,108)
r(237,1,9,108)
w(516,4,9,108)
r(152,1,9,108)
w(511,3,9,108)
r(68,2,9,108)
r(396,4,9,108)
r(258,1,1,109)
r(245,1,1,109)
w(58,5,1,109)
r(82,1,1,109)
w(28,4,1,109)
w(29,4,1,109)
w(35,2,1,109)
r(222,5,1,109)
r(212,5,1,109)
r(56,5,1,109)
r(67,1,1,109)
w(48,4,1,109)
r(145,1,1,109)
w(50,2,1,109)
w(33,3,1,109)
w(16,3,1,109)
r(55,4,1,109)
r(392,3,1,109)
r(94,1,1,109)
w(36,3,1,109)
r(374,1,2,110)
w(77,2,2,110)
r(208,1,2,110)
w(117,3,2,110)
w(72,2,2,110)
r(234,1,2,110)
w(93,5,2,110)
r(306,1,2,110)
w(97,2,2,110)
w(81,3,2,110)
w(88,5,2,110)
w(97,3,2,110)
w(94,4,2,110)
r(384,1,2,110)
w(79,3,2,110)
r(30,1,2,110)
w(113,4,2,110)
r(376,1,2,110)
w(118,3,2,110)
r(203,1,2,110)
w(139,5,3,111)
r(471,1,3,111)
w(164,5,3,111)
w(141,3,3,111)
w(142,3,3,111)
w(132,5,3,111)
w(148,2,3,111)
w(177,2,3,111)
r(513,2,3,111)
r(243,1,3,111)
r(313,4,3,111)
w(139,6,3,111)
r(456,1,3,111)
w(130,7,3,111)
w(166,3,3,111)
w(154,2,3,111)
r(444,2,3,111)
w(152,2,3,111)
r(507,3,3,111)
w(161,4,3,111)
r(21,4,4,112)
w(236,2,4,112)
w(231,3,4,112)
w(184,3,4,112)
w(203,3,4,112)
w(182,2,4,112)
w(210,4,4,112)
w(184,4,4,112)
w(228,5,4,112)
w(194,4,4,112)
w(191,5,4,112)
r(208,2,4,112)
w(198,3,4,112)
r(225,1,4,112)
w(238,3,4,112)
w(240,3,4,112)
r(217,2,4,112)
r(511,1,4,112)
w(240,4,4,112)
r(314,1,4,112)
w(283,3,5,113)
w(262,6,5,113)
w(291,4,5,113)
r(80,4,5,113)
r(485,1,5,113)
w(292,8,5,113)
r(42,1,5,113)
w(300,3,5,113)
r(100,5,5,113)
w(293,3,5,113)
r(495,1,5,113)
w(269,2,5,113)
r(401,1,5,113)
r(369,1,5,113)
r(376,1,5,113)
r(146,1,5,113)
r(317,1,5,113)
r(18,1,5,113)
r(102,2,5,113)
w(278,4,5,113)
r(209,2,6,114)
w(347,5,6,114)
w(311,3,6,114)
r(371,1,6,114)
w(351,3,6,114)
w(322,4,6,114)
r(135,1,6,114)
w(325,3,6,114)
r(430,1,6,114)
w(313,4,6,114)
r(361,1,6,114)
r(216,1,6,114)
w(338,2,6,114)
r(359,2,6,114)
r(94,2,6,114)
r(449,1,6,114)
r(29,1,6,114)
r(234,3,6,114)
r(18,2,6,114)
w(320,4,6,114)
w(408,4,7,115)
r(477,1,7,115)
r(360,1,7,115)
w(372,4,7,115)
w(397,4,7,115)
w(369,6,7,115)
r(403,2,7,115)
r(54,2,7,115)
r(198,3,7,115)
r(20,3,7,115)
w(389,3,7,115)
r(481,1,7,115)
w(397,5,7,115)
w(411,3,7,115)
w(407,4,7,115)
r(144,1,7,115)
r(159,1,7,115)
r(287,1,7,115)
r(1,4,7,115)
r(510,1,7,115)
r(341,1,8,116)
w(428,3,8,116)
r(91,2,8,116)
r(165,1,8,116)
w(466,4,8,116)
w(441,5,8,116)
w(450,2,8,116)
r(346,1,8,116)
r(194,3,8,116)
r(56,3,8,116)
w(446,4,8,116)
w(442,5,8,116)
w(427,3,8,116)
r(46,4,8,116)
r(380,3,8,116)
r(251,2,8,116)
r(290,3,8,116)
w(437,5,8,116)
r(438,3,8,116)
w(470,4,8,116)
w(495,2,9,117)
r(480,1,9,117)
w(500,6,9,117)
r(10,2,9,117)
w(507,4,9,117)
w(499,6,9,117)
r(154,2,9,117)
r(528,2,9,117)
r(179,5,9,117)
r(226,4,9,117)
w(482,6,9,117)
w(528,3,9,117)
r(509,3,9,117)
w(529,6,9,117)
r(61,1,9,117)
r(431,1,9,117)
w(490,2,9,117)
w(496,2,9,117)
r(87,1,9,117)
r(423,1,9,117)
r(44,4,1,118)
r(66,2,1,118)
w(11,4,1,118)
w(26,4,1,118)
r(68,2,1,118)
w(44,5,1,118)
w(32,2,1,118)
w(9,3,1,118)
r(22,1,1,118)
w(31,2,1,118)
r(520,2,1,118)
w(29,5,1,118)
r(495,1,1,118)
w(18,4,1,118)
w(11,5,1,118)
w(42,4,1,118)
w(11,6,1,118)
r(323,1,1,118)
r(186,1,1,118)
r(269,1,1,118)
w(84,2,2,119)
w(105,3,2,119)
r(79,3,2,119)
r(157,1,2,119)
w(101,4,2,119)
r(405,1,2,119)
r(192,1,2,119)
r(7,1,2,119)
r(70,4,2,119)
r(234,1,2,119)
w(65,5,2,119)
r(269,1,2,119)
r(94,4,2,119)
w(63,4,2,119)
w(80,4,2,119)
r(385,1,2,119)
r(218,1,2,119)
w(75,3,2,119)
r(383,1,2,119)
w(67,2,2,119)
w(125,3,3,120)
w(147,3,3,120)
w(123,3,3,120)
r(198,2,3,120)
r(20,1,3,120)
w(172,3,3,120)
r(455,1,3,120)
r(67,1,3,120)
r(216,1,3,120)
r(216,1,3,120)
r(346,3,3,120)
r(390,1,3,120)
r(336,4,3,120)
w(179,6,3,120)
w(135,2,3,120)
r(382,2,3,120)
r(245,1,3,120)
w(144,3,3,120)
w(130,8,3,120)
w(141,4,3,120)
w(195,3,4,121)
r(270,1,4,121)
w(195,4,4,121)
r(461,1,4,121)
r(31,1,4,121)
r(211,2,4,121)
w(233,2,4,121)
w(210,5,4,121)
w(214,4,4,121)
w(212,4,4,121)
r(145,1,4,121)
w(217,3,4,121)
r(526,1,4,121)
r(195,4,4,121)
w(215,3,4,121)
r(79,1,4,121)
w(223,4,4,121)
w(192,5,4,121)
r(365,2,4,121)
r(189,4,4,121)
w(286,4,5,122)
r(137,1,5,122)
w(276,4,5,122)
r(379,1,5,122)
w(257,6,5,122)
r(296,2,5,122)
r(181,1,5,122)
w(271,3,5,122)
r(362,1,5,122)
w(273,4,5,122)
r(279,1,5,122)
w(260,5,5,122)
w(252,3,5,122)
w(265,5,5,122)
w(291,5,5,122)
w(291,6,5,122)
r(146,1,5,122)
w(258,3,5,122)
r(424,5,5,122)
w(242,2,5,122)
w(315,3,6,123)
w(344,2,6,123)
r(407,1,6,123)
r(225,1,6,123)
r(430,1,6,123)
w(310,3,6,123)
r(518,2,6,123)
r(118,1,6,123)
r(262,1,6,123)
r(93,2,6,123)
r(527,3,6,123)
r(70,2,6,123)
w(346,2,6,123)
w(345,5,6,123)
w(343,5,6,123)
r(360,5,6,123)
w(337,2,6,123)
w(353,2,6,123)
w(318,6,6,123)
w(306,6,6,123)
w(403,3,7,124)
r(526,1,7,124)
w(368,4,7,124)
w(387,6,7,124)
w(377,2,7,124)
w(396,7,7,124)
r(201,5,7,124)
w(396,8,7,124)
r(505,1,7,124)
r(260,2,7,124)
r(30,2,7,124)
w(394,4,7,124)
r(74,1,7,124)
w(367,4,7,124)
r(136,4,7,124)
r(253,1,7,124)
r(244,1,7,124)
r(512,1,7,124)
w(401,3,7,124)
r(38,2,7,124)
w(451,2,8,125)
r(270,2,8,125)
w(444,6,8,125)
r(202,2,8,125)
r(44,2,8,125)
w(476,5,8,125)
w(456,3,8,125)
w(458,4,8,125)
w(479,3,8,125)
w(429,6,8,125)
r(119,7,8,125)
r(379,2,8,125)
r(426,2,8,125)
w(468,3,8,125)
r(260,6,8,125)
r(270,2,8,125)
w(472,4,8,125)
r(269,2,8,125)
r(330,1,8,125)
r(128,1,8,125)
w(499,7,9,126)
r(63,3,9,126)
w(486,3,9,126)
w(489,4,9,126)
w(502,4,9,126)
w(538,5,9,126)
r(18,2,9,126)
w(503,4,9,126)
r(360,5,9,126)
w(512,3,9,126)
r(403,1,9,126)
w(534,3,9,126)
r(124,5,9,126)
r(476,2,9,126)
r(488,5,9,126)
w(532,4,9,126)
w(481,6,9,126)
w(516,5,9,126)
r(269,1,9,126)
r(327,2,9,126)
w(59,5,1,127)
r(276,2,1,127)
w(45,3,1,127)
w(3,6,1,127)
r(461,1,1,127)
w(52,4,1,127)
r(503,2,1,127)
r(535,2,1,127)
w(13,6,1,127)
w(40,4,1,127)
r(171,2,1,127)
w(53,5,1,127)
r(276,2,1,127)
w(57,6,1,127)
w(5,5,1,127)
w(29,6,1,127)
w(1,5,1,127)
r(501,1,1,127)
r(358,4,1,127)
w(56,6,1,127)
w(86,4,2,128)
r(77,2,2,128)
w(70,5,2,128)
r(487,1,2,128)
r(178,1,2,128)
r(245,2,2,128)
r(321,1,2,128)
w(69,2,2,128)
r(39,1,2,128)
w(112,4,2,128)
r(499,1,2,128)
w(90,6,2,128)
w(101,5,2,128)
r(211,1,2,128)
r(427,2,2,128)
r(248,2,2,128)
r(430,1,2,128)
w(120,4,2,128)
r(457,2,2,128)
r(37,1,2,128)
w(136,8,3,129)
r(496,2,3,129)
w(157,3,3,129)
r(451,1,3,129)
r(125,3,3,129)
r(521,4,3,129)
w(121,2,3,129)
r(208,2,3,129)
w(135,3,3,129)
w(141,5,3,129)
w(171,3,3,129)
r(197,1,3,129)
w(175,4,3,129)
w(132,6,3,129)
w(144,4,3,129)
r(502,4,3,129)
w(163,4,3,129)
r(288,1,3,129)
r(22,1,3,129)
w(174,5,3,129)
r(41,3,4,130)
w(202,3,4,130)
w(188,4,4,130)
w(220,3,4,130)
r(435,1,4,130)
w(217,4,4,130)
r(179,1,4,130)
r(19,2,4,130)
r(465,1,4,130)
w(205,6,4,130)
w(206,6,4,130)
r(258,1,4,130)
w(219,2,4,130)
w(217,5,4,130)
r(363,6,4,130)
w(213,3,4,130)
r(528,1,4,130)
w(236,3,4,130)
r(453,1,4,130)
r(220,3,4,130)
r(244,4,5,131)
w(299,6,5,131)
w(293,4,5,131)
w(266,8,5,131)
r(179,1,5,131)
r(45,1,5,131)
r(491,1,5,131)
r(140,1,5,131)
r(216,1,5,131)
r(386,1,5,131)
r(54,1,5,131)
w(283,4,5,131)
r(313,1,5,131)
r(325,1,5,131)
w(294,5,5,131)
r(330,1,5,131)
w(241,2,5,131)
r(260,5,5,131)
r(252,3,5,131)
r(140,1,5,131)
r(144,2,6,132)
r(457,1,6,132)
r(115,2,6,132)
w(318,7,6,132)
r(257,2,6,132)
w(326,2,6,132)
w(331,3,6,132)
r(431,1,6,132)
w(343,6,6,132)
w(334,4,6,132)
w(351,4,6,132)
r(103,2,6,132)
r(463,1,6,132)
w(331,4,6,132)
r(187,1,6,132)
r(83,2,6,132)
w(356,4,6,132)
w(346,3,6,132)
r(121,1,6,132)
w(351,5,6,132)
w(383,3,7,133)
w(369,7,7,133)
r(379,4,7,133)
r(188,4,7,133)
w(407,5,7,133)
w(361,3,7,133)
w(388,3,7,133)
r(29,4,7,133)
r(186,1,7,133)
r(313,3,7,133)
w(364,6,7,133)
r(37,3,7,133)
w(400,5,7,133)
w(383,4,7,133)
r(476,4,7,133)
w(361,4,7,133)
r(156,1,7,133)
w(365,3,7,133)
w(366,4,7,133)
w(393,3,7,133)
w(460,7,8,134)
w(470,5,8,134)
r(527,2,8,134)
w(472,5,8,134)
w(468,4,8,134)
r(253,1,8,134)
r(287,2,8,134)
w(475,4,8,134)
w(446,5,8,134)
r(5,2,8,134)
w(438,4,8,134)
r(274,4,8,134)
w(430,2,8,134)
r(483,1,8,134)
w(465,3,8,134)
r(247,2,8,134)
w(455,2,8,134)
r(438,4,8,134)
r(115,5,8,134)
r(276,4,8,134)
r(384,3,9,135)
w(525,5,9,135)
w(537,3,9,135)
w(484,3,9,135)
r(185,2,9,135)
w(501,2,9,135)
w(536,4,9,135)
r(233,1,9,135)
w(493,6,9,135)
w(510,4,9,135)
r(16,2,9,135)
r(429,1,9,135)
w(508,6,9,135)
r(492,1,9,135)
w(537,4,9,135)
w(485,3,9,135)
w(537,5,9,135)
r(478,3,9,135)
r(128,2,9,135)
w(485,4,9,135)
r(523,1,1,136)
w(24,3,1,136)
r(119,6,1,136)
w(16,4,1,136)
w(52,5,1,136)
w(5,6,1,136)
w(41,4,1,136)
r(403,3,1,136)
r(186,1,1,136)
r(32,2,1,136)
w(29,7,1,136)
w(10,3,1,136)
w(19,3,1,136)
r(515,1,1,136)
r(479,1,1,136)
w(19,4,1,136)
r(487,2,1,136)
r(440,3,1,136)
r(343,3,1,136)
r(133,2,1,136)
w(108,6,2,137)
w(111,3,2,137)
r(387,4,2,137)
r(217,2,2,137)
r(180,3,2,137)
r(228,2,2,137)
r(207,2,2,137)
w(116,5,2,137)
w(109,4,2,137)
r(341,1,2,137)
w(66,5,2,137)
r(222,4,2,137)
w(71,3,2,137)
r(532,3,2,137)
r(497,3,2,137)
r(233,1,2,137)
w(86,5,2,137)
r(465,2,2,137)
r(23,1,2,137)
r(209,3,2,137)
r(527,4,3,138)
w(148,3,3,138)
w(157,4,3,138)
w(149,4,3,138)
w(122,2,3,138)
r(254,2,3,138)
w(160,6,3,138)
w(122,3,3,138)
w(142,4,3,138)
w(179,7,3,138)
r(320,5,3,138)
w(145,3,3,138)
r(86,3,3,138)
r(103,2,3,138)
r(402,1,3,138)
w(130,9,3,138)
r(308,5,3,138)
r(7,1,3,138)
r(246,1,3,138)
r(330,3,3,138)
w(224,3,4,139)
w(216,5,4,139)
r(155,1,4,139)
r(100,1,4,139)
w(219,3,4,139)
w(227,4,4,139)
w(189,5,4,139)
r(459,1,4,139)
w(182,3,4,139)
r(167,1,4,139)
w(185,3,4,139)
r(449,1,4,139)
w(203,4,4,139)
r(310,1,4,139)
r(226,7,4,139)
r(524,1,4,139)
w(212,5,4,139)
r(225,1,4,139)
w(216,6,4,139)
w(225,2,4,139)
w(282,4,5,140)
r(305,2,5,140)
w(300,4,5,140)
r(314,3,5,140)
w(280,5,5,140)
w(260,6,5,140)
r(467,5,5,140)
r(340,3,5,140)
w(255,6,5,140)
w(284,6,5,140)
w(293,5,5,140)
w(295,4,5,140)
r(200,3,5,140)
w(280,6,5,140)
r(409,1,5,140)
r(346,1,5,140)
r(216,2,5,140)
w(296,3,5,140)
r(35,1,5,140)
r(387,4,5,140)
w(342,3,6,141)
r(398,2,6,141)
w(347,6,6,141)
r(252,1,6,141)
w(321,3,6,141)
w(336,4,6,141)
r(356,4,6,141)
r(226,4,6,141)
r(433,1,6,141)
r(411,2,6,141)
w(337,3,6,141)
r(217,2,6,141)
w(320,5,6,141)
w(345,6,6,141)
w(357,5,6,141)
r(77,1,6,141)
w(337,4,6,141)
r(467,2,6,141)
w(331,5,6,141)
w(314,4,6,141)
w(366,5,7,142)
w(377,3,7,142)
r(233,2,7,142)
r(426,2,7,142)
r(530,1,7,142)
r(251,1,7,142)
r(197,3,7,142)
r(85,3,7,142)
w(374,3,7,142)
w(375,4,7,142)
r(467,4,7,142)
r(436,2,7,142)
w(407,6,7,142)
w(396,9,7,142)
w(385,5,7,142)
w(408,5,7,142)
r(71,2,7,142)
w(375,5,7,142)
w(375,6,7,142)
r(336,2,7,142)
w(457,3,8,143)
w(456,4,8,143)
r(311,1,8,143)
r(529,4,8,143)
r(386,5,8,143)
w(470,6,8,143)
w(470,7,8,143)
w(471,4,8,143)
w(468,5,8,143)
r(282,4,8,143)
r(387,4,8,143)
r(49,1,8,143)
r(253,1,8,143)
r(182,1,8,143)
w(441,6,8,143)
w(433,8,8,143)
r(443,2,8,143)
w(429,7,8,143)
r(127,2,8,143)
r(339,3,8,143)
r(157,3,9,144)
w(501,3,9,144)
r(436,2,9,144)
w(502,5,9,144)
w(496,3,9,144)
r(182,1,9,144)
w(500,7,9,144)
w(517,4,9,144)
r(253,1,9,144)
r(162,5,9,144)
w(499,8,9,144)
r(78,1,9,144)
w(488,6,9,144)
w(511,4,9,144)
w(488,7,9,144)
r(328,6,9,144)
r(83,2,9,144)
r(358,7,9,144)
r(513,2,9,144)
r(345,6,9,144)
r(327,2,1,145)
w(49,2,1,145)
w(18,5,1,145)
w(24,4,1,145)
r(340,3,1,145)
r(242,1,1,145)
r(138,2,1,145)
r(304,3,1,145)
w(24,5,1,145)
r(494,3,1,145)
w(25,4,1,145)
w(14,5,1,145)
w(35,3,1,145)
r(203,4,1,145)
w(29,8,1,145)
r(480,2,1,145)
r(289,2,1,145)
w(59,6,1,145)
w(14,6,1,145)
w(22,2,1,145)
w(92,4,2,146)
w(106,3,2,146)
w(118,4,2,146)
w(93,6,2,146)
r(536,2,2,146)
r(385,1,2,146)
w(84,3,2,146)
w(65,6,2,146)
r(260,6,2,146)
r(17,1,2,146)
r(97,3,2,146)
w(69,3,2,146)
w(87,6,2,146)
w(66,6,2,146)
w(104,3,2,146)
w(89,5,2,146)
w(120,5,2,146)
r(431,2,2,146)
w(101,6,2,146)
w(100,6,2,146)
w(151,2,3,147)
r(227,3,3,147)
r(62,1,3,147)
r(28,1,3,147)
r(55,4,3,147)
r(455,1,3,147)
r(332,4,3,147)
r(295,3,3,147)
r(462,6,3,147)
w(174,6,3,147)
r(341,1,3,147)
w(133,4,3,147)
r(376,1,3,147)
w(131,8,3,147)
w(170,3,3,147)
w(142,5,3,147)
w(154,3,3,147)
r(37,3,3,147)
r(537,5,3,147)
r(229,2,3,147)
w(224,4,4,148)
r(351,1,4,148)
r(528,1,4,148)
w(197,3,4,148)
w(204,4,4,148)
r(69,1,4,148)
r(319,1,4,148)
r(387,5,4,148)
r(65,1,4,148)
w(195,5,4,148)
r(406,5,4,148)
r(382,3,4,148)
w(206,7,4,148)
r(200,3,4,148)
w(212,6,4,148)
r(449,1,4,148)
w(221,4,4,148)
w(209,4,4,148)
w(227,5,4,148)
w(208,3,4,148)
r(35,1,5,149)
r(354,1,5,149)
r(10,2,5,149)
r(459,4,5,149)
r(27,1,5,149)
w(299,7,5,149)
w(281,5,5,149)
w(250,4,5,149)
w(267,5,5,149)
r(127,2,5,149)
r(339,3,5,149)
r(456,2,5,149)
w(272,4,5,149)
w(262,7,5,149)
r(176,2,5,149)
w(278,5,5,149)
w(245,3,5,149)
w(268,6,5,149)
r(40,2,5,149)
r(133,2,5,149)
r(235,1,6,150)
r(296,2,6,150)
w(323,4,6,150)
r(361,1,6,150)
w(337,5,6,150)
w(325,4,6,150)
r(148,1,6,150)
w(308,4,6,150)
r(118,1,6,150)
w(358,6,6,150)
r(98,2,6,150)
w(333,3,6,150)
w(310,4,6,150)
r(254,2,6,150)
r(342,3,6,150)
w(304,6,6,150)
w(340,4,6,150)
r(457,1,6,150)
r(378,1,6,150)
w(325,5,6,150)
r(96,2,7,151)
w(369,8,7,151)
r(439,1,7,151)
r(519,2,7,151)
r(142,1,7,151)
r(278,3,7,151)
w(377,4,7,151)
r(510,1,7,151)
w(391,3,7,151)
w(414,4,7,151)
w(418,5,7,151)
r(415,3,7,151)
r(150,1,7,151)
r(135,1,7,151)
r(468,1,7,151)
r(269,1,7,151)
w(382,4,7,151)
r(293,1,7,151)
w(388,4,7,151)
r(380,4,7,151)
w(434,3,8,152)
w(434,4,8,152)
r(380,3,8,152)
r(14,4,8,152)
r(514,1,8,152)
w(465,4,8,152)
w(461,3,8,152)
w(435,3,8,152)
r(518,1,8,152)
r(201,4,8,152)
r(440,4,8,152)
w(444,7,8,152)
w(466,5,8,152)
w(458,5,8,152)
r(365,2,8,152)
w(430,3,8,152)
w(432,3,8,152)
r(196,3,8,152)
w(479,4,8,152)
w(434,5,8,152)
r(145,3,9,153)
r(224,2,9,153)
w(531,6,9,153)
r(4,3,9,153)
w(488,8,9,153)
r(189,4,9,153)
r(376,1,9,153)
w(483,2,9,153)
w(485,5,9,153)
w(527,5,9,153)
w(485,6,9,153)
r(421,5,9,153)
w(512,4,9,153)
w(495,3,9,153)
w(536,5,9,153)
r(385,4,9,153)
w(496,4,9,153)
w(529,7,9,153)
r(58,2,9,153)
w(514,5,9,153)
w(34,6,1,154)
r(345,4,1,154)
w(57,7,1,154)
r(409,1,1,154)
r(515,1,1,154)
w(60,5,1,154)
w(15,4,1,154)
w(39,4,1,154)
r(277,1,1,154)
w(2,3,1,154)
w(6,5,1,154)
r(221,4,1,154)
r(5,6,1,154)
w(31,3,1,154)
r(192,6,1,154)
r(299,3,1,154)
w(29,9,1,154)
r(341,1,1,154)
r(140,2,1,154)
w(38,3,1,154)
r(198,2,2,155)
r(128,1,2,155)
w(82,3,2,155)
r(236,1,2,155)
w(72,3,2,155)
w(71,4,2,155)
r(532,3,2,155)
w(67,3,2,155)
r(192,4,2,155)
w(65,7,2,155)
w(107,3,2,155)
r(68,2,2,155)
r(117,3,2,155)
r(416,1,2,155)
w(94,5,2,155)
r(31,1,2,155)
r(496,1,2,155)
r(533,1,2,155)
w(118,5,2,155)
w(95,3,2,155)
w(127,6,3,156)
r(498,2,3,156)
w(170,4,3,156)
w(129,5,3,156)
r(49,1,3,156)
w(123,4,3,156)
w(174,7,3,156)
w(138,3,3,156)
r(24,1,3,156)
r(159,4,3,156)
r(478,4,3,156)
r(354,2,3,156)
r(56,4,3,156)
r(90,5,3,156)
r(315,3,3,156)
w(127,7,3,156)
r(496,3,3,156)
r(247,2,3,156)
w(132,7,3,156)
w(162,6,3,156)
w(220,4,4,157)
r(518,1,4,157)
r(149,1,4,157)
r(207,2,4,157)
r(537,1,4,157)
r(182,3,4,157)
w(181,4,4,157)
w(182,4,4,157)
w(235,2,4,157)
r(37,3,4,157)
r(459,1,4,157)
w(208,4,4,157)
r(222,5,4,157)
w(215,4,4,157)
w(229,3,4,157)
r(492,1,4,157)
r(494,1,4,157)
w(229,4,4,157)
w(212,7,4,157)
r(36,3,4,157)
w(269,3,5,158)
w(251,3,5,158)
w(254,6,5,158)
r(369,5,5,158)
w(267,6,5,158)
w(241,3,5,158)
w(267,7,5,158)
w(252,4,5,158)
w(265,6,5,158)
r(218,3,5,158)
w(256,4,5,158)
w(299,8,5,158)
r(95,3,5,158)
r(378,1,5,158)
w(256,5,5,158)
r(440,4,5,158)
r(438,3,5,158)
w(250,5,5,158)
r(254,6,5,158)
w(287,3,5,158)
r(264,1,6,159)
r(103,2,6,159)
w(305,4,6,159)
r(68,2,6,159)
r(201,2,6,159)
w(308,5,6,159)
r(260,1,6,159)
r(200,2,6,159)
w(313,5,6,159)
w(360,6,6,159)
r(22,1,6,159)
r(486,2,6,159)
r(259,1,6,159)
w(354,2,6,159)
r(380,2,6,159)
w(306,7,6,159)
r(403,1,6,159)
r(491,2,6,159)
w(349,4,6,159)
w(333,4,6,159)
r(153,1,7,160)
w(389,4,7,160)
w(393,4,7,160)
r(209,4,7,160)
w(368,5,7,160)
w(386,6,7,160)
w(385,6,7,160)
r(153,1,7,160)
r(100,4,7,160)
r(52,5,7,160)
w(415,4,7,160)
r(440,3,7,160)
r(513,1,7,160)
w(399,3,7,160)
w(402,3,7,160)
r(272,1,7,160)
w(375,7,7,160)
r(52,5,7,160)
w(403,4,7,160)
r(98,2,7,160)
w(430,4,8,161)
r(50,1,8,161)
r(107,3,8,161)
r(47,1,8,161)
w(474,5,8,161)
w(428,4,8,161)
w(462,8,8,161)
w(453,5,8,161)
w(428,5,8,161)
w(458,6,8,161)
w(462,9,8,161)
w(450,3,8,161)
w(438,5,8,161)
r(163,2,8,161)
w(458,7,8,161)
w(466,6,8,161)
r(160,2,8,161)
r(183,1,8,161)
r(383,1,8,161)
w(459,5,8,161)
r(143,3,9,162)
w(481,7,9,162)
r(53,4,9,162)
w(482,7,9,162)
r(318,7,9,162)
r(259,4,9,162)
w(512,5,9,162)
r(77,1,9,162)
w(536,6,9,162)
r(340,5,9,162)
r(525,5,9,162)
r(20,2,9,162)
r(232,5,9,162)
w(514,6,9,162)
w(481,8,9,162)
w(510,5,9,162)
w(485,7,9,162)
w(530,3,9,162)
w(525,6,9,162)
w(531,7,9,162)
w(30,3,1,163)
r(315,2,1,163)
r(107,1,1,163)
r(494,3,1,163)
r(243,2,1,163)
r(67,1,1,163)
r(199,1,1,163)
w(28,5,1,163)
w(15,5,1,163)
w(30,4,1,163)
r(449,1,1,163)
w(5,7,1,163)
w(3,7,1,163)
w(51,4,1,163)
w(42,5,1,163)
r(158,1,1,163)
r(88,4,1,163)
r(234,3,1,163)
w(31,4,1,163)
r(416,2,1,163)
r(163,2,2,164)
r(455,1,2,164)
w(96,4,2,164)
w(108,7,2,164)
w(83,3,2,164)
r(129,3,2,164)
w(99,3,2,164)
w(70,6,2,164)
r(432,2,2,164)
r(500,3,2,164)
r(132,2,2,164)
r(318,1,2,164)
r(365,2,2,164)
w(105,4,2,164)
r(321,1,2,164)
r(72,3,2,164)
w(104,4,2,164)
r(363,4,2,164)
r(373,2,2,164)
w(100,7,2,164)
w(169,5,3,165)
w(166,4,3,165)
w(162,7,3,165)
w(164,6,3,165)
r(179,7,3,165)
w(165,3,3,165)
w(137,3,3,165)
r(197,2,3,165)
w(169,6,3,165)
w(165,4,3,165)
r(101,3,3,165)
r(1,3,3,165)
w(174,8,3,165)
w(156,4,3,165)
r(399,1,3,165)
w(136,9,3,165)
r(462,6,3,165)
w(129,6,3,165)
r(251,2,3,165)
w(176,4,3,165)
r(310,2,4,166)
w(216,7,4,166)
w(225,3,4,166)
w(193,5,4,166)
r(470,2,4,166)
r(397,5,4,166)
w(182,5,4,166)
r(367,4,4,166)
w(191,6,4,166)
w(192,6,4,166)
w(218,5,4,166)
w(212,8,4,166)
w(211,3,4,166)
r(214,4,4,166)
w(188,5,4,166)
w(214,5,4,166)
w(237,5,4,166)
w(198,4,4,166)
r(397,5,4,166)
r(506,1,4,166)
r(432,2,5,167)
r(259,5,5,167)
w(252,5,5,167)
r(514,1,5,167)
w(261,6,5,167)
r(59,4,5,167)
r(315,2,5,167)
r(128,1,5,167)
w(280,7,5,167)
r(182,1,5,167)
w(268,7,5,167)
r(31,1,5,167)
w(290,4,5,167)
w(263,6,5,167)
w(250,6,5,167)
w(298,2,5,167)
r(415,3,5,167)
r(363,4,5,167)
r(410,3,5,167)
w(272,5,5,167)
r(210,1,6,168)
w(301,5,6,168)
r(227,1,6,168)
w(334,5,6,168)
r(392,1,6,168)
r(30,2,6,168)
r(449,1,6,168)
w(303,3,6,168)
r(212,3,6,168)
r(420,1,6,168)
w(337,6,6,168)
w(350,4,6,168)
w(334,6,6,168)
r(435,2,6,168)
w(309,5,6,168)
r(188,1,6,168)
w(328,5,6,168)
r(246,1,6,168)
w(305,5,6,168)
r(275,1,6,168)
w(372,5,7,169)
w(407,7,7,169)
w(396,10,7,169)
r(93,4,7,169)
w(361,5,7,169)
r(322,2,7,169)
r(516,1,7,169)
r(218,5,7,169)
r(236,3,7,169)
r(273,1,7,169)
r(51,3,7,169)
r(239,2,7,169)
w(402,4,7,169)
w(365,4,7,169)
w(400,6,7,169)
r(310,2,7,169)
w(416,2,7,169)
r(101,1,7,169)
w(420,3,7,169)
r(50,2,7,169)
w(433,9,8,170)
r(353,1,8,170)
w(452,4,8,170)
r(60,2,8,170)
w(422,2,8,170)
w(455,3,8,170)
r(340,3,8,170)
w(479,5,8,170)
r(219,1,8,170)
r(534,1,8,170)
w(461,4,8,170)
w(434,6,8,170)
w(444,8,8,170)
w(433,10,8,170)
w(457,4,8,170)
w(458,8,8,170)
w(473,3,8,170)
w(456,5,8,170)
w(429,8,8,170)
w(470,8,8,170)
r(485,7,9,171)
r(225,1,9,171)
r(537,5,9,171)
r(177,2,9,171)
r(484,3,9,171)
r(348,4,9,171)
r(314,4,9,171)
r(275,2,9,171)
r(22,1,9,171)
r(208,2,9,171)
r(380,3,9,171)
w(495,4,9,171)
r(13,3,9,171)
r(487,4,9,171)
w(513,3,9,171)
r(527,5,9,171)
r(441,4,9,171)
r(419,5,9,171)
w(534,4,9,171)
w(496,5,9,171)
w(39,5,1,172)
r(422,1,1,172)
w(43,3,1,172)
r(47,2,1,172)
w(15,6,1,172)
r(144,1,1,172)
r(69,1,1,172)
r(143,1,1,172)
w(22,3,1,172)
w(41,5,1,172)
r(217,6,1,172)
w(31,5,1,172)
w(8,6,1,172)
r(167,2,1,172)
w(32,3,1,172)
r(4,4,1,172)
w(32,4,1,172)
w(48,5,1,172)
w(53,6,1,172)
r(411,3,1,172)
w(69,4,2,173)
r(166,1,2,173)
w(78,3,2,173)
w(120,6,2,173)
r(43,1,2,173)
r(273,4,2,173)
r(138,2,2,173)
r(78,3,2,173)
w(116,6,2,173)
w(61,3,2,173)
r(336,2,2,173)
r(509,2,2,173)
r(255,6,2,173)
r(68,2,2,173)
w(99,4,2,173)
r(51,2,2,173)
r(7,2,2,173)
r(282,4,2,173)
r(522,1,2,173)
w(96,5,2,173)
w(140,4,3,174)
r(164,6,3,174)
r(111,2,3,174)
r(169,6,3,174)
w(176,5,3,174)
w(165,5,3,174)
w(165,6,3,174)
r(332,5,3,174)
r(210,5,3,174)
r(416,1,3,174)
r(160,6,3,174)
w(175,5,3,174)
w(124,6,3,174)
w(152,3,3,174)
w(158,4,3,174)
w(154,4,3,174)
w(140,5,3,174)
r(420,2,3,174)
w(178,4,3,174)
r(518,2,3,174)
w(210,6,4,175)
w(198,5,4,175)
r(475,1,4,175)
r(518,1,4,175)
r(298,1,4,175)
r(384,3,4,175)
r(118,1,4,175)
r(434,1,4,175)
r(496,1,4,175)
r(403,3,4,175)
r(489,1,4,175)
w(183,4,4,175)
r(454,2,4,175)
w(228,6,4,175)
w(202,4,4,175)
r(403,3,4,175)
r(67,1,4,175)
r(24,2,4,175)
r(359,2,4,175)
w(216,8,4,175)
w(245,4,5,176)
w(241,4,5,176)
r(128,1,5,176)
w(275,3,5,176)
r(372,1,5,176)
w(294,6,5,176)
w(251,4,5,176)
r(10,2,5,176)
r(7,2,5,176)
w(274,5,5,176)
w(274,6,5,176)
w(290,5,5,176)
w(264,3,5,176)
r(287,3,5,176)
w(252,6,5,176)
r(65,7,5,176)
w(293,6,5,176)
w(293,7,5,176)
w(254,7,5,176)
r(429,7,5,176)
r(23,1,6,177)
w(319,3,6,177)
r(327,2,6,177)
r(521,4,6,177)
w(348,4,6,177)
r(516,5,6,177)
w(312,3,6,177)
r(359,2,6,177)
w(312,4,6,177)
w(358,7,6,177)
r(343,6,6,177)
r(125,3,6,177)
r(3,3,6,177)
r(344,2,6,177)
r(459,1,6,177)
r(366,2,6,177)
w(321,4,6,177)
w(343,7,6,177)
w(360,7,6,177)
w(331,6,6,177)
w(365,5,7,178)
r(190,3,7,178)
w(382,5,7,178)
r(491,2,7,178)
r(84,1,7,178)
r(441,2,7,178)
r(287,1,7,178)
r(12,4,7,178)
w(410,6,7,178)
w(364,7,7,178)
r(465,1,7,178)
w(374,4,7,178)
w(370,4,7,178)
w(382,6,7,178)
r(214,5,7,178)
w(387,7,7,178)
w(390,2,7,178)
r(252,1,7,178)
w(417,6,7,178)
r(523,1,7,178)
r(108,8,8,179)
w(442,6,8,179)
w(439,5,8,179)
w(454,3,8,179)
r(138,2,8,179)
w(449,3,8,179)
r(371,2,8,179)
r(84,3,8,179)
w(469,5,8,179)
w(469,6,8,179)
w(434,7,8,179)
r(100,8,8,179)
r(29,4,8,179)
r(519,3,8,179)
r(385,4,8,179)
r(480,4,8,179)
w(442,7,8,179)
w(470,9,8,179)
r(516,5,8,179)
w(423,3,8,179)
w(518,3,9,180)
r(207,2,9,180)
r(151,2,9,180)
w(508,7,9,180)
w(482,8,9,180)
w(503,5,9,180)
r(129,6,9,180)
r(370,3,9,180)
r(502,5,9,180)
r(269,1,9,180)
w(503,6,9,180)
r(40,2,9,180)
r(203,3,9,180)
w(482,9,9,180)
r(202,2,9,180)
r(359,2,9,180)
w(527,6,9,180)
r(398,4,9,180)
r(377,1,9,180)
w(502,6,9,180)
w(50,3,1,181)
r(324,1,1,181)
w(8,7,1,181)
w(20,4,1,181)
r(253,1,1,181)
r(446,1,1,181)
w(5,8,1,181)
r(460,3,1,181)
r(192,6,1,181)
r(288,1,1,181)
w(50,4,1,181)
w(33,4,1,181)
w(42,6,1,181)
r(5,8,1,181)
r(160,2,1,181)
w(2,4,1,181)
r(100,4,1,181)
w(12,5,1,181)
w(22,4,1,181)
w(55,5,1,181)
r(396,4,2,182)
w(119,8,2,182)
r(451,2,2,182)
r(268,7,2,182)
r(509,2,2,182)
w(69,5,2,182)
r(271,3,2,182)
r(215,1,2,182)
w(64,5,2,182)
w(92,5,2,182)
w(111,4,2,182)
w(102,3,2,182)
w(116,7,2,182)
r(166,1,2,182)
r(477,4,2,182)
w(80,5,2,182)
w(70,7,2,182)
w(82,4,2,182)
w(82,5,2,182)
r(108,7,2,182)
r(426,2,3,183)
w(176,6,3,183)
w(153,3,3,183)
w(177,3,3,183)
w(139,7,3,183)
r(314,4,3,183)
r(350,5,3,183)
r(84,1,3,183)
r(393,2,3,183)
w(122,4,3,183)
r(206,5,3,183)
r(320,5,3,183)
r(145,3,3,183)
r(319,3,3,183)
w(165,7,3,183)
r(435,2,3,183)
w(146,3,3,183)
w(136,10,3,183)
r(174,8,3,183)
r(465,2,3,183)
r(71,2,4,184)
w(198,6,4,184)
r(50,2,4,184)
r(372,4,4,184)
r(303,1,4,184)
w(233,3,4,184)
w(230,5,4,184)
r(74,1,4,184)
w(239,2,4,184)
w(232,6,4,184)
w(185,4,4,184)
w(217,6,4,184)
r(366,5,4,184)
w(182,6,4,184)
r(108,4,4,184)
w(212,9,4,184)
w(195,6,4,184)
r(128,1,4,184)
w(186,2,4,184)
w(223,5,4,184)
w(254,8,5,185)
w(297,4,5,185)
r(459,5,5,185)
r(355,2,5,185)
w(244,5,5,185)
w(259,6,5,185)
r(65,7,5,185)
w(279,2,5,185)
r(466,6,5,185)
r(421,5,5,185)
w(245,5,5,185)
r(50,1,5,185)
r(442,5,5,185)
r(474,5,5,185)
r(139,2,5,185)
w(291,7,5,185)
w(285,2,5,185)
w(297,5,5,185)
w(279,3,5,185)
w(293,8,5,185)
w(309,6,6,186)
w(343,8,6,186)
w(326,3,6,186)
r(303,3,6,186)
r(519,3,6,186)
r(38,2,6,186)
w(328,6,6,186)
r(400,2,6,186)
r(456,1,6,186)
w(323,5,6,186)
w(338,3,6,186)
w(306,8,6,186)
w(311,4,6,186)
r(120,3,6,186)
w(339,4,6,186)
w(343,9,6,186)
r(126,4,6,186)
r(126,4,6,186)
r(123,3,6,186)
w(351,6,6,186)
r(190,3,7,187)
r(517,3,7,187)
w(410,7,7,187)
w(408,6,7,187)
w(367,5,7,187)
r(153,1,7,187)
w(420,4,7,187)
r(322,2,7,187)
w(381,5,7,187)
w(410,8,7,187)
r(259,2,7,187)
r(65,3,7,187)
r(268,3,7,187)
w(370,5,7,187)
r(285,1,7,187)
w(416,3,7,187)
w(419,6,7,187)
r(423,2,7,187)
r(258,2,7,187)
r(142,1,7,187)
r(236,3,8,188)
r(492,1,8,188)
r(257,6,8,188)
w(437,6,8,188)
r(423,3,8,188)
r(341,1,8,188)
w(422,3,8,188)
w(480,5,8,188)
w(426,3,8,188)
r(97,3,8,188)
w(432,4,8,188)
w(428,6,8,188)
r(441,6,8,188)
r(338,2,8,188)
w(480,6,8,188)
w(424,6,8,188)
r(10,2,8,188)
r(11,3,8,188)
r(16,3,8,188)
r(47,2,8,188)
r(439,4,9,189)
r(54,2,9,189)
r(352,2,9,189)
r(198,3,9,189)
w(501,4,9,189)
r(33,2,9,189)
r(305,7,9,189)
w(491,3,9,189)
w(523,5,9,189)
w(519,4,9,189)
w(516,6,9,189)
r(285,1,9,189)
w(494,7,9,189)
w(515,2,9,189)
w(491,4,9,189)
r(513,3,9,189)
r(280,4,9,189)
w(492,2,9,189)
r(104,2,9,189)
r(141,6,9,189)
r(255,5,1,190)
w(58,6,1,190)
w(29,10,1,190)
w(22,5,1,190)
w(27,3,1,190)
w(41,6,1,190)
w(53,7,1,190)
w(24,6,1,190)
w(9,4,1,190)
w(12,6,1,190)
w(13,7,1,190)
r(159,4,1,190)
w(6,6,1,190)
r(107,2,1,190)
w(40,5,1,190)
r(276,4,1,190)
w(31,6,1,190)
r(270,2,1,190)
r(222,5,1,190)
w(23,2,1,190)
w(74,3,2,191)
w(73,5,2,191)
w(89,6,2,191)
r(468,5,2,191)
r(201,4,2,191)
r(212,3,2,191)
w(94,6,2,191)
w(100,8,2,191)
r(530,1,2,191)
r(96,5,2,191)
w(103,7,2,191)
w(99,5,2,191)
r(335,2,2,191)
w(90,7,2,191)
w(108,8,2,191)
r(39,1,2,191)
r(5,2,2,191)
r(167,2,2,191)
r(479,4,2,191)
r(485,1,2,191)
r(190,1,3,192)
w(145,4,3,192)
w(161,5,3,192)
r(51,3,3,192)
r(415,3,3,192)
r(51,3,3,192)
r(4,3,3,192)
r(367,3,3,192)
r(53,4,3,192)
w(164,7,3,192)
w(129,7,3,192)
r(238,3,3,192)
w(169,7,3,192)
r(508,7,3,192)
r(94,3,3,192)
r(501,3,3,192)
r(288,1,3,192)
w(141,6,3,192)
r(189,4,3,192)
w(146,4,3,192)
r(163,2,4,193)
r(177,1,4,193)
w(187,4,4,193)
w(212,10,4,193)
w(221,5,4,193)
r(515,1,4,193)
w(210,7,4,193)
w(212,11,4,193)
w(233,4,4,193)
w(224,5,4,193)
r(516,1,4,193)
w(190,2,4,193)
w(196,4,4,193)
w(189,6,4,193)
r(95,1,4,193)
r(390,1,4,193)
r(299,3,4,193)
r(256,2,4,193)
w(226,8,4,193)
w(237,6,4,193)
r(46,4,5,194)
r(324,5,5,194)
r(368,4,5,194)
r(419,5,5,194)
r(461,4,5,194)
w(247,3,5,194)
w(278,6,5,194)
w(278,7,5,194)
w(296,4,5,194)
w(250,7,5,194)
r(221,4,5,194)
r(16,3,5,194)
w(265,7,5,194)
w(288,2,5,194)
r(447,3,5,194)
r(217,5,5,194)
r(494,6,5,194)
w(298,3,5,194)
r(516,5,5,194)
r(16,3,5,194)
r(235,1,6,195)
r(526,2,6,195)
w(337,7,6,195)
w(337,8,6,195)
r(353,2,6,195)
r(128,2,6,195)
w(328,7,6,195)
r(352,2,6,195)
w(309,7,6,195)
r(70,2,6,195)
r(401,1,6,195)
r(490,2,6,195)
w(303,4,6,195)
w(339,5,6,195)
r(24,1,6,195)
r(296,2,6,195)
r(1,2,6,195)
w(325,6,6,195)
w(349,5,6,195)
r(306,8,6,195)
r(308,3,7,196)
r(522,3,7,196)
r(34,6,7,196)
w(389,5,7,196)
w(403,5,7,196)
w(375,8,7,196)
w(408,7,7,196)
w(407,8,7,196)
w(380,5,7,196)
w(397,6,7,196)
r(1,5,7,196)
r(331,5,7,196)
r(23,1,7,196)
r(299,6,7,196)
r(98,2,7,196)
w(375,9,7,196)
r(281,4,7,196)
w(407,9,7,196)
r(101,5,7,196)
w(398,5,7,196)
r(257,6,8,197)
r(267,7,8,197)
r(282,5,8,197)
w(425,3,8,197)
w(475,5,8,197)
r(457,4,8,197)
r(411,3,8,197)
w(426,4,8,197)
w(466,7,8,197)
r(158,3,8,197)
w(459,6,8,197)
w(437,7,8,197)
r(355,4,8,197)
w(460,8,8,197)
r(166,3,8,197)
w(459,7,8,197)
r(318,7,8,197)
w(435,4,8,197)
r(380,4,8,197)
w(454,4,8,197)
r(328,7,9,198)
r(390,1,9,198)
r(54,2,9,198)
r(197,2,9,198)
w(495,5,9,198)
w(511,5,9,198)
r(299,5,9,198)
r(242,1,9,198)
w(498,3,9,198)
w(514,7,9,198)
r(224,2,9,198)
r(82,2,9,198)
w(506,2,9,198)
r(255,4,9,198)
r(407,3,9,198)
r(57,4,9,198)
r(309,7,9,198)
w(494,8,9,198)
w(532,5,9,198)
w(487,5,9,198)
w(60,6,1,199)
w(4,5,1,199)
r(384,3,1,199)
r(70,5,1,199)
w(47,3,1,199)
w(25,5,1,199)
w(60,7,1,199)
w(21,6,1,199)
w(19,5,1,199)
r(428,2,1,199)
w(33,5,1,199)
w(53,8,1,199)
w(16,5,1,199)
r(492,1,1,199)
w(11,7,1,199)
r(18,5,1,199)
w(16,6,1,199)
r(439,4,1,199)
w(19,6,1,199)
r(365,5,1,199)
r(533,1,2,200)
w(90,8,2,200)
w(65,8,2,200)
r(252,6,2,200)
r(172,1,2,200)
w(113,5,2,200)
r(428,5,2,200)
r(469,4,2,200)
w(70,8,2,200)
r(470,8,2,200)
w(111,5,2,200)
r(13,2,2,200)
w(76,5,2,200)
r(265,6,2,200)
r(253,1,2,200)
w(90,9,2,200)
r(418,3,2,200)
r(18,2,2,200)
r(149,1,2,200)
w(105,5,2,200)
r(494,7,3,201)
r(334,7,3,201)
r(67,1,3,201)
r(202,2,3,201)
w(137,4,3,201)
w(176,7,3,201)
r(231,3,3,201)
w(175,6,3,201)
r(181,3,3,201)
r(521,4,3,201)
r(430,1,3,201)
r(480,2,3,201)
r(477,4,3,201)
r(525,6,3,201)
r(317,2,3,201)
w(142,6,3,201)
r(400,4,3,201)
w(126,5,3,201)
r(214,4,3,201)
r(130,9,3,201)
w(205,7,4,202)
w(218,6,4,202)
r(319,1,4,202)
w(221,6,4,202)
w(181,5,4,202)
w(232,7,4,202)
r(334,1,4,202)
w(187,5,4,202)
r(29,9,4,202)
r(117,2,4,202)
r(155,2,4,202)
w(190,3,4,202)
r(42,5,4,202)
w(219,4,4,202)
r(464,3,4,202)
w(202,5,4,202)
r(190,3,4,202)
r(311,1,4,202)
r(175,1,4,202)
w(215,5,4,202)
w(246,3,5,203)
r(217,5,5,203)
r(537,2,5,203)
r(185,3,5,203)
r(241,4,5,203)
r(414,3,5,203)
w(277,2,5,203)
w(284,7,5,203)
w(290,6,5,203)
w(292,9,5,203)
r(126,4,5,203)
r(40,3,5,203)
w(270,3,5,203)
w(300,5,5,203)
w(282,5,5,203)
w(288,3,5,203)
r(178,3,5,203)
w(250,8,5,203)
r(283,4,5,203)
w(264,4,5,203)
w(323,6,6,204)
w(327,3,6,204)
w(333,5,6,204)
w(329,4,6,204)
w(317,2,6,204)
r(362,2,6,204)
w(350,5,6,204)
w(338,4,6,204)
w(340,5,6,204)
w(306,9,6,204)
w(316,4,6,204)
r(378,2,6,204)
w(303,5,6,204)
w(347,7,6,204)
w(346,4,6,204)
w(305,6,6,204)
r(282,3,6,204)
w(304,7,6,204)
r(287,2,6,204)
r(50,1,6,204)
w(376,2,7,205)
r(55,5,7,205)
w(373,5,7,205)
r(394,4,7,205)
r(446,3,7,205)
w(414,5,7,205)
r(281,4,7,205)
r(332,4,7,205)
r(456,2,7,205)
r(433,7,7,205)
w(393,5,7,205)
w(364,8,7,205)
r(330,3,7,205)
r(111,2,7,205)
r(113,4,7,205)
r(142,2,7,205)
w(407,10,7,205)
r(513,2,7,205)
r(459,4,7,205)
w(411,4,7,205)
r(337,6,8,206)
r(372,4,8,206)
r(432,4,8,206)
r(538,5,8,206)
w(478,5,8,206)
r(453,5,8,206)
w(428,7,8,206)
r(178,3,8,206)
w(443,3,8,206)
w(476,6,8,206)
r(349,4,8,206)
w(470,10,8,206)
r(286,4,8,206)
w(432,5,8,206)
w(468,6,8,206)
r(170,2,8,206)
w(429,9,8,206)
w(423,4,8,206)
r(298,3,8,206)
r(160,5,8,206)
r(286,4,9,207)
r(524,2,9,207)
w(503,7,9,207)
r(41,4,9,207)
w(491,5,9,207)
w(525,7,9,207)
r(284,6,9,207)
w(513,4,9,207)
w(505,4,9,207)
w(495,6,9,207)
w(506,3,9,207)
w(508,8,9,207)
w(528,4,9,207)
r(273,4,9,207)
w(518,4,9,207)
w(495,7,9,207)
r(153,5,9,207)
r(19,4,9,207)
r(353,2,9,207)
r(344,4,9,207)
w(29,11,1,208)
w(31,7,1,208)
w(42,7,1,208)
w(5,9,1,208)
w(51,5,1,208)
w(51,6,1,208)
r(346,3,1,208)
w(24,7,1,208)
w(32,5,1,208)
w(16,7,1,208)
w(19,7,1,208)
w(25,6,1,208)
r(228,6,1,208)
w(50,5,1,208)
w(24,8,1,208)
w(46,5,1,208)
r(349,3,1,208)
w(60,8,1,208)
r(118,3,1,208)
w(40,6,1,208)
w(106,4,2,209)
w(74,4,2,209)
r(124,5,2,209)
w(93,7,2,209)
w(72,4,2,209)
r(463,3,2,209)
r(238,3,2,209)
w(98,3,2,209)
r(71,4,2,209)
w(116,8,2,209)
w(87,7,2,209)
w(116,9,2,209)
r(508,5,2,209)
w(89,7,2,209)
r(514,4,2,209)
r(177,2,2,209)
r(338,2,2,209)
w(102,4,2,209)
w(98,4,2,209)
r(262,7,2,209)
r(283,2,3,210)
r(218,4,3,210)
w(177,4,3,210)
r(200,3,3,210)
r(128,2,3,210)
r(292,7,3,210)
r(209,3,3,210)
w(170,5,3,210)
w(150,2,3,210)
r(165,7,3,210)
w(128,3,3,210)
r(242,1,3,210)
w(149,5,3,210)
w(180,7,3,210)
r(398,4,3,210)
r(179,7,3,210)
w(122,5,3,210)
w(133,5,3,210)
r(201,5,3,210)
r(496,5,3,210)
r(10,3,4,211)
r(177,1,4,211)
w(230,6,4,211)
r(220,4,4,211)
r(58,5,4,211)
w(183,5,4,211)
w(182,7,4,211)
r(229,4,4,211)
w(221,7,4,211)
w(191,7,4,211)
r(530,1,4,211)
r(277,1,4,211)
w(212,12,4,211)
w(239,3,4,211)
w(210,8,4,211)
r(322,2,4,211)
r(272,1,4,211)
r(92,3,4,211)
r(405,2,4,211)
r(459,2,4,211)
r(5,4,5,212)
w(256,6,5,212)
r(146,2,5,212)
r(478,4,5,212)
w(288,4,5,212)
r(517,3,5,212)
w(241,5,5,212)
r(219,3,5,212)
w(288,5,5,212)
w(241,6,5,212)
r(120,6,5,212)
w(257,7,5,212)
r(312,2,5,212)
w(275,4,5,212)
w(244,6,5,212)
r(300,5,5,212)
w(252,7,5,212)
w(268,8,5,212)
w(299,9,5,212)
r(521,4,5,212)
r(193,4,6,213)
r(310,4,6,213)
w(313,6,6,213)
r(93,4,6,213)
r(271,2,6,213)
w(304,8,6,213)
w(303,6,6,213)
w(347,8,6,213)
r(348,4,6,213)
w(332,5,6,213)
w(351,7,6,213)
w(313,7,6,213)
w(337,9,6,213)
r(204,3,6,213)
r(63,3,6,213)
w(325,7,6,213)
w(321,5,6,213)
w(338,5,6,213)
r(300,2,6,213)
r(340,5,6,213)
w(392,4,7,214)
w(376,3,7,214)
w(381,6,7,214)
w(406,6,7,214)
w(382,7,7,214)
w(395,5,7,214)
w(363,7,7,214)
r(462,7,7,214)
r(412,1,7,214)
r(376,3,7,214)
r(125,2,7,214)
r(211,3,7,214)
w(406,7,7,214)
w(389,6,7,214)
w(416,4,7,214)
w(366,6,7,214)
r(360,5,7,214)
r(8,7,7,214)
w(416,5,7,214)
r(160,5,7,214)
r(256,6,8,215)
w(423,5,8,215)
w(455,4,8,215)
w(429,10,8,215)
r(408,4,8,215)
w(439,6,8,215)
w(477,5,8,215)
w(444,9,8,215)
w(440,5,8,215)
r(304,6,8,215)
w(453,6,8,215)
w(436,5,8,215)
w(451,3,8,215)
w(421,6,8,215)
r(429,10,8,215)
w(457,5,8,215)
w(440,6,8,215)
r(487,4,8,215)
w(469,7,8,215)
w(447,4,8,215)
w(488,9,9,216)
r(391,3,9,216)
r(418,5,9,216)
w(493,7,9,216)
w(500,8,9,216)
w(485,8,9,216)
r(312,5,9,216)
w(520,4,9,216)
r(123,4,9,216)
r(314,5,9,216)
w(486,4,9,216)
r(491,5,9,216)
r(56,6,9,216)
r(461,3,9,216)
r(468,5,9,216)
r(152,4,9,216)
w(539,5,9,216)
r(38,3,9,216)
w(501,5,9,216)
r(228,6,9,216)
w(2,5,1,217)
w(43,4,1,217)
w(28,6,1,217)
r(274,4,1,217)
w(37,4,1,217)
r(196,4,1,217)
w(15,7,1,217)
r(367,5,1,217)
w(50,6,1,217)
r(321,3,1,217)
w(18,6,1,217)
w(12,7,1,217)
w(29,12,1,217)
w(41,7,1,217)
w(37,5,1,217)
r(310,3,1,217)
r(173,4,1,217)
w(38,4,1,217)
r(246,2,1,217)
w(22,6,1,217)
w(83,4,2,218)
r(437,5,2,218)
w(91,3,2,218)
r(203,4,2,218)
w(66,7,2,218)
r(56,5,2,218)
r(350,4,2,218)
w(113,6,2,218)
r(144,3,2,218)
w(75,4,2,218)
r(60,4,2,218)
w(64,6,2,218)
r(326,2,2,218)
r(426,2,2,218)
w(107,4,2,218)
r(435,3,2,218)
w(85,5,2,218)
w(67,4,2,218)
r(122,1,2,218)
w(79,4,2,218)
w(121,3,3,219)
w(133,6,3,219)
r(384,3,3,219)
w(142,7,3,219)
w(171,4,3,219)
r(192,6,3,219)
w(149,6,3,219)
r(189,6,3,219)
w(159,5,3,219)
w(153,4,3,219)
r(12,4,3,219)
w(168,3,3,219)
w(133,7,3,219)
w(153,5,3,219)
r(324,6,3,219)
w(168,4,3,219)
w(164,8,3,219)
w(127,8,3,219)
w(166,5,3,219)
r(289,2,3,219)
r(356,4,4,220)
w(190,4,4,220)
w(193,6,4,220)
w(198,7,4,220)
w(197,4,4,220)
r(455,1,4,220)
w(183,6,4,220)
w(240,5,4,220)
r(517,3,4,220)
r(199,1,4,220)
r(501,1,4,220)
r(9,3,4,220)
r(431,2,4,220)
w(226,9,4,220)
r(259,5,4,220)
r(271,3,4,220)
r(405,2,4,220)
r(95,2,4,220)
r(2,4,4,220)
w(205,8,4,220)
w(298,4,5,221)
r(494,6,5,221)
w(295,5,5,221)
w(258,4,5,221)
w(282,6,5,221)
r(481,6,5,221)
r(327,2,5,221)
r(137,2,5,221)
w(282,7,5,221)
w(242,3,5,221)
r(295,5,5,221)
w(280,8,5,221)
r(27,2,5,221)
w(294,7,5,221)
w(267,8,5,221)
r(531,5,5,221)
r(69,6,5,221)
w(262,8,5,221)
w(255,7,5,221)
w(263,7,5,221)
r(362,2,6,222)
w(319,4,6,222)
w(322,5,6,222)
w(319,5,6,222)
w(336,5,6,222)
r(253,1,6,222)
r(377,1,6,222)
r(297,2,6,222)
r(523,4,6,222)
r(91,2,6,222)
w(333,6,6,222)
w(318,8,6,222)
r(405,2,6,222)
r(214,4,6,222)
r(169,6,6,222)
w(318,9,6,222)
w(312,5,6,222)
w(306,10,6,222)
w(358,8,6,222)
r(80,3,6,222)
w(388,5,7,223)
r(157,2,7,223)
w(380,6,7,223)
w(408,8,7,223)
r(257,6,7,223)
r(340,3,7,223)
w(415,5,7,223)
r(317,1,7,223)
w(396,11,7,223)
w(397,7,7,223)
r(108,5,7,223)
w(366,7,7,223)
r(267,4,7,223)
w(397,8,7,223)
w(413,4,7,223)
r(488,5,7,223)
r(445,4,7,223)
r(249,4,7,223)
r(252,3,7,223)
r(521,4,7,223)
r(195,5,8,224)
w(459,8,8,224)
w(449,4,8,224)
w(438,6,8,224)
r(109,4,8,224)
w(466,8,8,224)
r(466,8,8,224)
r(155,3,8,224)
w(472,6,8,224)
r(483,1,8,224)
r(404,2,8,224)
r(328,5,8,224)
r(499,7,8,224)
r(140,3,8,224)
r(475,5,8,224)
r(396,8,8,224)
w(463,4,8,224)
r(172,3,8,224)
w(438,7,8,224)
w(457,6,8,224)
r(326,4,9,225)
w(482,10,9,225)
w(485,9,9,225)
w(481,9,9,225)
w(526,3,9,225)
r(58,5,9,225)
w(509,4,9,225)
w(521,5,9,225)
r(452,3,9,225)
w(528,5,9,225)
w(540,5,9,225)
w(523,6,9,225)
w(509,5,9,225)
w(489,5,9,225)
r(509,5,9,225)
w(534,5,9,225)
w(503,8,9,225)
r(203,4,9,225)
w(532,6,9,225)
r(453,5,9,225)
w(31,8,1,226)
w(28,7,1,226)
r(60,8,1,226)
w(14,7,1,226)
r(305,3,1,226)
w(7,4,1,226)
w(24,9,1,226)
r(139,4,1,226)
w(60,9,1,226)
w(8,8,1,226)
r(444,5,1,226)
w(10,4,1,226)
w(7,5,1,226)
r(372,5,1,226)
w(47,4,1,226)
r(214,5,1,226)
r(230,6,1,226)
r(345,6,1,226)
w(3,8,1,226)
w(5,10,1,226)
r(362,2,2,227)
r(40,3,2,227)
r(438,5,2,227)
r(54,2,2,227)
r(215,4,2,227)
r(82,5,2,227)
r(406,5,2,227)
r(30,2,2,227)
w(108,9,2,227)
w(108,10,2,227)
w(104,5,2,227)
w(108,11,2,227)
w(90,10,2,227)
w(93,8,2,227)
r(161,4,2,227)
w(61,4,2,227)
w(103,8,2,227)
r(47,2,2,227)
r(424,5,2,227)
w(86,6,2,227)
r(463,3,3,228)
w(146,5,3,228)
r(29,9,3,228)
r(31,4,3,228)
w(149,7,3,228)
w(166,6,3,228)
r(4,4,3,228)
r(28,5,3,228)
w(176,8,3,228)
r(398,4,3,228)
r(261,6,3,228)
w(166,7,3,228)
w(157,5,3,228)
w(160,7,3,228)
r(259,5,3,228)
r(266,8,3,228)
w(152,4,3,228)
w(173,5,3,228)
w(177,5,3,228)
r(383,4,3,228)
w(188,6,4,229)
w(181,6,4,229)
r(49,2,4,229)
w(240,6,4,229)
w(226,10,4,229)
r(208,4,4,229)
w(210,9,4,229)
w(233,5,4,229)
w(195,7,4,229)
w(190,5,4,229)
r(393,5,4,229)
w(197,5,4,229)
r(215,5,4,229)
w(194,5,4,229)
w(221,8,4,229)
r(506,1,4,229)
r(299,6,4,229)
r(495,1,4,229)
r(376,2,4,229)
r(92,3,4,229)
w(244,7,5,230)
r(116,10,5,230)
r(306,7,5,230)
w(256,7,5,230)
r(539,4,5,230)
r(357,5,5,230)
w(296,5,5,230)
r(499,7,5,230)
w(255,8,5,230)
w(280,9,5,230)
r(353,2,5,230)
w(248,3,5,230)
r(440,6,5,230)
r(17,2,5,230)
w(293,9,5,230)
r(105,5,5,230)
w(286,5,5,230)
w(258,5,5,230)
r(493,5,5,230)
w(284,8,5,230)
w(351,8,6,231)
w(322,6,6,231)
w(330,4,6,231)
w(314,5,6,231)
w(334,7,6,231)
w(305,7,6,231)
r(319,5,6,231)
r(157,4,6,231)
r(146,3,6,231)
r(497,6,6,231)
w(339,6,6,231)
r(460,5,6,231)
w(338,6,6,231)
r(182,2,6,231)
w(310,5,6,231)
w(339,7,6,231)
w(322,7,6,231)
w(344,3,6,231)
r(154,4,6,231)
r(191,5,6,231)
r(318,7,7,232)
r(211,3,7,232)
w(394,5,7,232)
w(380,7,7,232)
w(395,6,7,232)
w(403,6,7,232)
w(392,5,7,232)
r(317,1,7,232)
r(341,1,7,232)
r(255,5,7,232)
w(368,6,7,232)
r(20,4,7,232)
r(451,1,7,232)
r(215,5,7,232)
r(213,3,7,232)
r(457,2,7,232)
w(387,8,7,232)
r(112,4,7,232)
r(527,4,7,232)
r(312,2,7,232)
w(433,11,8,233)
w(470,11,8,233)
r(181,4,8,233)
w(430,5,8,233)
w(473,4,8,233)
w(461,5,8,233)
w(473,5,8,233)
r(82,5,8,233)
r(54,2,8,233)
r(290,6,8,233)
r(198,3,8,233)
w(425,4,8,233)
w(449,5,8,233)
w(423,6,8,233)
r(303,3,8,233)
r(17,2,8,233)
r(105,5,8,233)
w(449,6,8,233)
r(152,2,8,233)
r(446,5,8,233)
r(451,2,9,234)
r(326,4,9,234)
w(531,8,9,234)
w(539,6,9,234)
r(328,7,9,234)
r(293,7,9,234)
w(521,6,9,234)
r(348,5,9,234)
r(55,4,9,234)
w(507,5,9,234)
w(492,3,9,234)
w(518,5,9,234)
w(493,8,9,234)
r(214,5,9,234)
w(508,9,9,234)
r(47,2,9,234)
r(36,3,9,234)
r(375,7,9,234)
r(492,3,9,234)
r(460,7,9,234)
r(242,2,1,235)
w(47,5,1,235)
r(75,3,1,235)
r(71,2,1,235)
w(40,7,1,235)
w(32,6,1,235)
w(31,9,1,235)
w(35,4,1,235)
w(29,13,1,235)
w(14,8,1,235)
w(24,10,1,235)
w(3,9,1,235)
w(20,5,1,235)
w(25,7,1,235)
r(389,6,1,235)
w(15,8,1,235)
w(13,8,1,235)
r(70,5,1,235)
w(50,7,1,235)
r(75,3,1,235)
w(117,4,2,236)
r(56,5,2,236)
r(202,3,2,236)
r(371,2,2,236)
r(95,3,2,236)
r(303,3,2,236)
r(401,3,2,236)
r(36,3,2,236)
r(86,6,2,236)
r(510,3,2,236)
r(164,5,2,236)
w(110,6,2,236)
w(92,6,2,236)
w(116,10,2,236)
r(65,8,2,236)
r(344,2,2,236)
w(115,6,2,236)
w(99,6,2,236)
w(64,7,2,236)
r(480,6,2,236)
r(523,5,3,237)
r(327,3,3,237)
w(149,8,3,237)
r(531,7,3,237)
r(161,5,3,237)
r(475,4,3,237)
w(158,5,3,237)
w(163,5,3,237)
r(479,4,3,237)
r(161,5,3,237)
w(173,6,3,237)
w(172,4,3,237)
w(172,5,3,237)
r(263,6,3,237)
w(166,8,3,237)
w(122,6,3,237)
r(253,1,3,237)
r(262,7,3,237)
r(124,6,3,237)
r(109,4,3,237)
r(207,2,4,238)
w(207,3,4,238)
w(215,6,4,238)
r(133,3,4,238)
r(437,4,4,238)
r(525,4,4,238)
r(447,3,4,238)
w(200,4,4,238)
r(126,4,4,238)
r(105,3,4,238)
r(244,4,4,238)
r(124,5,4,238)
r(181,6,4,238)
r(118,3,4,238)
w(239,4,4,238)
w(192,7,4,238)
r(174,4,4,238)
w(188,7,4,238)
w(182,8,4,238)
w(217,7,4,238)
w(286,6,5,239)
r(108,11,5,239)
r(355,4,5,239)
w(279,4,5,239)
w(280,10,5,239)
r(118,5,5,239)
w(292,10,5,239)
w(290,7,5,239)
r(150,1,5,239)
w(284,9,5,239)
r(313,5,5,239)
w(297,6,5,239)
w(270,4,5,239)
r(366,3,5,239)
w(283,5,5,239)
r(213,3,5,239)
w(300,6,5,239)
w(262,9,5,239)
r(415,3,5,239)
r(477,5,5,239)
w(303,7,6,240)
r(404,2,6,240)
w(323,7,6,240)
r(429,4,6,240)
r(92,3,6,240)
r(210,5,6,240)
w(357,6,6,240)
w(307,4,6,240)
w(359,3,6,240)
r(162,7,6,240)
w(348,5,6,240)
r(102,2,6,240)
w(343,10,6,240)
w(338,7,6,240)
w(303,8,6,240)
w(344,4,6,240)
r(133,4,6,240)
w(336,6,6,240)
r(234,3,6,240)
r(352,2,6,240)
w(413,5,7,241)
w(379,5,7,241)
w(385,7,7,241)
r(482,5,7,241)
r(169,4,7,241)
w(362,3,7,241)
w(368,7,7,241)
w(363,8,7,241)
r(478,4,7,241)
w(406,8,7,241)
r(257,6,7,241)
w(412,2,7,241)
r(57,7,7,241)
r(206,7,7,241)
r(426,2,7,241)
r(1,5,7,241)
w(418,6,7,241)
r(482,5,7,241)
r(512,2,7,241)
r(481,5,7,241)
r(304,6,8,242)
w(429,11,8,242)
w(458,9,8,242)
w(421,7,8,242)
r(306,7,8,242)
r(520,3,8,242)
r(540,4,8,242)
r(518,2,8,242)
w(443,4,8,242)
w(451,4,8,242)
r(333,4,8,242)
r(193,4,8,242)
r(413,3,8,242)
r(207,2,8,242)
r(383,2,8,242)
r(19,2,8,242)
w(472,7,8,242)
r(49,1,8,242)
w(451,5,8,242)
w(460,9,8,242)
r(428,5,9,243)
r(247,2,9,243)
w(482,11,9,243)
r(413,3,9,243)
w(531,9,9,243)
w(535,6,9,243)
w(512,6,9,243)
w(513,5,9,243)
w(535,7,9,243)
r(66,6,9,243)
r(47,2,9,243)
r(286,4,9,243)
w(534,6,9,243)
w(502,7,9,243)
w(533,3,9,243)
r(420,3,9,243)
w(508,10,9,243)
r(468,5,9,243)
r(455,2,9,243)
w(487,6,9,243)
w(26,5,1,244)
w(50,8,1,244)
w(49,3,1,244)
r(316,3,1,244)
w(21,7,1,244)
w(34,7,1,244)
r(133,3,1,244)
r(231,3,1,244)
r(217,8,1,244)
r(336,4,1,244)
r(506,1,1,244)
w(18,7,1,244)
w(5,11,1,244)
w(35,5,1,244)
w(18,8,1,244)
w(43,5,1,244)
w(60,10,1,244)
w(12,8,1,244)
w(47,6,1,244)
w(40,8,1,244)
r(107,4,2,245)
r(468,5,2,245)
r(261,6,2,245)
w(80,6,2,245)
r(415,3,2,245)
w(61,5,2,245)
r(3,5,2,245)
r(335,4,2,245)
w(95,4,2,245)
w(69,6,2,245)
r(392,3,2,245)
w(74,5,2,245)
w(119,9,2,245)
r(381,4,2,245)
r(226,7,2,245)
w(75,5,2,245)
w(120,7,2,245)
r(432,4,2,245)
r(20,3,2,245)
r(518,2,2,245)
r(161,5,3,246)
r(523,6,3,246)
r(134,3,3,246)
r(291,6,3,246)
w(168,5,3,246)
w(163,6,3,246)
r(99,4,3,246)
w(156,5,3,246)
w(164,9,3,246)
w(126,6,3,246)
r(34,6,3,246)
r(52,5,3,246)
r(117,3,3,246)
r(58,5,3,246)
r(101,6,3,246)
r(123,4,3,246)
r(369,8,3,246)
r(433,8,3,246)
w(134,4,3,246)
r(325,7,3,246)
w(217,8,4,247)
r(107,2,4,247)
r(323,3,4,247)
w(219,5,4,247)
r(259,5,4,247)
w(200,5,4,247)
w(216,9,4,247)
r(397,8,4,247)
r(355,4,4,247)
r(408,8,4,247)
r(227,5,4,247)
w(187,6,4,247)
w(213,4,4,247)
w(211,4,4,247)
r(487,4,4,247)
r(491,2,4,247)
w(215,7,4,247)
r(164,4,4,247)
w(186,3,4,247)
r(381,6,4,247)
r(136,7,5,248)
r(76,5,5,248)
r(369,6,5,248)
w(277,3,5,248)
r(393,2,5,248)
r(449,6,5,248)
w(280,11,5,248)
w(260,7,5,248)
r(334,6,5,248)
r(317,1,5,248)
r(531,5,5,248)
w(242,4,5,248)
w(281,6,5,248)
r(70,8,5,248)
w(241,7,5,248)
w(257,8,5,248)
r(290,7,5,248)
r(140,3,5,248)
w(300,7,5,248)
w(293,10,5,248)
w(310,6,6,249)
r(199,1,6,249)
r(461,2,6,249)
w(349,6,6,249)
w(319,6,6,249)
r(354,2,6,249)
r(339,7,6,249)
r(128,2,6,249)
w(308,6,6,249)
r(513,3,6,249)
w(333,7,6,249)
w(306,11,6,249)
r(3,3,6,249)
w(304,9,6,249)
w(322,8,6,249)
r(18,2,6,249)
w(337,10,6,249)
w(357,7,6,249)
r(280,4,6,249)
w(341,2,6,249)
w(380,8,7,250)
r(534,2,7,250)
r(301,4,7,250)
w(373,6,7,250)
w(415,6,7,250)
r(509,3,7,250)
r(98,2,7,250)
r(326,2,7,250)
r(374,4,7,250)
r(438,3,7,250)
w(371,3,7,250)
w(383,5,7,250)
w(391,4,7,250)
w(402,5,7,250)
w(385,8,7,250)
w(390,3,7,250)
w(416,6,7,250)
r(275,2,7,250)
w(366,8,7,250)
r(451,1,7,250)
r(81,3,8,251)
r(213,3,8,251)
w(444,10,8,251)
r(341,1,8,251)
w(438,8,8,251)
w(447,5,8,251)
r(153,2,8,251)
w(447,6,8,251)
r(145,2,8,251)
w(455,5,8,251)
r(513,2,8,251)
r(50,2,8,251)
w(463,5,8,251)
w(474,6,8,251)
w(463,6,8,251)
r(53,4,8,251)
r(138,2,8,251)
w(422,4,8,251)
w(433,12,8,251)
w(425,5,8,251)
r(248,2,9,252)
w(528,6,9,252)
r(169,7,9,252)
r(392,3,9,252)
w(538,6,9,252)
w(504,2,9,252)
r(417,5,9,252)
r(313,9,9,252)
w(522,4,9,252)
r(337,10,9,252)
r(49,2,9,252)
w(482,12,9,252)
w(509,6,9,252)
r(307,4,9,252)
r(55,4,9,252)
w(483,3,9,252)
r(428,5,9,252)
w(488,10,9,252)
w(515,3,9,252)
w(514,8,9,252)
r(206,7,1,253)
r(372,5,1,253)
r(76,4,1,253)
r(478,4,1,253)
w(28,8,1,253)
r(150,1,1,253)
r(160,5,1,253)
w(48,6,1,253)
r(256,3,1,253)
r(478,4,1,253)
r(376,3,1,253)
w(1,6,1,253)
r(512,2,1,253)
r(288,1,1,253)
r(297,3,1,253)
r(269,2,1,253)
w(55,6,1,253)
r(343,6,1,253)
r(394,5,1,253)
w(6,7,1,253)
r(142,3,2,254)
r(79,4,2,254)
r(132,5,2,254)
r(316,3,2,254)
w(64,8,2,254)
w(113,7,2,254)
w(89,8,2,254)
w(116,11,2,254)
w(102,5,2,254)
w(102,6,2,254)
w(111,6,2,254)
w(100,9,2,254)
r(540,4,2,254)
w(66,8,2,254)
r(453,6,2,254)
r(33,3,2,254)
w(69,7,2,254)
r(510,3,2,254)
w(117,5,2,254)
w(67,5,2,254)
w(172,6,3,255)
r(277,1,3,255)
r(318,9,3,255)
r(29,9,3,255)
w(128,4,3,255)
w(141,7,3,255)
w(179,8,3,255)
r(288,1,3,255)
w(145,5,3,255)
w(127,9,3,255)
w(160,8,3,255)
r(485,9,3,255)
w(166,9,3,255)
w(172,7,3,255)
r(492,2,3,255)
w(142,8,3,255)
r(387,6,3,255)
w(168,6,3,255)
r(388,4,3,255)
r(287,3,3,255)
w(214,6,4,256)
w(228,7,4,256)
r(247,2,4,256)
r(289,2,4,256)
w(228,8,4,256)
r(122,1,4,256)
w(230,7,4,256)
w(209,5,4,256)
w(203,5,4,256)
w(202,6,4,256)
r(15,7,4,256)
w(238,4,4,256)
w(196,5,4,256)
w(181,7,4,256)
r(298,1,4,256)
r(132,4,4,256)
w(240,7,4,256)
w(214,7,4,256)
w(183,7,4,256)
r(124,5,4,256)
w(270,5,5,257)
r(416,1,5,257)
r(501,1,5,257)
r(409,1,5,257)
r(165,2,5,257)
r(284,9,5,257)
w(247,4,5,257)
r(150,1,5,257)
r(534,3,5,257)
r(297,6,5,257)
w(257,9,5,257)
r(88,5,5,257)
w(300,8,5,257)
r(244,7,5,257)
r(151,1,5,257)
r(493,5,5,257)
w(266,9,5,257)
r(240,4,5,257)
r(458,9,5,257)
w(276,5,5,257)
r(40,2,6,258)
r(354,2,6,258)
w(334,8,6,258)
w(315,4,6,258)
w(324,6,6,258)
r(289,2,6,258)
w(354,3,6,258)
r(370,3,6,258)
r(84,1,6,258)
r(167,6,6,258)
r(153,3,6,258)
w(313,8,6,258)
r(442,4,6,258)
w(313,9,6,258)
w(360,8,6,258)
r(490,2,6,258)
r(97,1,6,258)
w(342,4,6,258)
r(186,1,6,258)
r(343,10,6,258)
r(218,6,7,259)
r(429,5,7,259)
r(436,4,7,259)
w(377,5,7,259)
r(437,4,7,259)
w(405,3,7,259)
r(477,4,7,259)
w(365,6,7,259)
r(182,8,7,259)
w(409,2,7,259)
w(371,4,7,259)
w(411,5,7,259)
r(516,4,7,259)
r(156,3,7,259)
r(20,4,7,259)
r(34,6,7,259)
r(318,7,7,259)
r(383,5,7,259)
w(392,6,7,259)
r(526,2,7,259)
r(248,3,8,260)
r(44,5,8,260)
w(428,8,8,260)
w(445,5,8,260)
w(471,5,8,260)
w(466,9,8,260)
w(462,10,8,260)
r(316,4,8,260)
w(427,4,8,260)
w(460,10,8,260)
r(26,4,8,260)
w(449,7,8,260)
r(271,3,8,260)
r(225,3,8,260)
w(479,6,8,260)
r(476,6,8,260)
w(424,7,8,260)
r(531,7,8,260)
r(124,6,8,260)
w(450,4,8,260)
w(535,8,9,261)
r(121,4,9,261)
w(483,4,9,261)
w(505,5,9,261)
r(330,4,9,261)
w(515,4,9,261)
w(514,9,9,261)
r(25,4,9,261)
r(309,8,9,261)
r(126,6,9,261)
r(206,7,9,261)
w(481,10,9,261)
w(486,5,9,261)
w(488,11,9,261)
r(135,3,9,261)
r(492,3,9,261)
w(539,7,9,261)
r(31,4,9,261)
r(77,2,9,261)
r(351,8,9,261)
r(259,5,1,262)
w(15,9,1,262)
w(49,4,1,262)
w(12,9,1,262)
r(283,4,1,262)
r(299,6,1,262)
r(91,2,1,262)
w(19,8,1,262)
r(267,4,1,262)
r(132,4,1,262)
r(208,4,1,262)
w(41,8,1,262)
w(28,9,1,262)
w(49,5,1,262)
r(25,7,1,262)
w(37,6,1,262)
w(5,12,1,262)
r(43,5,1,262)
w(47,7,1,262)
w(15,10,1,262)
r(332,4,2,263)
w(114,6,2,263)
w(120,8,2,263)
w(92,7,2,263)
w(67,6,2,263)
r(106,4,2,263)
w(78,4,2,263)
r(203,4,2,263)
r(39,3,2,263)
r(343,6,2,263)
w(114,7,2,263)
w(103,9,2,263)
r(502,4,2,263)
w(111,7,2,263)
r(370,3,2,263)
w(115,7,2,263)
r(280,11,2,263)
r(221,4,2,263)
w(68,3,2,263)
r(266,8,2,263)
r(130,9,3,264)
w(171,5,3,264)
r(312,5,3,264)
w(141,8,3,264)
w(138,4,3,264)
w(140,6,3,264)
w(151,3,3,264)
w(121,4,3,264)
w(137,5,3,264)
w(142,9,3,264)
w(132,8,3,264)
r(82,5,3,264)
r(301,5,3,264)
w(134,5,3,264)
w(141,9,3,264)
w(131,9,3,264)
w(122,7,3,264)
r(134,5,3,264)
w(151,4,3,264)
r(31,4,3,264)
w(211,5,4,265)
r(267,4,4,265)
w(226,11,4,265)
w(232,8,4,265)
w(212,13,4,265)
w(198,8,4,265)
w(219,6,4,265)
w(211,6,4,265)
r(12,7,4,265)
r(505,3,4,265)
w(183,8,4,265)
w(182,9,4,265)
r(474,4,4,265)
r(268,5,4,265)
w(224,6,4,265)
w(222,6,4,265)
r(32,5,4,265)
r(162,5,4,265)
r(155,3,4,265)
w(196,6,4,265)
r(52,3,5,266)
r(537,2,5,266)
r(294,7,5,266)
w(264,5,5,266)
r(37,3,5,266)
r(223,4,5,266)
w(299,10,5,266)
r(363,6,5,266)
w(287,4,5,266)
r(312,2,5,266)
w(244,8,5,266)
w(293,11,5,266)
r(2,2,5,266)
r(376,1,5,266)
w(291,8,5,266)
r(182,4,5,266)
r(123,3,5,266)
w(242,5,5,266)
r(421,7,5,266)
w(268,9,5,266)
w(309,8,6,267)
w(302,5,6,267)
r(17,2,6,267)
r(511,5,6,267)
w(306,12,6,267)
w(345,7,6,267)
r(414,4,6,267)
r(205,6,6,267)
w(338,8,6,267)
r(324,6,6,267)
w(350,6,6,267)
w(338,9,6,267)
w(352,3,6,267)
r(405,2,6,267)
w(321,6,6,267)
r(209,4,6,267)
w(326,4,6,267)
w(321,7,6,267)
w(350,7,6,267)
w(323,8,6,267)
r(325,3,7,268)
r(75,3,7,268)
r(522,3,7,268)
r(350,3,7,268)
w(377,6,7,268)
r(339,3,7,268)
r(27,3,7,268)
r(523,4,7,268)
w(417,7,7,268)
w(414,6,7,268)
r(165,2,7,268)
r(53,8,7,268)
r(271,3,7,268)
w(404,3,7,268)
w(369,9,7,268)
r(78,2,7,268)
r(538,4,7,268)
r(289,2,7,268)
w(386,7,7,268)
w(375,10,7,268)
w(450,5,8,269)
w(424,8,8,269)
w(453,7,8,269)
r(106,4,8,269)
r(491,2,8,269)
w(469,8,8,269)
w(462,11,8,269)
w(475,6,8,269)
r(203,4,8,269)
w(430,6,8,269)
w(453,8,8,269)
r(232,7,8,269)
r(103,9,8,269)
r(292,10,8,269)
w(457,7,8,269)
r(458,9,8,269)
w(480,7,8,269)
w(476,7,8,269)
r(26,4,8,269)
r(440,6,8,269)
r(145,5,9,270)
r(257,6,9,270)
r(409,1,9,270)
r(471,4,9,270)
w(507,6,9,270)
w(491,6,9,270)
r(377,4,9,270)
r(411,4,9,270)
w(537,6,9,270)
w(530,4,9,270)
w(512,7,9,270)
r(243,2,9,270)
r(110,5,9,270)
w(496,6,9,270)
r(30,4,9,270)
w(483,5,9,270)
w(491,7,9,270)
w(532,7,9,270)
r(9,4,9,270)
w(500,9,9,270)
