w(1,1,0,0)
w(2,1,0,0)
w(3,1,0,0)
w(4,1,0,0)
w(5,1,0,0)
w(6,1,0,0)
w(7,1,0,0)
w(8,1,0,0)
w(9,1,0,0)
w(10,1,0,0)
w(11,1,0,0)
w(12,1,0,0)
w(13,1,0,0)
w(14,1,0,0)
w(15,1,0,0)
w(16,1,0,0)
w(17,1,0,0)
w(18,1,0,0)
w(19,1,0,0)
w(20,1,0,0)
w(21,1,0,0)
w(22,1,0,0)
w(23,1,0,0)
w(24,1,0,0)
w(25,1,0,0)
w(26,1,0,0)
w(27,1,0,0)
w(28,1,0,0)
w(29,1,0,0)
w(30,1,0,0)
w(31,1,0,0)
w(32,1,0,0)
w(33,1,0,0)
w(34,1,0,0)
w(35,1,0,0)
w(36,1,0,0)
w(37,1,0,0)
w(38,1,0,0)
w(39,1,0,0)
w(40,1,0,0)
w(41,1,0,0)
w(42,1,0,0)
w(43,1,0,0)
w(44,1,0,0)
w(45,1,0,0)
w(46,1,0,0)
w(47,1,0,0)
w(48,1,0,0)
w(49,1,0,0)
w(50,1,0,0)
w(51,1,0,0)
w(52,1,0,0)
w(53,1,0,0)
w(54,1,0,0)
w(55,1,0,0)
w(56,1,0,0)
w(57,1,0,0)
w(58,1,0,0)
w(59,1,0,0)
w(60,1,0,0)
w(61,1,0,0)
w(62,1,0,0)
w(63,1,0,0)
w(64,1,0,0)
w(65,1,0,0)
w(66,1,0,0)
w(67,1,0,0)
w(68,1,0,0)
w(69,1,0,0)
w(70,1,0,0)
w(71,1,0,0)
w(72,1,0,0)
w(73,1,0,0)
w(74,1,0,0)
w(75,1,0,0)
w(76,1,0,0)
w(77,1,0,0)
w(78,1,0,0)
w(79,1,0,0)
w(80,1,0,0)
w(81,1,0,0)
w(82,1,0,0)
w(83,1,0,0)
w(84,1,0,0)
w(85,1,0,0)
w(86,1,0,0)
w(87,1,0,0)
w(88,1,0,0)
w(89,1,0,0)
w(90,1,0,0)
w(91,1,0,0)
w(92,1,0,0)
w(93,1,0,0)
w(94,1,0,0)
w(95,1,0,0)
w(96,1,0,0)
w(97,1,0,0)
w(98,1,0,0)
w(99,1,0,0)
w(100,1,0,0)
w(101,1,0,0)
w(102,1,0,0)
w(103,1,0,0)
w(104,1,0,0)
w(105,1,0,0)
w(106,1,0,0)
w(107,1,0,0)
w(108,1,0,0)
w(109,1,0,0)
w(110,1,0,0)
w(111,1,0,0)
w(112,1,0,0)
w(113,1,0,0)
w(114,1,0,0)
w(115,1,0,0)
w(116,1,0,0)
w(117,1,0,0)
w(118,1,0,0)
w(119,1,0,0)
w(120,1,0,0)
w(121,1,0,0)
w(122,1,0,0)
w(123,1,0,0)
w(124,1,0,0)
w(125,1,0,0)
w(126,1,0,0)
w(127,1,0,0)
w(128,1,0,0)
w(129,1,0,0)
w(130,1,0,0)
w(131,1,0,0)
w(132,1,0,0)
w(133,1,0,0)
w(134,1,0,0)
w(135,1,0,0)
w(136,1,0,0)
w(137,1,0,0)
w(138,1,0,0)
w(139,1,0,0)
w(140,1,0,0)
w(141,1,0,0)
w(142,1,0,0)
w(143,1,0,0)
w(144,1,0,0)
w(145,1,0,0)
w(146,1,0,0)
w(147,1,0,0)
w(148,1,0,0)
w(149,1,0,0)
w(150,1,0,0)
w(151,1,0,0)
w(152,1,0,0)
w(153,1,0,0)
w(154,1,0,0)
w(155,1,0,0)
w(156,1,0,0)
w(157,1,0,0)
w(158,1,0,0)
w(159,1,0,0)
w(160,1,0,0)
w(161,1,0,0)
w(162,1,0,0)
w(163,1,0,0)
w(164,1,0,0)
w(165,1,0,0)
w(166,1,0,0)
w(167,1,0,0)
w(168,1,0,0)
w(169,1,0,0)
w(170,1,0,0)
w(171,1,0,0)
w(172,1,0,0)
w(173,1,0,0)
w(174,1,0,0)
w(175,1,0,0)
w(176,1,0,0)
w(177,1,0,0)
w(178,1,0,0)
w(179,1,0,0)
w(180,1,0,0)
w(181,1,0,0)
w(182,1,0,0)
w(183,1,0,0)
w(184,1,0,0)
w(185,1,0,0)
w(186,1,0,0)
w(187,1,0,0)
w(188,1,0,0)
w(189,1,0,0)
w(190,1,0,0)
w(191,1,0,0)
w(192,1,0,0)
w(193,1,0,0)
w(194,1,0,0)
w(195,1,0,0)
w(196,1,0,0)
w(197,1,0,0)
w(198,1,0,0)
w(199,1,0,0)
w(200,1,0,0)
w(201,1,0,0)
w(202,1,0,0)
w(203,1,0,0)
w(204,1,0,0)
w(205,1,0,0)
w(206,1,0,0)
w(207,1,0,0)
w(208,1,0,0)
w(209,1,0,0)
w(210,1,0,0)
w(211,1,0,0)
w(212,1,0,0)
w(213,1,0,0)
w(214,1,0,0)
w(215,1,0,0)
w(216,1,0,0)
w(217,1,0,0)
w(218,1,0,0)
w(219,1,0,0)
w(220,1,0,0)
w(221,1,0,0)
w(222,1,0,0)
w(223,1,0,0)
w(224,1,0,0)
w(225,1,0,0)
w(226,1,0,0)
w(227,1,0,0)
w(228,1,0,0)
w(229,1,0,0)
w(230,1,0,0)
w(231,1,0,0)
w(232,1,0,0)
w(233,1,0,0)
w(234,1,0,0)
w(235,1,0,0)
w(236,1,0,0)
w(237,1,0,0)
w(238,1,0,0)
w(239,1,0,0)
w(240,1,0,0)
w(241,1,0,0)
w(242,1,0,0)
w(243,1,0,0)
w(244,1,0,0)
w(245,1,0,0)
w(246,1,0,0)
w(247,1,0,0)
w(248,1,0,0)
w(249,1,0,0)
w(250,1,0,0)
w(251,1,0,0)
w(252,1,0,0)
w(253,1,0,0)
w(254,1,0,0)
w(255,1,0,0)
w(256,1,0,0)
w(257,1,0,0)
w(258,1,0,0)
w(259,1,0,0)
w(260,1,0,0)
w(261,1,0,0)
w(262,1,0,0)
w(263,1,0,0)
w(264,1,0,0)
w(265,1,0,0)
w(266,1,0,0)
w(267,1,0,0)
w(268,1,0,0)
w(269,1,0,0)
w(270,1,0,0)
w(271,1,0,0)
w(272,1,0,0)
w(273,1,0,0)
w(274,1,0,0)
w(275,1,0,0)
w(276,1,0,0)
w(277,1,0,0)
w(278,1,0,0)
w(279,1,0,0)
w(280,1,0,0)
w(281,1,0,0)
w(282,1,0,0)
w(283,1,0,0)
w(284,1,0,0)
w(285,1,0,0)
w(286,1,0,0)
w(287,1,0,0)
w(288,1,0,0)
w(289,1,0,0)
w(290,1,0,0)
w(291,1,0,0)
w(292,1,0,0)
w(293,1,0,0)
w(294,1,0,0)
w(295,1,0,0)
w(296,1,0,0)
w(297,1,0,0)
w(298,1,0,0)
w(299,1,0,0)
w(300,1,0,0)
w(301,1,0,0)
w(302,1,0,0)
w(303,1,0,0)
w(304,1,0,0)
w(305,1,0,0)
w(306,1,0,0)
w(307,1,0,0)
w(308,1,0,0)
w(309,1,0,0)
w(310,1,0,0)
w(311,1,0,0)
w(312,1,0,0)
w(313,1,0,0)
w(314,1,0,0)
w(315,1,0,0)
w(316,1,0,0)
w(317,1,0,0)
w(318,1,0,0)
w(319,1,0,0)
w(320,1,0,0)
w(321,1,0,0)
w(322,1,0,0)
w(323,1,0,0)
w(324,1,0,0)
w(325,1,0,0)
w(326,1,0,0)
w(327,1,0,0)
w(328,1,0,0)
w(329,1,0,0)
w(330,1,0,0)
w(331,1,0,0)
w(332,1,0,0)
w(333,1,0,0)
w(334,1,0,0)
w(335,1,0,0)
w(336,1,0,0)
w(337,1,0,0)
w(338,1,0,0)
w(339,1,0,0)
w(340,1,0,0)
w(341,1,0,0)
w(342,1,0,0)
w(343,1,0,0)
w(344,1,0,0)
w(345,1,0,0)
w(346,1,0,0)
w(347,1,0,0)
w(348,1,0,0)
w(349,1,0,0)
w(350,1,0,0)
w(351,1,0,0)
w(352,1,0,0)
w(353,1,0,0)
w(354,1,0,0)
w(355,1,0,0)
w(356,1,0,0)
w(357,1,0,0)
w(358,1,0,0)
w(359,1,0,0)
w(360,1,0,0)
w(10,2,1,1)
w(297,2,1,1)
w(80,2,1,1)
r(268,1,1,1)
w(54,2,1,1)
w(18,2,1,1)
w(300,2,1,1)
w(24,2,1,1)
w(116,2,1,1)
w(198,2,1,1)
w(197,2,1,1)
r(89,1,1,1)
w(52,2,1,1)
w(167,2,1,1)
r(176,1,1,1)
w(260,2,1,1)
w(337,2,1,1)
w(163,2,1,1)
r(212,1,1,1)
r(4,1,1,1)
r(15,1,1,1)
r(89,1,1,1)
r(330,1,1,1)
r(208,1,1,1)
w(144,9,2,2)
r(91,1,2,2)
r(40,9,2,2)
r(304,1,2,2)
r(87,1,2,2)
r(175,1,2,2)
w(210,2,2,2)
w(158,8,2,2)
w(112,9,2,2)
w(80,8,2,2)
w(280,8,2,2)
r(317,3,2,2)
r(297,1,2,2)
w(11,9,2,2)
r(357,1,2,2)
r(225,1,2,2)
w(174,4,2,2)
w(179,8,2,2)
w(20,9,2,2)
r(82,1,2,2)
w(124,2,2,2)
w(219,9,2,2)
w(132,8,2,2)
r(180,1,2,2)
r(56,1,2,2)
w(94,10,2,2)
w(34,2,2,2)
w(147,8,2,2)
w(12,8,2,2)
r(27,1,2,2)
r(187,1,3,3)
w(96,9,3,3)
r(135,1,3,3)
w(289,9,3,3)
w(76,9,3,3)
w(7,3,3,3)
w(191,10,3,3)
w(53,4,3,3)
r(306,1,3,3)
w(32,8,3,3)
w(19,2,3,3)
w(15,8,3,3)
r(301,1,3,3)
w(283,9,3,3)
r(52,1,3,3)
r(193,1,3,3)
r(27,1,3,3)
r(135,1,3,3)
r(36,1,3,3)
r(165,1,3,3)
r(53,4,3,3)
r(155,1,3,3)
w(199,8,3,3)
w(117,10,3,3)
w(152,4,3,3)
w(179,10,3,3)
r(256,1,3,3)
w(34,9,3,3)
r(57,1,3,3)
w(114,2,3,3)
w(21,5,4,4)
r(220,1,4,4)
r(143,1,4,4)
r(184,1,4,4)
w(131,5,4,4)
w(85,3,4,4)
w(151,4,4,4)
w(232,4,4,4)
r(58,1,4,4)
r(123,1,4,4)
r(355,1,4,4)
w(338,7,4,4)
w(208,6,4,4)
r(330,1,4,4)
r(12,1,4,4)
r(23,1,4,4)
w(316,6,4,4)
w(1,5,4,4)
w(157,8,4,4)
r(222,1,4,4)
r(210,1,4,4)
r(282,1,4,4)
w(28,4,4,4)
r(297,1,4,4)
w(324,8,4,4)
w(311,4,4,4)
w(169,5,4,4)
r(154,1,4,4)
r(358,1,4,4)
r(339,1,4,4)
w(88,3,5,5)
w(72,7,5,5)
r(115,1,5,5)
w(317,3,5,5)
w(159,6,5,5)
r(310,1,5,5)
w(293,8,5,5)
r(305,1,5,5)
r(139,1,5,5)
w(50,9,5,5)
w(83,4,5,5)
r(156,1,5,5)
w(211,6,5,5)
w(345,7,5,5)
r(314,1,5,5)
r(347,4,5,5)
w(41,5,5,5)
r(328,1,5,5)
r(12,1,5,5)
w(123,3,5,5)
r(79,1,5,5)
w(75,10,5,5)
r(107,1,5,5)
w(26,8,5,5)
w(167,4,5,5)
w(188,3,5,5)
r(23,1,5,5)
r(285,1,5,5)
r(201,7,5,5)
w(327,3,5,5)
r(263,1,6,6)
r(184,1,6,6)
r(252,1,6,6)
w(41,6,6,6)
w(295,14,6,6)
r(250,1,6,6)
r(3,1,6,6)
w(211,7,6,6)
w(288,4,6,6)
r(121,1,6,6)
w(274,3,6,6)
w(288,3,6,6)
w(233,3,6,6)
w(217,5,6,6)
w(230,4,6,6)
w(26,3,6,6)
w(15,12,6,6)
r(339,1,6,6)
r(92,1,6,6)
w(221,7,6,6)
r(126,1,6,6)
r(56,1,6,6)
r(273,1,6,6)
w(201,7,6,6)
r(270,1,6,6)
r(28,4,6,6)
w(71,5,6,6)
r(317,1,6,6)
r(18,1,6,6)
w(59,3,6,6)
w(188,2,1,7)
w(36,2,1,7)
r(288,3,1,7)
r(43,1,1,7)
r(287,1,1,7)
r(102,1,1,7)
w(179,2,1,7)
r(136,1,1,7)
w(207,2,1,7)
r(194,1,1,7)
r(72,1,1,7)
r(45,1,1,7)
w(221,2,1,7)
w(72,2,1,7)
r(53,4,1,7)
r(226,1,1,7)
w(311,2,1,7)
r(42,1,1,7)
w(76,2,1,7)
r(195,1,1,7)
r(216,1,1,7)
w(262,2,1,7)
r(151,4,1,7)
w(74,2,1,7)
w(3,2,1,7)
w(21,2,1,7)
w(77,2,1,7)
w(255,2,1,7)
r(137,1,1,7)
r(359,1,1,7)
w(126,10,2,8)
r(208,6,2,8)
w(224,9,2,8)
w(169,9,2,8)
r(161,1,2,8)
r(78,1,2,8)
r(334,1,2,8)
w(44,2,2,8)
r(288,3,2,8)
w(158,10,2,8)
r(292,1,2,8)
w(45,9,2,8)
w(88,8,2,8)
r(320,1,2,8)
r(244,1,2,8)
r(298,1,2,8)
w(338,9,2,8)
r(86,1,2,8)
r(317,3,2,8)
w(338,8,2,8)
w(4,8,2,8)
r(244,1,2,8)
r(234,1,2,8)
r(341,1,2,8)
r(95,1,2,8)
w(72,10,2,8)
r(90,1,2,8)
w(221,8,2,8)
w(185,2,2,8)
r(94,10,2,8)
w(315,9,3,9)
r(285,1,3,9)
w(338,6,3,9)
r(177,1,3,9)
r(83,1,3,9)
r(132,1,3,9)
w(148,10,3,9)
w(354,10,3,9)
w(281,9,3,9)
w(350,5,3,9)
w(5,8,3,9)
r(79,1,3,9)
w(194,9,3,9)
r(120,1,3,9)
w(67,2,3,9)
w(40,9,3,9)
r(43,1,3,9)
w(206,5,3,9)
w(232,10,3,9)
r(128,1,3,9)
w(35,10,3,9)
w(343,8,3,9)
r(209,1,3,9)
r(312,1,3,9)
r(239,1,3,9)
w(261,10,3,9)
r(353,1,3,9)
w(144,10,3,9)
r(116,1,3,9)
w(61,5,3,9)
r(256,1,4,10)
w(143,4,4,10)
r(247,1,4,10)
w(17,10,4,10)
r(255,2,4,10)
r(197,1,4,10)
r(260,1,4,10)
r(103,1,4,10)
r(249,1,4,10)
w(261,4,4,10)
r(101,10,4,10)
w(151,3,4,10)
w(174,7,4,10)
w(298,9,4,10)
w(66,7,4,10)
w(344,8,4,10)
r(93,1,4,10)
w(353,9,5,11)
r(47,1,5,11)
w(171,5,5,11)
r(69,1,5,11)
w(355,8,5,11)
w(159,7,5,11)
r(53,4,5,11)
r(286,1,5,11)
r(340,1,5,11)
r(252,1,5,11)
r(338,6,5,11)
r(358,1,5,11)
r(247,1,5,11)
r(6,7,5,11)
w(115,3,5,11)
w(170,10,5,11)
w(198,5,5,11)
w(206,12,5,11)
w(105,10,5,11)
w(322,4,5,11)
w(134,10,5,11)
r(75,10,5,11)
w(257,10,5,11)
r(46,1,5,11)
w(116,6,5,11)
r(332,1,5,11)
r(341,1,5,11)
w(252,7,5,11)
w(73,11,5,11)
r(240,1,5,11)
r(68,1,6,12)
w(246,4,6,12)
w(309,7,6,12)
r(104,1,6,12)
r(212,1,6,12)
r(95,1,6,12)
r(15,12,6,12)
r(174,1,6,12)
w(207,6,6,12)
w(207,7,6,12)
w(355,5,6,12)
r(221,2,6,12)
w(141,4,6,12)
r(155,1,6,12)
w(347,4,6,12)
w(1,11,6,12)
r(143,1,6,12)
r(129,1,6,12)
w(343,3,6,12)
w(101,10,6,12)
w(228,5,6,12)
r(306,1,6,12)
w(13,5,6,12)
r(167,1,6,12)
r(277,1,6,12)
r(130,1,6,12)
w(212,6,6,12)
r(54,1,6,12)
r(39,1,6,12)
r(324,8,6,12)
w(273,2,1,13)
r(42,1,1,13)
w(23,2,1,13)
w(305,2,1,13)
r(75,5,1,13)
w(141,2,1,13)
w(237,2,1,13)
r(119,1,1,13)
w(223,2,1,13)
r(152,6,1,13)
w(356,2,1,13)
r(252,7,1,13)
w(205,9,2,14)
r(360,1,2,14)
w(212,9,2,14)
r(115,3,2,14)
w(51,2,2,14)
r(144,9,2,14)
r(235,1,2,14)
w(148,8,2,14)
r(323,1,2,14)
w(127,9,2,14)
w(151,8,2,14)
r(274,3,2,14)
r(104,1,2,14)
r(114,2,2,14)
w(216,2,2,14)
r(133,1,2,14)
r(23,1,2,14)
r(140,1,2,14)
w(334,2,2,14)
r(8,1,2,14)
r(185,2,2,14)
w(345,10,2,14)
r(312,1,2,14)
r(240,1,2,14)
w(191,2,2,14)
w(235,2,2,14)
w(329,10,2,14)
r(92,2,2,14)
w(134,2,2,14)
r(37,1,2,14)
w(341,4,3,15)
r(308,1,3,15)
w(295,8,3,15)
w(6,8,3,15)
r(122,1,3,15)
r(105,1,3,15)
w(267,8,3,15)
r(271,1,3,15)
w(78,5,3,15)
r(73,1,3,15)
r(134,1,3,15)
w(257,9,3,15)
w(242,10,3,15)
r(354,10,3,15)
w(156,8,3,15)
w(228,2,3,15)
w(79,8,3,15)
w(79,10,3,15)
w(101,9,3,15)
r(59,3,3,15)
w(54,10,3,15)
r(276,1,3,15)
r(308,1,4,16)
w(94,6,4,16)
r(166,1,4,16)
w(86,8,4,16)
r(183,1,4,16)
w(294,8,4,16)
r(350,5,4,16)
r(317,3,4,16)
r(131,5,4,16)
w(264,5,4,16)
r(335,1,5,17)
r(21,2,5,17)
r(201,7,5,17)
w(45,5,5,17)
r(187,1,5,17)
w(97,3,5,17)
w(279,8,5,17)
w(98,10,5,17)
r(207,7,5,17)
w(262,5,5,17)
r(316,6,5,17)
r(16,1,5,17)
r(203,1,5,17)
r(267,1,5,17)
w(268,3,5,17)
w(239,3,5,17)
w(214,4,5,17)
r(265,1,5,17)
w(242,12,5,17)
w(173,5,5,17)
w(273,7,5,17)
r(290,1,5,17)
r(267,1,5,17)
r(228,5,5,17)
r(237,1,5,17)
r(324,8,5,17)
r(158,8,5,17)
r(222,1,5,17)
w(128,10,5,17)
w(227,8,5,17)
r(193,1,6,18)
r(25,1,6,18)
w(85,11,6,18)
r(236,1,6,18)
r(108,1,6,18)
w(245,18,6,18)
w(31,5,6,18)
r(306,1,6,18)
r(205,1,6,18)
r(247,1,6,18)
r(106,1,6,18)
w(230,3,6,18)
w(9,11,6,18)
w(307,3,6,18)
r(241,1,6,18)
w(33,5,6,18)
r(180,1,6,18)
w(135,5,6,18)
r(303,1,6,18)
w(295,13,6,18)
w(6,7,6,18)
r(317,3,6,18)
r(163,1,6,18)
w(38,14,6,18)
r(194,9,6,18)
w(331,3,6,18)
r(279,1,6,18)
r(50,9,6,18)
w(110,10,6,18)
w(343,5,6,18)
r(181,1,1,19)
w(151,2,1,19)
r(229,1,1,19)
w(82,2,1,19)
w(248,2,1,19)
r(258,1,1,19)
w(307,2,1,19)
r(81,1,1,19)
w(113,2,1,19)
r(199,8,1,19)
w(94,2,1,19)
r(248,2,1,19)
w(127,2,1,19)
w(78,2,1,19)
r(231,1,1,19)
w(61,2,1,19)
r(307,2,1,19)
r(76,2,1,19)
r(176,1,1,19)
r(11,9,1,19)
r(161,1,1,19)
r(168,1,1,19)
w(233,2,1,19)
w(92,2,1,19)
r(267,1,1,19)
r(254,1,1,19)
w(325,2,1,19)
w(149,2,1,19)
r(224,9,1,19)
w(58,9,1,19)
w(269,2,2,20)
w(78,10,2,20)
w(264,10,2,20)
r(291,1,2,20)
w(106,9,2,20)
w(325,8,2,20)
w(222,8,2,20)
w(229,9,2,20)
r(183,1,2,20)
r(315,9,2,20)
r(130,1,2,20)
r(5,3,2,20)
w(224,8,2,20)
w(250,8,2,20)
w(212,8,2,20)
w(119,9,2,20)
w(231,8,2,20)
r(142,1,2,20)
r(304,1,2,20)
w(126,4,2,20)
r(276,1,2,20)
r(303,1,2,20)
w(181,2,2,20)
r(266,1,2,20)
r(36,2,2,20)
w(195,2,2,20)
w(127,8,2,20)
r(226,4,2,20)
r(219,9,2,20)
w(329,4,2,20)
r(321,1,3,21)
w(293,2,3,21)
w(322,9,3,21)
r(68,1,3,21)
r(189,1,3,21)
r(329,1,3,21)
r(64,1,3,21)
r(330,1,3,21)
r(190,1,3,21)
r(241,1,3,21)
w(265,8,3,21)
w(354,4,3,21)
r(236,1,3,21)
w(109,8,3,21)
r(86,1,3,21)
w(273,10,3,21)
w(337,3,3,21)
r(101,10,3,21)
r(329,1,3,21)
w(284,4,3,21)
r(282,1,3,21)
r(267,1,3,21)
w(31,2,3,21)
r(314,1,3,21)
r(352,1,3,21)
r(114,2,3,21)
w(13,10,3,21)
r(188,3,3,21)
r(119,1,3,21)
r(2,1,3,21)
r(136,1,4,22)
r(22,1,4,22)
r(197,1,4,22)
w(175,3,4,22)
w(190,8,4,22)
r(183,1,4,22)
w(200,4,4,22)
r(222,1,4,22)
w(169,7,4,22)
w(51,4,4,22)
r(174,4,4,22)
r(15,12,4,22)
r(57,1,4,22)
r(113,2,4,22)
w(221,5,4,22)
w(86,10,4,22)
r(118,5,4,22)
r(15,12,4,22)
w(33,4,4,22)
w(226,4,4,22)
r(246,4,4,22)
w(10,10,4,22)
w(103,4,4,22)
r(121,1,4,22)
r(232,10,4,22)
w(234,8,4,22)
r(218,1,4,22)
w(161,8,4,22)
r(96,9,4,22)
r(16,1,4,22)
w(173,6,5,23)
r(160,1,5,23)
w(167,3,5,23)
w(16,3,5,23)
r(315,9,5,23)
w(345,11,5,23)
r(317,3,5,23)
r(229,1,5,23)
w(334,10,5,23)
r(301,1,5,23)
w(172,10,5,23)
w(81,4,5,23)
w(119,5,5,23)
r(180,2,5,23)
r(197,1,5,23)
r(226,4,5,23)
r(117,10,5,23)
w(152,3,5,23)
r(89,1,5,23)
w(59,10,5,23)
w(11,10,5,23)
r(130,1,5,23)
r(283,9,5,23)
r(252,7,5,23)
r(98,10,5,23)
r(204,1,5,23)
r(206,12,5,23)
r(251,1,5,23)
r(46,1,5,23)
r(113,2,5,23)
w(152,6,6,24)
r(108,1,6,24)
w(75,5,6,24)
r(66,1,6,24)
r(134,10,6,24)
w(39,12,6,24)
r(200,1,6,24)
r(215,1,6,24)
w(118,5,6,24)
w(7,11,6,24)
r(331,3,6,24)
r(108,1,6,24)
r(289,9,6,24)
r(248,1,6,24)
r(45,1,6,24)
r(228,5,6,24)
w(29,9,6,24)
r(218,1,6,24)
r(243,1,6,24)
w(154,10,6,24)
r(137,1,6,24)
w(70,8,6,24)
w(242,13,6,24)
r(345,7,6,24)
r(160,1,6,24)
r(68,1,6,24)
r(84,1,6,24)
w(350,7,6,24)
w(211,11,6,24)
w(137,5,6,24)
w(15,2,1,25)
w(323,2,1,25)
w(310,2,1,25)
w(172,2,1,25)
r(115,3,1,25)
r(24,1,1,25)
r(111,1,1,25)
r(146,1,1,25)
r(168,1,1,25)
w(345,2,1,25)
r(19,2,1,25)
r(183,1,1,25)
r(329,10,1,25)
r(343,5,1,25)
r(326,1,1,25)
w(275,2,1,25)
w(87,2,1,25)
w(61,9,1,25)
r(89,1,1,25)
w(151,9,1,25)
w(262,9,1,25)
w(53,2,1,25)
r(281,9,1,25)
r(138,1,1,25)
r(182,1,1,25)
w(332,2,1,25)
w(270,2,1,25)
w(93,2,1,25)
r(172,2,1,25)
r(62,1,1,25)
w(131,8,2,26)
r(91,2,2,26)
w(265,9,2,26)
r(189,1,2,26)
w(231,10,2,26)
w(328,8,2,26)
w(169,8,2,26)
r(194,9,2,26)
w(38,8,2,26)
w(66,10,2,26)
w(9,9,2,26)
w(240,2,2,26)
w(235,9,2,26)
r(47,1,2,26)
w(85,9,2,26)
w(150,2,2,26)
w(343,9,2,26)
w(154,9,2,26)
w(175,8,2,26)
r(120,1,2,26)
w(256,9,2,26)
r(114,2,2,26)
r(74,2,2,26)
w(27,2,2,26)
w(247,9,2,26)
w(67,9,3,27)
r(174,9,3,27)
w(188,10,3,27)
r(219,9,3,27)
r(294,1,3,27)
r(250,8,3,27)
w(267,10,3,27)
r(268,5,3,27)
r(162,3,3,27)
w(242,3,3,27)
w(271,8,3,27)
w(243,8,3,27)
r(264,10,3,27)
r(351,1,3,27)
w(190,9,3,27)
r(110,10,3,27)
r(113,2,3,27)
r(94,2,3,27)
r(233,2,3,27)
r(172,2,4,28)
r(258,1,4,28)
r(53,2,4,28)
w(5,3,4,28)
w(228,4,4,28)
r(339,1,4,28)
w(287,4,4,28)
w(192,3,4,28)
w(348,8,4,28)
r(154,10,4,28)
r(83,4,4,28)
w(339,8,4,28)
r(199,8,4,28)
w(31,8,4,28)
r(334,2,4,28)
w(154,8,4,28)
w(108,8,4,28)
r(169,7,4,28)
r(90,1,4,28)
w(109,10,4,28)
r(38,14,4,28)
r(334,2,4,28)
w(134,9,4,28)
r(229,1,4,28)
r(108,8,4,28)
w(198,3,4,28)
r(289,9,4,28)
w(329,7,4,28)
r(300,1,4,28)
r(341,1,4,28)
r(86,10,5,29)
w(148,12,5,29)
w(35,3,5,29)
w(191,3,5,29)
w(338,14,5,29)
w(184,5,5,29)
w(270,3,5,29)
r(45,9,5,29)
r(192,3,5,29)
w(99,5,5,29)
r(343,5,5,29)
w(63,3,5,29)
r(244,1,5,29)
w(183,4,5,29)
w(328,5,5,29)
w(102,15,5,29)
w(67,4,5,29)
r(103,3,5,29)
r(267,2,5,29)
r(233,2,5,29)
r(281,9,5,29)
w(355,10,5,29)
w(333,6,5,29)
w(121,2,5,29)
r(352,1,5,29)
w(299,5,5,29)
r(13,10,5,29)
w(270,5,5,29)
r(201,7,5,29)
r(303,1,5,29)
w(128,3,6,30)
w(28,11,6,30)
w(131,7,6,30)
r(203,1,6,30)
r(53,9,6,30)
w(194,4,6,30)
w(114,10,6,30)
r(165,1,6,30)
r(88,8,6,30)
w(6,11,6,30)
r(304,1,6,30)
r(318,1,6,30)
w(76,5,6,30)
r(280,2,6,30)
w(218,4,6,30)
w(104,6,6,30)
r(268,3,6,30)
w(211,12,6,30)
w(333,11,6,30)
r(305,1,6,30)
r(127,9,1,31)
w(53,9,1,31)
r(204,1,1,31)
w(180,2,1,31)
r(301,1,1,31)
w(58,8,1,31)
r(301,1,1,31)
w(92,9,1,31)
w(57,2,1,31)
w(32,2,1,31)
w(163,9,1,31)
w(280,2,1,31)
w(182,2,1,31)
w(135,2,1,31)
w(338,2,1,31)
w(214,2,1,31)
r(43,1,1,31)
r(103,4,1,31)
w(35,2,1,31)
r(30,1,1,31)
r(96,9,1,31)
w(29,2,1,31)
w(66,2,1,31)
r(101,10,1,31)
w(263,2,1,31)
w(1,2,1,31)
w(164,9,1,31)
w(152,2,1,31)
w(275,9,1,31)
w(174,9,1,31)
r(225,1,2,32)
r(143,1,2,32)
w(266,8,2,32)
r(66,2,3,33)
w(73,8,3,33)
r(197,1,3,33)
r(54,1,3,33)
r(259,1,3,33)
r(118,5,3,33)
r(40,9,3,33)
w(252,8,3,33)
w(171,4,3,33)
w(254,10,3,33)
r(248,9,3,33)
r(217,10,3,33)
w(55,3,3,33)
w(179,4,3,33)
r(157,8,3,33)
r(267,2,3,33)
r(221,10,3,33)
w(118,9,3,33)
r(330,1,3,33)
r(311,2,4,34)
w(139,8,4,34)
w(282,4,4,34)
w(103,3,4,34)
w(341,5,4,34)
r(25,1,4,34)
r(137,5,4,34)
w(242,6,4,34)
r(270,2,4,34)
r(241,1,4,34)
r(250,1,4,34)
r(319,1,4,34)
r(214,2,4,34)
r(53,9,4,34)
w(272,4,4,34)
r(310,2,4,34)
w(162,3,4,34)
r(353,9,4,34)
r(140,1,4,34)
r(161,8,4,34)
r(350,7,4,34)
r(201,7,4,34)
r(72,10,4,34)
r(52,1,4,34)
r(143,1,4,34)
r(4,8,4,34)
w(238,10,4,34)
w(10,4,4,34)
r(183,1,4,34)
r(355,8,4,34)
w(291,6,5,35)
w(244,8,5,35)
r(5,3,5,35)
r(257,10,5,35)
r(261,10,5,35)
w(310,4,5,35)
w(349,9,5,35)
r(237,1,5,35)
r(100,1,5,35)
w(254,4,5,35)
r(351,1,5,35)
w(165,8,5,35)
r(30,1,5,35)
r(101,10,5,35)
w(20,5,5,35)
r(221,5,5,35)
r(201,7,5,35)
w(111,4,5,35)
r(67,4,5,35)
w(92,7,5,35)
r(28,12,5,35)
w(27,10,5,35)
w(169,11,5,35)
w(236,8,5,35)
w(57,5,5,35)
w(274,8,5,35)
w(334,4,5,35)
r(303,1,5,35)
w(217,10,5,35)
w(318,4,5,35)
r(155,1,6,36)
r(9,11,6,36)
r(78,10,6,36)
r(217,5,6,36)
r(300,1,6,36)
w(268,5,6,36)
w(203,4,6,36)
w(116,13,6,36)
w(164,7,6,36)
w(37,4,6,36)
r(77,2,6,36)
r(253,9,6,36)
r(117,10,6,36)
r(205,9,6,36)
r(342,1,6,36)
w(28,12,6,36)
w(224,3,6,36)
w(317,5,6,36)
r(66,2,6,36)
w(171,11,6,36)
w(207,11,6,36)
w(152,7,6,36)
r(237,1,6,36)
r(268,5,6,36)
r(61,9,6,36)
w(343,6,6,36)
r(331,3,6,36)
r(22,1,6,36)
w(244,10,6,36)
w(98,3,6,36)
w(177,2,1,37)
w(267,2,1,37)
r(136,1,1,37)
r(297,1,1,37)
w(98,9,1,37)
w(345,9,1,37)
w(232,2,1,37)
r(23,1,1,37)
r(262,9,1,37)
r(340,1,1,37)
r(299,1,1,37)
w(88,2,1,37)
r(24,1,1,37)
r(106,1,1,37)
w(91,2,1,37)
w(253,9,1,37)
w(327,2,1,37)
w(188,9,1,37)
r(273,10,1,37)
w(64,9,1,37)
r(87,2,1,37)
w(171,2,1,37)
r(197,1,1,37)
w(125,2,1,37)
r(305,1,1,37)
r(192,3,1,37)
w(7,2,1,37)
w(172,9,1,37)
r(186,1,1,37)
w(116,9,1,37)
r(185,10,2,38)
w(86,2,2,38)
r(283,9,2,38)
r(142,1,2,38)
w(255,9,2,38)
w(104,8,2,38)
r(14,1,2,38)
r(215,1,2,38)
r(319,1,2,38)
r(302,1,2,38)
w(130,9,2,38)
r(131,5,2,38)
r(90,1,2,38)
w(344,2,2,38)
w(94,4,2,38)
r(277,1,2,38)
w(198,8,2,38)
w(221,10,2,38)
w(181,9,2,38)
r(258,2,2,38)
r(229,9,2,38)
w(338,4,2,38)
r(89,1,2,38)
r(349,9,2,38)
r(114,2,2,38)
r(151,9,2,38)
r(335,1,2,38)
r(150,1,2,38)
w(37,2,2,38)
r(250,2,2,38)
w(96,8,3,39)
r(127,8,3,39)
r(207,11,3,39)
r(300,8,3,39)
r(163,6,3,39)
w(334,9,3,39)
w(288,2,3,39)
r(272,4,3,39)
w(271,10,3,39)
r(275,8,3,39)
w(273,4,3,39)
w(257,8,3,39)
r(149,2,3,39)
w(234,2,3,39)
r(63,4,3,39)
r(177,10,3,39)
r(258,2,3,39)
w(194,8,3,39)
w(331,8,3,39)
w(165,2,3,39)
w(207,10,3,39)
r(127,8,3,39)
r(255,9,3,39)
r(302,1,3,39)
r(146,1,3,39)
w(291,3,3,39)
r(182,2,3,39)
w(346,8,3,39)
w(200,10,3,39)
w(360,8,3,39)
w(259,3,4,40)
w(68,3,4,40)
w(305,11,4,40)
w(295,3,4,40)
r(291,1,4,40)
r(44,2,4,40)
w(3,6,4,40)
r(292,1,4,40)
w(69,10,4,40)
w(60,10,4,40)
r(346,1,4,40)
r(137,5,4,40)
w(268,10,4,40)
w(112,10,4,40)
r(61,9,4,40)
r(77,2,4,40)
r(5,3,4,40)
w(48,10,4,40)
w(49,4,4,40)
w(56,4,4,40)
r(126,4,4,40)
r(44,2,4,40)
r(212,8,4,40)
r(73,11,4,40)
r(358,1,5,41)
w(345,12,5,41)
r(118,5,5,41)
w(28,5,5,41)
r(281,9,5,41)
w(143,3,5,41)
r(252,7,5,41)
w(116,7,5,41)
w(255,4,5,41)
w(282,5,5,41)
w(42,4,5,41)
w(46,8,5,41)
w(156,10,5,41)
r(211,11,5,41)
r(120,1,5,41)
r(9,11,5,41)
r(204,1,5,41)
r(107,1,5,41)
r(273,10,5,41)
w(117,12,5,41)
r(333,6,5,41)
w(107,3,5,41)
w(92,11,5,41)
w(71,4,5,41)
r(201,7,5,41)
r(356,1,5,41)
r(226,4,5,41)
w(303,3,5,41)
w(135,3,5,41)
r(203,4,5,41)
r(188,9,6,42)
r(86,10,6,42)
w(271,5,6,42)
r(188,9,6,42)
r(214,2,6,42)
w(12,4,6,42)
r(300,1,6,42)
w(177,3,6,42)
r(34,2,6,42)
w(252,11,6,42)
w(181,5,6,42)
r(137,5,6,42)
r(260,3,6,42)
w(94,7,6,42)
r(140,1,6,42)
w(27,5,6,42)
w(170,3,6,42)
r(343,6,6,42)
w(236,3,6,42)
w(83,3,6,42)
w(213,8,6,42)
w(344,5,6,42)
w(135,6,6,42)
w(22,10,6,42)
r(236,3,6,42)
w(72,11,6,42)
w(226,3,6,42)
w(263,3,6,42)
r(45,9,6,42)
r(256,1,6,42)
w(100,2,1,43)
w(329,9,1,43)
w(12,2,1,43)
w(342,2,1,43)
r(131,5,1,43)
r(278,1,1,43)
r(279,8,1,43)
r(79,1,1,43)
r(84,1,1,43)
w(360,9,1,43)
r(204,1,1,43)
w(161,2,1,43)
r(225,1,1,43)
w(237,9,1,43)
w(74,9,1,43)
r(200,4,1,43)
w(248,9,1,43)
w(7,9,1,43)
r(237,9,1,43)
w(117,2,1,43)
w(307,9,1,43)
w(42,2,1,43)
r(214,2,1,43)
r(194,9,1,43)
r(3,2,1,43)
r(23,1,1,43)
r(299,5,1,43)
r(68,1,1,43)
r(189,1,1,43)
r(334,4,1,43)
r(249,1,2,44)
w(116,8,2,44)
r(115,2,2,44)
w(200,2,2,44)
r(188,9,2,44)
r(344,2,2,44)
w(62,9,2,44)
r(79,1,2,44)
r(3,9,2,44)
w(74,10,2,44)
w(48,8,2,44)
w(330,2,2,44)
w(205,8,2,44)
w(23,8,2,44)
w(78,4,2,44)
r(113,2,2,44)
r(40,9,2,44)
r(140,1,2,44)
w(38,4,2,44)
w(123,2,2,44)
r(182,2,2,44)
r(234,8,2,44)
w(350,10,2,44)
w(260,8,2,44)
w(43,8,2,44)
r(175,3,2,44)
r(148,12,2,44)
w(283,2,2,44)
r(301,2,2,44)
r(124,2,2,44)
w(56,8,3,45)
r(245,7,3,45)
r(57,5,3,45)
w(140,9,3,45)
r(349,9,3,45)
w(255,10,3,45)
w(226,8,3,45)
w(31,9,3,45)
w(177,8,3,45)
w(214,9,3,45)
w(245,3,3,45)
r(168,9,3,45)
r(126,4,3,45)
r(155,1,3,45)
r(146,5,3,45)
w(144,4,3,45)
r(340,1,3,45)
w(231,4,3,45)
w(33,10,3,45)
w(227,2,3,45)
w(1,3,3,45)
w(151,10,3,45)
w(337,5,3,45)
r(80,8,3,45)
r(318,4,3,45)
w(247,10,3,45)
r(236,3,3,45)
w(16,10,3,45)
r(114,2,3,45)
w(223,3,3,45)
w(329,11,4,46)
r(248,9,4,46)
r(315,9,4,46)
r(47,1,4,46)
w(195,8,4,46)
w(200,3,4,46)
w(42,10,4,46)
w(250,3,4,46)
r(194,9,4,46)
w(245,7,4,46)
w(341,6,4,46)
w(321,8,4,46)
r(207,11,4,46)
w(344,10,4,46)
r(129,1,4,46)
r(130,1,4,46)
w(185,10,4,46)
r(51,4,4,46)
r(3,2,4,46)
w(253,10,4,46)
w(83,8,4,46)
r(61,9,4,46)
w(172,8,4,46)
w(77,5,4,46)
w(93,10,4,46)
w(179,3,4,46)
r(84,1,4,46)
r(54,1,4,46)
w(87,9,4,46)
w(260,3,4,46)
r(226,3,5,47)
r(154,8,5,47)
r(337,3,5,47)
w(330,8,5,47)
r(2,1,5,47)
r(328,5,5,47)
w(19,8,5,47)
r(262,9,5,47)
w(163,6,5,47)
r(153,1,5,47)
r(321,8,5,47)
w(290,3,5,47)
r(74,9,5,47)
r(171,11,5,47)
w(5,5,5,47)
r(226,3,5,47)
w(130,3,5,47)
r(273,10,5,47)
r(220,1,5,47)
w(26,10,5,47)
w(351,8,5,47)
r(216,2,5,47)
w(13,4,5,47)
w(142,3,5,47)
w(96,3,5,47)
r(91,2,5,47)
r(282,5,5,47)
r(124,2,5,47)
w(308,9,5,47)
w(254,3,5,47)
w(219,7,6,48)
r(357,1,6,48)
w(338,16,6,48)
r(165,8,1,49)
w(317,2,1,49)
w(39,2,1,49)
w(147,2,1,49)
w(301,2,1,49)
r(171,11,1,49)
w(160,9,1,49)
r(326,1,1,49)
r(184,5,1,49)
r(147,2,1,49)
r(263,2,1,49)
r(145,1,1,49)
w(52,9,1,49)
w(199,2,1,49)
w(309,2,1,49)
r(357,1,1,49)
w(115,2,1,49)
w(242,9,1,49)
w(316,2,1,49)
r(315,9,1,49)
r(106,9,1,49)
r(154,8,1,49)
r(182,2,1,49)
w(3,9,1,49)
w(250,2,1,49)
r(107,3,1,49)
r(266,1,1,49)
r(341,6,1,49)
r(242,9,1,49)
w(258,2,1,49)
w(347,2,2,50)
r(16,3,2,50)
r(222,8,2,50)
r(206,12,2,50)
w(192,8,2,50)
r(350,10,2,50)
w(275,8,2,50)
r(160,9,2,50)
w(81,2,2,50)
w(208,10,2,50)
r(276,3,2,50)
r(234,8,2,50)
r(180,2,2,50)
w(166,9,2,50)
r(164,7,2,50)
w(26,2,2,50)
r(170,3,2,50)
r(344,2,2,50)
w(1,8,2,50)
w(316,10,2,50)
r(198,8,2,50)
r(264,10,2,50)
w(282,9,2,50)
w(290,9,2,50)
r(215,1,2,50)
w(44,9,2,50)
r(259,1,2,50)
w(199,9,2,50)
r(211,11,2,50)
w(52,4,2,50)
r(337,5,3,51)
w(213,2,3,51)
w(307,10,3,51)
r(185,10,3,51)
r(109,10,3,51)
r(267,2,3,51)
r(80,8,3,51)
w(299,10,3,51)
w(43,10,3,51)
w(155,10,3,51)
w(180,3,3,51)
r(138,1,3,51)
w(265,10,3,51)
w(138,9,3,51)
w(72,4,3,51)
r(221,10,3,51)
r(111,4,3,51)
w(93,8,3,51)
r(258,2,3,51)
r(158,7,3,51)
w(163,3,3,51)
r(300,8,3,51)
r(287,4,3,51)
w(348,9,3,51)
w(328,4,3,51)
w(201,9,3,51)
w(137,9,3,51)
w(20,4,3,51)
w(210,10,3,51)
w(270,4,3,51)
r(137,5,4,52)
w(220,4,4,52)
r(232,2,4,52)
w(141,9,4,52)
w(252,5,4,52)
w(84,9,4,52)
r(9,11,4,52)
w(83,10,4,52)
w(214,8,4,52)
w(63,4,4,52)
r(281,9,4,52)
r(295,13,4,52)
w(283,10,4,52)
r(92,11,4,52)
w(271,4,4,52)
r(227,8,4,52)
r(355,4,4,52)
w(78,7,4,52)
r(54,1,4,52)
w(168,9,4,52)
w(187,8,4,52)
w(84,8,4,52)
w(219,10,4,52)
r(226,3,4,52)
r(130,3,4,52)
r(313,1,4,52)
r(108,8,4,52)
r(290,3,4,52)
r(108,8,4,52)
r(331,4,4,52)
w(33,3,5,53)
r(237,9,5,53)
r(318,4,5,53)
w(334,3,5,53)
w(297,4,5,53)
r(46,8,5,53)
w(60,4,5,53)
r(224,3,5,53)
r(314,1,5,53)
w(300,8,5,53)
r(326,1,5,53)
r(218,1,5,53)
w(2,4,5,53)
w(201,4,5,53)
w(56,6,5,53)
w(355,4,5,53)
r(134,9,5,53)
w(331,4,5,53)
w(177,10,5,53)
r(139,8,5,53)
w(103,6,5,53)
r(60,4,5,53)
r(110,10,5,53)
w(116,11,5,53)
r(5,5,5,53)
w(71,3,5,53)
w(276,3,5,53)
r(188,9,5,53)
w(298,10,5,53)
w(15,5,5,53)
r(206,12,6,54)
w(47,13,6,54)
r(43,8,6,54)
r(113,2,6,54)
r(307,9,6,54)
w(34,4,6,54)
w(351,4,6,54)
w(241,6,6,54)
r(8,1,6,54)
w(120,3,6,54)
r(274,8,6,54)
w(180,11,6,54)
r(30,1,6,54)
w(3,14,6,54)
w(305,15,6,54)
r(157,8,6,54)
w(81,3,6,54)
r(57,5,6,54)
r(49,1,6,54)
w(228,6,6,54)
r(197,1,6,54)
r(142,3,6,54)
w(173,7,6,54)
w(108,3,6,54)
r(329,11,6,54)
r(306,1,6,54)
r(76,2,6,54)
r(253,10,6,54)
w(285,4,6,54)
r(302,1,6,54)
w(48,2,1,55)
r(302,1,1,55)
r(360,9,1,55)
r(52,4,1,55)
r(240,1,1,55)
w(74,8,1,55)
r(154,8,1,55)
r(282,9,1,55)
r(107,3,1,55)
w(202,2,1,55)
w(93,9,1,55)
r(327,2,1,55)
w(7,8,1,55)
r(356,1,1,55)
r(120,1,1,55)
r(213,8,1,55)
w(284,2,1,55)
w(23,9,1,55)
w(136,2,1,55)
w(284,9,1,55)
r(10,4,1,55)
r(256,1,1,55)
w(194,2,1,55)
w(231,2,1,55)
r(312,1,1,55)
w(173,2,1,55)
w(327,9,1,55)
r(79,1,1,55)
w(260,9,1,55)
r(97,3,1,55)
w(211,2,2,56)
w(176,8,2,56)
r(11,10,2,56)
r(146,5,2,56)
r(49,1,2,56)
w(55,9,2,56)
r(164,7,2,56)
w(344,9,2,56)
r(128,5,2,56)
w(174,5,2,56)
r(283,10,2,56)
w(36,9,2,56)
w(133,2,2,56)
w(116,10,2,56)
r(349,9,2,56)
r(309,2,2,56)
w(342,9,2,56)
r(130,3,2,56)
w(277,9,2,56)
w(61,4,2,56)
w(3,3,2,56)
w(247,8,2,56)
w(69,8,2,56)
r(356,1,2,56)
r(358,3,2,56)
w(53,10,2,56)
w(170,9,2,56)
r(112,9,2,56)
w(173,8,2,56)
r(252,5,2,56)
r(196,1,3,57)
r(106,9,3,57)
r(258,2,3,57)
r(286,1,3,57)
w(39,3,3,57)
w(166,10,3,57)
r(157,8,3,57)
r(60,4,3,57)
r(148,2,3,57)
w(62,10,3,57)
r(14,1,3,57)
w(256,4,3,57)
w(47,6,3,57)
w(252,10,3,57)
r(326,1,3,57)
r(42,4,3,57)
w(75,9,3,57)
r(146,5,3,57)
r(115,2,3,57)
r(236,3,3,57)
r(97,3,3,57)
w(315,8,3,57)
r(74,8,3,57)
w(166,4,3,57)
r(348,9,3,57)
r(270,4,3,57)
w(178,8,3,57)
w(57,4,4,58)
r(277,1,4,58)
w(67,10,4,58)
w(126,6,4,58)
w(54,3,4,58)
r(221,10,4,58)
w(281,4,4,58)
r(301,2,4,58)
r(218,1,4,58)
w(180,7,4,58)
w(31,10,4,58)
w(253,4,4,58)
w(276,4,4,58)
w(343,4,4,58)
w(273,3,4,58)
r(154,8,4,58)
r(231,4,5,59)
r(69,8,5,59)
r(258,2,5,59)
r(268,5,5,59)
w(183,3,5,59)
w(201,5,5,59)
r(63,4,5,59)
r(285,2,5,59)
r(316,9,5,59)
w(134,4,5,59)
r(6,7,5,59)
w(88,6,5,59)
w(26,4,5,59)
w(124,5,5,59)
r(259,8,5,59)
w(86,3,5,59)
w(5,6,5,59)
r(319,1,5,59)
r(148,3,5,59)
r(289,9,5,59)
r(72,3,5,59)
r(26,4,5,59)
r(261,10,5,59)
r(253,10,5,59)
w(344,3,5,59)
r(328,4,5,59)
w(102,16,5,59)
w(85,6,5,59)
r(116,10,5,59)
r(220,2,5,59)
w(39,14,6,60)
r(271,10,6,60)
w(76,6,6,60)
w(358,3,6,60)
r(98,3,6,60)
r(94,4,6,60)
w(347,3,6,60)
w(28,14,6,60)
r(277,1,6,60)
w(99,11,6,60)
w(360,6,6,60)
w(128,5,6,60)
w(16,6,6,60)
r(271,10,6,60)
r(345,12,6,60)
w(158,6,6,60)
r(165,2,6,60)
w(146,5,6,60)
w(223,7,6,60)
r(360,6,6,60)
w(176,3,6,60)
w(134,3,6,60)
w(158,7,6,60)
r(37,2,6,60)
r(65,1,6,60)
w(250,6,6,60)
r(82,2,6,60)
r(252,5,6,60)
r(231,2,6,60)
r(42,4,6,60)
r(34,4,1,61)
w(53,8,1,61)
r(212,8,1,61)
r(271,10,1,61)
r(223,1,1,61)
w(249,2,1,61)
w(161,9,1,61)
w(239,2,1,61)
w(169,2,1,61)
r(161,9,1,61)
w(24,9,1,61)
w(257,2,1,61)
r(124,2,1,61)
r(139,8,1,61)
r(210,2,1,61)
r(311,2,1,61)
r(313,1,1,61)
w(92,8,1,61)
w(102,2,1,61)
r(189,1,1,61)
r(30,1,1,61)
w(173,9,1,61)
w(341,2,1,61)
w(224,2,1,61)
w(104,9,1,61)
r(315,9,1,61)
w(247,2,1,61)
r(288,2,1,61)
r(129,1,1,61)
w(45,2,1,61)
w(85,8,2,62)
r(280,2,2,62)
r(76,6,2,62)
r(236,3,2,62)
r(132,8,2,62)
w(103,9,2,62)
r(149,2,2,62)
w(249,9,2,62)
w(307,8,2,62)
w(245,8,2,62)
r(102,2,2,62)
r(183,4,2,62)
r(313,1,2,62)
r(100,2,2,62)
r(220,2,2,62)
w(51,9,2,62)
r(240,1,2,62)
r(274,8,2,62)
r(331,8,2,62)
r(344,9,2,62)
r(256,1,2,62)
r(242,9,2,62)
r(292,1,2,62)
r(61,4,2,62)
w(144,8,2,62)
r(97,3,2,62)
r(97,3,2,62)
w(259,8,2,62)
r(179,3,2,62)
w(260,10,2,62)
w(142,10,3,63)
w(277,4,3,63)
w(73,4,3,63)
r(94,8,3,63)
w(318,9,3,63)
r(54,1,3,63)
r(360,6,3,63)
w(185,8,3,63)
w(131,4,3,63)
r(6,7,3,63)
r(348,9,3,63)
w(222,10,3,63)
r(253,10,3,63)
r(116,10,3,63)
r(216,2,3,63)
w(97,8,3,63)
w(10,8,3,63)
w(304,9,3,63)
r(302,1,3,63)
w(211,10,3,63)
r(357,1,3,63)
w(80,10,3,63)
r(166,9,3,63)
w(72,3,3,63)
w(51,10,3,63)
r(89,1,3,63)
r(283,4,3,63)
r(172,8,3,63)
w(305,3,3,63)
r(245,8,3,63)
r(195,8,4,64)
w(46,2,4,64)
r(343,6,4,64)
w(222,4,4,64)
r(63,4,4,64)
w(158,4,4,64)
w(137,10,4,64)
r(2,4,4,64)
r(110,10,4,64)
w(283,4,4,64)
r(240,1,4,64)
w(47,12,4,64)
w(314,8,4,64)
r(227,2,4,64)
w(282,3,4,64)
w(95,8,4,64)
r(96,8,4,64)
w(239,4,4,64)
r(230,3,4,64)
w(353,2,4,64)
r(341,2,4,64)
w(41,3,4,64)
r(129,2,4,64)
r(40,9,4,64)
w(264,7,4,64)
w(151,5,4,64)
w(284,3,4,64)
w(137,4,4,64)
r(36,9,4,64)
r(151,5,4,64)
r(258,2,5,65)
r(81,3,5,65)
r(137,3,5,65)
w(284,5,5,65)
w(201,6,5,65)
r(315,9,5,65)
r(243,4,5,65)
r(133,2,5,65)
r(89,8,5,65)
r(20,4,5,65)
r(52,4,5,65)
w(158,5,5,65)
w(60,3,5,65)
w(46,10,5,65)
w(56,7,5,65)
r(242,11,5,65)
r(266,1,5,65)
r(272,4,5,65)
r(35,3,5,65)
w(318,3,5,65)
w(230,8,5,65)
r(343,2,5,65)
w(238,3,5,65)
r(40,9,5,65)
r(323,2,5,65)
r(337,5,5,65)
r(252,2,5,65)
r(92,14,5,65)
w(50,8,5,65)
r(80,10,5,65)
r(104,9,6,66)
r(228,6,6,66)
r(242,9,6,66)
r(234,2,6,66)
w(211,14,6,66)
r(36,9,6,66)
r(303,3,6,66)
w(92,12,6,66)
r(306,1,6,66)
w(162,7,6,66)
r(271,10,6,66)
w(43,6,6,66)
w(28,13,6,66)
w(157,5,6,66)
r(173,8,6,66)
r(278,9,6,66)
r(157,5,6,66)
w(338,19,6,66)
w(190,5,6,66)
r(55,9,6,66)
r(13,4,6,66)
w(234,3,6,66)
r(99,11,6,66)
r(58,8,6,66)
r(239,2,6,66)
r(302,1,6,66)
w(197,7,6,66)
w(21,12,6,66)
w(64,5,6,66)
w(298,3,6,66)
r(50,9,1,67)
r(88,2,1,67)
r(292,1,1,67)
w(113,9,1,67)
w(317,9,1,67)
r(296,1,1,67)
r(104,9,1,67)
w(264,2,1,67)
w(119,2,1,67)
r(356,1,1,67)
w(148,2,1,67)
w(223,9,1,67)
r(227,2,1,67)
r(112,9,1,67)
r(214,9,1,67)
r(355,4,1,67)
r(50,9,1,67)
w(142,2,1,67)
r(40,9,1,67)
w(220,2,1,67)
w(168,2,1,67)
r(291,3,1,67)
r(169,2,1,67)
r(293,2,1,67)
w(285,2,1,67)
w(94,9,1,67)
r(278,1,1,67)
w(301,9,1,67)
w(245,2,1,67)
r(68,1,1,67)
r(115,2,2,68)
w(200,9,2,68)
w(102,6,2,68)
r(336,1,2,68)
r(356,1,2,68)
w(328,10,2,68)
w(215,9,2,68)
r(301,9,2,68)
w(333,9,2,68)
w(117,8,2,68)
w(4,10,2,68)
w(187,2,2,68)
w(313,2,2,68)
r(304,9,2,68)
w(30,2,2,68)
r(286,1,2,68)
r(273,4,2,68)
w(60,9,2,68)
w(342,8,2,68)
r(179,3,2,68)
r(85,8,2,68)
w(320,2,2,68)
w(152,10,2,68)
w(292,9,2,68)
r(352,1,3,69)
r(174,5,3,69)
r(155,10,3,69)
r(58,8,3,69)
r(276,3,3,69)
r(85,8,3,69)
r(28,13,3,69)
w(28,8,3,69)
r(111,8,3,69)
r(352,1,3,69)
r(122,1,3,69)
w(342,4,3,69)
r(257,2,3,69)
w(203,8,3,69)
r(249,9,3,69)
r(312,1,3,69)
r(223,9,3,69)
r(330,2,3,69)
w(173,4,3,69)
r(186,1,4,70)
w(111,8,4,70)
r(51,10,4,70)
w(246,10,4,70)
r(284,3,4,70)
w(56,3,4,70)
w(294,10,4,70)
r(149,2,4,70)
w(144,3,4,70)
w(182,10,4,70)
r(263,3,4,70)
r(44,9,4,70)
w(296,8,4,70)
r(77,5,4,70)
r(200,10,4,70)
r(149,2,4,70)
w(201,8,4,70)
w(309,4,4,70)
w(243,4,4,70)
w(75,8,4,70)
w(347,10,4,70)
w(31,4,4,70)
w(241,3,4,70)
r(12,4,4,70)
r(228,6,4,70)
r(220,2,4,70)
w(84,10,4,70)
r(188,9,4,70)
w(279,9,4,70)
r(41,3,4,70)
r(233,2,5,71)
w(157,3,5,71)
w(274,4,5,71)
r(358,3,6,72)
w(197,11,6,72)
r(289,9,6,72)
w(127,7,6,72)
w(197,12,6,72)
w(69,3,6,72)
r(164,7,6,72)
r(218,1,6,72)
r(31,4,6,72)
w(239,5,6,72)
r(172,8,6,72)
r(77,5,6,72)
w(262,6,6,72)
r(302,1,6,72)
r(46,2,6,72)
w(117,13,6,72)
r(107,3,6,72)
w(245,20,6,72)
w(349,8,6,72)
r(331,8,6,72)
r(160,4,6,72)
r(106,9,6,72)
w(157,6,6,72)
r(302,1,6,72)
w(111,3,6,72)
w(100,5,6,72)
w(70,10,6,72)
r(35,3,6,72)
r(306,1,6,72)
r(338,19,6,72)
r(166,9,1,73)
w(162,9,1,73)
r(175,3,1,73)
r(102,2,1,73)
r(113,9,1,73)
r(29,2,1,73)
r(164,7,1,73)
r(37,2,1,73)
w(152,9,1,73)
w(88,9,1,73)
r(347,3,1,73)
r(336,1,1,73)
w(129,2,1,73)
r(330,2,1,73)
r(352,1,1,73)
r(284,9,1,73)
w(278,9,1,73)
w(316,9,1,73)
w(143,2,1,73)
w(333,2,1,73)
w(280,9,1,73)
r(127,8,1,73)
w(41,2,1,73)
w(152,8,1,73)
w(147,9,1,73)
w(184,2,1,73)
r(290,9,1,73)
w(39,9,1,73)
w(325,9,1,73)
w(94,8,1,73)
w(175,10,2,74)
r(345,5,2,74)
r(81,3,2,74)
w(235,8,2,74)
r(357,1,2,74)
r(181,9,2,74)
w(49,9,2,74)
w(291,8,2,74)
w(147,10,2,74)
w(327,4,2,74)
w(216,9,2,74)
r(73,4,2,74)
w(1,10,2,74)
r(258,2,2,74)
r(197,12,2,74)
r(159,5,2,74)
r(135,6,2,74)
r(18,1,2,74)
w(157,9,2,74)
w(112,8,2,74)
r(329,11,2,74)
r(285,2,2,74)
r(153,1,2,74)
r(303,3,2,74)
r(286,1,2,74)
w(1,4,2,74)
w(66,3,2,74)
w(111,2,2,74)
w(77,10,2,74)
w(340,2,2,74)
w(145,9,3,75)
r(329,11,3,75)
r(262,6,3,75)
w(102,12,3,75)
r(99,11,3,75)
r(216,9,3,75)
w(73,3,3,75)
r(294,4,3,75)
w(297,8,3,75)
w(18,9,3,75)
r(261,2,3,75)
w(184,10,3,75)
w(25,9,3,75)
r(167,3,4,76)
w(82,4,4,76)
w(159,5,4,76)
r(328,4,4,76)
w(345,5,4,76)
r(130,3,4,76)
r(156,10,4,76)
r(305,3,4,76)
r(6,7,4,76)
r(24,9,4,76)
w(157,10,4,76)
w(134,8,4,76)
w(173,3,4,76)
r(314,8,4,76)
w(160,4,4,76)
w(36,8,4,76)
w(151,6,4,76)
r(249,9,4,76)
w(14,9,4,76)
w(96,4,4,76)
w(118,8,4,76)
w(294,4,4,76)
w(148,3,4,76)
w(25,10,4,76)
r(219,10,4,76)
w(200,5,4,76)
w(25,4,4,76)
w(48,3,4,76)
r(188,9,4,76)
r(159,5,4,76)
w(8,3,5,77)
r(165,9,5,77)
r(140,5,5,77)
w(20,6,5,77)
r(27,11,5,77)
w(351,10,5,77)
r(139,8,5,77)
r(214,10,5,77)
w(358,4,5,77)
w(86,5,5,77)
r(156,10,5,77)
r(3,3,5,77)
w(225,8,5,77)
w(255,3,5,77)
w(128,4,5,77)
w(147,5,5,77)
r(287,2,5,77)
r(123,9,5,77)
w(104,5,5,77)
w(352,9,5,77)
w(120,10,5,77)
w(132,3,5,77)
w(357,5,5,77)
r(177,5,5,77)
w(164,5,5,77)
r(176,9,5,77)
r(13,8,5,77)
w(261,6,5,77)
r(336,9,5,77)
w(44,3,5,77)
r(128,5,6,78)
r(252,5,6,78)
r(144,3,6,78)
w(82,6,6,78)
r(234,3,6,78)
r(197,12,6,78)
r(88,6,6,78)
r(40,9,6,78)
r(264,7,6,78)
r(210,10,6,78)
w(212,7,6,78)
w(352,8,6,78)
r(109,10,6,78)
w(336,2,6,78)
w(278,6,6,78)
r(133,2,6,78)
w(269,4,6,78)
w(24,13,6,78)
w(328,6,6,78)
r(262,6,6,78)
w(53,11,6,78)
w(355,7,6,78)
w(147,12,6,78)
w(226,5,6,78)
w(291,12,6,78)
r(241,3,6,78)
r(121,2,6,78)
w(42,3,6,78)
w(92,14,6,78)
w(108,5,6,78)
w(58,10,1,79)
r(76,6,1,79)
r(293,2,1,79)
r(186,1,1,79)
w(96,2,1,79)
w(292,2,1,79)
r(83,10,1,79)
w(66,9,1,79)
r(32,2,1,79)
r(272,4,1,79)
r(275,8,1,79)
w(22,2,1,79)
w(305,9,1,79)
w(49,2,1,79)
w(79,2,1,79)
r(74,8,1,79)
r(275,8,1,79)
w(149,9,1,79)
r(232,2,1,79)
w(162,8,1,79)
r(274,8,1,79)
w(177,9,1,79)
r(83,10,1,79)
w(206,2,1,79)
w(38,2,1,79)
r(57,5,1,79)
w(291,9,1,79)
r(231,4,1,79)
r(173,3,1,79)
w(328,2,1,79)
r(18,1,2,80)
w(94,3,2,80)
r(347,10,2,80)
w(202,9,2,80)
w(61,3,2,80)
r(310,4,2,80)
w(128,2,2,80)
r(73,4,2,80)
r(201,6,2,80)
w(345,4,2,80)
r(13,4,2,80)
w(358,2,2,80)
r(192,2,2,80)
w(282,8,2,80)
r(267,2,2,80)
r(227,2,2,80)
w(8,8,2,80)
r(320,1,2,80)
r(252,2,2,80)
w(171,8,2,80)
w(321,9,3,81)
r(233,2,3,81)
r(179,3,3,81)
w(76,10,3,81)
r(355,7,3,81)
r(339,8,3,81)
r(152,8,3,81)
w(67,8,3,81)
r(202,4,3,81)
w(357,9,3,81)
w(89,9,3,81)
w(114,9,3,81)
w(227,9,3,81)
w(63,10,3,81)
r(233,2,3,81)
r(265,2,3,81)
w(322,8,3,81)
w(204,9,3,81)
w(120,9,3,81)
r(211,3,3,81)
w(180,5,3,81)
w(83,9,3,81)
w(314,9,3,81)
r(337,6,3,81)
w(223,5,3,81)
r(358,3,3,81)
r(77,10,3,81)
w(73,5,3,81)
r(289,10,3,81)
w(73,6,3,81)
r(280,9,4,82)
w(176,10,4,82)
w(47,14,4,82)
w(322,10,4,82)
r(161,9,4,82)
r(334,9,4,82)
w(24,6,4,82)
r(209,1,4,82)
w(6,3,4,82)
w(303,10,4,82)
r(282,3,4,82)
w(184,4,4,82)
r(109,10,4,82)
r(169,2,4,82)
r(220,2,4,82)
r(334,9,4,82)
w(235,4,4,82)
w(275,10,4,82)
r(317,9,4,82)
w(148,5,4,82)
r(252,5,4,82)
r(136,2,4,82)
w(323,9,4,82)
r(32,2,4,82)
w(97,4,4,82)
r(270,4,4,82)
r(178,1,4,82)
r(69,8,4,82)
r(309,8,5,83)
w(183,5,5,83)
w(266,6,5,83)
r(228,10,5,83)
w(217,3,5,83)
r(109,10,5,83)
r(163,11,5,83)
r(344,3,5,83)
w(309,6,5,83)
r(228,10,5,83)
r(232,8,5,83)
w(57,6,5,83)
w(260,6,5,83)
w(78,12,5,83)
w(212,5,5,83)
w(25,5,5,83)
w(27,4,5,83)
w(305,14,5,83)
w(259,6,5,83)
w(40,3,5,83)
r(54,8,5,83)
w(49,6,5,83)
w(62,5,5,83)
r(349,2,5,83)
r(321,9,5,83)
r(62,5,5,83)
w(230,10,5,83)
w(3,12,5,83)
w(48,6,5,83)
w(182,5,5,83)
r(111,3,6,84)
r(263,9,6,84)
w(195,5,6,84)
w(205,5,6,84)
r(168,2,6,84)
r(232,2,6,84)
r(217,10,6,84)
r(34,4,6,84)
r(68,1,6,84)
w(120,5,6,84)
r(215,1,6,84)
w(265,6,6,84)
r(303,3,6,84)
w(150,5,6,84)
r(260,10,6,84)
r(153,1,6,84)
r(222,10,6,84)
w(253,6,6,84)
r(303,3,6,84)
w(24,15,6,84)
r(264,7,6,84)
w(260,7,6,84)
w(45,6,6,84)
w(38,16,6,84)
w(350,12,6,84)
r(5,6,6,84)
w(272,14,6,84)
r(189,1,1,85)
w(56,2,1,85)
r(93,4,1,85)
r(87,9,1,85)
r(123,2,1,85)
w(223,8,1,85)
r(56,2,1,85)
r(20,4,1,85)
r(262,6,1,85)
w(148,9,1,85)
r(302,1,1,85)
r(182,10,1,85)
r(87,9,1,85)
r(52,4,1,85)
r(156,10,1,85)
w(175,2,1,85)
w(8,2,1,85)
w(206,9,1,85)
w(208,2,1,85)
r(127,7,1,85)
r(270,4,1,85)
w(103,2,1,85)
w(106,2,1,85)
w(184,9,1,85)
r(346,8,1,85)
r(217,10,1,85)
w(25,2,1,85)
r(259,8,1,85)
w(102,8,1,85)
w(263,9,1,85)
w(143,10,2,86)
r(203,4,2,86)
w(81,8,2,86)
w(90,10,3,87)
w(252,4,3,87)
r(187,3,3,87)
r(354,4,3,87)
r(20,2,3,87)
w(5,4,3,87)
w(343,10,3,87)
w(129,10,3,87)
w(130,10,3,87)
w(188,4,3,87)
r(36,8,3,87)
w(174,6,3,87)
w(199,4,3,87)
r(168,8,3,87)
r(58,10,3,87)
r(334,5,3,87)
w(133,4,3,87)
w(308,2,3,87)
r(218,1,3,87)
w(47,11,3,87)
w(302,8,3,87)
w(43,3,3,87)
r(71,2,3,87)
w(317,10,3,87)
w(272,10,3,87)
w(24,3,3,87)
w(138,8,3,87)
r(292,2,3,87)
r(320,10,3,87)
r(17,1,3,87)
w(1,7,4,88)
r(186,1,4,88)
w(46,9,4,88)
w(219,3,4,88)
w(45,4,4,88)
r(106,9,4,88)
w(224,4,4,88)
r(54,1,4,88)
w(242,11,4,88)
r(121,2,4,88)
r(13,4,4,88)
w(235,3,4,88)
w(137,3,4,88)
w(89,8,4,88)
w(103,5,4,88)
r(114,2,4,88)
r(44,9,4,88)
w(192,5,4,88)
w(9,5,4,88)
r(26,4,4,88)
r(267,2,4,88)
w(273,5,4,88)
w(44,8,4,88)
r(157,6,4,88)
w(249,8,4,88)
w(289,10,4,88)
r(185,8,4,88)
w(93,4,4,88)
r(44,8,4,88)
r(56,3,4,88)
r(235,10,5,89)
w(147,6,5,89)
w(249,3,5,89)
r(156,10,5,89)
r(141,10,5,89)
r(119,10,5,89)
w(188,5,5,89)
w(31,3,5,89)
w(183,6,5,89)
w(101,8,5,89)
r(245,9,5,89)
r(329,8,5,89)
r(46,10,5,89)
w(216,4,5,89)
w(120,4,5,89)
w(164,6,5,89)
w(110,8,5,89)
r(119,10,5,89)
w(245,17,5,89)
w(305,13,5,89)
w(189,4,5,89)
r(74,8,5,89)
w(127,6,5,89)
r(74,8,5,89)
r(206,3,5,89)
w(301,3,5,89)
w(25,6,5,89)
w(89,4,5,89)
w(271,3,5,89)
r(152,8,5,89)
r(130,3,6,90)
r(205,8,6,90)
r(41,3,6,90)
r(50,8,6,90)
r(296,8,6,90)
w(271,7,6,90)
w(98,5,6,90)
r(115,2,6,90)
w(357,7,6,90)
r(133,2,6,90)
w(272,13,6,90)
r(98,5,6,90)
w(215,3,6,90)
r(246,10,6,90)
w(334,5,6,90)
r(48,3,6,90)
r(108,5,6,90)
w(243,6,6,90)
r(154,8,6,90)
w(99,12,6,90)
w(178,3,6,90)
w(120,6,6,90)
w(312,9,6,90)
r(80,10,6,90)
r(264,7,6,90)
r(122,1,6,90)
r(200,5,6,90)
r(67,4,6,90)
r(179,3,6,90)
w(297,5,6,90)
r(192,5,1,91)
r(162,8,1,91)
r(115,2,1,91)
w(250,9,1,91)
r(123,2,1,91)
r(323,2,1,91)
w(343,2,1,91)
w(105,2,1,91)
r(324,8,1,91)
w(62,2,1,91)
r(168,2,1,91)
w(192,2,1,91)
w(71,2,1,91)
w(107,8,1,91)
w(261,2,1,91)
w(252,2,1,91)
r(196,1,1,91)
w(281,2,1,91)
r(73,4,1,91)
r(43,6,1,91)
w(251,2,1,91)
r(220,2,1,91)
r(219,3,1,91)
w(186,9,1,91)
w(284,8,1,91)
r(128,5,1,91)
w(180,9,1,91)
w(209,9,1,91)
r(331,8,1,91)
w(68,9,1,91)
r(138,9,2,92)
w(85,10,2,92)
r(221,6,2,92)
w(269,9,2,92)
r(198,8,2,92)
r(64,5,2,92)
r(5,6,2,92)
r(234,3,2,92)
r(320,10,2,92)
r(162,8,2,92)
r(217,10,2,92)
r(239,5,2,92)
r(164,7,2,92)
r(349,8,2,92)
r(169,13,2,92)
w(189,9,2,92)
w(290,8,2,92)
w(167,8,2,92)
r(225,1,2,92)
r(271,2,2,92)
r(109,10,2,92)
w(319,2,2,92)
r(25,2,2,92)
w(220,10,2,92)
w(116,4,2,92)
r(283,4,2,92)
w(169,10,2,92)
w(256,8,2,92)
w(10,9,2,92)
w(150,9,2,92)
w(208,3,3,93)
r(178,3,3,93)
r(66,3,3,93)
w(53,3,3,93)
w(357,8,3,93)
w(71,10,3,93)
w(288,9,3,93)
r(54,1,3,93)
w(260,4,3,93)
r(234,3,3,93)
r(68,9,3,93)
r(195,8,3,93)
w(197,3,4,94)
w(234,10,4,94)
w(140,4,4,94)
r(118,8,4,94)
w(197,5,4,94)
w(125,10,4,94)
w(264,11,4,94)
w(186,4,4,94)
r(31,4,4,94)
w(334,8,4,94)
r(9,5,4,94)
w(89,10,4,94)
r(284,3,4,94)
r(55,9,4,94)
w(68,5,4,94)
r(142,10,4,94)
w(266,5,4,94)
w(250,5,4,94)
w(53,5,4,94)
w(32,4,4,94)
r(358,3,4,94)
r(87,9,4,94)
w(141,8,4,94)
r(260,10,4,94)
r(80,10,4,94)
w(90,4,4,94)
r(64,5,4,94)
w(106,3,5,95)
r(241,10,5,95)
w(196,9,5,95)
r(323,2,5,95)
w(243,5,5,95)
w(272,11,5,95)
w(306,10,5,95)
w(146,3,5,95)
w(171,6,5,95)
w(51,5,5,95)
r(125,9,5,95)
w(122,8,5,95)
r(238,8,5,95)
w(116,12,5,95)
r(307,4,5,95)
r(184,8,5,95)
r(59,5,5,95)
w(218,10,5,95)
r(79,9,5,95)
w(147,7,5,95)
r(124,7,5,95)
r(32,2,5,95)
w(278,5,5,95)
w(57,7,5,95)
r(37,10,5,95)
w(187,10,5,95)
r(152,8,5,95)
w(194,10,5,95)
w(40,5,5,95)
w(204,4,5,95)
r(153,1,6,96)
w(264,14,6,96)
w(196,8,6,96)
r(212,7,6,96)
w(172,3,6,96)
r(12,4,6,96)
r(355,7,6,96)
w(336,9,6,96)
w(20,7,6,96)
r(156,10,6,96)
w(4,12,6,96)
w(169,13,6,96)
r(136,2,6,96)
r(87,9,6,96)
r(196,8,6,96)
w(69,5,6,96)
r(281,2,6,96)
r(138,9,6,96)
w(190,6,6,96)
r(267,2,6,96)
w(359,6,6,96)
w(63,7,6,96)
w(337,6,6,96)
r(338,19,6,96)
w(237,3,6,96)
r(209,9,6,96)
r(180,9,6,96)
w(296,10,6,96)
w(210,5,6,96)
w(187,3,6,96)
r(225,1,1,97)
r(221,10,1,97)
r(317,9,1,97)
w(264,9,1,97)
w(297,9,1,97)
r(71,2,1,97)
w(332,9,1,97)
w(48,9,1,97)
r(83,10,1,97)
r(329,11,1,97)
w(142,9,1,97)
w(356,9,1,97)
r(3,3,1,97)
w(154,2,1,97)
r(11,10,1,97)
r(53,11,1,97)
w(90,2,1,97)
r(94,8,1,97)
w(3,10,1,97)
r(76,6,1,97)
w(130,2,1,97)
r(275,8,1,97)
w(92,4,1,97)
r(129,2,1,97)
w(284,10,1,97)
w(70,2,1,97)
r(157,9,1,97)
w(289,2,1,97)
w(159,9,1,97)
w(211,9,2,98)
w(37,8,2,98)
w(251,9,2,98)
r(86,4,2,98)
w(169,4,2,98)
r(284,5,2,98)
w(23,10,2,98)
r(269,9,2,98)
w(305,10,2,98)
w(118,2,2,98)
w(350,3,2,98)
r(43,3,2,98)
r(327,4,2,98)
r(67,8,2,98)
r(3,3,2,98)
r(268,2,2,98)
r(26,4,2,98)
w(245,10,2,98)
w(123,9,2,98)
r(159,5,2,98)
r(129,10,2,98)
r(40,9,2,98)
r(324,8,2,98)
r(58,10,2,98)
r(174,6,2,98)
r(127,7,2,98)
w(58,5,2,98)
r(168,8,2,98)
r(51,10,2,98)
w(57,8,2,98)
r(320,10,3,99)
r(224,4,3,99)
w(24,5,3,99)
r(14,2,3,99)
w(72,5,3,99)
r(25,7,3,99)
r(324,8,3,99)
r(38,12,3,99)
w(111,9,3,99)
w(228,10,3,99)
w(259,4,3,99)
w(217,9,3,99)
r(299,9,3,99)
w(316,5,3,99)
w(146,8,3,99)
r(272,5,3,99)
w(218,9,3,99)
r(150,9,3,99)
w(138,10,3,99)
w(307,4,3,99)
r(39,9,3,99)
r(152,8,3,99)
r(142,5,3,99)
w(305,6,3,99)
w(207,4,3,99)
r(49,7,3,99)
r(284,5,3,99)
r(202,3,3,99)
r(150,9,3,99)
r(192,9,3,99)
w(182,4,4,100)
r(253,10,4,100)
r(168,2,4,100)
r(105,2,4,100)
w(157,4,4,100)
r(337,5,4,100)
w(28,3,4,100)
r(152,8,4,100)
w(286,10,4,100)
w(202,4,4,100)
w(320,10,4,100)
r(79,2,4,100)
w(341,7,4,100)
r(213,2,4,100)
r(158,5,4,100)
r(317,9,4,100)
r(64,5,4,100)
r(268,5,4,100)
r(278,6,4,100)
w(124,8,4,100)
w(145,10,4,100)
r(5,6,4,100)
w(45,3,4,100)
w(352,2,4,100)
r(177,9,4,100)
r(359,1,4,100)
w(190,10,4,100)
r(249,8,4,100)
w(125,4,4,100)
w(124,10,4,100)
w(28,15,6,101)
r(94,8,6,101)
w(123,5,6,101)
r(49,9,6,101)
w(240,3,6,101)
w(190,7,6,101)
w(96,5,6,101)
r(34,4,6,101)
w(251,4,6,101)
r(295,13,6,101)
r(19,8,6,101)
w(55,6,6,101)
r(171,11,6,101)
r(139,8,6,101)
w(170,5,6,101)
r(47,12,6,101)
r(83,9,6,101)
w(23,3,6,101)
r(42,3,6,101)
w(49,7,6,101)
w(229,5,6,101)
r(353,2,6,101)
r(301,9,6,101)
w(238,6,6,101)
w(28,16,6,101)
r(249,10,6,101)
w(243,7,6,101)
r(93,4,6,101)
r(192,9,6,101)
r(85,2,6,101)
w(32,9,1,102)
r(255,10,1,102)
w(178,2,1,102)
r(301,9,1,102)
w(241,2,1,102)
r(19,8,1,102)
r(301,9,1,102)
r(263,9,1,102)
r(124,10,1,102)
w(158,2,1,102)
r(277,4,1,102)
r(54,1,1,102)
r(226,5,1,102)
r(82,6,1,102)
r(304,9,1,102)
r(71,2,1,102)
r(139,8,1,102)
r(39,9,1,102)
w(52,10,1,102)
r(177,9,1,102)
r(101,10,1,102)
r(82,6,1,102)
r(55,6,2,103)
w(24,10,2,103)
r(53,11,2,103)
w(286,9,2,103)
w(239,8,2,103)
w(195,9,2,103)
w(258,9,2,103)
w(338,3,2,103)
w(41,9,2,103)
w(30,9,2,103)
w(347,9,2,103)
w(68,8,2,103)
w(238,8,2,103)
r(225,1,2,103)
w(338,5,2,103)
r(171,11,2,103)
r(346,8,2,103)
w(55,10,2,103)
r(286,9,2,103)
r(146,10,2,103)
r(260,10,2,103)
r(353,2,2,103)
w(159,4,2,103)
r(152,8,2,103)
w(78,3,2,103)
w(245,4,2,103)
r(18,1,2,103)
r(341,11,2,103)
r(349,8,2,103)
w(132,10,2,103)
r(125,9,3,104)
w(145,8,3,104)
w(130,4,3,104)
r(240,3,3,104)
r(243,7,3,104)
r(3,3,3,104)
r(277,8,3,104)
r(346,8,3,104)
r(309,8,3,104)
r(170,6,3,104)
r(115,8,3,104)
r(129,11,3,104)
w(25,8,3,104)
w(198,10,3,104)
r(232,3,3,104)
r(33,8,3,104)
w(193,10,3,104)
r(101,10,3,104)
r(131,6,3,104)
w(304,8,3,104)
r(162,8,3,104)
w(162,4,3,104)
w(7,5,3,104)
r(124,7,3,104)
r(214,10,3,104)
w(165,9,3,104)
r(37,8,3,104)
w(66,6,3,104)
w(149,10,3,104)
w(241,10,3,104)
r(135,6,4,105)
w(40,10,4,105)
w(278,3,4,105)
r(113,9,4,105)
r(32,2,4,105)
w(265,4,4,105)
w(297,10,4,105)
w(245,12,4,105)
w(324,10,4,105)
r(307,8,6,106)
w(11,4,6,106)
w(172,5,6,106)
w(157,7,6,106)
w(140,3,6,106)
w(302,6,6,106)
r(135,4,6,106)
w(309,11,6,106)
r(98,5,6,106)
w(129,7,6,106)
r(200,5,6,106)
w(27,7,6,106)
r(10,9,6,106)
r(178,3,6,106)
w(42,5,6,106)
r(353,2,6,106)
r(157,7,6,106)
w(142,5,6,106)
r(240,3,6,106)
w(264,13,6,106)
r(245,10,6,106)
w(140,5,6,106)
r(143,2,6,106)
w(351,3,6,106)
w(25,7,6,106)
w(145,3,6,106)
r(138,8,6,106)
r(304,9,6,106)
r(296,10,6,106)
r(29,2,6,106)
r(301,9,1,107)
r(236,3,1,107)
r(179,3,1,107)
w(7,10,1,107)
w(188,8,1,107)
r(344,3,1,107)
w(180,8,1,107)
w(12,9,1,107)
w(35,9,1,107)
w(167,9,1,107)
r(168,8,1,107)
r(277,4,1,107)
w(287,2,1,107)
r(116,10,1,107)
r(351,4,1,107)
w(13,8,1,107)
r(336,9,1,107)
w(351,2,1,107)
r(337,6,1,107)
r(259,8,1,107)
w(131,9,1,107)
w(99,8,1,107)
r(194,8,1,107)
r(216,9,1,107)
w(1,9,1,107)
w(265,2,1,107)
w(145,2,1,107)
w(78,9,1,107)
w(20,2,1,107)
r(356,4,1,107)
w(155,8,2,108)
r(212,3,2,108)
r(12,9,2,108)
w(345,3,2,108)
w(299,8,2,108)
r(288,8,2,108)
w(210,9,2,108)
r(48,3,2,108)
w(248,8,2,108)
w(267,9,2,108)
r(8,2,2,108)
r(318,3,2,108)
r(223,5,2,108)
w(98,8,2,108)
r(94,8,2,108)
r(231,9,2,108)
r(210,9,2,108)
w(207,8,2,108)
r(89,9,2,108)
r(256,8,2,108)
w(68,10,2,108)
r(308,2,2,108)
r(7,10,2,108)
r(224,4,2,108)
r(108,10,2,108)
r(208,7,2,108)
w(309,8,2,108)
r(264,13,2,108)
r(101,10,2,108)
r(108,10,2,108)
r(199,4,3,109)
w(76,4,3,109)
w(235,10,3,109)
w(310,8,3,109)
r(339,8,3,109)
w(212,10,3,109)
r(90,10,3,109)
w(328,3,3,109)
r(38,12,3,109)
w(246,9,3,109)
r(334,6,3,109)
r(189,9,3,109)
r(147,5,3,109)
w(262,3,3,109)
r(140,5,3,109)
w(193,3,3,109)
r(232,8,3,109)
r(178,3,3,109)
w(205,4,3,109)
w(295,4,3,109)
r(279,9,3,109)
w(82,10,3,109)
w(150,3,3,109)
w(123,10,3,109)
w(39,6,3,109)
r(266,6,3,109)
w(287,10,3,109)
r(222,10,3,109)
w(354,3,3,109)
r(117,11,3,109)
r(259,8,4,110)
w(211,3,4,110)
w(9,6,4,110)
r(226,5,4,110)
r(105,2,4,110)
w(249,10,4,110)
r(215,3,4,110)
w(247,4,4,110)
r(75,8,4,110)
w(10,5,4,110)
w(168,8,4,110)
w(356,4,4,110)
w(219,5,4,110)
w(90,3,4,110)
w(184,3,4,110)
r(100,5,4,110)
w(20,3,4,110)
w(115,4,4,110)
r(189,1,4,110)
r(29,2,4,110)
r(68,9,4,110)
w(221,6,4,110)
w(309,3,4,110)
w(107,4,4,110)
w(214,10,4,110)
w(268,4,4,110)
w(86,4,4,110)
w(151,7,4,110)
r(261,2,4,110)
w(288,8,4,110)
w(60,5,6,111)
r(254,3,6,111)
w(210,6,6,111)
r(256,8,6,111)
w(214,3,6,111)
r(298,3,6,111)
r(48,3,6,111)
r(108,10,6,111)
r(56,7,6,111)
r(324,8,6,111)
r(248,8,6,111)
r(268,2,6,111)
r(65,1,6,111)
r(343,10,6,111)
r(273,5,1,112)
r(269,4,1,112)
w(271,2,1,112)
r(224,4,1,112)
r(83,10,1,112)
w(282,2,1,112)
w(33,9,1,112)
r(28,3,1,112)
r(64,5,1,112)
w(125,9,1,112)
r(39,9,1,112)
r(262,6,1,112)
r(195,8,1,112)
r(202,4,1,112)
r(185,8,1,112)
w(294,2,1,112)
r(238,3,1,112)
w(220,9,1,112)
r(274,8,1,112)
w(220,8,1,112)
w(231,9,1,112)
w(155,2,1,112)
w(268,2,1,112)
r(125,9,1,112)
w(261,9,1,112)
r(18,1,1,112)
r(170,9,1,112)
r(359,6,1,112)
r(265,2,1,112)
r(55,9,1,112)
w(146,2,2,113)
r(88,6,2,113)
w(132,4,2,113)
r(259,9,2,113)
w(104,10,2,113)
r(80,10,2,113)
w(296,9,2,113)
w(359,9,2,113)
r(332,2,2,113)
w(20,8,2,113)
r(324,8,2,113)
r(97,8,2,113)
w(354,9,2,113)
r(330,2,2,113)
w(20,10,2,113)
r(236,3,2,113)
r(76,10,2,113)
r(338,5,2,113)
r(123,9,2,113)
w(14,2,2,113)
w(100,9,2,113)
w(348,2,2,113)
w(340,9,2,113)
w(250,10,2,113)
w(354,8,2,113)
w(71,9,2,113)
w(277,8,2,113)
w(115,8,2,113)
w(262,10,2,113)
w(313,9,2,113)
r(14,9,4,114)
r(225,1,4,114)
w(166,5,4,114)
w(348,10,4,114)
w(267,5,4,114)
w(341,11,4,114)
w(248,10,4,114)
r(150,1,4,114)
r(129,2,4,114)
r(27,5,4,114)
w(310,10,4,114)
r(88,6,4,114)
r(122,1,4,114)
w(118,4,4,114)
w(212,3,4,114)
r(315,9,4,114)
r(149,9,4,114)
w(232,3,4,114)
r(159,5,4,114)
r(354,4,4,114)
r(287,2,4,114)
w(99,3,4,114)
r(116,10,4,114)
r(64,5,4,114)
w(267,6,4,114)
w(316,7,4,114)
w(248,4,4,114)
r(282,3,4,114)
r(349,8,4,114)
r(259,8,4,114)
w(172,6,6,115)
r(294,3,6,115)
w(328,7,6,115)
r(172,6,6,115)
r(314,9,6,115)
r(354,8,6,115)
w(244,4,6,115)
r(337,6,6,115)
w(50,10,6,115)
r(285,9,6,115)
r(242,11,6,115)
w(27,11,6,115)
r(273,5,6,115)
w(268,7,6,115)
r(129,7,6,115)
w(314,5,6,115)
r(56,5,6,115)
r(117,11,6,115)
w(302,7,6,115)
w(166,11,6,115)
r(127,3,6,115)
w(175,12,6,115)
w(260,11,6,115)
w(348,5,6,115)
r(27,11,6,115)
r(37,8,6,115)
w(264,15,6,115)
w(19,10,6,115)
r(120,8,6,115)
r(227,9,6,115)
r(243,6,1,116)
r(219,5,1,116)
r(265,2,1,116)
w(24,8,1,116)
r(190,6,1,116)
r(62,2,1,116)
r(289,10,1,116)
r(41,3,1,116)
w(77,8,1,116)
w(192,9,1,116)
r(195,8,1,116)
r(21,12,1,116)
r(291,8,1,116)
r(287,2,1,116)
r(320,10,1,116)
r(275,8,1,116)
w(197,9,1,116)
w(259,2,1,116)
r(266,1,1,116)
w(126,8,1,116)
r(260,10,1,116)
r(257,2,1,116)
r(23,9,1,116)
w(209,8,1,116)
r(170,9,1,116)
w(85,2,1,116)
r(150,9,1,116)
r(119,2,1,116)
r(187,3,1,116)
w(259,9,1,116)
w(331,9,2,117)
w(291,10,2,117)
w(180,10,2,117)
w(218,2,2,117)
w(301,8,2,117)
r(153,1,2,117)
r(300,8,2,117)
w(184,8,2,117)
w(317,8,2,117)
r(276,3,2,117)
w(253,8,2,117)
w(5,9,2,117)
r(321,9,2,117)
w(119,10,2,117)
r(111,10,2,117)
w(342,10,2,117)
w(322,2,2,117)
r(291,10,2,117)
w(6,2,2,117)
r(2,2,2,117)
r(213,2,2,117)
r(100,9,2,117)
w(128,9,2,117)
w(254,9,2,117)
r(321,9,2,117)
r(184,8,2,117)
w(9,10,2,117)
r(186,9,2,117)
r(15,3,2,117)
r(46,10,2,117)
w(202,3,4,118)
w(201,10,4,118)
r(269,9,4,118)
w(108,10,4,118)
r(72,3,4,118)
r(18,1,4,118)
w(272,5,4,118)
w(111,10,4,118)
w(230,2,4,118)
w(317,4,4,118)
r(279,9,4,118)
w(233,10,4,118)
r(219,5,4,118)
r(248,4,4,118)
r(312,9,4,118)
r(16,10,4,118)
w(38,11,4,118)
w(127,3,4,118)
w(135,4,4,118)
r(165,2,4,118)
r(128,5,4,118)
w(38,12,4,118)
w(359,4,4,118)
w(146,10,4,118)
w(208,7,4,118)
r(122,1,4,118)
r(288,8,4,118)
r(4,12,4,118)
r(279,9,4,118)
r(245,10,4,118)
w(212,11,6,119)
r(47,11,6,119)
r(222,10,6,119)
w(15,14,6,119)
r(105,8,6,119)
w(224,5,6,119)
w(124,7,6,119)
r(52,4,6,119)
w(319,3,6,119)
w(291,14,6,119)
w(127,11,6,119)
w(310,7,6,119)
r(167,8,6,119)
r(103,2,6,119)
r(269,10,6,119)
r(53,11,6,119)
w(23,5,6,119)
w(129,11,6,119)
w(144,5,6,119)
r(333,5,6,119)
r(314,5,6,119)
r(101,10,6,119)
w(357,11,6,119)
r(235,8,6,119)
w(170,6,6,119)
r(23,5,6,119)
w(40,6,6,119)
r(115,8,6,119)
w(288,5,6,119)
r(160,4,6,119)
w(2,2,1,120)
w(350,9,1,120)
r(126,8,1,120)
r(329,11,1,120)
r(103,2,1,120)
r(142,5,1,120)
r(107,4,1,120)
w(299,9,1,120)
w(22,9,1,120)
r(181,9,1,120)
w(207,9,1,120)
w(43,2,1,120)
r(172,5,1,120)
w(72,8,1,120)
r(69,5,1,120)
r(319,2,1,120)
w(176,9,1,120)
w(233,9,1,120)
w(331,2,1,120)
r(315,9,1,120)
w(33,8,1,120)
w(175,9,1,120)
r(271,2,1,120)
w(349,2,1,120)
w(206,8,1,120)
w(11,2,1,120)
w(73,2,1,120)
r(273,5,1,120)
w(268,9,1,120)
r(260,10,1,120)
w(116,3,2,121)
r(102,8,2,121)
w(301,10,2,121)
r(310,7,2,121)
r(156,10,2,121)
r(231,9,2,121)
w(335,2,2,121)
w(266,4,2,121)
w(49,8,2,121)
r(291,14,2,121)
r(188,4,2,121)
w(280,10,2,121)
r(89,9,2,121)
w(206,4,2,121)
r(97,8,2,121)
r(161,9,2,121)
r(35,4,2,121)
w(169,3,2,121)
r(17,4,2,121)
w(203,9,2,121)
w(54,9,2,121)
w(221,4,2,121)
w(54,8,2,121)
r(155,8,2,121)
w(291,4,2,121)
w(276,8,2,121)
r(219,5,2,121)
r(204,9,2,121)
w(49,10,2,121)
r(91,2,2,121)
w(333,5,4,122)
w(249,4,4,122)
r(16,10,4,122)
r(154,8,4,122)
r(73,6,4,122)
r(347,9,4,122)
w(117,7,4,122)
r(200,5,4,122)
r(147,10,4,122)
w(325,5,4,122)
r(13,8,4,122)
w(141,10,4,122)
r(29,2,4,122)
w(131,6,4,122)
r(86,4,4,122)
w(105,8,4,122)
w(244,9,4,122)
r(57,8,4,122)
w(35,4,4,122)
r(224,4,4,122)
r(167,8,4,122)
w(302,10,4,122)
r(307,8,4,122)
w(15,3,4,122)
w(269,10,4,122)
r(67,8,4,122)
w(179,5,4,122)
r(54,1,4,122)
w(215,10,4,122)
w(294,3,4,122)
w(177,5,6,123)
r(329,8,6,123)
w(242,15,6,123)
r(245,9,6,123)
r(46,10,6,123)
w(342,3,6,123)
w(77,7,6,123)
r(56,5,6,123)
w(212,12,6,123)
w(10,6,6,123)
r(56,5,6,123)
w(183,7,6,123)
w(322,5,6,123)
w(59,5,6,123)
w(69,6,6,123)
r(115,8,6,123)
r(241,10,6,123)
r(92,14,6,123)
r(219,5,6,123)
w(278,7,6,123)
r(277,8,6,123)
w(298,5,6,123)
r(278,7,6,123)
w(268,11,6,123)
r(347,9,6,123)
r(44,10,6,123)
w(23,6,6,123)
r(182,4,6,123)
w(223,11,6,123)
w(113,4,6,123)
w(143,9,1,124)
w(355,2,1,124)
r(211,9,1,124)
w(39,8,1,124)
w(245,9,1,124)
w(174,10,1,124)
w(208,9,1,124)
w(285,9,1,124)
w(237,8,1,124)
r(124,10,1,124)
r(33,8,1,124)
r(94,8,1,124)
w(212,2,1,124)
r(34,4,1,124)
r(278,6,1,124)
r(143,9,1,124)
w(183,2,1,124)
w(302,2,1,124)
r(48,3,1,124)
w(132,2,1,124)
w(163,10,1,124)
w(112,2,1,124)
w(350,8,1,124)
w(135,9,1,124)
w(304,2,1,124)
r(142,5,1,124)
r(17,4,1,124)
w(2,9,1,124)
r(134,4,1,124)
w(58,4,1,124)
w(193,2,2,125)
w(77,4,2,125)
w(51,8,2,125)
w(9,4,2,125)
r(67,8,2,125)
r(109,10,2,125)
r(25,8,2,125)
w(75,2,2,125)
w(337,10,2,125)
w(105,9,2,125)
r(21,12,2,125)
w(274,9,2,125)
w(295,9,2,125)
r(257,2,2,125)
r(163,10,2,125)
w(258,8,2,125)
r(101,10,2,125)
r(5,2,2,125)
r(127,11,2,125)
w(99,10,2,125)
w(202,8,2,125)
w(42,9,2,125)
r(152,8,2,125)
w(6,9,2,125)
r(274,9,2,125)
r(174,10,2,125)
w(232,8,2,125)
w(206,3,2,125)
w(28,2,2,125)
r(96,5,2,125)
w(148,7,4,126)
r(320,10,4,126)
w(264,12,4,126)
r(85,2,4,126)
w(120,8,4,126)
r(258,9,4,126)
w(245,13,4,126)
w(17,4,4,126)
r(198,8,4,126)
w(147,4,4,126)
r(352,2,4,126)
w(61,7,4,126)
r(323,2,4,126)
r(356,4,4,126)
w(56,5,4,126)
w(138,3,4,126)
r(346,8,4,126)
r(245,13,4,126)
r(300,8,4,126)
w(82,3,4,126)
r(152,8,4,126)
w(68,6,4,126)
w(108,4,4,126)
r(98,8,4,126)
r(76,10,4,126)
r(283,4,4,126)
w(117,11,4,126)
r(168,8,4,126)
r(111,10,4,126)
w(44,10,4,126)
r(26,4,6,127)
r(245,9,6,127)
w(220,5,6,127)
r(128,4,6,127)
w(300,3,6,127)
r(72,5,6,127)
w(163,11,6,127)
r(315,9,6,127)
w(14,10,6,127)
w(158,11,6,127)
r(107,10,6,127)
w(137,7,6,127)
w(350,14,6,127)
w(288,6,6,127)
r(323,2,6,127)
r(337,10,6,127)
w(56,11,6,127)
r(137,7,6,127)
w(345,15,6,127)
r(94,8,6,127)
w(154,4,6,127)
w(334,6,6,127)
r(260,11,6,127)
w(233,5,6,127)
w(255,5,6,127)
w(291,13,6,127)
w(285,3,6,127)
r(250,10,6,127)
w(276,7,6,127)
r(116,3,6,127)
r(214,10,1,128)
w(5,2,1,128)
r(304,2,1,128)
r(162,8,1,128)
r(131,6,1,128)
w(66,8,1,128)
r(208,9,1,128)
r(146,8,1,128)
w(16,2,1,128)
r(12,9,1,128)
r(150,9,1,128)
r(305,6,1,128)
r(105,8,1,128)
w(329,8,1,128)
r(158,5,1,128)
r(173,3,1,128)
w(327,8,1,128)
w(276,9,1,128)
r(212,2,1,128)
r(321,9,1,128)
w(225,2,1,128)
r(277,8,1,128)
w(59,2,1,128)
w(43,9,1,128)
w(69,2,1,128)
w(107,10,1,128)
r(95,8,1,128)
r(98,8,1,128)
w(79,9,1,128)
r(248,8,1,128)
w(63,8,2,129)
w(37,10,2,129)
r(116,3,2,129)
r(45,3,2,129)
r(305,6,2,129)
r(13,8,2,129)
w(211,8,2,129)
r(6,9,2,129)
w(225,9,2,129)
w(28,9,2,129)
r(175,12,2,129)
r(322,5,2,129)
w(39,10,2,129)
w(272,8,2,129)
w(287,8,2,129)
w(337,4,2,129)
r(124,7,2,129)
r(291,13,2,129)
w(52,3,2,129)
r(285,3,2,129)
r(264,15,2,129)
r(53,11,2,129)
w(197,10,2,129)
r(224,5,2,129)
r(89,9,2,129)
w(7,4,2,129)
r(175,12,2,129)
w(64,8,2,129)
w(326,2,2,129)
r(173,3,2,129)
