w(1,1,0,0)
w(2,1,0,0)
w(3,1,0,0)
w(4,1,0,0)
w(5,1,0,0)
w(6,1,0,0)
w(7,1,0,0)
w(8,1,0,0)
w(9,1,0,0)
w(10,1,0,0)
w(11,1,0,0)
w(12,1,0,0)
w(13,1,0,0)
w(14,1,0,0)
w(15,1,0,0)
w(16,1,0,0)
w(17,1,0,0)
w(18,1,0,0)
w(19,1,0,0)
w(20,1,0,0)
w(21,1,0,0)
w(22,1,0,0)
w(23,1,0,0)
w(24,1,0,0)
w(25,1,0,0)
w(26,1,0,0)
w(27,1,0,0)
w(28,1,0,0)
w(29,1,0,0)
w(30,1,0,0)
w(31,1,0,0)
w(32,1,0,0)
w(33,1,0,0)
w(34,1,0,0)
w(35,1,0,0)
w(36,1,0,0)
w(37,1,0,0)
w(38,1,0,0)
w(39,1,0,0)
w(40,1,0,0)
w(41,1,0,0)
w(42,1,0,0)
w(43,1,0,0)
w(44,1,0,0)
w(45,1,0,0)
w(46,1,0,0)
w(47,1,0,0)
w(48,1,0,0)
w(49,1,0,0)
w(50,1,0,0)
w(51,1,0,0)
w(52,1,0,0)
w(53,1,0,0)
w(54,1,0,0)
w(55,1,0,0)
w(56,1,0,0)
w(57,1,0,0)
w(58,1,0,0)
w(59,1,0,0)
w(60,1,0,0)
w(61,1,0,0)
w(62,1,0,0)
w(63,1,0,0)
w(64,1,0,0)
w(65,1,0,0)
w(66,1,0,0)
w(67,1,0,0)
w(68,1,0,0)
w(69,1,0,0)
w(70,1,0,0)
w(71,1,0,0)
w(72,1,0,0)
w(73,1,0,0)
w(74,1,0,0)
w(75,1,0,0)
w(76,1,0,0)
w(77,1,0,0)
w(78,1,0,0)
w(79,1,0,0)
w(80,1,0,0)
w(81,1,0,0)
w(82,1,0,0)
w(83,1,0,0)
w(84,1,0,0)
w(85,1,0,0)
w(86,1,0,0)
w(87,1,0,0)
w(88,1,0,0)
w(89,1,0,0)
w(90,1,0,0)
w(91,1,0,0)
w(92,1,0,0)
w(93,1,0,0)
w(94,1,0,0)
w(95,1,0,0)
w(96,1,0,0)
w(97,1,0,0)
w(98,1,0,0)
w(99,1,0,0)
w(100,1,0,0)
w(101,1,0,0)
w(102,1,0,0)
w(103,1,0,0)
w(104,1,0,0)
w(105,1,0,0)
w(106,1,0,0)
w(107,1,0,0)
w(108,1,0,0)
w(109,1,0,0)
w(110,1,0,0)
w(111,1,0,0)
w(112,1,0,0)
w(113,1,0,0)
w(114,1,0,0)
w(115,1,0,0)
w(116,1,0,0)
w(117,1,0,0)
w(118,1,0,0)
w(119,1,0,0)
w(120,1,0,0)
w(121,1,0,0)
w(122,1,0,0)
w(123,1,0,0)
w(124,1,0,0)
w(125,1,0,0)
w(126,1,0,0)
w(127,1,0,0)
w(128,1,0,0)
w(129,1,0,0)
w(130,1,0,0)
w(131,1,0,0)
w(132,1,0,0)
w(133,1,0,0)
w(134,1,0,0)
w(135,1,0,0)
w(136,1,0,0)
w(137,1,0,0)
w(138,1,0,0)
w(139,1,0,0)
w(140,1,0,0)
w(141,1,0,0)
w(142,1,0,0)
w(143,1,0,0)
w(144,1,0,0)
w(145,1,0,0)
w(146,1,0,0)
w(147,1,0,0)
w(148,1,0,0)
w(149,1,0,0)
w(150,1,0,0)
w(151,1,0,0)
w(152,1,0,0)
w(153,1,0,0)
w(154,1,0,0)
w(155,1,0,0)
w(156,1,0,0)
w(157,1,0,0)
w(158,1,0,0)
w(159,1,0,0)
w(160,1,0,0)
w(161,1,0,0)
w(162,1,0,0)
w(163,1,0,0)
w(164,1,0,0)
w(165,1,0,0)
w(166,1,0,0)
w(167,1,0,0)
w(168,1,0,0)
w(169,1,0,0)
w(170,1,0,0)
w(171,1,0,0)
w(172,1,0,0)
w(173,1,0,0)
w(174,1,0,0)
w(175,1,0,0)
w(176,1,0,0)
w(177,1,0,0)
w(178,1,0,0)
w(179,1,0,0)
w(180,1,0,0)
w(181,1,0,0)
w(182,1,0,0)
w(183,1,0,0)
w(184,1,0,0)
w(185,1,0,0)
w(186,1,0,0)
w(187,1,0,0)
w(188,1,0,0)
w(189,1,0,0)
w(190,1,0,0)
w(191,1,0,0)
w(192,1,0,0)
w(193,1,0,0)
w(194,1,0,0)
w(195,1,0,0)
w(196,1,0,0)
w(197,1,0,0)
w(198,1,0,0)
w(199,1,0,0)
w(200,1,0,0)
w(201,1,0,0)
w(202,1,0,0)
w(203,1,0,0)
w(204,1,0,0)
w(205,1,0,0)
w(206,1,0,0)
w(207,1,0,0)
w(208,1,0,0)
w(209,1,0,0)
w(210,1,0,0)
w(211,1,0,0)
w(212,1,0,0)
w(213,1,0,0)
w(214,1,0,0)
w(215,1,0,0)
w(216,1,0,0)
w(217,1,0,0)
w(218,1,0,0)
w(219,1,0,0)
w(220,1,0,0)
w(221,1,0,0)
w(222,1,0,0)
w(223,1,0,0)
w(224,1,0,0)
w(225,1,0,0)
w(226,1,0,0)
w(227,1,0,0)
w(228,1,0,0)
w(229,1,0,0)
w(230,1,0,0)
w(231,1,0,0)
w(232,1,0,0)
w(233,1,0,0)
w(234,1,0,0)
w(235,1,0,0)
w(236,1,0,0)
w(237,1,0,0)
w(238,1,0,0)
w(239,1,0,0)
w(240,1,0,0)
w(241,1,0,0)
w(242,1,0,0)
w(243,1,0,0)
w(244,1,0,0)
w(245,1,0,0)
w(246,1,0,0)
w(247,1,0,0)
w(248,1,0,0)
w(249,1,0,0)
w(250,1,0,0)
w(251,1,0,0)
w(252,1,0,0)
w(253,1,0,0)
w(254,1,0,0)
w(255,1,0,0)
w(256,1,0,0)
w(257,1,0,0)
w(258,1,0,0)
w(259,1,0,0)
w(260,1,0,0)
w(261,1,0,0)
w(262,1,0,0)
w(263,1,0,0)
w(264,1,0,0)
w(265,1,0,0)
w(266,1,0,0)
w(267,1,0,0)
w(268,1,0,0)
w(269,1,0,0)
w(270,1,0,0)
w(271,1,0,0)
w(272,1,0,0)
w(273,1,0,0)
w(274,1,0,0)
w(275,1,0,0)
w(276,1,0,0)
w(277,1,0,0)
w(278,1,0,0)
w(279,1,0,0)
w(280,1,0,0)
w(281,1,0,0)
w(282,1,0,0)
w(283,1,0,0)
w(284,1,0,0)
w(285,1,0,0)
w(286,1,0,0)
w(287,1,0,0)
w(288,1,0,0)
w(289,1,0,0)
w(290,1,0,0)
w(291,1,0,0)
w(292,1,0,0)
w(293,1,0,0)
w(294,1,0,0)
w(295,1,0,0)
w(296,1,0,0)
w(297,1,0,0)
w(298,1,0,0)
w(299,1,0,0)
w(300,1,0,0)
w(301,1,0,0)
w(302,1,0,0)
w(303,1,0,0)
w(304,1,0,0)
w(305,1,0,0)
w(306,1,0,0)
w(307,1,0,0)
w(308,1,0,0)
w(309,1,0,0)
w(310,1,0,0)
w(311,1,0,0)
w(312,1,0,0)
w(313,1,0,0)
w(314,1,0,0)
w(315,1,0,0)
w(316,1,0,0)
w(317,1,0,0)
w(318,1,0,0)
w(319,1,0,0)
w(320,1,0,0)
w(321,1,0,0)
w(322,1,0,0)
w(323,1,0,0)
w(324,1,0,0)
w(325,1,0,0)
w(326,1,0,0)
w(327,1,0,0)
w(328,1,0,0)
w(329,1,0,0)
w(330,1,0,0)
w(331,1,0,0)
w(332,1,0,0)
w(333,1,0,0)
w(334,1,0,0)
w(335,1,0,0)
w(336,1,0,0)
w(337,1,0,0)
w(338,1,0,0)
w(339,1,0,0)
w(340,1,0,0)
w(341,1,0,0)
w(342,1,0,0)
w(343,1,0,0)
w(344,1,0,0)
w(345,1,0,0)
w(346,1,0,0)
w(347,1,0,0)
w(348,1,0,0)
w(349,1,0,0)
w(350,1,0,0)
w(351,1,0,0)
w(352,1,0,0)
w(353,1,0,0)
w(354,1,0,0)
w(355,1,0,0)
w(356,1,0,0)
w(357,1,0,0)
w(358,1,0,0)
w(359,1,0,0)
w(360,1,0,0)
r(15,1,1,1)
r(111,1,1,1)
w(105,2,1,1)
w(218,2,1,1)
r(129,1,1,1)
r(149,1,1,1)
r(158,1,1,1)
r(80,1,1,1)
r(151,1,2,2)
w(151,3,2,2)
w(265,3,2,2)
w(79,2,2,2)
r(12,1,2,2)
r(95,1,2,2)
r(261,1,2,2)
w(121,12,2,2)
r(244,1,2,2)
r(245,1,2,2)
r(54,1,2,2)
r(18,1,2,2)
w(257,6,2,2)
w(162,10,2,2)
r(322,1,2,2)
r(328,1,2,2)
w(256,2,2,2)
w(263,6,2,2)
r(177,1,2,2)
w(357,3,2,2)
r(7,1,2,2)
r(14,1,2,2)
r(118,1,2,2)
w(236,6,2,2)
w(304,3,2,2)
w(53,7,2,2)
r(294,1,2,2)
r(150,1,2,2)
w(66,10,2,2)
r(9,1,2,2)
r(49,1,2,2)
w(43,10,2,2)
w(256,3,2,2)
r(67,1,2,2)
w(127,3,2,2)
w(271,6,2,2)
w(10,10,2,2)
r(1,1,2,2)
r(213,1,2,2)
w(143,3,2,2)
w(39,3,3,3)
w(350,11,3,3)
r(39,3,3,3)
w(217,6,3,3)
r(129,1,3,3)
w(359,12,3,3)
w(252,14,3,3)
w(300,2,3,3)
w(356,12,3,3)
r(73,1,3,3)
w(79,6,3,3)
w(344,10,3,3)
w(25,6,3,3)
r(40,1,3,3)
r(97,1,4,4)
r(88,1,4,4)
r(48,1,4,4)
w(307,7,4,4)
w(220,8,4,4)
w(287,11,4,4)
w(145,12,4,4)
w(112,6,4,4)
w(226,3,4,4)
r(290,1,4,4)
r(291,1,4,4)
r(126,1,4,4)
r(340,1,4,4)
w(282,14,4,4)
r(336,1,4,4)
r(209,1,4,4)
r(78,1,4,4)
r(198,1,4,4)
r(127,1,4,4)
r(352,1,4,4)
w(308,10,4,4)
w(124,10,4,4)
w(161,14,4,4)
r(175,1,4,4)
w(105,14,4,4)
w(156,10,4,4)
w(285,7,4,4)
r(148,10,5,5)
r(243,1,5,5)
w(128,12,5,5)
r(329,10,5,5)
w(189,14,5,5)
w(352,9,5,5)
r(302,1,5,5)
w(181,5,5,5)
w(299,14,5,5)
r(83,2,5,5)
r(24,1,5,5)
r(248,1,5,5)
w(191,7,5,5)
w(28,9,5,5)
r(187,1,5,5)
w(127,9,5,5)
r(94,1,5,5)
r(231,1,5,5)
r(194,1,5,5)
w(16,10,5,5)
r(275,1,5,5)
w(50,10,5,5)
r(339,15,5,5)
r(53,7,5,5)
w(358,9,5,5)
w(252,16,5,5)
r(265,3,5,5)
w(232,15,5,5)
w(92,10,5,5)
r(25,12,5,5)
r(161,1,6,6)
r(343,1,6,6)
r(259,1,6,6)
w(132,5,6,6)
w(30,8,6,6)
w(291,8,6,6)
w(61,7,6,6)
w(269,4,6,6)
w(357,4,6,6)
w(44,5,6,6)
r(34,1,6,6)
r(281,1,6,6)
r(335,1,6,6)
r(156,1,6,6)
w(154,12,6,6)
r(152,1,6,6)
r(253,1,6,6)
w(42,6,6,6)
w(306,4,6,6)
w(98,8,6,6)
r(88,1,6,6)
w(192,5,6,6)
w(9,11,6,6)
r(310,1,6,6)
r(150,1,6,6)
w(354,4,6,6)
r(72,1,6,6)
w(51,4,6,6)
w(339,15,6,6)
w(193,3,6,6)
r(296,1,6,6)
r(216,1,6,6)
r(327,3,6,6)
w(236,17,6,6)
r(255,1,6,6)
w(75,11,6,6)
w(263,16,6,6)
r(289,1,6,6)
w(158,11,6,6)
w(306,5,6,6)
w(248,2,1,7)
w(209,2,1,7)
w(351,2,1,7)
w(169,2,1,7)
r(305,1,1,7)
r(241,1,1,7)
r(214,1,1,7)
r(242,1,1,7)
r(126,1,1,7)
w(349,2,1,7)
w(141,2,1,7)
w(19,2,1,7)
w(78,2,1,7)
r(335,1,1,7)
w(35,2,1,7)
r(119,1,1,7)
r(237,1,1,7)
w(179,2,1,7)
r(334,1,1,7)
w(121,2,1,7)
r(206,1,1,7)
w(221,2,1,7)
r(292,1,1,7)
w(149,2,1,7)
w(281,2,1,7)
w(324,2,1,7)
r(9,1,1,7)
w(126,3,1,7)
w(59,2,1,7)
w(118,2,1,7)
w(19,3,1,7)
w(53,2,1,7)
r(337,1,1,7)
r(325,1,2,8)
w(105,6,2,8)
w(276,6,2,8)
r(188,1,2,8)
w(261,2,2,8)
r(321,1,2,8)
w(110,3,2,8)
w(249,2,2,8)
w(272,3,2,8)
r(284,1,2,8)
w(149,6,2,8)
w(168,3,2,8)
r(198,1,2,8)
r(7,2,2,8)
r(156,1,2,8)
w(161,6,2,8)
r(199,1,2,8)
w(217,3,2,8)
w(70,6,2,8)
r(246,1,2,8)
r(218,1,2,8)
r(240,1,2,8)
r(117,1,2,8)
w(255,3,2,8)
w(306,3,2,8)
w(303,7,2,8)
w(190,4,2,8)
w(95,6,2,8)
w(95,10,2,8)
w(74,2,2,8)
w(188,2,2,8)
w(74,3,2,8)
r(288,1,2,8)
r(168,3,2,8)
w(341,2,2,8)
w(250,6,2,8)
r(9,11,2,8)
r(295,1,2,8)
w(230,2,2,8)
w(282,10,2,8)
r(194,1,3,9)
w(329,10,3,9)
r(178,1,3,9)
w(25,12,3,9)
r(163,1,3,9)
r(211,1,3,9)
r(117,1,3,9)
w(140,3,3,9)
r(90,1,3,9)
r(228,1,3,9)
r(249,1,3,9)
r(238,1,3,9)
r(138,1,3,9)
r(227,1,3,9)
r(298,1,3,9)
r(109,2,3,9)
r(248,1,3,9)
r(122,1,3,9)
w(318,12,3,9)
r(155,1,3,9)
w(171,11,3,9)
w(201,11,3,9)
r(109,2,3,9)
r(188,1,3,9)
w(168,12,3,9)
r(169,3,3,9)
w(309,10,3,9)
w(148,10,3,9)
r(209,1,3,9)
r(112,1,3,9)
r(26,1,3,9)
r(38,1,3,9)
w(241,3,3,9)
r(157,1,3,9)
r(103,1,3,9)
r(272,1,3,9)
r(82,1,3,9)
r(183,1,3,9)
w(327,3,3,9)
w(173,10,3,9)
w(168,14,4,10)
w(75,10,4,10)
w(270,9,4,10)
r(232,2,4,10)
r(45,1,4,10)
r(1,1,4,10)
r(10,10,4,10)
r(260,1,4,10)
r(93,1,4,10)
r(156,1,4,10)
r(213,2,4,10)
w(49,4,4,10)
r(286,1,4,10)
r(1,1,4,10)
w(162,7,4,10)
r(172,1,4,10)
r(240,1,4,10)
w(60,7,4,10)
w(70,10,4,10)
r(189,1,4,10)
w(209,12,4,10)
w(187,12,4,10)
r(161,1,4,10)
w(195,12,4,10)
w(250,7,4,10)
w(289,7,4,10)
w(69,4,4,10)
w(56,11,4,10)
w(95,11,4,10)
r(2,1,4,10)
r(142,1,5,11)
r(11,1,5,11)
w(296,9,5,11)
r(134,1,6,12)
r(306,2,6,12)
r(189,1,6,12)
r(204,1,6,12)
r(173,10,6,12)
w(50,11,6,12)
w(232,16,6,12)
r(240,1,6,12)
r(168,3,6,12)
r(262,1,6,12)
w(217,4,6,12)
r(207,1,6,12)
w(130,16,6,12)
r(259,1,6,12)
w(191,15,6,12)
w(4,8,6,12)
w(26,11,6,12)
w(50,14,6,12)
r(15,1,6,12)
r(22,1,6,12)
w(184,14,6,12)
r(201,11,6,12)
w(169,3,1,13)
r(189,1,1,13)
w(171,2,1,13)
w(83,2,1,13)
w(234,2,1,13)
w(46,2,1,13)
r(183,1,1,13)
w(342,2,1,13)
r(319,1,1,13)
r(235,1,1,13)
w(232,2,1,13)
r(8,1,1,13)
w(41,2,1,13)
w(3,2,1,13)
w(109,2,1,13)
w(64,2,1,13)
r(17,1,1,13)
r(283,1,1,13)
w(128,2,1,13)
r(39,1,1,13)
w(197,2,1,13)
r(4,1,1,13)
w(276,2,1,13)
r(342,2,1,13)
r(90,1,1,13)
w(190,3,1,13)
w(132,2,1,13)
r(92,1,1,13)
w(69,2,1,13)
w(48,2,1,13)
r(110,1,1,13)
r(332,1,1,13)
w(282,2,1,13)
w(213,2,1,13)
w(350,2,1,13)
r(146,1,1,13)
w(7,2,1,13)
w(241,2,1,13)
w(239,2,1,13)
r(35,1,1,13)
r(85,1,2,14)
w(256,6,2,14)
w(350,6,2,14)
w(82,10,2,14)
w(89,6,2,14)
r(8,1,2,14)
r(101,1,2,14)
r(187,1,2,14)
w(44,6,2,14)
w(59,6,2,14)
r(96,1,2,14)
w(51,6,2,14)
r(268,1,2,14)
r(7,2,2,14)
r(157,1,2,14)
r(30,8,2,14)
r(80,1,2,14)
r(40,1,2,14)
w(310,10,2,14)
r(309,2,2,14)
r(244,1,2,14)
w(252,3,2,14)
r(84,1,2,14)
w(314,12,2,14)
w(332,6,2,14)
w(347,3,2,14)
w(220,9,2,14)
r(291,8,2,14)
w(118,10,2,14)
w(87,2,2,14)
r(183,1,2,14)
r(332,6,2,14)
r(181,1,2,14)
r(118,10,2,14)
w(142,2,2,14)
r(171,11,2,14)
w(71,3,2,14)
w(216,3,2,14)
r(105,6,2,14)
w(332,10,2,14)
w(287,12,3,15)
w(36,3,3,15)
w(282,7,3,15)
r(149,1,3,15)
w(268,6,3,15)
r(95,1,3,15)
w(68,6,3,15)
r(19,1,4,16)
r(56,3,4,16)
w(171,5,4,16)
w(216,7,4,16)
r(302,1,4,16)
w(222,12,4,16)
r(224,1,5,17)
w(128,7,5,17)
w(133,7,5,17)
w(137,3,5,17)
r(158,11,5,17)
w(137,6,5,17)
r(37,1,5,17)
r(198,1,5,17)
w(340,11,5,17)
w(196,10,5,17)
w(162,11,5,17)
w(147,12,5,17)
w(118,14,5,17)
w(351,12,5,17)
r(327,3,5,17)
r(260,1,5,17)
r(16,1,5,17)
r(143,3,5,17)
r(61,7,5,17)
w(93,12,5,17)
r(57,1,5,17)
r(358,2,5,17)
r(301,1,5,17)
w(322,12,5,17)
w(31,5,5,17)
r(214,1,5,17)
w(319,7,5,17)
r(11,1,5,17)
r(109,2,5,17)
r(4,1,5,17)
w(119,4,6,18)
r(203,1,6,18)
w(145,14,6,18)
w(245,8,6,18)
w(291,16,6,18)
w(118,4,6,18)
w(45,6,6,18)
w(231,7,6,18)
w(79,7,6,18)
w(152,5,6,18)
w(328,5,6,18)
r(268,1,6,18)
r(250,6,6,18)
w(149,5,6,18)
w(351,14,6,18)
w(180,15,6,18)
r(45,6,6,18)
r(58,1,6,18)
r(74,3,6,18)
r(313,1,6,18)
w(10,9,6,18)
w(219,14,6,18)
w(346,10,6,18)
w(53,20,6,18)
r(32,1,6,18)
w(166,4,6,18)
w(75,14,6,18)
r(313,1,6,18)
w(62,9,6,18)
w(128,14,6,18)
r(307,1,6,18)
w(319,4,6,18)
w(311,4,6,18)
w(347,5,6,18)
r(312,1,6,18)
w(49,13,6,18)
w(335,13,6,18)
r(132,5,6,18)
w(229,5,6,18)
r(235,1,6,18)
r(2,1,1,19)
r(244,1,1,19)
r(357,4,1,19)
r(348,1,1,19)
w(236,2,1,19)
r(276,2,1,19)
r(259,1,1,19)
w(52,2,1,19)
r(273,1,1,19)
w(167,2,1,19)
w(278,2,1,19)
r(313,1,1,19)
r(299,1,1,19)
w(82,2,1,19)
r(34,1,1,19)
w(20,2,1,19)
r(176,1,1,19)
r(360,1,1,19)
w(17,2,1,19)
r(317,1,1,19)
r(99,1,1,19)
w(67,2,1,19)
w(121,3,1,19)
w(99,2,1,19)
r(132,5,1,19)
w(309,2,1,19)
w(356,2,1,19)
r(6,1,1,19)
r(163,1,1,19)
w(273,2,1,19)
r(345,1,1,19)
r(70,1,1,19)
r(16,1,1,19)
w(113,2,1,19)
r(360,1,1,19)
w(108,2,1,19)
r(79,2,1,19)
w(33,2,1,19)
r(175,1,1,19)
r(36,1,1,19)
w(112,2,2,20)
w(135,2,2,20)
w(349,6,2,20)
w(287,3,2,20)
w(293,3,2,20)
r(42,6,2,20)
w(316,6,2,20)
r(138,1,2,20)
w(251,3,2,20)
w(63,3,2,20)
r(243,1,2,20)
w(291,10,2,20)
r(356,2,2,20)
w(141,6,2,20)
r(85,1,2,20)
w(55,6,2,20)
w(278,3,2,20)
w(115,11,2,20)
w(103,6,2,20)
w(259,3,2,20)
w(5,2,2,20)
r(342,2,2,20)
r(334,1,2,20)
r(24,1,2,20)
w(252,6,2,20)
w(355,6,2,20)
r(99,2,2,20)
r(260,1,2,20)
w(44,10,2,20)
r(40,1,2,20)
w(133,3,2,20)
r(164,1,2,20)
r(284,1,2,20)
w(169,6,2,20)
r(121,3,2,20)
w(105,10,2,20)
w(218,12,2,20)
w(27,3,2,20)
w(56,10,2,20)
r(28,1,2,20)
r(352,1,3,21)
w(168,7,3,21)
w(171,14,3,21)
r(272,3,3,21)
w(347,7,3,21)
w(91,11,3,21)
w(201,4,4,22)
w(249,12,4,22)
w(252,5,4,22)
w(21,12,4,22)
r(265,2,4,22)
w(127,7,4,22)
r(321,1,4,22)
w(198,6,4,22)
w(9,6,4,22)
r(243,1,4,22)
w(283,11,4,22)
w(51,9,4,22)
w(62,12,4,22)
w(107,7,4,22)
r(5,1,4,22)
w(146,11,4,22)
w(274,12,4,22)
r(273,2,4,22)
r(196,1,4,22)
r(251,1,4,22)
w(335,14,4,22)
r(69,2,4,22)
w(332,12,4,22)
w(190,8,4,22)
w(300,10,4,22)
w(56,14,4,22)
w(213,14,4,22)
r(350,6,5,23)
r(313,1,5,23)
r(130,1,5,23)
r(235,1,5,23)
w(208,7,5,23)
w(331,9,5,23)
w(282,5,5,23)
w(292,11,5,23)
r(338,1,5,23)
r(250,6,5,23)
r(345,1,5,23)
r(109,2,5,23)
r(91,2,5,23)
r(297,3,5,23)
r(156,1,5,23)
w(293,9,5,23)
r(197,2,5,23)
r(131,1,5,23)
w(275,12,5,23)
w(124,7,5,23)
r(330,1,5,23)
r(81,1,5,23)
w(22,7,5,23)
r(141,6,5,23)
r(171,4,5,23)
r(147,1,5,23)
r(92,1,5,23)
w(128,11,5,23)
r(90,1,6,24)
r(69,12,6,24)
w(221,14,6,24)
w(337,14,6,24)
w(166,5,6,24)
r(182,2,6,24)
w(114,4,6,24)
r(333,1,6,24)
r(49,13,6,24)
w(124,9,6,24)
w(208,4,6,24)
w(170,11,6,24)
w(337,9,6,24)
w(25,15,6,24)
w(45,10,6,24)
w(275,9,6,24)
r(209,1,6,24)
w(346,12,6,24)
w(192,15,6,24)
w(240,4,6,24)
r(270,1,6,24)
r(157,1,6,24)
w(304,14,6,24)
r(79,7,6,24)
w(129,11,6,24)
r(27,3,6,24)
r(290,1,6,24)
r(80,1,6,24)
r(48,2,6,24)
r(229,11,6,24)
r(77,1,6,24)
r(271,6,6,24)
w(1,14,6,24)
r(209,1,6,24)
w(107,4,6,24)
w(87,12,6,24)
r(284,1,1,25)
w(263,2,1,25)
r(330,1,1,25)
w(358,2,1,25)
r(57,1,1,25)
w(91,2,1,25)
w(288,2,1,25)
w(331,2,1,25)
r(50,1,1,25)
w(162,2,1,25)
r(68,1,1,25)
r(21,1,1,25)
w(286,2,1,25)
w(325,2,1,25)
w(326,2,1,25)
w(108,3,1,25)
w(265,2,1,25)
w(314,2,1,25)
w(62,2,1,25)
r(1,1,1,25)
w(306,2,1,25)
r(275,1,1,25)
w(166,2,1,25)
w(71,2,1,25)
w(182,2,1,25)
w(227,2,1,25)
r(65,1,1,25)
w(221,3,1,25)
w(288,3,1,25)
w(296,2,1,25)
w(56,2,1,25)
r(340,1,1,25)
w(56,3,1,25)
r(47,1,1,25)
r(351,1,1,25)
w(229,2,1,25)
r(145,1,1,25)
w(308,2,1,25)
r(49,1,1,25)
w(68,2,1,25)
r(228,1,2,26)
r(121,3,2,26)
r(258,1,2,26)
r(31,14,2,26)
w(30,10,2,26)
r(98,11,2,26)
r(169,7,2,26)
r(347,5,2,26)
w(98,6,2,26)
r(11,7,2,26)
r(54,1,2,26)
r(256,6,2,26)
w(28,6,2,26)
w(123,12,2,26)
r(192,5,2,26)
r(36,1,2,26)
r(154,12,2,26)
r(142,2,2,26)
w(123,7,2,26)
w(183,10,2,26)
r(12,1,2,26)
w(321,6,2,26)
r(31,14,2,26)
w(57,6,2,26)
w(8,2,2,26)
r(185,1,2,26)
w(253,3,2,26)
w(2,2,2,26)
r(49,13,2,26)
r(358,2,2,26)
r(43,10,2,26)
r(185,1,2,26)
w(153,3,2,26)
r(308,2,2,26)
r(131,1,2,26)
w(216,6,2,26)
r(269,4,2,26)
w(113,3,2,26)
r(260,1,2,26)
w(52,6,2,26)
w(171,9,3,27)
r(305,1,3,27)
w(316,10,3,27)
w(53,9,3,27)
w(239,11,3,27)
w(220,5,3,27)
w(10,12,3,27)
w(102,6,3,27)
w(145,6,3,27)
r(98,8,3,27)
w(206,12,3,27)
w(35,10,3,27)
r(9,11,3,27)
r(326,2,3,27)
w(330,10,3,27)
r(185,1,3,27)
w(323,3,3,27)
w(319,6,3,27)
w(315,2,3,27)
w(263,14,3,27)
r(334,1,3,27)
w(64,12,3,27)
w(290,6,3,27)
r(282,10,3,27)
r(265,2,3,27)
r(293,1,3,27)
w(30,7,4,28)
r(83,2,4,28)
r(121,3,4,28)
w(171,8,4,28)
r(319,1,4,28)
w(250,11,4,28)
w(345,10,4,28)
w(177,11,4,28)
r(175,1,4,28)
w(98,7,4,28)
w(229,7,4,28)
r(113,2,4,28)
r(313,1,4,28)
w(150,10,4,28)
w(279,11,4,28)
w(64,4,4,28)
r(237,1,4,28)
r(339,15,4,28)
w(77,3,4,28)
r(165,1,4,28)
r(135,2,4,28)
w(196,6,4,28)
w(62,7,4,28)
r(138,1,4,28)
w(224,10,4,28)
r(9,11,4,28)
r(65,1,4,28)
w(235,10,4,28)
r(252,6,4,28)
r(206,1,5,29)
r(256,6,5,29)
w(321,9,5,29)
r(183,1,5,29)
w(314,14,5,29)
w(109,5,5,29)
w(213,9,5,29)
w(321,4,5,29)
w(231,12,5,29)
r(115,11,5,29)
r(81,1,5,29)
w(329,9,5,29)
w(126,14,5,29)
r(110,3,6,30)
r(327,6,6,30)
r(102,1,6,30)
r(329,10,6,30)
r(358,2,6,30)
w(357,5,6,30)
r(270,1,6,30)
w(62,4,6,30)
r(40,1,6,30)
r(234,2,6,30)
r(331,2,6,30)
w(87,7,6,30)
r(171,4,6,30)
r(264,1,6,30)
w(266,3,6,30)
w(230,15,6,30)
r(235,1,6,30)
w(140,11,6,30)
w(145,9,6,30)
w(110,14,6,30)
r(161,2,6,30)
w(211,8,6,30)
w(76,7,6,30)
w(335,19,6,30)
w(14,14,6,30)
r(172,1,6,30)
r(232,2,6,30)
r(42,6,6,30)
r(145,9,6,30)
r(333,1,6,30)
r(227,2,6,30)
r(207,1,6,30)
w(358,4,6,30)
w(215,8,6,30)
r(23,1,6,30)
r(153,10,6,30)
r(210,1,6,30)
r(345,1,6,30)
r(89,6,6,30)
w(48,3,1,31)
w(303,3,1,31)
w(200,2,1,31)
r(21,1,1,31)
w(70,2,1,31)
w(131,2,1,31)
w(64,3,1,31)
w(1,2,1,31)
r(91,2,1,31)
r(254,1,1,31)
w(210,2,1,31)
w(114,3,1,31)
w(228,2,1,31)
w(129,2,1,31)
r(343,1,1,31)
w(288,6,1,31)
r(22,1,1,31)
r(150,1,1,31)
w(218,3,1,31)
r(144,1,1,31)
w(331,3,1,31)
r(42,6,1,31)
w(165,2,1,31)
r(39,1,1,31)
r(106,1,1,31)
r(176,1,1,31)
r(156,1,1,31)
w(201,2,1,31)
w(185,2,1,31)
w(334,2,1,31)
w(100,2,1,31)
r(220,1,1,31)
r(88,1,1,31)
r(216,1,1,31)
w(173,2,1,31)
r(12,1,1,31)
w(118,12,2,32)
w(312,3,2,32)
r(31,14,2,32)
w(241,6,3,33)
r(350,6,3,33)
w(31,14,3,33)
w(69,12,3,33)
r(175,1,3,33)
r(330,1,3,33)
r(322,1,3,33)
w(10,7,3,33)
w(289,12,3,33)
w(173,7,3,33)
r(258,1,3,33)
w(163,10,3,33)
w(11,7,3,33)
w(297,3,3,33)
w(171,4,3,33)
r(189,1,3,33)
r(84,1,3,33)
r(179,1,3,33)
r(274,1,3,33)
r(94,1,3,33)
r(181,1,3,33)
r(232,2,3,33)
w(356,7,3,33)
r(143,3,3,33)
r(233,1,3,33)
w(39,6,3,33)
r(315,1,3,33)
w(169,12,3,33)
w(144,12,3,33)
r(216,3,3,33)
r(136,1,3,33)
r(283,1,3,33)
w(274,3,3,33)
r(307,1,3,33)
r(133,3,3,33)
w(293,12,3,33)
w(287,7,3,33)
r(302,1,3,33)
w(298,3,3,33)
w(158,2,3,33)
r(196,1,4,34)
w(328,10,4,34)
r(338,1,4,34)
w(29,6,4,34)
r(172,1,4,34)
w(342,12,4,34)
w(252,15,4,34)
r(217,3,4,34)
w(332,7,4,34)
r(78,1,4,34)
r(212,1,4,34)
r(14,1,4,34)
r(63,3,4,34)
r(107,1,4,34)
w(229,11,4,34)
w(128,10,4,34)
r(121,3,4,34)
r(297,3,4,34)
w(282,9,4,34)
w(304,10,4,34)
r(210,1,4,34)
w(294,12,4,34)
w(180,7,4,34)
r(280,1,4,34)
r(177,1,4,34)
r(51,6,4,34)
r(296,2,4,34)
w(201,5,4,34)
w(98,11,4,34)
w(327,6,4,34)
w(56,9,4,34)
r(10,9,4,34)
w(169,7,4,34)
w(100,10,4,34)
r(75,14,4,34)
r(130,1,4,34)
w(276,14,4,34)
r(293,12,4,34)
w(174,9,4,34)
w(130,12,4,34)
r(243,1,5,35)
w(235,12,5,35)
r(258,3,5,35)
r(132,5,5,35)
r(85,2,5,35)
r(356,7,5,35)
r(202,12,5,35)
r(236,9,5,35)
w(240,14,5,35)
r(206,1,5,35)
r(163,12,5,35)
w(115,8,5,35)
r(68,2,5,35)
w(203,4,5,35)
w(60,9,5,35)
r(67,2,5,35)
w(228,9,5,35)
r(326,2,5,35)
w(186,10,5,35)
r(299,4,5,35)
w(254,7,5,35)
r(323,1,5,35)
w(290,11,5,35)
r(342,14,5,35)
r(133,10,5,35)
r(142,2,5,35)
w(304,11,5,35)
r(70,6,5,35)
w(161,4,5,35)
r(197,2,5,35)
w(131,14,5,35)
w(228,4,5,35)
r(271,6,5,35)
r(60,9,5,35)
r(339,15,5,35)
r(337,1,5,35)
r(277,1,5,35)
r(167,3,5,35)
r(37,3,5,35)
w(213,4,5,35)
w(192,8,6,36)
w(342,14,6,36)
r(223,1,6,36)
r(77,1,6,36)
r(44,10,6,36)
w(100,14,6,36)
w(48,14,6,36)
w(299,4,6,36)
w(84,5,6,36)
r(15,1,6,36)
r(18,1,6,36)
w(293,8,6,36)
w(145,4,6,36)
r(269,11,6,36)
w(151,9,6,36)
w(5,9,6,36)
w(264,4,6,36)
w(81,9,6,36)
r(221,3,6,36)
r(316,6,6,36)
w(20,9,6,36)
r(191,6,6,36)
r(71,3,6,36)
w(53,21,6,36)
w(204,13,6,36)
r(263,2,6,36)
w(185,9,6,36)
r(220,9,6,36)
w(23,7,6,36)
w(173,19,6,36)
w(141,14,6,36)
r(221,3,6,36)
r(69,7,6,36)
r(21,1,6,36)
w(359,9,6,36)
w(71,9,6,36)
r(212,1,6,36)
w(74,14,6,36)
r(23,7,6,36)
w(226,14,6,36)
r(93,1,1,37)
r(347,5,1,37)
r(287,7,1,37)
r(109,2,1,37)
w(118,3,1,37)
r(269,4,1,37)
r(59,6,1,37)
r(175,1,1,37)
w(257,2,1,37)
r(245,8,1,37)
r(61,7,1,37)
w(334,3,1,37)
w(161,2,1,37)
r(337,1,1,37)
r(257,2,1,37)
r(191,1,1,37)
w(14,2,1,37)
w(17,3,1,37)
w(246,2,1,37)
w(175,2,1,37)
w(85,2,1,37)
r(35,1,1,37)
w(61,2,1,37)
r(40,1,1,37)
r(196,1,1,37)
r(288,3,1,37)
w(304,2,1,37)
w(287,2,1,37)
w(342,3,1,37)
w(194,2,1,37)
r(270,1,1,37)
r(358,2,1,37)
r(347,5,1,37)
r(235,1,1,37)
w(144,2,1,37)
r(240,1,1,37)
w(35,3,1,37)
w(121,6,1,37)
r(10,9,1,37)
r(360,1,1,37)
w(5,3,2,38)
r(116,1,2,38)
w(7,10,2,38)
w(205,2,2,38)
r(197,2,2,38)
r(84,5,2,38)
w(297,2,2,38)
r(214,1,2,38)
w(34,12,2,38)
w(31,3,2,38)
w(252,12,2,38)
r(356,7,2,38)
w(87,6,2,38)
r(93,1,2,38)
w(119,10,2,38)
r(241,6,2,38)
r(138,3,2,38)
r(61,2,2,38)
r(189,1,2,38)
w(180,2,2,38)
r(87,6,2,38)
w(262,3,2,38)
w(294,3,2,38)
w(76,3,2,38)
w(49,6,2,38)
r(96,1,2,38)
w(84,6,2,38)
r(195,7,2,38)
w(116,10,2,38)
r(112,2,2,38)
w(25,2,2,38)
r(161,4,2,38)
w(254,6,2,38)
r(344,1,2,38)
r(115,8,2,38)
r(172,1,2,38)
r(188,2,2,38)
r(195,7,2,38)
w(66,12,2,38)
r(74,14,2,38)
w(26,10,3,39)
w(69,7,3,39)
r(40,1,3,39)
r(50,1,3,39)
r(199,1,3,39)
w(242,10,3,39)
r(133,3,3,39)
r(240,1,3,39)
w(163,12,3,39)
r(236,2,3,39)
r(273,14,3,39)
r(288,3,3,39)
r(350,6,3,39)
w(153,10,3,39)
r(258,1,3,39)
r(92,1,3,39)
w(167,3,3,39)
r(319,4,3,39)
w(58,10,3,39)
r(14,2,3,39)
w(81,3,3,39)
r(211,1,3,39)
r(135,2,3,39)
w(191,6,3,39)
r(76,1,3,39)
w(166,10,3,39)
r(165,1,3,39)
r(297,3,3,39)
r(9,11,3,39)
r(54,1,3,39)
w(11,11,3,39)
w(133,10,3,39)
w(80,12,3,39)
r(353,1,3,39)
w(281,10,3,39)
w(286,6,3,39)
r(148,10,3,39)
w(204,11,3,39)
r(318,12,3,39)
r(221,3,3,39)
r(37,1,4,40)
r(9,11,4,40)
w(116,5,4,40)
w(325,12,4,40)
r(121,3,4,40)
w(351,10,4,40)
r(141,6,4,40)
w(100,12,4,40)
w(181,14,4,40)
r(108,3,4,40)
r(179,1,4,40)
r(19,1,4,40)
w(279,14,4,40)
w(101,10,4,40)
w(350,5,4,40)
r(262,1,4,40)
r(333,1,4,40)
r(159,1,4,40)
w(68,11,4,40)
r(358,2,4,40)
r(205,1,4,40)
r(192,8,5,41)
w(19,5,5,41)
r(209,1,5,41)
w(82,9,5,41)
r(276,3,5,41)
r(133,10,5,41)
r(144,2,5,41)
w(136,11,5,41)
w(111,7,5,41)
r(90,14,5,41)
w(74,12,5,41)
r(207,1,5,41)
w(37,9,5,41)
r(216,6,5,41)
w(23,10,5,41)
r(185,9,5,41)
r(108,7,5,41)
w(183,8,5,41)
w(153,9,5,41)
r(163,12,5,41)
r(181,9,5,41)
w(159,14,5,41)
w(260,7,5,41)
r(293,8,6,42)
w(92,12,6,42)
w(353,11,6,42)
w(313,6,6,42)
w(250,15,6,42)
w(150,11,6,42)
r(20,9,6,42)
w(3,9,6,42)
w(341,4,6,42)
r(318,2,6,42)
w(125,11,6,42)
w(147,14,6,42)
w(319,5,6,42)
r(199,1,6,42)
r(287,2,6,42)
w(314,9,6,42)
w(63,9,6,42)
r(146,14,6,42)
r(334,11,6,42)
r(1,1,6,42)
w(225,7,6,42)
r(229,14,6,42)
w(145,5,6,42)
w(24,4,6,42)
r(330,1,1,43)
w(183,2,1,43)
w(228,3,1,43)
r(52,6,1,43)
w(215,2,1,43)
r(261,2,1,43)
w(55,2,1,43)
w(37,2,1,43)
w(173,3,1,43)
w(242,2,1,43)
w(190,6,1,43)
w(115,3,1,43)
w(314,3,1,43)
w(88,3,1,43)
w(201,3,1,43)
r(359,1,1,43)
w(149,3,1,43)
r(48,2,1,43)
r(96,1,1,43)
r(41,7,2,44)
w(104,6,2,44)
w(148,6,2,44)
r(33,2,2,44)
r(301,2,2,44)
w(356,10,2,44)
r(102,1,2,44)
r(96,5,2,44)
r(81,4,2,44)
w(171,10,2,44)
r(88,1,2,44)
w(211,6,2,44)
r(272,3,2,44)
r(147,1,2,44)
w(262,6,2,44)
w(287,6,2,44)
r(62,9,2,44)
w(76,6,2,44)
w(15,3,2,44)
r(147,1,2,44)
w(180,3,2,44)
w(36,2,2,44)
r(50,6,2,44)
w(344,3,2,44)
w(309,6,2,44)
r(262,6,2,44)
w(236,11,2,44)
r(117,1,2,44)
w(183,12,2,44)
r(80,12,2,44)
w(329,3,2,44)
r(205,12,3,45)
w(282,11,3,45)
w(348,3,3,45)
r(333,7,3,45)
w(165,10,3,45)
r(332,2,3,45)
w(99,3,3,45)
r(19,1,3,45)
r(353,1,3,45)
r(341,2,3,45)
r(26,3,3,45)
w(307,12,3,45)
r(316,6,3,45)
r(234,2,3,45)
r(282,11,3,45)
w(245,4,3,45)
w(146,14,4,46)
r(222,1,4,46)
r(117,1,4,46)
w(325,7,4,46)
r(181,1,4,46)
w(269,11,4,46)
w(105,9,4,46)
w(108,12,4,46)
w(273,14,4,46)
r(131,1,4,46)
r(307,1,4,46)
w(181,9,4,46)
r(167,2,4,46)
r(29,6,4,46)
w(10,11,4,46)
r(310,10,4,46)
r(341,2,4,46)
r(291,16,4,46)
w(108,7,4,46)
w(195,7,4,46)
w(305,9,4,46)
r(282,9,4,46)
r(9,11,4,46)
w(90,11,4,46)
w(279,9,4,46)
w(334,11,4,46)
w(229,14,4,46)
r(10,11,4,46)
w(192,11,4,46)
r(21,1,4,46)
w(41,7,4,46)
r(114,1,4,46)
r(7,2,4,46)
r(55,6,4,46)
r(42,6,4,46)
r(181,9,4,46)
r(75,14,4,46)
r(144,2,4,46)
r(266,1,4,46)
r(332,7,4,46)
w(240,9,5,47)
r(168,3,5,47)
w(274,9,5,47)
w(263,5,5,47)
r(151,9,5,47)
r(143,3,5,47)
w(288,9,5,47)
w(126,9,5,47)
w(290,14,5,47)
r(188,2,5,47)
w(82,4,5,47)
r(12,1,5,47)
w(290,9,5,47)
r(26,3,5,47)
r(17,3,5,47)
w(106,14,5,47)
r(58,10,5,47)
w(138,12,5,47)
r(299,4,5,47)
w(123,5,5,47)
w(278,15,5,47)
r(335,2,5,47)
w(214,11,5,47)
r(323,1,5,47)
r(327,6,5,47)
w(96,5,5,47)
r(264,4,5,47)
w(15,14,5,47)
r(348,2,5,47)
r(336,1,5,47)
w(308,12,5,47)
w(249,7,5,47)
w(155,10,5,47)
w(61,12,5,47)
r(315,1,5,47)
r(183,3,5,47)
w(184,10,5,47)
w(345,11,5,47)
w(63,14,5,47)
r(6,1,5,47)
w(86,9,6,48)
r(167,3,6,48)
w(86,4,6,48)
w(25,8,6,48)
w(275,4,6,48)
r(57,6,6,48)
w(271,5,6,48)
w(282,16,6,48)
r(209,1,6,48)
w(321,5,6,48)
r(304,11,6,48)
r(146,14,6,48)
w(267,9,6,48)
r(176,1,6,48)
w(243,12,6,48)
r(184,1,6,48)
r(56,9,1,49)
r(211,1,1,49)
r(157,1,1,49)
r(42,6,1,49)
w(201,6,1,49)
r(242,10,1,49)
w(281,3,1,49)
r(343,1,1,49)
w(26,2,1,49)
w(312,2,1,49)
r(205,1,1,49)
r(349,6,1,49)
r(180,7,1,49)
r(256,6,1,49)
r(10,11,1,49)
w(314,6,1,49)
w(250,2,1,49)
w(208,2,1,49)
w(160,3,1,49)
r(192,11,1,49)
r(223,1,1,49)
r(128,10,1,49)
w(37,3,1,49)
w(285,2,1,49)
r(325,7,1,49)
w(321,2,1,49)
w(97,2,1,49)
r(257,2,1,49)
w(98,2,1,49)
r(93,1,1,49)
w(138,3,1,49)
w(183,3,1,49)
w(204,3,1,49)
w(286,3,1,49)
r(288,3,1,49)
r(238,1,1,49)
r(174,9,1,49)
w(301,2,1,49)
w(109,3,1,49)
r(60,1,1,49)
w(135,3,2,50)
r(107,1,2,50)
r(238,1,2,50)
w(355,10,2,50)
r(246,2,2,50)
w(273,7,2,50)
r(344,1,2,50)
r(29,2,2,50)
w(183,7,2,50)
r(7,10,2,50)
w(11,10,2,50)
w(330,2,2,50)
r(222,14,2,50)
w(177,3,2,50)
r(130,3,2,50)
w(197,10,2,50)
w(202,3,2,50)
r(11,10,2,50)
w(262,10,2,50)
w(121,7,2,50)
r(174,2,2,50)
r(317,1,2,50)
r(287,9,2,50)
w(153,6,2,50)
w(170,2,2,50)
r(102,1,2,50)
r(231,7,2,50)
w(44,7,3,51)
w(68,7,3,51)
r(236,9,3,51)
r(266,1,3,51)
w(302,7,3,51)
r(181,9,3,51)
w(237,7,3,51)
w(172,6,3,51)
w(292,10,3,51)
r(201,17,3,51)
r(322,1,3,51)
r(77,1,3,51)
r(90,14,3,51)
r(327,6,3,51)
w(311,11,3,51)
w(82,11,3,51)
w(284,3,3,51)
r(222,14,3,51)
r(148,7,3,51)
w(60,3,3,51)
r(180,2,3,51)
r(352,2,3,51)
w(44,11,3,51)
r(222,14,3,51)
r(76,3,3,51)
r(78,1,3,51)
r(117,1,3,51)
r(35,11,3,51)
w(33,10,3,51)
w(340,10,3,51)
r(252,17,3,51)
r(249,7,3,51)
r(101,1,3,51)
r(343,1,3,51)
r(104,2,3,51)
r(290,4,3,51)
r(31,3,3,51)
w(321,12,3,51)
r(8,2,3,51)
r(54,1,3,51)
w(84,9,4,52)
w(258,3,4,52)
w(90,14,4,52)
r(321,6,4,52)
w(236,9,4,52)
r(305,9,4,52)
r(314,12,4,52)
r(244,1,4,52)
r(152,5,4,52)
r(33,2,4,52)
w(244,6,4,52)
r(41,7,4,52)
r(124,1,4,52)
w(125,6,4,52)
w(267,10,4,52)
r(352,1,4,52)
w(232,14,4,52)
w(203,12,4,52)
w(250,14,4,52)
w(50,6,4,52)
w(84,4,4,52)
r(67,2,4,52)
r(260,1,4,52)
w(53,16,4,52)
r(4,1,4,52)
r(208,1,4,52)
w(250,9,4,52)
w(105,4,4,52)
r(335,13,4,52)
r(70,6,4,52)
r(41,7,4,52)
w(297,12,4,52)
r(250,9,4,52)
r(354,4,4,52)
w(333,7,4,52)
r(122,1,4,52)
w(202,12,4,52)
w(218,14,4,52)
r(212,1,4,52)
r(197,2,4,52)
r(170,1,5,53)
w(159,9,5,53)
r(156,1,5,53)
r(302,2,5,53)
r(323,1,5,53)
r(117,1,5,53)
r(128,10,5,53)
r(336,1,5,53)
r(155,10,5,53)
w(208,11,5,53)
w(115,16,5,53)
w(130,4,5,53)
r(26,3,5,53)
w(74,7,5,53)
r(242,10,5,53)
r(321,2,5,53)
w(70,11,5,53)
w(208,14,5,53)
w(298,11,5,53)
r(303,7,5,53)
r(351,14,5,53)
r(134,1,5,53)
w(58,4,5,53)
w(17,5,5,53)
w(222,11,5,53)
r(83,2,5,53)
w(307,4,5,53)
r(206,1,5,53)
w(184,12,5,53)
r(174,2,5,53)
r(82,4,5,53)
w(93,7,5,53)
r(112,2,5,53)
r(322,1,5,53)
r(38,1,5,53)
w(148,7,5,53)
r(150,1,5,53)
w(178,11,5,53)
r(188,2,5,53)
w(195,14,5,53)
w(85,10,6,54)
w(318,9,6,54)
r(297,2,6,54)
w(142,11,6,54)
w(84,15,6,54)
r(298,3,6,54)
r(344,1,6,54)
w(53,22,6,54)
w(320,4,6,54)
w(337,4,6,54)
w(182,12,6,54)
w(99,7,6,54)
w(142,14,6,54)
r(136,1,6,54)
r(44,10,6,54)
r(299,4,6,54)
w(331,15,6,54)
r(81,9,6,54)
r(34,12,6,54)
r(198,1,6,54)
w(198,10,6,54)
w(199,14,6,54)
w(256,9,6,54)
r(355,6,6,54)
r(116,10,6,54)
w(205,12,6,54)
w(287,9,6,54)
w(73,5,6,54)
w(194,9,6,54)
w(211,16,6,54)
r(307,1,6,54)
r(246,2,6,54)
w(168,5,6,54)
r(336,1,6,54)
r(166,10,6,54)
w(263,13,6,54)
w(201,17,6,54)
r(211,16,6,54)
w(252,17,6,54)
r(241,6,6,54)
r(294,12,1,55)
r(359,1,1,55)
w(104,2,1,55)
w(245,2,1,55)
r(240,1,1,55)
r(327,6,1,55)
r(235,1,1,55)
r(157,1,1,55)
w(273,3,1,55)
r(49,13,1,55)
w(26,3,1,55)
r(287,2,1,55)
w(123,2,1,55)
w(352,2,1,55)
r(205,1,1,55)
r(280,1,1,55)
r(76,1,1,55)
w(350,3,1,55)
r(342,3,1,55)
r(250,2,1,55)
r(357,4,1,55)
w(43,2,1,55)
w(49,2,1,55)
r(302,1,1,55)
r(126,1,1,55)
w(89,2,1,55)
r(280,1,1,55)
r(119,4,1,55)
r(190,4,1,55)
w(295,2,1,55)
w(115,10,1,55)
r(124,1,1,55)
r(300,1,1,55)
r(104,2,1,55)
r(94,1,1,55)
w(157,2,1,55)
r(167,3,1,55)
w(43,3,1,55)
r(48,2,1,55)
w(218,6,1,55)
w(1,6,2,56)
w(28,10,2,56)
w(293,10,2,56)
w(59,12,2,56)
r(108,6,2,56)
r(148,11,2,56)
r(53,4,2,56)
r(75,7,2,56)
r(140,6,2,56)
r(359,11,2,56)
w(184,6,2,56)
w(139,3,2,56)
w(82,7,2,56)
r(31,3,2,56)
r(72,6,2,56)
r(5,3,2,56)
r(275,1,2,56)
r(166,15,2,56)
w(71,6,2,56)
w(238,3,2,56)
w(90,10,2,56)
w(318,6,2,56)
r(233,14,2,56)
r(260,6,2,56)
r(202,7,2,56)
w(185,12,2,56)
r(185,12,2,56)
w(60,2,2,56)
r(197,2,2,56)
r(157,10,2,56)
w(318,7,3,57)
r(283,1,3,57)
w(60,6,3,57)
r(157,2,3,57)
w(144,7,3,57)
w(62,10,3,57)
w(231,3,3,57)
w(281,7,3,57)
r(244,6,3,57)
w(3,6,3,57)
r(278,8,3,57)
w(260,6,3,57)
r(45,6,3,57)
r(151,14,3,57)
w(283,12,3,57)
r(285,2,3,57)
w(252,4,3,57)
w(39,10,3,57)
w(119,12,3,57)
r(34,9,3,57)
w(150,3,3,57)
r(197,2,3,57)
w(297,6,3,57)
w(25,11,3,57)
r(252,4,3,57)
w(290,10,3,57)
r(203,4,3,57)
w(52,11,3,57)
w(174,12,3,57)
w(334,7,3,57)
r(281,7,3,57)
r(201,17,3,57)
r(129,1,3,57)
w(319,10,3,57)
r(359,9,3,57)
w(157,10,3,57)
r(149,5,3,57)
w(53,4,3,57)
w(337,6,3,57)
w(64,7,3,57)
w(19,7,4,58)
w(62,11,4,58)
r(206,1,4,58)
w(339,5,4,58)
w(316,12,4,58)
r(149,5,4,58)
w(274,11,4,58)
w(31,4,4,58)
w(354,10,4,58)
w(106,10,4,58)
w(62,14,4,58)
r(273,3,4,58)
r(179,1,4,58)
w(278,8,5,59)
w(248,9,5,59)
r(285,2,5,59)
w(296,15,5,59)
r(268,1,5,59)
r(41,7,5,59)
w(360,14,5,59)
w(35,11,5,59)
w(199,11,5,59)
w(263,15,5,59)
r(280,1,5,59)
w(290,4,5,59)
w(34,9,5,59)
w(357,14,5,59)
w(221,7,5,59)
w(151,14,5,59)
w(27,12,5,59)
r(187,1,5,59)
w(307,5,5,59)
w(209,11,5,59)
r(267,10,5,59)
r(99,7,5,59)
r(99,7,5,59)
r(264,4,5,59)
w(74,11,5,59)
r(18,1,5,59)
r(262,3,5,59)
w(122,7,5,59)
r(293,13,5,59)
r(197,2,5,59)
w(351,7,5,59)
w(100,11,5,59)
w(82,5,5,59)
w(357,9,5,59)
r(206,1,5,59)
r(100,11,5,59)
r(255,3,5,59)
w(127,5,5,59)
r(339,15,5,59)
w(293,5,5,59)
r(61,12,6,60)
r(90,14,6,60)
r(137,1,6,60)
r(287,9,6,60)
w(293,16,6,60)
w(175,7,6,60)
w(196,7,6,60)
r(272,3,6,60)
w(73,15,6,60)
w(58,5,6,60)
w(255,7,6,60)
r(277,1,6,60)
w(76,11,6,60)
w(325,9,6,60)
w(265,7,6,60)
w(359,4,6,60)
r(75,14,6,60)
w(67,11,6,60)
w(350,16,6,60)
w(33,11,6,60)
w(327,7,6,60)
w(113,7,6,60)
w(8,9,6,60)
r(158,2,6,60)
r(129,1,6,60)
w(331,8,6,60)
r(330,1,1,61)
r(155,1,1,61)
w(232,3,1,61)
r(27,3,1,61)
w(110,2,1,61)
w(313,2,1,61)
r(245,2,1,61)
w(247,3,1,61)
r(76,1,1,61)
w(318,2,1,61)
r(199,1,1,61)
w(76,2,1,61)
r(237,1,1,61)
w(281,6,1,61)
r(335,13,1,61)
r(190,4,1,61)
w(302,2,1,61)
r(328,10,1,61)
w(332,2,1,61)
w(335,2,1,61)
w(248,6,1,61)
r(323,1,1,61)
w(360,2,1,61)
r(187,1,1,61)
w(174,2,1,61)
w(111,2,1,61)
w(171,3,1,61)
r(126,1,1,61)
w(348,2,1,61)
r(282,9,1,61)
w(123,3,1,61)
w(311,3,1,61)
w(262,2,1,61)
r(98,2,1,61)
r(20,2,1,61)
w(305,2,1,61)
w(276,3,1,61)
r(40,1,1,61)
r(93,1,1,61)
r(312,2,1,61)
w(276,10,2,62)
w(328,3,2,62)
w(270,11,2,62)
r(111,2,2,62)
w(120,10,2,62)
w(194,10,2,62)
w(16,6,2,62)
r(300,1,2,62)
w(101,2,2,62)
w(319,3,2,62)
w(234,10,2,62)
r(158,6,2,62)
r(350,3,2,62)
r(117,6,2,62)
r(242,16,2,62)
r(308,12,2,62)
w(339,12,2,62)
w(51,10,2,62)
r(164,12,2,62)
w(144,3,2,62)
r(221,7,2,62)
w(133,6,2,62)
r(144,3,2,62)
r(103,6,2,62)
w(292,6,2,62)
w(72,2,2,62)
r(222,3,2,62)
r(288,4,2,62)
w(260,2,2,62)
w(219,2,2,62)
w(360,6,2,62)
w(333,3,2,62)
w(161,10,2,62)
w(186,3,2,62)
w(223,6,2,62)
w(177,12,2,62)
r(219,2,2,62)
w(1,10,2,62)
r(207,1,2,62)
r(68,14,2,62)
r(351,7,3,63)
r(137,1,3,63)
w(285,6,3,63)
w(1,12,3,63)
r(327,6,3,63)
w(336,12,3,63)
r(199,11,3,63)
w(142,10,3,63)
r(151,14,3,63)
w(345,6,3,63)
w(211,11,3,63)
w(139,11,3,63)
w(357,7,3,63)
r(41,7,3,63)
r(94,1,3,63)
r(176,1,3,63)
w(72,6,3,63)
r(102,1,3,63)
r(205,12,3,63)
r(51,6,3,63)
r(233,9,3,63)
r(335,2,3,63)
w(4,12,3,63)
r(280,1,3,63)
r(345,6,3,63)
r(89,8,3,63)
r(249,7,3,63)
r(145,4,3,63)
r(251,7,3,63)
r(276,3,3,63)
w(306,12,3,63)
w(309,7,3,63)
r(130,3,3,63)
r(278,8,3,63)
w(235,3,3,63)
w(198,2,3,63)
r(133,10,3,63)
r(155,12,3,63)
r(241,6,3,63)
r(321,12,3,63)
r(189,1,4,64)
r(191,6,4,64)
r(213,4,4,64)
w(95,14,4,64)
w(230,12,4,64)
w(211,14,4,64)
r(145,4,4,64)
w(230,7,4,64)
w(280,12,4,64)
r(77,1,4,64)
r(296,2,4,64)
w(6,7,4,64)
r(136,1,4,64)
w(344,12,4,64)
r(92,1,4,64)
w(336,14,4,64)
w(133,12,4,64)
w(206,11,4,64)
w(80,11,4,64)
r(92,1,5,65)
r(29,7,5,65)
r(61,12,5,65)
r(43,3,5,65)
w(158,12,5,65)
w(213,15,5,65)
r(151,14,5,65)
w(65,7,5,65)
w(191,9,5,65)
w(350,8,5,65)
r(27,12,5,65)
w(309,15,5,65)
w(329,4,5,65)
r(356,7,5,65)
w(33,7,5,65)
w(303,5,5,65)
r(147,1,5,65)
w(282,15,5,65)
w(21,11,5,65)
r(86,1,5,65)
r(253,6,5,65)
w(25,5,5,65)
w(273,4,5,65)
r(241,6,5,65)
w(299,9,5,65)
w(65,11,5,65)
w(192,9,5,65)
w(295,7,5,65)
r(134,1,5,65)
r(95,10,5,65)
w(328,9,5,65)
r(7,10,5,65)
r(268,1,5,65)
r(1,1,5,65)
r(131,14,5,65)
w(194,14,5,65)
w(85,6,5,65)
r(313,2,6,66)
r(312,2,6,66)
r(201,17,6,66)
w(94,7,6,66)
r(133,10,6,66)
r(197,2,6,66)
w(35,14,6,66)
w(114,5,6,66)
w(96,8,6,66)
w(336,5,6,66)
w(158,14,6,66)
w(295,9,6,66)
r(280,1,6,66)
w(61,11,6,66)
w(130,2,1,67)
w(189,2,1,67)
r(138,3,1,67)
r(69,7,1,67)
w(339,2,1,67)
w(238,2,1,67)
w(88,6,1,67)
w(172,2,1,67)
w(18,2,1,67)
r(38,1,1,67)
r(114,1,1,67)
w(195,2,1,67)
w(53,3,1,67)
r(339,2,1,67)
r(44,10,1,67)
r(69,7,1,67)
r(43,3,1,67)
r(130,2,1,67)
r(176,1,1,67)
w(233,2,1,67)
r(112,2,1,67)
w(28,2,1,67)
w(136,2,1,67)
r(166,10,1,67)
r(157,10,2,68)
w(116,12,2,68)
r(86,1,2,68)
r(345,6,2,68)
r(252,4,2,68)
r(13,12,2,68)
w(357,6,2,68)
r(136,12,2,68)
w(106,3,2,68)
w(65,2,2,68)
w(328,6,2,68)
r(256,9,2,68)
w(49,7,2,68)
w(318,10,2,68)
r(94,1,2,68)
w(206,3,2,68)
w(223,10,2,68)
w(41,10,2,68)
r(185,9,2,68)
w(225,3,2,68)
r(66,14,2,68)
r(47,1,2,68)
r(183,5,2,68)
w(91,10,2,68)
w(51,12,2,68)
w(20,6,2,68)
r(338,10,2,68)
r(179,1,2,68)
w(20,10,2,68)
r(218,4,2,68)
w(262,7,2,68)
r(167,3,2,68)
w(161,12,2,68)
r(15,14,2,68)
w(97,3,2,68)
w(305,12,2,68)
r(201,17,2,68)
r(351,9,2,68)
w(110,10,2,68)
r(234,10,2,68)
r(52,11,3,69)
w(305,7,3,69)
w(170,3,3,69)
w(281,11,3,69)
w(186,6,3,69)
w(215,6,3,69)
r(78,1,3,69)
w(261,3,3,69)
w(174,7,3,69)
r(152,5,4,70)
r(19,1,4,70)
w(4,14,4,70)
w(26,7,4,70)
r(27,3,4,70)
r(214,1,4,70)
r(64,2,4,70)
r(200,1,4,70)
w(88,11,4,70)
r(217,3,4,70)
r(340,1,4,70)
r(40,1,4,70)
w(226,6,4,70)
r(263,2,4,70)
r(344,1,4,70)
w(243,6,4,70)
r(66,10,4,70)
w(86,12,4,70)
w(176,10,4,70)
w(242,7,4,70)
r(354,4,4,70)
r(28,6,4,70)
r(17,3,4,70)
r(347,5,4,70)
r(92,1,4,70)
r(27,3,4,70)
w(232,9,4,70)
r(161,4,4,70)
r(291,16,4,70)
w(14,10,4,70)
w(183,4,4,70)
r(90,14,4,70)
w(324,14,4,70)
w(159,12,4,70)
w(170,12,4,70)
w(284,6,4,70)
w(295,6,4,70)
r(129,1,4,70)
r(114,1,4,70)
w(251,7,5,71)
r(72,11,5,71)
w(226,12,5,71)
r(195,14,5,71)
w(232,8,5,71)
r(220,18,5,71)
r(320,4,5,71)
r(306,2,5,71)
r(2,2,5,71)
r(276,3,5,71)
w(331,4,5,71)
r(190,12,5,71)
r(279,9,5,71)
r(118,3,5,71)
w(245,5,5,71)
r(231,3,5,71)
r(80,12,5,71)
r(60,6,5,71)
r(232,8,5,71)
w(37,5,5,71)
w(107,14,5,71)
r(331,4,5,71)
r(207,1,5,71)
r(30,10,5,71)
w(148,11,5,71)
w(122,11,5,71)
r(21,1,5,71)
r(111,2,5,71)
r(334,7,5,71)
w(38,10,5,71)
w(108,11,5,71)
w(341,14,5,71)
w(233,9,5,71)
w(112,14,5,71)
w(215,4,5,71)
r(270,1,5,71)
w(320,14,5,71)
r(249,7,5,71)
w(36,12,5,71)
w(355,12,5,71)
r(76,3,6,72)
r(267,10,6,72)
r(238,1,6,72)
r(117,1,6,72)
r(328,10,6,72)
r(356,7,6,72)
w(253,6,6,72)
w(258,12,6,72)
r(242,10,6,72)
r(359,9,6,72)
w(16,7,6,72)
w(29,7,6,72)
w(222,14,6,72)
r(7,10,6,72)
r(167,3,6,72)
w(89,8,6,72)
r(360,2,6,72)
r(125,6,6,72)
r(270,1,6,72)
w(265,11,6,72)
r(188,2,6,72)
r(66,12,6,72)
r(340,1,6,72)
r(120,1,6,72)
r(299,4,6,72)
r(170,1,6,72)
r(312,2,6,72)
r(155,10,6,72)
w(81,4,6,72)
r(328,10,6,72)
w(235,7,6,72)
w(192,16,6,72)
w(340,5,6,72)
w(11,5,6,72)
r(187,1,6,72)
r(308,12,6,72)
r(273,3,6,72)
w(6,14,6,72)
w(108,4,6,72)
w(293,13,6,72)
r(89,2,1,73)
w(69,3,1,73)
w(340,2,1,73)
w(319,2,1,73)
w(120,2,1,73)
w(317,2,1,73)
r(7,10,1,73)
r(253,3,1,73)
r(345,11,1,73)
r(140,3,1,73)
w(190,10,1,73)
r(327,6,1,73)
w(91,3,1,73)
w(346,2,1,73)
w(325,3,1,73)
r(248,6,1,73)
r(308,12,1,73)
w(254,2,1,73)
w(184,2,1,73)
r(165,1,1,73)
r(101,1,1,73)
r(284,1,1,73)
r(114,1,1,73)
w(88,10,1,73)
r(263,13,1,73)
r(206,1,1,73)
w(134,3,1,73)
w(88,12,1,73)
w(111,3,1,73)
w(94,2,1,73)
r(322,11,2,74)
r(94,1,2,74)
w(40,3,2,74)
r(171,3,2,74)
r(326,2,2,74)
w(265,6,2,74)
w(341,3,2,74)
r(207,1,2,74)
w(326,10,2,74)
w(326,12,2,74)
r(323,7,2,74)
w(11,12,2,74)
w(339,7,2,74)
r(146,2,2,74)
r(52,9,2,74)
w(15,6,2,74)
r(310,12,2,74)
w(248,11,2,74)
w(105,7,2,74)
r(188,4,2,74)
w(33,3,2,74)
w(220,4,2,74)
r(299,12,2,74)
w(192,2,2,74)
r(322,11,2,74)
r(64,10,2,74)
w(183,14,2,74)
r(336,7,2,74)
w(331,10,2,74)
r(53,10,2,74)
r(191,2,2,74)
r(92,1,2,74)
r(234,10,2,74)
r(301,5,2,74)
r(288,4,2,74)
r(79,10,2,74)
r(199,12,2,74)
w(283,3,2,74)
r(255,10,2,74)
r(30,13,2,74)
w(65,6,3,75)
w(298,10,3,75)
r(183,5,3,75)
r(244,10,3,75)
w(112,3,3,75)
w(192,10,3,75)
w(175,10,3,75)
r(15,14,3,75)
w(318,11,3,75)
w(181,7,3,75)
w(8,6,3,75)
w(228,7,3,75)
r(302,7,3,75)
r(305,2,3,75)
w(140,6,3,75)
w(143,10,3,75)
w(353,10,3,75)
r(118,6,3,75)
r(174,3,3,75)
w(299,12,3,75)
r(83,11,3,75)
w(143,12,3,75)
r(37,5,3,75)
w(192,12,3,75)
w(324,7,3,75)
w(190,15,3,75)
r(19,1,3,75)
w(109,12,3,75)
w(235,6,3,75)
r(29,2,3,75)
r(333,9,3,75)
r(235,6,3,75)
w(330,12,3,75)
w(310,12,3,75)
w(346,3,3,75)
w(348,6,3,75)
w(8,10,3,75)
r(76,3,3,75)
r(265,11,3,75)
r(261,12,3,75)
w(121,4,4,76)
w(1,7,4,76)
r(269,11,4,76)
r(326,2,4,76)
r(51,6,4,76)
r(286,3,4,76)
r(169,7,4,76)
w(298,12,4,76)
r(150,1,4,76)
r(69,7,4,76)
w(212,2,4,76)
r(343,1,4,76)
r(303,7,4,76)
w(112,10,4,76)
w(230,11,4,76)
r(155,10,4,76)
w(297,7,4,76)
w(65,10,4,76)
w(38,2,4,76)
r(38,2,4,76)
w(143,11,4,76)
w(341,7,4,76)
r(313,2,4,76)
w(236,4,4,76)
r(91,2,4,76)
w(269,14,4,76)
r(135,2,4,76)
w(284,10,4,76)
r(43,3,4,76)
w(331,14,4,76)
r(159,9,5,77)
r(335,2,5,77)
w(40,12,5,77)
r(57,6,5,77)
w(229,4,5,77)
r(121,6,5,77)
w(227,9,5,77)
r(79,7,5,77)
r(196,1,5,77)
r(16,7,5,77)
r(229,4,5,77)
r(37,5,5,77)
r(30,10,5,77)
r(263,15,5,77)
w(144,9,5,77)
r(281,7,5,77)
w(201,13,5,77)
r(64,7,5,77)
r(131,14,5,77)
w(124,11,5,77)
r(34,9,5,77)
w(197,9,5,77)
r(147,1,5,77)
r(146,2,5,77)
r(245,5,5,77)
r(69,7,5,77)
r(81,4,5,77)
w(107,9,5,77)
r(185,9,5,77)
w(335,15,5,77)
r(197,9,5,77)
w(2,12,5,77)
r(308,12,5,77)
w(163,14,5,77)
r(50,6,5,77)
w(98,16,6,78)
w(187,11,6,78)
r(193,3,6,78)
r(225,1,6,78)
w(174,5,6,78)
r(314,6,6,78)
w(242,15,6,78)
r(162,2,6,78)
w(84,8,6,78)
r(139,1,6,78)
w(207,12,6,78)
r(296,15,6,78)
r(155,10,6,78)
r(232,3,6,78)
r(137,1,6,78)
w(12,7,6,78)
r(61,12,6,78)
w(278,16,6,78)
w(312,16,6,78)
w(178,9,6,78)
w(168,15,6,78)
w(164,9,6,78)
r(188,2,6,78)
r(306,2,6,78)
w(123,8,6,78)
w(238,7,6,78)
r(4,1,6,78)
r(103,6,6,78)
r(197,2,6,78)
r(135,2,6,78)
r(42,6,1,79)
r(1,1,1,79)
w(22,2,1,79)
r(193,3,1,79)
r(141,14,1,79)
w(338,6,1,79)
w(22,3,1,79)
r(118,3,1,79)
w(146,2,1,79)
r(143,3,1,79)
r(8,2,1,79)
r(10,11,1,79)
w(178,2,1,79)
r(25,2,1,79)
r(40,1,1,79)
w(29,2,1,79)
w(215,3,1,79)
r(301,2,1,79)
r(169,7,1,79)
r(105,4,1,79)
w(354,2,1,79)
r(308,12,1,79)
r(301,2,1,79)
r(217,3,1,79)
r(35,11,1,79)
w(191,2,1,79)
w(130,3,1,79)
w(316,2,1,79)
w(338,10,1,79)
r(55,6,1,79)
r(30,10,1,79)
r(37,3,1,79)
w(274,2,1,79)
r(131,14,1,79)
r(44,10,1,79)
w(337,2,1,79)
r(178,2,1,79)
w(190,12,1,79)
r(216,6,1,79)
r(125,6,1,79)
r(178,2,2,80)
w(251,10,2,80)
w(243,3,2,80)
w(269,6,2,80)
w(149,10,2,80)
w(131,3,2,80)
r(248,5,2,80)
r(250,8,2,80)
r(190,7,2,80)
r(130,5,2,80)
r(100,6,2,80)
r(158,3,2,80)
w(205,6,2,80)
r(283,3,2,80)
r(243,3,2,80)
r(283,3,2,80)
r(136,12,2,80)
w(219,3,2,80)
r(66,15,2,80)
r(284,3,2,80)
w(358,6,2,80)
r(68,14,2,80)
r(216,6,2,80)
w(130,6,2,80)
r(357,6,2,80)
r(12,11,2,80)
r(215,12,2,80)
r(162,2,2,80)
w(146,6,2,80)
w(216,10,2,80)
w(147,3,2,80)
r(174,14,2,80)
r(303,7,3,81)
r(359,11,3,81)
r(248,9,3,81)
r(318,11,3,81)
w(174,14,3,81)
r(31,3,3,81)
r(334,7,3,81)
r(151,5,3,81)
r(308,12,3,81)
r(9,14,3,81)
r(261,11,3,81)
w(117,6,3,81)
r(282,6,3,81)
r(71,9,3,81)
w(20,7,3,81)
w(275,6,3,81)
w(343,10,3,81)
r(276,3,3,81)
w(259,12,3,81)
r(170,1,3,81)
w(339,4,3,81)
r(18,1,3,81)
r(354,11,3,81)
r(243,7,3,81)
r(307,15,3,81)
r(339,4,3,81)
w(76,10,3,81)
r(10,2,3,81)
w(347,14,3,81)
r(112,3,3,81)
w(348,10,3,81)
r(223,1,3,81)
r(207,1,3,81)
r(268,1,3,81)
w(43,5,3,81)
w(21,6,3,81)
r(84,2,3,81)
r(92,1,3,81)
r(331,4,3,81)
w(249,10,3,81)
r(311,3,4,82)
r(21,1,4,82)
r(147,1,4,82)
r(75,14,4,82)
r(50,6,4,82)
r(312,2,4,82)
r(269,11,4,82)
r(309,2,4,82)
r(119,10,4,82)
w(127,11,4,82)
r(147,1,4,82)
r(89,2,4,82)
w(7,14,4,82)
w(149,14,4,82)
r(24,1,4,82)
w(115,15,4,82)
r(210,1,5,83)
w(54,6,5,83)
r(22,3,5,83)
w(152,4,5,83)
w(144,4,5,83)
r(138,12,5,83)
w(75,7,5,83)
r(50,6,5,83)
r(87,6,5,83)
w(83,11,5,83)
r(50,6,5,83)
r(126,9,5,83)
w(56,5,5,83)
r(165,1,5,83)
w(340,14,5,83)
w(296,8,5,83)
w(186,12,5,83)
w(333,9,5,83)
w(102,7,5,83)
r(335,2,5,83)
w(264,14,5,83)
r(320,14,5,83)
r(97,2,5,83)
r(95,10,5,83)
w(359,11,5,83)
w(324,4,5,83)
r(204,15,5,83)
w(132,7,5,83)
w(288,4,5,83)
r(158,2,5,83)
w(218,4,5,83)
w(335,8,5,83)
r(59,14,5,83)
r(21,1,5,83)
r(331,4,5,83)
r(154,12,5,83)
w(77,10,5,83)
r(235,3,5,83)
w(242,4,5,83)
r(305,2,5,83)
w(49,19,6,84)
w(39,4,6,84)
w(196,11,6,84)
r(130,4,6,84)
w(357,15,6,84)
r(113,3,6,84)
r(303,7,6,84)
w(88,4,6,84)
w(280,9,6,84)
r(62,9,6,84)
r(173,19,6,84)
w(124,4,6,84)
w(258,7,6,84)
w(56,15,6,84)
r(286,3,1,85)
r(93,7,1,85)
r(228,4,1,85)
w(43,6,1,85)
r(241,6,1,85)
w(299,2,1,85)
w(229,3,1,85)
w(53,6,1,85)
w(7,6,1,85)
r(57,6,1,85)
w(340,3,1,85)
w(82,3,1,85)
r(27,12,1,85)
w(129,3,1,85)
w(292,2,1,85)
r(314,6,1,85)
w(44,2,1,85)
r(113,3,1,85)
w(353,3,2,86)
r(250,8,2,86)
w(84,10,2,86)
r(190,7,2,86)
r(107,11,2,86)
r(267,12,2,86)
r(336,7,2,86)
w(66,7,2,86)
r(104,14,2,86)
w(282,12,2,86)
w(169,10,2,86)
r(112,3,2,86)
r(263,15,2,86)
w(264,6,2,86)
r(115,16,2,86)
w(174,6,2,86)
r(340,14,2,86)
w(353,6,2,86)
r(236,9,2,86)
r(297,11,2,86)
w(17,7,2,86)
w(239,12,2,86)
w(321,10,2,86)
r(197,2,2,86)
w(61,6,2,86)
w(7,12,2,86)
w(180,6,2,86)
w(41,12,2,86)
w(350,12,2,86)
w(75,6,2,86)
w(171,7,2,86)
w(6,6,2,86)
r(30,13,2,86)
r(94,1,2,86)
r(248,5,2,86)
r(324,7,2,86)
w(37,10,2,86)
r(220,15,2,86)
w(303,11,2,86)
w(315,6,3,87)
w(86,10,3,87)
w(279,7,3,87)
w(273,11,3,87)
w(123,9,3,87)
w(259,7,3,87)
w(239,14,3,87)
w(272,10,3,87)
r(114,15,3,87)
r(87,6,3,87)
r(48,14,3,87)
w(259,11,3,87)
r(359,11,3,87)
r(13,12,3,87)
r(357,6,3,87)
w(248,14,3,87)
w(265,10,3,87)
w(232,12,3,87)
w(124,6,3,87)
w(72,10,3,87)
w(306,7,3,87)
r(238,1,3,87)
w(336,7,3,87)
w(48,7,3,87)
r(292,6,3,87)
w(158,3,3,87)
w(242,12,3,87)
w(143,7,3,87)
r(277,1,3,87)
r(337,6,3,87)
r(346,3,3,87)
r(45,6,3,87)
r(35,11,3,87)
r(143,7,3,87)
r(54,6,3,87)
w(321,7,3,87)
w(176,3,3,87)
w(57,7,3,87)
w(134,7,3,87)
w(350,4,3,87)
w(145,7,4,88)
w(46,10,4,88)
r(33,2,4,88)
w(147,7,5,89)
r(12,6,5,89)
w(97,6,5,89)
r(357,7,5,89)
r(209,11,5,89)
r(107,11,5,89)
w(52,14,5,89)
r(33,10,5,89)
r(141,14,5,89)
w(255,10,5,89)
r(258,12,5,89)
w(52,9,5,89)
r(334,7,5,89)
r(270,5,5,89)
r(197,2,5,89)
r(122,11,5,89)
r(125,10,5,89)
r(159,7,5,89)
w(254,14,5,89)
r(226,12,5,89)
w(195,9,5,89)
r(45,6,5,89)
w(290,5,5,89)
w(335,16,5,89)
w(320,9,5,89)
r(236,9,5,89)
w(81,11,5,89)
w(344,11,5,89)
r(83,11,5,89)
w(108,14,5,89)
r(35,11,5,89)
r(312,2,5,89)
w(274,4,5,89)
w(261,11,5,89)
w(130,5,5,89)
r(311,11,5,89)
r(44,3,5,89)
r(178,2,5,89)
r(13,10,5,89)
w(76,12,5,89)
r(321,12,6,90)
r(299,4,6,90)
w(58,15,6,90)
r(306,2,6,90)
r(264,4,6,90)
r(335,2,6,90)
w(72,11,6,90)
r(152,5,6,90)
w(104,11,6,90)
w(220,17,6,90)
r(6,14,6,90)
r(328,10,6,90)
w(272,5,6,90)
w(13,10,6,90)
r(95,10,6,90)
r(115,16,6,90)
r(108,4,6,90)
r(22,3,6,90)
w(110,9,6,90)
w(220,18,6,90)
r(217,3,6,90)
w(32,11,6,90)
w(253,10,6,90)
w(114,15,6,90)
r(16,7,6,90)
r(221,7,6,90)
w(242,8,6,90)
r(314,6,6,90)
r(275,1,6,90)
r(147,1,6,90)
r(113,3,6,90)
r(77,1,6,90)
r(353,1,6,90)
w(98,13,6,90)
r(79,7,6,90)
w(144,15,6,90)
w(189,15,6,90)
r(125,6,6,90)
w(155,12,6,90)
w(88,5,6,90)
r(177,1,1,91)
w(57,2,1,91)
r(333,7,1,91)
r(306,2,1,91)
r(184,12,1,91)
w(78,3,1,91)
r(53,4,1,91)
w(322,2,1,91)
r(343,1,1,91)
w(165,3,1,91)
r(337,6,1,91)
r(357,9,1,91)
w(282,3,1,91)
w(340,6,1,91)
w(160,6,1,91)
w(185,3,1,91)
r(352,2,1,91)
w(231,2,1,91)
r(255,3,1,91)
w(139,2,1,91)
w(234,3,1,91)
r(75,14,1,91)
r(284,3,1,91)
w(303,6,1,91)
w(240,3,1,91)
r(354,2,1,91)
r(308,12,1,91)
r(78,1,2,92)
r(261,6,2,92)
r(254,14,2,92)
w(160,12,2,92)
r(306,7,2,92)
r(274,10,2,92)
w(144,6,2,92)
w(37,12,2,92)
w(264,10,2,92)
r(138,14,2,92)
r(80,3,2,92)
r(307,15,2,92)
w(280,3,2,92)
w(233,6,2,92)
w(51,7,2,92)
r(7,9,2,92)
w(333,6,2,92)
w(331,12,2,92)
r(11,12,2,92)
r(37,12,2,92)
w(139,6,2,92)
w(84,12,2,92)
r(283,3,2,92)
w(335,10,2,92)
r(275,6,2,92)
w(174,10,2,92)
r(326,12,2,92)
w(294,6,2,92)
r(242,12,2,92)
r(91,14,2,92)
r(135,2,2,92)
w(157,6,2,92)
w(25,3,2,92)
r(333,6,2,92)
w(17,11,2,92)
w(163,3,2,92)
w(168,10,2,92)
r(351,9,2,92)
w(358,10,2,92)
r(145,4,2,92)
r(117,6,3,93)
r(246,7,3,93)
r(134,7,3,93)
w(220,15,3,93)
w(337,10,3,93)
r(32,11,3,93)
w(285,12,3,93)
r(120,10,3,93)
r(67,14,3,93)
w(151,12,3,93)
r(134,7,3,93)
r(194,10,3,93)
r(205,7,3,93)
w(60,10,3,93)
r(333,3,3,93)
r(211,2,3,93)
w(323,10,3,93)
w(295,3,3,93)
w(195,10,3,93)
w(280,10,3,93)
w(91,14,3,93)
r(115,16,3,93)
r(254,14,3,93)
r(32,11,3,93)
r(133,6,3,93)
r(343,10,3,93)
r(136,12,3,93)
r(321,7,3,93)
r(229,14,3,93)
r(193,3,3,93)
w(352,12,3,93)
r(4,12,3,93)
w(103,10,3,93)
w(232,7,3,93)
w(156,3,3,93)
r(20,10,3,93)
w(84,14,3,93)
r(314,6,3,93)
w(119,7,3,93)
w(170,6,3,93)
w(58,14,4,94)
r(188,2,4,94)
w(136,12,4,94)
w(204,5,4,94)
w(79,10,4,94)
w(230,9,4,94)
w(180,11,4,94)
w(177,14,4,94)
w(261,12,4,94)
r(2,2,4,94)
w(328,7,4,94)
w(271,14,4,94)
w(204,15,4,94)
r(26,3,4,94)
r(45,6,4,94)
r(223,1,4,94)
r(25,11,4,94)
w(106,12,4,94)
r(262,3,4,94)
w(2,10,4,94)
w(267,12,4,94)
w(156,12,4,94)
w(321,11,4,94)
r(182,12,4,94)
w(199,12,4,94)
w(180,14,4,94)
w(330,7,4,94)
w(292,12,4,94)
w(124,12,4,94)
r(350,3,4,94)
w(354,11,4,94)
r(292,12,4,94)
w(340,12,4,94)
r(218,6,4,94)
w(155,3,4,94)
r(203,4,4,94)
r(24,1,4,94)
r(150,3,4,94)
w(63,11,4,94)
r(354,11,4,94)
r(241,6,5,95)
r(280,2,5,95)
w(291,15,5,95)
r(354,11,5,95)
r(89,16,5,95)
w(173,8,5,95)
w(272,9,5,95)
r(6,14,5,95)
r(86,1,5,95)
w(188,12,5,95)
r(274,4,5,95)
r(149,5,5,95)
w(89,4,5,95)
w(189,4,5,95)
w(217,9,5,95)
w(256,11,5,95)
w(341,9,5,95)
r(200,1,5,95)
w(108,9,5,95)
r(40,1,5,95)
w(327,10,5,95)
w(11,9,5,95)
w(323,12,5,95)
w(255,11,6,96)
w(246,14,6,96)
r(290,4,6,96)
r(2,2,6,96)
w(160,10,1,97)
w(154,3,1,97)
r(40,1,1,97)
r(39,10,1,97)
r(189,15,1,97)
r(129,1,1,97)
w(247,6,1,97)
r(8,2,1,97)
w(247,10,1,97)
w(30,6,1,97)
r(217,3,1,97)
w(334,6,1,97)
r(308,12,1,97)
r(59,6,1,97)
r(199,12,1,97)
r(348,2,1,97)
w(202,2,1,97)
w(160,7,2,98)
r(270,6,2,98)
w(105,11,2,98)
w(161,7,2,98)
r(150,3,2,98)
r(131,12,2,98)
w(113,12,2,98)
r(193,3,2,98)
w(144,10,2,98)
w(269,12,2,98)
w(230,3,2,98)
r(181,4,2,98)
w(234,12,2,98)
w(303,14,2,98)
r(117,6,2,98)
r(311,11,2,98)
w(284,2,2,98)
r(67,14,2,98)
w(339,11,2,98)
r(323,10,2,98)
r(136,12,2,98)
r(83,11,2,98)
w(55,10,2,98)
w(47,10,2,98)
w(163,6,2,98)
r(153,14,3,99)
w(60,12,3,99)
r(14,3,3,99)
w(225,10,3,99)
w(274,10,3,99)
r(218,4,3,99)
r(357,6,3,99)
r(349,6,3,99)
r(358,3,3,99)
r(312,13,3,99)
w(64,11,3,99)
r(155,3,3,99)
w(116,14,3,99)
r(6,14,3,99)
w(213,11,3,99)
r(319,3,3,99)
w(261,6,3,99)
r(145,4,3,99)
w(94,10,3,99)
w(116,9,3,99)
w(257,10,3,99)
r(190,7,3,99)
r(322,14,3,99)
w(356,4,3,99)
w(148,12,3,99)
r(211,2,3,99)
w(131,12,3,99)
r(129,1,3,99)
r(101,2,3,99)
r(74,11,3,99)
w(205,10,3,99)
r(163,12,3,99)
w(233,7,3,99)
r(295,3,3,99)
w(114,7,3,99)
w(360,12,3,99)
w(31,9,3,99)
w(30,12,3,99)
r(35,11,3,99)
w(338,12,3,99)
w(112,12,4,100)
w(222,7,4,100)
r(148,11,4,100)
w(93,10,4,100)
r(286,3,4,100)
w(172,7,4,100)
r(180,14,4,100)
r(165,1,4,100)
r(14,2,4,100)
w(340,7,4,100)
r(276,3,4,100)
r(40,1,4,100)
r(197,2,4,100)
r(303,7,4,100)
w(202,7,4,100)
r(180,14,4,100)
w(39,7,4,100)
r(360,14,4,100)
w(36,10,4,100)
w(96,14,4,100)
w(60,11,4,100)
w(164,10,4,100)
w(107,11,4,100)
w(233,14,4,100)
w(59,14,4,100)
w(237,14,4,100)
w(12,6,4,100)
r(102,1,4,100)
w(289,14,4,100)
w(227,11,4,100)
r(208,14,4,100)
r(182,12,4,100)
w(68,14,4,100)
w(176,12,4,100)
w(328,11,4,100)
r(251,7,4,100)
r(198,2,4,100)
w(227,14,4,100)
w(215,10,4,100)
w(270,5,4,100)
w(328,4,5,101)
w(143,9,5,101)
w(81,14,5,101)
w(162,14,5,101)
r(343,10,5,101)
r(38,10,5,101)
r(150,3,5,101)
r(15,14,5,101)
r(242,16,5,101)
w(83,9,5,101)
r(286,3,5,101)
w(256,14,5,101)
w(99,12,5,101)
r(164,12,5,101)
w(110,4,6,102)
r(56,9,6,102)
r(326,2,6,102)
r(96,5,6,102)
w(125,14,6,102)
r(126,9,6,102)
r(202,12,6,102)
w(270,15,6,102)
r(164,1,6,102)
w(45,12,6,102)
r(222,14,6,102)
r(143,3,6,102)
w(131,5,6,102)
r(22,3,6,102)
w(272,15,6,102)
r(199,12,6,102)
r(359,9,6,102)
r(332,2,6,102)
r(29,2,6,102)
w(96,13,6,102)
w(298,4,6,102)
r(242,8,6,102)
r(96,13,6,102)
r(203,4,6,102)
w(332,9,6,102)
r(39,10,6,102)
w(302,14,6,102)
r(159,9,6,102)
r(8,2,6,102)
r(49,6,6,102)
w(207,7,6,102)
r(183,3,6,102)
w(155,7,6,102)
w(40,7,6,102)
w(149,8,6,102)
w(162,4,6,102)
r(175,2,6,102)
r(80,12,6,102)
r(273,3,6,102)
r(222,7,1,103)
r(328,11,1,103)
w(66,3,1,103)
w(245,6,1,103)
r(38,10,1,103)
r(1,12,1,103)
w(84,2,1,103)
w(118,6,1,103)
r(27,12,1,103)
w(174,3,1,103)
w(143,2,1,103)
r(166,10,1,103)
w(96,3,1,103)
r(279,9,1,103)
w(20,3,1,103)
w(44,3,1,103)
w(282,6,1,103)
r(36,10,1,103)
r(119,12,1,103)
r(7,10,1,103)
w(120,3,1,103)
r(314,6,1,103)
r(353,1,1,103)
r(253,10,1,103)
r(128,10,1,103)
r(221,7,1,103)
r(153,10,1,103)
w(204,10,1,103)
r(118,6,1,103)
w(96,6,1,103)
r(83,11,1,103)
w(211,2,1,103)
r(345,6,1,103)
w(133,2,1,103)
r(269,11,1,103)
w(343,2,1,103)
r(172,7,1,103)
r(63,11,1,103)
w(316,3,1,103)
r(168,9,1,103)
w(94,3,2,104)
r(279,4,2,104)
r(323,10,2,104)
r(91,14,2,104)
r(292,6,2,104)
w(179,7,2,104)
r(145,4,2,104)
w(128,6,2,104)
r(48,7,2,104)
r(9,14,2,104)
r(146,4,2,104)
w(84,7,2,104)
r(181,4,2,104)
w(272,6,2,104)
r(83,11,2,104)
w(331,7,2,104)
w(48,6,2,104)
r(97,3,2,104)
r(218,4,2,104)
r(24,11,2,104)
r(132,8,2,104)
w(341,6,2,104)
w(83,10,2,104)
r(305,12,2,104)
w(91,12,2,104)
w(94,6,2,104)
r(220,11,2,104)
r(320,11,2,104)
w(237,10,2,104)
r(42,6,2,104)
w(245,7,2,104)
r(250,8,2,104)
w(3,3,2,104)
w(252,11,2,104)
r(352,12,2,104)
r(226,9,2,104)
w(352,10,2,104)
r(182,7,2,104)
w(331,11,2,104)
w(339,14,2,104)
w(360,7,3,105)
r(4,12,3,105)
w(81,6,3,105)
r(317,1,3,105)
r(255,2,3,105)
w(172,10,3,105)
r(180,14,3,105)
w(305,14,3,105)
r(18,1,3,105)
r(340,14,3,105)
r(88,5,3,105)
w(26,12,3,105)
r(96,9,3,105)
w(53,5,3,105)
r(289,14,3,105)
w(15,12,3,105)
r(47,1,3,105)
w(198,3,3,105)
r(352,12,3,105)
w(73,10,3,105)
r(292,6,3,105)
w(231,10,3,105)
r(170,6,3,105)
r(314,6,3,105)
w(39,12,3,105)
w(173,11,3,105)
w(104,10,3,105)
r(170,6,3,105)
w(278,7,3,105)
w(158,6,4,106)
r(321,11,4,106)
w(246,7,4,106)
r(235,3,4,106)
r(32,11,4,106)
r(164,10,4,106)
w(125,10,4,106)
w(183,5,4,106)
r(35,11,4,106)
r(298,11,4,106)
r(220,18,4,106)
w(90,9,4,106)
w(91,9,4,106)
r(237,14,4,106)
r(35,11,4,106)
r(141,14,4,106)
r(178,2,4,106)
r(243,1,4,106)
w(14,7,4,106)
r(239,2,4,106)
r(74,11,4,106)
r(189,15,4,106)
r(182,12,4,106)
r(338,10,4,106)
r(310,10,4,106)
r(55,6,4,106)
r(261,12,4,106)
w(244,10,4,106)
w(287,14,4,106)
w(173,9,4,106)
r(252,4,4,106)
w(159,7,4,106)
w(168,9,4,106)
w(14,11,4,106)
w(164,12,4,106)
w(232,4,4,106)
w(24,11,4,106)
w(56,4,4,106)
r(235,3,4,106)
w(356,8,4,106)
r(189,8,5,107)
w(50,12,5,107)
w(172,14,5,107)
r(13,12,5,107)
w(3,14,5,107)
w(334,4,5,107)
r(165,1,5,107)
w(208,9,5,107)
w(251,14,5,107)
w(178,14,5,107)
r(36,10,5,107)
w(164,11,5,107)
r(104,14,5,107)
w(66,4,5,107)
r(19,1,5,107)
r(357,6,5,107)
w(295,11,5,107)
w(8,14,5,107)
w(82,8,6,108)
w(109,16,6,108)
w(102,9,6,108)
r(22,3,6,108)
w(226,9,6,108)
w(204,19,6,108)
r(207,1,6,108)
r(87,6,6,108)
w(319,15,6,108)
w(253,12,6,108)
w(285,4,6,108)
w(58,8,6,108)
w(307,15,6,108)
r(283,12,6,108)
r(147,7,6,108)
r(272,5,6,108)
w(13,12,6,108)
w(20,4,6,108)
w(351,9,6,108)
w(188,4,6,108)
w(271,16,6,108)
r(154,12,6,108)
w(210,11,6,108)
r(45,6,6,108)
w(101,11,6,108)
r(218,4,6,108)
r(145,4,6,108)
r(163,12,6,108)
r(329,10,6,108)
r(299,12,6,108)
r(316,3,6,108)
r(244,10,6,108)
w(291,19,6,108)
r(32,11,6,108)
r(338,10,6,108)
w(315,4,6,108)
w(120,5,6,108)
r(173,9,6,108)
r(339,15,6,108)
w(358,5,6,108)
r(237,14,1,109)
w(90,3,1,109)
w(127,2,1,109)
r(317,1,1,109)
r(118,6,1,109)
r(176,12,1,109)
w(280,2,1,109)
r(165,1,1,109)
r(322,1,1,109)
r(85,10,1,109)
r(55,6,1,109)
r(114,15,1,109)
w(168,2,1,109)
w(14,3,1,109)
r(266,1,1,109)
r(238,1,1,109)
w(10,2,1,109)
r(35,11,1,109)
r(119,12,1,109)
r(308,12,1,109)
w(1,3,1,109)
r(76,12,1,109)
r(114,15,1,109)
w(138,10,1,109)
r(101,1,1,109)
w(187,2,1,109)
w(270,2,1,109)
r(88,5,1,109)
w(64,10,1,109)
w(279,3,1,109)
r(211,2,1,109)
r(103,6,1,109)
w(34,2,1,109)
w(270,3,1,109)
w(108,6,1,109)
w(222,3,1,109)
r(311,11,1,109)
r(310,12,1,109)
w(190,7,1,109)
w(196,2,1,109)
r(117,6,2,110)
r(316,3,2,110)
w(335,12,2,110)
w(81,2,2,110)
w(6,10,2,110)
w(202,6,2,110)
r(340,14,2,110)
r(353,10,2,110)
w(260,3,2,110)
w(214,10,2,110)
r(55,3,2,110)
r(26,3,2,110)
w(242,6,2,110)
r(241,6,2,110)
w(263,7,2,110)
r(84,7,2,110)
w(240,12,2,110)
r(95,10,2,110)
w(201,7,2,110)
w(17,14,2,110)
r(132,8,2,110)
w(350,7,2,110)
r(133,6,2,110)
w(109,6,2,110)
w(43,12,2,110)
w(140,2,2,110)
r(229,14,2,110)
r(66,15,2,110)
r(4,12,2,110)
r(50,6,2,110)
w(233,10,2,110)
r(211,2,2,110)
w(325,10,2,110)
w(166,3,2,110)
r(117,6,2,110)
w(31,6,2,110)
w(88,7,2,110)
r(159,7,2,110)
r(151,12,2,110)
w(12,2,2,110)
w(228,11,3,111)
w(53,15,3,111)
w(261,10,3,111)
w(257,12,3,111)
w(257,7,3,111)
r(231,11,3,111)
r(308,12,3,111)
w(50,3,3,111)
w(234,11,3,111)
r(289,14,3,111)
r(178,4,3,111)
r(114,14,3,111)
r(324,7,3,111)
r(305,12,3,111)
r(135,2,3,111)
r(309,7,3,111)
r(267,12,3,111)
w(335,4,4,112)
w(315,12,4,112)
w(203,11,4,112)
r(48,14,4,112)
r(40,1,4,112)
r(246,7,4,112)
w(348,12,4,112)
w(312,12,4,112)
r(346,3,4,112)
r(49,6,4,112)
w(181,4,4,112)
w(66,14,4,112)
r(347,5,4,112)
r(179,1,4,112)
r(48,14,4,112)
w(278,11,4,112)
r(47,1,4,112)
r(205,12,4,112)
w(273,9,4,112)
w(320,11,4,112)
w(215,12,4,112)
r(213,4,4,112)
r(83,11,4,112)
w(247,11,4,112)
r(252,4,4,112)
r(156,12,4,112)
r(183,5,4,112)
r(18,1,4,112)
r(147,9,4,112)
w(278,14,4,112)
w(118,11,4,112)
r(71,9,4,112)
r(304,4,4,112)
r(62,5,4,112)
r(7,9,4,112)
w(153,14,4,112)
w(341,11,4,112)
r(183,5,4,112)
w(154,10,4,112)
r(1,3,4,112)
r(120,10,5,113)
w(184,7,5,113)
w(301,9,5,113)
w(236,13,5,113)
w(86,14,5,113)
r(212,1,5,113)
r(255,10,5,113)
w(30,15,5,113)
r(2,10,5,113)
w(68,5,5,113)
r(114,15,5,113)
w(324,5,5,113)
w(5,7,5,113)
r(316,3,5,113)
r(32,11,5,113)
w(12,11,6,114)
w(272,8,6,114)
w(304,4,6,114)
w(128,9,6,114)
r(127,2,6,114)
r(331,4,6,114)
r(272,8,6,114)
r(312,2,6,114)
r(70,11,6,114)
r(347,5,6,114)
r(118,6,6,114)
r(89,8,6,114)
w(85,12,6,114)
r(125,10,6,114)
w(104,14,6,114)
w(336,15,6,114)
r(247,3,6,114)
w(166,15,6,114)
r(103,6,6,114)
w(257,9,6,114)
r(193,3,6,114)
w(89,16,6,114)
w(97,10,6,114)
r(125,10,6,114)
w(227,4,6,114)
w(231,11,6,114)
w(151,4,6,114)
r(212,1,6,114)
w(320,5,6,114)
w(269,15,6,114)
w(339,16,6,114)
w(189,8,6,114)
w(147,9,6,114)
w(182,7,6,114)
r(133,2,6,114)
r(162,2,6,114)
r(182,7,6,114)
r(142,10,6,114)
r(275,1,6,114)
r(87,6,6,114)
r(209,11,1,115)
r(226,9,1,115)
w(53,10,1,115)
r(228,7,1,115)
w(272,2,1,115)
w(305,6,1,115)
r(187,2,1,115)
w(80,3,1,115)
w(291,3,1,115)
w(334,10,1,115)
w(220,12,1,115)
r(195,9,1,115)
w(100,6,1,115)
r(341,11,1,115)
r(294,3,1,115)
r(19,1,1,115)
r(198,2,1,115)
r(73,5,1,115)
w(51,3,1,115)
w(93,3,1,115)
r(155,3,1,115)
r(192,12,1,115)
w(329,2,1,115)
r(345,6,1,115)
w(358,3,1,115)
w(102,2,1,115)
r(276,10,1,115)
w(270,6,1,115)
w(151,2,1,115)
w(148,2,1,115)
w(10,3,1,115)
r(43,5,1,115)
w(111,6,1,115)
r(15,14,1,115)
r(122,11,1,115)
r(108,6,1,115)
r(141,14,1,115)
w(29,3,1,115)
r(143,12,1,115)
r(200,1,1,115)
w(268,3,2,116)
w(334,12,2,116)
r(209,10,2,116)
w(245,11,2,116)
r(284,3,2,116)
r(213,11,2,116)
w(291,12,2,116)
w(335,7,2,116)
r(94,6,2,116)
w(165,6,2,116)
w(67,6,2,116)
w(134,6,2,116)
w(339,9,2,116)
w(294,10,2,116)
r(7,9,2,116)
w(62,3,2,116)
w(115,9,2,116)
r(36,10,2,116)
r(66,15,2,116)
r(73,5,2,116)
w(89,12,2,116)
r(28,6,2,116)
r(4,12,2,116)
r(183,14,2,116)
w(189,6,2,116)
w(349,12,2,116)
r(76,10,2,116)
r(294,10,2,116)
w(291,7,2,116)
r(73,5,2,116)
w(31,10,2,116)
w(351,3,2,116)
r(252,11,2,116)
r(142,9,2,116)
r(66,15,2,116)
r(281,7,2,116)
w(341,10,2,116)
r(203,6,2,116)
w(343,6,2,116)
w(290,3,2,116)
w(21,10,3,117)
w(218,11,3,117)
w(209,10,3,117)
r(290,2,3,117)
w(81,12,3,117)
w(109,7,3,117)
w(232,11,3,117)
r(140,2,3,117)
r(104,14,3,117)
r(346,7,3,117)
r(229,14,3,117)
w(299,7,3,117)
w(166,7,3,117)
w(20,11,3,117)
w(48,11,3,117)
r(13,12,3,117)
w(115,4,3,117)
w(151,7,3,117)
w(59,11,3,117)
r(348,10,3,117)
w(290,12,3,117)
r(163,3,3,117)
r(55,3,3,117)
r(56,4,3,117)
w(194,7,3,117)
r(157,6,3,117)
r(54,6,3,117)
w(116,4,3,117)
w(20,14,3,117)
r(211,2,3,117)
w(115,5,3,117)
w(306,11,3,117)
r(261,7,3,117)
w(188,3,3,117)
r(58,8,3,117)
r(335,12,3,117)
w(288,7,3,117)
r(112,7,3,117)
r(132,8,3,117)
w(32,6,3,117)
w(105,5,4,118)
w(3,10,4,118)
r(166,15,4,118)
w(207,3,4,118)
r(209,11,4,118)
w(215,15,5,119)
w(220,16,5,119)
r(217,3,5,119)
w(220,13,5,119)
w(172,9,5,119)
w(9,14,6,120)
r(89,16,6,120)
r(55,6,6,120)
w(343,11,6,120)
w(96,19,6,120)
w(151,5,6,120)
r(324,7,6,120)
r(31,3,6,120)
w(250,8,6,120)
w(7,9,6,120)
r(210,11,6,120)
w(44,8,6,120)
w(332,4,6,120)
r(278,8,6,120)
r(119,12,6,120)
r(120,5,6,120)
w(322,11,6,120)
r(70,11,6,120)
r(33,10,6,120)
w(323,7,6,120)
r(41,7,6,120)
r(354,11,6,120)
r(69,7,6,120)
r(113,3,6,120)
w(154,7,6,120)
r(35,11,6,120)
r(137,1,6,120)
r(308,12,6,120)
w(120,15,6,120)
r(317,1,6,120)
w(225,14,6,120)
r(104,14,6,120)
w(243,7,6,120)
w(62,5,6,120)
w(242,16,6,120)
w(30,13,6,120)
w(301,5,6,120)
r(162,2,6,120)
w(293,19,6,120)
r(283,12,6,120)
w(58,3,1,121)
r(129,1,1,121)
r(228,7,1,121)
r(60,11,1,121)
w(259,2,1,121)
w(75,3,1,121)
w(208,6,2,122)
w(79,3,2,122)
r(307,15,2,122)
w(235,2,2,122)
r(172,7,2,122)
w(91,7,2,122)
r(348,10,2,122)
w(5,10,2,122)
w(152,10,2,122)
r(259,4,2,122)
r(4,12,2,122)
w(206,6,2,122)
r(194,7,2,122)
w(53,14,2,122)
r(232,11,2,122)
w(102,3,2,122)
r(207,1,2,122)
w(301,7,2,122)
w(83,12,2,122)
w(317,10,2,122)
w(344,6,2,122)
w(187,3,2,122)
r(102,3,2,122)
w(199,6,2,122)
w(320,6,2,122)
r(167,10,2,122)
r(292,6,2,122)
w(347,10,2,122)
w(222,10,2,122)
w(307,6,2,122)
r(225,10,2,122)
r(43,12,2,122)
r(272,6,2,122)
r(39,7,2,122)
w(161,11,2,122)
r(90,5,2,122)
r(196,2,2,122)
w(308,3,2,122)
r(74,11,2,122)
r(224,1,2,122)
r(271,16,4,123)
w(109,9,4,123)
r(208,14,4,123)
w(28,14,4,123)
r(125,10,4,123)
w(88,14,4,123)
r(151,2,4,123)
w(307,11,4,123)
r(103,6,4,123)
w(202,11,4,123)
r(325,7,4,123)
w(101,12,4,123)
w(203,9,4,123)
w(224,12,4,123)
w(144,14,4,123)
r(101,12,4,123)
r(261,11,4,123)
w(109,4,4,123)
r(234,10,4,123)
w(271,9,4,123)
w(310,7,4,123)
w(60,14,4,123)
r(285,4,4,123)
w(21,9,5,124)
r(214,3,5,124)
r(272,10,5,124)
w(69,16,5,124)
r(22,9,5,124)
w(179,8,5,124)
w(239,5,5,124)
r(19,8,5,124)
r(100,6,5,124)
r(32,11,5,124)
r(350,4,5,124)
w(166,9,5,124)
w(201,19,5,124)
w(236,19,5,124)
w(259,15,5,124)
r(34,6,5,124)
r(172,7,5,124)
w(237,9,5,124)
w(34,5,5,124)
w(192,4,5,124)
r(139,6,5,124)
w(188,14,5,124)
r(46,2,5,124)
w(146,4,5,124)
w(283,14,5,124)
w(347,4,5,124)
w(71,11,5,124)
r(254,14,5,124)
w(204,16,5,124)
w(279,4,5,124)
r(8,15,5,124)
r(202,7,5,124)
w(258,10,5,124)
w(190,13,5,124)
r(250,8,5,124)
r(81,15,5,124)
r(328,6,5,124)
r(258,10,5,124)
r(255,2,5,124)
w(126,4,5,124)
w(163,4,6,125)
r(217,3,6,125)
w(145,16,6,125)
w(338,9,6,125)
r(304,4,6,125)
w(180,8,6,125)
w(108,15,6,125)
w(203,15,6,125)
r(124,12,6,125)
w(84,16,6,125)
w(54,10,6,125)
r(302,7,6,125)
r(128,9,6,125)
w(165,14,6,125)
r(224,1,6,125)
w(250,16,6,125)
r(227,4,6,125)
r(29,2,6,125)
r(306,12,6,125)
r(284,3,6,125)
w(101,14,6,125)
r(237,14,1,126)
w(359,3,1,126)
r(183,14,1,126)
r(235,6,1,126)
r(24,11,1,126)
r(171,3,1,126)
w(214,3,1,126)
w(333,2,1,126)
r(308,12,1,126)
r(18,1,1,126)
r(261,6,1,126)
r(86,10,1,126)
r(333,2,1,126)
r(299,12,1,126)
w(299,6,1,126)
r(278,13,1,126)
w(255,2,1,126)
w(220,11,1,126)
w(92,2,1,126)
r(281,7,1,126)
r(193,3,1,126)
r(174,14,1,126)
r(270,6,1,126)
r(14,3,1,126)
w(103,2,1,126)
w(239,6,1,126)
r(146,2,1,126)
r(285,12,1,126)
w(55,3,1,126)
w(34,6,1,126)
w(96,10,1,126)
r(67,14,1,126)
r(69,7,1,126)
w(321,3,1,126)
r(273,11,1,126)
w(290,2,1,126)
w(271,3,1,126)
w(106,2,1,126)
w(349,3,1,126)
r(268,1,1,126)
w(44,12,2,127)
r(3,3,2,127)
r(96,9,2,127)
w(166,6,2,127)
r(234,10,2,127)
r(112,7,2,127)
r(148,12,2,127)
w(180,10,2,127)
r(177,12,2,127)
r(108,6,2,127)
w(183,9,2,127)
w(208,10,2,127)
r(97,3,2,127)
r(194,7,2,127)
w(152,12,2,127)
r(19,8,2,127)
r(320,6,2,127)
w(50,2,2,127)
r(196,2,2,127)
w(181,6,2,127)
r(123,9,2,127)
w(121,14,2,127)
r(113,3,2,127)
w(51,11,2,127)
w(249,6,2,127)
w(151,10,2,127)
w(189,10,2,127)
w(229,12,2,127)
r(116,4,2,127)
r(80,14,2,127)
w(276,12,2,127)
w(233,12,2,127)
r(260,3,2,127)
w(283,6,2,127)
r(154,10,2,127)
r(258,10,2,127)
w(31,12,2,127)
r(215,12,2,127)
r(29,3,2,127)
r(251,7,2,127)
r(58,8,4,128)
w(8,7,4,128)
w(3,7,4,128)
r(360,12,4,128)
w(217,11,4,128)
w(112,7,4,128)
w(96,9,4,128)
r(333,6,4,128)
w(114,14,4,128)
r(26,3,4,128)
r(246,7,4,128)
w(80,14,4,128)
w(44,4,4,128)
w(30,9,4,128)
w(261,7,4,128)
r(105,7,4,128)
r(100,6,4,128)
r(291,3,4,128)
r(44,4,4,128)
r(183,14,4,128)
r(34,5,4,128)
w(354,14,4,128)
r(97,3,4,128)
w(298,7,4,128)
r(343,10,4,128)
r(27,12,4,128)
r(17,11,4,128)
r(262,7,4,128)
r(270,6,4,128)
r(347,4,4,128)
w(185,11,4,128)
w(259,4,4,128)
r(335,10,4,128)
w(354,9,4,128)
w(37,14,4,128)
r(34,5,4,128)
w(179,14,4,128)
r(4,12,4,128)
r(283,14,4,128)
w(321,14,4,128)
w(120,8,6,129)
r(61,12,6,129)
w(113,9,6,129)
w(337,5,6,129)
r(120,8,6,129)
r(340,14,6,129)
r(189,8,6,129)
w(127,15,6,129)
r(230,9,6,129)
w(183,19,6,129)
r(322,11,6,129)
r(65,2,6,129)
r(302,7,6,129)
r(4,12,6,129)
r(44,8,6,129)
w(300,14,6,129)
r(315,12,6,129)
w(71,4,6,129)
w(27,2,1,130)
r(100,6,1,130)
w(301,10,1,130)
w(179,6,1,130)
r(186,3,1,130)
w(291,6,1,130)
w(103,3,1,130)
r(296,8,1,130)
r(225,10,1,130)
w(283,2,1,130)
r(323,10,1,130)
r(77,10,1,130)
r(247,11,1,130)
r(135,2,1,130)
w(16,3,1,130)
w(359,6,1,130)
r(136,12,1,130)
w(203,6,1,130)
r(283,2,1,130)
r(296,8,1,130)
r(198,2,1,130)
r(214,10,1,130)
r(218,4,1,130)
r(98,13,1,130)
w(171,6,1,130)
r(174,10,1,130)
w(152,3,1,130)
r(12,2,1,130)
r(246,7,1,130)
r(167,10,1,130)
w(228,6,1,130)
w(15,2,1,130)
r(239,5,1,130)
w(52,3,1,130)
r(15,2,1,130)
r(252,11,1,130)
r(337,10,1,130)
r(110,10,1,130)
r(94,6,1,130)
r(205,10,1,130)
r(199,12,6,131)
r(348,10,6,131)
w(259,13,6,131)
w(67,14,6,131)
w(322,14,6,131)
r(157,10,6,131)
w(274,5,6,131)
r(325,7,6,131)
w(109,13,6,131)
w(265,14,6,131)
r(220,4,6,131)
r(142,10,6,131)
r(30,13,6,131)
w(64,16,6,131)
w(248,5,6,131)
w(166,8,6,131)
r(337,6,6,131)
w(167,10,6,131)
r(58,8,6,131)
w(127,8,6,131)
r(231,11,6,131)
w(66,15,6,131)
w(259,19,6,131)
w(81,5,6,131)
r(214,11,6,131)
r(358,3,6,131)
r(279,7,6,131)
w(256,4,6,131)
r(352,2,6,131)
w(152,8,6,131)
r(124,6,6,131)
r(68,14,6,131)
w(192,19,6,131)
w(205,7,6,131)
r(74,11,6,131)
w(312,13,6,131)
r(298,10,6,131)
w(132,8,6,131)
r(127,8,6,131)
r(260,2,6,131)
r(360,6,6,132)
w(297,11,6,132)
r(40,3,6,132)
w(81,15,6,132)
r(197,2,6,132)
w(327,14,6,132)
w(142,9,6,132)
r(186,3,6,132)
r(266,1,6,132)
w(138,14,6,132)
w(327,9,6,132)
w(147,4,6,132)
w(8,15,6,132)
r(80,3,6,132)
r(182,7,6,132)
r(121,6,6,132)
r(13,12,6,132)
r(211,2,6,132)
r(141,14,6,132)
r(213,4,6,132)
r(267,12,6,132)
w(253,7,6,132)
r(61,12,6,132)
w(178,4,6,132)
w(286,10,6,132)
w(346,7,6,132)
r(337,10,6,132)
r(328,6,6,132)
w(130,19,6,132)
r(118,11,6,132)
w(90,5,6,132)
w(199,4,6,132)
w(22,9,6,132)
w(162,5,6,132)
w(347,8,6,132)
r(165,1,6,132)
w(75,9,6,132)
w(278,13,6,132)
w(19,8,6,132)
w(122,14,6,132)
