r(11,0,0,0)
w(1,1,0,1)
r(12,0,0,2)
r(4,0,0,3)
w(13,1,0,4)
r(0,0,0,5)
r(4,0,0,6)
w(4,1,0,7)
w(5,1,0,8)
r(8,3,0,9)
w(4,2,0,10)
w(7,1,0,11)
r(11,3,0,12)
r(2,0,0,13)
r(9,2,0,14)
r(14,2,0,15)
w(5,2,0,16)
r(12,2,0,17)
r(2,4,0,18)
r(4,2,0,19)
w(4,3,0,20)
w(14,1,0,21)
w(2,1,0,22)
r(4,0,1,23)
r(3,0,1,24)
w(12,1,1,25)
r(4,0,1,26)
w(0,1,1,27)
w(7,2,1,28)
r(4,1,1,29)
w(6,1,1,30)
w(12,2,1,31)
w(9,2,1,32)
r(2,0,1,33)
r(12,2,1,34)
w(8,1,1,35)
r(2,4,1,36)
r(10,3,1,37)
r(9,2,1,38)
w(8,2,1,39)
w(11,1,1,40)
w(10,1,1,41)
r(10,1,1,42)
r(5,3,1,43)
w(1,2,1,44)
w(4,4,1,45)
w(14,2,2,46)
r(7,0,2,47)
r(0,0,2,48)
w(3,1,2,49)
r(6,0,2,50)
w(3,2,2,51)
r(11,0,2,52)
r(0,1,2,53)
w(3,3,2,54)
r(9,3,2,55)
w(11,2,2,56)
w(11,3,2,57)
r(3,4,2,58)
w(1,3,2,59)
r(7,1,2,60)
w(2,3,2,61)
r(5,1,2,62)
w(1,4,2,63)
r(3,4,2,64)
r(0,1,2,65)
r(5,2,2,66)
r(10,3,2,67)
w(11,4,2,68)
w(4,5,2,69)
w(0,3,2,70)
r(4,0,3,71)
r(4,0,3,72)
r(2,0,3,73)
w(7,3,3,74)
r(3,0,3,75)
w(9,3,3,76)
w(8,3,3,77)
w(12,3,3,78)
w(3,4,3,79)
w(10,2,3,80)
w(6,2,3,81)
w(13,2,3,82)
w(2,4,3,83)
w(10,3,3,84)
w(2,5,3,85)
r(9,2,3,86)
w(0,4,3,87)
w(7,4,3,88)
w(5,3,3,89)
r(11,1,3,90)
r(2,1,3,91)
r(13,2,3,92)
w(9,4,3,93)
