r(4,0,0,0)
w(0,1,0,1)
r(12,0,0,2)
r(0,1,0,3)
r(8,0,0,4)
w(0,2,0,5)
r(1,0,0,6)
w(12,1,0,7)
w(5,1,0,8)
w(3,1,0,9)
w(6,1,0,10)
w(7,1,0,11)
r(8,2,0,12)
r(0,5,0,13)
w(0,3,0,14)
r(0,3,0,15)
w(13,1,0,16)
r(5,3,0,17)
r(3,1,0,18)
w(14,1,0,19)
w(9,1,0,20)
w(4,1,0,21)
w(1,1,0,22)
r(2,2,0,23)
r(5,0,1,24)
w(10,2,1,25)
w(7,2,1,26)
r(8,2,1,27)
w(13,2,1,28)
w(4,2,1,29)
w(11,1,1,30)
w(10,3,1,31)
r(1,3,1,32)
r(4,2,1,33)
w(0,4,1,34)
r(8,2,1,35)
w(1,2,1,36)
w(2,1,1,37)
w(2,2,1,38)
r(0,3,1,39)
r(1,2,1,40)
r(6,5,1,41)
r(13,1,1,42)
r(2,2,1,43)
w(11,2,1,44)
w(11,3,1,45)
w(8,1,1,46)
w(5,2,1,47)
r(13,0,2,48)
r(4,0,2,49)
w(8,2,2,50)
r(11,0,2,51)
w(14,2,2,52)
r(6,6,2,53)
r(6,6,2,54)
r(7,2,2,55)
w(6,3,2,56)
r(2,0,2,57)
w(9,2,2,58)
w(5,3,2,59)
w(6,4,2,60)
w(6,5,2,61)
r(11,1,2,62)
r(10,3,2,63)
r(2,0,2,64)
w(9,3,2,65)
r(8,3,2,66)
w(3,2,2,67)
r(6,5,2,68)
r(12,2,2,69)
w(9,5,2,70)
r(2,2,2,71)
w(6,6,3,72)
r(3,0,3,73)
r(1,0,3,74)
w(10,4,3,75)
r(13,0,3,76)
r(6,6,3,77)
w(0,5,3,78)
w(1,3,3,79)
w(5,4,3,80)
r(2,0,3,81)
r(7,2,3,82)
r(11,1,3,83)
w(9,6,3,84)
r(11,1,3,85)
w(8,3,3,86)
r(2,0,3,87)
w(11,4,3,88)
w(10,5,3,89)
w(12,2,3,90)
r(5,3,3,91)
w(8,4,3,92)
r(13,1,3,93)
w(12,3,3,94)
r(10,5,3,95)
w(13,3,3,96)
