r(11,0,0,0)
w(10,1,0,1)
r(5,0,0,2)
w(13,1,0,3)
w(4,1,0,4)
w(10,2,0,5)
r(2,0,0,6)
w(0,1,0,7)
r(5,2,0,8)
w(4,2,0,9)
r(10,2,0,10)
r(6,1,0,11)
r(5,1,0,12)
r(14,3,0,13)
r(8,1,0,14)
r(5,1,0,15)
r(1,4,0,16)
w(1,2,0,17)
r(5,1,0,18)
r(9,3,0,19)
r(2,3,0,20)
w(2,2,0,21)
r(9,0,1,22)
r(0,0,1,23)
r(12,0,1,24)
r(10,1,1,25)
w(12,1,1,26)
w(14,1,1,27)
w(6,1,1,28)
w(1,3,1,29)
r(3,0,1,30)
w(14,2,1,31)
r(14,2,1,32)
r(6,1,1,33)
w(13,3,1,34)
r(4,3,1,35)
r(14,3,1,36)
r(0,1,1,37)
r(11,0,1,38)
r(8,1,1,39)
r(10,2,1,40)
r(3,2,1,41)
w(3,1,1,42)
r(7,5,1,43)
w(6,2,1,44)
r(11,1,1,45)
r(12,0,2,46)
w(8,1,2,47)
w(0,3,2,48)
r(6,0,2,49)
w(9,1,2,50)
r(13,1,2,51)
r(11,0,2,52)
r(5,2,2,53)
w(9,2,2,54)
w(3,2,2,55)
w(7,1,2,56)
w(4,3,2,57)
r(0,1,2,58)
w(5,1,2,59)
r(0,1,2,60)
r(8,1,2,61)
r(11,0,2,62)
w(1,4,2,63)
w(7,2,2,64)
r(8,1,2,65)
r(14,3,2,66)
w(9,3,2,67)
w(8,2,2,68)
w(8,3,2,69)
r(14,0,3,70)
w(0,4,3,71)
w(7,3,3,72)
r(7,3,3,73)
r(12,0,3,74)
w(7,4,3,75)
r(10,1,3,76)
r(5,0,3,77)
w(5,2,3,78)
r(13,1,3,79)
r(2,0,3,80)
w(1,6,3,81)
r(13,1,3,82)
r(3,2,3,83)
w(14,3,3,84)
w(12,3,3,85)
r(0,1,3,86)
w(2,3,3,87)
r(3,2,3,88)
w(7,5,3,89)
r(0,1,3,90)
r(10,2,3,91)
w(11,1,3,92)
r(8,1,3,93)
