r(4,0,0,0)
w(9,1,0,1)
r(5,3,0,2)
r(6,1,0,3)
w(14,1,0,4)
r(4,2,0,5)
r(10,0,0,6)
w(7,1,0,7)
w(10,1,0,8)
r(1,0,0,9)
r(5,3,0,10)
w(8,1,0,11)
r(0,3,0,12)
w(10,2,0,13)
r(4,2,0,14)
r(7,1,0,15)
w(11,1,0,16)
r(10,2,0,17)
w(13,1,0,18)
r(10,2,0,19)
r(8,2,0,20)
w(2,1,0,21)
w(4,1,0,22)
r(10,0,1,23)
w(6,1,1,24)
w(12,2,1,25)
r(7,0,1,26)
r(7,0,1,27)
r(11,0,1,28)
r(9,3,1,29)
w(4,2,1,30)
r(9,3,1,31)
r(4,2,1,32)
w(10,3,1,33)
w(2,2,1,34)
w(5,1,1,35)
r(1,0,1,36)
w(11,2,1,37)
r(13,0,1,38)
r(14,3,1,39)
w(14,2,1,40)
r(8,3,1,41)
w(0,1,1,42)
w(0,2,1,43)
r(8,2,1,44)
r(6,1,1,45)
r(0,2,1,46)
r(6,1,1,47)
r(4,0,2,48)
w(12,3,2,49)
r(7,0,2,50)
r(2,0,2,51)
r(12,2,2,52)
w(9,3,2,53)
w(2,3,2,54)
w(11,3,2,55)
r(10,1,2,56)
w(12,4,2,57)
r(12,4,2,58)
r(12,4,2,59)
w(9,4,2,60)
w(7,2,2,61)
w(8,2,2,62)
r(9,4,2,63)
r(4,2,2,64)
w(9,5,2,65)
r(8,2,2,66)
w(1,1,2,67)
r(9,5,2,68)
r(2,1,2,69)
r(9,5,2,70)
w(5,2,2,71)
w(1,2,2,72)
w(5,3,3,73)
w(9,6,3,74)
w(12,5,3,75)
r(6,1,3,76)
w(0,3,3,77)
r(11,0,3,78)
r(14,1,3,79)
r(0,3,3,80)
r(8,0,3,81)
w(8,3,3,82)
w(14,3,3,83)
r(6,1,3,84)
w(8,4,3,85)
w(13,2,3,86)
w(10,4,3,87)
r(14,2,3,88)
r(14,2,3,89)
w(8,5,3,90)
w(4,3,3,91)
r(7,2,3,92)
r(9,5,3,93)
r(3,0,3,94)
w(13,3,3,95)
r(8,5,3,96)
