r(10,0,0,0)
r(13,0,0,1)
r(6,0,0,2)
r(6,0,0,3)
w(3,1,0,4)
r(3,1,0,5)
w(7,1,0,6)
r(3,1,0,7)
w(2,1,0,8)
r(6,0,0,9)
r(7,1,0,10)
w(2,2,0,11)
r(7,1,0,12)
r(9,1,0,13)
w(13,1,0,14)
r(13,1,0,15)
w(1,1,0,16)
r(9,3,0,17)
r(0,5,0,18)
r(4,0,0,19)
w(6,1,0,20)
w(2,3,0,21)
r(10,1,0,22)
r(12,2,0,23)
r(10,0,1,24)
w(8,1,1,25)
w(7,2,1,26)
r(4,0,1,27)
w(1,2,1,28)
r(12,0,1,29)
r(13,0,1,30)
r(9,2,1,31)
r(1,2,1,32)
r(0,3,1,33)
w(3,2,1,34)
w(9,1,1,35)
w(0,1,1,36)
r(9,3,1,37)
r(4,0,1,38)
w(10,1,1,39)
r(8,2,1,40)
w(2,4,1,41)
r(7,1,1,42)
r(2,4,1,43)
r(11,3,1,44)
r(8,2,1,45)
r(4,1,1,46)
w(11,1,1,47)
w(0,2,1,48)
r(10,0,2,49)
r(11,0,2,50)
r(6,0,2,51)
r(13,0,2,52)
w(0,3,2,53)
w(9,2,2,54)
r(14,0,2,55)
w(5,1,2,56)
w(14,1,2,57)
w(0,4,2,58)
w(8,2,2,59)
w(9,3,2,60)
w(6,2,2,61)
r(3,2,2,62)
w(13,2,2,63)
w(4,1,2,64)
w(14,2,2,65)
r(8,2,2,66)
w(12,1,2,67)
r(12,1,2,68)
w(10,2,2,69)
w(13,3,2,70)
r(5,1,2,71)
r(12,1,2,72)
r(13,0,3,73)
r(4,0,3,74)
w(1,3,3,75)
r(3,0,3,76)
w(2,5,3,77)
r(10,0,3,78)
w(11,2,3,79)
r(1,2,3,80)
w(9,4,3,81)
r(3,1,3,82)
r(5,1,3,83)
r(13,0,3,84)
w(11,3,3,85)
w(10,3,3,86)
r(7,1,3,87)
r(7,1,3,88)
r(10,3,3,89)
w(0,5,3,90)
r(3,2,3,91)
r(0,5,3,92)
r(0,5,3,93)
r(2,2,3,94)
w(12,2,3,95)
r(3,2,3,96)
w(9,5,3,97)
