r(2,0,0,0)
r(10,0,0,1)
r(12,0,0,2)
w(9,1,0,3)
w(9,2,0,4)
w(13,1,0,5)
r(3,0,0,6)
r(7,0,0,7)
r(10,0,0,8)
w(6,1,0,9)
r(7,0,0,10)
w(8,1,0,11)
r(11,2,0,12)
w(14,1,0,13)
w(1,1,0,14)
w(3,1,0,15)
r(13,4,0,16)
w(8,2,0,17)
r(3,1,0,18)
w(13,2,0,19)
r(13,2,0,20)
w(9,3,0,21)
w(6,2,0,22)
r(10,3,0,23)
w(11,1,1,24)
w(5,1,1,25)
w(6,3,1,26)
r(3,0,1,27)
w(3,2,1,28)
w(9,4,1,29)
w(14,3,1,30)
r(1,5,1,31)
w(14,4,1,32)
r(5,1,1,33)
w(3,3,1,34)
w(7,1,1,35)
r(6,1,1,36)
w(14,5,1,37)
w(10,1,1,38)
w(7,2,1,39)
r(7,2,1,40)
w(1,2,1,41)
r(13,6,1,42)
w(4,1,1,43)
r(0,1,1,44)
r(12,0,1,45)
w(13,3,1,46)
w(9,5,1,47)
r(12,0,1,48)
w(2,1,2,49)
w(14,6,2,50)
r(2,1,2,51)
r(2,1,2,52)
r(11,1,2,53)
r(3,0,2,54)
w(11,2,2,55)
w(3,4,2,56)
w(9,6,2,57)
w(0,1,2,58)
r(11,2,2,59)
r(9,6,2,60)
r(1,5,2,61)
w(1,3,2,62)
r(7,0,2,63)
r(12,0,2,64)
r(11,2,2,65)
r(7,1,2,66)
r(5,1,2,67)
w(10,2,2,68)
w(14,7,2,69)
r(6,1,2,70)
r(13,0,3,71)
w(9,8,3,72)
r(10,0,3,73)
r(6,0,3,74)
w(8,3,3,75)
w(8,4,3,76)
r(8,4,3,77)
w(9,9,3,78)
w(13,4,3,79)
r(10,0,3,80)
w(1,5,3,81)
r(5,1,3,82)
r(1,5,3,83)
w(9,10,3,84)
r(3,3,3,85)
r(6,1,3,86)
w(13,5,3,87)
w(2,3,3,88)
w(4,2,3,89)
w(13,6,3,90)
w(10,3,3,91)
w(1,6,3,92)
r(2,3,3,93)
