w(7,1,0,0)
r(14,0,0,1)
w(10,1,0,2)
r(0,0,0,3)
r(7,1,0,4)
w(11,1,0,5)
r(8,0,0,6)
w(8,1,0,7)
w(0,1,0,8)
r(4,0,0,9)
r(12,1,0,10)
r(2,1,0,11)
w(13,1,0,12)
w(14,1,0,13)
r(9,0,0,14)
r(7,1,0,15)
w(0,2,0,16)
r(8,1,0,17)
w(0,3,0,18)
w(3,1,0,19)
w(8,2,0,20)
w(8,3,0,21)
r(7,2,0,22)
r(14,3,0,23)
r(3,1,0,24)
w(10,2,1,25)
r(13,0,1,26)
w(12,1,1,27)
w(5,1,1,28)
r(4,0,1,29)
w(2,1,1,30)
w(10,3,1,31)
w(13,2,1,32)
r(0,1,1,33)
r(6,0,1,34)
w(1,1,1,35)
r(0,1,1,36)
r(2,1,1,37)
w(9,1,1,38)
r(3,4,1,39)
r(5,1,1,40)
r(1,1,1,41)
w(7,2,1,42)
w(5,2,1,43)
w(2,2,1,44)
r(5,2,1,45)
w(11,2,1,46)
r(4,2,1,47)
w(11,3,1,48)
w(10,4,1,49)
r(0,0,2,50)
r(3,0,2,51)
w(3,2,2,52)
r(0,0,2,53)
r(1,0,2,54)
r(5,0,2,55)
r(14,2,2,56)
r(6,0,2,57)
r(4,0,2,58)
r(11,1,2,59)
w(4,1,2,60)
r(1,0,2,61)
r(3,2,2,62)
r(8,1,2,63)
w(13,3,2,64)
r(4,1,2,65)
w(4,2,2,66)
r(13,3,2,67)
r(13,3,2,68)
r(1,1,2,69)
r(0,1,2,70)
r(3,4,2,71)
w(13,4,2,72)
w(0,4,2,73)
w(3,3,3,74)
w(14,2,3,75)
r(6,0,3,76)
r(1,0,3,77)
r(5,1,3,78)
w(13,5,3,79)
r(2,1,3,80)
w(3,4,3,81)
w(11,5,3,82)
r(3,4,3,83)
w(12,2,3,84)
w(14,3,3,85)
w(1,2,3,86)
r(13,3,3,87)
r(1,2,3,88)
w(9,2,3,89)
w(1,3,3,90)
r(9,2,3,91)
w(14,4,3,92)
r(13,4,3,93)
w(8,4,3,94)
r(7,2,3,95)
w(4,3,3,96)
w(1,4,3,97)
