w(1,1,0,0)
w(2,1,0,0)
w(3,1,0,0)
w(4,1,0,0)
w(5,1,0,0)
w(6,1,0,0)
w(7,1,0,0)
w(8,1,0,0)
w(9,1,0,0)
w(10,1,0,0)
w(11,1,0,0)
w(12,1,0,0)
w(13,1,0,0)
w(14,1,0,0)
w(15,1,0,0)
w(16,1,0,0)
w(17,1,0,0)
w(18,1,0,0)
w(19,1,0,0)
w(20,1,0,0)
w(21,1,0,0)
w(22,1,0,0)
w(23,1,0,0)
w(24,1,0,0)
w(25,1,0,0)
w(26,1,0,0)
w(27,1,0,0)
w(28,1,0,0)
w(29,1,0,0)
w(30,1,0,0)
w(31,1,0,0)
w(32,1,0,0)
w(33,1,0,0)
w(34,1,0,0)
w(35,1,0,0)
w(36,1,0,0)
w(37,1,0,0)
w(38,1,0,0)
w(39,1,0,0)
w(40,1,0,0)
w(41,1,0,0)
w(42,1,0,0)
w(43,1,0,0)
w(44,1,0,0)
w(45,1,0,0)
w(46,1,0,0)
w(47,1,0,0)
w(48,1,0,0)
w(49,1,0,0)
w(50,1,0,0)
w(51,1,0,0)
w(52,1,0,0)
w(53,1,0,0)
w(54,1,0,0)
w(55,1,0,0)
w(56,1,0,0)
w(57,1,0,0)
w(58,1,0,0)
w(59,1,0,0)
w(60,1,0,0)
w(61,1,0,0)
w(62,1,0,0)
w(63,1,0,0)
w(64,1,0,0)
w(65,1,0,0)
w(66,1,0,0)
w(67,1,0,0)
w(68,1,0,0)
w(69,1,0,0)
w(70,1,0,0)
w(71,1,0,0)
w(72,1,0,0)
w(73,1,0,0)
w(74,1,0,0)
w(75,1,0,0)
w(76,1,0,0)
w(77,1,0,0)
w(78,1,0,0)
w(79,1,0,0)
w(80,1,0,0)
w(81,1,0,0)
w(82,1,0,0)
w(83,1,0,0)
w(84,1,0,0)
w(85,1,0,0)
w(86,1,0,0)
w(87,1,0,0)
w(88,1,0,0)
w(89,1,0,0)
w(90,1,0,0)
w(91,1,0,0)
w(92,1,0,0)
w(93,1,0,0)
w(94,1,0,0)
w(95,1,0,0)
w(96,1,0,0)
w(97,1,0,0)
w(98,1,0,0)
w(99,1,0,0)
w(100,1,0,0)
w(101,1,0,0)
w(102,1,0,0)
w(103,1,0,0)
w(104,1,0,0)
w(105,1,0,0)
w(106,1,0,0)
w(107,1,0,0)
w(108,1,0,0)
w(109,1,0,0)
w(110,1,0,0)
w(111,1,0,0)
w(112,1,0,0)
w(113,1,0,0)
w(114,1,0,0)
w(115,1,0,0)
w(116,1,0,0)
w(117,1,0,0)
w(118,1,0,0)
w(119,1,0,0)
w(120,1,0,0)
w(121,1,0,0)
w(122,1,0,0)
w(123,1,0,0)
w(124,1,0,0)
w(125,1,0,0)
w(126,1,0,0)
w(127,1,0,0)
w(128,1,0,0)
w(129,1,0,0)
w(130,1,0,0)
w(131,1,0,0)
w(132,1,0,0)
w(133,1,0,0)
w(134,1,0,0)
w(135,1,0,0)
w(136,1,0,0)
w(137,1,0,0)
w(138,1,0,0)
w(139,1,0,0)
w(140,1,0,0)
w(141,1,0,0)
w(142,1,0,0)
w(143,1,0,0)
w(144,1,0,0)
w(145,1,0,0)
w(146,1,0,0)
w(147,1,0,0)
w(148,1,0,0)
w(149,1,0,0)
w(150,1,0,0)
w(151,1,0,0)
w(152,1,0,0)
w(153,1,0,0)
w(154,1,0,0)
w(155,1,0,0)
w(156,1,0,0)
w(157,1,0,0)
w(158,1,0,0)
w(159,1,0,0)
w(160,1,0,0)
w(161,1,0,0)
w(162,1,0,0)
w(163,1,0,0)
w(164,1,0,0)
w(165,1,0,0)
w(166,1,0,0)
w(167,1,0,0)
w(168,1,0,0)
w(169,1,0,0)
w(170,1,0,0)
w(171,1,0,0)
w(172,1,0,0)
w(173,1,0,0)
w(174,1,0,0)
w(175,1,0,0)
w(176,1,0,0)
w(177,1,0,0)
w(178,1,0,0)
w(179,1,0,0)
w(180,1,0,0)
w(181,1,0,0)
w(182,1,0,0)
w(183,1,0,0)
w(184,1,0,0)
w(185,1,0,0)
w(186,1,0,0)
w(187,1,0,0)
w(188,1,0,0)
w(189,1,0,0)
w(190,1,0,0)
w(191,1,0,0)
w(192,1,0,0)
w(193,1,0,0)
w(194,1,0,0)
w(195,1,0,0)
w(196,1,0,0)
w(197,1,0,0)
w(198,1,0,0)
w(199,1,0,0)
w(200,1,0,0)
w(201,1,0,0)
w(202,1,0,0)
w(203,1,0,0)
w(204,1,0,0)
w(205,1,0,0)
w(206,1,0,0)
w(207,1,0,0)
w(208,1,0,0)
w(209,1,0,0)
w(210,1,0,0)
w(211,1,0,0)
w(212,1,0,0)
w(213,1,0,0)
w(214,1,0,0)
w(215,1,0,0)
w(216,1,0,0)
w(217,1,0,0)
w(218,1,0,0)
w(219,1,0,0)
w(220,1,0,0)
w(221,1,0,0)
w(222,1,0,0)
w(223,1,0,0)
w(224,1,0,0)
w(225,1,0,0)
w(226,1,0,0)
w(227,1,0,0)
w(228,1,0,0)
w(229,1,0,0)
w(230,1,0,0)
w(231,1,0,0)
w(232,1,0,0)
w(233,1,0,0)
w(234,1,0,0)
w(235,1,0,0)
w(236,1,0,0)
w(237,1,0,0)
w(238,1,0,0)
w(239,1,0,0)
w(240,1,0,0)
w(241,1,0,0)
w(242,1,0,0)
w(243,1,0,0)
w(244,1,0,0)
w(245,1,0,0)
w(246,1,0,0)
w(247,1,0,0)
w(248,1,0,0)
w(249,1,0,0)
w(250,1,0,0)
w(251,1,0,0)
w(252,1,0,0)
w(253,1,0,0)
w(254,1,0,0)
w(255,1,0,0)
w(256,1,0,0)
w(257,1,0,0)
w(258,1,0,0)
w(259,1,0,0)
w(260,1,0,0)
w(261,1,0,0)
w(262,1,0,0)
w(263,1,0,0)
w(264,1,0,0)
w(265,1,0,0)
w(266,1,0,0)
w(267,1,0,0)
w(268,1,0,0)
w(269,1,0,0)
w(270,1,0,0)
w(271,1,0,0)
w(272,1,0,0)
w(273,1,0,0)
w(274,1,0,0)
w(275,1,0,0)
w(276,1,0,0)
w(277,1,0,0)
w(278,1,0,0)
w(279,1,0,0)
w(280,1,0,0)
w(281,1,0,0)
w(282,1,0,0)
w(283,1,0,0)
w(284,1,0,0)
w(285,1,0,0)
w(286,1,0,0)
w(287,1,0,0)
w(288,1,0,0)
w(289,1,0,0)
w(290,1,0,0)
w(291,1,0,0)
w(292,1,0,0)
w(293,1,0,0)
w(294,1,0,0)
w(295,1,0,0)
w(296,1,0,0)
w(297,1,0,0)
w(298,1,0,0)
w(299,1,0,0)
w(300,1,0,0)
w(301,1,0,0)
w(302,1,0,0)
w(303,1,0,0)
w(304,1,0,0)
w(305,1,0,0)
w(306,1,0,0)
w(307,1,0,0)
w(308,1,0,0)
w(309,1,0,0)
w(310,1,0,0)
w(311,1,0,0)
w(312,1,0,0)
w(313,1,0,0)
w(314,1,0,0)
w(315,1,0,0)
w(316,1,0,0)
w(317,1,0,0)
w(318,1,0,0)
w(319,1,0,0)
w(320,1,0,0)
w(321,1,0,0)
w(322,1,0,0)
w(323,1,0,0)
w(324,1,0,0)
w(325,1,0,0)
w(326,1,0,0)
w(327,1,0,0)
w(328,1,0,0)
w(329,1,0,0)
w(330,1,0,0)
w(331,1,0,0)
w(332,1,0,0)
w(333,1,0,0)
w(334,1,0,0)
w(335,1,0,0)
w(336,1,0,0)
w(337,1,0,0)
w(338,1,0,0)
w(339,1,0,0)
w(340,1,0,0)
w(341,1,0,0)
w(342,1,0,0)
w(343,1,0,0)
w(344,1,0,0)
w(345,1,0,0)
w(346,1,0,0)
w(347,1,0,0)
w(348,1,0,0)
w(349,1,0,0)
w(350,1,0,0)
w(351,1,0,0)
w(352,1,0,0)
w(353,1,0,0)
w(354,1,0,0)
w(355,1,0,0)
w(356,1,0,0)
w(357,1,0,0)
w(358,1,0,0)
w(359,1,0,0)
w(360,1,0,0)
r(83,1,1,1)
r(85,1,1,1)
w(164,2,1,1)
r(229,1,1,1)
r(267,1,1,1)
w(347,2,1,1)
r(166,1,1,1)
w(96,2,1,1)
r(350,1,1,1)
r(73,1,1,1)
w(191,2,1,1)
r(85,1,1,1)
r(21,1,1,1)
w(293,2,1,1)
r(129,1,1,1)
w(45,2,1,1)
r(139,1,1,1)
r(260,1,1,1)
w(101,2,1,1)
r(311,1,1,1)
r(248,1,1,1)
r(162,1,1,1)
w(263,2,1,1)
r(226,1,1,1)
w(334,2,1,1)
w(345,2,1,1)
w(90,2,2,2)
w(2,8,2,2)
w(62,8,2,2)
r(106,1,2,2)
w(190,8,2,2)
w(51,3,2,2)
w(77,8,2,2)
w(71,8,2,2)
r(137,1,2,2)
w(106,2,2,2)
w(102,8,2,2)
w(265,4,2,2)
r(169,1,2,2)
w(110,4,2,2)
w(58,9,3,3)
r(40,1,3,3)
r(244,1,3,3)
w(189,3,3,3)
w(279,9,3,3)
w(105,9,3,3)
r(308,1,3,3)
r(218,1,3,3)
r(73,1,3,3)
r(306,1,3,3)
r(7,1,3,3)
w(325,8,3,3)
w(1,3,3,3)
r(289,1,3,3)
r(233,1,3,3)
w(154,2,3,3)
w(25,10,3,3)
r(143,1,3,3)
w(330,3,3,3)
r(287,1,3,3)
w(350,8,3,3)
r(134,1,3,3)
w(273,9,3,3)
w(300,3,3,3)
w(348,3,3,3)
r(246,1,3,3)
r(1,3,3,3)
r(318,1,3,3)
w(354,4,3,3)
w(101,12,3,3)
r(81,1,3,3)
r(298,1,3,3)
r(246,1,3,3)
r(44,1,3,3)
w(111,8,3,3)
r(320,1,3,3)
w(146,4,3,3)
w(254,8,3,3)
w(173,3,3,3)
r(118,1,3,3)
r(107,1,4,4)
w(128,10,4,4)
r(247,1,4,4)
r(14,1,4,4)
w(121,4,4,4)
w(51,6,4,4)
w(247,10,4,4)
r(282,1,4,4)
w(319,9,4,4)
w(256,9,4,4)
w(297,12,4,4)
r(312,1,4,4)
r(2,1,4,4)
w(329,3,4,4)
w(118,3,4,4)
r(77,1,4,4)
w(192,8,4,4)
r(94,1,4,4)
r(237,1,4,4)
w(208,10,4,4)
w(291,9,4,4)
w(214,9,4,4)
w(90,6,4,4)
w(124,12,4,4)
w(253,12,4,4)
r(135,1,4,4)
w(72,9,4,4)
w(63,10,4,4)
w(38,3,4,4)
r(95,1,4,4)
r(295,1,4,4)
r(64,1,4,4)
r(29,1,4,4)
w(280,9,5,5)
w(120,7,5,5)
r(301,1,5,5)
r(318,1,5,5)
r(119,1,5,5)
w(19,8,5,5)
r(327,1,5,5)
r(133,1,5,5)
r(36,1,5,5)
r(122,1,5,5)
w(63,7,5,5)
r(165,2,5,5)
w(288,10,5,5)
r(356,1,5,5)
r(23,1,5,5)
r(232,1,5,5)
r(114,1,5,5)
w(325,12,5,5)
w(29,6,5,5)
r(5,2,5,5)
w(122,5,5,5)
r(252,5,5,5)
w(319,7,5,5)
r(267,1,5,5)
w(251,13,5,5)
w(68,6,5,5)
w(123,7,5,5)
r(38,1,5,5)
w(97,14,5,5)
r(81,2,5,5)
w(207,5,5,5)
w(93,12,5,5)
w(273,14,5,5)
r(291,1,5,5)
r(159,1,5,5)
w(296,3,5,5)
r(208,1,5,5)
r(153,1,5,5)
w(52,11,5,5)
w(316,13,5,5)
w(68,14,6,6)
r(250,1,6,6)
r(71,1,6,6)
w(239,7,6,6)
r(178,1,6,6)
r(28,1,6,6)
w(273,5,6,6)
w(97,15,6,6)
r(302,1,6,6)
r(315,1,6,6)
r(318,1,6,6)
r(235,1,6,6)
w(185,3,6,6)
r(209,1,1,7)
w(54,2,1,7)
r(71,1,1,7)
r(98,1,1,7)
w(155,2,1,7)
w(314,2,1,7)
w(227,2,1,7)
r(95,1,1,7)
r(330,3,1,7)
r(169,1,1,7)
r(312,1,1,7)
w(20,2,1,7)
w(74,2,1,7)
r(108,1,1,7)
r(220,1,1,7)
r(179,1,1,7)
r(93,1,1,7)
r(236,1,1,7)
w(251,2,1,7)
w(331,2,1,7)
w(165,2,1,7)
w(290,2,1,7)
r(287,1,1,7)
r(142,1,1,7)
r(219,1,1,7)
w(321,2,1,7)
w(5,2,1,7)
w(81,2,1,7)
r(80,1,1,7)
w(224,2,1,7)
r(213,1,1,7)
w(252,2,1,7)
w(277,2,1,7)
w(321,4,1,7)
r(313,1,1,7)
w(166,2,1,7)
w(338,2,1,7)
w(342,2,1,7)
w(87,2,1,7)
r(76,1,1,7)
w(96,9,2,8)
r(303,1,2,8)
w(151,3,2,8)
w(34,2,2,8)
r(62,1,2,8)
w(314,3,2,8)
r(92,1,2,8)
r(134,12,2,8)
w(147,8,2,8)
r(230,1,2,8)
r(57,1,2,8)
w(357,8,2,8)
r(48,1,2,8)
w(15,3,2,8)
w(86,4,2,8)
r(66,1,2,8)
r(148,1,2,8)
r(149,1,2,8)
r(162,1,2,8)
w(151,9,2,8)
w(44,3,2,8)
r(48,1,2,8)
r(6,1,2,8)
w(28,2,2,8)
r(76,1,2,8)
r(173,3,2,8)
w(312,4,2,8)
w(359,4,2,8)
r(220,1,2,8)
r(20,2,2,8)
r(151,9,2,8)
r(81,2,2,8)
w(31,4,2,8)
w(100,8,2,8)
w(45,10,2,8)
w(129,4,2,8)
w(14,8,2,8)
r(151,1,3,9)
w(34,8,3,9)
r(232,1,3,9)
r(206,1,3,9)
w(339,8,3,9)
r(214,1,3,9)
w(267,3,3,9)
w(167,12,3,9)
w(204,3,3,9)
r(293,1,3,9)
w(9,3,3,9)
r(322,1,3,9)
w(227,9,3,9)
r(344,1,3,9)
w(39,3,3,9)
r(327,1,3,9)
r(287,1,3,9)
r(232,1,3,9)
r(230,1,3,9)
w(136,4,3,9)
r(4,1,3,9)
r(296,1,3,9)
w(22,10,3,9)
r(197,1,3,9)
w(125,4,3,9)
w(196,4,3,9)
w(330,9,3,9)
r(224,2,3,9)
r(4,1,3,9)
w(200,3,4,10)
w(31,12,4,10)
r(97,1,4,10)
w(134,12,4,10)
w(144,12,4,10)
r(143,1,4,10)
r(45,1,4,10)
r(45,1,4,10)
r(70,1,4,10)
r(312,1,4,10)
r(303,1,4,10)
w(32,12,4,10)
w(87,9,4,10)
w(87,12,4,10)
r(71,1,4,10)
w(308,14,4,10)
r(307,1,4,10)
r(235,1,4,10)
w(151,5,4,10)
w(284,12,4,10)
w(315,3,4,10)
r(87,12,4,10)
r(105,9,4,10)
r(14,1,4,10)
w(80,12,4,10)
w(290,12,4,10)
w(246,9,4,10)
w(319,12,4,10)
r(105,9,4,10)
w(252,5,4,10)
r(187,1,4,10)
w(103,3,4,10)
r(334,1,4,10)
w(96,6,4,10)
r(229,1,4,10)
r(324,1,4,10)
w(187,12,4,10)
r(230,1,4,10)
w(189,12,4,10)
r(165,2,4,10)
w(293,11,5,11)
r(296,3,5,11)
w(249,10,5,11)
w(78,14,5,11)
r(226,1,6,12)
w(312,13,6,12)
r(48,1,6,12)
r(76,1,6,12)
r(214,1,6,12)
w(111,13,6,12)
r(79,1,6,12)
w(249,5,6,12)
w(276,12,6,12)
w(42,5,6,12)
r(156,1,6,12)
w(234,14,6,12)
w(326,6,6,12)
w(144,7,6,12)
r(200,1,6,12)
w(115,11,6,12)
r(18,1,6,12)
w(249,11,6,12)
r(34,5,1,13)
w(156,2,1,13)
r(349,1,1,13)
w(56,2,1,13)
w(288,2,1,13)
r(118,1,1,13)
r(311,1,1,13)
r(288,2,1,13)
r(339,1,1,13)
r(62,1,1,13)
r(199,1,1,13)
w(181,2,1,13)
r(29,6,1,13)
r(53,1,1,13)
w(252,4,1,13)
r(261,1,1,13)
r(29,6,1,13)
w(64,2,1,13)
w(286,2,1,13)
r(319,7,1,13)
r(275,1,1,13)
w(30,2,1,13)
w(10,2,1,13)
w(113,2,1,13)
r(247,1,1,13)
r(146,4,1,13)
r(161,1,1,13)
r(10,2,1,13)
w(35,4,1,13)
w(314,4,1,13)
r(129,1,1,13)
r(136,1,1,13)
r(126,1,1,13)
w(252,8,1,13)
w(308,2,1,13)
r(130,1,1,13)
r(151,5,1,13)
r(255,1,1,13)
w(70,2,1,13)
w(282,2,1,13)
r(282,2,2,14)
w(313,4,2,14)
r(205,1,2,14)
r(315,3,2,14)
r(91,1,2,14)
w(4,8,2,14)
w(278,2,2,14)
r(167,1,2,14)
w(333,4,2,14)
w(203,8,2,14)
w(251,3,2,14)
r(169,1,2,14)
w(117,2,2,14)
r(136,1,2,14)
r(84,1,2,14)
r(294,3,2,14)
r(156,2,2,14)
w(15,9,2,14)
r(58,9,2,14)
r(261,9,2,14)
w(340,9,3,15)
w(308,10,3,15)
w(78,9,3,15)
w(261,9,3,15)
r(198,1,3,15)
w(103,4,3,15)
r(67,1,3,15)
r(198,1,3,15)
r(215,1,3,15)
r(61,1,3,15)
r(226,1,3,15)
w(147,9,3,15)
r(241,17,3,15)
r(147,9,3,15)
r(231,1,3,15)
w(215,8,3,15)
r(51,1,3,15)
r(197,1,3,15)
w(268,9,3,15)
r(307,1,3,15)
w(312,3,3,15)
w(294,3,3,15)
w(40,8,3,15)
w(138,8,3,15)
w(349,10,3,15)
w(50,12,3,15)
r(303,1,3,15)
r(280,9,3,15)
r(49,6,3,15)
r(25,10,3,15)
w(77,9,3,15)
w(165,9,3,15)
r(93,12,3,15)
r(108,1,3,15)
r(119,1,3,15)
r(49,6,3,15)
w(184,4,3,15)
r(319,7,3,15)
w(89,4,3,15)
r(103,4,3,15)
r(351,1,4,16)
w(229,3,4,16)
w(51,14,4,16)
w(236,9,4,16)
r(173,3,4,16)
w(140,10,4,16)
w(101,14,4,16)
w(167,10,4,16)
r(102,1,4,16)
w(271,14,4,16)
w(52,7,4,16)
w(22,13,4,16)
w(261,10,4,16)
r(14,1,4,16)
r(83,1,4,16)
w(81,9,4,16)
r(66,1,4,16)
r(221,9,4,16)
r(169,1,4,16)
r(316,13,4,16)
w(72,12,4,16)
w(285,4,4,16)
r(120,7,4,16)
r(23,1,4,16)
w(176,7,4,16)
w(353,12,4,16)
w(306,12,4,16)
r(204,1,4,16)
w(52,13,4,16)
r(103,3,4,16)
r(70,1,4,16)
w(158,10,4,16)
w(325,10,5,17)
r(350,8,5,17)
w(73,14,5,17)
r(235,1,5,17)
r(120,7,5,17)
w(359,7,5,17)
r(166,2,5,17)
r(168,1,5,17)
r(60,1,5,17)
w(177,12,5,17)
r(129,1,5,17)
w(70,9,5,17)
r(174,1,5,17)
r(316,13,5,17)
r(355,1,5,17)
r(207,5,5,17)
r(297,1,5,17)
w(194,3,5,17)
w(231,10,5,17)
r(287,1,5,17)
w(140,5,5,17)
r(69,1,5,17)
r(75,1,5,17)
w(309,9,5,17)
r(256,1,5,17)
w(121,3,5,17)
w(180,9,5,17)
w(14,7,5,17)
w(97,7,5,17)
r(309,9,5,17)
w(24,14,6,18)
r(314,2,6,18)
r(304,1,6,18)
w(60,5,6,18)
r(360,1,6,18)
r(103,1,6,18)
w(30,14,6,18)
r(137,1,6,18)
w(153,13,6,18)
r(202,1,6,18)
w(194,6,6,18)
w(77,7,6,18)
w(81,7,6,18)
w(360,14,6,18)
r(266,1,6,18)
w(281,13,6,18)
w(223,17,6,18)
r(60,5,6,18)
w(56,5,6,18)
r(21,1,6,18)
w(105,7,6,18)
r(217,1,6,18)
r(20,2,6,18)
w(81,13,6,18)
r(316,1,6,18)
r(18,1,6,18)
w(160,3,6,18)
r(268,1,6,18)
r(87,2,6,18)
r(121,1,6,18)
w(241,2,1,19)
w(168,2,1,19)
r(108,1,1,19)
r(73,9,1,19)
r(225,1,1,19)
r(61,1,1,19)
r(1,3,1,19)
w(323,2,1,19)
w(277,4,1,19)
w(25,2,1,19)
r(354,4,1,19)
w(21,4,1,19)
w(241,4,1,19)
r(192,3,1,19)
r(308,10,1,19)
r(48,11,1,19)
r(242,1,1,19)
r(311,1,1,19)
r(133,1,1,19)
w(303,2,1,19)
w(73,2,1,19)
r(19,8,1,19)
w(42,2,1,19)
r(216,1,1,19)
r(134,12,1,19)
r(114,1,1,19)
r(314,9,1,19)
w(333,8,2,20)
r(120,7,2,20)
r(195,1,2,20)
w(134,3,2,20)
r(227,2,2,20)
r(328,9,2,20)
r(342,6,2,20)
w(204,4,2,20)
w(187,4,2,20)
w(206,4,2,20)
r(182,1,2,20)
r(324,2,2,20)
r(162,2,2,20)
w(309,4,2,20)
r(134,3,2,20)
w(228,4,2,20)
w(50,3,2,20)
r(199,3,2,20)
r(184,9,2,20)
w(171,4,2,20)
r(156,2,2,20)
w(308,8,2,20)
w(179,4,2,20)
r(312,6,2,20)
r(197,1,2,20)
r(315,3,2,20)
w(72,4,2,20)
r(182,1,2,20)
w(74,8,2,20)
r(153,4,2,20)
w(152,4,2,20)
r(81,2,2,20)
w(151,6,2,20)
w(163,3,2,20)
r(285,1,2,20)
r(147,9,2,20)
w(309,8,2,20)
r(205,1,2,20)
w(66,8,2,20)
r(12,3,2,20)
w(5,8,3,21)
r(74,2,3,21)
r(245,1,3,21)
w(220,3,3,21)
w(49,2,3,21)
r(347,1,3,21)
r(265,1,3,21)
w(284,3,3,21)
r(159,1,3,21)
w(140,12,3,21)
w(83,9,3,21)
w(166,8,3,21)
w(13,8,3,21)
r(82,1,3,21)
w(247,12,3,21)
r(295,1,3,21)
r(235,1,3,21)
r(247,12,3,21)
w(115,10,3,21)
r(298,1,3,21)
r(124,1,3,21)
w(90,10,3,21)
w(174,8,3,21)
r(198,1,3,21)
w(314,9,3,21)
r(346,5,3,21)
w(204,9,3,21)
w(57,8,3,21)
r(230,1,3,21)
w(176,6,3,21)
r(68,6,3,21)
r(350,8,3,21)
w(284,9,3,21)
r(15,1,3,21)
r(46,1,3,21)
r(235,1,3,21)
w(43,4,3,21)
w(184,8,3,21)
r(250,1,3,21)
w(142,3,3,21)
r(193,1,4,22)
r(242,1,4,22)
r(126,1,4,22)
r(122,5,4,22)
r(313,1,4,22)
w(211,14,4,22)
w(168,9,4,22)
w(299,4,4,22)
r(13,1,4,22)
w(213,7,4,22)
w(208,6,4,22)
w(186,3,4,22)
r(202,1,4,22)
w(229,9,4,22)
w(305,3,4,22)
r(17,1,4,22)
r(262,1,4,22)
w(335,9,4,22)
r(23,1,4,22)
w(351,8,4,22)
r(321,4,4,22)
w(328,6,4,22)
r(87,12,4,22)
r(284,12,4,22)
r(135,1,4,22)
w(239,9,4,22)
w(121,8,4,22)
w(296,8,4,22)
w(293,13,4,22)
w(53,14,4,22)
r(256,1,4,22)
w(205,12,4,22)
r(114,1,4,22)
w(163,10,4,22)
r(145,1,4,22)
w(267,12,4,22)
r(328,6,4,22)
r(316,13,4,22)
w(201,10,4,22)
r(348,3,5,23)
w(275,9,5,23)
r(103,4,5,23)
r(124,1,5,23)
w(247,13,5,23)
w(102,7,5,23)
w(250,12,5,23)
r(139,1,5,23)
r(178,1,5,23)
r(278,1,5,23)
r(176,6,5,23)
r(148,1,5,23)
r(231,1,5,23)
w(48,5,5,23)
w(113,10,5,23)
w(43,6,5,23)
r(83,9,5,23)
w(82,12,5,23)
r(223,1,5,23)
r(270,1,5,23)
r(252,8,5,23)
w(346,10,5,23)
r(172,7,5,23)
r(65,1,5,23)
r(237,1,5,23)
w(331,6,5,23)
w(324,3,5,23)
r(98,14,5,23)
w(187,14,5,23)
r(15,1,5,23)
r(51,1,5,23)
r(200,3,5,23)
r(52,11,5,23)
r(6,1,5,23)
w(233,9,5,23)
w(97,13,5,23)
r(179,1,5,23)
w(48,11,5,23)
w(184,9,5,23)
w(215,6,5,23)
r(129,1,6,24)
w(98,14,6,24)
w(338,13,6,24)
w(228,5,6,24)
w(128,13,6,24)
w(172,7,6,24)
r(167,1,6,24)
r(94,1,6,24)
w(34,5,6,24)
w(346,13,6,24)
r(146,4,6,24)
w(332,14,6,24)
w(323,6,6,24)
w(40,3,6,24)
r(124,1,6,24)
r(208,1,6,24)
w(346,5,6,24)
w(353,7,6,24)
r(16,1,6,24)
w(192,3,6,24)
r(90,1,6,24)
r(96,6,6,24)
r(183,1,6,24)
r(59,1,6,24)
w(221,9,6,24)
r(96,6,6,24)
r(63,1,6,24)
w(50,6,6,24)
r(259,1,6,24)
w(49,6,6,24)
r(134,12,6,24)
r(354,4,6,24)
r(73,1,6,24)
w(324,12,6,24)
w(241,17,6,24)
r(340,1,6,24)
r(123,1,6,24)
w(274,3,6,24)
w(263,7,6,24)
r(12,1,6,24)
r(328,1,1,25)
w(327,2,1,25)
w(54,8,1,25)
r(247,13,1,25)
w(316,2,1,25)
r(10,3,1,25)
r(147,9,1,25)
r(81,2,1,25)
w(215,2,1,25)
w(15,2,1,25)
w(143,2,1,25)
r(132,1,2,26)
r(306,3,2,26)
r(51,1,2,26)
r(132,1,2,26)
w(48,8,2,26)
r(24,2,2,26)
w(358,4,2,26)
w(238,4,2,26)
w(115,8,2,26)
w(57,4,2,26)
r(204,5,2,26)
r(153,4,2,26)
r(338,13,2,26)
r(225,7,2,26)
r(265,1,2,26)
w(263,8,2,26)
r(62,12,2,26)
r(187,4,2,26)
r(226,1,2,26)
r(30,9,2,26)
w(109,3,2,26)
w(297,4,2,26)
r(327,1,2,26)
r(6,12,2,26)
w(277,8,2,26)
r(171,4,2,26)
r(95,1,2,26)
r(50,3,2,26)
r(197,1,2,26)
r(183,1,2,26)
r(114,1,2,26)
w(214,4,2,26)
r(258,1,2,26)
w(31,8,2,26)
r(81,2,2,26)
w(40,4,2,26)
r(274,3,2,26)
r(307,1,2,26)
r(300,3,2,26)
r(172,7,2,26)
r(122,5,3,27)
w(111,3,3,27)
r(132,1,3,27)
w(211,9,3,27)
w(112,9,3,27)
w(45,6,3,27)
w(142,9,3,27)
w(258,3,3,27)
r(196,1,3,27)
w(280,4,3,27)
r(319,7,3,27)
r(127,1,3,27)
w(265,8,3,27)
w(75,12,3,27)
r(348,3,3,27)
r(232,1,3,27)
w(170,8,3,27)
r(224,2,3,27)
r(166,8,3,27)
r(29,6,3,27)
w(62,9,3,27)
r(5,8,3,27)
w(273,10,4,28)
r(236,1,4,28)
r(82,8,4,28)
r(152,1,4,28)
r(136,8,4,28)
w(209,3,4,28)
w(248,3,4,28)
w(306,10,4,28)
r(54,2,4,28)
r(187,14,4,28)
r(95,1,4,28)
w(159,3,4,28)
r(95,1,4,28)
r(132,1,4,28)
r(322,1,4,28)
w(27,9,4,28)
w(111,10,4,28)
r(211,1,4,28)
w(305,9,4,28)
r(316,13,4,28)
w(326,3,4,28)
r(273,10,4,28)
r(228,5,4,28)
w(6,12,4,28)
w(312,6,4,28)
w(178,9,4,28)
r(330,3,4,28)
w(252,11,4,28)
w(318,8,4,28)
w(9,12,4,28)
w(166,9,4,28)
r(151,5,4,28)
r(301,1,4,28)
r(333,1,4,28)
r(157,1,4,28)
r(276,1,4,28)
w(189,10,4,28)
r(117,1,4,28)
r(174,8,4,28)
r(325,12,4,28)
w(199,6,5,29)
r(314,9,5,29)
w(346,6,5,29)
r(131,1,5,29)
r(137,1,5,29)
w(341,13,5,29)
r(184,9,5,29)
w(230,7,5,29)
w(360,12,5,29)
r(300,3,5,29)
w(2,12,5,29)
w(114,10,5,29)
w(249,14,5,29)
r(152,1,5,29)
r(310,1,5,29)
w(344,8,5,29)
r(302,3,5,29)
r(173,3,5,29)
r(295,1,5,29)
r(210,1,5,29)
r(275,9,5,29)
w(95,9,5,29)
r(333,1,6,30)
w(91,13,6,30)
w(249,15,6,30)
w(207,15,6,30)
w(135,6,6,30)
r(66,1,6,30)
r(73,1,6,30)
r(126,1,6,30)
w(206,6,6,30)
w(34,11,6,30)
r(126,1,6,30)
w(320,5,6,30)
w(151,19,6,30)
w(234,7,6,30)
r(22,1,6,30)
w(214,6,6,30)
w(106,10,6,30)
r(38,1,6,30)
r(137,1,6,30)
w(232,7,6,30)
r(257,1,6,30)
w(289,9,6,30)
w(37,14,6,30)
w(142,13,6,30)
w(28,3,6,30)
r(143,1,1,31)
w(311,2,1,31)
w(130,2,1,31)
r(33,1,1,31)
r(130,2,1,31)
r(248,3,1,31)
r(148,1,1,31)
r(20,2,1,31)
r(356,1,1,31)
r(51,1,1,31)
r(113,10,1,31)
w(203,4,1,31)
w(100,2,1,31)
w(105,4,1,31)
r(306,3,1,31)
w(135,4,1,31)
w(342,8,1,31)
w(262,4,1,31)
w(202,4,1,31)
r(47,1,1,31)
w(345,4,1,31)
r(244,1,1,31)
w(29,4,1,31)
r(328,9,1,31)
r(135,4,1,31)
r(303,3,1,31)
r(321,4,1,31)
w(353,2,1,31)
r(116,1,1,31)
r(144,9,1,31)
w(58,2,1,31)
w(24,2,1,31)
w(71,2,1,31)
w(112,2,1,31)
r(297,1,1,31)
r(202,4,1,31)
r(84,1,1,31)
w(273,2,1,31)
r(304,1,1,31)
r(358,1,1,31)
w(44,9,2,32)
w(120,8,2,32)
r(220,3,2,32)
r(33,1,2,32)
r(186,1,2,32)
r(328,9,2,32)
r(215,6,2,32)
w(123,9,2,32)
r(12,12,2,32)
r(38,6,2,32)
w(115,3,2,32)
w(228,8,2,32)
w(117,4,2,32)
r(219,1,2,32)
w(341,4,2,32)
w(172,3,2,32)
r(301,1,2,32)
w(102,3,2,32)
w(53,9,2,32)
w(96,12,2,32)
w(246,2,2,32)
r(49,2,2,32)
r(205,5,2,32)
r(7,1,2,32)
w(26,8,2,32)
w(21,9,2,32)
r(92,1,2,32)
r(204,9,3,33)
w(170,3,3,33)
r(16,1,3,33)
w(158,12,3,33)
r(282,2,3,33)
w(153,4,3,33)
r(263,7,3,33)
r(26,1,3,33)
w(87,8,3,33)
r(315,3,3,33)
w(264,10,3,33)
w(342,6,3,33)
r(150,1,3,33)
w(23,4,3,33)
w(14,9,3,33)
w(82,4,3,33)
w(293,7,3,33)
w(245,9,3,33)
r(249,1,3,33)
w(82,8,3,33)
w(86,3,3,33)
w(57,3,3,33)
w(246,8,3,33)
w(135,9,3,33)
r(123,7,3,33)
w(323,9,3,33)
r(101,12,3,33)
w(169,3,3,33)
r(118,1,3,33)
w(302,3,3,33)
w(73,9,3,33)
w(298,8,3,33)
w(149,4,3,33)
w(62,12,3,33)
r(145,1,3,33)
w(10,3,3,33)
r(177,1,3,33)
r(323,9,3,33)
r(202,1,3,33)
w(136,8,3,33)
r(314,9,4,34)
r(327,1,4,34)
r(30,2,4,34)
r(54,2,4,34)
w(130,3,4,34)
w(186,9,4,34)
r(234,1,4,34)
w(204,10,4,34)
r(119,1,4,34)
r(326,3,4,34)
r(325,12,4,34)
w(42,10,4,34)
r(221,9,4,34)
r(217,1,4,34)
r(327,1,4,34)
r(43,6,4,34)
r(264,10,4,34)
w(83,6,4,34)
r(240,1,4,34)
w(239,12,4,34)
r(22,1,4,34)
r(328,1,4,34)
r(328,1,4,34)
r(120,7,4,34)
w(207,6,4,34)
r(87,8,5,35)
w(347,14,5,35)
w(295,14,5,35)
r(191,3,5,35)
w(184,10,5,35)
r(355,1,5,35)
w(104,12,5,35)
w(177,10,5,35)
w(307,9,5,35)
r(104,12,5,35)
w(72,7,5,35)
w(305,14,5,35)
r(102,7,5,35)
r(218,1,5,35)
r(150,1,5,35)
w(149,14,5,35)
r(6,12,5,35)
r(18,1,5,35)
r(322,1,5,35)
w(107,11,5,35)
w(156,12,5,35)
w(95,12,5,35)
r(246,8,5,35)
r(346,10,5,35)
w(126,14,5,35)
w(62,6,5,35)
r(201,1,5,35)
w(130,10,5,35)
r(81,2,6,36)
w(126,7,6,36)
r(94,1,6,36)
w(226,12,6,36)
w(359,13,6,36)
w(212,11,6,36)
r(164,1,6,36)
r(219,1,6,36)
r(190,1,6,36)
w(291,14,6,36)
r(297,1,6,36)
r(192,3,6,36)
r(186,1,6,36)
r(352,1,6,36)
w(339,10,6,36)
r(26,1,6,36)
w(323,14,6,36)
r(192,3,6,36)
w(200,7,6,36)
w(263,13,6,36)
w(13,6,6,36)
w(219,9,6,36)
w(267,10,6,36)
r(214,1,6,36)
w(65,14,6,36)
r(345,1,6,36)
w(180,12,6,36)
r(239,1,6,36)
r(240,1,1,37)
w(20,4,1,37)
w(109,4,1,37)
w(51,2,1,37)
w(1,2,1,37)
w(41,2,1,37)
r(59,3,1,37)
r(282,2,2,38)
w(11,4,2,38)
w(41,8,2,38)
r(16,6,2,38)
w(32,4,2,38)
w(344,2,2,38)
r(6,12,2,38)
r(65,13,2,38)
w(301,2,2,38)
r(175,1,2,38)
r(264,2,2,38)
w(36,8,2,38)
r(231,1,2,38)
w(213,3,2,38)
w(83,2,2,38)
r(314,9,2,38)
w(83,4,2,38)
w(273,4,2,38)
r(296,3,2,38)
w(262,12,2,38)
w(194,4,2,38)
r(279,9,2,38)
r(128,12,2,38)
r(143,6,2,38)
w(225,4,2,38)
r(185,1,2,38)
r(71,2,2,38)
w(25,12,2,38)
r(88,1,2,38)
w(310,3,2,38)
w(168,8,2,38)
r(224,2,2,38)
w(226,4,2,38)
r(102,7,2,38)
w(223,4,2,38)
r(253,1,2,38)
r(51,11,2,38)
w(52,9,2,38)
w(31,3,3,39)
w(30,9,3,39)
r(182,1,3,39)
w(162,2,3,39)
r(336,1,3,39)
w(127,4,3,39)
w(37,2,3,39)
w(128,12,3,39)
r(265,1,3,39)
r(98,14,3,39)
w(59,3,3,39)
w(91,12,3,39)
r(171,1,3,39)
w(292,4,3,39)
w(211,12,3,39)
w(303,3,3,39)
w(313,3,3,39)
r(160,1,3,39)
w(339,3,3,39)
w(325,3,3,39)
w(191,3,3,39)
r(172,7,3,39)
w(324,2,3,39)
r(170,3,3,39)
w(144,9,3,39)
r(55,1,3,39)
r(82,8,3,39)
w(306,3,3,39)
r(188,1,3,39)
r(218,1,3,39)
w(199,3,3,39)
w(12,3,3,39)
w(71,3,3,39)
r(326,3,3,39)
r(129,1,3,39)
r(256,1,3,39)
r(145,1,3,39)
r(203,1,3,39)
r(16,1,3,39)
w(328,9,3,39)
r(295,1,4,40)
w(23,3,4,40)
r(330,3,4,40)
w(202,9,4,40)
r(270,1,4,40)
r(201,9,4,40)
w(320,12,4,40)
r(27,9,4,40)
w(21,7,4,40)
r(183,1,4,40)
r(39,1,4,40)
w(61,10,4,40)
w(212,10,4,40)
w(151,11,4,40)
r(149,4,4,40)
w(230,6,4,40)
r(304,1,4,40)
w(12,9,4,40)
w(73,12,4,40)
w(181,3,4,40)
w(79,3,4,40)
r(247,17,4,40)
w(167,6,4,40)
w(196,9,4,40)
w(129,14,4,40)
w(87,10,4,40)
r(328,9,4,40)
w(124,10,4,40)
r(55,1,4,40)
r(279,9,4,40)
w(295,6,4,40)
w(12,12,4,40)
w(133,3,4,40)
r(192,3,4,40)
w(335,10,4,40)
w(91,10,4,40)
w(35,14,4,40)
r(89,4,4,40)
w(206,3,4,40)
r(342,8,4,40)
w(30,6,5,41)
w(205,14,5,41)
r(75,1,6,42)
r(89,4,6,42)
w(329,6,6,42)
w(94,7,6,42)
w(236,7,6,42)
w(198,14,6,42)
r(324,3,6,42)
r(28,1,6,42)
r(356,1,6,42)
w(59,14,6,42)
r(343,1,6,42)
w(165,11,6,42)
r(92,1,6,42)
w(301,10,6,42)
w(327,7,6,42)
w(304,3,6,42)
w(311,7,6,42)
w(152,12,6,42)
w(237,13,6,42)
w(329,14,6,42)
r(256,1,6,42)
w(196,14,6,42)
r(332,14,6,42)
r(78,9,6,42)
w(226,10,6,42)
r(263,7,6,42)
r(318,8,1,43)
w(126,2,1,43)
r(69,1,1,43)
w(41,4,1,43)
w(84,4,1,43)
r(260,1,1,43)
r(76,1,1,43)
r(281,1,1,43)
r(121,1,1,43)
w(177,2,1,43)
r(165,9,1,43)
r(355,1,1,43)
w(303,4,1,43)
w(160,2,1,43)
r(226,1,1,43)
w(13,2,1,43)
r(172,7,1,43)
r(182,1,1,43)
w(256,2,1,43)
w(325,2,1,43)
w(195,2,1,43)
r(265,1,1,43)
r(173,3,1,43)
w(279,2,1,43)
r(240,1,1,43)
r(332,14,1,43)
w(177,4,1,43)
r(258,9,1,43)
r(192,3,1,43)
w(298,2,1,43)
w(192,2,1,43)
r(37,2,1,43)
w(291,2,1,43)
r(208,1,1,43)
r(330,3,1,43)
r(322,1,2,44)
r(92,1,2,44)
r(134,3,2,44)
r(359,5,2,44)
r(110,1,2,44)
r(314,9,2,44)
w(146,2,2,44)
w(90,4,2,44)
r(9,9,2,44)
r(38,6,2,44)
r(93,12,2,44)
r(171,4,2,44)
w(34,4,2,44)
r(193,1,3,45)
w(172,9,3,45)
r(202,1,3,45)
r(239,1,3,45)
r(284,9,3,45)
r(338,13,3,45)
w(86,9,3,45)
w(211,10,3,45)
r(5,8,3,45)
w(321,8,3,45)
w(161,4,3,45)
w(306,9,3,45)
r(50,12,3,45)
w(295,9,3,45)
r(332,14,3,45)
w(4,3,3,45)
r(239,1,3,45)
w(257,4,3,45)
r(276,1,3,45)
r(180,1,3,45)
r(227,2,3,45)
r(87,8,3,45)
w(277,10,3,45)
w(182,2,3,45)
w(253,4,3,45)
w(216,12,3,45)
w(114,3,3,45)
w(48,10,3,45)
r(229,1,3,45)
w(118,4,3,45)
r(273,10,3,45)
r(20,2,3,45)
r(131,1,3,45)
w(251,12,3,45)
r(317,1,3,45)
w(49,4,3,45)
r(201,1,3,45)
r(304,1,3,45)
r(193,1,4,46)
w(325,9,4,46)
r(109,3,4,46)
r(356,4,4,46)
w(120,10,4,46)
r(194,1,4,46)
r(1,3,4,46)
w(151,15,4,46)
r(310,1,4,46)
w(234,12,4,46)
w(128,6,4,46)
r(140,12,4,46)
w(120,6,4,46)
w(320,10,4,46)
w(340,12,4,46)
w(95,4,4,46)
r(113,14,4,46)
r(355,4,4,46)
r(101,11,4,46)
r(214,2,4,46)
r(126,1,4,46)
r(174,8,4,46)
w(352,14,4,46)
r(318,8,4,46)
r(286,2,4,46)
r(176,6,4,46)
w(301,3,4,46)
r(29,4,4,46)
r(352,14,4,46)
w(258,10,5,47)
r(135,4,5,47)
w(95,10,5,47)
w(11,14,5,47)
w(252,15,5,47)
w(165,13,5,47)
r(83,9,5,47)
r(17,1,5,47)
r(360,7,5,47)
w(283,12,5,47)
r(133,3,5,47)
r(4,1,5,47)
w(27,6,5,47)
r(91,10,5,47)
w(338,14,5,47)
r(295,6,5,47)
r(11,14,5,47)
w(164,10,5,47)
r(278,1,5,47)
w(214,10,5,47)
r(62,12,6,48)
w(327,13,6,48)
w(216,14,6,48)
r(4,1,6,48)
r(12,1,6,48)
w(139,10,6,48)
w(173,6,6,48)
r(298,8,6,48)
w(77,13,6,48)
r(330,3,6,48)
r(339,1,6,48)
w(64,10,6,48)
w(207,17,6,48)
r(228,4,1,49)
w(122,2,1,49)
r(21,1,1,49)
r(284,9,1,49)
w(309,2,1,49)
r(355,1,1,49)
r(228,4,1,49)
w(58,4,1,49)
r(211,12,1,49)
r(150,1,1,49)
r(186,1,1,49)
w(19,4,1,49)
r(68,6,1,49)
r(258,9,1,49)
r(340,9,1,49)
w(86,2,1,49)
r(99,1,1,49)
w(259,4,1,49)
r(149,4,1,49)
w(72,2,1,49)
w(94,2,1,49)
w(289,2,1,49)
w(3,2,1,49)
r(17,1,1,49)
w(347,4,1,49)
r(227,2,1,49)
w(242,4,1,49)
w(137,4,1,49)
r(6,12,1,49)
r(302,3,1,49)
w(214,2,1,49)
r(317,1,1,49)
r(5,10,1,49)
r(85,1,1,49)
r(104,1,1,49)
w(46,2,1,49)
w(46,4,1,49)
w(198,2,1,49)
r(2,1,1,49)
w(91,8,1,49)
r(227,2,2,50)
r(58,4,2,50)
w(130,4,2,50)
w(53,12,2,50)
w(60,8,2,50)
w(7,4,2,50)
w(195,4,2,50)
r(154,2,2,50)
w(290,3,2,50)
r(140,12,2,50)
r(246,14,2,50)
w(201,4,2,50)
w(165,3,2,50)
w(69,4,2,50)
r(175,1,2,50)
w(271,3,2,50)
w(208,4,2,50)
r(268,9,2,50)
r(160,1,2,50)
r(99,1,3,51)
w(191,9,3,51)
w(107,10,3,51)
w(198,3,3,51)
w(224,12,3,51)
w(247,6,4,52)
w(82,9,4,52)
r(26,1,4,52)
r(103,4,4,52)
r(103,4,4,52)
w(265,9,4,52)
w(359,6,4,52)
w(256,12,4,52)
w(156,9,4,52)
w(284,10,4,52)
w(3,4,4,52)
w(147,12,4,52)
r(36,14,4,52)
w(85,3,4,52)
w(25,6,4,52)
w(136,9,4,52)
w(110,3,4,52)
w(209,9,4,52)
r(139,1,4,52)
w(127,3,4,52)
r(168,1,4,52)
r(53,1,4,52)
r(65,13,4,52)
w(59,10,4,52)
r(117,1,4,52)
w(249,12,4,52)
r(329,7,4,52)
r(195,1,4,52)
r(265,9,4,52)
r(264,2,4,52)
w(37,8,4,52)
r(187,4,4,52)
r(187,4,4,52)
r(149,4,4,52)
w(57,12,4,52)
r(186,1,4,52)
r(220,3,4,52)
w(65,3,4,52)
w(43,3,4,52)
r(80,12,4,52)
w(124,14,5,53)
w(346,14,5,53)
w(263,14,5,53)
r(274,3,5,53)
w(223,13,5,53)
w(190,6,5,53)
w(354,9,5,53)
w(162,3,5,53)
r(305,9,5,53)
w(296,12,5,53)
r(232,1,5,53)
r(50,3,5,53)
w(159,12,5,53)
r(171,4,5,53)
r(273,2,5,53)
w(42,7,5,53)
w(56,7,5,53)
r(213,1,5,53)
w(353,14,5,53)
r(28,1,5,53)
w(197,9,5,53)
w(151,17,5,53)
w(88,10,5,53)
w(280,10,5,53)
w(44,5,5,53)
r(325,3,5,53)
w(313,7,5,53)
w(178,12,5,53)
w(295,7,5,53)
r(132,1,5,53)
r(92,3,5,53)
w(355,10,5,53)
w(237,7,5,53)
r(70,2,5,53)
r(289,2,5,53)
w(134,10,5,53)
w(84,10,5,53)
r(268,9,5,53)
r(315,3,5,53)
r(277,13,5,53)
r(133,1,6,54)
w(22,17,6,54)
r(48,11,6,54)
r(43,6,6,54)
w(151,20,6,54)
r(267,1,6,54)
r(346,10,6,54)
r(83,9,6,54)
w(219,12,6,54)
w(201,7,6,54)
r(247,13,6,54)
r(291,1,1,55)
r(348,3,1,55)
w(15,4,1,55)
r(157,6,1,55)
r(59,3,1,55)
r(98,14,1,55)
w(340,2,1,55)
w(216,4,1,55)
w(96,4,1,55)
w(2,2,1,55)
r(157,6,1,55)
r(260,1,1,55)
w(165,4,1,55)
w(249,2,1,55)
w(94,4,1,55)
r(29,4,1,55)
w(285,2,1,55)
r(38,6,1,55)
w(163,2,1,55)
w(228,2,1,55)
w(173,2,1,55)
w(355,4,1,55)
r(134,3,1,55)
w(303,8,1,55)
r(227,2,1,55)
w(219,2,1,55)
r(209,3,1,55)
r(55,1,1,55)
w(264,2,1,55)
w(348,4,1,55)
w(272,4,1,55)
w(293,8,1,55)
w(328,4,1,55)
w(356,4,1,55)
w(350,2,1,55)
r(111,9,1,55)
r(47,1,1,55)
r(76,1,1,55)
r(125,1,1,55)
r(313,3,1,55)
r(232,1,2,56)
w(185,2,2,56)
w(328,3,2,56)
r(9,9,2,56)
r(33,1,2,56)
r(10,3,2,56)
r(327,1,2,56)
w(181,4,2,56)
w(99,2,2,56)
r(138,14,2,56)
r(9,9,2,56)
r(268,9,2,56)
r(190,1,2,56)
w(276,8,2,56)
w(225,8,2,56)
w(349,4,2,56)
r(8,1,2,56)
r(39,1,2,56)
r(215,6,2,56)
w(73,4,2,56)
w(338,4,2,56)
w(213,9,2,56)
w(349,8,2,56)
w(237,3,2,56)
w(75,3,2,56)
r(220,3,3,57)
w(258,9,3,57)
r(306,3,3,57)
r(164,1,3,57)
r(120,7,3,57)
r(110,1,3,57)
w(41,3,3,57)
w(51,12,3,57)
w(54,14,3,57)
r(159,3,3,57)
w(24,8,3,57)
r(165,9,3,57)
r(118,1,3,57)
w(242,9,3,57)
r(272,1,3,57)
r(221,9,3,57)
w(267,9,3,57)
w(251,6,3,57)
r(45,1,3,57)
r(154,2,3,57)
w(63,3,3,57)
r(201,1,3,57)
r(260,1,3,57)
w(316,9,3,57)
w(63,9,3,57)
w(111,9,3,57)
w(143,6,3,57)
w(97,3,3,57)
r(233,9,3,57)
w(9,9,3,57)
r(167,1,3,57)
w(287,3,3,57)
w(283,4,3,57)
r(308,8,3,57)
r(171,4,3,57)
w(236,3,3,57)
w(320,3,3,57)
r(309,8,3,57)
r(202,4,3,57)
w(201,9,3,57)
r(133,3,4,58)
w(283,3,4,58)
w(17,3,4,58)
w(141,12,4,58)
w(39,12,4,58)
r(200,3,4,58)
r(291,1,4,58)
r(166,9,4,58)
w(166,10,4,58)
r(115,8,4,58)
r(332,7,4,58)
w(290,6,4,58)
r(356,4,4,58)
w(205,10,4,58)
r(353,2,4,58)
w(341,10,4,58)
r(123,17,4,58)
r(9,9,4,58)
r(185,1,4,58)
w(133,9,4,58)
w(302,6,4,58)
w(238,12,5,59)
w(335,14,5,59)
r(215,6,5,59)
w(261,14,5,59)
w(155,14,5,59)
w(317,7,5,59)
r(101,11,5,59)
r(23,3,5,59)
w(286,12,5,59)
r(152,4,5,59)
w(301,9,5,59)
w(206,10,5,59)
r(86,12,5,59)
w(327,14,5,59)
w(94,6,5,59)
r(159,12,5,59)
w(162,9,5,59)
r(69,1,5,59)
r(68,6,5,59)
r(292,4,5,59)
r(164,1,5,59)
w(5,12,5,59)
r(22,1,5,59)
w(304,8,5,59)
w(194,12,5,59)
w(65,12,5,59)
r(78,9,5,59)
w(320,14,5,59)
r(209,9,5,59)
w(335,7,5,59)
w(239,6,5,59)
r(78,9,5,59)
w(86,6,5,59)
w(111,14,5,59)
w(344,9,5,59)
r(66,13,5,59)
w(53,5,5,59)
r(154,2,5,59)
w(165,5,5,59)
r(223,13,5,59)
w(196,13,6,60)
w(234,13,6,60)
r(173,3,6,60)
r(67,1,6,60)
r(194,1,6,60)
w(5,10,6,60)
w(107,15,6,60)
r(75,1,6,60)
w(75,13,6,60)
r(131,1,6,60)
w(60,11,6,60)
r(346,10,6,60)
w(56,15,6,60)
r(352,1,6,60)
r(93,12,6,60)
r(188,1,6,60)
w(329,7,6,60)
w(16,6,6,60)
r(239,1,6,60)
w(225,7,6,60)
r(190,1,6,60)
r(110,1,6,60)
r(225,7,6,60)
w(157,6,6,60)
w(217,12,6,60)
r(144,9,6,60)
w(276,10,6,60)
w(131,10,6,60)
w(335,13,6,60)
r(22,1,6,60)
w(205,5,6,60)
w(204,5,6,60)
w(123,15,6,60)
r(284,9,6,60)
w(65,13,6,60)
w(360,7,6,60)
r(201,1,6,60)
r(325,3,6,60)
r(337,1,6,60)
w(74,6,6,60)
w(94,8,1,61)
r(57,12,1,61)
w(231,2,1,61)
r(86,12,1,61)
r(275,10,1,61)
r(251,6,1,61)
r(48,6,1,61)
r(305,9,1,61)
w(39,2,1,61)
w(39,4,1,61)
r(135,4,1,61)
r(155,2,1,61)
r(27,9,1,61)
r(157,6,1,61)
r(234,3,1,61)
r(126,1,1,61)
r(302,3,1,61)
r(21,7,1,61)
w(6,2,1,61)
r(56,15,1,61)
w(18,2,1,61)
w(77,2,1,61)
w(30,8,1,61)
w(258,2,1,61)
r(92,3,1,61)
w(173,4,1,61)
r(28,1,1,61)
r(297,4,1,61)
r(171,4,1,61)
w(339,2,1,61)
w(205,2,1,61)
w(248,2,1,61)
r(129,14,1,61)
r(326,3,1,61)
w(241,8,1,61)
r(247,16,1,61)
w(230,4,1,61)
r(108,1,1,61)
r(337,10,1,61)
r(161,1,1,61)
r(265,9,2,62)
w(208,8,2,62)
w(114,8,2,62)
w(73,8,2,62)
r(302,3,2,62)
w(66,12,2,62)
r(31,8,2,62)
r(274,3,2,62)
r(98,14,2,62)
w(80,8,2,62)
w(120,3,2,62)
w(287,4,2,62)
r(322,1,2,62)
w(77,3,2,62)
w(139,2,2,62)
w(175,8,2,62)
w(107,12,2,62)
r(11,1,2,62)
w(245,8,2,62)
w(111,4,2,62)
r(219,2,2,62)
w(90,8,2,62)
w(61,8,2,62)
r(286,2,2,62)
w(78,4,2,62)
r(121,1,2,62)
w(278,4,2,62)
r(218,1,2,62)
r(98,14,2,62)
r(327,1,2,62)
r(327,1,2,62)
r(274,3,2,62)
w(96,10,2,62)
w(347,12,2,62)
w(90,3,2,62)
w(60,3,2,62)
r(338,13,2,62)
w(116,9,2,62)
r(256,1,3,63)
r(53,1,3,63)
r(271,1,3,63)
r(43,6,3,63)
r(49,2,3,63)
w(41,9,3,63)
r(28,1,3,63)
w(150,3,3,63)
r(271,1,3,63)
w(240,9,3,63)
r(102,7,3,63)
w(86,12,3,63)
w(48,6,3,63)
w(281,3,3,63)
r(16,6,3,63)
r(26,1,3,63)
w(335,8,3,63)
w(92,3,3,63)
w(243,3,3,63)
r(34,5,3,63)
r(155,2,3,63)
w(176,14,3,63)
r(68,6,3,63)
r(89,4,3,63)
r(222,1,3,63)
r(204,5,3,63)
r(87,10,3,63)
r(189,10,3,63)
r(24,8,3,63)
r(227,2,3,63)
r(130,2,3,63)
w(252,13,3,63)
r(196,9,3,63)
w(352,9,3,63)
r(105,4,3,63)
r(311,2,3,63)
w(309,3,3,63)
w(234,3,3,63)
w(38,8,3,63)
r(147,9,3,63)
r(170,3,4,64)
w(30,10,4,64)
w(237,10,4,64)
w(33,2,4,64)
w(143,7,4,64)
r(244,1,4,64)
r(295,7,4,64)
r(103,4,4,64)
w(245,14,4,64)
r(171,4,4,64)
w(329,9,4,64)
w(131,3,4,64)
r(283,6,4,64)
r(51,11,4,64)
w(232,10,4,64)
r(259,4,4,64)
r(35,14,4,64)
w(89,3,4,64)
w(190,12,4,64)
w(76,8,4,64)
w(42,14,4,64)
w(60,14,4,64)
w(330,10,4,64)
w(114,12,4,64)
r(320,14,4,64)
w(51,7,4,64)
w(135,10,4,64)
w(306,6,4,64)
r(347,4,4,64)
r(232,10,4,64)
r(250,12,4,64)
r(250,12,4,64)
r(180,1,4,64)
w(319,10,4,64)
r(236,3,4,64)
r(96,4,4,64)
r(34,5,4,64)
r(22,1,4,64)
r(284,7,4,64)
r(43,3,4,64)
r(264,9,5,65)
w(98,10,5,65)
w(308,5,5,65)
w(82,6,5,65)
w(138,12,5,65)
r(198,13,5,65)
w(348,10,5,65)
r(83,7,5,65)
w(167,5,5,65)
w(79,9,5,65)
r(267,9,5,65)
r(174,8,5,65)
r(53,5,5,65)
r(134,10,5,65)
w(75,7,5,65)
r(111,14,5,65)
r(35,14,5,65)
w(210,12,5,65)
r(5,12,5,65)
w(13,10,5,65)
r(70,2,5,65)
w(48,15,5,65)
w(297,6,5,65)
r(209,4,5,65)
r(245,14,5,65)
w(58,14,5,65)
r(277,13,5,65)
r(266,1,5,65)
w(283,10,5,65)
w(80,14,5,65)
r(279,13,5,65)
r(64,2,5,65)
w(136,10,5,65)
r(202,9,5,65)
w(358,13,5,65)
w(347,13,5,65)
r(178,12,5,65)
r(142,3,5,65)
r(28,1,5,65)
w(249,7,5,65)
w(4,10,6,66)
r(107,15,6,66)
r(281,1,6,66)
r(241,17,6,66)
r(9,12,6,66)
r(205,5,6,66)
w(238,10,6,66)
w(166,14,6,66)
r(360,7,6,66)
r(185,1,6,66)
w(190,5,6,66)
r(248,3,6,66)
w(107,17,6,66)
r(323,9,6,66)
w(163,14,6,66)
w(360,13,6,66)
r(353,2,6,66)
w(349,13,6,66)
w(182,9,6,66)
r(339,3,6,66)
w(75,5,6,66)
r(224,2,6,66)
r(290,12,6,66)
w(113,6,6,66)
r(272,1,6,66)
w(45,5,6,66)
r(270,1,1,67)
w(119,2,1,67)
r(89,4,1,67)
w(107,8,1,67)
w(293,3,1,67)
w(48,4,1,67)
w(337,2,1,67)
r(305,9,1,67)
w(356,8,1,67)
w(126,4,1,67)
w(150,8,1,67)
w(290,4,1,67)
w(197,2,1,67)
r(328,4,1,67)
r(355,10,1,67)
r(50,3,1,67)
r(93,7,1,67)
r(313,7,1,67)
r(285,2,1,67)
w(219,4,1,67)
w(222,2,1,67)
r(110,3,1,67)
r(36,14,1,67)
r(121,1,1,67)
r(187,4,1,67)
r(210,1,1,67)
r(51,11,1,67)
w(54,3,1,67)
w(112,8,2,68)
r(41,9,2,68)
w(238,8,2,68)
r(288,2,2,68)
w(270,9,2,68)
w(281,2,2,68)
w(237,9,2,68)
w(223,3,2,68)
w(159,2,2,68)
r(271,1,2,68)
w(120,9,2,68)
r(342,8,2,68)
r(37,8,2,68)
r(175,1,2,68)
w(153,2,2,68)
r(287,3,2,68)
w(293,6,2,68)
r(135,10,2,68)
r(299,1,2,68)
w(123,12,2,68)
w(233,3,2,68)
w(131,8,2,68)
w(340,8,2,68)
w(147,3,2,68)
r(153,2,2,68)
r(62,12,2,68)
w(244,4,2,68)
r(345,4,2,68)
w(157,4,2,68)
w(279,8,2,68)
w(209,4,2,68)
r(209,4,2,68)
r(212,10,2,68)
r(286,12,2,68)
w(68,4,2,68)
r(147,3,2,68)
w(264,9,2,68)
w(27,2,2,68)
r(159,2,2,68)
w(170,2,2,68)
r(20,2,3,69)
r(70,2,3,69)
r(254,6,3,69)
r(286,12,3,69)
w(113,3,3,69)
r(291,1,3,69)
w(232,12,3,69)
w(214,3,3,69)
w(174,3,3,69)
r(155,7,3,69)
r(108,1,3,69)
w(320,9,3,69)
r(62,12,3,69)
w(11,9,3,69)
w(78,12,3,69)
w(145,10,3,69)
r(291,1,3,69)
r(347,13,3,69)
r(122,2,3,69)
r(282,2,3,69)
w(84,3,3,69)
r(134,6,3,69)
r(158,12,3,69)
w(196,3,3,69)
r(209,12,3,69)
r(177,1,3,69)
w(199,9,3,69)
w(114,9,3,69)
r(243,3,3,69)
r(306,6,3,69)
w(153,9,3,69)
w(358,12,3,69)
r(24,8,3,69)
r(152,4,3,69)
w(180,3,3,69)
r(73,12,3,69)
r(184,14,3,69)
r(59,10,4,70)
r(16,14,4,70)
w(271,5,4,70)
w(20,9,4,70)
w(327,6,4,70)
r(237,9,4,70)
w(8,6,4,70)
r(72,2,4,70)
r(151,17,4,70)
w(80,10,4,70)
r(265,9,4,70)
w(220,9,4,70)
w(289,4,4,70)
w(242,12,4,70)
r(102,11,4,70)
w(69,8,4,70)
w(43,9,4,70)
w(341,14,4,70)
w(171,10,4,70)
w(358,10,4,70)
r(57,12,4,70)
w(292,8,4,70)
r(100,12,4,70)
w(72,6,4,70)
r(293,6,4,70)
w(336,10,4,70)
r(11,1,4,70)
r(109,12,4,70)
w(228,10,4,70)
w(134,6,5,71)
w(360,10,5,71)
r(106,1,5,71)
w(354,12,5,71)
r(321,4,5,71)
w(36,10,5,71)
r(47,1,5,71)
w(111,7,5,71)
w(98,6,5,71)
w(303,10,5,71)
r(172,7,5,71)
w(223,5,5,71)
w(188,14,5,71)
r(300,10,5,71)
r(19,4,5,71)
w(154,10,5,71)
r(26,1,5,71)
r(235,1,5,71)
r(185,1,5,71)
w(78,13,5,71)
r(342,8,5,71)
w(202,10,5,71)
r(142,3,5,71)
r(127,3,5,71)
r(194,12,5,71)
r(328,4,5,71)
r(41,9,5,71)
w(240,12,5,71)
w(35,5,5,71)
w(37,10,5,71)
w(247,11,5,71)
w(223,11,5,71)
r(120,9,5,71)
w(151,18,5,71)
w(71,7,5,71)
r(80,14,5,71)
r(94,13,5,71)
r(330,10,5,71)
r(13,10,5,71)
r(103,4,5,71)
r(199,3,6,72)
r(25,10,6,72)
r(304,1,6,72)
w(289,12,6,72)
w(214,7,6,72)
w(141,6,6,72)
w(113,14,6,72)
r(94,1,6,72)
r(260,1,6,72)
r(265,1,6,72)
w(247,17,6,72)
r(186,1,6,72)
r(167,1,6,72)
r(332,14,6,72)
r(222,1,6,72)
r(336,1,6,72)
w(359,5,6,72)
w(196,5,6,72)
r(238,4,6,72)
w(332,7,6,72)
w(249,17,6,72)
w(101,11,6,72)
r(34,5,6,72)
w(246,14,6,72)
w(37,7,6,72)
r(106,1,6,72)
w(36,14,6,72)
w(51,11,6,72)
w(146,12,6,72)
r(61,1,6,72)
w(129,13,6,72)
r(104,1,6,72)
w(38,6,6,72)
r(300,3,6,72)
r(107,15,6,72)
r(264,10,6,72)
w(275,12,6,72)
r(94,1,6,72)
w(283,6,6,72)
w(37,13,6,72)
w(38,2,1,73)
r(56,7,1,73)
w(241,3,1,73)
r(359,6,1,73)
r(73,12,1,73)
w(140,4,1,73)
w(262,8,1,73)
w(328,8,1,73)
r(160,1,1,73)
w(165,8,1,73)
r(318,8,1,73)
w(245,2,1,73)
r(266,1,1,73)
w(4,2,1,73)
r(118,1,1,73)
w(295,2,1,73)
w(264,4,1,73)
r(160,1,1,73)
r(160,1,1,73)
r(58,4,1,73)
w(1,4,1,73)
r(290,12,1,73)
r(23,3,2,74)
r(207,5,2,74)
r(323,9,2,74)
r(59,10,2,74)
r(265,9,2,74)
r(307,1,2,74)
r(123,12,2,74)
r(118,1,2,74)
w(317,8,2,74)
w(282,4,2,74)
r(301,9,2,74)
r(226,1,2,74)
r(75,7,2,74)
w(256,3,2,74)
r(91,10,2,74)
w(157,8,2,74)
w(310,9,2,74)
w(358,3,2,74)
r(204,5,2,74)
r(281,2,2,74)
r(206,10,2,74)
w(219,8,2,74)
w(279,3,2,74)
r(271,1,2,74)
r(179,4,2,74)
r(260,1,2,74)
w(316,3,2,74)
r(18,2,2,74)
w(210,3,2,74)
w(18,8,2,74)
r(311,2,2,74)
r(130,2,2,74)
r(109,12,2,74)
w(246,4,2,74)
r(176,5,2,74)
r(120,9,2,74)
r(190,12,3,75)
w(156,8,3,75)
w(21,10,3,75)
w(295,10,3,75)
w(105,10,3,75)
r(190,12,3,75)
r(227,11,3,75)
w(273,12,3,75)
r(200,3,3,75)
r(161,1,3,75)
w(302,12,3,75)
w(149,8,3,75)
w(113,9,3,75)
r(184,14,3,75)
w(103,8,3,75)
w(61,12,3,75)
r(177,1,3,75)
w(185,4,3,75)
r(42,13,3,75)
r(245,14,3,75)
w(107,6,3,75)
r(62,12,3,75)
r(175,1,3,75)
w(49,3,3,75)
w(310,6,3,75)
w(29,12,3,75)
r(70,2,3,75)
r(133,3,3,75)
r(220,3,3,75)
r(114,12,3,75)
r(114,12,3,75)
w(190,3,3,75)
w(359,9,3,75)
r(263,14,3,75)
r(216,4,3,75)
r(181,12,3,75)
w(223,9,3,75)
w(187,3,3,75)
w(241,6,3,75)
w(14,10,3,75)
r(177,1,4,76)
w(215,10,4,76)
r(187,4,4,76)
r(1,3,4,76)
w(209,12,4,76)
w(355,3,4,76)
w(14,6,4,76)
w(43,12,4,76)
w(144,10,4,76)
w(305,10,4,76)
w(131,9,4,76)
w(275,3,4,76)
w(255,3,4,76)
r(205,2,4,76)
w(7,9,4,76)
w(208,7,4,76)
w(55,3,4,76)
r(28,1,4,76)
r(324,2,4,76)
w(297,10,4,76)
w(281,10,4,76)
r(110,3,4,76)
w(318,3,4,76)
w(137,9,4,76)
w(331,12,4,76)
r(269,12,4,76)
w(357,6,4,76)
w(18,9,4,76)
w(348,12,4,76)
r(26,1,4,76)
w(183,9,4,76)
w(281,6,4,76)
r(273,2,4,76)
w(337,12,4,76)
r(300,10,4,76)
w(21,13,4,76)
r(164,1,4,76)
w(254,6,4,76)
w(231,12,4,76)
w(250,3,4,76)
w(154,6,5,77)
r(113,14,5,77)
w(54,13,5,77)
w(81,14,5,77)
w(94,14,5,77)
w(204,7,5,77)
w(181,12,5,77)
w(155,7,5,77)
r(259,4,5,77)
r(194,12,5,77)
r(66,13,5,77)
r(114,12,5,77)
r(345,4,5,77)
w(248,12,5,77)
r(162,9,5,77)
w(287,6,5,77)
r(68,4,5,77)
w(256,10,5,77)
w(35,11,5,77)
w(351,10,5,77)
r(280,10,5,77)
w(191,6,5,77)
w(1,11,5,77)
w(312,7,5,77)
w(318,12,5,77)
r(288,2,5,77)
r(191,6,5,77)
r(260,1,5,77)
r(175,1,5,77)
w(203,6,5,77)
w(138,10,5,77)
w(42,13,5,77)
r(137,9,5,77)
w(169,13,5,77)
r(5,12,5,77)
r(38,8,5,77)
r(8,1,5,77)
r(33,2,5,77)
w(97,11,5,77)
r(153,2,5,77)
w(257,12,6,78)
w(73,7,6,78)
w(231,14,6,78)
w(200,13,6,78)
r(45,1,1,79)
r(304,12,1,79)
w(138,2,1,79)
w(17,2,1,79)
r(132,10,1,79)
w(9,2,1,79)
w(58,8,1,79)
w(126,8,1,79)
r(250,12,1,79)
w(93,2,1,79)
r(173,4,1,79)
w(316,4,1,79)
w(205,4,1,79)
w(331,4,1,79)
r(126,8,1,79)
r(240,9,1,79)
r(120,9,1,79)
r(226,1,1,79)
w(104,8,1,79)
r(345,4,1,79)
r(102,11,1,79)
r(195,1,1,79)
w(119,4,1,79)
r(258,2,2,80)
r(199,3,2,80)
r(29,7,2,80)
r(297,10,2,80)
w(357,3,2,80)
r(218,1,2,80)
r(275,3,2,80)
w(115,9,2,80)
w(239,4,2,80)
w(176,12,2,80)
r(88,10,2,80)
w(308,9,2,80)
r(133,3,2,80)
r(192,3,2,80)
w(232,8,2,80)
r(28,1,2,80)
r(257,1,2,80)
r(346,14,2,80)
r(119,1,2,80)
r(267,9,2,80)
r(213,1,2,80)
r(77,5,2,80)
r(284,7,2,80)
r(43,12,2,80)
w(337,4,2,80)
w(8,12,2,80)
r(29,7,2,80)
r(56,7,2,80)
w(308,12,2,80)
r(109,12,2,80)
r(30,10,2,80)
r(232,8,2,80)
w(128,9,2,80)
r(202,10,2,80)
w(211,3,2,80)
w(293,14,2,80)
r(56,7,2,80)
r(208,7,2,80)
w(143,9,2,80)
r(318,12,3,81)
r(59,4,3,81)
w(57,9,3,81)
r(312,8,3,81)
r(292,4,3,81)
w(56,9,3,81)
r(223,9,3,81)
r(149,8,3,81)
r(65,12,3,81)
r(350,2,3,81)
w(211,6,3,81)
w(221,3,3,81)
r(347,13,3,81)
r(102,9,3,81)
r(284,4,3,81)
r(299,1,3,81)
r(242,10,3,81)
w(129,10,3,81)
r(217,12,3,81)
w(312,12,3,81)
w(323,10,3,81)
r(264,9,3,81)
w(216,10,3,81)
r(277,13,3,81)
w(71,12,3,81)
w(77,10,3,81)
w(123,6,3,81)
r(348,12,3,81)
r(310,6,3,81)
w(75,10,3,81)
r(138,10,3,81)
r(315,3,3,81)
r(230,4,3,81)
r(112,8,3,81)
r(279,13,3,81)
w(78,10,3,81)
w(67,4,3,81)
w(225,12,3,81)
w(32,9,3,81)
w(137,3,3,81)
r(283,10,4,82)
w(68,10,4,82)
r(14,6,4,82)
w(34,9,4,82)
w(343,12,4,82)
r(108,1,4,82)
r(36,10,4,82)
w(243,9,4,82)
w(149,6,4,82)
w(89,6,5,83)
w(245,5,5,83)
r(244,4,5,83)
r(221,9,5,83)
w(296,10,5,83)
w(349,7,5,83)
w(57,6,5,83)
w(80,7,5,83)
r(224,2,5,83)
r(356,4,5,83)
w(254,5,5,83)
w(71,13,5,83)
r(54,13,5,83)
r(47,1,5,83)
r(265,9,5,83)
r(350,2,5,83)
w(261,13,6,84)
r(296,3,6,84)
r(164,1,6,84)
w(203,13,6,84)
r(327,1,6,84)
r(90,10,6,84)
w(329,2,1,85)
w(2,4,1,85)
w(222,4,1,85)
w(336,2,1,85)
w(25,8,1,85)
w(120,2,1,85)
r(348,12,1,85)
w(122,4,1,85)
r(309,3,1,85)
r(154,6,1,85)
w(283,2,1,85)
r(356,4,1,85)
r(64,2,1,85)
r(69,1,1,85)
w(356,3,1,85)
r(277,13,1,85)
w(105,8,1,85)
w(302,4,1,85)
w(22,8,1,85)
r(341,8,1,85)
w(148,2,1,85)
w(232,4,1,85)
r(252,13,1,85)
w(110,2,1,85)
r(38,8,1,85)
w(53,4,1,85)
r(56,7,1,85)
w(257,2,1,85)
w(288,8,1,85)
r(8,1,1,85)
r(212,10,1,85)
r(101,11,1,85)
r(142,3,1,85)
r(268,9,1,85)
w(196,2,1,85)
w(284,4,1,85)
w(45,3,1,85)
r(285,2,1,85)
r(263,14,1,85)
w(222,8,1,85)
w(132,4,2,86)
w(272,8,2,86)
w(85,8,2,86)
w(352,3,2,86)
w(330,8,2,86)
r(284,7,2,86)
w(349,3,2,86)
r(296,12,2,86)
w(102,9,2,86)
w(354,2,2,86)
r(89,3,2,86)
r(324,2,2,86)
r(211,15,2,86)
r(225,13,2,86)
w(180,8,2,86)
w(341,8,2,86)
w(59,4,2,86)
r(264,9,2,86)
r(111,7,2,86)
r(359,6,2,86)
r(353,14,2,86)
w(94,3,2,86)
w(152,8,2,86)
w(312,8,2,86)
w(204,8,2,86)
w(32,8,2,86)
w(15,12,2,86)
w(155,8,2,86)
r(178,12,2,86)
r(116,7,2,86)
r(334,1,2,86)
w(240,8,2,86)
r(331,12,2,86)
w(155,3,2,86)
w(331,8,2,86)
r(283,10,2,86)
w(195,3,2,86)
w(151,7,2,86)
w(288,3,2,86)
r(289,2,2,86)
r(304,12,3,87)
r(122,4,3,87)
r(39,4,3,87)
w(129,6,3,87)
r(153,2,3,87)
w(45,14,3,87)
r(302,12,3,87)
w(296,2,3,87)
w(81,8,3,87)
w(218,10,3,87)
r(228,2,3,87)
w(165,10,3,87)
w(142,10,3,87)
w(24,3,3,87)
r(277,13,4,88)
w(63,14,4,88)
w(322,9,4,88)
w(218,14,4,88)
r(145,1,4,88)
w(171,6,4,88)
r(160,1,4,88)
w(338,6,4,88)
w(37,9,4,88)
w(47,7,4,88)
r(329,2,4,88)
r(186,14,4,88)
w(286,8,4,88)
w(269,4,4,88)
w(319,6,4,88)
r(65,12,4,88)
w(89,9,4,88)
w(171,14,4,88)
w(355,9,4,88)
w(181,9,4,88)
r(58,14,4,88)
r(105,10,4,88)
w(332,8,4,88)
w(196,12,4,88)
r(25,8,4,88)
r(61,12,4,88)
w(27,14,5,89)
r(184,14,5,89)
r(156,9,5,89)
w(294,6,5,89)
r(163,2,5,89)
r(142,3,5,89)
w(228,7,5,89)
r(129,14,5,89)
w(325,6,5,89)
r(154,6,5,89)
r(160,1,5,89)
r(166,9,5,89)
w(311,14,5,89)
w(164,14,5,89)
r(172,7,5,89)
r(270,9,5,89)
w(319,5,5,89)
r(142,3,5,89)
r(5,12,5,89)
w(92,12,5,89)
r(248,12,5,89)
r(333,8,5,89)
r(318,12,5,89)
w(16,12,5,89)
r(209,12,5,89)
r(238,8,5,89)
w(3,3,5,89)
w(14,5,5,89)
r(80,14,5,89)
r(42,13,5,89)
r(20,2,5,89)
r(128,12,5,89)
r(91,10,6,90)
r(339,3,6,90)
r(2,2,6,90)
w(207,18,6,90)
w(296,6,6,90)
r(3,2,6,90)
r(73,12,6,90)
r(118,1,6,90)
r(62,12,6,90)
w(67,3,6,90)
w(177,7,6,90)
r(64,2,6,90)
r(193,1,6,90)
w(178,6,6,90)
r(211,12,6,90)
r(69,1,6,90)
r(315,3,6,90)
w(358,5,6,90)
w(274,9,6,90)
w(18,7,6,90)
w(257,10,6,90)
r(229,1,6,90)
r(237,1,6,90)
r(13,8,6,90)
w(26,4,1,91)
w(353,4,1,91)
w(323,4,1,91)
r(191,6,1,91)
r(50,3,1,91)
w(45,9,1,91)
r(352,3,1,91)
r(76,8,1,91)
w(300,4,1,91)
r(90,10,1,91)
r(168,14,1,91)
r(90,10,1,91)
w(342,9,1,91)
w(341,2,1,91)
w(136,2,1,91)
w(142,4,1,91)
w(307,2,1,91)
r(81,14,1,91)
r(33,2,1,91)
r(150,3,1,91)
w(114,2,1,91)
w(357,4,1,91)
w(42,4,1,91)
r(286,12,1,91)
w(91,3,1,91)
w(52,12,2,92)
w(129,9,2,92)
r(258,2,2,92)
r(162,9,2,92)
w(11,8,2,92)
r(116,7,2,92)
r(203,6,2,92)
r(185,1,2,92)
w(22,3,2,92)
w(97,8,2,92)
w(189,8,2,92)
r(242,10,2,92)
r(27,2,2,92)
w(329,4,2,92)
r(172,7,2,92)
r(40,4,2,92)
r(265,9,2,92)
w(278,8,2,92)
r(56,7,2,92)
w(206,8,2,92)
w(50,9,2,92)
w(179,8,2,92)
r(142,3,2,92)
w(20,8,2,92)
r(275,3,2,92)
w(122,8,2,92)
w(317,3,2,92)
r(76,8,2,92)
w(187,8,2,92)
r(131,9,2,92)
r(180,8,2,92)
r(271,1,2,92)
w(68,8,2,92)
r(242,10,2,92)
r(228,2,2,92)
w(52,10,2,92)
r(159,2,2,92)
r(251,6,2,92)
w(153,12,3,93)
w(126,10,3,93)
w(312,10,3,93)
r(5,12,3,93)
w(154,8,3,93)
w(17,4,3,93)
w(27,3,3,93)
r(125,1,3,93)
r(25,8,3,93)
r(130,2,3,93)
w(259,12,3,93)
r(191,8,3,93)
r(288,8,3,93)
w(42,12,3,93)
w(286,4,3,93)
r(348,12,3,93)
r(208,2,3,93)
w(253,3,3,93)
r(221,3,3,93)
w(107,14,3,93)
w(276,9,3,93)
r(13,10,3,93)
r(96,4,3,93)
w(328,10,3,93)
r(304,12,3,93)
w(60,9,3,93)
r(148,8,3,93)
w(339,9,3,93)
r(208,2,3,93)
r(219,2,3,93)
w(179,12,3,93)
w(81,3,3,93)
w(215,12,3,93)
w(272,3,3,93)
r(90,10,3,93)
r(75,10,3,93)
r(242,10,3,93)
r(255,3,3,93)
r(97,18,3,93)
w(36,9,3,93)
w(312,14,4,94)
r(48,15,4,94)
r(2,4,4,94)
w(263,10,4,94)
w(200,10,4,94)
r(232,4,4,94)
w(153,6,4,94)
w(205,6,4,94)
r(257,2,4,94)
w(332,3,4,94)
w(234,10,4,94)
w(35,7,4,94)
r(132,4,4,94)
r(63,9,4,94)
r(255,3,4,94)
w(351,3,4,94)
r(176,5,4,94)
r(255,3,4,94)
r(2,4,4,94)
w(316,14,4,94)
w(76,3,4,94)
w(335,6,4,94)
w(207,7,4,94)
w(258,12,4,94)
r(302,12,4,94)
r(157,4,4,94)
w(241,13,4,94)
w(15,10,4,94)
r(264,9,4,94)
r(43,12,4,94)
r(182,1,4,94)
w(14,14,4,94)
w(177,3,4,94)
r(288,8,4,94)
w(198,10,4,94)
w(76,9,4,94)
r(122,4,4,94)
w(250,9,4,94)
r(299,1,4,94)
r(6,2,4,94)
r(152,4,5,95)
w(321,7,5,95)
w(346,7,5,95)
w(70,12,5,95)
r(256,10,5,95)
r(318,12,5,95)
r(133,3,5,95)
r(333,8,5,95)
w(1,15,5,95)
w(118,9,5,95)
w(96,13,5,95)
r(227,11,5,95)
w(91,14,5,95)
r(321,7,5,95)
r(150,3,5,95)
w(39,6,5,95)
w(63,13,5,95)
r(337,12,5,95)
r(354,12,5,95)
w(291,6,5,95)
r(268,9,5,95)
w(288,14,5,95)
r(188,14,5,95)
r(253,6,5,95)
w(348,6,5,95)
r(312,7,5,95)
w(55,12,5,95)
w(321,13,5,95)
w(328,7,5,95)
w(96,5,5,95)
w(190,14,5,95)
w(116,14,5,95)
w(18,6,5,95)
r(319,10,5,95)
r(239,6,5,95)
w(288,7,5,95)
w(66,13,6,96)
r(28,1,6,96)
r(90,10,6,96)
w(225,13,6,96)
w(176,5,6,96)
w(138,14,6,96)
w(12,10,6,96)
r(263,8,6,96)
w(178,14,6,96)
w(223,18,6,96)
r(302,3,6,96)
w(117,6,6,96)
r(67,1,6,96)
w(296,14,6,96)
r(212,10,6,96)
r(296,14,6,96)
w(269,12,6,96)
w(336,7,6,96)
r(42,1,6,96)
w(123,17,6,96)
w(93,7,6,96)
r(242,4,6,96)
r(173,2,6,96)
w(137,6,6,96)
w(111,5,6,96)
w(16,14,6,96)
w(284,7,6,96)
w(296,7,6,96)
w(104,14,6,96)
r(206,3,6,96)
w(253,6,6,96)
r(61,10,6,96)
w(277,7,6,96)
w(100,12,6,96)
r(95,1,6,96)
r(169,3,6,96)
r(228,2,6,96)
w(339,6,6,96)
r(51,11,6,96)
r(51,11,6,96)
w(147,2,1,97)
w(157,2,1,97)
r(259,11,1,97)
w(267,2,1,97)
w(70,4,1,97)
r(15,12,1,97)
w(169,8,1,97)
w(297,2,1,97)
r(261,14,1,97)
w(261,8,1,97)
w(342,12,1,97)
r(253,6,1,97)
r(55,3,1,97)
w(25,3,1,97)
w(128,4,1,97)
r(291,1,1,97)
w(346,4,1,97)
r(70,4,1,97)
r(334,1,1,97)
w(183,2,1,97)
w(223,2,1,97)
r(322,1,1,97)
r(234,3,1,97)
w(188,8,1,97)
r(182,1,1,97)
w(152,2,1,97)
r(292,4,1,97)
w(351,2,1,97)
r(242,10,1,97)
w(96,3,1,97)
r(58,14,1,97)
w(264,8,1,97)
w(230,8,1,97)
w(236,4,2,98)
r(78,10,2,98)
r(82,6,2,98)
r(118,1,2,98)
w(124,3,2,98)
w(12,8,2,98)
w(167,3,2,98)
w(99,4,2,98)
w(268,3,2,98)
r(187,3,2,98)
w(313,8,2,98)
w(47,12,2,98)
r(344,9,2,98)
w(273,8,2,98)
r(141,6,2,98)
w(337,8,2,98)
r(337,8,2,98)
w(215,4,2,98)
w(218,8,2,98)
w(139,4,2,98)
r(351,3,2,98)
w(48,9,2,98)
r(313,7,3,99)
w(68,3,3,99)
r(264,9,3,99)
w(74,12,3,99)
w(149,9,3,99)
w(246,3,3,99)
w(332,4,3,99)
r(302,12,3,99)
w(296,4,3,99)
r(54,5,3,99)
r(251,4,3,99)
w(88,9,3,99)
r(110,2,3,99)
w(207,12,3,99)
w(213,6,3,99)
r(83,7,3,99)
r(240,8,3,99)
w(209,8,3,99)
r(44,8,3,99)
w(35,10,3,99)
w(234,9,3,99)
r(27,3,3,99)
w(228,12,3,99)
r(204,15,3,99)
r(293,6,3,99)
r(46,4,3,99)
r(322,4,3,99)
w(48,7,3,99)
r(69,3,3,99)
r(42,12,3,99)
w(307,3,3,99)
w(122,9,3,99)
r(76,4,3,99)
w(53,6,3,99)
r(75,10,3,99)
r(224,2,3,99)
r(315,3,3,99)
w(87,3,3,99)
r(5,12,3,99)
r(190,3,3,99)
r(272,8,4,100)
r(155,3,4,100)
r(121,1,4,100)
w(330,6,4,100)
w(175,9,4,100)
r(2,4,4,100)
w(72,14,4,100)
r(54,5,4,100)
r(152,8,4,100)
r(118,1,4,100)
r(259,11,4,100)
w(284,14,4,100)
w(141,10,4,100)
w(146,9,4,100)
w(352,7,4,100)
r(224,2,4,100)
w(280,3,4,100)
r(114,12,4,100)
r(33,2,4,100)
r(108,1,4,100)
w(279,10,4,100)
r(283,2,4,100)
w(306,14,4,100)
r(268,9,4,100)
w(122,7,4,100)
w(316,7,4,100)
r(59,4,4,100)
r(187,3,4,100)
w(120,14,4,100)
w(355,12,4,100)
r(274,3,4,100)
w(160,8,4,100)
w(171,7,4,100)
r(129,10,4,100)
r(145,1,4,100)
r(78,10,4,100)
r(344,9,4,100)
r(194,12,5,101)
w(21,5,5,101)
w(58,7,5,101)
w(227,5,6,102)
w(237,5,6,102)
r(136,9,6,102)
w(128,5,6,102)
r(306,3,6,102)
w(226,6,6,102)
r(205,5,6,102)
w(145,7,6,102)
r(78,9,6,102)
w(173,14,6,102)
w(65,5,6,102)
r(255,1,6,102)
w(259,13,6,102)
w(176,11,6,102)
w(204,11,6,102)
w(6,6,6,102)
r(344,1,6,102)
r(23,3,6,102)
r(189,10,6,102)
r(352,9,6,102)
w(201,13,6,102)
w(240,10,6,102)
w(20,12,6,102)
r(87,10,6,102)
r(116,1,6,102)
r(340,8,1,103)
w(300,8,1,103)
w(359,2,1,103)
r(14,10,1,103)
w(148,8,1,103)
r(265,9,1,103)
w(61,4,1,103)
w(101,3,1,103)
w(347,3,1,103)
w(227,8,1,103)
r(23,3,1,103)
w(191,8,1,103)
r(268,9,1,103)
r(114,12,1,103)
r(203,6,1,103)
w(134,2,1,103)
r(270,9,1,103)
r(184,14,1,103)
r(231,12,1,103)
w(322,4,1,103)
w(88,2,1,103)
r(245,14,1,103)
r(105,10,1,103)
r(147,6,1,103)
r(63,9,1,103)
r(100,12,1,103)
w(113,8,1,103)
r(226,1,1,103)
r(214,13,1,103)
r(121,1,1,103)
w(124,2,1,103)
r(268,9,1,103)
r(265,9,1,103)
w(251,4,1,103)
r(357,6,1,103)
r(84,10,1,103)
w(270,8,1,103)
r(142,3,1,103)
w(112,4,1,103)
r(17,1,1,103)
w(359,3,2,104)
w(197,4,2,104)
w(203,9,2,104)
r(9,9,2,104)
w(327,12,2,104)
w(253,2,2,104)
w(249,3,2,104)
r(355,3,2,104)
w(212,4,2,104)
w(14,3,2,104)
w(35,9,2,104)
w(252,10,2,104)
w(48,12,2,104)
w(243,8,2,104)
r(199,3,2,104)
r(253,2,2,104)
w(59,8,2,104)
r(135,10,2,104)
w(151,13,2,104)
w(337,3,2,104)
w(245,3,2,104)
r(34,17,2,104)
r(127,3,2,104)
r(274,3,2,104)
w(340,3,2,104)
r(250,9,2,104)
r(97,18,2,104)
w(8,10,2,104)
w(247,9,2,104)
r(52,11,2,104)
r(232,4,2,104)
r(253,2,2,104)
w(271,9,2,104)
r(279,13,2,104)
r(109,12,2,104)
r(177,3,2,104)
w(35,12,2,104)
r(210,12,2,104)
w(16,2,2,104)
w(126,3,2,104)
w(18,3,3,105)
w(154,3,3,105)
r(186,14,3,105)
r(285,2,3,105)
r(322,4,3,105)
r(31,8,3,105)
r(182,1,3,105)
w(336,9,3,105)
w(218,6,3,105)
r(93,7,3,105)
r(131,4,3,105)
r(326,3,3,105)
w(11,12,3,105)
w(2,9,3,105)
w(55,4,3,105)
w(1,10,3,105)
w(245,6,3,105)
r(202,10,3,105)
r(227,8,3,105)
w(341,12,3,105)
w(139,3,3,105)
r(54,5,3,105)
r(214,13,3,105)
r(151,8,3,105)
w(217,8,3,105)
r(26,1,3,105)
r(351,3,3,105)
r(185,4,3,105)
w(346,3,3,105)
w(319,8,3,105)
w(183,3,3,105)
w(86,10,3,105)
w(1,6,3,105)
r(217,8,3,105)
r(270,8,3,105)
r(51,8,3,105)
r(184,14,3,105)
r(354,2,3,105)
r(3,4,3,105)
r(8,10,3,105)
r(26,1,4,106)
r(53,4,4,106)
w(8,14,4,106)
w(127,9,4,106)
r(140,12,4,106)
r(103,8,4,106)
w(143,13,4,106)
w(25,14,4,106)
r(64,2,4,106)
w(351,9,4,106)
w(71,6,4,106)
w(73,10,4,106)
w(336,6,4,106)
r(350,2,4,106)
w(39,10,4,106)
r(30,10,4,106)
r(185,4,4,106)
w(311,12,4,106)
r(140,12,4,106)
w(239,10,4,106)
r(221,3,4,106)
r(326,3,4,106)
w(217,9,4,106)
w(230,14,4,106)
w(113,12,4,106)
w(80,13,5,107)
w(293,15,5,107)
w(96,11,5,107)
w(16,10,5,107)
w(138,6,5,107)
w(102,5,5,107)
w(241,11,5,107)
w(117,9,5,107)
w(256,6,5,107)
w(204,13,5,107)
r(204,13,5,107)
r(46,4,5,107)
r(329,2,5,107)
r(23,3,5,107)
w(278,12,5,107)
r(164,1,5,107)
w(147,10,5,107)
w(29,7,6,108)
r(40,4,6,108)
w(85,10,6,108)
r(86,12,6,108)
r(241,17,6,108)
w(337,10,6,108)
w(198,13,6,108)
r(85,10,6,108)
r(124,10,6,108)
w(306,5,6,108)
r(218,1,6,108)
r(160,1,6,108)
r(350,2,6,108)
r(254,8,6,108)
w(211,15,6,108)
w(42,11,6,108)
w(111,11,6,108)
r(145,1,6,108)
w(233,14,6,108)
w(168,10,6,108)
w(208,13,6,108)
w(102,11,6,108)
w(247,16,6,108)
w(239,13,6,108)
w(275,10,6,108)
w(109,12,6,108)
w(227,11,6,108)
w(214,13,6,108)
r(163,2,6,108)
r(92,3,6,108)
w(300,10,6,108)
w(162,10,6,108)
w(146,10,6,108)
r(72,2,6,108)
w(97,17,6,108)
r(200,3,6,108)
r(237,1,6,108)
r(243,3,6,108)
r(257,1,6,108)
w(277,13,6,108)
w(317,4,1,109)
r(265,9,1,109)
r(151,7,1,109)
r(78,10,1,109)
r(276,10,1,109)
w(124,4,1,109)
r(26,1,1,109)
w(131,4,1,109)
w(114,4,1,109)
r(150,3,1,109)
w(208,2,1,109)
r(335,6,1,109)
r(254,6,1,109)
r(220,3,1,109)
r(263,10,1,109)
w(100,4,1,109)
r(344,9,1,109)
r(83,7,1,109)
r(302,12,1,109)
w(128,8,1,109)
r(104,14,1,109)
r(327,14,1,109)
r(266,1,1,109)
w(200,2,1,109)
w(167,8,1,109)
r(284,4,1,109)
r(276,10,1,109)
r(25,8,1,109)
w(176,8,1,109)
w(14,4,1,109)
r(168,14,1,109)
r(110,2,1,109)
w(62,4,1,109)
w(44,8,1,109)
w(98,2,1,109)
r(181,12,1,109)
r(294,3,1,109)
r(131,4,1,109)
w(76,4,1,109)
w(8,8,1,109)
r(90,10,2,110)
w(176,10,2,110)
r(34,17,2,110)
w(73,3,2,110)
w(273,3,2,110)
r(309,3,2,110)
w(32,3,2,110)
w(66,6,2,110)
w(22,12,2,110)
r(290,12,2,110)
w(349,12,2,110)
r(5,12,2,110)
w(143,10,2,110)
r(31,8,2,110)
r(338,13,2,110)
w(141,8,2,110)
r(240,8,2,110)
r(346,3,2,110)
r(290,12,2,110)
r(8,10,2,110)
w(252,6,2,110)
r(190,3,2,110)
r(359,3,2,110)
w(139,8,2,110)
r(281,11,2,110)
r(74,12,2,110)
r(72,3,2,110)
w(16,4,2,110)
r(109,12,2,110)
r(222,8,2,110)
w(305,4,2,110)
r(117,6,2,110)
r(164,1,2,110)
w(63,8,2,110)
r(125,1,2,110)
w(61,9,2,110)
r(189,4,2,110)
w(137,8,2,110)
w(178,8,2,110)
r(336,9,2,110)
w(354,3,3,111)
r(111,7,3,111)
r(123,6,3,111)
w(72,3,3,111)
r(289,2,3,111)
r(330,8,3,111)
r(201,9,3,111)
w(264,6,3,111)
r(86,10,3,111)
r(270,8,3,111)
w(165,6,3,111)
w(22,7,3,111)
w(249,9,3,111)
r(17,4,3,111)
w(56,10,3,111)
r(279,13,3,111)
w(352,10,3,111)
w(75,6,3,111)
w(80,9,3,111)
r(31,8,3,111)
r(10,3,3,111)
r(64,3,3,111)
r(319,8,3,111)
w(149,12,3,111)
r(231,12,3,111)
w(141,9,3,111)
r(360,10,3,111)
r(312,10,3,111)
r(158,2,3,111)
w(212,9,3,111)
w(59,9,3,111)
r(62,4,3,111)
r(66,5,3,111)
w(84,9,3,111)
w(230,9,3,111)
r(64,3,3,111)
r(192,3,3,111)
w(169,12,3,111)
r(255,3,3,111)
w(35,6,3,111)
w(223,6,4,112)
w(345,8,4,112)
r(102,9,4,112)
r(32,9,4,112)
w(69,3,4,112)
w(172,10,4,112)
r(201,9,4,112)
w(128,14,4,112)
w(152,9,4,112)
w(324,8,4,112)
r(110,2,4,112)
r(67,4,4,112)
r(139,1,4,112)
r(129,10,4,112)
w(51,13,4,112)
w(167,7,4,112)
r(23,3,4,112)
r(303,10,4,112)
r(148,8,4,112)
r(168,14,4,112)
w(18,12,4,112)
w(127,12,4,112)
w(358,14,4,112)
w(103,10,4,112)
w(122,13,4,112)
r(286,4,4,112)
r(50,3,4,112)
w(64,3,4,112)
r(339,9,4,112)
r(262,4,4,112)
w(187,10,4,112)
r(111,7,4,112)
r(299,1,4,112)
w(273,6,4,112)
r(76,4,4,112)
w(38,9,4,112)
w(187,6,4,112)
r(61,4,4,112)
r(95,1,4,112)
w(173,12,4,112)
r(225,12,5,113)
w(33,9,5,113)
w(169,5,5,113)
w(329,10,5,113)
r(187,3,5,113)
w(183,6,5,113)
w(332,10,5,113)
r(172,7,5,113)
r(137,3,5,113)
r(236,3,5,113)
r(112,4,5,113)
r(128,8,5,113)
r(207,7,5,113)
w(168,12,5,113)
r(241,13,5,113)
w(72,5,5,113)
w(356,13,5,113)
r(304,12,5,113)
r(53,4,5,113)
w(153,7,5,113)
w(301,12,5,113)
w(59,6,5,113)
w(285,10,5,113)
w(23,12,5,113)
w(44,11,5,113)
w(253,10,5,113)
w(355,6,5,113)
r(31,8,5,113)
w(117,12,5,113)
w(172,14,5,113)
w(211,5,5,113)
r(93,7,5,113)
r(247,9,5,113)
r(336,2,5,113)
w(14,11,5,113)
r(200,3,6,114)
r(89,4,6,114)
r(114,1,6,114)
r(321,4,6,114)
w(142,5,6,114)
w(194,14,6,114)
w(257,6,6,114)
r(9,9,6,114)
w(329,13,6,114)
r(212,10,6,114)
r(154,2,6,114)
w(78,11,6,114)
w(35,3,1,115)
w(140,8,1,115)
r(239,6,1,115)
r(213,1,1,115)
w(299,2,1,115)
w(57,2,1,115)
w(151,8,1,115)
r(323,10,1,115)
w(51,8,1,115)
w(158,2,1,115)
r(75,10,1,115)
w(134,4,1,115)
w(356,9,1,115)
r(300,8,1,115)
r(125,1,1,115)
w(92,8,1,115)
w(336,4,1,115)
w(58,3,1,115)
r(74,6,1,115)
w(327,8,1,115)
r(49,3,1,115)
w(25,9,1,115)
r(341,8,1,115)
r(51,8,1,115)
w(198,4,1,115)
w(241,9,1,115)
r(261,14,1,115)
r(334,1,1,115)
w(234,8,1,115)
r(132,4,1,115)
r(252,10,1,115)
r(179,12,1,115)
w(252,9,1,115)
w(189,4,1,115)
w(268,4,1,115)
r(303,10,1,115)
r(321,4,1,115)
r(187,6,1,115)
r(43,12,1,115)
w(245,4,1,115)
w(188,3,3,116)
r(217,8,3,116)
w(21,6,3,116)
r(39,4,3,116)
r(129,10,3,116)
r(172,10,3,116)
w(187,9,3,116)
w(326,8,3,116)
w(125,8,3,116)
w(156,3,3,116)
r(324,8,3,116)
w(178,3,3,116)
w(271,6,3,116)
r(6,2,3,116)
r(146,6,3,116)
w(83,12,3,116)
w(157,3,3,116)
r(20,10,3,116)
r(241,9,3,116)
r(39,4,3,116)
r(81,3,3,116)
r(272,3,3,116)
r(95,1,3,116)
w(77,6,3,116)
r(33,2,3,116)
w(185,8,3,116)
w(212,12,3,116)
w(349,14,3,116)
w(314,10,3,116)
w(259,10,3,116)
r(188,3,3,116)
w(104,9,3,116)
r(197,4,3,116)
r(105,10,3,116)
r(196,11,3,116)
r(72,3,3,116)
r(237,9,3,116)
w(191,10,3,116)
w(148,9,3,116)
w(6,9,3,116)
w(333,12,4,117)
r(157,4,4,117)
r(1,11,4,117)
r(320,14,6,118)
w(132,10,6,118)
r(191,3,6,118)
w(304,12,6,118)
r(190,12,6,118)
w(138,7,6,118)
r(18,2,6,118)
r(145,1,6,118)
w(279,13,6,118)
w(188,13,6,118)
w(94,13,6,118)
w(13,14,6,118)
r(140,12,6,118)
w(83,7,6,118)
r(351,1,6,118)
r(134,10,6,118)
r(164,1,6,118)
w(287,7,6,118)
r(62,12,6,118)
w(77,5,6,118)
w(2,14,6,118)
w(184,14,6,118)
r(337,10,6,118)
w(295,11,6,118)
r(195,1,6,118)
r(103,4,6,118)
r(101,11,6,118)
r(19,4,6,118)
w(34,17,6,118)
r(202,9,6,118)
r(50,3,6,118)
r(353,14,6,118)
r(223,3,6,118)
r(178,12,6,118)
r(107,15,6,118)
r(109,12,6,118)
r(199,3,6,118)
r(240,9,6,118)
r(214,13,6,118)
w(146,6,6,118)
r(228,2,1,119)
r(208,2,1,119)
r(156,8,1,119)
w(314,8,1,119)
r(277,13,1,119)
r(39,4,1,119)
r(33,2,1,119)
w(351,4,1,119)
r(41,9,1,119)
r(21,6,3,120)
w(123,14,3,120)
w(253,9,3,120)
r(127,12,3,120)
w(227,10,3,120)
w(77,14,3,120)
w(124,9,3,120)
w(193,3,3,120)
r(298,8,3,120)
w(266,2,3,120)
w(260,8,3,120)
r(86,10,3,120)
r(226,1,3,120)
w(213,14,3,120)
r(289,2,3,120)
w(204,12,3,120)
w(159,8,3,120)
r(43,12,3,120)
r(180,8,3,120)
r(177,3,3,120)
w(97,12,3,120)
w(315,8,3,120)
r(281,11,3,120)
r(306,6,3,120)
r(170,2,3,120)
r(212,12,3,120)
w(230,12,3,120)
w(153,10,3,120)
r(177,3,3,120)
r(80,9,3,120)
w(134,9,3,120)
w(241,7,3,120)
w(188,9,3,120)
r(1,6,3,120)
w(122,12,3,120)
w(117,8,3,120)
r(322,4,3,120)
r(355,3,3,120)
r(319,8,3,120)
r(168,14,3,120)
r(65,12,6,121)
r(316,9,6,121)
w(208,5,6,121)
r(143,7,6,121)
w(30,7,6,121)
r(338,13,6,121)
w(333,10,6,121)
r(293,6,6,121)
w(333,6,6,121)
r(116,1,6,121)
w(89,7,6,121)
w(212,15,6,121)
r(21,7,6,121)
w(206,7,6,121)
r(222,1,6,121)
r(145,1,6,121)
w(299,10,6,121)
w(130,6,6,121)
w(103,6,6,121)
r(237,9,6,121)
w(238,6,6,121)
r(210,12,6,121)
r(313,7,6,121)
w(232,5,6,121)
w(96,17,6,121)
w(315,10,6,121)
w(260,9,6,121)
r(219,2,6,121)
w(120,13,6,121)
w(76,6,6,121)
w(122,20,6,121)
r(133,3,6,121)
r(151,17,6,121)
w(309,6,6,121)
r(153,2,6,122)
w(257,14,6,122)
r(244,4,6,122)
r(29,7,6,122)
w(214,5,6,122)
r(114,12,6,122)
w(73,13,6,122)
r(114,12,6,122)
r(339,2,6,122)
w(354,10,6,122)
r(281,2,6,122)
r(219,2,6,122)
r(255,1,6,122)
w(88,6,6,122)
r(290,12,6,122)
w(346,15,6,122)
r(178,12,6,122)
r(31,8,6,122)
r(90,10,6,122)
r(123,12,6,122)
w(255,10,6,122)
w(43,13,6,122)
w(60,15,6,122)
r(164,1,6,122)
w(286,14,6,122)
w(118,12,6,122)
r(30,10,6,122)
r(202,10,6,122)
r(35,5,6,122)
w(133,10,6,122)
w(109,10,6,122)
r(138,12,6,122)
r(10,3,6,122)
w(40,12,6,122)
w(242,10,6,123)
r(149,4,6,123)
w(116,7,6,123)
w(246,7,6,123)
w(280,6,6,123)
r(217,12,6,123)
w(314,5,6,123)
r(26,1,6,123)
r(63,9,6,123)
w(281,11,6,123)
w(98,7,6,123)
r(329,9,6,123)
r(271,1,6,123)
r(194,12,6,123)
w(349,5,6,123)
r(324,2,6,123)
r(318,12,6,123)
w(66,5,6,123)
r(86,6,6,123)
r(68,4,6,123)
w(233,7,6,123)
w(103,14,6,123)
w(147,6,6,123)
r(172,7,6,123)
r(140,12,6,123)
w(72,15,6,123)
w(168,14,6,123)
w(186,14,6,123)
w(97,18,6,123)
r(146,6,6,123)
r(177,1,6,123)
w(54,5,6,123)
r(182,1,6,123)
r(46,4,6,123)
w(259,11,6,123)
w(92,6,6,123)
r(106,1,6,123)
w(22,19,6,123)
w(273,11,6,123)
r(175,1,6,123)
r(237,9,6,124)
w(147,14,6,124)
r(185,1,6,124)
w(102,15,6,124)
w(236,13,6,124)
r(49,2,6,124)
r(160,1,6,124)
w(185,10,6,124)
w(59,7,6,124)
r(291,1,6,124)
w(297,5,6,124)
w(208,11,6,124)
r(298,8,6,124)
w(49,14,6,124)
w(75,11,6,124)
r(24,8,6,124)
r(135,10,6,124)
r(241,8,6,124)
r(63,9,6,124)
r(345,4,6,124)
w(13,7,6,124)
w(253,14,6,124)
w(342,17,6,124)
r(244,4,6,124)
r(207,5,6,124)
r(83,7,6,124)
w(2,7,6,124)
w(181,6,6,124)
r(354,2,6,124)
w(109,6,6,124)
r(22,19,6,124)
r(39,4,6,124)
r(133,3,6,124)
w(348,5,6,124)
r(14,6,6,124)
r(122,4,6,125)
r(271,1,6,125)
w(320,11,6,125)
r(225,13,6,125)
r(311,2,6,125)
r(234,3,6,125)
r(258,2,6,126)
r(320,14,6,126)
w(109,14,6,126)
w(87,14,6,126)
r(28,1,6,126)
w(338,11,6,126)
r(2,4,6,127)
w(266,8,6,127)
r(278,1,6,127)
w(246,13,6,127)
r(42,12,6,127)
r(154,8,6,127)
w(196,11,6,127)
w(235,9,6,127)
w(53,17,6,127)
w(199,7,6,127)
w(245,15,6,127)
r(58,14,6,127)
w(167,11,6,127)
r(190,3,6,127)
r(293,6,6,127)
r(54,5,6,127)
w(20,10,6,127)
w(103,7,6,127)
r(348,12,6,127)
w(140,11,6,127)
r(91,10,6,127)
r(39,4,6,127)
w(148,6,6,127)
r(291,1,6,127)
w(204,15,6,127)
r(312,10,6,127)
w(311,13,6,127)
r(226,1,6,127)
r(231,12,6,127)
w(295,17,6,127)
w(136,6,6,127)
w(278,10,6,127)
w(282,9,6,127)
w(92,14,6,127)
r(341,8,6,127)
w(173,7,6,127)
w(291,7,6,127)
w(102,17,6,127)
r(116,7,6,127)
w(22,20,6,127)
