w(1,1,0,0)
w(2,1,0,0)
w(3,1,0,0)
w(4,1,0,0)
w(5,1,0,0)
w(6,1,0,0)
w(7,1,0,0)
w(8,1,0,0)
w(9,1,0,0)
w(10,1,0,0)
w(11,1,0,0)
w(12,1,0,0)
w(13,1,0,0)
w(14,1,0,0)
w(15,1,0,0)
w(16,1,0,0)
w(17,1,0,0)
w(18,1,0,0)
w(19,1,0,0)
w(20,1,0,0)
w(21,1,0,0)
w(22,1,0,0)
w(23,1,0,0)
w(24,1,0,0)
w(25,1,0,0)
w(26,1,0,0)
w(27,1,0,0)
w(28,1,0,0)
w(29,1,0,0)
w(30,1,0,0)
w(31,1,0,0)
w(32,1,0,0)
w(33,1,0,0)
w(34,1,0,0)
w(35,1,0,0)
w(36,1,0,0)
w(37,1,0,0)
w(38,1,0,0)
w(39,1,0,0)
w(40,1,0,0)
w(41,1,0,0)
w(42,1,0,0)
w(43,1,0,0)
w(44,1,0,0)
w(45,1,0,0)
w(46,1,0,0)
w(47,1,0,0)
w(48,1,0,0)
w(49,1,0,0)
w(50,1,0,0)
w(51,1,0,0)
w(52,1,0,0)
w(53,1,0,0)
w(54,1,0,0)
w(55,1,0,0)
w(56,1,0,0)
w(57,1,0,0)
w(58,1,0,0)
w(59,1,0,0)
w(60,1,0,0)
w(61,1,0,0)
w(62,1,0,0)
w(63,1,0,0)
w(64,1,0,0)
w(65,1,0,0)
w(66,1,0,0)
w(67,1,0,0)
w(68,1,0,0)
w(69,1,0,0)
w(70,1,0,0)
w(71,1,0,0)
w(72,1,0,0)
w(73,1,0,0)
w(74,1,0,0)
w(75,1,0,0)
w(76,1,0,0)
w(77,1,0,0)
w(78,1,0,0)
w(79,1,0,0)
w(80,1,0,0)
w(81,1,0,0)
w(82,1,0,0)
w(83,1,0,0)
w(84,1,0,0)
w(85,1,0,0)
w(86,1,0,0)
w(87,1,0,0)
w(88,1,0,0)
w(89,1,0,0)
w(90,1,0,0)
w(91,1,0,0)
w(92,1,0,0)
w(93,1,0,0)
w(94,1,0,0)
w(95,1,0,0)
w(96,1,0,0)
w(97,1,0,0)
w(98,1,0,0)
w(99,1,0,0)
w(100,1,0,0)
w(101,1,0,0)
w(102,1,0,0)
w(103,1,0,0)
w(104,1,0,0)
w(105,1,0,0)
w(106,1,0,0)
w(107,1,0,0)
w(108,1,0,0)
w(109,1,0,0)
w(110,1,0,0)
w(111,1,0,0)
w(112,1,0,0)
w(113,1,0,0)
w(114,1,0,0)
w(115,1,0,0)
w(116,1,0,0)
w(117,1,0,0)
w(118,1,0,0)
w(119,1,0,0)
w(120,1,0,0)
w(121,1,0,0)
w(122,1,0,0)
w(123,1,0,0)
w(124,1,0,0)
w(125,1,0,0)
w(126,1,0,0)
w(127,1,0,0)
w(128,1,0,0)
w(129,1,0,0)
w(130,1,0,0)
w(131,1,0,0)
w(132,1,0,0)
w(133,1,0,0)
w(134,1,0,0)
w(135,1,0,0)
w(136,1,0,0)
w(137,1,0,0)
w(138,1,0,0)
w(139,1,0,0)
w(140,1,0,0)
w(141,1,0,0)
w(142,1,0,0)
w(143,1,0,0)
w(144,1,0,0)
w(145,1,0,0)
w(146,1,0,0)
w(147,1,0,0)
w(148,1,0,0)
w(149,1,0,0)
w(150,1,0,0)
w(151,1,0,0)
w(152,1,0,0)
w(153,1,0,0)
w(154,1,0,0)
w(155,1,0,0)
w(156,1,0,0)
w(157,1,0,0)
w(158,1,0,0)
w(159,1,0,0)
w(160,1,0,0)
w(161,1,0,0)
w(162,1,0,0)
w(163,1,0,0)
w(164,1,0,0)
w(165,1,0,0)
w(166,1,0,0)
w(167,1,0,0)
w(168,1,0,0)
w(169,1,0,0)
w(170,1,0,0)
w(171,1,0,0)
w(172,1,0,0)
w(173,1,0,0)
w(174,1,0,0)
w(175,1,0,0)
w(176,1,0,0)
w(177,1,0,0)
w(178,1,0,0)
w(179,1,0,0)
w(180,1,0,0)
w(181,1,0,0)
w(182,1,0,0)
w(183,1,0,0)
w(184,1,0,0)
w(185,1,0,0)
w(186,1,0,0)
w(187,1,0,0)
w(188,1,0,0)
w(189,1,0,0)
w(190,1,0,0)
w(191,1,0,0)
w(192,1,0,0)
w(193,1,0,0)
w(194,1,0,0)
w(195,1,0,0)
w(196,1,0,0)
w(197,1,0,0)
w(198,1,0,0)
w(199,1,0,0)
w(200,1,0,0)
w(201,1,0,0)
w(202,1,0,0)
w(203,1,0,0)
w(204,1,0,0)
w(205,1,0,0)
w(206,1,0,0)
w(207,1,0,0)
w(208,1,0,0)
w(209,1,0,0)
w(210,1,0,0)
w(211,1,0,0)
w(212,1,0,0)
w(213,1,0,0)
w(214,1,0,0)
w(215,1,0,0)
w(216,1,0,0)
w(217,1,0,0)
w(218,1,0,0)
w(219,1,0,0)
w(220,1,0,0)
w(221,1,0,0)
w(222,1,0,0)
w(223,1,0,0)
w(224,1,0,0)
w(225,1,0,0)
w(226,1,0,0)
w(227,1,0,0)
w(228,1,0,0)
w(229,1,0,0)
w(230,1,0,0)
w(231,1,0,0)
w(232,1,0,0)
w(233,1,0,0)
w(234,1,0,0)
w(235,1,0,0)
w(236,1,0,0)
w(237,1,0,0)
w(238,1,0,0)
w(239,1,0,0)
w(240,1,0,0)
w(241,1,0,0)
w(242,1,0,0)
w(243,1,0,0)
w(244,1,0,0)
w(245,1,0,0)
w(246,1,0,0)
w(247,1,0,0)
w(248,1,0,0)
w(249,1,0,0)
w(250,1,0,0)
w(251,1,0,0)
w(252,1,0,0)
w(253,1,0,0)
w(254,1,0,0)
w(255,1,0,0)
w(256,1,0,0)
w(257,1,0,0)
w(258,1,0,0)
w(259,1,0,0)
w(260,1,0,0)
w(261,1,0,0)
w(262,1,0,0)
w(263,1,0,0)
w(264,1,0,0)
w(265,1,0,0)
w(266,1,0,0)
w(267,1,0,0)
w(268,1,0,0)
w(269,1,0,0)
w(270,1,0,0)
w(271,1,0,0)
w(272,1,0,0)
w(273,1,0,0)
w(274,1,0,0)
w(275,1,0,0)
w(276,1,0,0)
w(277,1,0,0)
w(278,1,0,0)
w(279,1,0,0)
w(280,1,0,0)
w(281,1,0,0)
w(282,1,0,0)
w(283,1,0,0)
w(284,1,0,0)
w(285,1,0,0)
w(286,1,0,0)
w(287,1,0,0)
w(288,1,0,0)
w(289,1,0,0)
w(290,1,0,0)
w(291,1,0,0)
w(292,1,0,0)
w(293,1,0,0)
w(294,1,0,0)
w(295,1,0,0)
w(296,1,0,0)
w(297,1,0,0)
w(298,1,0,0)
w(299,1,0,0)
w(300,1,0,0)
w(301,1,0,0)
w(302,1,0,0)
w(303,1,0,0)
w(304,1,0,0)
w(305,1,0,0)
w(306,1,0,0)
w(307,1,0,0)
w(308,1,0,0)
w(309,1,0,0)
w(310,1,0,0)
w(311,1,0,0)
w(312,1,0,0)
w(313,1,0,0)
w(314,1,0,0)
w(315,1,0,0)
w(316,1,0,0)
w(317,1,0,0)
w(318,1,0,0)
w(319,1,0,0)
w(320,1,0,0)
w(321,1,0,0)
w(322,1,0,0)
w(323,1,0,0)
w(324,1,0,0)
w(325,1,0,0)
w(326,1,0,0)
w(327,1,0,0)
w(328,1,0,0)
w(329,1,0,0)
w(330,1,0,0)
w(331,1,0,0)
w(332,1,0,0)
w(333,1,0,0)
w(334,1,0,0)
w(335,1,0,0)
w(336,1,0,0)
w(337,1,0,0)
w(338,1,0,0)
w(339,1,0,0)
w(340,1,0,0)
w(341,1,0,0)
w(342,1,0,0)
w(343,1,0,0)
w(344,1,0,0)
w(345,1,0,0)
w(346,1,0,0)
w(347,1,0,0)
w(348,1,0,0)
w(349,1,0,0)
w(350,1,0,0)
w(351,1,0,0)
w(352,1,0,0)
w(353,1,0,0)
w(354,1,0,0)
w(355,1,0,0)
w(356,1,0,0)
w(357,1,0,0)
w(358,1,0,0)
w(359,1,0,0)
w(360,1,0,0)
w(1,2,1,1)
w(154,2,1,1)
r(83,1,1,1)
w(13,2,1,1)
w(345,2,1,1)
w(47,2,1,1)
w(336,2,1,1)
r(129,1,1,1)
w(139,2,1,1)
r(106,1,1,1)
w(249,2,1,1)
r(305,1,1,1)
w(16,2,1,1)
r(294,1,1,1)
w(328,2,1,1)
r(218,1,1,1)
r(182,1,2,2)
r(16,1,2,2)
r(250,1,2,2)
r(304,1,2,2)
r(109,1,2,2)
r(219,1,2,2)
w(343,10,2,2)
w(17,3,2,2)
w(145,4,2,2)
r(130,1,2,2)
w(65,3,2,2)
r(302,1,2,2)
r(326,1,2,2)
w(29,4,2,2)
r(8,1,2,2)
r(116,1,2,2)
w(279,4,2,2)
r(214,1,2,2)
w(213,2,2,2)
w(299,5,2,2)
r(107,1,2,2)
r(340,1,2,2)
w(40,4,2,2)
r(50,1,2,2)
w(329,3,2,2)
w(280,4,2,2)
r(158,1,2,2)
w(128,4,2,2)
r(273,1,2,2)
w(281,4,2,2)
r(132,1,2,2)
r(131,1,2,2)
w(355,10,2,2)
r(100,6,2,2)
r(213,2,2,2)
w(354,10,2,2)
r(252,1,2,2)
w(170,3,2,2)
r(47,1,2,2)
r(240,8,2,2)
r(134,1,3,3)
r(231,1,3,3)
r(340,1,3,3)
r(108,1,3,3)
w(95,8,3,3)
w(81,4,3,3)
r(234,1,3,3)
r(111,1,3,3)
w(42,4,3,3)
r(116,1,3,3)
w(89,5,3,3)
r(358,1,3,3)
r(321,1,3,3)
w(348,5,3,3)
r(107,1,3,3)
w(186,3,3,3)
w(268,8,3,3)
w(72,6,3,3)
w(58,12,3,3)
r(179,1,3,3)
r(273,1,3,3)
w(75,6,3,3)
w(137,3,3,3)
r(210,1,3,3)
r(84,8,3,3)
r(225,1,3,3)
r(6,1,3,3)
r(271,1,3,3)
r(269,1,3,3)
r(91,1,3,3)
r(163,1,3,3)
r(45,1,3,3)
w(62,3,3,3)
w(324,4,3,3)
w(199,4,3,3)
r(125,1,3,3)
w(222,4,3,3)
w(123,3,3,3)
r(69,1,3,3)
w(293,10,3,3)
r(113,1,4,4)
r(79,1,4,4)
r(310,1,4,4)
w(338,8,4,4)
r(261,1,4,4)
r(208,1,4,4)
r(177,1,4,4)
w(86,5,4,4)
r(108,1,4,4)
r(155,1,4,4)
r(12,1,4,4)
r(160,1,4,4)
r(250,1,4,4)
w(240,8,4,4)
w(259,6,4,4)
w(215,2,4,4)
w(151,9,4,4)
w(187,10,4,4)
w(229,4,4,4)
w(96,13,4,4)
r(84,1,4,4)
w(105,3,4,4)
w(227,4,4,4)
r(26,1,4,4)
w(207,6,4,4)
r(116,1,4,4)
w(209,5,4,4)
r(245,1,4,4)
w(84,8,4,4)
w(100,6,4,4)
w(106,3,4,4)
r(4,1,4,4)
w(349,9,4,4)
r(214,1,4,4)
w(52,12,4,4)
r(105,3,4,4)
r(103,1,4,4)
r(47,1,4,4)
w(29,8,4,4)
r(329,1,4,4)
r(126,1,5,5)
w(119,13,5,5)
r(317,1,5,5)
w(123,8,5,5)
w(183,8,5,5)
w(282,5,5,5)
r(61,1,5,5)
r(55,12,5,5)
r(164,2,5,5)
r(264,1,5,5)
w(318,11,5,5)
w(356,4,5,5)
r(134,1,5,5)
r(1,1,5,5)
w(55,7,5,5)
w(158,12,5,5)
w(266,8,5,5)
r(118,1,5,5)
w(249,8,5,5)
w(225,11,5,5)
w(316,4,5,5)
w(187,6,5,5)
r(13,5,5,5)
r(274,1,5,5)
r(137,3,5,5)
w(189,11,5,5)
w(83,12,5,5)
r(4,12,5,5)
r(309,3,5,5)
w(315,5,5,5)
r(29,4,5,5)
r(210,8,5,5)
w(78,13,5,5)
w(47,11,5,5)
w(55,14,5,5)
w(223,13,5,5)
r(234,1,5,5)
r(126,1,5,5)
r(254,1,5,5)
r(120,1,5,5)
w(344,5,6,6)
r(108,1,6,6)
w(78,7,6,6)
w(222,12,6,6)
r(346,1,6,6)
w(199,11,6,6)
r(58,1,6,6)
w(308,5,6,6)
w(287,12,6,6)
r(28,1,6,6)
r(291,1,6,6)
w(252,13,6,6)
w(93,16,6,6)
w(258,12,6,6)
r(169,1,6,6)
r(317,1,6,6)
r(20,1,6,6)
r(232,1,6,6)
r(257,1,6,6)
r(231,1,6,6)
w(279,8,6,6)
w(316,6,6,6)
r(233,1,6,6)
r(299,1,6,6)
r(338,8,6,6)
w(141,9,6,6)
w(332,7,6,6)
w(159,13,6,6)
w(57,12,6,6)
r(345,1,6,6)
r(85,1,1,7)
r(141,1,1,7)
w(70,2,1,7)
w(337,2,1,7)
w(46,2,1,7)
w(277,2,1,7)
w(212,2,1,7)
r(346,1,1,7)
r(269,1,1,7)
r(231,1,1,7)
w(154,3,1,7)
w(114,2,1,7)
w(318,2,1,7)
w(348,2,1,7)
r(29,4,1,7)
r(330,1,1,7)
w(97,2,1,7)
r(316,1,1,7)
w(225,2,1,7)
w(346,2,1,7)
w(345,3,1,7)
r(37,1,1,7)
w(113,2,1,7)
r(127,1,1,7)
w(15,2,1,7)
r(209,5,1,7)
w(196,2,1,7)
r(35,1,1,7)
w(15,3,1,7)
r(276,1,1,7)
w(253,2,1,7)
w(291,2,1,7)
w(164,2,1,7)
r(246,1,1,7)
r(317,1,1,7)
r(233,1,1,7)
r(175,1,1,7)
r(143,1,1,7)
r(69,1,1,7)
r(32,1,1,7)
w(39,4,2,8)
w(214,2,2,8)
r(217,1,2,8)
r(166,1,2,8)
r(242,1,2,8)
r(130,1,2,8)
w(179,2,2,8)
w(66,2,2,8)
w(317,2,2,8)
w(102,10,2,8)
r(301,1,2,8)
r(12,1,2,8)
w(266,3,2,8)
r(314,1,2,8)
w(83,4,2,8)
w(323,2,2,8)
r(310,1,2,8)
w(155,10,2,8)
w(296,3,2,8)
r(208,1,2,8)
r(154,3,2,8)
r(268,8,2,8)
r(298,1,2,8)
w(168,3,2,8)
r(338,8,2,8)
w(71,4,2,8)
w(151,5,2,8)
r(219,1,2,8)
w(298,3,2,8)
r(115,1,2,8)
w(144,4,2,8)
r(90,1,2,8)
r(194,1,2,8)
w(156,3,2,8)
r(153,1,2,8)
w(44,3,2,8)
w(55,3,2,8)
w(130,12,3,9)
r(108,1,3,9)
r(174,1,3,9)
r(146,1,3,9)
w(64,5,3,9)
r(301,1,3,9)
r(274,1,3,9)
w(267,10,3,9)
r(31,1,3,9)
r(69,1,3,9)
r(229,4,3,9)
r(342,1,3,9)
r(350,1,3,9)
r(211,1,3,9)
w(355,8,3,9)
r(143,1,3,9)
r(122,1,3,9)
w(271,5,3,9)
r(317,1,3,9)
w(108,6,3,9)
w(77,6,3,9)
r(271,5,3,9)
w(72,5,3,9)
r(93,1,3,9)
r(192,1,3,9)
w(319,10,3,9)
r(243,1,3,9)
r(136,1,3,9)
w(67,6,3,9)
r(313,1,3,9)
r(318,2,3,9)
w(71,6,3,9)
w(342,4,3,9)
r(192,1,3,9)
w(303,6,3,9)
r(38,1,3,9)
w(141,5,3,9)
r(183,1,3,9)
w(24,8,3,9)
w(148,3,3,9)
r(227,4,4,10)
r(16,1,4,10)
w(157,12,4,10)
r(228,1,4,10)
r(83,1,4,10)
r(256,1,4,10)
w(64,9,4,10)
w(306,3,4,10)
w(238,4,4,10)
w(324,5,4,10)
w(249,10,4,10)
w(261,6,4,10)
w(190,6,4,10)
r(29,4,4,10)
w(306,4,4,10)
r(23,1,4,10)
r(43,1,4,10)
r(20,1,4,10)
w(186,6,4,10)
w(213,9,4,10)
r(107,1,4,10)
w(331,8,4,10)
w(132,10,4,10)
w(326,10,4,10)
r(250,1,4,10)
r(245,1,4,10)
w(210,6,4,10)
r(82,1,4,10)
w(43,10,4,10)
w(311,6,4,10)
r(100,5,5,11)
r(208,1,5,11)
r(342,4,5,11)
w(154,12,5,11)
w(290,8,5,11)
r(136,1,5,11)
r(178,6,5,11)
w(123,12,5,11)
w(54,5,5,11)
r(212,13,5,11)
r(260,1,5,11)
r(184,1,5,11)
w(152,8,5,11)
r(52,12,5,11)
w(295,14,5,11)
w(58,11,5,11)
r(354,10,5,11)
r(358,1,5,11)
w(331,12,5,11)
r(206,1,5,11)
r(105,3,5,11)
w(15,5,5,11)
w(6,5,5,11)
r(259,6,5,11)
w(172,9,5,11)
r(315,5,5,11)
r(90,1,5,11)
w(105,10,5,11)
w(87,5,5,11)
w(67,13,5,11)
r(346,2,5,11)
w(243,11,5,11)
w(147,6,5,11)
r(246,1,5,11)
r(251,6,5,11)
w(168,8,5,11)
w(342,8,5,11)
r(85,1,5,11)
r(344,2,5,11)
w(79,12,5,11)
r(216,1,6,12)
w(221,7,6,12)
r(175,1,6,12)
w(292,10,6,12)
w(158,13,6,12)
r(16,4,1,13)
w(25,2,1,13)
w(144,2,1,13)
r(321,1,1,13)
w(93,2,1,13)
r(241,1,1,13)
w(159,2,1,13)
w(325,2,1,13)
w(141,2,1,13)
w(232,2,1,13)
r(118,1,1,13)
w(166,2,1,13)
r(130,6,1,13)
w(86,2,1,13)
w(70,3,1,13)
r(299,7,1,13)
w(285,2,1,13)
r(139,1,1,13)
r(37,1,1,13)
w(202,2,1,13)
r(271,5,1,13)
w(222,2,1,13)
w(47,3,1,13)
r(196,8,1,13)
w(110,2,1,13)
r(76,1,1,13)
w(1,3,1,13)
r(48,1,1,13)
w(51,2,1,13)
r(243,1,1,13)
r(175,1,1,13)
w(67,2,1,13)
r(221,1,1,13)
r(204,1,1,13)
r(344,1,1,13)
r(200,1,1,13)
r(153,1,1,13)
r(359,1,1,13)
w(85,2,2,14)
r(260,1,2,14)
w(190,4,2,14)
r(75,6,2,14)
w(87,3,2,14)
w(350,3,2,14)
r(106,3,2,14)
w(124,4,2,14)
w(76,3,2,14)
w(79,3,2,14)
w(42,3,2,14)
w(291,3,2,14)
w(12,2,2,14)
r(156,1,2,14)
r(171,1,2,14)
r(318,2,2,14)
r(40,4,2,14)
r(94,1,2,14)
w(189,3,2,14)
r(261,1,2,14)
w(31,6,2,14)
r(287,1,2,14)
w(205,3,2,14)
r(30,1,2,14)
w(182,2,2,14)
w(343,6,2,14)
w(231,3,2,14)
w(120,3,2,14)
r(292,1,2,14)
r(230,1,2,14)
w(358,3,2,14)
r(357,1,2,14)
w(246,2,2,14)
r(270,1,2,14)
w(91,4,2,14)
r(150,1,2,14)
r(71,1,2,14)
w(185,3,2,14)
w(211,10,3,15)
w(360,4,3,15)
r(140,1,3,15)
r(159,1,3,15)
w(53,4,3,15)
r(252,1,3,15)
r(107,1,3,15)
w(48,4,3,15)
w(359,10,3,15)
w(196,10,3,15)
w(150,2,3,15)
r(88,1,3,15)
w(309,4,3,15)
w(315,10,3,15)
r(80,4,3,15)
r(129,1,3,15)
w(202,5,3,15)
r(38,1,4,16)
r(44,1,4,16)
w(56,10,4,16)
w(189,8,4,16)
w(289,12,4,16)
r(72,6,4,16)
r(69,1,4,16)
r(107,1,4,16)
r(273,1,4,16)
w(269,10,4,16)
r(147,1,4,16)
w(172,8,4,16)
w(195,5,4,16)
r(316,1,4,16)
w(76,12,4,16)
w(148,12,4,16)
w(39,9,4,16)
r(279,4,4,16)
w(284,10,4,16)
r(159,1,5,17)
w(214,8,5,17)
r(201,1,5,17)
r(217,1,5,17)
r(91,2,5,17)
r(34,2,5,17)
r(79,4,5,17)
w(185,8,5,17)
w(353,11,5,17)
w(22,12,5,17)
r(325,4,5,17)
r(343,2,5,17)
w(93,14,5,17)
w(193,5,5,17)
r(114,2,5,17)
w(64,14,5,17)
w(56,12,5,17)
r(312,1,5,17)
r(24,8,5,17)
w(337,10,5,17)
w(187,8,5,17)
r(338,10,5,17)
w(59,5,5,17)
r(172,9,5,17)
w(352,6,6,18)
r(229,4,6,18)
w(201,13,6,18)
w(317,8,6,18)
w(215,12,6,18)
r(65,3,6,18)
w(276,7,6,18)
r(85,1,6,18)
r(70,2,6,18)
w(216,8,6,18)
w(321,13,6,18)
r(349,9,1,19)
r(15,3,1,19)
w(125,2,1,19)
w(32,2,1,19)
r(188,1,1,19)
w(71,2,1,19)
w(125,3,1,19)
w(70,4,1,19)
w(331,2,1,19)
r(106,3,1,19)
r(146,1,1,19)
w(356,2,1,19)
w(110,3,1,19)
r(297,1,1,19)
w(230,2,1,19)
r(169,3,1,19)
w(195,2,1,19)
r(37,8,1,19)
w(295,2,1,19)
r(347,1,1,19)
r(185,1,1,19)
w(27,2,1,19)
r(308,1,1,19)
w(332,3,1,19)
r(200,1,1,19)
w(194,2,1,19)
w(118,2,1,19)
w(239,2,1,19)
r(247,1,1,19)
r(249,8,1,19)
w(344,2,1,19)
r(304,1,1,19)
r(150,1,1,19)
w(262,2,1,19)
r(250,1,1,19)
w(294,3,1,19)
r(90,1,1,19)
r(295,2,1,19)
w(265,2,1,19)
w(228,2,1,19)
w(169,3,2,20)
w(47,6,2,20)
r(69,1,2,20)
w(195,4,2,20)
r(22,1,2,20)
r(205,1,2,20)
w(339,4,2,20)
r(176,1,2,20)
r(324,4,2,20)
r(227,4,2,20)
w(80,4,2,20)
w(266,4,2,20)
w(16,4,2,20)
w(266,10,2,20)
w(173,3,2,20)
w(130,6,2,20)
r(247,1,2,20)
r(124,1,2,20)
w(253,10,2,20)
w(316,3,2,20)
r(228,1,2,20)
r(139,1,2,20)
r(92,1,2,20)
r(146,1,2,20)
w(44,4,2,20)
r(35,1,2,20)
w(225,4,2,20)
r(146,1,2,20)
r(241,1,2,20)
w(351,2,2,20)
r(300,1,2,20)
r(228,1,2,20)
w(309,3,2,20)
r(39,1,2,20)
r(92,1,2,20)
w(330,8,2,20)
r(171,1,2,20)
r(110,1,2,20)
r(350,1,2,20)
r(218,1,2,20)
w(281,6,3,21)
r(33,1,3,21)
r(75,6,3,21)
r(275,1,3,21)
w(125,12,3,21)
r(223,13,3,21)
w(337,4,3,21)
w(30,10,3,21)
w(58,13,3,21)
r(213,2,3,21)
r(105,3,3,21)
w(296,10,3,21)
r(127,1,3,21)
r(53,1,3,21)
r(146,1,3,21)
w(145,6,3,21)
r(285,1,3,21)
r(188,1,3,21)
w(176,4,3,21)
r(57,1,3,21)
r(126,1,3,21)
w(304,4,3,21)
r(173,3,3,21)
r(101,1,3,21)
r(358,1,3,21)
r(286,1,3,21)
w(213,6,3,21)
w(185,4,3,21)
w(252,4,3,21)
w(66,6,3,21)
r(283,1,3,21)
r(298,1,3,21)
r(305,4,3,21)
w(39,13,3,21)
r(198,1,4,22)
w(100,5,4,22)
r(267,1,4,22)
w(333,12,4,22)
r(325,1,4,22)
r(250,1,4,22)
w(79,5,4,22)
r(197,1,4,22)
w(4,12,4,22)
r(266,1,4,22)
r(358,1,4,22)
w(210,5,4,22)
r(305,1,4,22)
w(249,6,4,22)
w(166,8,4,22)
r(195,1,4,22)
r(66,1,4,22)
r(320,1,4,22)
r(155,1,4,22)
w(210,8,4,22)
r(202,1,4,22)
w(104,6,4,22)
w(196,8,4,22)
r(254,1,4,22)
w(212,13,4,22)
r(92,1,4,22)
w(280,5,4,22)
r(282,1,4,22)
r(102,1,4,22)
r(280,5,4,22)
w(295,11,4,22)
r(44,1,4,22)
w(299,7,4,22)
w(55,12,4,22)
w(306,10,4,22)
r(289,1,4,22)
w(292,4,4,22)
w(5,4,4,22)
r(30,1,4,22)
w(123,10,4,22)
r(82,1,5,23)
r(237,1,5,23)
r(317,1,5,23)
r(144,10,5,23)
r(180,1,5,23)
w(352,4,5,23)
w(334,6,5,23)
r(248,5,5,23)
r(151,9,5,23)
r(107,1,5,23)
r(60,3,5,23)
w(277,12,5,23)
r(2,10,5,23)
w(223,9,5,23)
w(23,8,5,23)
r(56,1,5,23)
r(125,3,5,23)
r(35,1,5,23)
r(186,3,5,23)
w(245,6,5,23)
r(310,1,5,23)
w(247,7,5,23)
r(127,1,5,23)
w(103,7,5,23)
w(186,13,5,23)
r(191,2,5,23)
r(141,8,5,23)
w(80,8,5,23)
r(207,6,5,23)
r(243,11,5,23)
w(191,13,5,23)
r(236,1,6,24)
r(56,1,6,24)
r(53,1,6,24)
w(120,14,6,24)
r(180,1,6,24)
r(273,1,6,24)
w(121,13,6,24)
w(38,18,6,24)
r(240,10,6,24)
w(92,12,6,24)
w(216,12,6,24)
r(199,6,6,24)
r(215,2,6,24)
r(24,8,6,24)
w(40,7,6,24)
r(56,1,6,24)
r(28,3,6,24)
w(257,13,6,24)
w(13,11,6,24)
r(173,10,6,24)
w(294,9,6,24)
w(14,7,6,24)
r(333,13,6,24)
r(278,1,6,24)
r(103,1,6,24)
r(236,1,6,24)
r(215,2,6,24)
r(282,5,6,24)
r(35,1,6,24)
w(22,13,6,24)
r(111,1,6,24)
w(131,13,6,24)
w(255,9,6,24)
r(195,2,6,24)
w(42,8,6,24)
r(180,1,6,24)
r(212,13,6,24)
w(255,11,6,24)
r(211,1,6,24)
r(228,2,6,24)
w(216,2,1,25)
w(330,2,1,25)
r(305,4,1,25)
w(24,2,1,25)
r(335,1,1,25)
w(349,2,1,25)
w(268,2,1,25)
w(8,2,1,25)
w(82,2,1,25)
w(264,2,1,25)
r(245,1,1,25)
w(126,3,1,25)
r(242,1,1,25)
w(337,3,1,25)
w(136,2,1,25)
r(270,1,1,25)
w(247,2,1,25)
w(355,2,1,25)
w(60,2,1,25)
w(355,3,1,25)
w(64,2,1,25)
r(257,1,1,25)
w(86,3,1,25)
r(79,5,1,25)
w(209,2,1,25)
r(314,4,1,25)
r(150,1,1,25)
r(227,4,1,25)
r(330,8,2,26)
w(210,2,2,26)
r(33,1,2,26)
w(142,4,2,26)
r(194,2,2,26)
w(159,10,2,26)
w(312,2,2,26)
r(10,6,2,26)
r(15,3,2,26)
r(138,1,2,26)
w(297,3,2,26)
w(84,3,2,26)
r(172,1,2,26)
r(225,11,2,26)
w(135,10,2,26)
w(73,10,2,26)
w(77,3,2,26)
r(1,1,2,26)
r(282,5,2,26)
r(328,1,2,26)
r(119,13,2,26)
r(189,11,2,26)
r(55,14,2,26)
w(82,4,2,26)
r(304,1,2,26)
r(47,11,2,26)
w(358,4,2,26)
r(305,4,2,26)
r(316,4,3,27)
r(210,8,3,27)
w(360,10,3,27)
r(282,5,3,27)
w(273,6,3,27)
r(319,10,3,27)
r(251,6,3,27)
w(88,4,3,27)
r(322,1,3,27)
r(8,1,3,27)
r(319,10,3,27)
r(122,1,3,27)
r(97,2,3,27)
r(121,1,3,27)
w(295,9,3,27)
r(123,12,3,27)
r(61,1,3,27)
r(190,1,3,27)
w(47,5,3,27)
r(220,1,3,27)
r(115,1,3,27)
r(229,4,3,27)
w(103,12,3,27)
r(123,12,3,27)
w(256,8,3,27)
w(112,3,3,27)
r(152,8,3,27)
r(65,3,3,27)
r(226,1,4,28)
r(106,3,4,28)
r(281,4,4,28)
w(215,3,4,28)
w(242,4,4,28)
r(64,5,4,28)
w(301,6,4,28)
r(20,1,4,28)
r(76,10,5,29)
w(141,13,5,29)
w(82,8,5,29)
w(162,12,5,29)
r(257,13,5,29)
r(183,8,5,29)
w(139,8,5,29)
r(220,1,5,29)
r(135,1,5,29)
w(171,10,5,29)
w(127,13,5,29)
r(187,3,5,29)
r(214,3,5,29)
w(108,5,5,29)
w(185,12,5,29)
w(80,12,5,29)
w(240,7,5,29)
r(45,3,5,29)
w(272,4,5,29)
w(199,13,5,29)
w(90,6,5,29)
r(191,2,5,29)
w(101,4,5,29)
w(172,7,5,29)
w(164,6,5,29)
w(148,11,5,29)
r(94,4,5,29)
r(211,1,5,29)
w(78,11,5,29)
w(192,5,5,29)
r(333,13,5,29)
w(72,9,5,29)
w(44,5,5,29)
r(245,3,5,29)
w(266,12,5,29)
w(74,9,5,29)
r(217,1,5,29)
w(27,8,5,29)
w(102,14,5,29)
w(122,12,5,29)
w(2,11,6,30)
r(314,4,6,30)
w(76,14,6,30)
r(328,1,6,30)
w(143,13,6,30)
r(95,8,6,30)
w(46,8,6,30)
r(191,2,6,30)
w(248,9,6,30)
r(328,1,6,30)
r(277,2,6,30)
w(339,16,6,30)
r(74,1,6,30)
r(343,2,6,30)
r(177,1,6,30)
r(50,1,6,30)
r(360,1,6,30)
r(352,1,6,30)
r(84,4,6,30)
w(22,9,6,30)
r(244,2,6,30)
r(284,1,6,30)
w(125,11,6,30)
r(193,1,6,30)
r(339,16,6,30)
w(53,8,6,30)
r(358,1,6,30)
w(235,8,6,30)
r(254,1,1,31)
w(37,2,1,31)
w(9,2,1,31)
r(234,1,1,31)
r(132,1,1,31)
r(97,2,1,31)
r(354,10,1,31)
r(315,5,1,31)
r(111,1,1,31)
r(352,1,1,31)
r(319,10,1,31)
r(172,9,1,31)
w(14,2,1,31)
r(225,11,1,31)
w(295,3,1,31)
w(187,3,1,31)
r(17,3,1,31)
r(346,2,1,31)
w(270,2,1,31)
w(190,2,1,31)
r(256,1,1,31)
r(265,2,1,31)
w(174,2,1,31)
r(347,1,1,31)
w(134,2,1,31)
w(324,2,1,31)
w(25,3,1,31)
w(353,2,1,31)
w(322,2,1,31)
w(119,2,1,31)
w(285,3,1,31)
r(316,4,1,31)
w(67,3,1,31)
r(130,6,1,31)
w(265,3,1,31)
r(216,1,1,31)
r(157,1,1,31)
r(134,2,1,31)
w(343,2,1,31)
r(334,1,1,31)
r(212,13,2,32)
w(339,10,2,32)
w(76,10,2,32)
w(110,4,2,32)
r(230,2,2,32)
w(146,10,2,32)
r(266,8,2,32)
w(109,4,2,32)
w(303,2,2,32)
r(258,1,2,32)
w(146,6,2,32)
r(76,10,2,32)
r(92,1,2,32)
w(200,3,2,32)
w(84,4,2,32)
r(84,4,2,32)
w(79,4,2,32)
r(170,3,2,32)
w(59,3,2,32)
r(294,3,2,32)
w(325,4,2,32)
r(334,1,2,32)
r(20,1,2,32)
r(174,1,2,32)
w(39,10,2,32)
w(321,3,2,32)
w(133,3,2,32)
r(342,8,2,32)
w(324,3,2,32)
w(240,4,2,32)
r(8,1,2,32)
r(33,1,2,32)
w(302,3,2,32)
r(132,1,2,32)
w(214,3,2,32)
r(144,1,2,32)
r(331,12,2,32)
w(88,3,2,32)
w(167,4,2,32)
w(52,10,2,32)
w(213,5,3,33)
w(156,10,3,33)
r(172,9,3,33)
r(244,2,3,33)
r(160,1,3,33)
r(17,3,3,33)
r(46,2,3,33)
r(149,1,3,33)
w(293,6,3,33)
w(56,4,3,33)
w(34,8,3,33)
r(86,5,3,33)
w(64,8,3,33)
r(323,1,3,33)
w(86,4,3,33)
w(50,8,3,33)
r(320,1,3,33)
r(245,3,3,33)
r(345,3,3,33)
w(272,2,3,33)
r(169,3,3,33)
r(97,2,3,33)
w(252,10,3,33)
r(56,4,3,33)
r(206,1,3,33)
r(9,2,3,33)
r(86,4,3,33)
r(288,1,3,33)
w(101,2,3,33)
w(339,9,4,34)
r(66,1,4,34)
w(182,5,4,34)
w(178,6,4,34)
r(257,1,4,34)
r(338,8,4,34)
r(146,1,4,34)
w(31,11,4,34)
r(228,1,4,34)
r(84,8,4,34)
w(251,6,4,34)
r(286,1,4,34)
w(112,10,4,34)
w(68,5,4,34)
w(248,5,4,34)
r(160,1,4,34)
r(359,1,4,34)
w(10,6,4,34)
w(199,6,4,34)
w(219,10,4,34)
w(182,8,4,34)
r(207,6,4,34)
r(342,4,4,34)
w(13,5,4,34)
w(204,10,4,34)
w(37,8,4,34)
w(314,4,4,34)
w(78,8,4,34)
w(305,4,4,34)
r(270,1,4,34)
r(112,10,4,34)
r(231,1,4,34)
r(269,1,4,34)
r(24,8,4,34)
w(110,5,4,34)
w(311,5,4,34)
w(333,13,4,34)
r(247,1,4,34)
w(315,6,4,34)
w(202,12,4,34)
r(308,1,5,35)
w(34,13,5,35)
w(84,11,5,35)
w(238,6,5,35)
w(171,6,5,35)
r(207,6,5,35)
r(53,1,5,35)
r(181,1,5,35)
w(358,5,5,35)
r(115,6,5,35)
r(328,1,5,35)
w(299,16,5,35)
w(53,5,5,35)
w(148,7,5,35)
r(129,1,5,35)
w(115,12,5,35)
w(134,12,5,35)
r(8,1,5,35)
r(342,3,5,35)
r(243,11,5,35)
w(298,13,5,35)
w(313,7,5,35)
r(335,1,5,35)
r(104,6,5,35)
r(99,1,5,35)
r(310,1,5,35)
r(133,4,5,35)
r(228,2,5,35)
r(41,10,5,35)
w(262,10,5,35)
w(290,12,5,35)
r(177,1,5,35)
w(156,13,5,35)
r(22,8,5,35)
r(92,12,5,35)
r(321,4,5,35)
r(133,4,5,35)
w(131,8,5,35)
w(339,14,5,35)
w(345,9,5,35)
w(248,11,6,36)
w(68,13,6,36)
r(323,3,6,36)
w(317,13,6,36)
r(40,7,6,36)
r(161,4,6,36)
w(265,12,6,36)
r(272,1,6,36)
r(153,1,6,36)
w(107,12,6,36)
w(236,9,6,36)
r(271,4,6,36)
r(87,5,6,36)
w(114,16,6,36)
r(224,1,6,36)
w(115,11,6,36)
w(233,12,6,36)
r(80,4,6,36)
r(8,1,6,36)
r(194,2,6,36)
w(312,10,6,36)
r(252,1,6,36)
w(304,12,6,36)
r(237,1,6,36)
r(98,3,6,36)
w(299,15,6,36)
r(307,6,6,36)
w(320,13,6,36)
r(39,10,6,36)
w(169,9,6,36)
w(93,15,6,36)
r(121,13,6,36)
w(195,11,6,36)
w(191,2,1,37)
r(14,2,1,37)
r(42,4,1,37)
w(43,2,1,37)
w(339,2,1,37)
r(237,1,1,37)
w(10,2,1,37)
w(329,2,1,37)
w(229,2,1,37)
w(115,2,1,37)
r(93,1,1,37)
w(34,2,1,37)
r(358,1,1,37)
r(352,1,1,37)
w(2,2,1,37)
w(349,3,1,37)
r(302,3,1,37)
r(103,1,1,37)
w(266,2,1,37)
r(339,2,1,37)
r(54,3,1,37)
w(338,2,1,37)
w(219,2,1,37)
w(268,3,1,37)
r(57,1,1,37)
w(218,2,1,37)
w(91,2,1,37)
r(255,1,1,37)
w(275,2,1,37)
w(57,2,1,37)
r(278,1,1,37)
r(18,1,1,37)
w(28,3,1,37)
r(194,2,1,37)
r(68,5,1,37)
r(286,1,1,37)
r(358,1,1,37)
r(44,4,1,37)
w(18,2,1,37)
r(157,1,1,37)
w(244,2,2,38)
w(54,3,2,38)
r(234,1,2,38)
r(194,2,2,38)
w(61,10,2,38)
r(97,2,2,38)
r(245,1,2,38)
w(94,4,2,38)
w(321,4,2,38)
r(150,1,2,38)
r(342,8,2,38)
w(142,10,2,38)
w(144,10,2,38)
w(176,3,2,38)
r(128,4,2,38)
r(315,5,2,38)
w(63,4,2,38)
r(195,2,2,38)
r(80,4,2,38)
r(314,4,2,38)
r(267,10,2,38)
r(163,1,2,38)
w(245,3,2,38)
w(90,2,2,38)
w(280,10,2,38)
w(209,3,2,38)
r(140,1,2,38)
r(356,2,2,38)
r(2,1,2,38)
r(223,13,2,38)
w(173,10,2,38)
w(26,6,2,38)
w(295,6,2,38)
w(222,3,2,38)
w(307,4,2,38)
w(240,10,2,38)
r(132,1,2,38)
r(231,1,2,38)
w(300,3,2,38)
r(357,1,2,38)
w(201,10,3,39)
r(360,1,3,39)
w(226,10,3,39)
w(313,6,3,39)
r(103,1,3,39)
r(272,1,3,39)
w(150,3,3,39)
r(257,1,3,39)
r(298,1,3,39)
r(124,1,3,39)
r(89,5,3,39)
r(188,1,3,39)
w(145,5,3,39)
r(319,10,3,39)
w(290,4,3,39)
w(354,5,3,39)
r(196,8,3,39)
w(19,3,3,39)
r(241,1,3,39)
r(59,4,3,39)
r(67,3,3,39)
r(123,8,4,40)
r(195,4,4,40)
r(147,1,4,40)
r(25,1,4,40)
w(52,13,4,40)
w(282,4,4,40)
w(89,13,4,40)
w(313,13,4,40)
r(197,1,4,40)
w(310,12,5,41)
r(94,4,5,41)
r(135,1,5,41)
w(228,12,5,41)
r(189,10,5,41)
w(306,8,5,41)
w(342,9,5,41)
r(228,12,5,41)
r(142,10,5,41)
r(54,3,5,41)
r(268,3,5,41)
w(10,12,5,41)
r(57,3,5,41)
w(244,9,5,41)
r(285,3,5,41)
w(54,8,5,41)
w(330,16,5,41)
w(193,8,5,41)
w(21,6,5,41)
w(194,8,5,41)
r(319,4,5,41)
w(115,13,5,41)
w(281,11,5,41)
r(354,10,5,41)
w(17,18,5,41)
r(225,11,6,42)
w(54,12,6,42)
w(128,11,6,42)
r(277,2,6,42)
w(265,13,6,42)
r(259,5,6,42)
w(66,19,6,42)
w(354,13,6,42)
w(8,14,6,42)
r(19,1,6,42)
r(60,3,6,42)
w(154,9,6,42)
w(266,13,6,42)
r(210,4,6,42)
r(117,1,1,43)
r(51,1,1,43)
w(31,2,1,43)
w(30,2,1,43)
w(327,2,1,43)
r(352,1,1,43)
r(86,5,1,43)
w(181,2,1,43)
r(356,2,1,43)
w(125,4,1,43)
w(138,2,1,43)
r(270,2,1,43)
r(207,6,1,43)
w(26,2,1,43)
w(332,4,1,43)
r(309,3,1,43)
r(347,1,1,43)
r(2,2,1,43)
w(139,3,1,43)
w(230,3,1,43)
r(177,1,1,43)
r(283,1,1,43)
r(239,2,1,43)
r(227,4,1,43)
w(256,3,1,43)
r(316,4,1,43)
w(267,2,1,43)
r(222,3,1,43)
r(281,4,1,43)
r(289,3,1,43)
w(183,2,1,43)
r(225,11,1,43)
r(104,6,1,43)
w(14,3,1,43)
r(28,3,1,43)
r(61,10,1,43)
w(61,2,1,43)
r(306,10,1,43)
r(49,1,1,43)
w(168,4,2,44)
w(68,3,2,44)
r(134,2,2,44)
r(242,1,2,44)
r(138,1,2,44)
r(85,1,2,44)
r(304,1,2,44)
w(289,3,2,44)
w(168,10,2,44)
r(311,5,2,44)
w(59,4,2,44)
w(318,4,2,44)
r(117,1,2,44)
w(338,10,2,44)
w(332,6,2,44)
w(197,3,2,44)
w(14,10,2,44)
r(241,1,2,44)
w(10,4,2,44)
r(47,11,2,44)
w(133,4,2,44)
w(23,2,2,44)
r(88,3,2,44)
r(234,1,2,44)
r(41,1,2,44)
w(45,3,2,44)
r(223,13,2,44)
r(144,10,2,44)
w(161,4,2,44)
r(8,1,2,44)
r(327,1,2,44)
w(174,10,2,44)
r(177,1,2,44)
r(357,1,2,44)
w(342,3,2,44)
w(36,3,2,44)
w(202,10,2,44)
w(318,10,2,44)
w(60,3,2,44)
r(194,2,2,44)
w(148,4,3,45)
w(193,2,3,45)
r(124,1,3,45)
w(211,6,3,45)
w(193,3,3,45)
w(227,3,3,45)
w(40,6,3,45)
w(94,6,3,45)
r(301,1,3,45)
w(285,10,3,45)
w(116,6,3,45)
r(198,1,3,45)
w(104,10,3,45)
r(130,6,4,46)
r(343,8,4,46)
w(220,8,4,46)
w(222,5,4,46)
r(140,10,4,46)
r(216,12,4,46)
r(251,6,4,46)
r(241,1,4,46)
r(177,1,4,46)
w(273,12,4,46)
r(335,1,4,46)
r(150,1,4,46)
r(334,1,4,46)
r(61,10,4,46)
w(27,5,4,46)
r(15,5,4,46)
r(284,1,4,46)
w(347,13,4,46)
r(136,1,4,46)
r(280,10,4,46)
r(333,13,4,46)
w(240,12,4,46)
r(186,3,4,46)
w(201,12,5,47)
r(234,4,5,47)
r(56,1,5,47)
w(233,10,5,47)
r(45,3,5,47)
w(355,11,5,47)
r(179,10,5,47)
w(168,13,5,47)
r(54,3,5,47)
w(319,9,5,47)
w(171,5,5,47)
r(16,4,5,47)
r(284,1,5,47)
r(4,12,5,47)
w(23,12,5,47)
w(190,8,5,47)
w(131,9,6,48)
w(109,9,6,48)
w(359,13,6,48)
r(197,4,6,48)
w(185,9,6,48)
w(199,7,6,48)
r(167,6,6,48)
r(245,3,6,48)
r(232,1,1,49)
r(33,1,1,49)
w(73,2,1,49)
w(32,3,1,49)
w(113,3,1,49)
r(74,1,1,49)
w(330,3,1,49)
w(196,3,1,49)
w(2,10,2,50)
r(219,2,2,50)
w(140,10,2,50)
w(6,3,2,50)
w(289,4,2,50)
r(281,4,2,50)
w(32,6,2,50)
r(294,9,2,50)
w(17,4,2,50)
w(149,3,2,50)
w(271,4,2,50)
r(151,9,2,50)
r(101,1,2,50)
w(234,4,2,50)
w(307,10,2,50)
w(98,3,2,50)
r(222,3,2,50)
r(326,1,2,50)
r(300,3,2,50)
w(299,8,2,50)
w(93,4,2,50)
r(234,4,2,50)
w(31,5,2,50)
r(347,1,2,50)
w(159,6,2,50)
w(303,3,2,50)
r(356,2,2,50)
r(197,3,2,50)
r(136,1,2,50)
r(303,3,2,50)
w(20,2,2,50)
w(96,3,2,50)
w(323,3,2,50)
r(330,8,2,50)
r(62,3,2,50)
w(178,4,2,50)
r(199,6,2,50)
w(286,3,2,50)
w(197,4,2,50)
r(198,1,2,50)
w(177,5,3,51)
w(174,12,3,51)
r(309,3,3,51)
w(213,8,3,51)
w(181,10,3,51)
w(340,6,3,51)
r(157,1,3,51)
w(237,6,3,51)
w(207,10,3,51)
r(249,8,3,51)
w(180,4,3,51)
r(115,2,3,51)
w(245,4,3,51)
w(246,3,3,51)
r(20,2,3,51)
w(283,4,3,51)
r(354,10,3,51)
w(162,10,3,51)
w(151,13,3,51)
r(27,2,3,51)
w(231,10,3,51)
w(311,10,3,51)
w(273,13,4,52)
w(7,5,4,52)
w(263,4,4,52)
w(22,8,4,52)
w(10,5,4,52)
r(131,13,4,52)
r(325,4,4,52)
r(5,4,4,52)
r(184,1,4,52)
w(276,8,4,52)
r(125,3,4,52)
r(277,2,4,52)
r(49,1,4,52)
w(261,8,4,52)
w(28,13,4,52)
r(165,1,4,52)
r(243,11,4,52)
r(287,1,4,52)
r(54,3,4,52)
w(212,9,4,52)
r(216,12,4,52)
w(95,12,4,52)
r(292,4,4,52)
r(14,7,4,52)
w(79,8,4,52)
r(204,10,4,52)
w(259,5,4,52)
w(115,6,4,52)
r(161,4,4,52)
w(75,5,4,52)
w(93,11,4,52)
w(123,5,4,52)
w(188,6,4,52)
r(99,1,4,52)
w(278,6,4,52)
w(149,6,4,52)
r(232,1,4,52)
r(152,8,4,52)
r(205,1,4,52)
w(179,10,4,52)
r(332,6,5,53)
w(251,13,5,53)
w(48,6,5,53)
r(135,1,5,53)
w(332,13,5,53)
w(314,5,5,53)
w(254,5,5,53)
w(131,12,5,53)
w(73,8,5,53)
r(329,2,6,54)
r(326,1,6,54)
w(310,13,6,54)
w(60,18,6,54)
r(322,2,6,54)
w(257,9,6,54)
r(237,1,6,54)
w(159,9,6,54)
r(68,3,6,54)
r(69,1,6,54)
w(100,9,6,54)
w(336,11,6,54)
r(234,4,6,54)
w(143,9,6,54)
w(78,18,6,54)
w(321,9,6,54)
w(81,12,6,54)
r(219,2,6,54)
r(347,1,6,54)
w(107,13,6,54)
r(4,12,6,54)
w(311,13,6,54)
r(179,10,6,54)
w(309,8,6,54)
w(69,2,6,54)
w(165,4,6,54)
w(138,9,6,54)
w(259,14,6,54)
r(8,1,6,54)
r(321,9,6,54)
r(142,10,6,54)
r(311,13,6,54)
r(342,3,6,54)
r(320,1,6,54)
w(136,9,6,54)
w(140,12,6,54)
w(199,14,6,54)
r(277,2,6,54)
r(164,6,6,54)
r(203,1,6,54)
w(289,2,1,55)
r(138,1,1,55)
w(301,2,1,55)
w(282,2,1,55)
w(83,2,1,55)
w(9,3,1,55)
w(232,3,1,55)
r(229,2,1,55)
r(122,1,1,55)
r(335,1,1,55)
r(23,2,1,55)
r(107,1,1,55)
r(16,4,1,55)
w(208,3,1,55)
w(252,2,1,55)
r(94,4,1,55)
w(217,2,1,55)
r(47,11,1,55)
w(103,2,1,55)
r(249,8,1,55)
w(44,2,1,55)
w(338,3,1,55)
w(159,3,1,55)
r(10,4,1,55)
w(205,2,1,55)
r(194,2,1,55)
w(50,3,2,56)
w(257,2,2,56)
w(93,10,2,56)
w(92,2,2,56)
r(93,10,2,56)
r(118,2,2,56)
r(89,5,2,56)
w(170,4,2,56)
r(188,1,2,56)
r(138,1,2,56)
r(301,1,2,56)
r(274,1,2,56)
r(217,1,2,56)
r(8,1,2,56)
w(256,6,2,56)
w(89,10,2,56)
w(244,3,2,56)
r(233,1,2,56)
r(234,4,3,57)
r(38,18,3,57)
w(343,8,3,57)
r(271,4,3,57)
w(72,8,3,57)
w(27,10,3,57)
w(26,12,3,57)
w(109,6,3,57)
w(141,8,3,57)
r(262,2,3,57)
w(64,12,3,57)
w(29,6,3,57)
w(118,3,3,57)
r(315,5,3,57)
w(348,8,3,57)
r(358,1,3,57)
r(64,12,3,57)
w(41,10,3,57)
w(283,10,3,57)
w(38,6,3,57)
r(260,1,3,57)
w(338,6,3,57)
w(210,4,3,57)
w(167,6,3,57)
w(319,6,3,57)
w(304,10,3,57)
w(344,3,3,57)
r(314,4,3,57)
w(276,3,3,57)
w(118,4,3,57)
w(44,10,3,57)
r(29,6,3,57)
r(281,4,3,57)
r(85,1,3,57)
r(315,5,3,57)
r(4,12,3,57)
w(226,6,3,57)
w(57,3,3,57)
w(307,6,3,57)
r(39,10,3,57)
r(200,3,4,58)
r(300,3,4,58)
w(39,11,4,58)
w(244,12,4,58)
w(261,12,4,58)
r(296,1,4,58)
r(251,6,4,58)
w(5,10,4,58)
w(5,6,4,58)
w(127,12,4,58)
w(308,10,4,58)
w(264,8,4,58)
w(94,12,4,58)
w(72,13,4,58)
w(61,9,4,58)
w(329,10,4,58)
w(47,13,4,58)
r(179,10,4,58)
w(174,11,4,58)
w(358,10,4,58)
r(70,5,4,58)
w(215,6,4,58)
w(218,5,4,58)
r(329,10,4,58)
w(140,5,4,58)
w(183,5,4,58)
r(55,14,4,58)
w(299,14,4,58)
w(232,5,4,58)
w(42,6,4,58)
r(80,12,5,59)
r(275,10,5,59)
w(122,13,5,59)
r(282,6,5,59)
r(285,6,5,59)
r(140,12,5,59)
w(11,13,5,59)
w(249,13,5,59)
r(113,2,5,59)
r(252,1,5,59)
w(147,5,5,59)
r(27,8,5,59)
r(195,2,5,59)
w(28,14,5,59)
r(319,4,5,59)
w(145,13,5,59)
r(277,5,5,59)
w(37,13,5,59)
r(68,3,5,59)
r(213,4,5,59)
r(149,6,5,59)
w(2,12,5,59)
w(92,8,5,59)
w(60,11,5,59)
r(226,3,5,59)
w(48,5,5,59)
r(350,8,5,59)
r(33,5,5,59)
w(36,8,5,59)
w(254,8,5,59)
r(71,5,5,59)
r(192,5,5,59)
r(278,6,5,59)
w(200,10,5,59)
w(260,11,5,59)
r(66,7,5,59)
w(281,7,5,59)
w(356,6,5,59)
w(293,11,5,59)
w(7,8,5,59)
w(213,18,6,60)
w(55,18,6,60)
w(261,7,6,60)
r(69,2,6,60)
w(274,12,6,60)
w(227,6,6,60)
r(205,1,6,60)
r(63,4,6,60)
w(338,7,6,60)
r(265,3,6,60)
r(292,4,6,60)
w(15,12,6,60)
w(177,14,6,60)
r(238,6,6,60)
w(348,13,6,60)
w(201,9,6,60)
w(136,11,6,60)
w(40,14,6,60)
r(192,5,6,60)
w(93,20,6,60)
r(5,4,6,60)
r(294,9,6,60)
w(40,18,6,60)
w(150,13,6,60)
r(135,1,6,60)
w(36,12,6,60)
w(128,7,6,60)
r(203,1,1,61)
w(142,2,1,61)
w(65,2,1,61)
r(111,1,1,61)
w(22,2,1,61)
r(119,2,1,61)
w(151,2,1,61)
r(272,4,1,61)
w(288,2,1,61)
r(133,4,1,61)
r(305,4,1,61)
w(349,10,1,61)
r(227,4,1,61)
w(129,2,1,61)
w(127,2,1,61)
r(171,6,1,61)
r(49,1,1,61)
r(220,4,1,61)
r(295,5,1,61)
w(206,2,1,61)
w(134,3,1,61)
r(149,6,1,61)
r(347,1,1,61)
r(122,12,1,61)
r(356,2,1,61)
w(264,4,1,61)
r(324,2,1,61)
w(154,4,1,61)
w(248,2,1,61)
w(145,2,1,61)
r(311,13,1,61)
r(267,10,1,61)
r(189,10,1,61)
r(87,5,1,61)
w(354,3,1,61)
r(58,11,1,61)
w(275,3,1,61)
r(278,6,1,61)
r(261,8,1,61)
w(39,6,2,62)
w(298,4,2,62)
r(336,1,2,62)
w(108,3,2,62)
r(188,1,2,62)
r(335,1,2,62)
w(286,4,2,62)
w(12,3,2,62)
r(227,4,2,62)
r(125,3,2,62)
w(102,8,3,63)
w(244,5,3,63)
r(21,1,3,63)
r(318,10,3,63)
w(72,12,3,63)
w(157,5,3,63)
r(218,2,3,63)
r(359,1,3,63)
w(153,6,3,63)
w(173,8,3,63)
w(4,6,3,63)
r(307,6,3,63)
w(352,3,3,63)
w(259,4,3,63)
w(38,5,3,63)
w(153,5,3,63)
w(313,5,3,63)
w(228,8,4,64)
w(156,8,4,64)
w(243,12,4,64)
w(289,9,4,64)
r(213,4,4,64)
w(21,4,4,64)
w(47,9,4,64)
r(227,4,4,64)
w(282,6,4,64)
w(146,12,4,64)
w(61,11,4,64)
w(354,8,4,64)
w(197,9,4,64)
w(184,10,4,64)
r(168,5,4,64)
w(76,9,4,64)
w(19,6,4,64)
w(327,4,4,64)
w(87,6,4,64)
w(343,9,4,64)
w(120,12,4,64)
w(342,10,4,64)
r(240,7,4,64)
w(343,11,4,64)
w(296,5,4,64)
r(337,2,4,64)
w(271,14,4,64)
r(223,2,4,64)
w(134,5,4,64)
r(105,10,4,64)
w(121,6,4,64)
r(55,14,4,64)
w(156,12,4,64)
w(148,9,4,64)
w(119,5,4,64)
w(264,12,4,64)
w(280,12,4,64)
w(350,8,4,64)
w(150,6,4,64)
w(285,6,4,64)
w(37,9,5,65)
r(240,6,5,65)
r(187,3,5,65)
w(260,7,5,65)
w(109,13,5,65)
r(99,1,5,65)
r(118,5,5,65)
r(33,5,5,65)
r(245,3,5,65)
r(104,6,5,65)
r(230,2,5,65)
r(70,12,5,65)
r(327,10,5,65)
w(128,13,5,65)
r(324,2,5,65)
w(232,12,5,65)
w(84,14,5,65)
r(115,12,5,65)
r(182,4,5,65)
r(332,6,5,65)
r(196,4,5,65)
r(103,1,5,65)
w(258,8,5,65)
r(194,3,5,65)
w(148,14,5,65)
w(50,11,5,65)
w(203,10,5,65)
r(313,10,5,65)
w(323,8,5,65)
r(305,3,5,65)
r(151,3,5,65)
w(349,11,5,65)
w(143,12,5,65)
r(248,12,5,65)
w(247,14,5,65)
w(342,14,5,65)
w(114,9,5,65)
w(321,12,5,65)
w(290,13,5,65)
w(316,10,5,65)
r(222,3,6,66)
w(270,5,6,66)
r(301,1,6,66)
w(31,18,6,66)
r(281,4,6,66)
r(80,12,6,66)
w(34,7,6,66)
w(211,13,6,66)
w(75,9,6,66)
r(29,6,6,66)
r(82,8,6,66)
r(180,1,6,66)
w(310,9,6,66)
r(313,7,6,66)
r(142,10,6,66)
w(208,12,6,66)
w(118,5,6,66)
w(44,8,6,66)
r(190,2,6,66)
r(321,9,6,66)
w(315,13,6,66)
w(120,18,6,66)
r(133,4,6,66)
w(112,5,6,66)
w(136,7,6,66)
w(190,13,6,66)
r(114,2,6,66)
r(305,4,6,66)
r(125,3,6,66)
r(284,1,6,66)
r(73,1,6,66)
r(286,3,6,66)
w(222,13,6,66)
r(132,1,6,66)
w(40,16,6,66)
w(33,5,6,66)
w(176,6,6,66)
r(100,9,6,66)
r(276,8,6,66)
w(164,12,6,66)
r(262,10,1,67)
w(284,2,1,67)
w(281,2,1,67)
w(352,2,1,67)
w(2,3,1,67)
w(140,2,1,67)
w(160,2,1,67)
r(27,8,1,67)
r(28,13,1,67)
r(186,3,1,67)
w(153,2,1,67)
w(178,3,1,67)
w(295,4,1,67)
w(160,3,1,67)
r(341,1,1,67)
w(4,2,1,67)
w(213,4,2,68)
r(213,4,2,68)
r(353,2,2,68)
w(189,10,2,68)
w(295,5,2,68)
r(334,1,2,68)
w(255,4,2,68)
r(183,8,2,68)
w(74,4,2,68)
w(70,5,2,68)
r(231,1,2,68)
r(45,3,2,68)
r(185,12,2,68)
r(50,1,2,68)
w(220,4,2,68)
w(24,10,2,68)
w(77,4,2,68)
w(208,4,2,68)
r(209,3,2,68)
w(194,3,2,68)
w(182,4,2,68)
r(232,1,2,68)
r(232,1,2,68)
w(17,10,2,68)
r(22,8,2,68)
r(163,1,2,68)
w(154,6,2,68)
w(312,3,2,68)
w(271,6,2,68)
r(320,1,2,68)
r(147,6,2,68)
w(98,4,2,68)
w(129,3,2,68)
w(346,3,2,68)
w(95,5,2,68)
w(6,4,2,68)
r(293,10,2,68)
r(154,6,2,68)
r(166,8,2,68)
w(236,4,2,68)
w(240,5,3,69)
w(35,4,3,69)
w(122,5,3,69)
w(301,4,3,69)
r(256,1,3,69)
w(34,12,3,69)
r(196,8,3,69)
w(76,8,3,69)
r(59,4,3,69)
r(148,7,3,69)
w(16,12,3,69)
w(258,5,3,69)
w(237,5,3,69)
w(167,5,3,69)
r(145,4,3,69)
r(227,4,3,69)
w(50,9,4,70)
r(54,3,4,70)
w(324,8,4,70)
w(186,8,4,70)
w(186,12,4,70)
w(51,6,4,70)
w(205,4,4,70)
w(355,9,4,70)
w(351,10,4,70)
r(64,12,4,70)
w(153,11,4,70)
r(190,13,4,70)
r(266,12,4,70)
w(314,10,4,70)
w(103,9,4,70)
w(290,6,4,70)
w(25,12,4,70)
r(225,10,4,70)
r(53,5,4,70)
w(334,4,4,70)
w(252,6,4,70)
w(108,12,5,71)
r(246,1,5,71)
r(327,10,5,71)
w(274,5,5,71)
r(213,4,5,71)
r(193,1,5,71)
w(355,7,5,71)
r(231,1,5,71)
w(114,11,5,71)
w(74,11,5,71)
r(260,7,5,71)
w(71,8,5,71)
w(259,12,5,71)
r(34,5,5,71)
w(211,12,5,71)
w(216,5,5,71)
w(108,13,5,71)
w(120,9,5,71)
r(3,6,5,71)
w(65,5,5,71)
w(157,11,5,71)
r(130,2,5,71)
r(11,2,5,71)
w(254,12,5,71)
r(41,10,5,71)
w(116,5,5,71)
r(130,2,5,71)
r(82,8,5,71)
w(297,12,6,72)
r(124,1,6,72)
r(118,5,6,72)
w(241,7,6,72)
w(301,12,6,72)
r(61,10,6,72)
w(286,9,6,72)
w(333,18,6,72)
r(35,1,6,72)
r(141,13,6,72)
r(243,11,6,72)
w(94,14,6,72)
w(44,12,6,72)
w(287,13,6,72)
r(327,1,6,72)
w(157,18,6,72)
w(291,5,6,72)
r(32,6,6,72)
r(267,10,6,72)
r(247,1,6,72)
w(130,11,6,72)
w(69,3,6,72)
w(99,12,6,72)
r(257,10,6,72)
w(154,11,6,72)
r(115,12,6,72)
w(151,19,6,72)
w(269,12,6,72)
r(242,1,6,72)
r(218,2,6,72)
w(213,16,6,72)
r(6,4,6,72)
w(236,11,6,72)
w(8,16,6,72)
w(91,5,6,72)
r(349,3,6,72)
r(82,8,1,73)
w(226,3,1,73)
r(25,3,1,73)
r(226,3,1,73)
r(299,12,1,73)
r(72,9,1,73)
r(302,3,1,73)
r(25,3,1,73)
w(163,2,1,73)
w(320,2,1,73)
w(53,2,1,73)
w(26,4,1,73)
r(232,1,1,73)
w(334,2,1,73)
w(212,4,1,73)
w(151,3,1,73)
w(71,3,1,73)
w(275,10,1,73)
w(241,2,1,73)
w(255,2,1,73)
w(299,2,1,73)
r(27,8,1,73)
w(247,4,1,73)
r(250,1,1,73)
r(193,1,1,73)
r(92,12,1,73)
r(110,4,1,73)
r(141,13,1,73)
r(36,3,1,73)
w(132,2,1,73)
r(187,3,1,73)
r(339,14,1,73)
w(30,3,1,73)
w(111,2,1,73)
w(338,4,1,73)
r(352,1,1,73)
w(299,3,1,73)
w(200,2,1,73)
w(169,2,1,73)
r(15,5,1,73)
w(166,4,2,74)
r(241,1,2,74)
r(333,13,2,74)
r(246,1,2,74)
r(270,2,2,74)
r(11,1,2,74)
r(241,1,2,74)
r(248,5,2,74)
r(81,12,2,74)
r(98,4,2,74)
w(289,6,2,74)
w(353,4,2,74)
r(271,6,2,74)
r(192,5,2,74)
w(223,2,2,74)
w(319,4,2,74)
w(359,3,2,74)
w(209,4,2,74)
r(160,1,2,74)
r(49,1,2,74)
w(303,4,2,74)
w(172,3,2,74)
w(50,10,2,74)
r(124,1,2,74)
r(153,1,2,74)
w(146,5,2,74)
r(97,2,2,74)
r(258,1,2,74)
r(78,18,2,74)
w(127,10,2,74)
w(31,8,2,74)
r(222,3,2,74)
w(253,6,2,74)
r(215,2,2,74)
r(85,1,2,74)
w(261,3,2,74)
w(322,4,2,74)
w(225,10,2,74)
r(40,7,2,74)
w(299,12,2,74)
w(220,6,3,75)
r(6,4,3,75)
r(171,6,3,75)
w(7,10,3,75)
w(42,10,3,75)
r(72,9,3,75)
w(131,6,3,75)
w(8,6,3,75)
w(2,6,3,75)
w(174,13,3,75)
r(197,4,3,75)
r(337,2,3,75)
r(222,3,3,75)
r(25,3,3,75)
w(52,6,3,75)
r(11,1,3,75)
w(9,10,3,75)
w(277,5,3,75)
r(176,3,3,75)
r(180,1,3,75)
w(312,4,3,75)
r(356,2,3,75)
r(140,12,3,75)
w(219,4,3,75)
r(125,3,3,75)
w(157,8,3,75)
w(102,13,3,75)
w(153,8,3,75)
w(257,10,3,75)
w(177,8,3,75)
r(222,3,3,75)
w(167,8,3,75)
r(305,4,3,75)
r(251,6,3,75)
r(50,10,3,75)
w(148,10,3,75)
w(168,5,3,75)
w(153,12,3,75)
w(208,10,3,75)
r(210,4,3,75)
w(317,10,4,76)
r(199,14,4,76)
r(31,18,4,76)
w(342,6,4,76)
r(135,1,4,76)
w(330,14,4,76)
r(73,1,4,76)
r(34,7,4,76)
w(111,10,4,76)
w(90,4,4,76)
w(304,6,4,76)
w(142,12,4,76)
r(208,13,4,76)
w(164,10,4,76)
w(335,4,4,76)
w(204,6,4,76)
r(92,12,4,76)
r(193,1,4,76)
r(99,1,4,76)
w(207,8,4,76)
w(142,13,4,76)
r(156,12,4,76)
r(183,8,4,76)
w(66,7,4,76)
r(31,18,4,76)
r(22,8,4,76)
w(19,5,4,76)
r(174,13,4,76)
r(273,13,4,76)
w(31,7,4,76)
r(286,3,4,76)
w(236,5,4,76)
r(254,1,4,76)
w(89,11,4,76)
w(138,5,4,76)
w(25,13,4,76)
r(82,8,4,76)
w(333,9,4,76)
w(342,5,4,76)
w(298,12,4,76)
r(1,4,5,77)
r(263,12,5,77)
r(307,8,5,77)
w(128,9,5,77)
w(314,8,5,77)
r(88,3,5,77)
w(239,6,5,77)
w(157,7,5,77)
w(107,8,5,77)
w(305,6,5,77)
w(117,6,5,77)
r(263,12,5,77)
w(168,9,5,77)
w(151,18,5,77)
r(8,19,5,77)
w(28,18,5,77)
r(36,8,5,77)
w(23,13,5,77)
r(131,3,5,77)
w(33,4,5,77)
r(113,2,5,77)
w(228,13,5,77)
r(251,6,5,77)
r(257,10,5,77)
w(176,10,5,77)
w(227,10,5,77)
w(181,8,5,77)
w(241,11,5,77)
w(154,13,5,77)
r(104,6,5,77)
w(174,7,5,77)
w(208,8,5,77)
w(138,13,5,77)
w(18,10,5,77)
r(76,5,5,77)
r(183,3,5,77)
r(88,3,5,77)
r(194,3,5,77)
r(31,3,5,77)
r(309,8,5,77)
w(23,9,6,78)
r(21,4,6,78)
w(121,9,6,78)
w(175,5,6,78)
r(274,1,6,78)
w(76,18,6,78)
w(356,5,6,78)
w(147,8,6,78)
r(261,3,6,78)
r(301,1,6,78)
r(358,5,6,78)
w(208,13,6,78)
w(198,11,6,78)
r(183,8,6,78)
w(49,8,6,78)
r(274,1,6,78)
r(48,1,6,78)
w(150,9,6,78)
r(250,1,6,78)
w(288,14,6,78)
w(51,11,6,78)
r(329,2,6,78)
r(283,10,6,78)
r(44,8,6,78)
r(327,4,6,78)
w(8,19,6,78)
r(102,13,6,78)
w(146,14,6,78)
w(223,11,6,78)
r(192,5,6,78)
w(30,9,6,78)
w(314,12,6,78)
w(200,6,6,78)
w(98,13,6,78)
w(17,15,6,78)
w(235,13,6,78)
r(250,1,6,78)
r(249,8,6,78)
w(46,12,6,78)
w(216,13,6,78)
w(264,10,1,79)
r(18,2,1,79)
w(248,3,1,79)
r(181,1,1,79)
r(147,8,1,79)
r(146,14,1,79)
r(82,8,1,79)
r(329,4,1,79)
r(322,4,1,79)
w(281,3,1,79)
r(159,9,1,79)
r(3,1,1,79)
r(136,7,1,79)
r(111,2,1,79)
w(117,2,1,79)
w(140,3,1,79)
r(284,1,1,79)
r(350,8,1,79)
w(74,3,1,79)
r(103,1,1,79)
r(270,5,1,79)
r(169,2,1,79)
w(260,3,1,79)
r(304,10,1,79)
w(339,6,2,80)
w(113,10,2,80)
w(1,6,2,80)
r(134,12,2,80)
w(232,4,2,80)
w(55,4,2,80)
w(290,2,2,80)
r(165,4,2,80)
w(295,8,2,80)
r(118,5,2,80)
w(348,10,2,80)
w(218,4,2,80)
w(49,2,2,80)
r(45,3,2,80)
w(82,6,2,80)
r(82,6,2,80)
w(357,4,2,80)
r(308,1,2,80)
w(136,4,2,80)
r(251,6,2,80)
w(256,5,2,80)
r(162,12,2,80)
r(27,8,2,80)
r(346,3,2,80)
r(337,2,2,80)
r(43,2,2,80)
r(352,1,2,80)
r(354,10,2,80)
w(102,6,2,80)
r(65,3,2,80)
w(253,5,2,80)
w(333,10,2,80)
w(16,10,2,80)
w(278,2,2,80)
r(352,1,3,81)
r(253,6,3,81)
w(91,10,3,81)
r(121,13,3,81)
r(110,4,3,81)
r(261,3,3,81)
w(204,4,3,81)
r(55,14,3,81)
r(219,4,3,81)
r(161,4,3,81)
w(150,5,4,82)
r(26,4,4,82)
r(301,1,4,82)
r(349,3,4,82)
r(265,3,4,82)
w(151,11,4,82)
w(359,12,4,82)
w(68,8,4,82)
r(132,2,4,82)
w(343,7,4,82)
w(273,9,4,82)
w(333,11,4,82)
r(327,4,4,82)
w(160,12,4,82)
w(270,10,4,82)
r(159,9,4,82)
w(26,9,4,82)
r(151,11,4,82)
r(23,9,4,82)
r(270,10,4,82)
w(135,8,4,82)
w(210,13,4,82)
r(320,2,4,82)
w(221,5,4,82)
w(100,8,4,82)
w(253,9,4,82)
w(223,8,4,82)
r(198,11,4,82)
w(88,8,4,82)
r(53,2,4,82)
w(26,11,4,82)
w(166,12,4,82)
w(151,7,4,82)
w(26,7,4,82)
r(149,6,4,82)
r(144,10,4,82)
r(275,10,4,82)
r(69,2,4,82)
w(237,13,5,83)
w(82,9,5,83)
r(175,5,5,83)
w(4,9,5,83)
r(42,10,5,83)
r(71,5,5,83)
w(242,8,5,83)
r(213,4,5,83)
r(212,4,5,83)
r(4,9,5,83)
w(46,5,5,83)
w(94,13,5,83)
r(208,8,5,83)
w(341,4,5,83)
w(320,8,5,83)
r(21,10,5,83)
r(355,8,6,84)
r(292,4,6,84)
r(140,12,6,84)
w(261,14,6,84)
w(172,14,6,84)
r(60,11,6,84)
r(58,11,6,84)
r(237,1,6,84)
r(37,13,6,84)
r(130,6,6,84)
w(198,7,6,84)
r(252,1,6,84)
w(287,9,6,84)
w(292,6,6,84)
w(279,3,1,85)
r(141,10,1,85)
w(330,10,1,85)
w(256,4,1,85)
w(51,4,1,85)
w(134,4,1,85)
w(271,2,1,85)
w(100,2,1,85)
r(28,14,1,85)
w(16,3,1,85)
w(166,3,1,85)
w(103,10,1,85)
r(357,6,1,85)
r(317,10,1,85)
r(105,10,1,85)
r(251,6,1,85)
w(264,6,1,85)
w(26,10,1,85)
r(38,6,1,85)
w(63,3,1,85)
r(302,3,1,85)
w(95,2,1,85)
w(231,2,1,85)
w(339,3,1,85)
w(271,3,1,85)
w(84,2,1,85)
r(162,12,1,85)
w(29,3,1,85)
r(236,4,2,86)
r(78,18,2,86)
w(260,10,2,86)
r(46,2,2,86)
r(347,1,2,86)
w(165,2,2,86)
r(148,10,2,86)
r(28,13,2,86)
w(167,10,2,86)
r(21,1,2,86)
w(199,3,2,86)
r(103,1,2,86)
w(169,4,2,86)
w(333,6,2,86)
w(318,6,3,87)
w(17,8,3,87)
r(18,2,3,87)
r(122,12,3,87)
w(254,4,3,87)
r(256,1,3,87)
r(72,9,3,87)
r(157,8,3,87)
r(297,1,3,87)
w(196,6,3,87)
r(287,1,3,87)
w(294,8,3,87)
r(37,2,3,87)
r(14,7,3,87)
r(207,6,3,87)
w(331,10,3,87)
r(195,2,3,87)
w(50,12,3,87)
w(170,10,3,87)
w(70,8,3,87)
r(249,8,3,87)
r(86,5,3,87)
w(33,3,3,87)
w(271,13,3,87)
r(211,13,3,87)
r(113,2,3,87)
r(259,14,3,87)
r(352,1,3,87)
w(319,5,3,87)
w(335,10,4,88)
r(171,6,4,88)
r(259,14,4,88)
r(125,3,4,88)
r(199,14,4,88)
w(320,6,4,88)
w(318,9,4,88)
r(36,8,4,88)
w(92,6,4,88)
w(248,12,4,88)
w(181,6,4,88)
r(75,9,4,88)
r(211,13,4,88)
w(256,13,4,88)
w(202,9,4,88)
r(238,6,4,88)
r(38,6,4,88)
r(268,3,4,88)
r(232,1,4,88)
r(185,12,4,88)
r(328,1,4,88)
r(234,4,4,88)
r(285,6,4,88)
r(254,8,4,88)
w(65,6,4,88)
w(307,8,4,88)
w(250,4,4,88)
r(109,10,4,88)
r(201,1,4,88)
r(342,5,4,88)
w(189,9,4,88)
w(253,11,4,88)
r(204,6,4,88)
r(357,6,4,88)
w(327,10,4,88)
w(239,4,4,88)
r(192,5,4,88)
r(118,5,4,88)
r(258,1,4,88)
w(204,5,4,88)
w(95,13,5,89)
r(11,2,5,89)
w(317,6,5,89)
w(90,5,5,89)
w(41,8,5,89)
w(313,18,5,89)
r(176,10,5,89)
w(225,14,5,89)
r(167,8,5,89)
r(97,2,5,89)
r(282,6,5,89)
r(336,4,5,89)
r(213,4,5,89)
w(267,6,5,89)
w(119,9,5,89)
r(20,2,5,89)
w(88,13,5,89)
w(4,11,5,89)
w(48,8,5,89)
r(264,12,5,89)
r(303,5,5,89)
r(342,14,5,89)
r(276,12,5,89)
w(335,12,5,89)
w(84,18,5,89)
r(187,3,5,89)
w(180,13,5,89)
r(109,2,5,89)
r(265,10,5,89)
r(1,4,5,89)
w(37,11,5,89)
r(96,11,5,89)
w(327,5,5,89)
w(110,13,5,89)
w(351,6,5,89)
w(347,7,5,89)
r(150,9,5,89)
w(352,10,5,89)
r(358,6,5,89)
w(233,6,5,89)
r(80,12,6,90)
w(223,7,6,90)
r(294,6,6,90)
w(275,7,6,90)
r(191,8,6,90)
r(313,10,6,90)
w(162,11,6,90)
w(48,13,6,90)
w(263,12,6,90)
r(173,5,6,90)
r(333,9,6,90)
r(142,13,6,90)
w(242,9,6,90)
r(138,6,6,90)
w(177,18,6,90)
w(90,8,6,90)
r(275,7,6,90)
w(274,13,6,90)
w(294,7,6,90)
w(303,9,6,90)
r(264,12,6,90)
w(18,6,6,90)
r(58,8,6,90)
r(34,5,6,90)
w(4,14,6,90)
w(5,5,6,90)
r(323,8,6,90)
w(124,12,6,90)
r(155,3,6,90)
w(17,20,6,90)
w(79,13,6,90)
w(229,13,6,90)
w(190,11,6,90)
r(237,3,6,90)
r(184,10,6,90)
w(344,8,6,90)
w(59,12,6,90)
w(211,11,6,90)
w(47,18,6,90)
r(203,10,6,90)
r(272,4,1,91)
w(319,2,1,91)
w(299,4,1,91)
w(288,3,1,91)
w(177,2,1,91)
r(58,11,1,91)
r(249,13,1,91)
r(131,3,1,91)
r(101,4,1,91)
r(284,1,1,91)
r(191,2,1,91)
w(240,2,1,91)
w(274,2,1,91)
w(94,2,1,91)
r(14,12,1,91)
w(180,2,1,91)
r(142,13,1,91)
w(237,3,1,91)
r(24,10,1,91)
r(169,2,1,91)
r(357,6,1,91)
w(355,4,1,91)
r(17,15,1,91)
w(89,2,1,91)
r(37,13,1,91)
r(105,10,1,91)
r(236,5,1,91)
w(322,3,1,91)
w(358,2,1,91)
r(104,6,1,91)
r(30,3,1,91)
r(28,14,1,91)
r(291,2,1,91)
r(73,1,1,91)
w(343,3,1,91)
w(100,3,1,91)
r(35,10,1,91)
r(147,5,1,91)
r(325,4,1,91)
r(355,4,1,91)
w(325,10,2,92)
w(248,4,2,92)
w(55,10,2,92)
r(182,4,2,92)
r(320,1,2,92)
w(67,4,2,92)
w(103,5,2,92)
w(247,6,2,92)
r(311,13,2,92)
w(34,10,2,92)
w(76,6,2,92)
r(18,2,2,92)
w(26,5,2,92)
w(298,10,2,92)
r(6,4,2,92)
w(144,6,2,92)
r(78,18,2,92)
w(62,2,2,92)
w(17,12,3,93)
r(203,1,3,93)
w(26,14,4,94)
w(56,5,4,94)
r(99,1,4,94)
w(1,8,4,94)
r(55,2,5,95)
r(37,11,5,95)
w(123,11,5,95)
r(297,1,5,95)
w(259,9,5,95)
w(32,13,5,95)
r(60,11,5,95)
r(329,4,5,95)
w(173,11,5,95)
w(77,13,5,95)
w(187,13,6,96)
w(206,3,1,97)
r(172,6,1,97)
w(242,2,1,97)
w(191,4,1,97)
r(103,1,1,97)
r(261,10,1,97)
w(1,4,1,97)
r(110,10,1,97)
r(313,10,1,97)
w(123,2,1,97)
w(91,3,1,97)
w(145,3,1,97)
r(253,11,1,97)
w(288,4,1,97)
r(340,1,1,97)
w(136,3,1,97)
r(53,2,1,97)
r(89,2,1,97)
w(155,2,1,97)
r(112,5,1,97)
r(14,12,1,97)
r(84,11,1,97)
w(11,2,1,97)
r(237,3,1,97)
r(48,5,1,97)
w(89,3,1,97)
r(319,2,1,97)
w(154,10,1,97)
r(356,6,1,97)
r(113,2,1,97)
w(155,3,1,97)
r(280,12,1,97)
r(174,5,1,97)
r(280,12,1,97)
w(130,2,1,97)
r(225,5,1,97)
r(123,2,1,97)
w(177,3,1,97)
w(302,2,1,97)
w(173,2,1,97)
r(154,6,2,98)
w(68,4,2,98)
r(127,10,2,98)
r(239,2,2,98)
r(340,1,2,98)
w(236,10,2,98)
r(56,1,2,98)
r(187,3,2,98)
w(181,4,2,98)
r(168,5,2,98)
w(80,10,2,98)
r(15,5,2,98)
w(280,6,2,98)
w(282,3,2,98)
r(360,1,2,98)
r(215,2,2,98)
w(23,3,2,98)
w(16,6,2,98)
r(299,12,2,98)
w(357,10,2,98)
w(183,4,2,98)
r(242,1,2,98)
w(117,3,2,98)
r(260,1,2,98)
w(217,10,2,98)
w(66,4,2,98)
w(3,3,2,98)
r(261,3,2,98)
r(228,2,2,98)
w(126,4,2,98)
w(235,2,2,98)
w(184,2,3,99)
w(327,3,3,99)
w(332,8,3,99)
r(82,8,3,99)
r(195,2,3,99)
r(345,9,3,99)
r(34,7,3,99)
w(210,10,3,99)
w(160,5,3,99)
r(231,1,3,99)
r(83,12,3,99)
w(173,12,3,99)
r(335,1,3,99)
r(213,4,3,99)
r(331,12,3,99)
r(70,5,3,99)
w(338,5,3,99)
w(209,6,3,99)
w(14,5,3,99)
w(270,3,3,99)
w(185,6,4,100)
r(156,12,4,100)
r(277,6,4,100)
r(8,19,4,100)
w(170,5,4,100)
r(140,12,4,100)
w(230,12,4,100)
r(131,3,4,100)
w(102,7,4,100)
r(112,5,4,100)
w(191,8,4,100)
w(165,3,4,100)
w(263,10,4,100)
r(219,4,4,100)
w(350,12,4,100)
w(40,5,4,100)
r(128,13,4,100)
r(147,5,4,100)
w(205,10,4,100)
r(186,3,4,100)
w(299,18,4,100)
r(182,4,4,100)
w(132,6,4,100)
w(133,6,4,100)
r(179,10,4,100)
r(76,5,4,100)
w(250,10,4,100)
r(247,14,4,100)
r(354,8,4,100)
r(209,4,4,100)
r(94,2,4,100)
r(310,3,4,100)
w(195,12,4,100)
w(3,6,4,100)
r(270,5,4,100)
r(13,11,4,100)
r(213,4,4,100)
w(306,5,4,100)
r(141,10,4,100)
r(66,7,4,100)
r(271,14,5,101)
w(265,8,5,101)
w(81,6,5,101)
w(181,12,5,101)
w(298,9,5,101)
r(258,8,5,101)
r(171,6,5,101)
w(184,8,6,102)
r(55,2,6,102)
r(89,3,6,102)
w(330,15,6,102)
r(21,10,6,102)
w(59,13,6,102)
w(183,3,1,103)
r(9,10,1,103)
w(277,4,1,103)
w(157,2,1,103)
w(345,10,1,103)
w(55,2,1,103)
r(140,12,1,103)
r(10,5,1,103)
r(139,8,1,103)
w(135,4,1,103)
r(306,5,1,103)
w(31,3,1,103)
r(195,12,1,103)
r(315,4,1,103)
w(195,3,1,103)
w(146,3,1,103)
w(273,3,1,103)
r(18,6,1,103)
w(299,10,1,103)
r(162,11,1,103)
r(275,7,1,103)
r(227,2,1,103)
w(30,4,1,103)
w(157,3,1,103)
r(40,5,1,103)
r(57,3,1,103)
r(145,3,1,103)
r(64,12,1,103)
w(28,4,1,103)
r(214,4,1,103)
w(130,3,1,103)
r(86,5,1,103)
r(268,3,1,103)
r(292,4,1,103)
w(93,3,1,103)
r(311,4,1,103)
r(65,6,1,103)
r(53,2,1,103)
w(294,4,1,103)
w(109,2,1,103)
w(17,6,2,104)
r(173,10,2,104)
r(214,3,3,105)
w(218,6,3,105)
w(87,10,3,105)
w(336,4,3,105)
w(329,4,3,105)
r(52,6,3,105)
r(78,18,3,105)
r(247,4,3,105)
r(25,3,3,105)
w(21,3,3,105)
w(15,4,3,105)
w(107,4,3,105)
w(261,10,3,105)
w(14,8,3,105)
w(274,4,3,105)
w(225,5,3,105)
r(166,4,3,105)
r(43,2,3,105)
r(237,1,3,105)
r(216,13,3,105)
w(222,6,3,105)
w(260,8,3,105)
w(124,10,3,105)
r(166,4,3,105)
r(94,4,3,105)
r(131,6,3,105)
r(140,12,3,105)
w(35,10,3,105)
w(346,10,3,105)
w(14,12,3,105)
w(11,6,3,105)
w(70,12,3,105)
w(172,6,3,105)
w(100,4,3,105)
w(126,5,3,105)
r(265,3,3,105)
w(71,5,3,105)
w(129,4,3,105)
r(259,14,3,105)
r(140,12,3,105)
w(83,8,4,106)
r(328,1,4,106)
w(270,6,4,106)
r(342,14,4,106)
w(153,7,4,106)
r(128,13,4,106)
w(111,6,4,106)
w(109,8,4,106)
w(276,12,4,106)
w(285,5,4,106)
w(340,8,4,106)
w(201,8,4,106)
w(179,6,4,106)
r(9,10,4,106)
r(188,4,4,106)
r(287,4,4,106)
w(56,8,4,106)
r(162,11,4,106)
r(58,8,4,106)
w(160,13,4,106)
w(249,5,4,106)
w(353,13,4,106)
w(290,5,4,106)
w(21,10,4,106)
r(265,10,4,106)
w(308,6,4,106)
r(202,9,4,106)
w(221,12,4,106)
w(256,9,4,106)
r(346,10,4,106)
w(335,6,4,106)
w(173,13,4,106)
r(119,5,4,106)
r(30,3,4,106)
r(319,2,4,106)
r(323,8,4,106)
r(314,12,4,106)
w(185,5,4,106)
w(303,5,4,106)
w(225,9,4,106)
r(249,5,5,107)
w(288,11,5,107)
w(215,8,5,107)
r(104,6,5,107)
w(256,14,5,107)
r(271,14,5,107)
w(192,12,5,107)
r(163,2,5,107)
w(97,13,5,107)
w(344,6,5,107)
r(260,7,5,107)
r(71,5,5,107)
w(7,12,5,107)
w(151,16,5,107)
r(199,18,5,107)
w(8,11,5,107)
w(76,7,5,107)
r(183,9,5,107)
w(251,9,5,107)
r(109,2,5,107)
w(214,12,5,107)
w(114,7,5,107)
w(290,11,5,107)
r(164,10,5,107)
r(278,6,5,107)
w(320,12,5,107)
r(279,10,5,107)
r(284,3,5,107)
r(7,12,5,107)
r(45,9,5,107)
r(118,5,5,107)
w(355,14,5,107)
r(202,11,5,107)
r(294,4,5,107)
r(104,6,5,107)
r(281,9,5,107)
r(103,11,5,107)
w(81,5,5,107)
w(49,5,5,107)
r(178,12,5,107)
w(345,11,6,108)
r(17,20,6,108)
r(354,8,6,108)
w(2,14,6,108)
r(54,3,6,108)
w(126,7,6,108)
w(133,13,6,108)
w(269,9,6,108)
w(303,14,6,108)
r(143,12,6,108)
r(205,10,6,108)
w(315,11,6,108)
r(334,2,6,108)
w(274,9,6,108)
r(98,13,6,108)
r(205,10,6,108)
r(86,5,6,108)
w(97,9,6,108)
r(332,6,6,108)
r(38,3,6,108)
w(331,9,6,108)
r(128,9,6,108)
r(220,10,6,108)
w(8,17,6,108)
r(291,2,6,108)
w(289,14,6,108)
w(350,13,6,108)
w(89,19,6,108)
r(222,6,6,108)
w(214,9,6,108)
w(151,17,6,108)
r(154,13,6,108)
r(65,6,1,109)
w(70,6,1,109)
w(142,3,1,109)
w(25,10,1,109)
r(279,4,1,109)
r(240,6,1,109)
w(58,10,1,109)
w(138,4,1,109)
w(353,3,1,109)
w(343,4,1,109)
r(36,8,1,109)
w(240,3,1,109)
r(57,3,1,109)
w(259,3,1,109)
r(224,1,1,109)
r(231,1,1,109)
w(230,6,1,109)
r(339,14,1,109)
w(68,2,1,109)
w(116,2,1,109)
r(79,13,1,109)
r(315,4,1,109)
w(116,3,1,109)
r(222,6,1,109)
w(42,2,1,109)
r(317,10,1,109)
w(220,2,1,109)
r(99,1,1,109)
r(169,2,1,109)
r(245,3,1,109)
r(96,5,1,109)
r(234,4,1,109)
w(89,4,1,109)
r(145,3,1,109)
r(269,3,1,109)
w(141,3,2,110)
r(86,5,2,110)
w(72,10,2,110)
w(116,4,2,110)
w(262,3,2,110)
r(311,13,2,110)
w(345,6,2,110)
w(260,6,2,110)
r(89,5,2,110)
w(119,10,2,110)
r(228,8,2,110)
w(93,6,2,110)
w(168,6,2,110)
w(253,8,2,110)
w(26,8,2,110)
w(125,5,2,110)
w(293,2,2,110)
r(163,2,2,110)
w(98,10,2,110)
r(307,6,3,111)
w(254,10,3,111)
r(315,13,3,111)
r(78,18,3,111)
r(274,4,3,111)
w(193,4,3,111)
w(67,5,3,111)
r(358,5,3,111)
r(267,10,3,111)
w(344,4,3,111)
r(204,6,3,111)
w(94,5,3,111)
r(169,2,3,111)
r(244,2,3,111)
r(125,3,3,111)
r(351,2,3,111)
r(221,1,3,111)
r(112,5,3,111)
r(299,3,3,111)
r(226,3,3,111)
w(22,10,3,111)
w(234,10,3,111)
w(172,5,3,111)
w(192,3,3,111)
w(124,6,3,111)
w(283,5,4,112)
r(343,3,4,112)
r(135,4,4,112)
w(169,8,4,112)
w(302,6,4,112)
r(237,3,4,112)
r(71,5,4,112)
r(74,5,4,112)
r(93,3,4,112)
r(321,12,4,112)
r(58,8,4,112)
w(212,7,4,112)
w(146,9,4,112)
w(325,9,4,112)
w(358,6,4,112)
r(23,13,4,112)
w(130,13,4,112)
w(268,9,4,112)
w(288,12,4,112)
w(96,11,4,112)
r(67,3,4,112)
r(192,5,4,112)
w(345,12,4,112)
r(101,4,4,112)
w(180,5,4,112)
w(103,11,4,112)
r(295,5,4,112)
r(279,10,4,112)
w(275,9,4,112)
r(288,12,4,112)
r(241,11,4,112)
w(29,12,4,112)
r(210,3,4,112)
r(58,8,4,112)
w(257,5,4,112)
w(195,13,4,112)
r(180,5,4,112)
r(89,3,4,112)
w(261,13,4,112)
r(97,2,4,112)
w(101,6,6,113)
r(99,1,6,113)
r(285,5,6,113)
w(113,13,6,113)
w(349,7,6,113)
w(35,13,6,113)
w(272,6,6,113)
w(300,12,6,113)
r(267,10,6,113)
r(349,7,6,113)
w(357,19,6,113)
w(14,14,6,113)
r(262,10,6,113)
r(6,4,6,113)
w(147,12,6,113)
w(58,19,6,113)
w(226,7,6,113)
w(178,12,6,113)
r(195,13,6,113)
r(90,8,6,113)
w(94,16,6,113)
r(350,12,6,113)
r(89,3,6,113)
r(100,3,6,113)
w(181,13,6,113)
w(308,13,6,113)
w(112,12,6,113)
w(340,11,6,113)
r(21,10,6,113)
r(281,7,6,113)
w(240,18,6,113)
w(149,9,6,113)
w(232,9,6,113)
w(207,13,6,113)
w(69,4,6,113)
w(195,7,6,113)
r(174,7,6,113)
r(313,10,6,113)
w(210,16,6,113)
w(324,9,6,113)
r(146,3,1,114)
r(19,5,1,114)
w(124,2,1,114)
r(198,11,1,114)
w(314,2,1,114)
w(157,4,1,114)
w(253,4,1,114)
r(54,3,1,114)
w(357,3,1,114)
r(194,3,1,114)
r(178,4,1,114)
w(283,2,1,114)
r(143,12,1,114)
r(113,2,1,114)
w(359,2,1,114)
r(101,4,1,114)
w(176,2,1,114)
r(53,2,1,114)
r(123,2,1,114)
r(27,8,1,114)
w(103,6,1,114)
w(39,2,1,114)
w(72,4,1,114)
w(119,3,1,114)
r(73,6,1,114)
r(226,3,1,114)
r(74,6,1,114)
w(75,2,1,114)
r(305,4,2,115)
r(111,10,2,115)
r(16,4,2,115)
r(190,13,2,115)
w(197,6,2,115)
w(131,3,2,115)
r(354,8,2,115)
r(332,6,2,115)
w(355,6,2,115)
w(357,6,2,115)
w(141,4,2,115)
w(109,10,2,115)
r(195,2,2,115)
w(110,10,2,115)
r(3,1,2,115)
r(347,1,2,115)
r(155,1,2,115)
w(128,10,2,115)
r(164,10,2,115)
w(122,10,2,115)
w(315,4,2,115)
w(345,5,2,115)
w(313,10,2,115)
w(360,3,2,115)
w(277,6,2,115)
w(214,4,2,115)
w(348,6,2,115)
r(140,12,2,115)
r(115,12,2,115)
w(23,4,2,115)
w(306,2,2,115)
w(155,6,2,115)
w(166,10,2,115)
w(347,4,2,115)
r(218,6,2,115)
w(141,10,2,115)
w(174,6,2,115)
r(33,5,2,115)
w(287,4,2,115)
r(358,5,2,115)
r(289,9,3,116)
r(52,6,3,116)
r(72,9,3,116)
r(195,3,3,116)
r(283,10,3,116)
r(329,4,3,116)
r(105,10,3,116)
w(255,6,3,116)
w(74,12,3,116)
r(53,2,3,116)
r(145,3,3,116)
r(61,11,3,116)
w(314,3,3,116)
w(11,8,3,116)
w(121,4,3,116)
r(123,2,3,116)
w(169,6,3,116)
r(124,12,3,116)
w(326,4,3,116)
w(247,12,3,116)
w(112,4,3,116)
r(261,10,3,116)
r(124,12,3,116)
r(67,3,3,116)
w(148,8,3,116)
r(101,4,3,116)
r(138,13,3,116)
r(305,6,3,116)
r(247,12,3,116)
r(13,11,3,116)
w(122,8,3,116)
w(53,10,3,116)
r(3,6,3,116)
r(224,1,3,116)
w(347,6,3,116)
r(13,11,3,116)
w(349,13,3,116)
w(196,5,3,116)
w(308,4,3,116)
r(172,6,4,117)
w(233,4,4,117)
w(207,12,4,117)
r(351,2,4,117)
w(235,3,4,117)
w(107,6,4,117)
r(75,10,4,117)
r(100,3,4,117)
r(70,12,6,118)
r(125,3,6,118)
r(105,10,6,118)
w(277,13,6,118)
w(96,19,6,118)
w(44,13,6,118)
w(101,5,6,118)
r(230,12,6,118)
w(199,18,6,118)
w(179,8,6,118)
w(315,7,6,118)
r(303,5,6,118)
w(188,8,6,118)
w(91,8,6,118)
w(129,8,6,118)
r(44,13,6,118)
r(146,9,6,118)
w(207,9,6,118)
w(307,9,6,118)
w(96,17,6,118)
w(247,16,6,118)
r(349,7,6,118)
w(248,7,6,118)
r(199,18,6,118)
r(88,13,6,118)
w(264,14,6,118)
w(57,9,6,118)
w(25,11,6,118)
w(10,9,6,118)
r(94,16,6,118)
w(43,8,6,118)
w(162,7,6,118)
w(43,12,6,118)
w(182,11,6,118)
r(274,13,6,118)
r(268,9,6,118)
r(187,3,6,118)
r(294,4,6,118)
w(6,8,6,118)
w(89,17,6,118)
r(120,13,1,119)
w(146,4,1,119)
w(170,2,1,119)
r(110,13,1,119)
r(310,3,1,119)
w(124,3,1,119)
r(74,5,1,119)
r(192,12,1,119)
w(73,4,1,119)
w(28,6,1,119)
w(267,3,1,119)
w(217,4,1,119)
w(295,10,1,119)
r(133,6,1,119)
w(319,3,1,119)
w(311,2,1,119)
w(325,3,1,119)
r(169,8,1,119)
w(237,4,1,119)
w(234,3,1,119)
w(151,4,1,119)
w(167,3,1,119)
r(215,13,1,119)
w(245,2,1,119)
w(280,3,1,119)
r(85,1,1,119)
r(166,10,1,119)
r(355,14,1,119)
r(270,6,1,119)
r(267,3,1,119)
w(297,2,1,119)
w(354,4,1,119)
r(77,4,1,119)
r(15,4,1,119)
r(101,5,1,119)
r(13,11,1,119)
w(321,2,1,119)
w(47,10,1,119)
w(3,2,1,119)
r(75,10,1,119)
r(194,3,2,120)
w(206,4,2,120)
w(202,6,2,120)
r(175,5,2,120)
w(130,5,2,120)
r(50,10,2,120)
w(34,6,2,120)
r(128,10,2,120)
r(122,10,2,120)
r(169,2,2,120)
r(233,1,2,120)
r(64,12,2,120)
w(24,5,2,120)
r(259,14,2,120)
w(293,3,2,120)
r(317,10,2,120)
r(329,4,2,120)
r(134,5,2,120)
w(298,6,2,120)
w(188,3,2,120)
r(184,10,2,120)
w(81,3,2,120)
r(133,4,2,120)
w(195,10,2,120)
r(3,1,2,120)
r(168,5,2,120)
r(35,13,3,121)
r(208,8,3,121)
w(225,12,3,121)
w(300,4,3,121)
w(78,6,3,121)
w(60,8,3,121)
w(6,6,3,121)
r(111,6,3,121)
w(13,6,3,121)
r(283,5,3,121)
r(344,8,3,121)
r(344,8,4,122)
r(169,8,4,122)
r(22,8,4,122)
w(243,13,4,122)
r(185,5,4,122)
r(158,12,4,122)
r(136,3,4,122)
r(184,10,4,122)
r(55,2,4,122)
w(247,11,4,122)
w(31,14,4,122)
r(345,12,4,122)
w(257,8,4,122)
r(178,12,4,122)
w(29,13,4,122)
w(136,5,4,122)
w(119,12,4,122)
w(256,11,4,122)
w(60,13,4,122)
r(84,14,4,122)
r(8,19,4,122)
w(75,8,4,122)
w(4,13,4,122)
r(205,10,4,122)
r(224,1,4,122)
w(253,7,4,122)
r(332,6,4,122)
w(281,13,4,122)
w(288,13,4,122)
w(181,5,4,122)
r(48,13,4,122)
w(128,12,4,122)
r(70,12,6,123)
r(231,1,6,123)
r(178,12,6,123)
w(146,18,6,123)
r(38,3,6,123)
r(186,3,6,123)
r(73,6,6,123)
w(233,9,6,123)
w(81,13,6,123)
w(65,12,6,123)
w(34,14,6,123)
r(79,13,6,123)
r(210,16,6,123)
w(343,19,6,123)
r(197,6,6,123)
r(94,16,6,123)
r(243,4,6,123)
r(297,1,6,123)
w(316,8,6,123)
r(184,10,6,123)
w(127,7,6,123)
r(261,13,6,123)
r(151,18,6,123)
r(154,13,6,123)
r(20,2,6,123)
w(323,13,6,123)
r(262,10,6,123)
r(209,4,6,123)
r(307,9,6,123)
w(131,7,6,123)
w(175,8,6,123)
r(239,6,6,123)
w(202,11,6,123)
w(3,5,6,123)
r(274,13,6,123)
w(81,9,6,123)
w(76,16,6,123)
r(130,13,6,123)
w(262,6,6,123)
r(135,4,6,123)
r(140,12,1,124)
r(69,4,1,124)
r(116,10,1,124)
w(307,2,1,124)
r(294,14,1,124)
w(298,2,1,124)
r(125,3,1,124)
r(327,5,1,124)
r(157,7,1,124)
w(37,10,1,124)
r(125,3,1,124)
r(318,9,1,124)
r(314,8,1,124)
w(61,4,1,124)
w(251,2,1,124)
r(136,3,1,124)
r(251,2,1,124)
w(140,4,1,124)
w(220,3,1,124)
r(200,10,1,124)
r(20,2,1,124)
w(288,10,1,124)
r(275,9,1,124)
w(177,10,1,124)
w(99,3,1,124)
w(24,4,1,124)
r(98,13,1,124)
w(237,10,1,124)
r(301,1,1,124)
w(88,2,1,124)
r(209,4,1,124)
w(287,2,1,124)
r(174,7,1,124)
w(311,3,1,124)
r(153,7,1,124)
w(313,3,1,124)
r(197,6,1,124)
w(95,6,1,124)
w(151,10,1,124)
w(162,2,1,124)
w(240,6,2,125)
r(344,3,2,125)
r(194,3,2,125)
w(228,4,2,125)
w(265,10,2,125)
r(57,3,2,125)
w(294,6,2,125)
r(195,2,2,125)
w(76,5,2,125)
r(232,1,2,125)
w(12,4,2,125)
w(5,2,2,125)
r(210,4,2,125)
w(43,3,2,125)
w(311,4,2,125)
r(138,5,2,125)
w(305,3,2,125)
w(275,5,2,125)
r(300,3,2,125)
w(75,4,2,125)
w(243,4,2,125)
r(178,4,2,125)
r(78,18,2,125)
r(52,6,2,125)
w(174,5,2,125)
r(132,2,2,125)
r(306,2,2,125)
r(87,10,2,125)
w(58,8,2,125)
r(264,12,2,125)
w(284,3,2,125)
r(124,10,2,125)
w(96,5,2,125)
w(138,6,2,125)
r(252,1,2,125)
w(116,10,2,125)
w(349,5,2,125)
w(34,5,2,125)
w(349,8,2,125)
r(333,9,2,125)
w(217,6,3,126)
w(28,8,3,126)
w(320,10,3,126)
w(318,12,3,126)
r(358,6,3,126)
r(96,17,3,126)
r(89,17,3,126)
r(191,8,3,126)
w(265,6,3,126)
r(358,6,3,126)
r(360,3,3,126)
r(127,10,3,126)
r(99,1,3,126)
r(151,18,3,126)
r(308,13,3,126)
w(197,13,3,126)
r(341,1,3,126)
w(347,5,3,126)
r(77,4,3,126)
r(215,2,3,126)
w(187,4,3,126)
r(44,13,4,127)
r(83,8,4,127)
w(226,9,4,127)
w(287,5,4,127)
r(9,10,4,127)
r(95,13,4,127)
w(264,13,4,127)
w(334,10,4,127)
w(213,7,4,127)
w(285,8,4,127)
r(251,6,4,127)
r(356,6,4,127)
w(46,6,4,127)
w(240,9,4,127)
w(40,8,4,127)
w(18,4,4,127)
r(334,10,4,127)
w(235,10,4,127)
w(158,5,4,127)
w(41,6,4,127)
r(72,9,4,127)
r(19,5,4,127)
w(321,5,4,127)
w(280,13,4,127)
w(162,5,4,127)
r(315,7,4,127)
w(37,12,4,127)
w(281,9,4,127)
r(321,5,4,127)
w(256,7,4,127)
r(226,9,4,127)
r(142,13,4,127)
w(265,5,4,127)
w(53,6,4,127)
w(328,8,4,127)
w(120,13,4,127)
w(24,11,4,127)
w(243,9,4,127)
r(282,6,4,127)
r(167,8,4,127)
r(113,13,6,128)
r(357,19,6,128)
r(222,6,6,128)
r(92,4,6,128)
w(73,12,6,128)
w(137,10,6,128)
r(212,7,6,128)
r(4,11,6,128)
w(183,9,6,128)
r(135,4,6,128)
w(45,9,6,128)
r(49,8,6,128)
r(216,13,6,128)
w(108,11,6,128)
r(357,19,6,128)
r(219,4,6,128)
r(104,6,6,128)
w(127,14,6,128)
w(220,12,6,128)
w(360,8,6,128)
w(52,14,6,128)
r(344,8,6,128)
w(321,11,6,128)
r(96,17,6,128)
r(221,12,6,128)
r(78,18,6,128)
r(280,13,6,128)
w(70,7,6,128)
r(117,6,6,128)
r(248,7,6,128)
w(184,12,6,128)
r(113,13,6,128)
r(168,9,6,128)
r(297,1,6,128)
r(78,18,6,128)
w(64,16,6,128)
w(135,11,6,128)
w(259,18,6,128)
w(31,16,6,128)
w(206,5,6,128)
r(310,3,1,129)
w(87,2,1,129)
w(181,3,1,129)
r(252,7,1,129)
r(325,3,1,129)
r(201,8,1,129)
r(217,4,1,129)
w(273,4,1,129)
r(106,3,1,129)
r(127,14,1,129)
r(42,10,1,129)
r(31,16,1,129)
w(198,3,1,129)
w(313,4,1,129)
r(242,11,1,129)
r(358,6,1,129)
r(110,13,1,129)
r(241,11,1,129)
r(97,13,1,129)
w(130,4,1,129)
r(216,13,1,129)
r(38,16,1,129)
w(80,3,1,129)
w(155,4,1,129)
w(144,3,1,129)
w(328,3,1,129)
r(114,7,1,129)
r(181,3,1,129)
r(19,5,1,129)
r(196,4,1,129)
r(96,17,1,129)
r(312,4,1,129)
w(151,6,1,129)
w(75,3,1,129)
r(86,5,1,129)
r(44,13,1,129)
r(266,12,1,129)
r(178,12,1,129)
w(52,4,1,129)
r(18,4,1,129)
w(79,10,2,130)
r(210,4,2,130)
r(339,14,2,130)
w(73,6,2,130)
w(92,4,2,130)
w(286,10,2,130)
r(237,3,2,130)
r(62,3,2,130)
w(188,4,2,130)
w(244,10,2,130)
r(174,5,2,130)
r(155,3,2,130)
r(162,12,2,130)
w(74,6,2,130)
w(286,6,2,130)
r(191,4,2,130)
r(248,12,2,130)
w(210,3,2,130)
w(220,10,2,130)
w(310,3,2,130)
r(79,10,2,130)
w(340,4,2,130)
r(90,4,2,130)
w(331,4,2,130)
w(359,4,2,130)
w(173,5,2,130)
r(131,3,2,130)
w(12,10,2,130)
w(227,2,2,130)
w(83,10,2,130)
w(196,4,2,130)
r(75,4,2,130)
r(262,10,2,130)
r(256,13,2,130)
w(75,10,2,130)
r(242,2,2,130)
w(263,3,2,130)
w(38,3,2,130)
w(330,12,2,130)
w(269,3,2,130)
w(100,12,4,131)
r(44,13,4,131)
r(166,10,4,131)
w(335,5,4,131)
r(33,4,4,131)
w(309,6,4,131)
r(298,12,4,131)
w(130,9,4,131)
w(192,6,4,131)
r(277,13,4,131)
r(111,6,4,131)
r(356,6,4,131)
w(340,13,4,131)
r(315,7,4,131)
r(292,4,4,131)
r(210,16,4,131)
w(129,10,4,131)
r(346,10,4,131)
r(202,11,4,131)
w(353,9,4,131)
w(294,13,4,131)
r(120,13,4,131)
r(11,2,4,131)
r(232,9,4,131)
w(221,13,4,131)
r(147,12,4,131)
r(112,12,4,131)
w(26,18,4,131)
w(132,5,4,131)
w(17,7,4,131)
w(141,12,4,131)
w(199,12,4,131)
w(121,8,4,131)
w(333,14,4,131)
r(289,9,4,131)
r(115,12,4,131)
w(67,12,4,131)
r(108,11,6,132)
w(134,9,6,132)
w(171,8,6,132)
r(180,13,6,132)
w(145,7,6,132)
r(41,6,6,132)
r(324,9,6,132)
r(49,5,6,132)
r(37,12,6,132)
w(63,12,6,132)
r(119,9,6,132)
r(95,13,6,132)
w(215,13,6,132)
w(38,16,6,132)
r(244,10,6,132)
w(182,7,6,132)
w(23,11,6,132)
r(68,3,6,132)
r(214,12,6,132)
r(170,5,6,132)
r(251,9,6,132)
w(360,12,6,132)
r(59,12,6,132)
r(148,14,6,132)
w(121,11,6,132)
r(240,9,6,132)
w(122,7,6,132)
r(173,13,6,132)
r(64,16,6,132)
r(258,8,6,132)
r(152,8,6,132)
w(307,11,6,132)
r(333,9,6,132)
w(142,9,6,132)
w(254,11,6,132)
r(342,14,6,132)
w(268,7,6,132)
w(3,8,6,132)
w(307,7,6,132)
r(20,2,6,132)
r(116,10,1,133)
w(239,3,1,133)
w(11,3,1,133)
r(57,9,1,133)
r(83,8,1,133)
r(63,12,1,133)
w(132,3,1,133)
r(20,2,1,133)
r(24,4,1,133)
w(56,2,1,133)
r(65,12,1,133)
w(175,2,1,133)
r(111,6,1,133)
w(143,4,1,133)
r(122,7,1,133)
w(330,5,1,133)
w(31,10,1,133)
w(307,3,1,133)
r(20,2,1,133)
w(28,5,1,133)
w(27,4,1,133)
r(4,11,1,133)
w(8,4,1,133)
r(330,5,1,133)
r(250,10,1,133)
w(229,3,1,133)
r(189,6,1,133)
r(127,14,1,133)
w(58,5,1,133)
w(242,3,1,133)
w(294,10,1,133)
w(299,6,1,133)
r(179,8,1,133)
r(50,5,1,133)
r(199,18,1,133)
r(258,8,1,133)
r(70,7,1,133)
w(50,2,1,133)
w(267,4,1,133)
r(30,4,1,133)
w(333,5,2,134)
w(179,4,2,134)
r(339,14,2,134)
w(212,5,2,134)
w(141,6,2,134)
r(91,3,2,134)
r(118,5,2,134)
r(360,3,2,134)
r(317,10,2,134)
w(322,10,2,134)
r(73,6,2,134)
w(214,10,2,134)
r(62,3,2,134)
w(330,13,2,134)
r(215,2,2,134)
r(129,4,2,134)
w(297,10,2,134)
r(98,13,2,134)
r(273,3,2,134)
w(258,6,2,134)
r(287,4,2,134)
r(271,14,2,134)
w(225,18,6,135)
r(23,11,6,135)
r(119,9,6,135)
w(133,9,6,135)
r(157,7,6,135)
w(317,9,6,135)
w(252,7,6,135)
r(73,4,6,135)
r(30,4,6,135)
w(171,12,6,135)
r(311,2,6,135)
w(193,13,6,135)
w(240,16,6,135)
w(271,18,6,135)
w(11,18,6,135)
r(45,9,6,135)
w(294,14,6,135)
w(182,14,6,135)
r(285,8,6,135)
w(242,11,6,135)
r(154,13,6,135)
r(143,12,6,135)
r(282,6,6,135)
w(160,11,6,135)
w(60,19,6,135)
r(112,12,6,135)
r(182,14,6,135)
w(271,16,6,135)
r(313,18,6,135)
r(64,16,6,135)
r(175,8,6,135)
r(267,3,6,135)
r(71,5,6,135)
w(123,7,6,135)
r(307,7,6,135)
r(69,4,6,135)
r(123,7,6,135)
w(205,6,6,135)
w(71,12,6,135)
r(57,9,6,135)
r(71,5,2,136)
r(24,10,2,136)
r(189,9,2,136)
w(146,8,2,136)
w(279,10,2,136)
r(152,8,2,136)
r(305,6,2,136)
w(131,4,2,136)
r(340,8,2,136)
w(50,5,2,136)
r(243,4,2,136)
w(131,10,2,136)
w(339,5,2,136)
w(31,13,2,136)
r(273,3,2,136)
w(120,10,2,136)
w(189,6,2,136)
w(353,5,2,136)
r(180,2,2,136)
w(288,5,2,136)
w(180,3,2,136)
r(191,8,2,136)
r(164,10,2,136)
r(242,9,2,136)
w(108,10,2,136)
w(41,3,2,136)
r(92,4,2,136)
r(61,11,2,136)
r(314,8,2,136)
r(90,8,2,136)
w(144,5,2,136)
w(74,5,2,136)
r(152,8,2,136)
r(240,6,2,136)
r(274,13,2,136)
r(196,4,2,136)
r(151,18,2,136)
r(353,5,2,136)
r(355,4,2,136)
r(316,10,2,136)
r(114,9,2,137)
r(134,5,2,137)
r(256,9,2,137)
r(218,6,2,137)
r(260,7,2,137)
w(257,3,2,137)
r(258,8,2,137)
w(174,8,2,137)
w(89,6,2,137)
w(333,8,2,137)
r(42,10,2,137)
w(164,3,2,137)
w(231,4,2,137)
