r(7,0,0,0)
r(12,0,0,1)
r(8,0,0,2)
r(6,0,0,3)
w(13,1,0,4)
w(2,1,0,5)
w(6,1,0,6)
w(2,2,0,7)
r(14,0,0,8)
r(6,17,0,9)
w(3,1,0,10)
w(14,1,0,11)
r(0,5,0,12)
r(0,5,0,13)
w(8,1,0,14)
r(2,15,0,15)
w(4,1,0,16)
w(6,2,0,17)
w(8,2,0,18)
w(12,1,0,19)
r(6,19,0,20)
w(1,1,0,21)
r(0,6,0,22)
r(11,12,0,23)
w(5,1,0,24)
w(5,2,0,25)
w(8,3,0,26)
r(4,8,0,27)
r(12,1,0,28)
w(12,2,0,29)
r(2,6,0,30)
r(13,13,0,31)
r(2,6,0,32)
r(6,19,0,33)
r(10,8,0,34)
w(11,1,0,35)
r(11,1,0,36)
r(5,10,0,37)
r(3,7,0,38)
w(9,1,0,39)
w(3,2,0,40)
r(5,10,0,41)
r(0,22,0,42)
w(11,2,0,43)
w(0,1,0,44)
w(5,3,0,45)
w(3,3,0,46)
r(5,14,0,47)
w(6,3,0,48)
w(12,3,0,49)
r(13,14,0,50)
w(1,2,0,51)
r(1,2,0,52)
r(1,2,0,53)
r(11,7,0,54)
r(4,5,0,55)
r(13,14,0,56)
r(11,7,0,57)
r(0,14,0,58)
w(8,4,0,59)
r(2,14,0,60)
r(6,7,0,61)
w(13,2,0,62)
w(3,4,0,63)
r(1,2,0,64)
r(1,2,0,65)
r(14,10,0,66)
w(0,2,0,67)
r(2,14,0,68)
r(8,4,0,69)
r(1,2,0,70)
r(13,2,0,71)
r(7,7,0,72)
w(14,2,0,73)
r(14,2,0,74)
r(4,6,0,75)
r(6,13,0,76)
w(1,3,0,77)
r(9,12,0,78)
w(2,4,0,79)
w(6,4,0,80)
w(4,2,0,81)
w(5,4,0,82)
r(13,6,0,83)
r(3,19,0,84)
r(8,19,0,85)
w(8,5,0,86)
r(10,5,0,87)
w(0,3,0,88)
w(5,5,0,89)
w(5,6,0,90)
w(13,3,0,91)
w(7,1,0,92)
r(14,6,0,93)
r(8,20,0,94)
w(12,4,0,95)
r(14,6,0,96)
r(12,4,0,97)
w(5,7,0,98)
r(11,4,0,99)
r(0,3,0,100)
r(11,4,0,101)
r(4,7,0,102)
w(2,5,0,103)
r(10,13,0,104)
r(2,5,0,105)
r(9,9,0,106)
r(6,15,0,107)
w(3,5,0,108)
r(7,14,0,109)
r(0,3,0,110)
r(2,5,0,111)
r(5,7,0,112)
r(6,15,0,113)
r(2,5,0,114)
w(0,4,0,115)
w(10,1,0,116)
r(8,16,0,117)
r(10,6,0,118)
r(8,16,0,119)
w(6,5,0,120)
r(10,6,0,121)
w(7,2,0,122)
r(4,7,0,123)
w(13,4,1,124)
r(0,0,1,125)
w(0,5,1,126)
w(6,6,1,127)
w(13,5,1,128)
w(4,3,1,129)
w(9,2,1,130)
w(3,6,1,131)
r(7,0,1,132)
w(14,3,1,133)
r(14,3,1,134)
r(13,5,1,135)
w(7,3,1,136)
r(10,0,1,137)
w(5,8,1,138)
w(0,6,1,139)
r(8,2,1,140)
w(9,3,1,141)
w(14,4,1,142)
w(11,3,1,143)
w(7,4,1,144)
w(2,6,1,145)
r(5,2,1,146)
r(8,3,1,147)
r(8,3,1,148)
r(12,2,1,149)
r(10,8,1,150)
w(3,7,1,151)
r(13,13,1,152)
w(2,7,1,153)
w(4,4,1,154)
w(12,5,1,155)
r(11,1,1,156)
r(11,1,1,157)
r(14,10,1,158)
r(8,18,1,159)
w(2,8,1,160)
w(2,9,1,161)
w(8,6,1,162)
w(7,5,1,163)
w(12,6,1,164)
w(4,5,1,165)
r(8,6,1,166)
w(8,7,1,167)
r(8,7,1,168)
r(14,10,1,169)
r(11,7,1,170)
r(6,3,1,171)
w(2,10,1,172)
r(8,7,1,173)
r(10,9,1,174)
w(6,7,1,175)
w(7,6,1,176)
w(7,7,1,177)
r(3,17,1,178)
r(0,14,1,179)
w(4,6,1,180)
r(9,12,1,181)
r(7,7,1,182)
r(4,6,1,183)
r(3,4,1,184)
w(2,11,1,185)
r(13,2,1,186)
w(2,12,1,187)
w(0,7,1,188)
r(0,24,1,189)
w(9,4,1,190)
r(0,24,1,191)
r(9,4,1,192)
w(13,6,1,193)
w(12,7,1,194)
w(8,8,1,195)
w(0,8,1,196)
w(13,7,1,197)
w(12,8,1,198)
w(5,9,1,199)
r(0,3,1,200)
w(14,5,1,201)
w(14,6,1,202)
r(3,13,1,203)
w(4,7,1,204)
r(2,4,1,205)
r(4,7,1,206)
w(11,4,1,207)
w(10,2,1,208)
r(0,4,1,209)
r(1,8,1,210)
w(12,9,1,211)
w(6,8,1,212)
w(7,8,1,213)
w(13,8,1,214)
r(12,9,1,215)
r(1,9,1,216)
w(8,10,1,217)
r(11,10,1,218)
r(5,7,1,219)
w(0,9,1,220)
r(8,10,1,221)
r(11,10,1,222)
w(14,7,1,223)
w(6,9,1,224)
r(4,7,1,225)
r(14,7,1,226)
w(12,10,1,227)
r(8,10,1,228)
r(9,9,1,229)
w(14,8,1,230)
r(3,14,1,231)
r(3,14,1,232)
r(2,20,1,233)
r(7,11,1,234)
w(10,3,1,235)
r(14,13,1,236)
r(8,10,1,237)
w(8,11,1,238)
w(9,5,1,239)
w(0,10,1,240)
w(8,12,1,241)
w(7,9,1,242)
w(10,4,1,243)
r(2,20,1,244)
r(9,5,1,245)
w(1,4,1,246)
r(0,10,1,247)
r(13,4,2,248)
r(5,0,2,249)
r(7,0,2,250)
w(8,13,2,251)
w(9,6,2,252)
w(14,9,2,253)
r(10,0,2,254)
r(1,11,2,255)
r(9,6,2,256)
w(11,5,2,257)
w(6,10,2,258)
r(3,1,2,259)
r(0,5,2,260)
w(6,11,2,261)
r(9,2,2,262)
w(0,11,2,263)
r(0,11,2,264)
w(12,11,2,265)
r(14,3,2,266)
w(0,12,2,267)
w(2,13,2,268)
w(4,8,2,269)
r(2,13,2,270)
w(1,5,2,271)
r(11,3,2,272)
r(6,19,2,273)
w(3,8,2,274)
w(11,6,2,275)
r(6,19,2,276)
r(0,6,2,277)
r(12,2,2,278)
r(9,11,2,279)
r(0,6,2,280)
w(3,9,2,281)
w(5,10,2,282)
r(13,13,2,283)
r(13,13,2,284)
w(1,6,2,285)
r(2,19,2,286)
w(14,10,2,287)
r(12,5,2,288)
r(13,13,2,289)
w(0,13,2,290)
w(11,7,2,291)
r(7,5,2,292)
r(14,10,2,293)
w(13,9,2,294)
w(3,10,2,295)
w(5,11,2,296)
r(13,14,2,297)
r(10,9,2,298)
w(0,14,2,299)
w(2,14,2,300)
r(11,7,2,301)
w(6,12,2,302)
w(11,8,2,303)
w(6,13,2,304)
r(4,6,2,305)
r(14,2,2,306)
w(4,10,2,307)
w(13,10,2,308)
r(11,8,2,309)
r(8,19,2,310)
r(3,18,2,311)
r(10,10,2,312)
r(11,8,2,313)
r(11,8,2,314)
r(11,8,2,315)
w(6,14,2,316)
r(4,2,2,317)
w(0,15,2,318)
w(4,11,2,319)
w(11,9,2,320)
w(10,5,2,321)
r(0,8,2,322)
r(10,5,2,323)
w(6,15,2,324)
r(7,7,2,325)
w(1,7,2,326)
w(1,8,2,327)
w(3,12,2,328)
w(3,13,2,329)
w(8,14,2,330)
w(8,15,2,331)
r(5,6,2,332)
r(10,12,2,333)
w(9,7,2,334)
w(9,8,2,335)
w(9,9,2,336)
r(1,8,2,337)
r(7,1,2,338)
r(4,7,2,339)
w(8,16,2,340)
r(1,8,2,341)
w(3,14,2,342)
r(10,14,2,343)
w(10,6,2,344)
r(14,6,2,345)
w(11,10,2,346)
w(1,9,2,347)
r(7,2,2,348)
w(14,11,2,349)
w(0,16,2,350)
w(1,10,2,351)
w(5,12,2,352)
w(10,7,2,353)
r(11,10,2,354)
w(12,12,2,355)
w(14,12,2,356)
w(7,10,2,357)
w(7,11,2,358)
r(9,9,2,359)
w(14,13,2,360)
w(0,17,2,361)
w(0,18,2,362)
w(13,11,2,363)
r(0,10,2,364)
w(14,14,2,365)
w(6,16,2,366)
w(4,12,2,367)
r(8,12,2,368)
r(6,16,2,369)
w(12,13,3,370)
r(6,0,3,371)
w(1,11,3,372)
w(6,17,3,373)
r(0,5,3,374)
w(2,15,3,375)
r(1,11,3,376)
w(5,13,3,377)
w(6,18,3,378)
r(12,13,3,379)
w(9,10,3,380)
w(2,16,3,381)
r(5,13,3,382)
r(8,1,3,383)
w(11,11,3,384)
r(14,1,3,385)
w(2,17,3,386)
w(3,15,3,387)
r(12,11,3,388)
r(4,1,3,389)
w(3,16,3,390)
w(6,19,3,391)
r(14,3,3,392)
w(13,12,3,393)
r(11,11,3,394)
w(2,18,3,395)
w(11,12,3,396)
w(9,11,3,397)
w(13,13,3,398)
r(4,8,3,399)
r(2,18,3,400)
w(11,13,3,401)
r(12,1,3,402)
w(10,8,3,403)
r(14,4,3,404)
r(9,11,3,405)
r(3,8,3,406)
r(3,8,3,407)
w(2,19,3,408)
r(13,13,3,409)
r(3,9,3,410)
w(8,18,3,411)
w(0,19,3,412)
w(0,20,3,413)
w(0,21,3,414)
r(13,13,3,415)
w(0,22,3,416)
r(6,19,3,417)
r(10,8,3,418)
w(10,9,3,419)
r(3,2,3,420)
w(7,12,3,421)
r(0,13,3,422)
r(3,2,3,423)
r(4,4,3,424)
r(3,2,3,425)
w(12,14,3,426)
w(7,13,3,427)
w(12,15,3,428)
w(0,23,3,429)
w(5,14,3,430)
r(12,6,3,431)
r(13,9,3,432)
w(1,12,3,433)
w(13,14,3,434)
r(13,14,3,435)
r(4,5,3,436)
r(11,7,3,437)
r(11,7,3,438)
r(0,14,3,439)
r(3,10,3,440)
r(10,9,3,441)
r(13,14,3,442)
r(4,5,3,443)
w(10,10,3,444)
w(3,17,3,445)
w(9,12,3,446)
w(6,20,3,447)
r(2,14,3,448)
r(7,7,3,449)
r(11,7,3,450)
w(3,18,3,451)
w(8,19,3,452)
r(7,7,3,453)
r(11,8,3,454)
w(0,24,3,455)
r(11,8,3,456)
r(2,4,3,457)
r(2,4,3,458)
r(6,4,3,459)
r(13,10,3,460)
r(5,11,3,461)
w(10,11,3,462)
r(13,6,3,463)
r(7,7,3,464)
w(3,19,3,465)
r(4,11,3,466)
r(14,2,3,467)
r(8,8,3,468)
w(3,20,3,469)
w(12,16,3,470)
r(3,20,3,471)
r(3,20,3,472)
r(5,4,3,473)
w(5,15,3,474)
w(1,13,3,475)
r(3,20,3,476)
r(5,9,3,477)
w(4,13,3,478)
r(5,6,3,479)
w(12,17,3,480)
w(8,20,3,481)
r(12,17,3,482)
w(10,12,3,483)
r(2,4,3,484)
w(5,16,3,485)
w(8,21,3,486)
w(10,13,3,487)
r(10,13,3,488)
r(12,4,3,489)
w(7,14,3,490)
w(10,14,3,491)
r(5,7,3,492)
w(2,20,3,493)
r(8,16,3,494)
