r(6,0,0,0)
w(1,1,0,1)
r(6,0,0,2)
w(14,1,0,3)
w(14,2,0,4)
r(6,5,0,5)
r(5,0,0,6)
w(12,1,0,7)
w(9,1,0,8)
w(0,1,0,9)
w(3,1,0,10)
r(11,15,0,11)
r(0,1,0,12)
r(6,5,0,13)
r(4,0,0,14)
w(1,2,0,15)
r(9,1,0,16)
r(12,8,0,17)
w(6,1,0,18)
r(13,11,0,19)
w(8,1,0,20)
r(14,2,0,21)
w(5,1,0,22)
r(10,6,0,23)
r(5,1,0,24)
w(10,1,0,25)
w(12,2,0,26)
w(10,2,0,27)
r(2,6,0,28)
r(10,2,0,29)
w(11,1,0,30)
r(1,12,0,31)
w(3,2,0,32)
w(9,2,0,33)
w(1,3,0,34)
r(7,5,0,35)
w(0,2,0,36)
r(10,10,0,37)
r(1,3,0,38)
r(2,6,0,39)
r(7,5,0,40)
r(13,12,0,41)
r(0,2,0,42)
r(9,10,0,43)
r(2,6,0,44)
w(1,4,0,45)
w(11,2,0,46)
r(12,11,0,47)
r(10,14,0,48)
r(3,6,0,49)
w(9,3,0,50)
w(10,3,0,51)
w(3,3,0,52)
w(12,3,0,53)
w(6,2,0,54)
r(0,12,0,55)
r(1,13,0,56)
r(7,5,0,57)
r(3,3,0,58)
r(10,3,0,59)
w(11,3,0,60)
w(14,3,0,61)
r(5,7,0,62)
r(13,13,0,63)
r(2,9,0,64)
r(4,4,0,65)
w(1,5,0,66)
r(13,13,0,67)
w(12,4,0,68)
r(12,4,0,69)
r(3,3,0,70)
w(14,4,0,71)
w(7,2,0,72)
w(14,5,0,73)
w(9,4,0,74)
r(1,14,0,75)
w(12,5,0,76)
r(12,5,0,77)
w(7,3,0,78)
w(12,6,0,79)
w(14,6,0,80)
w(5,2,0,81)
r(14,13,0,82)
w(13,1,0,83)
w(11,4,0,84)
r(9,4,0,85)
r(7,11,0,86)
w(0,3,0,87)
w(5,3,0,88)
w(0,4,0,89)
w(5,4,0,90)
r(5,4,0,91)
w(10,4,0,92)
r(11,12,0,93)
w(8,2,0,94)
r(13,1,0,95)
w(12,7,0,96)
r(13,1,0,97)
w(10,5,0,98)
w(1,6,0,99)
w(0,5,0,100)
w(1,7,0,101)
w(4,2,0,102)
w(13,2,0,103)
w(8,3,0,104)
r(9,14,0,105)
w(11,5,0,106)
r(14,16,0,107)
r(5,17,0,108)
w(1,8,0,109)
r(10,12,0,110)
w(14,7,0,111)
r(6,9,0,112)
w(13,3,0,113)
w(11,6,0,114)
r(2,12,0,115)
w(1,9,0,116)
w(6,3,0,117)
r(14,18,0,118)
r(10,12,0,119)
r(14,18,0,120)
r(2,12,0,121)
w(13,4,1,122)
r(3,0,1,123)
r(10,0,1,124)
r(8,0,1,125)
r(3,0,1,126)
w(7,4,1,127)
r(14,2,1,128)
w(1,10,1,129)
r(2,0,1,130)
r(8,5,1,131)
w(10,6,1,132)
w(12,8,1,133)
r(14,2,1,134)
r(12,8,1,135)
w(7,5,1,136)
w(5,5,1,137)
r(13,11,1,138)
r(7,5,1,139)
r(8,1,1,140)
r(7,5,1,141)
w(11,7,1,142)
w(1,11,1,143)
w(5,6,1,144)
w(13,5,1,145)
r(7,5,1,146)
r(14,2,1,147)
r(6,1,1,148)
r(10,2,1,149)
w(1,12,1,150)
r(3,1,1,151)
w(12,9,1,152)
w(12,10,1,153)
w(14,8,1,154)
r(7,5,1,155)
r(10,2,1,156)
r(9,2,1,157)
w(12,11,1,158)
r(8,1,1,159)
w(11,8,1,160)
r(3,6,1,161)
r(14,11,1,162)
w(11,9,1,163)
r(12,15,1,164)
r(14,12,1,165)
r(9,3,1,166)
w(1,13,1,167)
r(0,12,1,168)
w(2,1,1,169)
r(10,3,1,170)
w(13,6,1,171)
r(12,3,1,172)
r(6,2,1,173)
r(2,1,1,174)
r(1,13,1,175)
w(4,4,1,176)
r(14,15,1,177)
r(3,3,1,178)
r(1,13,1,179)
w(5,7,1,180)
r(10,3,1,181)
r(5,7,1,182)
r(3,3,1,183)
r(2,1,1,184)
w(12,12,1,185)
r(7,7,1,186)
w(7,6,1,187)
r(5,7,1,188)
w(9,5,1,189)
r(3,3,1,190)
w(10,7,1,191)
r(8,9,1,192)
w(2,2,1,193)
r(13,13,1,194)
r(10,7,1,195)
r(0,12,1,196)
r(14,4,1,197)
w(8,4,1,198)
r(12,17,1,199)
r(13,13,1,200)
w(12,13,1,201)
r(14,5,1,202)
w(11,10,1,203)
r(1,5,1,204)
w(2,3,1,205)
r(14,5,1,206)
w(11,11,1,207)
w(13,7,1,208)
r(10,16,1,209)
w(6,4,1,210)
r(8,4,1,211)
w(10,8,1,212)
r(5,13,1,213)
r(1,15,1,214)
w(12,14,1,215)
r(8,4,1,216)
w(5,8,1,217)
w(3,4,1,218)
r(0,13,1,219)
r(10,8,1,220)
r(11,4,1,221)
w(2,4,1,222)
r(12,23,1,223)
w(11,12,1,224)
w(4,5,1,225)
w(4,6,1,226)
r(11,12,1,227)
r(8,11,1,228)
w(4,7,1,229)
w(0,6,1,230)
w(2,5,1,231)
w(3,5,1,232)
r(4,7,1,233)
w(11,13,1,234)
r(6,7,1,235)
r(10,5,1,236)
r(8,2,1,237)
r(10,5,1,238)
r(5,17,1,239)
r(1,7,1,240)
r(6,7,1,241)
r(11,16,1,242)
r(0,14,1,243)
w(4,8,1,244)
w(0,7,1,245)
r(10,0,2,246)
w(6,5,2,247)
r(6,5,2,248)
r(10,0,2,249)
r(14,2,2,250)
w(8,5,2,251)
r(3,1,2,252)
r(13,4,2,253)
r(0,1,2,254)
r(13,4,2,255)
r(2,0,2,256)
r(0,1,2,257)
w(13,8,2,258)
r(8,5,2,259)
r(1,18,2,260)
r(2,0,2,261)
r(8,5,2,262)
r(8,5,2,263)
w(2,6,2,264)
w(10,9,2,265)
w(4,9,2,266)
r(3,1,2,267)
r(4,9,2,268)
w(5,9,2,269)
r(3,7,2,270)
r(9,2,2,271)
w(3,6,2,272)
r(4,16,2,273)
r(14,8,2,274)
r(1,3,2,275)
r(14,8,2,276)
w(10,10,2,277)
r(0,2,2,278)
r(14,8,2,279)
w(5,10,2,280)
w(14,11,2,281)
w(14,12,2,282)
r(12,11,2,283)
r(1,4,2,284)
r(1,4,2,285)
w(2,7,2,286)
r(10,14,2,287)
w(12,15,2,288)
w(0,8,2,289)
r(10,3,2,290)
r(13,12,2,291)
r(7,5,2,292)
w(2,8,2,293)
r(3,3,2,294)
w(9,6,2,295)
w(5,11,2,296)
w(7,7,2,297)
w(12,16,2,298)
r(2,1,2,299)
w(6,6,2,300)
w(2,9,2,301)
r(5,7,2,302)
r(6,6,2,303)
w(9,7,2,304)
r(6,6,2,305)
w(5,12,2,306)
r(9,7,2,307)
w(12,17,2,308)
r(1,5,2,309)
w(4,10,2,310)
w(4,11,2,311)
w(5,13,2,312)
r(6,8,2,313)
w(1,14,2,314)
r(1,14,2,315)
w(13,9,2,316)
r(9,4,2,317)
w(1,15,2,318)
r(3,3,2,319)
r(8,4,2,320)
w(5,14,2,321)
r(0,13,2,322)
r(7,11,2,323)
w(14,13,2,324)
w(5,15,2,325)
r(13,1,2,326)
r(11,4,2,327)
r(0,3,2,328)
r(10,8,2,329)
r(10,8,2,330)
r(9,4,2,331)
r(10,8,2,332)
w(2,10,2,333)
w(10,11,2,334)
w(5,16,2,335)
w(11,14,2,336)
r(14,13,2,337)
w(6,7,2,338)
r(7,11,2,339)
w(5,17,2,340)
r(8,2,2,341)
r(1,6,2,342)
r(10,5,2,343)
r(11,13,2,344)
r(8,2,2,345)
r(2,5,2,346)
w(0,10,2,347)
r(14,16,2,348)
w(10,12,2,349)
r(14,16,2,350)
r(11,16,2,351)
r(14,16,2,352)
r(14,16,2,353)
w(4,12,2,354)
w(13,10,2,355)
r(5,17,2,356)
r(3,10,2,357)
r(1,8,2,358)
r(8,3,2,359)
r(12,7,2,360)
w(4,13,2,361)
w(1,16,2,362)
w(1,17,2,363)
w(4,14,2,364)
r(1,17,2,365)
r(14,17,2,366)
r(6,0,3,367)
w(11,15,3,368)
w(7,8,3,369)
r(5,0,3,370)
r(6,5,3,371)
w(9,8,3,372)
r(14,2,3,373)
w(10,13,3,374)
r(2,0,3,375)
r(11,15,3,376)
w(12,18,3,377)
r(0,1,3,378)
r(2,0,3,379)
w(1,18,3,380)
r(4,0,3,381)
r(3,1,3,382)
w(13,11,3,383)
r(14,2,3,384)
w(0,11,3,385)
r(10,6,3,386)
r(1,18,3,387)
r(2,6,3,388)
w(12,19,3,389)
w(12,20,3,390)
r(5,1,3,391)
w(9,9,3,392)
w(13,12,3,393)
w(3,7,3,394)
r(3,7,3,395)
w(4,16,3,396)
r(6,1,3,397)
r(1,3,3,398)
w(5,18,3,399)
w(9,10,3,400)
w(1,19,3,401)
w(10,14,3,402)
w(8,7,3,403)
w(8,8,3,404)
w(0,12,3,405)
w(9,11,3,406)
r(6,2,3,407)
w(14,14,3,408)
r(14,14,3,409)
w(14,15,3,410)
r(10,3,3,411)
r(1,13,3,412)
w(13,13,3,413)
w(10,15,3,414)
r(0,12,3,415)
w(12,21,3,416)
w(8,9,3,417)
w(5,19,3,418)
r(5,19,3,419)
r(4,4,3,420)
r(1,5,3,421)
r(13,13,3,422)
w(7,9,3,423)
r(4,4,3,424)
w(8,10,3,425)
r(10,7,3,426)
w(0,13,3,427)
r(10,7,3,428)
r(8,4,3,429)
w(7,10,3,430)
w(6,8,3,431)
r(0,13,3,432)
w(4,17,3,433)
w(12,22,3,434)
w(10,16,3,435)
r(13,9,3,436)
w(7,11,3,437)
w(8,11,3,438)
r(4,17,3,439)
w(12,23,3,440)
r(4,17,3,441)
r(9,4,3,442)
r(2,4,3,443)
w(1,20,3,444)
w(5,20,3,445)
r(5,20,3,446)
r(13,1,3,447)
r(9,4,3,448)
r(14,13,3,449)
w(9,12,3,450)
w(9,13,3,451)
r(1,6,3,452)
w(14,16,3,453)
r(12,7,3,454)
w(11,16,3,455)
w(0,14,3,456)
r(12,7,3,457)
r(0,14,3,458)
r(2,5,3,459)
r(1,7,3,460)
r(10,5,3,461)
r(3,5,3,462)
w(6,9,3,463)
r(0,14,3,464)
w(9,14,3,465)
r(8,3,3,466)
r(0,7,3,467)
r(13,2,3,468)
w(3,9,3,469)
r(3,9,3,470)
w(3,10,3,471)
r(7,11,3,472)
r(10,12,3,473)
w(5,22,3,474)
w(12,24,3,475)
r(0,7,3,476)
w(14,17,3,477)
r(4,13,3,478)
r(8,3,3,479)
r(9,14,3,480)
w(13,14,3,481)
w(2,12,3,482)
r(1,17,3,483)
w(6,10,3,484)
w(13,15,3,485)
r(14,17,3,486)
w(14,18,3,487)
r(5,22,3,488)
