w(4,1,0,0)
w(12,1,0,1)
r(9,0,0,2)
r(3,10,0,3)
r(14,0,0,4)
r(5,0,0,5)
w(0,1,0,6)
w(11,1,0,7)
w(7,1,0,8)
w(9,1,0,9)
w(12,2,0,10)
w(3,1,0,11)
r(7,1,0,12)
r(5,11,0,13)
w(11,2,0,14)
r(11,2,0,15)
r(2,1,0,16)
r(13,2,0,17)
r(14,10,0,18)
w(10,1,0,19)
w(7,2,0,20)
r(2,1,0,21)
w(0,2,0,22)
r(4,10,0,23)
w(7,3,0,24)
w(9,2,0,25)
w(6,1,0,26)
w(8,1,0,27)
w(12,3,0,28)
w(9,3,0,29)
r(4,10,0,30)
r(3,13,0,31)
w(1,1,0,32)
r(13,4,0,33)
r(3,13,0,34)
w(12,4,0,35)
r(4,10,0,36)
w(9,4,0,37)
w(12,5,0,38)
w(10,2,0,39)
r(14,12,0,40)
r(6,6,0,41)
w(8,2,0,42)
r(7,15,0,43)
w(4,2,0,44)
r(12,5,0,45)
r(10,10,0,46)
r(10,10,0,47)
w(6,2,0,48)
r(2,7,0,49)
w(9,5,0,50)
w(12,6,0,51)
r(13,14,0,52)
w(7,4,0,53)
w(13,1,0,54)
w(14,1,0,55)
w(12,7,0,56)
w(6,3,0,57)
r(6,3,0,58)
w(6,4,0,59)
r(5,7,0,60)
w(9,6,0,61)
w(0,3,0,62)
r(10,16,0,63)
w(12,8,0,64)
r(3,6,0,65)
r(12,11,0,66)
r(4,2,0,67)
r(2,16,0,68)
r(0,16,0,69)
r(10,11,0,70)
w(12,9,0,71)
w(0,4,0,72)
r(2,16,0,73)
w(9,7,0,74)
r(12,9,0,75)
w(1,2,0,76)
w(4,3,0,77)
r(12,20,0,78)
w(5,1,0,79)
w(10,3,0,80)
r(14,14,0,81)
w(9,8,0,82)
w(8,3,0,83)
r(5,19,0,84)
r(14,14,0,85)
w(5,2,0,86)
w(11,3,0,87)
w(3,2,0,88)
w(5,3,0,89)
r(9,14,0,90)
r(11,3,0,91)
r(14,6,0,92)
w(5,4,0,93)
w(12,10,0,94)
w(14,2,0,95)
r(11,18,0,96)
r(10,7,0,97)
r(3,2,0,98)
r(6,10,0,99)
w(5,5,0,100)
w(9,9,0,101)
w(7,5,0,102)
w(11,4,0,103)
r(0,18,0,104)
r(9,9,0,105)
r(7,12,0,106)
r(0,18,0,107)
w(7,6,0,108)
r(9,9,0,109)
r(11,4,0,110)
r(0,18,0,111)
w(10,4,0,112)
r(8,14,0,113)
w(8,4,0,114)
r(9,16,0,115)
r(1,15,0,116)
r(4,12,0,117)
r(14,19,0,118)
w(14,3,0,119)
r(12,22,0,120)
r(2,19,0,121)
w(0,5,0,122)
w(0,6,0,123)
r(2,9,0,124)
r(9,0,1,125)
w(11,5,1,126)
r(10,0,1,127)
w(13,2,1,128)
w(14,4,1,129)
w(5,6,1,130)
w(0,7,1,131)
r(8,0,1,132)
w(1,3,1,133)
r(8,0,1,134)
w(0,8,1,135)
r(5,6,1,136)
r(3,12,1,137)
w(9,10,1,138)
w(2,1,1,139)
w(10,5,1,140)
w(13,3,1,141)
w(8,5,1,142)
w(2,2,1,143)
w(2,3,1,144)
w(7,7,1,145)
w(13,4,1,146)
w(0,9,1,147)
w(6,5,1,148)
w(6,6,1,149)
r(3,13,1,150)
r(5,17,1,151)
w(3,3,1,152)
w(14,5,1,153)
w(4,4,1,154)
r(8,2,1,155)
w(5,7,1,156)
w(9,11,1,157)
w(3,4,1,158)
w(3,5,1,159)
r(5,7,1,160)
w(13,5,1,161)
r(14,13,1,162)
r(9,5,1,163)
w(13,6,1,164)
r(8,8,1,165)
r(0,15,1,166)
r(5,7,1,167)
w(0,10,1,168)
w(13,8,1,169)
w(3,6,1,170)
r(3,6,1,171)
r(1,13,1,172)
r(1,13,1,173)
r(4,2,1,174)
w(7,8,1,175)
r(11,14,1,176)
w(12,11,1,177)
w(4,5,1,178)
w(7,9,1,179)
w(3,7,1,180)
w(9,12,1,181)
r(8,12,1,182)
w(13,9,1,183)
r(2,16,1,184)
r(7,11,1,185)
r(0,17,1,186)
w(6,7,1,187)
r(11,16,1,188)
r(6,7,1,189)
r(10,13,1,190)
w(9,13,1,191)
w(2,4,1,192)
w(3,8,1,193)
r(9,14,1,194)
r(4,11,1,195)
r(12,16,1,196)
r(2,4,1,197)
w(14,6,1,198)
w(0,11,1,199)
r(0,11,1,200)
r(1,2,1,201)
w(7,10,1,202)
w(10,6,1,203)
w(5,8,1,204)
r(12,10,1,205)
w(10,7,1,206)
w(5,9,1,207)
r(0,11,1,208)
r(13,16,1,209)
w(0,12,1,210)
w(1,4,1,211)
r(2,18,1,212)
r(8,14,1,213)
r(10,7,1,214)
r(12,10,1,215)
r(6,12,1,216)
w(10,8,1,217)
w(4,6,1,218)
r(2,18,1,219)
w(4,7,1,220)
r(0,18,1,221)
r(14,19,1,222)
r(7,6,1,223)
w(4,8,1,224)
r(13,16,1,225)
w(13,10,1,226)
r(4,8,1,227)
r(1,15,1,228)
r(13,12,1,229)
w(5,10,1,230)
r(10,4,1,231)
w(0,13,1,232)
r(3,2,1,233)
r(7,13,1,234)
r(9,16,1,235)
w(4,9,1,236)
w(12,12,1,237)
r(3,2,1,238)
r(6,12,1,239)
r(13,13,1,240)
w(14,7,1,241)
w(14,8,1,242)
r(9,16,1,243)
r(5,10,1,244)
r(10,4,1,245)
w(2,5,1,246)
r(13,13,1,247)
w(6,8,1,248)
r(9,0,2,249)
w(3,9,2,250)
w(3,10,2,251)
r(12,1,2,252)
r(2,0,2,253)
r(9,0,2,254)
r(12,1,2,255)
w(14,9,2,256)
r(10,0,2,257)
w(12,13,2,258)
r(6,0,2,259)
r(14,9,2,260)
w(2,6,2,261)
w(14,10,2,262)
r(8,0,2,263)
r(13,2,2,264)
w(8,6,2,265)
w(5,11,2,266)
w(4,10,2,267)
w(5,12,2,268)
r(13,3,2,269)
r(12,2,2,270)
r(8,5,2,271)
r(8,10,2,272)
r(11,11,2,273)
w(1,5,2,274)
w(1,6,2,275)
w(0,14,2,276)
r(9,2,2,277)
w(8,7,2,278)
r(8,7,2,279)
w(11,6,2,280)
r(6,5,2,281)
r(3,13,2,282)
w(14,11,2,283)
r(4,10,2,284)
w(2,7,2,285)
r(13,4,2,286)
w(1,7,2,287)
r(7,15,2,288)
r(5,17,2,289)
w(14,12,2,290)
r(9,4,2,291)
w(10,9,2,292)
w(10,10,2,293)
r(13,4,2,294)
r(7,15,2,295)
w(14,13,2,296)
r(6,6,2,297)
w(8,8,2,298)
w(0,15,2,299)
r(13,4,2,300)
r(3,4,2,301)
r(13,4,2,302)
w(11,7,2,303)
r(0,15,2,304)
r(4,2,2,305)
r(3,14,2,306)
r(10,14,2,307)
r(9,5,2,308)
r(14,1,2,309)
r(5,7,2,310)
w(12,14,2,311)
w(8,9,2,312)
r(0,10,2,313)
r(14,1,2,314)
w(14,14,2,315)
w(11,8,2,316)
r(5,7,2,317)
r(5,7,2,318)
w(10,11,2,319)
w(0,16,2,320)
w(13,11,2,321)
w(12,15,2,322)
w(1,8,2,323)
r(12,9,2,324)
w(10,12,2,325)
r(12,9,2,326)
r(11,15,2,327)
r(6,4,2,328)
w(0,17,2,329)
w(7,11,2,330)
w(10,13,2,331)
r(6,7,2,332)
w(4,11,2,333)
r(13,9,2,334)
r(5,1,2,335)
r(0,17,2,336)
w(12,16,2,337)
w(9,14,2,338)
r(0,17,2,339)
w(14,15,2,340)
w(12,17,2,341)
w(5,13,2,342)
w(12,18,2,343)
w(12,19,2,344)
w(6,9,2,345)
w(14,16,2,346)
w(5,14,2,347)
r(8,14,2,348)
w(6,10,2,349)
r(11,18,2,350)
w(14,17,2,351)
w(5,15,2,352)
w(0,18,2,353)
w(7,12,2,354)
w(2,8,2,355)
r(13,16,2,356)
r(1,15,2,357)
r(13,16,2,358)
w(11,9,2,359)
w(7,13,2,360)
r(6,12,2,361)
w(13,12,2,362)
r(5,15,2,363)
w(4,12,2,364)
r(11,9,2,365)
w(11,10,2,366)
r(5,10,2,367)
w(13,13,2,368)
w(4,13,2,369)
r(10,4,2,370)
w(2,9,2,371)
w(2,10,2,372)
r(13,13,2,373)
r(7,0,3,374)
r(13,2,3,375)
r(12,1,3,376)
w(4,15,3,377)
w(2,11,3,378)
r(8,0,3,379)
r(4,15,3,380)
w(3,11,3,381)
r(4,15,3,382)
w(0,19,3,383)
r(11,1,3,384)
r(8,0,3,385)
r(9,1,3,386)
w(3,12,3,387)
r(6,0,3,388)
r(11,1,3,389)
w(3,13,3,390)
r(4,10,3,391)
w(1,9,3,392)
w(11,11,3,393)
w(8,10,3,394)
w(2,12,3,395)
r(2,12,3,396)
r(11,11,3,397)
w(1,10,3,398)
w(2,13,3,399)
r(3,13,3,400)
w(7,14,3,401)
w(11,12,3,402)
r(9,3,3,403)
r(0,9,3,404)
w(5,16,3,405)
w(2,14,3,406)
r(2,14,3,407)
w(5,17,3,408)
w(7,15,3,409)
r(3,13,3,410)
r(13,4,3,411)
w(11,13,3,412)
w(8,11,3,413)
r(3,3,3,414)
w(9,15,3,415)
w(1,11,3,416)
w(1,12,3,417)
r(13,4,3,418)
w(2,15,3,419)
r(12,5,3,420)
r(7,15,3,421)
r(9,5,3,422)
r(13,4,3,423)
w(13,14,3,424)
w(3,14,3,425)
w(10,14,3,426)
r(6,2,3,427)
w(13,15,3,428)
w(1,13,3,429)
r(7,4,3,430)
w(10,15,3,431)
w(3,15,3,432)
r(5,7,3,433)
r(7,4,3,434)
w(10,16,3,435)
r(8,9,3,436)
r(7,4,3,437)
w(11,14,3,438)
w(1,14,3,439)
w(2,16,3,440)
w(5,18,3,441)
r(13,11,3,442)
w(11,15,3,443)
r(0,16,3,444)
w(8,12,3,445)
w(3,16,3,446)
w(12,20,3,447)
w(11,16,3,448)
w(11,17,3,449)
r(6,7,3,450)
w(8,13,3,451)
w(5,19,3,452)
w(13,16,3,453)
w(3,17,3,454)
w(2,17,3,455)
w(8,14,3,456)
r(9,14,3,457)
w(2,18,3,458)
r(1,2,3,459)
r(10,6,3,460)
w(14,18,3,461)
r(1,2,3,462)
r(11,3,3,463)
r(3,2,3,464)
w(11,18,3,465)
r(3,2,3,466)
r(12,10,3,467)
r(8,14,3,468)
r(12,10,3,469)
r(10,7,3,470)
r(5,14,3,471)
r(4,11,3,472)
r(0,11,3,473)
r(5,9,3,474)
w(6,11,3,475)
r(4,11,3,476)
r(8,14,3,477)
w(6,12,3,478)
w(4,16,3,479)
r(7,5,3,480)
r(12,10,3,481)
w(14,19,3,482)
w(1,15,3,483)
r(14,19,3,484)
w(10,17,3,485)
r(6,12,3,486)
r(0,18,3,487)
w(12,21,3,488)
w(2,19,3,489)
w(9,16,3,490)
w(12,22,3,491)
r(4,12,3,492)
w(14,20,3,493)
r(8,4,3,494)
r(4,13,3,495)
r(13,13,3,496)
w(0,20,3,497)
