w(1,1,0,0)
w(2,1,0,0)
w(3,1,0,0)
w(4,1,0,0)
w(5,1,0,0)
w(6,1,0,0)
w(7,1,0,0)
w(8,1,0,0)
w(9,1,0,0)
w(10,1,0,0)
w(11,1,0,0)
w(12,1,0,0)
w(13,1,0,0)
w(14,1,0,0)
w(15,1,0,0)
w(16,1,0,0)
w(17,1,0,0)
w(18,1,0,0)
w(19,1,0,0)
w(20,1,0,0)
w(21,1,0,0)
w(22,1,0,0)
w(23,1,0,0)
w(24,1,0,0)
w(25,1,0,0)
w(26,1,0,0)
w(27,1,0,0)
w(28,1,0,0)
w(29,1,0,0)
w(30,1,0,0)
w(31,1,0,0)
w(32,1,0,0)
w(33,1,0,0)
w(34,1,0,0)
w(35,1,0,0)
w(36,1,0,0)
w(37,1,0,0)
w(38,1,0,0)
w(39,1,0,0)
w(40,1,0,0)
w(41,1,0,0)
w(42,1,0,0)
w(43,1,0,0)
w(44,1,0,0)
w(45,1,0,0)
w(46,1,0,0)
w(47,1,0,0)
w(48,1,0,0)
w(49,1,0,0)
w(50,1,0,0)
w(51,1,0,0)
w(52,1,0,0)
w(53,1,0,0)
w(54,1,0,0)
w(55,1,0,0)
w(56,1,0,0)
w(57,1,0,0)
w(58,1,0,0)
w(59,1,0,0)
w(60,1,0,0)
w(61,1,0,0)
w(62,1,0,0)
w(63,1,0,0)
w(64,1,0,0)
w(65,1,0,0)
w(66,1,0,0)
w(67,1,0,0)
w(68,1,0,0)
w(69,1,0,0)
w(70,1,0,0)
w(71,1,0,0)
w(72,1,0,0)
w(73,1,0,0)
w(74,1,0,0)
w(75,1,0,0)
w(76,1,0,0)
w(77,1,0,0)
w(78,1,0,0)
w(79,1,0,0)
w(80,1,0,0)
w(81,1,0,0)
w(82,1,0,0)
w(83,1,0,0)
w(84,1,0,0)
w(85,1,0,0)
w(86,1,0,0)
w(87,1,0,0)
w(88,1,0,0)
w(89,1,0,0)
w(90,1,0,0)
w(91,1,0,0)
w(92,1,0,0)
w(93,1,0,0)
w(94,1,0,0)
w(95,1,0,0)
w(96,1,0,0)
w(97,1,0,0)
w(98,1,0,0)
w(99,1,0,0)
w(100,1,0,0)
w(101,1,0,0)
w(102,1,0,0)
w(103,1,0,0)
w(104,1,0,0)
w(105,1,0,0)
w(106,1,0,0)
w(107,1,0,0)
w(108,1,0,0)
w(109,1,0,0)
w(110,1,0,0)
w(111,1,0,0)
w(112,1,0,0)
w(113,1,0,0)
w(114,1,0,0)
w(115,1,0,0)
w(116,1,0,0)
w(117,1,0,0)
w(118,1,0,0)
w(119,1,0,0)
w(120,1,0,0)
w(121,1,0,0)
w(122,1,0,0)
w(123,1,0,0)
w(124,1,0,0)
w(125,1,0,0)
w(126,1,0,0)
w(127,1,0,0)
w(128,1,0,0)
w(129,1,0,0)
w(130,1,0,0)
w(131,1,0,0)
w(132,1,0,0)
w(133,1,0,0)
w(134,1,0,0)
w(135,1,0,0)
w(136,1,0,0)
w(137,1,0,0)
w(138,1,0,0)
w(139,1,0,0)
w(140,1,0,0)
w(141,1,0,0)
w(142,1,0,0)
w(143,1,0,0)
w(144,1,0,0)
w(145,1,0,0)
w(146,1,0,0)
w(147,1,0,0)
w(148,1,0,0)
w(149,1,0,0)
w(150,1,0,0)
w(151,1,0,0)
w(152,1,0,0)
w(153,1,0,0)
w(154,1,0,0)
w(155,1,0,0)
w(156,1,0,0)
w(157,1,0,0)
w(158,1,0,0)
w(159,1,0,0)
w(160,1,0,0)
w(161,1,0,0)
w(162,1,0,0)
w(163,1,0,0)
w(164,1,0,0)
w(165,1,0,0)
w(166,1,0,0)
w(167,1,0,0)
w(168,1,0,0)
w(169,1,0,0)
w(170,1,0,0)
w(171,1,0,0)
w(172,1,0,0)
w(173,1,0,0)
w(174,1,0,0)
w(175,1,0,0)
w(176,1,0,0)
w(177,1,0,0)
w(178,1,0,0)
w(179,1,0,0)
w(180,1,0,0)
w(181,1,0,0)
w(182,1,0,0)
w(183,1,0,0)
w(184,1,0,0)
w(185,1,0,0)
w(186,1,0,0)
w(187,1,0,0)
w(188,1,0,0)
w(189,1,0,0)
w(190,1,0,0)
w(191,1,0,0)
w(192,1,0,0)
w(193,1,0,0)
w(194,1,0,0)
w(195,1,0,0)
w(196,1,0,0)
w(197,1,0,0)
w(198,1,0,0)
w(199,1,0,0)
w(200,1,0,0)
w(201,1,0,0)
w(202,1,0,0)
w(203,1,0,0)
w(204,1,0,0)
w(205,1,0,0)
w(206,1,0,0)
w(207,1,0,0)
w(208,1,0,0)
w(209,1,0,0)
w(210,1,0,0)
w(211,1,0,0)
w(212,1,0,0)
w(213,1,0,0)
w(214,1,0,0)
w(215,1,0,0)
w(216,1,0,0)
w(217,1,0,0)
w(218,1,0,0)
w(219,1,0,0)
w(220,1,0,0)
w(221,1,0,0)
w(222,1,0,0)
w(223,1,0,0)
w(224,1,0,0)
w(225,1,0,0)
w(226,1,0,0)
w(227,1,0,0)
w(228,1,0,0)
w(229,1,0,0)
w(230,1,0,0)
w(231,1,0,0)
w(232,1,0,0)
w(233,1,0,0)
w(234,1,0,0)
w(235,1,0,0)
w(236,1,0,0)
w(237,1,0,0)
w(238,1,0,0)
w(239,1,0,0)
w(240,1,0,0)
w(241,1,0,0)
w(242,1,0,0)
w(243,1,0,0)
w(244,1,0,0)
w(245,1,0,0)
w(246,1,0,0)
w(247,1,0,0)
w(248,1,0,0)
w(249,1,0,0)
w(250,1,0,0)
w(251,1,0,0)
w(252,1,0,0)
w(253,1,0,0)
w(254,1,0,0)
w(255,1,0,0)
w(256,1,0,0)
w(257,1,0,0)
w(258,1,0,0)
w(259,1,0,0)
w(260,1,0,0)
w(261,1,0,0)
w(262,1,0,0)
w(263,1,0,0)
w(264,1,0,0)
w(265,1,0,0)
w(266,1,0,0)
w(267,1,0,0)
w(268,1,0,0)
w(269,1,0,0)
w(270,1,0,0)
w(271,1,0,0)
w(272,1,0,0)
w(273,1,0,0)
w(274,1,0,0)
w(275,1,0,0)
w(276,1,0,0)
w(277,1,0,0)
w(278,1,0,0)
w(279,1,0,0)
w(280,1,0,0)
w(281,1,0,0)
w(282,1,0,0)
w(283,1,0,0)
w(284,1,0,0)
w(285,1,0,0)
w(286,1,0,0)
w(287,1,0,0)
w(288,1,0,0)
w(289,1,0,0)
w(290,1,0,0)
w(291,1,0,0)
w(292,1,0,0)
w(293,1,0,0)
w(294,1,0,0)
w(295,1,0,0)
w(296,1,0,0)
w(297,1,0,0)
w(298,1,0,0)
w(299,1,0,0)
w(300,1,0,0)
w(301,1,0,0)
w(302,1,0,0)
w(303,1,0,0)
w(304,1,0,0)
w(305,1,0,0)
w(306,1,0,0)
w(307,1,0,0)
w(308,1,0,0)
w(309,1,0,0)
w(310,1,0,0)
w(311,1,0,0)
w(312,1,0,0)
w(313,1,0,0)
w(314,1,0,0)
w(315,1,0,0)
w(316,1,0,0)
w(317,1,0,0)
w(318,1,0,0)
w(319,1,0,0)
w(320,1,0,0)
w(321,1,0,0)
w(322,1,0,0)
w(323,1,0,0)
w(324,1,0,0)
w(325,1,0,0)
w(326,1,0,0)
w(327,1,0,0)
w(328,1,0,0)
w(329,1,0,0)
w(330,1,0,0)
w(331,1,0,0)
w(332,1,0,0)
w(333,1,0,0)
w(334,1,0,0)
w(335,1,0,0)
w(336,1,0,0)
w(337,1,0,0)
w(338,1,0,0)
w(339,1,0,0)
w(340,1,0,0)
w(341,1,0,0)
w(342,1,0,0)
w(343,1,0,0)
w(344,1,0,0)
w(345,1,0,0)
w(346,1,0,0)
w(347,1,0,0)
w(348,1,0,0)
w(349,1,0,0)
w(350,1,0,0)
w(351,1,0,0)
w(352,1,0,0)
w(353,1,0,0)
w(354,1,0,0)
w(355,1,0,0)
w(356,1,0,0)
w(357,1,0,0)
w(358,1,0,0)
w(359,1,0,0)
w(360,1,0,0)
w(17,2,1,1)
r(232,1,1,1)
r(235,1,1,1)
w(35,2,1,1)
w(54,2,1,1)
r(184,1,1,1)
r(183,1,1,1)
w(12,2,1,1)
r(107,1,1,1)
w(1,2,1,1)
r(107,1,1,1)
w(57,2,1,1)
r(214,1,1,1)
r(124,1,1,1)
w(48,2,1,1)
w(37,2,1,1)
w(56,2,1,1)
w(57,3,1,1)
r(149,1,1,1)
w(45,2,1,1)
r(227,1,2,2)
r(284,2,2,2)
w(98,2,2,2)
w(77,2,2,2)
w(105,2,2,2)
r(264,1,2,2)
r(58,1,2,2)
r(53,1,2,2)
r(283,1,2,2)
w(88,2,2,2)
w(98,3,2,2)
r(117,1,2,2)
r(226,1,2,2)
r(78,1,2,2)
r(134,1,2,2)
w(89,2,2,2)
r(150,1,2,2)
w(77,3,2,2)
w(89,3,2,2)
w(107,2,2,2)
r(209,1,3,3)
w(123,2,3,3)
w(121,2,3,3)
w(140,2,3,3)
w(140,3,3,3)
w(135,2,3,3)
r(64,1,3,3)
w(147,2,3,3)
w(174,2,3,3)
r(155,1,3,3)
w(162,2,3,3)
r(280,1,3,3)
w(142,2,3,3)
r(8,1,3,3)
w(138,2,3,3)
w(167,2,3,3)
r(124,1,3,3)
w(130,2,3,3)
r(7,1,3,3)
w(172,2,3,3)
r(8,1,4,4)
r(299,1,4,4)
w(197,2,4,4)
w(183,2,4,4)
w(228,2,4,4)
w(215,2,4,4)
w(201,2,4,4)
w(185,2,4,4)
w(235,2,4,4)
r(211,1,4,4)
r(219,1,4,4)
r(239,1,4,4)
r(346,1,4,4)
w(192,2,4,4)
w(190,2,4,4)
r(113,1,4,4)
r(46,1,4,4)
r(34,1,4,4)
r(173,1,4,4)
r(228,2,4,4)
w(284,2,5,5)
r(348,1,5,5)
w(297,2,5,5)
w(261,2,5,5)
r(223,1,5,5)
w(263,2,5,5)
r(256,1,5,5)
w(245,2,5,5)
w(251,2,5,5)
r(356,1,5,5)
r(312,1,5,5)
r(236,1,5,5)
r(182,1,5,5)
r(256,1,5,5)
w(265,2,5,5)
r(301,1,5,5)
r(99,1,5,5)
w(290,2,5,5)
r(185,2,5,5)
r(144,1,5,5)
w(359,2,6,6)
w(325,2,6,6)
r(104,1,6,6)
r(280,1,6,6)
w(355,2,6,6)
r(222,1,6,6)
r(285,1,6,6)
w(349,2,6,6)
w(313,2,6,6)
w(304,2,6,6)
r(100,1,6,6)
r(295,1,6,6)
r(300,1,6,6)
w(304,3,6,6)
r(208,1,6,6)
w(324,2,6,6)
w(309,2,6,6)
w(341,2,6,6)
w(344,2,6,6)
r(96,1,6,6)
w(18,2,1,7)
w(23,2,1,7)
w(51,2,1,7)
w(34,2,1,7)
w(13,2,1,7)
w(5,2,1,7)
w(37,3,1,7)
w(50,2,1,7)
w(36,2,1,7)
r(151,1,1,7)
w(7,2,1,7)
r(341,2,1,7)
r(186,1,1,7)
r(128,1,1,7)
r(207,1,1,7)
r(252,1,1,7)
w(32,2,1,7)
r(93,1,1,7)
w(9,2,1,7)
w(30,2,1,7)
w(106,2,2,8)
r(271,2,2,8)
r(294,1,2,8)
r(327,2,2,8)
r(119,1,2,8)
w(116,2,2,8)
w(119,2,2,8)
r(147,2,2,8)
r(15,1,2,8)
r(203,1,2,8)
w(108,2,2,8)
w(104,2,2,8)
w(97,2,2,8)
r(14,1,2,8)
w(102,2,2,8)
r(266,1,2,8)
r(262,1,2,8)
w(112,2,2,8)
w(106,3,2,8)
r(308,1,2,8)
r(294,1,3,9)
w(127,2,3,9)
w(131,2,3,9)
r(269,1,3,9)
r(63,1,3,9)
w(130,3,3,9)
r(106,1,3,9)
w(144,2,3,9)
r(208,1,3,9)
r(18,1,3,9)
w(141,2,3,9)
w(138,3,3,9)
w(170,2,3,9)
w(152,2,3,9)
w(157,2,3,9)
r(84,1,3,9)
r(329,1,3,9)
w(141,3,3,9)
w(122,2,3,9)
w(130,4,3,9)
r(233,1,4,10)
w(200,2,4,10)
r(349,2,4,10)
w(237,2,4,10)
r(6,1,4,10)
w(232,2,4,10)
r(108,1,4,10)
w(216,2,4,10)
r(102,1,4,10)
r(344,2,4,10)
w(192,3,4,10)
r(304,3,4,10)
r(256,1,4,10)
r(120,1,4,10)
r(11,1,4,10)
r(256,1,4,10)
w(240,2,4,10)
w(210,2,4,10)
r(112,1,4,10)
r(348,1,4,10)
w(290,3,5,11)
r(305,1,5,11)
w(295,2,5,11)
r(85,1,5,11)
w(280,2,5,11)
r(348,1,5,11)
w(252,2,5,11)
w(288,2,5,11)
w(275,2,5,11)
r(182,1,5,11)
w(297,3,5,11)
r(337,1,5,11)
w(271,2,5,11)
w(300,2,5,11)
w(270,2,5,11)
r(278,1,5,11)
r(8,1,5,11)
r(308,1,5,11)
r(341,2,5,11)
w(256,2,5,11)
w(346,2,6,12)
r(270,1,6,12)
w(306,2,6,12)
w(359,3,6,12)
w(352,2,6,12)
w(314,2,6,12)
w(325,3,6,12)
w(311,2,6,12)
r(344,2,6,12)
w(327,2,6,12)
r(186,1,6,12)
r(162,2,6,12)
w(340,2,6,12)
w(349,3,6,12)
w(339,2,6,12)
w(331,2,6,12)
w(357,2,6,12)
r(245,2,6,12)
r(276,1,6,12)
w(310,2,6,12)
w(53,2,1,13)
w(45,3,1,13)
r(301,1,1,13)
r(174,2,1,13)
w(25,2,1,13)
r(190,2,1,13)
w(6,2,1,13)
w(5,3,1,13)
w(50,3,1,13)
r(331,2,1,13)
r(299,1,1,13)
w(55,2,1,13)
w(57,4,1,13)
w(30,3,1,13)
r(152,2,1,13)
r(333,1,1,13)
w(26,2,1,13)
w(20,2,1,13)
w(59,2,1,13)
r(51,2,1,13)
w(85,2,2,14)
w(74,2,2,14)
r(202,1,2,14)
w(105,3,2,14)
r(15,1,2,14)
r(194,1,2,14)
w(99,2,2,14)
w(109,2,2,14)
w(91,2,2,14)
w(120,2,2,14)
r(319,1,2,14)
w(106,4,2,14)
r(80,1,2,14)
r(333,1,2,14)
w(93,2,2,14)
w(90,2,2,14)
r(321,1,2,14)
r(149,1,2,14)
w(80,2,2,14)
w(71,2,2,14)
r(320,1,3,15)
w(177,2,3,15)
r(187,1,3,15)
w(148,2,3,15)
r(184,1,3,15)
r(83,1,3,15)
w(124,2,3,15)
w(143,2,3,15)
r(7,2,3,15)
r(43,1,3,15)
w(139,2,3,15)
w(170,3,3,15)
r(201,2,3,15)
w(141,4,3,15)
r(115,1,3,15)
w(172,3,3,15)
w(145,2,3,15)
r(330,1,3,15)
r(66,1,3,15)
w(136,2,3,15)
r(354,1,4,16)
r(343,1,4,16)
w(218,2,4,16)
w(199,2,4,16)
r(118,1,4,16)
w(224,2,4,16)
r(168,1,4,16)
w(216,3,4,16)
w(235,3,4,16)
w(195,2,4,16)
r(278,1,4,16)
r(318,1,4,16)
w(233,2,4,16)
w(213,2,4,16)
w(200,3,4,16)
r(242,1,4,16)
r(162,2,4,16)
r(111,1,4,16)
w(236,2,4,16)
w(195,3,4,16)
r(360,1,5,17)
w(284,3,5,17)
w(253,2,5,17)
r(113,1,5,17)
w(249,2,5,17)
r(184,1,5,17)
w(261,3,5,17)
w(253,3,5,17)
w(293,2,5,17)
r(243,1,5,17)
w(244,2,5,17)
w(261,4,5,17)
w(281,2,5,17)
r(47,1,5,17)
w(260,2,5,17)
r(219,1,5,17)
r(347,1,5,17)
r(169,1,5,17)
r(56,2,5,17)
r(308,1,5,17)
w(308,2,6,18)
r(77,3,6,18)
w(326,2,6,18)
w(308,3,6,18)
w(309,3,6,18)
r(29,1,6,18)
w(304,4,6,18)
w(360,2,6,18)
r(179,1,6,18)
w(305,2,6,18)
r(259,1,6,18)
w(349,4,6,18)
w(308,4,6,18)
w(353,2,6,18)
r(151,1,6,18)
w(329,2,6,18)
r(166,1,6,18)
r(98,3,6,18)
r(359,3,6,18)
w(358,2,6,18)
r(130,4,1,19)
w(48,3,1,19)
r(149,1,1,19)
w(33,2,1,19)
w(27,2,1,19)
w(23,3,1,19)
w(8,2,1,19)
w(40,2,1,19)
w(42,2,1,19)
w(2,2,1,19)
w(30,4,1,19)
r(281,2,1,19)
w(58,2,1,19)
r(157,2,1,19)
w(11,2,1,19)
w(46,2,1,19)
r(78,1,1,19)
r(331,2,1,19)
r(355,2,1,19)
r(293,2,1,19)
w(112,3,2,20)
r(305,2,2,20)
w(101,2,2,20)
w(88,3,2,20)
r(199,2,2,20)
w(74,3,2,20)
r(248,1,2,20)
w(76,2,2,20)
w(109,3,2,20)
w(117,2,2,20)
w(79,2,2,20)
w(65,2,2,20)
r(253,3,2,20)
r(91,2,2,20)
w(72,2,2,20)
w(92,2,2,20)
w(72,3,2,20)
r(158,1,2,20)
r(62,1,2,20)
r(140,3,2,20)
r(285,1,3,21)
w(127,3,3,21)
w(145,3,3,21)
r(262,1,3,21)
r(165,1,3,21)
w(155,2,3,21)
w(170,4,3,21)
r(340,2,3,21)
w(144,3,3,21)
w(178,2,3,21)
w(150,2,3,21)
r(78,1,3,21)
w(152,3,3,21)
w(136,3,3,21)
r(91,2,3,21)
r(227,1,3,21)
w(176,2,3,21)
w(146,2,3,21)
w(178,3,3,21)
r(166,1,3,21)
w(193,2,4,22)
r(281,2,4,22)
w(240,3,4,22)
r(350,1,4,22)
w(207,2,4,22)
r(117,1,4,22)
w(216,4,4,22)
w(203,2,4,22)
w(217,2,4,22)
r(257,1,4,22)
w(188,2,4,22)
w(216,5,4,22)
w(181,2,4,22)
r(267,1,4,22)
r(123,2,4,22)
w(207,3,4,22)
r(93,1,4,22)
r(219,1,4,22)
r(40,1,4,22)
r(320,1,4,22)
w(282,2,5,23)
w(249,3,5,23)
r(163,1,5,23)
r(279,1,5,23)
r(55,2,5,23)
w(265,3,5,23)
r(358,2,5,23)
r(7,2,5,23)
r(198,1,5,23)
r(328,1,5,23)
w(243,2,5,23)
r(7,2,5,23)
r(261,4,5,23)
w(283,2,5,23)
w(300,3,5,23)
w(260,3,5,23)
w(279,2,5,23)
r(5,3,5,23)
r(272,1,5,23)
r(22,1,5,23)
w(323,2,6,24)
w(342,2,6,24)
w(352,3,6,24)
w(333,2,6,24)
w(326,3,6,24)
w(341,3,6,24)
w(307,2,6,24)
r(56,2,6,24)
w(328,2,6,24)
w(322,2,6,24)
w(314,3,6,24)
r(304,4,6,24)
r(65,1,6,24)
w(335,2,6,24)
w(322,3,6,24)
w(357,3,6,24)
w(336,2,6,24)
r(245,2,6,24)
r(61,1,6,24)
w(302,2,6,24)
r(85,2,1,25)
r(271,2,1,25)
r(208,1,1,25)
w(17,3,1,25)
r(234,1,1,25)
w(4,2,1,25)
r(186,1,1,25)
w(2,3,1,25)
r(205,1,1,25)
r(333,1,1,25)
w(49,2,1,25)
r(312,1,1,25)
r(297,3,1,25)
r(84,1,1,25)
r(281,2,1,25)
r(267,1,1,25)
w(39,2,1,25)
w(1,3,1,25)
w(28,2,1,25)
w(6,3,1,25)
w(84,2,2,26)
w(100,2,2,26)
r(48,3,2,26)
r(173,1,2,26)
w(111,2,2,26)
r(194,1,2,26)
w(77,4,2,26)
w(108,3,2,26)
w(100,3,2,26)
w(86,2,2,26)
w(63,2,2,26)
r(358,2,2,26)
w(94,2,2,26)
w(86,3,2,26)
w(78,2,2,26)
w(75,2,2,26)
r(36,2,2,26)
w(77,5,2,26)
r(244,2,2,26)
w(94,3,2,26)
w(157,3,3,27)
w(153,2,3,27)
w(169,2,3,27)
r(76,2,3,27)
w(147,3,3,27)
r(356,1,3,27)
r(276,1,3,27)
w(177,3,3,27)
r(296,1,3,27)
r(357,3,3,27)
r(2,3,3,27)
w(178,4,3,27)
r(263,2,3,27)
r(22,2,3,27)
r(196,1,3,27)
r(101,2,3,27)
w(146,3,3,27)
w(176,3,3,27)
w(144,4,3,27)
w(137,2,3,27)
w(201,3,4,28)
r(196,1,4,28)
r(65,1,4,28)
w(190,3,4,28)
r(206,1,4,28)
w(224,3,4,28)
r(304,4,4,28)
w(232,3,4,28)
w(221,2,4,28)
r(193,2,4,28)
w(214,2,4,28)
r(184,1,4,28)
w(211,2,4,28)
w(234,2,4,28)
w(198,2,4,28)
r(53,2,4,28)
r(119,2,4,28)
r(36,2,4,28)
w(239,2,4,28)
r(177,2,4,28)
r(221,2,5,29)
r(255,1,5,29)
w(253,4,5,29)
r(310,2,5,29)
r(335,2,5,29)
r(284,3,5,29)
r(252,2,5,29)
w(300,4,5,29)
w(286,2,5,29)
r(178,3,5,29)
r(12,2,5,29)
r(312,1,5,29)
w(288,3,5,29)
w(260,4,5,29)
r(120,2,5,29)
w(252,3,5,29)
w(260,5,5,29)
w(289,2,5,29)
w(243,3,5,29)
r(266,1,5,29)
w(351,2,6,30)
r(223,1,6,30)
w(322,4,6,30)
r(145,3,6,30)
r(42,2,6,30)
r(284,3,6,30)
r(281,2,6,30)
w(340,3,6,30)
w(360,3,6,30)
r(171,1,6,30)
w(358,3,6,30)
r(355,2,6,30)
w(326,4,6,30)
w(357,4,6,30)
r(231,1,6,30)
w(339,3,6,30)
r(16,1,6,30)
w(320,2,6,30)
w(340,4,6,30)
w(359,4,6,30)
r(8,2,1,31)
w(58,3,1,31)
w(26,3,1,31)
r(42,2,1,31)
r(31,1,1,31)
w(52,2,1,31)
w(35,3,1,31)
w(50,4,1,31)
w(22,2,1,31)
w(25,3,1,31)
w(54,3,1,31)
w(13,3,1,31)
r(228,2,1,31)
w(34,3,1,31)
r(277,1,1,31)
r(305,2,1,31)
r(80,2,1,31)
r(238,1,1,31)
r(132,1,1,31)
r(296,1,1,31)
w(73,2,2,32)
w(120,3,2,32)
r(89,3,2,32)
w(96,2,2,32)
r(60,1,2,32)
w(68,2,2,32)
w(104,3,2,32)
r(1,3,2,32)
r(174,2,2,32)
r(299,2,2,32)
w(89,4,2,32)
r(10,1,2,32)
r(14,1,2,32)
w(93,3,2,32)
r(92,2,2,32)
r(109,3,2,32)
w(81,2,2,32)
w(68,3,2,32)
w(74,4,2,32)
w(61,2,2,32)
w(150,3,3,33)
r(271,2,3,33)
r(37,3,3,33)
r(163,1,3,33)
w(124,3,3,33)
w(154,2,3,33)
w(126,2,3,33)
r(124,3,3,33)
r(69,1,3,33)
r(155,2,3,33)
r(336,2,3,33)
w(164,2,3,33)
w(121,3,3,33)
r(35,3,3,33)
r(69,1,3,33)
w(147,4,3,33)
w(164,3,3,33)
w(152,4,3,33)
r(294,1,3,33)
r(153,2,3,33)
r(27,2,4,34)
r(155,2,4,34)
r(279,2,4,34)
r(49,2,4,34)
r(320,1,4,34)
w(216,6,4,34)
r(22,2,4,34)
r(83,1,4,34)
r(136,3,4,34)
r(338,1,4,34)
w(233,3,4,34)
r(51,2,4,34)
r(112,3,4,34)
r(122,2,4,34)
w(205,2,4,34)
w(203,3,4,34)
r(240,3,4,34)
w(207,4,4,34)
r(86,1,4,34)
w(204,2,4,34)
r(338,1,5,35)
w(242,2,5,35)
w(298,2,5,35)
r(243,3,5,35)
r(145,3,5,35)
r(198,2,5,35)
r(176,3,5,35)
w(243,4,5,35)
w(252,4,5,35)
w(284,4,5,35)
r(211,2,5,35)
r(204,2,5,35)
w(299,2,5,35)
r(91,2,5,35)
w(260,6,5,35)
w(260,8,5,35)
w(276,2,5,35)
w(253,5,5,35)
r(355,2,5,35)
r(172,3,5,35)
w(332,2,6,36)
r(259,1,6,36)
r(194,1,6,36)
r(244,2,6,36)
r(270,2,6,36)
w(329,3,6,36)
w(316,2,6,36)
r(193,2,6,36)
w(348,2,6,36)
r(193,2,6,36)
r(287,1,6,36)
w(335,3,6,36)
r(16,2,6,36)
r(17,3,6,36)
w(322,5,6,36)
r(340,4,6,36)
w(348,3,6,36)
r(98,3,6,36)
w(312,2,6,36)
w(333,3,6,36)
w(12,3,1,37)
r(93,2,1,37)
w(44,2,1,37)
r(298,1,1,37)
w(25,4,1,37)
r(230,1,1,37)
r(45,3,1,37)
w(16,2,1,37)
r(172,3,1,37)
r(238,1,1,37)
r(40,2,1,37)
w(22,3,1,37)
w(6,4,1,37)
r(14,1,1,37)
r(116,2,1,37)
w(25,5,1,37)
w(24,2,1,37)
r(342,2,1,37)
w(53,3,1,37)
r(70,1,1,37)
r(234,3,2,38)
w(61,3,2,38)
r(182,1,2,38)
r(70,1,2,38)
r(190,3,2,38)
r(134,1,2,38)
w(91,3,2,38)
w(92,3,2,38)
w(61,4,2,38)
w(115,2,2,38)
w(74,5,2,38)
w(70,2,2,38)
w(97,3,2,38)
w(96,3,2,38)
r(232,3,2,38)
w(89,5,2,38)
w(71,3,2,38)
w(74,6,2,38)
r(35,3,2,38)
w(88,4,2,38)
w(128,2,3,39)
w(171,2,3,39)
r(30,4,3,39)
r(347,1,3,39)
r(328,2,3,39)
w(130,5,3,39)
w(146,4,3,39)
w(151,2,3,39)
w(142,3,3,39)
w(174,3,3,39)
w(178,5,3,39)
r(4,2,3,39)
w(160,2,3,39)
w(179,2,3,39)
r(145,3,3,39)
w(126,3,3,39)
w(173,2,3,39)
r(200,3,3,39)
r(88,3,3,39)
r(306,2,3,39)
w(234,3,4,40)
r(355,2,4,40)
w(223,2,4,40)
r(108,3,4,40)
r(91,2,4,40)
r(336,2,4,40)
r(172,3,4,40)
w(228,3,4,40)
w(198,3,4,40)
w(227,2,4,40)
r(185,2,4,40)
w(187,2,4,40)
r(39,2,4,40)
r(13,3,4,40)
r(58,3,4,40)
r(355,2,4,40)
r(229,1,4,40)
r(158,1,4,40)
r(14,1,4,40)
w(197,3,4,40)
w(285,2,5,41)
w(265,4,5,41)
w(260,9,5,41)
r(288,3,5,41)
r(34,4,5,41)
r(257,1,5,41)
w(250,2,5,41)
w(282,3,5,41)
r(170,4,5,41)
w(262,2,5,41)
w(255,2,5,41)
r(52,2,5,41)
w(291,2,5,41)
w(267,2,5,41)
r(359,4,5,41)
w(282,4,5,41)
w(270,3,5,41)
w(294,2,5,41)
r(182,1,5,41)
r(38,1,5,41)
w(347,2,6,42)
r(288,3,6,42)
r(3,1,6,42)
w(320,3,6,42)
r(347,2,6,42)
w(333,4,6,42)
r(110,1,6,42)
r(223,2,6,42)
r(76,2,6,42)
r(142,3,6,42)
r(55,2,6,42)
r(162,2,6,42)
w(308,5,6,42)
w(333,5,6,42)
w(353,3,6,42)
r(314,3,6,42)
w(336,3,6,42)
r(305,2,6,42)
w(319,2,6,42)
r(206,1,6,42)
r(264,1,1,43)
r(329,3,1,43)
w(45,4,1,43)
r(281,2,1,43)
r(317,1,1,43)
r(291,1,1,43)
r(141,4,1,43)
w(37,4,1,43)
r(146,3,1,43)
r(176,3,1,43)
r(347,1,1,43)
r(245,2,1,43)
r(134,1,1,43)
w(46,3,1,43)
r(149,1,1,43)
w(34,4,1,43)
w(59,3,1,43)
w(48,4,1,43)
r(188,2,1,43)
r(25,5,1,43)
w(74,8,2,44)
r(159,1,2,44)
r(155,3,2,44)
r(33,2,2,44)
w(87,2,2,44)
w(120,4,2,44)
r(108,3,2,44)
r(90,2,2,44)
w(62,2,2,44)
r(190,5,2,44)
w(94,4,2,44)
w(119,3,2,44)
w(65,3,2,44)
w(103,2,2,44)
w(79,3,2,44)
w(100,5,2,44)
w(117,3,2,44)
w(107,3,2,44)
w(82,2,2,44)
w(99,3,2,44)
w(151,3,3,45)
w(138,4,3,45)
w(171,3,3,45)
w(143,3,3,45)
w(145,4,3,45)
r(201,3,3,45)
r(343,1,3,45)
w(124,4,3,45)
r(315,1,3,45)
w(152,5,3,45)
w(142,4,3,45)
r(281,2,3,45)
w(128,3,3,45)
w(174,4,3,45)
r(221,2,3,45)
w(176,4,3,45)
r(45,4,3,45)
w(139,3,3,45)
r(298,2,3,45)
r(160,2,3,45)
w(183,3,4,46)
w(228,4,4,46)
r(78,2,4,46)
w(220,2,4,46)
r(102,2,4,46)
r(108,3,4,46)
w(191,2,4,46)
w(235,4,4,46)
w(202,2,4,46)
r(5,3,4,46)
w(237,3,4,46)
w(217,3,4,46)
w(235,5,4,46)
w(219,2,4,46)
w(197,4,4,46)
w(190,5,4,46)
w(210,3,4,46)
w(185,3,4,46)
w(210,4,4,46)
r(153,3,4,46)
r(17,3,5,47)
r(340,4,5,47)
r(125,1,5,47)
w(276,3,5,47)
w(279,3,5,47)
w(265,5,5,47)
w(282,5,5,47)
w(252,5,5,47)
r(354,1,5,47)
r(267,2,5,47)
w(256,3,5,47)
w(261,5,5,47)
w(298,3,5,47)
r(181,2,5,47)
r(206,1,5,47)
r(107,2,5,47)
r(68,3,5,47)
w(247,2,5,47)
w(247,3,5,47)
r(261,5,5,47)
w(325,4,6,48)
r(257,1,6,48)
r(234,3,6,48)
w(348,4,6,48)
r(93,3,6,48)
w(307,3,6,48)
r(48,4,6,48)
r(76,2,6,48)
w(314,4,6,48)
w(302,3,6,48)
r(73,2,6,48)
w(360,4,6,48)
r(350,1,6,48)
r(97,3,6,48)
w(305,3,6,48)
r(234,3,6,48)
r(96,3,6,48)
w(350,2,6,48)
r(265,5,6,48)
r(255,2,6,48)
r(351,2,1,49)
r(87,1,1,49)
w(20,3,1,49)
w(42,3,1,49)
w(25,6,1,49)
r(7,2,1,49)
w(11,3,1,49)
r(6,4,1,49)
w(29,2,1,49)
w(11,4,1,49)
w(52,3,1,49)
r(113,1,1,49)
r(55,2,1,49)
r(230,1,1,49)
r(142,3,1,49)
r(35,3,1,49)
w(14,2,1,49)
w(39,3,1,49)
r(216,6,1,49)
w(16,3,1,49)
r(356,2,2,50)
r(256,3,2,50)
w(95,2,2,50)
w(89,6,2,50)
w(113,2,2,50)
w(111,3,2,50)
r(60,2,2,50)
r(273,1,2,50)
r(341,3,2,50)
w(94,5,2,50)
r(348,4,2,50)
r(296,2,2,50)
r(60,2,2,50)
w(76,3,2,50)
w(96,5,2,50)
w(82,3,2,50)
r(171,3,2,50)
r(282,6,2,50)
r(169,2,2,50)
w(81,3,2,50)
w(144,5,3,51)
w(146,5,3,51)
w(122,3,3,51)
w(152,6,3,51)
w(124,5,3,51)
r(152,6,3,51)
r(12,3,3,51)
r(216,6,3,51)
w(140,4,3,51)
r(14,2,3,51)
w(176,5,3,51)
r(105,3,3,51)
r(295,2,3,51)
w(164,4,3,51)
w(177,4,3,51)
w(134,2,3,51)
w(142,5,3,51)
w(167,3,3,51)
w(153,3,3,51)
r(7,2,3,51)
w(220,3,4,52)
r(31,1,4,52)
w(222,2,4,52)
r(69,1,4,52)
r(305,3,4,52)
w(211,3,4,52)
r(281,3,4,52)
r(349,4,4,52)
w(213,3,4,52)
w(210,5,4,52)
w(211,4,4,52)
r(95,1,4,52)
w(186,2,4,52)
w(218,3,4,52)
r(189,1,4,52)
w(194,3,4,52)
w(237,4,4,52)
r(256,3,4,52)
w(234,4,4,52)
w(220,4,4,52)
w(295,3,5,53)
w(288,4,5,53)
w(254,2,5,53)
r(360,4,5,53)
w(279,4,5,53)
w(297,4,5,53)
w(260,7,5,53)
r(26,3,5,53)
w(276,4,5,53)
w(281,3,5,53)
w(242,3,5,53)
r(274,1,5,53)
w(282,6,5,53)
w(259,2,5,53)
r(115,2,5,53)
w(257,2,5,53)
r(285,2,5,53)
w(262,3,5,53)
w(284,5,5,53)
w(275,3,5,53)
r(190,3,6,54)
r(179,2,6,54)
w(311,3,6,54)
r(128,3,6,54)
w(335,4,6,54)
w(303,2,6,54)
w(339,4,6,54)
w(327,3,6,54)
w(314,5,6,54)
w(351,3,6,54)
w(331,3,6,54)
w(307,4,6,54)
r(307,4,6,54)
w(332,3,6,54)
r(354,1,6,54)
w(324,3,6,54)
w(356,2,6,54)
r(47,1,6,54)
r(289,2,6,54)
w(352,4,6,54)
w(4,3,1,55)
w(42,4,1,55)
r(78,2,1,55)
w(53,4,1,55)
w(38,2,1,55)
w(27,3,1,55)
w(52,4,1,55)
r(30,4,1,55)
w(42,5,1,55)
w(16,4,1,55)
r(282,5,1,55)
r(248,1,1,55)
r(296,1,1,55)
w(18,3,1,55)
r(80,2,1,55)
r(303,1,1,55)
r(273,1,1,55)
r(291,2,1,55)
w(57,5,1,55)
r(160,2,1,55)
w(114,2,2,56)
r(277,1,2,56)
r(240,3,2,56)
w(105,4,2,56)
w(91,4,2,56)
w(95,3,2,56)
r(2,3,2,56)
r(7,2,2,56)
w(96,6,2,56)
w(67,2,2,56)
w(117,4,2,56)
w(109,4,2,56)
w(114,3,2,56)
w(98,5,2,56)
w(105,5,2,56)
r(159,1,2,56)
r(171,4,2,56)
r(174,5,2,56)
w(95,4,2,56)
r(188,2,2,56)
w(143,4,3,57)
r(134,2,3,57)
w(145,5,3,57)
w(164,5,3,57)
r(157,3,3,57)
r(92,3,3,57)
w(140,5,3,57)
r(20,3,3,57)
w(151,4,3,57)
w(125,2,3,57)
w(139,4,3,57)
r(33,2,3,57)
r(294,2,3,57)
w(177,5,3,57)
w(158,2,3,57)
r(138,4,3,57)
r(321,1,3,57)
w(155,3,3,57)
r(220,1,3,57)
w(161,2,3,57)
r(195,3,4,58)
w(220,5,4,58)
r(258,2,4,58)
r(173,2,4,58)
w(210,6,4,58)
w(229,2,4,58)
r(133,1,4,58)
r(334,1,4,58)
w(231,2,4,58)
w(224,4,4,58)
r(226,1,4,58)
r(213,3,4,58)
r(39,4,4,58)
r(301,1,4,58)
w(185,4,4,58)
r(207,4,4,58)
r(250,2,4,58)
w(202,3,4,58)
r(177,6,4,58)
w(219,3,4,58)
w(265,6,5,59)
r(347,2,5,59)
w(284,6,5,59)
w(257,3,5,59)
w(254,3,5,59)
w(246,2,5,59)
r(100,3,5,59)
w(267,3,5,59)
r(41,2,5,59)
r(171,3,5,59)
w(296,2,5,59)
r(229,1,5,59)
r(10,1,5,59)
r(10,1,5,59)
r(32,2,5,59)
r(127,3,5,59)
r(21,1,5,59)
r(93,3,5,59)
r(192,3,5,59)
w(289,3,5,59)
r(205,2,6,60)
r(215,2,6,60)
w(354,2,6,60)
w(338,2,6,60)
w(325,5,6,60)
r(283,2,6,60)
w(307,5,6,60)
r(84,2,6,60)
r(329,3,6,60)
w(320,4,6,60)
w(335,5,6,60)
w(303,3,6,60)
w(336,4,6,60)
r(250,2,6,60)
r(336,4,6,60)
w(355,3,6,60)
r(14,2,6,60)
r(48,4,6,60)
r(7,2,6,60)
r(63,2,6,60)
r(116,2,1,61)
r(202,1,1,61)
r(144,5,1,61)
w(44,3,1,61)
r(36,2,1,61)
r(264,1,1,61)
r(213,2,1,61)
r(31,1,1,61)
r(107,2,1,61)
r(227,2,1,61)
w(11,5,1,61)
w(41,2,1,61)
w(40,3,1,61)
r(110,1,1,61)
r(93,3,1,61)
r(89,5,1,61)
r(338,1,1,61)
r(315,1,1,61)
r(56,2,1,61)
w(45,5,1,61)
w(82,4,2,62)
w(119,4,2,62)
w(112,4,2,62)
w(105,6,2,62)
r(315,1,2,62)
r(274,2,2,62)
r(72,3,2,62)
w(65,4,2,62)
w(96,8,2,62)
w(101,3,2,62)
r(328,2,2,62)
r(253,5,2,62)
w(71,4,2,62)
w(62,3,2,62)
r(107,3,2,62)
r(82,4,2,62)
w(100,6,2,62)
r(104,3,2,62)
r(286,3,2,62)
w(119,5,2,62)
w(164,6,3,63)
w(162,3,3,63)
r(315,1,3,63)
w(177,6,3,63)
r(353,3,3,63)
w(150,4,3,63)
r(66,1,3,63)
w(145,6,3,63)
w(155,4,3,63)
r(323,2,3,63)
w(148,3,3,63)
w(132,2,3,63)
w(174,5,3,63)
r(355,3,3,63)
r(121,3,3,63)
r(40,3,3,63)
r(228,4,3,63)
r(270,3,3,63)
w(168,2,3,63)
w(165,2,3,63)
w(198,4,4,64)
w(187,3,4,64)
r(108,3,4,64)
r(297,4,4,64)
r(328,2,4,64)
w(234,5,4,64)
r(169,2,4,64)
w(237,5,4,64)
w(186,3,4,64)
w(220,6,4,64)
w(219,4,4,64)
w(217,4,4,64)
r(112,3,4,64)
r(144,5,4,64)
r(271,2,4,64)
r(196,1,4,64)
r(201,3,4,64)
r(37,4,4,64)
r(292,1,4,64)
r(288,4,4,64)
r(153,3,5,65)
r(248,1,5,65)
r(131,2,5,65)
w(258,2,5,65)
w(285,3,5,65)
w(284,8,5,65)
r(273,1,5,65)
r(348,4,5,65)
r(32,2,5,65)
w(260,10,5,65)
w(263,3,5,65)
r(267,3,5,65)
r(348,4,5,65)
w(294,3,5,65)
w(246,3,5,65)
w(262,4,5,65)
r(359,4,5,65)
w(268,2,5,65)
r(158,2,5,65)
w(252,6,5,65)
r(300,4,6,66)
r(54,3,6,66)
r(139,4,6,66)
r(33,3,6,66)
r(358,3,6,66)
w(337,2,6,66)
r(346,2,6,66)
w(333,6,6,66)
r(132,1,6,66)
r(330,1,6,66)
r(289,3,6,66)
r(80,2,6,66)
r(238,1,6,66)
r(358,3,6,66)
w(350,3,6,66)
r(104,3,6,66)
w(316,3,6,66)
w(359,5,6,66)
w(314,6,6,66)
r(54,3,6,66)
r(156,1,1,67)
w(53,5,1,67)
w(39,4,1,67)
r(139,4,1,67)
w(41,3,1,67)
r(260,7,1,67)
w(55,3,1,67)
w(17,4,1,67)
w(14,3,1,67)
r(31,1,1,67)
w(5,4,1,67)
r(206,1,1,67)
w(33,3,1,67)
w(12,4,1,67)
r(349,4,1,67)
w(60,2,1,67)
w(58,4,1,67)
r(55,3,1,67)
w(1,4,1,67)
w(42,6,1,67)
w(78,3,2,68)
r(20,3,2,68)
w(96,9,2,68)
w(99,4,2,68)
r(224,5,2,68)
r(35,5,2,68)
w(81,4,2,68)
w(73,3,2,68)
w(81,5,2,68)
w(77,6,2,68)
w(76,4,2,68)
r(74,8,2,68)
w(99,5,2,68)
r(269,2,2,68)
w(91,5,2,68)
r(249,4,2,68)
w(103,3,2,68)
w(100,8,2,68)
w(117,5,2,68)
w(82,5,2,68)
r(263,3,3,69)
r(7,2,3,69)
w(145,8,3,69)
r(173,2,3,69)
r(106,4,3,69)
r(167,3,3,69)
r(312,2,3,69)
w(121,4,3,69)
r(268,2,3,69)
r(86,3,3,69)
r(39,5,3,69)
r(155,4,3,69)
r(212,1,3,69)
r(192,3,3,69)
r(317,1,3,69)
r(335,5,3,69)
r(99,3,3,69)
w(171,4,3,69)
w(130,6,3,69)
r(206,1,3,69)
r(19,2,4,70)
w(216,8,4,70)
w(211,5,4,70)
w(228,5,4,70)
r(223,2,4,70)
w(184,3,4,70)
w(203,4,4,70)
r(68,3,4,70)
w(181,3,4,70)
r(295,3,4,70)
r(351,4,4,70)
w(216,9,4,70)
w(233,4,4,70)
r(39,5,4,70)
w(224,5,4,70)
w(232,4,4,70)
w(233,5,4,70)
w(228,6,4,70)
w(199,3,4,70)
r(183,3,4,70)
r(99,3,5,71)
r(71,3,5,71)
r(199,2,5,71)
w(244,3,5,71)
r(299,2,5,71)
r(233,3,5,71)
r(223,2,5,71)
r(206,1,5,71)
w(272,2,5,71)
w(274,2,5,71)
w(275,4,5,71)
w(287,2,5,71)
w(265,8,5,71)
w(269,2,5,71)
r(233,3,5,71)
w(275,5,5,71)
w(245,3,5,71)
r(8,2,5,71)
w(276,5,5,71)
w(264,2,5,71)
w(351,4,6,72)
w(345,2,6,72)
r(45,5,6,72)
w(358,4,6,72)
w(302,4,6,72)
r(271,2,6,72)
w(329,4,6,72)
w(356,3,6,72)
r(99,3,6,72)
w(344,3,6,72)
r(347,2,6,72)
w(323,3,6,72)
r(98,3,6,72)
r(99,3,6,72)
w(309,4,6,72)
w(329,5,6,72)
w(359,6,6,72)
r(299,2,6,72)
r(318,1,6,72)
r(324,3,6,72)
w(43,2,1,73)
w(19,2,1,73)
w(39,5,1,73)
w(3,2,1,73)
w(4,4,1,73)
r(58,4,1,73)
r(16,4,1,73)
r(77,5,1,73)
r(311,3,1,73)
w(48,5,1,73)
w(16,5,1,73)
r(322,5,1,73)
w(35,4,1,73)
r(266,1,1,73)
r(249,3,1,73)
w(56,3,1,73)
r(316,3,1,73)
w(6,5,1,73)
r(48,5,1,73)
r(323,2,1,73)
w(94,6,2,74)
w(90,4,2,74)
r(326,4,2,74)
w(113,3,2,74)
r(204,3,2,74)
w(113,4,2,74)
w(66,2,2,74)
w(79,4,2,74)
r(331,4,2,74)
r(340,4,2,74)
r(345,2,2,74)
w(119,6,2,74)
w(107,4,2,74)
w(62,4,2,74)
w(86,4,2,74)
r(86,4,2,74)
w(91,6,2,74)
w(72,4,2,74)
r(267,4,2,74)
w(66,3,2,74)
r(32,2,3,75)
r(35,4,3,75)
r(166,1,3,75)
r(291,3,3,75)
r(128,3,3,75)
w(158,3,3,75)
r(231,2,3,75)
w(133,2,3,75)
w(160,3,3,75)
r(182,1,3,75)
w(128,4,3,75)
w(172,4,3,75)
r(322,5,3,75)
r(284,9,3,75)
w(177,8,3,75)
r(33,3,3,75)
r(61,4,3,75)
w(163,2,3,75)
w(145,9,3,75)
r(68,3,3,75)
w(237,6,4,76)
w(229,3,4,76)
r(317,1,4,76)
r(286,3,4,76)
r(234,5,4,76)
w(224,6,4,76)
w(187,4,4,76)
w(228,8,4,76)
r(89,6,4,76)
r(184,3,4,76)
w(229,4,4,76)
w(229,5,4,76)
w(207,5,4,76)
w(218,4,4,76)
r(112,4,4,76)
w(204,3,4,76)
r(28,3,4,76)
r(332,3,4,76)
w(233,6,4,76)
r(266,1,4,76)
r(275,5,5,77)
r(360,4,5,77)
w(290,4,5,77)
w(291,3,5,77)
r(310,2,5,77)
r(99,3,5,77)
w(290,5,5,77)
r(32,2,5,77)
w(284,9,5,77)
r(319,2,5,77)
w(252,8,5,77)
r(62,2,5,77)
w(262,5,5,77)
w(265,9,5,77)
w(263,4,5,77)
w(288,5,5,77)
r(276,5,5,77)
w(243,5,5,77)
r(153,3,5,77)
w(286,3,5,77)
w(327,4,6,78)
r(31,1,6,78)
r(266,1,6,78)
w(337,3,6,78)
r(61,4,6,78)
r(4,4,6,78)
w(356,4,6,78)
r(65,3,6,78)
r(133,1,6,78)
w(330,2,6,78)
r(347,2,6,78)
w(312,3,6,78)
r(270,3,6,78)
r(141,4,6,78)
r(177,6,6,78)
w(318,2,6,78)
w(321,2,6,78)
w(349,5,6,78)
r(126,3,6,78)
r(126,3,6,78)
r(207,4,1,79)
r(288,4,1,79)
r(231,2,1,79)
r(274,2,1,79)
r(346,2,1,79)
w(12,5,1,79)
w(56,4,1,79)
r(222,2,1,79)
r(326,4,1,79)
r(272,2,1,79)
w(47,2,1,79)
w(49,3,1,79)
w(17,5,1,79)
r(244,3,1,79)
w(42,8,1,79)
r(70,2,1,79)
w(8,3,1,79)
w(54,4,1,79)
r(167,3,1,79)
w(21,2,1,79)
r(172,5,2,80)
r(72,4,2,80)
w(86,5,2,80)
w(88,5,2,80)
r(228,8,2,80)
r(148,3,2,80)
r(134,3,2,80)
r(11,6,2,80)
w(105,8,2,80)
r(246,4,2,80)
w(61,5,2,80)
r(260,10,2,80)
r(103,3,2,80)
w(64,2,2,80)
w(120,5,2,80)
r(248,3,2,80)
w(76,5,2,80)
r(273,2,2,80)
r(77,6,2,80)
r(358,6,2,80)
r(169,2,3,81)
r(126,3,3,81)
r(254,3,3,81)
w(167,4,3,81)
w(169,3,3,81)
r(44,3,3,81)
w(142,6,3,81)
r(88,4,3,81)
r(9,2,3,81)
r(8,3,3,81)
w(149,2,3,81)
r(1,4,3,81)
w(137,3,3,81)
r(360,4,3,81)
r(328,2,3,81)
r(170,4,3,81)
r(298,3,3,81)
w(127,4,3,81)
r(312,3,3,81)
w(178,6,3,81)
w(188,5,4,82)
r(127,4,4,82)
r(297,5,4,82)
w(230,2,4,82)
w(213,4,4,82)
r(205,2,4,82)
r(90,4,4,82)
r(316,3,4,82)
r(76,4,4,82)
r(190,5,4,82)
w(218,5,4,82)
w(240,4,4,82)
r(71,4,4,82)
w(183,4,4,82)
r(239,2,4,82)
r(359,8,4,82)
r(22,5,4,82)
w(189,2,4,82)
r(65,4,4,82)
w(195,4,4,82)
r(223,2,5,83)
r(152,6,5,83)
w(248,2,5,83)
w(248,3,5,83)
w(289,4,5,83)
r(242,3,5,83)
w(255,3,5,83)
w(283,3,5,83)
r(29,2,5,83)
w(268,3,5,83)
r(332,3,5,83)
r(47,2,5,83)
r(288,5,5,83)
r(174,5,5,83)
r(213,3,5,83)
w(270,4,5,83)
r(330,2,5,83)
r(48,5,5,83)
w(273,2,5,83)
w(299,3,5,83)
w(339,5,6,84)
r(311,3,6,84)
w(312,4,6,84)
r(112,4,6,84)
r(182,1,6,84)
w(337,4,6,84)
w(320,5,6,84)
r(343,1,6,84)
w(356,5,6,84)
w(334,2,6,84)
w(343,2,6,84)
r(65,4,6,84)
r(230,1,6,84)
r(26,3,6,84)
w(320,6,6,84)
r(240,3,6,84)
r(346,2,6,84)
w(331,4,6,84)
w(323,4,6,84)
r(232,4,6,84)
r(193,2,1,85)
w(38,3,1,85)
r(91,4,1,85)
w(35,5,1,85)
w(28,3,1,85)
r(285,3,1,85)
r(38,3,1,85)
r(204,2,1,85)
w(32,3,1,85)
r(80,2,1,85)
w(6,6,1,85)
w(12,6,1,85)
r(73,2,1,85)
w(36,3,1,85)
w(23,4,1,85)
w(49,4,1,85)
r(360,4,1,85)
w(56,5,1,85)
w(23,5,1,85)
w(12,8,1,85)
r(329,5,2,86)
r(284,9,2,86)
w(80,3,2,86)
w(90,5,2,86)
w(97,5,2,86)
w(104,4,2,86)
r(89,6,2,86)
r(73,3,2,86)
r(271,2,2,86)
r(191,2,2,86)
w(86,6,2,86)
r(51,4,2,86)
r(162,4,2,86)
r(42,9,2,86)
r(358,6,2,86)
r(77,6,2,86)
r(320,8,2,86)
w(84,3,2,86)
r(220,8,2,86)
w(72,5,2,86)
w(136,4,3,87)
w(138,5,3,87)
w(176,6,3,87)
r(310,2,3,87)
w(146,6,3,87)
r(342,2,3,87)
r(173,2,3,87)
r(247,3,3,87)
r(297,4,3,87)
r(236,2,3,87)
r(101,3,3,87)
r(47,2,3,87)
r(9,2,3,87)
r(99,5,3,87)
w(162,4,3,87)
r(11,6,3,87)
r(234,5,3,87)
w(175,2,3,87)
w(128,5,3,87)
r(138,5,3,87)
w(207,6,4,88)
r(287,2,4,88)
w(182,2,4,88)
w(196,2,4,88)
r(199,3,4,88)
w(220,8,4,88)
r(53,6,4,88)
r(157,3,4,88)
w(230,3,4,88)
r(263,5,4,88)
r(60,2,4,88)
w(233,8,4,88)
r(191,2,4,88)
r(304,4,4,88)
w(186,4,4,88)
r(170,5,4,88)
w(219,5,4,88)
w(236,3,4,88)
w(197,5,4,88)
w(196,3,4,88)
r(34,4,5,89)
w(285,4,5,89)
r(335,5,5,89)
w(291,4,5,89)
w(256,4,5,89)
r(172,4,5,89)
w(245,4,5,89)
w(249,4,5,89)
r(75,2,5,89)
r(150,4,5,89)
w(262,6,5,89)
w(251,3,5,89)
r(163,2,5,89)
w(295,4,5,89)
w(258,3,5,89)
r(176,5,5,89)
r(75,2,5,89)
w(250,3,5,89)
w(289,5,5,89)
w(242,4,5,89)
w(323,5,6,90)
w(344,4,6,90)
w(320,8,6,90)
w(317,2,6,90)
r(314,6,6,90)
w(318,3,6,90)
w(332,4,6,90)
r(332,4,6,90)
r(350,3,6,90)
r(213,3,6,90)
w(337,5,6,90)
r(40,3,6,90)
r(239,2,6,90)
w(348,5,6,90)
r(152,6,6,90)
r(149,2,6,90)
w(359,8,6,90)
w(325,6,6,90)
w(307,6,6,90)
r(251,3,6,90)
r(301,1,1,91)
w(7,3,1,91)
w(52,5,1,91)
r(325,5,1,91)
w(29,3,1,91)
r(239,2,1,91)
r(89,6,1,91)
r(22,3,1,91)
w(13,4,1,91)
r(9,2,1,91)
r(218,3,1,91)
r(55,3,1,91)
w(3,3,1,91)
w(17,6,1,91)
w(44,4,1,91)
w(11,6,1,91)
r(236,2,1,91)
r(71,4,1,91)
r(34,4,1,91)
r(267,3,1,91)
w(110,2,2,92)
r(354,2,2,92)
r(91,6,2,92)
r(86,6,2,92)
r(121,4,2,92)
w(66,4,2,92)
w(95,5,2,92)
r(18,3,2,92)
r(78,3,2,92)
r(154,2,2,92)
w(102,4,2,92)
w(107,5,2,92)
w(115,3,2,92)
r(300,4,2,92)
w(116,3,2,92)
w(83,2,2,92)
w(61,6,2,92)
r(349,8,2,92)
w(115,4,2,92)
r(250,5,2,92)
r(278,1,3,93)
r(130,6,3,93)
w(138,6,3,93)
w(172,5,3,93)
r(161,2,3,93)
w(134,3,3,93)
w(139,5,3,93)
r(165,2,3,93)
w(150,5,3,93)
r(329,5,3,93)
r(196,1,3,93)
w(145,7,3,93)
r(163,2,3,93)
r(341,3,3,93)
r(93,3,3,93)
r(155,4,3,93)
r(124,5,3,93)
w(143,5,3,93)
w(146,8,3,93)
w(156,2,3,93)
w(229,6,4,94)
w(194,4,4,94)
w(238,4,4,94)
r(116,2,4,94)
r(240,4,4,94)
w(213,5,4,94)
r(136,5,4,94)
r(221,2,4,94)
w(223,3,4,94)
w(187,5,4,94)
w(206,2,4,94)
w(204,4,4,94)
w(237,8,4,94)
r(358,6,4,94)
r(32,3,4,94)
w(189,3,4,94)
w(225,2,4,94)
w(205,4,4,94)
r(350,3,4,94)
w(233,9,4,94)
w(292,2,5,95)
r(137,3,5,95)
w(268,4,5,95)
w(245,5,5,95)
w(295,5,5,95)
r(294,3,5,95)
r(230,1,5,95)
w(297,5,5,95)
r(215,2,5,95)
r(138,5,5,95)
r(213,3,5,95)
r(226,1,5,95)
w(246,4,5,95)
r(104,3,5,95)
w(256,5,5,95)
r(12,8,5,95)
r(30,4,5,95)
r(324,3,5,95)
w(267,4,5,95)
w(262,8,5,95)
w(355,4,6,96)
r(123,2,6,96)
w(336,5,6,96)
r(282,6,6,96)
w(310,3,6,96)
r(122,3,6,96)
w(323,6,6,96)
r(344,4,6,96)
r(149,2,6,96)
r(36,3,6,96)
r(313,2,6,96)
w(319,3,6,96)
r(231,2,6,96)
r(86,3,6,96)
r(40,3,6,96)
w(352,5,6,96)
r(12,8,6,96)
w(301,2,6,96)
r(68,3,6,96)
w(358,5,6,96)
r(98,5,1,97)
w(25,8,1,97)
w(22,4,1,97)
w(34,5,1,97)
w(49,5,1,97)
w(45,6,1,97)
r(139,4,1,97)
w(51,3,1,97)
w(38,4,1,97)
w(42,9,1,97)
w(46,4,1,97)
r(72,3,1,97)
r(168,2,1,97)
r(351,4,1,97)
r(279,4,1,97)
w(24,3,1,97)
r(143,4,1,97)
w(22,5,1,97)
r(182,1,1,97)
w(2,4,1,97)
w(83,3,2,98)
w(115,5,2,98)
w(81,6,2,98)
w(68,4,2,98)
r(24,4,2,98)
r(39,6,2,98)
r(39,6,2,98)
w(104,5,2,98)
r(113,4,2,98)
w(90,6,2,98)
w(110,3,2,98)
w(69,2,2,98)
r(35,9,2,98)
w(91,8,2,98)
w(81,8,2,98)
w(98,6,2,98)
r(28,4,2,98)
r(222,4,2,98)
w(70,3,2,98)
r(255,3,2,98)
r(256,6,3,99)
w(140,6,3,99)
w(158,4,3,99)
r(141,4,3,99)
r(72,4,3,99)
r(12,8,3,99)
r(313,2,3,99)
w(170,5,3,99)
w(158,5,3,99)
r(338,3,3,99)
w(137,4,3,99)
r(42,9,3,99)
r(276,6,3,99)
r(123,2,3,99)
w(136,5,3,99)
r(133,2,3,99)
r(170,5,3,99)
w(149,3,3,99)
r(133,2,3,99)
w(139,6,3,99)
r(279,5,4,100)
w(219,6,4,100)
w(206,3,4,100)
w(236,4,4,100)
w(222,3,4,100)
w(240,5,4,100)
w(222,4,4,100)
r(164,6,4,100)
r(316,4,4,100)
w(208,2,4,100)
r(128,5,4,100)
w(209,2,4,100)
w(187,6,4,100)
r(136,5,4,100)
r(179,2,4,100)
r(58,6,4,100)
r(248,3,4,100)
w(213,6,4,100)
r(66,4,4,100)
r(93,3,4,100)
w(289,6,5,101)
r(256,5,5,101)
w(295,6,5,101)
r(267,4,5,101)
w(263,5,5,101)
r(314,6,5,101)
w(243,6,5,101)
r(51,4,5,101)
w(272,3,5,101)
w(279,5,5,101)
w(278,2,5,101)
w(291,5,5,101)
r(142,6,5,101)
r(178,6,5,101)
r(168,2,5,101)
w(256,6,5,101)
w(276,6,5,101)
r(303,3,5,101)
w(278,3,5,101)
r(335,6,5,101)
w(323,8,6,102)
w(351,5,6,102)
r(25,9,6,102)
w(358,6,6,102)
r(229,5,6,102)
w(338,3,6,102)
r(165,2,6,102)
w(345,3,6,102)
r(226,1,6,102)
r(265,9,6,102)
w(349,6,6,102)
r(219,4,6,102)
r(53,6,6,102)
r(314,6,6,102)
w(316,4,6,102)
r(162,4,6,102)
w(335,6,6,102)
r(254,3,6,102)
r(81,5,6,102)
w(349,8,6,102)
r(254,3,1,103)
w(36,4,1,103)
r(122,3,1,103)
w(25,9,1,103)
w(38,5,1,103)
w(41,4,1,103)
r(149,2,1,103)
w(26,4,1,103)
w(51,4,1,103)
r(275,5,1,103)
w(1,5,1,103)
w(53,6,1,103)
w(58,5,1,103)
w(45,8,1,103)
r(281,3,1,103)
w(8,4,1,103)
r(132,2,1,103)
r(307,6,1,103)
r(69,1,1,103)
w(37,5,1,103)
w(98,8,2,104)
w(114,4,2,104)
w(103,4,2,104)
r(54,4,2,104)
r(59,4,2,104)
w(120,6,2,104)
w(87,3,2,104)
r(54,4,2,104)
w(67,3,2,104)
r(93,3,2,104)
r(332,5,2,104)
w(103,5,2,104)
r(21,2,2,104)
w(102,5,2,104)
w(111,4,2,104)
r(264,3,2,104)
w(71,5,2,104)
r(149,4,2,104)
r(46,4,2,104)
w(82,6,2,104)
w(138,8,3,105)
r(1,5,3,105)
r(91,6,3,105)
w(177,9,3,105)
w(171,5,3,105)
r(256,6,3,105)
r(165,2,3,105)
r(235,5,3,105)
r(219,5,3,105)
r(274,2,3,105)
r(148,3,3,105)
r(248,3,3,105)
w(161,3,3,105)
w(149,4,3,105)
r(310,3,3,105)
r(59,3,3,105)
w(146,9,3,105)
r(184,3,3,105)
r(192,3,3,105)
w(155,5,3,105)
w(186,5,4,106)
r(46,4,4,106)
w(196,4,4,106)
w(201,5,4,106)
w(214,3,4,106)
w(218,6,4,106)
r(160,3,4,106)
r(332,5,4,106)
w(223,4,4,106)
r(6,6,4,106)
r(19,2,4,106)
r(121,4,4,106)
w(186,6,4,106)
r(182,2,4,106)
w(235,6,4,106)
r(354,3,4,106)
r(244,4,4,106)
r(240,5,4,106)
w(196,5,4,106)
r(71,4,4,106)
w(280,3,5,107)
w(252,9,5,107)
r(240,4,5,107)
r(30,4,5,107)
r(208,1,5,107)
w(295,8,5,107)
r(260,10,5,107)
w(281,4,5,107)
w(285,5,5,107)
w(286,4,5,107)
r(2,4,5,107)
w(289,8,5,107)
r(29,4,5,107)
w(244,4,5,107)
r(161,2,5,107)
w(266,2,5,107)
r(102,2,5,107)
r(149,3,5,107)
r(198,4,5,107)
r(153,3,5,107)
r(169,3,6,108)
r(329,5,6,108)
r(50,5,6,108)
r(293,2,6,108)
w(321,3,6,108)
w(351,6,6,108)
w(336,6,6,108)
w(335,8,6,108)
w(309,5,6,108)
r(157,3,6,108)
r(259,2,6,108)
w(351,8,6,108)
w(315,2,6,108)
w(319,4,6,108)
r(161,2,6,108)
r(300,4,6,108)
r(23,5,6,108)
w(325,8,6,108)
w(351,9,6,108)
r(256,6,6,108)
w(3,4,1,109)
r(203,4,1,109)
w(50,5,1,109)
w(5,5,1,109)
w(26,5,1,109)
r(258,3,1,109)
w(29,4,1,109)
w(35,6,1,109)
r(113,4,1,109)
r(347,2,1,109)
w(10,2,1,109)
w(52,6,1,109)
r(1,5,1,109)
r(182,1,1,109)
r(275,5,1,109)
w(17,8,1,109)
w(36,5,1,109)
r(2,4,1,109)
w(57,6,1,109)
w(58,6,1,109)
w(77,8,2,110)
r(255,3,2,110)
r(116,3,2,110)
w(101,4,2,110)
w(97,6,2,110)
w(110,4,2,110)
w(112,5,2,110)
r(309,5,2,110)
w(81,9,2,110)
r(182,2,2,110)
w(114,5,2,110)
w(112,6,2,110)
w(83,4,2,110)
r(163,3,2,110)
r(209,2,2,110)
r(111,4,2,110)
r(212,1,2,110)
r(314,6,2,110)
w(100,9,2,110)
r(34,5,2,110)
r(67,2,3,111)
w(151,5,3,111)
r(35,8,3,111)
w(159,2,3,111)
r(92,3,3,111)
r(25,7,3,111)
r(55,4,3,111)
r(149,4,3,111)
r(32,3,3,111)
w(155,6,3,111)
r(286,6,3,111)
w(126,4,3,111)
r(84,3,3,111)
w(137,5,3,111)
w(137,6,3,111)
r(174,5,3,111)
r(44,4,3,111)
w(143,6,3,111)
r(322,5,3,111)
r(173,2,3,111)
w(236,5,4,112)
w(239,3,4,112)
w(191,3,4,112)
r(21,2,4,112)
r(210,6,4,112)
w(187,8,4,112)
w(223,5,4,112)
r(343,2,4,112)
w(197,6,4,112)
r(354,4,4,112)
w(225,3,4,112)
r(39,6,4,112)
r(66,4,4,112)
r(325,8,4,112)
w(221,3,4,112)
r(89,6,4,112)
r(291,5,4,112)
r(113,4,4,112)
w(208,3,4,112)
r(216,9,4,112)
w(286,5,5,113)
r(349,8,5,113)
w(250,4,5,113)
w(254,4,5,113)
w(286,6,5,113)
w(297,6,5,113)
w(274,3,5,113)
w(282,8,5,113)
w(271,3,5,113)
r(220,8,5,113)
r(15,1,5,113)
r(83,1,5,113)
w(277,2,5,113)
w(250,5,5,113)
r(18,3,5,113)
r(57,9,5,113)
w(241,2,5,113)
w(268,5,5,113)
w(261,6,5,113)
w(253,6,5,113)
w(332,5,6,114)
r(265,9,6,114)
r(106,4,6,114)
r(214,2,6,114)
r(217,4,6,114)
r(119,6,6,114)
w(331,5,6,114)
r(141,4,6,114)
w(324,4,6,114)
r(182,2,6,114)
w(348,6,6,114)
w(328,3,6,114)
r(88,5,6,114)
w(344,5,6,114)
r(42,9,6,114)
r(351,9,6,114)
r(32,3,6,114)
w(352,6,6,114)
w(324,5,6,114)
w(359,9,6,114)
r(226,1,1,115)
w(57,8,1,115)
w(57,9,1,115)
w(9,3,1,115)
w(55,4,1,115)
r(323,8,1,115)
w(39,6,1,115)
r(328,2,1,115)
r(249,4,1,115)
r(263,5,1,115)
r(131,2,1,115)
w(40,4,1,115)
r(247,3,1,115)
w(10,3,1,115)
r(84,2,1,115)
r(113,4,1,115)
r(349,8,1,115)
r(151,4,1,115)
r(74,8,1,115)
w(10,4,1,115)
r(177,9,2,116)
w(109,5,2,116)
w(65,5,2,116)
w(65,6,2,116)
r(108,3,2,116)
r(64,2,2,116)
w(87,4,2,116)
w(87,5,2,116)
w(71,6,2,116)
w(64,3,2,116)
r(114,5,2,116)
w(84,4,2,116)
w(119,8,2,116)
r(153,5,2,116)
w(100,7,2,116)
w(75,3,2,116)
r(262,8,2,116)
w(107,6,2,116)
w(68,5,2,116)
w(118,2,2,116)
w(170,6,3,117)
r(67,2,3,117)
w(176,8,3,117)
w(137,8,3,117)
r(205,4,3,117)
r(197,5,3,117)
r(333,6,3,117)
w(153,4,3,117)
r(323,8,3,117)
r(334,2,3,117)
w(167,5,3,117)
w(165,3,3,117)
r(51,4,3,117)
w(179,3,3,117)
r(210,6,3,117)
w(164,8,3,117)
r(225,2,3,117)
r(175,2,3,117)
r(173,2,3,117)
w(179,4,3,117)
r(158,6,4,118)
r(300,8,4,118)
r(180,3,4,118)
w(221,4,4,118)
r(325,8,4,118)
r(56,6,4,118)
w(201,6,4,118)
w(214,4,4,118)
r(330,2,4,118)
w(183,5,4,118)
w(207,8,4,118)
r(135,2,4,118)
r(174,5,4,118)
w(215,3,4,118)
r(291,5,4,118)
r(207,8,4,118)
r(305,3,4,118)
r(178,8,4,118)
w(195,5,4,118)
r(201,6,4,118)
r(149,4,5,119)
w(271,4,5,119)
w(272,4,5,119)
w(296,3,5,119)
w(246,5,5,119)
w(287,3,5,119)
w(263,6,5,119)
r(86,6,5,119)
r(315,2,5,119)
r(63,2,5,119)
w(296,4,5,119)
w(253,8,5,119)
r(331,5,5,119)
w(267,5,5,119)
w(256,8,5,119)
r(259,2,5,119)
w(280,4,5,119)
r(247,3,5,119)
w(245,6,5,119)
r(200,3,5,119)
r(317,2,6,120)
w(340,5,6,120)
w(324,6,6,120)
w(356,6,6,120)
w(328,4,6,120)
w(347,3,6,120)
w(354,3,6,120)
r(333,6,6,120)
w(355,5,6,120)
w(358,8,6,120)
r(206,3,6,120)
r(186,4,6,120)
r(162,4,6,120)
r(224,6,6,120)
w(348,8,6,120)
r(173,2,6,120)
r(253,8,6,120)
r(33,3,6,120)
w(306,3,6,120)
r(230,3,6,120)
w(25,7,1,121)
r(310,3,1,121)
w(36,6,1,121)
w(8,5,1,121)
r(273,2,1,121)
w(28,4,1,121)
r(291,5,1,121)
r(353,3,1,121)
r(75,2,1,121)
w(24,4,1,121)
r(261,5,1,121)
r(295,8,1,121)
r(50,5,1,121)
w(17,9,1,121)
r(234,5,1,121)
r(162,4,1,121)
w(35,8,1,121)
r(206,2,1,121)
w(8,6,1,121)
r(126,3,1,121)
r(256,9,2,122)
w(109,6,2,122)
w(69,3,2,122)
w(73,4,2,122)
w(65,8,2,122)
r(291,5,2,122)
w(106,5,2,122)
r(282,8,2,122)
w(86,8,2,122)
r(79,4,2,122)
r(353,3,2,122)
r(94,6,2,122)
r(56,6,2,122)
w(111,5,2,122)
w(114,6,2,122)
r(152,6,2,122)
w(86,9,2,122)
r(29,5,2,122)
w(107,8,2,122)
r(67,3,2,122)
w(145,10,3,123)
r(298,3,3,123)
r(332,5,3,123)
w(180,2,3,123)
w(163,3,3,123)
r(300,5,3,123)
r(323,8,3,123)
w(180,3,3,123)
w(128,6,3,123)
w(153,5,3,123)
r(203,4,3,123)
r(180,3,3,123)
r(164,8,3,123)
r(151,5,3,123)
w(165,4,3,123)
r(169,3,3,123)
r(214,3,3,123)
w(130,8,3,123)
r(332,5,3,123)
w(151,6,3,123)
r(180,3,4,124)
w(238,5,4,124)
r(88,5,4,124)
w(212,3,4,124)
r(273,3,4,124)
w(209,3,4,124)
w(190,6,4,124)
r(79,4,4,124)
r(356,9,4,124)
r(162,4,4,124)
r(355,6,4,124)
r(51,4,4,124)
w(197,8,4,124)
r(135,2,4,124)
w(224,8,4,124)
r(295,8,4,124)
w(211,6,4,124)
r(27,3,4,124)
r(278,3,4,124)
w(234,6,4,124)
r(191,2,5,125)
w(264,3,5,125)
w(251,4,5,125)
w(272,5,5,125)
w(284,7,5,125)
w(244,5,5,125)
r(159,2,5,125)
r(251,4,5,125)
w(300,5,5,125)
w(297,8,5,125)
w(259,3,5,125)
r(6,6,5,125)
w(286,8,5,125)
w(296,5,5,125)
r(295,8,5,125)
w(290,6,5,125)
w(252,7,5,125)
r(59,4,5,125)
r(222,4,5,125)
r(297,8,5,125)
w(354,4,6,126)
w(345,4,6,126)
r(135,2,6,126)
w(316,5,6,126)
w(313,3,6,126)
w(356,8,6,126)
r(355,5,6,126)
r(184,3,6,126)
r(226,1,6,126)
r(56,6,6,126)
w(328,5,6,126)
w(322,6,6,126)
r(244,5,6,126)
w(352,8,6,126)
r(287,3,6,126)
r(199,3,6,126)
r(197,5,6,126)
r(194,4,6,126)
r(239,2,6,126)
w(315,3,6,126)
w(9,4,1,127)
r(118,1,1,127)
w(18,4,1,127)
r(257,3,1,127)
w(59,4,1,127)
r(294,3,1,127)
w(8,8,1,127)
r(1,5,1,127)
r(281,4,1,127)
w(4,5,1,127)
w(4,6,1,127)
r(248,3,1,127)
w(16,6,1,127)
w(35,9,1,127)
r(31,1,1,127)
r(187,6,1,127)
r(17,9,1,127)
w(56,6,1,127)
w(57,7,1,127)
r(261,6,1,127)
w(63,3,2,128)
w(70,5,2,128)
r(356,9,2,128)
r(75,3,2,128)
w(118,3,2,128)
w(69,4,2,128)
w(113,5,2,128)
r(101,4,2,128)
r(231,3,2,128)
w(120,8,2,128)
r(280,4,2,128)
r(82,6,2,128)
w(74,9,2,128)
w(107,9,2,128)
w(103,9,2,128)
r(223,5,2,128)
w(92,5,2,128)
w(78,4,2,128)
r(48,5,2,128)
w(90,8,2,128)
w(137,9,3,129)
r(297,8,3,129)
r(311,3,3,129)
w(158,6,3,129)
w(122,4,3,129)
w(165,5,3,129)
r(185,4,3,129)
r(3,5,3,129)
w(146,7,3,129)
r(333,6,3,129)
w(122,5,3,129)
r(184,3,3,129)
r(99,5,3,129)
r(46,4,3,129)
w(178,8,3,129)
r(29,4,3,129)
r(185,4,3,129)
r(171,5,3,129)
w(140,8,3,129)
r(249,4,3,129)
r(288,6,4,130)
w(194,5,4,130)
r(74,8,4,130)
w(221,5,4,130)
w(201,8,4,130)
r(333,6,4,130)
w(225,4,4,130)
w(238,6,4,130)
r(3,6,4,130)
r(159,3,4,130)
w(230,4,4,130)
r(30,4,4,130)
r(265,7,4,130)
w(188,6,4,130)
r(92,3,4,130)
r(329,6,4,130)
w(220,9,4,130)
w(199,4,4,130)
r(315,3,4,130)
w(192,5,4,130)
w(241,3,5,131)
w(268,6,5,131)
w(285,6,5,131)
w(251,5,5,131)
r(316,5,5,131)
w(250,6,5,131)
w(298,4,5,131)
r(117,5,5,131)
w(241,4,5,131)
r(60,2,5,131)
r(194,4,5,131)
r(11,6,5,131)
w(265,7,5,131)
r(215,2,5,131)
w(273,3,5,131)
w(300,6,5,131)
w(276,8,5,131)
w(253,9,5,131)
r(313,3,5,131)
w(261,8,5,131)
r(241,4,6,132)
r(286,8,6,132)
w(307,8,6,132)
w(319,5,6,132)
w(302,5,6,132)
w(356,9,6,132)
w(328,6,6,132)
w(344,6,6,132)
w(317,3,6,132)
r(1,5,6,132)
w(349,9,6,132)
r(233,9,6,132)
r(244,5,6,132)
r(169,3,6,132)
w(339,6,6,132)
w(352,9,6,132)
w(355,6,6,132)
r(16,6,6,132)
w(360,5,6,132)
w(303,4,6,132)
r(271,4,1,133)
w(26,6,1,133)
r(291,5,1,133)
w(5,6,1,133)
r(229,6,1,133)
r(43,2,1,133)
r(152,6,1,133)
r(26,6,1,133)
r(47,2,1,133)
r(169,3,1,133)
w(4,8,1,133)
r(53,6,1,133)
r(10,4,1,133)
w(3,5,1,133)
r(60,2,1,133)
w(40,5,1,133)
w(53,8,1,133)
w(14,4,1,133)
r(87,2,1,133)
w(24,5,1,133)
r(95,5,2,134)
w(90,9,2,134)
w(64,4,2,134)
w(68,6,2,134)
w(92,6,2,134)
r(284,10,2,134)
w(85,3,2,134)
r(277,2,2,134)
r(280,4,2,134)
r(66,4,2,134)
r(283,4,2,134)
r(281,5,2,134)
w(97,8,2,134)
r(353,4,2,134)
r(206,3,2,134)
r(252,10,2,134)
w(96,7,2,134)
w(75,4,2,134)
w(73,5,2,134)
r(283,4,2,134)
r(276,8,3,135)
r(131,2,3,135)
w(137,7,3,135)
r(256,9,3,135)
r(131,2,3,135)
r(157,3,3,135)
w(154,3,3,135)
r(203,4,3,135)
w(166,2,3,135)
r(140,8,3,135)
r(26,8,3,135)
r(36,9,3,135)
r(236,5,3,135)
r(12,8,3,135)
w(153,6,3,135)
w(133,3,3,135)
w(159,3,3,135)
r(282,8,3,135)
w(132,3,3,135)
w(174,6,3,135)
r(167,5,4,136)
w(232,5,4,136)
w(213,8,4,136)
r(227,2,4,136)
w(224,9,4,136)
r(355,6,4,136)
r(221,5,4,136)
r(189,3,4,136)
r(278,4,4,136)
r(115,5,4,136)
r(136,5,4,136)
r(10,4,4,136)
w(229,8,4,136)
r(147,4,4,136)
w(190,8,4,136)
w(186,8,4,136)
w(231,3,4,136)
r(162,4,4,136)
r(252,7,4,136)
w(184,4,4,136)
w(274,4,5,137)
r(359,9,5,137)
w(256,9,5,137)
r(304,4,5,137)
r(327,4,5,137)
r(41,5,5,137)
r(68,4,5,137)
r(332,5,5,137)
w(263,8,5,137)
w(300,8,5,137)
r(56,6,5,137)
r(49,5,5,137)
w(255,4,5,137)
w(274,5,5,137)
r(352,9,5,137)
r(214,3,5,137)
r(6,6,5,137)
r(222,4,5,137)
r(89,6,5,137)
r(358,8,5,137)
w(344,8,6,138)
w(346,3,6,138)
r(70,3,6,138)
w(342,3,6,138)
w(320,9,6,138)
r(80,3,6,138)
r(217,4,6,138)
r(85,2,6,138)
w(350,4,6,138)
w(329,6,6,138)
r(317,3,6,138)
r(349,9,6,138)
r(195,5,6,138)
w(311,4,6,138)
r(322,6,6,138)
r(281,4,6,138)
w(358,9,6,138)
w(307,9,6,138)
r(278,3,6,138)
w(302,6,6,138)
w(13,5,1,139)
w(45,9,1,139)
r(58,6,1,139)
w(60,3,1,139)
r(63,2,1,139)
w(15,2,1,139)
w(15,3,1,139)
r(88,5,1,139)
w(54,5,1,139)
w(33,4,1,139)
r(40,5,1,139)
w(41,5,1,139)
w(23,6,1,139)
r(71,5,1,139)
r(277,2,1,139)
r(46,4,1,139)
w(7,4,1,139)
r(265,7,1,139)
w(26,8,1,139)
w(57,10,1,139)
r(72,5,2,140)
r(117,5,2,140)
w(88,6,2,140)
r(9,5,2,140)
r(185,5,2,140)
r(132,3,2,140)
r(172,6,2,140)
w(62,5,2,140)
w(101,5,2,140)
w(63,4,2,140)
w(110,5,2,140)
r(314,8,2,140)
r(216,9,2,140)
w(64,5,2,140)
w(99,6,2,140)
w(79,5,2,140)
r(331,9,2,140)
r(204,4,2,140)
r(122,5,2,140)
r(48,5,2,140)
w(144,6,3,141)
r(37,6,3,141)
r(13,6,3,141)
w(171,6,3,141)
w(127,5,3,141)
r(88,5,3,141)
r(194,5,3,141)
w(169,4,3,141)
w(164,9,3,141)
w(154,4,3,141)
r(171,6,3,141)
w(135,3,3,141)
r(221,5,3,141)
r(237,8,3,141)
r(79,4,3,141)
r(280,4,3,141)
r(111,5,3,141)
w(145,11,3,141)
r(316,5,3,141)
r(254,5,3,141)
w(214,5,4,142)
r(316,5,4,142)
r(31,3,4,142)
r(19,2,4,142)
r(69,4,4,142)
r(133,3,4,142)
r(185,4,4,142)
r(310,4,4,142)
r(335,8,4,142)
r(131,2,4,142)
w(203,5,4,142)
w(229,9,4,142)
w(199,5,4,142)
r(291,5,4,142)
w(215,4,4,142)
r(250,8,4,142)
w(240,6,4,142)
w(195,6,4,142)
w(188,8,4,142)
r(179,4,4,142)
r(156,2,5,143)
w(247,4,5,143)
r(25,7,5,143)
w(275,6,5,143)
r(75,3,5,143)
r(275,6,5,143)
w(288,6,5,143)
w(262,9,5,143)
w(284,10,5,143)
r(146,7,5,143)
r(122,5,5,143)
w(254,5,5,143)
w(268,8,5,143)
r(189,3,5,143)
r(320,9,5,143)
r(358,9,5,143)
r(27,3,5,143)
w(278,4,5,143)
w(293,3,5,143)
w(283,4,5,143)
w(306,4,6,144)
r(171,5,6,144)
w(348,9,6,144)
r(170,6,6,144)
w(303,5,6,144)
r(120,6,6,144)
r(46,5,6,144)
w(326,5,6,144)
w(337,6,6,144)
r(292,2,6,144)
r(66,4,6,144)
w(350,5,6,144)
r(63,2,6,144)
w(354,5,6,144)
r(230,3,6,144)
r(258,3,6,144)
w(327,5,6,144)
w(342,4,6,144)
w(337,8,6,144)
r(196,5,6,144)
w(4,9,1,145)
w(46,5,1,145)
w(29,5,1,145)
w(47,3,1,145)
w(36,8,1,145)
r(113,4,1,145)
r(39,6,1,145)
w(36,9,1,145)
w(6,8,1,145)
w(16,8,1,145)
w(58,8,1,145)
r(202,3,1,145)
w(58,9,1,145)
w(33,5,1,145)
r(173,2,1,145)
r(331,5,1,145)
w(3,6,1,145)
w(58,7,1,145)
w(35,7,1,145)
r(62,4,1,145)
w(117,6,2,146)
r(239,3,2,146)
w(112,8,2,146)
r(37,6,2,146)
r(356,9,2,146)
r(261,9,2,146)
r(184,6,2,146)
w(118,4,2,146)
w(73,6,2,146)
r(238,9,2,146)
w(108,6,2,146)
r(3,8,2,146)
w(62,6,2,146)
r(228,8,2,146)
r(25,7,2,146)
w(75,5,2,146)
w(78,5,2,146)
r(287,4,2,146)
w(75,6,2,146)
w(86,7,2,146)
w(167,6,3,147)
r(263,8,3,147)
w(139,8,3,147)
w(160,4,3,147)
r(221,5,3,147)
w(139,9,3,147)
r(117,5,3,147)
w(138,9,3,147)
w(175,3,3,147)
w(164,7,3,147)
r(316,5,3,147)
w(151,8,3,147)
w(125,3,3,147)
w(133,4,3,147)
r(235,6,3,147)
r(93,3,3,147)
w(130,9,3,147)
w(152,8,3,147)
r(11,8,3,147)
w(176,9,3,147)
r(165,5,4,148)
w(222,5,4,148)
w(190,9,4,148)
r(349,7,4,148)
r(293,3,4,148)
r(116,3,4,148)
w(185,5,4,148)
r(140,8,4,148)
r(5,8,4,148)
w(234,8,4,148)
w(196,6,4,148)
r(267,5,4,148)
w(212,4,4,148)
w(231,4,4,148)
w(238,8,4,148)
r(279,5,4,148)
r(254,5,4,148)
w(210,8,4,148)
w(213,9,4,148)
r(88,5,4,148)
w(250,8,5,149)
r(136,5,5,149)
w(274,6,5,149)
r(228,8,5,149)
w(261,9,5,149)
r(263,8,5,149)
r(223,5,5,149)
w(285,8,5,149)
r(44,5,5,149)
w(281,5,5,149)
w(300,9,5,149)
r(241,4,5,149)
r(271,4,5,149)
r(72,5,5,149)
r(310,3,5,149)
r(304,4,5,149)
w(260,11,5,149)
w(287,4,5,149)
r(221,5,5,149)
r(116,3,5,149)
w(360,6,6,150)
r(43,2,6,150)
r(211,6,6,150)
w(311,5,6,150)
w(315,4,6,150)
r(6,8,6,150)
w(310,4,6,150)
w(349,7,6,150)
r(180,3,6,150)
w(319,6,6,150)
w(354,6,6,150)
r(357,4,6,150)
w(323,9,6,150)
w(320,7,6,150)
r(344,8,6,150)
w(337,9,6,150)
w(336,8,6,150)
r(60,3,6,150)
r(310,4,6,150)
r(155,6,6,150)
w(33,6,1,151)
w(9,5,1,151)
r(286,8,1,151)
r(253,9,1,151)
w(35,10,1,151)
r(286,8,1,151)
w(13,6,1,151)
r(193,2,1,151)
r(281,4,1,151)
w(16,9,1,151)
r(264,3,1,151)
w(44,5,1,151)
r(17,9,1,151)
r(286,8,1,151)
w(26,9,1,151)
w(37,6,1,151)
r(312,4,1,151)
w(29,6,1,151)
w(28,5,1,151)
r(128,6,1,151)
r(168,2,2,152)
w(111,6,2,152)
w(110,6,2,152)
w(109,8,2,152)
w(62,8,2,152)
w(77,9,2,152)
w(62,9,2,152)
w(112,9,2,152)
w(103,7,2,152)
r(303,5,2,152)
w(116,4,2,152)
r(173,3,2,152)
r(296,5,2,152)
r(37,6,2,152)
w(120,9,2,152)
w(62,7,2,152)
w(101,6,2,152)
w(85,4,2,152)
r(319,6,2,152)
r(161,4,2,152)
r(303,5,3,153)
r(180,3,3,153)
w(162,5,3,153)
r(13,6,3,153)
w(148,4,3,153)
w(147,5,3,153)
w(162,6,3,153)
r(322,8,3,153)
w(153,8,3,153)
r(222,5,3,153)
w(162,8,3,153)
r(237,8,3,153)
w(154,5,3,153)
w(169,5,3,153)
r(263,8,3,153)
r(162,8,3,153)
w(139,7,3,153)
w(172,6,3,153)
w(175,4,3,153)
w(121,5,3,153)
w(200,5,4,154)
w(196,8,4,154)
r(246,5,4,154)
r(13,6,4,154)
w(224,7,4,154)
w(215,5,4,154)
w(229,7,4,154)
w(223,6,4,154)
r(199,5,4,154)
w(193,3,4,154)
w(201,9,4,154)
r(103,9,4,154)
r(276,8,4,154)
r(303,5,4,154)
w(215,6,4,154)
w(233,7,4,154)
w(226,2,4,154)
w(232,6,4,154)
w(194,6,4,154)
r(333,6,4,154)
r(244,5,5,155)
r(164,9,5,155)
w(282,9,5,155)
w(297,9,5,155)
r(318,3,5,155)
r(104,5,5,155)
r(2,4,5,155)
w(252,10,5,155)
r(61,6,5,155)
w(299,4,5,155)
r(16,7,5,155)
r(357,4,5,155)
r(84,4,5,155)
w(294,4,5,155)
w(300,7,5,155)
r(235,6,5,155)
r(319,6,5,155)
r(107,9,5,155)
w(241,5,5,155)
r(327,5,5,155)
r(106,5,6,156)
r(223,5,6,156)
r(208,3,6,156)
r(291,5,6,156)
w(359,7,6,156)
w(334,3,6,156)
r(290,6,6,156)
r(266,2,6,156)
w(331,6,6,156)
w(314,8,6,156)
r(79,4,6,156)
w(359,10,6,156)
w(317,4,6,156)
r(303,5,6,156)
w(308,6,6,156)
w(353,4,6,156)
w(305,4,6,156)
w(315,5,6,156)
w(325,9,6,156)
w(340,6,6,156)
r(227,2,1,157)
r(168,2,1,157)
w(51,5,1,157)
w(7,5,1,157)
w(26,7,1,157)
w(30,5,1,157)
w(3,8,1,157)
r(320,9,1,157)
r(59,4,1,157)
r(159,3,1,157)
w(54,6,1,157)
r(56,6,1,157)
w(39,8,1,157)
w(5,8,1,157)
r(306,4,1,157)
w(16,7,1,157)
w(11,8,1,157)
w(40,6,1,157)
r(96,9,1,157)
r(230,4,1,157)
w(66,5,2,158)
r(54,6,2,158)
w(98,7,2,158)
r(112,9,2,158)
r(30,5,2,158)
w(111,8,2,158)
w(96,10,2,158)
r(355,6,2,158)
r(354,6,2,158)
w(107,7,2,158)
w(82,8,2,158)
w(73,8,2,158)
r(149,4,2,158)
w(81,7,2,158)
w(87,6,2,158)
r(324,9,2,158)
w(81,10,2,158)
w(68,8,2,158)
w(119,7,2,158)
r(275,6,2,158)
r(27,4,3,159)
w(129,2,3,159)
w(123,3,3,159)
r(187,8,3,159)
r(26,7,3,159)
r(99,6,3,159)
r(56,6,3,159)
w(161,4,3,159)
w(173,3,3,159)
w(122,6,3,159)
r(348,9,3,159)
w(143,8,3,159)
w(135,4,3,159)
r(313,3,3,159)
w(165,6,3,159)
r(23,6,3,159)
w(137,10,3,159)
w(127,6,3,159)
r(108,3,3,159)
r(167,6,3,159)
r(281,5,4,160)
r(168,2,4,160)
w(238,9,4,160)
r(343,2,4,160)
w(223,8,4,160)
r(178,8,4,160)
r(66,4,4,160)
w(184,5,4,160)
w(220,7,4,160)
r(153,8,4,160)
w(184,6,4,160)
r(183,5,4,160)
r(67,3,4,160)
r(201,9,4,160)
r(256,7,4,160)
r(85,3,4,160)
r(55,4,4,160)
r(235,6,4,160)
w(182,3,4,160)
w(213,7,4,160)
w(300,10,5,161)
r(264,3,5,161)
r(9,5,5,161)
w(255,5,5,161)
r(170,6,5,161)
w(245,8,5,161)
r(132,3,5,161)
r(183,5,5,161)
w(273,4,5,161)
r(19,2,5,161)
w(265,10,5,161)
w(256,7,5,161)
r(132,3,5,161)
w(241,6,5,161)
w(282,7,5,161)
w(255,6,5,161)
r(305,4,5,161)
w(244,6,5,161)
r(263,8,5,161)
r(35,11,5,161)
w(350,6,6,162)
w(324,8,6,162)
r(353,4,6,162)
r(5,8,6,162)
w(345,5,6,162)
w(331,8,6,162)
r(101,4,6,162)
r(131,2,6,162)
r(206,3,6,162)
r(139,9,6,162)
r(330,2,6,162)
w(322,8,6,162)
r(266,2,6,162)
w(325,7,6,162)
r(136,5,6,162)
w(315,6,6,162)
r(189,3,6,162)
w(323,7,6,162)
w(344,9,6,162)
r(158,6,6,162)
w(18,5,1,163)
w(31,2,1,163)
w(49,6,1,163)
w(33,8,1,163)
w(31,3,1,163)
r(48,5,1,163)
w(57,11,1,163)
w(51,6,1,163)
r(42,9,1,163)
w(51,8,1,163)
r(241,4,1,163)
w(47,4,1,163)
r(309,5,1,163)
w(52,8,1,163)
r(330,2,1,163)
r(100,7,1,163)
r(322,6,1,163)
r(2,4,1,163)
r(114,6,1,163)
w(47,5,1,163)
w(92,8,2,164)
r(297,7,2,164)
r(42,9,2,164)
r(290,6,2,164)
r(315,9,2,164)
w(77,7,2,164)
w(116,5,2,164)
w(90,7,2,164)
r(154,5,2,164)
w(120,7,2,164)
r(39,8,2,164)
w(74,7,2,164)
w(99,8,2,164)
w(75,8,2,164)
r(150,6,2,164)
w(85,5,2,164)
w(68,9,2,164)
w(65,9,2,164)
r(330,2,2,164)
w(73,9,2,164)
w(137,11,3,165)
r(335,8,3,165)
r(31,3,3,165)
w(124,6,3,165)
w(134,4,3,165)
r(101,5,3,165)
w(129,3,3,165)
r(12,8,3,165)
r(283,4,3,165)
r(12,8,3,165)
w(140,9,3,165)
r(226,2,3,165)
r(51,9,3,165)
w(159,4,3,165)
w(172,8,3,165)
w(174,8,3,165)
r(327,5,3,165)
r(253,9,3,165)
r(131,2,3,165)
r(238,9,3,165)
w(210,9,4,166)
w(183,6,4,166)
r(119,8,4,166)
w(222,6,4,166)
w(231,5,4,166)
r(358,7,4,166)
w(221,6,4,166)
r(4,9,4,166)
w(204,5,4,166)
w(221,8,4,166)
w(187,9,4,166)
r(313,3,4,166)
w(219,8,4,166)
w(222,8,4,166)
w(206,4,4,166)
w(230,5,4,166)
r(313,3,4,166)
r(35,11,4,166)
r(143,8,4,166)
w(193,4,4,166)
r(318,3,5,167)
w(288,8,5,167)
r(82,6,5,167)
w(251,6,5,167)
w(250,9,5,167)
w(300,11,5,167)
r(11,8,5,167)
w(259,4,5,167)
w(251,8,5,167)
r(238,8,5,167)
w(257,4,5,167)
w(268,9,5,167)
r(16,7,5,167)
w(269,3,5,167)
w(270,5,5,167)
r(42,9,5,167)
w(249,5,5,167)
r(279,5,5,167)
r(252,10,5,167)
r(176,9,5,167)
w(317,5,6,168)
w(331,9,6,168)
w(329,8,6,168)
w(357,5,6,168)
r(119,8,6,168)
r(69,4,6,168)
r(54,6,6,168)
w(347,4,6,168)
w(359,11,6,168)
w(338,4,6,168)
r(247,4,6,168)
w(347,5,6,168)
w(351,7,6,168)
w(307,7,6,168)
w(337,7,6,168)
r(201,9,6,168)
r(225,4,6,168)
w(317,6,6,168)
w(359,12,6,168)
r(183,5,6,168)
r(320,7,1,169)
r(351,9,1,169)
r(1,5,1,169)
r(201,8,1,169)
w(53,9,1,169)
w(22,6,1,169)
r(93,3,1,169)
r(210,6,1,169)
w(46,6,1,169)
r(50,5,1,169)
r(83,4,1,169)
w(51,9,1,169)
w(20,4,1,169)
w(1,6,1,169)
w(35,11,1,169)
w(6,9,1,169)
w(7,6,1,169)
r(325,9,1,169)
w(27,4,1,169)
w(20,5,1,169)
w(159,5,3,170)
r(100,7,3,170)
w(163,4,3,170)
w(158,8,3,170)
w(150,6,3,170)
w(176,7,3,170)
r(98,8,3,170)
w(145,12,3,170)
w(162,9,3,170)
r(290,6,3,170)
r(129,3,3,170)
w(145,13,3,170)
r(47,6,3,170)
w(144,8,3,170)
w(133,5,3,170)
w(140,7,3,170)
r(302,8,3,170)
w(121,6,3,170)
r(83,4,3,170)
r(66,4,3,170)
w(200,6,4,171)
r(156,2,4,171)
r(105,8,4,171)
r(274,8,4,171)
r(139,7,4,171)
r(134,4,4,171)
w(213,10,4,171)
r(102,5,4,171)
w(209,4,4,171)
w(186,9,4,171)
r(304,6,4,171)
r(135,4,4,171)
w(183,8,4,171)
r(151,8,4,171)
r(317,9,4,171)
w(190,7,4,171)
w(190,10,4,171)
r(19,3,4,171)
r(355,6,4,171)
r(229,7,4,171)
r(242,4,5,172)
r(27,4,5,172)
r(60,3,5,172)
r(258,3,5,172)
r(96,7,5,172)
w(257,5,5,172)
r(254,5,5,172)
w(262,7,5,172)
r(348,9,5,172)
r(11,8,5,172)
w(271,5,5,172)
r(275,6,5,172)
w(241,8,5,172)
r(202,3,5,172)
r(112,6,5,172)
w(252,11,5,172)
w(268,7,5,172)
r(224,7,5,172)
w(245,9,5,172)
r(233,7,5,172)
w(317,8,6,173)
w(338,5,6,173)
w(304,5,6,173)
w(304,6,6,173)
w(358,7,6,173)
r(217,4,6,173)
r(1,8,6,173)
w(334,4,6,173)
r(234,8,6,173)
r(173,3,6,173)
r(356,9,6,173)
w(320,10,6,173)
r(324,8,6,173)
r(65,8,6,173)
r(174,6,6,173)
w(310,5,6,173)
r(237,8,6,173)
w(352,7,6,173)
r(109,6,6,173)
r(173,3,6,173)
r(289,8,1,174)
r(14,4,1,174)
r(267,5,1,174)
r(181,3,1,174)
r(303,5,1,174)
w(47,6,1,174)
r(270,4,1,174)
w(41,6,1,174)
r(257,3,1,174)
r(273,4,1,174)
w(59,5,1,174)
w(36,7,1,174)
r(76,5,1,174)
r(68,6,1,174)
r(273,4,1,174)
w(1,8,1,174)
r(120,8,1,174)
w(19,3,1,174)
w(36,10,1,174)
r(222,5,1,174)
r(176,7,3,175)
w(180,4,3,175)
r(333,6,3,175)
r(189,3,3,175)
w(130,7,3,175)
w(153,9,3,175)
r(1,8,3,175)
r(105,8,3,175)
w(129,4,3,175)
r(250,9,3,175)
r(95,5,3,175)
r(219,8,3,175)
w(149,5,3,175)
w(147,6,3,175)
r(354,6,3,175)
r(110,6,3,175)
r(112,9,3,175)
r(107,7,3,175)
r(260,11,3,175)
w(156,3,3,175)
w(269,4,5,176)
r(183,6,5,176)
r(58,7,5,176)
w(287,5,5,176)
r(8,8,5,176)
w(299,5,5,176)
w(297,7,5,176)
w(281,6,5,176)
w(269,5,5,176)
r(318,3,5,176)
r(132,3,5,176)
w(261,7,5,176)
w(274,8,5,176)
r(98,8,5,176)
w(300,12,5,176)
r(204,5,5,176)
w(281,8,5,176)
w(291,6,5,176)
w(242,5,5,176)
r(9,5,5,176)
r(333,6,6,177)
w(360,8,6,177)
r(346,3,6,177)
w(315,8,6,177)
r(100,7,6,177)
w(345,6,6,177)
w(336,9,6,177)
w(324,9,6,177)
w(302,8,6,177)
w(317,9,6,177)
r(57,11,6,177)
w(320,11,6,177)
r(5,8,6,177)
w(313,4,6,177)
r(282,7,6,177)
r(194,6,6,177)
r(282,7,6,177)
w(328,8,6,177)
w(320,12,6,177)
w(315,9,6,177)
