w(1,1,0,0)
w(2,1,0,0)
w(3,1,0,0)
w(4,1,0,0)
w(5,1,0,0)
w(6,1,0,0)
w(7,1,0,0)
w(8,1,0,0)
w(9,1,0,0)
w(10,1,0,0)
w(11,1,0,0)
w(12,1,0,0)
w(13,1,0,0)
w(14,1,0,0)
w(15,1,0,0)
w(16,1,0,0)
w(17,1,0,0)
w(18,1,0,0)
w(19,1,0,0)
w(20,1,0,0)
w(21,1,0,0)
w(22,1,0,0)
w(23,1,0,0)
w(24,1,0,0)
w(25,1,0,0)
w(26,1,0,0)
w(27,1,0,0)
w(28,1,0,0)
w(29,1,0,0)
w(30,1,0,0)
w(31,1,0,0)
w(32,1,0,0)
w(33,1,0,0)
w(34,1,0,0)
w(35,1,0,0)
w(36,1,0,0)
w(37,1,0,0)
w(38,1,0,0)
w(39,1,0,0)
w(40,1,0,0)
w(41,1,0,0)
w(42,1,0,0)
w(43,1,0,0)
w(44,1,0,0)
w(45,1,0,0)
w(46,1,0,0)
w(47,1,0,0)
w(48,1,0,0)
w(49,1,0,0)
w(50,1,0,0)
w(51,1,0,0)
w(52,1,0,0)
w(53,1,0,0)
w(54,1,0,0)
w(55,1,0,0)
w(56,1,0,0)
w(57,1,0,0)
w(58,1,0,0)
w(59,1,0,0)
w(60,1,0,0)
w(61,1,0,0)
w(62,1,0,0)
w(63,1,0,0)
w(64,1,0,0)
w(65,1,0,0)
w(66,1,0,0)
w(67,1,0,0)
w(68,1,0,0)
w(69,1,0,0)
w(70,1,0,0)
w(71,1,0,0)
w(72,1,0,0)
w(73,1,0,0)
w(74,1,0,0)
w(75,1,0,0)
w(76,1,0,0)
w(77,1,0,0)
w(78,1,0,0)
w(79,1,0,0)
w(80,1,0,0)
w(81,1,0,0)
w(82,1,0,0)
w(83,1,0,0)
w(84,1,0,0)
w(85,1,0,0)
w(86,1,0,0)
w(87,1,0,0)
w(88,1,0,0)
w(89,1,0,0)
w(90,1,0,0)
w(91,1,0,0)
w(92,1,0,0)
w(93,1,0,0)
w(94,1,0,0)
w(95,1,0,0)
w(96,1,0,0)
w(97,1,0,0)
w(98,1,0,0)
w(99,1,0,0)
w(100,1,0,0)
w(101,1,0,0)
w(102,1,0,0)
w(103,1,0,0)
w(104,1,0,0)
w(105,1,0,0)
w(106,1,0,0)
w(107,1,0,0)
w(108,1,0,0)
w(109,1,0,0)
w(110,1,0,0)
w(111,1,0,0)
w(112,1,0,0)
w(113,1,0,0)
w(114,1,0,0)
w(115,1,0,0)
w(116,1,0,0)
w(117,1,0,0)
w(118,1,0,0)
w(119,1,0,0)
w(120,1,0,0)
w(121,1,0,0)
w(122,1,0,0)
w(123,1,0,0)
w(124,1,0,0)
w(125,1,0,0)
w(126,1,0,0)
w(127,1,0,0)
w(128,1,0,0)
w(129,1,0,0)
w(130,1,0,0)
w(131,1,0,0)
w(132,1,0,0)
w(133,1,0,0)
w(134,1,0,0)
w(135,1,0,0)
w(136,1,0,0)
w(137,1,0,0)
w(138,1,0,0)
w(139,1,0,0)
w(140,1,0,0)
w(141,1,0,0)
w(142,1,0,0)
w(143,1,0,0)
w(144,1,0,0)
w(145,1,0,0)
w(146,1,0,0)
w(147,1,0,0)
w(148,1,0,0)
w(149,1,0,0)
w(150,1,0,0)
w(151,1,0,0)
w(152,1,0,0)
w(153,1,0,0)
w(154,1,0,0)
w(155,1,0,0)
w(156,1,0,0)
w(157,1,0,0)
w(158,1,0,0)
w(159,1,0,0)
w(160,1,0,0)
w(161,1,0,0)
w(162,1,0,0)
w(163,1,0,0)
w(164,1,0,0)
w(165,1,0,0)
w(166,1,0,0)
w(167,1,0,0)
w(168,1,0,0)
w(169,1,0,0)
w(170,1,0,0)
w(171,1,0,0)
w(172,1,0,0)
w(173,1,0,0)
w(174,1,0,0)
w(175,1,0,0)
w(176,1,0,0)
w(177,1,0,0)
w(178,1,0,0)
w(179,1,0,0)
w(180,1,0,0)
w(181,1,0,0)
w(182,1,0,0)
w(183,1,0,0)
w(184,1,0,0)
w(185,1,0,0)
w(186,1,0,0)
w(187,1,0,0)
w(188,1,0,0)
w(189,1,0,0)
w(190,1,0,0)
w(191,1,0,0)
w(192,1,0,0)
w(193,1,0,0)
w(194,1,0,0)
w(195,1,0,0)
w(196,1,0,0)
w(197,1,0,0)
w(198,1,0,0)
w(199,1,0,0)
w(200,1,0,0)
w(201,1,0,0)
w(202,1,0,0)
w(203,1,0,0)
w(204,1,0,0)
w(205,1,0,0)
w(206,1,0,0)
w(207,1,0,0)
w(208,1,0,0)
w(209,1,0,0)
w(210,1,0,0)
w(211,1,0,0)
w(212,1,0,0)
w(213,1,0,0)
w(214,1,0,0)
w(215,1,0,0)
w(216,1,0,0)
w(217,1,0,0)
w(218,1,0,0)
w(219,1,0,0)
w(220,1,0,0)
w(221,1,0,0)
w(222,1,0,0)
w(223,1,0,0)
w(224,1,0,0)
w(225,1,0,0)
w(226,1,0,0)
w(227,1,0,0)
w(228,1,0,0)
w(229,1,0,0)
w(230,1,0,0)
w(231,1,0,0)
w(232,1,0,0)
w(233,1,0,0)
w(234,1,0,0)
w(235,1,0,0)
w(236,1,0,0)
w(237,1,0,0)
w(238,1,0,0)
w(239,1,0,0)
w(240,1,0,0)
w(241,1,0,0)
w(242,1,0,0)
w(243,1,0,0)
w(244,1,0,0)
w(245,1,0,0)
w(246,1,0,0)
w(247,1,0,0)
w(248,1,0,0)
w(249,1,0,0)
w(250,1,0,0)
w(251,1,0,0)
w(252,1,0,0)
w(253,1,0,0)
w(254,1,0,0)
w(255,1,0,0)
w(256,1,0,0)
w(257,1,0,0)
w(258,1,0,0)
w(259,1,0,0)
w(260,1,0,0)
w(261,1,0,0)
w(262,1,0,0)
w(263,1,0,0)
w(264,1,0,0)
w(265,1,0,0)
w(266,1,0,0)
w(267,1,0,0)
w(268,1,0,0)
w(269,1,0,0)
w(270,1,0,0)
w(271,1,0,0)
w(272,1,0,0)
w(273,1,0,0)
w(274,1,0,0)
w(275,1,0,0)
w(276,1,0,0)
w(277,1,0,0)
w(278,1,0,0)
w(279,1,0,0)
w(280,1,0,0)
w(281,1,0,0)
w(282,1,0,0)
w(283,1,0,0)
w(284,1,0,0)
w(285,1,0,0)
w(286,1,0,0)
w(287,1,0,0)
w(288,1,0,0)
w(289,1,0,0)
w(290,1,0,0)
w(291,1,0,0)
w(292,1,0,0)
w(293,1,0,0)
w(294,1,0,0)
w(295,1,0,0)
w(296,1,0,0)
w(297,1,0,0)
w(298,1,0,0)
w(299,1,0,0)
w(300,1,0,0)
w(301,1,0,0)
w(302,1,0,0)
w(303,1,0,0)
w(304,1,0,0)
w(305,1,0,0)
w(306,1,0,0)
w(307,1,0,0)
w(308,1,0,0)
w(309,1,0,0)
w(310,1,0,0)
w(311,1,0,0)
w(312,1,0,0)
w(313,1,0,0)
w(314,1,0,0)
w(315,1,0,0)
w(316,1,0,0)
w(317,1,0,0)
w(318,1,0,0)
w(319,1,0,0)
w(320,1,0,0)
w(321,1,0,0)
w(322,1,0,0)
w(323,1,0,0)
w(324,1,0,0)
w(325,1,0,0)
w(326,1,0,0)
w(327,1,0,0)
w(328,1,0,0)
w(329,1,0,0)
w(330,1,0,0)
w(331,1,0,0)
w(332,1,0,0)
w(333,1,0,0)
w(334,1,0,0)
w(335,1,0,0)
w(336,1,0,0)
w(337,1,0,0)
w(338,1,0,0)
w(339,1,0,0)
w(340,1,0,0)
w(341,1,0,0)
w(342,1,0,0)
w(343,1,0,0)
w(344,1,0,0)
w(345,1,0,0)
w(346,1,0,0)
w(347,1,0,0)
w(348,1,0,0)
w(349,1,0,0)
w(350,1,0,0)
w(351,1,0,0)
w(352,1,0,0)
w(353,1,0,0)
w(354,1,0,0)
w(355,1,0,0)
w(356,1,0,0)
w(357,1,0,0)
w(358,1,0,0)
w(359,1,0,0)
w(360,1,0,0)
w(32,2,1,1)
w(193,2,1,1)
r(64,1,1,1)
r(191,1,1,1)
r(323,1,1,1)
r(257,1,1,1)
w(1,2,1,1)
r(33,1,1,1)
w(33,2,1,1)
r(149,1,1,1)
r(172,1,1,1)
r(198,1,1,1)
w(295,2,1,1)
w(323,2,1,1)
w(165,2,1,1)
w(55,2,1,1)
w(248,2,1,1)
r(144,1,1,1)
w(112,2,1,1)
r(336,1,1,1)
r(199,1,2,2)
w(59,4,2,2)
w(30,10,2,2)
w(249,3,2,2)
w(347,11,2,2)
r(273,1,2,2)
r(70,1,2,2)
r(97,1,2,2)
r(85,1,2,2)
w(71,2,2,2)
w(156,10,2,2)
w(200,2,2,2)
w(312,3,2,2)
w(322,3,2,2)
r(338,1,2,2)
w(317,2,2,2)
w(300,3,2,2)
w(202,3,2,2)
r(66,1,2,2)
w(38,11,2,2)
r(142,1,3,3)
r(217,1,3,3)
r(136,1,3,3)
r(349,1,3,3)
r(279,1,3,3)
r(42,1,3,3)
w(82,10,3,3)
r(100,1,3,3)
w(194,11,3,3)
r(32,2,3,3)
w(93,6,3,3)
w(18,10,3,3)
r(31,1,3,3)
r(162,1,3,3)
w(227,4,3,3)
w(285,11,3,3)
r(202,1,3,3)
w(143,2,3,3)
w(262,5,3,3)
r(113,1,3,3)
w(146,7,4,4)
r(333,1,4,4)
w(128,8,4,4)
w(234,7,4,4)
r(256,1,4,4)
w(80,8,4,4)
w(68,8,4,4)
w(83,4,4,4)
w(109,6,4,4)
w(143,10,4,4)
w(64,6,4,4)
r(9,1,4,4)
r(21,1,4,4)
r(288,1,4,4)
r(38,1,4,4)
w(33,4,4,4)
w(12,4,4,4)
r(165,2,4,4)
w(80,12,4,4)
w(139,11,4,4)
r(11,1,5,5)
w(238,8,5,5)
r(281,1,5,5)
r(117,1,5,5)
r(96,1,5,5)
w(198,4,5,5)
r(279,1,5,5)
w(81,11,5,5)
w(29,7,5,5)
w(136,5,5,5)
r(134,1,5,5)
r(114,1,5,5)
w(187,10,5,5)
r(228,1,5,5)
w(135,8,5,5)
r(356,1,5,5)
r(136,5,5,5)
w(105,10,5,5)
r(34,1,5,5)
r(191,1,5,5)
r(73,1,6,6)
r(56,1,6,6)
r(71,2,6,6)
r(172,1,6,6)
w(300,9,6,6)
r(208,1,6,6)
w(141,7,6,6)
w(339,7,6,6)
r(254,1,6,6)
w(231,5,6,6)
r(138,1,6,6)
r(346,1,6,6)
w(160,9,6,6)
w(95,8,6,6)
r(245,1,6,6)
w(92,7,6,6)
w(266,7,6,6)
r(338,1,6,6)
w(12,14,6,6)
r(278,1,6,6)
w(119,2,1,7)
w(301,2,1,7)
w(130,2,1,7)
w(193,3,1,7)
r(144,1,1,7)
w(133,2,1,7)
w(210,2,1,7)
r(222,1,1,7)
r(63,1,1,7)
r(92,1,1,7)
r(203,1,1,7)
w(287,2,1,7)
r(159,1,1,7)
w(351,2,1,7)
w(146,2,1,7)
w(184,2,1,7)
w(90,2,1,7)
w(341,2,1,7)
r(198,4,1,7)
w(85,2,1,7)
w(3,10,2,8)
r(120,1,2,8)
w(271,3,2,8)
r(18,10,2,8)
w(324,3,2,8)
w(151,2,2,8)
r(255,1,2,8)
r(167,1,2,8)
w(282,3,2,8)
w(26,10,2,8)
r(336,1,2,8)
r(317,2,2,8)
w(210,3,2,8)
w(261,2,2,8)
w(10,10,2,8)
w(23,10,2,8)
w(140,2,2,8)
w(317,3,2,8)
r(153,1,2,8)
w(262,11,2,8)
w(313,8,3,9)
r(329,1,3,9)
w(309,5,3,9)
r(104,1,3,9)
r(112,2,3,9)
w(241,3,3,9)
r(347,11,3,9)
r(5,1,3,9)
r(73,1,3,9)
r(238,8,3,9)
r(283,1,3,9)
r(296,1,3,9)
w(307,5,3,9)
w(131,11,3,9)
r(22,1,3,9)
w(339,10,3,9)
r(240,8,3,9)
r(233,1,3,9)
r(318,12,3,9)
w(112,5,3,9)
w(319,8,4,10)
w(107,4,4,10)
w(310,12,4,10)
w(315,11,4,10)
w(56,6,4,10)
r(93,6,4,10)
r(5,1,4,10)
w(360,4,4,10)
w(344,6,4,10)
w(122,11,4,10)
w(138,5,4,10)
w(57,15,4,10)
w(192,11,4,10)
w(48,6,4,10)
r(329,1,4,10)
r(17,1,4,10)
r(345,1,4,10)
w(85,14,4,10)
r(127,1,4,10)
r(24,1,4,10)
r(250,1,5,11)
w(308,6,5,11)
r(75,1,5,11)
w(337,8,5,11)
w(30,6,5,11)
w(64,12,5,11)
r(101,1,5,11)
w(94,8,5,11)
r(218,1,5,11)
r(111,1,5,11)
r(76,1,5,11)
w(275,5,5,11)
w(265,4,5,11)
r(94,8,5,11)
r(4,1,5,11)
w(49,5,5,11)
w(125,12,5,11)
w(359,8,5,11)
w(16,8,5,11)
r(16,8,5,11)
r(141,7,6,12)
r(318,1,6,12)
r(222,1,6,12)
r(243,1,6,12)
r(227,4,6,12)
r(88,1,6,12)
w(164,8,6,12)
w(254,4,6,12)
r(112,2,6,12)
w(318,12,6,12)
w(334,9,6,12)
r(20,1,6,12)
r(235,1,6,12)
r(354,1,6,12)
r(33,4,6,12)
r(227,4,6,12)
r(277,1,6,12)
r(360,4,6,12)
w(300,14,6,12)
r(27,1,6,12)
r(326,1,1,13)
r(143,2,1,13)
r(275,5,1,13)
r(307,5,1,13)
w(339,2,1,13)
w(303,2,1,13)
w(196,2,1,13)
r(6,1,1,13)
w(346,2,1,13)
w(279,2,1,13)
w(115,2,1,13)
r(30,6,1,13)
w(22,2,1,13)
w(52,2,1,13)
w(281,2,1,13)
w(185,2,1,13)
w(108,2,1,13)
w(204,2,1,13)
r(29,7,1,13)
w(236,2,1,13)
w(129,2,2,14)
w(113,2,2,14)
w(245,3,2,14)
r(195,1,2,14)
w(125,3,2,14)
w(348,11,2,14)
r(291,1,2,14)
w(9,2,2,14)
w(153,2,2,14)
w(23,11,2,14)
w(109,10,2,14)
r(224,1,2,14)
w(78,11,2,14)
r(147,1,2,14)
r(106,1,2,14)
w(293,11,2,14)
r(252,1,2,14)
r(137,1,2,14)
w(288,2,2,14)
w(245,10,2,14)
r(133,2,3,15)
r(125,3,3,15)
w(203,11,3,15)
r(12,14,3,15)
w(302,10,3,15)
r(307,5,3,15)
r(128,8,3,15)
r(76,1,3,15)
w(228,6,3,15)
r(92,7,3,15)
w(353,11,3,15)
w(285,6,3,15)
r(43,1,3,15)
w(24,3,3,15)
w(123,3,3,15)
r(11,1,3,15)
w(312,10,3,15)
w(358,6,3,15)
r(227,4,3,15)
r(230,1,3,15)
w(137,4,4,16)
w(154,5,4,16)
r(225,1,4,16)
w(116,6,4,16)
r(328,1,4,16)
r(318,12,4,16)
r(252,1,4,16)
w(26,6,4,16)
r(134,1,4,16)
w(107,5,4,16)
w(252,11,4,16)
w(319,12,4,16)
r(81,11,4,16)
r(26,6,4,16)
w(278,8,4,16)
w(263,4,4,16)
r(309,5,4,16)
w(195,8,4,16)
r(66,1,4,16)
w(86,6,4,16)
w(193,9,5,17)
r(91,1,5,17)
r(343,1,5,17)
w(101,8,5,17)
w(183,5,5,17)
r(131,1,5,17)
r(221,1,5,17)
w(150,7,5,17)
w(284,4,5,17)
w(298,8,5,17)
r(1,2,5,17)
r(211,1,5,17)
r(203,1,5,17)
w(240,8,5,17)
r(264,1,5,17)
w(243,4,5,17)
w(234,15,5,17)
r(70,1,5,17)
w(259,5,5,17)
w(294,5,5,17)
w(55,14,6,18)
r(216,2,6,18)
r(142,1,6,18)
r(239,1,6,18)
w(65,5,6,18)
r(6,1,6,18)
r(65,5,6,18)
w(283,14,6,18)
r(267,1,6,18)
r(108,2,6,18)
r(226,1,6,18)
w(29,9,6,18)
r(126,1,6,18)
w(338,7,6,18)
r(263,4,6,18)
w(302,5,6,18)
r(244,1,6,18)
r(149,1,6,18)
r(290,1,6,18)
r(6,1,6,18)
w(85,3,1,19)
r(22,2,1,19)
r(164,8,1,19)
r(141,7,1,19)
w(286,2,1,19)
w(216,2,1,19)
r(111,1,1,19)
r(94,8,1,19)
w(23,2,1,19)
r(331,1,1,19)
r(160,9,1,19)
w(55,3,1,19)
r(165,2,1,19)
w(224,2,1,19)
w(19,2,1,19)
w(128,2,1,19)
w(164,2,1,19)
r(94,8,1,19)
w(91,2,1,19)
r(11,1,1,19)
r(94,8,2,20)
r(98,4,2,20)
w(195,11,2,20)
r(87,8,2,20)
r(310,12,2,20)
w(105,2,2,20)
r(181,1,2,20)
r(162,11,2,20)
w(93,2,2,20)
w(10,11,2,20)
w(58,10,2,20)
w(221,2,2,20)
r(66,2,2,20)
r(100,4,2,20)
r(87,8,2,20)
w(124,10,2,20)
r(308,6,2,20)
r(65,5,2,20)
w(188,6,2,20)
r(173,8,2,20)
w(233,3,3,21)
w(223,4,3,21)
w(231,3,3,21)
w(200,10,3,21)
r(308,6,3,21)
w(233,10,3,21)
r(274,1,3,21)
w(100,4,3,21)
w(256,5,3,21)
w(228,4,3,21)
w(39,11,3,21)
r(234,15,3,21)
r(227,4,3,21)
r(250,1,3,21)
w(329,6,3,21)
r(115,2,3,21)
w(235,11,3,21)
w(194,6,3,21)
r(123,3,3,21)
w(341,6,3,21)
w(287,8,4,22)
w(44,8,4,22)
r(123,3,4,22)
r(301,2,4,22)
w(156,4,4,22)
w(283,4,4,22)
r(152,1,4,22)
r(132,1,4,22)
r(6,1,4,22)
w(202,4,4,22)
w(102,8,4,22)
r(241,3,4,22)
w(96,11,4,22)
r(122,11,4,22)
r(324,3,4,22)
w(109,4,4,22)
w(127,6,4,22)
w(203,4,4,22)
w(2,6,4,22)
r(244,1,4,22)
r(264,1,5,23)
r(216,1,5,23)
r(271,3,5,23)
w(172,8,5,23)
w(320,10,5,23)
r(306,1,5,23)
r(165,2,5,23)
w(39,5,5,23)
r(332,1,5,23)
r(256,1,5,23)
r(269,1,5,23)
r(148,1,5,23)
r(270,1,5,23)
w(339,8,5,23)
w(201,4,5,23)
w(313,9,5,23)
w(9,6,5,23)
r(303,2,5,23)
r(327,1,5,23)
w(222,9,5,23)
w(101,14,6,24)
w(316,15,6,24)
w(274,14,6,24)
r(146,2,6,24)
w(98,4,6,24)
r(355,5,6,24)
r(143,2,6,24)
r(244,1,6,24)
r(294,5,6,24)
r(261,2,6,24)
r(341,6,6,24)
r(189,1,6,24)
r(268,1,6,24)
r(166,1,6,24)
r(183,5,6,24)
w(329,7,6,24)
r(347,11,6,24)
w(293,13,6,24)
r(22,3,6,24)
r(116,6,6,24)
w(164,3,1,25)
w(88,2,1,25)
r(163,1,1,25)
w(22,3,1,25)
r(161,1,1,25)
w(211,2,1,25)
w(224,3,1,25)
r(63,1,1,25)
r(193,9,1,25)
w(175,2,1,25)
w(150,2,1,25)
w(159,2,1,25)
r(16,8,1,25)
w(348,2,1,25)
r(344,6,1,25)
r(329,1,1,25)
r(219,1,1,25)
w(182,2,1,25)
w(147,2,1,25)
w(262,2,1,25)
w(311,11,2,26)
w(146,6,2,26)
r(43,1,2,26)
r(333,1,2,26)
w(307,10,2,26)
r(243,2,2,26)
r(197,1,2,26)
w(359,2,2,26)
r(286,3,2,26)
w(160,3,2,26)
w(318,10,2,26)
w(148,10,2,26)
w(268,11,2,26)
w(313,4,2,26)
w(79,11,2,26)
r(218,11,2,26)
r(4,1,2,26)
r(40,5,2,26)
w(176,3,2,26)
w(245,11,2,26)
r(11,1,3,27)
r(24,3,3,27)
r(334,9,3,27)
w(188,4,3,27)
w(218,11,3,27)
w(227,5,3,27)
w(25,3,3,27)
r(57,15,3,27)
r(318,12,3,27)
w(113,10,3,27)
w(164,6,3,27)
r(212,1,3,27)
w(40,5,3,27)
w(211,11,3,27)
r(347,11,3,27)
w(349,6,3,27)
r(119,2,3,27)
w(206,11,3,27)
w(6,3,3,27)
r(316,15,3,27)
r(203,4,4,28)
r(138,5,4,28)
r(336,1,4,28)
w(355,4,4,28)
r(25,1,4,28)
r(108,2,4,28)
w(346,10,4,28)
w(127,4,4,28)
w(203,5,4,28)
w(355,5,4,28)
w(215,5,4,28)
r(84,1,4,28)
r(79,1,4,28)
r(286,2,4,28)
w(249,6,4,28)
r(323,2,4,28)
w(162,11,4,28)
r(179,1,4,28)
w(177,6,4,28)
r(9,6,4,28)
r(314,1,5,29)
w(358,5,5,29)
w(104,9,5,29)
w(173,8,5,29)
w(107,12,5,29)
w(144,12,5,29)
w(341,7,5,29)
r(298,8,5,29)
r(85,3,5,29)
w(77,4,5,29)
w(322,5,5,29)
w(213,5,5,29)
r(244,1,5,29)
r(109,4,5,29)
r(110,1,5,29)
w(3,8,5,29)
r(14,1,5,29)
w(222,14,5,29)
r(251,1,5,29)
w(303,6,5,29)
w(60,4,6,30)
r(7,1,6,30)
w(270,11,6,30)
w(263,12,6,30)
r(182,2,6,30)
r(173,8,6,30)
r(123,3,6,30)
w(87,8,6,30)
w(202,5,6,30)
w(334,14,6,30)
w(179,12,6,30)
r(275,5,6,30)
w(167,9,6,30)
r(149,6,6,30)
r(12,14,6,30)
w(21,7,6,30)
r(225,1,6,30)
r(279,2,6,30)
w(134,7,6,30)
w(196,12,6,30)
r(30,6,1,31)
r(296,1,1,31)
r(224,3,1,31)
r(329,7,1,31)
r(105,10,1,31)
r(240,8,1,31)
w(341,3,1,31)
r(111,1,1,31)
r(242,1,1,31)
r(230,1,1,31)
w(99,2,1,31)
r(114,1,1,31)
w(109,2,1,31)
r(260,1,1,31)
r(233,10,1,31)
w(290,2,1,31)
r(191,1,1,31)
r(170,1,1,31)
r(356,11,1,31)
w(2,2,1,31)
w(52,10,2,32)
w(245,6,2,32)
r(43,1,2,32)
r(280,1,2,32)
r(145,1,2,32)
r(24,4,2,32)
w(305,11,2,32)
w(315,3,2,32)
r(85,13,2,32)
r(50,1,2,32)
w(184,6,2,32)
w(279,10,2,32)
r(332,7,2,32)
r(89,1,2,32)
w(191,11,2,32)
r(167,9,2,32)
r(129,2,2,32)
w(279,11,2,32)
w(292,3,2,32)
r(68,8,2,32)
r(190,1,3,33)
w(353,6,3,33)
r(136,5,3,33)
r(330,1,3,33)
r(254,4,3,33)
r(177,6,3,33)
w(17,11,3,33)
w(104,4,3,33)
r(289,1,3,33)
r(245,10,3,33)
w(274,4,3,33)
r(225,1,3,33)
w(219,4,3,33)
w(28,10,3,33)
w(337,10,3,33)
r(192,11,3,33)
w(222,5,3,33)
w(153,11,3,33)
w(104,5,3,33)
w(330,6,3,33)
w(33,5,4,34)
w(159,12,4,34)
r(336,1,4,34)
w(257,6,4,34)
r(216,2,4,34)
r(226,1,4,34)
w(149,6,4,34)
r(297,1,4,34)
w(216,4,4,34)
r(150,2,4,34)
w(349,5,4,34)
r(123,3,4,34)
r(244,1,4,34)
r(208,1,4,34)
r(177,6,4,34)
r(282,3,4,34)
r(150,2,4,34)
w(168,10,4,34)
r(263,4,4,34)
w(122,6,4,34)
w(204,8,5,35)
w(298,12,5,35)
r(241,3,5,35)
w(102,7,5,35)
r(84,1,5,35)
w(359,12,5,35)
r(314,1,5,35)
w(102,9,5,35)
w(215,8,5,35)
w(247,6,5,35)
r(275,5,5,35)
r(30,6,5,35)
r(246,1,5,35)
w(81,6,5,35)
w(236,12,5,35)
w(356,11,5,35)
w(157,8,5,35)
r(318,12,5,35)
r(99,1,5,35)
r(43,1,5,35)
r(106,1,6,36)
r(177,6,6,36)
r(71,2,6,36)
w(107,9,6,36)
w(64,14,6,36)
w(184,13,6,36)
r(159,7,6,36)
w(244,10,6,36)
r(222,5,6,36)
r(278,8,6,36)
w(195,14,6,36)
r(207,1,6,36)
w(30,5,6,36)
r(328,1,6,36)
r(312,10,6,36)
w(216,9,6,36)
w(221,14,6,36)
w(76,13,6,36)
r(31,1,6,36)
w(203,9,6,36)
r(281,2,1,37)
r(176,1,1,37)
r(279,2,1,37)
w(132,3,1,37)
r(228,4,1,37)
r(143,2,1,37)
w(110,2,1,37)
w(164,10,1,37)
r(191,1,1,37)
w(243,2,1,37)
r(11,1,1,37)
w(66,2,1,37)
w(275,2,1,37)
w(28,2,1,37)
w(22,10,1,37)
r(241,3,1,37)
w(78,2,1,37)
w(191,2,1,37)
r(265,4,1,37)
w(253,2,1,37)
r(107,9,2,38)
w(163,3,2,38)
r(146,14,2,38)
w(271,10,2,38)
r(110,11,2,38)
r(280,1,2,38)
w(201,2,2,38)
r(156,4,2,38)
r(94,8,2,38)
r(97,2,2,38)
w(95,3,2,38)
w(234,10,2,38)
w(268,6,2,38)
r(158,1,2,38)
r(236,3,2,38)
w(223,2,2,38)
w(44,10,2,38)
r(305,11,2,38)
w(211,10,2,38)
w(88,11,2,38)
r(124,1,3,39)
r(299,1,3,39)
w(124,4,3,39)
r(84,1,3,39)
w(353,4,3,39)
r(107,12,3,39)
r(41,1,3,39)
r(334,14,3,39)
w(101,11,3,39)
r(114,1,3,39)
r(360,4,3,39)
w(220,10,3,39)
r(265,5,3,39)
r(281,2,3,39)
r(289,1,3,39)
r(19,2,3,39)
w(327,5,3,39)
r(15,1,3,39)
r(3,8,3,39)
r(179,12,3,39)
r(92,7,4,40)
r(233,10,4,40)
r(345,1,4,40)
w(188,5,4,40)
w(76,7,4,40)
w(150,5,4,40)
r(241,3,4,40)
r(313,9,4,40)
w(286,5,4,40)
w(259,6,4,40)
w(159,7,4,40)
r(209,1,4,40)
w(284,11,4,40)
w(20,10,4,40)
w(6,10,4,40)
w(287,12,4,40)
w(77,6,4,40)
w(160,6,4,40)
w(237,4,4,40)
w(61,6,4,40)
r(255,1,5,41)
r(153,2,5,41)
r(174,1,5,41)
r(313,9,5,41)
r(353,11,5,41)
r(103,1,5,41)
r(47,1,5,41)
r(212,1,5,41)
r(202,4,5,41)
r(351,2,5,41)
r(340,1,5,41)
w(338,8,5,41)
w(323,6,5,41)
r(301,2,5,41)
w(24,4,5,41)
w(344,8,5,41)
r(73,1,5,41)
w(277,12,5,41)
w(80,7,5,41)
w(343,8,5,41)
r(95,8,6,42)
w(248,8,6,42)
r(56,6,6,42)
w(340,12,6,42)
w(277,14,6,42)
w(323,12,6,42)
w(277,15,6,42)
r(82,10,6,42)
w(53,6,6,42)
w(206,12,6,42)
w(39,7,6,42)
r(214,1,6,42)
w(3,7,6,42)
r(23,2,6,42)
r(42,1,6,42)
r(345,1,6,42)
r(318,10,6,42)
r(227,5,6,42)
w(252,9,6,42)
r(48,6,6,42)
r(54,1,1,43)
w(79,3,1,43)
w(16,3,1,43)
w(141,2,1,43)
r(71,2,1,43)
w(313,2,1,43)
r(77,6,1,43)
r(319,12,1,43)
r(45,1,1,43)
r(211,11,1,43)
r(291,1,1,43)
w(286,3,1,43)
r(281,2,1,43)
r(275,2,1,43)
w(59,2,1,43)
r(6,10,1,43)
w(121,2,1,43)
w(86,2,1,43)
r(181,1,1,43)
r(82,10,1,43)
w(137,3,2,44)
w(263,10,2,44)
w(224,5,2,44)
w(156,11,2,44)
w(305,6,2,44)
r(251,1,2,44)
r(335,1,2,44)
r(52,10,2,44)
r(234,10,2,44)
r(15,1,2,44)
r(23,2,2,44)
w(115,10,2,44)
w(153,3,2,44)
r(139,11,2,44)
w(254,2,2,44)
w(310,10,2,44)
w(42,10,2,44)
r(243,5,2,44)
w(360,11,2,44)
r(122,6,2,44)
w(14,10,3,45)
r(61,6,3,45)
r(146,2,3,45)
r(304,1,3,45)
w(73,11,3,45)
w(33,11,3,45)
w(196,10,3,45)
w(334,11,3,45)
r(16,3,3,45)
r(252,11,3,45)
w(258,3,3,45)
r(159,7,3,45)
r(15,1,3,45)
w(235,6,3,45)
r(83,8,3,45)
w(290,8,3,45)
r(293,14,3,45)
w(115,11,3,45)
r(278,12,3,45)
r(178,1,3,45)
r(169,1,4,46)
r(149,6,4,46)
w(328,11,4,46)
r(111,11,4,46)
w(84,5,4,46)
r(302,5,4,46)
r(49,5,4,46)
w(302,6,4,46)
w(201,11,4,46)
w(93,4,4,46)
r(323,6,4,46)
r(307,5,4,46)
w(290,7,4,46)
r(146,2,4,46)
w(278,12,4,46)
w(142,4,4,46)
w(179,11,4,46)
r(190,1,4,46)
w(240,4,4,46)
w(336,5,4,46)
r(98,4,5,47)
w(265,5,5,47)
w(111,10,5,47)
r(338,8,5,47)
w(141,11,5,47)
r(194,6,5,47)
r(80,7,5,47)
r(155,1,5,47)
w(267,12,5,47)
r(59,4,5,47)
r(339,8,5,47)
r(334,14,5,47)
r(90,2,5,47)
r(205,1,5,47)
r(250,1,5,47)
r(181,1,5,47)
r(291,1,5,47)
w(330,8,5,47)
w(135,12,5,47)
w(111,11,5,47)
w(174,11,6,48)
w(121,4,6,48)
r(104,5,6,48)
w(261,5,6,48)
r(18,10,6,48)
r(251,1,6,48)
w(191,12,6,48)
r(264,1,6,48)
r(162,6,6,48)
r(279,11,6,48)
w(196,7,6,48)
w(348,12,6,48)
r(61,6,6,48)
r(219,4,6,48)
w(227,17,6,48)
w(89,7,6,48)
w(58,12,6,48)
w(166,12,6,48)
r(319,7,6,48)
r(30,5,6,48)
w(63,2,1,49)
w(194,3,1,49)
w(236,3,1,49)
r(291,1,1,49)
r(295,2,1,49)
w(313,3,1,49)
w(260,2,1,49)
r(158,1,1,49)
w(311,2,1,49)
r(23,2,1,49)
w(57,2,1,49)
w(225,2,1,49)
w(348,3,1,49)
w(319,2,1,49)
w(90,3,1,49)
w(78,3,1,49)
w(287,3,1,49)
r(320,10,1,49)
r(94,8,1,49)
w(97,2,1,49)
r(258,3,2,50)
w(4,2,2,50)
w(80,10,2,50)
w(133,10,2,50)
w(256,6,2,50)
w(192,3,2,50)
r(218,11,2,50)
r(292,3,2,50)
r(41,1,2,50)
w(336,2,2,50)
r(355,5,2,50)
w(279,6,2,50)
r(343,12,2,50)
w(352,6,2,50)
w(39,10,2,50)
r(258,3,2,50)
r(285,6,2,50)
r(283,14,2,50)
r(88,11,2,50)
w(95,10,2,50)
r(249,6,3,51)
r(172,8,3,51)
w(164,4,3,51)
w(262,8,3,51)
w(8,3,3,51)
r(219,4,3,51)
r(106,1,3,51)
r(222,5,3,51)
r(44,8,3,51)
w(216,10,3,51)
w(222,8,3,51)
r(254,10,3,51)
w(271,4,3,51)
r(45,8,3,51)
w(130,11,3,51)
r(238,8,3,51)
w(149,10,3,51)
w(58,6,3,51)
r(155,1,3,51)
r(143,2,3,51)
r(308,6,4,52)
r(180,1,4,52)
r(360,4,4,52)
r(130,2,4,52)
r(222,5,4,52)
r(68,8,4,52)
w(27,3,4,52)
r(108,2,4,52)
r(34,1,4,52)
r(242,1,4,52)
r(240,4,4,52)
r(101,12,4,52)
w(153,6,4,52)
w(180,11,4,52)
r(172,8,4,52)
r(12,14,4,52)
r(42,1,4,52)
w(162,6,4,52)
w(64,4,4,52)
r(32,2,4,52)
r(307,5,5,53)
r(120,1,5,53)
r(194,6,5,53)
r(242,1,5,53)
w(235,12,5,53)
r(331,1,5,53)
r(193,9,5,53)
r(309,5,5,53)
r(182,2,5,53)
w(339,12,5,53)
w(83,8,5,53)
r(104,5,5,53)
w(204,12,5,53)
w(144,7,5,53)
w(271,7,5,53)
w(268,7,5,53)
w(220,5,5,53)
w(332,7,5,53)
w(293,14,5,53)
w(101,12,5,53)
r(200,10,6,54)
r(338,8,6,54)
r(355,5,6,54)
w(214,5,6,54)
w(312,9,6,54)
w(62,14,6,54)
w(176,12,6,54)
w(263,7,6,54)
r(315,3,6,54)
w(311,12,6,54)
r(334,12,6,54)
r(41,1,6,54)
r(322,5,6,54)
r(150,5,6,54)
r(252,9,6,54)
w(299,6,6,54)
w(286,12,6,54)
r(24,4,6,54)
w(275,12,6,54)
r(60,10,6,54)
w(222,2,1,55)
r(289,1,1,55)
w(227,2,1,55)
r(84,5,1,55)
w(239,2,1,55)
r(297,1,1,55)
r(177,6,1,55)
w(190,2,1,55)
w(312,2,1,55)
w(184,3,1,55)
r(42,1,1,55)
r(27,3,1,55)
r(56,6,1,55)
r(194,3,1,55)
r(333,1,1,55)
r(76,13,1,55)
r(182,2,1,55)
r(95,8,1,55)
r(13,12,1,55)
w(125,2,1,55)
r(296,1,2,56)
w(306,10,2,56)
r(28,11,2,56)
r(150,5,2,56)
r(26,4,2,56)
w(93,3,2,56)
w(90,11,2,56)
w(104,10,2,56)
r(319,7,2,56)
w(278,10,2,56)
w(40,11,2,56)
r(184,3,2,56)
w(259,3,2,56)
r(360,11,2,56)
w(75,10,2,56)
r(208,1,2,56)
w(202,10,2,56)
w(329,10,2,56)
w(352,4,2,56)
w(104,11,2,56)
w(210,11,3,57)
w(279,8,3,57)
w(73,6,3,57)
r(19,2,3,57)
r(255,1,3,57)
w(137,6,3,57)
w(302,11,3,57)
w(65,11,3,57)
r(32,2,3,57)
w(214,11,3,57)
w(34,11,3,57)
r(110,11,3,57)
r(45,12,3,57)
r(262,8,3,57)
w(60,10,3,57)
w(289,10,3,57)
r(255,1,3,57)
r(234,15,3,57)
w(13,5,3,57)
w(85,8,3,57)
w(110,11,4,58)
w(58,4,4,58)
r(355,5,4,58)
r(83,8,4,58)
r(146,6,4,58)
r(189,1,4,58)
r(288,2,4,58)
w(38,12,4,58)
r(328,11,4,58)
w(319,7,4,58)
w(89,5,4,58)
w(316,12,4,58)
r(311,2,4,58)
w(186,11,4,58)
w(172,11,4,58)
w(153,4,4,58)
w(339,4,4,58)
r(112,5,4,58)
r(95,8,4,58)
w(37,6,4,58)
r(146,6,5,59)
r(194,6,5,59)
r(289,1,5,59)
r(223,4,5,59)
w(324,5,5,59)
w(85,13,5,59)
r(78,2,5,59)
w(243,5,5,59)
r(233,10,5,59)
r(42,1,5,59)
w(213,8,5,59)
r(85,13,5,59)
w(13,12,5,59)
w(45,8,5,59)
r(42,1,5,59)
r(44,8,5,59)
w(254,10,5,59)
w(334,12,5,59)
w(314,4,5,59)
r(56,6,5,59)
w(222,15,6,60)
w(325,6,6,60)
r(31,1,6,60)
w(346,5,6,60)
r(185,2,6,60)
w(106,8,6,60)
r(88,11,6,60)
r(77,6,6,60)
w(40,9,6,60)
r(102,9,6,60)
r(74,1,6,60)
w(301,7,6,60)
r(318,2,6,60)
w(324,12,6,60)
r(214,5,6,60)
r(253,2,6,60)
r(147,2,6,60)
w(164,12,6,60)
w(140,6,6,60)
w(245,15,6,60)
r(85,8,1,61)
r(117,1,1,61)
r(66,2,1,61)
w(247,2,1,61)
r(197,1,1,61)
r(321,1,1,61)
r(233,10,1,61)
w(327,2,1,61)
r(83,8,1,61)
w(309,2,1,61)
w(306,2,1,61)
r(254,10,1,61)
r(188,6,1,61)
w(67,2,1,61)
w(160,2,1,61)
r(303,6,1,61)
r(65,11,1,61)
r(85,8,1,61)
r(47,1,1,61)
w(11,2,1,61)
w(223,3,2,62)
w(173,3,2,62)
w(52,11,2,62)
w(3,11,2,62)
w(178,3,2,62)
r(149,10,2,62)
r(270,10,2,62)
r(70,1,2,62)
w(4,3,2,62)
r(135,4,2,62)
w(117,6,2,62)
r(251,1,2,62)
w(70,10,2,62)
w(351,3,2,62)
r(217,1,2,62)
r(93,3,2,62)
r(339,4,2,62)
r(22,10,2,62)
w(308,10,2,62)
w(317,10,2,62)
w(57,5,3,63)
r(161,1,3,63)
r(111,11,3,63)
r(212,1,3,63)
r(94,8,3,63)
r(127,4,3,63)
r(134,7,3,63)
w(182,11,3,63)
r(319,7,3,63)
w(68,5,3,63)
w(255,3,3,63)
w(148,11,3,63)
r(55,14,3,63)
w(265,3,3,63)
r(102,9,3,63)
w(25,10,3,63)
w(129,3,3,63)
r(313,3,3,63)
r(256,5,3,63)
r(292,3,3,63)
r(164,4,4,64)
w(207,2,4,64)
r(319,7,4,64)
r(253,2,4,64)
r(284,11,4,64)
w(162,4,4,64)
w(174,3,4,64)
w(87,11,4,64)
r(315,3,4,64)
w(307,7,4,64)
r(203,9,4,64)
r(217,1,4,64)
w(249,4,4,64)
w(240,5,4,64)
w(6,11,4,64)
w(151,6,4,64)
r(120,1,4,64)
w(173,4,4,64)
w(117,9,4,64)
w(332,6,4,64)
w(259,8,5,65)
w(193,14,5,65)
w(275,8,5,65)
w(237,5,5,65)
w(290,9,5,65)
r(53,6,5,65)
w(146,14,5,65)
w(195,9,5,65)
r(315,3,5,65)
r(345,1,5,65)
r(156,4,5,65)
w(106,6,5,65)
r(193,14,5,65)
r(331,1,5,65)
r(340,12,5,65)
r(22,10,5,65)
r(313,3,5,65)
w(45,12,5,65)
r(151,2,5,65)
r(20,10,5,65)
w(301,9,6,66)
r(276,1,6,66)
w(118,6,6,66)
w(210,13,6,66)
w(326,12,6,66)
r(266,7,6,66)
r(12,14,6,66)
r(24,11,6,66)
r(116,6,6,66)
w(7,3,6,66)
r(248,10,6,66)
r(133,6,6,66)
r(147,2,6,66)
w(58,7,6,66)
r(68,5,6,66)
r(310,7,6,66)
w(142,12,6,66)
r(50,6,6,66)
w(127,12,6,66)
w(5,8,6,66)
w(169,2,1,67)
w(115,3,1,67)
w(345,2,1,67)
w(321,2,1,67)
r(228,4,1,67)
w(130,3,1,67)
w(3,2,1,67)
r(274,4,1,67)
r(345,2,1,67)
w(318,2,1,67)
w(132,10,1,67)
r(266,7,1,67)
w(11,3,1,67)
r(23,2,1,67)
r(239,2,1,67)
w(273,2,1,67)
r(226,1,1,67)
w(191,3,1,67)
w(13,2,1,67)
r(242,1,1,67)
w(96,3,2,68)
r(287,3,2,68)
r(185,2,2,68)
w(215,6,2,68)
r(291,1,2,68)
r(4,3,2,68)
w(140,3,2,68)
r(7,1,2,68)
r(5,1,2,68)
w(226,3,2,68)
w(204,11,2,68)
w(57,4,2,68)
r(310,7,2,68)
w(153,10,2,68)
r(20,10,2,68)
r(97,2,2,68)
r(106,8,2,68)
r(195,9,2,68)
r(98,4,2,68)
w(327,10,2,68)
r(164,4,3,69)
r(83,8,3,69)
w(54,3,3,69)
w(123,10,3,69)
w(238,6,3,69)
r(344,8,3,69)
r(259,8,3,69)
w(28,11,3,69)
r(108,2,3,69)
r(32,2,3,69)
r(66,2,3,69)
w(304,6,3,69)
w(57,8,3,69)
w(248,10,3,69)
w(73,4,3,69)
w(126,3,3,69)
w(170,11,3,69)
r(239,2,3,69)
r(255,3,3,69)
r(24,4,3,69)
w(106,10,4,70)
r(115,3,4,70)
r(219,4,4,70)
w(348,8,4,70)
r(100,4,4,70)
r(155,1,4,70)
r(61,6,4,70)
w(135,4,4,70)
w(26,4,4,70)
r(104,5,4,70)
w(308,11,4,70)
r(101,12,4,70)
w(302,4,4,70)
w(280,11,4,70)
r(185,2,4,70)
w(136,6,4,70)
r(256,5,4,70)
w(242,4,4,70)
r(231,3,4,70)
w(312,4,4,70)
r(125,2,5,71)
r(30,5,5,71)
w(220,8,5,71)
r(233,10,5,71)
w(178,5,5,71)
w(135,7,5,71)
r(1,2,5,71)
w(232,10,5,71)
w(80,9,5,71)
w(196,6,5,71)
r(22,10,5,71)
r(288,2,5,71)
r(84,5,5,71)
r(192,11,5,71)
w(10,7,5,71)
r(66,2,5,71)
w(50,6,5,71)
r(161,1,5,71)
w(343,12,5,71)
w(38,9,5,71)
w(250,14,6,72)
w(168,6,6,72)
r(150,9,6,72)
r(336,2,6,72)
w(331,11,6,72)
w(209,5,6,72)
w(70,4,6,72)
r(351,3,6,72)
w(186,12,6,72)
w(16,12,6,72)
r(204,11,6,72)
r(192,3,6,72)
r(247,2,6,72)
r(36,4,6,72)
w(135,14,6,72)
w(279,14,6,72)
r(80,2,6,72)
r(71,11,6,72)
r(268,6,1,73)
w(231,2,1,73)
w(271,2,1,73)
r(173,4,1,73)
r(39,10,1,73)
w(308,2,1,73)
r(307,7,1,73)
r(62,14,1,73)
w(52,3,1,73)
w(274,2,1,73)
r(329,7,1,73)
r(151,6,1,73)
w(316,2,1,73)
w(347,2,1,73)
r(5,1,1,73)
w(144,2,1,73)
r(342,1,1,73)
w(76,2,1,73)
w(80,2,1,73)
r(40,5,1,73)
w(167,10,2,74)
r(190,2,2,74)
r(30,5,2,74)
r(107,7,2,74)
r(209,11,2,74)
w(67,10,2,74)
r(286,12,2,74)
w(42,11,2,74)
r(300,14,2,74)
w(32,10,2,74)
r(222,15,2,74)
w(83,3,2,74)
w(293,6,2,74)
r(84,5,2,74)
w(323,11,2,74)
w(61,3,2,74)
r(136,6,2,74)
w(84,11,2,74)
r(142,12,2,74)
r(342,1,2,74)
r(298,12,3,75)
w(203,6,3,75)
w(33,6,3,75)
r(176,12,3,75)
r(288,2,3,75)
w(282,11,3,75)
w(201,10,3,75)
w(46,3,3,75)
w(21,10,3,75)
r(19,2,3,75)
r(250,12,3,75)
r(287,3,3,75)
w(128,5,3,75)
r(15,1,3,75)
w(42,4,3,75)
w(133,11,3,75)
w(129,10,3,75)
w(161,3,3,75)
r(20,10,3,75)
w(241,10,3,75)
w(169,4,4,76)
w(78,8,4,76)
r(264,1,4,76)
w(317,4,4,76)
r(264,1,4,76)
w(250,12,4,76)
r(57,8,4,76)
w(346,11,4,76)
r(106,10,4,76)
w(24,11,4,76)
w(121,11,4,76)
r(305,6,4,76)
r(75,10,4,76)
r(57,8,4,76)
r(265,3,4,76)
w(180,6,4,76)
w(208,10,4,76)
r(211,10,4,76)
w(51,11,4,76)
r(46,1,4,76)
r(343,12,5,77)
w(269,12,5,77)
r(228,4,5,77)
w(156,8,5,77)
w(54,6,5,77)
w(225,5,5,77)
w(18,8,5,77)
r(185,2,5,77)
w(196,4,5,77)
w(125,7,5,77)
w(56,4,5,77)
w(10,9,5,77)
w(270,10,5,77)
w(246,5,5,77)
r(210,11,5,77)
w(209,11,5,77)
w(248,4,5,77)
r(201,2,5,77)
w(163,4,5,77)
r(106,6,5,77)
w(185,6,6,78)
r(268,6,6,78)
w(192,4,6,78)
r(277,11,6,78)
r(327,10,6,78)
r(232,10,6,78)
r(72,1,6,78)
r(356,11,6,78)
w(190,12,6,78)
w(178,8,6,78)
w(172,12,6,78)
w(139,7,6,78)
r(266,5,6,78)
w(51,4,6,78)
r(187,10,6,78)
r(179,11,1,79)
r(229,1,1,79)
r(216,10,1,79)
r(50,6,1,79)
w(19,10,1,79)
w(38,2,1,79)
r(69,1,1,79)
w(165,3,1,79)
w(22,11,1,79)
r(162,4,1,79)
w(217,2,1,79)
w(168,2,1,79)
r(273,2,1,79)
w(303,3,1,79)
w(282,2,1,79)
r(25,10,1,79)
r(257,6,1,79)
w(263,2,1,79)
w(57,3,1,79)
r(267,12,1,79)
w(180,3,2,80)
r(349,5,2,80)
w(260,3,2,80)
w(124,11,2,80)
r(316,2,2,80)
w(233,2,2,80)
w(81,3,2,80)
r(295,2,2,80)
r(281,2,2,80)
r(14,10,2,80)
r(70,10,2,80)
w(88,6,2,80)
w(307,11,2,80)
w(44,11,2,80)
w(195,6,2,80)
r(148,11,2,80)
r(120,12,2,80)
w(337,3,2,80)
w(108,11,2,80)
w(180,10,2,80)
w(37,3,3,81)
w(82,11,3,81)
w(82,6,3,81)
w(89,6,3,81)
r(117,6,3,81)
w(43,4,3,81)
r(146,14,3,81)
r(166,12,3,81)
w(334,6,3,81)
w(133,6,3,81)
w(253,6,3,81)
r(196,4,3,81)
w(117,12,3,81)
r(184,3,3,81)
r(18,8,3,81)
r(199,11,3,81)
w(333,10,3,81)
r(223,3,3,81)
r(11,9,3,81)
r(100,4,3,81)
w(263,5,4,82)
w(92,4,4,82)
r(45,12,4,82)
w(123,11,4,82)
r(173,3,4,82)
r(9,6,4,82)
w(36,4,4,82)
r(124,10,4,82)
r(342,1,4,82)
w(45,11,4,82)
w(44,12,4,82)
w(94,5,4,82)
w(199,11,4,82)
w(159,9,4,82)
w(274,8,4,82)
r(85,8,4,82)
r(5,1,4,82)
r(143,2,4,82)
r(148,11,4,82)
r(291,1,4,82)
w(326,5,5,83)
r(309,2,5,83)
w(38,14,5,83)
r(353,4,5,83)
w(181,6,5,83)
w(150,9,5,83)
w(288,8,5,83)
w(299,11,5,83)
w(110,5,5,83)
r(333,1,5,83)
r(194,3,5,83)
r(237,5,5,83)
r(187,10,5,83)
r(234,10,5,83)
r(312,4,5,83)
w(105,11,5,83)
w(310,7,5,83)
r(281,2,5,83)
r(304,6,5,83)
r(37,6,5,83)
w(26,8,6,84)
w(212,6,6,84)
w(113,7,6,84)
w(221,15,6,84)
w(10,14,6,84)
r(344,8,6,84)
r(298,2,6,84)
w(208,8,6,84)
w(234,16,6,84)
r(256,8,6,84)
w(12,15,6,84)
w(186,7,6,84)
w(92,9,6,84)
w(33,7,6,84)
w(130,4,6,84)
r(158,1,6,84)
w(148,5,6,84)
w(333,12,6,84)
w(230,4,6,84)
r(257,10,6,84)
r(226,3,1,85)
w(55,10,1,85)
w(102,3,1,85)
w(293,2,1,85)
w(350,3,1,85)
w(79,6,2,86)
r(226,3,2,86)
w(18,2,2,86)
w(183,2,2,86)
r(347,2,2,86)
w(117,4,2,86)
r(169,4,2,86)
r(149,10,2,86)
r(280,11,2,86)
r(73,4,2,86)
r(115,3,2,86)
r(224,14,2,86)
w(214,3,2,86)
w(206,2,2,86)
w(285,3,2,86)
r(39,10,2,86)
r(286,12,2,86)
r(16,3,2,86)
r(331,3,2,86)
w(206,3,2,86)
r(248,10,3,87)
w(239,10,3,87)
r(251,1,3,87)
r(170,11,3,87)
w(183,3,3,87)
r(358,5,3,87)
w(3,4,3,87)
r(184,3,3,87)
w(62,5,3,87)
w(357,11,3,87)
w(186,10,3,87)
w(157,6,3,87)
r(314,4,3,87)
r(4,3,3,87)
w(19,4,3,87)
r(167,10,3,87)
w(77,3,3,87)
r(154,5,3,87)
r(304,6,3,87)
r(172,11,3,87)
r(290,9,4,88)
w(326,6,4,88)
w(12,5,4,88)
r(5,8,4,88)
w(121,6,4,88)
w(123,6,4,88)
r(277,15,4,88)
r(133,6,4,88)
w(176,6,4,88)
w(223,7,4,88)
w(182,6,4,88)
r(114,1,4,88)
w(339,5,4,88)
r(339,5,4,88)
r(135,4,4,88)
w(331,3,4,88)
w(123,4,4,88)
w(289,8,4,88)
w(277,11,4,88)
w(332,4,4,88)
r(96,11,5,89)
w(120,12,5,89)
r(188,6,5,89)
w(243,8,5,89)
r(249,4,5,89)
r(349,5,5,89)
w(122,5,5,89)
r(100,4,5,89)
w(224,14,5,89)
w(54,4,5,89)
r(6,11,5,89)
r(103,1,5,89)
r(46,3,5,89)
w(3,12,5,89)
r(86,2,5,89)
w(59,7,5,89)
r(309,2,5,89)
w(76,9,5,89)
w(11,9,5,89)
w(107,7,5,89)
r(304,3,6,90)
r(334,6,6,90)
r(182,6,6,90)
r(189,1,6,90)
w(224,17,6,90)
w(51,5,6,90)
w(331,6,6,90)
r(140,3,6,90)
r(18,7,6,90)
w(126,6,6,90)
w(133,12,6,90)
r(303,4,6,90)
r(108,11,6,90)
r(193,14,6,90)
w(152,5,6,90)
r(60,10,6,90)
r(284,11,6,90)
r(124,8,6,90)
w(355,9,6,90)
w(290,14,6,90)
r(44,11,1,91)
r(305,6,1,91)
w(352,2,1,91)
r(94,5,1,91)
r(347,5,1,91)
r(62,7,1,91)
w(352,3,1,91)
w(107,3,1,91)
r(285,3,1,91)
w(120,2,1,91)
r(139,11,1,91)
r(170,11,1,91)
r(260,3,1,91)
r(104,11,1,91)
w(326,2,1,91)
r(96,3,1,91)
r(265,8,1,91)
r(332,4,1,91)
w(41,2,1,91)
r(343,12,1,91)
r(128,5,2,92)
w(11,11,2,92)
r(322,5,2,92)
w(187,2,2,92)
r(62,7,2,92)
w(250,10,2,92)
w(286,6,2,92)
w(47,3,2,92)
w(246,3,2,92)
r(360,11,2,92)
w(67,11,2,92)
w(136,2,2,92)
w(31,3,2,92)
w(230,10,2,92)
w(75,11,2,92)
r(359,2,2,92)
r(38,2,2,92)
w(154,10,2,92)
r(5,8,2,92)
r(203,6,2,92)
w(349,4,3,93)
w(257,10,3,93)
r(246,5,3,93)
r(179,11,3,93)
w(294,11,3,93)
w(125,4,3,93)
w(337,11,3,93)
w(330,4,3,93)
w(23,5,3,93)
w(355,10,3,93)
w(37,10,3,93)
r(341,3,3,93)
r(177,6,3,93)
w(1,10,3,93)
w(22,8,3,93)
w(347,5,3,93)
r(318,2,3,93)
r(7,3,3,93)
r(328,11,3,93)
w(14,11,3,93)
w(17,7,4,94)
w(231,6,4,94)
w(62,7,4,94)
w(354,4,4,94)
r(6,11,4,94)
w(188,8,4,94)
r(101,12,4,94)
w(353,8,4,94)
r(41,1,4,94)
w(86,4,4,94)
r(118,6,4,94)
r(86,4,4,94)
r(280,11,4,94)
r(321,2,4,94)
w(105,3,4,94)
w(228,12,4,94)
r(231,6,4,94)
w(351,4,4,94)
w(55,12,4,94)
w(352,9,4,94)
w(265,8,5,95)
w(208,4,5,95)
r(356,11,5,95)
w(266,5,5,95)
w(242,8,5,95)
r(323,11,5,95)
w(194,9,5,95)
r(25,10,5,95)
r(342,1,5,95)
w(49,8,5,95)
w(91,12,5,95)
w(160,5,5,95)
w(234,13,5,95)
r(127,12,5,95)
r(239,2,5,95)
w(156,12,5,95)
w(71,11,5,95)
w(49,12,5,95)
r(256,6,5,95)
w(236,9,5,95)
w(201,8,6,96)
w(281,12,6,96)
w(39,9,6,96)
r(191,3,6,96)
r(261,11,6,96)
r(181,5,6,96)
w(39,14,6,96)
w(282,6,6,96)
w(12,13,6,96)
w(318,9,6,96)
r(278,2,6,96)
w(34,5,6,96)
w(260,5,6,96)
r(315,10,6,96)
w(13,9,6,96)
w(191,7,6,96)
r(207,2,6,96)
r(107,11,6,96)
w(52,17,6,96)
r(251,1,6,96)
r(157,6,1,97)
w(91,3,1,97)
r(37,10,1,97)
w(68,2,1,97)
r(39,10,1,97)
w(68,3,1,97)
r(16,3,1,97)
r(216,5,1,97)
r(352,3,1,97)
w(305,2,1,97)
r(277,11,1,97)
w(59,3,1,97)
r(1,10,1,97)
w(338,2,1,97)
r(149,10,1,97)
w(237,2,1,97)
r(178,3,1,97)
r(164,12,1,97)
w(35,2,1,97)
r(158,1,1,97)
r(231,6,2,98)
w(348,6,2,98)
r(341,10,2,98)
w(290,4,2,98)
r(76,14,2,98)
w(6,2,2,98)
w(83,10,2,98)
r(295,2,2,98)
w(66,11,2,98)
w(353,3,2,98)
w(76,10,2,98)
w(306,11,2,98)
r(357,11,2,98)
r(349,2,2,98)
r(55,12,2,98)
w(89,10,2,98)
w(225,3,2,98)
w(269,10,2,98)
w(43,11,2,98)
w(184,4,2,98)
w(236,6,3,99)
w(300,10,3,99)
r(287,3,3,99)
w(306,4,3,99)
w(227,8,3,99)
r(157,6,3,99)
w(57,7,3,99)
w(195,4,3,99)
w(52,6,3,99)
r(300,10,3,99)
r(189,1,3,99)
w(310,11,3,99)
r(4,3,3,99)
r(149,10,3,99)
w(169,11,3,99)
r(150,9,3,99)
w(211,6,3,99)
r(215,6,3,99)
w(271,5,3,99)
w(210,6,3,99)
w(190,5,4,100)
w(329,4,4,100)
w(350,8,4,100)
r(132,10,4,100)
w(29,5,4,100)
r(284,11,4,100)
r(9,6,4,100)
r(79,6,4,100)
r(330,4,4,100)
w(203,8,4,100)
r(72,1,4,100)
w(195,12,4,100)
r(141,2,4,100)
r(267,12,4,100)
w(199,6,4,100)
r(197,1,4,100)
r(9,6,4,100)
r(100,4,4,100)
w(311,6,4,100)
w(216,5,4,100)
w(56,5,5,101)
r(5,8,5,101)
r(209,11,5,101)
w(18,12,5,101)
r(272,1,5,101)
r(299,11,5,101)
r(350,1,5,101)
r(163,4,5,101)
r(242,8,5,101)
w(245,8,5,101)
w(264,6,5,101)
r(33,6,5,101)
w(261,11,5,101)
w(151,4,5,101)
r(38,2,5,101)
w(312,12,5,101)
w(83,12,5,101)
w(137,5,5,101)
w(323,4,5,101)
w(109,5,5,101)
w(70,5,6,102)
r(58,2,6,102)
r(181,5,6,102)
w(271,15,6,102)
w(221,13,6,102)
r(349,2,6,102)
w(336,9,6,102)
w(210,17,6,102)
r(273,10,6,102)
r(288,8,6,102)
w(4,17,6,102)
r(189,1,6,102)
w(343,9,6,102)
w(335,4,6,102)
w(213,9,6,102)
r(148,5,6,102)
r(67,9,6,102)
w(147,5,6,102)
w(325,4,6,102)
r(63,2,6,102)
r(115,3,1,103)
r(334,6,1,103)
w(242,2,1,103)
r(121,6,1,103)
w(199,2,1,103)
r(211,6,1,103)
w(227,3,1,103)
r(314,2,1,103)
r(358,5,1,103)
r(124,11,1,103)
w(215,2,1,103)
r(139,6,1,103)
r(104,11,1,103)
r(41,2,1,103)
w(62,2,1,103)
r(131,11,1,103)
w(345,3,1,103)
w(304,3,1,103)
r(335,1,1,103)
w(159,3,1,103)
r(167,8,2,104)
w(147,3,2,104)
w(305,4,2,104)
w(132,6,2,104)
w(246,10,2,104)
w(223,10,2,104)
r(53,3,2,104)
r(256,8,2,104)
r(127,12,2,104)
w(94,10,2,104)
r(81,4,2,104)
w(225,10,2,104)
w(178,10,2,104)
w(184,5,2,104)
r(156,6,2,104)
r(353,3,2,104)
r(171,1,2,104)
w(131,10,2,104)
r(336,8,2,104)
r(172,11,2,104)
w(274,5,3,105)
r(270,10,3,105)
w(227,12,3,105)
r(295,2,3,105)
w(120,10,3,105)
w(314,2,3,105)
w(36,11,3,105)
r(20,10,3,105)
r(213,12,3,105)
w(190,6,3,105)
w(159,8,3,105)
r(48,6,3,105)
w(223,5,3,105)
r(359,2,3,105)
r(309,2,3,105)
r(241,10,3,105)
w(95,11,3,105)
w(237,11,3,105)
r(93,3,3,105)
r(139,11,3,105)
r(87,11,4,106)
r(23,5,4,106)
w(86,5,4,106)
r(214,3,4,106)
r(159,8,4,106)
r(120,10,4,106)
w(336,8,4,106)
w(21,11,4,106)
r(71,11,4,106)
r(296,1,4,106)
w(139,6,4,106)
w(21,6,4,106)
w(87,6,4,106)
w(247,11,4,106)
r(198,4,4,106)
r(203,8,4,106)
r(94,5,4,106)
r(246,3,4,106)
r(352,3,4,106)
w(345,5,4,106)
r(67,10,5,107)
r(310,7,5,107)
w(18,7,5,107)
w(42,17,5,107)
w(51,6,5,107)
r(123,4,5,107)
r(116,6,5,107)
r(352,9,5,107)
r(82,6,5,107)
w(59,9,5,107)
r(92,4,5,107)
r(233,2,5,107)
w(136,8,5,107)
w(213,12,5,107)
r(326,6,5,107)
r(356,11,5,107)
r(77,3,5,107)
w(303,4,5,107)
r(61,3,5,107)
w(247,4,5,107)
r(315,10,6,108)
r(63,2,6,108)
w(186,9,6,108)
w(248,12,6,108)
r(34,5,6,108)
w(32,5,6,108)
r(356,2,6,108)
w(253,7,6,108)
w(136,9,6,108)
w(87,12,6,108)
r(119,2,6,108)
r(279,9,6,108)
r(350,14,6,108)
r(160,5,6,108)
r(279,9,6,108)
w(327,9,6,108)
r(303,8,6,108)
w(161,12,6,108)
r(214,10,6,108)
r(244,10,6,108)
r(101,12,1,109)
r(130,3,1,109)
w(318,3,1,109)
r(82,6,1,109)
r(357,11,1,109)
r(137,5,1,109)
r(317,10,1,109)
w(281,3,1,109)
w(180,2,1,109)
w(64,2,1,109)
r(277,11,1,109)
r(217,2,1,109)
w(341,10,1,109)
w(30,2,1,109)
r(348,8,1,109)
w(320,2,1,109)
w(101,2,1,109)
r(96,3,1,109)
w(58,2,1,109)
r(151,4,1,109)
r(243,8,2,110)
r(85,8,2,110)
w(214,10,2,110)
r(336,8,2,110)
w(356,2,2,110)
r(154,10,2,110)
r(52,14,2,110)
w(7,2,2,110)
r(319,7,2,110)
w(198,10,2,110)
w(307,6,2,110)
r(237,2,2,110)
r(37,11,2,110)
w(315,10,2,110)
w(223,11,2,110)
w(65,2,2,110)
r(202,10,2,110)
r(93,3,2,110)
r(348,6,2,110)
w(222,11,2,110)
w(256,8,3,111)
r(352,3,3,111)
w(114,3,3,111)
w(51,10,3,111)
w(107,11,3,111)
r(262,8,3,111)
r(205,1,3,111)
r(57,7,3,111)
r(360,8,3,111)
w(87,10,3,111)
w(312,11,3,111)
r(29,5,3,111)
r(230,10,3,111)
r(124,11,3,111)
w(297,3,3,111)
r(332,4,3,111)
r(133,6,3,111)
r(159,8,3,111)
r(85,8,3,111)
w(222,12,3,111)
w(252,6,4,112)
r(5,8,4,112)
r(210,6,4,112)
r(347,5,4,112)
w(354,5,4,112)
w(241,6,4,112)
w(20,11,4,112)
w(72,10,4,112)
w(31,10,4,112)
w(309,8,4,112)
r(22,8,4,112)
w(340,6,4,112)
w(315,6,4,112)
w(110,6,4,112)
w(124,8,4,112)
r(56,5,4,112)
r(218,11,4,112)
w(269,4,4,112)
r(292,3,4,112)
r(25,10,4,112)
w(266,8,5,113)
r(218,11,5,113)
r(17,7,5,113)
r(133,6,5,113)
w(360,8,5,113)
r(132,10,5,113)
w(45,7,5,113)
r(137,5,5,113)
w(272,4,5,113)
r(238,6,5,113)
r(341,3,5,113)
w(268,9,5,113)
r(197,1,5,113)
r(30,5,5,113)
w(280,6,5,113)
w(47,4,5,113)
r(116,6,5,113)
w(81,4,5,113)
r(11,11,5,113)
w(120,7,5,113)
r(178,10,6,114)
r(310,6,6,114)
r(168,2,6,114)
r(283,6,6,114)
w(261,8,6,114)
r(333,12,6,114)
r(8,3,6,114)
w(171,11,6,114)
r(91,10,6,114)
w(95,12,6,114)
r(335,4,6,114)
r(278,2,6,114)
w(330,7,6,114)
r(51,5,6,114)
r(199,10,6,114)
w(86,14,6,114)
r(360,8,6,114)
r(89,10,6,114)
r(288,8,6,114)
r(14,11,6,114)
w(142,2,1,115)
w(349,2,1,115)
r(266,8,1,115)
w(273,10,1,115)
r(356,11,1,115)
w(126,2,1,115)
r(79,6,1,115)
w(238,2,1,115)
r(288,8,1,115)
r(114,3,1,115)
r(91,3,1,115)
r(73,4,1,115)
r(246,3,1,115)
w(298,2,1,115)
r(253,6,1,115)
w(40,2,1,115)
w(278,2,1,115)
w(328,2,1,115)
r(189,1,1,115)
r(6,11,1,115)
r(218,11,2,116)
r(100,4,2,116)
w(264,10,2,116)
r(92,2,2,116)
w(243,10,2,116)
w(66,6,2,116)
w(204,6,2,116)
w(41,3,2,116)
w(146,4,2,116)
r(44,9,2,116)
w(122,3,2,116)
r(49,12,2,116)
r(311,6,2,116)
w(322,10,2,116)
w(208,2,2,116)
r(25,4,2,116)
w(263,11,2,116)
r(254,2,2,116)
w(358,3,2,116)
w(125,11,2,116)
w(152,10,3,117)
r(197,1,3,117)
r(4,3,3,117)
w(99,4,3,117)
w(216,11,3,117)
r(11,11,3,117)
w(355,11,3,117)
r(167,10,3,117)
w(336,10,3,117)
r(90,11,3,117)
w(167,6,3,117)
r(202,10,3,117)
w(183,10,3,117)
r(90,11,3,117)
r(355,11,3,117)
w(202,11,3,117)
r(279,6,3,117)
r(258,3,4,118)
r(195,12,4,118)
w(141,10,4,118)
w(66,15,4,118)
w(16,5,4,118)
r(83,12,4,118)
w(236,5,4,118)
w(167,5,4,118)
w(43,12,4,118)
r(313,3,4,118)
r(147,2,4,118)
r(63,2,4,118)
w(268,12,4,118)
r(358,5,4,118)
r(303,4,4,118)
w(15,5,4,118)
r(118,6,4,118)
w(199,4,4,118)
r(47,4,4,118)
r(187,2,4,118)
r(21,6,5,119)
w(52,9,5,119)
r(13,2,5,119)
r(23,5,5,119)
r(300,10,5,119)
r(199,2,5,119)
w(296,11,5,119)
r(153,10,5,119)
w(166,5,5,119)
w(24,5,5,119)
w(52,14,5,119)
r(29,5,5,119)
r(110,6,5,119)
r(61,3,5,119)
w(76,14,5,119)
w(309,7,5,119)
w(181,4,5,119)
r(55,12,5,119)
r(266,8,5,119)
w(62,9,5,119)
r(300,11,6,120)
r(121,6,6,120)
r(53,3,6,120)
r(135,11,6,120)
r(324,12,6,120)
r(158,5,6,120)
w(160,14,6,120)
r(324,12,6,120)
r(91,10,6,120)
w(6,4,6,120)
w(192,5,6,120)
r(305,14,6,120)
r(269,10,6,120)
w(244,11,6,120)
w(186,14,6,120)
w(141,9,6,120)
w(44,15,6,120)
r(82,6,6,120)
w(196,9,6,120)
r(181,5,6,120)
w(148,2,1,121)
r(205,1,1,121)
w(146,3,1,121)
r(145,1,1,121)
r(252,6,1,121)
r(164,12,1,121)
r(205,1,1,121)
r(351,4,1,121)
w(202,2,1,121)
r(116,6,1,121)
r(100,4,1,121)
r(305,2,1,121)
w(309,3,1,121)
w(120,3,1,121)
r(274,5,1,121)
r(275,12,1,121)
r(54,4,1,121)
r(266,8,1,121)
r(161,12,2,122)
r(312,11,2,122)
w(12,2,2,122)
r(182,3,2,122)
w(357,3,2,122)
w(266,10,2,122)
w(327,11,2,122)
r(77,3,2,122)
w(206,10,2,122)
r(330,4,2,122)
w(279,4,2,122)
r(146,4,2,122)
w(167,11,2,122)
w(268,4,2,122)
r(360,8,2,122)
r(252,5,2,122)
r(167,11,2,122)
w(298,10,2,122)
r(91,10,2,122)
r(284,11,2,122)
w(17,6,3,123)
r(76,9,3,123)
w(113,11,3,123)
w(296,2,3,123)
w(156,6,3,123)
w(53,3,3,123)
r(342,1,3,123)
w(267,6,3,123)
w(343,4,3,123)
r(274,5,3,123)
r(348,8,3,123)
r(159,3,3,123)
r(181,6,3,123)
w(283,6,3,123)
w(339,11,3,123)
w(42,8,3,123)
w(359,11,3,123)
r(220,8,3,123)
r(10,9,3,123)
r(322,5,3,123)
w(57,17,4,124)
w(287,7,4,124)
w(275,6,4,124)
r(133,6,4,124)
w(335,11,4,124)
w(138,8,4,124)
w(220,6,4,124)
r(340,6,4,124)
r(278,2,4,124)
w(245,5,4,124)
w(163,11,4,124)
r(322,5,4,124)
r(202,10,4,124)
w(229,10,4,124)
r(233,2,4,124)
r(326,2,4,124)
r(237,2,4,124)
r(51,10,4,124)
w(5,3,4,124)
w(29,8,4,124)
r(177,6,5,125)
w(137,8,5,125)
w(297,5,5,125)
w(9,4,5,125)
w(224,15,5,125)
r(265,8,5,125)
w(122,8,5,125)
w(167,8,5,125)
w(61,8,5,125)
r(69,1,5,125)
w(166,8,5,125)
w(252,5,5,125)
r(2,2,5,125)
w(146,15,5,125)
r(214,3,5,125)
w(181,5,5,125)
r(274,5,5,125)
r(296,11,5,125)
r(198,4,5,125)
r(185,2,5,125)
w(41,12,6,126)
r(243,10,6,126)
r(71,3,6,126)
w(244,6,6,126)
w(341,14,6,126)
r(234,16,6,126)
w(205,14,6,126)
r(294,11,6,126)
w(298,15,6,126)
r(172,11,6,126)
w(200,11,6,126)
w(195,15,6,126)
w(115,9,6,126)
r(284,11,6,126)
r(327,11,6,126)
w(221,17,6,126)
r(132,12,6,126)
r(313,10,6,126)
w(197,11,6,126)
w(15,7,6,126)
w(103,2,1,127)
r(297,5,1,127)
r(109,5,1,127)
w(345,10,1,127)
w(313,10,1,127)
w(95,2,1,127)
r(16,5,1,127)
r(354,5,1,127)
w(258,2,1,127)
w(48,2,1,127)
w(195,2,1,127)
w(43,2,1,127)
r(21,6,1,127)
r(230,4,1,127)
w(332,2,1,127)
r(285,3,1,127)
w(338,3,1,127)
r(252,5,1,127)
w(323,10,1,127)
w(99,3,1,127)
w(189,3,2,128)
w(213,10,2,128)
w(29,3,2,128)
r(158,5,2,128)
r(169,11,2,128)
w(307,4,2,128)
w(14,2,2,128)
w(44,6,2,128)
r(166,8,2,128)
w(170,3,2,128)
w(79,4,2,128)
w(119,10,2,128)
w(359,3,2,128)
w(293,4,2,128)
r(192,3,2,128)
w(65,3,2,128)
w(179,3,2,128)
r(280,2,2,128)
r(67,8,2,128)
r(335,4,2,128)
w(307,8,3,129)
r(273,10,3,129)
w(1,11,3,129)
r(82,6,3,129)
r(89,6,3,129)
w(1,6,3,129)
w(178,6,3,129)
w(176,11,3,129)
r(38,2,3,129)
w(223,8,3,129)
r(230,4,3,129)
r(187,2,3,129)
r(166,5,3,129)
r(53,3,3,129)
r(121,6,3,129)
w(120,11,3,129)
r(218,11,3,129)
r(305,2,3,129)
r(154,10,3,129)
r(247,11,3,129)
r(174,3,4,130)
w(44,7,4,130)
w(352,14,4,130)
r(339,11,4,130)
r(177,10,4,130)
r(356,11,4,130)
w(45,6,4,130)
w(155,10,4,130)
w(34,6,4,130)
r(286,6,4,130)
w(265,11,4,130)
w(129,6,4,130)
w(194,5,4,130)
r(111,11,4,130)
w(353,12,4,130)
r(271,5,4,130)
w(153,5,4,130)
r(271,5,4,130)
w(287,9,4,130)
w(315,4,4,130)
w(343,7,5,131)
r(274,5,5,131)
r(190,6,5,131)
r(35,2,5,131)
w(67,9,5,131)
r(343,7,5,131)
w(146,13,5,131)
w(83,7,5,131)
w(303,5,5,131)
w(303,8,5,131)
r(160,5,5,131)
w(317,8,5,131)
r(156,6,5,131)
r(139,6,5,131)
w(188,7,5,131)
w(41,8,5,131)
w(186,5,5,131)
r(147,3,5,131)
r(120,6,5,131)
r(299,11,5,131)
r(220,6,6,132)
r(266,10,6,132)
r(166,8,6,132)
r(318,9,6,132)
w(119,5,6,132)
w(244,4,6,132)
r(359,3,6,132)
w(311,7,6,132)
r(65,3,6,132)
r(66,13,6,132)
w(305,13,6,132)
w(300,15,6,132)
w(283,13,6,132)
w(72,6,6,132)
r(30,2,6,132)
w(182,4,6,132)
r(358,3,6,132)
r(268,4,6,132)
r(290,14,6,132)
w(349,16,6,132)
w(305,3,1,133)
r(168,2,1,133)
w(149,2,1,133)
w(182,3,1,133)
w(268,2,1,133)
w(285,2,1,133)
r(47,4,1,133)
w(94,2,1,133)
r(342,1,1,133)
w(138,2,1,133)
r(342,1,1,133)
w(335,2,1,133)
w(91,10,1,133)
w(92,2,1,133)
r(322,5,1,133)
r(244,10,1,133)
w(40,3,1,133)
w(280,2,1,133)
r(349,2,1,133)
w(132,11,1,133)
w(276,3,2,134)
w(61,10,2,134)
r(165,3,2,134)
r(170,3,2,134)
r(240,5,2,134)
w(162,10,2,134)
w(159,10,2,134)
w(69,3,2,134)
w(13,11,2,134)
r(22,7,2,134)
w(145,2,2,134)
r(116,6,2,134)
w(118,2,2,134)
w(157,10,2,134)
r(103,2,2,134)
w(86,3,2,134)
r(99,3,2,134)
r(179,3,2,134)
w(3,6,2,134)
r(334,7,2,134)
w(250,8,3,135)
w(120,6,3,135)
w(265,10,3,135)
r(43,11,3,135)
w(350,4,3,135)
r(103,1,3,135)
r(16,5,3,135)
r(269,10,3,135)
w(37,11,3,135)
w(177,10,3,135)
r(188,8,3,135)
w(208,3,3,135)
r(19,4,3,135)
w(129,11,3,135)
r(280,6,3,135)
w(144,11,3,135)
w(27,2,3,135)
w(290,12,3,135)
r(337,11,3,135)
r(133,6,3,135)
r(12,13,4,136)
w(161,5,4,136)
w(41,5,4,136)
r(306,11,4,136)
w(144,5,4,136)
w(71,3,4,136)
w(106,11,4,136)
w(275,4,4,136)
w(227,15,4,136)
r(284,11,4,136)
r(42,8,4,136)
w(132,12,4,136)
r(188,7,4,136)
w(314,11,4,136)
w(304,4,4,136)
r(160,5,4,136)
w(342,11,4,136)
r(259,3,4,136)
r(14,11,4,136)
r(267,2,4,136)
w(44,9,5,137)
w(175,4,5,137)
r(352,14,5,137)
w(31,6,5,137)
r(203,8,5,137)
r(280,2,5,137)
r(257,10,5,137)
w(323,5,5,137)
w(106,4,5,137)
w(350,14,5,137)
r(188,7,5,137)
w(25,4,5,137)
w(85,17,5,137)
w(306,12,5,137)
r(231,6,5,137)
r(187,2,5,137)
r(159,3,5,137)
r(273,10,5,137)
w(117,13,5,137)
r(356,2,5,137)
w(348,7,6,138)
w(240,7,6,138)
r(121,6,6,138)
w(77,5,6,138)
w(234,18,6,138)
w(118,4,6,138)
r(142,2,6,138)
r(59,12,6,138)
r(354,8,6,138)
w(143,9,6,138)
w(179,7,6,138)
r(301,9,6,138)
r(325,4,6,138)
w(161,7,6,138)
w(270,6,6,138)
r(87,12,6,138)
w(100,7,6,138)
r(74,2,6,138)
w(176,7,6,138)
r(339,3,6,138)
w(3,3,1,139)
w(157,2,1,139)
r(293,6,1,139)
r(7,2,1,139)
w(289,2,1,139)
r(162,4,1,139)
w(131,2,1,139)
r(253,6,1,139)
w(242,3,1,139)
r(44,7,1,139)
r(164,12,1,139)
r(250,8,1,139)
w(104,2,1,139)
r(289,2,1,139)
w(267,2,1,139)
w(33,3,1,139)
r(184,5,1,139)
w(10,2,1,139)
w(248,3,1,139)
r(296,11,1,139)
r(174,3,2,140)
w(240,10,2,140)
w(40,6,2,140)
w(144,3,2,140)
r(216,5,2,140)
r(72,6,2,140)
r(137,8,2,140)
w(336,3,2,140)
w(250,11,2,140)
r(53,3,2,140)
w(221,3,2,140)
w(283,3,2,140)
r(42,14,2,140)
w(225,11,2,140)
r(340,6,2,140)
r(265,11,2,140)
w(130,10,2,140)
r(254,2,2,140)
r(288,8,2,140)
w(353,10,2,140)
r(132,6,3,141)
r(39,10,3,141)
w(300,11,3,141)
w(104,8,3,141)
r(55,12,3,141)
w(199,10,3,141)
w(75,4,3,141)
r(3,4,3,141)
w(245,4,3,141)
w(76,5,3,141)
r(194,5,3,141)
r(188,8,3,141)
r(284,11,3,141)
w(146,5,3,141)
r(71,11,3,141)
w(241,11,3,141)
w(161,10,3,141)
r(212,6,3,141)
w(146,8,3,141)
w(211,4,3,141)
r(87,10,4,142)
r(273,10,4,142)
r(162,4,4,142)
w(120,5,4,142)
r(251,1,4,142)
r(148,5,4,142)
w(336,12,4,142)
w(163,6,4,142)
w(253,5,4,142)
r(270,10,4,142)
r(8,3,4,142)
w(136,4,4,142)
w(221,7,4,142)
w(279,9,4,142)
w(1,8,4,142)
w(120,8,4,142)
r(225,10,4,142)
r(348,6,4,142)
w(349,12,4,142)
r(294,11,4,142)
r(243,10,5,143)
w(233,8,5,143)
r(202,10,5,143)
r(238,2,5,143)
w(250,9,5,143)
r(356,2,5,143)
r(14,11,5,143)
r(263,11,5,143)
r(336,12,5,143)
w(74,2,5,143)
w(158,5,5,143)
w(334,7,5,143)
r(230,4,5,143)
r(69,1,5,143)
r(156,6,5,143)
r(274,5,5,143)
w(150,14,5,143)
w(115,8,5,143)
r(58,2,5,143)
w(167,12,5,143)
r(132,12,6,144)
r(260,5,6,144)
w(284,5,6,144)
r(104,2,6,144)
w(112,9,6,144)
w(17,15,6,144)
w(320,11,6,144)
w(140,4,6,144)
r(173,3,6,144)
w(89,9,6,144)
r(23,4,6,144)
w(268,15,6,144)
r(246,10,6,144)
w(229,11,6,144)
w(95,7,6,144)
r(132,12,6,144)
w(285,8,6,144)
r(108,11,6,144)
w(268,13,6,144)
w(356,4,6,144)
w(124,2,1,145)
w(205,2,1,145)
w(267,3,1,145)
w(188,2,1,145)
r(205,2,1,145)
r(154,10,1,145)
r(44,9,1,145)
w(79,10,1,145)
r(23,5,1,145)
w(32,3,1,145)
w(135,2,1,145)
w(339,3,1,145)
w(146,10,1,145)
r(323,5,1,145)
r(264,6,1,145)
r(315,10,1,145)
r(302,4,1,145)
r(29,8,1,145)
w(275,3,1,145)
r(282,6,1,145)
w(13,6,2,146)
r(15,7,2,146)
r(30,2,2,146)
w(91,4,2,146)
w(38,6,2,146)
r(47,4,2,146)
r(102,10,2,146)
w(283,10,2,146)
r(168,11,2,146)
w(80,11,2,146)
r(27,2,2,146)
w(318,11,2,146)
w(15,11,2,146)
r(36,11,2,146)
w(23,4,2,146)
r(102,10,2,146)
r(280,2,2,146)
w(64,10,2,146)
r(51,5,2,146)
r(41,12,2,146)
w(113,6,3,147)
w(72,3,3,147)
w(233,11,3,147)
r(355,9,3,147)
r(148,5,3,147)
w(184,7,3,147)
r(350,14,3,147)
r(292,3,3,147)
r(84,11,3,147)
r(17,6,3,147)
w(102,5,3,147)
r(123,4,3,147)
r(136,4,3,147)
w(55,5,3,147)
w(133,4,3,147)
w(117,7,3,147)
w(337,6,3,147)
r(199,10,3,147)
w(66,12,3,147)
r(67,9,3,147)
r(360,8,4,148)
r(104,2,4,148)
r(225,10,4,148)
r(201,8,4,148)
w(298,4,4,148)
r(100,4,4,148)
w(134,8,4,148)
r(351,4,4,148)
r(50,6,4,148)
r(255,3,4,148)
r(263,2,4,148)
w(305,14,5,149)
r(165,3,5,149)
r(260,5,5,149)
r(277,11,5,149)
w(170,7,5,149)
r(290,14,5,149)
w(188,9,5,149)
w(22,7,5,149)
r(244,10,5,149)
w(81,5,5,149)
w(54,5,5,149)
w(81,8,5,149)
w(287,14,5,149)
r(238,2,5,149)
w(252,8,5,149)
r(253,7,5,149)
r(202,10,5,149)
w(141,6,5,149)
r(206,10,5,149)
w(141,4,5,149)
r(52,4,6,150)
r(21,6,6,150)
w(184,17,6,150)
w(94,9,6,150)
w(281,7,6,150)
r(38,4,6,150)
w(257,8,6,150)
r(298,15,6,150)
r(347,5,6,150)
r(222,11,6,150)
r(279,3,6,150)
w(68,15,6,150)
w(281,9,6,150)
r(16,5,6,150)
w(92,14,6,150)
w(219,12,6,150)
w(28,7,6,150)
r(349,10,6,150)
w(11,14,6,150)
w(338,9,6,150)
r(50,6,1,151)
r(196,11,1,151)
r(203,8,1,151)
w(204,3,1,151)
r(222,11,1,151)
r(85,7,1,151)
w(329,2,1,151)
r(313,10,1,151)
r(60,10,1,151)
r(81,4,1,151)
r(73,4,1,151)
w(8,2,1,151)
w(188,3,1,151)
w(90,10,1,151)
r(194,5,1,151)
w(81,2,1,151)
r(173,3,1,151)
r(122,3,1,151)
r(309,7,1,151)
w(63,3,1,151)
r(271,15,2,152)
w(250,6,2,152)
r(133,4,2,152)
w(252,2,2,152)
w(14,3,2,152)
w(236,10,2,152)
r(334,7,2,152)
w(59,5,2,152)
r(6,6,2,152)
w(274,11,2,152)
r(41,12,2,152)
w(58,11,2,152)
w(200,3,2,152)
r(245,4,2,152)
r(212,6,2,152)
r(353,10,2,152)
w(182,10,2,152)
r(273,8,2,152)
w(349,10,2,152)
w(169,3,2,152)
w(196,11,3,153)
r(357,11,3,153)
r(140,3,3,153)
w(143,3,3,153)
w(310,6,3,153)
w(45,2,3,153)
r(347,5,3,153)
w(205,4,3,153)
w(20,3,3,153)
r(118,6,3,153)
r(156,6,3,153)
w(147,10,3,153)
w(38,5,3,153)
r(264,10,3,153)
w(135,11,3,153)
w(85,7,3,153)
r(167,8,3,153)
w(337,4,3,153)
r(203,8,3,153)
r(143,3,3,153)
r(155,10,4,154)
w(67,8,4,154)
r(112,5,4,154)
r(74,2,4,154)
w(66,13,4,154)
r(265,11,4,154)
w(95,6,4,154)
r(30,2,4,154)
r(170,7,4,154)
r(43,5,4,154)
r(3,3,4,154)
r(166,8,4,154)
r(267,3,4,154)
r(197,1,4,154)
w(292,4,4,154)
w(354,8,4,154)
r(153,5,4,154)
w(203,12,4,154)
r(342,11,4,154)
w(154,8,4,154)
w(226,8,5,155)
r(18,7,5,155)
w(129,5,5,155)
w(168,11,5,155)
r(228,12,5,155)
r(232,10,5,155)
r(170,3,5,155)
r(2,2,5,155)
w(43,14,5,155)
w(314,5,5,155)
r(285,2,5,155)
r(339,3,5,155)
r(101,2,5,155)
r(120,8,5,155)
w(124,12,5,155)
r(50,6,5,155)
r(65,3,5,155)
r(123,4,5,155)
w(186,8,5,155)
w(332,9,5,155)
w(204,13,6,156)
w(47,5,6,156)
w(78,14,6,156)
r(346,3,6,156)
r(14,3,6,156)
w(208,12,6,156)
w(17,13,6,156)
w(233,7,6,156)
r(79,4,6,156)
w(267,7,6,156)
r(195,15,6,156)
w(289,9,6,156)
r(237,2,6,156)
r(331,2,6,156)
r(190,3,6,156)
w(301,14,6,156)
w(228,14,6,156)
w(138,12,6,156)
r(289,9,6,156)
w(247,5,6,156)
r(97,2,1,157)
r(223,11,1,157)
r(227,15,1,157)
r(155,10,1,157)
w(279,3,1,157)
w(238,3,1,157)
r(277,11,1,157)
r(40,3,1,157)
r(177,10,1,157)
w(85,10,1,157)
w(179,2,1,157)
r(293,4,1,157)
w(162,2,1,157)
r(14,2,1,157)
r(187,2,1,157)
r(110,6,1,157)
r(169,11,1,157)
r(205,14,1,157)
r(188,9,1,157)
r(202,10,1,157)
w(128,6,2,158)
r(167,11,2,158)
w(205,11,2,158)
r(50,6,2,158)
r(82,6,2,158)
w(22,6,2,158)
r(17,15,2,158)
r(242,5,2,158)
r(292,4,2,158)
w(112,11,2,158)
w(283,11,2,158)
r(247,11,2,158)
r(109,5,2,158)
r(300,15,2,158)
w(38,4,2,158)
r(16,5,2,158)
w(159,11,2,158)
w(166,10,2,158)
r(77,5,2,158)
r(297,4,2,158)
r(336,12,3,159)
w(67,5,3,159)
w(359,6,3,159)
r(136,9,3,159)
r(35,2,3,159)
w(293,5,3,159)
w(310,4,3,159)
w(76,8,3,159)
r(274,5,3,159)
r(16,5,3,159)
w(242,11,3,159)
r(321,2,3,159)
w(114,10,3,159)
w(346,3,3,159)
w(35,10,3,159)
w(297,10,3,159)
r(283,6,3,159)
w(11,5,3,159)
r(344,8,3,159)
w(43,5,3,159)
w(28,8,4,160)
r(75,4,4,160)
w(153,8,4,160)
w(357,6,4,160)
w(113,8,4,160)
w(238,5,4,160)
r(199,10,4,160)
w(42,14,4,160)
w(258,4,4,160)
w(81,10,4,160)
w(128,12,4,160)
w(278,7,4,160)
r(192,5,4,160)
w(59,12,4,160)
r(63,3,4,160)
w(45,4,4,160)
r(73,4,4,160)
w(192,6,4,160)
r(66,13,4,160)
r(64,2,4,160)
r(161,7,5,161)
r(94,9,5,161)
w(225,8,5,161)
r(83,7,5,161)
r(242,5,5,161)
w(206,5,5,161)
r(207,2,5,161)
w(55,9,5,161)
w(84,12,5,161)
w(63,8,5,161)
w(345,9,5,161)
w(322,8,5,161)
r(101,2,5,161)
r(294,11,5,161)
r(41,6,5,161)
w(106,5,5,161)
w(66,16,5,161)
r(336,3,5,161)
r(36,11,5,161)
r(55,9,5,161)
w(133,7,6,162)
r(297,4,6,162)
r(232,10,6,162)
r(209,11,6,162)
w(354,7,6,162)
r(264,10,6,162)
w(188,13,6,162)
w(138,7,6,162)
w(24,7,6,162)
w(159,15,6,162)
w(238,12,6,162)
r(306,12,6,162)
w(360,7,6,162)
w(311,9,6,162)
r(201,8,6,162)
r(270,3,6,162)
w(324,7,6,162)
r(285,8,6,162)
r(228,7,6,162)
w(46,8,6,162)
r(299,11,1,163)
r(327,11,1,163)
w(102,10,1,163)
r(243,10,1,163)
w(267,10,1,163)
w(272,2,1,163)
w(256,2,1,163)
r(138,2,1,163)
r(132,12,1,163)
r(284,11,1,163)
w(315,2,1,163)
r(26,8,1,163)
w(311,3,1,163)
w(343,2,1,163)
r(121,6,1,163)
w(49,2,1,163)
w(263,3,1,163)
w(257,2,1,163)
r(348,6,1,163)
w(290,3,1,163)
w(222,6,2,164)
r(304,4,2,164)
w(101,3,2,164)
w(37,2,2,164)
w(313,5,2,164)
r(41,6,2,164)
r(94,9,2,164)
r(96,3,2,164)
w(224,8,2,164)
r(102,10,2,164)
r(138,2,2,164)
r(134,12,2,164)
w(223,6,2,164)
w(150,11,2,164)
w(181,2,2,164)
r(313,5,2,164)
w(83,11,2,164)
w(225,6,2,164)
r(170,3,2,164)
w(159,6,2,164)
w(183,11,3,165)
w(17,4,3,165)
r(222,11,3,165)
w(4,8,3,165)
w(135,6,3,165)
r(12,2,3,165)
w(161,11,3,165)
r(206,10,3,165)
w(76,12,3,165)
w(134,4,3,165)
w(28,4,3,165)
w(295,10,3,165)
w(227,7,3,165)
r(312,11,3,165)
r(134,4,3,165)
w(54,10,3,165)
w(40,8,3,165)
r(339,3,3,165)
r(214,10,3,165)
r(269,10,3,165)
w(25,6,4,166)
r(220,6,4,166)
r(182,3,4,166)
r(94,2,4,166)
w(273,8,4,166)
r(218,11,4,166)
w(297,4,4,166)
r(340,6,4,166)
r(217,2,4,166)
r(80,2,4,166)
r(350,14,4,166)
r(106,4,4,166)
w(8,10,4,166)
w(356,3,4,166)
w(353,7,4,166)
w(69,11,4,166)
r(95,6,4,166)
w(248,11,4,166)
w(316,7,4,166)
w(12,8,4,166)
w(115,12,5,167)
w(25,5,5,167)
r(161,4,5,167)
w(214,4,5,167)
r(104,12,5,167)
r(251,1,5,167)
r(298,15,5,167)
r(254,3,5,167)
w(316,14,5,167)
r(220,6,5,167)
r(61,10,5,167)
w(308,4,5,167)
r(289,12,5,167)
w(139,5,5,167)
w(184,14,5,167)
r(289,12,5,167)
w(349,14,5,167)
r(353,2,5,167)
w(129,8,5,167)
w(129,12,5,167)
r(318,4,6,168)
r(248,5,6,168)
r(300,8,6,168)
r(44,2,6,168)
r(71,3,6,168)
w(353,9,6,168)
r(158,2,6,168)
w(343,14,6,168)
r(26,8,6,168)
w(357,7,6,168)
w(133,9,6,168)
r(236,10,6,168)
r(235,4,6,168)
w(284,8,6,168)
r(149,2,6,168)
w(197,6,6,168)
r(217,2,6,168)
r(212,6,6,168)
r(274,7,6,168)
w(319,17,6,168)
r(227,7,1,169)
w(44,2,1,169)
w(268,3,1,169)
w(350,10,1,169)
r(2,2,1,169)
r(341,14,1,169)
r(132,12,1,169)
w(84,2,1,169)
r(260,5,1,169)
r(281,12,1,169)
w(190,3,1,169)
w(204,10,1,169)
w(340,2,1,169)
w(238,10,1,169)
r(59,12,1,169)
r(244,4,1,169)
w(276,2,1,169)
r(143,9,1,169)
w(331,2,1,169)
r(221,3,1,169)
w(219,11,2,170)
r(251,1,2,170)
w(113,3,2,170)
r(351,4,2,170)
r(297,4,2,170)
w(22,4,2,170)
r(269,8,2,170)
w(234,11,2,170)
r(190,8,2,170)
w(193,11,2,170)
w(294,3,2,170)
r(308,10,2,170)
w(4,10,2,170)
w(287,11,2,170)
r(71,3,2,170)
w(4,11,2,170)
w(114,2,2,170)
w(271,11,2,170)
r(320,11,2,170)
r(303,8,2,170)
w(169,6,3,171)
w(267,4,3,171)
r(236,10,3,171)
w(172,3,3,171)
r(328,4,3,171)
r(183,11,3,171)
r(6,6,3,171)
w(41,6,3,171)
r(345,8,3,171)
r(236,10,3,171)
r(146,4,3,171)
r(23,4,3,171)
r(348,7,3,171)
w(354,3,3,171)
r(27,2,3,171)
w(288,10,3,171)
w(235,4,3,171)
r(306,12,3,171)
w(287,4,3,171)
w(113,4,3,171)
r(352,14,4,172)
r(140,3,4,172)
r(198,10,4,172)
r(158,5,4,172)
r(183,11,4,172)
r(38,5,4,172)
w(254,3,4,172)
w(191,5,4,172)
r(71,3,4,172)
r(275,3,4,172)
w(179,6,4,172)
r(129,5,4,172)
r(133,4,4,172)
w(169,5,4,172)
r(157,10,4,172)
r(47,4,4,172)
r(165,3,4,172)
r(193,14,4,172)
w(6,6,4,172)
r(77,5,4,172)
r(129,12,5,173)
r(93,5,5,173)
w(92,12,5,173)
w(261,6,5,173)
w(204,7,5,173)
w(248,5,5,173)
r(24,7,5,173)
w(333,8,5,173)
r(259,4,5,173)
w(19,5,5,173)
w(265,12,5,173)
r(205,8,5,173)
w(309,9,5,173)
w(179,8,5,173)
w(117,17,5,173)
w(327,7,5,173)
w(274,7,5,173)
w(63,12,5,173)
r(348,7,5,173)
w(24,8,5,173)
w(304,14,6,174)
r(269,8,6,174)
w(349,18,6,174)
r(314,5,6,174)
w(329,9,6,174)
r(79,4,6,174)
w(106,12,6,174)
w(313,13,6,174)
r(144,3,6,174)
w(214,8,6,174)
r(267,7,6,174)
r(89,9,6,174)
w(92,15,6,174)
r(135,5,6,174)
w(130,5,6,174)
w(287,13,6,174)
r(277,6,6,174)
r(165,10,6,174)
w(138,9,6,174)
w(222,13,6,174)
r(232,10,1,175)
r(43,14,1,175)
r(207,2,1,175)
r(49,2,1,175)
r(211,4,1,175)
r(344,8,1,175)
r(81,10,1,175)
w(165,10,1,175)
w(265,2,1,175)
r(324,12,1,175)
r(159,10,1,175)
r(180,2,1,175)
w(91,11,1,175)
w(162,3,1,175)
r(241,11,1,175)
r(290,3,1,175)
w(108,3,1,175)
r(328,2,1,175)
r(76,12,1,175)
w(104,3,1,175)
r(200,3,2,176)
r(310,4,2,176)
r(107,11,2,176)
r(359,3,2,176)
r(330,7,2,176)
r(2,2,2,176)
r(286,10,2,176)
w(138,6,2,176)
w(251,2,2,176)
r(337,4,2,176)
w(157,11,2,176)
r(138,6,2,176)
r(132,12,2,176)
w(220,2,2,176)
r(296,11,2,176)
r(254,3,2,176)
w(32,11,2,176)
r(40,10,2,176)
w(294,10,2,176)
r(24,8,2,176)
w(193,4,3,177)
w(350,5,3,177)
r(313,5,3,177)
w(88,8,3,177)
r(324,12,3,177)
r(68,15,3,177)
w(288,11,3,177)
r(39,14,3,177)
w(97,4,3,177)
w(300,6,3,177)
w(161,6,3,177)
r(105,3,3,177)
r(87,12,3,177)
r(93,3,3,177)
w(142,11,3,177)
w(161,4,3,177)
w(136,10,3,177)
w(193,5,3,177)
r(8,10,3,177)
r(212,6,3,177)
r(157,10,4,178)
r(1,8,4,178)
r(228,12,4,178)
w(116,4,4,178)
w(242,5,4,178)
w(179,4,4,178)
w(252,4,4,178)
r(153,8,4,178)
w(345,8,4,178)
w(293,7,4,178)
w(52,4,4,178)
w(127,5,4,178)
w(38,7,4,178)
r(35,10,4,178)
r(57,17,4,178)
w(224,7,4,178)
r(57,17,4,178)
w(269,5,4,178)
w(318,6,4,178)
r(248,11,4,178)
r(19,5,5,179)
r(298,15,5,179)
r(300,8,5,179)
w(78,7,5,179)
r(35,10,5,179)
w(150,15,5,179)
w(141,5,5,179)
r(147,11,5,179)
r(2,2,5,179)
r(330,7,5,179)
w(143,6,5,179)
r(160,4,5,179)
w(224,13,5,179)
r(194,5,5,179)
w(308,5,5,179)
w(101,7,5,179)
w(292,5,5,179)
w(204,9,5,179)
w(360,12,5,179)
w(196,5,5,179)
w(64,15,6,180)
r(5,10,6,180)
w(206,7,6,180)
w(145,6,6,180)
w(21,9,6,180)
w(237,12,6,180)
r(224,13,6,180)
r(168,11,6,180)
r(292,5,6,180)
w(79,9,6,180)
w(201,12,6,180)
r(96,3,6,180)
r(335,4,6,180)
r(344,7,6,180)
w(163,12,6,180)
w(299,4,6,180)
w(277,13,6,180)
r(326,4,6,180)
r(359,3,6,180)
r(66,10,6,180)
r(217,2,1,181)
w(62,3,1,181)
w(353,2,1,181)
r(54,10,1,181)
r(115,9,1,181)
w(272,3,1,181)
w(316,10,1,181)
w(228,2,1,181)
w(63,10,1,181)
w(88,10,1,181)
r(87,12,1,181)
r(353,2,1,181)
w(150,3,1,181)
w(70,2,1,181)
w(184,10,1,181)
w(131,3,1,181)
w(121,3,1,181)
w(63,11,1,181)
w(360,3,1,181)
w(13,3,1,181)
w(63,4,2,182)
r(67,8,2,182)
r(173,3,2,182)
w(144,10,2,182)
w(119,6,2,182)
r(123,5,2,182)
r(159,15,2,182)
r(212,6,2,182)
r(59,5,2,182)
r(39,4,2,182)
r(112,11,2,182)
r(165,10,2,182)
r(92,15,2,182)
w(85,6,2,182)
r(155,10,2,182)
w(93,10,2,182)
w(159,4,2,182)
w(305,5,2,182)
r(169,6,2,182)
w(135,3,2,182)
r(219,11,3,183)
w(43,8,3,183)
w(147,11,3,183)
w(345,6,3,183)
w(110,3,3,183)
w(157,4,3,183)
r(20,3,3,183)
r(189,2,3,183)
r(35,10,3,183)
r(61,4,3,183)
w(227,14,3,183)
r(219,11,3,183)
w(151,11,3,183)
r(217,2,3,183)
r(222,6,3,183)
r(39,14,3,183)
w(319,5,3,183)
r(299,11,3,183)
r(30,2,3,183)
r(26,8,3,183)
w(239,4,4,184)
w(42,15,4,184)
w(227,13,4,184)
w(267,8,4,184)
r(336,3,4,184)
r(311,3,4,184)
r(244,4,4,184)
r(355,9,4,184)
w(328,4,4,184)
w(226,4,4,184)
w(15,8,4,184)
r(7,2,4,184)
w(334,5,4,184)
w(160,4,4,184)
w(134,12,4,184)
r(147,10,4,184)
w(48,4,4,184)
w(312,5,4,184)
r(281,12,4,184)
r(291,1,4,184)
w(63,7,5,185)
r(287,11,5,185)
r(123,5,5,185)
r(43,8,5,185)
r(182,10,5,185)
w(104,14,5,185)
w(71,4,5,185)
w(68,9,5,185)
w(129,7,5,185)
r(359,3,5,185)
w(21,5,5,185)
r(138,6,5,185)
w(315,5,5,185)
w(15,12,5,185)
r(67,8,5,185)
w(325,11,5,185)
r(150,4,5,185)
r(28,7,5,185)
w(24,12,5,185)
w(297,12,5,185)
r(184,14,6,186)
w(38,13,6,186)
w(173,9,6,186)
r(285,5,6,186)
w(347,7,6,186)
r(97,4,6,186)
w(113,9,6,186)
w(266,9,6,186)
w(339,9,6,186)
w(95,9,6,186)
w(303,12,6,186)
r(260,5,6,186)
r(257,8,6,186)
r(27,2,6,186)
w(47,8,6,186)
w(143,14,6,186)
w(85,18,6,186)
r(198,10,6,186)
w(235,9,6,186)
r(74,2,6,186)
r(37,11,1,187)
r(167,11,1,187)
w(189,2,1,187)
r(266,10,1,187)
r(239,4,1,187)
r(133,4,1,187)
r(189,2,1,187)
w(228,3,1,187)
w(333,2,1,187)
w(224,10,1,187)
r(328,4,1,187)
r(294,11,1,187)
w(167,2,1,187)
r(278,7,1,187)
r(263,3,1,187)
w(224,11,1,187)
w(229,2,1,187)
r(217,2,1,187)
r(311,3,1,187)
w(158,2,1,187)
w(135,10,2,188)
w(68,11,2,188)
w(340,10,2,188)
r(87,12,2,188)
w(309,6,2,188)
r(87,12,2,188)
w(253,10,2,188)
r(293,10,2,188)
r(116,4,2,188)
w(357,10,2,188)
w(181,3,2,188)
r(244,2,2,188)
r(324,4,2,188)
r(121,3,2,188)
w(18,3,2,188)
w(209,2,2,188)
w(343,11,2,188)
w(112,6,2,188)
r(93,10,2,188)
w(219,6,2,188)
r(316,9,3,189)
w(83,6,3,189)
w(341,4,3,189)
w(327,8,3,189)
r(109,5,3,189)
w(258,11,3,189)
w(197,3,3,189)
w(221,6,3,189)
w(275,11,3,189)
r(356,10,3,189)
r(101,7,3,189)
w(98,11,3,189)
w(213,4,3,189)
w(306,5,3,189)
r(60,10,3,189)
r(79,4,3,189)
r(238,12,3,189)
r(217,6,3,189)
r(119,5,3,189)
w(150,4,3,189)
w(75,8,4,190)
w(350,12,4,190)
w(263,8,4,190)
w(266,4,4,190)
r(342,11,4,190)
r(174,3,4,190)
r(358,3,4,190)
r(160,4,4,190)
w(104,12,4,190)
w(166,11,4,190)
r(273,8,4,190)
w(135,5,4,190)
w(176,4,4,190)
r(119,5,4,190)
w(318,4,4,190)
w(269,8,4,190)
r(75,8,4,190)
r(27,2,4,190)
r(224,11,4,190)
r(46,3,4,190)
w(12,7,5,191)
w(114,6,5,191)
w(273,7,5,191)
w(210,9,5,191)
r(125,8,5,191)
w(35,6,5,191)
r(175,4,5,191)
w(38,15,5,191)
w(13,7,5,191)
r(10,4,5,191)
w(8,11,5,191)
r(48,4,5,191)
r(53,2,5,191)
w(254,11,5,191)
w(296,6,5,191)
r(35,6,5,191)
w(82,12,5,191)
w(204,14,5,191)
r(35,6,5,191)
w(344,7,5,191)
r(109,11,6,192)
w(163,7,6,192)
w(339,14,6,192)
r(111,11,6,192)
w(164,7,6,192)
w(15,9,6,192)
r(312,8,6,192)
w(47,12,6,192)
r(204,14,6,192)
w(145,4,6,192)
r(28,7,6,192)
r(56,3,6,192)
w(254,5,6,192)
w(334,15,6,192)
w(209,8,6,192)
r(231,6,6,192)
r(22,12,6,192)
r(345,6,6,192)
w(196,14,6,192)
w(285,7,6,192)
w(286,10,1,193)
r(235,4,1,193)
w(357,2,1,193)
w(277,3,1,193)
w(142,3,1,193)
w(53,2,1,193)
w(40,10,1,193)
w(342,2,1,193)
r(88,10,1,193)
w(50,2,1,193)
w(224,6,1,193)
w(270,2,1,193)
w(327,3,1,193)
r(47,4,1,193)
w(256,3,1,193)
w(84,3,1,193)
r(59,5,1,193)
w(244,2,1,193)
r(136,9,1,193)
r(317,8,1,193)
w(59,8,2,194)
w(328,3,2,194)
r(247,10,2,194)
w(36,3,2,194)
w(226,10,2,194)
r(305,5,2,194)
r(229,2,2,194)
r(284,12,2,194)
r(233,6,2,194)
w(137,10,2,194)
w(17,3,2,194)
r(61,5,2,194)
r(181,3,2,194)
r(307,15,2,194)
w(193,6,2,194)
w(24,2,2,194)
r(27,2,2,194)
r(158,8,2,194)
r(127,10,2,194)
r(229,2,2,194)
w(39,4,3,195)
r(69,11,3,195)
w(247,10,3,195)
r(92,12,3,195)
w(288,6,3,195)
w(82,5,3,195)
r(349,14,3,195)
w(118,3,3,195)
w(336,11,3,195)
r(91,11,3,195)
r(162,3,3,195)
r(326,4,3,195)
r(67,8,3,195)
r(86,12,3,195)
w(115,6,3,195)
r(148,5,3,195)
w(279,12,3,195)
r(168,11,3,195)
r(84,3,3,195)
r(320,11,3,195)
w(50,11,4,196)
r(356,4,4,196)
w(332,5,4,196)
r(180,2,4,196)
w(46,11,4,196)
r(287,4,4,196)
r(43,14,4,196)
r(173,3,4,196)
w(234,9,4,196)
w(145,3,4,196)
w(176,5,4,196)
r(131,3,4,196)
w(190,8,4,196)
w(205,8,4,196)
r(215,2,4,196)
w(289,12,4,196)
r(154,8,4,196)
w(281,5,4,196)
w(42,13,4,196)
w(295,11,4,196)
r(22,12,5,197)
w(18,9,5,197)
w(112,7,5,197)
r(292,5,5,197)
w(4,14,5,197)
r(71,4,5,197)
w(313,14,5,197)
w(300,12,5,197)
r(250,6,5,197)
r(211,4,5,197)
w(5,5,5,197)
w(160,12,5,197)
w(131,8,5,197)
r(263,8,5,197)
r(142,8,5,197)
r(193,10,5,197)
w(75,12,5,197)
r(82,12,5,197)
r(136,10,5,197)
r(281,4,5,197)
w(10,15,6,198)
r(26,8,6,198)
w(107,14,6,198)
r(344,7,6,198)
w(253,9,6,198)
r(8,11,6,198)
w(113,14,6,198)
w(42,16,6,198)
w(340,7,6,198)
r(129,4,6,198)
r(66,9,6,198)
w(4,16,6,198)
w(216,14,6,198)
r(95,9,6,198)
r(54,10,6,198)
r(253,9,6,198)
r(330,7,6,198)
r(85,18,6,198)
r(330,7,6,198)
w(199,12,6,198)
w(299,3,1,199)
w(31,2,1,199)
r(273,8,1,199)
r(22,12,1,199)
w(188,10,1,199)
r(214,4,1,199)
w(170,2,1,199)
r(274,7,1,199)
r(144,3,1,199)
w(56,3,1,199)
w(190,10,1,199)
w(344,2,1,199)
w(347,10,1,199)
r(170,2,1,199)
w(216,3,1,199)
w(272,10,1,199)
r(18,7,1,199)
w(358,2,1,199)
r(45,4,1,199)
w(352,10,1,199)
r(342,3,2,200)
r(64,9,2,200)
r(353,14,2,200)
w(87,2,2,200)
w(191,6,2,200)
r(38,10,2,200)
r(193,6,2,200)
r(239,4,2,200)
w(78,6,2,200)
w(221,10,2,200)
r(268,13,2,200)
r(278,7,2,200)
w(224,12,2,200)
r(103,2,2,200)
r(18,3,2,200)
r(206,7,2,200)
r(115,4,2,200)
w(104,6,2,200)
r(35,6,2,200)
r(304,10,2,200)
w(130,6,3,201)
w(17,5,3,201)
r(291,1,3,201)
w(316,6,3,201)
r(251,2,3,201)
w(327,12,3,201)
w(124,5,3,201)
w(127,10,3,201)
w(261,3,3,201)
w(221,4,3,201)
r(156,6,3,201)
w(281,4,3,201)
w(348,4,3,201)
r(87,12,3,201)
w(10,4,3,201)
w(158,11,3,201)
w(4,7,3,201)
r(250,6,3,201)
r(31,2,3,201)
r(305,13,3,201)
w(47,6,4,202)
w(139,4,4,202)
w(95,4,4,202)
w(68,12,4,202)
r(240,7,4,202)
w(140,11,4,202)
w(93,5,4,202)
w(14,4,4,202)
r(27,2,4,202)
r(212,6,4,202)
r(111,11,4,202)
r(209,11,4,202)
w(344,4,4,202)
w(177,4,4,202)
w(92,5,4,202)
r(163,6,4,202)
r(171,11,4,202)
w(230,6,4,202)
r(1,8,4,202)
r(112,11,4,202)
r(222,3,5,203)
r(257,8,5,203)
r(200,3,5,203)
w(21,8,5,203)
r(23,4,5,203)
r(215,2,5,203)
r(177,4,5,203)
w(25,8,5,203)
w(313,15,5,203)
r(16,5,5,203)
w(158,8,5,203)
w(271,9,5,203)
r(190,10,5,203)
r(359,3,5,203)
w(143,4,5,203)
r(247,10,5,203)
r(90,6,5,203)
r(240,7,5,203)
w(108,6,5,203)
r(61,4,5,203)
r(26,8,6,204)
r(64,9,6,204)
r(275,11,6,204)
r(205,8,6,204)
w(155,5,6,204)
r(205,8,6,204)
w(259,7,6,204)
r(63,4,6,204)
w(251,6,6,204)
w(6,8,6,204)
r(155,5,6,204)
w(284,12,6,204)
r(172,4,6,204)
w(15,14,6,204)
w(240,9,6,204)
r(86,7,6,204)
r(87,12,6,204)
w(163,9,6,204)
w(353,14,6,204)
r(176,8,6,204)
r(359,3,1,205)
w(249,2,1,205)
r(216,3,1,205)
r(301,14,1,205)
r(321,10,1,205)
r(263,8,1,205)
r(5,10,1,205)
r(101,7,1,205)
r(125,8,1,205)
w(188,11,1,205)
w(193,10,1,205)
w(222,3,1,205)
w(139,2,1,205)
r(298,5,1,205)
r(9,4,1,205)
r(8,10,1,205)
r(234,11,1,205)
r(243,10,1,205)
w(256,10,1,205)
r(344,2,1,205)
w(97,11,2,206)
r(103,2,2,206)
w(210,10,2,206)
r(309,6,2,206)
w(66,4,2,206)
w(55,4,2,206)
w(134,11,2,206)
r(331,2,2,206)
w(84,6,2,206)
r(125,8,2,206)
w(46,2,2,206)
w(75,6,2,206)
r(266,9,2,206)
w(76,11,2,206)
w(250,4,2,206)
w(319,3,2,206)
r(352,11,2,206)
r(197,10,2,206)
w(351,10,2,206)
w(189,10,2,206)
r(53,10,3,207)
r(321,10,3,207)
r(136,10,3,207)
w(297,11,3,207)
w(317,6,3,207)
w(17,8,3,207)
r(359,3,3,207)
w(234,4,3,207)
r(79,4,3,207)
w(100,5,3,207)
w(179,10,3,207)
w(79,5,3,207)
w(273,5,3,207)
w(90,6,3,207)
r(283,11,3,207)
w(285,5,3,207)
w(353,5,3,207)
w(328,10,3,207)
r(14,4,3,207)
r(155,10,3,207)
w(86,8,4,208)
w(92,8,4,208)
r(211,4,4,208)
w(336,7,4,208)
w(356,10,4,208)
r(13,3,4,208)
r(359,3,4,208)
w(270,3,4,208)
w(52,5,4,208)
w(125,8,4,208)
r(108,3,4,208)
r(128,6,4,208)
w(123,5,4,208)
w(228,7,4,208)
r(235,4,4,208)
w(321,10,4,208)
r(247,5,4,208)
w(259,4,4,208)
w(307,9,4,208)
w(332,8,4,208)
w(209,4,5,209)
w(152,6,5,209)
w(64,9,5,209)
w(150,13,5,209)
w(310,9,5,209)
r(311,9,5,209)
r(346,3,5,209)
w(249,8,5,209)
w(346,6,5,209)
r(63,4,5,209)
r(294,10,5,209)
r(255,3,5,209)
r(23,4,5,209)
w(100,8,5,209)
r(22,12,5,209)
r(107,11,5,209)
r(329,3,5,209)
r(269,8,5,209)
w(86,7,5,209)
r(95,9,5,209)
w(58,9,6,210)
w(126,4,6,210)
w(287,17,6,210)
w(334,13,6,210)
r(154,12,6,210)
r(293,15,6,210)
w(73,8,6,210)
r(56,3,6,210)
r(75,12,6,210)
r(247,10,6,210)
r(287,17,6,210)
w(39,15,6,210)
w(295,4,6,210)
r(174,3,6,210)
w(170,14,6,210)
r(201,12,6,210)
w(157,9,6,210)
r(79,7,6,210)
r(115,4,6,210)
w(288,9,6,210)
r(162,3,1,211)
r(280,2,1,211)
r(337,4,1,211)
r(9,11,1,211)
r(311,9,1,211)
r(337,4,1,211)
w(66,10,1,211)
w(146,11,1,211)
r(43,8,1,211)
r(174,3,1,211)
r(60,10,1,211)
r(273,7,1,211)
w(360,10,1,211)
w(301,3,1,211)
r(228,7,1,211)
r(306,5,1,211)
r(197,3,1,211)
r(31,2,1,211)
r(226,4,1,211)
r(258,11,1,211)
w(306,6,2,212)
w(141,3,2,212)
w(102,4,2,212)
w(60,3,2,212)
r(18,3,2,212)
r(142,8,2,212)
w(347,4,2,212)
w(36,10,2,212)
w(101,10,2,212)
w(317,11,2,212)
w(66,5,2,212)
r(327,12,2,212)
w(112,4,2,212)
w(249,11,2,212)
r(10,15,2,212)
r(261,3,2,212)
r(32,11,2,212)
w(285,10,2,212)
r(319,3,2,212)
w(134,6,2,212)
r(227,14,3,213)
w(336,6,3,213)
r(134,12,3,213)
r(268,13,3,213)
w(221,5,3,213)
w(45,3,3,213)
w(29,4,3,213)
w(25,11,3,213)
r(6,6,3,213)
r(104,14,3,213)
w(286,4,3,213)
r(144,10,3,213)
w(292,11,3,213)
w(115,4,3,213)
w(310,8,3,213)
r(188,11,3,213)
w(267,5,3,213)
w(131,6,3,213)
r(284,2,3,213)
w(109,11,3,213)
w(61,4,4,214)
w(52,8,4,214)
w(206,6,4,214)
r(194,5,4,214)
r(331,2,4,214)
w(316,9,4,214)
r(274,11,4,214)
r(318,4,4,214)
w(277,6,4,214)
r(140,11,4,214)
w(210,8,4,214)
w(307,14,4,214)
w(104,7,4,214)
r(21,6,4,214)
w(86,12,4,214)
w(304,5,4,214)
r(292,4,4,214)
w(70,6,4,214)
r(17,13,4,214)
w(300,8,4,214)
w(210,14,5,215)
w(131,12,5,215)
r(176,8,5,215)
w(131,7,5,215)
r(290,3,5,215)
w(136,12,5,215)
r(8,11,5,215)
w(58,8,5,215)
w(288,12,5,215)
r(297,2,5,215)
w(307,15,5,215)
r(305,5,5,215)
w(117,16,5,215)
r(97,3,5,215)
w(283,12,5,215)
r(192,6,5,215)
w(79,7,5,215)
r(251,2,5,215)
r(178,10,5,215)
r(121,3,5,215)
r(121,3,6,216)
r(64,9,6,216)
w(66,18,6,216)
w(160,15,6,216)
w(13,14,6,216)
w(1,7,6,216)
w(272,5,6,216)
w(199,7,6,216)
w(195,13,6,216)
r(223,9,6,216)
w(246,8,6,216)
r(343,5,6,216)
r(98,11,6,216)
r(344,7,6,216)
r(103,2,6,216)
w(281,14,6,216)
r(123,5,6,216)
r(348,4,6,216)
r(351,10,6,216)
r(310,9,6,216)
r(280,2,1,217)
w(83,2,1,217)
r(301,3,1,217)
r(337,4,1,217)
w(352,11,1,217)
w(250,2,1,217)
w(266,2,1,217)
w(161,2,1,217)
r(320,11,1,217)
r(298,5,1,217)
w(234,2,1,217)
w(329,3,1,217)
w(284,2,1,217)
w(274,10,1,217)
w(155,2,1,217)
r(194,5,1,217)
w(304,10,1,217)
w(195,3,1,217)
w(84,10,1,217)
w(334,2,1,217)
w(278,11,2,218)
r(312,8,2,218)
w(218,10,2,218)
w(107,10,2,218)
r(316,4,2,218)
r(72,6,2,218)
w(235,10,2,218)
r(206,7,2,218)
w(226,11,2,218)
w(163,10,2,218)
w(292,10,2,218)
w(352,12,2,218)
w(17,10,2,218)
r(42,2,2,218)
r(296,6,2,218)
w(319,10,2,218)
r(322,4,2,218)
r(289,12,2,218)
w(222,4,2,218)
r(12,7,2,218)
w(80,6,3,219)
w(62,8,3,219)
w(42,12,3,219)
w(147,6,3,219)
r(57,17,3,219)
r(48,4,3,219)
w(3,5,3,219)
w(133,5,3,219)
w(57,9,3,219)
r(331,2,3,219)
r(160,12,3,219)
w(338,4,3,219)
w(14,6,3,219)
w(66,9,3,219)
w(306,8,3,219)
r(214,8,3,219)
r(292,11,3,219)
r(42,12,3,219)
r(216,3,3,219)
w(18,11,3,219)
w(176,8,4,220)
r(339,3,4,220)
w(172,4,4,220)
w(217,6,4,220)
w(326,4,4,220)
r(106,5,4,220)
r(51,5,4,220)
r(324,7,4,220)
w(233,6,4,220)
r(305,13,4,220)
w(296,10,4,220)
w(122,4,4,220)
w(324,4,4,220)
w(5,10,4,220)
w(154,12,4,220)
r(51,5,4,220)
w(309,12,4,220)
w(298,5,4,220)
w(22,12,4,220)
r(20,3,4,220)
r(177,4,5,221)
w(110,12,5,221)
w(141,8,5,221)
w(136,7,5,221)
w(329,8,5,221)
w(188,15,5,221)
r(325,2,5,221)
r(129,4,5,221)
r(358,2,5,221)
r(156,6,5,221)
w(146,17,5,221)
r(256,10,5,221)
w(25,12,5,221)
w(94,12,5,221)
w(208,5,5,221)
r(73,4,5,221)
r(336,6,5,221)
r(21,8,5,221)
w(293,15,5,221)
w(308,8,5,221)
w(301,15,6,222)
r(113,5,6,222)
w(118,5,6,222)
w(136,14,6,222)
w(107,15,6,222)
w(357,9,6,222)
r(345,14,6,222)
r(312,6,6,222)
w(88,14,6,222)
w(221,16,6,222)
r(224,4,6,222)
w(253,14,6,222)
r(7,2,6,222)
r(215,4,6,222)
w(141,14,6,222)
r(340,10,6,222)
r(150,13,6,222)
r(77,10,6,222)
w(157,14,6,222)
r(58,9,6,222)
w(38,10,1,223)
w(97,3,1,223)
r(231,6,1,223)
r(16,5,1,223)
w(342,3,1,223)
r(306,5,1,223)
w(297,2,1,223)
r(79,9,1,223)
r(204,14,1,223)
r(39,4,1,223)
w(92,10,1,223)
w(325,2,1,223)
r(189,2,1,223)
w(293,10,1,223)
w(80,3,1,223)
r(190,10,1,223)
w(44,3,1,223)
r(321,10,1,223)
r(115,4,1,223)
r(91,11,1,223)
r(168,11,2,224)
r(39,15,2,224)
w(51,2,2,224)
w(82,3,2,224)
r(2,2,2,224)
r(7,2,2,224)
r(24,6,2,224)
r(264,4,2,224)
r(298,5,2,224)
w(158,3,2,224)
w(132,4,2,224)
w(355,3,2,224)
w(73,3,2,224)
w(173,11,2,224)
w(42,6,2,224)
w(165,11,2,224)
r(22,12,2,224)
r(144,10,2,224)
r(88,8,2,224)
r(31,2,2,224)
w(242,6,3,225)
w(157,5,3,225)
r(74,2,3,225)
w(198,6,3,225)
r(19,5,3,225)
r(1,8,3,225)
r(225,6,3,225)
w(120,4,3,225)
r(62,8,3,225)
w(126,10,3,225)
w(197,10,3,225)
w(146,12,3,225)
w(354,10,3,225)
w(322,6,3,225)
r(223,9,3,225)
w(324,11,3,225)
w(258,6,3,225)
w(85,9,3,225)
w(314,3,3,225)
r(272,10,3,225)
w(217,4,4,226)
w(53,10,4,226)
w(312,8,4,226)
w(18,6,4,226)
w(9,11,4,226)
r(209,11,4,226)
r(3,6,4,226)
w(338,5,4,226)
r(54,10,4,226)
w(277,5,4,226)
r(340,2,4,226)
r(122,4,4,226)
w(84,8,4,226)
w(142,8,4,226)
w(129,4,4,226)
w(304,8,4,226)
w(288,5,4,226)
r(172,4,4,226)
w(305,12,4,226)
w(219,5,4,226)
w(139,12,5,227)
w(233,12,5,227)
w(341,9,5,227)
w(153,7,5,227)
r(335,4,5,227)
w(345,14,5,227)
r(89,9,5,227)
r(348,4,5,227)
w(137,12,5,227)
w(349,15,5,227)
r(304,10,5,227)
w(37,4,5,227)
r(171,11,5,227)
w(241,4,5,227)
r(101,10,5,227)
r(66,5,5,227)
r(37,4,5,227)
r(194,8,5,227)
w(206,8,5,227)
w(264,4,5,227)
w(257,12,6,228)
r(5,5,6,228)
r(302,4,6,228)
w(338,14,6,228)
r(340,5,6,228)
r(125,8,6,228)
w(324,9,6,228)
r(246,2,6,228)
w(302,8,6,228)
r(137,12,6,228)
w(75,9,6,228)
w(202,8,6,228)
w(270,4,6,228)
w(275,7,6,228)
r(354,11,6,228)
w(44,13,6,228)
w(197,4,6,228)
r(241,4,6,228)
w(44,17,6,228)
w(288,14,6,228)
r(105,3,1,229)
w(269,2,1,229)
r(280,2,1,229)
r(8,11,1,229)
w(245,2,1,229)
w(62,10,1,229)
r(328,3,1,229)
w(313,11,1,229)
r(135,10,1,229)
w(283,2,1,229)
r(305,5,1,229)
w(42,2,1,229)
r(261,3,1,229)
w(36,2,1,229)
w(330,3,1,229)
w(212,2,1,229)
r(180,2,1,229)
w(19,11,1,229)
w(262,10,1,229)
w(305,10,1,229)
r(358,2,2,230)
r(153,7,2,230)
w(127,2,2,230)
r(78,6,2,230)
w(282,10,2,230)
w(93,11,2,230)
r(293,15,2,230)
r(148,5,2,230)
w(343,6,2,230)
w(29,11,2,230)
r(132,4,2,230)
r(326,8,2,230)
r(31,2,2,230)
r(192,6,2,230)
w(358,10,2,230)
r(299,4,2,230)
r(235,10,2,230)
w(259,10,2,230)
w(273,6,2,230)
w(243,11,2,230)
r(313,7,3,231)
w(47,10,3,231)
w(111,2,3,231)
w(167,4,3,231)
r(49,2,3,231)
r(82,12,3,231)
w(215,4,3,231)
r(287,17,3,231)
w(256,12,3,231)
w(160,10,3,231)
r(301,3,3,231)
r(186,8,3,231)
r(274,10,3,231)
r(71,4,3,231)
r(308,8,3,231)
w(345,4,3,231)
r(55,9,3,231)
r(200,3,3,231)
r(352,11,3,231)
w(177,11,3,231)
w(349,7,4,232)
w(223,9,4,232)
r(172,4,4,232)
w(208,11,4,232)
r(33,3,4,232)
w(276,11,4,232)
w(61,5,4,232)
w(208,6,4,232)
w(29,12,4,232)
r(203,12,4,232)
w(102,12,4,232)
r(210,14,4,232)
w(110,4,4,232)
r(22,12,4,232)
w(156,5,4,232)
r(167,2,4,232)
r(183,11,4,232)
r(330,7,4,232)
w(183,4,4,232)
w(350,7,4,232)
w(141,12,5,233)
r(195,13,5,233)
r(249,11,5,233)
w(326,8,5,233)
r(75,6,5,233)
r(219,6,5,233)
w(243,12,5,233)
w(152,4,5,233)
r(140,11,5,233)
r(92,10,5,233)
w(145,10,5,233)
w(87,4,5,233)
w(115,7,5,233)
w(88,7,5,233)
w(211,9,5,233)
w(80,13,5,233)
r(181,3,5,233)
w(36,8,5,233)
r(155,5,5,233)
w(264,5,5,233)
w(21,14,6,234)
r(181,3,6,234)
r(64,9,6,234)
r(45,5,6,234)
w(217,8,6,234)
r(189,10,6,234)
r(46,6,6,234)
w(8,6,6,234)
r(114,4,6,234)
r(315,5,6,234)
w(326,7,6,234)
w(258,8,6,234)
w(141,15,6,234)
w(317,12,6,234)
w(360,9,6,234)
w(47,7,6,234)
r(23,3,6,234)
r(280,5,6,234)
w(218,5,6,234)
w(216,15,6,234)
r(98,11,1,235)
r(129,4,1,235)
w(117,2,1,235)
w(191,10,1,235)
r(77,10,1,235)
r(297,2,1,235)
w(34,3,1,235)
w(133,3,1,235)
r(56,3,1,235)
r(339,14,1,235)
r(62,10,1,235)
w(15,3,1,235)
r(50,11,1,235)
r(226,10,1,235)
w(116,3,1,235)
r(17,3,1,235)
w(287,10,1,235)
r(164,7,1,235)
w(326,3,1,235)
w(338,10,1,235)
r(202,8,2,236)
w(85,4,2,236)
r(39,15,2,236)
r(289,6,2,236)
r(70,6,2,236)
w(274,6,2,236)
r(216,8,2,236)
r(78,4,2,236)
r(187,3,2,236)
w(176,10,2,236)
w(205,6,2,236)
w(100,6,2,236)
w(327,4,2,236)
w(169,10,2,236)
r(318,4,2,236)
w(123,2,2,236)
r(45,5,2,236)
w(185,10,2,236)
w(349,11,2,236)
w(302,3,2,236)
w(170,4,3,237)
r(189,10,3,237)
w(57,14,3,237)
r(175,4,3,237)
r(300,12,3,237)
r(308,8,3,237)
w(316,4,3,237)
w(113,5,3,237)
r(205,8,3,237)
w(47,11,3,237)
r(68,11,3,237)
r(299,4,3,237)
w(77,10,3,237)
r(109,11,3,237)
r(210,10,3,237)
r(70,6,3,237)
r(297,2,3,237)
r(201,12,3,237)
w(234,5,3,237)
r(10,15,3,237)
w(258,5,4,238)
w(34,4,4,238)
r(22,12,4,238)
r(84,10,4,238)
w(314,6,4,238)
r(236,10,4,238)
w(199,5,4,238)
r(312,8,4,238)
w(112,12,4,238)
w(313,7,4,238)
w(24,6,4,238)
r(87,12,4,238)
r(85,9,4,238)
w(325,10,4,238)
w(107,8,4,238)
w(194,8,4,238)
w(281,8,4,238)
r(344,7,4,238)
w(251,11,4,238)
r(216,14,4,238)
r(234,8,5,239)
w(4,15,5,239)
r(106,2,5,239)
w(83,9,5,239)
r(322,4,5,239)
r(22,12,5,239)
r(64,9,5,239)
r(342,3,5,239)
w(352,16,5,239)
w(242,7,5,239)
r(298,5,5,239)
r(44,3,5,239)
r(239,5,5,239)
w(33,8,5,239)
w(89,8,5,239)
r(277,13,5,239)
r(217,4,5,239)
w(118,11,5,239)
w(242,9,5,239)
r(181,3,5,239)
w(40,14,6,240)
w(3,9,6,240)
w(347,9,6,240)
r(36,8,6,240)
r(73,3,6,240)
r(160,11,6,240)
r(121,3,6,240)
w(208,7,6,240)
r(11,14,6,240)
w(299,5,6,240)
r(249,11,6,240)
r(329,5,6,240)
w(306,7,6,240)
w(153,9,6,240)
w(268,17,6,240)
r(70,6,6,240)
w(163,14,6,240)
w(91,7,6,240)
w(187,5,6,240)
w(163,15,6,240)
w(112,10,1,241)
w(214,2,1,241)
w(224,4,1,241)
w(85,11,1,241)
w(176,2,1,241)
w(21,2,1,241)
w(59,11,1,241)
w(49,3,1,241)
w(23,3,1,241)
r(72,6,1,241)
w(152,2,1,241)
w(303,10,1,241)
r(261,3,1,241)
w(205,3,1,241)
r(203,12,1,241)
w(203,2,1,241)
r(293,15,1,241)
r(328,3,1,241)
w(250,3,1,241)
w(228,10,1,241)
w(220,3,2,242)
r(279,7,2,242)
r(303,10,2,242)
w(50,10,2,242)
r(7,2,2,242)
r(190,10,2,242)
w(289,3,2,242)
r(210,5,2,242)
w(269,11,2,242)
w(350,11,2,242)
r(333,5,2,242)
w(65,10,2,242)
w(279,5,2,242)
w(319,11,2,242)
w(262,4,2,242)
r(116,3,2,242)
r(329,8,2,242)
r(34,3,2,242)
r(246,2,2,242)
w(128,4,2,242)
r(45,3,3,243)
w(45,10,3,243)
r(154,12,3,243)
w(236,4,3,243)
r(105,3,3,243)
w(294,4,3,243)
w(251,3,3,243)
w(300,4,3,243)
r(5,5,3,243)
w(333,11,3,243)
w(17,12,3,243)
r(111,2,3,243)
w(134,5,3,243)
r(338,10,3,243)
w(312,6,3,243)
r(101,10,3,243)
w(341,5,3,243)
r(323,5,3,243)
w(149,11,3,243)
r(236,4,3,243)
r(218,11,4,244)
r(83,2,4,244)
r(60,10,4,244)
r(269,2,4,244)
w(273,12,4,244)
w(178,4,4,244)
r(136,7,4,244)
w(322,4,4,244)
w(172,5,4,244)
w(343,5,4,244)
r(358,2,4,244)
r(153,8,4,244)
r(84,6,4,244)
r(11,14,4,244)
r(56,3,4,244)
r(75,6,4,244)
w(195,7,4,244)
w(30,11,4,244)
r(278,7,4,244)
w(211,5,4,244)
r(299,4,5,245)
r(69,11,5,245)
w(349,13,5,245)
r(94,12,5,245)
r(318,4,5,245)
w(143,8,5,245)
w(307,13,5,245)
r(88,14,5,245)
r(264,5,5,245)
r(37,4,5,245)
r(71,4,5,245)
w(59,15,5,245)
w(171,3,5,245)
w(155,4,5,245)
r(278,11,5,245)
r(290,3,5,245)
w(194,14,5,245)
r(309,6,5,245)
w(149,5,5,245)
r(14,6,5,245)
r(165,11,6,246)
r(2,10,6,246)
w(38,17,6,246)
w(30,8,6,246)
r(51,2,6,246)
w(179,9,6,246)
r(3,9,6,246)
r(268,17,6,246)
w(127,7,6,246)
w(57,18,6,246)
w(76,17,6,246)
r(263,8,6,246)
w(267,9,6,246)
r(65,10,6,246)
r(152,4,6,246)
r(265,12,6,246)
w(244,5,6,246)
w(353,15,6,246)
r(117,15,6,246)
w(312,14,6,246)
w(292,2,1,247)
r(27,2,1,247)
w(213,3,1,247)
r(47,11,1,247)
w(177,2,1,247)
r(251,3,1,247)
w(91,6,1,247)
w(124,3,1,247)
r(22,12,1,247)
r(347,4,1,247)
r(352,12,1,247)
w(117,3,1,247)
r(122,4,1,247)
w(337,2,1,247)
r(96,3,1,247)
r(277,13,1,247)
r(268,13,1,247)
w(48,3,1,247)
r(100,8,1,247)
r(249,11,1,247)
r(72,6,2,248)
w(236,11,2,248)
r(192,6,2,248)
w(103,3,2,248)
w(332,10,2,248)
r(185,10,2,248)
r(296,6,2,248)
r(159,4,2,248)
w(62,4,2,248)
w(198,11,2,248)
r(251,3,2,248)
r(291,1,2,248)
w(288,3,2,248)
r(253,14,2,248)
r(172,5,2,248)
r(328,5,2,248)
r(291,1,2,248)
r(111,3,2,248)
w(340,11,2,248)
r(91,6,2,248)
r(186,8,3,249)
w(194,4,3,249)
w(79,8,3,249)
r(20,3,3,249)
w(269,6,3,249)
w(209,3,3,249)
r(8,11,3,249)
r(17,12,3,249)
w(170,5,3,249)
w(75,5,3,249)
r(68,11,3,249)
w(289,6,3,249)
w(60,11,3,249)
w(234,8,3,249)
w(230,11,3,249)
w(106,2,3,249)
w(132,8,3,249)
w(260,11,3,249)
w(266,6,3,249)
w(228,8,3,249)
r(63,4,4,250)
r(253,10,4,250)
w(334,8,4,250)
w(67,12,4,250)
w(180,5,4,250)
r(83,2,4,250)
r(301,3,4,250)
r(274,10,4,250)
r(137,12,4,250)
w(332,12,4,250)
r(159,4,4,250)
r(228,7,4,250)
w(166,6,4,250)
w(166,4,4,250)
w(52,12,4,250)
r(346,6,4,250)
w(10,12,4,250)
w(154,7,4,250)
r(38,10,4,250)
r(88,8,4,250)
w(304,9,5,251)
w(255,10,5,251)
r(152,4,5,251)
r(133,3,5,251)
w(280,5,5,251)
w(174,10,5,251)
r(27,2,5,251)
w(20,6,5,251)
w(245,9,5,251)
w(237,8,5,251)
r(18,5,5,251)
r(78,4,5,251)
r(140,11,5,251)
r(213,3,5,251)
w(187,11,5,251)
r(212,2,5,251)
r(296,6,5,251)
r(8,11,5,251)
w(225,12,5,251)
w(39,8,5,251)
w(125,13,6,252)
w(285,14,6,252)
r(55,8,6,252)
r(159,4,6,252)
w(85,19,6,252)
r(267,9,6,252)
r(111,3,6,252)
r(112,8,6,252)
w(286,9,6,252)
w(218,8,6,252)
r(19,11,6,252)
w(144,15,6,252)
r(189,10,6,252)
r(184,11,6,252)
w(127,9,6,252)
r(50,10,6,252)
r(301,11,6,252)
r(19,11,6,252)
w(252,14,6,252)
r(281,10,6,252)
r(258,5,1,253)
w(128,3,1,253)
r(248,5,1,253)
w(348,10,1,253)
r(327,12,1,253)
w(246,2,1,253)
w(154,3,1,253)
r(12,7,1,253)
w(42,3,1,253)
w(134,2,1,253)
r(337,2,1,253)
r(300,4,1,253)
w(313,6,1,253)
r(26,8,1,253)
r(45,10,1,253)
w(96,2,1,253)
r(140,11,1,253)
w(343,3,1,253)
r(200,3,1,253)
r(222,4,1,253)
r(176,10,2,254)
r(294,4,2,254)
w(140,10,2,254)
r(155,4,2,254)
w(246,11,2,254)
w(96,10,2,254)
w(204,4,2,254)
r(244,2,2,254)
w(326,11,2,254)
r(30,3,2,254)
r(69,11,2,254)
w(301,11,2,254)
w(88,4,2,254)
w(9,3,2,254)
r(356,10,2,254)
r(282,10,2,254)
r(318,4,2,254)
w(174,2,2,254)
w(77,2,2,254)
w(242,10,2,254)
w(112,8,3,255)
r(76,11,3,255)
r(291,1,3,255)
r(10,12,3,255)
r(239,5,3,255)
w(239,11,3,255)
r(215,4,3,255)
r(177,2,3,255)
r(350,7,3,255)
w(90,4,3,255)
w(101,4,3,255)
w(55,8,3,255)
r(198,6,3,255)
w(127,11,3,255)
r(354,10,3,255)
w(279,7,3,255)
r(346,6,3,255)
w(287,5,3,255)
r(151,11,3,255)
w(41,4,3,255)
r(327,12,4,256)
r(44,3,4,256)
w(340,5,4,256)
w(239,5,4,256)
r(269,2,4,256)
r(230,6,4,256)
w(317,5,4,256)
w(226,5,4,256)
r(318,4,4,256)
w(331,10,4,256)
w(193,12,4,256)
r(143,4,4,256)
r(151,11,4,256)
r(268,13,4,256)
r(330,3,4,256)
r(132,4,4,256)
r(324,11,4,256)
w(214,6,4,256)
r(158,3,4,256)
w(345,12,4,256)
w(216,7,5,257)
r(246,2,5,257)
r(93,11,5,257)
w(114,4,5,257)
r(93,11,5,257)
w(271,14,5,257)
r(124,3,5,257)
r(187,11,5,257)
r(173,2,5,257)
w(211,14,5,257)
r(111,3,5,257)
r(324,9,5,257)
r(86,11,5,257)
r(329,8,5,257)
w(88,9,5,257)
r(313,6,5,257)
w(198,5,5,257)
w(146,16,5,257)
w(87,5,5,257)
w(105,6,5,257)
r(27,2,6,258)
w(147,8,6,258)
r(301,11,6,258)
w(178,7,6,258)
w(347,14,6,258)
w(154,14,6,258)
r(3,9,6,258)
w(78,15,6,258)
r(51,2,6,258)
w(37,5,6,258)
w(223,13,6,258)
r(295,3,6,258)
w(213,14,6,258)
w(184,16,6,258)
r(51,2,6,258)
w(92,13,6,258)
w(29,2,1,259)
r(236,4,1,259)
r(43,8,1,259)
r(237,12,1,259)
r(46,6,1,259)
r(54,10,1,259)
r(48,3,1,259)
r(40,10,1,259)
w(307,2,1,259)
r(325,10,1,259)
w(173,2,1,259)
r(265,12,1,259)
r(306,6,1,259)
r(130,6,1,259)
r(265,12,1,259)
w(344,3,1,259)
r(342,3,1,259)
r(210,12,1,259)
w(2,10,1,259)
r(121,3,1,259)
r(298,11,2,260)
r(33,8,2,260)
w(255,2,2,260)
r(277,8,2,260)
w(184,12,2,260)
w(99,6,2,260)
w(280,10,2,260)
w(84,4,2,260)
r(320,3,2,260)
r(202,8,2,260)
w(172,2,2,260)
w(241,2,2,260)
w(227,11,2,260)
r(199,7,2,260)
r(311,9,2,260)
w(186,3,2,260)
r(165,11,2,260)
r(307,2,2,260)
w(137,11,2,260)
r(97,8,2,260)
w(344,11,3,261)
w(300,5,3,261)
r(101,4,3,261)
r(358,10,3,261)
r(22,12,3,261)
w(259,11,3,261)
r(275,11,3,261)
r(23,3,3,261)
w(1,4,3,261)
w(28,5,3,261)
w(9,10,3,261)
w(89,4,3,261)
r(237,12,3,261)
w(293,8,3,261)
w(144,6,3,261)
w(187,3,3,261)
w(86,11,3,261)
r(257,8,3,261)
w(276,10,3,261)
w(78,4,3,261)
w(158,6,4,262)
r(272,5,4,262)
r(331,10,4,262)
r(180,5,4,262)
w(210,12,4,262)
r(218,10,4,262)
r(176,2,4,262)
w(175,11,4,262)
r(348,4,4,262)
r(219,6,4,262)
w(193,7,4,262)
w(211,8,4,262)
w(117,15,4,262)
w(18,4,4,262)
w(31,11,4,262)
w(131,5,4,262)
w(218,4,4,262)
r(116,3,4,262)
r(120,4,4,262)
w(319,14,4,262)
w(256,7,5,263)
r(127,11,5,263)
w(268,14,5,263)
w(245,14,5,263)
w(212,11,5,263)
r(354,11,5,263)
w(146,18,5,263)
r(194,14,5,263)
w(23,7,5,263)
w(289,7,5,263)
w(283,7,5,263)
w(60,6,5,263)
r(25,12,5,263)
r(148,4,5,263)
r(174,10,5,263)
w(125,14,5,263)
w(357,5,5,263)
r(251,3,5,263)
r(332,12,5,263)
w(312,7,5,263)
w(308,12,6,264)
w(346,8,6,264)
w(351,5,6,264)
r(72,6,6,264)
w(328,8,6,264)
w(125,17,6,264)
w(306,9,6,264)
w(138,14,6,264)
r(297,2,6,264)
r(236,11,6,264)
w(113,13,6,264)
w(120,14,6,264)
w(228,15,6,264)
w(354,9,6,264)
w(25,7,6,264)
r(303,10,6,264)
r(98,3,6,264)
r(175,6,6,264)
r(27,2,6,264)
r(176,10,6,264)
r(269,6,1,265)
r(305,10,1,265)
r(17,12,1,265)
w(156,2,1,265)
r(247,10,1,265)
w(109,3,1,265)
w(78,10,1,265)
w(134,3,1,265)
r(288,14,1,265)
r(272,5,1,265)
r(237,8,1,265)
w(290,10,1,265)
w(215,10,1,265)
r(334,8,1,265)
r(330,3,1,265)
r(241,4,1,265)
r(334,8,1,265)
w(334,3,1,265)
w(286,11,1,265)
r(19,11,1,265)
r(48,3,2,266)
w(12,3,2,266)
w(226,6,2,266)
w(117,5,2,266)
r(43,9,2,266)
r(272,5,2,266)
r(157,14,2,266)
r(56,11,2,266)
w(76,6,2,266)
r(323,5,2,266)
r(57,18,2,266)
w(40,4,2,266)
w(338,6,2,266)
r(25,7,2,266)
r(295,6,2,266)
r(34,3,2,266)
w(15,4,2,266)
r(190,11,2,266)
w(319,6,2,266)
r(318,5,2,266)
r(195,13,3,267)
r(324,11,3,267)
r(329,8,3,267)
r(118,11,3,267)
w(12,10,3,267)
w(292,6,3,267)
w(97,8,3,267)
w(271,8,3,267)
r(38,10,3,267)
r(65,3,3,267)
w(110,10,3,267)
r(115,7,3,267)
w(10,5,3,267)
w(210,5,3,267)
w(160,11,3,267)
r(42,3,3,267)
r(248,5,3,267)
r(7,2,3,267)
w(354,11,3,267)
r(348,10,3,267)
w(347,8,4,268)
w(216,8,4,268)
w(239,8,4,268)
r(350,7,4,268)
r(11,14,4,268)
r(67,12,4,268)
w(239,12,4,268)
w(45,5,4,268)
r(147,6,4,268)
r(135,10,4,268)
r(237,12,4,268)
r(248,5,4,268)
r(13,14,4,268)
r(96,2,4,268)
w(67,7,4,268)
w(328,5,4,268)
w(333,5,4,268)
w(46,6,4,268)
r(341,5,4,268)
w(233,4,4,268)
r(207,2,5,269)
r(289,7,5,269)
r(238,12,5,269)
w(137,7,5,269)
w(219,8,5,269)
r(319,11,5,269)
w(143,12,5,269)
w(319,13,5,269)
r(109,3,5,269)
w(71,5,5,269)
w(31,4,5,269)
r(27,2,5,269)
w(21,12,5,269)
w(262,7,5,269)
r(128,4,5,269)
r(10,5,5,269)
r(228,9,5,269)
w(329,12,5,269)
w(12,9,5,269)
r(342,3,5,269)
r(10,5,6,270)
r(149,5,6,270)
w(129,9,6,270)
w(66,19,6,270)
r(240,3,6,270)
r(255,2,6,270)
w(27,11,6,270)
r(261,10,6,270)
w(340,9,6,270)
w(272,8,6,270)
w(70,12,6,270)
r(40,4,6,270)
w(319,16,6,270)
r(264,5,6,270)
r(116,10,6,270)
r(87,5,6,270)
w(261,12,6,270)
w(359,7,6,270)
w(106,7,6,270)
w(323,7,6,270)
r(284,12,1,271)
w(335,3,1,271)
r(138,9,1,271)
w(30,3,1,271)
w(341,11,1,271)
w(184,11,1,271)
r(105,6,1,271)
r(148,4,1,271)
r(63,4,1,271)
r(205,6,1,271)
r(112,8,1,271)
w(281,10,1,271)
w(102,6,1,271)
r(227,14,1,271)
r(169,10,1,271)
r(239,12,1,271)
w(108,10,1,271)
r(328,5,1,271)
r(350,9,1,271)
w(295,3,1,271)
r(114,5,2,272)
w(350,6,2,272)
r(163,5,2,272)
r(215,10,2,272)
r(180,5,2,272)
r(48,11,2,272)
w(278,4,2,272)
r(156,7,2,272)
w(26,11,2,272)
r(147,4,2,272)
w(66,8,2,272)
w(178,11,2,272)
w(360,6,2,272)
r(337,5,2,272)
r(144,15,2,272)
r(345,7,2,272)
r(18,5,2,272)
w(119,4,2,272)
w(11,4,2,272)
w(13,4,2,272)
w(333,4,3,273)
w(99,5,3,273)
r(11,14,3,273)
r(47,7,3,273)
r(278,11,3,273)
w(298,11,3,273)
r(229,2,3,273)
r(6,8,3,273)
w(23,8,3,273)
w(101,5,3,273)
w(56,11,3,273)
w(170,8,3,273)
r(196,14,3,273)
r(355,8,3,273)
r(54,11,3,273)
r(140,10,3,273)
w(237,6,3,273)
w(80,4,3,273)
w(181,11,3,273)
r(234,8,3,273)
r(86,11,4,274)
w(18,5,4,274)
w(113,12,4,274)
r(299,4,4,274)
w(355,8,4,274)
w(111,3,4,274)
w(175,6,4,274)
w(341,12,4,274)
r(185,2,4,274)
w(337,5,4,274)
r(130,6,4,274)
r(150,13,4,274)
r(303,10,4,274)
r(329,8,4,274)
w(132,7,4,274)
r(78,4,4,274)
r(3,5,4,274)
w(228,9,4,274)
w(274,12,4,274)
r(167,4,4,274)
r(265,12,5,275)
w(349,17,5,275)
w(344,14,5,275)
w(274,9,5,275)
r(46,6,5,275)
r(280,5,5,275)
w(185,11,5,275)
w(90,8,5,275)
r(40,7,5,275)
w(98,6,5,275)
r(103,3,5,275)
r(352,13,5,275)
w(146,19,5,275)
w(71,8,5,275)
r(233,5,5,275)
w(309,14,5,275)
w(46,5,5,275)
r(46,5,5,275)
w(241,5,5,275)
r(209,3,5,275)
w(239,9,6,276)
w(107,13,6,276)
w(34,8,6,276)
r(141,15,6,276)
w(332,13,6,276)
r(45,5,6,276)
w(351,8,6,276)
r(117,5,6,276)
w(180,8,6,276)
r(302,3,6,276)
r(37,4,6,276)
r(222,4,6,276)
w(306,14,6,276)
w(181,8,6,276)
r(242,10,6,276)
r(359,7,6,276)
w(93,8,6,276)
w(359,9,6,276)
r(301,11,6,276)
r(118,10,6,276)
w(218,2,1,277)
w(195,10,1,277)
r(233,5,1,277)
r(168,11,1,277)
r(68,11,1,277)
r(222,4,1,277)
w(340,3,1,277)
w(148,3,1,277)
w(186,2,1,277)
r(275,7,1,277)
w(256,11,1,277)
r(141,15,1,277)
w(167,3,1,277)
w(59,6,1,277)
r(199,7,1,277)
r(183,4,1,277)
r(113,12,1,277)
w(275,10,1,277)
w(240,3,1,277)
r(113,12,1,277)
w(117,8,2,278)
w(138,4,2,278)
w(324,10,2,278)
w(68,4,2,278)
w(358,11,2,278)
r(119,4,2,278)
r(142,10,2,278)
w(171,2,2,278)
r(89,4,2,278)
w(329,11,2,278)
w(344,10,2,278)
r(157,14,2,278)
w(305,8,2,278)
w(272,6,2,278)
r(264,5,2,278)
w(43,6,2,278)
w(116,11,2,278)
w(87,3,2,278)
w(125,6,2,278)
r(99,6,2,278)
w(235,5,3,279)
w(320,3,3,279)
w(296,3,3,279)
w(126,11,3,279)
r(37,4,3,279)
r(264,5,3,279)
w(63,5,3,279)
r(42,3,3,279)
w(291,2,3,279)
w(354,6,3,279)
w(252,10,3,279)
r(348,10,3,279)
r(342,3,3,279)
r(129,4,3,279)
r(268,17,3,279)
w(142,6,3,279)
w(314,10,3,279)
w(62,12,3,279)
r(79,8,3,279)
r(14,6,3,279)
w(233,5,4,280)
w(54,11,4,280)
w(148,4,4,280)
r(280,5,4,280)
r(217,4,4,280)
r(142,8,4,280)
w(301,4,4,280)
r(168,11,4,280)
r(186,8,4,280)
w(359,5,4,280)
w(301,5,4,280)
r(95,9,4,280)
r(6,8,4,280)
r(188,15,4,280)
w(95,5,4,280)
w(188,12,4,280)
w(277,8,4,280)
r(34,3,4,280)
w(301,8,4,280)
w(248,6,4,280)
w(96,6,5,281)
w(111,6,5,281)
r(56,11,5,281)
w(254,6,5,281)
r(155,4,5,281)
r(124,3,5,281)
r(230,2,5,281)
r(101,5,5,281)
w(220,12,5,281)
r(63,5,5,281)
w(287,15,5,281)
w(167,7,5,281)
w(295,6,5,281)
w(201,5,5,281)
r(241,2,5,281)
r(188,12,5,281)
w(196,8,5,281)
w(69,5,5,281)
w(163,5,5,281)
r(36,8,5,281)
w(53,5,6,282)
r(267,9,6,282)
w(192,8,6,282)
r(9,3,6,282)
w(276,6,6,282)
w(343,15,6,282)
w(83,15,6,282)
w(272,12,6,282)
r(258,8,6,282)
w(100,9,6,282)
w(339,15,6,282)
w(14,8,6,282)
w(51,8,6,282)
r(81,10,6,282)
r(93,8,6,282)
r(123,8,6,282)
r(281,10,6,282)
r(202,8,6,282)
r(278,4,6,282)
w(40,15,6,282)
r(2,10,1,283)
w(338,11,1,283)
r(273,6,1,283)
w(55,6,1,283)
r(69,11,1,283)
r(236,11,1,283)
w(332,3,1,283)
r(199,7,1,283)
r(62,4,1,283)
r(266,6,1,283)
r(243,11,1,283)
w(99,10,1,283)
w(294,2,1,283)
w(100,10,1,283)
w(100,11,1,283)
w(152,3,1,283)
r(310,9,1,283)
w(98,3,1,283)
r(20,6,1,283)
r(33,8,1,283)
w(194,10,2,284)
w(271,6,2,284)
r(1,4,2,284)
r(71,8,2,284)
w(51,3,2,284)
r(232,3,2,284)
w(4,6,2,284)
w(54,2,2,284)
r(252,10,2,284)
r(255,11,2,284)
w(89,11,2,284)
r(98,3,2,284)
w(41,10,2,284)
r(278,4,2,284)
w(170,10,2,284)
r(254,6,2,284)
w(201,3,2,284)
w(333,3,2,284)
r(304,12,2,284)
w(94,11,2,284)
w(118,10,3,285)
r(359,5,3,285)
w(316,8,3,285)
w(289,4,3,285)
w(334,4,3,285)
r(93,11,3,285)
w(16,4,3,285)
r(281,10,3,285)
w(184,9,3,285)
w(24,10,3,285)
r(229,2,3,285)
r(261,10,3,285)
r(350,9,3,285)
r(276,10,3,285)
w(251,10,3,285)
w(289,5,3,285)
r(260,11,3,285)
r(316,8,3,285)
w(38,8,3,285)
w(189,11,3,285)
w(201,6,4,286)
r(288,14,4,286)
w(340,8,4,286)
w(329,5,4,286)
r(129,4,4,286)
r(198,5,4,286)
r(201,6,4,286)
r(1,4,4,286)
r(259,11,4,286)
w(143,11,4,286)
w(232,3,4,286)
w(261,10,4,286)
r(263,8,4,286)
r(128,4,4,286)
w(66,17,4,286)
w(144,8,4,286)
r(105,6,4,286)
w(350,9,4,286)
w(64,8,4,286)
w(28,12,4,286)
w(156,7,5,287)
r(171,3,5,287)
r(119,6,5,287)
r(302,3,5,287)
r(294,2,5,287)
w(83,14,5,287)
r(40,4,5,287)
r(239,12,5,287)
w(149,8,5,287)
w(243,7,5,287)
w(75,7,5,287)
r(207,2,5,287)
r(223,14,5,287)
r(303,10,5,287)
w(114,5,5,287)
r(205,7,5,287)
r(332,3,5,287)
w(288,7,5,287)
r(291,10,5,287)
r(305,10,5,287)
w(126,5,6,288)
r(36,5,6,288)
r(178,11,6,288)
w(85,20,6,288)
r(65,10,6,288)
w(293,16,6,288)
r(8,6,6,288)
w(51,12,6,288)
w(36,12,6,288)
w(201,7,6,288)
w(83,13,6,288)
w(21,15,6,288)
w(146,20,6,288)
r(76,15,6,288)
w(224,16,6,288)
w(297,7,6,288)
w(16,7,6,288)
w(344,15,6,288)
r(98,3,6,288)
r(119,4,6,288)
r(126,11,1,289)
w(230,2,1,289)
w(117,10,1,289)
r(191,8,1,289)
w(75,2,1,289)
r(55,6,1,289)
w(156,3,1,289)
w(47,2,1,289)
r(221,16,1,289)
r(15,3,1,289)
r(294,2,1,289)
w(39,3,1,289)
r(37,4,1,289)
w(142,10,1,289)
r(22,12,1,289)
w(21,3,1,289)
w(190,11,1,289)
r(190,11,1,289)
w(70,3,1,289)
r(150,12,1,289)
r(9,3,2,290)
r(122,4,2,290)
w(22,5,2,290)
r(323,7,2,290)
w(192,10,2,290)
r(277,7,2,290)
r(347,12,2,290)
w(273,4,2,290)
r(285,14,2,290)
r(272,12,2,290)
w(49,6,2,290)
w(253,11,2,290)
w(250,5,2,290)
w(4,5,2,290)
w(227,6,2,290)
w(44,4,2,290)
w(159,5,2,290)
w(88,5,2,290)
r(323,7,2,290)
r(334,4,2,290)
r(129,4,3,291)
w(125,5,3,291)
w(218,6,3,291)
w(348,5,3,291)
r(271,14,3,291)
w(271,12,3,291)
r(35,6,3,291)
w(147,4,3,291)
r(277,8,3,291)
r(296,3,3,291)
r(143,12,3,291)
w(268,8,3,291)
r(20,6,3,291)
w(154,4,3,291)
r(223,14,3,291)
r(321,10,3,291)
w(260,6,3,291)
w(12,11,3,291)
r(310,9,3,291)
w(238,4,3,291)
w(194,12,4,292)
w(223,14,4,292)
w(17,9,4,292)
r(86,11,4,292)
r(142,8,4,292)
w(40,7,4,292)
r(175,6,4,292)
r(67,7,4,292)
r(65,10,4,292)
r(303,10,4,292)
r(356,10,4,292)
w(352,13,4,292)
r(130,6,4,292)
r(240,9,4,292)
r(157,14,4,292)
r(19,11,4,292)
r(78,10,4,292)
r(26,8,4,292)
w(203,7,4,292)
r(221,16,4,292)
r(89,4,5,293)
r(71,8,5,293)
r(178,4,5,293)
r(228,15,5,293)
w(4,13,5,293)
r(231,6,5,293)
r(267,9,5,293)
w(231,4,5,293)
r(332,3,5,293)
r(101,5,5,293)
r(59,6,5,293)
w(145,11,5,293)
r(236,11,5,293)
r(177,2,5,293)
w(160,7,5,293)
r(332,3,5,293)
w(300,7,5,293)
w(73,5,5,293)
r(48,11,5,293)
r(15,4,5,293)
w(308,7,6,294)
r(17,9,6,294)
w(269,7,6,294)
w(101,15,6,294)
w(41,7,6,294)
r(134,3,6,294)
r(172,10,6,294)
w(291,11,6,294)
w(6,12,6,294)
r(128,10,6,294)
w(11,15,6,294)
r(38,8,6,294)
r(360,6,6,294)
w(21,13,6,294)
w(284,7,6,294)
r(149,8,6,294)
w(171,6,6,294)
r(230,2,6,294)
w(326,9,6,294)
r(247,3,6,294)
w(298,3,1,295)
r(212,10,1,295)
r(250,3,1,295)
r(97,8,1,295)
w(28,3,1,295)
r(64,8,1,295)
w(335,10,1,295)
r(211,12,1,295)
w(247,3,1,295)
w(326,10,1,295)
w(116,10,1,295)
r(297,2,1,295)
w(330,10,1,295)
r(239,12,1,295)
r(329,12,1,295)
r(170,8,1,295)
r(197,4,1,295)
w(290,11,1,295)
w(49,10,1,295)
r(217,10,1,295)
r(276,6,2,296)
w(16,10,2,296)
r(338,6,2,296)
w(168,3,2,296)
r(221,16,2,296)
r(118,10,2,296)
r(242,10,2,296)
w(16,11,2,296)
r(112,8,2,296)
w(304,11,2,296)
r(15,10,2,296)
w(277,10,2,296)
w(70,11,2,296)
r(61,5,2,296)
r(28,3,2,296)
r(266,6,2,296)
w(181,10,2,296)
w(76,4,2,296)
r(99,6,2,296)
r(175,6,2,296)
r(104,6,3,297)
r(178,4,3,297)
r(308,12,3,297)
r(259,11,3,297)
w(2,11,3,297)
w(324,6,3,297)
w(136,11,3,297)
w(48,11,3,297)
r(359,5,3,297)
r(304,12,3,297)
r(242,10,3,297)
r(95,5,3,297)
r(340,3,3,297)
r(153,9,3,297)
r(115,7,3,297)
w(172,10,3,297)
r(346,8,3,297)
r(62,12,3,297)
w(253,4,3,297)
w(217,10,3,297)
r(271,14,4,298)
r(56,11,4,298)
r(28,12,4,298)
w(191,8,4,298)
w(234,14,4,298)
w(286,8,4,298)
w(243,6,4,298)
r(172,5,4,298)
w(205,12,4,298)
r(174,2,4,298)
r(111,3,4,298)
r(15,3,4,298)
r(224,4,4,298)
w(11,12,4,298)
w(194,7,4,298)
r(88,4,4,298)
r(66,17,4,298)
w(209,10,4,298)
r(266,6,4,298)
w(291,3,4,298)
r(301,11,5,299)
w(45,9,5,299)
w(151,8,5,299)
r(124,3,5,299)
w(255,11,5,299)
w(80,17,5,299)
r(310,9,5,299)
w(277,7,5,299)
r(160,7,5,299)
r(47,2,5,299)
r(247,3,5,299)
r(55,6,5,299)
r(277,7,5,299)
w(357,8,5,299)
w(116,5,5,299)
w(347,12,5,299)
w(50,4,5,299)
w(243,9,5,299)
r(33,8,5,299)
r(121,3,5,299)
r(6,12,6,300)
r(145,11,6,300)
r(326,9,6,300)
r(304,12,6,300)
r(258,8,6,300)
r(336,4,6,300)
w(171,4,6,300)
r(85,20,6,300)
r(43,6,6,300)
w(131,9,6,300)
w(302,12,6,300)
r(202,8,6,300)
r(180,8,6,300)
w(232,11,6,300)
w(314,8,6,300)
w(84,7,6,300)
r(50,4,6,300)
w(136,15,6,300)
r(49,10,6,300)
w(320,6,6,300)
r(289,5,1,301)
r(210,7,1,301)
r(113,13,1,301)
r(129,9,1,301)
r(304,12,1,301)
r(315,8,1,301)
w(117,11,1,301)
w(307,3,1,301)
w(128,10,1,301)
r(310,9,1,301)
w(237,3,1,301)
w(281,11,1,301)
w(269,3,1,301)
w(15,10,1,301)
w(219,3,1,301)
r(230,2,1,301)
w(268,10,1,301)
w(212,3,1,301)
w(92,11,1,301)
r(91,7,1,301)
r(147,4,3,302)
w(351,6,3,302)
r(17,9,3,302)
r(170,12,3,302)
r(27,11,3,302)
w(298,6,3,302)
w(139,10,3,302)
w(40,12,3,302)
w(46,10,3,302)
r(223,14,3,302)
w(183,6,3,302)
w(336,4,3,302)
r(115,7,3,302)
w(195,5,3,302)
r(117,8,3,302)
r(119,4,3,302)
r(329,11,3,302)
r(21,3,3,302)
r(224,4,3,302)
r(314,10,3,302)
w(179,5,4,303)
w(49,4,4,303)
r(210,5,4,303)
r(188,12,4,303)
r(308,8,4,303)
r(292,6,4,303)
r(72,6,4,303)
w(358,4,4,303)
w(11,7,4,303)
w(220,4,4,303)
r(263,8,4,303)
r(170,8,4,303)
w(352,17,4,303)
r(228,9,4,303)
w(335,6,4,303)
r(342,3,4,303)
r(184,11,4,303)
w(150,12,4,303)
w(43,9,4,303)
r(143,12,4,303)
w(171,10,5,304)
r(238,4,5,304)
r(199,7,5,304)
w(125,15,5,304)
w(332,15,5,304)
w(127,8,5,304)
w(311,8,5,304)
r(131,5,5,304)
w(76,15,5,304)
w(215,12,5,304)
r(178,11,5,304)
w(283,9,5,304)
w(298,9,5,304)
w(315,8,5,304)
r(84,4,5,304)
r(322,4,5,304)
w(27,10,5,304)
w(39,12,5,304)
w(114,8,5,304)
r(68,4,5,304)
r(21,13,6,305)
r(83,13,6,305)
r(181,10,6,305)
r(325,10,6,305)
r(115,7,6,305)
r(159,5,6,305)
w(242,14,6,305)
r(335,10,6,305)
w(123,12,6,305)
w(230,5,6,305)
w(131,14,6,305)
w(77,8,6,305)
w(162,8,6,305)
r(355,8,6,305)
r(105,6,6,305)
w(312,15,6,305)
r(36,12,6,305)
w(298,13,6,305)
r(272,12,6,305)
r(239,9,6,305)
w(219,10,1,306)
r(349,17,1,306)
w(290,6,1,306)
r(88,4,1,306)
r(97,8,1,306)
r(201,7,1,306)
r(42,3,1,306)
w(137,2,1,306)
r(168,11,1,306)
w(57,6,1,306)
w(310,3,1,306)
w(203,3,1,306)
r(250,3,1,306)
r(41,7,1,306)
w(259,2,1,306)
r(91,7,1,306)
r(280,10,1,306)
w(185,3,1,306)
w(228,11,1,306)
r(357,8,1,306)
r(143,12,4,307)
w(211,12,4,307)
w(158,4,4,307)
w(68,7,4,307)
w(5,6,4,307)
r(80,4,4,307)
w(123,8,4,307)
r(111,3,4,307)
w(210,7,4,307)
r(40,7,4,307)
w(304,12,4,307)
r(130,6,4,307)
r(288,3,4,307)
r(220,4,4,307)
r(73,3,4,307)
w(291,10,4,307)
r(55,6,4,307)
w(82,8,4,307)
r(188,12,4,307)
w(345,7,4,307)
w(33,9,6,308)
r(34,8,6,308)
w(218,12,6,308)
r(187,5,6,308)
r(160,7,6,308)
r(349,17,6,308)
r(250,5,6,308)
r(312,15,6,308)
w(145,5,6,308)
w(277,17,6,308)
r(253,11,6,308)
w(291,6,6,308)
w(255,6,6,308)
r(83,13,6,308)
r(131,14,6,308)
w(186,15,6,308)
r(108,10,6,308)
w(334,17,6,308)
w(31,8,6,308)
r(317,12,6,308)
r(258,8,4,309)
w(32,4,4,309)
w(344,5,4,309)
w(205,7,4,309)
r(324,9,4,309)
w(318,5,4,309)
w(4,9,4,309)
r(121,3,4,309)
r(190,11,4,309)
r(75,2,4,309)
w(79,12,4,309)
r(208,7,4,309)
r(58,9,4,309)
w(212,10,4,309)
r(53,10,4,309)
r(129,4,4,309)
r(102,6,4,309)
r(217,8,4,309)
r(51,2,4,309)
r(281,10,4,309)
r(148,3,4,310)
r(347,9,4,310)
w(69,6,4,310)
w(52,7,4,310)
r(153,9,4,310)
r(152,3,4,310)
r(188,12,4,310)
r(133,3,4,310)
w(36,5,4,310)
w(253,8,4,310)
w(170,12,4,310)
r(131,5,4,310)
w(253,12,4,310)
r(214,6,4,310)
w(246,4,4,310)
w(53,11,4,310)
w(265,6,4,310)
w(133,8,4,310)
r(242,10,4,310)
r(158,4,4,310)
