r(12,0,0,0)
r(3,0,0,1)
w(8,1,0,2)
r(9,0,0,3)
r(10,0,0,4)
r(8,1,0,5)
w(13,1,0,6)
r(13,1,0,7)
w(6,1,0,8)
w(1,1,0,9)
w(0,1,0,10)
r(6,1,0,11)
r(9,3,0,12)
w(12,1,0,13)
r(4,8,0,14)
r(10,0,0,15)
r(12,1,0,16)
w(11,1,0,17)
w(8,2,0,18)
r(3,1,0,19)
r(5,4,0,20)
w(11,2,0,21)
r(1,1,0,22)
w(6,2,0,23)
w(2,1,0,24)
r(4,10,0,25)
w(2,2,0,26)
r(6,2,0,27)
r(9,3,0,28)
r(3,1,0,29)
w(0,2,0,30)
r(4,10,0,31)
r(6,2,0,32)
r(0,2,0,33)
r(6,2,0,34)
r(3,1,0,35)
w(12,2,0,36)
w(13,2,0,37)
r(12,2,0,38)
r(10,4,0,39)
r(14,2,0,40)
r(3,1,0,41)
r(4,3,0,42)
r(1,3,0,43)
r(1,3,0,44)
r(12,3,0,45)
r(14,2,0,46)
r(11,2,0,47)
w(4,1,0,48)
r(8,8,0,49)
w(9,1,0,50)
w(5,1,0,51)
r(0,5,0,52)
r(10,2,0,53)
r(13,2,0,54)
r(14,5,0,55)
r(3,1,0,56)
w(1,2,0,57)
r(13,2,0,58)
r(8,8,0,59)
w(9,2,0,60)
w(11,3,0,61)
r(1,2,0,62)
r(0,7,0,63)
w(4,2,0,64)
w(8,3,0,65)
r(9,2,0,66)
w(11,4,0,67)
w(11,5,0,68)
r(2,8,0,69)
r(3,1,0,70)
r(2,8,0,71)
w(8,4,0,72)
r(10,2,0,73)
w(11,6,1,74)
w(9,3,1,75)
w(2,3,1,76)
r(4,6,1,77)
r(12,0,1,78)
w(3,1,1,79)
w(11,7,1,80)
r(9,3,1,81)
w(7,1,1,82)
w(14,1,1,83)
r(3,1,1,84)
r(8,2,1,85)
r(4,10,1,86)
w(14,2,1,87)
w(7,2,1,88)
r(13,4,1,89)
r(10,3,1,90)
r(4,10,1,91)
r(3,1,1,92)
w(9,4,1,93)
w(2,4,1,94)
w(13,3,1,95)
r(7,7,1,96)
r(5,4,1,97)
r(3,1,1,98)
w(5,2,1,99)
w(4,3,1,100)
w(6,4,1,101)
w(1,3,1,102)
w(12,3,1,103)
r(10,4,1,104)
w(2,5,1,105)
w(10,1,1,106)
r(10,1,1,107)
w(10,2,1,108)
r(0,5,1,109)
r(13,2,1,110)
w(9,5,1,111)
r(11,2,1,112)
w(9,6,1,113)
r(5,1,1,114)
w(7,3,1,115)
w(4,4,1,116)
w(11,8,1,117)
w(4,5,1,118)
w(12,4,1,119)
w(14,3,1,120)
r(9,2,1,121)
r(2,8,1,122)
r(3,1,1,123)
r(7,5,1,124)
r(12,4,1,125)
r(11,5,1,126)
r(10,2,1,127)
w(11,9,1,128)
r(13,7,1,129)
r(12,5,1,130)
w(6,5,1,131)
w(5,3,1,132)
r(1,7,1,133)
w(1,4,1,134)
r(0,6,1,135)
r(4,7,1,136)
w(8,5,1,137)
w(6,6,1,138)
r(4,7,1,139)
w(2,6,1,140)
r(3,1,1,141)
r(1,4,1,142)
r(10,8,1,143)
r(10,8,1,144)
w(0,3,1,145)
r(3,1,1,146)
w(1,5,1,147)
r(11,12,1,148)
r(5,0,2,149)
r(10,0,2,150)
w(4,6,2,151)
w(6,7,2,152)
w(5,4,2,153)
w(13,4,2,154)
r(0,1,2,155)
r(13,4,2,156)
r(2,3,2,157)
w(7,4,2,158)
r(13,4,2,159)
r(7,4,2,160)
w(10,3,2,161)
w(13,5,2,162)
r(0,2,2,163)
r(0,2,2,164)
r(1,9,2,165)
r(11,2,2,166)
w(1,6,2,167)
r(9,4,2,168)
r(0,2,2,169)
w(0,4,2,170)
w(0,5,2,171)
w(9,7,2,172)
w(10,4,2,173)
r(8,2,2,174)
r(2,12,2,175)
w(14,5,2,176)
r(14,5,2,177)
r(5,1,2,178)
w(6,8,2,179)
w(2,7,2,180)
r(4,1,2,181)
r(14,5,2,182)
r(4,1,2,183)
w(2,8,2,184)
w(13,6,2,185)
r(12,7,2,186)
r(12,7,2,187)
r(12,7,2,188)
r(11,15,2,189)
w(1,7,2,190)
r(9,2,2,191)
r(1,7,2,192)
w(13,7,2,193)
w(11,11,2,194)
r(0,7,2,195)
r(3,1,2,196)
w(5,5,2,197)
r(6,10,2,198)
w(4,7,2,199)
w(7,5,2,200)
w(12,5,2,201)
w(0,6,2,202)
r(0,6,2,203)
r(7,9,2,204)
w(12,6,2,205)
w(10,5,2,206)
r(7,9,2,207)
r(3,1,2,208)
w(9,8,2,209)
w(2,9,2,210)
w(5,6,2,211)
w(13,8,2,212)
r(3,1,2,213)
w(11,12,2,214)
r(1,10,2,215)
w(1,8,2,216)
w(7,6,2,217)
w(2,10,2,218)
w(8,6,2,219)
r(10,8,2,220)
w(14,6,2,221)
r(7,0,3,222)
w(8,7,3,223)
w(11,13,3,224)
r(6,1,3,225)
w(3,2,3,226)
w(4,8,3,227)
w(13,9,3,228)
r(14,0,3,229)
r(14,0,3,230)
r(10,0,3,231)
w(4,9,3,232)
w(11,14,3,233)
w(4,10,3,234)
r(2,3,3,235)
r(14,1,3,236)
w(2,11,3,237)
w(1,9,3,238)
r(14,2,3,239)
r(8,2,3,240)
r(3,1,3,241)
w(7,7,3,242)
w(10,6,3,243)
r(2,4,3,244)
r(14,2,3,245)
w(6,9,3,246)
w(2,12,3,247)
r(2,12,3,248)
w(8,8,3,249)
w(0,7,3,250)
r(14,5,3,251)
w(12,7,3,252)
r(6,8,3,253)
w(11,15,3,254)
w(13,11,3,255)
r(9,2,3,256)
w(6,10,3,257)
r(11,8,3,258)
r(5,1,3,259)
r(2,8,3,260)
r(9,2,3,261)
r(10,2,3,262)
r(5,1,3,263)
w(14,7,3,264)
r(1,7,3,265)
r(12,4,3,266)
r(6,10,3,267)
r(11,4,3,268)
r(10,2,3,269)
r(3,1,3,270)
r(5,5,3,271)
w(7,8,3,272)
w(7,9,3,273)
w(6,11,3,274)
w(14,8,3,275)
w(10,8,3,276)
w(8,9,3,277)
w(6,12,3,278)
r(14,8,3,279)
r(1,4,3,280)
w(8,10,3,281)
r(0,3,3,282)
r(0,3,3,283)
r(0,3,3,284)
w(1,10,3,285)
r(8,10,3,286)
w(11,16,3,287)
r(11,16,3,288)
w(9,9,3,289)
r(8,10,3,290)
w(6,13,3,291)
r(2,10,3,292)
r(6,13,3,293)
w(0,8,3,294)
