w(0,1,0,0)
r(4,0,0,1)
w(4,1,0,2)
w(11,1,0,3)
r(2,8,0,4)
w(4,2,0,5)
r(11,1,0,6)
r(9,0,0,7)
r(11,1,0,8)
r(0,9,0,9)
r(4,2,0,10)
w(2,1,0,11)
r(13,7,0,12)
r(4,2,0,13)
r(5,3,0,14)
r(6,2,0,15)
r(10,8,0,16)
w(12,1,0,17)
r(3,7,0,18)
r(7,2,0,19)
r(1,9,0,20)
r(11,1,0,21)
r(5,3,0,22)
w(3,1,0,23)
r(8,7,0,24)
r(2,1,0,25)
r(6,6,0,26)
w(12,2,0,27)
r(10,7,0,28)
w(12,3,0,29)
w(12,4,0,30)
w(5,1,0,31)
r(2,1,0,32)
r(2,1,0,33)
w(3,2,0,34)
r(3,2,0,35)
w(2,2,0,36)
w(9,1,0,37)
r(8,7,0,38)
r(6,8,0,39)
r(13,9,0,40)
r(8,7,0,41)
r(2,4,0,42)
r(14,3,0,43)
r(11,4,0,44)
w(9,2,0,45)
r(12,6,0,46)
w(8,1,0,47)
w(2,3,0,48)
w(8,2,0,49)
w(14,1,0,50)
w(5,2,0,51)
w(7,1,0,52)
r(4,6,0,53)
w(1,1,0,54)
w(0,2,0,55)
w(10,1,0,56)
w(10,2,0,57)
w(13,1,0,58)
r(8,8,0,59)
w(14,2,0,60)
r(8,8,0,61)
w(1,2,0,62)
r(3,12,0,63)
r(2,10,0,64)
r(7,1,0,65)
r(2,10,0,66)
r(2,10,0,67)
r(3,12,0,68)
w(10,3,0,69)
r(8,9,0,70)
r(0,7,0,71)
r(7,1,0,72)
w(8,3,0,73)
r(6,4,0,74)
r(6,0,1,75)
r(8,0,1,76)
w(6,1,1,77)
r(0,1,1,78)
w(10,4,1,79)
w(5,3,1,80)
r(0,9,1,81)
r(9,0,1,82)
r(8,7,1,83)
r(12,9,1,84)
w(6,2,1,85)
w(6,3,1,86)
w(7,2,1,87)
w(14,3,1,88)
r(1,9,1,89)
r(9,5,1,90)
r(7,2,1,91)
w(1,3,1,92)
w(0,3,1,93)
w(9,3,1,94)
w(5,4,1,95)
w(2,4,1,96)
w(12,6,1,97)
w(3,3,1,98)
w(4,3,1,99)
w(3,4,1,100)
w(8,4,1,101)
r(8,4,1,102)
w(8,5,1,103)
r(9,2,1,104)
r(7,1,1,105)
w(5,5,1,106)
r(0,7,1,107)
w(6,4,1,108)
r(13,10,1,109)
r(9,7,1,110)
r(10,10,1,111)
r(12,10,1,112)
r(12,10,1,113)
r(8,8,1,114)
w(8,6,1,115)
r(12,10,1,116)
w(13,2,1,117)
w(3,5,1,118)
r(12,11,1,119)
r(10,3,1,120)
r(11,6,1,121)
r(9,7,1,122)
w(2,5,1,123)
r(4,6,1,124)
w(0,4,1,125)
r(10,3,1,126)
r(6,4,1,127)
r(8,3,1,128)
r(12,11,1,129)
w(13,3,1,130)
w(12,7,1,131)
w(2,6,1,132)
w(6,5,1,133)
r(0,12,1,134)
w(0,5,1,135)
w(7,3,1,136)
w(2,7,1,137)
w(9,4,1,138)
r(12,12,1,139)
w(13,4,1,140)
r(12,12,1,141)
w(14,4,1,142)
w(13,5,1,143)
r(0,5,1,144)
w(4,4,1,145)
r(2,7,1,146)
w(3,6,1,147)
w(7,4,2,148)
w(2,8,2,149)
w(12,8,2,150)
r(5,3,2,151)
w(12,9,2,152)
w(10,6,2,153)
r(3,0,2,154)
w(3,7,2,155)
r(3,7,2,156)
r(14,7,2,157)
r(7,2,2,158)
r(0,9,2,159)
w(0,6,2,160)
w(6,6,2,161)
w(10,7,2,162)
r(4,2,2,163)
r(13,7,2,164)
w(6,7,2,165)
w(9,5,2,166)
r(9,5,2,167)
r(14,3,2,168)
r(7,2,2,169)
r(5,3,2,170)
r(14,3,2,171)
r(4,2,2,172)
r(1,3,2,173)
r(4,2,2,174)
w(6,8,2,175)
r(7,2,2,176)
w(11,2,2,177)
r(7,2,2,178)
r(9,3,2,179)
r(1,3,2,180)
w(9,6,2,181)
w(7,5,2,182)
w(3,8,2,183)
r(2,2,2,184)
w(1,4,2,185)
w(4,5,2,186)
w(1,5,2,187)
w(1,6,2,188)
r(1,6,2,189)
w(4,6,2,190)
w(2,9,2,191)
r(11,4,2,192)
w(6,9,2,193)
r(6,9,2,194)
r(0,11,2,195)
r(13,9,2,196)
w(14,5,2,197)
w(0,7,2,198)
r(0,7,2,199)
r(14,10,2,200)
w(9,7,2,201)
r(13,1,2,202)
w(12,10,2,203)
w(13,6,2,204)
r(11,4,2,205)
r(13,6,2,206)
r(4,6,2,207)
w(1,7,2,208)
r(0,7,2,209)
r(1,7,2,210)
w(12,11,2,211)
w(5,6,2,212)
w(3,9,2,213)
w(11,3,2,214)
r(2,5,2,215)
w(7,6,2,216)
w(6,10,2,217)
w(0,8,2,218)
r(14,11,2,219)
w(12,12,2,220)
w(1,8,2,221)
w(14,6,2,222)
w(14,7,3,223)
w(0,9,3,224)
w(13,7,3,225)
w(8,7,3,226)
r(1,0,3,227)
w(10,8,3,228)
w(1,9,3,229)
w(12,13,3,230)
r(13,7,3,231)
w(0,10,3,232)
r(11,1,3,233)
w(3,10,3,234)
w(13,8,3,235)
w(12,14,3,236)
r(8,7,3,237)
r(8,7,3,238)
w(13,9,3,239)
r(1,3,3,240)
r(3,10,3,241)
r(3,10,3,242)
r(9,3,3,243)
r(14,3,3,244)
w(4,7,3,245)
r(12,4,3,246)
r(4,7,3,247)
w(0,11,3,248)
r(1,3,3,249)
r(1,3,3,250)
r(10,7,3,251)
w(11,4,3,252)
w(1,10,3,253)
r(14,3,3,254)
w(1,11,3,255)
w(3,11,3,256)
w(10,9,3,257)
r(14,1,3,258)
w(14,8,3,259)
r(0,11,3,260)
w(2,10,3,261)
r(1,1,3,262)
w(14,9,3,263)
w(14,10,3,264)
w(8,8,3,265)
r(4,6,3,266)
w(10,10,3,267)
r(14,10,3,268)
w(13,10,3,269)
r(10,10,3,270)
r(2,10,3,271)
r(12,10,3,272)
r(8,8,3,273)
w(3,12,3,274)
r(8,6,3,275)
r(0,7,3,276)
w(8,9,3,277)
w(11,5,3,278)
w(11,6,3,279)
w(7,7,3,280)
r(8,3,3,281)
w(7,8,3,282)
r(13,2,3,283)
w(14,11,3,284)
r(14,11,3,285)
r(13,3,3,286)
r(11,3,3,287)
w(10,11,3,288)
r(8,3,3,289)
r(1,7,3,290)
r(4,6,3,291)
r(3,9,3,292)
w(0,12,3,293)
w(13,11,3,294)
w(10,12,3,295)
w(8,10,3,296)
r(2,7,3,297)
