r(3,0,0,0)
w(10,1,0,1)
w(4,1,0,2)
r(10,7,0,3)
r(14,0,0,4)
r(5,8,0,5)
r(5,8,0,6)
w(7,1,0,7)
w(14,1,0,8)
r(13,10,0,9)
w(11,1,0,10)
w(4,2,0,11)
w(14,2,0,12)
r(6,6,0,13)
w(8,1,0,14)
w(6,1,0,15)
r(4,2,0,16)
w(0,1,0,17)
w(2,1,0,18)
w(3,1,0,19)
r(7,8,0,20)
r(8,4,0,21)
w(11,2,0,22)
w(6,2,0,23)
r(6,2,0,24)
r(14,2,0,25)
r(2,1,0,26)
w(11,3,0,27)
w(7,2,0,28)
r(7,2,0,29)
r(6,2,0,30)
r(7,2,0,31)
w(2,2,0,32)
w(12,1,0,33)
r(7,2,0,34)
w(0,2,0,35)
r(4,8,0,36)
w(4,3,0,37)
r(11,7,0,38)
w(9,1,0,39)
w(5,1,0,40)
w(1,1,0,41)
w(3,2,0,42)
w(11,4,0,43)
r(5,6,0,44)
w(9,2,0,45)
w(13,1,0,46)
w(11,5,0,47)
w(1,2,0,48)
w(13,2,0,49)
r(11,8,0,50)
r(8,8,0,51)
w(13,3,0,52)
w(7,3,0,53)
r(3,5,0,54)
w(13,4,0,55)
r(2,6,0,56)
r(5,12,0,57)
r(14,4,0,58)
w(10,2,0,59)
w(7,4,0,60)
r(12,8,0,61)
r(2,6,0,62)
r(4,5,0,63)
r(6,8,0,64)
r(6,8,0,65)
r(8,6,0,66)
w(4,4,0,67)
w(12,2,0,68)
r(10,6,0,69)
w(11,6,0,70)
r(1,2,0,71)
w(7,5,0,72)
w(14,3,0,73)
r(11,6,0,74)
r(10,7,1,75)
w(5,2,1,76)
w(1,3,1,77)
r(4,1,1,78)
r(7,1,1,79)
r(10,8,1,80)
w(8,2,1,81)
r(10,8,1,82)
w(8,3,1,83)
r(14,2,1,84)
r(1,3,1,85)
w(1,4,1,86)
r(9,0,1,87)
w(6,3,1,88)
r(12,7,1,89)
r(8,1,1,90)
w(8,4,1,91)
w(10,3,1,92)
r(1,4,1,93)
r(5,10,1,94)
r(14,2,1,95)
w(10,4,1,96)
r(6,3,1,97)
r(8,7,1,98)
w(8,5,1,99)
r(10,4,1,100)
r(12,7,1,101)
r(5,10,1,102)
w(13,5,1,103)
w(9,3,1,104)
w(13,6,1,105)
r(12,7,1,106)
r(14,2,1,107)
w(5,3,1,108)
w(2,3,1,109)
r(9,3,1,110)
w(11,7,1,111)
r(8,8,1,112)
w(7,6,1,113)
w(14,4,1,114)
w(1,5,1,115)
r(2,3,1,116)
w(2,4,1,117)
w(7,7,1,118)
w(5,4,1,119)
w(11,8,1,120)
r(8,8,1,121)
w(4,5,1,122)
r(6,7,1,123)
r(11,8,1,124)
r(6,7,1,125)
w(6,4,1,126)
r(5,11,1,127)
r(6,4,1,128)
w(9,4,1,129)
r(11,8,1,130)
w(9,5,1,131)
r(12,8,1,132)
r(9,5,1,133)
r(8,8,1,134)
r(9,5,1,135)
r(2,6,1,136)
r(6,8,1,137)
r(10,2,1,138)
w(8,6,1,139)
w(12,3,1,140)
w(6,5,1,141)
w(5,5,1,142)
r(12,2,1,143)
w(2,5,1,144)
w(13,7,1,145)
r(13,7,1,146)
r(7,5,1,147)
w(4,6,1,148)
w(10,5,1,149)
r(9,0,2,150)
r(4,1,2,151)
r(2,0,2,152)
w(13,8,2,153)
r(4,1,2,154)
w(14,5,2,155)
w(6,6,2,156)
r(1,3,2,157)
r(12,6,2,158)
r(2,0,2,159)
r(3,0,2,160)
r(14,2,2,161)
r(13,10,2,162)
r(0,0,2,163)
r(1,4,2,164)
r(8,1,2,165)
r(0,0,2,166)
r(5,9,2,167)
w(7,8,2,168)
r(8,1,2,169)
w(11,9,2,170)
r(12,7,2,171)
w(8,7,2,172)
w(3,3,2,173)
r(14,2,2,174)
r(10,4,2,175)
r(13,10,2,176)
r(8,8,2,177)
r(8,8,2,178)
r(14,2,2,179)
r(4,8,2,180)
w(3,4,2,181)
w(0,3,2,182)
r(4,8,2,183)
r(4,8,2,184)
w(11,10,2,185)
r(8,8,2,186)
r(10,4,2,187)
r(3,4,2,188)
w(14,6,2,189)
r(12,1,2,190)
r(4,8,2,191)
r(13,6,2,192)
r(3,4,2,193)
w(12,4,2,194)
r(2,3,2,195)
w(0,4,2,196)
r(11,7,2,197)
w(5,6,2,198)
w(9,6,2,199)
r(11,4,2,200)
r(11,4,2,201)
r(2,3,2,202)
w(7,9,2,203)
r(9,2,2,204)
w(12,5,2,205)
w(3,5,2,206)
r(8,8,2,207)
w(4,7,2,208)
r(8,8,2,209)
w(13,9,2,210)
r(4,5,2,211)
r(6,7,2,212)
w(9,7,2,213)
w(7,10,2,214)
r(6,8,2,215)
r(3,5,2,216)
w(3,6,2,217)
w(10,6,2,218)
w(5,7,2,219)
w(0,5,2,220)
r(11,8,2,221)
w(14,7,2,222)
w(14,8,2,223)
w(7,11,2,224)
w(10,7,3,225)
w(5,8,3,226)
w(13,10,3,227)
r(11,0,3,228)
w(10,8,3,229)
w(12,6,3,230)
w(7,12,3,231)
w(5,9,3,232)
r(7,12,3,233)
r(9,0,3,234)
w(12,7,3,235)
r(6,1,3,236)
w(11,11,3,237)
w(5,10,3,238)
r(3,1,3,239)
w(4,8,3,240)
w(8,8,3,241)
r(1,4,3,242)
r(11,3,3,243)
r(6,2,3,244)
w(13,11,3,245)
w(11,12,3,246)
w(6,7,3,247)
r(3,4,3,248)
w(7,13,3,249)
r(8,8,3,250)
r(6,7,3,251)
w(4,9,3,252)
r(4,9,3,253)
r(9,1,3,254)
r(5,6,3,255)
w(7,14,3,256)
w(3,7,3,257)
r(8,8,3,258)
r(11,4,3,259)
w(7,15,3,260)
w(9,8,3,261)
w(0,6,3,262)
r(7,7,3,263)
w(2,6,3,264)
r(10,4,3,265)
w(9,9,3,266)
r(4,5,3,267)
r(0,6,3,268)
r(5,4,3,269)
r(3,5,3,270)
w(5,11,3,271)
r(2,6,3,272)
r(10,4,3,273)
w(12,8,3,274)
w(5,12,3,275)
w(6,8,3,276)
r(6,8,3,277)
w(0,7,3,278)
r(1,2,3,279)
r(8,6,3,280)
w(12,9,3,281)
w(5,13,3,282)
w(9,10,3,283)
w(0,8,3,284)
r(12,9,3,285)
r(5,13,3,286)
w(10,10,3,287)
r(6,5,3,288)
w(12,10,3,289)
w(11,13,3,290)
w(14,9,3,291)
w(10,11,3,292)
r(4,6,3,293)
w(8,9,3,294)
r(11,13,3,295)
w(2,7,3,296)
r(10,11,3,297)
r(10,11,3,298)
