r(2,0,0,0)
r(1,0,0,1)
r(7,0,0,2)
w(1,1,0,3)
r(12,0,0,4)
r(6,0,0,5)
r(0,0,0,6)
w(9,1,0,7)
w(2,1,0,8)
w(13,1,0,9)
w(7,1,0,10)
w(12,1,0,11)
w(1,2,0,12)
r(2,1,0,13)
w(12,2,0,14)
w(13,2,0,15)
w(8,1,0,16)
r(9,1,0,17)
w(14,1,0,18)
w(14,2,0,19)
r(7,8,0,20)
w(1,3,0,21)
w(3,1,0,22)
r(4,5,0,23)
w(5,1,0,24)
w(12,3,0,25)
w(1,4,0,26)
w(8,2,0,27)
w(11,1,0,28)
r(9,5,0,29)
w(7,2,0,30)
r(8,2,0,31)
w(12,4,0,32)
w(2,2,0,33)
r(1,14,0,34)
w(0,1,0,35)
w(10,1,0,36)
w(6,1,0,37)
w(12,5,0,38)
w(14,3,0,39)
r(4,7,0,40)
w(13,3,0,41)
w(7,3,0,42)
w(7,4,0,43)
r(2,4,0,44)
r(0,3,0,45)
w(14,4,0,46)
r(9,3,0,47)
w(1,5,0,48)
w(13,4,0,49)
r(0,3,0,50)
r(10,5,0,51)
r(10,5,0,52)
w(10,2,0,53)
r(1,11,0,54)
r(6,4,0,55)
w(12,6,0,56)
w(5,2,0,57)
r(14,5,0,58)
w(11,2,0,59)
r(4,9,0,60)
r(13,4,0,61)
w(1,6,0,62)
r(11,2,0,63)
r(0,4,0,64)
r(6,5,0,65)
r(4,2,0,66)
r(10,2,0,67)
r(10,2,0,68)
r(14,5,0,69)
r(11,2,0,70)
w(13,5,0,71)
r(12,16,0,72)
w(2,3,0,73)
w(8,3,0,74)
r(2,1,1,75)
r(11,0,1,76)
r(9,1,1,77)
w(5,3,1,78)
w(12,7,1,79)
r(10,7,1,80)
r(6,0,1,81)
w(13,6,1,82)
r(9,1,1,83)
w(8,4,1,84)
w(3,2,1,85)
w(13,7,1,86)
w(9,2,1,87)
w(6,2,1,88)
r(2,8,1,89)
w(5,4,1,90)
w(3,3,1,91)
r(6,2,1,92)
r(12,3,1,93)
w(4,1,1,94)
r(12,3,1,95)
w(3,4,1,96)
r(0,6,1,97)
w(10,3,1,98)
w(11,3,1,99)
r(13,7,1,100)
r(3,8,1,101)
w(2,4,1,102)
w(1,9,1,103)
w(0,2,1,104)
w(12,8,1,105)
w(7,5,1,106)
r(9,3,1,107)
r(14,12,1,108)
r(13,3,1,109)
w(0,3,1,110)
w(1,10,1,111)
w(7,6,1,112)
r(11,7,1,113)
w(1,11,1,114)
r(6,9,1,115)
w(7,7,1,116)
r(6,4,1,117)
r(9,3,1,118)
w(14,5,1,119)
w(12,9,1,120)
w(0,4,1,121)
w(4,2,1,122)
r(5,2,1,123)
w(14,6,1,124)
r(11,2,1,125)
w(13,8,1,126)
w(4,3,1,127)
r(7,12,1,128)
r(2,3,1,129)
w(4,4,1,130)
r(5,9,1,131)
w(1,12,1,132)
r(8,3,1,133)
r(1,12,1,134)
w(2,5,1,135)
w(14,7,1,136)
r(2,5,1,137)
r(9,3,1,138)
w(12,10,1,139)
w(8,5,1,140)
r(1,16,1,141)
r(10,8,1,142)
w(2,6,1,143)
r(11,8,1,144)
r(4,4,1,145)
r(10,8,1,146)
r(6,7,1,147)
w(5,5,2,148)
w(0,5,2,149)
w(8,6,2,150)
w(4,5,2,151)
r(4,5,2,152)
w(14,8,2,153)
r(14,8,2,154)
w(11,4,2,155)
r(7,1,2,156)
w(13,9,2,157)
w(7,8,2,158)
w(14,9,2,159)
r(0,6,2,160)
w(5,6,2,161)
r(10,7,2,162)
w(6,3,2,163)
r(2,1,2,164)
w(11,5,2,165)
w(14,10,2,166)
w(8,7,2,167)
w(4,6,2,168)
r(4,6,2,169)
w(14,11,2,170)
r(3,1,2,171)
r(4,6,2,172)
r(1,4,2,173)
r(7,8,2,174)
r(10,7,2,175)
w(7,9,2,176)
w(3,5,2,177)
r(4,1,2,178)
w(12,11,2,179)
w(7,10,2,180)
r(5,4,2,181)
r(14,11,2,182)
w(8,8,2,183)
w(4,7,2,184)
r(12,4,2,185)
r(7,10,2,186)
w(9,3,2,187)
w(8,9,2,188)
w(10,4,2,189)
r(3,8,2,190)
r(6,8,2,191)
w(3,6,2,192)
w(14,12,2,193)
r(3,6,2,194)
r(11,3,2,195)
w(11,6,2,196)
r(14,12,2,197)
w(11,7,2,198)
w(7,11,2,199)
r(9,3,2,200)
r(10,4,2,201)
r(11,7,2,202)
r(3,9,2,203)
w(12,12,2,204)
w(10,5,2,205)
r(11,7,2,206)
r(5,7,2,207)
r(8,9,2,208)
w(6,4,2,209)
w(14,13,2,210)
r(12,6,2,211)
w(2,7,2,212)
w(6,5,2,213)
r(5,2,2,214)
r(0,3,2,215)
w(7,12,2,216)
r(5,2,2,217)
r(1,6,2,218)
w(3,7,2,219)
w(6,6,2,220)
r(5,2,2,221)
w(6,7,2,222)
r(6,0,3,223)
r(13,0,3,224)
w(10,6,3,225)
w(12,13,3,226)
w(4,8,3,227)
w(10,7,3,228)
w(0,6,3,229)
w(1,13,3,230)
r(14,8,3,231)
r(10,7,3,232)
w(8,10,3,233)
w(14,14,3,234)
w(13,10,3,235)
w(13,11,3,236)
w(2,8,3,237)
r(6,3,3,238)
w(9,4,3,239)
r(5,4,3,240)
w(1,14,3,241)
r(3,3,3,242)
r(10,7,3,243)
r(2,8,3,244)
r(2,8,3,245)
r(9,4,3,246)
w(9,5,3,247)
r(9,5,3,248)
r(11,1,3,249)
r(3,4,3,250)
r(12,11,3,251)
r(4,1,3,252)
w(3,8,3,253)
r(3,8,3,254)
r(4,1,3,255)
w(2,9,3,256)
w(5,7,3,257)
r(2,4,3,258)
r(2,4,3,259)
w(12,14,3,260)
w(6,8,3,261)
r(9,3,3,262)
w(1,15,3,263)
w(6,9,3,264)
w(0,7,3,265)
w(4,9,3,266)
w(3,9,3,267)
r(4,9,3,268)
r(7,6,3,269)
r(7,6,3,270)
w(3,10,3,271)
r(12,12,3,272)
w(8,11,3,273)
r(13,4,3,274)
r(14,5,3,275)
r(0,3,3,276)
w(12,15,3,277)
r(3,10,3,278)
r(2,7,3,279)
r(6,5,3,280)
r(3,7,3,281)
r(8,11,3,282)
w(12,16,3,283)
w(5,8,3,284)
r(0,4,3,285)
w(13,12,3,286)
r(10,2,3,287)
w(4,10,3,288)
r(9,3,3,289)
w(5,9,3,290)
w(0,8,3,291)
r(5,9,3,292)
w(11,8,3,293)
w(10,8,3,294)
r(8,3,3,295)
w(1,16,3,296)
r(14,7,3,297)
