w(0,1,0,0)
w(10,1,0,1)
w(8,1,0,2)
w(12,1,0,3)
w(13,1,0,4)
w(9,1,0,5)
r(4,4,0,6)
r(14,10,0,7)
r(8,8,0,8)
w(7,1,0,9)
r(14,10,0,10)
w(2,1,0,11)
r(6,1,0,12)
r(2,1,0,13)
w(5,1,0,14)
r(2,8,0,15)
w(4,1,0,16)
r(14,10,0,17)
r(2,8,0,18)
r(13,1,0,19)
r(13,1,0,20)
w(3,1,0,21)
r(10,3,0,22)
r(2,8,0,23)
w(4,2,0,24)
r(7,7,0,25)
r(9,3,0,26)
r(3,6,0,27)
w(5,2,0,28)
w(11,1,0,29)
w(5,3,0,30)
w(13,2,0,31)
r(8,5,0,32)
r(13,2,0,33)
w(7,2,0,34)
r(1,8,0,35)
r(10,3,0,36)
r(14,5,0,37)
w(14,1,0,38)
r(8,5,0,39)
r(2,5,0,40)
r(9,7,0,41)
r(13,7,0,42)
w(8,2,0,43)
r(9,7,0,44)
w(11,2,0,45)
r(1,4,0,46)
w(3,2,0,47)
r(9,7,0,48)
r(12,7,0,49)
w(3,3,0,50)
w(8,3,0,51)
w(7,3,0,52)
r(13,7,0,53)
w(1,1,0,54)
w(7,4,0,55)
w(9,2,0,56)
w(7,5,0,57)
r(9,2,0,58)
w(11,3,0,59)
w(2,2,0,60)
w(10,2,0,61)
w(13,3,0,62)
w(1,2,0,63)
w(8,4,0,64)
w(7,6,0,65)
r(7,6,0,66)
w(11,4,0,67)
w(1,3,0,68)
r(4,8,0,69)
r(7,6,0,70)
w(13,4,0,71)
r(13,4,0,72)
w(2,3,0,73)
r(9,8,0,74)
r(0,1,1,75)
r(14,0,1,76)
r(9,0,1,77)
r(1,0,1,78)
r(13,0,1,79)
w(5,4,1,80)
r(2,0,1,81)
r(10,1,1,82)
w(3,4,1,83)
w(5,5,1,84)
w(6,1,1,85)
w(2,4,1,86)
r(14,10,1,87)
w(11,5,1,88)
r(3,4,1,89)
r(14,10,1,90)
w(8,5,1,91)
r(10,8,1,92)
w(10,3,1,93)
w(3,5,1,94)
r(11,5,1,95)
w(9,3,1,96)
r(5,1,1,97)
w(7,7,1,98)
r(3,1,1,99)
w(3,6,1,100)
r(9,3,1,101)
w(11,6,1,102)
w(2,5,1,103)
r(10,3,1,104)
r(3,6,1,105)
w(11,7,1,106)
r(6,5,1,107)
r(10,3,1,108)
w(5,6,1,109)
r(8,5,1,110)
w(0,2,1,111)
r(0,2,1,112)
w(5,7,1,113)
w(6,2,1,114)
r(13,7,1,115)
w(0,3,1,116)
r(11,7,1,117)
r(14,1,1,118)
r(6,9,1,119)
w(1,4,1,120)
w(8,6,1,121)
w(7,8,1,122)
r(11,2,1,123)
w(14,2,1,124)
r(14,2,1,125)
r(1,11,1,126)
r(4,5,1,127)
r(1,11,1,128)
r(14,2,1,129)
w(12,2,1,130)
w(0,4,1,131)
w(12,3,1,132)
r(8,3,1,133)
w(6,3,1,134)
r(8,3,1,135)
w(8,7,1,136)
r(2,5,1,137)
r(13,7,1,138)
w(6,4,1,139)
w(10,4,1,140)
w(2,6,1,141)
r(5,8,1,142)
w(7,9,1,143)
w(1,5,1,144)
w(14,3,1,145)
r(2,2,1,146)
w(1,6,1,147)
r(7,11,1,148)
r(11,11,1,149)
w(4,3,2,150)
r(6,0,2,151)
r(14,0,2,152)
w(10,5,2,153)
w(8,8,2,154)
w(4,4,2,155)
r(10,8,2,156)
w(2,7,2,157)
w(1,7,2,158)
w(1,8,2,159)
w(9,4,2,160)
w(3,7,2,161)
r(2,8,2,162)
r(1,8,2,163)
w(12,4,2,164)
w(6,5,2,165)
w(13,5,2,166)
w(14,4,2,167)
w(13,6,2,168)
r(0,1,2,169)
w(14,5,2,170)
w(4,5,2,171)
w(3,8,2,172)
w(13,7,2,173)
w(10,6,2,174)
r(6,9,2,175)
w(3,9,2,176)
r(11,2,2,177)
w(0,5,2,178)
r(8,6,2,179)
r(12,2,2,180)
w(4,6,2,181)
r(8,3,2,182)
r(5,10,2,183)
r(7,3,2,184)
w(9,5,2,185)
r(7,10,2,186)
r(12,3,2,187)
r(12,3,2,188)
r(1,1,2,189)
w(10,7,2,190)
w(0,6,2,191)
w(5,8,2,192)
w(11,8,2,193)
w(0,7,2,194)
w(8,9,2,195)
r(1,5,2,196)
w(8,10,2,197)
w(9,6,2,198)
w(14,6,2,199)
r(4,8,2,200)
w(6,6,2,201)
w(0,8,2,202)
w(14,7,2,203)
w(8,11,2,204)
r(14,7,2,205)
r(0,8,2,206)
w(6,7,2,207)
r(0,8,2,208)
r(6,7,2,209)
w(14,8,2,210)
w(8,12,2,211)
r(9,8,2,212)
r(11,4,2,213)
r(6,7,2,214)
w(6,8,2,215)
w(1,9,2,216)
w(1,10,2,217)
r(7,6,2,218)
w(4,7,2,219)
r(11,4,2,220)
w(5,9,2,221)
r(3,15,2,222)
w(8,13,2,223)
w(3,11,3,224)
w(11,9,3,225)
r(11,9,3,226)
r(2,0,3,227)
r(1,0,3,228)
r(9,0,3,229)
w(14,9,3,230)
w(10,8,3,231)
w(14,10,3,232)
w(8,14,3,233)
r(4,4,3,234)
w(2,8,3,235)
r(11,5,3,236)
r(0,1,3,237)
w(12,5,3,238)
w(11,10,3,239)
w(12,6,3,240)
w(2,9,3,241)
w(9,7,3,242)
r(6,5,3,243)
r(9,7,3,244)
r(12,6,3,245)
r(1,8,3,246)
w(14,11,3,247)
w(3,12,3,248)
r(9,7,3,249)
r(7,7,3,250)
r(8,5,3,251)
w(13,8,3,252)
w(12,7,3,253)
w(10,9,3,254)
r(13,7,3,255)
w(6,9,3,256)
w(5,10,3,257)
r(9,7,3,258)
r(7,2,3,259)
w(3,13,3,260)
w(1,11,3,261)
r(6,9,3,262)
w(3,14,3,263)
r(6,9,3,264)
w(7,10,3,265)
w(6,10,3,266)
r(9,2,3,267)
r(4,6,3,268)
r(2,5,3,269)
r(12,3,3,270)
r(10,7,3,271)
r(0,6,3,272)
r(11,2,3,273)
w(14,12,3,274)
w(4,8,3,275)
r(1,1,3,276)
r(8,7,3,277)
r(10,4,3,278)
w(12,8,3,279)
r(9,2,3,280)
w(7,11,3,281)
r(9,2,3,282)
w(1,12,3,283)
r(1,12,3,284)
w(11,11,3,285)
r(1,6,3,286)
r(1,6,3,287)
w(3,15,3,288)
r(13,3,3,289)
w(11,12,3,290)
r(3,15,3,291)
w(9,8,3,292)
w(1,13,3,293)
r(2,2,3,294)
r(13,3,3,295)
w(13,9,3,296)
r(7,6,3,297)
r(0,8,3,298)
