r(9,0,0,0)
w(4,1,0,1)
w(1,1,0,2)
r(8,0,0,3)
w(0,1,0,4)
w(1,2,0,5)
r(12,0,0,6)
r(10,5,0,7)
r(0,5,0,8)
w(11,1,0,9)
w(1,3,0,10)
r(12,12,0,11)
r(13,10,0,12)
w(14,1,0,13)
r(12,5,0,14)
w(1,4,0,15)
r(6,2,0,16)
w(0,2,0,17)
r(6,2,0,18)
r(0,2,0,19)
w(1,5,0,20)
r(12,8,0,21)
w(8,1,0,22)
r(2,1,0,23)
w(14,2,0,24)
w(6,1,0,25)
r(1,12,0,26)
w(13,1,0,27)
r(6,4,0,28)
r(13,8,0,29)
w(12,1,0,30)
r(8,1,0,31)
r(11,9,0,32)
w(8,2,0,33)
w(0,3,0,34)
r(2,3,0,35)
r(5,7,0,36)
w(9,1,0,37)
r(7,4,0,38)
w(8,3,0,39)
r(2,3,0,40)
w(12,2,0,41)
r(13,12,0,42)
w(12,3,0,43)
r(11,9,0,44)
r(1,12,0,45)
w(5,1,0,46)
w(13,2,0,47)
w(14,3,0,48)
r(13,2,0,49)
w(0,4,0,50)
r(13,9,0,51)
r(8,5,0,52)
r(6,7,0,53)
w(9,2,0,54)
r(4,6,0,55)
r(1,8,0,56)
r(1,8,0,57)
r(14,3,0,58)
w(10,1,0,59)
w(3,1,0,60)
w(5,2,0,61)
w(8,4,0,62)
w(1,6,0,63)
w(4,2,0,64)
r(14,6,0,65)
w(13,3,0,66)
r(9,2,0,67)
r(2,4,0,68)
w(11,2,0,69)
r(9,2,0,70)
w(1,7,0,71)
w(11,3,0,72)
w(11,4,0,73)
w(4,3,0,74)
r(2,0,1,75)
r(11,0,1,76)
w(0,5,1,77)
w(12,4,1,78)
w(6,2,1,79)
r(5,0,1,80)
w(12,5,1,81)
r(13,10,1,82)
w(2,1,1,83)
w(6,3,1,84)
w(6,4,1,85)
r(12,13,1,86)
r(5,7,1,87)
r(13,8,1,88)
w(12,6,1,89)
w(4,4,1,90)
r(13,12,1,91)
w(0,6,1,92)
w(4,5,1,93)
r(0,6,1,94)
w(3,2,1,95)
w(3,3,1,96)
r(10,4,1,97)
r(5,7,1,98)
w(4,6,1,99)
r(3,3,1,100)
w(8,5,1,101)
w(11,6,1,102)
w(1,8,1,103)
w(11,7,1,104)
r(11,7,1,105)
r(8,5,1,106)
r(6,7,1,107)
w(4,7,1,108)
w(1,9,1,109)
w(4,8,1,110)
w(1,10,1,111)
r(11,10,1,112)
r(5,2,1,113)
r(0,10,1,114)
r(7,4,1,115)
r(0,10,1,116)
r(12,11,1,117)
w(12,7,1,118)
w(13,4,1,119)
r(8,9,1,120)
r(14,6,1,121)
w(5,3,1,122)
r(7,2,1,123)
r(4,2,1,124)
w(5,4,1,125)
w(14,4,1,126)
w(0,7,1,127)
w(2,2,1,128)
r(6,8,1,129)
r(12,7,1,130)
r(4,10,1,131)
r(4,10,1,132)
r(10,6,1,133)
w(9,3,1,134)
r(8,13,1,135)
w(13,5,1,136)
r(13,5,1,137)
w(9,4,1,138)
w(5,5,1,139)
r(3,6,1,140)
w(13,6,1,141)
r(8,13,1,142)
r(2,2,1,143)
w(13,7,1,144)
r(2,2,1,145)
r(8,13,1,146)
w(6,5,1,147)
r(4,10,1,148)
r(7,0,2,149)
r(13,0,2,150)
r(8,0,2,151)
r(9,0,2,152)
r(3,0,2,153)
r(13,0,2,154)
w(8,6,2,155)
r(7,0,2,156)
r(2,0,2,157)
r(7,0,2,158)
w(7,1,2,159)
r(9,0,2,160)
r(0,5,2,161)
r(6,0,2,162)
r(3,0,2,163)
w(11,8,2,164)
w(3,4,2,165)
r(8,6,2,166)
r(0,5,2,167)
r(6,2,2,168)
w(12,8,2,169)
w(11,9,2,170)
w(5,6,2,171)
w(9,5,2,172)
w(2,3,2,173)
w(5,7,2,174)
w(10,2,2,175)
r(3,4,2,176)
w(13,8,2,177)
w(0,8,2,178)
r(2,3,2,179)
r(9,5,2,180)
w(3,5,2,181)
r(7,3,2,182)
w(10,3,2,183)
w(8,7,2,184)
w(12,9,2,185)
w(10,4,2,186)
w(6,6,2,187)
r(4,5,2,188)
w(4,9,2,189)
r(4,9,2,190)
w(0,9,2,191)
w(8,8,2,192)
w(13,9,2,193)
w(6,7,2,194)
w(9,6,2,195)
w(12,10,2,196)
r(8,5,2,197)
w(1,11,2,198)
w(0,10,2,199)
w(11,10,2,200)
r(7,4,2,201)
r(8,4,2,202)
r(7,4,2,203)
r(13,15,2,204)
w(12,11,2,205)
w(7,2,2,206)
w(2,4,2,207)
w(8,9,2,208)
w(8,10,2,209)
r(3,1,2,210)
w(3,6,2,211)
w(6,8,2,212)
w(11,11,2,213)
r(11,11,2,214)
r(9,2,2,215)
r(12,7,2,216)
w(4,10,2,217)
r(7,2,2,218)
r(1,7,2,219)
r(14,4,2,220)
w(5,8,2,221)
r(8,13,2,222)
w(0,11,2,223)
w(10,5,3,224)
r(0,5,3,225)
w(13,10,3,226)
w(12,12,3,227)
w(7,3,3,228)
w(11,12,3,229)
w(8,11,3,230)
w(8,12,3,231)
w(13,11,3,232)
w(12,13,3,233)
r(12,13,3,234)
r(4,1,3,235)
r(14,2,3,236)
w(1,12,3,237)
r(10,5,3,238)
r(6,1,3,239)
r(14,2,3,240)
r(0,2,3,241)
w(14,5,3,242)
r(1,12,3,243)
r(0,2,3,244)
w(13,12,3,245)
r(3,5,3,246)
w(6,9,3,247)
w(7,4,3,248)
w(3,7,3,249)
r(10,3,3,250)
r(3,7,3,251)
w(9,7,3,252)
r(2,3,3,253)
r(13,12,3,254)
r(3,3,3,255)
r(14,5,3,256)
w(13,13,3,257)
r(11,9,3,258)
r(10,4,3,259)
w(6,10,3,260)
r(4,6,3,261)
w(2,5,3,262)
r(5,1,3,263)
r(11,6,3,264)
w(13,14,3,265)
r(7,4,3,266)
r(1,8,3,267)
w(2,6,3,268)
r(14,3,3,269)
r(7,4,3,270)
r(0,4,3,271)
w(5,9,3,272)
w(2,7,3,273)
r(4,7,3,274)
w(14,6,3,275)
r(5,2,3,276)
w(13,15,3,277)
w(10,6,3,278)
r(8,4,3,279)
w(5,10,3,280)
r(8,4,3,281)
r(10,6,3,282)
r(9,2,3,283)
w(2,8,3,284)
w(14,7,3,285)
r(13,4,3,286)
r(0,10,3,287)
r(12,7,3,288)
r(2,8,3,289)
r(0,10,3,290)
r(2,8,3,291)
r(5,4,3,292)
w(8,13,3,293)
r(2,2,3,294)
w(5,11,3,295)
r(0,11,3,296)
w(12,14,3,297)
