w(8,1,0,0)
w(1,1,0,1)
w(7,1,0,2)
r(12,0,0,3)
r(7,1,0,4)
r(2,0,0,5)
w(10,1,0,6)
r(4,0,0,7)
w(0,1,0,8)
w(3,1,0,9)
w(14,1,0,10)
w(2,1,0,11)
r(14,1,0,12)
r(10,9,0,13)
r(0,8,0,14)
r(5,0,0,15)
r(0,13,0,16)
r(11,5,0,17)
r(0,14,0,18)
w(0,2,0,19)
w(4,1,0,20)
w(9,1,0,21)
w(9,2,0,22)
w(14,2,0,23)
r(12,4,0,24)
w(7,2,0,25)
w(14,3,0,26)
r(13,1,0,27)
w(7,3,0,28)
w(11,1,0,29)
r(1,3,0,30)
r(4,6,0,31)
w(5,1,0,32)
r(5,1,0,33)
w(2,2,0,34)
w(7,4,0,35)
w(9,3,0,36)
w(8,2,0,37)
w(7,5,0,38)
r(10,4,0,39)
w(0,3,0,40)
r(12,3,0,41)
w(14,4,0,42)
r(5,1,0,43)
r(11,10,0,44)
r(2,9,0,45)
w(3,2,0,46)
r(14,4,0,47)
w(1,2,0,48)
r(0,10,0,49)
r(0,10,0,50)
w(12,1,0,51)
w(0,4,0,52)
r(7,10,0,53)
r(12,1,0,54)
w(14,5,0,55)
w(3,3,0,56)
r(4,2,0,57)
r(7,10,0,58)
r(7,10,0,59)
r(8,2,0,60)
w(3,4,0,61)
w(10,2,0,62)
r(7,10,0,63)
r(0,4,0,64)
r(13,3,0,65)
r(11,11,0,66)
r(11,11,0,67)
w(6,1,0,68)
w(0,5,0,69)
r(4,7,0,70)
w(3,5,0,71)
r(4,7,0,72)
w(0,6,0,73)
r(3,5,0,74)
w(9,4,1,75)
w(6,2,1,76)
w(0,7,1,77)
w(9,5,1,78)
w(0,8,1,79)
w(6,3,1,80)
w(2,3,1,81)
r(13,0,1,82)
w(10,3,1,83)
w(11,2,1,84)
w(13,1,1,85)
r(5,0,1,86)
w(1,3,1,87)
w(8,3,1,88)
r(6,10,1,89)
r(3,6,1,90)
r(8,3,1,91)
r(11,6,1,92)
r(3,6,1,93)
r(10,10,1,94)
w(9,6,1,95)
w(10,4,1,96)
r(14,3,1,97)
r(8,8,1,98)
r(13,1,1,99)
w(0,9,1,100)
w(2,4,1,101)
w(8,4,1,102)
w(7,6,1,103)
r(10,4,1,104)
w(14,6,1,105)
r(14,10,1,106)
w(12,3,1,107)
w(14,7,1,108)
r(0,3,1,109)
w(0,10,1,110)
w(10,5,1,111)
r(9,11,1,112)
w(4,2,1,113)
r(0,10,1,114)
w(2,5,1,115)
w(1,4,1,116)
w(10,6,1,117)
w(2,6,1,118)
r(11,10,1,119)
r(10,6,1,120)
r(4,2,1,121)
r(10,6,1,122)
r(8,2,1,123)
w(5,2,1,124)
w(1,5,1,125)
r(8,2,1,126)
r(2,6,1,127)
w(10,7,1,128)
r(10,7,1,129)
r(6,1,1,130)
w(10,8,1,131)
r(9,10,1,132)
w(9,7,1,133)
r(11,11,1,134)
w(4,3,1,135)
r(4,3,1,136)
w(11,3,1,137)
r(7,10,1,138)
w(9,8,1,139)
r(12,9,1,140)
w(11,4,1,141)
w(14,8,1,142)
r(7,10,1,143)
w(1,6,1,144)
r(3,5,1,145)
r(6,1,1,146)
r(7,10,1,147)
w(0,11,1,148)
w(6,4,2,149)
r(7,1,2,150)
r(6,2,2,151)
r(7,1,2,152)
w(8,5,2,153)
w(4,4,2,154)
r(0,1,2,155)
r(13,0,2,156)
w(10,9,2,157)
w(11,5,2,158)
w(12,4,2,159)
r(14,1,2,160)
r(6,3,2,161)
w(2,7,2,162)
r(7,12,2,163)
r(14,1,2,164)
w(7,7,2,165)
r(11,2,2,166)
w(7,8,2,167)
r(4,1,2,168)
r(4,1,2,169)
w(0,12,2,170)
w(11,6,2,171)
r(4,1,2,172)
w(10,10,2,173)
w(10,11,2,174)
r(2,13,2,175)
w(7,9,2,176)
r(6,10,2,177)
w(6,5,2,178)
r(1,3,2,179)
r(12,4,2,180)
w(2,8,2,181)
r(2,8,2,182)
r(6,5,2,183)
w(2,9,2,184)
r(4,6,2,185)
w(13,2,2,186)
r(11,10,2,187)
w(6,6,2,188)
r(3,7,2,189)
r(14,10,2,190)
r(3,7,2,191)
r(11,10,2,192)
r(11,10,2,193)
w(7,10,2,194)
r(3,7,2,195)
r(8,2,2,196)
w(1,7,2,197)
w(12,5,2,198)
w(1,8,2,199)
w(5,3,2,200)
r(14,4,2,201)
r(5,3,2,202)
w(2,10,2,203)
r(9,11,2,204)
w(13,3,2,205)
w(1,9,2,206)
w(1,10,2,207)
w(9,9,2,208)
r(6,6,2,209)
r(11,10,2,210)
r(4,7,2,211)
r(8,2,2,212)
w(8,6,2,213)
w(2,11,2,214)
w(9,10,2,215)
w(2,12,2,216)
w(11,7,2,217)
w(14,9,2,218)
r(14,9,2,219)
r(11,3,2,220)
r(11,3,2,221)
r(11,3,2,222)
w(11,8,2,223)
w(12,6,3,224)
r(5,0,3,225)
r(9,4,3,226)
r(0,0,3,227)
w(8,7,3,228)
r(10,1,3,229)
r(9,4,3,230)
w(7,12,3,231)
w(4,5,3,232)
r(13,0,3,233)
w(6,7,3,234)
r(13,0,3,235)
r(14,1,3,236)
r(11,5,3,237)
w(0,13,3,238)
r(10,9,3,239)
w(0,14,3,240)
r(4,5,3,241)
w(3,6,3,242)
r(4,5,3,243)
w(6,8,3,244)
w(6,9,3,245)
r(0,2,3,246)
r(5,0,3,247)
r(6,9,3,248)
w(2,13,3,249)
w(6,10,3,250)
r(6,10,3,251)
r(9,2,3,252)
w(4,6,3,253)
w(3,7,3,254)
r(10,11,3,255)
w(8,8,3,256)
r(0,12,3,257)
r(3,7,3,258)
r(12,4,3,259)
r(12,4,3,260)
w(11,9,3,261)
w(13,4,3,262)
w(12,7,3,263)
r(12,7,3,264)
w(11,10,3,265)
r(0,9,3,266)
r(14,3,3,267)
w(14,10,3,268)
r(1,3,3,269)
w(1,11,3,270)
r(8,2,3,271)
r(8,2,3,272)
w(9,11,3,273)
r(6,6,3,274)
r(10,5,3,275)
r(6,6,3,276)
r(3,2,3,277)
r(13,2,3,278)
w(13,5,3,279)
w(13,6,3,280)
r(3,2,3,281)
w(10,12,3,282)
r(1,4,3,283)
w(5,4,3,284)
r(4,2,3,285)
w(9,12,3,286)
r(3,2,3,287)
w(12,8,3,288)
r(9,9,3,289)
w(4,7,3,290)
r(10,6,3,291)
w(11,11,3,292)
r(4,7,3,293)
w(12,9,3,294)
r(8,6,3,295)
w(2,14,3,296)
