w(4,1,0,0)
r(6,0,0,1)
r(8,0,0,2)
r(2,0,0,3)
w(12,1,0,4)
r(13,0,0,5)
r(6,0,0,6)
r(6,0,0,7)
w(12,2,0,8)
r(14,0,0,9)
w(11,1,0,10)
w(8,1,0,11)
w(9,1,0,12)
r(6,0,0,13)
r(6,0,0,14)
w(10,1,0,15)
w(8,2,0,16)
r(3,4,0,17)
r(12,2,0,18)
w(4,2,0,19)
w(10,2,0,20)
w(14,1,0,21)
w(0,1,0,22)
r(4,2,0,23)
r(9,3,0,24)
r(2,2,0,25)
r(8,2,0,26)
r(9,3,0,27)
w(4,3,0,28)
w(13,1,0,29)
w(6,1,0,30)
r(12,2,0,31)
r(7,5,0,32)
w(6,2,0,33)
r(8,11,0,34)
r(2,2,0,35)
w(14,2,0,36)
w(10,3,0,37)
r(0,9,0,38)
r(5,1,0,39)
w(0,2,0,40)
w(3,1,0,41)
w(8,3,0,42)
r(14,2,0,43)
w(11,2,0,44)
r(1,8,0,45)
w(10,4,0,46)
r(12,5,0,47)
w(1,1,0,48)
w(0,3,0,49)
w(7,1,0,50)
r(5,6,0,51)
r(6,11,0,52)
r(3,13,0,53)
w(0,4,0,54)
r(13,7,0,55)
w(3,2,0,56)
w(0,5,0,57)
r(10,7,0,58)
r(1,3,0,59)
w(10,5,0,60)
w(12,3,0,61)
w(6,3,0,62)
w(7,2,0,63)
w(0,6,0,64)
w(11,3,0,65)
r(5,3,0,66)
w(7,3,0,67)
r(3,16,0,68)
w(0,7,0,69)
w(6,4,0,70)
w(1,2,0,71)
r(7,3,0,72)
w(13,2,0,73)
r(3,5,0,74)
w(3,3,1,75)
w(9,2,1,76)
r(1,0,1,77)
w(3,4,1,78)
w(8,4,1,79)
w(4,4,1,80)
w(14,3,1,81)
w(2,1,1,82)
r(0,0,1,83)
w(2,2,1,84)
r(10,2,1,85)
r(5,5,1,86)
w(9,3,1,87)
w(4,5,1,88)
w(5,1,1,89)
r(11,1,1,90)
w(0,8,1,91)
r(1,6,1,92)
w(14,4,1,93)
w(0,9,1,94)
r(14,4,1,95)
r(5,1,1,96)
w(0,10,1,97)
w(5,2,1,98)
w(4,6,1,99)
r(4,7,1,100)
r(13,7,1,101)
r(7,5,1,102)
w(8,5,1,103)
r(5,2,1,104)
w(14,5,1,105)
w(0,11,1,106)
r(12,7,1,107)
w(12,4,1,108)
r(3,13,1,109)
r(3,13,1,110)
w(0,12,1,111)
r(2,2,1,112)
w(14,6,1,113)
r(3,13,1,114)
w(8,6,1,115)
r(5,7,1,116)
r(12,4,1,117)
w(10,6,1,118)
w(10,7,1,119)
w(1,3,1,120)
w(9,4,1,121)
r(0,14,1,122)
w(14,7,1,123)
w(10,8,1,124)
w(5,3,1,125)
r(9,8,1,126)
r(2,3,1,127)
w(11,4,1,128)
r(9,8,1,129)
r(3,16,1,130)
w(13,3,1,131)
r(12,3,1,132)
r(13,3,1,133)
r(14,7,1,134)
w(14,8,1,135)
w(6,6,1,136)
r(12,3,1,137)
r(13,8,1,138)
w(8,7,1,139)
r(1,3,1,140)
r(13,8,1,141)
w(3,5,1,142)
r(1,2,1,143)
r(4,9,1,144)
w(13,4,1,145)
w(10,9,1,146)
w(10,10,1,147)
r(0,7,1,148)
w(5,4,2,149)
w(14,9,2,150)
w(3,6,2,151)
r(10,0,2,152)
w(5,5,2,153)
r(13,6,2,154)
w(1,4,2,155)
w(13,5,2,156)
w(10,11,2,157)
r(10,2,2,158)
r(3,4,2,159)
w(3,7,2,160)
w(3,8,2,161)
r(8,2,2,162)
r(13,5,2,163)
r(14,15,2,164)
r(13,5,2,165)
w(6,7,2,166)
w(14,10,2,167)
r(7,5,2,168)
w(6,8,2,169)
r(9,3,2,170)
r(8,11,2,171)
w(12,5,2,172)
w(6,9,2,173)
w(3,9,2,174)
w(4,7,2,175)
w(9,5,2,176)
r(11,2,2,177)
r(5,2,2,178)
r(3,12,2,179)
r(10,4,2,180)
w(5,6,2,181)
w(5,7,2,182)
w(3,10,2,183)
w(14,11,2,184)
w(0,14,2,185)
r(9,4,2,186)
w(12,6,2,187)
r(13,7,2,188)
r(4,15,2,189)
w(10,12,2,190)
r(1,3,2,191)
r(13,7,2,192)
w(9,6,2,193)
w(2,3,2,194)
w(7,4,2,195)
w(4,8,2,196)
w(9,7,2,197)
r(9,7,2,198)
r(4,8,2,199)
r(13,3,2,200)
w(4,9,2,201)
w(10,13,2,202)
w(11,5,2,203)
r(14,8,2,204)
w(2,4,2,205)
w(11,6,2,206)
r(14,8,2,207)
w(8,8,2,208)
r(2,4,2,209)
w(14,12,2,210)
w(8,9,2,211)
r(3,5,2,212)
r(10,10,2,213)
r(4,9,2,214)
w(4,10,2,215)
w(3,11,2,216)
w(14,13,2,217)
w(4,11,2,218)
w(4,12,2,219)
w(10,14,2,220)
r(10,14,2,221)
w(8,10,2,222)
w(13,6,3,223)
r(12,2,3,224)
r(4,1,3,225)
w(4,13,3,226)
r(12,2,3,227)
w(2,5,3,228)
r(12,2,3,229)
w(14,14,3,230)
r(6,0,3,231)
r(8,4,3,232)
w(7,5,3,233)
r(10,2,3,234)
w(1,5,3,235)
r(9,1,3,236)
r(5,5,3,237)
r(9,1,3,238)
w(1,6,3,239)
w(14,15,3,240)
r(12,2,3,241)
r(2,2,3,242)
w(14,16,3,243)
r(10,2,3,244)
r(10,2,3,245)
w(8,11,3,246)
r(5,1,3,247)
w(1,7,3,248)
w(1,8,3,249)
w(6,10,3,250)
r(2,2,3,251)
r(7,5,3,252)
r(6,10,3,253)
w(13,7,3,254)
w(4,14,3,255)
w(8,12,3,256)
r(5,2,3,257)
r(5,2,3,258)
r(11,1,3,259)
r(6,9,3,260)
r(7,5,3,261)
w(3,12,3,262)
r(8,3,3,263)
w(4,15,3,264)
w(6,11,3,265)
w(12,7,3,266)
r(11,2,3,267)
w(3,13,3,268)
w(10,15,3,269)
r(8,5,3,270)
r(6,11,3,271)
r(0,12,3,272)
w(11,7,3,273)
w(7,6,3,274)
r(9,5,3,275)
r(8,6,3,276)
r(8,6,3,277)
w(1,9,3,278)
w(0,15,3,279)
r(7,6,3,280)
w(12,8,3,281)
w(7,7,3,282)
w(3,14,3,283)
w(3,15,3,284)
r(5,7,3,285)
w(9,8,3,286)
w(3,16,3,287)
w(6,12,3,288)
r(6,12,3,289)
w(11,8,3,290)
r(10,8,3,291)
w(13,8,3,292)
w(5,8,3,293)
w(6,13,3,294)
w(1,11,3,295)
r(14,8,3,296)
