r(0,0,0,0)
w(2,1,0,1)
r(9,0,0,2)
r(5,0,0,3)
r(1,0,0,4)
r(9,0,0,5)
r(0,0,0,6)
r(14,0,0,7)
r(3,0,0,8)
r(5,0,0,9)
w(3,1,0,10)
w(3,2,0,11)
r(0,0,0,12)
r(2,8,0,13)
r(1,0,0,14)
w(2,2,0,15)
w(4,1,0,16)
w(5,1,0,17)
r(14,0,0,18)
w(1,1,0,19)
w(2,3,0,20)
r(5,1,0,21)
w(13,1,0,22)
w(5,2,0,23)
r(10,6,0,24)
w(6,1,0,25)
r(9,3,0,26)
r(9,3,0,27)
w(4,2,0,28)
w(3,3,0,29)
r(11,3,0,30)
r(14,10,0,31)
r(7,5,0,32)
r(6,1,0,33)
r(9,3,0,34)
w(4,3,0,35)
w(1,2,0,36)
r(8,1,0,37)
w(9,1,0,38)
r(0,2,0,39)
r(2,3,0,40)
r(9,1,0,41)
w(2,4,0,42)
w(14,1,0,43)
w(13,2,0,44)
r(7,6,0,45)
w(2,5,0,46)
r(0,4,0,47)
r(13,2,0,48)
w(4,4,0,49)
w(6,2,0,50)
w(2,6,0,51)
r(1,4,0,52)
r(7,7,0,53)
w(14,2,0,54)
w(2,7,0,55)
r(5,7,0,56)
w(13,3,0,57)
w(4,5,0,58)
r(13,3,0,59)
w(14,3,0,60)
w(14,4,0,61)
r(3,10,0,62)
w(10,1,0,63)
w(13,4,0,64)
w(12,1,0,65)
r(11,5,0,66)
w(0,1,0,67)
r(6,4,0,68)
r(4,11,0,69)
r(6,4,0,70)
r(10,1,0,71)
r(7,7,0,72)
w(4,6,0,73)
r(9,4,0,74)
r(0,0,1,75)
w(2,8,1,76)
r(13,0,1,77)
r(3,2,1,78)
r(8,8,1,79)
w(1,3,1,80)
w(6,3,1,81)
w(0,2,1,82)
w(2,9,1,83)
r(9,3,1,84)
w(12,2,1,85)
r(12,2,1,86)
w(3,4,1,87)
r(8,9,1,88)
r(7,5,1,89)
w(5,3,1,90)
w(4,7,1,91)
r(13,1,1,92)
r(6,1,1,93)
r(4,2,1,94)
r(12,2,1,95)
r(8,3,1,96)
w(8,1,1,97)
r(4,8,1,98)
r(12,2,1,99)
r(5,10,1,100)
w(11,1,1,101)
w(10,2,1,102)
r(13,1,1,103)
r(1,2,1,104)
r(1,2,1,105)
w(5,4,1,106)
w(3,5,1,107)
r(7,6,1,108)
r(3,5,1,109)
r(9,1,1,110)
r(12,5,1,111)
r(11,1,1,112)
r(13,1,1,113)
w(5,5,1,114)
r(1,7,1,115)
w(3,6,1,116)
w(1,4,1,117)
w(14,5,1,118)
w(5,6,1,119)
w(5,7,1,120)
w(3,7,1,121)
w(12,3,1,122)
r(3,10,1,123)
r(3,10,1,124)
w(1,5,1,125)
r(2,7,1,126)
w(6,4,1,127)
r(13,3,1,128)
r(8,5,1,129)
r(4,11,1,130)
r(9,1,1,131)
r(10,1,1,132)
r(13,10,1,133)
w(11,2,1,134)
r(6,4,1,135)
w(2,10,1,136)
w(2,11,1,137)
w(5,8,1,138)
r(10,4,1,139)
r(0,1,1,140)
r(4,12,1,141)
w(8,2,1,142)
w(9,2,1,143)
w(13,6,1,144)
w(13,7,1,145)
r(4,12,1,146)
w(5,9,1,147)
r(3,10,1,148)
w(10,3,2,149)
w(9,3,2,150)
w(3,8,2,151)
r(3,8,2,152)
r(0,0,2,153)
w(13,8,2,154)
w(12,4,2,155)
w(14,6,2,156)
r(4,1,2,157)
r(12,2,2,158)
r(14,10,2,159)
r(5,1,2,160)
r(1,1,2,161)
w(11,3,2,162)
w(8,3,2,163)
r(2,3,2,164)
r(3,4,2,165)
w(5,10,2,166)
r(9,3,2,167)
w(4,8,2,168)
r(2,3,2,169)
r(8,1,2,170)
w(11,4,2,171)
w(1,6,2,172)
r(1,2,2,173)
r(10,2,2,174)
w(4,9,2,175)
r(8,1,2,176)
w(12,5,2,177)
w(8,4,2,178)
w(12,6,2,179)
r(6,1,2,180)
r(6,1,2,181)
w(6,5,2,182)
r(0,4,2,183)
w(3,9,2,184)
r(13,2,2,185)
w(11,5,2,186)
r(11,5,2,187)
w(14,7,2,188)
w(2,12,2,189)
w(3,10,2,190)
r(9,1,2,191)
w(6,6,2,192)
w(6,7,2,193)
w(5,11,2,194)
w(8,5,2,195)
r(14,4,2,196)
w(14,8,2,197)
w(14,9,2,198)
r(14,9,2,199)
r(4,11,2,200)
r(10,1,2,201)
r(5,11,2,202)
r(11,5,2,203)
w(8,6,2,204)
w(9,4,2,205)
w(2,13,2,206)
r(4,6,2,207)
r(6,4,2,208)
r(13,11,2,209)
w(7,1,2,210)
w(7,2,2,211)
w(13,9,2,212)
r(3,10,2,213)
w(7,3,2,214)
w(10,4,2,215)
r(13,9,2,216)
r(7,8,2,217)
w(0,3,2,218)
w(6,8,2,219)
r(5,8,2,220)
w(8,7,2,221)
r(5,8,2,222)
w(7,4,2,223)
w(8,8,3,224)
w(11,6,3,225)
r(5,0,3,226)
r(9,3,3,227)
w(10,5,3,228)
w(7,5,3,229)
w(8,9,3,230)
w(11,7,3,231)
r(0,2,3,232)
w(14,10,3,233)
w(10,6,3,234)
r(4,1,3,235)
w(5,12,3,236)
w(7,6,3,237)
w(14,11,3,238)
w(1,7,3,239)
w(0,4,3,240)
r(11,1,3,241)
r(6,1,3,242)
w(10,7,3,243)
r(14,1,3,244)
r(3,6,3,245)
w(3,11,3,246)
w(7,7,3,247)
w(12,7,3,248)
r(6,2,3,249)
w(6,9,3,250)
r(11,5,3,251)
r(9,1,3,252)
r(9,1,3,253)
r(11,5,3,254)
r(4,4,3,255)
r(8,4,3,256)
r(10,7,3,257)
w(8,10,3,258)
w(8,11,3,259)
r(8,11,3,260)
w(12,8,3,261)
w(4,11,3,262)
r(3,10,3,263)
w(12,9,3,264)
w(9,5,3,265)
r(4,11,3,266)
r(1,5,3,267)
w(13,10,3,268)
w(13,11,3,269)
w(4,12,3,270)
r(2,13,3,271)
r(11,2,3,272)
r(13,11,3,273)
r(10,1,3,274)
r(0,1,3,275)
w(10,8,3,276)
w(6,10,3,277)
r(0,1,3,278)
w(7,8,3,279)
w(13,12,3,280)
w(0,5,3,281)
r(9,2,3,282)
w(14,12,3,283)
r(3,10,3,284)
w(10,9,3,285)
w(5,13,3,286)
w(6,11,3,287)
r(5,9,3,288)
w(12,10,3,289)
w(5,14,3,290)
r(10,9,3,291)
r(11,2,3,292)
w(9,6,3,293)
w(0,6,3,294)
w(13,13,3,295)
r(11,2,3,296)
r(6,11,3,297)
