w(12,1,0,0)
r(4,0,0,1)
w(3,1,0,2)
r(13,0,0,3)
r(4,0,0,4)
w(1,1,0,5)
w(14,1,0,6)
r(13,0,0,7)
r(14,1,0,8)
w(11,1,0,9)
r(3,6,0,10)
w(5,1,0,11)
w(10,1,0,12)
r(9,0,0,13)
w(9,1,0,14)
w(2,1,0,15)
r(1,5,0,16)
r(14,9,0,17)
w(0,1,0,18)
w(12,2,0,19)
r(12,2,0,20)
w(12,3,0,21)
r(9,1,0,22)
r(10,1,0,23)
w(1,2,0,24)
r(13,3,0,25)
r(7,0,0,26)
r(12,3,0,27)
r(1,2,0,28)
w(5,2,0,29)
w(7,1,0,30)
w(11,2,0,31)
w(3,2,0,32)
w(13,1,0,33)
w(9,2,0,34)
w(14,2,0,35)
r(14,2,0,36)
r(0,5,0,37)
w(12,4,0,38)
r(7,3,0,39)
w(7,2,0,40)
r(6,6,0,41)
w(9,3,0,42)
w(0,2,0,43)
w(11,3,0,44)
w(3,3,0,45)
r(12,11,0,46)
r(10,10,0,47)
w(14,3,0,48)
r(11,3,0,49)
r(8,7,0,50)
w(6,1,0,51)
r(3,5,0,52)
r(1,4,0,53)
w(10,2,0,54)
r(0,7,0,55)
r(8,8,0,56)
r(1,4,0,57)
r(1,4,0,58)
r(14,3,0,59)
w(8,1,0,60)
r(4,8,0,61)
w(5,3,0,62)
r(10,2,0,63)
r(14,3,0,64)
w(4,1,0,65)
w(8,2,0,66)
w(4,2,0,67)
w(12,5,0,68)
r(6,9,0,69)
r(2,4,0,70)
w(3,4,0,71)
w(0,3,0,72)
w(5,4,0,73)
r(5,4,0,74)
r(4,0,1,75)
w(1,3,1,76)
w(6,2,1,77)
w(14,4,1,78)
r(2,6,1,79)
r(4,9,1,80)
r(7,0,1,81)
w(8,3,1,82)
w(9,4,1,83)
r(5,9,1,84)
w(13,2,1,85)
r(10,1,1,86)
w(12,6,1,87)
r(13,2,1,88)
w(8,4,1,89)
r(14,9,1,90)
r(3,12,1,91)
w(11,4,1,92)
w(4,3,1,93)
w(9,5,1,94)
w(13,3,1,95)
w(8,5,1,96)
w(8,6,1,97)
w(14,5,1,98)
r(0,5,1,99)
w(4,4,1,100)
w(11,5,1,101)
r(1,2,1,102)
r(12,3,1,103)
r(12,3,1,104)
w(12,7,1,105)
r(12,7,1,106)
w(7,3,1,107)
r(13,1,1,108)
w(2,2,1,109)
r(11,9,1,110)
w(13,4,1,111)
r(2,2,1,112)
r(1,6,1,113)
w(11,6,1,114)
w(13,5,1,115)
w(1,4,1,116)
w(8,7,1,117)
w(6,3,1,118)
r(3,3,1,119)
r(2,2,1,120)
r(2,2,1,121)
r(4,8,1,122)
r(7,5,1,123)
r(4,8,1,124)
w(3,5,1,125)
w(6,4,1,126)
r(11,3,1,127)
r(7,5,1,128)
w(10,4,1,129)
r(4,8,1,130)
r(13,5,1,131)
r(3,5,1,132)
w(8,8,1,133)
r(2,2,1,134)
w(8,9,1,135)
r(0,7,1,136)
r(3,5,1,137)
w(13,6,1,138)
r(8,1,1,139)
r(1,4,1,140)
r(12,11,1,141)
w(12,8,1,142)
w(11,7,1,143)
w(7,4,1,144)
r(14,7,1,145)
w(9,6,1,146)
r(0,8,1,147)
w(0,4,1,148)
r(14,0,2,149)
w(6,5,2,150)
r(7,0,2,151)
r(5,0,2,152)
w(10,5,2,153)
r(8,0,2,154)
r(8,0,2,155)
w(3,6,2,156)
w(8,10,2,157)
w(6,6,2,158)
r(4,9,2,159)
r(12,1,2,160)
w(4,5,2,161)
w(5,5,2,162)
r(14,9,2,163)
w(8,11,2,164)
r(7,0,2,165)
w(1,5,2,166)
r(8,4,2,167)
r(6,6,2,168)
r(0,1,2,169)
r(11,4,2,170)
w(4,6,2,171)
w(5,6,2,172)
r(2,8,2,173)
w(2,3,2,174)
w(3,7,2,175)
w(13,7,2,176)
r(5,2,2,177)
w(3,8,2,178)
r(13,7,2,179)
r(5,2,2,180)
w(9,7,2,181)
w(8,12,2,182)
w(14,6,2,183)
w(1,6,2,184)
w(12,9,2,185)
w(4,7,2,186)
r(14,2,2,187)
w(3,9,2,188)
w(4,8,2,189)
r(6,6,2,190)
w(9,8,2,191)
w(7,5,2,192)
r(14,2,2,193)
w(5,7,2,194)
r(13,5,2,195)
r(1,4,2,196)
w(10,6,2,197)
w(8,13,2,198)
r(9,10,2,199)
r(4,8,2,200)
r(8,1,2,201)
w(2,4,2,202)
r(6,9,2,203)
w(14,7,2,204)
r(3,5,2,205)
w(3,10,2,206)
w(14,8,2,207)
w(13,8,2,208)
r(13,8,2,209)
r(2,4,2,210)
r(12,5,2,211)
r(1,4,2,212)
r(9,6,2,213)
w(6,7,2,214)
r(13,8,2,215)
w(13,9,2,216)
r(2,4,2,217)
w(6,8,2,218)
w(3,11,2,219)
w(9,9,2,220)
r(3,11,2,221)
w(7,6,2,222)
w(2,5,3,223)
w(10,8,3,224)
w(5,8,3,225)
r(7,0,3,226)
r(0,0,3,227)
r(8,0,3,228)
r(12,1,3,229)
w(2,6,3,230)
w(4,9,3,231)
w(14,9,3,232)
w(5,9,3,233)
r(2,6,3,234)
r(3,6,3,235)
r(0,0,3,236)
w(3,12,3,237)
w(4,10,3,238)
r(11,1,3,239)
r(6,6,3,240)
w(12,10,3,241)
w(11,8,3,242)
w(8,14,3,243)
w(2,7,3,244)
r(6,6,3,245)
r(13,2,3,246)
w(2,8,3,247)
r(2,8,3,248)
w(5,10,3,249)
w(0,5,3,250)
r(12,3,3,251)
r(9,5,3,252)
w(4,11,3,253)
r(5,2,3,254)
w(10,9,3,255)
r(3,2,3,256)
r(13,1,3,257)
r(7,1,3,258)
w(11,9,3,259)
w(3,13,3,260)
w(0,6,3,261)
w(12,11,3,262)
w(7,7,3,263)
w(10,10,3,264)
r(9,8,3,265)
w(9,10,3,266)
w(0,7,3,267)
w(6,9,3,268)
w(7,8,3,269)
w(9,11,3,270)
w(4,12,3,271)
r(2,4,3,272)
w(5,11,3,273)
r(6,9,3,274)
r(12,8,3,275)
r(12,8,3,276)
r(6,9,3,277)
r(14,7,3,278)
r(10,2,3,279)
r(11,7,3,280)
r(10,2,3,281)
w(0,8,3,282)
r(10,2,3,283)
r(11,7,3,284)
w(11,10,3,285)
r(7,4,3,286)
r(10,2,3,287)
w(5,12,3,288)
w(3,14,3,289)
w(6,10,3,290)
r(7,4,3,291)
w(7,9,3,292)
r(13,9,3,293)
r(1,4,3,294)
r(3,11,3,295)
w(1,7,3,296)
w(0,9,3,297)
