w(11,1,0,0)
w(3,1,0,1)
w(12,1,0,2)
r(9,4,0,3)
w(3,2,0,4)
w(5,1,0,5)
w(7,1,0,6)
w(8,1,0,7)
r(11,7,0,8)
r(1,4,0,9)
w(1,1,0,10)
w(3,3,0,11)
w(10,1,0,12)
w(5,2,0,13)
r(2,7,0,14)
w(4,1,0,15)
r(6,7,0,16)
r(8,4,0,17)
r(13,2,0,18)
r(5,2,0,19)
w(1,2,0,20)
w(10,2,0,21)
w(12,2,0,22)
r(5,7,0,23)
r(12,4,0,24)
w(10,3,0,25)
r(1,2,0,26)
r(13,3,0,27)
r(11,4,0,28)
w(9,1,0,29)
r(5,5,0,30)
r(0,1,0,31)
w(3,4,0,32)
r(4,1,0,33)
w(8,2,0,34)
r(6,7,0,35)
r(12,4,0,36)
r(4,1,0,37)
r(0,9,0,38)
w(2,1,0,39)
r(1,5,0,40)
r(1,5,0,41)
w(7,2,0,42)
w(3,5,0,43)
r(9,1,0,44)
w(3,6,0,45)
r(11,9,0,46)
r(14,3,0,47)
w(8,3,0,48)
w(3,7,0,49)
w(6,1,0,50)
r(4,3,0,51)
r(3,14,0,52)
r(12,5,0,53)
w(2,2,0,54)
r(0,5,0,55)
w(7,3,0,56)
r(8,3,0,57)
w(11,2,0,58)
r(7,3,0,59)
w(10,4,0,60)
w(13,1,0,61)
r(5,6,0,62)
w(9,2,0,63)
r(13,1,0,64)
w(3,8,0,65)
w(1,3,0,66)
r(11,5,0,67)
r(11,5,0,68)
r(2,5,0,69)
r(9,2,0,70)
r(4,3,0,71)
w(14,1,0,72)
r(1,3,0,73)
w(5,3,0,74)
r(11,1,1,75)
w(6,2,1,76)
w(5,4,1,77)
w(3,9,1,78)
w(12,3,1,79)
r(11,12,1,80)
r(8,0,1,81)
r(10,7,1,82)
w(1,4,1,83)
r(12,3,1,84)
r(9,4,1,85)
r(9,4,1,86)
w(4,2,1,87)
w(8,4,1,88)
r(1,1,1,89)
w(11,3,1,90)
w(13,2,1,91)
r(7,1,1,92)
r(5,2,1,93)
w(14,2,1,94)
r(6,7,1,95)
w(13,3,1,96)
w(11,4,1,97)
r(11,4,1,98)
w(7,4,1,99)
w(12,4,1,100)
r(9,5,1,101)
w(0,1,1,102)
r(1,2,1,103)
r(5,8,1,104)
r(11,4,1,105)
w(5,5,1,106)
r(5,5,1,107)
r(1,5,1,108)
w(3,10,1,109)
w(10,5,1,110)
w(6,3,1,111)
r(7,2,1,112)
w(13,4,1,113)
r(7,2,1,114)
r(0,9,1,115)
w(8,5,1,116)
r(10,5,1,117)
w(12,5,1,118)
r(10,5,1,119)
w(4,3,1,120)
w(9,3,1,121)
r(8,3,1,122)
r(4,3,1,123)
w(2,3,1,124)
r(2,3,1,125)
w(7,5,1,126)
r(6,1,1,127)
r(5,6,1,128)
w(11,5,1,129)
r(8,11,1,130)
w(8,6,1,131)
w(8,7,1,132)
r(1,3,1,133)
w(8,8,1,134)
w(11,6,1,135)
r(10,4,1,136)
w(8,9,1,137)
w(0,2,1,138)
w(6,4,1,139)
r(14,1,1,140)
r(4,3,1,141)
w(13,6,1,142)
w(3,11,1,143)
w(10,6,1,144)
w(8,10,1,145)
r(2,6,1,146)
r(2,6,1,147)
r(4,3,1,148)
r(8,0,2,149)
w(10,7,2,150)
w(9,4,2,151)
r(5,4,2,152)
r(5,4,2,153)
w(6,5,2,154)
r(11,12,2,155)
r(4,0,2,156)
w(0,3,2,157)
r(0,3,2,158)
r(1,0,2,159)
w(11,7,2,160)
r(9,4,2,161)
r(4,2,2,162)
r(12,3,2,163)
r(4,4,2,164)
r(0,8,2,165)
w(11,8,2,166)
w(3,12,2,167)
w(0,4,2,168)
r(5,2,2,169)
r(10,8,2,170)
w(9,5,2,171)
r(1,2,2,172)
r(11,4,2,173)
r(12,2,2,174)
r(11,4,2,175)
w(14,3,2,176)
r(7,4,2,177)
r(10,3,2,178)
w(1,5,2,179)
r(1,5,2,180)
w(2,4,2,181)
w(11,9,2,182)
r(5,5,2,183)
r(14,3,2,184)
r(8,2,2,185)
w(13,7,2,186)
w(3,13,2,187)
w(5,6,2,188)
r(1,5,2,189)
w(0,5,2,190)
r(13,4,2,191)
r(10,5,2,192)
w(11,10,2,193)
w(3,14,2,194)
r(4,3,2,195)
r(11,10,2,196)
r(14,3,2,197)
r(7,10,2,198)
r(0,5,2,199)
r(10,5,2,200)
w(9,6,2,201)
r(8,3,2,202)
w(11,11,2,203)
w(8,11,2,204)
r(9,6,2,205)
w(7,6,2,206)
r(4,3,2,207)
r(6,1,2,208)
r(9,2,2,209)
w(2,5,2,210)
w(0,6,2,211)
r(13,1,2,212)
w(0,7,2,213)
w(2,6,2,214)
w(3,15,2,215)
w(8,12,2,216)
w(7,7,2,217)
w(1,6,2,218)
r(7,7,2,219)
r(13,1,2,220)
w(13,8,2,221)
w(1,7,2,222)
r(12,5,2,223)
r(1,0,3,224)
r(13,0,3,225)
r(14,0,3,226)
w(11,12,3,227)
w(6,6,3,228)
r(8,0,3,229)
r(4,0,3,230)
r(10,7,3,231)
w(12,6,3,232)
w(7,8,3,233)
w(11,13,3,234)
w(0,8,3,235)
r(3,2,3,236)
r(9,4,3,237)
w(4,4,3,238)
r(1,4,3,239)
w(14,4,3,240)
r(13,0,3,241)
w(6,7,3,242)
w(2,7,3,243)
r(14,4,3,244)
r(12,3,3,245)
w(4,5,3,246)
w(10,8,3,247)
r(7,1,3,248)
w(8,13,3,249)
r(3,12,3,250)
r(8,13,3,251)
r(11,4,3,252)
w(5,7,3,253)
r(3,12,3,254)
r(8,13,3,255)
w(5,8,3,256)
r(3,12,3,257)
r(5,8,3,258)
r(13,3,3,259)
r(1,2,3,260)
r(7,4,3,261)
w(3,16,3,262)
w(8,14,3,263)
r(6,7,3,264)
r(7,4,3,265)
r(6,7,3,266)
r(14,3,3,267)
r(13,3,3,268)
w(10,9,3,269)
w(0,9,3,270)
r(4,1,3,271)
r(8,2,3,272)
r(10,5,3,273)
w(4,6,3,274)
r(10,5,3,275)
r(6,3,3,276)
w(6,8,3,277)
r(12,4,3,278)
w(7,9,3,279)
r(4,6,3,280)
r(1,5,3,281)
w(4,7,3,282)
w(9,7,3,283)
w(2,8,3,284)
w(7,10,3,285)
r(4,3,3,286)
r(5,6,3,287)
r(6,1,3,288)
r(12,5,3,289)
r(9,6,3,290)
r(8,3,3,291)
r(3,14,3,292)
r(14,3,3,293)
w(8,15,3,294)
r(3,14,3,295)
w(0,10,3,296)
r(2,3,3,297)
r(7,5,3,298)
