r(11,0,0,0)
w(7,1,0,1)
r(0,0,0,2)
w(7,2,0,3)
r(10,0,0,4)
r(14,0,0,5)
w(0,1,0,6)
r(8,4,0,7)
r(1,0,0,8)
w(6,1,0,9)
w(11,1,0,10)
w(6,2,0,11)
r(12,5,0,12)
r(2,4,0,13)
w(9,1,0,14)
w(8,1,0,15)
w(2,1,0,16)
r(12,5,0,17)
r(3,0,0,18)
r(14,6,0,19)
r(13,4,0,20)
r(10,4,0,21)
r(13,4,0,22)
r(11,6,0,23)
r(3,0,0,24)
r(9,1,0,25)
w(8,2,0,26)
w(12,1,0,27)
r(7,7,0,28)
w(2,2,0,29)
r(8,2,0,30)
w(5,1,0,31)
w(11,2,0,32)
r(12,6,0,33)
w(14,1,0,34)
r(5,1,0,35)
w(1,1,0,36)
r(4,5,0,37)
r(12,7,0,38)
r(1,8,0,39)
w(0,2,0,40)
w(0,3,0,41)
r(6,7,0,42)
w(13,1,0,43)
w(0,4,0,44)
w(10,1,0,45)
w(3,1,0,46)
r(2,5,0,47)
w(14,2,0,48)
w(13,2,0,49)
w(14,3,0,50)
r(1,8,0,51)
r(14,3,0,52)
r(9,11,0,53)
w(9,2,0,54)
r(0,4,0,55)
r(3,5,0,56)
w(9,3,0,57)
r(2,8,0,58)
w(1,2,0,59)
w(11,3,0,60)
w(9,4,0,61)
r(12,4,0,62)
w(9,5,0,63)
r(5,8,0,64)
w(7,3,0,65)
r(9,12,0,66)
r(10,5,0,67)
w(7,4,0,68)
w(14,4,0,69)
r(3,6,0,70)
w(13,3,0,71)
r(6,4,0,72)
r(3,6,0,73)
r(4,7,0,74)
r(14,0,1,75)
w(0,5,1,76)
r(12,0,1,77)
r(11,0,1,78)
w(2,3,1,79)
w(7,5,1,80)
w(9,6,1,81)
r(11,1,1,82)
w(0,6,1,83)
r(7,5,1,84)
w(2,4,1,85)
w(10,2,1,86)
r(13,4,1,87)
w(7,6,1,88)
w(0,7,1,89)
r(4,5,1,90)
r(0,7,1,91)
w(12,2,1,92)
r(7,6,1,93)
r(13,4,1,94)
r(5,4,1,95)
w(7,7,1,96)
r(14,6,1,97)
w(9,7,1,98)
r(8,2,1,99)
w(11,4,1,100)
w(3,2,1,101)
w(0,8,1,102)
w(1,3,1,103)
r(1,3,1,104)
r(9,7,1,105)
r(14,6,1,106)
r(5,1,1,107)
w(1,4,1,108)
r(5,1,1,109)
w(0,9,1,110)
w(4,1,1,111)
r(8,5,1,112)
r(5,1,1,113)
r(13,10,1,114)
w(11,5,1,115)
w(4,2,1,116)
w(3,3,1,117)
r(12,7,1,118)
r(13,1,1,119)
r(3,3,1,120)
r(5,6,1,121)
r(12,7,1,122)
w(5,2,1,123)
w(10,3,1,124)
r(0,4,1,125)
w(14,5,1,126)
r(0,4,1,127)
w(5,3,1,128)
r(9,10,1,129)
r(7,10,1,130)
r(5,3,1,131)
w(4,3,1,132)
w(4,4,1,133)
w(7,8,1,134)
r(6,8,1,135)
r(1,9,1,136)
r(11,7,1,137)
r(1,9,1,138)
r(13,2,1,139)
r(7,8,1,140)
r(14,3,1,141)
w(12,3,1,142)
r(2,6,1,143)
w(9,8,1,144)
w(12,4,1,145)
w(7,9,1,146)
r(4,4,1,147)
w(6,3,1,148)
w(8,3,1,149)
r(11,0,2,150)
w(4,5,2,151)
w(8,4,2,152)
w(0,10,2,153)
w(0,11,2,154)
r(0,11,2,155)
r(14,6,2,156)
r(9,6,2,157)
w(12,5,2,158)
w(13,4,2,159)
w(1,5,2,160)
w(11,6,2,161)
r(3,0,2,162)
r(6,6,2,163)
w(5,4,2,164)
r(3,0,2,165)
r(6,6,2,166)
w(10,4,2,167)
w(1,6,2,168)
r(12,2,2,169)
w(12,6,2,170)
w(5,5,2,171)
r(8,7,2,172)
w(13,5,2,173)
r(14,6,2,174)
w(8,5,2,175)
r(2,2,2,176)
w(1,7,2,177)
w(13,6,2,178)
w(12,7,2,179)
r(3,7,2,180)
w(1,8,2,181)
w(2,5,2,182)
w(9,9,2,183)
w(5,6,2,184)
w(11,7,2,185)
r(7,7,2,186)
w(9,10,2,187)
r(12,7,2,188)
r(7,7,2,189)
r(13,1,2,190)
w(13,7,2,191)
r(0,4,2,192)
w(7,10,2,193)
w(5,7,2,194)
w(3,4,2,195)
w(2,6,2,196)
w(9,11,2,197)
w(1,9,2,198)
w(3,5,2,199)
w(13,8,2,200)
r(3,5,2,201)
w(7,11,2,202)
w(10,5,2,203)
r(13,8,2,204)
r(4,4,2,205)
r(8,5,2,206)
w(4,6,2,207)
w(5,8,2,208)
r(14,3,2,209)
w(13,9,2,210)
r(3,5,2,211)
r(12,4,2,212)
r(6,3,2,213)
w(1,10,2,214)
w(9,12,2,215)
w(7,12,2,216)
r(11,11,2,217)
r(0,15,2,218)
r(0,15,2,219)
w(3,6,2,220)
r(7,4,2,221)
w(6,4,2,222)
w(0,12,2,223)
r(1,12,2,224)
r(10,0,3,225)
w(7,13,3,226)
w(14,6,3,227)
r(10,0,3,228)
r(4,5,3,229)
r(2,3,3,230)
w(8,6,3,231)
r(8,6,3,232)
r(14,6,3,233)
w(6,5,3,234)
w(11,8,3,235)
w(6,6,3,236)
r(0,6,3,237)
w(1,11,3,238)
w(10,6,3,239)
r(10,6,3,240)
w(5,9,3,241)
r(6,6,3,242)
r(13,4,3,243)
w(8,7,3,244)
r(5,5,3,245)
w(11,9,3,246)
w(6,7,3,247)
w(0,13,3,248)
w(3,7,3,249)
r(9,7,3,250)
w(13,10,3,251)
w(9,13,3,252)
r(2,2,3,253)
w(11,10,3,254)
r(14,1,3,255)
r(8,5,3,256)
w(9,14,3,257)
r(4,2,3,258)
r(12,7,3,259)
r(10,1,3,260)
w(10,7,3,261)
r(14,2,3,262)
r(13,2,3,263)
w(6,8,3,264)
w(9,15,3,265)
w(2,8,3,266)
r(4,4,3,267)
w(6,9,3,268)
r(14,3,3,269)
r(4,6,3,270)
w(11,11,3,271)
r(2,8,3,272)
r(1,2,3,273)
r(11,11,3,274)
r(8,3,3,275)
w(0,14,3,276)
w(8,8,3,277)
r(8,8,3,278)
w(0,15,3,279)
w(9,16,3,280)
w(1,12,3,281)
w(11,12,3,282)
r(0,12,3,283)
w(4,7,3,284)
r(3,6,3,285)
w(7,14,3,286)
w(9,17,3,287)
r(3,6,3,288)
w(11,13,3,289)
w(13,12,3,290)
w(14,7,3,291)
w(13,13,3,292)
w(0,16,3,293)
w(11,14,3,294)
r(11,14,3,295)
r(3,6,3,296)
