w(8,1,0,0)
r(13,0,0,1)
w(10,1,0,2)
w(4,1,0,3)
r(5,0,0,4)
w(1,1,0,5)
r(6,4,0,6)
r(7,3,0,7)
r(6,4,0,8)
w(8,2,0,9)
w(14,1,0,10)
r(4,1,0,11)
r(4,1,0,12)
w(14,2,0,13)
w(6,1,0,14)
w(11,1,0,15)
r(9,3,0,16)
w(2,1,0,17)
w(13,1,0,18)
w(0,1,0,19)
r(13,7,0,20)
w(4,2,0,21)
r(6,8,0,22)
w(13,2,0,23)
w(0,2,0,24)
r(13,2,0,25)
r(4,6,0,26)
r(3,3,0,27)
r(12,8,0,28)
w(4,3,0,29)
r(8,9,0,30)
w(8,3,0,31)
r(14,4,0,32)
w(0,3,0,33)
r(4,3,0,34)
r(3,8,0,35)
r(7,3,0,36)
r(11,7,0,37)
w(5,1,0,38)
w(11,2,0,39)
w(7,1,0,40)
r(0,12,0,41)
r(13,8,0,42)
r(13,8,0,43)
w(7,2,0,44)
r(0,15,0,45)
w(11,4,0,46)
r(10,6,0,47)
r(0,8,0,48)
w(12,1,0,49)
w(3,1,0,50)
r(4,3,0,51)
r(10,6,0,52)
w(14,3,0,53)
w(2,2,0,54)
w(8,4,0,55)
r(14,3,0,56)
r(13,8,0,57)
r(7,6,0,58)
r(10,6,0,59)
r(0,9,0,60)
r(9,5,0,61)
w(6,2,0,62)
r(13,6,0,63)
w(5,2,0,64)
w(6,3,0,65)
w(13,3,0,66)
w(12,2,0,67)
w(11,5,0,68)
w(0,4,0,69)
r(5,8,0,70)
r(12,2,0,71)
w(3,2,0,72)
w(9,1,0,73)
w(0,5,1,74)
w(7,3,1,75)
w(6,4,1,76)
r(3,0,1,77)
w(12,3,1,78)
w(12,4,1,79)
w(2,3,1,80)
r(5,7,1,81)
w(10,2,1,82)
r(3,0,1,83)
w(3,3,1,84)
r(0,14,1,85)
w(10,3,1,86)
r(0,14,1,87)
r(10,5,1,88)
r(5,7,1,89)
w(5,3,1,90)
r(13,2,1,91)
w(8,5,1,92)
w(14,4,1,93)
w(0,7,1,94)
r(7,3,1,95)
r(9,5,1,96)
r(12,8,1,97)
w(12,5,1,98)
w(11,6,1,99)
w(11,7,1,100)
w(6,5,1,101)
w(5,4,1,102)
w(3,4,1,103)
r(11,2,1,104)
w(5,5,1,105)
w(8,6,1,106)
w(11,8,1,107)
r(14,7,1,108)
w(0,8,1,109)
r(8,6,1,110)
r(9,5,1,111)
r(11,4,1,112)
r(4,3,1,113)
r(6,9,1,114)
r(9,5,1,115)
r(13,8,1,116)
w(6,6,1,117)
r(1,4,1,118)
r(10,6,1,119)
r(1,4,1,120)
r(12,1,1,121)
r(2,2,1,122)
w(0,9,1,123)
w(13,4,1,124)
w(4,4,1,125)
r(13,6,1,126)
r(5,2,1,127)
w(5,6,1,128)
r(5,6,1,129)
r(12,1,1,130)
r(11,19,1,131)
r(4,4,1,132)
w(8,7,1,133)
w(7,4,1,134)
r(7,4,1,135)
w(9,2,1,136)
w(7,5,1,137)
w(14,6,1,138)
r(12,2,1,139)
w(10,4,1,140)
w(3,5,1,141)
r(1,5,1,142)
w(3,6,1,143)
r(10,4,1,144)
w(1,2,1,145)
w(0,10,1,146)
w(5,7,2,147)
r(2,0,2,148)
w(11,10,2,149)
w(13,5,2,150)
w(6,7,2,151)
w(11,11,2,152)
r(2,3,2,153)
r(9,0,2,154)
w(9,3,2,155)
w(11,12,2,156)
w(10,5,2,157)
r(6,1,2,158)
r(4,1,2,159)
r(11,12,2,160)
r(8,2,2,161)
r(5,7,2,162)
r(8,2,2,163)
r(14,10,2,164)
r(9,5,2,165)
r(8,2,2,166)
w(6,8,2,167)
r(6,8,2,168)
r(10,5,2,169)
w(4,5,2,170)
w(4,6,2,171)
r(2,1,2,172)
r(12,8,2,173)
w(11,13,2,174)
r(11,13,2,175)
w(3,7,2,176)
r(2,6,2,177)
w(1,3,2,178)
r(10,5,2,179)
r(3,8,2,180)
w(0,11,2,181)
r(4,3,2,182)
w(1,4,2,183)
r(4,3,2,184)
r(9,5,2,185)
r(12,5,2,186)
r(8,3,2,187)
r(7,3,2,188)
w(2,4,2,189)
w(0,12,2,190)
r(14,4,2,191)
r(10,7,2,192)
w(11,14,2,193)
w(12,6,2,194)
w(14,7,2,195)
r(9,5,2,196)
w(10,6,2,197)
w(6,9,2,198)
r(3,4,2,199)
w(7,6,2,200)
r(8,6,2,201)
r(14,7,2,202)
r(1,4,2,203)
r(1,4,2,204)
w(14,8,2,205)
r(2,4,2,206)
r(14,8,2,207)
r(12,1,2,208)
w(0,13,2,209)
w(13,6,2,210)
w(9,4,2,211)
w(7,7,2,212)
r(11,19,2,213)
w(14,9,2,214)
w(2,5,2,215)
r(4,4,2,216)
w(1,5,2,217)
w(5,8,2,218)
r(5,8,2,219)
w(11,15,3,220)
r(2,0,3,221)
w(0,14,3,222)
r(12,0,3,223)
r(2,0,3,224)
r(9,0,3,225)
r(8,1,3,226)
w(11,16,3,227)
r(1,1,3,228)
w(6,10,3,229)
r(2,0,3,230)
r(12,4,3,231)
r(11,10,3,232)
w(14,10,3,233)
w(12,7,3,234)
w(9,5,3,235)
r(11,12,3,236)
r(14,10,3,237)
r(3,3,3,238)
w(12,8,3,239)
r(6,1,3,240)
w(13,7,3,241)
r(5,7,3,242)
w(11,17,3,243)
w(11,18,3,244)
r(1,1,3,245)
w(6,11,3,246)
r(5,3,3,247)
r(6,11,3,248)
r(3,3,3,249)
w(8,9,3,250)
w(2,6,3,251)
r(2,6,3,252)
r(12,8,3,253)
w(3,8,3,254)
r(13,2,3,255)
r(3,8,3,256)
r(11,7,3,257)
r(6,11,3,258)
r(3,8,3,259)
r(10,5,3,260)
w(13,8,3,261)
w(10,7,3,262)
r(10,7,3,263)
w(6,12,3,264)
r(13,8,3,265)
w(0,15,3,266)
r(4,3,3,267)
r(8,6,3,268)
r(2,4,3,269)
r(0,15,3,270)
r(2,4,3,271)
r(1,4,3,272)
r(5,5,3,273)
r(5,5,3,274)
w(12,9,3,275)
w(6,13,3,276)
r(1,4,3,277)
w(12,10,3,278)
r(12,1,3,279)
w(0,16,3,280)
r(9,5,3,281)
r(5,5,3,282)
w(5,9,3,283)
r(7,6,3,284)
w(6,14,3,285)
w(11,19,3,286)
r(8,4,3,287)
w(4,7,3,288)
w(10,8,3,289)
w(9,6,3,290)
r(2,2,3,291)
r(0,9,3,292)
r(0,9,3,293)
w(3,9,3,294)
