w(1,1,0,0)
w(2,1,0,0)
w(3,1,0,0)
w(4,1,0,0)
w(5,1,0,0)
w(6,1,0,0)
w(7,1,0,0)
w(8,1,0,0)
w(9,1,0,0)
w(10,1,0,0)
w(11,1,0,0)
w(12,1,0,0)
w(13,1,0,0)
w(14,1,0,0)
w(15,1,0,0)
w(16,1,0,0)
w(17,1,0,0)
w(18,1,0,0)
w(19,1,0,0)
w(20,1,0,0)
w(21,1,0,0)
w(22,1,0,0)
w(23,1,0,0)
w(24,1,0,0)
w(25,1,0,0)
w(26,1,0,0)
w(27,1,0,0)
w(28,1,0,0)
w(29,1,0,0)
w(30,1,0,0)
w(31,1,0,0)
w(32,1,0,0)
w(33,1,0,0)
w(34,1,0,0)
w(35,1,0,0)
w(36,1,0,0)
w(37,1,0,0)
w(38,1,0,0)
w(39,1,0,0)
w(40,1,0,0)
w(41,1,0,0)
w(42,1,0,0)
w(43,1,0,0)
w(44,1,0,0)
w(45,1,0,0)
w(46,1,0,0)
w(47,1,0,0)
w(48,1,0,0)
w(49,1,0,0)
w(50,1,0,0)
w(51,1,0,0)
w(52,1,0,0)
w(53,1,0,0)
w(54,1,0,0)
w(55,1,0,0)
w(56,1,0,0)
w(57,1,0,0)
w(58,1,0,0)
w(59,1,0,0)
w(60,1,0,0)
w(61,1,0,0)
w(62,1,0,0)
w(63,1,0,0)
w(64,1,0,0)
w(65,1,0,0)
w(66,1,0,0)
w(67,1,0,0)
w(68,1,0,0)
w(69,1,0,0)
w(70,1,0,0)
w(71,1,0,0)
w(72,1,0,0)
w(73,1,0,0)
w(74,1,0,0)
w(75,1,0,0)
w(76,1,0,0)
w(77,1,0,0)
w(78,1,0,0)
w(79,1,0,0)
w(80,1,0,0)
w(81,1,0,0)
w(82,1,0,0)
w(83,1,0,0)
w(84,1,0,0)
w(85,1,0,0)
w(86,1,0,0)
w(87,1,0,0)
w(88,1,0,0)
w(89,1,0,0)
w(90,1,0,0)
w(91,1,0,0)
w(92,1,0,0)
w(93,1,0,0)
w(94,1,0,0)
w(95,1,0,0)
w(96,1,0,0)
w(97,1,0,0)
w(98,1,0,0)
w(99,1,0,0)
w(100,1,0,0)
w(101,1,0,0)
w(102,1,0,0)
w(103,1,0,0)
w(104,1,0,0)
w(105,1,0,0)
w(106,1,0,0)
w(107,1,0,0)
w(108,1,0,0)
w(109,1,0,0)
w(110,1,0,0)
w(111,1,0,0)
w(112,1,0,0)
w(113,1,0,0)
w(114,1,0,0)
w(115,1,0,0)
w(116,1,0,0)
w(117,1,0,0)
w(118,1,0,0)
w(119,1,0,0)
w(120,1,0,0)
w(121,1,0,0)
w(122,1,0,0)
w(123,1,0,0)
w(124,1,0,0)
w(125,1,0,0)
w(126,1,0,0)
w(127,1,0,0)
w(128,1,0,0)
w(129,1,0,0)
w(130,1,0,0)
w(131,1,0,0)
w(132,1,0,0)
w(133,1,0,0)
w(134,1,0,0)
w(135,1,0,0)
w(136,1,0,0)
w(137,1,0,0)
w(138,1,0,0)
w(139,1,0,0)
w(140,1,0,0)
w(141,1,0,0)
w(142,1,0,0)
w(143,1,0,0)
w(144,1,0,0)
w(145,1,0,0)
w(146,1,0,0)
w(147,1,0,0)
w(148,1,0,0)
w(149,1,0,0)
w(150,1,0,0)
w(151,1,0,0)
w(152,1,0,0)
w(153,1,0,0)
w(154,1,0,0)
w(155,1,0,0)
w(156,1,0,0)
w(157,1,0,0)
w(158,1,0,0)
w(159,1,0,0)
w(160,1,0,0)
w(161,1,0,0)
w(162,1,0,0)
w(163,1,0,0)
w(164,1,0,0)
w(165,1,0,0)
w(166,1,0,0)
w(167,1,0,0)
w(168,1,0,0)
w(169,1,0,0)
w(170,1,0,0)
w(171,1,0,0)
w(172,1,0,0)
w(173,1,0,0)
w(174,1,0,0)
w(175,1,0,0)
w(176,1,0,0)
w(177,1,0,0)
w(178,1,0,0)
w(179,1,0,0)
w(180,1,0,0)
w(156,2,1,1)
w(61,2,1,1)
w(143,2,1,1)
w(154,2,1,1)
w(73,2,1,1)
w(30,2,1,1)
r(55,1,1,1)
w(18,2,1,1)
w(85,2,1,1)
r(110,1,1,1)
r(129,1,1,1)
r(156,2,1,1)
r(22,1,1,1)
w(52,2,1,1)
w(49,2,1,1)
r(154,2,1,1)
w(86,2,1,1)
w(93,2,1,1)
w(118,2,1,1)
w(24,2,1,1)
r(146,1,2,2)
r(77,1,2,2)
r(12,1,2,2)
r(149,1,2,2)
r(148,1,2,2)
r(69,1,2,2)
r(57,2,2,2)
r(52,2,2,2)
r(50,1,2,2)
w(100,8,2,2)
w(160,2,2,2)
r(15,1,2,2)
w(165,5,2,2)
w(153,5,2,2)
w(65,2,2,2)
r(14,1,2,2)
w(180,4,2,2)
r(115,1,2,2)
w(129,6,2,2)
w(12,3,2,2)
w(16,4,3,3)
w(58,7,3,3)
w(121,7,3,3)
r(13,1,3,3)
r(164,1,3,3)
w(95,6,3,3)
w(123,6,3,3)
r(89,1,3,3)
w(107,7,3,3)
r(78,1,3,3)
r(40,1,3,3)
w(84,4,3,3)
r(130,1,3,3)
r(63,1,3,3)
r(106,1,3,3)
w(137,3,3,3)
r(169,1,3,3)
w(71,8,3,3)
w(170,2,3,3)
r(80,1,3,3)
w(76,2,1,4)
r(9,1,1,4)
r(163,1,1,4)
w(129,2,1,4)
w(126,2,1,4)
r(67,1,1,4)
r(92,1,1,4)
r(106,1,1,4)
w(150,2,1,4)
w(57,2,1,4)
w(39,2,1,4)
w(67,2,1,4)
w(180,2,1,4)
r(172,1,1,4)
w(10,2,1,4)
w(180,3,1,4)
r(128,1,1,4)
w(178,2,1,4)
w(37,2,1,4)
r(114,1,1,4)
w(173,5,2,5)
w(68,4,2,5)
r(110,1,2,5)
w(168,6,2,5)
r(115,1,2,5)
w(34,2,2,5)
r(94,1,2,5)
w(20,6,2,5)
w(15,5,2,5)
w(120,3,2,5)
w(101,5,2,5)
r(128,1,2,5)
w(110,3,2,5)
w(151,5,2,5)
w(123,2,2,5)
r(147,1,2,5)
r(21,1,2,5)
w(29,3,2,5)
r(58,7,2,5)
w(87,5,2,5)
w(92,2,3,6)
r(40,1,3,6)
w(74,6,3,6)
r(50,1,3,6)
w(72,9,3,6)
w(152,7,3,6)
r(55,1,3,6)
w(92,3,3,6)
r(7,1,3,6)
r(40,1,3,6)
w(110,4,3,6)
w(114,3,3,6)
r(20,6,3,6)
r(78,1,3,6)
r(159,1,3,6)
w(76,4,3,6)
r(36,1,3,6)
r(129,6,3,6)
w(103,5,3,6)
w(58,8,3,6)
w(70,2,1,7)
r(180,4,1,7)
w(64,2,1,7)
r(85,2,1,7)
w(135,3,1,7)
w(105,2,1,7)
r(22,1,1,7)
w(155,2,1,7)
w(162,2,1,7)
w(109,2,1,7)
w(39,3,1,7)
w(36,2,1,7)
w(72,2,1,7)
r(151,5,1,7)
r(33,1,1,7)
w(152,2,1,7)
r(67,2,1,7)
r(11,1,1,7)
w(84,2,1,7)
r(44,1,1,7)
w(45,6,2,8)
r(66,1,2,8)
r(71,8,2,8)
w(94,2,2,8)
r(49,2,2,8)
w(131,5,2,8)
r(159,1,2,8)
r(72,9,2,8)
w(28,6,2,8)
r(111,1,2,8)
r(32,1,2,8)
w(13,5,2,8)
w(155,5,2,8)
r(79,1,2,8)
r(170,2,2,8)
r(9,1,2,8)
w(82,3,2,8)
r(155,5,2,8)
w(6,3,2,8)
r(9,1,2,8)
r(114,3,3,9)
r(99,1,3,9)
r(177,1,3,9)
r(70,2,3,9)
w(178,7,3,9)
r(157,1,3,9)
w(55,4,3,9)
w(13,4,3,9)
w(147,5,3,9)
w(131,4,3,9)
w(127,8,3,9)
w(26,5,3,9)
r(30,2,3,9)
r(119,1,3,9)
w(151,6,3,9)
r(61,2,1,10)
r(77,1,1,10)
w(37,3,1,10)
r(8,1,1,10)
r(133,1,1,10)
w(54,2,1,10)
r(65,2,1,10)
r(40,1,1,10)
w(20,2,1,10)
w(38,2,1,10)
w(87,2,1,10)
w(176,2,1,10)
r(84,2,1,10)
r(80,1,1,10)
r(114,3,1,10)
r(131,5,1,10)
w(118,3,1,10)
r(152,2,1,10)
r(149,1,1,10)
r(172,1,1,10)
r(172,1,2,11)
w(85,4,2,11)
w(54,4,2,11)
w(23,5,2,11)
r(49,2,2,11)
r(61,2,2,11)
w(113,3,2,11)
w(54,7,2,11)
r(105,2,2,11)
r(112,1,2,11)
w(32,2,2,11)
w(105,6,2,11)
w(87,6,2,11)
w(46,4,2,11)
r(153,5,2,11)
r(94,2,2,11)
w(66,6,2,11)
r(33,1,2,11)
r(122,1,2,11)
w(13,6,2,11)
r(120,3,3,12)
w(154,7,3,12)
r(2,1,3,12)
w(121,9,3,12)
r(83,1,3,12)
r(89,1,3,12)
r(6,3,3,12)
w(32,6,3,12)
w(172,2,3,12)
r(30,2,3,12)
r(97,1,3,12)
r(110,4,3,12)
r(155,2,3,12)
r(99,1,3,12)
w(179,5,3,12)
w(27,6,3,12)
r(51,1,3,12)
r(134,1,3,12)
r(61,2,3,12)
r(54,2,3,12)
r(152,2,1,13)
r(106,3,1,13)
r(73,2,1,13)
w(165,2,1,13)
w(164,2,1,13)
w(143,3,1,13)
r(30,2,1,13)
r(151,5,1,13)
w(100,2,1,13)
r(98,1,1,13)
r(103,5,1,13)
r(16,4,1,13)
r(100,2,1,13)
w(129,3,1,13)
w(42,2,1,13)
r(125,1,1,13)
w(68,2,1,13)
w(21,2,1,13)
w(68,3,1,13)
r(97,1,1,13)
w(106,2,2,14)
w(162,4,2,14)
w(82,5,2,14)
w(149,2,2,14)
r(88,1,2,14)
w(5,5,2,14)
w(106,3,2,14)
w(180,7,2,14)
r(58,8,2,14)
w(100,9,2,14)
w(129,4,2,14)
w(20,4,2,14)
r(177,1,2,14)
r(145,1,2,14)
w(160,3,2,14)
r(45,6,2,14)
r(107,7,2,14)
w(86,5,2,14)
w(109,5,2,14)
w(173,6,2,14)
r(47,1,3,15)
w(96,5,3,15)
r(37,3,3,15)
r(78,1,3,15)
r(15,5,3,15)
r(31,1,3,15)
w(11,3,3,15)
w(28,4,3,15)
w(3,5,3,15)
r(31,1,3,15)
r(169,1,3,15)
r(149,2,3,15)
r(58,8,3,15)
w(144,2,1,16)
r(87,2,1,16)
w(165,3,1,16)
r(67,2,1,16)
r(75,1,1,16)
r(17,1,1,16)
w(42,3,1,16)
r(38,2,1,16)
r(66,6,1,16)
w(138,2,1,16)
r(2,1,1,16)
w(18,3,1,16)
r(7,1,1,16)
r(175,1,1,16)
r(71,6,1,16)
r(31,1,1,16)
w(76,3,1,16)
r(132,1,1,16)
r(64,2,1,16)
r(93,2,1,16)
w(18,6,2,17)
r(30,2,2,17)
r(123,2,2,17)
w(3,3,2,17)
w(20,7,2,17)
w(44,6,2,17)
r(54,2,2,17)
w(180,8,2,17)
r(138,1,2,17)
r(136,1,2,17)
w(35,2,2,17)
r(25,1,2,17)
w(141,5,2,17)
w(77,2,2,17)
w(50,3,2,17)
w(89,5,2,17)
w(71,6,2,17)
r(80,1,2,17)
w(113,5,2,17)
r(161,1,2,17)
r(136,1,3,18)
w(30,7,3,18)
r(80,5,3,18)
r(95,6,3,18)
r(23,5,3,18)
w(166,5,3,18)
r(62,1,3,18)
r(80,5,3,18)
w(113,4,3,18)
w(136,4,3,18)
r(126,2,3,18)
w(51,3,3,18)
r(15,5,3,18)
w(171,3,3,18)
w(57,6,3,18)
w(46,8,3,18)
w(33,6,3,18)
w(79,4,3,18)
w(34,4,3,18)
w(9,5,3,18)
r(66,6,1,19)
w(121,2,1,19)
r(179,5,1,19)
r(52,2,1,19)
w(15,2,1,19)
w(6,2,1,19)
w(147,2,1,19)
w(157,2,1,19)
w(15,3,1,19)
w(84,3,1,19)
r(136,4,1,19)
w(85,5,1,19)
w(72,3,1,19)
w(1,2,1,19)
w(80,2,1,19)
r(90,1,1,19)
w(177,2,1,19)
w(151,2,1,19)
r(84,3,1,19)
w(68,5,1,19)
w(156,6,2,20)
w(55,3,2,20)
w(144,6,2,20)
r(19,1,2,20)
r(97,1,2,20)
w(169,2,2,20)
w(134,5,2,20)
r(18,6,2,20)
r(45,6,2,20)
r(132,1,2,20)
w(80,5,2,20)
w(124,2,2,20)
r(45,6,2,20)
r(52,2,2,20)
w(74,2,2,20)
r(75,1,2,20)
r(167,1,2,20)
w(106,5,2,20)
r(115,1,2,20)
w(33,3,2,20)
r(4,1,3,21)
r(14,1,3,21)
r(133,1,3,21)
r(125,5,3,21)
w(168,8,3,21)
r(128,3,3,21)
r(1,2,3,21)
r(50,3,3,21)
w(125,6,3,21)
w(28,7,3,21)
w(109,4,3,21)
r(98,1,3,21)
r(9,5,3,21)
r(23,5,3,21)
w(76,7,3,21)
w(101,7,3,21)
w(89,8,3,21)
r(53,1,3,21)
w(91,6,3,21)
r(137,3,3,21)
w(20,3,1,22)
w(153,2,1,22)
r(137,3,1,22)
r(57,6,1,22)
w(153,3,1,22)
r(135,3,1,22)
r(107,7,1,22)
w(24,3,1,22)
w(121,3,1,22)
r(116,1,1,22)
r(140,1,1,22)
r(61,2,1,22)
r(92,3,1,22)
r(45,6,1,22)
w(28,2,1,22)
w(30,3,1,22)
r(145,1,1,22)
w(158,2,1,22)
w(162,3,1,22)
r(107,7,1,22)
w(79,5,2,23)
r(17,1,2,23)
w(83,5,2,23)
r(81,1,2,23)
r(50,3,2,23)
w(72,6,2,23)
w(10,6,2,23)
r(177,1,2,23)
r(98,1,2,23)
w(124,3,2,23)
w(125,5,2,23)
r(47,1,2,23)
r(96,1,2,23)
r(66,6,2,23)
w(94,3,2,23)
r(159,1,2,23)
r(157,1,2,23)
w(147,3,2,23)
w(22,6,2,23)
w(54,8,2,23)
r(34,4,3,24)
r(126,2,3,24)
w(38,4,3,24)
r(63,1,3,24)
w(89,2,1,25)
w(12,2,1,25)
w(150,3,1,25)
w(96,2,1,25)
w(46,3,1,25)
w(54,3,1,25)
w(19,2,1,25)
r(3,3,1,25)
w(63,2,1,25)
w(44,3,1,25)
w(143,5,1,25)
r(88,1,1,25)
r(178,2,1,25)
r(63,2,1,25)
r(139,3,1,25)
w(152,3,1,25)
w(63,3,1,25)
r(119,3,1,25)
w(91,2,1,25)
r(47,1,1,25)
w(128,3,2,26)
r(39,3,2,26)
r(33,6,2,26)
r(32,6,2,26)
r(146,1,2,26)
w(136,5,2,26)
r(156,6,2,26)
r(83,5,2,26)
w(152,6,2,26)
r(138,2,2,26)
w(127,5,2,26)
w(163,5,2,26)
w(70,5,2,26)
r(78,1,2,26)
r(155,2,2,26)
w(127,6,2,26)
w(96,3,2,26)
w(118,5,2,26)
r(64,2,2,26)
r(98,1,2,26)
w(165,7,3,27)
w(40,6,3,27)
w(147,6,3,27)
w(88,4,3,27)
w(61,4,3,27)
w(124,6,3,27)
w(158,7,3,27)
r(24,5,3,27)
w(21,8,3,27)
w(111,5,3,27)
w(132,4,3,27)
r(129,3,3,27)
w(156,7,3,27)
r(30,3,3,27)
w(38,7,3,27)
w(25,6,3,27)
r(11,1,3,27)
w(63,4,3,27)
w(71,9,3,27)
r(122,5,3,27)
w(152,5,1,28)
w(133,2,1,28)
w(151,3,1,28)
r(50,3,1,28)
r(119,3,1,28)
w(177,3,1,28)
r(98,2,1,28)
r(145,1,1,28)
w(90,2,1,28)
r(63,3,1,28)
w(86,3,1,28)
w(75,2,1,28)
r(76,7,1,28)
r(42,3,1,28)
r(72,3,1,28)
r(131,5,1,28)
w(130,2,1,28)
w(23,2,1,28)
w(173,2,1,28)
w(133,3,1,28)
r(62,1,2,29)
w(53,2,2,29)
w(119,3,2,29)
w(74,3,2,29)
r(177,2,2,29)
w(154,6,2,29)
w(43,5,2,29)
r(49,2,2,29)
w(101,6,2,29)
w(139,3,2,29)
r(9,5,2,29)
r(32,6,2,29)
w(105,4,2,29)
r(95,6,2,29)
w(61,5,2,29)
r(33,6,2,29)
r(43,5,2,29)
w(124,5,2,29)
r(23,5,2,29)
r(64,2,2,29)
w(138,5,3,30)
r(25,6,3,30)
r(147,6,3,30)
r(111,5,3,30)
r(129,3,3,30)
w(149,6,3,30)
r(45,6,3,30)
w(101,8,3,30)
r(167,6,3,30)
w(27,4,3,30)
w(157,6,3,30)
r(48,1,3,30)
r(168,3,3,30)
r(149,6,3,30)
w(109,7,3,30)
w(36,4,3,30)
w(72,12,3,30)
r(124,6,3,30)
r(56,2,3,30)
w(4,6,3,30)
r(138,2,1,31)
r(171,3,1,31)
w(72,5,1,31)
r(1,2,1,31)
r(88,4,1,31)
r(53,3,1,31)
r(103,5,1,31)
r(158,7,1,31)
r(85,5,1,31)
w(163,2,1,31)
w(21,3,1,31)
r(6,5,1,31)
w(62,2,1,31)
r(107,7,1,31)
w(109,3,1,31)
r(123,2,1,31)
w(168,3,1,31)
r(111,5,1,31)
r(92,3,1,31)
r(175,1,1,31)
r(58,8,2,32)
w(132,5,2,32)
w(43,6,2,32)
r(84,3,2,32)
r(5,5,2,32)
w(12,5,2,32)
r(71,6,2,32)
r(93,2,2,32)
w(169,3,2,32)
r(147,2,2,32)
w(71,4,2,32)
r(176,2,2,32)
r(117,1,2,32)
r(87,2,2,32)
r(115,1,2,32)
w(97,3,2,32)
w(67,3,2,32)
r(56,1,2,32)
w(24,5,2,32)
r(6,2,2,32)
r(39,3,3,33)
r(133,3,3,33)
w(160,6,3,33)
w(83,7,3,33)
w(50,6,3,33)
r(114,3,3,33)
r(34,4,3,33)
w(153,4,3,33)
w(36,7,3,33)
w(88,7,3,33)
w(10,7,3,33)
w(153,7,3,33)
r(53,3,3,33)
w(97,5,3,33)
w(133,6,3,33)
w(118,4,3,33)
r(140,2,3,33)
w(3,6,3,33)
w(28,8,3,33)
w(9,6,3,33)
w(101,2,1,34)
r(110,4,1,34)
w(154,3,1,34)
r(96,2,1,34)
w(125,2,1,34)
w(112,2,1,34)
r(98,2,1,34)
w(178,3,1,34)
r(125,2,1,34)
w(164,3,1,34)
r(50,6,1,34)
w(128,2,1,34)
r(81,1,1,34)
r(166,5,1,34)
w(133,5,1,34)
w(41,2,1,34)
w(150,5,1,34)
w(46,5,1,34)
w(55,2,1,34)
w(129,5,1,34)
r(67,3,2,35)
w(98,2,2,35)
w(122,5,2,35)
r(86,5,2,35)
w(62,5,2,35)
w(58,3,2,35)
w(99,6,2,35)
w(120,5,2,35)
r(106,5,2,35)
r(73,2,2,35)
r(168,8,2,35)
w(100,10,2,35)
w(167,6,2,35)
w(12,6,2,35)
w(15,6,2,35)
r(162,3,2,35)
r(7,1,2,35)
w(53,3,2,35)
w(8,2,2,35)
r(180,8,2,35)
w(125,4,3,36)
r(81,1,3,36)
w(137,5,3,36)
r(123,2,3,36)
w(74,4,3,36)
r(9,6,3,36)
r(138,5,3,36)
r(32,3,3,36)
r(158,6,3,36)
r(90,3,3,36)
w(73,6,3,36)
r(86,3,3,36)
r(60,6,3,36)
r(126,2,3,36)
r(125,4,3,36)
r(95,3,3,36)
r(147,6,3,36)
w(178,9,3,36)
w(59,3,3,36)
r(87,2,3,36)
r(167,6,1,37)
w(66,2,1,37)
r(55,5,1,37)
w(71,2,1,37)
w(180,5,1,37)
w(2,2,1,37)
w(126,3,1,37)
w(156,5,1,37)
w(157,3,1,37)
w(40,2,1,37)
w(88,2,1,37)
r(30,3,1,37)
r(115,1,1,37)
w(62,3,1,37)
w(78,2,1,37)
r(101,2,1,37)
r(153,7,1,37)
r(130,2,1,37)
w(38,3,1,37)
r(109,7,1,37)
r(82,5,2,38)
r(115,1,2,38)
w(46,7,2,38)
w(121,6,2,38)
w(6,5,2,38)
w(90,3,2,38)
r(145,1,2,38)
w(140,2,2,38)
w(58,5,2,38)
r(55,3,2,38)
r(69,1,2,38)
w(56,2,2,38)
r(137,3,2,38)
w(60,6,2,38)
w(144,4,2,38)
r(135,3,2,38)
r(69,1,2,38)
w(2,5,2,38)
w(95,3,2,38)
w(144,7,2,38)
r(77,2,3,39)
r(61,4,3,39)
w(78,3,3,39)
r(131,5,3,39)
r(125,4,3,39)
r(43,4,3,39)
r(165,7,3,39)
r(2,2,3,39)
r(110,4,3,39)
w(161,5,3,39)
r(130,2,3,39)
w(79,7,3,39)
w(74,7,3,39)
w(69,6,3,39)
r(54,3,3,39)
r(139,3,3,39)
r(153,7,3,39)
w(134,4,3,39)
w(31,3,3,39)
w(169,6,3,39)
w(105,3,1,40)
w(99,3,1,40)
w(99,5,1,40)
w(142,3,1,40)
w(13,2,1,40)
r(12,6,1,40)
w(46,6,1,40)
w(137,2,1,40)
w(1,5,1,40)
w(136,2,1,40)
w(135,5,1,40)
w(68,6,1,40)
r(98,2,1,40)
w(75,3,1,40)
r(176,2,1,40)
w(179,2,1,40)
r(64,2,1,40)
w(60,2,1,40)
w(48,2,1,40)
r(1,5,1,40)
w(89,6,2,41)
r(133,3,2,41)
w(32,3,2,41)
w(127,4,2,41)
r(34,4,2,41)
w(84,5,2,41)
w(158,6,2,41)
w(72,4,2,41)
w(105,7,2,41)
r(141,5,2,41)
w(119,5,2,41)
w(169,5,2,41)
r(161,1,2,41)
r(120,5,2,41)
w(21,7,2,41)
w(163,6,2,41)
r(125,6,2,41)
w(107,5,2,41)
w(10,4,2,41)
r(167,6,2,41)
w(98,3,3,42)
w(61,7,3,42)
w(42,8,3,42)
w(133,4,3,42)
r(134,4,3,42)
w(75,6,3,42)
r(49,2,3,42)
r(162,7,3,42)
r(86,3,3,42)
w(82,4,3,42)
w(21,9,3,42)
w(52,8,3,42)
w(136,7,3,42)
r(63,4,3,42)
r(114,3,3,42)
r(162,7,3,42)
r(121,6,3,42)
w(175,3,3,42)
w(165,8,3,42)
r(168,7,3,42)
r(108,3,1,43)
r(79,7,1,43)
r(148,2,1,43)
w(21,5,1,43)
r(9,6,1,43)
r(90,3,1,43)
w(111,2,1,43)
w(58,2,1,43)
r(5,6,1,43)
r(177,3,1,43)
r(27,4,1,43)
r(17,1,1,43)
w(158,3,1,43)
r(106,5,1,43)
r(127,4,1,43)
w(173,3,1,43)
r(98,3,1,43)
w(105,5,1,43)
r(61,7,1,43)
w(91,3,1,43)
w(7,2,2,44)
r(3,6,2,44)
r(56,2,2,44)
w(5,6,2,44)
r(165,7,2,44)
r(161,1,2,44)
w(162,7,2,44)
w(32,5,2,44)
w(154,4,2,44)
r(175,1,2,44)
w(48,5,2,44)
w(138,3,2,44)
r(115,1,2,44)
w(111,3,2,44)
r(45,6,2,44)
r(123,2,2,44)
r(77,2,2,44)
r(92,3,2,44)
r(143,5,2,44)
w(55,5,2,44)
r(153,7,3,45)
w(147,4,3,45)
r(22,6,3,45)
r(124,6,3,45)
w(117,5,3,45)
w(179,6,3,45)
r(167,6,3,45)
r(94,3,3,45)
r(114,3,3,45)
w(141,6,3,45)
w(1,9,3,45)
w(54,11,3,45)
w(5,4,3,45)
r(64,2,3,45)
r(6,5,3,45)
r(168,7,3,45)
r(43,4,3,45)
r(147,4,3,45)
w(169,4,3,45)
w(153,8,3,45)
w(113,2,1,46)
w(131,2,1,46)
r(97,5,1,46)
r(150,5,1,46)
w(80,3,1,46)
r(43,4,1,46)
w(63,5,1,46)
r(129,5,1,46)
w(178,5,1,46)
w(115,2,1,46)
r(51,3,1,46)
r(28,8,1,46)
w(63,6,1,46)
w(21,6,1,46)
w(143,6,1,46)
r(165,8,1,46)
w(22,2,1,46)
r(78,3,1,46)
r(129,5,1,46)
r(122,6,1,46)
r(21,7,2,47)
r(83,7,2,47)
w(168,4,2,47)
r(34,4,2,47)
w(116,2,2,47)
r(140,2,2,47)
r(73,6,2,47)
w(134,6,2,47)
w(50,5,2,47)
r(3,6,2,47)
w(43,4,2,47)
w(161,2,2,47)
r(55,5,2,47)
r(143,5,2,47)
r(103,5,2,47)
r(142,1,2,47)
w(108,3,2,47)
w(122,6,2,47)
w(161,3,2,47)
w(83,6,2,47)
r(99,4,3,48)
r(12,6,3,48)
r(178,5,3,48)
w(32,4,3,48)
r(69,6,3,48)
r(111,2,3,48)
w(108,5,3,48)
r(8,2,3,48)
w(102,5,3,48)
w(138,6,3,48)
w(5,7,3,48)
w(49,6,3,48)
w(174,6,3,48)
w(157,4,3,48)
w(22,7,3,48)
r(110,4,3,48)
r(36,7,3,48)
r(2,2,3,48)
w(106,4,3,48)
r(128,2,3,48)
r(76,7,1,49)
w(125,3,1,49)
r(151,3,1,49)
w(178,6,1,49)
r(116,2,1,49)
r(98,3,1,49)
w(10,3,1,49)
r(161,5,1,49)
w(122,2,1,49)
w(144,3,1,49)
w(85,6,1,49)
w(42,5,1,49)
r(21,6,1,49)
w(42,6,1,49)
w(150,6,1,49)
r(169,4,1,49)
w(60,3,1,49)
r(102,5,1,49)
r(121,6,1,49)
r(2,2,1,49)
r(76,7,2,50)
r(119,5,2,50)
r(103,5,2,50)
w(72,7,2,50)
r(133,5,2,50)
w(168,7,2,50)
w(44,4,2,50)
r(86,3,2,50)
w(95,5,2,50)
r(47,1,2,50)
r(39,3,2,50)
w(136,6,2,50)
w(148,2,2,50)
w(171,2,2,50)
w(23,6,2,50)
r(136,6,2,50)
r(122,6,2,50)
r(100,10,2,50)
w(85,7,2,50)
r(17,1,2,50)
w(61,8,3,51)
w(20,10,3,51)
w(111,6,3,51)
r(49,6,3,51)
w(176,6,3,51)
r(156,5,3,51)
r(157,4,3,51)
w(118,7,3,51)
r(179,6,3,51)
w(143,12,3,51)
w(173,4,3,51)
w(140,3,3,51)
w(179,4,3,51)
w(17,5,3,51)
r(173,4,3,51)
r(75,6,3,51)
r(43,4,3,51)
r(64,2,3,51)
r(107,6,3,51)
w(70,4,3,51)
w(100,3,1,52)
w(45,2,1,52)
r(34,4,1,52)
r(43,4,1,52)
w(20,5,1,52)
w(175,2,1,52)
r(89,4,1,52)
r(99,4,1,52)
r(90,5,1,52)
w(143,4,1,52)
r(44,4,1,52)
w(45,3,1,52)
r(147,4,1,52)
r(102,5,1,52)
r(136,7,1,52)
r(55,5,1,52)
r(7,2,1,52)
r(4,5,1,52)
r(99,4,1,52)
w(76,5,1,52)
r(57,6,2,53)
r(126,3,2,53)
w(54,9,2,53)
r(24,5,2,53)
w(33,5,2,53)
w(139,5,2,53)
r(94,3,2,53)
w(89,4,2,53)
w(86,6,2,53)
r(163,6,2,53)
w(126,5,2,53)
w(4,5,2,53)
r(163,6,2,53)
w(16,3,2,53)
w(73,3,2,53)
r(157,3,2,53)
w(109,6,2,53)
r(112,2,2,53)
w(54,10,2,53)
w(45,4,2,53)
w(161,6,3,54)
r(3,6,3,54)
r(52,4,3,54)
r(83,4,3,54)
r(151,3,3,54)
w(62,4,3,54)
w(139,6,3,54)
r(150,6,3,54)
w(47,6,3,54)
r(175,2,3,54)
w(84,7,3,54)
r(114,3,3,54)
w(151,4,3,54)
w(99,7,3,54)
r(153,6,3,54)
w(43,7,3,54)
w(18,4,3,54)
w(157,7,3,54)
w(176,4,3,54)
w(139,4,3,54)
w(2,3,1,55)
r(135,5,1,55)
r(95,5,1,55)
w(40,3,1,55)
r(160,6,1,55)
r(50,5,1,55)
r(108,5,1,55)
w(48,3,1,55)
w(4,2,1,55)
r(101,2,1,55)
w(28,3,1,55)
w(59,2,1,55)
r(102,5,1,55)
w(9,2,1,55)
r(84,7,1,55)
w(120,2,1,55)
r(163,6,1,55)
w(82,2,1,55)
w(166,2,1,55)
w(108,2,1,55)
w(90,5,2,56)
r(147,4,2,56)
w(16,5,2,56)
r(101,2,2,56)
r(86,6,2,56)
r(102,1,2,56)
w(88,3,2,56)
w(40,5,2,56)
w(65,3,2,56)
r(106,5,2,56)
r(144,7,2,56)
r(138,3,2,56)
w(99,4,2,56)
r(64,2,2,56)
w(159,3,2,56)
r(151,3,2,56)
w(94,5,2,56)
w(107,6,2,56)
r(145,1,2,56)
w(70,6,2,56)
r(69,6,3,57)
r(71,7,3,57)
r(72,8,3,57)
w(52,9,3,57)
r(125,3,3,57)
w(100,11,3,57)
w(163,4,3,57)
r(46,6,3,57)
w(52,10,3,57)
w(149,4,3,57)
w(171,5,3,57)
w(131,7,3,57)
w(140,5,3,57)
r(77,2,3,57)
w(48,4,3,57)
r(164,3,3,57)
w(69,4,3,57)
r(136,7,3,57)
r(78,3,3,57)
w(180,9,3,57)
w(143,7,1,58)
r(74,7,1,58)
w(39,5,1,58)
w(27,3,1,58)
r(18,4,1,58)
r(119,5,1,58)
r(146,5,1,58)
w(100,6,1,58)
r(67,5,1,58)
r(29,5,1,58)
r(153,6,1,58)
w(112,3,1,58)
w(70,3,1,58)
w(33,2,1,58)
w(1,6,1,58)
r(49,5,1,58)
r(90,5,1,58)
r(35,3,1,58)
r(103,3,1,58)
r(58,6,1,58)
r(7,2,2,59)
w(17,2,2,59)
w(85,8,2,59)
w(86,4,2,59)
r(54,11,2,59)
w(83,4,2,59)
r(18,3,2,59)
w(29,5,2,59)
w(118,6,2,59)
r(144,7,2,59)
w(25,3,2,59)
r(11,1,2,59)
w(42,7,2,59)
r(54,11,2,59)
r(94,5,2,59)
w(129,7,2,59)
w(1,7,2,59)
w(153,6,2,59)
r(85,8,2,59)
r(15,6,2,59)
r(4,2,3,60)
r(176,4,3,60)
w(39,6,3,60)
w(61,9,3,60)
r(175,2,3,60)
w(56,5,3,60)
r(3,6,3,60)
r(106,6,3,60)
r(32,4,3,60)
r(104,1,3,60)
r(105,5,3,60)
w(167,7,3,60)
w(89,9,3,60)
w(30,8,3,60)
w(69,7,3,60)
w(57,4,3,60)
r(175,2,3,60)
w(178,10,3,60)
w(55,7,3,60)
w(12,10,3,60)
w(179,3,1,61)
w(10,5,1,61)
r(134,4,1,61)
w(101,3,1,61)
r(33,2,1,61)
w(132,3,1,61)
w(87,3,1,61)
w(54,5,1,61)
r(58,6,1,61)
r(64,2,1,61)
w(150,4,1,61)
r(62,6,1,61)
r(36,7,1,61)
r(18,4,1,61)
w(134,2,1,61)
w(75,5,1,61)
r(100,6,1,61)
w(144,5,1,61)
r(82,6,1,61)
r(73,5,1,61)
r(1,7,2,62)
w(72,8,2,62)
w(167,4,2,62)
w(129,8,2,62)
r(91,3,2,62)
r(165,8,2,62)
r(47,1,2,62)
r(164,3,2,62)
w(30,6,2,62)
r(138,6,2,62)
w(146,5,2,62)
w(88,5,2,62)
r(155,2,2,62)
w(52,6,2,62)
r(2,2,2,62)
w(127,7,2,62)
w(49,3,2,62)
w(58,6,2,62)
w(149,3,2,62)
w(129,9,2,62)
w(29,6,3,63)
w(69,8,3,63)
w(140,6,3,63)
r(116,2,3,63)
w(40,4,3,63)
r(143,7,3,63)
w(90,7,3,63)
w(70,7,3,63)
w(25,4,3,63)
w(69,9,3,63)
w(141,4,3,63)
r(46,6,3,63)
w(4,4,3,63)
r(158,3,3,63)
w(143,11,3,63)
w(74,8,3,63)
w(97,6,3,63)
w(132,7,3,63)
w(124,4,3,63)
r(13,2,3,63)
r(82,6,1,64)
r(156,5,1,64)
w(25,2,1,64)
r(134,2,1,64)
w(22,5,1,64)
w(136,3,1,64)
w(43,2,1,64)
w(16,2,1,64)
r(164,3,1,64)
r(126,5,1,64)
r(133,4,1,64)
w(36,3,1,64)
r(144,5,1,64)
w(174,2,1,64)
r(16,2,1,64)
r(177,3,1,64)
w(61,3,1,64)
w(28,5,1,64)
w(134,3,1,64)
r(67,5,1,64)
r(131,2,2,65)
w(35,3,2,65)
r(162,7,2,65)
r(142,3,2,65)
w(56,3,2,65)
w(159,5,2,65)
r(18,3,2,65)
w(52,4,2,65)
w(79,6,2,65)
w(65,5,2,65)
w(106,6,2,65)
r(86,4,2,65)
w(174,3,2,65)
r(177,3,2,65)
w(107,4,2,65)
r(67,3,2,65)
w(176,3,2,65)
w(110,5,2,65)
r(147,4,2,65)
r(20,5,2,65)
w(119,4,3,66)
w(91,4,3,66)
r(74,8,3,66)
r(157,7,3,66)
r(114,3,3,66)
w(3,4,3,66)
w(29,4,3,66)
w(41,6,3,66)
w(101,9,3,66)
w(146,4,3,66)
w(79,8,3,66)
r(77,3,3,66)
w(11,5,3,66)
r(99,7,3,66)
w(163,7,3,66)
r(71,7,3,66)
w(58,9,3,66)
r(59,2,3,66)
r(36,3,3,66)
w(156,8,3,66)
r(48,4,1,67)
r(100,6,1,67)
w(52,3,1,67)
r(113,6,1,67)
r(137,2,1,67)
w(5,3,1,67)
r(101,4,1,67)
w(57,3,1,67)
w(162,5,1,67)
w(127,3,1,67)
r(85,6,1,67)
w(142,5,1,67)
w(42,4,1,67)
w(23,3,1,67)
r(108,2,1,67)
w(131,3,1,67)
w(52,5,1,67)
r(90,7,1,67)
w(41,3,1,67)
w(43,3,1,67)
w(112,4,2,68)
r(176,4,2,68)
r(40,5,2,68)
r(107,4,2,68)
r(100,3,2,68)
r(154,4,2,68)
r(73,3,2,68)
r(153,6,2,68)
w(49,5,2,68)
r(158,3,2,68)
r(153,6,2,68)
w(62,6,2,68)
r(121,6,2,68)
w(38,5,2,68)
r(140,3,2,68)
r(30,6,2,68)
w(31,2,2,68)
w(71,7,2,68)
r(21,6,2,68)
r(97,5,2,68)
r(23,3,3,69)
w(150,8,3,69)
w(85,10,3,69)
r(15,4,3,69)
r(112,3,1,70)
r(106,6,1,70)
r(152,4,1,70)
w(71,5,1,70)
r(136,3,1,70)
r(161,6,1,70)
r(148,2,1,70)
r(6,5,1,70)
w(4,3,1,70)
w(36,5,1,70)
r(10,5,1,70)
w(163,3,1,70)
r(7,2,1,70)
w(110,2,1,70)
r(109,6,1,70)
r(93,2,1,70)
r(80,3,1,70)
r(14,3,1,70)
w(159,2,1,70)
w(107,2,1,70)
w(82,6,2,71)
r(176,4,2,71)
r(53,3,2,71)
r(4,2,2,71)
r(142,3,2,71)
r(144,3,2,71)
w(51,2,2,71)
w(73,5,2,71)
w(103,3,2,71)
w(67,5,2,71)
r(123,2,2,71)
w(113,6,2,71)
w(34,3,2,71)
w(14,3,2,71)
w(69,5,2,71)
w(52,7,2,71)
r(51,2,2,71)
w(16,6,2,71)
r(82,6,2,71)
w(55,6,2,71)
r(85,6,3,72)
r(92,3,3,72)
r(25,4,3,72)
w(47,4,3,72)
w(144,9,3,72)
r(9,2,3,72)
r(96,2,3,72)
w(89,10,3,72)
r(96,2,3,72)
r(39,6,3,72)
w(151,7,3,72)
r(83,4,3,72)
r(86,4,3,72)
r(104,1,3,72)
r(76,6,3,72)
w(173,7,3,72)
r(47,4,3,72)
w(106,7,3,72)
w(124,7,3,72)
r(135,6,3,72)
r(158,4,1,73)
w(13,3,1,73)
r(150,4,1,73)
r(43,3,1,73)
w(69,3,1,73)
w(121,5,1,73)
r(72,8,1,73)
r(52,5,1,73)
w(177,5,1,73)
w(60,5,1,73)
w(145,2,1,73)
w(100,4,1,73)
r(84,6,1,73)
r(152,4,1,73)
w(91,5,1,73)
w(146,2,1,73)
r(137,2,1,73)
r(81,1,1,73)
w(135,6,1,73)
r(47,5,1,73)
w(132,6,2,74)
r(39,6,2,74)
r(69,7,2,74)
w(57,5,2,74)
r(103,3,2,74)
w(90,6,2,74)
r(154,4,2,74)
w(119,6,2,74)
w(34,5,2,74)
r(92,3,2,74)
w(27,5,2,74)
r(5,7,2,74)
w(101,4,2,74)
r(24,5,2,74)
w(12,4,2,74)
r(128,2,2,74)
w(152,4,2,74)
w(77,3,2,74)
w(76,6,2,74)
r(142,3,2,74)
r(159,2,3,75)
w(81,2,3,75)
r(26,1,3,75)
w(129,10,3,75)
r(112,3,3,75)
r(140,6,3,75)
r(113,6,3,75)
w(174,4,3,75)
r(68,6,3,75)
w(99,8,3,75)
w(69,10,3,75)
w(155,6,3,75)
r(10,5,3,75)
r(6,5,3,75)
w(64,3,3,75)
w(111,4,3,75)
w(82,7,3,75)
r(145,2,3,75)
w(44,7,3,75)
w(117,4,3,75)
w(3,2,1,76)
w(178,4,1,76)
r(96,2,1,76)
w(79,3,1,76)
r(34,5,1,76)
r(81,1,1,76)
r(42,4,1,76)
r(90,7,1,76)
r(65,5,1,76)
r(82,6,1,76)
w(141,2,1,76)
r(128,2,1,76)
r(137,2,1,76)
w(155,3,1,76)
w(162,6,1,76)
r(87,3,1,76)
w(146,3,1,76)
w(54,6,1,76)
r(29,4,1,76)
w(30,5,1,76)
r(98,3,2,77)
r(80,3,2,77)
w(54,12,2,77)
w(158,4,2,77)
r(177,3,2,77)
w(22,4,2,77)
w(12,7,2,77)
w(30,4,2,77)
w(84,6,2,77)
w(12,8,2,77)
w(115,3,2,77)
w(149,5,2,77)
r(57,3,2,77)
r(52,5,2,77)
w(15,4,2,77)
r(114,3,2,77)
r(172,2,2,77)
w(35,5,2,77)
r(139,4,2,77)
w(47,5,2,77)
w(36,8,3,78)
r(86,4,3,78)
w(172,3,3,78)
r(50,5,3,78)
r(47,2,3,78)
r(143,8,3,78)
r(168,7,3,78)
w(89,12,3,78)
w(146,7,3,78)
r(48,4,3,78)
w(7,3,3,78)
r(145,2,3,78)
w(156,9,3,78)
r(68,6,3,78)
w(113,7,3,78)
w(11,6,3,78)
w(116,3,3,78)
r(169,4,3,78)
w(157,8,3,78)
w(6,6,3,78)
w(66,3,1,79)
r(85,6,1,79)
w(139,2,1,79)
w(47,2,1,79)
w(119,2,1,79)
w(130,3,1,79)
w(154,5,1,79)
r(92,3,1,79)
r(171,5,1,79)
r(171,5,1,79)
w(167,3,1,79)
w(83,2,1,79)
r(16,2,1,79)
r(60,5,1,79)
r(62,6,1,79)
w(143,8,1,79)
r(146,3,1,79)
r(125,3,1,79)
w(141,3,1,79)
w(180,6,1,79)
r(163,3,3,80)
r(102,5,3,80)
w(154,8,3,80)
w(117,7,3,80)
w(53,6,3,80)
r(16,2,3,80)
r(53,6,3,80)
w(27,7,3,80)
w(99,9,3,80)
w(122,4,3,80)
r(3,2,3,80)
w(100,13,3,80)
r(154,8,3,80)
r(155,6,3,80)
w(148,3,3,80)
r(29,4,3,80)
r(8,2,3,80)
w(41,4,3,80)
r(15,4,3,80)
r(176,4,3,80)
w(95,4,3,81)
w(33,4,3,81)
w(177,6,3,81)
w(13,7,3,81)
r(136,3,3,81)
r(107,2,3,81)
w(18,7,3,81)
r(100,13,3,81)
r(138,6,3,81)
r(57,3,3,81)
r(92,3,3,81)
w(145,3,3,81)
w(157,9,3,81)
w(42,9,3,81)
w(147,7,3,81)
w(105,8,3,81)
w(137,6,3,81)
w(81,3,3,81)
w(20,12,3,81)
r(36,8,3,81)
w(12,12,3,82)
r(160,6,3,82)
w(55,8,3,82)
w(79,9,3,82)
r(14,3,3,82)
r(123,2,3,82)
r(65,5,3,82)
w(177,4,3,82)
r(8,2,3,82)
r(154,8,3,82)
w(71,10,3,82)
r(150,4,3,82)
w(131,8,3,82)
r(83,2,3,82)
w(103,6,3,82)
r(87,3,3,82)
w(104,2,3,82)
w(28,9,3,82)
r(40,4,3,82)
w(66,4,3,82)
