w(1,1,0,0)
w(2,1,0,0)
w(3,1,0,0)
w(4,1,0,0)
w(5,1,0,0)
w(6,1,0,0)
w(7,1,0,0)
w(8,1,0,0)
w(9,1,0,0)
w(10,1,0,0)
w(11,1,0,0)
w(12,1,0,0)
w(13,1,0,0)
w(14,1,0,0)
w(15,1,0,0)
w(16,1,0,0)
w(17,1,0,0)
w(18,1,0,0)
w(19,1,0,0)
w(20,1,0,0)
w(21,1,0,0)
w(22,1,0,0)
w(23,1,0,0)
w(24,1,0,0)
w(25,1,0,0)
w(26,1,0,0)
w(27,1,0,0)
w(28,1,0,0)
w(29,1,0,0)
w(30,1,0,0)
w(31,1,0,0)
w(32,1,0,0)
w(33,1,0,0)
w(34,1,0,0)
w(35,1,0,0)
w(36,1,0,0)
w(37,1,0,0)
w(38,1,0,0)
w(39,1,0,0)
w(40,1,0,0)
w(41,1,0,0)
w(42,1,0,0)
w(43,1,0,0)
w(44,1,0,0)
w(45,1,0,0)
w(46,1,0,0)
w(47,1,0,0)
w(48,1,0,0)
w(49,1,0,0)
w(50,1,0,0)
w(51,1,0,0)
w(52,1,0,0)
w(53,1,0,0)
w(54,1,0,0)
w(55,1,0,0)
w(56,1,0,0)
w(57,1,0,0)
w(58,1,0,0)
w(59,1,0,0)
w(60,1,0,0)
w(61,1,0,0)
w(62,1,0,0)
w(63,1,0,0)
w(64,1,0,0)
w(65,1,0,0)
w(66,1,0,0)
w(67,1,0,0)
w(68,1,0,0)
w(69,1,0,0)
w(70,1,0,0)
w(71,1,0,0)
w(72,1,0,0)
w(73,1,0,0)
w(74,1,0,0)
w(75,1,0,0)
w(76,1,0,0)
w(77,1,0,0)
w(78,1,0,0)
w(79,1,0,0)
w(80,1,0,0)
w(81,1,0,0)
w(82,1,0,0)
w(83,1,0,0)
w(84,1,0,0)
w(85,1,0,0)
w(86,1,0,0)
w(87,1,0,0)
w(88,1,0,0)
w(89,1,0,0)
w(90,1,0,0)
w(91,1,0,0)
w(92,1,0,0)
w(93,1,0,0)
w(94,1,0,0)
w(95,1,0,0)
w(96,1,0,0)
w(97,1,0,0)
w(98,1,0,0)
w(99,1,0,0)
w(100,1,0,0)
w(101,1,0,0)
w(102,1,0,0)
w(103,1,0,0)
w(104,1,0,0)
w(105,1,0,0)
w(106,1,0,0)
w(107,1,0,0)
w(108,1,0,0)
w(109,1,0,0)
w(110,1,0,0)
w(111,1,0,0)
w(112,1,0,0)
w(113,1,0,0)
w(114,1,0,0)
w(115,1,0,0)
w(116,1,0,0)
w(117,1,0,0)
w(118,1,0,0)
w(119,1,0,0)
w(120,1,0,0)
w(121,1,0,0)
w(122,1,0,0)
w(123,1,0,0)
w(124,1,0,0)
w(125,1,0,0)
w(126,1,0,0)
w(127,1,0,0)
w(128,1,0,0)
w(129,1,0,0)
w(130,1,0,0)
w(131,1,0,0)
w(132,1,0,0)
w(133,1,0,0)
w(134,1,0,0)
w(135,1,0,0)
w(136,1,0,0)
w(137,1,0,0)
w(138,1,0,0)
w(139,1,0,0)
w(140,1,0,0)
w(141,1,0,0)
w(142,1,0,0)
w(143,1,0,0)
w(144,1,0,0)
w(145,1,0,0)
w(146,1,0,0)
w(147,1,0,0)
w(148,1,0,0)
w(149,1,0,0)
w(150,1,0,0)
w(151,1,0,0)
w(152,1,0,0)
w(153,1,0,0)
w(154,1,0,0)
w(155,1,0,0)
w(156,1,0,0)
w(157,1,0,0)
w(158,1,0,0)
w(159,1,0,0)
w(160,1,0,0)
w(161,1,0,0)
w(162,1,0,0)
w(163,1,0,0)
w(164,1,0,0)
w(165,1,0,0)
w(166,1,0,0)
w(167,1,0,0)
w(168,1,0,0)
w(169,1,0,0)
w(170,1,0,0)
w(171,1,0,0)
w(172,1,0,0)
w(173,1,0,0)
w(174,1,0,0)
w(175,1,0,0)
w(176,1,0,0)
w(177,1,0,0)
w(178,1,0,0)
w(179,1,0,0)
w(180,1,0,0)
w(181,1,0,0)
w(182,1,0,0)
w(183,1,0,0)
w(184,1,0,0)
w(185,1,0,0)
w(186,1,0,0)
w(187,1,0,0)
w(188,1,0,0)
w(189,1,0,0)
w(190,1,0,0)
w(191,1,0,0)
w(192,1,0,0)
w(193,1,0,0)
w(194,1,0,0)
w(195,1,0,0)
w(196,1,0,0)
w(197,1,0,0)
w(198,1,0,0)
w(199,1,0,0)
w(200,1,0,0)
w(201,1,0,0)
w(202,1,0,0)
w(203,1,0,0)
w(204,1,0,0)
w(205,1,0,0)
w(206,1,0,0)
w(207,1,0,0)
w(208,1,0,0)
w(209,1,0,0)
w(210,1,0,0)
w(211,1,0,0)
w(212,1,0,0)
w(213,1,0,0)
w(214,1,0,0)
w(215,1,0,0)
w(216,1,0,0)
w(217,1,0,0)
w(218,1,0,0)
w(219,1,0,0)
w(220,1,0,0)
w(221,1,0,0)
w(222,1,0,0)
w(223,1,0,0)
w(224,1,0,0)
w(225,1,0,0)
w(226,1,0,0)
w(227,1,0,0)
w(228,1,0,0)
w(229,1,0,0)
w(230,1,0,0)
w(231,1,0,0)
w(232,1,0,0)
w(233,1,0,0)
w(234,1,0,0)
w(235,1,0,0)
w(236,1,0,0)
w(237,1,0,0)
w(238,1,0,0)
w(239,1,0,0)
w(240,1,0,0)
w(241,1,0,0)
w(242,1,0,0)
w(243,1,0,0)
w(244,1,0,0)
w(245,1,0,0)
w(246,1,0,0)
w(247,1,0,0)
w(248,1,0,0)
w(249,1,0,0)
w(250,1,0,0)
w(251,1,0,0)
w(252,1,0,0)
w(253,1,0,0)
w(254,1,0,0)
w(255,1,0,0)
w(256,1,0,0)
w(257,1,0,0)
w(258,1,0,0)
w(259,1,0,0)
w(260,1,0,0)
w(261,1,0,0)
w(262,1,0,0)
w(263,1,0,0)
w(264,1,0,0)
w(265,1,0,0)
w(266,1,0,0)
w(267,1,0,0)
w(268,1,0,0)
w(269,1,0,0)
w(270,1,0,0)
w(271,1,0,0)
w(272,1,0,0)
w(273,1,0,0)
w(274,1,0,0)
w(275,1,0,0)
w(276,1,0,0)
w(277,1,0,0)
w(278,1,0,0)
w(279,1,0,0)
w(280,1,0,0)
w(281,1,0,0)
w(282,1,0,0)
w(283,1,0,0)
w(284,1,0,0)
w(285,1,0,0)
w(286,1,0,0)
w(287,1,0,0)
w(288,1,0,0)
w(289,1,0,0)
w(290,1,0,0)
w(291,1,0,0)
w(292,1,0,0)
w(293,1,0,0)
w(294,1,0,0)
w(295,1,0,0)
w(296,1,0,0)
w(297,1,0,0)
w(298,1,0,0)
w(299,1,0,0)
w(300,1,0,0)
w(43,2,1,1)
r(30,1,1,1)
r(300,1,1,1)
r(71,1,1,1)
w(40,2,1,1)
r(56,1,1,1)
w(9,2,1,1)
w(43,3,1,1)
r(296,1,1,1)
w(26,2,1,1)
w(14,2,1,1)
w(42,2,1,1)
w(5,2,1,1)
w(20,2,1,1)
w(45,2,1,1)
r(117,1,1,1)
r(201,1,1,1)
w(4,2,1,1)
w(29,2,1,1)
w(24,2,1,1)
r(32,1,2,2)
r(98,1,2,2)
w(56,2,2,2)
r(16,1,2,2)
w(75,2,2,2)
r(114,1,2,2)
r(209,1,2,2)
w(85,2,2,2)
r(35,1,2,2)
r(247,1,2,2)
w(60,2,2,2)
r(223,1,2,2)
r(276,1,2,2)
r(119,1,2,2)
r(84,1,2,2)
w(94,2,2,2)
w(95,2,2,2)
r(217,1,2,2)
w(98,2,2,2)
w(80,2,2,2)
r(142,1,3,3)
r(269,1,3,3)
w(145,2,3,3)
w(102,2,3,3)
r(70,1,3,3)
r(175,1,3,3)
w(148,2,3,3)
w(114,2,3,3)
w(102,3,3,3)
r(8,1,3,3)
r(252,1,3,3)
r(292,1,3,3)
r(29,2,3,3)
w(103,2,3,3)
r(192,1,3,3)
r(232,1,3,3)
w(149,2,3,3)
w(119,2,3,3)
w(103,3,3,3)
r(295,1,3,3)
w(153,2,4,4)
r(215,1,4,4)
w(154,2,4,4)
r(184,1,4,4)
r(105,1,4,4)
w(167,2,4,4)
r(88,1,4,4)
w(174,2,4,4)
w(198,2,4,4)
w(182,2,4,4)
r(234,1,4,4)
r(92,1,4,4)
r(77,1,4,4)
r(73,1,4,4)
r(223,1,4,4)
r(57,1,4,4)
r(48,1,4,4)
w(160,2,4,4)
w(152,2,4,4)
r(168,1,4,4)
r(165,1,5,5)
w(227,2,5,5)
w(210,2,5,5)
r(64,1,5,5)
r(169,1,5,5)
w(230,2,5,5)
w(237,2,5,5)
w(207,2,5,5)
w(215,2,5,5)
r(134,1,5,5)
r(71,1,5,5)
r(30,1,5,5)
r(124,1,5,5)
w(209,2,5,5)
w(245,2,5,5)
r(247,1,5,5)
w(222,2,5,5)
w(246,2,5,5)
w(246,3,5,5)
r(96,1,5,5)
w(274,2,6,6)
w(261,2,6,6)
r(151,1,6,6)
w(257,2,6,6)
w(272,2,6,6)
w(291,2,6,6)
w(252,2,6,6)
w(285,2,6,6)
r(237,1,6,6)
w(287,2,6,6)
r(53,1,6,6)
w(300,2,6,6)
w(271,2,6,6)
w(252,3,6,6)
r(165,1,6,6)
r(245,1,6,6)
r(66,1,6,6)
w(293,2,6,6)
w(287,3,6,6)
w(263,2,6,6)
r(50,1,1,7)
w(34,2,1,7)
r(288,1,1,7)
w(11,2,1,7)
w(33,2,1,7)
r(90,1,1,7)
r(85,2,1,7)
w(17,2,1,7)
w(5,4,1,7)
r(211,1,1,7)
r(270,1,1,7)
w(3,2,1,7)
w(5,5,1,7)
w(18,2,1,7)
r(151,1,1,7)
r(275,1,1,7)
w(36,3,1,7)
r(254,1,1,7)
r(104,2,1,7)
w(20,3,1,7)
w(86,2,2,8)
r(260,1,2,8)
w(71,2,2,8)
r(242,1,2,8)
r(219,1,2,8)
r(60,2,2,8)
w(75,3,2,8)
r(27,1,2,8)
r(5,2,2,8)
w(64,2,2,8)
w(81,2,2,8)
r(87,1,2,8)
w(55,2,2,8)
r(268,1,2,8)
w(79,2,2,8)
r(296,4,2,8)
w(57,2,2,8)
w(68,2,2,8)
w(53,2,2,8)
r(240,1,2,8)
r(82,1,3,9)
w(104,2,3,9)
w(130,2,3,9)
r(21,1,3,9)
r(272,2,3,9)
r(104,2,3,9)
w(126,2,3,9)
w(103,4,3,9)
w(133,2,3,9)
r(58,1,3,9)
r(172,1,3,9)
w(118,2,3,9)
w(139,2,3,9)
r(40,2,3,9)
r(237,2,3,9)
w(125,2,3,9)
r(3,1,3,9)
r(102,3,3,9)
r(285,2,3,9)
w(131,2,3,9)
w(168,2,4,10)
r(266,1,4,10)
r(253,1,4,10)
r(212,1,4,10)
r(171,1,4,10)
r(298,1,4,10)
w(156,2,4,10)
r(249,1,4,10)
w(163,2,4,10)
r(22,1,4,10)
r(290,1,4,10)
r(65,1,4,10)
w(190,2,4,10)
w(161,2,4,10)
w(199,2,4,10)
r(47,1,4,10)
r(158,1,4,10)
r(126,1,4,10)
w(188,2,4,10)
w(175,2,4,10)
w(226,2,5,11)
r(39,1,5,11)
r(137,1,5,11)
w(203,2,5,11)
r(200,1,5,11)
w(229,2,5,11)
r(152,2,5,11)
w(212,2,5,11)
r(296,4,5,11)
w(233,2,5,11)
w(203,3,5,11)
w(216,2,5,11)
w(209,3,5,11)
w(215,3,5,11)
w(215,4,5,11)
r(180,1,5,11)
r(223,1,5,11)
w(214,2,5,11)
r(47,1,5,11)
r(224,1,5,11)
r(32,1,6,12)
w(296,2,6,12)
r(148,2,6,12)
r(17,1,6,12)
w(264,2,6,12)
w(296,3,6,12)
w(295,2,6,12)
w(267,2,6,12)
w(294,2,6,12)
r(28,1,6,12)
r(233,1,6,12)
w(255,2,6,12)
r(221,1,6,12)
r(134,1,6,12)
w(296,4,6,12)
r(199,2,6,12)
r(284,1,6,12)
w(300,3,6,12)
w(284,2,6,12)
r(8,1,6,12)
r(148,2,1,13)
w(35,2,1,13)
r(64,2,1,13)
r(297,1,1,13)
r(233,2,1,13)
r(197,1,1,13)
w(29,3,1,13)
w(29,4,1,13)
w(49,2,1,13)
r(212,2,1,13)
w(11,3,1,13)
w(35,3,1,13)
w(22,2,1,13)
w(7,2,1,13)
w(9,3,1,13)
w(19,2,1,13)
r(291,2,1,13)
w(41,2,1,13)
r(61,1,1,13)
r(187,2,1,13)
r(28,1,2,14)
w(66,2,2,14)
r(159,1,2,14)
r(41,1,2,14)
w(71,3,2,14)
w(89,2,2,14)
w(75,4,2,14)
w(80,3,2,14)
r(47,1,2,14)
r(140,1,2,14)
w(52,2,2,14)
w(88,2,2,14)
w(95,3,2,14)
w(74,2,2,14)
r(230,2,2,14)
r(145,2,2,14)
w(65,2,2,14)
r(98,2,2,14)
w(71,4,2,14)
r(124,1,2,14)
w(137,2,3,15)
w(115,2,3,15)
r(77,1,3,15)
r(39,1,3,15)
r(279,1,3,15)
r(3,2,3,15)
w(119,3,3,15)
w(143,2,3,15)
r(8,1,3,15)
w(146,2,3,15)
r(192,2,3,15)
w(102,4,3,15)
w(137,3,3,15)
w(126,3,3,15)
r(46,1,3,15)
r(143,2,3,15)
r(281,1,3,15)
r(67,1,3,15)
w(109,2,3,15)
w(142,2,3,15)
r(134,1,4,16)
r(161,2,4,16)
r(54,1,4,16)
w(190,3,4,16)
r(51,1,4,16)
r(107,1,4,16)
w(192,2,4,16)
r(197,1,4,16)
r(288,1,4,16)
w(167,3,4,16)
w(162,2,4,16)
r(137,1,4,16)
r(178,1,4,16)
w(183,2,4,16)
r(202,1,4,16)
w(187,2,4,16)
w(190,4,4,16)
w(160,3,4,16)
r(104,1,4,16)
w(157,2,4,16)
w(239,2,5,17)
r(102,4,5,17)
r(155,1,5,17)
w(213,2,5,17)
r(213,2,5,17)
r(194,1,5,17)
w(212,3,5,17)
w(233,3,5,17)
w(220,2,5,17)
r(150,1,5,17)
r(127,1,5,17)
w(231,2,5,17)
w(245,3,5,17)
w(204,2,5,17)
w(219,2,5,17)
w(218,2,5,17)
w(237,3,5,17)
r(87,1,5,17)
r(144,1,5,17)
w(249,2,5,17)
r(286,1,6,18)
r(288,1,6,18)
w(265,2,6,18)
r(150,1,6,18)
r(237,2,6,18)
r(156,2,6,18)
r(243,1,6,18)
w(277,2,6,18)
w(267,3,6,18)
r(131,2,6,18)
w(270,2,6,18)
w(268,2,6,18)
w(269,2,6,18)
r(21,1,6,18)
w(251,2,6,18)
r(163,2,6,18)
w(295,3,6,18)
r(131,2,6,18)
r(190,4,6,18)
w(275,2,6,18)
w(16,2,1,19)
w(24,3,1,19)
w(6,2,1,19)
r(278,1,1,19)
r(12,1,1,19)
w(16,3,1,19)
r(26,2,1,19)
w(5,6,1,19)
w(40,3,1,19)
w(50,2,1,19)
r(18,2,1,19)
w(5,7,1,19)
w(35,4,1,19)
r(143,2,1,19)
r(232,1,1,19)
r(221,1,1,19)
r(287,4,1,19)
r(215,4,1,19)
w(12,2,1,19)
r(33,2,1,19)
r(43,3,2,20)
w(77,2,2,20)
w(58,2,2,20)
r(215,4,2,20)
r(265,2,2,20)
r(146,2,2,20)
w(63,2,2,20)
r(180,1,2,20)
w(58,3,2,20)
r(188,2,2,20)
w(61,2,2,20)
w(81,3,2,20)
r(257,2,2,20)
r(190,4,2,20)
w(54,2,2,20)
w(64,3,2,20)
w(68,3,2,20)
w(62,2,2,20)
r(190,4,2,20)
r(191,1,2,20)
r(203,3,3,21)
r(8,1,3,21)
r(193,2,3,21)
r(99,1,3,21)
w(113,2,3,21)
w(127,2,3,21)
r(92,1,3,21)
w(123,2,3,21)
r(36,3,3,21)
w(102,5,3,21)
w(122,2,3,21)
r(42,2,3,21)
r(202,1,3,21)
r(42,2,3,21)
r(299,1,3,21)
r(62,2,3,21)
w(142,3,3,21)
w(119,4,3,21)
w(142,4,3,21)
w(101,2,3,21)
r(222,2,4,22)
w(176,2,4,22)
r(246,3,4,22)
r(162,2,4,22)
r(193,1,4,22)
w(173,2,4,22)
r(241,1,4,22)
r(210,2,4,22)
r(171,1,4,22)
w(170,2,4,22)
r(52,1,4,22)
r(223,1,4,22)
r(237,2,4,22)
w(186,2,4,22)
w(196,2,4,22)
r(153,2,4,22)
r(183,2,4,22)
w(193,2,4,22)
w(176,3,4,22)
r(86,2,4,22)
r(32,1,5,23)
w(238,2,5,23)
w(210,3,5,23)
w(232,2,5,23)
r(88,2,5,23)
w(237,4,5,23)
r(252,3,5,23)
w(219,3,5,23)
w(237,5,5,23)
w(219,4,5,23)
r(293,3,5,23)
r(35,4,5,23)
r(153,2,5,23)
r(5,7,5,23)
w(249,3,5,23)
r(288,1,5,23)
w(224,2,5,23)
w(248,2,5,23)
w(245,4,5,23)
r(114,2,5,23)
w(261,3,6,24)
r(299,1,6,24)
r(226,2,6,24)
w(275,3,6,24)
w(277,3,6,24)
r(165,1,6,24)
r(264,2,6,24)
w(287,4,6,24)
w(293,3,6,24)
w(280,2,6,24)
w(261,4,6,24)
r(93,1,6,24)
r(219,2,6,24)
w(279,2,6,24)
w(292,2,6,24)
r(198,2,6,24)
r(157,2,6,24)
r(281,1,6,24)
r(44,1,6,24)
w(298,2,6,24)
w(9,6,1,25)
w(25,2,1,25)
w(27,3,1,25)
r(10,1,1,25)
r(4,2,1,25)
r(50,2,1,25)
r(129,1,1,25)
w(28,2,1,25)
r(125,2,1,25)
r(28,2,1,25)
r(149,2,1,25)
r(136,1,1,25)
r(240,1,1,25)
r(29,4,1,25)
w(48,2,1,25)
r(171,1,1,25)
r(83,3,1,25)
w(5,8,1,25)
w(5,9,1,25)
w(9,7,1,25)
w(51,2,2,26)
r(268,2,2,26)
r(277,3,2,26)
w(59,2,2,26)
r(65,2,2,26)
r(282,1,2,26)
w(92,2,2,26)
w(59,3,2,26)
w(52,3,2,26)
w(94,3,2,26)
w(75,5,2,26)
w(76,2,2,26)
w(70,2,2,26)
w(81,4,2,26)
w(76,3,2,26)
w(85,3,2,26)
r(206,1,2,26)
w(80,4,2,26)
r(17,2,2,26)
r(294,2,2,26)
w(119,5,3,27)
w(120,2,3,27)
w(130,3,3,27)
r(270,2,3,27)
r(267,3,3,27)
w(135,2,3,27)
r(295,3,3,27)
w(120,3,3,27)
r(153,2,3,27)
w(150,2,3,27)
w(121,2,3,27)
w(111,2,3,27)
r(298,2,3,27)
w(146,3,3,27)
w(104,3,3,27)
w(103,5,3,27)
w(104,4,3,27)
r(157,2,3,27)
r(40,3,3,27)
w(111,3,3,27)
w(164,2,4,28)
w(196,3,4,28)
r(241,1,4,28)
r(123,1,4,28)
w(187,3,4,28)
r(47,1,4,28)
w(175,3,4,28)
w(168,3,4,28)
r(276,1,4,28)
w(190,5,4,28)
w(190,6,4,28)
w(180,2,4,28)
r(255,2,4,28)
w(186,3,4,28)
r(210,2,4,28)
w(198,3,4,28)
w(151,2,4,28)
r(145,2,4,28)
r(118,2,4,28)
r(204,2,4,28)
r(243,1,5,29)
r(197,1,5,29)
w(215,5,5,29)
r(197,1,5,29)
w(226,3,5,29)
r(63,2,5,29)
w(242,2,5,29)
w(220,3,5,29)
w(210,4,5,29)
w(248,3,5,29)
r(202,1,5,29)
r(211,1,5,29)
w(248,4,5,29)
w(249,4,5,29)
w(234,2,5,29)
r(259,1,5,29)
r(34,2,5,29)
r(206,1,5,29)
w(243,2,5,29)
w(219,5,5,29)
r(35,4,6,30)
w(272,3,6,30)
r(289,1,6,30)
w(275,4,6,30)
w(255,3,6,30)
r(17,2,6,30)
r(50,2,6,30)
w(282,2,6,30)
w(262,2,6,30)
r(164,2,6,30)
r(239,2,6,30)
w(290,2,6,30)
w(273,2,6,30)
w(262,3,6,30)
r(124,1,6,30)
r(149,2,6,30)
r(208,1,6,30)
w(264,3,6,30)
r(56,2,6,30)
r(205,1,6,30)
r(17,2,1,31)
r(156,3,1,31)
w(44,3,1,31)
r(219,5,1,31)
w(29,5,1,31)
w(39,3,1,31)
r(118,2,1,31)
w(36,4,1,31)
r(68,5,1,31)
w(24,4,1,31)
w(46,3,1,31)
r(148,2,1,31)
r(28,2,1,31)
r(181,2,1,31)
r(45,2,1,31)
w(18,3,1,31)
r(70,2,1,31)
r(160,3,1,31)
r(12,2,1,31)
w(43,4,1,31)
r(93,1,2,32)
r(230,2,2,32)
r(241,1,2,32)
r(276,1,2,32)
w(87,2,2,32)
r(114,2,2,32)
w(58,4,2,32)
w(75,6,2,32)
r(198,3,2,32)
r(93,1,2,32)
w(81,5,2,32)
r(244,1,2,32)
w(60,3,2,32)
w(52,4,2,32)
w(83,2,2,32)
r(205,1,2,32)
r(23,1,2,32)
w(95,4,2,32)
r(26,2,2,32)
w(83,3,2,32)
w(150,3,3,33)
r(232,2,3,33)
r(185,1,3,33)
r(100,1,3,33)
w(117,2,3,33)
r(6,2,3,33)
r(58,4,3,33)
w(134,2,3,33)
r(32,1,3,33)
r(46,1,3,33)
w(103,6,3,33)
r(185,1,3,33)
w(112,2,3,33)
r(67,1,3,33)
w(138,2,3,33)
r(117,2,3,33)
r(271,2,3,33)
r(107,1,3,33)
r(171,1,3,33)
r(87,2,3,33)
w(159,2,4,34)
w(181,2,4,34)
r(288,1,4,34)
r(146,2,4,34)
r(197,1,4,34)
r(198,3,4,34)
r(221,1,4,34)
r(144,1,4,34)
w(175,4,4,34)
w(156,3,4,34)
w(155,2,4,34)
w(183,3,4,34)
w(154,3,4,34)
r(197,1,4,34)
w(183,4,4,34)
r(87,1,4,34)
r(282,1,4,34)
w(196,4,4,34)
r(50,2,4,34)
r(58,3,4,34)
w(223,2,5,35)
r(251,2,5,35)
r(74,2,5,35)
r(45,2,5,35)
w(225,2,5,35)
r(193,2,5,35)
w(205,2,5,35)
r(126,3,5,35)
w(220,4,5,35)
r(84,1,5,35)
r(129,1,5,35)
r(45,2,5,35)
w(232,3,5,35)
r(149,2,5,35)
r(63,2,5,35)
w(227,3,5,35)
w(223,3,5,35)
w(212,4,5,35)
r(265,2,5,35)
r(85,3,5,35)
w(272,4,6,36)
r(164,2,6,36)
r(22,2,6,36)
r(233,3,6,36)
w(267,4,6,36)
w(287,5,6,36)
r(9,7,6,36)
w(292,3,6,36)
r(118,2,6,36)
r(186,3,6,36)
w(273,3,6,36)
r(248,4,6,36)
w(292,4,6,36)
w(299,2,6,36)
r(84,1,6,36)
r(155,3,6,36)
w(290,3,6,36)
r(161,3,6,36)
w(260,2,6,36)
w(288,2,6,36)
w(41,3,1,37)
w(38,3,1,37)
r(159,4,1,37)
r(79,3,1,37)
w(37,3,1,37)
r(284,2,1,37)
w(50,4,1,37)
r(70,2,1,37)
w(35,6,1,37)
w(43,5,1,37)
r(49,2,1,37)
r(99,1,1,37)
w(16,4,1,37)
r(214,2,1,37)
r(100,1,1,37)
w(40,4,1,37)
r(19,2,1,37)
r(290,3,1,37)
r(126,3,1,37)
r(288,2,1,37)
r(94,3,2,38)
w(55,3,2,38)
w(68,4,2,38)
r(153,3,2,38)
r(156,3,2,38)
w(86,3,2,38)
r(52,4,2,38)
w(53,3,2,38)
r(216,2,2,38)
w(96,2,2,38)
r(130,3,2,38)
w(56,3,2,38)
w(61,3,2,38)
w(68,5,2,38)
w(77,3,2,38)
w(73,2,2,38)
w(79,3,2,38)
w(98,3,2,38)
w(86,4,2,38)
r(218,2,2,38)
r(282,2,3,39)
r(140,1,3,39)
w(124,2,3,39)
r(127,2,3,39)
w(117,3,3,39)
r(264,3,3,39)
r(128,1,3,39)
w(141,2,3,39)
r(90,1,3,39)
r(220,4,3,39)
r(252,3,3,39)
r(264,3,3,39)
r(209,3,3,39)
r(246,3,3,39)
w(149,3,3,39)
r(104,4,3,39)
w(129,2,3,39)
r(188,2,3,39)
w(121,3,3,39)
w(145,3,3,39)
r(140,1,4,40)
w(189,2,4,40)
r(257,2,4,40)
w(196,5,4,40)
w(159,3,4,40)
w(190,7,4,40)
r(90,1,4,40)
w(185,2,4,40)
r(47,1,4,40)
r(157,2,4,40)
w(165,2,4,40)
w(176,4,4,40)
w(154,4,4,40)
w(194,2,4,40)
r(213,2,4,40)
r(53,2,4,40)
r(146,3,4,40)
w(178,2,4,40)
r(268,2,4,40)
w(159,4,4,40)
r(188,2,5,41)
w(250,2,5,41)
r(184,2,5,41)
w(222,3,5,41)
w(216,3,5,41)
r(101,2,5,41)
w(239,3,5,41)
w(223,4,5,41)
w(206,2,5,41)
w(243,3,5,41)
r(110,1,5,41)
r(3,2,5,41)
r(50,2,5,41)
r(14,2,5,41)
w(238,3,5,41)
w(225,3,5,41)
r(161,3,5,41)
r(73,2,5,41)
w(250,3,5,41)
r(101,2,5,41)
w(277,4,6,42)
w(293,4,6,42)
w(264,4,6,42)
w(267,5,6,42)
w(296,6,6,42)
w(300,4,6,42)
w(252,4,6,42)
w(258,2,6,42)
w(291,3,6,42)
w(252,5,6,42)
r(153,3,6,42)
w(290,4,6,42)
r(116,2,6,42)
r(158,2,6,42)
r(135,2,6,42)
w(269,3,6,42)
w(297,2,6,42)
w(259,3,6,42)
r(207,2,6,42)
r(107,2,6,42)
w(31,3,1,43)
w(35,7,1,43)
r(228,1,1,43)
r(53,3,1,43)
w(43,6,1,43)
w(46,4,1,43)
r(294,2,1,43)
w(11,5,1,43)
r(280,2,1,43)
r(160,4,1,43)
w(47,3,1,43)
w(10,2,1,43)
r(83,4,1,43)
r(22,2,1,43)
r(249,4,1,43)
r(214,3,1,43)
w(5,10,1,43)
w(39,4,1,43)
w(9,8,1,43)
w(20,4,1,43)
w(72,2,2,44)
w(68,6,2,44)
w(56,4,2,44)
r(7,2,2,44)
w(97,2,2,44)
r(262,3,2,44)
r(160,3,2,44)
r(37,1,2,44)
w(80,5,2,44)
r(137,3,2,44)
w(61,4,2,44)
w(67,2,2,44)
w(59,4,2,44)
r(181,2,2,44)
w(68,7,2,44)
w(71,5,2,44)
r(147,1,2,44)
r(256,1,2,44)
r(95,4,2,44)
r(266,1,2,44)
w(145,4,3,45)
w(125,3,3,45)
r(116,1,3,45)
w(142,5,3,45)
w(129,3,3,45)
w(134,3,3,45)
r(98,3,3,45)
r(210,4,3,45)
w(121,4,3,45)
w(137,4,3,45)
w(109,3,3,45)
w(150,4,3,45)
w(102,6,3,45)
w(144,2,3,45)
r(188,2,3,45)
w(116,2,3,45)
w(102,7,3,45)
w(101,3,3,45)
r(139,2,3,45)
w(150,5,3,45)
w(190,8,4,46)
r(200,1,4,46)
r(242,2,4,46)
w(154,5,4,46)
r(177,1,4,46)
w(167,4,4,46)
w(191,2,4,46)
w(172,2,4,46)
w(184,2,4,46)
r(239,2,4,46)
w(174,3,4,46)
r(199,2,4,46)
r(39,1,4,46)
w(179,2,4,46)
r(132,1,4,46)
r(183,4,4,46)
r(185,2,4,46)
w(161,3,4,46)
r(295,3,4,46)
r(231,2,4,46)
w(208,2,5,47)
r(91,1,5,47)
w(218,3,5,47)
w(233,4,5,47)
w(208,3,5,47)
r(240,1,5,47)
w(204,3,5,47)
r(44,3,5,47)
r(29,5,5,47)
r(269,2,5,47)
w(204,4,5,47)
r(265,2,5,47)
r(268,2,5,47)
w(202,2,5,47)
w(248,5,5,47)
r(15,1,5,47)
w(234,3,5,47)
w(214,3,5,47)
r(263,2,5,47)
r(140,1,5,47)
r(65,2,6,48)
w(252,6,6,48)
r(153,3,6,48)
r(254,1,6,48)
r(179,4,6,48)
w(280,3,6,48)
w(264,5,6,48)
r(113,2,6,48)
w(260,3,6,48)
w(286,2,6,48)
r(122,3,6,48)
w(275,5,6,48)
w(282,3,6,48)
w(253,2,6,48)
w(255,4,6,48)
w(288,3,6,48)
r(234,3,6,48)
r(38,3,6,48)
w(284,3,6,48)
r(158,2,6,48)
w(6,3,1,49)
r(126,4,1,49)
w(24,5,1,49)
w(11,6,1,49)
w(36,5,1,49)
w(9,9,1,49)
w(47,4,1,49)
w(3,3,1,49)
w(13,2,1,49)
w(6,4,1,49)
w(11,7,1,49)
r(153,3,1,49)
w(43,7,1,49)
r(260,2,1,49)
w(35,8,1,49)
r(239,3,1,49)
r(129,3,1,49)
r(227,3,1,49)
w(12,3,1,49)
w(3,4,1,49)
r(77,3,2,50)
w(73,3,2,50)
w(79,4,2,50)
w(71,6,2,50)
w(90,2,2,50)
r(102,7,2,50)
r(57,2,2,50)
w(90,3,2,50)
w(76,4,2,50)
r(208,3,2,50)
r(242,2,2,50)
w(96,3,2,50)
w(51,3,2,50)
w(83,4,2,50)
r(291,2,2,50)
r(69,1,2,50)
r(179,4,2,50)
r(67,2,2,50)
w(92,3,2,50)
w(67,3,2,50)
r(204,4,3,51)
r(261,4,3,51)
w(108,2,3,51)
w(119,6,3,51)
r(56,4,3,51)
r(285,2,3,51)
r(187,5,3,51)
r(161,3,3,51)
w(130,4,3,51)
r(34,2,3,51)
r(113,2,3,51)
w(125,4,3,51)
r(182,3,3,51)
w(111,4,3,51)
w(104,5,3,51)
r(148,2,3,51)
r(288,2,3,51)
r(82,1,3,51)
w(107,2,3,51)
r(3,2,3,51)
w(153,3,4,52)
w(198,4,4,52)
w(193,3,4,52)
w(157,3,4,52)
r(266,1,4,52)
w(197,2,4,52)
w(192,3,4,52)
w(199,3,4,52)
r(60,3,4,52)
r(216,2,4,52)
r(73,1,4,52)
r(11,3,4,52)
w(179,3,4,52)
r(39,1,4,52)
r(257,2,4,52)
r(295,3,4,52)
r(198,4,4,52)
w(179,4,4,52)
r(169,1,4,52)
r(200,1,4,52)
r(81,5,5,53)
w(209,4,5,53)
w(221,2,5,53)
w(207,3,5,53)
r(269,3,5,53)
w(215,6,5,53)
r(180,2,5,53)
w(229,3,5,53)
r(46,4,5,53)
r(209,4,5,53)
r(109,3,5,53)
r(36,4,5,53)
r(279,2,5,53)
w(233,5,5,53)
r(124,2,5,53)
r(99,1,5,53)
r(163,3,5,53)
w(248,6,5,53)
r(237,5,5,53)
w(241,2,5,53)
w(276,3,6,54)
r(71,7,6,54)
w(297,3,6,54)
r(122,4,6,54)
w(283,3,6,54)
w(272,5,6,54)
r(143,2,6,54)
r(8,1,6,54)
w(254,2,6,54)
w(282,4,6,54)
w(254,3,6,54)
r(200,1,6,54)
w(276,4,6,54)
w(277,6,6,54)
w(294,3,6,54)
w(298,3,6,54)
r(166,3,6,54)
w(271,3,6,54)
w(294,4,6,54)
r(104,7,6,54)
r(295,3,1,55)
w(11,8,1,55)
w(13,3,1,55)
w(50,5,1,55)
w(47,5,1,55)
w(18,4,1,55)
r(164,2,1,55)
w(4,3,1,55)
r(223,4,1,55)
w(27,4,1,55)
w(24,6,1,55)
r(7,2,1,55)
w(35,9,1,55)
w(49,3,1,55)
w(18,5,1,55)
r(240,2,1,55)
r(299,2,1,55)
r(90,4,1,55)
r(148,2,1,55)
w(26,3,1,55)
r(229,2,2,56)
r(63,2,2,56)
r(96,3,2,56)
w(58,5,2,56)
w(90,4,2,56)
w(100,2,2,56)
r(220,4,2,56)
w(93,2,2,56)
r(228,1,2,56)
w(73,4,2,56)
w(66,3,2,56)
r(31,3,2,56)
r(115,2,2,56)
w(53,4,2,56)
r(60,3,2,56)
w(80,6,2,56)
r(174,3,2,56)
w(89,3,2,56)
w(92,4,2,56)
r(193,4,2,56)
w(126,4,3,57)
w(104,6,3,57)
r(260,2,3,57)
w(122,3,3,57)
w(139,3,3,57)
w(131,3,3,57)
w(128,2,3,57)
w(135,3,3,57)
w(104,7,3,57)
w(102,8,3,57)
r(58,4,3,57)
w(114,3,3,57)
w(144,3,3,57)
w(108,3,3,57)
r(255,3,3,57)
r(17,2,3,57)
w(137,5,3,57)
w(133,3,3,57)
r(211,1,3,57)
r(150,5,3,57)
r(264,3,4,58)
r(91,1,4,58)
w(192,4,4,58)
w(176,5,4,58)
w(187,4,4,58)
r(123,2,4,58)
w(184,3,4,58)
w(155,3,4,58)
r(235,1,4,58)
w(195,2,4,58)
r(23,1,4,58)
w(151,3,4,58)
r(156,3,4,58)
r(70,2,4,58)
r(234,2,4,58)
w(187,5,4,58)
w(166,2,4,58)
r(282,2,4,58)
r(61,3,4,58)
r(134,2,4,58)
w(203,4,5,59)
r(225,3,5,59)
r(245,4,5,59)
r(140,1,5,59)
w(217,2,5,59)
r(85,3,5,59)
w(209,5,5,59)
r(150,5,5,59)
r(162,2,5,59)
r(173,3,5,59)
w(244,2,5,59)
w(237,6,5,59)
r(16,4,5,59)
w(218,4,5,59)
r(131,3,5,59)
w(239,4,5,59)
w(240,2,5,59)
r(190,10,5,59)
w(249,5,5,59)
w(237,7,5,59)
w(274,3,6,60)
w(260,4,6,60)
r(138,3,6,60)
r(225,3,6,60)
r(172,3,6,60)
w(300,5,6,60)
r(35,9,6,60)
r(167,5,6,60)
r(125,5,6,60)
r(105,2,6,60)
r(143,3,6,60)
w(257,3,6,60)
r(248,6,6,60)
r(81,7,6,60)
r(103,8,6,60)
r(248,6,6,60)
r(158,2,6,60)
w(299,4,6,60)
w(289,3,6,60)
w(263,3,6,60)
w(47,6,1,61)
w(7,3,1,61)
r(45,2,1,61)
r(140,3,1,61)
w(23,2,1,61)
w(47,7,1,61)
w(13,4,1,61)
r(193,6,1,61)
w(10,3,1,61)
r(119,6,1,61)
r(229,5,1,61)
r(165,3,1,61)
r(40,4,1,61)
w(4,4,1,61)
r(177,3,1,61)
r(59,4,1,61)
w(34,3,1,61)
r(185,2,1,61)
r(140,3,1,61)
w(45,5,1,61)
r(105,1,2,62)
r(119,6,2,62)
r(95,4,2,62)
r(293,4,2,62)
w(77,4,2,62)
r(150,5,2,62)
w(96,4,2,62)
r(24,5,2,62)
r(280,3,2,62)
r(230,2,2,62)
r(296,6,2,62)
w(73,5,2,62)
r(211,1,2,62)
r(90,4,2,62)
r(233,5,2,62)
r(143,2,2,62)
r(105,1,2,62)
w(71,7,2,62)
w(82,2,2,62)
w(64,4,2,62)
w(125,5,3,63)
w(118,3,3,63)
r(267,5,3,63)
w(112,3,3,63)
w(128,3,3,63)
w(138,3,3,63)
w(140,2,3,63)
r(192,5,3,63)
r(224,2,3,63)
w(147,2,3,63)
w(102,9,3,63)
r(145,4,3,63)
w(129,4,3,63)
r(123,2,3,63)
w(107,3,3,63)
w(129,5,3,63)
w(140,3,3,63)
w(123,3,3,63)
r(263,2,3,63)
w(122,4,3,63)
w(192,5,4,64)
r(195,2,4,64)
w(168,4,4,64)
w(160,4,4,64)
r(88,2,4,64)
w(171,2,4,64)
r(276,1,4,64)
r(184,3,4,64)
r(269,2,4,64)
w(163,3,4,64)
w(166,3,4,64)
r(253,1,4,64)
w(191,3,4,64)
w(154,6,4,64)
r(75,6,4,64)
r(173,2,4,64)
r(157,3,4,64)
w(182,3,4,64)
w(197,3,4,64)
w(151,4,4,64)
w(212,5,5,65)
w(244,3,5,65)
w(229,4,5,65)
r(29,5,5,65)
w(204,5,5,65)
w(243,4,5,65)
r(25,2,5,65)
w(214,4,5,65)
r(38,3,5,65)
r(46,4,5,65)
w(207,4,5,65)
r(230,2,5,65)
r(71,7,5,65)
w(229,5,5,65)
w(236,2,5,65)
w(236,3,5,65)
w(207,5,5,65)
w(219,6,5,65)
r(209,5,5,65)
w(206,3,5,65)
w(271,4,6,66)
w(253,3,6,66)
w(271,5,6,66)
w(256,3,6,66)
w(257,5,6,66)
r(201,1,6,66)
w(256,4,6,66)
r(18,5,6,66)
w(300,6,6,66)
r(22,5,6,66)
r(173,5,6,66)
w(281,2,6,66)
w(267,6,6,66)
r(140,4,6,66)
r(129,5,6,66)
r(79,6,6,66)
r(82,3,6,66)
r(248,7,6,66)
w(293,5,6,66)
w(284,4,6,66)
r(234,3,1,67)
w(14,3,1,67)
r(253,2,1,67)
r(267,5,1,67)
w(46,5,1,67)
r(202,2,1,67)
r(227,3,1,67)
w(15,3,1,67)
w(16,5,1,67)
w(39,5,1,67)
r(246,3,1,67)
w(4,5,1,67)
w(48,3,1,67)
r(181,4,1,67)
w(40,5,1,67)
r(293,4,1,67)
r(114,3,1,67)
w(42,3,1,67)
w(22,3,1,67)
w(19,3,1,67)
w(97,3,2,68)
w(61,5,2,68)
w(77,5,2,68)
r(158,2,2,68)
r(177,3,2,68)
r(50,5,2,68)
r(98,3,2,68)
r(249,5,2,68)
w(55,4,2,68)
w(53,5,2,68)
w(84,2,2,68)
w(79,5,2,68)
r(27,4,2,68)
r(149,4,2,68)
w(81,6,2,68)
r(156,3,2,68)
r(270,2,2,68)
w(100,3,2,68)
r(133,3,2,68)
w(96,5,2,68)
w(149,4,3,69)
w(128,4,3,69)
w(117,4,3,69)
w(139,4,3,69)
w(126,5,3,69)
r(113,2,3,69)
w(145,5,3,69)
r(18,5,3,69)
r(71,7,3,69)
r(62,2,3,69)
r(16,4,3,69)
r(259,3,3,69)
r(32,1,3,69)
w(118,4,3,69)
r(71,7,3,69)
w(103,7,3,69)
w(121,5,3,69)
w(115,3,3,69)
w(146,4,3,69)
r(227,3,3,69)
r(236,1,4,70)
r(236,1,4,70)
w(186,4,4,70)
w(158,2,4,70)
w(196,6,4,70)
w(159,5,4,70)
w(187,6,4,70)
w(188,3,4,70)
w(154,7,4,70)
r(124,2,4,70)
r(281,1,4,70)
r(194,2,4,70)
w(187,7,4,70)
w(154,8,4,70)
w(193,4,4,70)
w(190,9,4,70)
w(197,4,4,70)
w(171,3,4,70)
w(171,4,4,70)
r(9,7,4,70)
r(292,4,5,71)
w(229,6,5,71)
w(239,5,5,71)
w(249,6,5,71)
r(100,3,5,71)
r(282,4,5,71)
r(9,9,5,71)
w(222,4,5,71)
w(202,3,5,71)
w(236,4,5,71)
w(209,6,5,71)
w(213,3,5,71)
w(223,5,5,71)
r(193,6,5,71)
w(219,7,5,71)
r(229,6,5,71)
r(116,2,5,71)
w(234,4,5,71)
r(117,4,5,71)
r(186,6,5,71)
r(39,6,6,72)
w(270,4,6,72)
r(281,2,6,72)
w(293,6,6,72)
r(203,4,6,72)
w(265,3,6,72)
r(162,2,6,72)
r(214,6,6,72)
r(53,5,6,72)
w(279,3,6,72)
w(282,5,6,72)
r(93,2,6,72)
w(289,4,6,72)
r(272,5,6,72)
w(262,4,6,72)
r(276,4,6,72)
r(150,5,6,72)
w(259,5,6,72)
r(29,5,6,72)
w(296,7,6,72)
r(41,3,1,73)
w(22,4,1,73)
w(26,4,1,73)
r(114,3,1,73)
r(29,5,1,73)
w(35,10,1,73)
r(246,3,1,73)
w(22,5,1,73)
r(164,2,1,73)
r(50,5,1,73)
w(23,3,1,73)
r(94,3,1,73)
w(39,6,1,73)
r(170,2,1,73)
w(5,11,1,73)
r(17,2,1,73)
r(37,3,1,73)
r(258,2,1,73)
r(74,2,1,73)
w(20,5,1,73)
w(98,4,2,74)
w(58,6,2,74)
w(97,4,2,74)
r(78,1,2,74)
r(18,5,2,74)
w(52,5,2,74)
w(73,6,2,74)
w(81,7,2,74)
w(100,4,2,74)
r(59,4,2,74)
r(237,7,2,74)
w(80,7,2,74)
w(58,7,2,74)
r(266,1,2,74)
w(99,2,2,74)
w(95,5,2,74)
w(64,5,2,74)
w(65,3,2,74)
w(96,6,2,74)
r(298,3,2,74)
r(71,7,3,75)
r(300,4,3,75)
r(139,4,3,75)
w(105,2,3,75)
r(207,5,3,75)
w(119,7,3,75)
r(85,3,3,75)
r(244,3,3,75)
w(143,3,3,75)
r(198,4,3,75)
w(103,8,3,75)
r(62,2,3,75)
r(182,4,3,75)
r(241,2,3,75)
r(216,3,3,75)
w(140,4,3,75)
r(134,3,3,75)
w(120,4,3,75)
w(108,4,3,75)
r(49,3,3,75)
r(120,3,4,76)
r(208,3,4,76)
w(193,5,4,76)
w(173,3,4,76)
w(193,6,4,76)
r(177,1,4,76)
r(153,3,4,76)
w(187,8,4,76)
r(39,4,4,76)
r(161,3,4,76)
w(176,6,4,76)
w(178,3,4,76)
w(190,10,4,76)
r(114,3,4,76)
r(276,1,4,76)
r(29,5,4,76)
w(177,2,4,76)
w(175,5,4,76)
r(238,3,4,76)
w(176,7,4,76)
r(210,4,5,77)
r(140,4,5,77)
r(142,5,5,77)
w(206,4,5,77)
w(226,4,5,77)
w(248,7,5,77)
r(145,5,5,77)
w(240,3,5,77)
r(230,2,5,77)
r(120,4,5,77)
r(102,9,5,77)
r(6,4,5,77)
w(204,6,5,77)
r(69,1,5,77)
r(92,4,5,77)
w(213,4,5,77)
r(133,3,5,77)
r(125,5,5,77)
w(216,4,5,77)
w(241,3,5,77)
w(284,5,6,78)
w(294,5,6,78)
r(116,3,6,78)
r(179,5,6,78)
r(189,3,6,78)
r(232,4,6,78)
r(132,2,6,78)
w(285,3,6,78)
w(279,4,6,78)
r(140,5,6,78)
w(263,5,6,78)
w(288,5,6,78)
w(260,5,6,78)
w(266,4,6,78)
w(285,4,6,78)
w(256,5,6,78)
r(53,5,6,78)
r(215,6,6,78)
w(297,6,6,78)
w(293,7,6,78)
r(44,3,1,79)
w(33,3,1,79)
r(9,9,1,79)
w(48,4,1,79)
w(5,12,1,79)
r(18,5,1,79)
r(197,5,1,79)
r(81,8,1,79)
w(4,6,1,79)
r(253,2,1,79)
r(224,2,1,79)
r(292,4,1,79)
r(283,3,1,79)
w(17,3,1,79)
w(38,4,1,79)
w(23,4,1,79)
r(285,2,1,79)
w(11,9,1,79)
w(14,4,1,79)
r(221,2,1,79)
w(83,5,2,80)
w(79,6,2,80)
w(82,3,2,80)
w(86,5,2,80)
w(90,5,2,80)
w(65,4,2,80)
w(70,3,2,80)
w(74,3,2,80)
r(247,1,2,80)
w(60,4,2,80)
w(81,8,2,80)
w(89,4,2,80)
w(56,5,2,80)
r(77,5,2,80)
w(78,2,2,80)
w(56,6,2,80)
w(83,6,2,80)
r(120,4,2,80)
r(23,3,2,80)
r(75,6,2,80)
r(271,3,3,81)
r(122,4,3,81)
r(284,3,3,81)
w(114,4,3,81)
w(148,3,3,81)
w(127,3,3,81)
r(164,2,3,81)
w(116,3,3,81)
r(128,4,3,81)
r(67,3,3,81)
r(46,5,3,81)
w(143,4,3,81)
w(113,3,3,81)
w(104,8,3,81)
r(56,6,3,81)
w(134,4,3,81)
r(73,6,3,81)
w(132,2,3,81)
r(82,3,3,81)
r(42,3,3,81)
w(197,5,4,82)
r(61,4,4,82)
r(123,3,4,82)
w(182,4,4,82)
r(52,4,4,82)
w(178,4,4,82)
r(67,3,4,82)
r(190,10,4,82)
w(177,3,4,82)
w(172,3,4,82)
r(35,8,4,82)
r(159,5,4,82)
w(165,3,4,82)
r(226,3,4,82)
r(270,2,4,82)
w(196,7,4,82)
w(155,4,4,82)
r(129,5,4,82)
w(161,4,4,82)
w(186,5,4,82)
r(154,9,5,83)
r(73,6,5,83)
r(82,3,5,83)
r(22,5,5,83)
w(223,6,5,83)
r(279,2,5,83)
r(28,2,5,83)
w(241,4,5,83)
w(229,7,5,83)
w(237,8,5,83)
r(246,3,5,83)
w(236,5,5,83)
r(88,2,5,83)
r(298,3,5,83)
w(243,5,5,83)
r(5,12,5,83)
r(87,2,5,83)
w(214,5,5,83)
w(204,7,5,83)
r(69,1,5,83)
r(15,4,6,84)
w(286,4,6,84)
w(300,7,6,84)
w(257,6,6,84)
r(185,4,6,84)
w(252,7,6,84)
r(210,4,6,84)
w(263,6,6,84)
w(292,6,6,84)
r(99,6,6,84)
w(279,5,6,84)
r(238,3,6,84)
r(266,4,6,84)
w(288,6,6,84)
w(286,5,6,84)
r(62,3,6,84)
r(113,3,6,84)
r(58,7,6,84)
w(252,8,6,84)
w(289,5,6,84)
w(9,10,1,85)
r(70,3,1,85)
w(26,5,1,85)
w(36,6,1,85)
w(13,5,1,85)
r(39,6,1,85)
r(119,7,1,85)
w(10,4,1,85)
w(14,5,1,85)
r(124,2,1,85)
r(57,2,1,85)
r(253,2,1,85)
w(45,6,1,85)
w(32,2,1,85)
r(154,9,1,85)
r(288,3,1,85)
r(138,3,1,85)
w(3,5,1,85)
r(115,3,1,85)
w(49,4,1,85)
r(59,4,2,86)
r(222,4,2,86)
w(69,2,2,86)
w(65,5,2,86)
w(99,3,2,86)
r(280,3,2,86)
r(272,5,2,86)
r(144,3,2,86)
w(74,4,2,86)
r(117,4,2,86)
w(52,6,2,86)
r(192,6,2,86)
w(81,9,2,86)
w(69,3,2,86)
r(37,3,2,86)
w(86,6,2,86)
w(86,7,2,86)
r(74,4,2,86)
r(231,2,2,86)
r(10,3,2,86)
r(62,2,3,87)
w(146,5,3,87)
r(123,3,3,87)
r(6,4,3,87)
w(142,6,3,87)
w(101,4,3,87)
w(117,5,3,87)
w(124,3,3,87)
r(197,5,3,87)
w(121,6,3,87)
r(167,6,3,87)
r(134,4,3,87)
w(109,4,3,87)
r(128,4,3,87)
r(290,4,3,87)
r(133,3,3,87)
r(298,3,3,87)
r(98,4,3,87)
r(171,4,3,87)
w(124,4,3,87)
r(26,3,4,88)
r(124,2,4,88)
r(296,6,4,88)
w(167,5,4,88)
w(181,3,4,88)
w(181,4,4,88)
r(151,4,4,88)
r(271,2,4,88)
w(199,4,4,88)
w(173,4,4,88)
w(186,6,4,88)
r(271,2,4,88)
r(82,2,4,88)
r(18,5,4,88)
r(100,2,4,88)
r(70,2,4,88)
w(159,6,4,88)
w(168,5,4,88)
r(128,4,4,88)
r(242,2,4,88)
r(231,2,5,89)
w(239,6,5,89)
r(67,3,5,89)
r(13,5,5,89)
r(262,3,5,89)
w(202,4,5,89)
r(64,5,5,89)
w(217,3,5,89)
w(214,6,5,89)
w(218,5,5,89)
w(247,2,5,89)
r(97,4,5,89)
r(147,2,5,89)
r(167,6,5,89)
w(202,5,5,89)
r(253,2,5,89)
r(277,6,5,89)
r(227,3,5,89)
w(228,2,5,89)
w(232,4,5,89)
w(282,6,6,90)
w(265,4,6,90)
r(92,4,6,90)
w(260,6,6,90)
w(277,7,6,90)
w(288,7,6,90)
w(257,7,6,90)
r(51,3,6,90)
r(128,4,6,90)
r(230,2,6,90)
w(299,5,6,90)
r(249,6,6,90)
r(221,2,6,90)
w(278,2,6,90)
w(266,5,6,90)
r(171,5,6,90)
w(272,6,6,90)
r(114,5,6,90)
r(53,6,6,90)
w(299,6,6,90)
w(6,5,1,91)
w(19,4,1,91)
r(135,3,1,91)
r(96,6,1,91)
r(42,3,1,91)
w(17,4,1,91)
w(44,4,1,91)
r(35,10,1,91)
r(143,4,1,91)
r(95,5,1,91)
w(20,6,1,91)
r(191,4,1,91)
w(7,4,1,91)
w(50,6,1,91)
w(20,7,1,91)
w(48,5,1,91)
w(1,2,1,91)
r(292,4,1,91)
r(206,4,1,91)
w(14,6,1,91)
w(57,3,2,92)
w(64,6,2,92)
w(89,5,2,92)
r(157,4,2,92)
r(9,10,2,92)
r(104,8,2,92)
w(57,4,2,92)
r(92,4,2,92)
w(99,4,2,92)
w(59,5,2,92)
w(83,7,2,92)
w(97,5,2,92)
r(49,4,2,92)
r(31,3,2,92)
w(88,3,2,92)
w(80,8,2,92)
w(69,4,2,92)
r(231,2,2,92)
r(152,5,2,92)
w(88,4,2,92)
w(139,5,3,93)
w(135,4,3,93)
w(112,4,3,93)
r(191,4,3,93)
r(247,2,3,93)
r(129,5,3,93)
w(122,5,3,93)
w(140,5,3,93)
w(124,5,3,93)
w(144,4,3,93)
w(114,5,3,93)
r(135,4,3,93)
r(271,5,3,93)
w(106,2,3,93)
w(126,6,3,93)
r(298,3,3,93)
w(149,5,3,93)
r(160,4,3,93)
r(150,5,3,93)
w(137,6,3,93)
w(152,3,4,94)
w(154,9,4,94)
w(183,5,4,94)
w(178,5,4,94)
w(199,5,4,94)
w(173,5,4,94)
w(195,3,4,94)
w(188,4,4,94)
r(283,3,4,94)
r(249,5,4,94)
r(152,3,4,94)
w(174,4,4,94)
w(169,2,4,94)
r(295,3,4,94)
w(192,6,4,94)
w(166,4,4,94)
r(46,5,4,94)
w(157,4,4,94)
r(100,3,4,94)
w(166,5,4,94)
r(124,5,5,95)
r(265,3,5,95)
w(209,7,5,95)
r(59,5,5,95)
w(236,6,5,95)
w(237,9,5,95)
r(16,5,5,95)
w(224,3,5,95)
w(228,3,5,95)
w(246,4,5,95)
w(216,5,5,95)
r(296,7,5,95)
w(222,5,5,95)
w(218,6,5,95)
w(212,6,5,95)
r(53,5,5,95)
r(115,3,5,95)
r(277,6,5,95)
w(239,7,5,95)
r(271,5,5,95)
w(254,5,6,96)
r(113,3,6,96)
r(287,5,6,96)
r(101,4,6,96)
r(191,5,6,96)
w(299,7,6,96)
r(55,6,6,96)
w(269,5,6,96)
r(285,4,6,96)
r(83,8,6,96)
w(294,6,6,96)
w(300,8,6,96)
w(271,6,6,96)
r(37,3,6,96)
w(274,4,6,96)
r(111,4,6,96)
w(279,6,6,96)
r(287,5,6,96)
r(25,4,6,96)
r(46,5,6,96)
w(19,5,1,97)
r(61,5,1,97)
w(18,6,1,97)
w(19,6,1,97)
w(28,3,1,97)
r(185,4,1,97)
w(10,5,1,97)
w(27,5,1,97)
r(216,4,1,97)
r(69,4,1,97)
w(14,7,1,97)
r(282,5,1,97)
w(43,8,1,97)
r(202,5,1,97)
w(42,4,1,97)
r(122,5,1,97)
w(43,9,1,97)
r(191,4,1,97)
w(47,8,1,97)
w(5,13,1,97)
w(55,5,2,98)
r(235,1,2,98)
r(220,4,2,98)
r(123,3,2,98)
r(84,2,2,98)
r(299,4,2,98)
w(56,7,2,98)
w(89,6,2,98)
r(204,7,2,98)
r(116,3,2,98)
r(158,2,2,98)
w(99,5,2,98)
r(209,6,2,98)
r(222,4,2,98)
w(94,4,2,98)
r(245,4,2,98)
r(94,4,2,98)
w(100,5,2,98)
r(8,1,2,98)
w(78,3,2,98)
w(102,10,3,99)
r(63,2,3,99)
w(103,9,3,99)
r(100,5,3,99)
r(157,4,3,99)
w(131,4,3,99)
r(67,4,3,99)
w(134,5,3,99)
r(95,5,3,99)
w(103,10,3,99)
w(141,3,3,99)
r(159,6,3,99)
r(292,6,3,99)
w(107,5,3,99)
w(129,6,3,99)
r(286,5,3,99)
r(200,2,3,99)
w(105,3,3,99)
w(138,4,3,99)
w(145,7,3,99)
w(177,4,4,100)
r(135,3,4,100)
r(66,3,4,100)
r(106,1,4,100)
w(181,5,4,100)
r(45,5,4,100)
w(151,5,4,100)
r(79,6,4,100)
r(206,4,4,100)
w(187,9,4,100)
w(177,5,4,100)
w(152,4,4,100)
r(3,4,4,100)
r(167,5,4,100)
r(294,4,4,100)
r(178,5,4,100)
w(167,6,4,100)
r(4,5,4,100)
w(152,5,4,100)
w(164,3,4,100)
r(42,4,5,101)
w(228,4,5,101)
w(210,5,5,101)
w(211,2,5,101)
w(242,3,5,101)
r(40,5,5,101)
w(238,4,5,101)
r(128,4,5,101)
w(212,7,5,101)
r(140,5,5,101)
r(168,9,5,101)
r(210,5,5,101)
w(236,7,5,101)
w(247,3,5,101)
r(25,3,5,101)
w(218,7,5,101)
r(50,6,5,101)
r(286,5,5,101)
w(242,4,5,101)
w(234,5,5,101)
r(159,6,6,102)
r(97,6,6,102)
r(272,6,6,102)
r(66,4,6,102)
w(274,5,6,102)
r(131,4,6,102)
w(260,7,6,102)
w(267,7,6,102)
r(79,7,6,102)
r(89,6,6,102)
r(13,5,6,102)
w(290,6,6,102)
w(290,7,6,102)
w(284,6,6,102)
r(8,1,6,102)
r(262,4,1,103)
w(15,4,1,103)
w(47,9,1,103)
r(206,4,1,103)
w(17,5,1,103)
w(16,6,1,103)
w(5,14,1,103)
w(5,15,1,103)
r(277,6,1,103)
w(24,7,1,103)
w(44,5,1,103)
w(28,4,1,103)
w(2,2,1,103)
r(112,4,1,103)
w(3,6,1,103)
w(9,11,1,103)
r(24,7,1,103)
r(144,4,1,103)
r(290,4,1,103)
w(25,3,1,103)
r(91,1,2,104)
w(82,4,2,104)
r(273,3,2,104)
w(53,6,2,104)
w(65,6,2,104)
r(107,3,2,104)
w(66,4,2,104)
r(81,9,2,104)
r(249,6,2,104)
r(219,7,2,104)
w(96,7,2,104)
r(242,2,2,104)
r(112,4,2,104)
w(71,8,2,104)
w(99,6,2,104)
r(137,6,2,104)
r(282,5,2,104)
r(24,6,2,104)
r(253,3,2,104)
w(62,3,2,104)
r(136,1,3,105)
w(144,5,3,105)
r(30,3,3,105)
w(146,6,3,105)
r(90,6,3,105)
w(109,5,3,105)
r(300,7,3,105)
r(226,4,3,105)
r(266,5,3,105)
w(118,5,3,105)
w(148,4,3,105)
w(105,4,3,105)
r(232,4,3,105)
w(143,5,3,105)
w(127,4,3,105)
r(150,5,3,105)
r(143,5,3,105)
w(136,2,3,105)
r(289,5,3,105)
r(197,6,3,105)
w(182,5,4,106)
w(174,5,4,106)
r(208,3,4,106)
w(189,3,4,106)
r(150,5,4,106)
w(166,6,4,106)
r(186,6,4,106)
r(140,4,4,106)
w(168,6,4,106)
w(172,4,4,106)
w(193,7,4,106)
r(129,5,4,106)
r(224,2,4,106)
r(264,5,4,106)
w(185,3,4,106)
r(206,4,4,106)
w(199,6,4,106)
w(168,7,4,106)
w(191,4,4,106)
r(144,3,4,106)
w(206,5,5,107)
r(149,5,5,107)
w(250,4,5,107)
w(221,3,5,107)
r(282,6,5,107)
w(225,4,5,107)
r(122,5,5,107)
r(60,5,5,107)
w(239,8,5,107)
r(27,5,5,107)
w(214,7,5,107)
w(204,8,5,107)
w(216,6,5,107)
w(245,5,5,107)
r(173,6,5,107)
r(171,6,5,107)
r(6,5,5,107)
r(31,4,5,107)
r(73,6,5,107)
w(239,9,5,107)
r(7,4,6,108)
r(3,6,6,108)
r(197,6,6,108)
w(288,8,6,108)
w(288,9,6,108)
r(101,4,6,108)
r(190,11,6,108)
w(280,6,6,108)
w(294,7,6,108)
w(273,4,6,108)
r(95,6,6,108)
r(110,1,6,108)
w(298,4,6,108)
w(269,6,6,108)
r(274,4,6,108)
r(232,5,6,108)
r(288,9,6,108)
r(84,3,6,108)
w(262,5,6,108)
r(273,4,6,108)
r(28,4,1,109)
w(5,16,1,109)
r(220,4,1,109)
r(182,5,1,109)
r(224,3,1,109)
r(146,5,1,109)
r(102,10,1,109)
w(30,3,1,109)
r(14,7,1,109)
w(50,7,1,109)
w(12,4,1,109)
w(22,6,1,109)
w(25,4,1,109)
w(42,5,1,109)
w(5,17,1,109)
r(72,3,1,109)
r(287,5,1,109)
r(165,3,1,109)
r(182,5,1,109)
w(31,4,1,109)
r(233,5,2,110)
r(104,8,2,110)
w(88,5,2,110)
r(14,7,2,110)
r(192,7,2,110)
w(60,5,2,110)
r(229,7,2,110)
w(76,5,2,110)
r(46,5,2,110)
r(174,5,2,110)
w(67,4,2,110)
w(72,3,2,110)
w(94,5,2,110)
r(96,7,2,110)
r(192,7,2,110)
r(171,5,2,110)
r(255,4,2,110)
w(85,4,2,110)
r(275,5,2,110)
w(90,6,2,110)
r(54,3,3,111)
r(1,2,3,111)
w(111,5,3,111)
w(106,3,3,111)
r(57,4,3,111)
r(285,4,3,111)
r(233,5,3,111)
r(189,3,3,111)
r(7,4,3,111)
r(66,4,3,111)
r(55,6,3,111)
r(38,4,3,111)
w(102,11,3,111)
r(89,6,3,111)
w(149,6,3,111)
r(9,11,3,111)
r(240,3,3,111)
r(31,4,3,111)
w(120,5,3,111)
r(21,1,3,111)
r(172,4,4,112)
r(11,9,4,112)
r(37,3,4,112)
r(81,9,4,112)
r(268,2,4,112)
w(185,4,4,112)
r(110,1,4,112)
r(88,2,4,112)
w(154,10,4,112)
w(173,6,4,112)
r(116,3,4,112)
r(38,4,4,112)
w(155,5,4,112)
r(145,5,4,112)
r(294,4,4,112)
r(52,6,4,112)
r(46,5,4,112)
w(163,4,4,112)
r(278,1,4,112)
w(170,3,4,112)
w(243,6,5,113)
w(212,8,5,113)
r(176,8,5,113)
w(249,7,5,113)
w(226,5,5,113)
w(244,4,5,113)
w(219,8,5,113)
w(205,3,5,113)
w(225,5,5,113)
r(73,6,5,113)
r(228,4,5,113)
w(237,10,5,113)
r(170,3,5,113)
w(204,9,5,113)
r(267,6,5,113)
r(117,5,5,113)
w(217,4,5,113)
w(232,5,5,113)
w(237,11,5,113)
r(42,7,5,113)
w(281,4,6,114)
r(284,5,6,114)
w(294,8,6,114)
w(267,9,6,114)
w(291,5,6,114)
w(262,6,6,114)
r(6,7,6,114)
r(43,11,6,114)
w(300,10,6,114)
r(92,5,6,114)
w(281,5,6,114)
r(118,6,6,114)
r(254,5,6,114)
w(259,7,6,114)
w(252,9,6,114)
w(280,7,6,114)
w(266,6,6,114)
w(279,7,6,114)
r(123,4,6,114)
w(281,6,6,114)
r(3,6,1,115)
r(109,5,1,115)
r(289,5,1,115)
w(10,6,1,115)
w(48,6,1,115)
r(251,2,1,115)
w(42,6,1,115)
w(44,6,1,115)
w(11,10,1,115)
w(23,5,1,115)
w(30,4,1,115)
w(41,4,1,115)
r(48,6,1,115)
r(149,5,1,115)
w(46,6,1,115)
w(27,6,1,115)
r(100,6,1,115)
w(25,5,1,115)
w(42,7,1,115)
w(40,6,1,115)
w(79,7,2,116)
w(76,6,2,116)
r(41,3,2,116)
r(75,6,2,116)
r(224,3,2,116)
w(75,7,2,116)
w(56,8,2,116)
r(189,3,2,116)
w(56,9,2,116)
w(85,5,2,116)
w(91,2,2,116)
w(88,6,2,116)
r(207,5,2,116)
w(83,8,2,116)
r(141,3,2,116)
r(248,7,2,116)
r(115,3,2,116)
w(55,6,2,116)
r(165,3,2,116)
r(12,4,2,116)
r(239,9,3,117)
w(111,6,3,117)
w(125,6,3,117)
r(207,5,3,117)
r(38,4,3,117)
w(115,4,3,117)
r(248,7,3,117)
r(160,4,3,117)
r(174,5,3,117)
w(102,12,3,117)
r(116,3,3,117)
w(137,7,3,117)
w(146,7,3,117)
r(175,6,3,117)
r(213,5,3,117)
r(291,3,3,117)
r(109,5,3,117)
r(274,4,3,117)
r(217,5,3,117)
w(127,5,3,117)
w(196,8,4,118)
r(289,3,4,118)
r(127,3,4,118)
w(192,7,4,118)
r(267,6,4,118)
r(63,2,4,118)
r(108,4,4,118)
w(154,11,4,118)
w(199,7,4,118)
w(168,8,4,118)
r(171,4,4,118)
r(23,4,4,118)
w(193,8,4,118)
w(200,2,4,118)
r(245,4,4,118)
r(27,4,4,118)
w(179,5,4,118)
r(22,5,4,118)
r(21,1,4,118)
w(171,5,4,118)
r(278,2,5,119)
w(227,4,5,119)
r(116,3,5,119)
w(236,8,5,119)
w(213,5,5,119)
w(217,5,5,119)
r(157,4,5,119)
r(235,1,5,119)
r(115,3,5,119)
r(10,6,5,119)
w(246,5,5,119)
w(228,5,5,119)
r(222,5,5,119)
r(96,7,5,119)
w(250,5,5,119)
r(123,3,5,119)
w(234,6,5,119)
r(22,6,5,119)
r(114,5,5,119)
r(244,4,5,119)
r(156,3,6,120)
w(268,3,6,120)
r(171,6,6,120)
w(254,6,6,120)
r(30,5,6,120)
w(269,7,6,120)
r(223,7,6,120)
r(105,4,6,120)
w(261,5,6,120)
r(291,5,6,120)
r(265,4,6,120)
r(250,8,6,120)
r(119,9,6,120)
w(295,5,6,120)
w(290,8,6,120)
w(271,7,6,120)
w(261,6,6,120)
r(35,11,6,120)
r(155,7,6,120)
r(179,6,6,120)
r(125,5,1,121)
w(25,6,1,121)
w(35,11,1,121)
r(177,8,1,121)
w(9,12,1,121)
w(15,5,1,121)
w(50,8,1,121)
r(274,4,1,121)
w(43,10,1,121)
r(83,10,1,121)
r(28,4,1,121)
w(14,8,1,121)
r(162,4,1,121)
r(103,10,1,121)
r(54,3,1,121)
r(146,6,1,121)
r(205,3,1,121)
w(47,10,1,121)
w(49,5,1,121)
w(13,6,1,121)
r(124,5,2,122)
r(188,5,2,122)
w(65,7,2,122)
w(80,9,2,122)
w(97,6,2,122)
r(20,7,2,122)
w(100,6,2,122)
w(54,3,2,122)
w(83,9,2,122)
w(83,10,2,122)
r(25,4,2,122)
r(277,7,2,122)
w(65,8,2,122)
r(283,3,2,122)
r(74,4,2,122)
w(71,9,2,122)
w(52,7,2,122)
w(77,6,2,122)
r(173,6,2,122)
r(81,9,2,122)
r(211,2,3,123)
r(242,4,3,123)
r(153,3,3,123)
w(121,8,3,123)
r(182,5,3,123)
w(112,5,3,123)
w(119,8,3,123)
w(107,6,3,123)
w(122,6,3,123)
r(99,6,3,123)
w(113,4,3,123)
r(37,3,3,123)
w(135,5,3,123)
r(221,3,3,123)
r(222,6,3,123)
r(222,6,3,123)
r(128,4,3,123)
w(120,6,3,123)
w(136,3,3,123)
w(120,7,3,123)
w(186,7,4,124)
r(89,6,4,124)
w(198,5,4,124)
w(152,6,4,124)
r(122,5,4,124)
w(176,8,4,124)
r(238,3,4,124)
w(191,5,4,124)
w(168,9,4,124)
r(33,3,4,124)
w(198,6,4,124)
r(167,6,4,124)
w(199,8,4,124)
w(188,5,4,124)
r(17,4,4,124)
w(181,6,4,124)
r(33,3,4,124)
r(45,6,4,124)
r(124,5,4,124)
w(161,5,4,124)
w(231,3,5,125)
w(248,8,5,125)
r(132,2,5,125)
r(168,10,5,125)
w(246,6,5,125)
r(123,3,5,125)
w(235,2,5,125)
w(218,8,5,125)
r(160,4,5,125)
w(208,4,5,125)
w(231,4,5,125)
r(79,7,5,125)
w(220,5,5,125)
r(260,6,5,125)
r(168,10,5,125)
w(214,8,5,125)
r(104,8,5,125)
w(222,6,5,125)
r(51,4,5,125)
r(105,4,5,125)
w(281,7,6,126)
w(260,8,6,126)
r(186,8,6,126)
w(255,5,6,126)
r(160,4,6,126)
w(271,8,6,126)
w(291,6,6,126)
r(65,8,6,126)
r(280,7,6,126)
w(287,6,6,126)
r(98,5,6,126)
r(135,5,6,126)
r(70,3,6,126)
w(295,6,6,126)
w(275,8,6,126)
r(118,6,6,126)
r(285,4,6,126)
w(280,8,6,126)
w(300,11,6,126)
r(227,7,6,126)
w(8,2,1,127)
r(271,6,1,127)
r(224,3,1,127)
r(202,5,1,127)
r(173,6,1,127)
w(19,7,1,127)
w(24,8,1,127)
r(108,4,1,127)
r(6,5,1,127)
r(8,2,1,127)
w(20,8,1,127)
w(31,5,1,127)
w(6,6,1,127)
w(37,4,1,127)
w(11,11,1,127)
r(124,5,1,127)
r(104,8,1,127)
r(281,2,1,127)
r(31,5,1,127)
r(195,5,1,127)
r(112,4,2,128)
w(58,8,2,128)
r(72,3,2,128)
r(251,2,2,128)
w(71,10,2,128)
w(51,4,2,128)
w(94,6,2,128)
r(185,4,2,128)
r(286,5,2,128)
r(93,2,2,128)
r(24,7,2,128)
r(220,4,2,128)
r(69,4,2,128)
r(265,4,2,128)
w(97,7,2,128)
w(60,6,2,128)
r(186,7,2,128)
r(224,3,2,128)
w(87,3,2,128)
r(255,4,2,128)
r(136,3,3,129)
w(110,2,3,129)
w(136,4,3,129)
w(113,5,3,129)
w(126,7,3,129)
w(144,6,3,129)
w(142,7,3,129)
r(294,7,3,129)
r(158,3,3,129)
w(121,9,3,129)
w(112,6,3,129)
r(143,5,3,129)
w(144,7,3,129)
w(150,6,3,129)
w(141,4,3,129)
w(104,9,3,129)
w(141,5,3,129)
r(212,8,3,129)
w(118,6,3,129)
w(125,7,3,129)
r(180,2,4,130)
r(25,3,4,130)
r(69,4,4,130)
r(101,4,4,130)
r(299,4,4,130)
w(167,7,4,130)
r(189,3,4,130)
r(65,6,4,130)
w(195,4,4,130)
r(191,5,4,130)
w(155,6,4,130)
w(167,8,4,130)
w(192,8,4,130)
r(26,5,4,130)
r(284,5,4,130)
w(197,6,4,130)
w(166,7,4,130)
w(172,5,4,130)
w(168,10,4,130)
w(187,10,4,130)
w(216,7,5,131)
w(235,4,5,131)
w(250,7,5,131)
r(184,3,5,131)
w(214,9,5,131)
w(202,7,5,131)
w(222,7,5,131)
w(223,7,5,131)
r(35,11,5,131)
w(239,10,5,131)
r(29,5,5,131)
r(246,6,5,131)
r(131,4,5,131)
r(24,8,5,131)
w(242,5,5,131)
w(222,8,5,131)
w(231,5,5,131)
r(118,5,5,131)
r(154,12,5,131)
r(59,5,5,131)
w(286,7,6,132)
w(251,4,6,132)
w(276,5,6,132)
w(283,4,6,132)
w(280,9,6,132)
w(265,5,6,132)
w(295,7,6,132)
w(290,9,6,132)
w(253,4,6,132)
w(260,9,6,132)
r(29,7,6,132)
w(261,7,6,132)
r(42,7,6,132)
w(262,7,6,132)
w(278,4,6,132)
r(192,10,6,132)
r(212,9,6,132)
w(289,6,6,132)
r(255,5,6,132)
r(104,12,6,132)
w(31,6,1,133)
r(78,3,1,133)
r(287,5,1,133)
r(206,5,1,133)
w(7,5,1,133)
w(2,3,1,133)
r(106,3,1,133)
r(88,6,1,133)
r(83,10,1,133)
r(43,10,1,133)
w(37,5,1,133)
w(17,6,1,133)
w(8,3,1,133)
w(2,4,1,133)
w(21,2,1,133)
w(17,7,1,133)
r(235,2,1,133)
r(69,4,1,133)
r(260,6,1,133)
w(6,7,1,133)
w(95,6,2,134)
w(72,4,2,134)
w(84,3,2,134)
r(76,6,2,134)
w(52,8,2,134)
r(180,2,2,134)
w(53,7,2,134)
r(161,5,2,134)
w(52,9,2,134)
w(81,10,2,134)
w(64,7,2,134)
r(189,3,2,134)
w(93,3,2,134)
r(213,5,2,134)
r(144,5,2,134)
r(260,6,2,134)
w(82,5,2,134)
w(61,6,2,134)
w(92,5,2,134)
r(42,7,2,134)
r(80,9,3,135)
r(236,8,3,135)
r(172,5,3,135)
w(110,3,3,135)
r(295,3,3,135)
w(119,9,3,135)
w(141,6,3,135)
w(113,6,3,135)
r(150,6,3,135)
r(27,6,3,135)
w(143,6,3,135)
r(156,3,3,135)
w(140,6,3,135)
r(244,4,3,135)
r(155,7,3,135)
r(172,5,3,135)
w(124,6,3,135)
w(143,7,3,135)
r(279,6,3,135)
r(215,6,3,135)
w(158,3,4,136)
w(179,6,4,136)
r(130,4,4,136)
r(70,3,4,136)
r(208,3,4,136)
r(221,2,4,136)
w(181,7,4,136)
w(171,6,4,136)
w(199,9,4,136)
w(198,7,4,136)
w(198,8,4,136)
r(218,7,4,136)
w(177,6,4,136)
r(173,6,4,136)
r(107,5,4,136)
w(193,9,4,136)
r(164,3,4,136)
w(167,9,4,136)
w(177,7,4,136)
w(194,3,4,136)
w(226,6,5,137)
w(212,9,5,137)
w(227,6,5,137)
w(220,6,5,137)
w(226,7,5,137)
r(266,5,5,137)
w(235,5,5,137)
r(26,6,5,137)
w(221,4,5,137)
r(76,7,5,137)
r(107,6,5,137)
w(226,8,5,137)
r(29,6,5,137)
r(132,2,5,137)
w(222,9,5,137)
r(279,6,5,137)
r(102,12,5,137)
r(3,6,5,137)
r(73,7,5,137)
w(202,8,5,137)
w(277,8,6,138)
r(287,6,6,138)
r(52,10,6,138)
r(118,6,6,138)
r(222,9,6,138)
w(289,7,6,138)
w(255,6,6,138)
r(281,7,6,138)
w(299,8,6,138)
w(276,6,6,138)
w(255,7,6,138)
w(291,7,6,138)
w(271,9,6,138)
w(298,5,6,138)
w(285,6,6,138)
w(298,6,6,138)
r(221,4,6,138)
r(95,7,6,138)
r(7,7,6,138)
w(267,10,6,138)
r(279,6,1,139)
r(107,6,1,139)
w(26,6,1,139)
r(243,6,1,139)
w(22,7,1,139)
w(30,5,1,139)
r(259,5,1,139)
w(43,11,1,139)
r(288,9,1,139)
w(29,6,1,139)
w(10,7,1,139)
w(23,6,1,139)
r(261,4,1,139)
r(270,4,1,139)
r(202,7,1,139)
r(176,9,1,139)
w(17,8,1,139)
w(38,5,1,139)
r(139,5,1,139)
r(32,2,1,139)
r(268,2,2,140)
r(256,5,2,140)
w(60,7,2,140)
r(172,5,2,140)
r(3,6,2,140)
w(64,8,2,140)
w(82,6,2,140)
w(73,7,2,140)
r(79,7,2,140)
r(191,6,2,140)
w(98,5,2,140)
w(85,6,2,140)
w(81,11,2,140)
r(264,5,2,140)
w(97,8,2,140)
r(248,8,2,140)
r(238,4,2,140)
w(96,8,2,140)
w(81,12,2,140)
r(251,2,2,140)
w(149,7,3,141)
r(82,6,3,141)
w(110,4,3,141)
w(104,10,3,141)
w(123,4,3,141)
r(161,5,3,141)
w(147,3,3,141)
w(124,7,3,141)
r(187,13,3,141)
r(271,6,3,141)
w(141,7,3,141)
r(199,11,3,141)
w(111,7,3,141)
r(30,5,3,141)
r(65,8,3,141)
w(116,4,3,141)
w(108,5,3,141)
r(280,6,3,141)
r(109,5,3,141)
r(116,4,3,141)
r(83,10,4,142)
r(254,5,4,142)
r(124,5,4,142)
r(160,4,4,142)
r(258,2,4,142)
r(219,7,4,142)
w(177,8,4,142)
w(183,6,4,142)
w(151,6,4,142)
r(49,4,4,142)
w(154,12,4,142)
r(55,6,4,142)
w(162,3,4,142)
w(194,4,4,142)
r(270,4,4,142)
w(181,8,4,142)
r(100,6,4,142)
r(55,6,4,142)
w(191,6,4,142)
r(12,4,4,142)
w(213,6,5,143)
r(154,12,5,143)
w(236,9,5,143)
w(231,6,5,143)
w(244,6,5,143)
r(111,7,5,143)
r(273,4,5,143)
w(230,4,5,143)
r(207,5,5,143)
r(100,7,5,143)
w(216,8,5,143)
w(227,7,5,143)
w(229,8,5,143)
w(243,7,5,143)
w(250,8,5,143)
w(234,7,5,143)
w(217,6,5,143)
r(9,12,5,143)
r(6,8,5,143)
r(53,9,5,143)
w(256,7,6,144)
w(278,5,6,144)
r(144,7,6,144)
r(248,8,6,144)
w(298,7,6,144)
r(170,5,6,144)
w(265,6,6,144)
r(254,6,6,144)
r(281,7,6,144)
r(219,10,6,144)
w(264,6,6,144)
r(265,6,6,144)
w(259,8,6,144)
w(274,6,6,144)
w(270,7,6,144)
w(298,8,6,144)
r(52,10,6,144)
r(210,8,6,144)
w(287,7,6,144)
w(254,7,6,144)
w(41,5,1,145)
r(50,8,1,145)
r(87,4,1,145)
w(8,4,1,145)
w(11,12,1,145)
r(247,3,1,145)
r(174,6,1,145)
r(292,6,1,145)
w(6,8,1,145)
r(62,3,1,145)
r(218,8,1,145)
r(124,7,1,145)
r(271,6,1,145)
w(26,7,1,145)
w(29,7,1,145)
r(121,9,1,145)
r(134,5,1,145)
r(129,6,1,145)
w(46,7,1,145)
w(38,6,1,145)
w(91,3,2,146)
w(57,5,2,146)
r(283,3,2,146)
r(51,4,2,146)
r(300,8,2,146)
w(58,9,2,146)
r(33,3,2,146)
r(204,9,2,146)
w(56,10,2,146)
r(238,4,2,146)
r(75,7,2,146)
r(36,6,2,146)
r(67,4,2,146)
w(94,7,2,146)
w(100,7,2,146)
w(52,10,2,146)
r(260,6,2,146)
r(133,3,2,146)
w(93,4,2,146)
w(55,7,2,146)
r(103,10,3,147)
r(88,8,3,147)
r(59,7,3,147)
r(178,6,3,147)
w(146,8,3,147)
r(252,9,3,147)
r(271,6,3,147)
r(105,4,3,147)
w(102,13,3,147)
w(121,10,3,147)
r(162,5,3,147)
w(104,11,3,147)
r(239,10,3,147)
w(148,5,3,147)
w(139,6,3,147)
w(116,5,3,147)
r(197,6,3,147)
w(132,4,3,147)
w(122,7,3,147)
w(114,6,3,147)
w(200,3,4,148)
w(195,5,4,148)
w(162,4,4,148)
r(228,4,4,148)
r(126,6,4,148)
w(176,9,4,148)
w(196,9,4,148)
w(175,6,4,148)
w(187,11,4,148)
r(241,4,4,148)
r(133,3,4,148)
r(286,5,4,148)
w(170,4,4,148)
r(131,4,4,148)
r(38,4,4,148)
r(10,6,4,148)
r(171,6,4,148)
r(291,3,4,148)
w(187,12,4,148)
r(182,5,4,148)
w(210,6,5,149)
w(242,6,5,149)
r(223,7,5,149)
w(210,7,5,149)
r(10,7,5,149)
w(236,10,5,149)
w(224,4,5,149)
r(255,4,5,149)
w(232,6,5,149)
w(242,7,5,149)
r(72,5,5,149)
w(202,9,5,149)
r(53,9,5,149)
r(146,8,5,149)
w(217,7,5,149)
r(203,4,5,149)
w(239,11,5,149)
r(59,7,5,149)
r(190,11,5,149)
r(89,7,5,149)
w(254,8,6,150)
r(20,8,6,150)
r(223,8,6,150)
w(289,8,6,150)
r(131,5,6,150)
w(261,8,6,150)
r(212,9,6,150)
w(281,8,6,150)
w(256,8,6,150)
r(1,2,6,150)
r(189,3,6,150)
w(251,5,6,150)
w(299,9,6,150)
r(170,5,6,150)
w(255,8,6,150)
r(32,3,6,150)
r(273,4,6,150)
w(289,9,6,150)
r(123,4,6,150)
r(119,9,6,150)
w(2,5,1,151)
r(15,5,1,151)
w(27,7,1,151)
r(89,7,1,151)
w(26,8,1,151)
w(22,8,1,151)
r(106,3,1,151)
w(26,9,1,151)
w(6,9,1,151)
w(31,7,1,151)
w(36,7,1,151)
w(36,8,1,151)
w(45,7,1,151)
r(215,6,1,151)
w(26,10,1,151)
r(36,8,1,151)
r(36,8,1,151)
w(32,3,1,151)
w(39,7,1,151)
w(21,3,1,151)
w(94,8,2,152)
r(91,3,2,152)
w(55,8,2,152)
r(160,4,2,152)
r(81,12,2,152)
r(226,5,2,152)
r(25,6,2,152)
r(141,5,2,152)
r(119,8,2,152)
w(88,7,2,152)
r(215,6,2,152)
w(53,8,2,152)
w(76,7,2,152)
w(83,11,2,152)
w(72,5,2,152)
r(163,4,2,152)
w(60,8,2,152)
w(67,5,2,152)
r(52,10,2,152)
r(6,7,2,152)
w(114,7,3,153)
r(276,4,3,153)
w(102,14,3,153)
w(114,8,3,153)
r(106,3,3,153)
r(27,7,3,153)
w(143,8,3,153)
w(124,8,3,153)
w(114,9,3,153)
w(149,8,3,153)
r(17,8,3,153)
w(131,5,3,153)
w(101,5,3,153)
r(230,4,3,153)
w(132,5,3,153)
w(138,5,3,153)
w(140,7,3,153)
r(32,3,3,153)
r(265,4,3,153)
w(150,7,3,153)
w(180,3,4,154)
r(252,8,4,154)
w(155,7,4,154)
r(170,4,4,154)
r(157,4,4,154)
w(177,9,4,154)
w(190,11,4,154)
r(2,2,4,154)
r(241,4,4,154)
r(251,2,4,154)
r(72,4,4,154)
w(151,7,4,154)
r(268,2,4,154)
r(211,2,4,154)
r(169,2,4,154)
r(178,5,4,154)
w(185,5,4,154)
w(199,10,4,154)
r(51,4,4,154)
w(177,10,4,154)
r(190,11,5,155)
r(117,5,5,155)
w(247,4,5,155)
r(104,11,5,155)
r(202,9,5,155)
w(233,6,5,155)
w(219,9,5,155)
w(203,5,5,155)
w(239,12,5,155)
r(261,6,5,155)
w(210,8,5,155)
w(233,7,5,155)
r(47,10,5,155)
w(237,12,5,155)
r(90,7,5,155)
w(233,8,5,155)
r(51,6,5,155)
w(232,7,5,155)
w(245,6,5,155)
w(238,6,5,155)
w(253,5,6,156)
w(270,8,6,156)
r(168,12,6,156)
w(270,9,6,156)
r(261,8,6,156)
w(296,9,6,156)
r(294,8,6,156)
w(256,9,6,156)
r(217,8,6,156)
w(292,7,6,156)
r(71,10,6,156)
w(253,6,6,156)
w(255,9,6,156)
r(51,6,6,156)
w(270,10,6,156)
w(297,7,6,156)
r(37,5,6,156)
w(286,8,6,156)
w(259,9,6,156)
w(260,10,6,156)
r(187,13,1,157)
w(12,5,1,157)
r(292,6,1,157)
w(7,6,1,157)
r(64,9,1,157)
r(223,7,1,157)
w(7,7,1,157)
r(3,6,1,157)
w(17,9,1,157)
w(38,7,1,157)
r(142,7,1,157)
w(10,8,1,157)
r(7,7,1,157)
r(121,10,1,157)
r(124,8,1,157)
r(292,6,1,157)
w(13,7,1,157)
w(44,7,1,157)
r(224,4,1,157)
r(141,7,1,157)
w(59,6,2,158)
w(81,13,2,158)
w(51,5,2,158)
w(87,4,2,158)
w(76,8,2,158)
r(177,11,2,158)
w(78,4,2,158)
w(88,8,2,158)
r(250,7,2,158)
w(90,7,2,158)
r(232,5,2,158)
w(85,7,2,158)
w(93,5,2,158)
r(97,8,2,158)
r(128,4,2,158)
r(92,5,2,158)
r(14,8,2,158)
w(89,7,2,158)
w(57,6,2,158)
r(19,7,2,158)
w(104,12,3,159)
w(140,8,3,159)
w(138,6,3,159)
w(140,9,3,159)
r(258,2,3,159)
r(200,4,3,159)
w(120,8,3,159)
w(135,6,3,159)
w(116,6,3,159)
r(123,4,3,159)
r(245,6,3,159)
w(115,5,3,159)
w(115,6,3,159)
r(174,6,3,159)
r(37,5,3,159)
r(173,6,3,159)
r(123,4,3,159)
w(105,5,3,159)
w(115,7,3,159)
r(226,8,3,159)
r(261,4,4,160)
r(178,5,4,160)
r(260,6,4,160)
w(174,6,4,160)
w(166,8,4,160)
r(266,5,4,160)
w(185,6,4,160)
r(300,8,4,160)
w(185,7,4,160)
r(149,6,4,160)
w(181,9,4,160)
w(167,10,4,160)
r(88,6,4,160)
w(200,4,4,160)
r(214,8,4,160)
r(241,4,4,160)
w(159,7,4,160)
r(97,8,4,160)
w(170,5,4,160)
r(66,4,4,160)
w(237,13,5,161)
r(23,6,5,161)
r(193,9,5,161)
r(104,12,5,161)
w(215,7,5,161)
w(213,7,5,161)
r(280,9,5,161)
w(226,9,5,161)
w(243,8,5,161)
w(217,8,5,161)
w(223,8,5,161)
r(134,5,5,161)
r(239,12,5,161)
r(276,5,5,161)
r(213,7,5,161)
r(282,6,5,161)
w(216,9,5,161)
r(70,3,5,161)
w(234,8,5,161)
w(244,7,5,161)
w(16,7,1,162)
w(43,12,1,162)
w(47,11,1,162)
r(195,5,1,162)
r(207,5,1,162)
w(46,8,1,162)
w(6,10,1,162)
r(272,6,1,162)
r(16,7,1,162)
w(11,13,1,162)
r(140,9,1,162)
w(31,8,1,162)
r(134,5,1,162)
w(3,7,1,162)
w(11,14,1,162)
r(267,9,1,162)
w(23,7,1,162)
w(9,13,1,162)
w(35,12,1,162)
w(23,8,1,162)
w(64,9,2,163)
w(59,7,2,163)
r(9,12,2,163)
r(289,5,2,163)
r(101,4,2,163)
w(85,8,2,163)
w(53,9,2,163)
r(180,3,2,163)
r(137,7,2,163)
w(63,3,2,163)
r(186,7,2,163)
r(210,5,2,163)
r(81,13,2,163)
w(62,4,2,163)
w(58,10,2,163)
r(233,5,2,163)
w(74,5,2,163)
w(51,6,2,163)
w(95,7,2,163)
w(82,7,2,163)
r(200,4,3,164)
r(247,4,3,164)
r(284,5,3,164)
r(230,4,3,164)
w(104,13,3,164)
r(192,10,3,164)
w(120,9,3,164)
r(198,11,3,164)
r(268,3,3,164)
w(105,6,3,164)
r(218,8,3,164)
r(215,7,3,164)
w(109,6,3,164)
w(147,4,3,164)
r(276,5,3,164)
w(143,9,3,164)
r(282,6,3,164)
w(133,4,3,164)
r(99,6,3,164)
r(200,4,3,164)
r(33,3,4,165)
r(117,5,4,165)
r(89,6,4,165)
w(162,5,4,165)
w(169,3,4,165)
w(177,11,4,165)
w(184,4,4,165)
r(130,4,4,165)
r(128,4,4,165)
r(290,4,4,165)
r(142,7,4,165)
r(1,2,4,165)
r(150,6,4,165)
w(167,11,4,165)
r(72,4,4,165)
r(91,3,4,165)
r(197,6,4,165)
w(159,8,4,165)
r(278,2,4,165)
r(139,5,4,165)
w(243,9,5,166)
w(209,9,5,166)
r(263,6,5,166)
w(226,10,5,166)
w(219,10,5,166)
r(251,4,5,166)
w(247,5,5,166)
r(178,6,5,166)
w(247,6,5,166)
r(194,4,5,166)
r(107,6,5,166)
r(221,4,5,166)
w(229,9,5,166)
w(215,8,5,166)
w(232,8,5,166)
r(277,8,5,166)
r(104,13,5,166)
w(202,10,5,166)
r(102,14,5,166)
w(203,6,5,166)
w(73,8,2,167)
w(56,11,2,167)
r(94,8,2,167)
w(79,8,2,167)
w(75,8,2,167)
r(173,6,2,167)
r(251,2,2,167)
w(81,14,2,167)
r(122,7,2,167)
r(130,4,2,167)
r(157,4,2,167)
w(91,4,2,167)
w(56,12,2,167)
r(282,6,2,167)
w(82,8,2,167)
r(240,3,2,167)
r(60,8,2,167)
r(136,4,2,167)
w(75,9,2,167)
w(73,9,2,167)
r(184,5,3,168)
r(81,14,3,168)
w(141,8,3,168)
r(146,8,3,168)
r(220,6,3,168)
w(110,5,3,168)
r(204,9,3,168)
r(106,3,3,168)
r(171,6,3,168)
w(106,4,3,168)
r(169,3,3,168)
w(143,10,3,168)
w(144,8,3,168)
r(13,7,3,168)
r(82,8,3,168)
r(73,10,3,168)
r(50,8,3,168)
r(103,10,3,168)
r(99,6,3,168)
r(149,8,3,168)
w(151,8,4,169)
w(158,4,4,169)
w(188,6,4,169)
w(187,13,4,169)
r(295,3,4,169)
r(16,6,4,169)
w(199,11,4,169)
w(159,9,4,169)
r(64,8,4,169)
r(113,6,4,169)
w(178,6,4,169)
w(198,9,4,169)
r(37,5,4,169)
w(168,11,4,169)
r(97,8,4,169)
w(192,9,4,169)
r(10,7,4,169)
r(61,6,4,169)
w(184,5,4,169)
r(69,4,4,169)
r(130,4,5,170)
r(2,5,5,170)
r(107,6,5,170)
w(209,10,5,170)
w(219,11,5,170)
w(226,11,5,170)
r(154,12,5,170)
r(279,7,5,170)
r(227,7,5,170)
w(223,9,5,170)
w(241,5,5,170)
w(223,10,5,170)
r(85,8,5,170)
r(76,8,5,170)
w(230,5,5,170)
r(287,7,5,170)
w(223,11,5,170)
r(230,5,5,170)
r(236,10,5,170)
w(206,6,5,170)
r(101,5,2,171)
r(177,11,2,171)
w(65,9,2,171)
r(110,4,2,171)
r(208,4,2,171)
r(128,4,2,171)
w(66,5,2,171)
r(119,9,2,171)
w(74,6,2,171)
r(159,9,2,171)
r(262,6,2,171)
w(60,9,2,171)
r(282,6,2,171)
w(72,6,2,171)
w(79,9,2,171)
w(74,7,2,171)
r(151,8,2,171)
r(256,5,2,171)
w(73,10,2,171)
r(212,9,2,171)
r(147,3,4,172)
w(158,5,4,172)
w(165,4,4,172)
w(191,7,4,172)
w(175,7,4,172)
w(192,10,4,172)
w(196,10,4,172)
r(120,7,4,172)
w(166,9,4,172)
r(224,3,4,172)
r(71,10,4,172)
w(186,8,4,172)
r(272,6,4,172)
w(168,12,4,172)
r(222,9,4,172)
r(180,3,4,172)
w(198,10,4,172)
w(198,11,4,172)
r(179,6,4,172)
r(35,11,4,172)
