w(3,1,0,0)
r(12,0,0,1)
w(9,1,0,2)
r(4,3,0,3)
w(5,1,0,4)
r(6,0,0,5)
w(1,1,0,6)
r(14,0,0,7)
r(9,1,0,8)
w(10,1,0,9)
w(8,1,0,10)
w(4,1,0,11)
r(2,1,0,12)
w(7,1,0,13)
r(1,2,0,14)
r(10,7,0,15)
w(12,1,0,16)
r(4,6,0,17)
r(13,4,0,18)
r(10,11,0,19)
r(4,6,0,20)
w(14,1,0,21)
r(8,2,0,22)
r(8,2,0,23)
r(1,2,0,24)
w(7,2,0,25)
r(9,4,0,26)
w(11,1,0,27)
r(3,6,0,28)
r(3,6,0,29)
w(14,2,0,30)
r(3,6,0,31)
w(12,2,0,32)
r(9,6,0,33)
r(12,2,0,34)
w(13,1,0,35)
r(9,7,0,36)
r(14,3,0,37)
w(13,2,0,38)
r(0,4,0,39)
r(14,3,0,40)
r(0,4,0,41)
r(7,4,0,42)
w(4,2,0,43)
r(6,1,0,44)
r(3,5,0,45)
r(6,1,0,46)
w(12,3,0,47)
w(10,2,0,48)
r(9,3,0,49)
w(0,1,0,50)
w(4,3,1,51)
w(10,3,1,52)
w(10,4,1,53)
w(7,3,1,54)
r(3,1,1,55)
r(12,7,1,56)
r(9,1,1,57)
r(7,3,1,58)
r(1,1,1,59)
r(14,0,1,60)
w(13,3,1,61)
r(2,0,1,62)
r(9,1,1,63)
w(2,1,1,64)
w(13,4,1,65)
w(1,2,1,66)
w(8,2,1,67)
r(6,0,1,68)
r(1,2,1,69)
w(6,1,1,70)
r(0,3,1,71)
r(3,3,1,72)
r(6,1,1,73)
r(3,3,1,74)
r(10,11,1,75)
r(9,4,1,76)
r(5,7,1,77)
w(4,4,1,78)
r(9,4,1,79)
r(7,2,1,80)
r(3,6,1,81)
w(5,2,1,82)
r(6,1,1,83)
r(8,2,1,84)
w(14,3,1,85)
w(12,4,1,86)
r(5,2,1,87)
r(8,2,1,88)
w(7,4,1,89)
r(9,7,1,90)
r(13,2,1,91)
r(2,5,1,92)
r(1,3,1,93)
w(9,2,1,94)
w(9,3,1,95)
r(6,1,1,96)
r(2,5,1,97)
r(11,3,1,98)
r(1,3,1,99)
r(10,0,2,100)
r(14,0,2,101)
r(12,0,2,102)
w(5,3,2,103)
r(10,4,2,104)
r(7,3,2,105)
r(13,0,2,106)
r(12,7,2,107)
w(13,5,2,108)
w(3,2,2,109)
r(0,0,2,110)
w(9,4,2,111)
r(5,7,2,112)
w(12,5,2,113)
r(11,0,2,114)
w(10,7,2,115)
r(12,5,2,116)
w(4,6,2,117)
w(3,3,2,118)
w(11,2,2,119)
r(8,2,2,120)
r(2,1,2,121)
w(12,6,2,122)
w(3,4,2,123)
r(8,2,2,124)
r(13,4,2,125)
w(2,2,2,126)
r(2,2,2,127)
r(14,1,2,128)
w(4,7,2,129)
w(1,3,2,130)
r(7,2,2,131)
w(4,8,2,132)
w(3,5,2,133)
r(10,12,2,134)
r(13,2,2,135)
r(0,4,2,136)
w(11,3,2,137)
r(5,9,2,138)
r(0,4,2,139)
w(5,5,2,140)
w(2,3,2,141)
r(14,3,2,142)
w(2,4,2,143)
w(5,6,2,144)
r(11,3,2,145)
r(4,0,3,146)
r(4,0,3,147)
r(1,0,3,148)
r(13,0,3,149)
w(12,7,3,150)
r(1,0,3,151)
r(7,3,3,152)
r(14,0,3,153)
w(10,9,3,154)
r(8,0,3,155)
w(5,7,3,156)
r(10,1,3,157)
w(10,10,3,158)
r(11,0,3,159)
r(5,7,3,160)
w(0,2,3,161)
w(14,4,3,162)
w(10,11,3,163)
r(9,4,3,164)
r(6,0,3,165)
w(0,3,3,166)
w(1,4,3,167)
r(14,1,3,168)
r(14,1,3,169)
w(0,4,3,170)
w(3,6,3,171)
r(12,6,3,172)
r(2,2,3,173)
w(11,4,3,174)
w(9,6,3,175)
r(13,4,3,176)
w(9,7,3,177)
w(2,5,3,178)
r(4,7,3,179)
r(0,4,3,180)
w(10,12,3,181)
w(5,8,3,182)
w(5,9,3,183)
w(3,7,3,184)
w(4,10,3,185)
w(7,5,3,186)
w(1,5,3,187)
r(6,1,3,188)
r(8,2,3,189)
r(3,7,3,190)
w(3,8,3,191)
r(1,5,3,192)
w(2,6,3,193)
r(1,5,3,194)
