w(8,1,0,0)
r(9,0,0,1)
r(8,1,0,2)
r(12,0,0,3)
w(7,1,0,4)
w(4,1,0,5)
r(14,0,0,6)
w(12,1,0,7)
r(4,4,0,8)
w(3,1,0,9)
r(9,6,0,10)
r(6,5,0,11)
r(10,4,0,12)
w(7,2,0,13)
w(9,1,0,14)
w(4,2,0,15)
w(14,1,0,16)
r(9,1,0,17)
r(1,0,0,18)
w(6,1,0,19)
w(2,1,0,20)
r(13,5,0,21)
w(5,1,0,22)
w(1,1,0,23)
w(8,2,0,24)
r(4,6,0,25)
r(4,6,0,26)
r(3,4,0,27)
r(1,3,0,28)
r(2,1,0,29)
w(10,2,0,30)
r(2,1,0,31)
w(7,3,0,32)
r(3,4,0,33)
w(6,2,0,34)
w(7,4,0,35)
r(0,3,0,36)
r(13,4,0,37)
r(11,6,0,38)
r(11,6,0,39)
w(5,2,0,40)
r(12,4,0,41)
w(7,5,0,42)
w(9,2,0,43)
w(3,2,0,44)
w(10,3,0,45)
r(9,2,0,46)
r(1,2,0,47)
r(5,8,0,48)
w(4,3,1,49)
w(6,3,1,50)
w(0,1,1,51)
r(8,1,1,52)
w(4,4,1,53)
w(4,5,1,54)
w(0,2,1,55)
r(8,1,1,56)
r(13,0,1,57)
w(3,3,1,58)
r(10,4,1,59)
r(7,1,1,60)
w(2,3,1,61)
w(0,3,1,62)
w(11,1,1,63)
w(7,6,1,64)
w(3,4,1,65)
r(3,4,1,66)
w(9,3,1,67)
r(11,1,1,68)
r(6,1,1,69)
w(13,1,1,70)
r(11,5,1,71)
w(4,6,1,72)
w(13,2,1,73)
r(8,2,1,74)
w(7,7,1,75)
w(13,3,1,76)
r(8,4,1,77)
r(12,7,1,78)
w(5,3,1,79)
w(13,4,1,80)
r(12,4,1,81)
r(2,5,1,82)
r(5,3,1,83)
w(3,5,1,84)
w(12,3,1,85)
w(9,4,1,86)
r(3,5,1,87)
r(13,4,1,88)
r(1,3,1,89)
r(12,3,1,90)
w(1,2,1,91)
r(7,5,1,92)
r(5,8,1,93)
w(14,2,1,94)
w(6,4,1,95)
r(9,5,1,96)
w(11,2,1,97)
r(4,0,2,98)
w(5,4,2,99)
r(14,0,2,100)
w(4,7,2,101)
w(2,4,2,102)
r(7,1,2,103)
r(14,0,2,104)
r(14,0,2,105)
w(5,5,2,106)
w(10,4,2,107)
w(11,3,2,108)
r(2,4,2,109)
w(11,4,2,110)
w(14,3,2,111)
w(5,6,2,112)
r(0,3,2,113)
r(12,1,2,114)
w(5,7,2,115)
w(7,8,2,116)
r(12,7,2,117)
w(10,5,2,118)
r(7,8,2,119)
w(11,5,2,120)
w(8,3,2,121)
r(8,3,2,122)
w(1,3,2,123)
w(8,4,2,124)
r(7,7,2,125)
r(12,7,2,126)
r(7,7,2,127)
r(11,5,2,128)
r(4,6,2,129)
w(12,4,2,130)
w(11,6,2,131)
w(2,5,2,132)
r(11,6,2,133)
w(4,8,2,134)
w(14,4,2,135)
w(11,7,2,136)
r(2,7,2,137)
r(5,2,2,138)
w(0,5,2,139)
r(0,5,2,140)
w(14,5,2,141)
r(14,5,2,142)
r(8,6,2,143)
r(3,2,2,144)
w(11,8,2,145)
w(9,5,2,146)
w(12,5,2,147)
w(12,6,2,148)
r(14,0,3,149)
w(11,9,3,150)
w(10,6,3,151)
r(0,1,3,152)
w(11,10,3,153)
w(9,6,3,154)
w(6,5,3,155)
r(4,5,3,156)
w(0,6,3,157)
w(13,5,3,158)
r(11,4,3,159)
r(3,3,3,160)
r(1,0,3,161)
w(12,7,3,162)
w(2,6,3,163)
r(0,3,3,164)
r(10,4,3,165)
w(7,9,3,166)
r(14,1,3,167)
w(10,7,3,168)
r(3,4,3,169)
r(1,1,3,170)
r(6,1,3,171)
r(14,1,3,172)
w(6,6,3,173)
r(1,3,3,174)
r(0,3,3,175)
w(14,6,3,176)
r(2,1,3,177)
r(9,3,3,178)
r(6,6,3,179)
r(11,6,3,180)
r(7,3,3,181)
w(6,7,3,182)
w(2,7,3,183)
w(8,6,3,184)
r(0,3,3,185)
w(10,9,3,186)
w(1,4,3,187)
r(5,2,3,188)
w(5,8,3,189)
r(0,5,3,190)
w(4,10,3,191)
w(4,11,3,192)
r(4,11,3,193)
r(3,2,3,194)
r(14,2,3,195)
