w(2,1,0,0)
w(2,2,0,1)
w(10,1,0,2)
r(9,6,0,3)
r(12,0,0,4)
r(3,0,0,5)
r(8,9,0,6)
w(5,1,0,7)
r(4,5,0,8)
r(13,0,0,9)
r(13,0,0,10)
r(2,6,0,11)
w(11,1,0,12)
w(4,1,0,13)
r(4,1,0,14)
r(5,1,0,15)
r(8,5,0,16)
w(9,1,0,17)
r(12,4,0,18)
r(2,7,0,19)
w(11,2,0,20)
r(8,7,0,21)
r(4,3,0,22)
r(14,2,0,23)
r(6,0,0,24)
r(12,5,0,25)
w(8,1,0,26)
r(6,0,0,27)
r(2,7,0,28)
r(2,7,0,29)
w(11,3,0,30)
w(0,1,0,31)
w(13,1,0,32)
r(11,3,0,33)
r(12,6,0,34)
w(2,4,0,35)
w(8,2,0,36)
r(3,3,0,37)
r(1,3,0,38)
r(14,4,0,39)
r(14,4,0,40)
w(8,3,0,41)
r(11,9,0,42)
r(13,3,0,43)
r(12,7,0,44)
r(2,0,1,45)
r(3,0,1,46)
w(14,1,1,47)
r(9,5,1,48)
w(7,1,1,49)
w(8,4,1,50)
w(1,1,1,51)
r(13,8,1,52)
w(10,2,1,53)
r(8,6,1,54)
w(8,5,1,55)
w(14,2,1,56)
r(12,3,1,57)
w(1,2,1,58)
r(6,0,1,59)
w(13,2,1,60)
w(12,2,1,61)
w(0,2,1,62)
w(1,3,1,63)
w(5,3,1,64)
w(2,5,1,65)
w(7,2,1,66)
w(7,3,1,67)
w(4,2,1,68)
r(8,1,1,69)
r(12,6,1,70)
r(7,3,1,71)
r(5,8,1,72)
r(10,2,1,73)
r(3,3,1,74)
w(10,3,1,75)
w(9,3,1,76)
w(13,3,1,77)
r(11,9,1,78)
r(1,6,1,79)
r(0,5,1,80)
r(0,5,1,81)
r(8,3,1,82)
w(1,4,1,83)
r(1,4,1,84)
w(9,4,1,85)
r(5,8,1,86)
w(14,3,1,87)
r(12,7,1,88)
w(0,3,1,89)
w(13,4,1,90)
r(2,10,1,91)
r(11,7,1,92)
r(4,7,1,93)
w(9,5,2,94)
r(10,0,2,95)
r(10,0,2,96)
w(9,6,2,97)
r(5,0,2,98)
w(1,5,2,99)
r(5,0,2,100)
w(2,6,2,101)
w(8,6,2,102)
r(9,6,2,103)
w(7,4,2,104)
r(6,0,2,105)
w(13,5,2,106)
w(8,7,2,107)
r(5,1,2,108)
r(2,7,2,109)
w(4,3,2,110)
r(2,7,2,111)
w(14,4,2,112)
r(9,1,2,113)
r(13,2,2,114)
w(5,4,2,115)
w(3,2,2,116)
r(2,7,2,117)
w(4,4,2,118)
w(9,7,2,119)
r(9,7,2,120)
r(13,2,2,121)
w(3,3,2,122)
r(14,4,2,123)
r(3,3,2,124)
w(11,6,2,125)
w(13,6,2,126)
r(0,5,2,127)
r(4,6,2,128)
r(13,6,2,129)
w(1,6,2,130)
w(10,4,2,131)
r(3,3,2,132)
r(5,8,2,133)
w(9,8,2,134)
r(3,3,2,135)
w(14,5,2,136)
w(7,5,2,137)
w(13,7,2,138)
w(5,5,2,139)
w(11,7,2,140)
r(7,5,2,141)
r(10,4,2,142)
w(5,6,2,143)
w(8,8,3,144)
r(3,0,3,145)
w(4,5,3,146)
w(8,9,3,147)
w(11,8,3,148)
w(12,3,3,149)
w(13,8,3,150)
r(6,0,3,151)
w(2,7,3,152)
r(0,0,3,153)
r(12,3,3,154)
w(12,4,3,155)
r(10,2,3,156)
r(12,4,3,157)
w(12,5,3,158)
r(3,0,3,159)
w(5,7,3,160)
r(13,2,3,161)
r(8,1,3,162)
r(4,3,3,163)
r(5,7,3,164)
w(6,1,3,165)
w(6,2,3,166)
r(3,2,3,167)
r(12,2,3,168)
r(3,2,3,169)
w(12,6,3,170)
r(3,2,3,171)
w(5,8,3,172)
w(0,5,3,173)
r(2,5,3,174)
r(8,1,3,175)
r(6,2,3,176)
w(4,6,3,177)
w(2,8,3,178)
r(0,5,3,179)
w(11,9,3,180)
w(12,7,3,181)
w(4,7,3,182)
r(8,3,3,183)
r(14,4,3,184)
w(11,10,3,185)
r(10,4,3,186)
w(0,6,3,187)
r(10,4,3,188)
r(4,7,3,189)
w(1,7,3,190)
w(2,9,3,191)
r(9,4,3,192)
w(2,10,3,193)
