w(14,1,0,0)
r(0,0,0,1)
w(11,1,0,2)
w(9,1,0,3)
r(0,0,0,4)
w(0,1,0,5)
r(9,1,0,6)
w(5,2,0,7)
r(6,3,0,8)
r(8,9,0,9)
w(13,1,0,10)
w(5,3,0,11)
w(12,1,0,12)
w(13,2,0,13)
w(12,2,0,14)
w(7,1,0,15)
r(7,1,0,16)
w(2,1,0,17)
w(7,2,0,18)
w(8,1,0,19)
r(3,4,0,20)
r(5,3,0,21)
r(2,1,0,22)
w(12,3,0,23)
w(6,1,0,24)
w(8,2,0,25)
w(6,2,0,26)
r(12,3,0,27)
r(11,2,0,28)
w(0,2,0,29)
w(9,2,0,30)
r(2,1,0,31)
w(5,4,0,32)
r(9,2,0,33)
r(13,6,0,34)
r(13,6,0,35)
w(14,2,0,36)
w(7,3,0,37)
w(0,3,0,38)
w(7,4,0,39)
r(10,3,0,40)
w(5,5,0,41)
w(13,3,0,42)
r(6,5,0,43)
r(10,3,0,44)
r(4,8,0,45)
w(1,1,0,46)
r(2,1,0,47)
w(0,4,0,48)
w(4,2,1,49)
w(1,2,1,50)
r(13,0,1,51)
w(13,4,1,52)
w(5,6,1,53)
r(2,0,1,54)
r(0,0,1,55)
r(3,0,1,56)
w(4,3,1,57)
w(6,3,1,58)
r(4,3,1,59)
w(14,3,1,60)
r(4,6,1,61)
w(13,5,1,62)
r(5,3,1,63)
r(12,0,1,64)
r(11,4,1,65)
w(11,2,1,66)
r(7,8,1,67)
w(3,1,1,68)
r(6,8,1,69)
w(8,3,1,70)
r(3,2,1,71)
r(8,3,1,72)
r(0,6,1,73)
w(13,6,1,74)
r(11,2,1,75)
r(6,1,1,76)
w(4,4,1,77)
r(10,2,1,78)
r(3,3,1,79)
r(8,2,1,80)
r(4,4,1,81)
w(8,5,1,82)
w(7,5,1,83)
w(9,4,1,84)
w(6,5,1,85)
r(13,6,1,86)
w(5,8,1,87)
r(9,4,1,88)
r(13,6,1,89)
r(0,5,1,90)
r(5,8,1,91)
r(4,10,1,92)
w(13,7,1,93)
r(0,3,1,94)
r(12,3,1,95)
r(2,0,2,96)
w(10,1,2,97)
r(9,7,2,98)
w(8,6,2,99)
r(5,10,2,100)
r(1,2,2,101)
r(9,1,2,102)
r(11,1,2,103)
w(11,4,2,104)
r(9,1,2,105)
r(11,4,2,106)
w(4,6,2,107)
r(12,0,2,108)
r(3,0,2,109)
r(8,9,2,110)
w(13,9,2,111)
w(4,7,2,112)
r(14,8,2,113)
w(3,2,2,114)
w(10,2,2,115)
r(11,2,2,116)
w(9,5,2,117)
w(9,6,2,118)
w(3,3,2,119)
w(5,9,2,120)
r(1,4,2,121)
w(10,3,2,122)
w(8,7,2,123)
r(8,7,2,124)
r(0,2,2,125)
r(7,5,2,126)
w(0,5,2,127)
r(14,11,2,128)
r(12,3,2,129)
w(14,5,2,130)
r(1,4,2,131)
r(2,1,2,132)
w(4,8,2,133)
w(1,3,2,134)
w(4,9,2,135)
w(8,8,2,136)
r(12,3,2,137)
w(6,6,2,138)
r(4,9,2,139)
r(10,0,3,140)
w(9,7,3,141)
w(5,10,3,142)
w(6,7,3,143)
r(6,7,3,144)
w(7,8,3,145)
r(6,7,3,146)
r(11,1,3,147)
w(8,9,3,148)
w(14,6,3,149)
w(6,8,3,150)
r(0,1,3,151)
r(0,1,3,152)
r(5,3,3,153)
w(9,8,3,154)
r(3,0,3,155)
r(7,8,3,156)
r(12,1,3,157)
w(0,6,3,158)
w(14,8,3,159)
r(12,2,3,160)
r(12,2,3,161)
r(10,1,3,162)
w(3,4,3,163)
r(14,8,3,164)
w(5,12,3,165)
r(7,2,3,166)
w(14,9,3,167)
w(1,4,3,168)
w(10,4,3,169)
w(11,5,3,170)
r(1,4,3,171)
r(13,6,3,172)
r(14,9,3,173)
r(9,2,3,174)
r(3,3,3,175)
w(4,10,3,176)
r(10,3,3,177)
r(5,4,3,178)
r(0,2,3,179)
r(10,3,3,180)
w(14,11,3,181)
w(9,9,3,182)
r(12,3,3,183)
r(7,3,3,184)
w(9,10,3,185)
r(5,5,3,186)
