r(1,0,0,0)
w(2,1,0,1)
w(10,1,0,2)
w(1,1,0,3)
w(12,1,0,4)
r(10,1,0,5)
w(7,1,0,6)
w(5,2,0,7)
w(14,1,0,8)
w(13,1,0,9)
w(5,3,0,10)
w(0,1,0,11)
r(3,5,0,12)
w(9,1,0,13)
w(4,1,0,14)
w(7,2,0,15)
r(4,1,0,16)
w(14,2,0,17)
r(6,4,0,18)
r(6,2,0,19)
r(0,1,0,20)
w(0,2,0,21)
r(10,5,0,22)
r(8,5,0,23)
r(2,10,0,24)
r(4,2,0,25)
w(12,2,0,26)
r(14,2,0,27)
r(6,2,0,28)
r(13,7,0,29)
r(13,7,0,30)
r(14,3,0,31)
r(6,2,0,32)
w(5,4,0,33)
w(8,1,0,34)
r(5,4,0,35)
r(7,2,0,36)
w(10,2,0,37)
r(14,3,0,38)
r(11,7,0,39)
w(3,2,0,40)
r(9,3,0,41)
r(6,2,0,42)
w(9,2,0,43)
w(0,3,0,44)
r(11,7,0,45)
r(0,3,0,46)
r(5,0,1,47)
w(3,3,1,48)
w(2,3,1,49)
r(13,5,1,50)
w(2,4,1,51)
w(3,4,1,52)
w(8,2,1,53)
w(11,2,1,54)
r(2,4,1,55)
r(5,7,1,56)
w(5,5,1,57)
w(3,5,1,58)
r(4,0,1,59)
w(2,5,1,60)
r(0,1,1,61)
r(1,1,1,62)
w(3,6,1,63)
r(11,2,1,64)
r(11,2,1,65)
w(12,3,1,66)
w(13,3,1,67)
w(11,3,1,68)
w(13,4,1,69)
r(5,3,1,70)
r(2,10,1,71)
r(7,2,1,72)
r(14,2,1,73)
w(4,2,1,74)
r(3,11,1,75)
w(14,3,1,76)
w(11,5,1,77)
w(1,2,1,78)
w(10,3,1,79)
r(3,15,1,80)
w(3,7,1,81)
r(9,3,1,82)
r(2,9,1,83)
w(1,3,1,84)
r(4,3,1,85)
r(3,2,1,86)
r(14,9,1,87)
w(3,8,1,88)
r(9,2,1,89)
r(4,3,1,90)
w(3,9,1,91)
r(4,3,1,92)
w(3,10,1,93)
r(7,2,1,94)
w(14,4,1,95)
w(13,5,2,96)
r(13,5,2,97)
w(2,6,2,98)
w(5,6,2,99)
r(13,5,2,100)
w(14,5,2,101)
w(7,3,2,102)
w(5,7,2,103)
w(8,3,2,104)
w(2,7,2,105)
r(14,1,2,106)
w(10,4,2,107)
r(8,3,2,108)
r(13,1,2,109)
r(1,1,2,110)
r(13,1,2,111)
w(12,4,2,112)
r(3,6,2,113)
w(13,6,2,114)
w(10,5,2,115)
r(8,3,2,116)
w(3,11,2,117)
w(6,2,2,118)
r(13,4,2,119)
w(9,3,2,120)
w(13,7,2,121)
w(2,8,2,122)
w(11,6,2,123)
r(12,2,2,124)
w(13,8,2,125)
w(3,12,2,126)
r(13,8,2,127)
w(11,7,2,128)
r(10,5,2,129)
w(2,9,2,130)
r(11,7,2,131)
r(1,2,2,132)
r(5,4,2,133)
w(12,5,2,134)
r(9,3,2,135)
r(8,1,2,136)
w(12,6,2,137)
r(8,1,2,138)
w(1,4,2,139)
w(10,6,2,140)
w(11,8,2,141)
w(5,8,2,142)
r(3,10,2,143)
w(8,4,2,144)
r(13,8,2,145)
w(14,6,3,146)
w(1,5,3,147)
w(14,7,3,148)
r(9,0,3,149)
r(4,0,3,150)
w(6,3,3,151)
w(7,4,3,152)
r(2,4,3,153)
w(9,4,3,154)
r(12,1,3,155)
r(12,1,3,156)
w(6,4,3,157)
w(12,7,3,158)
r(0,1,3,159)
r(1,1,3,160)
r(6,4,3,161)
r(6,4,3,162)
w(2,10,3,163)
r(7,2,3,164)
r(5,3,3,165)
r(0,1,3,166)
r(9,1,3,167)
r(5,3,3,168)
r(14,2,3,169)
r(1,1,3,170)
r(13,3,3,171)
w(8,5,3,172)
r(3,11,3,173)
r(13,4,3,174)
w(1,6,3,175)
r(14,2,3,176)
r(5,3,3,177)
r(14,2,3,178)
w(2,11,3,179)
r(13,7,3,180)
w(4,3,3,181)
r(6,2,3,182)
w(3,15,3,183)
r(9,3,3,184)
w(0,5,3,185)
w(14,8,3,186)
w(14,9,3,187)
r(10,2,3,188)
r(9,2,3,189)
r(14,9,3,190)
