w(1,1,0,0)
w(2,1,0,0)
w(3,1,0,0)
w(4,1,0,0)
w(5,1,0,0)
w(6,1,0,0)
w(7,1,0,0)
w(8,1,0,0)
w(9,1,0,0)
w(10,1,0,0)
w(11,1,0,0)
w(12,1,0,0)
w(13,1,0,0)
w(14,1,0,0)
w(15,1,0,0)
w(16,1,0,0)
w(17,1,0,0)
w(18,1,0,0)
w(19,1,0,0)
w(20,1,0,0)
w(21,1,0,0)
w(22,1,0,0)
w(23,1,0,0)
w(24,1,0,0)
w(25,1,0,0)
w(26,1,0,0)
w(27,1,0,0)
w(28,1,0,0)
w(29,1,0,0)
w(30,1,0,0)
w(31,1,0,0)
w(32,1,0,0)
w(33,1,0,0)
w(34,1,0,0)
w(35,1,0,0)
w(36,1,0,0)
w(37,1,0,0)
w(38,1,0,0)
w(39,1,0,0)
w(40,1,0,0)
w(41,1,0,0)
w(42,1,0,0)
w(43,1,0,0)
w(44,1,0,0)
w(45,1,0,0)
w(46,1,0,0)
w(47,1,0,0)
w(48,1,0,0)
w(49,1,0,0)
w(50,1,0,0)
w(51,1,0,0)
w(52,1,0,0)
w(53,1,0,0)
w(54,1,0,0)
w(55,1,0,0)
w(56,1,0,0)
w(57,1,0,0)
w(58,1,0,0)
w(59,1,0,0)
w(60,1,0,0)
w(61,1,0,0)
w(62,1,0,0)
w(63,1,0,0)
w(64,1,0,0)
w(65,1,0,0)
w(66,1,0,0)
w(67,1,0,0)
w(68,1,0,0)
w(69,1,0,0)
w(70,1,0,0)
w(71,1,0,0)
w(72,1,0,0)
w(73,1,0,0)
w(74,1,0,0)
w(75,1,0,0)
w(76,1,0,0)
w(77,1,0,0)
w(78,1,0,0)
w(79,1,0,0)
w(80,1,0,0)
w(81,1,0,0)
w(82,1,0,0)
w(83,1,0,0)
w(84,1,0,0)
w(85,1,0,0)
w(86,1,0,0)
w(87,1,0,0)
w(88,1,0,0)
w(89,1,0,0)
w(90,1,0,0)
w(91,1,0,0)
w(92,1,0,0)
w(93,1,0,0)
w(94,1,0,0)
w(95,1,0,0)
w(96,1,0,0)
w(97,1,0,0)
w(98,1,0,0)
w(99,1,0,0)
w(100,1,0,0)
w(101,1,0,0)
w(102,1,0,0)
w(103,1,0,0)
w(104,1,0,0)
w(105,1,0,0)
w(106,1,0,0)
w(107,1,0,0)
w(108,1,0,0)
w(109,1,0,0)
w(110,1,0,0)
w(111,1,0,0)
w(112,1,0,0)
w(113,1,0,0)
w(114,1,0,0)
w(115,1,0,0)
w(116,1,0,0)
w(117,1,0,0)
w(118,1,0,0)
w(119,1,0,0)
w(120,1,0,0)
w(121,1,0,0)
w(122,1,0,0)
w(123,1,0,0)
w(124,1,0,0)
w(125,1,0,0)
w(126,1,0,0)
w(127,1,0,0)
w(128,1,0,0)
w(129,1,0,0)
w(130,1,0,0)
w(131,1,0,0)
w(132,1,0,0)
w(133,1,0,0)
w(134,1,0,0)
w(135,1,0,0)
w(136,1,0,0)
w(137,1,0,0)
w(138,1,0,0)
w(139,1,0,0)
w(140,1,0,0)
w(141,1,0,0)
w(142,1,0,0)
w(143,1,0,0)
w(144,1,0,0)
w(145,1,0,0)
w(146,1,0,0)
w(147,1,0,0)
w(148,1,0,0)
w(149,1,0,0)
w(150,1,0,0)
w(151,1,0,0)
w(152,1,0,0)
w(153,1,0,0)
w(154,1,0,0)
w(155,1,0,0)
w(156,1,0,0)
w(157,1,0,0)
w(158,1,0,0)
w(159,1,0,0)
w(160,1,0,0)
w(161,1,0,0)
w(162,1,0,0)
w(163,1,0,0)
w(164,1,0,0)
w(165,1,0,0)
w(166,1,0,0)
w(167,1,0,0)
w(168,1,0,0)
w(169,1,0,0)
w(170,1,0,0)
w(171,1,0,0)
w(172,1,0,0)
w(173,1,0,0)
w(174,1,0,0)
w(175,1,0,0)
w(176,1,0,0)
w(177,1,0,0)
w(178,1,0,0)
w(179,1,0,0)
w(180,1,0,0)
w(181,1,0,0)
w(182,1,0,0)
w(183,1,0,0)
w(184,1,0,0)
w(185,1,0,0)
w(186,1,0,0)
w(187,1,0,0)
w(188,1,0,0)
w(189,1,0,0)
w(190,1,0,0)
w(191,1,0,0)
w(192,1,0,0)
w(193,1,0,0)
w(194,1,0,0)
w(195,1,0,0)
w(196,1,0,0)
w(197,1,0,0)
w(198,1,0,0)
w(199,1,0,0)
w(200,1,0,0)
w(201,1,0,0)
w(202,1,0,0)
w(203,1,0,0)
w(204,1,0,0)
w(205,1,0,0)
w(206,1,0,0)
w(207,1,0,0)
w(208,1,0,0)
w(209,1,0,0)
w(210,1,0,0)
w(211,1,0,0)
w(212,1,0,0)
w(213,1,0,0)
w(214,1,0,0)
w(215,1,0,0)
w(216,1,0,0)
w(217,1,0,0)
w(218,1,0,0)
w(219,1,0,0)
w(220,1,0,0)
w(221,1,0,0)
w(222,1,0,0)
w(223,1,0,0)
w(224,1,0,0)
w(225,1,0,0)
w(226,1,0,0)
w(227,1,0,0)
w(228,1,0,0)
w(229,1,0,0)
w(230,1,0,0)
w(231,1,0,0)
w(232,1,0,0)
w(233,1,0,0)
w(234,1,0,0)
w(235,1,0,0)
w(236,1,0,0)
w(237,1,0,0)
w(238,1,0,0)
w(239,1,0,0)
w(240,1,0,0)
w(241,1,0,0)
w(242,1,0,0)
w(243,1,0,0)
w(244,1,0,0)
w(245,1,0,0)
w(246,1,0,0)
w(247,1,0,0)
w(248,1,0,0)
w(249,1,0,0)
w(250,1,0,0)
w(251,1,0,0)
w(252,1,0,0)
w(253,1,0,0)
w(254,1,0,0)
w(255,1,0,0)
w(256,1,0,0)
w(257,1,0,0)
w(258,1,0,0)
w(259,1,0,0)
w(260,1,0,0)
w(261,1,0,0)
w(262,1,0,0)
w(263,1,0,0)
w(264,1,0,0)
w(265,1,0,0)
w(266,1,0,0)
w(267,1,0,0)
w(268,1,0,0)
w(269,1,0,0)
w(270,1,0,0)
w(271,1,0,0)
w(272,1,0,0)
w(273,1,0,0)
w(274,1,0,0)
w(275,1,0,0)
w(276,1,0,0)
w(277,1,0,0)
w(278,1,0,0)
w(279,1,0,0)
w(280,1,0,0)
w(281,1,0,0)
w(282,1,0,0)
w(283,1,0,0)
w(284,1,0,0)
w(285,1,0,0)
w(286,1,0,0)
w(287,1,0,0)
w(288,1,0,0)
w(289,1,0,0)
w(290,1,0,0)
w(291,1,0,0)
w(292,1,0,0)
w(293,1,0,0)
w(294,1,0,0)
w(295,1,0,0)
w(296,1,0,0)
w(297,1,0,0)
w(298,1,0,0)
w(299,1,0,0)
w(300,1,0,0)
w(301,1,0,0)
w(302,1,0,0)
w(303,1,0,0)
w(304,1,0,0)
w(305,1,0,0)
w(306,1,0,0)
w(307,1,0,0)
w(308,1,0,0)
w(309,1,0,0)
w(310,1,0,0)
w(311,1,0,0)
w(312,1,0,0)
w(313,1,0,0)
w(314,1,0,0)
w(315,1,0,0)
w(316,1,0,0)
w(317,1,0,0)
w(318,1,0,0)
w(319,1,0,0)
w(320,1,0,0)
w(321,1,0,0)
w(322,1,0,0)
w(323,1,0,0)
w(324,1,0,0)
w(325,1,0,0)
w(326,1,0,0)
w(327,1,0,0)
w(328,1,0,0)
w(329,1,0,0)
w(330,1,0,0)
w(331,1,0,0)
w(332,1,0,0)
w(333,1,0,0)
w(334,1,0,0)
w(335,1,0,0)
w(336,1,0,0)
w(337,1,0,0)
w(338,1,0,0)
w(339,1,0,0)
w(340,1,0,0)
w(341,1,0,0)
w(342,1,0,0)
w(343,1,0,0)
w(344,1,0,0)
w(345,1,0,0)
w(346,1,0,0)
w(347,1,0,0)
w(348,1,0,0)
w(349,1,0,0)
w(350,1,0,0)
w(351,1,0,0)
w(352,1,0,0)
w(353,1,0,0)
w(354,1,0,0)
w(355,1,0,0)
w(356,1,0,0)
w(357,1,0,0)
w(358,1,0,0)
w(359,1,0,0)
w(360,1,0,0)
w(361,1,0,0)
w(362,1,0,0)
w(363,1,0,0)
w(364,1,0,0)
w(365,1,0,0)
w(366,1,0,0)
w(367,1,0,0)
w(368,1,0,0)
w(369,1,0,0)
w(370,1,0,0)
w(371,1,0,0)
w(372,1,0,0)
w(373,1,0,0)
w(374,1,0,0)
w(375,1,0,0)
w(376,1,0,0)
w(377,1,0,0)
w(378,1,0,0)
w(379,1,0,0)
w(380,1,0,0)
w(381,1,0,0)
w(382,1,0,0)
w(383,1,0,0)
w(384,1,0,0)
w(385,1,0,0)
w(386,1,0,0)
w(387,1,0,0)
w(388,1,0,0)
w(389,1,0,0)
w(390,1,0,0)
w(391,1,0,0)
w(392,1,0,0)
w(393,1,0,0)
w(394,1,0,0)
w(395,1,0,0)
w(396,1,0,0)
w(397,1,0,0)
w(398,1,0,0)
w(399,1,0,0)
w(400,1,0,0)
w(401,1,0,0)
w(402,1,0,0)
w(403,1,0,0)
w(404,1,0,0)
w(405,1,0,0)
w(406,1,0,0)
w(407,1,0,0)
w(408,1,0,0)
w(409,1,0,0)
w(410,1,0,0)
w(411,1,0,0)
w(412,1,0,0)
w(413,1,0,0)
w(414,1,0,0)
w(415,1,0,0)
w(416,1,0,0)
w(417,1,0,0)
w(418,1,0,0)
w(419,1,0,0)
w(420,1,0,0)
w(25,2,1,1)
w(24,2,1,1)
w(57,2,1,1)
r(105,1,1,1)
w(29,2,1,1)
w(53,2,1,1)
r(346,1,1,1)
r(136,1,1,1)
w(7,2,1,1)
w(8,2,1,1)
r(75,1,1,1)
r(192,1,1,1)
w(48,2,1,1)
r(70,1,1,1)
r(2,1,1,1)
r(9,1,1,1)
r(304,1,1,1)
w(40,2,1,1)
r(270,1,1,1)
w(6,2,1,1)
r(38,1,2,2)
w(110,2,2,2)
w(117,2,2,2)
r(231,1,2,2)
w(96,2,2,2)
r(391,1,2,2)
r(407,1,2,2)
w(122,2,2,2)
w(119,2,2,2)
w(129,2,2,2)
w(101,2,2,2)
w(90,2,2,2)
r(391,1,2,2)
w(78,2,2,2)
r(82,1,2,2)
w(102,2,2,2)
w(125,2,2,2)
r(138,1,2,2)
w(83,2,2,2)
w(79,2,2,2)
w(189,2,3,3)
w(194,2,3,3)
w(210,2,3,3)
r(7,2,3,3)
r(137,1,3,3)
w(209,2,3,3)
w(145,2,3,3)
w(170,2,3,3)
w(178,2,3,3)
r(63,1,3,3)
w(168,2,3,3)
w(142,2,3,3)
w(202,2,3,3)
r(94,1,3,3)
r(32,1,3,3)
w(146,2,3,3)
r(227,1,3,3)
r(241,1,3,3)
r(206,1,3,3)
r(252,1,3,3)
w(267,2,4,4)
w(264,2,4,4)
r(140,1,4,4)
r(223,1,4,4)
w(214,2,4,4)
w(275,2,4,4)
r(388,1,4,4)
w(273,2,4,4)
r(319,1,4,4)
w(211,2,4,4)
r(306,1,4,4)
w(243,2,4,4)
w(256,2,4,4)
w(262,2,4,4)
w(244,2,4,4)
r(113,1,4,4)
w(217,2,4,4)
w(272,2,4,4)
r(277,1,4,4)
r(312,1,4,4)
w(322,2,5,5)
w(301,2,5,5)
w(295,2,5,5)
r(215,1,5,5)
w(319,2,5,5)
w(335,2,5,5)
w(281,2,5,5)
w(345,2,5,5)
r(170,1,5,5)
w(314,2,5,5)
w(331,2,5,5)
r(329,1,5,5)
w(310,2,5,5)
w(285,2,5,5)
r(103,1,5,5)
r(404,1,5,5)
r(258,1,5,5)
r(64,1,5,5)
w(286,2,5,5)
w(322,3,5,5)
w(369,2,6,6)
w(380,2,6,6)
r(358,1,6,6)
r(346,1,6,6)
r(38,1,6,6)
r(246,1,6,6)
w(416,2,6,6)
w(384,2,6,6)
w(394,2,6,6)
w(351,2,6,6)
w(390,2,6,6)
w(414,2,6,6)
r(406,1,6,6)
r(204,1,6,6)
w(391,2,6,6)
w(372,2,6,6)
r(108,1,6,6)
w(406,2,6,6)
w(409,2,6,6)
r(5,1,6,6)
r(420,1,1,7)
r(161,1,1,7)
w(16,2,1,7)
w(13,2,1,7)
w(34,2,1,7)
w(35,2,1,7)
w(28,2,1,7)
r(366,1,1,7)
w(55,2,1,7)
r(50,1,1,7)
w(14,2,1,7)
r(21,1,1,7)
w(41,2,1,7)
w(8,3,1,7)
r(333,1,1,7)
w(31,2,1,7)
r(362,1,1,7)
w(8,4,1,7)
w(35,3,1,7)
r(151,1,1,7)
r(89,1,2,8)
r(357,1,2,8)
w(129,3,2,8)
r(101,2,2,8)
r(66,1,2,8)
w(76,2,2,8)
r(346,1,2,8)
w(97,2,2,8)
w(140,2,2,8)
w(80,2,2,8)
r(291,1,2,8)
w(89,2,2,8)
w(86,2,2,8)
r(311,1,2,8)
w(112,2,2,8)
w(129,4,2,8)
r(260,1,2,8)
r(194,2,2,8)
w(111,2,2,8)
r(118,1,2,8)
r(82,1,3,9)
w(195,2,3,9)
w(143,2,3,9)
w(210,3,3,9)
w(165,2,3,9)
r(209,2,3,9)
w(151,2,3,9)
r(380,2,3,9)
r(170,2,3,9)
r(28,2,3,9)
w(189,3,3,9)
w(188,2,3,9)
r(307,1,3,9)
r(372,2,3,9)
r(371,1,3,9)
r(222,1,3,9)
r(239,1,3,9)
w(186,2,3,9)
w(201,2,3,9)
r(310,2,3,9)
w(263,2,4,10)
r(64,1,4,10)
r(385,1,4,10)
w(278,2,4,10)
r(79,2,4,10)
r(186,1,4,10)
r(191,1,4,10)
r(311,1,4,10)
r(17,1,4,10)
w(214,3,4,10)
r(3,1,4,10)
r(406,2,4,10)
w(242,2,4,10)
r(330,1,4,10)
r(266,1,4,10)
w(230,2,4,10)
r(343,1,4,10)
r(213,1,4,10)
r(153,1,4,10)
r(221,1,4,10)
r(233,1,5,11)
r(203,1,5,11)
r(352,1,5,11)
w(289,2,5,11)
r(36,1,5,11)
w(342,2,5,11)
w(318,2,5,11)
r(296,1,5,11)
w(288,2,5,11)
r(352,1,5,11)
r(223,1,5,11)
r(404,1,5,11)
r(420,1,5,11)
r(128,1,5,11)
r(213,1,5,11)
w(317,2,5,11)
r(30,1,5,11)
r(90,2,5,11)
r(399,1,5,11)
w(332,2,5,11)
r(372,2,6,12)
w(357,2,6,12)
r(244,2,6,12)
r(161,1,6,12)
w(395,2,6,12)
r(149,1,6,12)
r(300,1,6,12)
r(329,1,6,12)
w(404,2,6,12)
r(368,1,6,12)
w(403,2,6,12)
w(354,2,6,12)
r(228,1,6,12)
w(363,2,6,12)
r(352,1,6,12)
w(400,2,6,12)
w(365,2,6,12)
w(375,2,6,12)
w(363,3,6,12)
w(362,2,6,12)
r(264,2,1,13)
w(4,2,1,13)
r(380,2,1,13)
r(326,1,1,13)
w(55,3,1,13)
r(77,1,1,13)
w(23,2,1,13)
r(288,2,1,13)
w(43,2,1,13)
r(308,1,1,13)
r(420,1,1,13)
w(24,3,1,13)
w(63,2,1,13)
r(380,2,1,13)
w(8,5,1,13)
r(238,1,1,13)
r(223,2,1,13)
r(179,1,1,13)
w(38,2,1,13)
w(29,3,1,13)
r(139,1,2,14)
w(82,2,2,14)
w(94,2,2,14)
r(382,1,2,14)
r(326,1,2,14)
w(78,3,2,14)
w(118,2,2,14)
w(74,2,2,14)
r(261,1,2,14)
w(86,3,2,14)
w(86,4,2,14)
r(20,1,2,14)
r(388,1,2,14)
r(382,1,2,14)
w(111,3,2,14)
w(106,2,2,14)
w(127,2,2,14)
w(113,2,2,14)
r(216,1,2,14)
w(129,5,2,14)
w(160,2,3,15)
r(258,1,3,15)
w(206,2,3,15)
r(214,3,3,15)
w(203,2,3,15)
r(257,1,3,15)
r(373,1,3,15)
w(175,2,3,15)
r(108,1,3,15)
w(191,2,3,15)
w(144,2,3,15)
w(168,3,3,15)
r(2,1,3,15)
w(165,3,3,15)
r(196,1,3,15)
w(178,3,3,15)
r(150,1,3,15)
w(184,2,3,15)
r(196,1,3,15)
r(73,1,3,15)
w(223,2,4,16)
w(211,3,4,16)
w(265,2,4,16)
w(252,2,4,16)
w(249,2,4,16)
r(199,1,4,16)
r(105,1,4,16)
w(250,2,4,16)
w(259,2,4,16)
r(257,1,4,16)
r(169,1,4,16)
w(274,2,4,16)
w(242,3,4,16)
r(274,2,4,16)
r(249,2,4,16)
r(136,1,4,16)
r(67,1,4,16)
r(49,1,4,16)
r(118,1,4,16)
r(184,1,4,16)
r(140,2,5,17)
w(287,2,5,17)
r(69,1,5,17)
w(299,2,5,17)
w(342,3,5,17)
w(296,2,5,17)
r(297,1,5,17)
r(262,2,5,17)
w(289,3,5,17)
r(260,1,5,17)
r(293,1,5,17)
w(347,2,5,17)
r(409,2,5,17)
w(305,2,5,17)
r(6,2,5,17)
r(416,2,5,17)
r(111,2,5,17)
w(291,2,5,17)
r(242,3,5,17)
w(303,2,5,17)
r(380,2,6,18)
w(368,2,6,18)
r(293,1,6,18)
r(280,1,6,18)
w(392,2,6,18)
r(379,1,6,18)
w(397,2,6,18)
w(357,3,6,18)
w(414,3,6,18)
r(86,2,6,18)
r(185,1,6,18)
w(357,4,6,18)
w(360,2,6,18)
w(411,2,6,18)
r(202,2,6,18)
r(383,1,6,18)
w(376,2,6,18)
w(354,3,6,18)
r(255,1,6,18)
w(407,2,6,18)
r(233,1,1,19)
w(44,2,1,19)
w(16,3,1,19)
r(79,2,1,19)
r(371,1,1,19)
r(110,2,1,19)
r(262,2,1,19)
r(233,1,1,19)
w(45,2,1,19)
r(367,1,1,19)
r(57,2,1,19)
r(222,1,1,19)
r(396,1,1,19)
w(26,2,1,19)
r(167,1,1,19)
w(68,2,1,19)
r(291,2,1,19)
r(376,2,1,19)
r(48,2,1,19)
w(5,2,1,19)
w(102,3,2,20)
r(81,1,2,20)
w(106,3,2,20)
w(81,2,2,20)
r(345,2,2,20)
w(73,3,2,20)
w(81,3,2,20)
w(97,3,2,20)
r(332,2,2,20)
w(79,4,2,20)
w(90,3,2,20)
w(114,2,2,20)
r(392,2,2,20)
w(73,4,2,20)
w(92,2,2,20)
w(95,2,2,20)
r(380,2,2,20)
w(98,2,2,20)
w(125,3,2,20)
r(49,1,2,20)
w(196,2,3,21)
r(280,1,3,21)
w(187,2,3,21)
r(21,1,3,21)
w(209,3,3,21)
r(349,1,3,21)
w(191,3,3,21)
w(144,3,3,21)
w(204,2,3,21)
r(293,1,3,21)
w(173,2,3,21)
r(245,2,3,21)
w(157,2,3,21)
w(197,2,3,21)
w(152,2,3,21)
w(168,4,3,21)
w(152,3,3,21)
w(183,2,3,21)
w(176,2,3,21)
w(190,2,3,21)
w(247,2,4,22)
w(240,2,4,22)
r(249,2,4,22)
w(258,2,4,22)
w(224,2,4,22)
w(264,3,4,22)
w(237,2,4,22)
r(320,1,4,22)
w(224,3,4,22)
r(257,1,4,22)
r(117,2,4,22)
r(125,2,4,22)
w(211,4,4,22)
r(147,1,4,22)
w(213,2,4,22)
w(234,2,4,22)
w(238,2,4,22)
w(221,2,4,22)
r(143,2,4,22)
w(227,2,4,22)
r(101,2,5,23)
r(389,1,5,23)
r(82,2,5,23)
w(298,2,5,23)
r(237,2,5,23)
w(330,2,5,23)
r(252,2,5,23)
r(42,1,5,23)
w(290,2,5,23)
w(338,2,5,23)
w(316,2,5,23)
w(284,2,5,23)
r(53,2,5,23)
r(11,1,5,23)
w(327,2,5,23)
w(299,3,5,23)
r(365,2,5,23)
w(292,2,5,23)
r(352,1,5,23)
w(347,3,5,23)
r(175,2,6,24)
w(357,5,6,24)
w(387,2,6,24)
r(254,1,6,24)
r(298,1,6,24)
r(296,2,6,24)
w(403,3,6,24)
r(73,1,6,24)
w(415,2,6,24)
w(406,3,6,24)
r(358,1,6,24)
r(49,1,6,24)
r(415,2,6,24)
r(353,1,6,24)
w(385,2,6,24)
w(405,2,6,24)
w(399,2,6,24)
w(360,3,6,24)
w(417,2,6,24)
w(368,3,6,24)
r(183,2,1,25)
w(33,2,1,25)
r(30,1,1,25)
w(31,3,1,25)
w(62,2,1,25)
w(2,2,1,25)
r(397,2,1,25)
w(28,3,1,25)
r(144,3,1,25)
w(28,4,1,25)
w(14,3,1,25)
r(189,3,1,25)
w(32,2,1,25)
w(36,2,1,25)
r(412,1,1,25)
r(73,1,1,25)
w(32,3,1,25)
r(333,1,1,25)
r(68,2,1,25)
r(251,1,1,25)
w(93,2,2,26)
r(151,2,2,26)
r(171,1,2,26)
r(382,1,2,26)
r(267,2,2,26)
w(87,2,2,26)
w(134,3,2,26)
r(394,3,2,26)
w(106,4,2,26)
w(97,4,2,26)
w(120,2,2,26)
w(131,2,2,26)
r(212,1,2,26)
w(104,2,2,26)
r(124,1,2,26)
w(109,2,2,26)
w(93,3,2,26)
w(140,3,2,26)
w(99,3,2,26)
r(205,2,2,26)
w(205,2,3,27)
r(193,1,3,27)
w(146,3,3,27)
w(185,2,3,27)
w(193,2,3,27)
r(331,2,3,27)
r(317,2,3,27)
w(174,2,3,27)
w(189,4,3,27)
w(191,4,3,27)
r(79,4,3,27)
r(89,2,3,27)
w(185,3,3,27)
w(190,3,3,27)
w(202,3,3,27)
r(216,1,3,27)
w(200,2,3,27)
w(166,2,3,27)
w(202,4,3,27)
w(165,4,3,27)
w(246,2,4,28)
w(228,2,4,28)
w(245,2,4,28)
r(250,2,4,28)
r(376,2,4,28)
r(418,1,4,28)
r(95,1,4,28)
w(250,3,4,28)
r(273,2,4,28)
r(299,2,4,28)
r(5,1,4,28)
r(167,1,4,28)
r(212,1,4,28)
r(221,2,4,28)
w(217,3,4,28)
r(270,1,4,28)
w(220,2,4,28)
w(231,2,4,28)
r(195,2,4,28)
r(175,2,4,28)
w(349,2,5,29)
r(14,3,5,29)
r(4,2,5,29)
r(370,1,5,29)
r(12,1,5,29)
r(156,1,5,29)
w(305,3,5,29)
r(174,2,5,29)
r(326,1,5,29)
r(347,3,5,29)
r(191,4,5,29)
w(317,3,5,29)
w(316,3,5,29)
w(342,4,5,29)
w(318,3,5,29)
r(79,4,5,29)
w(281,3,5,29)
r(249,2,5,29)
r(214,3,5,29)
w(288,3,5,29)
r(166,1,6,30)
r(415,2,6,30)
w(418,2,6,30)
w(354,4,6,30)
w(402,2,6,30)
w(404,3,6,30)
r(31,2,6,30)
w(401,2,6,30)
w(381,2,6,30)
w(361,2,6,30)
r(35,3,6,30)
w(398,2,6,30)
r(100,1,6,30)
w(355,2,6,30)
r(147,1,6,30)
w(352,2,6,30)
w(363,4,6,30)
w(408,2,6,30)
r(327,2,6,30)
r(130,1,6,30)
w(66,3,1,31)
w(22,2,1,31)
r(65,1,1,31)
w(20,2,1,31)
w(54,2,1,31)
w(13,3,1,31)
w(58,2,1,31)
w(2,3,1,31)
w(54,3,1,31)
r(373,1,1,31)
r(172,1,1,31)
w(1,2,1,31)
r(184,2,1,31)
r(39,1,1,31)
w(46,2,1,31)
r(409,2,1,31)
w(22,3,1,31)
r(380,3,1,31)
r(382,1,1,31)
w(7,3,1,31)
w(80,3,2,32)
r(191,4,2,32)
r(414,4,2,32)
w(71,2,2,32)
w(78,4,2,32)
w(93,4,2,32)
r(251,1,2,32)
r(211,5,2,32)
r(387,3,2,32)
w(135,2,2,32)
r(344,1,2,32)
r(309,1,2,32)
r(237,2,2,32)
r(60,1,2,32)
r(86,4,2,32)
r(110,2,2,32)
w(79,5,2,32)
r(347,3,2,32)
r(185,3,2,32)
r(232,1,2,32)
r(276,2,3,33)
r(112,2,3,33)
r(50,1,3,33)
r(133,1,3,33)
r(217,3,3,33)
w(159,2,3,33)
w(200,3,3,33)
r(168,4,3,33)
w(170,3,3,33)
r(372,2,3,33)
w(177,2,3,33)
w(187,3,3,33)
r(375,3,3,33)
w(178,4,3,33)
w(192,2,3,33)
r(272,2,3,33)
r(132,1,3,33)
w(194,3,3,33)
r(220,3,3,33)
r(220,3,3,33)
r(335,2,4,34)
w(242,4,4,34)
r(172,1,4,34)
w(220,3,4,34)
r(92,1,4,34)
w(263,3,4,34)
r(143,2,4,34)
r(303,2,4,34)
w(222,2,4,34)
w(238,3,4,34)
r(168,4,4,34)
w(258,3,4,34)
r(335,2,4,34)
r(64,1,4,34)
w(211,5,4,34)
r(415,2,4,34)
w(245,3,4,34)
r(178,3,4,34)
w(215,2,4,34)
w(274,3,4,34)
w(349,3,5,35)
w(318,4,5,35)
w(290,3,5,35)
w(341,2,5,35)
r(366,1,5,35)
w(317,4,5,35)
w(306,2,5,35)
r(370,1,5,35)
w(341,3,5,35)
r(198,1,5,35)
r(91,1,5,35)
w(322,4,5,35)
r(202,4,5,35)
r(419,1,5,35)
w(323,2,5,35)
w(340,2,5,35)
r(182,1,5,35)
r(105,1,5,35)
r(1,1,5,35)
r(300,1,5,35)
w(394,3,6,36)
w(387,3,6,36)
w(367,2,6,36)
r(276,1,6,36)
w(413,2,6,36)
r(138,1,6,36)
w(404,4,6,36)
w(379,2,6,36)
r(42,1,6,36)
w(356,2,6,36)
r(164,1,6,36)
r(328,1,6,36)
r(385,2,6,36)
r(75,1,6,36)
r(243,2,6,36)
r(46,1,6,36)
w(371,2,6,36)
r(407,2,6,36)
w(412,2,6,36)
w(362,3,6,36)
w(25,3,1,37)
w(35,4,1,37)
w(21,2,1,37)
w(14,4,1,37)
r(319,2,1,37)
w(62,3,1,37)
r(269,1,1,37)
r(19,1,1,37)
w(65,2,1,37)
w(26,3,1,37)
r(109,2,1,37)
w(7,4,1,37)
w(64,2,1,37)
w(18,3,1,37)
r(365,2,1,37)
r(247,2,1,37)
w(68,3,1,37)
w(41,3,1,37)
r(419,1,1,37)
r(368,3,1,37)
w(88,2,2,38)
w(98,3,2,38)
w(106,5,2,38)
w(104,3,2,38)
r(281,3,2,38)
w(104,4,2,38)
r(66,3,2,38)
r(108,1,2,38)
r(99,3,2,38)
w(99,4,2,38)
r(341,3,2,38)
r(410,1,2,38)
r(224,3,2,38)
r(324,1,2,38)
w(137,2,2,38)
r(405,2,2,38)
w(87,3,2,38)
r(141,1,2,38)
w(126,2,2,38)
w(122,3,2,38)
w(165,5,3,39)
w(178,5,3,39)
w(159,3,3,39)
w(159,4,3,39)
w(207,2,3,39)
r(354,4,3,39)
r(385,2,3,39)
w(151,3,3,39)
w(148,2,3,39)
r(228,2,3,39)
w(164,2,3,39)
r(277,2,3,39)
r(89,2,3,39)
w(175,3,3,39)
r(258,3,3,39)
r(94,2,3,39)
r(149,1,3,39)
w(204,3,3,39)
r(334,1,3,39)
r(299,3,3,39)
w(222,3,4,40)
r(33,2,4,40)
w(236,2,4,40)
r(168,4,4,40)
w(276,2,4,40)
w(265,3,4,40)
r(161,1,4,40)
r(17,1,4,40)
r(360,3,4,40)
w(213,3,4,40)
w(279,2,4,40)
w(213,4,4,40)
w(277,2,4,40)
r(59,1,4,40)
r(69,1,4,40)
w(260,2,4,40)
r(295,2,4,40)
r(183,2,4,40)
r(212,1,4,40)
r(120,1,4,40)
r(43,2,5,41)
w(331,3,5,41)
r(98,3,5,41)
w(315,2,5,41)
r(45,2,5,41)
r(177,2,5,41)
w(306,3,5,41)
w(306,4,5,41)
r(345,2,5,41)
r(120,2,5,41)
w(338,3,5,41)
r(116,1,5,41)
r(298,2,5,41)
w(348,2,5,41)
r(389,1,5,41)
w(344,2,5,41)
w(284,3,5,41)
w(348,3,5,41)
r(411,2,5,41)
w(282,2,5,41)
r(345,2,6,42)
w(369,3,6,42)
w(375,3,6,42)
r(241,1,6,42)
w(374,2,6,42)
r(299,3,6,42)
w(379,3,6,42)
r(352,2,6,42)
r(54,1,6,42)
r(159,1,6,42)
w(388,2,6,42)
r(283,1,6,42)
r(66,1,6,42)
r(82,2,6,42)
w(377,2,6,42)
w(376,3,6,42)
w(414,4,6,42)
r(394,3,6,42)
r(380,2,6,42)
w(380,3,6,42)
r(369,4,1,43)
w(31,5,1,43)
r(319,2,1,43)
w(6,4,1,43)
r(394,3,1,43)
r(32,3,1,43)
w(41,4,1,43)
r(377,3,1,43)
w(39,3,1,43)
w(11,2,1,43)
r(97,4,1,43)
r(73,4,1,43)
w(48,3,1,43)
r(372,3,1,43)
w(21,3,1,43)
r(23,2,1,43)
r(75,1,1,43)
r(306,4,1,43)
r(149,1,1,43)
w(49,2,1,43)
r(395,4,2,44)
r(243,2,2,44)
w(122,4,2,44)
w(77,2,2,44)
w(111,4,2,44)
r(221,2,2,44)
w(71,3,2,44)
r(55,3,2,44)
r(146,3,2,44)
r(150,1,2,44)
r(5,2,2,44)
r(101,2,2,44)
w(101,3,2,44)
w(106,6,2,44)
w(113,3,2,44)
r(232,2,2,44)
w(73,5,2,44)
w(98,4,2,44)
w(107,4,2,44)
w(82,3,2,44)
r(129,5,3,45)
r(77,2,3,45)
r(166,2,3,45)
r(239,1,3,45)
w(186,3,3,45)
w(209,4,3,45)
r(108,1,3,45)
r(16,3,3,45)
w(172,2,3,45)
r(251,1,3,45)
r(47,1,3,45)
r(281,3,3,45)
w(152,4,3,45)
w(208,2,3,45)
r(75,1,3,45)
w(164,3,3,45)
w(197,3,3,45)
w(203,3,3,45)
r(326,1,3,45)
r(373,1,3,45)
r(357,5,4,46)
r(306,2,4,46)
r(411,2,4,46)
w(260,3,4,46)
w(226,2,4,46)
r(220,3,4,46)
r(205,2,4,46)
w(235,2,4,46)
w(266,2,4,46)
w(219,2,4,46)
r(98,2,4,46)
w(262,3,4,46)
r(162,1,4,46)
r(82,2,4,46)
r(63,2,4,46)
w(246,3,4,46)
w(223,3,4,46)
w(280,2,4,46)
r(322,4,4,46)
r(53,2,4,46)
r(117,2,5,47)
r(42,1,5,47)
r(337,1,5,47)
w(308,2,5,47)
r(269,1,5,47)
w(283,2,5,47)
w(333,2,5,47)
r(16,3,5,47)
r(333,2,5,47)
w(333,3,5,47)
w(323,3,5,47)
r(15,1,5,47)
w(302,2,5,47)
r(370,1,5,47)
w(343,2,5,47)
w(286,3,5,47)
r(162,1,5,47)
r(329,1,5,47)
w(281,4,5,47)
r(247,2,5,47)
w(372,3,6,48)
w(393,2,6,48)
w(353,2,6,48)
r(73,4,6,48)
r(51,1,6,48)
w(366,2,6,48)
r(104,2,6,48)
w(395,3,6,48)
w(381,3,6,48)
r(372,3,6,48)
r(97,4,6,48)
r(347,3,6,48)
r(150,1,6,48)
r(411,2,6,48)
r(166,2,6,48)
w(413,3,6,48)
r(67,1,6,48)
w(393,3,6,48)
w(380,4,6,48)
r(153,1,6,48)
w(49,3,1,49)
r(123,1,1,49)
w(8,6,1,49)
r(386,1,1,49)
r(202,4,1,49)
r(39,3,1,49)
w(18,4,1,49)
w(22,4,1,49)
w(62,4,1,49)
w(2,4,1,49)
r(84,1,1,49)
r(154,1,1,49)
w(40,3,1,49)
w(5,3,1,49)
w(64,3,1,49)
r(209,4,1,49)
r(339,1,1,49)
w(47,2,1,49)
r(208,2,1,49)
w(16,4,1,49)
w(96,3,2,50)
w(119,3,2,50)
w(81,4,2,50)
w(131,3,2,50)
r(370,1,2,50)
r(332,2,2,50)
r(77,2,2,50)
r(121,1,2,50)
r(238,4,2,50)
w(124,2,2,50)
r(222,3,2,50)
r(97,4,2,50)
r(105,1,2,50)
w(122,5,2,50)
w(71,4,2,50)
r(322,4,2,50)
w(133,2,2,50)
w(105,2,2,50)
w(77,3,2,50)
w(108,2,2,50)
r(147,1,3,51)
r(410,1,3,51)
w(169,2,3,51)
r(340,2,3,51)
r(136,1,3,51)
r(229,1,3,51)
r(111,4,3,51)
w(175,4,3,51)
r(213,4,3,51)
r(6,4,3,51)
w(175,5,3,51)
w(196,3,3,51)
r(368,4,3,51)
r(340,2,3,51)
w(180,2,3,51)
w(150,2,3,51)
r(102,3,3,51)
r(159,4,3,51)
w(193,3,3,51)
w(148,3,3,51)
w(233,2,4,52)
r(354,4,4,52)
r(63,2,4,52)
r(112,2,4,52)
r(226,2,4,52)
w(232,2,4,52)
w(255,2,4,52)
w(217,4,4,52)
w(270,2,4,52)
r(110,2,4,52)
r(342,4,4,52)
r(344,1,4,52)
w(245,4,4,52)
r(258,3,4,52)
w(253,2,4,52)
r(41,2,4,52)
r(285,2,4,52)
r(111,3,4,52)
r(339,1,4,52)
w(235,3,4,52)
w(339,2,5,53)
w(342,5,5,53)
r(10,1,5,53)
w(350,2,5,53)
w(286,4,5,53)
r(102,3,5,53)
w(333,4,5,53)
r(346,1,5,53)
r(342,5,5,53)
w(334,2,5,53)
w(330,3,5,53)
w(286,5,5,53)
w(319,3,5,53)
w(282,3,5,53)
r(373,1,5,53)
r(37,1,5,53)
r(203,3,5,53)
w(314,3,5,53)
w(323,4,5,53)
r(230,2,5,53)
w(407,3,6,54)
w(390,3,6,54)
r(161,1,6,54)
w(378,2,6,54)
w(377,3,6,54)
r(77,1,6,54)
w(392,3,6,54)
r(406,3,6,54)
w(381,4,6,54)
r(377,3,6,54)
r(377,3,6,54)
r(155,1,6,54)
r(213,4,6,54)
w(395,4,6,54)
r(415,2,6,54)
w(415,3,6,54)
w(379,4,6,54)
r(51,1,6,54)
w(363,5,6,54)
w(369,4,6,54)
w(41,5,1,55)
w(27,2,1,55)
w(25,4,1,55)
r(420,1,1,55)
r(226,2,1,55)
r(248,1,1,55)
r(365,2,1,55)
w(70,2,1,55)
w(13,4,1,55)
r(356,2,1,55)
r(380,4,1,55)
r(276,2,1,55)
w(39,4,1,55)
r(266,2,1,55)
w(49,4,1,55)
w(21,4,1,55)
w(27,3,1,55)
r(113,3,1,55)
w(19,2,1,55)
w(68,4,1,55)
w(78,5,2,56)
w(101,4,2,56)
w(134,4,2,56)
w(85,2,2,56)
r(346,1,2,56)
w(86,5,2,56)
r(260,3,2,56)
r(248,1,2,56)
r(111,4,2,56)
w(75,2,2,56)
w(97,5,2,56)
w(106,7,2,56)
w(71,5,2,56)
w(95,3,2,56)
w(99,5,2,56)
r(370,1,2,56)
w(97,6,2,56)
r(145,2,2,56)
w(104,5,2,56)
r(327,2,2,56)
r(98,4,3,57)
w(155,2,3,57)
r(195,2,3,57)
r(420,1,3,57)
r(160,2,3,57)
w(158,2,3,57)
r(367,2,3,57)
w(191,5,3,57)
w(156,2,3,57)
w(203,4,3,57)
r(311,1,3,57)
w(161,2,3,57)
w(155,3,3,57)
w(206,3,3,57)
w(154,2,3,57)
r(234,2,3,57)
r(195,2,3,57)
r(29,3,3,57)
r(47,2,3,57)
r(37,1,3,57)
w(277,3,4,58)
r(301,2,4,58)
r(281,3,4,58)
r(64,2,4,58)
w(233,3,4,58)
w(261,2,4,58)
w(246,4,4,58)
r(365,2,4,58)
w(258,4,4,58)
r(65,2,4,58)
r(91,1,4,58)
w(254,2,4,58)
w(246,5,4,58)
r(274,3,4,58)
w(261,3,4,58)
r(283,1,4,58)
r(113,2,4,58)
r(175,3,4,58)
r(320,1,4,58)
r(5,2,4,58)
r(334,2,5,59)
w(289,4,5,59)
r(374,2,5,59)
r(240,2,5,59)
r(269,1,5,59)
r(51,1,5,59)
r(204,3,5,59)
w(347,4,5,59)
w(308,3,5,59)
r(161,2,5,59)
w(306,5,5,59)
r(26,3,5,59)
r(235,3,5,59)
w(293,2,5,59)
r(374,2,5,59)
r(98,4,5,59)
r(327,2,5,59)
r(209,4,5,59)
r(183,2,5,59)
w(321,2,5,59)
w(392,4,6,60)
r(149,1,6,60)
w(364,2,6,60)
r(74,2,6,60)
w(419,2,6,60)
w(358,2,6,60)
w(368,4,6,60)
r(216,1,6,60)
r(279,2,6,60)
r(169,1,6,60)
w(414,5,6,60)
w(353,3,6,60)
r(329,1,6,60)
w(361,3,6,60)
w(353,4,6,60)
w(389,2,6,60)
w(392,5,6,60)
r(96,2,6,60)
r(136,1,6,60)
r(79,5,6,60)
w(45,3,1,61)
w(3,2,1,61)
w(43,3,1,61)
w(9,3,1,61)
r(152,4,1,61)
r(196,3,1,61)
r(264,3,1,61)
w(34,3,1,61)
r(360,5,1,61)
w(41,6,1,61)
r(384,2,1,61)
r(352,2,1,61)
r(308,2,1,61)
w(55,4,1,61)
w(22,5,1,61)
r(152,4,1,61)
r(27,3,1,61)
w(37,2,1,61)
w(31,6,1,61)
r(79,6,1,61)
w(79,6,2,62)
w(74,3,2,62)
w(89,3,2,62)
r(275,2,2,62)
w(104,6,2,62)
w(72,2,2,62)
w(113,4,2,62)
w(126,3,2,62)
w(110,3,2,62)
r(114,2,2,62)
r(88,2,2,62)
r(378,2,2,62)
r(63,2,2,62)
w(90,4,2,62)
w(136,2,2,62)
w(71,6,2,62)
w(126,4,2,62)
r(146,3,2,62)
w(112,3,2,62)
r(376,6,2,62)
w(183,3,3,63)
r(190,3,3,63)
r(115,1,3,63)
w(181,2,3,63)
w(169,3,3,63)
w(155,4,3,63)
r(294,1,3,63)
w(175,6,3,63)
w(169,4,3,63)
r(372,3,3,63)
r(360,5,3,63)
r(284,3,3,63)
w(154,3,3,63)
w(188,3,3,63)
w(198,2,3,63)
r(46,2,3,63)
r(34,3,3,63)
r(358,2,3,63)
w(161,3,3,63)
w(193,4,3,63)
r(96,2,4,64)
w(236,3,4,64)
w(256,3,4,64)
r(323,2,4,64)
w(238,4,4,64)
r(196,2,4,64)
w(221,3,4,64)
w(231,3,4,64)
r(54,3,4,64)
w(239,2,4,64)
w(239,3,4,64)
w(274,4,4,64)
r(124,1,4,64)
r(383,1,4,64)
r(171,1,4,64)
r(349,3,4,64)
r(12,1,4,64)
w(221,4,4,64)
w(246,6,4,64)
w(224,4,4,64)
w(286,6,5,65)
r(83,2,5,65)
r(249,2,5,65)
r(164,3,5,65)
r(305,3,5,65)
w(319,4,5,65)
r(221,5,5,65)
r(311,1,5,65)
r(41,7,5,65)
r(276,2,5,65)
r(29,3,5,65)
r(125,3,5,65)
r(281,4,5,65)
w(300,2,5,65)
r(383,1,5,65)
w(303,3,5,65)
w(341,4,5,65)
r(170,3,5,65)
r(406,3,5,65)
w(292,3,5,65)
r(327,2,6,66)
r(99,4,6,66)
w(376,4,6,66)
r(40,3,6,66)
w(405,3,6,66)
w(362,4,6,66)
r(327,2,6,66)
w(376,5,6,66)
w(361,4,6,66)
r(351,2,6,66)
w(368,5,6,66)
r(336,1,6,66)
w(364,3,6,66)
r(21,3,6,66)
r(2,4,6,66)
r(124,2,6,66)
w(389,3,6,66)
w(395,5,6,66)
r(65,2,6,66)
r(163,1,6,66)
r(357,5,1,67)
r(234,2,1,67)
w(56,2,1,67)
w(52,2,1,67)
r(140,3,1,67)
w(41,7,1,67)
w(25,5,1,67)
w(39,5,1,67)
r(212,1,1,67)
r(288,3,1,67)
w(32,4,1,67)
r(83,2,1,67)
r(318,4,1,67)
w(8,7,1,67)
r(280,2,1,67)
w(54,4,1,67)
w(60,3,1,67)
w(54,5,1,67)
r(382,1,1,67)
r(312,1,1,67)
w(126,5,2,68)
w(116,2,2,68)
w(94,3,2,68)
w(132,2,2,68)
r(381,4,2,68)
w(90,5,2,68)
w(98,5,2,68)
r(29,3,2,68)
r(107,4,2,68)
w(118,3,2,68)
r(406,3,2,68)
w(91,3,2,68)
w(117,3,2,68)
w(76,3,2,68)
r(380,4,2,68)
w(128,4,2,68)
w(80,4,2,68)
w(123,2,2,68)
r(273,3,2,68)
r(186,3,2,68)
w(177,3,3,69)
w(144,4,3,69)
w(193,5,3,69)
r(152,4,3,69)
w(179,2,3,69)
w(205,3,3,69)
r(366,3,3,69)
w(201,3,3,69)
r(386,1,3,69)
w(170,4,3,69)
w(166,3,3,69)
r(203,4,3,69)
r(276,2,3,69)
r(96,3,3,69)
r(75,2,3,69)
w(177,4,3,69)
r(312,1,3,69)
w(159,5,3,69)
w(155,5,3,69)
r(109,2,3,69)
w(229,2,4,70)
w(252,3,4,70)
r(154,1,4,70)
w(265,4,4,70)
r(3,1,4,70)
r(298,2,4,70)
w(241,2,4,70)
r(311,1,4,70)
r(234,2,4,70)
w(277,4,4,70)
r(400,2,4,70)
r(192,2,4,70)
w(255,3,4,70)
w(258,5,4,70)
w(224,5,4,70)
w(219,3,4,70)
r(351,2,4,70)
w(254,3,4,70)
r(96,3,4,70)
r(408,2,4,70)
w(295,3,5,71)
r(195,2,5,71)
r(184,2,5,71)
r(313,1,5,71)
r(46,2,5,71)
r(109,2,5,71)
w(318,5,5,71)
r(328,1,5,71)
w(305,4,5,71)
w(305,5,5,71)
r(143,2,5,71)
r(401,3,5,71)
r(67,1,5,71)
r(294,1,5,71)
w(317,5,5,71)
r(184,2,5,71)
r(111,4,5,71)
r(242,4,5,71)
r(248,1,5,71)
w(282,4,5,71)
w(360,4,6,72)
r(102,3,6,72)
w(419,3,6,72)
w(360,5,6,72)
r(278,2,6,72)
w(355,3,6,72)
w(391,3,6,72)
r(364,3,6,72)
r(415,3,6,72)
r(50,1,6,72)
r(123,1,6,72)
r(129,5,6,72)
w(408,3,6,72)
w(376,6,6,72)
w(403,4,6,72)
r(299,3,6,72)
r(158,2,6,72)
r(76,2,6,72)
r(116,1,6,72)
r(236,3,6,72)
r(299,3,1,73)
w(50,3,1,73)
w(69,2,1,73)
w(40,4,1,73)
r(395,5,1,73)
w(1,3,1,73)
r(172,2,1,73)
r(297,1,1,73)
w(50,4,1,73)
w(64,4,1,73)
w(6,5,1,73)
r(407,3,1,73)
w(42,2,1,73)
w(64,5,1,73)
r(251,1,1,73)
w(23,3,1,73)
r(368,5,1,73)
r(83,2,1,73)
w(23,4,1,73)
w(65,3,1,73)
w(108,3,2,74)
w(104,7,2,74)
r(342,5,2,74)
w(114,4,2,74)
r(135,2,2,74)
w(93,6,2,74)
r(71,6,2,74)
w(118,4,2,74)
r(154,3,2,74)
w(87,4,2,74)
r(407,3,2,74)
r(192,2,2,74)
w(103,2,2,74)
r(133,2,2,74)
r(378,2,2,74)
r(416,2,2,74)
w(106,8,2,74)
r(52,2,2,74)
w(116,3,2,74)
w(77,4,2,74)
w(175,7,3,75)
w(160,3,3,75)
w(186,4,3,75)
w(141,2,3,75)
r(13,4,3,75)
w(146,4,3,75)
w(177,5,3,75)
r(278,2,3,75)
r(337,1,3,75)
r(307,1,3,75)
w(194,4,3,75)
r(49,4,3,75)
r(166,3,3,75)
r(273,3,3,75)
w(174,3,3,75)
r(266,3,3,75)
w(147,2,3,75)
r(144,4,3,75)
w(176,3,3,75)
w(187,4,3,75)
w(229,3,4,76)
w(260,4,4,76)
w(220,4,4,76)
r(86,5,4,76)
r(377,3,4,76)
w(230,3,4,76)
r(180,2,4,76)
r(53,2,4,76)
r(263,3,4,76)
r(97,6,4,76)
r(222,3,4,76)
r(98,4,4,76)
r(359,1,4,76)
r(94,2,4,76)
w(273,3,4,76)
r(216,1,4,76)
r(22,4,4,76)
r(77,3,4,76)
r(111,4,4,76)
r(338,3,4,76)
r(326,1,5,77)
r(56,2,5,77)
r(312,1,5,77)
w(320,2,5,77)
r(151,3,5,77)
r(250,3,5,77)
w(312,2,5,77)
r(332,2,5,77)
r(302,2,5,77)
w(281,5,5,77)
r(385,2,5,77)
r(27,3,5,77)
w(284,4,5,77)
w(314,4,5,77)
r(347,4,5,77)
r(348,3,5,77)
r(3,2,5,77)
w(309,2,5,77)
r(242,4,5,77)
w(311,2,5,77)
r(136,2,6,78)
w(419,4,6,78)
r(248,1,6,78)
r(296,2,6,78)
r(130,1,6,78)
w(388,3,6,78)
r(112,3,6,78)
w(356,3,6,78)
w(366,3,6,78)
w(414,6,6,78)
w(389,4,6,78)
w(353,5,6,78)
r(86,5,6,78)
r(294,1,6,78)
w(354,5,6,78)
r(103,1,6,78)
w(401,3,6,78)
r(193,3,6,78)
w(373,2,6,78)
r(123,1,6,78)
w(46,3,1,79)
r(187,5,1,79)
w(57,3,1,79)
r(413,4,1,79)
w(59,2,1,79)
r(199,1,1,79)
r(266,3,1,79)
r(315,2,1,79)
w(19,3,1,79)
r(246,7,1,79)
r(396,1,1,79)
r(294,1,1,79)
w(61,2,1,79)
w(4,3,1,79)
r(372,3,1,79)
w(22,6,1,79)
w(56,3,1,79)
w(63,3,1,79)
w(62,5,1,79)
r(45,3,1,79)
r(261,3,2,80)
r(337,1,2,80)
w(99,6,2,80)
r(316,3,2,80)
r(288,3,2,80)
w(117,4,2,80)
r(53,2,2,80)
w(112,4,2,80)
r(399,2,2,80)
r(79,6,2,80)
w(84,2,2,80)
w(95,4,2,80)
w(79,7,2,80)
w(130,2,2,80)
r(121,1,2,80)
w(101,5,2,80)
w(133,3,2,80)
w(129,6,2,80)
r(177,5,2,80)
r(200,3,2,80)
r(308,3,3,81)
r(59,1,3,81)
w(146,5,3,81)
r(290,3,3,81)
w(165,6,3,81)
w(161,4,3,81)
w(149,2,3,81)
r(263,4,3,81)
w(149,3,3,81)
w(174,4,3,81)
r(392,5,3,81)
r(266,3,3,81)
w(187,5,3,81)
r(34,3,3,81)
w(143,3,3,81)
r(129,6,3,81)
r(313,1,3,81)
r(281,4,3,81)
r(314,3,3,81)
w(165,7,3,81)
w(260,5,4,82)
w(247,3,4,82)
r(223,3,4,82)
w(223,4,4,82)
r(362,4,4,82)
w(216,2,4,82)
r(254,3,4,82)
w(221,5,4,82)
r(140,3,4,82)
r(14,4,4,82)
w(211,6,4,82)
w(219,4,4,82)
w(279,3,4,82)
w(231,4,4,82)
r(220,4,4,82)
r(163,1,4,82)
w(274,5,4,82)
w(254,4,4,82)
w(263,4,4,82)
w(241,3,4,82)
r(67,1,5,83)
r(121,1,5,83)
w(301,3,5,83)
w(329,2,5,83)
w(341,5,5,83)
r(60,3,5,83)
r(418,2,5,83)
r(211,6,5,83)
w(308,4,5,83)
w(318,6,5,83)
r(344,2,5,83)
r(357,5,5,83)
r(15,1,5,83)
w(337,2,5,83)
w(306,6,5,83)
r(316,3,5,83)
r(248,1,5,83)
w(301,4,5,83)
r(252,3,5,83)
r(419,4,5,83)
w(408,4,6,84)
r(343,2,6,84)
r(128,4,6,84)
w(368,6,6,84)
r(148,3,6,84)
r(411,2,6,84)
w(356,4,6,84)
r(108,3,6,84)
r(81,4,6,84)
r(131,3,6,84)
w(370,2,6,84)
w(413,4,6,84)
w(366,4,6,84)
w(380,6,6,84)
w(363,6,6,84)
w(351,3,6,84)
r(202,4,6,84)
r(72,2,6,84)
r(349,3,6,84)
r(246,7,6,84)
w(59,3,1,85)
r(351,3,1,85)
w(59,4,1,85)
w(1,4,1,85)
w(25,6,1,85)
w(13,5,1,85)
w(19,4,1,85)
r(347,4,1,85)
w(52,3,1,85)
w(65,4,1,85)
w(67,2,1,85)
r(121,1,1,85)
w(8,8,1,85)
r(52,3,1,85)
w(53,3,1,85)
r(200,3,1,85)
r(331,3,1,85)
r(162,1,1,85)
r(23,4,1,85)
w(54,6,1,85)
r(67,1,2,86)
r(48,3,2,86)
w(133,4,2,86)
r(336,1,2,86)
r(371,2,2,86)
w(72,3,2,86)
w(102,4,2,86)
w(72,4,2,86)
w(112,5,2,86)
r(132,2,2,86)
r(42,2,2,86)
r(145,2,2,86)
w(123,3,2,86)
r(29,3,2,86)
w(94,4,2,86)
r(231,6,2,86)
w(102,5,2,86)
r(20,2,2,86)
w(94,5,2,86)
w(101,6,2,86)
w(207,3,3,87)
w(141,3,3,87)
w(171,2,3,87)
w(169,5,3,87)
w(183,4,3,87)
w(177,6,3,87)
w(184,3,3,87)
r(158,2,3,87)
w(178,6,3,87)
r(226,4,3,87)
r(15,1,3,87)
r(43,3,3,87)
r(84,2,3,87)
r(305,5,3,87)
r(354,5,3,87)
r(173,2,3,87)
r(364,3,3,87)
r(392,5,3,87)
w(177,7,3,87)
w(183,5,3,87)
w(256,4,4,88)
r(144,3,4,88)
w(255,4,4,88)
w(240,3,4,88)
w(232,3,4,88)
w(223,5,4,88)
r(277,4,4,88)
r(226,2,4,88)
r(231,4,4,88)
w(213,5,4,88)
w(224,6,4,88)
r(224,6,4,88)
w(230,4,4,88)
w(259,3,4,88)
r(106,7,4,88)
w(238,5,4,88)
w(253,3,4,88)
w(241,4,4,88)
r(394,3,4,88)
r(185,3,4,88)
r(14,4,5,89)
w(282,5,5,89)
w(341,6,5,89)
r(339,2,5,89)
r(280,3,5,89)
r(85,2,5,89)
w(284,5,5,89)
w(341,7,5,89)
w(319,5,5,89)
w(290,4,5,89)
r(266,3,5,89)
r(194,4,5,89)
w(314,5,5,89)
w(348,4,5,89)
r(147,2,5,89)
w(314,6,5,89)
r(246,7,5,89)
w(304,2,5,89)
w(301,5,5,89)
r(81,4,5,89)
r(264,3,6,90)
r(184,3,6,90)
r(180,2,6,90)
r(55,4,6,90)
w(378,3,6,90)
w(378,4,6,90)
w(362,5,6,90)
r(57,2,6,90)
r(182,1,6,90)
r(157,2,6,90)
r(40,4,6,90)
w(369,5,6,90)
r(289,4,6,90)
r(50,4,6,90)
w(390,4,6,90)
r(400,2,6,90)
w(370,3,6,90)
r(232,3,6,90)
w(389,5,6,90)
r(124,2,6,90)
w(42,3,1,91)
w(20,3,1,91)
w(42,4,1,91)
r(416,2,1,91)
r(108,3,1,91)
w(15,2,1,91)
r(170,4,1,91)
r(294,1,1,91)
r(104,7,1,91)
w(36,3,1,91)
w(34,4,1,91)
w(38,3,1,91)
w(56,4,1,91)
r(21,4,1,91)
r(117,4,1,91)
r(43,3,1,91)
r(174,4,1,91)
r(141,3,1,91)
r(360,5,1,91)
w(37,3,1,91)
r(129,6,2,92)
r(281,5,2,92)
w(127,3,2,92)
r(211,7,2,92)
w(139,3,2,92)
r(247,3,2,92)
r(208,2,2,92)
w(121,3,2,92)
r(27,3,2,92)
r(274,5,2,92)
r(133,4,2,92)
w(131,4,2,92)
w(76,4,2,92)
r(373,2,2,92)
w(95,5,2,92)
r(199,1,2,92)
w(110,4,2,92)
w(92,3,2,92)
r(233,4,2,92)
r(8,8,2,92)
w(178,7,3,93)
w(154,4,3,93)
r(308,4,3,93)
r(114,4,3,93)
r(374,2,3,93)
w(204,4,3,93)
w(191,6,3,93)
w(192,3,3,93)
w(202,5,3,93)
w(161,5,3,93)
r(139,3,3,93)
r(274,5,3,93)
r(90,5,3,93)
w(179,3,3,93)
r(77,4,3,93)
w(144,5,3,93)
w(196,4,3,93)
r(156,2,3,93)
w(198,3,3,93)
r(190,3,3,93)
r(360,5,4,94)
w(237,3,4,94)
r(52,2,4,94)
w(249,3,4,94)
w(246,7,4,94)
w(272,3,4,94)
w(214,4,4,94)
r(413,3,4,94)
r(29,3,4,94)
w(239,4,4,94)
w(226,3,4,94)
r(113,4,4,94)
r(249,3,4,94)
w(266,3,4,94)
r(82,3,4,94)
w(277,5,4,94)
r(285,2,4,94)
w(256,5,4,94)
w(239,5,4,94)
w(258,6,4,94)
r(347,4,5,95)
w(283,3,5,95)
w(345,3,5,95)
r(372,3,5,95)
r(103,2,5,95)
r(62,5,5,95)
r(416,2,5,95)
r(147,2,5,95)
r(258,6,5,95)
w(320,3,5,95)
w(325,2,5,95)
r(80,4,5,95)
w(298,3,5,95)
r(77,4,5,95)
r(400,2,5,95)
w(347,5,5,95)
w(317,6,5,95)
w(301,6,5,95)
r(131,4,5,95)
w(288,4,5,95)
w(393,4,6,96)
r(298,2,6,96)
r(213,5,6,96)
r(243,3,6,96)
r(48,3,6,96)
r(254,4,6,96)
r(404,4,6,96)
r(83,2,6,96)
r(275,2,6,96)
r(141,3,6,96)
r(170,4,6,96)
r(328,1,6,96)
r(279,3,6,96)
w(361,5,6,96)
r(407,3,6,96)
r(159,5,6,96)
w(413,5,6,96)
w(412,3,6,96)
r(174,4,6,96)
w(394,4,6,96)
r(271,2,1,97)
r(221,5,1,97)
r(394,4,1,97)
w(30,3,1,97)
r(9,3,1,97)
w(11,3,1,97)
w(48,4,1,97)
r(105,2,1,97)
r(79,7,1,97)
w(24,4,1,97)
r(183,5,1,97)
r(33,2,1,97)
w(31,7,1,97)
r(196,4,1,97)
r(319,5,1,97)
r(180,2,1,97)
r(67,2,1,97)
r(324,1,1,97)
w(54,7,1,97)
r(37,3,1,97)
w(138,3,2,98)
w(135,3,2,98)
r(257,2,2,98)
r(212,2,2,98)
r(364,3,2,98)
r(25,6,2,98)
w(127,4,2,98)
r(123,3,2,98)
r(203,4,2,98)
r(156,2,2,98)
r(308,4,2,98)
r(26,3,2,98)
r(53,3,2,98)
w(89,4,2,98)
r(85,2,2,98)
w(75,3,2,98)
w(76,5,2,98)
w(110,5,2,98)
w(82,4,2,98)
r(109,2,2,98)
r(157,2,3,99)
r(126,5,3,99)
r(205,3,3,99)
w(209,5,3,99)
w(162,2,3,99)
r(93,6,3,99)
w(168,5,3,99)
r(309,2,3,99)
r(127,4,3,99)
r(418,2,3,99)
r(235,3,3,99)
w(187,6,3,99)
w(159,6,3,99)
r(10,1,3,99)
w(200,4,3,99)
w(205,4,3,99)
w(194,5,3,99)
r(233,4,3,99)
r(234,3,3,99)
w(164,4,3,99)
r(1,2,4,100)
w(223,6,4,100)
w(224,7,4,100)
r(378,2,4,100)
r(113,4,4,100)
w(230,5,4,100)
w(217,5,4,100)
w(278,3,4,100)
w(233,4,4,100)
w(272,4,4,100)
r(91,3,4,100)
w(260,6,4,100)
w(231,5,4,100)
w(231,6,4,100)
r(208,2,4,100)
w(226,4,4,100)
r(343,2,4,100)
w(216,3,4,100)
w(280,3,4,100)
w(268,2,4,100)
w(337,3,5,101)
w(300,3,5,101)
r(222,5,5,101)
w(292,4,5,101)
r(274,6,5,101)
w(306,7,5,101)
r(395,5,5,101)
r(279,3,5,101)
r(111,4,5,101)
w(337,4,5,101)
w(330,4,5,101)
r(77,4,5,101)
w(286,7,5,101)
w(332,3,5,101)
r(227,3,5,101)
w(320,4,5,101)
w(312,3,5,101)
w(329,3,5,101)
w(323,5,5,101)
r(36,3,5,101)
w(379,5,6,102)
w(386,2,6,102)
w(370,4,6,102)
r(150,2,6,102)
w(407,4,6,102)
w(391,4,6,102)
r(53,3,6,102)
r(114,4,6,102)
r(217,5,6,102)
r(417,2,6,102)
w(414,7,6,102)
r(237,4,6,102)
r(55,4,6,102)
w(394,5,6,102)
r(315,2,6,102)
r(228,2,6,102)
r(323,4,6,102)
w(405,4,6,102)
w(358,3,6,102)
w(359,2,6,102)
w(11,4,1,103)
r(270,2,1,103)
w(18,5,1,103)
w(42,5,1,103)
r(218,1,1,103)
w(41,8,1,103)
r(417,2,1,103)
r(30,3,1,103)
w(37,4,1,103)
w(10,2,1,103)
r(201,3,1,103)
w(66,4,1,103)
r(151,3,1,103)
w(48,5,1,103)
r(314,6,1,103)
r(82,4,1,103)
r(251,2,1,103)
r(358,3,1,103)
r(340,2,1,103)
r(306,6,1,103)
r(163,1,2,104)
r(252,4,2,104)
w(101,7,2,104)
r(121,3,2,104)
w(133,5,2,104)
r(413,5,2,104)
r(205,4,2,104)
r(157,2,2,104)
w(94,6,2,104)
r(379,5,2,104)
w(109,3,2,104)
w(129,7,2,104)
r(270,2,2,104)
w(107,5,2,104)
r(346,1,2,104)
r(370,4,2,104)
w(129,8,2,104)
r(353,5,2,104)
r(345,3,2,104)
w(78,6,2,104)
w(142,3,3,105)
r(262,3,3,105)
w(208,3,3,105)
r(296,2,3,105)
r(61,2,3,105)
r(179,3,3,105)
w(195,3,3,105)
r(176,3,3,105)
w(157,3,3,105)
r(123,3,3,105)
w(174,5,3,105)
r(231,7,3,105)
r(110,5,3,105)
r(308,4,3,105)
r(67,2,3,105)
r(260,6,3,105)
r(89,4,3,105)
w(157,4,3,105)
w(141,4,3,105)
w(183,6,3,105)
w(255,5,4,106)
r(388,3,4,106)
r(18,4,4,106)
w(216,4,4,106)
w(243,3,4,106)
r(203,4,4,106)
r(53,2,4,106)
r(128,4,4,106)
r(206,3,4,106)
r(139,1,4,106)
r(15,1,4,106)
w(255,6,4,106)
r(75,2,4,106)
r(57,2,4,106)
r(205,3,4,106)
r(300,2,4,106)
r(22,5,4,106)
r(230,5,4,106)
w(227,3,4,106)
r(149,3,4,106)
r(356,4,5,107)
w(294,2,5,107)
w(342,6,5,107)
r(205,4,5,107)
r(300,3,5,107)
r(91,3,5,107)
w(287,3,5,107)
w(307,2,5,107)
w(294,3,5,107)
w(307,3,5,107)
r(204,4,5,107)
r(182,1,5,107)
r(31,8,5,107)
r(158,2,5,107)
r(349,3,5,107)
w(313,2,5,107)
w(335,3,5,107)
w(336,2,5,107)
r(419,4,5,107)
r(138,3,5,107)
w(366,5,6,108)
w(368,7,6,108)
r(365,2,6,108)
w(391,5,6,108)
w(418,3,6,108)
w(390,5,6,108)
r(85,2,6,108)
r(252,4,6,108)
r(225,4,6,108)
w(375,4,6,108)
w(411,3,6,108)
r(134,4,6,108)
r(277,5,6,108)
w(416,5,6,108)
r(43,3,6,108)
r(165,7,6,108)
w(389,6,6,108)
r(147,2,6,108)
r(143,3,6,108)
r(355,3,6,108)
w(14,5,1,109)
w(29,5,1,109)
w(23,5,1,109)
r(308,4,1,109)
w(17,2,1,109)
w(62,6,1,109)
r(140,3,1,109)
r(94,6,1,109)
w(36,4,1,109)
w(15,3,1,109)
r(230,5,1,109)
w(23,6,1,109)
r(104,7,1,109)
r(345,3,1,109)
w(46,4,1,109)
w(67,3,1,109)
r(156,2,1,109)
r(83,2,1,109)
w(31,8,1,109)
r(158,2,1,109)
r(31,8,2,110)
r(161,5,2,110)
r(419,4,2,110)
w(85,3,2,110)
r(114,4,2,110)
w(130,3,2,110)
w(103,3,2,110)
r(158,2,2,110)
w(125,4,2,110)
w(83,4,2,110)
r(290,4,2,110)
w(133,6,2,110)
w(80,5,2,110)
w(130,4,2,110)
r(361,5,2,110)
r(73,5,2,110)
w(88,3,2,110)
r(15,3,2,110)
r(282,5,2,110)
r(292,4,2,110)
r(240,4,3,111)
r(183,6,3,111)
r(176,3,3,111)
w(195,4,3,111)
w(195,5,3,111)
w(156,3,3,111)
w(168,6,3,111)
w(152,5,3,111)
w(201,4,3,111)
r(238,6,3,111)
r(362,5,3,111)
r(56,4,3,111)
w(161,6,3,111)
r(170,4,3,111)
w(200,5,3,111)
w(208,4,3,111)
r(33,2,3,111)
w(203,5,3,111)
w(155,6,3,111)
w(142,4,3,111)
r(8,7,4,112)
r(122,5,4,112)
w(231,7,4,112)
w(268,3,4,112)
r(99,6,4,112)
w(240,4,4,112)
r(267,2,4,112)
w(256,6,4,112)
r(231,7,4,112)
w(271,2,4,112)
w(241,5,4,112)
w(276,3,4,112)
r(131,3,4,112)
r(401,3,4,112)
r(204,3,4,112)
w(267,3,4,112)
w(225,2,4,112)
w(234,3,4,112)
w(211,7,4,112)
r(352,2,4,112)
r(167,1,5,113)
r(293,2,5,113)
w(313,3,5,113)
w(303,4,5,113)
r(305,5,5,113)
r(7,4,5,113)
r(72,4,5,113)
w(344,3,5,113)
r(220,6,5,113)
r(177,7,5,113)
w(283,4,5,113)
r(22,6,5,113)
w(308,5,5,113)
w(326,2,5,113)
r(380,6,5,113)
r(285,2,5,113)
w(313,4,5,113)
w(338,4,5,113)
r(193,5,5,113)
r(352,4,5,113)
r(137,2,6,114)
r(353,5,6,114)
r(64,5,6,114)
w(363,7,6,114)
r(199,1,6,114)
w(352,3,6,114)
w(416,6,6,114)
r(17,2,6,114)
w(357,6,6,114)
w(413,6,6,114)
r(188,3,6,114)
r(385,2,6,114)
w(382,2,6,114)
w(401,4,6,114)
r(126,5,6,114)
w(357,7,6,114)
w(395,7,6,114)
r(403,4,6,114)
r(45,3,6,114)
r(418,3,6,114)
r(22,6,1,115)
w(30,4,1,115)
w(10,3,1,115)
r(116,3,1,115)
r(271,2,1,115)
w(64,6,1,115)
w(1,5,1,115)
w(27,4,1,115)
r(310,2,1,115)
r(313,1,1,115)
w(47,3,1,115)
r(223,7,1,115)
w(41,9,1,115)
r(12,1,1,115)
r(87,4,1,115)
r(81,4,1,115)
w(46,5,1,115)
w(68,5,1,115)
r(289,4,1,115)
w(28,5,1,115)
r(39,6,2,116)
r(332,3,2,116)
r(65,4,2,116)
w(86,6,2,116)
w(137,3,2,116)
r(206,3,2,116)
w(91,4,2,116)
r(208,4,2,116)
r(256,8,2,116)
r(331,3,2,116)
r(392,5,2,116)
r(378,4,2,116)
r(308,4,2,116)
r(211,7,2,116)
w(92,4,2,116)
r(410,1,2,116)
r(319,5,2,116)
r(281,5,2,116)
w(81,5,2,116)
r(96,3,2,116)
r(225,4,3,117)
w(171,3,3,117)
r(121,3,3,117)
r(412,3,3,117)
w(183,7,3,117)
r(143,3,3,117)
r(4,3,3,117)
r(21,4,3,117)
w(174,6,3,117)
r(379,5,3,117)
w(168,7,3,117)
r(408,4,3,117)
r(52,3,3,117)
w(147,3,3,117)
r(385,2,3,117)
r(340,2,3,117)
r(355,3,3,117)
w(143,4,3,117)
r(92,3,3,117)
r(295,3,3,117)
r(87,4,4,118)
w(256,7,4,118)
r(316,3,4,118)
w(238,6,4,118)
w(264,4,4,118)
r(337,2,4,118)
w(261,4,4,118)
w(263,5,4,118)
r(261,4,4,118)
r(130,2,4,118)
w(247,4,4,118)
r(236,3,4,118)
w(212,2,4,118)
r(175,7,4,118)
r(5,3,4,118)
r(406,3,4,118)
r(207,3,4,118)
w(263,6,4,118)
r(376,6,4,118)
w(216,5,4,118)
r(316,3,5,119)
w(334,3,5,119)
w(330,5,5,119)
w(289,5,5,119)
w(344,4,5,119)
r(16,4,5,119)
r(200,5,5,119)
r(285,2,5,119)
r(335,3,5,119)
r(68,5,5,119)
r(93,6,5,119)
w(347,6,5,119)
r(312,3,5,119)
r(289,5,5,119)
w(336,3,5,119)
r(343,2,5,119)
w(350,3,5,119)
r(132,2,5,119)
w(349,4,5,119)
w(306,8,5,119)
w(352,4,6,120)
w(402,3,6,120)
w(353,6,6,120)
r(71,6,6,120)
r(387,3,6,120)
w(383,2,6,120)
r(399,2,6,120)
r(8,8,6,120)
r(126,5,6,120)
r(33,2,6,120)
w(397,4,6,120)
r(251,3,6,120)
w(413,7,6,120)
r(7,4,6,120)
r(148,3,6,120)
w(390,6,6,120)
r(305,5,6,120)
w(401,5,6,120)
r(263,6,6,120)
w(419,6,6,120)
w(45,4,1,121)
r(224,7,1,121)
r(405,4,1,121)
w(53,4,1,121)
r(58,2,1,121)
w(12,2,1,121)
r(57,3,1,121)
r(98,5,1,121)
w(60,4,1,121)
r(56,4,1,121)
r(120,2,1,121)
r(244,2,1,121)
w(28,6,1,121)
w(69,3,1,121)
w(39,6,1,121)
r(127,4,1,121)
r(17,2,1,121)
r(98,5,1,121)
r(52,3,1,121)
r(269,3,1,121)
r(111,4,2,122)
r(191,6,2,122)
w(87,5,2,122)
w(74,4,2,122)
r(325,2,2,122)
w(90,6,2,122)
w(102,6,2,122)
w(82,5,2,122)
r(273,5,2,122)
w(83,5,2,122)
w(80,6,2,122)
w(85,4,2,122)
w(75,4,2,122)
w(105,3,2,122)
w(101,8,2,122)
r(293,2,2,122)
w(134,5,2,122)
r(52,3,2,122)
w(125,5,2,122)
w(104,8,2,122)
w(187,7,3,123)
r(107,5,3,123)
r(356,4,3,123)
r(348,4,3,123)
w(186,5,3,123)
w(159,7,3,123)
w(151,4,3,123)
r(39,6,3,123)
w(176,4,3,123)
w(210,4,3,123)
r(197,3,3,123)
r(40,4,3,123)
w(157,5,3,123)
w(157,6,3,123)
r(397,4,3,123)
r(216,5,3,123)
w(203,6,3,123)
r(193,5,3,123)
w(157,7,3,123)
w(209,6,3,123)
r(33,2,4,124)
r(214,4,4,124)
w(252,4,4,124)
r(175,7,4,124)
r(100,1,4,124)
w(242,5,4,124)
r(40,4,4,124)
w(222,4,4,124)
r(63,3,4,124)
w(222,5,4,124)
r(286,6,4,124)
r(300,2,4,124)
w(251,2,4,124)
w(237,4,4,124)
w(257,2,4,124)
r(16,4,4,124)
w(245,5,4,124)
r(297,1,4,124)
w(247,5,4,124)
w(269,2,4,124)
r(388,3,5,125)
w(321,3,5,125)
w(331,4,5,125)
w(324,2,5,125)
r(204,4,5,125)
w(330,6,5,125)
r(236,4,5,125)
w(338,5,5,125)
w(331,5,5,125)
r(190,3,5,125)
r(168,7,5,125)
w(339,3,5,125)
w(304,3,5,125)
w(301,7,5,125)
r(284,5,5,125)
w(346,2,5,125)
w(322,5,5,125)
w(317,7,5,125)
r(65,4,5,125)
w(329,4,5,125)
w(380,7,6,126)
w(402,4,6,126)
r(122,5,6,126)
w(390,7,6,126)
w(419,7,6,126)
w(352,5,6,126)
w(387,4,6,126)
w(385,3,6,126)
w(419,8,6,126)
r(165,7,6,126)
w(381,5,6,126)
r(222,5,6,126)
w(403,5,6,126)
w(362,6,6,126)
r(51,1,6,126)
r(412,3,6,126)
w(381,6,6,126)
w(354,6,6,126)
w(366,6,6,126)
w(383,3,6,126)
w(13,6,1,127)
w(22,7,1,127)
w(17,3,1,127)
r(282,5,1,127)
w(48,6,1,127)
w(62,7,1,127)
w(67,4,1,127)
w(63,4,1,127)
w(67,5,1,127)
r(342,6,1,127)
w(6,6,1,127)
r(32,4,1,127)
r(229,3,1,127)
r(316,3,1,127)
r(403,4,1,127)
w(31,9,1,127)
w(42,6,1,127)
w(49,5,1,127)
w(35,5,1,127)
w(41,10,1,127)
r(141,4,2,128)
w(129,9,2,128)
r(111,4,2,128)
r(49,5,2,128)
w(133,7,2,128)
r(345,3,2,128)
r(6,6,2,128)
r(262,3,2,128)
r(408,4,2,128)
w(88,4,2,128)
r(163,2,2,128)
w(104,9,2,128)
w(116,4,2,128)
w(96,5,2,128)
w(119,4,2,128)
r(243,4,2,128)
w(139,4,2,128)
r(410,1,2,128)
w(114,5,2,128)
r(260,6,2,128)
r(289,5,3,129)
r(255,8,3,129)
r(137,3,3,129)
w(145,3,3,129)
r(371,2,3,129)
w(188,4,3,129)
w(194,6,3,129)
r(259,4,3,129)
r(269,3,3,129)
r(329,3,3,129)
r(204,4,3,129)
r(382,2,3,129)
w(165,8,3,129)
w(163,2,3,129)
w(196,5,3,129)
w(188,5,3,129)
w(154,5,3,129)
w(191,7,3,129)
w(149,4,3,129)
w(167,2,3,129)
w(245,6,4,130)
r(134,4,4,130)
w(220,5,4,130)
r(27,3,4,130)
w(223,7,4,130)
w(257,3,4,130)
w(266,4,4,130)
w(257,4,4,130)
r(345,3,4,130)
w(274,6,4,130)
r(168,4,4,130)
r(91,3,4,130)
w(250,4,4,130)
r(13,5,4,130)
r(275,2,4,130)
w(225,3,4,130)
r(326,1,4,130)
w(225,4,4,130)
r(117,4,4,130)
r(251,2,4,130)
r(121,3,5,131)
w(297,2,5,131)
r(250,7,5,131)
r(344,4,5,131)
w(305,6,5,131)
w(316,4,5,131)
r(335,3,5,131)
r(318,6,5,131)
r(124,2,5,131)
w(328,2,5,131)
w(329,5,5,131)
w(294,4,5,131)
r(333,4,5,131)
r(23,6,5,131)
r(60,5,5,131)
w(298,4,5,131)
r(35,6,5,131)
w(291,3,5,131)
w(346,3,5,131)
w(345,4,5,131)
w(382,3,6,132)
r(304,3,6,132)
w(415,4,6,132)
r(80,6,6,132)
w(374,3,6,132)
w(406,4,6,132)
r(123,3,6,132)
r(411,3,6,132)
r(55,4,6,132)
r(94,6,6,132)
r(242,5,6,132)
w(356,5,6,132)
r(56,4,6,132)
r(51,1,6,132)
w(399,3,6,132)
r(418,3,6,132)
w(357,8,6,132)
w(401,6,6,132)
w(395,8,6,132)
r(285,2,6,132)
w(45,5,1,133)
w(9,4,1,133)
r(275,4,1,133)
w(69,4,1,133)
r(42,6,1,133)
w(38,4,1,133)
r(216,5,1,133)
w(54,8,1,133)
r(319,5,1,133)
w(18,6,1,133)
r(231,7,1,133)
w(14,6,1,133)
r(195,5,1,133)
w(48,7,1,133)
r(50,4,1,133)
r(303,4,1,133)
w(50,5,1,133)
w(35,6,1,133)
r(333,4,1,133)
r(409,2,1,133)
r(174,7,2,134)
w(113,5,2,134)
r(312,3,2,134)
w(101,9,2,134)
r(187,7,2,134)
w(115,2,2,134)
w(121,4,2,134)
r(196,7,2,134)
w(117,5,2,134)
r(203,6,2,134)
r(200,5,2,134)
r(101,9,2,134)
w(118,6,2,134)
w(123,4,2,134)
w(77,5,2,134)
r(111,4,2,134)
w(72,5,2,134)
w(71,7,2,134)
r(172,3,2,134)
r(62,8,2,134)
r(96,5,3,135)
r(220,6,3,135)
w(164,5,3,135)
w(165,9,3,135)
w(188,6,3,135)
r(154,5,3,135)
w(184,4,3,135)
w(144,6,3,135)
w(201,5,3,135)
w(205,5,3,135)
w(153,2,3,135)
r(277,5,3,135)
w(179,4,3,135)
r(45,5,3,135)
r(33,2,3,135)
w(208,5,3,135)
w(190,4,3,135)
w(179,5,3,135)
r(48,7,3,135)
w(175,8,3,135)
r(6,5,4,136)
r(343,2,4,136)
w(269,3,4,136)
w(276,4,4,136)
w(219,5,4,136)
w(254,5,4,136)
w(255,7,4,136)
w(267,4,4,136)
w(220,6,4,136)
r(3,2,4,136)
r(245,6,4,136)
w(256,8,4,136)
w(253,4,4,136)
r(350,2,4,136)
w(241,6,4,136)
w(227,4,4,136)
r(46,4,4,136)
r(169,5,4,136)
r(200,4,4,136)
w(217,6,4,136)
r(365,2,5,137)
w(348,5,5,137)
r(306,8,5,137)
r(82,5,5,137)
r(37,4,5,137)
w(345,5,5,137)
r(3,2,5,137)
r(389,6,5,137)
r(258,7,5,137)
r(56,5,5,137)
r(176,4,5,137)
r(382,3,5,137)
r(91,4,5,137)
w(326,3,5,137)
w(345,6,5,137)
r(401,6,5,137)
r(57,4,5,137)
r(143,4,5,137)
w(324,3,5,137)
w(293,3,5,137)
r(244,2,6,138)
r(276,4,6,138)
w(359,3,6,138)
w(380,8,6,138)
r(80,6,6,138)
r(193,5,6,138)
r(254,6,6,138)
w(405,5,6,138)
r(158,2,6,138)
w(365,3,6,138)
w(377,4,6,138)
r(97,6,6,138)
r(173,2,6,138)
r(333,4,6,138)
w(374,4,6,138)
w(388,4,6,138)
w(399,4,6,138)
w(386,3,6,138)
r(161,6,6,138)
r(397,4,6,138)
r(380,7,1,139)
w(21,5,1,139)
w(63,5,1,139)
w(21,6,1,139)
r(198,3,1,139)
r(167,2,1,139)
w(32,5,1,139)
w(43,4,1,139)
r(214,4,1,139)
r(237,4,1,139)
r(98,5,1,139)
w(14,7,1,139)
r(102,6,1,139)
w(12,3,1,139)
r(371,2,1,139)
r(108,3,1,139)
w(10,4,1,139)
w(60,5,1,139)
r(246,7,1,139)
w(39,7,1,139)
r(365,3,2,140)
r(5,3,2,140)
r(416,6,2,140)
r(338,5,2,140)
w(105,6,2,140)
w(104,10,2,140)
r(222,6,2,140)
w(133,8,2,140)
w(126,6,2,140)
r(135,3,2,140)
r(318,6,2,140)
r(193,5,2,140)
r(204,4,2,140)
r(194,6,2,140)
w(113,6,2,140)
r(279,5,2,140)
w(106,9,2,140)
w(87,6,2,140)
r(334,3,2,140)
r(86,6,2,140)
w(196,6,3,141)
w(181,3,3,141)
w(208,6,3,141)
w(172,3,3,141)
r(365,3,3,141)
w(186,6,3,141)
w(174,7,3,141)
r(376,6,3,141)
r(3,2,3,141)
w(196,7,3,141)
w(153,3,3,141)
r(140,3,3,141)
r(121,3,3,141)
w(160,4,3,141)
w(206,4,3,141)
r(308,5,3,141)
r(41,10,3,141)
w(154,6,3,141)
w(158,3,3,141)
w(156,4,3,141)
r(96,3,4,142)
r(369,5,4,142)
w(228,3,4,142)
r(390,5,4,142)
r(406,3,4,142)
w(273,4,4,142)
r(177,7,4,142)
w(251,3,4,142)
r(108,3,4,142)
w(261,5,4,142)
w(223,8,4,142)
w(279,4,4,142)
r(157,4,4,142)
w(245,7,4,142)
w(280,4,4,142)
w(212,3,4,142)
w(232,4,4,142)
w(258,7,4,142)
w(275,3,4,142)
r(41,9,4,142)
w(297,3,5,143)
r(264,4,5,143)
w(337,5,5,143)
w(326,4,5,143)
r(109,3,5,143)
r(124,2,5,143)
r(298,4,5,143)
r(253,4,5,143)
r(350,3,5,143)
r(117,4,5,143)
w(301,8,5,143)
r(5,3,5,143)
w(342,7,5,143)
r(158,2,5,143)
w(350,4,5,143)
w(319,6,5,143)
w(305,7,5,143)
w(292,5,5,143)
r(361,5,5,143)
r(199,1,5,143)
r(291,3,6,144)
w(404,5,6,144)
r(396,1,6,144)
w(366,7,6,144)
w(407,5,6,144)
w(387,5,6,144)
r(394,5,6,144)
r(406,4,6,144)
w(395,9,6,144)
w(405,6,6,144)
w(380,9,6,144)
w(413,8,6,144)
r(99,6,6,144)
w(384,3,6,144)
r(47,3,6,144)
r(109,3,6,144)
w(384,4,6,144)
r(370,4,6,144)
w(381,7,6,144)
r(98,5,6,144)
r(206,3,1,145)
r(25,6,1,145)
r(292,4,1,145)
r(226,6,1,145)
w(62,8,1,145)
r(202,5,1,145)
w(57,4,1,145)
w(13,7,1,145)
w(2,5,1,145)
w(49,6,1,145)
w(25,7,1,145)
r(310,2,1,145)
w(63,6,1,145)
w(70,3,1,145)
w(55,5,1,145)
w(21,7,1,145)
w(29,6,1,145)
w(56,5,1,145)
r(380,7,1,145)
w(51,3,1,145)
r(44,2,2,146)
r(294,5,2,146)
r(410,2,2,146)
w(90,7,2,146)
r(222,6,2,146)
r(121,4,2,146)
r(127,4,2,146)
r(269,4,2,146)
w(111,5,2,146)
r(27,4,2,146)
r(393,4,2,146)
w(72,6,2,146)
r(231,7,2,146)
w(132,3,2,146)
r(42,6,2,146)
r(283,4,2,146)
w(104,11,2,146)
r(275,4,2,146)
r(356,5,2,146)
w(124,3,2,146)
w(164,6,3,147)
w(161,7,3,147)
r(266,4,3,147)
w(201,6,3,147)
r(384,4,3,147)
r(116,4,3,147)
w(190,5,3,147)
w(186,7,3,147)
w(198,4,3,147)
w(190,6,3,147)
w(201,7,3,147)
w(141,5,3,147)
w(154,7,3,147)
r(273,5,3,147)
r(211,7,3,147)
r(194,6,3,147)
w(176,5,3,147)
w(167,3,3,147)
r(365,3,3,147)
w(167,4,3,147)
w(241,7,4,148)
r(287,3,4,148)
w(259,4,4,148)
w(239,6,4,148)
r(379,5,4,148)
r(96,3,4,148)
r(116,3,4,148)
w(230,6,4,148)
w(249,4,4,148)
r(322,4,4,148)
r(296,2,4,148)
r(218,1,4,148)
r(154,4,4,148)
w(270,3,4,148)
w(254,6,4,148)
r(329,3,4,148)
w(250,5,4,148)
r(218,1,4,148)
r(332,3,4,148)
w(215,3,4,148)
r(257,4,5,149)
w(325,3,5,149)
w(294,5,5,149)
r(295,3,5,149)
r(35,6,5,149)
r(216,6,5,149)
w(306,9,5,149)
w(349,5,5,149)
r(73,5,5,149)
r(22,8,5,149)
w(335,4,5,149)
r(377,4,5,149)
r(397,4,5,149)
r(343,2,5,149)
w(328,3,5,149)
w(327,3,5,149)
w(327,4,5,149)
r(354,6,5,149)
r(204,4,5,149)
w(297,4,5,149)
r(355,3,6,150)
r(368,7,6,150)
w(420,2,6,150)
r(403,5,6,150)
w(392,6,6,150)
w(357,9,6,150)
w(353,7,6,150)
w(420,3,6,150)
r(364,3,6,150)
w(409,3,6,150)
r(140,3,6,150)
w(358,4,6,150)
r(276,4,6,150)
w(397,5,6,150)
r(321,3,6,150)
w(370,5,6,150)
w(377,5,6,150)
r(12,3,6,150)
r(307,3,6,150)
r(251,3,6,150)
r(350,3,1,151)
r(296,2,1,151)
r(311,2,1,151)
w(56,6,1,151)
r(22,7,1,151)
r(33,2,1,151)
w(56,7,1,151)
r(199,1,1,151)
r(326,3,1,151)
w(67,6,1,151)
w(4,4,1,151)
w(40,5,1,151)
r(22,7,1,151)
r(66,4,1,151)
w(25,8,1,151)
w(65,5,1,151)
r(77,4,1,151)
w(52,4,1,151)
r(395,8,1,151)
r(411,3,1,151)
r(324,3,2,152)
r(78,6,2,152)
r(375,4,2,152)
r(347,6,2,152)
w(134,6,2,152)
w(74,5,2,152)
r(318,6,2,152)
r(348,6,2,152)
w(93,7,2,152)
r(210,4,2,152)
r(78,6,2,152)
w(93,8,2,152)
r(355,3,2,152)
w(129,11,2,152)
w(94,7,2,152)
r(408,4,2,152)
r(312,4,2,152)
r(158,3,2,152)
r(111,5,2,152)
w(95,6,2,152)
r(153,3,3,153)
w(171,4,3,153)
w(146,6,3,153)
w(169,6,3,153)
w(169,7,3,153)
r(252,4,3,153)
r(274,9,3,153)
w(150,3,3,153)
w(143,5,3,153)
r(209,6,3,153)
w(160,5,3,153)
r(115,2,3,153)
w(150,4,3,153)
w(201,8,3,153)
r(162,2,3,153)
w(145,4,3,153)
r(246,8,3,153)
w(165,10,3,153)
r(384,4,3,153)
w(191,8,3,153)
w(250,6,4,154)
r(249,4,4,154)
r(131,4,4,154)
r(160,3,4,154)
r(383,2,4,154)
w(280,5,4,154)
r(191,6,4,154)
r(96,3,4,154)
r(392,5,4,154)
w(255,8,4,154)
w(273,5,4,154)
r(115,1,4,154)
w(248,2,4,154)
w(236,4,4,154)
w(275,4,4,154)
w(279,5,4,154)
w(238,7,4,154)
r(109,3,4,154)
r(118,4,4,154)
r(332,3,4,154)
r(132,2,5,155)
w(316,5,5,155)
w(326,5,5,155)
w(321,4,5,155)
w(336,4,5,155)
r(193,5,5,155)
r(406,4,5,155)
w(341,8,5,155)
w(348,6,5,155)
r(249,6,5,155)
r(188,6,5,155)
r(241,7,5,155)
r(369,5,5,155)
r(139,4,5,155)
w(305,8,5,155)
r(7,4,5,155)
r(167,4,5,155)
w(336,5,5,155)
w(292,6,5,155)
w(292,7,5,155)
r(56,7,6,156)
w(379,6,6,156)
w(394,6,6,156)
w(410,2,6,156)
w(418,4,6,156)
w(395,10,6,156)
w(399,5,6,156)
r(115,2,6,156)
w(372,4,6,156)
w(397,6,6,156)
w(398,3,6,156)
r(236,4,6,156)
r(148,3,6,156)
r(70,3,6,156)
r(194,6,6,156)
w(357,10,6,156)
r(193,5,6,156)
r(372,4,6,156)
r(341,7,6,156)
r(361,5,6,156)
w(68,6,1,157)
r(214,4,1,157)
w(49,7,1,157)
w(22,8,1,157)
w(69,5,1,157)
r(279,5,1,157)
w(46,6,1,157)
w(1,6,1,157)
w(39,8,1,157)
r(417,2,1,157)
r(158,3,1,157)
r(416,6,1,157)
r(236,4,1,157)
w(16,5,1,157)
w(68,7,1,157)
r(187,7,1,157)
w(41,11,1,157)
w(21,8,1,157)
w(33,3,1,157)
w(34,5,1,157)
r(312,4,2,158)
r(305,8,2,158)
w(89,5,2,158)
w(128,5,2,158)
w(129,12,2,158)
w(100,3,2,158)
w(110,8,2,158)
w(82,6,2,158)
w(116,5,2,158)
r(247,5,2,158)
r(82,6,2,158)
r(133,8,2,158)
r(140,3,2,158)
r(18,7,2,158)
r(115,2,2,158)
w(91,5,2,158)
r(395,10,2,158)
r(58,2,2,158)
r(367,2,2,158)
r(23,7,2,158)
r(118,6,3,159)
w(166,4,3,159)
r(39,8,3,159)
r(40,5,3,159)
w(176,6,3,159)
r(233,4,3,159)
w(165,11,3,159)
r(351,3,3,159)
w(175,9,3,159)
r(190,6,3,159)
r(140,3,3,159)
w(194,7,3,159)
w(148,4,3,159)
r(274,9,3,159)
r(393,4,3,159)
r(187,7,3,159)
w(169,8,3,159)
r(310,2,3,159)
w(192,4,3,159)
w(166,5,3,159)
r(186,5,4,160)
r(307,3,4,160)
w(225,5,4,160)
r(385,3,4,160)
r(328,1,4,160)
w(240,5,4,160)
r(38,4,4,160)
r(288,4,4,160)
w(243,4,4,160)
r(190,3,4,160)
w(250,7,4,160)
w(272,5,4,160)
w(270,4,4,160)
w(271,3,4,160)
w(216,6,4,160)
r(300,3,4,160)
w(226,5,4,160)
r(63,4,4,160)
w(249,5,4,160)
r(375,4,4,160)
w(296,3,5,161)
r(6,6,5,161)
w(287,4,5,161)
w(312,4,5,161)
w(334,4,5,161)
w(344,5,5,161)
r(347,6,5,161)
w(338,6,5,161)
r(69,5,5,161)
r(132,3,5,161)
w(329,6,5,161)
r(6,6,5,161)
w(329,7,5,161)
r(226,7,5,161)
r(186,7,5,161)
r(367,2,5,161)
w(317,8,5,161)
w(326,6,5,161)
r(7,4,5,161)
r(254,6,5,161)
r(133,8,6,162)
w(381,8,6,162)
r(348,6,6,162)
r(148,3,6,162)
w(412,4,6,162)
w(398,4,6,162)
r(366,7,6,162)
w(354,7,6,162)
w(394,7,6,162)
w(418,5,6,162)
r(73,5,6,162)
w(371,3,6,162)
w(356,6,6,162)
w(399,6,6,162)
r(29,7,6,162)
w(360,6,6,162)
w(414,8,6,162)
r(212,4,6,162)
w(409,4,6,162)
r(328,3,6,162)
w(12,4,1,163)
r(255,8,1,163)
r(210,4,1,163)
w(62,9,1,163)
r(403,5,1,163)
r(23,6,1,163)
r(64,6,1,163)
r(334,3,1,163)
w(23,7,1,163)
r(308,5,1,163)
w(60,6,1,163)
w(24,5,1,163)
r(298,4,1,163)
r(145,3,1,163)
w(18,7,1,163)
w(29,7,1,163)
r(128,4,1,163)
r(122,5,1,163)
r(335,4,1,163)
w(46,7,1,163)
r(148,4,3,164)
w(169,9,3,164)
r(14,7,3,164)
r(355,3,3,164)
w(181,4,3,164)
r(99,6,3,164)
r(118,6,3,164)
r(66,4,3,164)
w(145,5,3,164)
r(78,6,3,164)
w(187,8,3,164)
w(163,3,3,164)
w(201,9,3,164)
r(307,3,3,164)
r(281,5,3,164)
r(54,8,3,164)
w(209,7,3,164)
r(170,4,3,164)
w(203,7,3,164)
r(375,4,3,164)
r(204,4,4,165)
w(274,7,4,165)
w(245,8,4,165)
w(212,4,4,165)
r(55,4,4,165)
r(220,6,4,165)
w(217,7,4,165)
r(104,9,4,165)
w(237,5,4,165)
w(250,8,4,165)
w(249,6,4,165)
r(45,5,4,165)
r(380,7,4,165)
w(243,5,4,165)
w(220,7,4,165)
r(347,6,4,165)
r(353,6,4,165)
w(213,6,4,165)
w(226,6,4,165)
w(262,4,4,165)
r(201,8,5,166)
w(342,8,5,166)
r(101,9,5,166)
r(220,7,5,166)
r(52,4,5,166)
r(90,7,5,166)
r(102,6,5,166)
r(302,2,5,166)
w(330,7,5,166)
r(201,8,5,166)
r(63,6,5,166)
w(293,4,5,166)
r(230,7,5,166)
r(40,5,5,166)
w(287,5,5,166)
r(230,7,5,166)
w(288,5,5,166)
r(415,4,5,166)
w(324,4,5,166)
r(341,8,5,166)
w(407,6,6,167)
r(270,4,6,167)
r(291,3,6,167)
w(417,4,6,167)
r(176,6,6,167)
w(371,4,6,167)
r(33,5,6,167)
r(348,6,6,167)
w(371,5,6,167)
w(406,5,6,167)
r(314,6,6,167)
r(276,4,6,167)
r(296,3,6,167)
r(340,2,6,167)
r(324,3,6,167)
r(145,4,6,167)
r(203,6,6,167)
w(377,6,6,167)
w(389,7,6,167)
r(345,6,6,167)
w(33,4,1,168)
r(327,4,1,168)
w(33,5,1,168)
w(30,5,1,168)
w(45,6,1,168)
w(48,8,1,168)
r(230,7,1,168)
r(5,3,1,168)
r(348,6,1,168)
w(45,7,1,168)
r(350,4,1,168)
r(361,5,1,168)
w(22,9,1,168)
r(249,6,1,168)
r(113,6,1,168)
w(25,9,1,168)
r(223,8,1,168)
r(419,8,1,168)
r(320,4,1,168)
w(62,10,1,168)
r(57,4,3,169)
r(222,6,3,169)
r(388,4,3,169)
r(401,6,3,169)
w(196,8,3,169)
w(184,5,3,169)
w(203,8,3,169)
r(144,6,3,169)
w(141,6,3,169)
w(156,5,3,169)
w(194,8,3,169)
w(209,8,3,169)
r(377,8,3,169)
r(156,5,3,169)
w(163,4,3,169)
r(11,4,3,169)
w(191,9,3,169)
r(406,5,3,169)
r(339,3,3,169)
w(176,7,3,169)
r(132,2,4,170)
r(400,2,4,170)
w(248,3,4,170)
r(57,4,4,170)
w(230,7,4,170)
w(261,6,4,170)
w(269,4,4,170)
r(118,4,4,170)
r(338,5,4,170)
r(253,4,4,170)
r(317,7,4,170)
w(274,8,4,170)
r(353,6,4,170)
r(338,5,4,170)
r(246,7,4,170)
w(245,9,4,170)
r(51,3,4,170)
w(226,7,4,170)
r(399,3,4,170)
w(274,9,4,170)
r(203,7,5,171)
r(13,7,5,171)
w(311,3,5,171)
w(331,6,5,171)
r(325,3,5,171)
r(164,6,5,171)
r(75,4,5,171)
w(341,9,5,171)
r(85,4,5,171)
w(283,5,5,171)
r(115,2,5,171)
r(254,6,5,171)
w(329,8,5,171)
r(84,2,5,171)
w(308,6,5,171)
r(399,6,5,171)
r(414,8,5,171)
r(341,9,5,171)
w(316,6,5,171)
w(348,7,5,171)
r(404,5,6,172)
w(356,7,6,172)
w(398,5,6,172)
w(416,7,6,172)
r(72,6,6,172)
w(377,7,6,172)
r(25,9,6,172)
r(210,4,6,172)
r(314,6,6,172)
r(406,5,6,172)
w(387,6,6,172)
r(106,9,6,172)
r(173,2,6,172)
r(333,4,6,172)
r(239,6,6,172)
w(377,8,6,172)
w(351,4,6,172)
w(403,6,6,172)
w(420,4,6,172)
r(17,3,6,172)
w(208,7,3,173)
w(170,5,3,173)
w(205,6,3,173)
r(182,1,3,173)
w(157,8,3,173)
w(149,5,3,173)
r(153,3,3,173)
r(317,8,3,173)
r(349,5,3,173)
r(160,5,3,173)
w(199,2,3,173)
w(196,9,3,173)
r(367,2,3,173)
r(154,7,3,173)
r(283,5,3,173)
w(148,5,3,173)
r(318,7,3,173)
r(8,8,3,173)
r(306,10,3,173)
r(154,7,3,173)
w(217,8,4,174)
r(350,4,4,174)
w(221,6,4,174)
r(163,2,4,174)
w(280,6,4,174)
w(222,6,4,174)
r(401,6,4,174)
r(197,3,4,174)
r(84,2,4,174)
r(298,4,4,174)
w(280,7,4,174)
r(14,7,4,174)
r(15,3,4,174)
r(68,5,4,174)
r(332,3,4,174)
w(246,8,4,174)
w(235,4,4,174)
r(288,4,4,174)
r(344,4,4,174)
r(266,4,4,174)
w(343,3,5,175)
w(321,5,5,175)
w(318,7,5,175)
r(234,3,5,175)
r(173,2,5,175)
w(325,4,5,175)
w(305,9,5,175)
r(328,3,5,175)
w(307,4,5,175)
r(212,4,5,175)
w(328,4,5,175)
w(344,6,5,175)
r(261,6,5,175)
w(331,7,5,175)
w(286,8,5,175)
w(347,7,5,175)
w(291,4,5,175)
w(306,10,5,175)
r(368,7,5,175)
w(301,9,5,175)
