w(1,1,0,0)
w(2,1,0,0)
w(3,1,0,0)
w(4,1,0,0)
w(5,1,0,0)
w(6,1,0,0)
w(7,1,0,0)
w(8,1,0,0)
w(9,1,0,0)
w(10,1,0,0)
w(11,1,0,0)
w(12,1,0,0)
w(13,1,0,0)
w(14,1,0,0)
w(15,1,0,0)
w(16,1,0,0)
w(17,1,0,0)
w(18,1,0,0)
w(19,1,0,0)
w(20,1,0,0)
w(21,1,0,0)
w(22,1,0,0)
w(23,1,0,0)
w(24,1,0,0)
w(25,1,0,0)
w(26,1,0,0)
w(27,1,0,0)
w(28,1,0,0)
w(29,1,0,0)
w(30,1,0,0)
w(31,1,0,0)
w(32,1,0,0)
w(33,1,0,0)
w(34,1,0,0)
w(35,1,0,0)
w(36,1,0,0)
w(37,1,0,0)
w(38,1,0,0)
w(39,1,0,0)
w(40,1,0,0)
w(41,1,0,0)
w(42,1,0,0)
w(43,1,0,0)
w(44,1,0,0)
w(45,1,0,0)
w(46,1,0,0)
w(47,1,0,0)
w(48,1,0,0)
w(49,1,0,0)
w(50,1,0,0)
w(51,1,0,0)
w(52,1,0,0)
w(53,1,0,0)
w(54,1,0,0)
w(55,1,0,0)
w(56,1,0,0)
w(57,1,0,0)
w(58,1,0,0)
w(59,1,0,0)
w(60,1,0,0)
w(61,1,0,0)
w(62,1,0,0)
w(63,1,0,0)
w(64,1,0,0)
w(65,1,0,0)
w(66,1,0,0)
w(67,1,0,0)
w(68,1,0,0)
w(69,1,0,0)
w(70,1,0,0)
w(71,1,0,0)
w(72,1,0,0)
w(73,1,0,0)
w(74,1,0,0)
w(75,1,0,0)
w(76,1,0,0)
w(77,1,0,0)
w(78,1,0,0)
w(79,1,0,0)
w(80,1,0,0)
w(81,1,0,0)
w(82,1,0,0)
w(83,1,0,0)
w(84,1,0,0)
w(85,1,0,0)
w(86,1,0,0)
w(87,1,0,0)
w(88,1,0,0)
w(89,1,0,0)
w(90,1,0,0)
w(91,1,0,0)
w(92,1,0,0)
w(93,1,0,0)
w(94,1,0,0)
w(95,1,0,0)
w(96,1,0,0)
w(97,1,0,0)
w(98,1,0,0)
w(99,1,0,0)
w(100,1,0,0)
w(101,1,0,0)
w(102,1,0,0)
w(103,1,0,0)
w(104,1,0,0)
w(105,1,0,0)
w(106,1,0,0)
w(107,1,0,0)
w(108,1,0,0)
w(109,1,0,0)
w(110,1,0,0)
w(111,1,0,0)
w(112,1,0,0)
w(113,1,0,0)
w(114,1,0,0)
w(115,1,0,0)
w(116,1,0,0)
w(117,1,0,0)
w(118,1,0,0)
w(119,1,0,0)
w(120,1,0,0)
w(121,1,0,0)
w(122,1,0,0)
w(123,1,0,0)
w(124,1,0,0)
w(125,1,0,0)
w(126,1,0,0)
w(127,1,0,0)
w(128,1,0,0)
w(129,1,0,0)
w(130,1,0,0)
w(131,1,0,0)
w(132,1,0,0)
w(133,1,0,0)
w(134,1,0,0)
w(135,1,0,0)
w(136,1,0,0)
w(137,1,0,0)
w(138,1,0,0)
w(139,1,0,0)
w(140,1,0,0)
w(141,1,0,0)
w(142,1,0,0)
w(143,1,0,0)
w(144,1,0,0)
w(145,1,0,0)
w(146,1,0,0)
w(147,1,0,0)
w(148,1,0,0)
w(149,1,0,0)
w(150,1,0,0)
w(151,1,0,0)
w(152,1,0,0)
w(153,1,0,0)
w(154,1,0,0)
w(155,1,0,0)
w(156,1,0,0)
w(157,1,0,0)
w(158,1,0,0)
w(159,1,0,0)
w(160,1,0,0)
w(161,1,0,0)
w(162,1,0,0)
w(163,1,0,0)
w(164,1,0,0)
w(165,1,0,0)
w(166,1,0,0)
w(167,1,0,0)
w(168,1,0,0)
w(169,1,0,0)
w(170,1,0,0)
w(171,1,0,0)
w(172,1,0,0)
w(173,1,0,0)
w(174,1,0,0)
w(175,1,0,0)
w(176,1,0,0)
w(177,1,0,0)
w(178,1,0,0)
w(179,1,0,0)
w(180,1,0,0)
w(181,1,0,0)
w(182,1,0,0)
w(183,1,0,0)
w(184,1,0,0)
w(185,1,0,0)
w(186,1,0,0)
w(187,1,0,0)
w(188,1,0,0)
w(189,1,0,0)
w(190,1,0,0)
w(191,1,0,0)
w(192,1,0,0)
w(193,1,0,0)
w(194,1,0,0)
w(195,1,0,0)
w(196,1,0,0)
w(197,1,0,0)
w(198,1,0,0)
w(199,1,0,0)
w(200,1,0,0)
w(201,1,0,0)
w(202,1,0,0)
w(203,1,0,0)
w(204,1,0,0)
w(205,1,0,0)
w(206,1,0,0)
w(207,1,0,0)
w(208,1,0,0)
w(209,1,0,0)
w(210,1,0,0)
w(211,1,0,0)
w(212,1,0,0)
w(213,1,0,0)
w(214,1,0,0)
w(215,1,0,0)
w(216,1,0,0)
w(217,1,0,0)
w(218,1,0,0)
w(219,1,0,0)
w(220,1,0,0)
w(221,1,0,0)
w(222,1,0,0)
w(223,1,0,0)
w(224,1,0,0)
w(225,1,0,0)
w(226,1,0,0)
w(227,1,0,0)
w(228,1,0,0)
w(229,1,0,0)
w(230,1,0,0)
w(231,1,0,0)
w(232,1,0,0)
w(233,1,0,0)
w(234,1,0,0)
w(235,1,0,0)
w(236,1,0,0)
w(237,1,0,0)
w(238,1,0,0)
w(239,1,0,0)
w(240,1,0,0)
w(241,1,0,0)
w(242,1,0,0)
w(243,1,0,0)
w(244,1,0,0)
w(245,1,0,0)
w(246,1,0,0)
w(247,1,0,0)
w(248,1,0,0)
w(249,1,0,0)
w(250,1,0,0)
w(251,1,0,0)
w(252,1,0,0)
w(253,1,0,0)
w(254,1,0,0)
w(255,1,0,0)
w(256,1,0,0)
w(257,1,0,0)
w(258,1,0,0)
w(259,1,0,0)
w(260,1,0,0)
w(261,1,0,0)
w(262,1,0,0)
w(263,1,0,0)
w(264,1,0,0)
w(265,1,0,0)
w(266,1,0,0)
w(267,1,0,0)
w(268,1,0,0)
w(269,1,0,0)
w(270,1,0,0)
w(271,1,0,0)
w(272,1,0,0)
w(273,1,0,0)
w(274,1,0,0)
w(275,1,0,0)
w(276,1,0,0)
w(277,1,0,0)
w(278,1,0,0)
w(279,1,0,0)
w(280,1,0,0)
w(281,1,0,0)
w(282,1,0,0)
w(283,1,0,0)
w(284,1,0,0)
w(285,1,0,0)
w(286,1,0,0)
w(287,1,0,0)
w(288,1,0,0)
w(289,1,0,0)
w(290,1,0,0)
w(291,1,0,0)
w(292,1,0,0)
w(293,1,0,0)
w(294,1,0,0)
w(295,1,0,0)
w(296,1,0,0)
w(297,1,0,0)
w(298,1,0,0)
w(299,1,0,0)
w(300,1,0,0)
w(301,1,0,0)
w(302,1,0,0)
w(303,1,0,0)
w(304,1,0,0)
w(305,1,0,0)
w(306,1,0,0)
w(307,1,0,0)
w(308,1,0,0)
w(309,1,0,0)
w(310,1,0,0)
w(311,1,0,0)
w(312,1,0,0)
w(313,1,0,0)
w(314,1,0,0)
w(315,1,0,0)
w(316,1,0,0)
w(317,1,0,0)
w(318,1,0,0)
w(319,1,0,0)
w(320,1,0,0)
w(321,1,0,0)
w(322,1,0,0)
w(323,1,0,0)
w(324,1,0,0)
w(325,1,0,0)
w(326,1,0,0)
w(327,1,0,0)
w(328,1,0,0)
w(329,1,0,0)
w(330,1,0,0)
w(331,1,0,0)
w(332,1,0,0)
w(333,1,0,0)
w(334,1,0,0)
w(335,1,0,0)
w(336,1,0,0)
w(337,1,0,0)
w(338,1,0,0)
w(339,1,0,0)
w(340,1,0,0)
w(341,1,0,0)
w(342,1,0,0)
w(343,1,0,0)
w(344,1,0,0)
w(345,1,0,0)
w(346,1,0,0)
w(347,1,0,0)
w(348,1,0,0)
w(349,1,0,0)
w(350,1,0,0)
w(351,1,0,0)
w(352,1,0,0)
w(353,1,0,0)
w(354,1,0,0)
w(355,1,0,0)
w(356,1,0,0)
w(357,1,0,0)
w(358,1,0,0)
w(359,1,0,0)
w(360,1,0,0)
w(250,2,1,1)
r(21,1,1,1)
w(354,2,1,1)
w(112,2,1,1)
w(217,2,1,1)
w(222,2,1,1)
w(128,2,1,1)
r(77,1,1,1)
r(78,1,1,1)
w(102,6,2,2)
w(78,2,2,2)
w(70,3,2,2)
w(148,3,2,2)
r(323,1,2,2)
w(78,3,2,2)
r(259,1,2,2)
r(33,1,2,2)
r(130,1,2,2)
w(54,7,2,2)
r(228,1,2,2)
w(163,7,2,2)
r(304,1,2,2)
r(143,1,2,2)
w(223,3,2,2)
w(169,6,2,2)
w(12,4,2,2)
r(303,1,2,2)
w(52,4,2,2)
w(324,2,2,2)
w(125,6,2,2)
r(159,1,2,2)
r(92,1,2,2)
w(195,6,2,2)
r(184,1,2,2)
r(92,1,2,2)
r(240,1,2,2)
r(289,1,2,2)
w(80,3,2,2)
w(360,2,2,2)
r(87,1,2,2)
w(212,5,2,2)
r(290,1,3,3)
w(152,11,3,3)
r(303,1,3,3)
r(265,1,3,3)
r(117,1,3,3)
r(345,1,3,3)
w(306,5,3,3)
w(23,5,3,3)
r(311,1,3,3)
w(69,13,3,3)
r(269,1,3,3)
r(54,2,3,3)
r(200,1,3,3)
r(108,1,3,3)
w(145,5,3,3)
w(220,7,3,3)
w(132,5,3,3)
w(175,7,3,3)
w(316,5,3,3)
w(105,6,3,3)
w(357,11,3,3)
r(347,1,3,3)
r(136,1,3,3)
w(282,7,3,3)
w(16,8,3,3)
r(162,1,3,3)
w(356,7,3,3)
w(96,7,3,3)
w(172,5,3,3)
r(340,1,3,3)
r(246,1,3,3)
w(247,5,3,3)
w(284,7,3,3)
r(22,2,3,3)
r(65,1,3,3)
w(4,4,3,3)
w(320,5,3,3)
r(114,1,3,3)
w(114,7,3,3)
r(210,1,3,3)
w(140,8,3,3)
w(183,13,3,3)
w(206,5,3,3)
w(292,6,3,3)
r(22,2,3,3)
w(92,6,3,3)
r(352,1,3,3)
r(265,1,3,3)
w(353,4,3,3)
r(253,1,3,3)
r(77,1,4,4)
r(68,1,4,4)
r(158,1,4,4)
w(281,8,4,4)
r(116,1,4,4)
r(114,7,4,4)
w(107,11,4,4)
w(13,11,4,4)
w(335,5,4,4)
w(72,8,4,4)
r(174,1,4,4)
r(357,11,4,4)
r(84,1,4,4)
w(353,5,4,4)
w(47,6,4,4)
r(9,1,4,4)
r(212,1,4,4)
w(339,5,4,4)
r(296,1,4,4)
r(94,1,4,4)
w(87,8,4,4)
w(213,5,5,5)
w(320,14,5,5)
r(189,1,5,5)
r(100,1,5,5)
w(336,14,5,5)
w(162,12,5,5)
r(345,1,5,5)
r(194,1,5,5)
w(186,6,5,5)
r(339,1,5,5)
w(46,5,5,5)
w(336,10,5,5)
r(83,1,5,5)
r(256,1,5,5)
r(271,1,5,5)
w(59,13,5,5)
w(85,13,5,5)
r(173,1,5,5)
w(300,11,5,5)
r(317,1,5,5)
w(216,10,5,5)
w(334,14,5,5)
w(186,5,5,5)
r(194,1,5,5)
w(252,9,5,5)
w(194,9,5,5)
r(135,1,6,6)
r(243,1,6,6)
w(244,11,6,6)
w(179,10,6,6)
w(175,10,6,6)
w(58,13,6,6)
w(125,9,6,6)
w(73,16,6,6)
w(184,12,6,6)
r(122,1,6,6)
w(276,11,6,6)
w(235,14,6,6)
w(205,22,6,6)
r(194,1,6,6)
r(112,1,6,6)
w(239,18,6,6)
w(119,15,6,6)
w(329,17,6,6)
r(188,1,6,6)
w(351,2,1,7)
r(149,1,1,7)
r(315,1,1,7)
r(17,1,1,7)
w(37,2,1,7)
r(105,1,1,7)
r(20,1,1,7)
w(31,2,1,7)
r(345,1,1,7)
w(104,2,1,7)
w(341,2,1,7)
r(325,1,1,7)
w(351,3,1,7)
w(142,2,1,7)
r(318,1,1,7)
w(41,2,1,7)
r(49,1,1,7)
r(188,1,1,7)
r(43,1,1,7)
w(232,2,1,7)
w(59,2,1,7)
r(158,1,1,7)
r(272,1,1,7)
w(40,2,1,7)
w(346,2,1,7)
w(263,2,1,7)
r(289,1,1,7)
w(115,2,1,7)
w(175,2,1,7)
w(196,2,1,7)
r(186,1,1,7)
r(359,1,1,7)
w(6,2,1,7)
r(158,1,1,7)
r(238,1,1,7)
r(138,1,1,7)
w(355,2,1,7)
w(234,2,1,7)
w(206,2,1,7)
r(144,1,1,7)
w(22,2,1,7)
r(74,1,1,7)
r(246,1,1,7)
w(280,2,1,7)
r(307,1,1,7)
r(180,1,1,7)
r(38,1,1,7)
w(133,2,1,7)
w(54,2,1,7)
r(337,1,1,7)
r(90,1,2,8)
r(4,4,2,8)
r(320,5,2,8)
w(260,4,2,8)
r(71,1,2,8)
r(286,1,2,8)
r(77,1,2,8)
r(68,1,2,8)
r(237,1,2,8)
w(337,7,2,8)
w(107,6,2,8)
r(159,1,2,8)
r(66,1,2,8)
w(115,6,2,8)
w(131,3,2,8)
w(95,3,2,8)
r(66,1,2,8)
w(198,7,2,8)
r(198,7,2,8)
r(357,11,2,8)
w(37,6,2,8)
w(350,7,2,8)
w(33,4,2,8)
r(174,1,2,8)
r(279,1,2,8)
w(234,6,2,8)
r(291,1,2,8)
r(47,1,2,8)
w(171,7,2,8)
r(213,1,2,8)
w(328,6,2,8)
w(46,4,2,8)
w(108,4,2,8)
w(36,2,2,8)
r(73,1,2,8)
w(293,7,2,8)
w(52,7,2,8)
w(23,7,2,8)
w(274,7,2,8)
r(164,1,2,8)
r(297,1,2,8)
w(334,3,2,8)
r(91,1,2,8)
w(244,3,2,8)
r(20,1,2,8)
r(231,1,2,8)
r(240,1,2,8)
r(174,1,2,8)
w(315,4,2,8)
w(353,3,2,8)
w(258,4,3,9)
w(212,10,3,9)
w(1,6,3,9)
w(351,6,3,9)
r(103,1,3,9)
w(151,6,3,9)
w(248,11,3,9)
r(248,11,3,9)
r(306,5,3,9)
r(205,1,3,9)
w(45,5,3,9)
w(335,6,3,9)
w(110,11,3,9)
w(219,11,3,9)
w(71,6,3,9)
r(295,1,3,9)
w(171,5,3,9)
w(111,7,3,9)
r(226,1,3,9)
w(101,5,3,9)
r(289,1,3,9)
w(149,4,3,9)
w(155,5,3,9)
w(50,7,3,9)
w(152,14,3,9)
r(119,1,3,9)
w(240,6,3,9)
w(43,4,3,9)
r(5,1,3,9)
w(293,8,3,9)
r(80,1,3,9)
r(126,1,4,10)
w(138,13,4,10)
r(134,1,4,10)
r(76,1,4,10)
r(171,7,4,10)
r(66,1,4,10)
r(296,1,4,10)
w(72,13,4,10)
r(261,1,4,10)
r(184,1,4,10)
r(159,1,4,10)
r(264,1,4,10)
w(302,6,4,10)
w(223,7,4,10)
r(166,1,4,10)
w(84,11,4,10)
w(202,6,4,10)
r(95,3,4,10)
r(201,1,4,10)
w(251,8,4,10)
w(34,7,4,10)
r(299,1,4,10)
w(73,11,4,10)
w(299,8,4,10)
r(305,1,5,11)
r(47,1,5,11)
r(44,1,5,11)
w(129,8,5,11)
r(197,1,5,11)
w(107,12,5,11)
w(181,8,5,11)
r(164,1,5,11)
r(109,1,5,11)
w(207,6,5,11)
w(26,14,5,11)
r(94,1,5,11)
w(63,13,5,11)
r(207,6,5,11)
w(338,8,5,11)
r(304,1,5,11)
w(253,11,5,11)
w(20,14,5,11)
w(233,11,5,11)
w(31,5,5,11)
r(268,1,5,11)
w(72,14,5,11)
w(38,11,5,11)
r(44,1,5,11)
w(347,4,5,11)
w(62,12,5,11)
r(13,1,5,11)
w(44,10,5,11)
r(16,8,5,11)
w(198,13,5,11)
r(249,1,5,11)
r(36,2,5,11)
w(76,9,5,11)
w(356,11,5,11)
w(223,8,5,11)
r(228,1,5,11)
w(354,12,5,11)
r(94,1,5,11)
r(220,7,5,11)
r(226,1,5,11)
w(60,11,5,11)
w(58,5,5,11)
w(110,12,5,11)
w(164,13,5,11)
w(208,13,5,11)
r(320,5,6,12)
r(206,5,6,12)
r(302,1,6,12)
w(85,12,6,12)
w(263,8,6,12)
w(11,17,6,12)
r(250,1,6,12)
w(178,5,6,12)
w(51,16,6,12)
r(344,1,6,12)
r(10,1,6,12)
r(117,1,6,12)
r(162,1,6,12)
w(3,13,6,12)
r(357,11,6,12)
w(88,15,6,12)
r(335,1,6,12)
w(74,11,6,12)
r(203,1,6,12)
w(103,8,6,12)
w(45,10,6,12)
r(270,1,6,12)
w(247,10,6,12)
w(346,3,1,13)
r(346,3,1,13)
w(205,2,1,13)
r(115,2,1,13)
r(170,1,1,13)
w(35,2,1,13)
w(346,4,1,13)
w(237,2,1,13)
w(11,2,1,13)
w(298,2,1,13)
w(76,2,1,13)
w(210,2,1,13)
r(22,2,1,13)
w(340,2,1,13)
w(138,2,1,13)
r(221,1,1,13)
r(178,1,1,13)
w(164,2,1,13)
r(360,1,2,14)
w(343,7,2,14)
w(281,2,2,14)
r(91,1,2,14)
r(294,1,2,14)
w(248,7,2,14)
r(61,1,2,14)
r(150,1,2,14)
w(334,4,2,14)
w(192,3,2,14)
w(22,7,2,14)
r(286,1,2,14)
r(317,1,2,14)
r(314,1,2,14)
w(297,3,2,14)
w(102,5,2,14)
w(326,4,2,14)
r(298,1,2,14)
w(350,6,2,14)
w(14,3,2,14)
w(128,4,2,14)
w(42,3,2,14)
r(241,1,2,14)
r(91,1,2,14)
w(287,7,2,14)
r(302,1,2,14)
r(175,7,2,14)
w(277,2,2,14)
w(255,6,2,14)
w(244,4,2,14)
r(231,1,2,14)
w(244,7,2,14)
r(108,4,2,14)
r(339,1,2,14)
r(114,7,2,14)
r(217,1,2,14)
r(214,1,2,14)
w(327,7,2,14)
w(14,4,2,14)
w(104,5,2,14)
w(220,2,2,14)
w(320,7,2,14)
w(133,7,2,14)
r(62,1,2,14)
w(275,7,2,14)
r(360,1,2,14)
w(70,4,2,14)
w(25,4,2,14)
r(36,2,2,14)
r(218,1,2,14)
w(211,3,3,15)
r(54,2,3,15)
r(294,1,3,15)
r(5,1,3,15)
r(273,1,3,15)
w(333,7,3,15)
r(155,1,3,15)
r(48,5,3,15)
r(329,1,3,15)
r(168,1,3,15)
w(308,7,3,15)
r(345,12,3,15)
r(339,8,3,15)
w(205,14,3,15)
r(325,1,3,15)
w(265,6,3,15)
r(216,4,3,15)
r(218,1,3,15)
w(268,8,3,15)
w(134,7,3,15)
r(43,1,3,15)
w(148,11,3,15)
w(173,7,3,15)
w(150,3,3,15)
r(197,1,3,15)
w(239,14,3,15)
r(126,1,3,15)
r(139,1,3,15)
r(238,1,3,15)
r(180,1,3,15)
r(205,14,3,15)
w(333,6,3,15)
r(312,1,3,15)
r(81,1,3,15)
w(266,4,3,15)
r(33,9,3,15)
r(156,1,3,15)
r(31,2,3,15)
w(265,5,3,15)
r(303,1,3,15)
w(237,8,3,15)
w(14,8,3,15)
r(233,1,3,15)
r(82,5,3,15)
r(360,1,3,15)
r(243,1,3,15)
r(198,7,3,15)
w(119,6,3,15)
r(298,6,3,15)
w(136,3,3,15)
r(90,1,4,16)
w(186,7,4,16)
r(28,1,4,16)
r(330,7,4,16)
w(76,11,4,16)
r(218,1,4,16)
w(200,14,4,16)
r(121,1,4,16)
w(75,8,4,16)
r(208,1,4,16)
w(237,13,4,16)
r(159,1,4,16)
w(14,11,4,16)
w(21,11,4,16)
w(65,6,4,16)
r(143,1,4,16)
r(37,6,4,16)
r(273,1,4,16)
w(33,9,4,16)
w(249,8,4,16)
w(319,8,4,16)
r(10,1,4,16)
r(287,7,4,16)
w(271,13,4,16)
r(58,1,4,16)
w(301,6,4,16)
r(249,8,4,16)
w(240,13,4,16)
w(164,5,4,16)
r(193,1,4,16)
r(139,1,4,16)
r(256,1,4,16)
w(339,8,4,16)
w(274,14,4,16)
w(284,8,4,16)
w(310,4,4,16)
r(80,1,4,16)
r(283,1,4,16)
w(99,8,4,16)
w(93,5,4,16)
r(36,2,4,16)
w(171,9,4,16)
r(335,7,4,16)
r(55,1,4,16)
w(185,5,4,16)
r(110,1,4,16)
r(71,1,4,16)
w(142,13,4,16)
w(232,12,4,16)
r(239,4,4,16)
r(271,1,5,17)
r(155,1,5,17)
w(314,13,5,17)
w(48,5,5,17)
w(227,12,5,17)
w(242,8,5,17)
w(20,10,5,17)
r(158,1,5,17)
w(334,10,5,17)
w(138,9,5,17)
w(30,11,5,17)
r(347,1,5,17)
w(345,12,5,17)
w(167,8,5,17)
w(332,6,5,17)
r(217,1,5,17)
w(104,16,5,17)
w(202,8,5,17)
w(212,15,5,17)
w(194,12,5,17)
w(339,11,5,17)
w(258,8,5,17)
r(263,2,5,17)
w(317,10,5,17)
r(350,6,5,17)
w(225,5,5,17)
w(253,10,5,17)
r(217,1,5,17)
w(232,15,5,17)
r(282,7,5,17)
r(297,3,5,17)
r(343,7,5,17)
w(84,12,5,17)
w(8,8,5,17)
r(101,1,5,17)
w(82,5,5,17)
w(240,11,5,17)
w(311,11,5,17)
r(103,1,5,17)
r(20,10,5,17)
r(196,2,5,17)
w(319,11,5,17)
r(240,11,5,17)
w(244,8,5,17)
w(33,16,5,17)
w(257,14,5,17)
r(238,1,5,17)
w(149,14,5,17)
w(18,5,5,17)
w(232,17,5,17)
w(270,22,6,18)
r(213,1,6,18)
r(63,1,6,18)
w(98,12,6,18)
r(92,6,6,18)
w(49,11,6,18)
r(27,1,6,18)
w(311,12,6,18)
w(303,15,6,18)
r(193,1,6,18)
w(308,10,6,18)
w(43,16,6,18)
r(149,14,6,18)
r(184,1,6,18)
w(144,9,6,18)
r(321,1,6,18)
r(223,1,6,18)
w(286,15,6,18)
w(354,22,6,18)
r(221,1,6,18)
w(335,9,6,18)
w(317,9,6,18)
r(333,1,6,18)
w(262,14,6,18)
w(2,11,6,18)
r(314,13,6,18)
r(323,1,6,18)
r(148,4,6,18)
r(240,13,6,18)
r(150,1,6,18)
r(54,2,6,18)
w(322,11,6,18)
w(14,9,6,18)
w(264,13,6,18)
w(165,23,6,18)
r(87,1,6,18)
w(72,9,6,18)
r(313,1,6,18)
w(121,9,6,18)
w(358,14,6,18)
r(160,1,6,18)
w(15,14,6,18)
w(259,3,1,19)
w(96,2,1,19)
w(321,2,1,19)
r(265,1,1,19)
r(22,2,1,19)
r(26,1,1,19)
w(23,2,1,19)
w(16,2,1,19)
r(160,1,1,19)
r(147,1,1,19)
r(161,1,1,19)
w(248,2,1,19)
w(314,2,1,19)
w(86,3,1,19)
r(333,1,1,19)
r(145,5,1,19)
w(83,2,1,19)
r(150,1,1,19)
w(218,2,1,19)
r(65,1,1,19)
w(167,2,1,19)
w(39,2,1,19)
w(88,2,1,19)
w(257,2,1,19)
w(345,2,1,19)
w(313,3,1,19)
w(97,7,2,20)
r(96,7,2,20)
r(268,1,2,20)
w(216,4,2,20)
r(189,1,2,20)
w(131,4,2,20)
r(49,1,2,20)
r(5,1,2,20)
r(52,7,2,20)
r(18,1,2,20)
r(295,1,2,20)
w(165,6,2,20)
r(52,7,2,20)
w(239,4,2,20)
r(244,7,2,20)
w(148,4,2,20)
w(235,4,2,20)
r(294,1,2,20)
r(25,4,2,20)
r(291,1,2,20)
r(76,1,2,20)
r(73,1,2,20)
w(248,6,2,20)
w(281,3,2,20)
r(60,1,2,20)
w(133,6,2,20)
w(255,5,2,20)
w(206,7,2,20)
r(359,1,2,20)
r(64,1,2,20)
w(330,7,2,20)
w(188,6,2,20)
r(97,7,2,20)
w(114,4,2,20)
w(91,3,2,20)
w(298,6,2,20)
r(27,1,2,20)
r(262,1,2,20)
r(274,7,2,20)
w(127,5,2,20)
w(100,4,2,20)
r(82,1,2,20)
r(287,7,2,20)
r(195,1,2,20)
w(6,4,2,20)
r(354,1,2,20)
w(59,6,2,20)
r(46,4,2,20)
w(335,7,2,20)
w(354,4,2,20)
w(288,6,3,21)
r(148,11,3,21)
r(268,8,3,21)
r(62,1,3,21)
w(327,13,3,21)
w(56,5,3,21)
r(90,1,3,21)
r(299,1,3,21)
w(331,4,3,21)
r(304,1,3,21)
r(318,5,3,21)
w(233,8,3,21)
r(232,12,3,21)
w(332,4,3,21)
r(183,13,3,21)
r(177,1,3,21)
r(192,10,3,21)
r(55,1,3,21)
w(341,6,3,21)
w(105,5,3,21)
r(112,1,3,21)
w(319,7,3,21)
w(29,5,3,21)
r(86,1,3,21)
w(169,13,3,21)
r(182,1,3,21)
r(252,1,3,21)
w(124,14,3,21)
r(250,1,3,21)
r(169,13,3,21)
r(280,2,3,21)
r(8,8,3,21)
w(312,8,3,21)
r(315,4,3,21)
r(277,2,3,21)
r(129,1,3,21)
r(213,1,3,21)
w(121,7,3,21)
r(188,6,3,21)
r(78,15,3,21)
r(26,8,3,21)
r(48,5,3,21)
w(290,7,3,21)
w(66,14,3,21)
r(79,1,4,22)
r(103,1,4,22)
w(125,11,4,22)
w(310,7,4,22)
r(68,1,4,22)
w(53,4,4,22)
r(261,1,4,22)
w(192,10,4,22)
w(258,7,4,22)
w(249,13,4,22)
w(194,11,4,22)
r(159,1,4,22)
w(118,7,4,22)
r(87,1,4,22)
r(265,1,4,22)
w(49,8,4,22)
w(326,8,4,22)
r(91,3,4,22)
r(200,14,4,22)
r(64,1,4,22)
w(70,8,4,22)
r(163,1,4,22)
r(140,8,4,22)
w(53,7,4,22)
w(257,5,4,22)
r(186,7,4,22)
r(242,8,4,22)
w(346,12,4,22)
r(98,1,4,22)
r(150,1,4,22)
r(11,1,4,22)
r(46,4,4,22)
r(63,1,4,22)
w(336,8,4,22)
r(30,11,4,22)
w(14,14,4,22)
w(358,5,4,22)
r(220,2,4,22)
w(214,13,4,22)
w(318,5,4,22)
w(172,11,4,22)
w(26,8,4,22)
w(99,13,4,22)
r(181,1,4,22)
w(175,5,4,22)
r(139,1,4,22)
w(57,6,4,22)
w(297,10,4,22)
r(146,1,4,22)
r(23,7,4,22)
w(150,6,5,23)
r(215,1,5,23)
w(276,8,5,23)
r(192,3,5,23)
r(20,10,5,23)
w(21,9,5,23)
r(248,6,5,23)
w(43,14,5,23)
r(321,1,5,23)
w(62,16,5,23)
r(128,4,5,23)
w(43,10,5,23)
r(170,1,5,23)
r(150,6,5,23)
r(14,4,5,23)
w(290,10,5,23)
r(135,1,5,23)
r(307,1,5,23)
w(106,11,6,24)
w(131,5,6,24)
r(208,1,6,24)
r(69,13,6,24)
r(29,1,6,24)
w(42,14,6,24)
r(203,1,6,24)
w(302,10,6,24)
r(22,7,6,24)
w(239,21,6,24)
r(48,5,6,24)
r(193,1,6,24)
r(174,1,6,24)
r(323,1,6,24)
w(219,18,6,24)
w(25,14,6,24)
w(212,22,6,24)
w(269,12,6,24)
r(54,2,6,24)
w(239,19,6,24)
r(273,1,6,24)
r(221,1,6,24)
r(312,1,6,24)
w(14,12,6,24)
r(15,1,6,24)
w(269,16,6,24)
r(288,1,6,24)
r(42,14,6,24)
r(352,1,6,24)
r(347,1,6,24)
w(132,18,6,24)
r(159,1,6,24)
r(137,1,6,24)
w(324,16,6,24)
r(251,1,6,24)
w(341,22,6,24)
w(62,21,6,24)
w(358,10,6,24)
r(222,1,6,24)
w(303,17,6,24)
w(22,12,6,24)
r(132,18,6,24)
w(339,10,6,24)
w(223,14,6,24)
r(31,2,6,24)
r(228,1,6,24)
r(115,6,1,25)
r(302,1,1,25)
w(355,3,1,25)
w(194,2,1,25)
r(206,5,1,25)
w(26,3,1,25)
r(65,1,1,25)
w(197,2,1,25)
r(88,1,1,25)
r(240,1,1,25)
w(248,3,1,25)
w(145,2,1,25)
r(254,1,1,25)
r(240,1,1,25)
r(270,1,1,25)
r(39,1,1,25)
r(289,1,1,25)
w(227,3,1,25)
r(114,7,1,25)
w(76,3,1,25)
w(212,8,2,26)
r(262,1,2,26)
w(138,4,2,26)
r(354,4,2,26)
w(113,3,2,26)
w(320,6,2,26)
r(293,7,2,26)
r(201,1,2,26)
r(120,1,2,26)
w(205,7,2,26)
w(126,3,2,26)
r(76,1,2,26)
r(160,1,2,26)
r(296,1,2,26)
r(32,1,2,26)
r(64,1,2,26)
r(71,1,2,26)
w(123,7,3,27)
w(230,6,3,27)
r(131,4,3,27)
w(12,5,3,27)
w(30,5,3,27)
r(118,5,3,27)
r(63,1,3,27)
r(155,1,3,27)
r(67,1,3,27)
r(64,9,3,27)
w(180,4,3,27)
r(252,8,3,27)
w(329,5,3,27)
w(293,13,3,27)
w(219,14,3,27)
w(110,14,3,27)
r(313,1,3,27)
w(187,6,3,27)
w(134,6,3,27)
w(113,6,3,27)
w(169,11,3,27)
w(215,5,3,27)
r(201,1,3,27)
r(240,13,3,27)
r(93,8,3,27)
w(138,6,3,27)
r(324,5,3,27)
r(45,1,3,27)
w(147,7,3,27)
w(172,8,3,27)
w(328,8,3,27)
w(302,3,3,27)
w(202,3,3,27)
w(341,5,3,27)
r(279,1,3,27)
w(44,6,3,27)
w(136,4,3,27)
w(240,5,3,27)
w(165,10,3,27)
r(335,13,3,27)
r(148,11,3,27)
w(76,5,3,27)
r(173,7,3,27)
w(207,3,3,27)
r(109,5,3,27)
w(191,3,3,27)
r(6,4,3,27)
r(338,1,3,27)
r(66,10,3,27)
r(308,9,3,27)
w(211,7,4,28)
w(357,10,4,28)
w(24,8,4,28)
w(112,9,4,28)
w(24,13,4,28)
r(65,6,4,28)
r(7,1,4,28)
r(335,7,4,28)
w(215,13,4,28)
r(78,1,4,28)
r(184,1,4,28)
r(44,1,4,28)
w(316,11,4,28)
r(104,16,4,28)
w(201,14,4,28)
w(262,6,4,28)
w(292,11,4,28)
w(62,14,4,28)
w(354,13,4,28)
r(239,4,4,28)
w(102,11,4,28)
r(85,1,4,28)
w(16,14,4,28)
r(198,7,4,28)
w(306,12,5,29)
r(205,1,5,29)
w(159,13,5,29)
r(320,7,5,29)
r(165,6,5,29)
r(136,1,5,29)
w(229,13,5,29)
r(344,1,5,29)
w(315,9,5,29)
r(358,1,5,29)
r(143,1,5,29)
r(344,1,5,29)
r(214,1,5,29)
w(124,9,5,29)
r(233,1,5,29)
w(28,11,5,29)
w(314,11,5,29)
w(186,8,5,29)
r(284,8,5,29)
w(9,11,5,29)
r(180,1,5,29)
r(122,1,5,29)
r(182,1,5,29)
w(11,12,5,29)
w(136,11,5,29)
r(183,13,5,29)
r(144,1,5,29)
w(66,12,5,29)
w(330,14,5,29)
w(22,13,5,29)
r(187,1,5,29)
r(72,1,5,29)
r(166,1,5,29)
w(84,16,5,29)
w(193,13,6,30)
r(5,1,6,30)
r(286,10,6,30)
w(335,12,6,30)
r(245,8,6,30)
r(142,13,6,30)
w(81,10,6,30)
w(74,14,6,30)
r(311,11,6,30)
w(315,16,6,30)
r(76,11,6,30)
r(229,1,6,30)
r(289,1,6,30)
w(321,13,6,30)
r(360,1,6,30)
w(296,2,1,31)
w(214,2,1,31)
w(253,2,1,31)
r(61,1,1,31)
w(119,2,1,31)
r(261,1,1,31)
w(96,3,1,31)
r(126,1,1,31)
r(83,1,1,31)
w(293,3,1,31)
r(349,1,1,31)
w(337,2,1,31)
w(177,2,1,31)
w(171,2,1,31)
w(127,3,1,31)
r(244,8,1,31)
w(253,3,1,31)
r(161,1,1,31)
r(144,1,1,31)
r(253,3,1,31)
r(50,1,1,31)
w(122,2,1,31)
r(180,1,1,31)
w(239,2,1,31)
r(195,1,1,31)
w(56,2,1,31)
w(84,3,1,31)
r(269,1,1,31)
r(63,1,1,31)
w(148,7,2,32)
r(317,10,2,32)
w(152,5,2,32)
w(89,4,2,32)
r(161,1,2,32)
r(158,1,2,32)
w(284,3,2,32)
r(271,13,2,32)
r(57,6,2,32)
r(166,1,2,32)
w(230,4,2,32)
r(63,1,2,32)
r(168,1,2,32)
r(146,1,2,32)
w(276,3,2,32)
w(120,7,2,32)
r(54,2,2,32)
w(100,7,2,32)
w(99,2,2,32)
w(237,7,2,32)
r(27,1,2,32)
r(238,1,2,32)
w(184,4,2,32)
r(4,4,2,32)
w(341,4,2,32)
r(174,1,2,32)
r(152,5,2,32)
r(21,11,2,32)
w(328,5,2,32)
w(232,5,2,32)
w(303,7,2,32)
w(317,5,2,32)
r(205,1,2,32)
w(77,5,2,32)
r(16,8,2,32)
w(343,6,2,32)
r(141,1,2,32)
w(276,4,2,32)
r(170,1,2,32)
w(233,6,2,32)
r(159,1,2,32)
w(277,3,2,32)
w(185,6,3,33)
w(250,6,3,33)
w(339,7,3,33)
w(261,5,3,33)
w(349,6,3,33)
r(181,14,3,33)
r(41,2,3,33)
w(187,5,3,33)
r(159,11,3,33)
r(101,1,3,33)
r(262,1,3,33)
w(144,4,3,33)
r(148,11,3,33)
w(337,5,3,33)
r(175,5,3,33)
w(77,11,3,33)
r(26,13,3,33)
r(176,1,3,33)
r(65,6,3,33)
w(304,6,3,33)
r(57,6,3,33)
r(39,1,3,33)
w(104,14,3,33)
r(313,1,3,33)
w(138,5,3,33)
w(112,5,3,33)
r(339,7,3,33)
w(249,7,3,33)
w(158,5,3,33)
r(340,10,3,33)
r(62,1,3,33)
r(118,5,3,33)
r(58,1,3,33)
w(132,13,3,33)
r(209,1,3,33)
r(28,13,3,33)
w(41,3,3,33)
r(333,6,3,33)
w(140,13,3,33)
w(250,5,3,33)
r(314,13,3,33)
r(128,14,3,33)
w(242,7,3,33)
w(256,4,3,33)
w(165,9,3,33)
r(2,8,3,33)
r(248,6,3,33)
r(59,6,3,33)
w(330,8,3,33)
r(252,8,3,33)
r(317,10,4,34)
w(261,8,4,34)
w(23,13,4,34)
w(284,13,4,34)
r(2,8,4,34)
r(281,3,4,34)
w(156,11,4,34)
w(132,9,4,34)
w(310,6,4,34)
r(79,1,4,34)
w(310,5,4,34)
r(33,9,4,34)
w(324,5,4,34)
w(121,6,4,34)
r(283,6,4,34)
w(311,8,4,34)
r(70,8,4,34)
w(169,10,4,34)
r(17,1,4,34)
w(254,5,4,34)
w(352,13,4,34)
w(223,6,4,34)
r(256,1,4,34)
w(309,8,4,34)
w(28,13,4,34)
w(118,6,4,34)
r(276,1,4,34)
w(300,8,4,34)
w(345,14,4,34)
r(10,6,4,34)
r(77,1,4,34)
r(69,13,4,34)
r(217,1,4,34)
w(165,17,4,34)
r(211,3,4,34)
w(296,5,4,34)
w(196,5,4,34)
r(181,1,4,34)
w(357,9,4,34)
r(93,5,4,34)
r(299,1,4,34)
r(315,4,4,34)
w(81,6,4,34)
w(308,13,4,34)
w(341,14,4,34)
w(311,13,4,34)
w(66,10,4,34)
w(203,7,4,34)
r(268,8,4,34)
w(87,13,4,34)
w(89,12,5,35)
w(10,6,5,35)
w(116,13,5,35)
w(222,14,5,35)
r(4,4,5,35)
w(19,5,5,35)
w(78,15,5,35)
w(286,10,5,35)
r(329,1,5,35)
w(275,14,5,35)
r(113,1,5,35)
r(136,1,5,35)
r(253,10,5,35)
w(245,8,5,35)
r(124,1,5,35)
w(221,14,5,35)
w(275,10,5,35)
w(145,16,5,35)
r(139,1,5,35)
r(269,1,5,35)
r(80,1,5,35)
w(161,10,5,35)
w(320,10,5,35)
w(132,15,5,35)
r(86,1,5,35)
r(237,13,5,35)
r(164,5,5,35)
r(249,13,5,35)
r(81,1,5,35)
w(158,10,5,35)
r(321,1,5,35)
w(160,7,5,35)
r(33,9,5,35)
r(55,1,5,35)
w(225,8,5,35)
r(182,1,5,35)
r(140,8,5,35)
w(271,9,5,35)
r(114,4,5,35)
w(347,7,5,35)
w(283,6,5,35)
r(269,1,5,35)
r(90,1,5,35)
r(5,1,5,35)
r(296,1,5,35)
r(153,1,5,35)
w(159,11,5,35)
w(2,8,5,35)
r(338,1,5,35)
w(150,5,5,35)
r(227,12,6,36)
r(299,1,6,36)
w(17,17,6,36)
w(114,14,6,36)
r(34,1,6,36)
w(352,9,6,36)
w(60,10,6,36)
w(111,14,6,36)
w(228,10,6,36)
r(292,6,6,36)
r(54,2,1,37)
r(9,1,1,37)
r(294,1,1,37)
w(69,3,1,37)
r(182,1,1,37)
w(172,6,2,38)
r(276,1,2,38)
r(105,6,2,38)
r(339,8,2,38)
r(111,1,2,38)
r(126,1,2,38)
w(295,2,2,38)
w(348,6,2,38)
w(329,4,2,38)
w(21,4,2,38)
r(183,13,2,38)
w(142,5,2,38)
w(268,7,2,38)
w(7,7,2,38)
w(7,6,2,38)
w(156,3,2,38)
r(319,8,2,38)
r(309,1,2,38)
r(23,7,2,38)
w(309,3,2,38)
r(329,4,2,38)
r(88,1,2,38)
r(33,9,2,38)
w(222,4,2,38)
r(154,1,2,38)
r(253,10,2,38)
r(288,1,2,38)
w(19,3,2,38)
r(319,8,2,38)
r(4,4,2,38)
w(2,3,2,38)
w(277,4,2,38)
r(102,5,2,38)
r(59,6,2,38)
r(225,8,3,39)
w(75,5,3,39)
w(202,4,3,39)
r(244,14,3,39)
r(236,5,3,39)
w(319,6,3,39)
r(208,1,3,39)
r(145,16,3,39)
r(166,1,3,39)
r(125,11,3,39)
w(270,5,3,39)
w(353,7,3,39)
w(246,6,3,39)
w(112,8,3,39)
r(163,1,3,39)
w(11,13,3,39)
w(165,12,3,39)
w(233,13,3,39)
r(50,1,3,39)
r(272,1,3,39)
w(310,2,3,39)
w(275,5,3,39)
w(44,5,3,39)
r(118,5,3,39)
r(311,13,3,39)
r(327,7,3,39)
w(273,11,3,39)
r(285,1,3,39)
w(346,8,3,39)
r(185,6,3,39)
w(69,11,3,39)
w(280,7,3,39)
w(119,5,3,39)
w(359,7,3,39)
w(191,4,3,39)
w(33,8,3,39)
w(173,6,3,39)
w(27,3,3,39)
w(222,6,3,39)
w(350,13,3,39)
w(156,6,3,39)
w(89,11,3,39)
r(91,3,3,39)
r(200,10,3,39)
r(307,1,3,39)
r(337,5,3,39)
w(6,8,3,39)
w(254,7,3,39)
r(143,1,4,40)
w(325,8,4,40)
w(158,14,4,40)
w(16,10,4,40)
w(293,12,4,40)
r(149,14,4,40)
w(149,5,4,40)
w(214,11,4,40)
w(118,5,4,40)
w(32,14,4,40)
r(212,15,4,40)
r(178,1,4,40)
r(195,1,4,40)
w(252,5,4,40)
r(285,1,4,40)
w(53,6,4,40)
w(236,5,4,40)
w(323,5,4,40)
w(286,8,4,40)
r(228,1,4,40)
r(286,8,4,40)
w(210,8,4,40)
w(156,14,4,40)
w(341,10,4,40)
w(56,10,4,40)
w(182,5,4,40)
w(348,13,4,40)
w(26,13,4,40)
w(82,7,4,40)
w(93,8,4,40)
w(335,8,4,40)
r(246,1,4,40)
w(184,14,4,40)
w(252,8,4,40)
r(319,8,4,40)
r(98,1,4,40)
r(145,16,4,40)
w(184,10,4,40)
w(88,8,4,40)
r(265,5,4,40)
r(254,5,4,40)
w(150,7,4,40)
w(335,13,4,40)
r(34,1,4,40)
w(35,8,4,40)
r(308,13,4,40)
w(171,12,4,40)
w(302,5,4,40)
w(276,5,4,40)
r(118,5,4,40)
r(52,7,5,41)
r(126,1,5,41)
w(205,17,5,41)
w(111,8,5,41)
w(151,13,5,41)
r(159,11,5,41)
w(152,12,5,41)
w(59,11,5,41)
r(159,11,5,41)
w(57,13,5,41)
r(257,5,5,41)
w(297,12,5,41)
w(36,11,5,41)
r(149,5,5,41)
w(81,13,5,41)
r(346,12,5,41)
r(266,4,5,41)
w(242,13,5,41)
r(112,1,5,41)
w(86,13,5,41)
r(192,10,5,41)
r(117,1,5,41)
r(47,1,5,41)
r(348,13,5,41)
r(332,6,5,41)
r(302,3,5,41)
w(74,5,5,41)
r(73,1,5,41)
w(223,13,5,41)
w(331,11,5,41)
r(285,1,5,41)
r(263,2,5,41)
w(104,15,5,41)
w(284,9,5,41)
r(249,13,5,41)
w(291,8,5,41)
r(228,1,6,42)
w(109,5,6,42)
w(13,9,6,42)
w(308,9,6,42)
w(37,13,6,42)
w(352,12,6,42)
w(64,9,6,42)
w(267,12,6,42)
w(181,14,6,42)
w(340,10,6,42)
r(296,5,6,42)
w(224,15,6,42)
r(180,1,6,42)
r(114,4,6,42)
r(75,8,6,42)
w(213,14,6,42)
w(268,18,6,42)
w(189,11,6,42)
w(296,13,6,42)
r(197,1,6,42)
r(244,8,6,42)
r(61,1,6,42)
w(128,14,6,42)
r(158,14,6,42)
r(42,3,6,42)
r(17,1,6,42)
w(32,12,6,42)
r(276,5,6,42)
w(51,15,6,42)
w(102,15,6,42)
r(178,1,6,42)
w(244,14,6,42)
r(193,1,6,42)
w(238,12,6,42)
w(29,13,6,42)
r(268,18,6,42)
w(246,9,6,42)
r(100,4,6,42)
w(150,11,6,42)
r(152,11,6,42)
w(233,12,6,42)
w(142,16,6,42)
w(35,10,6,42)
r(173,7,6,42)
r(101,1,6,42)
w(299,10,6,42)
w(293,18,6,42)
w(127,12,6,42)
w(353,14,6,42)
r(103,1,6,42)
w(199,3,1,43)
w(316,2,1,43)
w(336,2,1,43)
r(13,9,1,43)
r(288,1,1,43)
w(137,2,1,43)
r(18,5,1,43)
w(83,3,1,43)
r(261,8,1,43)
r(243,1,1,43)
r(184,10,1,43)
w(255,2,1,43)
r(316,2,1,43)
r(129,1,1,43)
r(323,5,1,43)
w(240,2,1,43)
w(103,3,1,43)
r(294,1,1,43)
r(14,8,1,43)
w(327,2,1,43)
r(159,11,1,43)
r(313,1,1,43)
w(64,2,1,43)
r(251,1,1,43)
w(93,3,1,43)
r(338,1,1,43)
r(346,12,1,43)
w(216,2,1,43)
r(22,7,1,43)
w(12,2,1,43)
r(223,6,1,43)
w(201,2,1,43)
r(155,1,1,43)
w(72,2,1,43)
r(201,2,1,43)
w(269,3,1,43)
r(271,9,1,43)
r(60,1,1,43)
r(301,6,1,43)
r(176,1,1,43)
r(88,8,1,43)
r(249,13,1,43)
w(348,3,1,43)
w(52,2,1,43)
w(299,4,1,43)
w(137,3,1,43)
r(52,2,1,43)
r(155,1,2,44)
r(207,1,2,44)
w(267,7,2,44)
w(291,3,2,44)
r(131,4,2,44)
w(101,4,2,44)
w(205,6,2,44)
w(11,6,2,44)
w(61,7,2,44)
r(262,1,2,44)
w(131,7,2,44)
r(303,1,2,44)
r(335,7,2,44)
w(161,4,2,44)
w(200,7,2,44)
r(342,1,2,44)
r(279,1,2,44)
r(192,10,2,44)
r(18,5,2,44)
w(306,7,2,44)
w(253,5,2,44)
r(21,11,2,44)
r(6,4,2,44)
w(205,5,2,44)
r(72,1,2,44)
w(122,7,2,44)
r(330,7,2,44)
w(227,8,2,44)
w(282,3,2,44)
w(110,5,2,44)
w(231,4,2,44)
r(312,1,2,44)
w(333,3,2,44)
w(173,2,2,44)
r(303,1,2,44)
w(98,2,2,44)
w(152,8,2,44)
r(228,1,2,44)
w(187,4,2,44)
r(90,1,2,44)
r(321,1,2,44)
w(294,4,2,44)
w(73,4,2,44)
w(188,5,2,44)
w(355,4,2,44)
r(299,1,2,44)
r(319,8,2,44)
w(13,6,2,44)
w(40,4,3,45)
r(175,5,3,45)
w(156,5,3,45)
w(46,7,3,45)
w(23,8,3,45)
w(56,8,3,45)
r(287,7,3,45)
w(236,2,3,45)
w(336,6,3,45)
r(304,6,3,45)
r(292,6,3,45)
w(302,4,3,45)
r(324,5,3,45)
w(240,8,3,45)
w(291,4,3,45)
r(229,1,3,45)
w(271,6,3,45)
r(146,1,3,45)
r(132,13,3,45)
w(219,10,3,45)
r(36,2,3,45)
w(300,6,3,45)
r(98,1,3,45)
w(297,5,3,45)
r(192,10,3,45)
w(320,8,3,45)
r(195,1,3,45)
w(44,8,3,45)
r(5,1,3,45)
w(227,14,3,45)
w(24,4,3,45)
r(78,15,3,45)
r(57,6,3,45)
w(215,8,3,45)
w(346,13,3,45)
w(140,11,3,45)
r(161,10,3,45)
r(202,3,3,45)
r(272,1,3,45)
r(68,1,3,45)
r(165,9,3,45)
r(340,10,3,45)
r(178,1,3,45)
r(21,11,3,45)
r(204,1,3,45)
w(63,3,3,45)
r(152,11,3,45)
r(19,5,3,45)
w(284,6,3,45)
r(154,1,3,45)
r(137,1,4,46)
r(44,1,4,46)
w(175,8,4,46)
w(309,13,4,46)
w(19,6,4,46)
r(355,2,4,46)
r(152,11,4,46)
w(132,12,4,46)
r(24,1,4,46)
r(344,1,4,46)
w(274,9,5,47)
r(269,1,5,47)
w(22,11,5,47)
r(263,2,5,47)
w(179,11,5,47)
r(149,5,5,47)
r(1,1,5,47)
r(96,7,5,47)
r(13,9,5,47)
r(5,1,5,47)
r(342,1,5,47)
w(200,10,5,47)
r(198,7,5,47)
w(219,15,5,47)
r(333,6,5,47)
w(252,12,5,47)
r(34,1,5,47)
w(190,10,5,47)
r(225,8,5,47)
r(255,5,5,47)
r(10,6,5,47)
r(280,2,5,47)
r(312,1,5,47)
r(303,1,5,47)
w(144,13,5,47)
r(245,8,5,47)
r(258,7,5,47)
r(283,6,5,47)
r(30,5,5,47)
r(253,10,5,47)
w(357,18,5,47)
w(168,11,5,47)
r(222,14,5,47)
w(323,13,5,47)
r(54,2,5,47)
w(72,10,5,47)
r(111,1,5,47)
r(243,1,5,47)
w(17,16,5,47)
w(32,9,5,47)
r(168,11,5,47)
w(345,15,5,47)
r(38,1,5,47)
r(102,15,5,47)
r(183,13,5,47)
r(6,4,5,47)
r(28,13,5,47)
r(217,1,5,47)
w(284,12,5,47)
w(144,11,5,47)
w(340,9,6,48)
r(222,14,6,48)
r(80,1,6,48)
r(173,7,6,48)
r(293,13,6,48)
w(39,8,6,48)
w(69,22,6,48)
r(49,8,6,48)
w(39,13,6,48)
r(293,13,6,48)
w(274,18,6,48)
w(310,10,6,48)
r(274,18,6,48)
r(323,5,6,48)
w(2,14,6,48)
r(76,5,6,48)
w(66,17,6,48)
w(229,14,6,48)
w(151,10,6,48)
r(79,1,6,48)
w(292,16,6,48)
w(232,18,6,48)
r(296,13,6,48)
r(59,6,6,48)
r(273,1,6,48)
r(274,18,6,48)
w(186,3,1,49)
r(334,10,1,49)
w(132,2,1,49)
w(305,4,1,49)
r(150,11,1,49)
r(313,1,1,49)
r(309,8,1,49)
w(196,4,1,49)
w(305,7,1,49)
w(15,2,1,49)
r(271,9,1,49)
r(57,6,1,49)
r(126,1,1,49)
r(9,1,1,49)
w(197,3,1,49)
w(327,3,1,49)
w(224,4,1,49)
w(86,4,1,49)
w(62,2,1,49)
r(186,3,1,49)
r(184,10,2,50)
r(257,5,2,50)
r(52,7,2,50)
w(201,4,2,50)
w(269,5,2,50)
w(249,4,2,50)
w(224,7,2,50)
r(133,6,2,50)
r(223,6,2,50)
r(310,5,2,50)
r(195,1,2,50)
r(223,6,2,50)
w(329,7,2,50)
w(57,3,2,50)
w(238,6,2,50)
w(327,6,2,50)
w(220,4,2,50)
r(110,14,2,50)
w(119,3,2,50)
w(330,6,2,50)
w(145,7,2,50)
r(193,1,2,50)
r(234,6,2,50)
r(54,2,2,50)
w(224,6,2,50)
w(282,4,2,50)
r(309,8,2,50)
w(184,7,2,50)
w(20,4,3,51)
w(272,8,3,51)
r(41,3,3,51)
w(356,6,3,51)
w(359,6,3,51)
w(229,6,3,51)
w(173,5,3,51)
r(184,10,3,51)
w(112,13,3,51)
w(339,6,3,51)
r(77,11,3,51)
w(242,6,3,51)
w(228,2,3,51)
w(334,5,3,51)
w(78,6,3,51)
w(77,14,3,51)
r(293,13,3,51)
w(34,3,3,51)
r(264,1,3,51)
r(306,5,3,51)
w(180,7,3,51)
r(123,7,3,51)
r(126,1,3,51)
w(326,7,3,51)
w(152,10,3,51)
w(92,13,4,52)
w(174,6,4,52)
w(161,13,4,52)
w(94,13,4,52)
w(117,13,4,52)
w(184,9,4,52)
r(183,13,4,52)
r(164,5,4,52)
r(73,1,5,53)
w(360,6,5,53)
w(58,8,5,53)
w(136,14,5,53)
w(279,8,5,53)
w(174,5,5,53)
w(144,14,5,53)
w(349,8,5,53)
r(66,10,5,53)
r(279,8,5,53)
w(239,9,5,53)
r(331,1,5,53)
w(338,13,5,53)
r(155,1,5,53)
r(122,1,5,53)
w(116,11,5,53)
r(22,11,5,53)
w(268,16,5,53)
r(188,6,5,53)
r(296,13,5,53)
w(332,8,5,53)
w(304,9,5,53)
w(55,14,5,53)
w(345,17,5,53)
r(179,11,6,54)
r(85,1,6,54)
r(299,10,6,54)
w(26,15,6,54)
r(126,1,6,54)
w(83,5,6,54)
w(6,21,6,54)
w(142,15,6,54)
w(216,9,6,54)
r(292,6,6,54)
w(79,18,6,54)
w(244,10,6,54)
r(98,1,6,54)
r(218,1,6,54)
r(142,15,6,54)
w(254,10,6,54)
r(221,14,6,54)
r(319,8,6,54)
r(325,8,6,54)
w(270,18,6,54)
w(318,14,6,54)
w(264,14,6,54)
r(304,6,1,55)
r(68,1,1,55)
r(335,13,1,55)
r(112,5,1,55)
w(304,4,1,55)
w(274,4,1,55)
r(70,8,1,55)
r(209,1,1,55)
w(349,3,1,55)
r(85,1,1,55)
w(197,4,1,55)
w(322,3,1,55)
w(268,3,1,55)
w(31,3,1,55)
r(32,9,1,55)
w(253,8,2,56)
r(343,7,2,56)
w(28,7,2,56)
w(173,3,2,56)
w(147,4,2,56)
w(260,7,2,56)
r(298,6,2,56)
r(321,1,2,56)
r(201,1,2,56)
r(128,14,2,56)
r(139,1,2,56)
w(269,8,2,56)
r(355,2,2,56)
r(199,1,2,56)
w(329,6,2,56)
w(213,3,2,56)
w(80,4,2,56)
w(313,7,2,56)
r(73,1,2,56)
w(308,3,2,56)
w(187,7,2,56)
r(225,8,2,56)
w(104,8,2,56)
r(205,14,2,56)
r(153,1,2,56)
r(185,6,2,56)
r(2,8,2,56)
w(124,13,2,56)
r(180,4,2,56)
r(171,12,2,56)
r(181,14,2,56)
w(355,5,2,56)
w(23,6,2,56)
r(262,1,2,56)
w(31,4,2,56)
r(336,6,2,56)
w(239,7,2,56)
r(144,11,2,56)
r(121,6,2,56)
r(294,1,2,56)
w(95,4,2,56)
r(220,2,2,56)
r(61,1,2,56)
r(277,2,2,56)
r(207,3,2,56)
r(54,2,2,56)
w(89,6,2,56)
r(144,11,2,56)
w(304,5,3,57)
r(180,4,3,57)
w(295,4,3,57)
r(236,14,3,57)
r(3,1,3,57)
r(249,7,3,57)
r(130,1,3,57)
w(174,7,3,57)
r(4,3,3,57)
w(329,8,3,57)
w(95,8,3,57)
w(171,11,3,57)
r(283,13,3,57)
r(165,9,3,57)
r(169,11,3,57)
r(116,13,4,58)
w(210,13,4,58)
w(262,5,4,58)
w(231,13,4,58)
w(198,8,4,58)
w(71,8,4,58)
w(218,6,4,58)
r(101,1,4,58)
w(124,10,4,58)
w(92,11,4,58)
r(37,10,4,58)
w(194,14,4,58)
r(166,1,4,58)
r(272,1,4,58)
w(39,4,4,58)
w(91,5,4,58)
w(9,8,4,58)
r(305,1,4,58)
w(64,14,4,58)
w(190,13,4,58)
w(153,14,5,59)
w(355,9,5,59)
w(165,21,5,59)
r(5,1,5,59)
w(283,5,5,59)
r(2,9,5,59)
w(118,14,5,59)
w(217,8,5,59)
r(283,5,5,59)
w(11,16,5,59)
r(114,4,5,59)
w(128,13,5,59)
w(242,11,5,59)
r(320,8,5,59)
r(189,11,5,59)
w(47,13,5,59)
r(102,15,5,59)
w(61,16,5,59)
r(36,2,5,59)
w(355,12,5,59)
w(107,17,6,60)
w(258,10,6,60)
w(283,13,6,60)
w(151,9,6,60)
r(257,5,6,60)
w(340,15,6,60)
r(44,8,6,60)
r(318,5,6,60)
r(156,5,6,60)
r(210,8,6,60)
w(12,16,6,60)
r(339,7,6,60)
w(37,10,6,60)
w(190,12,6,60)
r(290,1,6,60)
r(275,10,6,60)
r(183,13,6,60)
r(195,1,6,60)
w(309,10,6,60)
r(298,6,6,60)
w(49,14,6,60)
w(233,16,6,60)
w(275,15,6,60)
r(106,1,6,60)
r(194,11,6,60)
w(277,11,6,60)
r(212,15,6,60)
w(301,13,6,60)
r(279,1,6,60)
w(236,14,6,60)
r(237,8,6,60)
r(144,11,6,60)
w(233,15,6,60)
w(6,19,6,60)
w(304,15,6,60)
r(360,1,6,60)
w(92,12,6,60)
r(167,8,6,60)
r(116,13,6,60)
r(173,7,6,60)
w(250,12,6,60)
r(190,12,6,60)
w(175,9,6,60)
w(2,9,6,60)
r(280,2,6,60)
r(228,1,6,60)
r(139,1,6,60)
w(287,16,6,60)
w(287,15,6,60)
r(164,5,6,60)
w(130,3,1,61)
w(199,4,1,61)
w(13,3,1,61)
r(173,7,1,61)
r(340,10,1,61)
w(51,3,1,61)
r(55,1,1,61)
w(235,2,1,61)
w(135,3,1,61)
r(325,8,1,61)
w(248,4,1,61)
r(88,8,1,61)
w(318,3,1,61)
r(262,1,1,61)
r(322,1,1,61)
w(350,3,1,61)
r(193,1,1,61)
r(163,1,1,61)
r(360,1,1,61)
w(158,3,1,61)
r(217,1,1,61)
r(81,6,1,61)
w(69,6,1,61)
w(335,2,1,61)
r(215,5,1,61)
w(145,3,1,61)
w(315,7,2,62)
r(355,2,2,62)
w(321,4,2,62)
r(117,1,2,62)
r(216,4,2,62)
w(336,7,2,62)
w(264,3,2,62)
w(122,6,2,62)
r(152,11,2,62)
w(95,7,2,62)
r(219,10,2,62)
r(261,5,2,62)
w(281,6,2,62)
w(99,3,2,62)
w(127,8,2,62)
w(292,3,2,62)
r(52,7,2,62)
r(42,3,2,62)
r(181,14,2,62)
r(63,3,2,62)
r(357,18,2,62)
r(191,3,2,62)
r(318,5,2,62)
w(275,6,2,62)
w(88,7,2,62)
r(255,5,2,62)
r(229,1,2,62)
r(214,11,2,62)
r(225,8,2,62)
r(268,18,2,62)
w(4,2,2,62)
w(192,4,2,62)
r(39,1,2,62)
r(334,10,2,62)
r(266,4,2,62)
w(56,6,2,62)
r(340,15,2,62)
w(292,4,2,62)
r(53,6,2,62)
w(8,4,2,62)
r(168,11,2,62)
r(260,4,2,62)
r(184,10,2,62)
r(355,2,2,62)
r(126,1,2,62)
r(47,1,2,62)
w(124,11,2,62)
w(233,5,2,62)
w(4,3,2,62)
r(259,1,2,62)
r(317,10,3,63)
w(3,4,3,63)
r(250,12,3,63)
w(89,10,3,63)
w(170,6,3,63)
r(78,15,3,63)
w(293,11,3,63)
r(93,8,3,63)
r(267,12,3,63)
r(125,11,3,63)
r(171,12,3,63)
r(75,8,3,63)
r(97,7,3,63)
r(51,15,3,63)
r(329,5,3,63)
r(178,1,3,63)
w(264,7,3,63)
r(6,19,3,63)
r(258,10,3,63)
w(351,5,3,63)
w(219,9,3,63)
w(78,5,3,63)
r(103,1,3,63)
r(90,1,3,63)
r(314,13,3,63)
r(171,12,3,63)
w(173,8,3,63)
r(325,8,4,64)
w(357,16,4,64)
r(160,7,4,64)
r(82,7,4,64)
r(355,2,4,64)
r(323,13,4,64)
w(70,11,4,64)
r(67,1,4,64)
r(260,4,4,64)
r(26,13,4,64)
w(145,14,4,64)
r(90,1,4,64)
w(348,11,4,64)
r(215,8,4,64)
r(270,1,4,64)
r(217,1,4,64)
r(89,12,4,64)
r(305,1,4,64)
r(219,10,4,64)
r(260,4,4,64)
w(114,8,4,64)
w(78,9,4,64)
w(314,5,4,64)
w(354,11,4,64)
w(11,10,4,64)
r(45,1,4,64)
r(184,10,4,64)
w(128,5,4,64)
r(131,4,4,64)
w(52,13,4,64)
w(189,6,4,64)
r(52,13,4,64)
r(282,7,4,64)
w(30,8,4,64)
r(36,2,4,64)
r(321,4,4,64)
w(91,8,4,64)
r(237,8,4,64)
w(337,14,4,64)
r(101,1,4,64)
w(329,12,4,64)
r(117,1,4,64)
r(142,16,4,64)
r(295,1,4,64)
w(45,11,5,65)
w(122,12,5,65)
w(100,9,5,65)
r(253,10,5,65)
w(69,15,5,65)
r(111,1,5,65)
w(22,14,5,65)
w(70,9,5,65)
r(318,5,5,65)
w(57,11,5,65)
r(52,7,5,65)
r(302,4,5,65)
r(274,9,5,65)
w(228,8,5,65)
r(22,14,5,65)
r(112,5,5,65)
w(202,13,5,65)
r(131,4,5,65)
w(59,14,5,65)
r(280,2,5,65)
r(13,9,5,65)
w(145,15,5,65)
w(171,17,5,65)
r(211,3,5,65)
w(360,5,5,65)
r(99,3,5,65)
r(17,16,5,65)
r(158,5,5,65)
w(213,13,5,65)
r(178,1,5,65)
w(291,11,5,65)
w(258,11,5,65)
w(209,14,5,65)
w(328,14,5,65)
w(353,13,5,65)
w(331,14,5,65)
r(300,6,5,65)
r(281,6,5,65)
w(201,9,5,65)
r(262,1,5,65)
r(55,1,5,65)
w(126,8,5,65)
r(149,5,5,65)
w(3,5,5,65)
w(243,13,5,65)
w(300,14,5,65)
w(126,13,5,65)
w(43,12,5,65)
w(200,12,5,65)
w(331,10,5,65)
r(176,1,6,66)
w(75,16,6,66)
w(232,21,6,66)
w(207,8,6,66)
w(127,16,6,66)
w(54,10,6,66)
w(256,6,6,66)
w(307,5,6,66)
r(83,1,6,66)
r(261,5,6,66)
r(126,1,6,66)
w(327,15,6,66)
w(77,16,6,66)
w(35,9,6,66)
w(321,3,1,67)
r(28,13,1,67)
w(280,3,1,67)
r(308,9,1,67)
r(125,11,1,67)
w(26,4,1,67)
w(66,3,1,67)
w(287,3,1,67)
r(168,11,1,67)
r(21,11,2,68)
r(358,5,2,68)
r(247,5,2,68)
r(68,1,2,68)
r(179,11,2,68)
r(350,6,2,68)
w(240,4,2,68)
w(185,3,2,68)
r(352,12,2,68)
r(104,14,2,68)
w(110,8,2,68)
w(167,7,2,68)
r(334,10,2,68)
w(349,7,2,68)
r(49,14,2,68)
w(7,5,2,68)
r(262,1,2,68)
r(202,13,2,68)
w(55,6,2,68)
w(317,8,2,68)
r(224,15,2,68)
w(251,5,3,69)
r(106,1,3,69)
w(133,13,3,69)
r(154,1,3,69)
w(192,13,3,69)
w(273,14,3,69)
w(282,8,3,69)
w(36,5,3,69)
w(310,3,3,69)
r(229,1,3,69)
w(49,7,3,69)
r(216,4,3,69)
w(279,6,3,69)
w(333,5,3,69)
w(76,8,3,69)
r(254,5,3,69)
w(119,8,3,69)
w(57,4,3,69)
w(323,6,3,69)
w(94,7,3,69)
w(218,4,3,69)
r(230,6,3,69)
r(28,13,3,69)
w(338,7,3,69)
w(354,6,3,69)
w(159,6,3,69)
r(158,5,3,69)
r(347,7,3,69)
w(332,7,3,69)
w(90,4,3,69)
r(168,11,3,69)
w(52,5,3,69)
r(75,8,3,69)
r(109,5,3,69)
w(155,13,3,69)
r(311,4,3,69)
w(143,6,3,69)
w(243,5,3,69)
r(291,11,3,69)
w(201,6,3,69)
w(318,6,3,69)
w(284,5,3,69)
r(236,14,3,69)
r(87,13,4,70)
r(145,15,4,70)
w(75,13,4,70)
r(284,6,4,70)
r(310,5,4,70)
r(285,1,4,70)
r(278,3,4,70)
r(278,3,4,70)
r(37,10,4,70)
r(359,1,4,70)
r(305,5,4,70)
w(331,6,4,70)
r(263,2,4,70)
w(137,13,4,70)
w(115,13,4,70)
w(163,13,4,70)
w(57,5,4,70)
w(94,11,4,70)
w(212,12,4,70)
r(358,5,4,70)
r(329,5,4,70)
r(239,14,4,70)
w(207,7,4,70)
w(265,11,4,70)
r(42,3,4,70)
w(24,11,4,70)
r(115,13,4,70)
w(63,7,4,70)
r(3,5,4,70)
r(238,12,4,70)
r(269,1,4,70)
r(287,15,4,70)
w(88,11,4,70)
r(128,14,4,70)
w(185,11,4,70)
w(318,13,4,70)
r(351,3,4,70)
w(357,15,4,70)
r(13,9,4,70)
w(3,7,4,70)
r(314,13,4,70)
r(89,12,4,70)
r(18,2,4,70)
w(342,6,4,70)
r(244,14,4,70)
w(169,12,4,70)
r(123,7,4,70)
w(115,11,4,70)
w(98,8,4,70)
w(4,5,4,70)
r(337,5,5,71)
r(96,7,5,71)
r(178,1,5,71)
w(55,10,5,71)
w(239,16,5,71)
r(38,1,5,71)
w(199,15,5,71)
r(282,7,5,71)
r(87,13,5,71)
r(353,13,5,71)
w(350,10,5,71)
w(262,11,5,71)
r(219,10,5,71)
w(155,9,5,71)
w(56,12,5,71)
r(236,14,5,71)
w(155,12,5,71)
w(286,12,5,71)
w(308,14,5,71)
w(215,10,5,71)
r(352,12,5,71)
r(267,12,5,71)
w(45,14,5,71)
w(324,14,5,71)
w(235,8,5,71)
r(290,1,5,71)
r(96,7,5,71)
r(108,4,5,71)
r(124,11,5,71)
r(87,13,5,71)
w(121,10,5,71)
w(180,5,5,71)
r(218,1,5,71)
r(29,7,5,71)
r(217,1,5,71)
w(292,10,5,71)
w(173,11,5,71)
r(95,7,5,71)
w(246,11,5,71)
r(21,11,5,71)
w(224,10,5,71)
r(51,15,5,71)
r(240,8,6,72)
w(2,12,6,72)
w(337,12,6,72)
w(116,12,6,72)
w(42,9,6,72)
w(24,17,6,72)
r(296,13,6,72)
r(39,1,6,72)
r(61,1,6,72)
w(267,16,6,72)
w(265,9,6,72)
w(240,14,6,72)
r(194,11,6,72)
r(310,5,1,73)
w(316,4,1,73)
w(85,2,1,73)
r(256,4,1,73)
w(123,4,1,73)
w(279,2,1,73)
r(176,1,1,73)
r(18,5,1,73)
w(124,4,1,73)
w(210,4,1,73)
w(239,3,1,73)
r(39,1,1,73)
r(87,13,1,73)
r(160,7,1,73)
w(241,3,1,73)
w(243,3,1,73)
r(41,3,1,73)
r(317,10,1,73)
w(343,3,1,73)
w(286,3,1,73)
w(105,2,1,73)
r(166,1,1,73)
w(219,4,1,73)
w(74,2,1,73)
w(145,4,1,73)
r(284,6,1,73)
w(159,3,1,73)
r(213,14,1,73)
w(52,3,1,73)
r(115,6,1,73)
r(178,1,1,73)
w(273,3,1,73)
w(226,2,1,73)
w(66,4,1,73)
w(206,4,1,73)
w(21,2,1,73)
w(298,5,2,74)
r(141,1,2,74)
w(139,3,2,74)
r(331,10,2,74)
r(336,7,2,74)
w(87,3,2,74)
w(165,5,2,74)
r(339,7,2,74)
r(170,1,2,74)
w(104,11,2,74)
r(60,2,2,74)
r(93,8,2,74)
r(277,11,2,74)
r(81,6,2,74)
w(216,7,2,74)
r(259,1,2,74)
w(239,6,2,74)
w(170,4,2,74)
w(79,7,2,74)
r(284,6,2,74)
w(231,7,2,74)
w(293,6,2,74)
r(132,13,2,74)
r(316,7,2,74)
w(101,6,2,74)
w(351,7,2,74)
w(9,4,2,74)
r(234,3,2,74)
w(283,2,2,74)
w(9,7,2,74)
w(44,4,2,74)
w(119,4,2,74)
w(95,6,2,74)
w(277,7,2,74)
r(126,13,2,74)
r(137,1,2,74)
r(55,1,2,74)
r(10,6,2,74)
r(148,11,2,74)
r(117,1,2,74)
r(325,8,2,74)
w(327,5,2,74)
r(194,11,2,74)
w(346,11,3,75)
r(178,1,3,75)
r(84,12,3,75)
r(206,7,3,75)
w(246,5,3,75)
w(108,5,3,75)
r(257,5,3,75)
r(162,1,3,75)
w(302,7,3,75)
w(20,7,3,75)
w(270,8,3,75)
r(6,19,3,75)
r(90,1,3,75)
r(157,1,3,75)
r(105,3,4,76)
r(50,1,4,76)
w(112,16,4,76)
w(192,12,4,76)
r(72,10,4,76)
r(5,1,4,76)
r(96,7,4,76)
w(257,8,4,76)
w(221,5,4,76)
r(103,1,4,76)
r(40,4,4,76)
r(240,8,4,76)
r(216,4,4,76)
w(286,13,4,76)
r(252,12,4,76)
r(183,13,4,76)
r(244,14,4,76)
w(81,14,5,77)
w(358,13,5,77)
r(352,12,5,77)
r(299,10,5,77)
r(40,4,5,77)
w(42,11,5,77)
r(193,1,5,77)
w(90,12,5,77)
w(340,14,5,77)
r(205,14,5,77)
w(270,15,5,77)
r(199,1,5,77)
r(39,3,5,77)
w(320,16,5,77)
r(326,8,5,77)
r(34,1,5,77)
w(142,9,5,77)
w(3,8,5,77)
w(23,14,5,77)
w(338,11,5,77)
r(133,6,5,77)
w(336,12,5,77)
w(207,5,5,77)
r(214,11,5,77)
w(303,10,5,77)
w(178,8,6,78)
w(68,11,6,78)
w(59,9,6,78)
w(333,10,6,78)
r(105,3,6,78)
w(105,9,6,78)
w(240,9,6,78)
w(232,19,6,78)
w(287,17,6,78)
r(295,1,6,78)
w(311,16,6,78)
w(171,21,6,78)
w(204,10,6,78)
r(237,8,6,78)
w(96,9,6,78)
r(264,2,6,78)
w(257,12,6,78)
r(89,12,6,78)
r(281,6,6,78)
w(184,15,6,78)
r(99,3,6,78)
w(111,10,6,78)
w(185,12,6,78)
r(127,8,6,78)
r(20,10,6,78)
w(29,11,6,78)
r(338,1,6,78)
r(169,11,6,78)
w(153,2,1,79)
r(51,15,1,79)
w(49,2,1,79)
r(65,6,1,79)
w(234,3,1,79)
w(311,4,1,79)
r(296,13,1,79)
w(73,3,1,79)
w(215,4,1,79)
w(105,3,1,79)
r(159,11,1,79)
w(57,2,1,79)
w(316,7,1,79)
r(164,5,1,79)
r(263,2,1,79)
r(100,9,1,79)
r(219,10,1,79)
w(29,7,1,79)
r(323,13,1,79)
w(250,3,1,79)
r(286,8,1,79)
w(323,3,1,79)
w(60,2,1,79)
r(226,1,1,79)
w(317,4,1,79)
r(48,5,1,79)
w(12,3,1,79)
r(37,10,1,79)
r(201,9,1,79)
w(278,3,1,79)
r(256,4,1,79)
w(264,2,1,79)
r(176,1,1,79)
r(20,10,1,79)
r(167,8,1,79)
w(305,5,1,79)
r(269,1,1,79)
r(87,13,1,79)
w(306,4,1,79)
r(160,7,1,79)
r(336,7,1,79)
w(39,3,1,79)
r(298,6,1,79)
w(66,7,1,79)
w(190,4,1,79)
w(288,2,1,79)
w(18,2,1,79)
r(202,13,1,79)
r(194,11,1,79)
w(44,2,1,79)
w(105,4,2,80)
w(65,3,2,80)
r(200,12,2,80)
r(56,6,2,80)
w(66,8,2,80)
r(203,5,2,80)
r(223,6,2,80)
r(222,14,2,80)
r(285,1,2,80)
w(74,3,2,80)
r(131,4,2,80)
r(168,14,2,80)
w(166,3,2,80)
w(19,4,2,80)
r(68,1,2,80)
r(161,10,2,80)
w(212,13,2,80)
w(168,4,2,80)
r(212,13,2,80)
r(43,12,2,80)
w(63,4,3,81)
r(110,14,3,81)
r(156,5,3,81)
r(158,5,3,81)
w(122,5,3,81)
w(181,6,3,81)
r(330,8,3,81)
r(277,11,3,81)
r(204,1,3,81)
r(214,11,3,81)
w(55,13,3,81)
w(299,5,3,81)
w(122,8,3,81)
r(91,3,3,81)
w(60,8,3,81)
w(170,8,3,81)
r(84,12,3,81)
r(140,11,3,81)
w(162,5,3,81)
r(8,4,3,81)
w(86,5,3,81)
r(251,1,3,81)
w(191,5,3,81)
w(296,7,3,81)
r(192,4,3,81)
w(326,6,3,81)
w(154,7,3,81)
w(260,5,3,81)
w(172,13,3,81)
w(210,5,3,81)
r(233,5,3,81)
r(96,7,3,81)
r(279,1,3,81)
w(216,8,3,81)
w(228,4,3,81)
w(145,8,3,81)
r(353,13,3,81)
w(179,5,3,81)
r(262,1,3,81)
r(60,8,3,81)
w(84,5,3,81)
w(231,5,3,81)
r(318,13,3,81)
w(170,13,3,81)
r(312,1,3,81)
r(321,4,3,81)
w(166,7,3,81)
w(104,9,3,81)
w(59,8,3,81)
r(265,11,3,81)
w(268,14,4,82)
w(171,16,4,82)
w(96,6,4,82)
w(102,10,4,82)
r(285,1,4,82)
r(157,1,4,82)
w(148,9,4,82)
r(328,14,4,82)
w(75,11,4,82)
w(168,8,4,82)
r(86,1,4,82)
w(358,8,4,82)
r(77,12,4,82)
w(210,11,4,82)
r(79,1,4,82)
r(220,2,4,82)
w(2,5,4,82)
r(293,13,4,82)
w(69,16,4,82)
w(16,9,4,82)
w(260,11,4,82)
w(127,10,4,82)
r(24,11,4,82)
r(318,13,4,82)
w(333,13,4,82)
w(15,7,4,82)
w(190,11,4,82)
w(307,7,4,82)
w(289,6,4,82)
w(220,5,5,83)
w(115,10,5,83)
w(312,9,5,83)
w(228,13,5,83)
w(206,10,5,83)
r(327,7,5,83)
w(346,17,5,83)
r(77,11,5,83)
r(279,1,5,83)
r(158,5,5,83)
r(100,9,5,83)
w(89,16,5,83)
r(48,5,5,83)
r(163,1,5,83)
w(156,9,5,83)
w(176,8,5,83)
r(190,4,5,83)
r(242,7,5,83)
r(359,1,5,83)
w(159,14,5,83)
w(234,12,5,83)
w(222,10,5,83)
r(243,13,5,83)
w(297,16,5,83)
w(73,10,5,83)
r(23,8,5,83)
r(116,13,5,83)
w(97,10,5,83)
r(150,11,5,83)
w(267,9,5,83)
w(330,9,5,83)
r(319,8,5,83)
r(107,17,5,83)
w(90,16,5,83)
w(313,14,5,83)
r(82,7,6,84)
w(63,14,6,84)
r(339,7,6,84)
r(35,10,6,84)
r(254,5,6,84)
w(205,18,6,84)
r(293,13,6,84)
r(84,12,6,84)
r(144,11,6,84)
w(143,12,6,84)
r(93,8,6,84)
w(187,18,6,84)
r(341,5,6,84)
r(79,1,6,84)
w(342,14,6,84)
r(194,11,6,84)
r(68,1,6,84)
r(121,6,6,84)
w(117,15,6,84)
w(303,18,6,84)
w(9,10,6,84)
r(128,14,6,84)
r(330,8,6,84)
r(255,5,6,84)
w(7,9,6,84)
w(281,11,6,84)
w(73,17,6,84)
r(170,1,6,84)
r(313,1,6,84)
w(343,22,6,84)
w(174,3,1,85)
r(185,6,1,85)
w(17,7,1,85)
w(205,3,1,85)
r(24,4,1,85)
w(120,3,1,85)
r(181,14,1,85)
w(155,2,1,85)
r(157,1,1,85)
r(290,1,1,85)
r(65,6,1,85)
w(13,8,2,86)
w(204,2,2,86)
r(149,13,2,86)
r(124,17,2,86)
r(303,9,2,86)
w(116,6,2,86)
w(87,4,2,86)
r(350,9,2,86)
w(297,4,2,86)
w(324,3,2,86)
r(197,11,2,86)
w(168,7,2,86)
w(208,4,2,86)
r(330,15,2,86)
r(149,13,2,86)
w(246,4,2,86)
r(192,4,2,86)
w(169,8,2,86)
w(315,5,2,86)
w(149,3,2,86)
r(14,8,2,86)
w(256,3,2,86)
r(52,11,2,86)
r(271,6,2,86)
r(173,14,2,86)
w(347,2,2,86)
r(101,1,2,86)
w(1,7,2,86)
w(252,3,2,86)
r(204,2,2,86)
r(142,4,2,86)
r(171,19,2,86)
r(352,16,2,86)
w(193,6,2,86)
w(79,6,2,86)
w(297,8,3,87)
r(208,1,3,87)
w(292,5,3,87)
w(221,7,3,87)
r(284,6,3,87)
r(67,1,3,87)
r(181,6,3,87)
r(278,3,3,87)
w(117,5,3,87)
r(63,4,3,87)
w(158,8,3,87)
r(223,6,3,87)
w(108,8,3,87)
w(248,10,3,87)
w(143,5,3,87)
w(346,14,3,87)
w(78,8,3,87)
r(351,3,3,87)
r(157,1,3,87)
r(321,4,3,87)
r(316,7,3,87)
r(4,5,3,87)
r(268,18,3,87)
r(126,13,3,87)
w(327,11,3,87)
w(10,4,3,87)
w(222,8,3,87)
w(11,14,3,87)
w(112,14,3,87)
r(80,1,3,87)
w(292,8,3,87)
r(1,1,3,87)
r(273,1,3,87)
r(271,6,3,87)
w(136,6,3,87)
r(142,17,3,87)
w(287,8,3,87)
w(225,6,3,87)
w(309,7,3,87)
w(118,4,3,87)
r(269,1,3,87)
r(8,4,3,87)
r(349,14,3,87)
w(54,5,3,87)
r(130,1,3,87)
r(210,5,3,87)
w(20,6,3,87)
r(360,5,3,87)
w(296,6,3,87)
r(119,6,3,87)
w(25,13,4,88)
r(163,13,4,88)
w(51,11,4,88)
r(259,1,4,88)
r(73,3,4,88)
r(278,3,4,88)
r(57,5,4,88)
r(176,11,4,88)
r(209,14,4,88)
r(76,5,4,88)
w(187,14,4,88)
w(219,12,4,88)
r(5,1,4,88)
r(213,13,5,89)
w(22,10,5,89)
r(67,1,5,89)
r(317,4,5,89)
w(332,11,5,89)
w(224,9,5,89)
r(150,11,6,90)
w(105,12,6,90)
w(250,16,6,90)
r(76,5,6,90)
r(21,11,6,90)
r(174,1,6,90)
r(131,4,6,90)
w(288,16,6,90)
w(84,15,6,90)
r(198,7,6,90)
r(158,5,6,90)
w(267,15,6,90)
w(172,15,6,90)
w(60,9,6,90)
w(131,13,6,90)
r(299,10,6,90)
r(58,1,6,90)
w(27,14,6,90)
w(139,8,6,90)
w(243,14,6,90)
w(11,18,6,90)
r(334,10,6,90)
w(101,12,6,90)
w(265,12,6,90)
w(234,17,6,90)
r(118,5,6,90)
r(103,1,6,90)
w(219,19,6,90)
w(2,16,6,90)
w(66,18,6,90)
w(215,16,6,90)
r(158,5,6,90)
r(129,1,1,91)
r(116,13,1,91)
w(199,7,1,91)
w(242,2,1,91)
w(261,3,1,91)
r(337,5,1,91)
w(232,7,1,91)
r(308,9,1,91)
r(65,6,1,91)
r(44,2,1,91)
w(343,4,1,91)
w(27,2,1,91)
w(258,2,1,91)
w(209,2,1,91)
r(155,1,1,91)
r(249,7,1,91)
w(55,3,1,91)
r(9,1,1,91)
r(167,8,1,91)
r(35,10,1,91)
r(54,5,2,92)
r(124,17,2,92)
r(311,9,2,92)
r(52,11,2,92)
w(77,8,2,92)
r(136,6,2,92)
w(286,6,2,92)
r(172,4,2,92)
r(250,14,2,92)
r(176,11,2,92)
r(200,16,2,92)
w(102,8,2,92)
r(175,9,2,92)
r(322,8,2,92)
r(123,7,2,92)
w(25,5,2,92)
r(12,13,2,92)
w(100,5,2,92)
w(251,6,2,92)
w(293,5,2,92)
r(282,2,2,92)
w(87,7,2,92)
w(262,4,2,92)
r(56,9,2,92)
r(111,2,2,92)
r(217,1,2,92)
r(187,10,2,92)
r(332,6,2,92)
w(301,3,2,92)
r(58,6,2,92)
r(245,12,2,92)
r(128,12,2,92)
w(79,5,2,92)
r(211,3,2,92)
r(313,1,2,92)
w(272,5,2,92)
w(317,13,2,92)
w(208,7,2,92)
r(123,7,2,92)
w(163,5,2,92)
r(248,15,2,92)
w(25,8,2,92)
w(334,7,2,92)
r(294,5,2,92)
r(217,1,2,92)
r(348,14,2,92)
w(234,5,2,92)
w(341,7,2,92)
w(183,6,2,92)
r(336,17,2,92)
r(304,15,3,93)
r(304,15,3,93)
w(69,14,3,93)
r(67,10,3,93)
r(232,12,3,93)
r(205,4,3,93)
w(246,13,3,93)
w(134,5,3,93)
r(303,9,3,93)
r(233,10,3,93)
w(101,8,3,93)
r(103,1,3,93)
w(130,6,3,93)
w(340,8,3,93)
r(213,13,3,93)
w(2,4,3,93)
r(123,7,3,93)
w(226,5,3,93)
w(321,7,3,93)
w(333,11,4,94)
r(236,14,4,94)
r(278,3,4,94)
w(118,13,4,94)
r(87,13,4,94)
w(256,7,4,94)
w(339,13,4,94)
w(268,10,4,94)
r(147,7,4,94)
r(340,15,4,94)
w(235,6,4,94)
r(124,11,4,94)
r(71,1,4,94)
r(277,11,4,94)
w(105,11,4,94)
w(176,6,4,94)
w(181,5,4,94)
r(94,11,4,94)
w(235,5,4,94)
w(176,5,4,94)
r(52,7,4,94)
w(189,5,4,94)
r(182,5,4,94)
w(142,14,4,94)
r(339,13,4,94)
w(167,6,4,94)
r(220,2,5,95)
r(297,5,5,95)
r(162,1,5,95)
r(112,5,5,95)
r(311,4,5,95)
w(197,13,5,95)
r(116,13,5,95)
r(121,6,5,95)
r(181,14,5,95)
w(274,15,5,95)
w(335,14,5,95)
r(179,11,5,95)
r(136,4,5,95)
r(153,2,5,95)
w(168,14,5,95)
w(120,10,5,95)
r(266,4,5,95)
w(46,13,5,95)
r(85,1,5,95)
w(26,9,5,95)
w(346,22,5,95)
r(334,10,5,95)
w(203,5,5,95)
r(101,1,5,95)
w(310,14,5,95)
r(289,1,5,95)
w(109,6,5,95)
w(69,17,5,95)
w(85,10,5,95)
w(303,9,5,95)
r(14,8,5,95)
r(262,1,5,95)
w(77,12,5,95)
r(311,4,5,95)
w(202,14,5,95)
w(173,14,5,95)
r(215,4,5,95)
w(22,9,5,95)
r(6,19,5,95)
r(172,8,5,95)
w(153,9,5,95)
w(193,5,5,95)
w(176,13,5,95)
w(311,14,5,95)
w(19,13,5,95)
r(89,12,5,95)
r(34,1,5,95)
w(44,12,5,95)
w(176,11,5,95)
r(270,1,5,95)
r(123,7,6,96)
w(123,9,6,96)
r(75,13,6,96)
r(338,1,6,96)
w(356,12,6,96)
r(241,1,6,96)
w(172,17,6,96)
r(135,1,6,96)
w(117,22,6,96)
r(105,3,6,96)
r(352,12,6,96)
r(326,8,6,96)
w(91,10,6,96)
w(288,15,6,96)
w(8,10,6,96)
r(150,11,6,96)
r(171,17,6,96)
r(327,7,6,96)
r(350,6,6,96)
w(89,18,6,96)
w(230,9,6,96)
r(296,13,6,96)
w(289,11,6,96)
w(29,14,6,96)
r(238,12,6,96)
w(340,22,6,96)
r(12,3,6,96)
r(222,14,6,96)
w(321,14,6,96)
w(329,22,6,96)
w(298,17,6,96)
r(186,7,6,96)
w(89,21,6,96)
w(308,15,6,96)
r(221,14,6,96)
r(107,17,6,96)
w(113,12,6,96)
w(17,22,6,96)
r(16,10,6,96)
r(189,11,6,96)
r(229,1,6,96)
w(101,16,6,96)
r(37,10,6,96)
w(304,17,6,96)
r(90,1,6,96)
r(154,1,6,96)
r(310,5,1,97)
r(316,7,1,97)
w(64,4,1,97)
w(227,7,1,97)
w(69,5,1,97)
w(140,3,1,97)
r(142,16,1,97)
w(233,4,1,97)
w(195,4,1,97)
w(126,2,1,97)
w(358,2,1,97)
w(20,2,1,97)
r(198,7,1,97)
w(116,3,1,97)
w(255,3,1,97)
w(62,3,1,97)
r(31,2,1,97)
w(7,2,1,97)
w(125,7,1,97)
w(147,2,1,97)
r(221,14,1,97)
r(193,1,1,97)
r(54,2,1,97)
r(308,9,1,97)
r(46,7,1,97)
r(70,9,1,97)
w(325,4,1,97)
r(153,2,1,97)
w(140,4,1,97)
r(142,16,1,97)
r(61,1,1,97)
w(152,7,1,97)
r(182,5,1,97)
r(132,13,1,97)
r(338,1,1,97)
r(30,5,1,97)
w(311,6,2,98)
w(11,8,2,98)
r(56,9,2,98)
r(96,7,2,98)
r(18,14,2,98)
r(177,4,2,98)
r(123,7,2,98)
w(166,4,2,98)
w(16,5,2,98)
w(5,4,2,98)
r(277,11,2,98)
r(61,9,2,98)
r(14,8,2,98)
w(239,8,2,98)
r(17,15,2,98)
w(148,13,2,98)
r(7,1,2,98)
w(327,8,2,98)
r(177,4,2,98)
w(338,3,2,98)
r(177,4,2,98)
r(329,5,2,98)
w(47,4,2,98)
w(73,8,2,98)
r(317,11,2,98)
r(279,11,2,98)
r(201,9,2,98)
w(42,4,2,98)
w(194,8,2,98)
w(155,6,2,98)
w(192,6,2,98)
r(219,10,2,98)
r(94,16,2,98)
r(333,6,2,98)
r(19,13,2,98)
w(179,4,2,98)
w(77,13,2,98)
r(241,4,2,98)
w(309,4,2,98)
w(181,2,2,98)
r(26,11,2,98)
r(258,9,2,98)
w(107,8,2,98)
w(17,13,2,98)
r(310,13,2,98)
r(235,13,2,98)
w(62,4,2,98)
w(185,4,2,98)
r(359,1,2,98)
r(61,9,2,98)
w(199,13,3,99)
w(135,13,3,99)
w(130,5,3,99)
r(131,4,3,99)
w(110,10,3,99)
r(140,11,3,99)
r(308,9,3,99)
w(117,8,3,99)
w(184,11,3,99)
w(241,6,3,99)
r(334,2,3,99)
w(69,10,3,99)
w(277,5,3,99)
r(196,7,3,99)
r(353,13,3,99)
w(98,7,3,99)
r(178,13,3,99)
r(151,9,3,99)
r(6,20,3,99)
w(90,5,3,99)
r(223,6,3,99)
r(152,11,4,100)
r(141,1,4,100)
w(228,5,4,100)
w(22,5,4,100)
w(136,13,4,100)
r(334,10,4,100)
r(159,11,4,100)
r(16,10,4,100)
r(44,12,4,100)
r(165,9,4,100)
r(273,1,4,100)
r(297,8,4,100)
w(34,6,4,100)
w(118,11,4,100)
w(170,14,4,100)
r(213,13,4,100)
r(28,13,4,100)
w(115,14,4,100)
r(104,22,4,100)
w(303,14,4,100)
r(305,11,4,100)
r(116,13,4,100)
r(204,1,4,100)
w(109,7,4,100)
w(341,15,4,100)
r(9,9,4,100)
r(144,11,4,100)
r(213,13,4,100)
r(199,1,4,100)
r(32,9,4,100)
w(71,13,4,100)
w(10,7,4,100)
r(41,7,4,100)
w(104,12,4,100)
w(325,14,4,100)
r(274,15,4,100)
w(39,6,4,100)
w(29,8,4,100)
w(173,13,4,100)
w(299,11,4,100)
w(166,5,4,100)
w(217,5,4,100)
w(230,11,4,100)
w(63,5,4,100)
w(350,11,4,100)
w(141,5,4,100)
w(38,13,4,100)
w(124,16,5,101)
w(114,13,5,101)
w(324,10,5,101)
w(49,13,5,101)
r(280,2,5,101)
r(73,3,5,101)
w(219,17,5,101)
r(48,5,5,101)
r(270,1,5,101)
w(359,11,5,101)
w(313,10,5,101)
r(125,11,5,101)
w(212,17,5,101)
r(345,15,5,101)
w(316,12,5,101)
w(211,8,5,101)
w(279,13,5,101)
w(248,21,5,101)
w(325,10,5,101)
w(253,12,5,101)
w(36,14,5,101)
w(346,18,5,101)
w(145,17,5,101)
w(227,16,5,101)
w(276,13,5,101)
r(11,1,5,101)
w(34,5,5,101)
r(311,14,5,101)
w(253,16,5,101)
w(245,13,5,101)
r(295,1,5,101)
w(228,11,5,101)
w(331,9,5,101)
w(153,12,5,101)
r(147,7,5,101)
w(255,10,5,101)
r(99,3,5,101)
r(210,8,5,101)
r(43,12,5,101)
r(155,1,5,101)
r(172,8,5,101)
w(88,10,5,101)
r(96,7,6,102)
r(32,9,6,102)
r(64,9,6,102)
w(224,18,6,102)
w(178,13,6,102)
r(81,6,6,102)
r(188,6,6,102)
r(186,7,6,102)
r(275,6,6,102)
r(50,1,6,102)
w(215,15,6,102)
r(94,11,6,102)
w(290,12,6,102)
w(338,10,6,102)
w(276,14,6,102)
r(354,4,6,102)
w(18,14,6,102)
w(354,21,6,102)
w(285,5,6,102)
r(340,15,6,102)
w(51,22,6,102)
w(6,20,6,102)
r(233,5,6,102)
r(72,10,6,102)
r(181,6,6,102)
w(37,9,6,102)
r(21,11,6,102)
w(251,9,6,102)
w(111,12,6,102)
r(178,13,6,102)
w(55,12,6,102)
r(127,8,6,102)
r(110,14,6,102)
w(258,9,6,102)
w(65,9,6,102)
w(356,16,6,102)
w(339,9,6,102)
w(227,18,6,102)
r(278,3,6,102)
w(114,9,6,102)
w(60,12,6,102)
r(21,11,6,102)
w(41,7,6,102)
w(142,17,6,102)
w(349,14,6,102)
r(66,7,6,102)
r(23,8,6,102)
r(111,12,6,102)
r(253,10,6,102)
w(352,16,6,102)
w(178,2,1,103)
r(162,1,1,103)
w(147,3,1,103)
w(104,4,1,103)
r(78,15,1,103)
r(100,9,1,103)
w(276,2,1,103)
w(48,2,1,103)
r(355,2,1,103)
w(104,7,1,103)
w(152,6,1,103)
r(9,1,1,103)
w(317,7,1,103)
w(188,4,1,103)
w(35,3,1,103)
w(251,3,1,103)
r(51,15,1,103)
w(269,4,1,103)
w(121,3,1,103)
w(87,2,1,103)
w(356,2,1,103)
w(117,3,1,103)
r(137,14,2,104)
w(264,4,2,104)
r(62,4,2,104)
r(100,5,2,104)
w(126,4,2,104)
w(36,7,2,104)
r(2,9,2,104)
w(247,6,2,104)
w(152,13,2,104)
w(212,14,2,104)
w(240,7,2,104)
r(70,10,2,104)
w(268,5,2,104)
r(82,6,2,104)
r(332,6,2,104)
w(325,7,2,104)
r(140,11,2,104)
w(271,7,2,104)
r(262,4,2,104)
r(288,8,2,104)
w(186,4,2,104)
r(120,4,2,104)
w(204,3,2,104)
r(117,5,2,104)
w(129,7,2,104)
r(227,5,2,104)
w(339,4,2,104)
w(179,7,2,104)
r(315,7,2,104)
r(65,9,2,104)
w(162,7,2,104)
w(203,4,2,104)
r(80,2,2,104)
r(35,10,2,104)
r(147,7,2,104)
r(11,8,2,104)
r(49,2,2,104)
w(316,6,2,104)
w(183,5,2,104)
r(283,13,2,104)
w(257,4,2,104)
w(17,11,2,104)
r(223,6,2,104)
w(20,3,2,104)
w(325,6,2,104)
w(178,3,2,104)
r(289,14,2,104)
r(68,1,2,104)
r(360,5,2,104)
r(252,10,2,104)
w(68,6,3,105)
w(40,7,3,105)
r(212,19,3,105)
w(192,11,3,105)
r(4,5,3,105)
w(187,8,3,105)
w(199,11,3,105)
w(92,8,3,105)
r(354,21,3,105)
w(290,5,3,105)
r(216,8,3,105)
w(179,8,3,105)
w(156,8,3,105)
r(341,7,3,105)
r(254,5,3,105)
w(156,13,3,105)
r(228,4,3,105)
r(272,5,3,105)
r(161,10,3,105)
r(301,3,3,105)
w(68,5,3,105)
r(288,2,3,105)
r(248,15,3,105)
r(179,8,3,105)
r(123,7,3,105)
w(136,5,3,105)
w(263,7,3,105)
r(284,6,3,105)
w(98,13,4,106)
w(268,9,4,106)
w(252,14,4,106)
r(57,5,4,106)
w(187,10,4,106)
r(33,15,4,106)
r(137,13,4,106)
r(39,3,4,106)
r(167,8,4,106)
w(26,11,4,106)
w(326,11,4,106)
r(25,11,4,106)
w(58,6,4,106)
w(36,13,4,106)
r(34,1,4,106)
r(18,14,4,106)
r(223,6,4,106)
r(321,4,4,106)
r(49,2,4,106)
r(178,13,4,106)
r(77,12,4,106)
r(110,14,4,106)
w(42,5,4,106)
w(74,6,4,106)
w(122,14,4,106)
w(248,15,4,106)
w(322,8,4,106)
w(111,6,4,106)
r(282,7,4,106)
w(162,9,4,106)
r(293,13,4,106)
r(359,1,4,106)
w(209,5,4,106)
r(42,5,4,106)
w(149,13,4,106)
r(160,7,4,106)
w(300,13,4,106)
r(293,13,4,106)
r(81,6,4,106)
w(348,14,4,106)
r(137,13,4,106)
w(250,14,4,106)
w(12,13,4,106)
r(39,3,4,106)
r(259,1,4,106)
w(343,14,4,106)
w(76,14,4,106)
r(173,14,4,106)
w(81,8,4,106)
w(56,9,4,106)
r(151,9,5,107)
r(127,8,5,107)
r(29,7,5,107)
w(305,11,5,107)
w(12,10,5,107)
w(224,16,5,107)
r(160,7,5,107)
r(342,6,5,107)
r(209,14,5,107)
w(26,12,5,107)
r(150,11,5,107)
w(133,10,5,107)
r(104,22,5,107)
r(217,1,5,107)
w(25,11,5,107)
r(47,1,5,107)
w(33,15,5,107)
w(5,5,5,107)
r(140,11,5,107)
w(200,16,5,107)
w(191,12,5,107)
r(160,7,5,107)
w(235,13,5,107)
r(37,9,5,107)
w(79,16,5,107)
r(350,6,5,107)
r(17,16,5,107)
r(71,1,5,107)
r(200,16,5,107)
w(311,10,5,107)
r(304,15,5,107)
w(269,10,5,107)
w(93,11,5,107)
r(76,5,5,107)
w(158,9,5,107)
w(82,8,5,107)
w(248,19,5,107)
w(339,14,5,107)
w(67,10,5,107)
r(170,13,5,107)
w(75,12,5,107)
w(350,9,5,107)
r(315,7,5,107)
w(38,14,5,107)
w(252,15,5,107)
r(252,15,5,107)
w(251,11,5,107)
r(2,9,5,107)
w(61,15,5,107)
r(275,6,5,107)
r(281,6,6,108)
w(25,9,6,108)
w(247,12,6,108)
w(120,16,6,108)
w(197,10,6,108)
r(325,8,6,108)
w(130,10,6,108)
w(187,21,6,108)
w(95,10,6,108)
w(290,16,6,108)
w(343,18,6,108)
w(104,22,6,108)
w(190,15,6,108)
r(298,6,6,108)
w(194,15,6,108)
w(212,21,6,108)
r(181,6,6,108)
r(217,1,6,108)
r(154,7,6,108)
w(146,8,6,108)
w(336,17,6,108)
w(289,14,6,108)
w(291,10,6,108)
r(13,9,6,108)
r(286,8,6,108)
r(161,10,6,108)
r(39,3,6,108)
r(151,9,6,108)
w(257,16,6,108)
w(128,12,6,108)
r(67,1,6,108)
r(49,2,6,108)
w(171,19,6,108)
w(94,12,6,108)
r(19,13,6,108)
r(1,1,6,108)
r(351,3,6,108)
r(207,7,6,108)
w(324,15,6,108)
w(155,15,6,108)
r(197,10,6,108)
r(199,1,6,108)
r(125,11,6,108)
r(132,13,6,108)
w(9,9,6,108)
w(85,17,6,108)
r(176,11,6,108)
r(187,21,6,108)
r(265,11,6,108)
r(247,12,6,108)
r(133,6,1,109)
w(7,3,1,109)
r(39,3,1,109)
r(329,5,1,109)
w(273,7,1,109)
r(85,10,1,109)
w(30,3,1,109)
r(288,2,1,109)
r(318,13,1,109)
w(140,7,1,109)
r(218,1,1,109)
r(181,6,1,109)
w(273,6,1,109)
w(112,4,1,109)
w(268,4,1,109)
r(243,13,1,109)
r(77,12,1,109)
w(199,6,1,109)
w(25,2,1,109)
w(353,2,1,109)
w(149,2,1,109)
w(286,4,1,109)
w(166,2,1,109)
r(180,4,1,109)
r(131,4,1,109)
r(205,14,1,109)
r(234,3,1,109)
r(138,5,1,109)
r(297,5,1,109)
r(193,5,1,109)
w(349,4,1,109)
w(132,4,1,109)
w(137,7,1,109)
r(342,6,1,109)
w(6,6,2,110)
r(112,14,2,110)
r(97,7,2,110)
w(127,11,2,110)
w(338,4,2,110)
w(309,6,3,111)
r(334,7,3,111)
w(69,9,3,111)
r(335,4,3,111)
r(340,15,3,111)
r(321,8,4,112)
r(217,1,4,112)
w(137,14,4,112)
r(58,6,4,112)
r(127,6,4,112)
w(248,17,4,112)
w(224,11,4,112)
r(110,7,4,112)
r(267,4,4,112)
w(82,6,4,112)
w(206,11,4,112)
w(248,22,4,112)
r(133,10,4,112)
r(270,4,4,112)
w(98,11,4,112)
r(254,5,4,112)
r(218,1,4,112)
w(61,9,4,112)
r(298,6,4,112)
w(70,10,4,112)
r(19,13,4,112)
r(86,12,4,112)
w(252,10,4,112)
r(35,10,4,112)
w(317,11,4,112)
w(354,10,4,112)
w(239,10,4,112)
w(93,13,4,112)
r(129,1,4,112)
w(42,8,4,112)
r(205,4,4,112)
w(263,5,4,112)
r(47,2,4,112)
w(144,8,4,112)
w(77,9,4,112)
w(351,11,4,112)
r(195,7,4,112)
r(322,8,4,112)
r(337,5,4,112)
w(331,8,4,112)
w(299,14,4,112)
r(166,11,4,112)
r(58,6,4,112)
w(234,14,4,112)
r(16,10,4,112)
r(307,1,4,112)
r(37,9,4,112)
w(310,13,4,112)
w(62,9,4,112)
w(288,8,4,112)
r(342,10,5,113)
r(248,15,5,113)
r(198,7,5,113)
w(209,10,5,113)
w(330,15,5,113)
w(124,17,5,113)
w(24,12,5,113)
r(231,5,5,113)
r(230,6,5,113)
w(15,5,5,113)
w(294,5,5,113)
w(349,11,5,113)
r(73,3,5,113)
r(35,10,5,113)
r(356,16,5,113)
r(275,6,5,113)
w(237,11,5,113)
r(304,15,5,113)
w(261,11,5,113)
w(169,16,5,113)
r(286,8,5,113)
r(359,1,5,113)
r(311,10,5,113)
r(106,1,5,113)
w(357,20,5,113)
w(24,16,5,113)
w(279,11,5,113)
w(327,12,5,113)
w(311,9,5,113)
w(321,8,5,113)
r(97,7,5,113)
w(312,12,5,113)
r(317,6,5,113)
w(286,16,5,113)
r(266,4,5,113)
w(70,16,5,113)
r(245,12,5,113)
r(338,10,5,113)
r(98,13,5,113)
w(181,11,5,113)
w(233,10,5,113)
r(185,11,5,113)
r(269,10,5,113)
w(197,11,5,113)
r(24,16,5,113)
w(17,15,5,113)
r(147,7,5,113)
r(276,14,5,113)
w(242,14,5,113)
r(309,7,5,113)
r(49,2,6,114)
r(320,8,6,114)
r(52,7,6,114)
r(135,1,6,114)
r(140,11,6,114)
r(358,5,6,114)
w(324,17,6,114)
w(205,21,6,114)
w(226,13,6,114)
r(148,11,6,114)
w(26,17,6,114)
w(108,9,6,114)
w(318,10,6,114)
r(232,12,6,114)
r(357,15,6,114)
w(159,12,6,114)
r(159,12,6,114)
r(285,5,6,114)
r(73,3,6,114)
r(284,6,6,114)
w(199,17,6,114)
r(231,5,6,114)
w(166,11,6,114)
w(86,12,6,114)
w(326,9,6,114)
w(52,11,6,114)
r(314,13,6,114)
r(7,1,6,114)
w(246,12,6,114)
w(342,10,6,114)
w(104,18,6,114)
w(115,15,6,114)
r(71,1,6,114)
w(154,13,6,114)
w(31,14,6,114)
r(70,9,6,114)
w(153,15,6,114)
r(159,12,6,114)
w(245,12,6,114)
w(31,10,6,114)
r(13,9,6,114)
r(177,1,6,114)
r(161,10,6,114)
w(104,21,6,114)
w(91,9,6,114)
r(65,9,6,114)
w(212,19,6,114)
r(56,6,6,114)
w(94,16,6,114)
w(226,11,6,114)
r(356,16,1,115)
r(338,10,1,115)
r(327,11,1,115)
w(284,2,1,115)
r(273,1,1,115)
w(179,2,1,115)
r(73,3,1,115)
w(122,4,1,115)
w(138,3,1,115)
r(112,14,1,115)
w(212,4,1,115)
r(263,2,1,115)
w(129,3,1,115)
w(48,3,1,115)
w(251,4,1,115)
r(219,10,1,115)
r(339,9,1,115)
r(255,5,1,115)
r(35,10,1,115)
r(257,5,1,115)
w(129,4,1,115)
r(128,14,1,115)
r(102,15,1,115)
r(310,14,1,115)
w(261,4,1,115)
r(231,5,1,115)
r(253,10,1,115)
w(182,4,1,115)
w(180,2,1,115)
r(222,8,1,115)
w(298,7,1,115)
w(56,7,1,115)
r(94,11,1,115)
r(84,5,1,115)
r(218,1,1,115)
r(355,2,1,115)
r(7,1,1,115)
w(302,2,1,115)
r(222,8,1,115)
r(304,15,2,116)
w(68,3,2,116)
w(38,6,2,116)
w(119,7,2,116)
w(74,4,2,116)
r(144,7,2,116)
w(299,6,2,116)
r(337,5,2,116)
w(52,6,2,116)
r(264,4,2,116)
r(175,9,2,116)
r(312,12,2,116)
w(100,8,2,116)
r(115,5,2,116)
w(216,5,2,116)
r(182,6,2,116)
w(125,5,2,116)
r(359,8,2,116)
w(313,8,2,116)
r(190,6,2,116)
w(12,6,2,116)
w(112,7,2,116)
r(151,9,2,116)
r(341,7,2,116)
w(343,8,2,116)
w(322,6,2,116)
w(219,13,2,116)
r(92,12,2,116)
w(6,5,2,116)
w(61,6,2,116)
w(356,3,2,116)
r(151,9,2,116)
w(283,3,2,116)
w(297,7,2,116)
w(134,4,2,116)
w(62,7,2,116)
w(280,4,2,116)
r(158,13,2,116)
w(64,5,2,116)
r(45,11,2,116)
r(26,5,2,116)
r(281,6,2,116)
w(296,4,2,116)
w(65,7,2,116)
w(324,4,2,116)
r(85,5,2,116)
w(89,8,2,116)
r(142,4,2,116)
r(136,8,2,116)
w(214,8,2,116)
r(13,4,3,117)
r(279,11,3,117)
w(342,7,3,117)
w(21,8,3,117)
w(290,8,3,117)
w(321,6,3,117)
w(93,6,3,117)
w(85,5,3,117)
r(22,9,3,117)
w(115,5,3,117)
r(3,7,3,117)
r(230,6,3,117)
w(2,7,3,117)
w(48,7,3,117)
w(2,6,3,117)
r(103,1,3,117)
r(360,5,3,117)
w(144,7,3,117)
w(255,14,3,117)
w(227,10,3,117)
w(141,4,3,117)
w(265,13,3,117)
r(54,5,3,117)
w(217,4,3,117)
w(201,8,3,117)
w(276,7,3,117)
w(197,6,3,117)
w(297,11,3,117)
r(293,5,3,117)
r(71,1,3,117)
r(323,3,3,117)
r(16,5,3,117)
w(250,13,3,117)
w(300,5,3,117)
w(122,13,3,117)
w(315,13,3,117)
r(347,7,3,117)
r(249,7,3,117)
r(37,9,3,117)
w(356,8,3,117)
r(152,13,3,117)
w(126,7,3,117)
r(39,3,3,117)
r(64,9,3,117)
r(302,4,3,117)
r(174,1,3,117)
w(57,7,3,117)
r(326,14,3,117)
r(312,12,3,117)
w(316,13,3,117)
w(78,12,4,118)
w(170,9,4,118)
r(323,3,4,118)
w(96,8,4,118)
r(129,1,4,118)
w(293,17,4,118)
w(324,13,4,118)
r(91,9,4,118)
w(236,8,4,118)
w(11,9,4,118)
r(162,9,4,118)
r(213,13,4,118)
r(145,8,4,118)
r(314,13,4,118)
w(142,10,4,118)
w(337,10,4,118)
w(271,14,4,118)
r(345,15,4,118)
w(126,6,4,118)
w(3,6,4,118)
r(136,6,4,118)
r(301,3,4,118)
w(321,5,4,118)
r(83,1,4,118)
r(210,5,4,118)
w(91,13,4,118)
r(247,3,4,118)
w(335,11,4,118)
w(317,14,4,118)
r(222,8,4,118)
w(80,8,4,118)
w(343,10,4,118)
r(235,13,4,118)
w(9,13,4,118)
w(315,10,4,118)
r(236,8,4,118)
w(357,17,4,118)
r(28,13,4,118)
r(274,15,4,118)
r(100,5,4,118)
w(286,11,4,118)
w(187,9,4,118)
r(38,14,4,118)
r(228,4,5,119)
r(258,9,5,119)
r(236,14,5,119)
w(233,9,5,119)
w(206,12,5,119)
w(327,16,5,119)
w(312,16,5,119)
r(334,2,5,119)
w(113,10,5,119)
r(274,15,5,119)
r(345,15,5,119)
w(254,11,5,119)
r(15,5,5,119)
w(172,12,5,119)
w(245,11,5,119)
r(122,14,5,119)
w(88,12,5,119)
w(74,8,5,119)
r(178,13,5,119)
w(287,12,5,119)
w(56,16,5,119)
r(70,16,5,119)
w(228,14,5,119)
r(58,6,5,119)
w(221,9,5,119)
r(25,11,5,119)
w(47,14,6,120)
w(114,12,6,120)
r(265,11,6,120)
r(94,16,6,120)
w(252,17,6,120)
r(284,6,6,120)
r(99,3,6,120)
r(175,9,6,120)
w(359,14,6,120)
r(141,1,6,120)
r(251,11,6,120)
w(319,9,6,120)
r(145,8,6,120)
r(303,9,6,120)
r(42,5,6,120)
r(131,4,6,120)
r(49,2,6,120)
w(192,15,6,120)
r(205,4,6,120)
r(76,14,6,120)
w(229,10,6,120)
r(205,4,6,120)
r(202,2,6,120)
w(3,11,6,120)
r(304,15,6,120)
w(1,11,6,120)
r(180,3,6,120)
r(302,4,6,120)
w(5,14,6,120)
r(71,1,6,120)
w(24,22,6,120)
r(230,6,6,120)
w(298,22,6,120)
w(205,19,6,120)
w(25,12,6,120)
w(119,22,6,120)
w(59,12,6,120)
w(47,2,1,121)
r(53,6,1,121)
r(43,12,1,121)
r(32,9,1,121)
r(177,1,1,121)
r(271,6,1,121)
r(225,6,1,121)
w(253,6,1,121)
w(261,7,1,121)
w(299,7,1,121)
w(203,2,1,121)
r(168,14,1,121)
w(270,4,1,121)
w(142,4,1,121)
r(345,15,1,121)
w(317,6,1,121)
w(93,4,1,121)
w(172,4,1,121)
w(279,3,1,121)
r(46,13,1,121)
w(77,2,1,121)
w(130,7,1,121)
w(82,3,1,121)
r(346,14,1,121)
w(193,3,1,121)
r(289,14,1,121)
r(130,7,1,121)
w(244,2,1,121)
w(282,2,1,121)
r(282,2,1,121)
w(180,3,1,121)
r(306,4,1,121)
w(50,3,1,121)
w(227,6,1,121)
w(202,2,1,121)
r(263,2,1,121)
r(31,10,1,121)
w(148,2,1,121)
r(126,13,1,121)
w(196,7,1,121)
r(325,8,1,121)
r(278,3,1,121)
w(327,4,1,121)
w(127,6,1,121)
r(10,4,1,121)
r(54,5,1,121)
w(328,4,1,121)
r(135,1,1,121)
w(205,4,1,121)
r(242,7,1,121)
w(358,7,2,122)
r(132,13,2,122)
w(24,3,2,122)
r(265,13,2,122)
w(313,13,2,122)
r(77,13,2,122)
r(173,14,2,122)
r(239,8,2,122)
w(213,7,2,122)
r(40,4,2,122)
w(108,6,2,122)
r(312,12,2,122)
r(58,7,2,122)
r(158,13,2,122)
w(26,7,2,122)
r(252,6,2,122)
w(99,7,2,122)
r(139,1,2,122)
w(285,7,2,122)
w(284,4,2,122)
r(210,5,2,122)
r(242,14,2,122)
r(28,13,2,122)
r(242,14,2,122)
r(70,10,2,122)
r(167,3,2,122)
r(237,11,2,122)
w(165,11,2,122)
r(268,5,2,122)
r(293,9,2,122)
r(190,8,2,122)
r(187,13,2,122)
r(260,5,2,122)
r(57,7,2,122)
w(54,6,2,122)
w(179,6,2,122)
r(117,5,2,122)
w(103,7,2,122)
r(201,8,2,122)
r(326,14,2,122)
r(249,6,2,122)
w(72,4,2,122)
w(222,7,2,122)
w(183,8,2,122)
w(55,8,2,122)
r(311,6,2,122)
r(68,3,2,122)
r(27,1,2,122)
w(33,5,2,122)
w(171,6,2,122)
r(341,7,3,123)
w(158,13,3,123)
w(95,13,3,123)
w(26,5,3,123)
r(24,16,3,123)
r(231,5,3,123)
r(311,6,3,123)
r(244,2,3,123)
w(36,8,3,123)
w(236,4,3,123)
r(67,10,3,123)
w(16,13,3,123)
r(302,4,3,123)
w(216,13,3,123)
r(192,6,3,123)
w(127,14,3,123)
r(248,22,3,123)
r(235,13,3,123)
r(183,5,3,123)
w(182,6,3,123)
r(226,11,3,123)
w(99,5,3,123)
w(200,13,3,123)
r(97,7,3,123)
w(136,8,3,123)
r(26,5,3,123)
r(65,9,3,123)
w(359,8,3,123)
r(45,11,3,123)
w(162,11,3,123)
r(347,7,3,123)
w(202,7,3,123)
w(221,6,3,123)
w(78,13,3,123)
w(293,9,3,123)
r(152,13,3,123)
w(130,8,3,123)
w(90,13,3,123)
r(36,8,3,123)
r(115,5,3,123)
w(8,6,3,123)
w(338,6,3,123)
w(90,11,3,123)
r(237,11,3,123)
w(322,5,3,123)
r(186,4,3,123)
w(234,13,3,123)
r(116,13,3,123)
w(159,5,3,123)
r(182,6,3,123)
w(63,8,4,124)
w(216,11,4,124)
w(331,13,4,124)
r(147,7,4,124)
w(147,6,4,124)
w(138,11,4,124)
w(216,14,4,124)
w(247,11,4,124)
r(93,13,4,124)
r(214,11,4,124)
r(297,8,4,124)
w(197,8,4,124)
w(32,10,4,124)
w(254,8,4,124)
r(270,4,4,124)
w(196,11,4,124)
w(47,5,4,124)
w(271,10,4,124)
r(279,11,4,124)
r(302,4,4,124)
r(328,4,4,124)
r(98,11,4,124)
r(266,4,4,124)
w(229,8,4,124)
r(199,17,4,124)
r(216,14,4,124)
r(267,4,4,124)
w(18,6,4,124)
r(333,6,4,124)
w(308,11,4,124)
r(282,2,4,124)
w(204,5,4,124)
w(61,12,4,124)
r(235,13,4,124)
w(100,11,4,124)
r(203,4,4,124)
w(280,5,4,124)
r(347,7,4,124)
w(326,14,4,124)
w(126,5,4,124)
r(294,5,4,124)
w(187,12,4,124)
w(232,16,4,124)
r(355,2,4,124)
r(121,6,4,124)
w(185,10,4,124)
r(49,2,4,124)
w(51,14,4,124)
w(287,11,4,124)
w(76,10,4,124)
w(297,17,5,125)
w(148,12,5,125)
w(341,17,5,125)
r(227,5,5,125)
r(133,10,5,125)
r(359,1,5,125)
r(306,4,5,125)
w(82,13,5,125)
w(83,6,5,125)
r(170,13,5,125)
w(257,10,5,125)
w(356,10,5,125)
w(119,16,5,125)
w(243,11,5,125)
w(337,9,5,125)
w(73,12,5,125)
w(160,6,5,125)
w(289,8,5,125)
r(97,7,5,125)
r(155,15,5,125)
r(63,4,5,125)
r(209,10,5,125)
r(112,14,5,125)
r(31,10,5,125)
w(214,9,5,125)
w(354,17,5,125)
w(5,13,5,125)
r(117,5,5,125)
w(126,11,6,126)
w(163,10,6,126)
r(348,14,6,126)
r(150,11,6,126)
r(168,14,6,126)
r(159,12,6,126)
w(197,9,6,126)
w(322,14,6,126)
r(223,6,6,126)
r(341,5,6,126)
r(130,7,6,126)
r(110,7,6,126)
w(282,14,6,126)
w(12,15,6,126)
w(116,16,6,126)
w(351,9,6,126)
r(156,5,6,126)
w(288,17,6,126)
w(265,16,6,126)
w(182,11,6,126)
r(166,11,6,126)
r(89,12,6,126)
w(6,24,6,126)
w(97,9,6,126)
w(60,16,6,126)
w(359,10,6,126)
r(69,17,6,126)
w(22,17,6,126)
w(60,15,6,126)
r(336,17,6,126)
r(26,11,6,126)
w(252,22,6,126)
w(179,12,6,126)
r(143,5,6,126)
w(58,14,6,126)
r(323,3,6,126)
r(85,17,6,126)
w(96,12,6,126)
w(283,14,6,126)
r(293,13,1,127)
r(72,10,1,127)
w(247,3,1,127)
r(350,9,1,127)
r(119,6,1,127)
w(262,2,1,127)
w(13,4,1,127)
w(44,3,1,127)
w(195,7,1,127)
w(208,3,1,127)
r(12,13,1,127)
w(241,4,1,127)
r(163,13,1,127)
r(114,9,1,127)
r(342,10,1,127)
w(190,6,1,127)
w(110,7,1,127)
r(220,2,1,127)
w(227,5,1,127)
w(11,4,1,127)
r(139,1,1,127)
r(16,10,1,127)
r(36,13,1,127)
w(5,2,1,127)
w(135,7,1,127)
r(306,4,1,127)
r(235,13,1,127)
w(11,7,1,127)
w(334,2,1,127)
w(120,4,1,127)
w(80,2,1,127)
r(301,13,1,127)
r(220,2,1,127)
r(249,7,1,127)
r(23,8,1,127)
w(273,8,1,127)
w(335,4,1,127)
w(339,3,1,127)
w(234,4,1,127)
w(207,2,1,127)
w(167,3,1,127)
r(230,6,1,127)
r(7,1,1,127)
r(335,4,1,127)
w(111,2,1,127)
w(267,4,1,127)
w(251,7,1,127)
w(177,4,1,127)
w(43,2,1,127)
w(77,3,1,127)
r(98,11,3,128)
w(340,13,3,128)
r(164,5,3,128)
w(189,7,3,128)
r(169,16,3,128)
r(59,8,3,128)
w(259,11,3,128)
r(154,13,3,128)
r(236,4,3,128)
w(269,13,3,128)
r(9,9,3,128)
w(334,8,3,128)
w(101,13,3,128)
r(75,12,3,128)
w(190,8,3,128)
w(85,8,3,128)
r(216,5,3,128)
w(249,6,3,128)
w(341,13,3,128)
r(203,4,3,128)
w(58,4,3,128)
w(308,6,3,128)
r(70,10,3,128)
w(18,3,3,128)
r(269,13,3,128)
r(29,7,3,128)
r(256,4,3,128)
r(290,8,3,128)
r(233,10,3,128)
w(218,7,3,128)
w(232,9,3,128)
w(58,7,3,128)
w(308,5,3,128)
r(273,8,3,128)
r(118,4,3,128)
w(187,13,3,128)
w(32,13,3,128)
w(62,11,3,128)
w(105,13,3,128)
w(354,5,3,128)
w(228,7,3,128)
w(119,11,3,128)
w(32,11,3,128)
w(281,5,3,128)
r(329,5,3,128)
r(143,5,3,128)
w(252,6,3,128)
r(79,5,3,128)
w(306,14,3,128)
w(238,13,3,128)
r(17,15,6,129)
r(74,6,6,129)
w(78,19,6,129)
r(172,4,6,129)
w(205,20,6,129)
r(234,4,6,129)
w(124,21,6,129)
w(221,15,6,129)
w(152,17,6,129)
r(252,14,6,129)
w(268,21,6,129)
w(334,12,6,129)
r(322,8,6,129)
r(116,13,6,129)
w(234,18,6,129)
r(15,5,6,129)
w(172,22,6,129)
w(101,15,6,129)
r(210,5,6,129)
w(76,17,6,129)
r(325,8,6,129)
r(195,7,6,129)
w(198,4,1,130)
w(293,4,1,130)
r(123,7,1,130)
w(229,3,1,130)
r(228,4,1,130)
r(28,13,1,130)
w(285,3,1,130)
r(80,2,1,130)
w(77,4,1,130)
r(355,2,1,130)
r(234,4,1,130)
w(67,4,1,130)
w(25,3,1,130)
w(93,7,1,130)
w(156,2,1,130)
r(12,13,1,130)
w(315,3,1,130)
w(170,2,1,130)
w(167,4,1,130)
w(2,2,1,130)
r(124,17,1,130)
w(22,3,1,130)
w(235,3,1,130)
w(33,14,3,131)
w(248,9,3,131)
r(211,3,3,131)
w(334,13,3,131)
r(257,4,3,131)
r(341,13,3,131)
w(207,4,3,131)
w(78,11,3,131)
w(272,14,3,131)
r(171,6,3,131)
r(192,6,3,131)
r(212,14,3,131)
r(68,3,3,131)
r(298,6,3,131)
w(149,6,3,131)
r(91,9,3,131)
w(106,5,3,131)
w(125,13,3,131)
w(306,10,3,131)
r(4,5,3,131)
w(37,8,3,131)
r(318,10,3,131)
w(61,11,3,131)
r(158,13,3,131)
w(341,11,3,131)
r(48,7,3,131)
w(358,6,3,131)
r(221,6,3,131)
w(164,6,3,131)
w(114,6,3,131)
w(290,13,3,131)
w(329,11,3,131)
r(178,3,3,131)
r(331,13,3,131)
w(304,8,3,131)
r(14,8,3,131)
r(87,7,3,131)
w(107,13,3,131)
w(119,14,3,131)
r(78,11,3,131)
w(153,8,3,131)
w(166,6,3,131)
r(1,1,3,131)
r(150,11,3,131)
w(56,13,3,131)
w(135,11,3,131)
w(141,7,3,131)
w(295,7,3,131)
r(57,7,3,131)
w(43,8,3,131)
r(125,11,6,132)
r(187,10,6,132)
w(87,11,6,132)
r(305,11,6,132)
r(207,2,6,132)
w(342,9,6,132)
w(143,16,6,132)
w(84,17,6,132)
r(238,12,6,132)
r(144,11,6,132)
w(236,9,6,132)
