w(1,1,0,0)
w(2,1,0,0)
w(3,1,0,0)
w(4,1,0,0)
w(5,1,0,0)
w(6,1,0,0)
w(7,1,0,0)
w(8,1,0,0)
w(9,1,0,0)
w(10,1,0,0)
w(11,1,0,0)
w(12,1,0,0)
w(13,1,0,0)
w(14,1,0,0)
w(15,1,0,0)
w(16,1,0,0)
w(17,1,0,0)
w(18,1,0,0)
w(19,1,0,0)
w(20,1,0,0)
w(21,1,0,0)
w(22,1,0,0)
w(23,1,0,0)
w(24,1,0,0)
w(25,1,0,0)
w(26,1,0,0)
w(27,1,0,0)
w(28,1,0,0)
w(29,1,0,0)
w(30,1,0,0)
w(31,1,0,0)
w(32,1,0,0)
w(33,1,0,0)
w(34,1,0,0)
w(35,1,0,0)
w(36,1,0,0)
w(37,1,0,0)
w(38,1,0,0)
w(39,1,0,0)
w(40,1,0,0)
w(41,1,0,0)
w(42,1,0,0)
w(43,1,0,0)
w(44,1,0,0)
w(45,1,0,0)
w(46,1,0,0)
w(47,1,0,0)
w(48,1,0,0)
w(49,1,0,0)
w(50,1,0,0)
w(51,1,0,0)
w(52,1,0,0)
w(53,1,0,0)
w(54,1,0,0)
w(55,1,0,0)
w(56,1,0,0)
w(57,1,0,0)
w(58,1,0,0)
w(59,1,0,0)
w(60,1,0,0)
w(61,1,0,0)
w(62,1,0,0)
w(63,1,0,0)
w(64,1,0,0)
w(65,1,0,0)
w(66,1,0,0)
w(67,1,0,0)
w(68,1,0,0)
w(69,1,0,0)
w(70,1,0,0)
w(71,1,0,0)
w(72,1,0,0)
w(73,1,0,0)
w(74,1,0,0)
w(75,1,0,0)
w(76,1,0,0)
w(77,1,0,0)
w(78,1,0,0)
w(79,1,0,0)
w(80,1,0,0)
w(81,1,0,0)
w(82,1,0,0)
w(83,1,0,0)
w(84,1,0,0)
w(85,1,0,0)
w(86,1,0,0)
w(87,1,0,0)
w(88,1,0,0)
w(89,1,0,0)
w(90,1,0,0)
w(91,1,0,0)
w(92,1,0,0)
w(93,1,0,0)
w(94,1,0,0)
w(95,1,0,0)
w(96,1,0,0)
w(97,1,0,0)
w(98,1,0,0)
w(99,1,0,0)
w(100,1,0,0)
w(101,1,0,0)
w(102,1,0,0)
w(103,1,0,0)
w(104,1,0,0)
w(105,1,0,0)
w(106,1,0,0)
w(107,1,0,0)
w(108,1,0,0)
w(109,1,0,0)
w(110,1,0,0)
w(111,1,0,0)
w(112,1,0,0)
w(113,1,0,0)
w(114,1,0,0)
w(115,1,0,0)
w(116,1,0,0)
w(117,1,0,0)
w(118,1,0,0)
w(119,1,0,0)
w(120,1,0,0)
w(121,1,0,0)
w(122,1,0,0)
w(123,1,0,0)
w(124,1,0,0)
w(125,1,0,0)
w(126,1,0,0)
w(127,1,0,0)
w(128,1,0,0)
w(129,1,0,0)
w(130,1,0,0)
w(131,1,0,0)
w(132,1,0,0)
w(133,1,0,0)
w(134,1,0,0)
w(135,1,0,0)
w(136,1,0,0)
w(137,1,0,0)
w(138,1,0,0)
w(139,1,0,0)
w(140,1,0,0)
w(141,1,0,0)
w(142,1,0,0)
w(143,1,0,0)
w(144,1,0,0)
w(145,1,0,0)
w(146,1,0,0)
w(147,1,0,0)
w(148,1,0,0)
w(149,1,0,0)
w(150,1,0,0)
w(151,1,0,0)
w(152,1,0,0)
w(153,1,0,0)
w(154,1,0,0)
w(155,1,0,0)
w(156,1,0,0)
w(157,1,0,0)
w(158,1,0,0)
w(159,1,0,0)
w(160,1,0,0)
w(161,1,0,0)
w(162,1,0,0)
w(163,1,0,0)
w(164,1,0,0)
w(165,1,0,0)
w(166,1,0,0)
w(167,1,0,0)
w(168,1,0,0)
w(169,1,0,0)
w(170,1,0,0)
w(171,1,0,0)
w(172,1,0,0)
w(173,1,0,0)
w(174,1,0,0)
w(175,1,0,0)
w(176,1,0,0)
w(177,1,0,0)
w(178,1,0,0)
w(179,1,0,0)
w(180,1,0,0)
w(181,1,0,0)
w(182,1,0,0)
w(183,1,0,0)
w(184,1,0,0)
w(185,1,0,0)
w(186,1,0,0)
w(187,1,0,0)
w(188,1,0,0)
w(189,1,0,0)
w(190,1,0,0)
w(191,1,0,0)
w(192,1,0,0)
w(193,1,0,0)
w(194,1,0,0)
w(195,1,0,0)
w(196,1,0,0)
w(197,1,0,0)
w(198,1,0,0)
w(199,1,0,0)
w(200,1,0,0)
w(201,1,0,0)
w(202,1,0,0)
w(203,1,0,0)
w(204,1,0,0)
w(205,1,0,0)
w(206,1,0,0)
w(207,1,0,0)
w(208,1,0,0)
w(209,1,0,0)
w(210,1,0,0)
w(211,1,0,0)
w(212,1,0,0)
w(213,1,0,0)
w(214,1,0,0)
w(215,1,0,0)
w(216,1,0,0)
w(217,1,0,0)
w(218,1,0,0)
w(219,1,0,0)
w(220,1,0,0)
w(221,1,0,0)
w(222,1,0,0)
w(223,1,0,0)
w(224,1,0,0)
w(225,1,0,0)
w(226,1,0,0)
w(227,1,0,0)
w(228,1,0,0)
w(229,1,0,0)
w(230,1,0,0)
w(231,1,0,0)
w(232,1,0,0)
w(233,1,0,0)
w(234,1,0,0)
w(235,1,0,0)
w(236,1,0,0)
w(237,1,0,0)
w(238,1,0,0)
w(239,1,0,0)
w(240,1,0,0)
w(241,1,0,0)
w(242,1,0,0)
w(243,1,0,0)
w(244,1,0,0)
w(245,1,0,0)
w(246,1,0,0)
w(247,1,0,0)
w(248,1,0,0)
w(249,1,0,0)
w(250,1,0,0)
w(251,1,0,0)
w(252,1,0,0)
w(253,1,0,0)
w(254,1,0,0)
w(255,1,0,0)
w(256,1,0,0)
w(257,1,0,0)
w(258,1,0,0)
w(259,1,0,0)
w(260,1,0,0)
w(261,1,0,0)
w(262,1,0,0)
w(263,1,0,0)
w(264,1,0,0)
w(265,1,0,0)
w(266,1,0,0)
w(267,1,0,0)
w(268,1,0,0)
w(269,1,0,0)
w(270,1,0,0)
w(271,1,0,0)
w(272,1,0,0)
w(273,1,0,0)
w(274,1,0,0)
w(275,1,0,0)
w(276,1,0,0)
w(277,1,0,0)
w(278,1,0,0)
w(279,1,0,0)
w(280,1,0,0)
w(281,1,0,0)
w(282,1,0,0)
w(283,1,0,0)
w(284,1,0,0)
w(285,1,0,0)
w(286,1,0,0)
w(287,1,0,0)
w(288,1,0,0)
w(289,1,0,0)
w(290,1,0,0)
w(291,1,0,0)
w(292,1,0,0)
w(293,1,0,0)
w(294,1,0,0)
w(295,1,0,0)
w(296,1,0,0)
w(297,1,0,0)
w(298,1,0,0)
w(299,1,0,0)
w(300,1,0,0)
w(301,1,0,0)
w(302,1,0,0)
w(303,1,0,0)
w(304,1,0,0)
w(305,1,0,0)
w(306,1,0,0)
w(307,1,0,0)
w(308,1,0,0)
w(309,1,0,0)
w(310,1,0,0)
w(311,1,0,0)
w(312,1,0,0)
w(313,1,0,0)
w(314,1,0,0)
w(315,1,0,0)
w(316,1,0,0)
w(317,1,0,0)
w(318,1,0,0)
w(319,1,0,0)
w(320,1,0,0)
w(321,1,0,0)
w(322,1,0,0)
w(323,1,0,0)
w(324,1,0,0)
w(325,1,0,0)
w(326,1,0,0)
w(327,1,0,0)
w(328,1,0,0)
w(329,1,0,0)
w(330,1,0,0)
w(331,1,0,0)
w(332,1,0,0)
w(333,1,0,0)
w(334,1,0,0)
w(335,1,0,0)
w(336,1,0,0)
w(337,1,0,0)
w(338,1,0,0)
w(339,1,0,0)
w(340,1,0,0)
w(341,1,0,0)
w(342,1,0,0)
w(343,1,0,0)
w(344,1,0,0)
w(345,1,0,0)
w(346,1,0,0)
w(347,1,0,0)
w(348,1,0,0)
w(349,1,0,0)
w(350,1,0,0)
w(351,1,0,0)
w(352,1,0,0)
w(353,1,0,0)
w(354,1,0,0)
w(355,1,0,0)
w(356,1,0,0)
w(357,1,0,0)
w(358,1,0,0)
w(359,1,0,0)
w(360,1,0,0)
w(361,1,0,0)
w(362,1,0,0)
w(363,1,0,0)
w(364,1,0,0)
w(365,1,0,0)
w(366,1,0,0)
w(367,1,0,0)
w(368,1,0,0)
w(369,1,0,0)
w(370,1,0,0)
w(371,1,0,0)
w(372,1,0,0)
w(373,1,0,0)
w(374,1,0,0)
w(375,1,0,0)
w(376,1,0,0)
w(377,1,0,0)
w(378,1,0,0)
w(379,1,0,0)
w(380,1,0,0)
w(381,1,0,0)
w(382,1,0,0)
w(383,1,0,0)
w(384,1,0,0)
w(385,1,0,0)
w(386,1,0,0)
w(387,1,0,0)
w(388,1,0,0)
w(389,1,0,0)
w(390,1,0,0)
w(391,1,0,0)
w(392,1,0,0)
w(393,1,0,0)
w(394,1,0,0)
w(395,1,0,0)
w(396,1,0,0)
w(397,1,0,0)
w(398,1,0,0)
w(399,1,0,0)
w(400,1,0,0)
w(401,1,0,0)
w(402,1,0,0)
w(403,1,0,0)
w(404,1,0,0)
w(405,1,0,0)
w(406,1,0,0)
w(407,1,0,0)
w(408,1,0,0)
w(409,1,0,0)
w(410,1,0,0)
w(411,1,0,0)
w(412,1,0,0)
w(413,1,0,0)
w(414,1,0,0)
w(415,1,0,0)
w(416,1,0,0)
w(417,1,0,0)
w(418,1,0,0)
w(419,1,0,0)
w(420,1,0,0)
w(421,1,0,0)
w(422,1,0,0)
w(423,1,0,0)
w(424,1,0,0)
w(425,1,0,0)
w(426,1,0,0)
w(427,1,0,0)
w(428,1,0,0)
w(429,1,0,0)
w(430,1,0,0)
w(431,1,0,0)
w(432,1,0,0)
w(433,1,0,0)
w(434,1,0,0)
w(435,1,0,0)
w(436,1,0,0)
w(437,1,0,0)
w(438,1,0,0)
w(439,1,0,0)
w(440,1,0,0)
w(441,1,0,0)
w(442,1,0,0)
w(443,1,0,0)
w(444,1,0,0)
w(445,1,0,0)
w(446,1,0,0)
w(447,1,0,0)
w(448,1,0,0)
w(449,1,0,0)
w(450,1,0,0)
w(451,1,0,0)
w(452,1,0,0)
w(453,1,0,0)
w(454,1,0,0)
w(455,1,0,0)
w(456,1,0,0)
w(457,1,0,0)
w(458,1,0,0)
w(459,1,0,0)
w(460,1,0,0)
w(461,1,0,0)
w(462,1,0,0)
w(463,1,0,0)
w(464,1,0,0)
w(465,1,0,0)
w(466,1,0,0)
w(467,1,0,0)
w(468,1,0,0)
w(469,1,0,0)
w(470,1,0,0)
w(471,1,0,0)
w(472,1,0,0)
w(473,1,0,0)
w(474,1,0,0)
w(475,1,0,0)
w(476,1,0,0)
w(477,1,0,0)
w(478,1,0,0)
w(479,1,0,0)
w(480,1,0,0)
w(481,1,0,0)
w(482,1,0,0)
w(483,1,0,0)
w(484,1,0,0)
w(485,1,0,0)
w(486,1,0,0)
w(487,1,0,0)
w(488,1,0,0)
w(489,1,0,0)
w(490,1,0,0)
w(491,1,0,0)
w(492,1,0,0)
w(493,1,0,0)
w(494,1,0,0)
w(495,1,0,0)
w(496,1,0,0)
w(497,1,0,0)
w(498,1,0,0)
w(499,1,0,0)
w(500,1,0,0)
w(501,1,0,0)
w(502,1,0,0)
w(503,1,0,0)
w(504,1,0,0)
w(505,1,0,0)
w(506,1,0,0)
w(507,1,0,0)
w(508,1,0,0)
w(509,1,0,0)
w(510,1,0,0)
w(511,1,0,0)
w(512,1,0,0)
w(513,1,0,0)
w(514,1,0,0)
w(515,1,0,0)
w(516,1,0,0)
w(517,1,0,0)
w(518,1,0,0)
w(519,1,0,0)
w(520,1,0,0)
w(521,1,0,0)
w(522,1,0,0)
w(523,1,0,0)
w(524,1,0,0)
w(525,1,0,0)
w(526,1,0,0)
w(527,1,0,0)
w(528,1,0,0)
w(529,1,0,0)
w(530,1,0,0)
w(531,1,0,0)
w(532,1,0,0)
w(533,1,0,0)
w(534,1,0,0)
w(535,1,0,0)
w(536,1,0,0)
w(537,1,0,0)
w(538,1,0,0)
w(539,1,0,0)
w(540,1,0,0)
w(19,2,1,1)
r(193,1,1,1)
r(323,1,1,1)
w(1,2,1,1)
r(452,1,1,1)
w(15,2,1,1)
r(223,1,1,1)
r(4,1,1,1)
w(19,3,1,1)
r(173,1,1,1)
w(32,2,1,1)
r(382,1,1,1)
r(2,1,1,1)
w(10,2,1,1)
r(28,1,1,1)
r(299,1,1,1)
w(58,2,1,1)
w(42,2,1,1)
r(252,1,1,1)
w(32,3,1,1)
w(98,2,2,2)
w(89,2,2,2)
r(9,1,2,2)
w(82,2,2,2)
r(20,1,2,2)
w(89,3,2,2)
w(71,2,2,2)
w(61,2,2,2)
r(170,1,2,2)
w(110,2,2,2)
r(430,1,2,2)
w(117,2,2,2)
w(87,2,2,2)
w(61,3,2,2)
w(106,2,2,2)
r(418,1,2,2)
w(119,2,2,2)
w(118,2,2,2)
w(107,2,2,2)
w(104,2,2,2)
w(161,2,3,3)
w(144,2,3,3)
r(101,1,3,3)
r(39,1,3,3)
w(129,2,3,3)
r(39,1,3,3)
w(129,3,3,3)
w(176,2,3,3)
r(141,1,3,3)
r(240,1,3,3)
w(158,2,3,3)
w(163,2,3,3)
w(153,2,3,3)
r(397,1,3,3)
w(124,2,3,3)
w(164,2,3,3)
r(72,1,3,3)
w(128,2,3,3)
r(446,1,3,3)
w(155,2,3,3)
w(196,2,4,4)
r(41,1,4,4)
r(480,1,4,4)
w(209,2,4,4)
w(239,2,4,4)
r(289,1,4,4)
w(191,2,4,4)
r(342,1,4,4)
w(235,2,4,4)
r(94,1,4,4)
r(275,1,4,4)
r(1,1,4,4)
r(460,1,4,4)
r(525,1,4,4)
r(379,1,4,4)
r(187,1,4,4)
r(433,1,4,4)
r(5,1,4,4)
r(390,1,4,4)
w(226,2,4,4)
r(271,1,5,5)
w(262,2,5,5)
r(461,1,5,5)
r(176,1,5,5)
r(68,1,5,5)
w(291,2,5,5)
r(220,1,5,5)
w(279,2,5,5)
w(256,2,5,5)
r(442,1,5,5)
w(262,3,5,5)
r(430,1,5,5)
w(263,2,5,5)
w(292,2,5,5)
r(104,1,5,5)
w(300,2,5,5)
r(417,1,5,5)
r(173,1,5,5)
r(105,1,5,5)
r(429,1,5,5)
r(480,1,6,6)
w(314,2,6,6)
w(332,2,6,6)
r(469,1,6,6)
r(120,1,6,6)
w(328,2,6,6)
w(310,2,6,6)
w(345,2,6,6)
r(236,1,6,6)
w(339,2,6,6)
w(330,2,6,6)
w(319,2,6,6)
w(339,3,6,6)
w(304,2,6,6)
r(326,1,6,6)
w(318,2,6,6)
r(506,1,6,6)
r(226,1,6,6)
w(324,2,6,6)
w(352,2,6,6)
w(365,2,7,7)
r(14,1,7,7)
r(124,1,7,7)
w(404,2,7,7)
w(411,2,7,7)
r(90,1,7,7)
r(415,1,7,7)
r(468,1,7,7)
w(371,2,7,7)
w(373,2,7,7)
w(412,2,7,7)
r(522,1,7,7)
r(193,1,7,7)
w(371,3,7,7)
w(371,5,7,7)
w(417,2,7,7)
w(404,3,7,7)
w(371,4,7,7)
w(377,2,7,7)
w(399,2,7,7)
w(455,2,8,8)
r(77,1,8,8)
w(460,2,8,8)
r(405,1,8,8)
w(423,2,8,8)
w(424,2,8,8)
w(425,2,8,8)
w(478,2,8,8)
r(477,1,8,8)
w(480,2,8,8)
w(476,2,8,8)
w(447,2,8,8)
w(421,2,8,8)
r(236,1,8,8)
w(439,2,8,8)
w(444,2,8,8)
w(450,2,8,8)
r(436,1,8,8)
r(401,1,8,8)
w(423,3,8,8)
r(418,1,9,9)
w(500,2,9,9)
r(400,1,9,9)
w(500,3,9,9)
r(202,1,9,9)
r(297,1,9,9)
r(304,1,9,9)
r(168,1,9,9)
w(492,2,9,9)
w(511,2,9,9)
r(438,1,9,9)
r(26,1,9,9)
r(251,1,9,9)
r(448,1,9,9)
r(492,2,9,9)
w(481,2,9,9)
w(521,2,9,9)
w(538,2,9,9)
r(487,1,9,9)
r(473,1,9,9)
w(51,2,1,10)
r(73,1,1,10)
r(222,2,1,10)
w(59,2,1,10)
r(458,1,1,10)
w(54,2,1,10)
r(538,1,1,10)
r(454,1,1,10)
r(538,1,1,10)
w(58,3,1,10)
r(518,1,1,10)
w(28,2,1,10)
r(13,1,1,10)
r(295,1,1,10)
w(21,2,1,10)
r(474,1,1,10)
w(60,2,1,10)
r(265,1,1,10)
r(24,1,1,10)
w(60,3,1,10)
w(116,2,2,11)
r(27,1,2,11)
r(141,1,2,11)
w(105,2,2,11)
r(326,1,2,11)
r(484,1,2,11)
w(115,2,2,11)
r(473,2,2,11)
r(397,1,2,11)
w(113,2,2,11)
w(101,2,2,11)
w(75,2,2,11)
w(95,2,2,11)
r(498,1,2,11)
r(458,2,2,11)
r(451,1,2,11)
r(320,1,2,11)
r(297,2,2,11)
w(74,2,2,11)
r(449,1,2,11)
w(122,2,3,12)
w(123,2,3,12)
r(208,1,3,12)
w(175,2,3,12)
r(54,1,3,12)
r(461,1,3,12)
r(187,1,3,12)
r(283,1,3,12)
w(145,2,3,12)
w(127,2,3,12)
r(469,1,3,12)
r(157,1,3,12)
r(256,1,3,12)
r(369,1,3,12)
r(360,1,3,12)
r(218,1,3,12)
r(218,1,3,12)
w(179,2,3,12)
w(129,5,3,12)
w(179,3,3,12)
r(12,1,4,13)
w(202,2,4,13)
w(181,2,4,13)
w(190,2,4,13)
r(64,1,4,13)
w(196,3,4,13)
w(228,2,4,13)
r(384,1,4,13)
r(91,1,4,13)
r(488,1,4,13)
r(87,1,4,13)
r(401,1,4,13)
w(207,2,4,13)
r(193,1,4,13)
w(213,2,4,13)
r(456,1,4,13)
r(454,1,4,13)
r(320,1,4,13)
w(216,2,4,13)
r(105,1,4,13)
r(281,1,5,14)
w(241,2,5,14)
w(297,2,5,14)
w(249,2,5,14)
w(277,2,5,14)
r(8,1,5,14)
r(497,1,5,14)
r(227,1,5,14)
w(272,2,5,14)
w(277,3,5,14)
w(296,2,5,14)
r(458,1,5,14)
w(298,2,5,14)
r(110,2,5,14)
r(468,1,5,14)
r(286,1,5,14)
w(261,2,5,14)
r(248,1,5,14)
w(246,2,5,14)
w(263,3,5,14)
w(356,2,6,15)
r(356,2,6,15)
r(7,1,6,15)
w(320,2,6,15)
r(427,1,6,15)
r(123,2,6,15)
r(373,1,6,15)
r(411,1,6,15)
r(400,1,6,15)
r(193,1,6,15)
w(357,2,6,15)
r(233,1,6,15)
w(330,3,6,15)
r(521,2,6,15)
w(354,2,6,15)
w(310,3,6,15)
w(359,2,6,15)
r(279,1,6,15)
r(190,1,6,15)
w(326,2,6,15)
w(396,2,7,16)
r(95,1,7,16)
r(313,1,7,16)
w(381,2,7,16)
w(413,2,7,16)
w(372,2,7,16)
w(377,3,7,16)
r(517,1,7,16)
w(401,2,7,16)
r(165,1,7,16)
w(374,2,7,16)
w(402,2,7,16)
r(132,1,7,16)
r(124,1,7,16)
r(372,2,7,16)
w(414,2,7,16)
r(188,1,7,16)
w(376,2,7,16)
w(385,2,7,16)
w(380,2,7,16)
w(471,2,8,17)
w(455,3,8,17)
r(459,1,8,17)
w(473,2,8,17)
w(469,2,8,17)
r(473,2,8,17)
w(479,2,8,17)
w(429,2,8,17)
r(412,1,8,17)
r(65,1,8,17)
w(438,2,8,17)
w(468,2,8,17)
r(196,1,8,17)
w(454,2,8,17)
w(458,2,8,17)
r(453,1,8,17)
r(124,1,8,17)
w(479,3,8,17)
w(479,5,8,17)
r(191,1,8,17)
r(500,3,9,18)
w(507,2,9,18)
w(512,2,9,18)
w(517,2,9,18)
r(248,1,9,18)
r(344,1,9,18)
r(203,1,9,18)
r(203,1,9,18)
w(511,3,9,18)
w(507,3,9,18)
r(506,1,9,18)
r(260,1,9,18)
w(529,2,9,18)
w(517,3,9,18)
r(199,1,9,18)
w(537,2,9,18)
r(33,1,9,18)
r(221,1,9,18)
w(490,2,9,18)
w(488,2,9,18)
w(46,2,1,19)
r(276,1,1,19)
r(381,2,1,19)
w(7,2,1,19)
w(18,2,1,19)
r(457,1,1,19)
r(144,1,1,19)
r(471,1,1,19)
w(2,2,1,19)
r(407,2,1,19)
w(10,3,1,19)
w(18,3,1,19)
r(186,1,1,19)
r(236,1,1,19)
w(9,2,1,19)
r(421,1,1,19)
w(1,3,1,19)
w(55,2,1,19)
r(189,1,1,19)
r(253,1,1,19)
w(85,2,2,20)
w(91,2,2,20)
w(103,2,2,20)
r(190,1,2,20)
w(87,3,2,20)
r(317,1,2,20)
w(103,3,2,20)
r(346,1,2,20)
w(96,2,2,20)
w(76,2,2,20)
r(214,1,2,20)
w(65,2,2,20)
r(18,1,2,20)
r(288,1,2,20)
w(89,5,2,20)
w(65,3,2,20)
r(171,1,2,20)
r(487,1,2,20)
r(399,1,2,20)
w(82,3,2,20)
w(164,3,3,21)
r(441,1,3,21)
w(148,2,3,21)
r(170,1,3,21)
r(214,1,3,21)
w(171,2,3,21)
r(528,1,3,21)
r(5,1,3,21)
r(103,1,3,21)
w(155,3,3,21)
w(161,3,3,21)
w(159,2,3,21)
r(539,1,3,21)
r(122,2,3,21)
w(158,3,3,21)
w(166,2,3,21)
w(155,5,3,21)
r(264,1,3,21)
w(162,2,3,21)
w(134,2,3,21)
w(195,2,4,22)
r(433,1,4,22)
w(216,3,4,22)
w(222,2,4,22)
w(200,2,4,22)
r(64,1,4,22)
w(206,2,4,22)
r(12,1,4,22)
r(508,1,4,22)
r(211,1,4,22)
r(64,1,4,22)
w(191,3,4,22)
w(231,2,4,22)
w(238,2,4,22)
r(307,1,4,22)
r(483,1,4,22)
r(375,1,4,22)
r(62,1,4,22)
w(223,2,4,22)
w(232,2,4,22)
w(273,2,5,23)
w(298,3,5,23)
w(266,2,5,23)
w(295,2,5,23)
w(282,2,5,23)
w(253,2,5,23)
r(495,1,5,23)
w(298,5,5,23)
r(374,1,5,23)
r(408,1,5,23)
w(254,2,5,23)
w(272,3,5,23)
w(253,3,5,23)
w(267,2,5,23)
r(143,1,5,23)
w(283,2,5,23)
r(239,1,5,23)
w(283,3,5,23)
r(112,1,5,23)
w(297,3,5,23)
r(169,1,6,24)
w(317,2,6,24)
w(356,3,6,24)
w(321,2,6,24)
r(174,1,6,24)
w(323,2,6,24)
r(413,1,6,24)
w(320,3,6,24)
r(242,1,6,24)
w(344,2,6,24)
w(326,3,6,24)
r(424,1,6,24)
r(409,1,6,24)
w(337,2,6,24)
w(351,2,6,24)
r(201,1,6,24)
w(332,3,6,24)
r(81,1,6,24)
w(345,3,6,24)
w(327,2,6,24)
r(117,1,7,25)
r(522,1,7,25)
w(399,3,7,25)
w(371,6,7,25)
w(383,2,7,25)
w(413,3,7,25)
w(402,3,7,25)
w(404,5,7,25)
r(102,1,7,25)
w(418,2,7,25)
w(406,2,7,25)
r(289,1,7,25)
r(247,1,7,25)
w(411,3,7,25)
r(496,1,7,25)
w(362,2,7,25)
r(395,1,7,25)
r(511,1,7,25)
w(363,2,7,25)
w(397,2,7,25)
r(58,1,8,26)
r(74,1,8,26)
r(121,1,8,26)
w(429,3,8,26)
r(161,1,8,26)
w(428,2,8,26)
w(430,2,8,26)
w(475,2,8,26)
r(29,1,8,26)
w(449,2,8,26)
w(468,3,8,26)
r(536,1,8,26)
w(480,3,8,26)
r(198,1,8,26)
w(466,2,8,26)
r(158,1,8,26)
w(462,2,8,26)
w(423,5,8,26)
w(426,2,8,26)
r(214,1,8,26)
w(506,2,9,27)
r(73,1,9,27)
r(285,1,9,27)
w(498,2,9,27)
w(496,2,9,27)
w(526,2,9,27)
w(511,5,9,27)
r(344,2,9,27)
w(504,2,9,27)
w(536,2,9,27)
r(19,1,9,27)
r(281,1,9,27)
r(406,1,9,27)
r(479,1,9,27)
r(443,1,9,27)
w(538,3,9,27)
r(107,1,9,27)
r(459,1,9,27)
w(535,2,9,27)
r(358,1,9,27)
r(516,1,1,28)
r(432,1,1,28)
r(167,1,1,28)
w(5,2,1,28)
w(24,2,1,28)
w(28,3,1,28)
r(194,1,1,28)
r(146,1,1,28)
w(38,2,1,28)
r(191,3,1,28)
w(53,2,1,28)
r(24,2,1,28)
w(41,2,1,28)
w(52,2,1,28)
r(182,1,1,28)
w(44,2,1,28)
w(57,2,1,28)
r(468,1,1,28)
r(526,1,1,28)
w(6,2,1,28)
w(88,2,2,29)
r(59,1,2,29)
w(72,2,2,29)
w(107,3,2,29)
w(86,2,2,29)
w(74,3,2,29)
w(75,3,2,29)
w(85,3,2,29)
r(124,1,2,29)
r(227,1,2,29)
r(191,1,2,29)
r(156,1,2,29)
r(264,3,2,29)
w(107,5,2,29)
r(539,1,2,29)
r(4,1,2,29)
w(114,2,2,29)
w(81,2,2,29)
w(109,2,2,29)
r(481,1,2,29)
r(177,1,3,30)
r(210,1,3,30)
w(136,2,3,30)
w(124,3,3,30)
r(470,1,3,30)
r(128,2,3,30)
r(341,1,3,30)
r(417,1,3,30)
w(149,2,3,30)
r(146,1,3,30)
w(142,2,3,30)
r(245,1,3,30)
r(196,1,3,30)
w(129,4,3,30)
r(405,1,3,30)
r(421,1,3,30)
r(311,1,3,30)
w(177,2,3,30)
r(230,1,3,30)
r(225,1,3,30)
w(200,3,4,31)
r(476,1,4,31)
r(379,1,4,31)
r(398,1,4,31)
r(315,1,4,31)
r(166,1,4,31)
w(195,3,4,31)
r(158,1,4,31)
r(317,1,4,31)
w(197,2,4,31)
w(240,2,4,31)
r(51,2,4,31)
r(233,1,4,31)
r(215,1,4,31)
r(259,1,4,31)
r(402,3,4,31)
w(225,2,4,31)
r(11,1,4,31)
r(510,1,4,31)
r(50,1,4,31)
w(262,5,5,32)
r(255,1,5,32)
r(460,2,5,32)
r(322,1,5,32)
r(323,1,5,32)
r(220,1,5,32)
w(281,2,5,32)
r(103,1,5,32)
w(265,2,5,32)
r(4,1,5,32)
r(5,1,5,32)
r(39,1,5,32)
r(523,1,5,32)
w(270,2,5,32)
w(292,3,5,32)
w(275,2,5,32)
w(264,2,5,32)
r(338,1,5,32)
r(104,2,5,32)
w(275,3,5,32)
w(312,2,6,33)
w(315,2,6,33)
w(303,2,6,33)
r(187,1,6,33)
r(463,1,6,33)
w(306,2,6,33)
w(303,3,6,33)
w(307,2,6,33)
r(57,1,6,33)
r(71,1,6,33)
w(312,3,6,33)
w(343,2,6,33)
r(508,1,6,33)
r(251,1,6,33)
r(123,2,6,33)
w(308,2,6,33)
w(324,3,6,33)
w(334,2,6,33)
r(82,1,6,33)
r(299,1,6,33)
r(470,1,7,34)
w(368,2,7,34)
w(375,2,7,34)
w(389,2,7,34)
w(375,3,7,34)
r(147,1,7,34)
r(204,1,7,34)
r(540,1,7,34)
w(380,3,7,34)
w(417,3,7,34)
w(395,2,7,34)
w(367,2,7,34)
w(391,2,7,34)
r(426,1,7,34)
w(384,2,7,34)
w(385,3,7,34)
w(404,4,7,34)
r(530,1,7,34)
w(392,2,7,34)
r(420,1,7,34)
r(181,1,8,35)
w(475,3,8,35)
r(306,1,8,35)
w(427,2,8,35)
r(331,1,8,35)
r(24,1,8,35)
w(471,3,8,35)
w(446,2,8,35)
r(442,1,8,35)
r(253,3,8,35)
w(470,2,8,35)
w(421,3,8,35)
r(278,1,8,35)
w(457,2,8,35)
r(151,1,8,35)
r(528,1,8,35)
r(250,1,8,35)
w(437,2,8,35)
r(529,1,8,35)
w(450,3,8,35)
w(525,2,9,36)
w(493,2,9,36)
r(492,2,9,36)
w(518,2,9,36)
w(490,3,9,36)
w(523,2,9,36)
r(205,1,9,36)
w(530,2,9,36)
w(536,3,9,36)
r(48,1,9,36)
r(313,1,9,36)
r(347,1,9,36)
r(508,1,9,36)
r(247,1,9,36)
w(512,3,9,36)
r(531,1,9,36)
w(530,3,9,36)
w(511,4,9,36)
w(525,3,9,36)
r(337,3,9,36)
r(116,1,1,37)
r(167,1,1,37)
r(32,3,1,37)
r(22,1,1,37)
r(499,1,1,37)
w(22,2,1,37)
w(41,3,1,37)
w(42,3,1,37)
r(233,1,1,37)
w(22,3,1,37)
r(173,1,1,37)
r(473,1,1,37)
r(109,1,1,37)
w(11,2,1,37)
r(105,1,1,37)
r(76,1,1,37)
w(8,2,1,37)
w(12,2,1,37)
r(282,1,1,37)
r(18,3,1,37)
r(31,1,2,38)
w(102,2,2,38)
w(115,3,2,38)
w(86,3,2,38)
r(148,1,2,38)
w(112,2,2,38)
r(143,1,2,38)
w(108,2,2,38)
r(311,1,2,38)
w(93,2,2,38)
r(355,1,2,38)
r(325,1,2,38)
w(69,2,2,38)
w(89,4,2,38)
r(408,1,2,38)
r(203,1,2,38)
r(376,1,2,38)
w(107,4,2,38)
r(157,1,2,38)
r(88,2,2,38)
w(122,3,3,39)
r(61,1,3,39)
w(125,2,3,39)
r(525,3,3,39)
w(158,5,3,39)
r(479,1,3,39)
r(454,1,3,39)
r(519,1,3,39)
r(118,1,3,39)
r(244,1,3,39)
w(147,2,3,39)
w(151,2,3,39)
w(159,3,3,39)
w(149,3,3,39)
w(140,2,3,39)
r(370,1,3,39)
w(166,3,3,39)
r(268,1,3,39)
r(104,1,3,39)
r(489,1,3,39)
r(516,1,4,40)
w(228,3,4,40)
r(248,1,4,40)
w(224,2,4,40)
r(140,1,4,40)
r(234,1,4,40)
r(408,1,4,40)
w(188,2,4,40)
w(198,2,4,40)
r(174,1,4,40)
r(258,1,4,40)
r(368,2,4,40)
w(225,3,4,40)
r(414,2,4,40)
r(506,1,4,40)
r(498,1,4,40)
w(195,5,4,40)
r(499,1,4,40)
r(526,1,4,40)
r(107,1,4,40)
w(258,2,5,41)
w(296,3,5,41)
w(264,3,5,41)
r(7,1,5,41)
w(251,2,5,41)
w(289,2,5,41)
w(286,2,5,41)
r(423,5,5,41)
w(248,2,5,41)
w(244,2,5,41)
w(275,5,5,41)
r(442,1,5,41)
w(250,2,5,41)
r(465,1,5,41)
w(257,2,5,41)
r(539,1,5,41)
w(285,2,5,41)
r(456,1,5,41)
r(478,2,5,41)
r(486,1,5,41)
r(77,1,6,42)
w(306,3,6,42)
r(313,1,6,42)
w(316,2,6,42)
w(334,3,6,42)
w(302,2,6,42)
r(514,1,6,42)
r(193,1,6,42)
w(329,2,6,42)
w(322,2,6,42)
w(306,5,6,42)
r(248,1,6,42)
w(357,3,6,42)
w(356,5,6,42)
w(358,2,6,42)
w(337,3,6,42)
r(532,1,6,42)
w(333,2,6,42)
w(357,5,6,42)
r(501,1,6,42)
w(399,5,7,43)
w(401,3,7,43)
r(130,1,7,43)
r(200,2,7,43)
w(407,2,7,43)
r(32,3,7,43)
w(391,3,7,43)
r(127,1,7,43)
w(401,5,7,43)
w(369,2,7,43)
r(396,2,7,43)
w(367,3,7,43)
w(364,2,7,43)
r(214,1,7,43)
w(390,2,7,43)
w(365,3,7,43)
w(395,3,7,43)
w(394,2,7,43)
r(429,1,7,43)
r(49,1,7,43)
r(244,2,8,44)
r(381,1,8,44)
w(467,2,8,44)
w(452,2,8,44)
w(439,3,8,44)
r(58,1,8,44)
r(71,2,8,44)
w(459,2,8,44)
r(176,1,8,44)
w(447,3,8,44)
r(20,1,8,44)
w(465,2,8,44)
w(444,3,8,44)
r(188,1,8,44)
r(310,1,8,44)
r(87,3,8,44)
w(431,2,8,44)
r(58,1,8,44)
w(422,2,8,44)
r(309,1,8,44)
r(464,1,9,45)
r(333,2,9,45)
w(511,6,9,45)
r(56,1,9,45)
w(522,2,9,45)
r(171,2,9,45)
w(516,2,9,45)
w(503,2,9,45)
w(484,2,9,45)
w(502,2,9,45)
w(513,2,9,45)
r(178,1,9,45)
w(513,3,9,45)
w(537,3,9,45)
r(89,1,9,45)
w(499,2,9,45)
w(510,2,9,45)
r(40,1,9,45)
r(287,1,9,45)
r(494,1,9,45)
w(24,3,1,46)
w(49,2,1,46)
w(44,3,1,46)
r(363,4,1,46)
r(240,2,1,46)
w(48,2,1,46)
r(495,1,1,46)
w(43,2,1,46)
w(31,2,1,46)
w(18,5,1,46)
r(535,1,1,46)
w(60,5,1,46)
r(76,1,1,46)
r(468,1,1,46)
w(46,3,1,46)
w(54,3,1,46)
r(86,1,1,46)
w(59,3,1,46)
w(38,3,1,46)
r(328,1,1,46)
w(89,6,2,47)
r(321,1,2,47)
w(81,3,2,47)
r(351,1,2,47)
w(95,3,2,47)
r(308,1,2,47)
w(120,2,2,47)
r(191,1,2,47)
r(333,1,2,47)
w(116,3,2,47)
r(198,1,2,47)
r(111,1,2,47)
r(434,1,2,47)
w(67,2,2,47)
r(277,3,2,47)
r(275,5,2,47)
r(99,1,2,47)
r(97,1,2,47)
w(91,3,2,47)
w(113,3,2,47)
r(139,1,3,48)
r(486,1,3,48)
r(137,1,3,48)
w(180,2,3,48)
r(79,1,3,48)
r(46,1,3,48)
w(135,2,3,48)
w(136,3,3,48)
w(163,3,3,48)
w(164,5,3,48)
w(147,3,3,48)
r(389,1,3,48)
r(11,1,3,48)
w(169,2,3,48)
r(178,1,3,48)
w(136,5,3,48)
r(56,1,3,48)
w(177,3,3,48)
w(165,2,3,48)
r(379,1,3,48)
w(198,3,4,49)
r(480,1,4,49)
r(241,1,4,49)
w(230,2,4,49)
r(64,1,4,49)
w(223,3,4,49)
w(184,2,4,49)
r(406,2,4,49)
r(374,3,4,49)
r(191,3,4,49)
w(188,3,4,49)
w(228,5,4,49)
r(328,1,4,49)
w(217,2,4,49)
w(216,5,4,49)
w(184,3,4,49)
w(198,5,4,49)
r(24,1,4,49)
w(195,4,4,49)
w(218,2,4,49)
w(265,3,5,50)
w(286,3,5,50)
r(2,1,5,50)
w(258,3,5,50)
r(60,1,5,50)
w(252,2,5,50)
w(265,5,5,50)
w(251,3,5,50)
w(246,3,5,50)
r(440,1,5,50)
w(269,2,5,50)
w(247,2,5,50)
w(249,3,5,50)
w(298,4,5,50)
r(380,1,5,50)
r(385,1,5,50)
w(257,3,5,50)
w(250,3,5,50)
w(279,3,5,50)
r(278,1,5,50)
r(301,1,6,51)
r(335,1,6,51)
r(199,1,6,51)
r(276,1,6,51)
r(361,1,6,51)
r(448,1,6,51)
w(322,3,6,51)
r(501,1,6,51)
r(107,1,6,51)
w(331,2,6,51)
r(87,1,6,51)
w(359,3,6,51)
r(269,1,6,51)
r(354,2,6,51)
w(332,5,6,51)
w(349,2,6,51)
r(38,1,6,51)
w(343,3,6,51)
r(153,2,6,51)
r(459,1,6,51)
w(379,2,7,52)
r(238,2,7,52)
r(91,1,7,52)
r(494,1,7,52)
w(389,3,7,52)
r(115,1,7,52)
w(378,2,7,52)
w(405,2,7,52)
w(391,5,7,52)
w(409,2,7,52)
w(416,2,7,52)
w(415,2,7,52)
w(371,7,7,52)
w(366,2,7,52)
w(362,3,7,52)
w(374,3,7,52)
w(409,3,7,52)
r(304,1,7,52)
w(398,2,7,52)
r(236,1,7,52)
r(296,3,8,53)
w(464,2,8,53)
w(441,2,8,53)
r(436,1,8,53)
w(435,2,8,53)
w(475,5,8,53)
r(353,1,8,53)
r(167,1,8,53)
r(526,1,8,53)
w(427,3,8,53)
w(431,3,8,53)
w(470,3,8,53)
w(456,2,8,53)
r(376,1,8,53)
w(436,2,8,53)
w(443,2,8,53)
w(451,2,8,53)
w(466,3,8,53)
w(435,3,8,53)
r(523,1,8,53)
r(147,3,9,54)
r(157,1,9,54)
w(538,5,9,54)
w(500,5,9,54)
w(507,5,9,54)
r(344,2,9,54)
r(500,5,9,54)
w(509,2,9,54)
w(513,5,9,54)
w(494,2,9,54)
w(482,2,9,54)
w(502,3,9,54)
r(36,1,9,54)
r(299,1,9,54)
w(513,4,9,54)
w(494,3,9,54)
w(483,2,9,54)
r(516,2,9,54)
w(533,2,9,54)
r(391,1,9,54)
w(55,3,1,55)
r(53,2,1,55)
r(91,1,1,55)
r(94,1,1,55)
w(37,2,1,55)
w(60,4,1,55)
r(441,1,1,55)
r(223,3,1,55)
w(9,3,1,55)
r(493,1,1,55)
w(20,2,1,55)
r(326,1,1,55)
w(15,3,1,55)
w(35,2,1,55)
r(64,1,1,55)
w(46,5,1,55)
w(36,2,1,55)
r(429,1,1,55)
w(48,3,1,55)
w(24,5,1,55)
r(88,2,2,56)
r(200,1,2,56)
r(104,2,2,56)
w(105,3,2,56)
w(116,5,2,56)
w(62,2,2,56)
r(58,1,2,56)
w(77,2,2,56)
w(98,3,2,56)
w(73,2,2,56)
w(106,3,2,56)
r(474,1,2,56)
w(98,5,2,56)
w(64,2,2,56)
w(115,5,2,56)
r(264,3,2,56)
r(218,1,2,56)
w(94,2,2,56)
w(61,5,2,56)
r(35,1,2,56)
w(175,3,3,57)
r(440,1,3,57)
r(380,1,3,57)
w(166,5,3,57)
w(169,3,3,57)
w(170,2,3,57)
r(129,4,3,57)
r(7,1,3,57)
w(167,2,3,57)
r(434,1,3,57)
r(501,1,3,57)
r(113,1,3,57)
w(158,4,3,57)
w(130,2,3,57)
r(163,3,3,57)
w(155,4,3,57)
w(132,2,3,57)
r(134,2,3,57)
r(162,2,3,57)
w(159,5,3,57)
r(145,1,4,58)
r(485,1,4,58)
r(492,1,4,58)
w(195,6,4,58)
r(302,1,4,58)
w(193,2,4,58)
r(53,2,4,58)
w(229,2,4,58)
r(256,1,4,58)
w(227,2,4,58)
r(473,1,4,58)
w(189,2,4,58)
r(392,5,4,58)
w(187,2,4,58)
r(149,1,4,58)
w(204,2,4,58)
w(213,3,4,58)
w(187,3,4,58)
w(211,2,4,58)
w(209,3,4,58)
r(490,1,5,59)
w(286,5,5,59)
w(260,2,5,59)
r(498,1,5,59)
w(254,3,5,59)
r(153,1,5,59)
w(248,3,5,59)
r(97,1,5,59)
r(469,2,5,59)
w(245,2,5,59)
r(526,1,5,59)
r(414,1,5,59)
r(281,2,5,59)
r(527,1,5,59)
w(276,2,5,59)
w(256,3,5,59)
r(12,1,5,59)
w(243,2,5,59)
w(275,4,5,59)
r(451,2,5,59)
w(345,5,6,60)
w(347,2,6,60)
w(325,2,6,60)
w(349,3,6,60)
r(478,1,6,60)
w(331,3,6,60)
r(514,1,6,60)
w(310,5,6,60)
r(301,1,6,60)
r(421,1,6,60)
r(4,1,6,60)
r(434,1,6,60)
r(265,1,6,60)
r(6,1,6,60)
w(342,2,6,60)
r(45,1,6,60)
w(360,2,6,60)
w(335,2,6,60)
w(325,3,6,60)
r(371,1,6,60)
w(384,3,7,61)
r(61,1,7,61)
w(405,3,7,61)
r(101,1,7,61)
w(407,3,7,61)
w(378,3,7,61)
r(517,1,7,61)
r(231,2,7,61)
r(89,1,7,61)
r(122,1,7,61)
w(389,5,7,61)
w(384,5,7,61)
r(33,1,7,61)
w(363,3,7,61)
r(334,1,7,61)
w(401,4,7,61)
r(251,1,7,61)
r(455,1,7,61)
r(300,1,7,61)
w(375,5,7,61)
r(416,1,8,62)
r(233,1,8,62)
w(437,3,8,62)
w(465,3,8,62)
r(186,1,8,62)
w(477,2,8,62)
w(453,2,8,62)
r(196,1,8,62)
r(62,2,8,62)
w(439,5,8,62)
r(343,1,8,62)
r(466,3,8,62)
r(447,3,8,62)
w(439,4,8,62)
w(454,3,8,62)
w(423,4,8,62)
r(491,1,8,62)
w(470,5,8,62)
w(422,3,8,62)
w(445,2,8,62)
r(249,1,9,63)
r(397,1,9,63)
r(341,2,9,63)
w(525,5,9,63)
w(526,3,9,63)
r(184,1,9,63)
r(495,1,9,63)
r(466,1,9,63)
w(508,2,9,63)
w(540,2,9,63)
w(516,3,9,63)
w(521,3,9,63)
w(491,2,9,63)
r(207,1,9,63)
w(530,5,9,63)
w(498,3,9,63)
r(312,5,9,63)
r(420,1,9,63)
w(523,3,9,63)
r(175,3,9,63)
r(73,1,1,64)
w(2,3,1,64)
r(395,3,1,64)
w(27,2,1,64)
w(55,5,1,64)
w(1,5,1,64)
w(27,3,1,64)
w(36,3,1,64)
w(31,3,1,64)
w(16,2,1,64)
w(8,3,1,64)
r(501,1,1,64)
w(41,5,1,64)
r(93,1,1,64)
r(25,1,1,64)
r(30,1,1,64)
w(57,3,1,64)
w(29,2,1,64)
r(29,2,1,64)
r(525,1,1,64)
r(74,3,2,65)
r(369,1,2,65)
r(400,1,2,65)
w(119,3,2,65)
r(111,1,2,65)
r(528,1,2,65)
r(270,2,2,65)
w(90,2,2,65)
r(350,1,2,65)
r(418,1,2,65)
w(107,6,2,65)
r(13,1,2,65)
r(375,1,2,65)
r(47,1,2,65)
w(76,3,2,65)
r(383,1,2,65)
w(69,3,2,65)
r(415,1,2,65)
r(473,2,2,65)
w(120,3,2,65)
w(149,5,3,66)
w(133,2,3,66)
r(262,1,3,66)
r(365,1,3,66)
r(250,1,3,66)
r(179,3,3,66)
r(323,5,3,66)
w(161,5,3,66)
w(124,5,3,66)
w(131,2,3,66)
w(171,3,3,66)
w(157,2,3,66)
r(476,1,3,66)
w(158,6,3,66)
r(278,1,3,66)
w(151,3,3,66)
w(131,3,3,66)
w(167,3,3,66)
w(163,5,3,66)
r(224,1,3,66)
w(188,5,4,67)
r(371,7,4,67)
w(213,5,4,67)
r(489,1,4,67)
w(202,3,4,67)
r(313,1,4,67)
w(189,3,4,67)
r(327,1,4,67)
w(195,7,4,67)
r(214,1,4,67)
w(189,5,4,67)
r(169,1,4,67)
r(48,1,4,67)
w(202,5,4,67)
r(437,1,4,67)
w(237,2,4,67)
r(306,1,4,67)
r(134,1,4,67)
r(202,5,4,67)
w(220,2,4,67)
w(290,2,5,68)
w(297,5,5,68)
w(267,3,5,68)
w(286,4,5,68)
r(60,1,5,68)
w(259,2,5,68)
w(267,5,5,68)
w(252,3,5,68)
r(376,1,5,68)
w(244,3,5,68)
r(106,3,5,68)
r(449,2,5,68)
r(142,1,5,68)
w(265,4,5,68)
r(128,1,5,68)
r(314,1,5,68)
w(257,5,5,68)
r(460,2,5,68)
r(346,1,5,68)
w(277,5,5,68)
r(222,1,6,69)
r(461,1,6,69)
w(313,2,6,69)
r(482,1,6,69)
w(302,3,6,69)
w(327,3,6,69)
r(104,1,6,69)
r(111,1,6,69)
w(312,5,6,69)
w(329,3,6,69)
r(250,1,6,69)
r(458,1,6,69)
w(305,2,6,69)
r(484,2,6,69)
w(322,5,6,69)
w(323,3,6,69)
r(361,1,6,69)
r(382,1,6,69)
r(332,5,6,69)
w(343,5,6,69)
w(419,2,7,70)
w(383,3,7,70)
r(488,1,7,70)
r(435,1,7,70)
w(398,3,7,70)
r(185,1,7,70)
w(401,6,7,70)
r(410,1,7,70)
w(390,3,7,70)
r(151,1,7,70)
r(261,1,7,70)
w(369,3,7,70)
r(403,1,7,70)
r(83,1,7,70)
w(404,6,7,70)
r(204,1,7,70)
r(455,1,7,70)
r(348,1,7,70)
r(315,1,7,70)
w(372,3,7,70)
w(476,3,8,71)
r(414,1,8,71)
r(435,3,8,71)
r(451,2,8,71)
w(438,3,8,71)
r(243,2,8,71)
w(478,3,8,71)
r(401,1,8,71)
w(441,3,8,71)
w(445,3,8,71)
r(95,3,8,71)
r(326,1,8,71)
r(440,1,8,71)
r(260,2,8,71)
r(145,1,8,71)
w(479,4,8,71)
w(450,5,8,71)
r(304,1,8,71)
w(436,3,8,71)
w(454,5,8,71)
r(197,1,9,72)
r(81,1,9,72)
w(518,3,9,72)
r(295,1,9,72)
w(507,4,9,72)
w(509,3,9,72)
w(509,5,9,72)
w(538,4,9,72)
w(540,3,9,72)
w(491,3,9,72)
w(512,5,9,72)
w(494,5,9,72)
w(527,2,9,72)
r(31,1,9,72)
r(27,1,9,72)
w(520,2,9,72)
w(538,6,9,72)
r(151,5,9,72)
r(151,5,9,72)
w(495,2,9,72)
r(158,1,1,73)
r(24,5,1,73)
w(33,2,1,73)
r(474,1,1,73)
r(395,4,1,73)
r(286,1,1,73)
w(25,2,1,73)
r(407,5,1,73)
w(27,5,1,73)
w(29,3,1,73)
w(46,4,1,73)
w(39,2,1,73)
w(53,3,1,73)
r(138,1,1,73)
w(18,4,1,73)
r(41,5,1,73)
w(31,5,1,73)
w(53,5,1,73)
w(39,3,1,73)
w(12,3,1,73)
w(73,3,2,74)
w(89,7,2,74)
w(103,5,2,74)
r(302,1,2,74)
w(113,5,2,74)
w(62,3,2,74)
r(378,1,2,74)
r(154,1,2,74)
w(76,5,2,74)
r(104,2,2,74)
w(93,3,2,74)
r(258,3,2,74)
r(244,2,2,74)
r(270,2,2,74)
r(292,3,2,74)
w(78,2,2,74)
r(443,2,2,74)
r(166,1,2,74)
w(88,3,2,74)
w(72,3,2,74)
r(539,1,3,75)
r(155,4,3,75)
r(415,1,3,75)
r(213,1,3,75)
r(317,2,3,75)
r(265,1,3,75)
r(434,1,3,75)
w(171,5,3,75)
r(117,1,3,75)
w(124,4,3,75)
r(439,1,3,75)
w(122,5,3,75)
r(37,1,3,75)
w(165,3,3,75)
r(433,1,3,75)
w(151,5,3,75)
r(101,1,3,75)
r(58,1,3,75)
r(58,1,3,75)
r(3,1,3,75)
w(193,3,4,76)
w(201,2,4,76)
w(187,5,4,76)
r(184,3,4,76)
r(310,1,4,76)
r(344,1,4,76)
w(198,4,4,76)
r(155,1,4,76)
w(183,2,4,76)
r(353,1,4,76)
w(226,3,4,76)
r(228,5,4,76)
w(204,3,4,76)
r(355,1,4,76)
r(522,1,4,76)
r(310,1,4,76)
r(149,1,4,76)
w(230,3,4,76)
w(190,3,4,76)
r(173,1,4,76)
w(269,3,5,77)
r(220,1,5,77)
r(319,1,5,77)
r(532,1,5,77)
w(289,3,5,77)
w(290,3,5,77)
r(126,1,5,77)
r(373,1,5,77)
w(269,5,5,77)
r(317,1,5,77)
w(268,2,5,77)
w(262,4,5,77)
w(257,4,5,77)
r(364,1,5,77)
r(117,2,5,77)
r(149,1,5,77)
w(261,3,5,77)
w(256,5,5,77)
w(283,5,5,77)
r(118,2,5,77)
r(224,1,6,78)
w(341,2,6,78)
r(229,1,6,78)
r(202,1,6,78)
r(469,1,6,78)
w(310,4,6,78)
r(173,1,6,78)
r(103,1,6,78)
r(196,1,6,78)
w(318,3,6,78)
w(347,3,6,78)
w(339,5,6,78)
w(345,4,6,78)
r(258,1,6,78)
r(3,1,6,78)
r(307,2,6,78)
w(345,6,6,78)
r(136,5,6,78)
r(276,1,6,78)
w(321,3,6,78)
w(392,3,7,79)
w(418,3,7,79)
r(15,2,7,79)
w(372,5,7,79)
w(412,3,7,79)
w(392,5,7,79)
w(374,5,7,79)
r(460,1,7,79)
r(382,1,7,79)
r(106,1,7,79)
r(408,1,7,79)
w(370,2,7,79)
w(382,2,7,79)
w(393,2,7,79)
r(121,1,7,79)
r(456,1,7,79)
r(239,2,7,79)
r(485,1,7,79)
w(417,5,7,79)
r(411,3,7,79)
r(67,2,8,80)
w(459,3,8,80)
w(450,4,8,80)
w(453,3,8,80)
r(383,1,8,80)
w(480,5,8,80)
r(158,1,8,80)
r(197,1,8,80)
w(444,5,8,80)
w(421,5,8,80)
r(194,1,8,80)
w(435,5,8,80)
w(465,5,8,80)
w(473,3,8,80)
r(91,3,8,80)
w(477,3,8,80)
w(441,5,8,80)
r(181,1,8,80)
w(423,6,8,80)
w(445,5,8,80)
w(514,2,9,81)
r(361,1,9,81)
w(510,3,9,81)
r(117,1,9,81)
r(8,1,9,81)
r(33,1,9,81)
w(535,3,9,81)
r(142,2,9,81)
r(236,1,9,81)
r(327,5,9,81)
w(531,2,9,81)
w(539,2,9,81)
r(244,1,9,81)
w(520,3,9,81)
w(493,3,9,81)
w(516,5,9,81)
w(522,3,9,81)
r(444,1,9,81)
r(176,2,9,81)
r(502,3,9,81)
w(2,5,1,82)
w(44,5,1,82)
w(54,5,1,82)
w(24,4,1,82)
w(57,5,1,82)
r(175,2,1,82)
w(24,6,1,82)
r(231,2,1,82)
w(8,5,1,82)
w(48,5,1,82)
w(59,5,1,82)
w(33,3,1,82)
w(2,4,1,82)
w(16,3,1,82)
w(34,2,1,82)
w(35,3,1,82)
r(25,2,1,82)
w(4,2,1,82)
r(81,1,1,82)
r(415,3,1,82)
r(373,1,2,83)
r(35,1,2,83)
r(4,1,2,83)
r(430,2,2,83)
w(86,5,2,83)
r(524,1,2,83)
r(62,3,2,83)
w(82,5,2,83)
r(162,1,2,83)
r(460,2,2,83)
r(195,1,2,83)
r(22,1,2,83)
r(374,1,2,83)
w(62,5,2,83)
w(112,3,2,83)
w(90,3,2,83)
r(310,1,2,83)
w(101,3,2,83)
r(329,1,2,83)
w(103,4,2,83)
w(173,2,3,84)
w(170,3,3,84)
r(156,1,3,84)
w(132,3,3,84)
r(67,1,3,84)
w(133,3,3,84)
r(519,1,3,84)
w(135,3,3,84)
w(149,4,3,84)
w(154,2,3,84)
r(176,2,3,84)
w(137,2,3,84)
w(134,3,3,84)
r(182,1,3,84)
w(121,2,3,84)
w(174,2,3,84)
r(258,1,3,84)
w(124,6,3,84)
w(131,5,3,84)
r(334,3,3,84)
w(210,2,4,85)
r(68,1,4,85)
r(4,1,4,85)
w(220,3,4,85)
w(208,2,4,85)
w(199,2,4,85)
r(356,1,4,85)
w(228,4,4,85)
w(220,5,4,85)
w(234,2,4,85)
w(232,3,4,85)
r(92,1,4,85)
w(211,3,4,85)
r(215,1,4,85)
w(236,2,4,85)
r(144,1,4,85)
r(177,1,4,85)
r(217,2,4,85)
r(533,1,4,85)
w(212,2,4,85)
r(6,1,5,86)
w(295,3,5,86)
w(284,2,5,86)
r(233,1,5,86)
r(443,3,5,86)
w(283,4,5,86)
w(259,3,5,86)
w(294,2,5,86)
w(257,6,5,86)
w(270,3,5,86)
r(419,1,5,86)
w(244,5,5,86)
r(70,1,5,86)
r(122,1,5,86)
r(273,2,5,86)
r(13,1,5,86)
r(218,1,5,86)
r(476,3,5,86)
w(300,3,5,86)
w(248,5,5,86)
w(338,2,6,87)
r(491,1,6,87)
r(378,1,6,87)
w(339,4,6,87)
w(310,6,6,87)
r(200,1,6,87)
w(305,3,6,87)
w(322,4,6,87)
w(308,3,6,87)
w(342,3,6,87)
r(18,1,6,87)
r(446,1,6,87)
w(343,4,6,87)
r(249,1,6,87)
w(310,7,6,87)
w(322,6,6,87)
r(247,1,6,87)
w(322,7,6,87)
w(323,5,6,87)
r(270,1,6,87)
w(362,5,7,88)
w(370,3,7,88)
r(405,3,7,88)
w(363,5,7,88)
r(178,1,7,88)
w(417,4,7,88)
w(363,4,7,88)
r(430,1,7,88)
w(412,5,7,88)
w(369,5,7,88)
r(23,1,7,88)
w(403,2,7,88)
w(367,5,7,88)
r(403,2,7,88)
w(399,4,7,88)
r(540,1,7,88)
r(415,2,7,88)
w(385,5,7,88)
w(403,3,7,88)
w(378,5,7,88)
r(236,1,8,89)
r(471,3,8,89)
r(121,1,8,89)
r(139,1,8,89)
w(460,3,8,89)
w(459,5,8,89)
r(520,1,8,89)
w(426,3,8,89)
w(429,5,8,89)
r(290,2,8,89)
w(454,4,8,89)
r(111,1,8,89)
r(239,1,8,89)
r(329,1,8,89)
r(82,5,8,89)
r(341,1,8,89)
r(478,3,8,89)
r(70,1,8,89)
r(304,1,8,89)
w(443,3,8,89)
w(532,2,9,90)
w(519,2,9,90)
r(290,1,9,90)
r(42,1,9,90)
w(527,3,9,90)
w(518,5,9,90)
w(494,4,9,90)
w(509,4,9,90)
w(499,3,9,90)
w(535,5,9,90)
w(500,4,9,90)
r(350,1,9,90)
r(221,1,9,90)
w(538,7,9,90)
r(343,6,9,90)
r(373,1,9,90)
r(159,5,9,90)
r(119,1,9,90)
w(497,2,9,90)
w(482,3,9,90)
w(50,2,1,91)
w(59,4,1,91)
r(344,1,1,91)
r(267,2,1,91)
w(13,2,1,91)
w(52,3,1,91)
r(499,1,1,91)
r(485,1,1,91)
r(124,2,1,91)
r(451,1,1,91)
w(23,2,1,91)
w(30,2,1,91)
w(12,5,1,91)
r(268,1,1,91)
r(125,1,1,91)
w(41,4,1,91)
w(13,3,1,91)
r(270,2,1,91)
w(30,3,1,91)
w(52,5,1,91)
r(3,1,2,92)
w(69,5,2,92)
w(114,3,2,92)
r(93,3,2,92)
r(183,1,2,92)
w(107,7,2,92)
r(257,5,2,92)
r(20,1,2,92)
r(139,1,2,92)
w(62,4,2,92)
w(106,5,2,92)
r(348,1,2,92)
r(91,3,2,92)
r(484,1,2,92)
r(407,1,2,92)
w(89,8,2,92)
w(80,2,2,92)
w(120,5,2,92)
w(102,3,2,92)
r(355,1,2,92)
r(460,1,3,93)
r(200,1,3,93)
r(164,5,3,93)
r(195,1,3,93)
w(178,2,3,93)
w(171,4,3,93)
r(245,1,3,93)
w(168,2,3,93)
w(126,2,3,93)
w(149,6,3,93)
r(349,3,3,93)
w(123,3,3,93)
r(322,8,3,93)
w(168,3,3,93)
r(103,1,3,93)
r(504,2,3,93)
r(334,3,3,93)
r(538,7,3,93)
w(176,3,3,93)
r(411,1,3,93)
r(437,1,4,94)
r(414,3,4,94)
w(213,4,4,94)
w(189,4,4,94)
r(230,3,4,94)
r(383,5,4,94)
w(205,2,4,94)
w(183,3,4,94)
w(232,5,4,94)
w(207,3,4,94)
w(230,5,4,94)
w(195,8,4,94)
w(208,3,4,94)
w(209,5,4,94)
r(349,1,4,94)
r(382,3,4,94)
r(520,1,4,94)
w(234,3,4,94)
w(207,5,4,94)
r(120,1,4,94)
r(508,1,5,95)
r(379,1,5,95)
w(252,5,5,95)
r(5,1,5,95)
w(293,2,5,95)
r(134,1,5,95)
r(427,3,5,95)
r(60,1,5,95)
w(275,6,5,95)
w(290,5,5,95)
r(54,1,5,95)
r(314,1,5,95)
w(268,3,5,95)
w(290,4,5,95)
r(458,3,5,95)
w(245,3,5,95)
r(305,1,5,95)
r(372,1,5,95)
r(427,3,5,95)
r(480,5,5,95)
w(336,2,6,96)
w(329,5,6,96)
w(341,3,6,96)
r(374,1,6,96)
w(341,5,6,96)
r(204,1,6,96)
r(472,1,6,96)
w(358,3,6,96)
w(315,3,6,96)
r(375,1,6,96)
w(327,5,6,96)
r(332,5,6,96)
w(343,6,6,96)
w(342,5,6,96)
w(319,3,6,96)
w(337,5,6,96)
r(418,1,6,96)
w(345,7,6,96)
r(429,1,6,96)
w(342,4,6,96)
w(366,3,7,97)
r(297,1,7,97)
w(382,3,7,97)
r(28,3,7,97)
w(377,5,7,97)
w(376,3,7,97)
r(310,1,7,97)
w(407,5,7,97)
r(78,1,7,97)
w(417,6,7,97)
r(196,3,7,97)
w(373,3,7,97)
w(378,4,7,97)
r(231,2,7,97)
r(170,1,7,97)
w(381,3,7,97)
r(149,1,7,97)
w(361,2,7,97)
w(391,4,7,97)
w(371,8,7,97)
w(458,3,8,98)
w(474,2,8,98)
r(205,1,8,98)
r(61,5,8,98)
w(435,4,8,98)
w(436,5,8,98)
r(306,1,8,98)
w(435,6,8,98)
r(503,1,8,98)
r(343,1,8,98)
w(434,2,8,98)
r(358,1,8,98)
r(289,3,8,98)
r(5,1,8,98)
w(438,5,8,98)
r(38,1,8,98)
w(444,4,8,98)
r(322,1,8,98)
r(445,5,8,98)
r(510,1,8,98)
r(379,1,9,99)
w(505,2,9,99)
r(447,1,9,99)
r(519,2,9,99)
w(537,5,9,99)
w(514,3,9,99)
w(512,4,9,99)
w(539,3,9,99)
w(500,6,9,99)
w(486,2,9,99)
w(492,3,9,99)
r(283,1,9,99)
r(271,1,9,99)
r(150,1,9,99)
w(505,3,9,99)
w(529,3,9,99)
r(195,1,9,99)
w(493,5,9,99)
w(531,3,9,99)
r(175,3,9,99)
r(407,5,1,100)
w(42,5,1,100)
r(262,5,1,100)
w(21,3,1,100)
r(274,1,1,100)
w(35,5,1,100)
w(34,3,1,100)
r(366,4,1,100)
w(31,4,1,100)
w(22,5,1,100)
w(17,2,1,100)
r(364,5,1,100)
w(21,5,1,100)
w(48,4,1,100)
r(482,1,1,100)
w(60,6,1,100)
r(12,5,1,100)
w(18,6,1,100)
w(53,4,1,100)
r(304,2,1,100)
r(455,3,2,101)
r(409,1,2,101)
r(482,1,2,101)
w(73,5,2,101)
w(94,3,2,101)
r(395,1,2,101)
w(120,4,2,101)
r(345,1,2,101)
r(445,5,2,101)
w(71,3,2,101)
r(484,1,2,101)
r(156,1,2,101)
w(69,4,2,101)
r(482,1,2,101)
w(93,5,2,101)
w(116,4,2,101)
w(68,2,2,101)
w(89,9,2,101)
w(112,5,2,101)
r(422,3,2,101)
w(152,2,3,102)
r(470,1,3,102)
w(144,3,3,102)
r(98,1,3,102)
r(342,4,3,102)
w(139,2,3,102)
r(233,1,3,102)
r(513,4,3,102)
r(225,1,3,102)
r(154,2,3,102)
w(179,5,3,102)
r(424,1,3,102)
w(128,3,3,102)
w(142,3,3,102)
w(132,5,3,102)
w(175,5,3,102)
r(210,1,3,102)
w(131,4,3,102)
w(154,3,3,102)
w(127,3,3,102)
w(186,2,4,103)
w(235,3,4,103)
r(270,1,4,103)
r(486,1,4,103)
r(321,1,4,103)
w(205,3,4,103)
w(225,5,4,103)
w(228,6,4,103)
w(217,3,4,103)
r(114,1,4,103)
r(453,1,4,103)
w(190,5,4,103)
r(502,1,4,103)
w(219,2,4,103)
r(336,1,4,103)
r(440,1,4,103)
r(169,1,4,103)
w(224,3,4,103)
w(226,5,4,103)
w(181,3,4,103)
w(299,2,5,104)
w(261,5,5,104)
w(273,3,5,104)
r(242,1,5,104)
w(289,5,5,104)
w(287,2,5,104)
r(156,1,5,104)
r(452,2,5,104)
r(261,5,5,104)
r(472,1,5,104)
w(285,3,5,104)
r(434,2,5,104)
w(285,5,5,104)
r(474,3,5,104)
w(252,4,5,104)
w(268,5,5,104)
w(246,5,5,104)
w(278,2,5,104)
w(300,5,5,104)
w(266,3,5,104)
r(399,1,6,105)
r(129,4,6,105)
r(390,1,6,105)
w(310,8,6,105)
w(359,5,6,105)
r(141,1,6,105)
w(338,3,6,105)
r(80,1,6,105)
w(351,3,6,105)
w(322,8,6,105)
r(387,1,6,105)
w(338,5,6,105)
r(4,1,6,105)
r(451,1,6,105)
r(398,1,6,105)
w(351,5,6,105)
w(326,5,6,105)
w(346,2,6,105)
w(311,2,6,105)
w(307,3,6,105)
w(414,3,7,106)
w(371,9,7,106)
r(396,2,7,106)
r(312,1,7,106)
r(337,1,7,106)
w(412,4,7,106)
w(365,5,7,106)
r(187,5,7,106)
w(371,10,7,106)
r(540,1,7,106)
w(390,5,7,106)
r(429,1,7,106)
r(423,1,7,106)
w(377,4,7,106)
r(23,1,7,106)
r(38,3,7,106)
w(383,5,7,106)
w(393,3,7,106)
w(374,4,7,106)
r(59,3,7,106)
r(95,3,8,107)
r(106,5,8,107)
w(457,3,8,107)
w(450,6,8,107)
r(536,1,8,107)
w(444,6,8,107)
r(175,1,8,107)
w(475,4,8,107)
r(505,1,8,107)
r(68,3,8,107)
r(157,1,8,107)
w(455,5,8,107)
w(435,7,8,107)
r(210,1,8,107)
r(349,1,8,107)
r(46,1,8,107)
r(30,1,8,107)
r(219,1,8,107)
r(230,1,8,107)
w(432,2,8,107)
w(536,5,9,108)
r(102,1,9,108)
w(508,3,9,108)
w(536,4,9,108)
r(163,5,9,108)
r(138,1,9,108)
w(530,4,9,108)
r(142,3,9,108)
r(96,1,9,108)
r(230,1,9,108)
w(511,7,9,108)
w(501,2,9,108)
r(490,3,9,108)
w(498,5,9,108)
r(482,3,9,108)
r(152,2,9,108)
w(508,5,9,108)
r(343,6,9,108)
r(140,2,9,108)
w(508,4,9,108)
r(476,2,1,109)
r(171,1,1,109)
w(50,3,1,109)
r(513,1,1,109)
r(500,3,1,109)
r(460,2,1,109)
w(9,5,1,109)
w(11,3,1,109)
w(57,4,1,109)
w(6,3,1,109)
r(501,1,1,109)
r(42,5,1,109)
r(65,3,1,109)
r(334,1,1,109)
r(201,2,1,109)
r(187,4,1,109)
r(44,5,1,109)
r(517,1,1,109)
r(252,1,1,109)
r(79,1,1,109)
w(87,5,2,110)
w(85,5,2,110)
w(64,3,2,110)
r(419,1,2,110)
r(528,1,2,110)
r(216,1,2,110)
w(80,3,2,110)
w(113,4,2,110)
r(527,1,2,110)
w(68,3,2,110)
w(64,5,2,110)
w(91,5,2,110)
w(109,3,2,110)
r(107,7,2,110)
r(165,1,2,110)
r(477,3,2,110)
r(525,1,2,110)
r(125,1,2,110)
w(119,5,2,110)
r(365,1,2,110)
r(204,1,3,111)
w(177,5,3,111)
r(124,6,3,111)
r(457,1,3,111)
r(200,1,3,111)
w(149,7,3,111)
w(177,4,3,111)
r(469,1,3,111)
r(275,1,3,111)
r(409,1,3,111)
w(130,3,3,111)
r(22,1,3,111)
r(53,1,3,111)
r(122,5,3,111)
w(136,4,3,111)
w(170,5,3,111)
w(157,3,3,111)
w(122,4,3,111)
w(176,5,3,111)
r(153,2,3,111)
r(16,2,4,112)
r(76,1,4,112)
r(189,4,4,112)
w(187,4,4,112)
w(225,4,4,112)
w(204,5,4,112)
w(188,4,4,112)
w(212,3,4,112)
w(235,5,4,112)
w(204,4,4,112)
w(213,6,4,112)
w(220,4,4,112)
r(199,2,4,112)
w(208,5,4,112)
w(200,5,4,112)
r(401,6,4,112)
r(136,1,4,112)
r(54,3,4,112)
r(513,1,4,112)
w(237,3,4,112)
r(500,3,5,113)
r(497,1,5,113)
r(530,1,5,113)
w(249,5,5,113)
w(270,5,5,113)
w(277,4,5,113)
w(271,2,5,113)
w(247,3,5,113)
w(279,5,5,113)
r(157,1,5,113)
w(258,5,5,113)
r(141,1,5,113)
w(271,3,5,113)
r(100,1,5,113)
r(389,2,5,113)
w(289,4,5,113)
w(249,4,5,113)
w(276,3,5,113)
w(246,4,5,113)
r(468,3,5,113)
w(358,5,6,114)
r(322,8,6,114)
r(342,4,6,114)
w(330,5,6,114)
w(359,4,6,114)
w(341,4,6,114)
w(313,3,6,114)
w(314,3,6,114)
w(326,4,6,114)
w(327,4,6,114)
w(305,5,6,114)
w(349,5,6,114)
w(322,9,6,114)
w(352,3,6,114)
w(353,2,6,114)
w(344,3,6,114)
r(343,6,6,114)
r(297,1,6,114)
r(218,1,6,114)
r(330,5,6,114)
w(374,6,7,115)
w(411,5,7,115)
w(402,5,7,115)
r(306,1,7,115)
w(395,5,7,115)
w(370,5,7,115)
r(534,1,7,115)
w(369,4,7,115)
r(452,1,7,115)
w(416,3,7,115)
r(344,1,7,115)
r(468,1,7,115)
r(263,1,7,115)
w(381,5,7,115)
w(410,2,7,115)
w(396,3,7,115)
w(364,3,7,115)
w(373,5,7,115)
r(493,1,7,115)
w(368,3,7,115)
r(83,2,8,116)
w(475,6,8,116)
r(391,3,8,116)
r(266,2,8,116)
r(179,3,8,116)
r(13,1,8,116)
w(477,5,8,116)
r(245,3,8,116)
w(458,5,8,116)
r(266,2,8,116)
w(474,3,8,116)
r(257,6,8,116)
w(460,5,8,116)
w(440,2,8,116)
r(95,3,8,116)
w(454,6,8,116)
w(441,4,8,116)
r(413,3,8,116)
w(457,5,8,116)
w(435,8,8,116)
r(133,5,9,117)
w(507,6,9,117)
r(452,1,9,117)
r(51,1,9,117)
w(516,4,9,117)
r(46,1,9,117)
w(537,4,9,117)
r(368,1,9,117)
w(540,5,9,117)
w(518,4,9,117)
r(343,6,9,117)
w(486,3,9,117)
w(507,7,9,117)
w(540,4,9,117)
r(136,4,9,117)
r(488,2,9,117)
w(512,6,9,117)
r(522,3,9,117)
r(60,1,9,117)
r(438,1,9,117)
w(15,5,1,118)
r(55,5,1,118)
r(535,1,1,118)
r(59,4,1,118)
r(257,2,1,118)
r(41,4,1,118)
r(240,2,1,118)
r(301,1,1,118)
w(53,6,1,118)
w(53,7,1,118)
w(54,4,1,118)
r(180,1,1,118)
r(112,1,1,118)
r(18,6,1,118)
r(311,1,1,118)
w(33,5,1,118)
r(184,3,1,118)
w(23,3,1,118)
w(54,6,1,118)
w(21,4,1,118)
r(127,2,2,119)
r(94,3,2,119)
w(83,2,2,119)
r(177,1,2,119)
w(97,2,2,119)
r(136,1,2,119)
r(367,3,2,119)
r(57,1,2,119)
w(85,4,2,119)
r(156,1,2,119)
r(215,1,2,119)
r(436,5,2,119)
w(98,4,2,119)
r(452,2,2,119)
r(406,2,2,119)
r(200,3,2,119)
w(62,6,2,119)
w(65,5,2,119)
w(84,2,2,119)
r(501,1,2,119)
r(427,1,3,120)
r(270,1,3,120)
w(161,4,3,120)
r(219,1,3,120)
r(486,2,3,120)
w(166,4,3,120)
w(132,4,3,120)
w(133,5,3,120)
w(164,4,3,120)
w(131,6,3,120)
r(343,6,3,120)
r(495,2,3,120)
r(119,1,3,120)
r(142,3,3,120)
w(151,4,3,120)
w(128,5,3,120)
w(168,5,3,120)
w(126,3,3,120)
r(105,1,3,120)
w(175,4,3,120)
r(475,3,4,121)
w(230,4,4,121)
r(455,3,4,121)
w(228,7,4,121)
w(183,5,4,121)
w(219,3,4,121)
r(102,1,4,121)
r(10,3,4,121)
w(224,5,4,121)
r(149,1,4,121)
r(60,4,4,121)
r(116,2,4,121)
w(195,9,4,121)
w(230,6,4,121)
w(211,5,4,121)
r(335,1,4,121)
r(287,1,4,121)
w(181,5,4,121)
w(208,4,4,121)
w(203,2,4,121)
r(242,1,5,122)
r(389,2,5,122)
r(537,2,5,122)
r(78,3,5,122)
w(262,6,5,122)
r(322,1,5,122)
w(269,4,5,122)
r(181,2,5,122)
w(293,3,5,122)
w(265,6,5,122)
r(540,1,5,122)
r(241,2,5,122)
w(285,4,5,122)
r(377,3,5,122)
w(255,2,5,122)
w(269,6,5,122)
w(280,2,5,122)
w(271,5,5,122)
w(281,3,5,122)
r(483,1,5,122)
r(348,1,6,123)
r(346,2,6,123)
w(336,3,6,123)
w(308,5,6,123)
w(337,4,6,123)
r(20,1,6,123)
w(334,5,6,123)
w(314,5,6,123)
w(320,5,6,123)
w(315,5,6,123)
w(301,2,6,123)
r(220,1,6,123)
w(332,4,6,123)
w(314,4,6,123)
r(492,3,6,123)
w(304,3,6,123)
w(346,3,6,123)
r(454,1,6,123)
r(336,3,6,123)
r(283,1,6,123)
r(255,1,7,124)
r(46,5,7,124)
r(417,6,7,124)
r(37,2,7,124)
r(26,1,7,124)
w(419,3,7,124)
r(156,1,7,124)
r(435,1,7,124)
w(404,7,7,124)
r(41,3,7,124)
w(365,4,7,124)
r(220,5,7,124)
w(376,5,7,124)
w(369,6,7,124)
r(387,1,7,124)
w(394,3,7,124)
w(364,5,7,124)
r(155,1,7,124)
w(385,4,7,124)
r(507,1,7,124)
r(424,2,8,125)
r(196,3,8,125)
w(454,7,8,125)
r(282,2,8,125)
w(438,4,8,125)
r(245,3,8,125)
w(467,3,8,125)
w(461,2,8,125)
r(144,2,8,125)
w(426,5,8,125)
r(249,3,8,125)
r(335,1,8,125)
r(413,3,8,125)
r(32,3,8,125)
w(470,4,8,125)
w(467,5,8,125)
w(474,5,8,125)
r(207,2,8,125)
w(479,6,8,125)
w(431,5,8,125)
r(241,1,9,126)
w(482,5,9,126)
w(510,5,9,126)
w(519,3,9,126)
r(337,4,9,126)
r(534,1,9,126)
r(120,1,9,126)
w(525,4,9,126)
w(529,5,9,126)
r(413,1,9,126)
w(503,3,9,126)
r(478,1,9,126)
w(489,2,9,126)
w(521,5,9,126)
r(393,1,9,126)
w(532,3,9,126)
w(515,2,9,126)
r(307,3,9,126)
w(518,6,9,126)
r(380,1,9,126)
w(1,4,1,127)
w(42,4,1,127)
r(45,1,1,127)
w(59,6,1,127)
w(41,6,1,127)
w(33,4,1,127)
w(30,5,1,127)
r(8,5,1,127)
w(49,3,1,127)
r(301,1,1,127)
r(513,1,1,127)
r(193,3,1,127)
r(233,1,1,127)
r(169,1,1,127)
r(428,2,1,127)
r(251,2,1,127)
w(57,6,1,127)
w(18,7,1,127)
r(402,7,1,127)
r(327,1,1,127)
r(510,1,2,128)
r(376,2,2,128)
w(72,5,2,128)
w(63,2,2,128)
w(113,6,2,128)
r(486,1,2,128)
r(186,1,2,128)
r(340,1,2,128)
r(525,1,2,128)
w(116,6,2,128)
w(65,4,2,128)
r(506,1,2,128)
r(383,2,2,128)
w(99,2,2,128)
r(71,3,2,128)
w(92,2,2,128)
r(452,2,2,128)
w(113,7,2,128)
w(108,3,2,128)
w(92,3,2,128)
r(352,3,3,129)
w(172,2,3,129)
r(474,1,3,129)
w(131,7,3,129)
r(168,5,3,129)
w(124,7,3,129)
r(1,1,3,129)
w(130,5,3,129)
r(26,1,3,129)
w(145,3,3,129)
w(158,7,3,129)
r(162,2,3,129)
w(127,5,3,129)
r(217,1,3,129)
r(58,1,3,129)
w(158,8,3,129)
r(519,2,3,129)
w(176,4,3,129)
r(344,3,3,129)
w(143,2,3,129)
r(346,1,4,130)
r(181,5,4,130)
w(236,3,4,130)
w(200,4,4,130)
w(199,3,4,130)
r(117,2,4,130)
w(194,2,4,130)
w(202,4,4,130)
w(223,5,4,130)
r(406,2,4,130)
r(409,5,4,130)
w(219,5,4,130)
w(220,6,4,130)
r(39,3,4,130)
r(517,1,4,130)
r(101,2,4,130)
w(232,4,4,130)
r(223,5,4,130)
r(20,2,4,130)
w(216,4,4,130)
r(450,6,5,131)
w(258,4,5,131)
w(260,3,5,131)
w(254,5,5,131)
w(292,5,5,131)
w(271,4,5,131)
r(521,2,5,131)
r(238,2,5,131)
w(274,2,5,131)
r(420,1,5,131)
w(256,4,5,131)
r(36,1,5,131)
w(243,3,5,131)
w(260,5,5,131)
w(279,4,5,131)
r(228,2,5,131)
r(284,2,5,131)
w(288,2,5,131)
w(253,5,5,131)
r(378,1,5,131)
r(86,1,6,132)
w(328,3,6,132)
w(350,2,6,132)
r(197,1,6,132)
r(528,1,6,132)
r(402,1,6,132)
w(341,6,6,132)
r(60,1,6,132)
w(310,9,6,132)
r(174,2,6,132)
w(355,2,6,132)
r(285,1,6,132)
w(342,6,6,132)
r(152,2,6,132)
w(331,5,6,132)
r(156,1,6,132)
r(171,4,6,132)
r(376,1,6,132)
r(515,1,6,132)
r(392,1,6,132)
r(424,1,7,133)
w(408,2,7,133)
w(396,5,7,133)
w(395,4,7,133)
w(394,5,7,133)
r(436,1,7,133)
r(143,1,7,133)
r(523,1,7,133)
r(490,1,7,133)
r(59,3,7,133)
w(371,11,7,133)
w(420,2,7,133)
w(377,6,7,133)
w(418,5,7,133)
w(404,8,7,133)
w(405,5,7,133)
w(408,3,7,133)
r(361,2,7,133)
w(415,3,7,133)
w(366,5,7,133)
r(287,2,8,134)
r(382,1,8,134)
r(287,2,8,134)
w(438,6,8,134)
w(453,5,8,134)
w(478,5,8,134)
w(470,6,8,134)
w(464,3,8,134)
w(445,4,8,134)
r(95,3,8,134)
w(431,4,8,134)
w(428,3,8,134)
r(381,2,8,134)
w(444,7,8,134)
w(449,3,8,134)
w(480,4,8,134)
r(5,1,8,134)
r(128,2,8,134)
r(385,3,8,134)
r(311,1,8,134)
w(508,6,9,135)
w(532,5,9,135)
r(86,3,9,135)
w(514,5,9,135)
w(507,8,9,135)
r(469,2,9,135)
r(493,5,9,135)
w(501,3,9,135)
r(138,2,9,135)
r(454,2,9,135)
w(502,5,9,135)
w(504,3,9,135)
w(510,4,9,135)
w(486,5,9,135)
r(261,2,9,135)
r(77,1,9,135)
r(434,1,9,135)
w(510,6,9,135)
w(514,4,9,135)
r(182,1,9,135)
r(280,1,1,136)
w(43,3,1,136)
w(55,4,1,136)
r(34,3,1,136)
w(53,8,1,136)
w(12,4,1,136)
w(15,4,1,136)
w(56,2,1,136)
r(454,2,1,136)
w(49,5,1,136)
w(20,3,1,136)
r(149,1,1,136)
r(38,3,1,136)
r(351,1,1,136)
r(298,5,1,136)
w(1,6,1,136)
r(47,1,1,136)
r(414,5,1,136)
w(29,5,1,136)
w(32,5,1,136)
r(265,4,2,137)
w(65,6,2,137)
r(149,1,2,137)
r(459,5,2,137)
r(200,3,2,137)
r(180,1,2,137)
r(122,2,2,137)
w(64,4,2,137)
w(82,4,2,137)
w(78,3,2,137)
w(83,3,2,137)
w(104,3,2,137)
r(261,5,2,137)
r(421,5,2,137)
w(77,3,2,137)
w(91,4,2,137)
r(476,3,2,137)
w(98,6,2,137)
w(88,5,2,137)
r(529,2,2,137)
r(106,1,3,138)
w(138,2,3,138)
r(474,1,3,138)
w(174,3,3,138)
r(50,1,3,138)
w(149,8,3,138)
w(128,4,3,138)
w(179,4,3,138)
w(125,3,3,138)
r(163,5,3,138)
w(126,5,3,138)
r(288,1,3,138)
r(104,1,3,138)
w(129,6,3,138)
r(477,1,3,138)
w(149,9,3,138)
w(125,5,3,138)
w(171,6,3,138)
w(157,5,3,138)
w(153,3,3,138)
r(155,2,4,139)
w(185,2,4,139)
r(157,1,4,139)
w(217,5,4,139)
r(181,5,4,139)
w(209,4,4,139)
w(232,6,4,139)
w(196,5,4,139)
w(209,6,4,139)
r(414,3,4,139)
w(203,3,4,139)
r(341,1,4,139)
r(366,4,4,139)
w(212,5,4,139)
r(460,2,4,139)
r(20,2,4,139)
w(229,3,4,139)
w(219,4,4,139)
w(230,7,4,139)
w(189,6,4,139)
r(459,4,5,140)
w(253,4,5,140)
w(259,5,5,140)
w(294,3,5,140)
w(280,3,5,140)
r(99,3,5,140)
r(249,4,5,140)
r(89,9,5,140)
r(180,1,5,140)
w(292,4,5,140)
w(291,3,5,140)
w(280,5,5,140)
w(259,4,5,140)
w(262,7,5,140)
r(311,1,5,140)
r(368,2,5,140)
w(284,3,5,140)
r(155,2,5,140)
w(294,5,5,140)
r(493,1,5,140)
w(321,5,6,141)
w(358,4,6,141)
w(316,3,6,141)
w(303,5,6,141)
r(315,5,6,141)
r(207,1,6,141)
r(343,6,6,141)
w(305,4,6,141)
r(9,1,6,141)
w(325,5,6,141)
r(44,1,6,141)
w(336,5,6,141)
r(92,1,6,141)
w(313,5,6,141)
r(397,1,6,141)
r(241,1,6,141)
r(296,1,6,141)
w(314,6,6,141)
w(346,5,6,141)
w(353,3,6,141)
w(401,7,7,142)
w(363,6,7,142)
r(412,4,7,142)
r(301,1,7,142)
w(383,4,7,142)
r(179,3,7,142)
r(303,1,7,142)
r(214,1,7,142)
w(381,4,7,142)
w(408,5,7,142)
r(328,2,7,142)
w(376,4,7,142)
w(382,5,7,142)
w(376,6,7,142)
w(418,4,7,142)
r(150,1,7,142)
r(193,3,7,142)
r(421,3,7,142)
r(256,2,7,142)
w(366,4,7,142)
w(447,5,8,143)
w(423,7,8,143)
r(196,3,8,143)
r(296,3,8,143)
w(444,8,8,143)
w(454,8,8,143)
r(526,1,8,143)
w(466,5,8,143)
r(369,2,8,143)
r(192,1,8,143)
r(411,3,8,143)
w(431,6,8,143)
w(466,4,8,143)
w(440,3,8,143)
r(479,6,8,143)
r(484,1,8,143)
r(39,1,8,143)
w(467,4,8,143)
w(429,4,8,143)
w(456,3,8,143)
w(540,6,9,144)
w(539,5,9,144)
r(54,2,9,144)
w(489,3,9,144)
r(499,3,9,144)
r(119,2,9,144)
r(402,3,9,144)
r(398,3,9,144)
r(420,1,9,144)
w(514,6,9,144)
r(339,4,9,144)
w(538,8,9,144)
r(538,8,9,144)
r(119,2,9,144)
w(516,6,9,144)
w(537,6,9,144)
r(301,2,9,144)
w(527,5,9,144)
w(489,5,9,144)
w(488,3,9,144)
r(25,2,1,145)
r(141,1,1,145)
r(229,3,1,145)
w(32,4,1,145)
r(31,4,1,145)
w(39,5,1,145)
w(35,4,1,145)
w(40,2,1,145)
r(335,2,1,145)
w(1,7,1,145)
r(233,1,1,145)
w(1,8,1,145)
r(19,3,1,145)
w(39,4,1,145)
w(53,9,1,145)
w(40,3,1,145)
r(440,1,1,145)
r(50,3,1,145)
w(30,4,1,145)
r(175,3,1,145)
w(83,5,2,146)
w(84,3,2,146)
r(326,2,2,146)
w(62,7,2,146)
r(528,1,2,146)
r(264,3,2,146)
r(454,7,2,146)
w(64,6,2,146)
r(120,4,2,146)
w(79,2,2,146)
w(82,6,2,146)
w(113,8,2,146)
w(70,2,2,146)
w(85,6,2,146)
w(97,3,2,146)
w(99,3,2,146)
r(449,2,2,146)
r(486,1,2,146)
r(150,1,2,146)
r(518,1,2,146)
r(318,3,3,147)
w(174,5,3,147)
w(140,3,3,147)
r(344,3,3,147)
r(507,7,3,147)
w(175,6,3,147)
w(131,8,3,147)
r(517,3,3,147)
w(180,3,3,147)
w(174,4,3,147)
r(340,1,3,147)
w(168,4,3,147)
w(154,5,3,147)
r(197,2,3,147)
w(139,3,3,147)
w(164,6,3,147)
r(49,1,3,147)
w(173,3,3,147)
w(157,4,3,147)
r(428,2,3,147)
w(228,8,4,148)
w(204,6,4,148)
w(214,2,4,148)
r(287,1,4,148)
r(205,3,4,148)
r(314,2,4,148)
r(468,3,4,148)
r(452,1,4,148)
r(315,1,4,148)
r(83,1,4,148)
r(127,2,4,148)
r(90,1,4,148)
r(525,1,4,148)
w(203,5,4,148)
r(303,1,4,148)
r(445,1,4,148)
r(220,6,4,148)
r(267,2,4,148)
w(231,3,4,148)
r(346,1,4,148)
r(91,4,5,149)
r(313,1,5,149)
r(170,1,5,149)
w(286,6,5,149)
w(246,6,5,149)
w(259,6,5,149)
r(401,5,5,149)
w(296,5,5,149)
r(537,2,5,149)
r(280,5,5,149)
w(296,4,5,149)
w(252,6,5,149)
r(172,1,5,149)
w(241,3,5,149)
r(307,1,5,149)
w(281,5,5,149)
w(263,5,5,149)
r(403,1,5,149)
w(280,4,5,149)
r(530,1,5,149)
w(333,3,6,150)
r(332,4,6,150)
r(153,3,6,150)
r(142,3,6,150)
r(219,1,6,150)
r(197,1,6,150)
w(336,4,6,150)
w(338,4,6,150)
w(327,6,6,150)
r(467,1,6,150)
r(84,1,6,150)
r(108,1,6,150)
w(331,4,6,150)
r(466,1,6,150)
w(311,3,6,150)
r(293,1,6,150)
w(306,4,6,150)
r(529,5,6,150)
w(314,7,6,150)
r(359,4,6,150)
r(229,2,7,151)
w(409,5,7,151)
w(415,5,7,151)
r(488,1,7,151)
w(365,6,7,151)
r(73,1,7,151)
r(468,3,7,151)
w(415,4,7,151)
r(177,1,7,151)
r(107,2,7,151)
w(405,4,7,151)
w(416,5,7,151)
r(190,5,7,151)
w(361,3,7,151)
r(416,5,7,151)
r(500,3,7,151)
r(415,4,7,151)
r(420,2,7,151)
r(24,6,7,151)
w(402,4,7,151)
w(421,4,8,152)
r(55,1,8,152)
w(428,5,8,152)
r(296,3,8,152)
r(516,1,8,152)
r(412,2,8,152)
w(466,6,8,152)
r(360,1,8,152)
r(386,1,8,152)
r(308,1,8,152)
r(415,1,8,152)
w(434,3,8,152)
w(454,9,8,152)
r(41,1,8,152)
r(290,4,8,152)
w(462,3,8,152)
w(472,2,8,152)
w(473,5,8,152)
w(459,4,8,152)
r(132,1,8,152)
r(450,3,9,153)
w(491,5,9,153)
r(52,2,9,153)
r(440,1,9,153)
r(49,1,9,153)
w(501,5,9,153)
r(520,3,9,153)
r(104,2,9,153)
w(483,3,9,153)
r(198,5,9,153)
w(529,4,9,153)
r(214,1,9,153)
w(510,7,9,153)
r(529,4,9,153)
w(499,5,9,153)
r(301,2,9,153)
w(500,7,9,153)
r(293,1,9,153)
r(53,2,9,153)
w(533,3,9,153)
w(53,10,1,154)
r(378,4,1,154)
w(45,2,1,154)
r(308,3,1,154)
w(30,6,1,154)
r(520,3,1,154)
w(26,2,1,154)
w(57,7,1,154)
r(307,3,1,154)
w(47,2,1,154)
r(473,3,1,154)
w(3,2,1,154)
r(396,6,1,154)
r(262,4,1,154)
r(532,2,1,154)
r(79,1,1,154)
r(56,2,1,154)
w(47,3,1,154)
r(123,3,1,154)
w(33,6,1,154)
r(122,2,2,155)
w(87,4,2,155)
w(110,3,2,155)
w(115,4,2,155)
r(253,3,2,155)
r(287,2,2,155)
r(230,1,2,155)
w(64,7,2,155)
w(83,4,2,155)
w(81,5,2,155)
r(457,5,2,155)
w(87,6,2,155)
r(486,1,2,155)
r(63,2,2,155)
w(72,4,2,155)
w(70,3,2,155)
w(116,7,2,155)
r(509,1,2,155)
r(4,1,2,155)
r(405,1,2,155)
w(129,7,3,156)
w(140,5,3,156)
w(135,5,3,156)
w(121,3,3,156)
r(194,1,3,156)
w(134,5,3,156)
w(161,6,3,156)
w(156,2,3,156)
r(275,5,3,156)
w(127,4,3,156)
w(132,6,3,156)
w(171,7,3,156)
r(503,3,3,156)
w(151,6,3,156)
w(148,3,3,156)
w(158,9,3,156)
r(26,1,3,156)
w(158,10,3,156)
w(156,3,3,156)
w(133,4,3,156)
w(234,5,4,157)
w(198,6,4,157)
w(181,4,4,157)
w(181,6,4,157)
w(182,2,4,157)
r(105,2,4,157)
w(218,3,4,157)
w(208,6,4,157)
r(36,3,4,157)
w(225,6,4,157)
r(448,1,4,157)
r(349,1,4,157)
w(212,4,4,157)
w(237,5,4,157)
w(204,7,4,157)
r(438,2,4,157)
r(384,5,4,157)
w(189,7,4,157)
r(120,1,4,157)
r(40,1,4,157)
r(227,1,5,158)
r(118,3,5,158)
w(286,7,5,158)
r(457,5,5,158)
r(200,3,5,158)
w(257,7,5,158)
r(480,4,5,158)
w(294,4,5,158)
r(71,5,5,158)
r(463,1,5,158)
r(142,1,5,158)
w(263,4,5,158)
r(301,1,5,158)
r(94,4,5,158)
w(285,6,5,158)
w(257,8,5,158)
r(242,1,5,158)
w(261,4,5,158)
r(425,2,5,158)
w(279,6,5,158)
r(287,1,6,159)
r(188,3,6,159)
w(353,5,6,159)
r(476,2,6,159)
r(427,2,6,159)
r(246,3,6,159)
r(478,2,6,159)
w(346,4,6,159)
w(311,5,6,159)
r(260,1,6,159)
w(336,6,6,159)
r(515,2,6,159)
w(307,5,6,159)
r(192,1,6,159)
r(470,2,6,159)
w(323,4,6,159)
w(360,3,6,159)
w(319,5,6,159)
w(334,4,6,159)
w(354,3,6,159)
r(447,2,7,160)
w(372,4,7,160)
r(389,5,7,160)
r(345,2,7,160)
w(403,5,7,160)
r(362,5,7,160)
r(464,1,7,160)
r(343,1,7,160)
r(455,3,7,160)
r(163,2,7,160)
r(402,4,7,160)
r(206,2,7,160)
w(395,6,7,160)
w(403,4,7,160)
r(265,2,7,160)
r(386,1,7,160)
w(396,4,7,160)
r(96,2,7,160)
r(312,1,7,160)
r(28,3,7,160)
w(465,4,8,161)
r(480,4,8,161)
w(430,3,8,161)
r(261,5,8,161)
r(105,3,8,161)
r(91,4,8,161)
r(275,6,8,161)
w(476,5,8,161)
w(439,6,8,161)
r(527,1,8,161)
w(475,7,8,161)
r(103,7,8,161)
w(443,5,8,161)
w(444,9,8,161)
r(383,2,8,161)
r(395,3,8,161)
w(424,3,8,161)
r(211,1,8,161)
w(461,3,8,161)
w(469,3,8,161)
r(518,6,9,162)
r(87,3,9,162)
r(171,8,9,162)
r(227,2,9,162)
r(470,2,9,162)
w(503,5,9,162)
w(497,3,9,162)
r(168,4,9,162)
w(507,9,9,162)
w(530,6,9,162)
r(442,1,9,162)
w(532,4,9,162)
r(537,6,9,162)
w(527,4,9,162)
w(509,6,9,162)
r(164,6,9,162)
r(284,1,9,162)
r(322,10,9,162)
r(154,5,9,162)
w(517,5,9,162)
w(56,3,1,163)
r(193,5,1,163)
r(80,3,1,163)
w(55,6,1,163)
r(264,3,1,163)
w(12,6,1,163)
r(369,8,1,163)
w(30,7,1,163)
w(37,3,1,163)
w(7,3,1,163)
w(57,8,1,163)
r(179,3,1,163)
w(51,3,1,163)
r(441,5,1,163)
w(27,4,1,163)
r(83,1,1,163)
r(508,2,1,163)
r(378,4,1,163)
w(43,5,1,163)
w(57,9,1,163)
w(115,6,2,164)
r(515,1,2,164)
r(194,1,2,164)
r(81,5,2,164)
r(535,1,2,164)
r(520,1,2,164)
r(347,1,2,164)
r(244,5,2,164)
w(95,5,2,164)
r(534,1,2,164)
r(254,3,2,164)
r(125,1,2,164)
r(473,3,2,164)
w(74,5,2,164)
r(51,2,2,164)
w(103,6,2,164)
w(111,2,2,164)
w(68,5,2,164)
r(282,2,2,164)
r(159,1,2,164)
w(178,3,3,165)
w(137,3,3,165)
w(160,2,3,165)
w(144,5,3,165)
r(44,2,3,165)
r(535,5,3,165)
r(102,2,3,165)
r(407,5,3,165)
r(18,3,3,165)
r(540,6,3,165)
r(381,3,3,165)
w(157,6,3,165)
w(121,5,3,165)
w(149,10,3,165)
w(179,6,3,165)
w(149,11,3,165)
w(140,4,3,165)
w(171,8,3,165)
w(136,6,3,165)
r(523,3,3,165)
w(236,5,4,166)
r(66,1,4,166)
w(222,3,4,166)
w(238,3,4,166)
w(214,3,4,166)
w(234,4,4,166)
r(261,2,4,166)
w(239,3,4,166)
w(214,5,4,166)
r(257,2,4,166)
r(303,1,4,166)
r(53,8,4,166)
r(340,1,4,166)
w(199,5,4,166)
w(228,9,4,166)
w(238,5,4,166)
r(418,6,4,166)
r(301,1,4,166)
r(38,3,4,166)
w(200,6,4,166)
r(5,1,5,167)
r(31,1,5,167)
w(286,8,5,167)
w(274,3,5,167)
r(382,1,5,167)
r(500,3,5,167)
r(353,1,5,167)
w(287,3,5,167)
w(295,5,5,167)
w(289,6,5,167)
r(257,8,5,167)
r(348,1,5,167)
r(98,6,5,167)
r(485,1,5,167)
r(179,3,5,167)
w(242,2,5,167)
w(274,5,5,167)
w(259,7,5,167)
r(366,1,5,167)
w(256,6,5,167)
w(315,4,6,168)
w(356,4,6,168)
w(302,5,6,168)
r(30,1,6,168)
r(159,5,6,168)
r(178,2,6,168)
r(259,1,6,168)
w(306,6,6,168)
r(96,2,6,168)
w(356,6,6,168)
r(142,3,6,168)
w(304,5,6,168)
r(225,3,6,168)
r(527,5,6,168)
r(222,2,6,168)
r(415,2,6,168)
w(359,6,6,168)
w(352,5,6,168)
r(522,3,6,168)
w(344,5,6,168)
r(417,6,7,169)
w(399,6,7,169)
r(52,5,7,169)
w(374,7,7,169)
w(402,6,7,169)
r(523,1,7,169)
w(369,7,7,169)
w(402,7,7,169)
r(344,1,7,169)
w(418,6,7,169)
w(405,6,7,169)
w(400,2,7,169)
r(285,2,7,169)
r(426,2,7,169)
w(412,6,7,169)
w(363,7,7,169)
w(417,7,7,169)
w(365,7,7,169)
r(65,3,7,169)
w(368,5,7,169)
w(460,4,8,170)
w(436,4,8,170)
r(154,2,8,170)
r(308,3,8,170)
w(448,2,8,170)
w(479,7,8,170)
r(494,4,8,170)
w(424,5,8,170)
w(468,5,8,170)
r(73,4,8,170)
r(185,1,8,170)
w(457,4,8,170)
w(427,5,8,170)
r(395,4,8,170)
r(232,5,8,170)
w(435,9,8,170)
r(395,4,8,170)
w(461,5,8,170)
r(457,4,8,170)
r(194,1,8,170)
w(524,2,9,171)
w(533,5,9,171)
w(486,4,9,171)
w(511,8,9,171)
w(520,5,9,171)
w(515,3,9,171)
r(508,6,9,171)
r(327,6,9,171)
r(413,3,9,171)
w(511,9,9,171)
r(129,7,9,171)
w(522,5,9,171)
r(524,2,9,171)
r(140,4,9,171)
r(441,1,9,171)
r(180,3,9,171)
r(499,5,9,171)
r(74,3,9,171)
w(492,5,9,171)
r(438,2,9,171)
w(49,4,1,172)
w(29,4,1,172)
w(9,4,1,172)
r(266,2,1,172)
r(194,3,1,172)
r(228,9,1,172)
r(514,2,1,172)
w(1,9,1,172)
w(36,5,1,172)
r(338,5,1,172)
w(13,5,1,172)
w(52,4,1,172)
w(17,3,1,172)
w(19,5,1,172)
r(240,2,1,172)
r(439,4,1,172)
r(198,6,1,172)
w(32,6,1,172)
w(51,5,1,172)
r(265,4,1,172)
r(58,3,2,173)
r(302,1,2,173)
r(519,1,2,173)
r(240,2,2,173)
w(94,5,2,173)
r(413,3,2,173)
r(470,6,2,173)
r(462,3,2,173)
r(442,1,2,173)
r(316,1,2,173)
w(95,4,2,173)
w(73,4,2,173)
w(64,8,2,173)
w(104,5,2,173)
r(178,1,2,173)
w(106,4,2,173)
r(327,1,2,173)
r(108,3,2,173)
w(103,7,2,173)
r(178,1,2,173)
r(205,1,3,174)
r(76,2,3,174)
w(127,6,3,174)
w(168,6,3,174)
r(457,2,3,174)
r(464,1,3,174)
r(403,3,3,174)
r(291,2,3,174)
w(177,6,3,174)
r(278,1,3,174)
w(171,9,3,174)
w(157,7,3,174)
w(158,11,3,174)
w(176,6,3,174)
r(305,4,3,174)
w(126,4,3,174)
r(101,2,3,174)
w(159,4,3,174)
r(142,3,3,174)
w(164,7,3,174)
w(193,5,4,175)
r(394,5,4,175)
w(200,7,4,175)
w(189,8,4,175)
r(400,3,4,175)
r(355,1,4,175)
r(188,4,4,175)
r(437,3,4,175)
w(237,4,4,175)
w(192,2,4,175)
r(515,1,4,175)
r(436,5,4,175)
w(221,2,4,175)
w(209,7,4,175)
r(312,5,4,175)
r(471,3,4,175)
w(190,4,4,175)
r(249,3,4,175)
r(45,1,4,175)
w(202,6,4,175)
w(250,5,5,176)
w(258,6,5,176)
r(92,3,5,176)
r(61,5,5,176)
r(164,5,5,176)
w(293,5,5,176)
w(252,7,5,176)
w(242,3,5,176)
w(291,5,5,176)
r(321,3,5,176)
w(297,4,5,176)
w(253,6,5,176)
w(277,6,5,176)
r(253,6,5,176)
r(15,3,5,176)
w(274,4,5,176)
w(283,6,5,176)
r(412,4,5,176)
w(284,5,5,176)
r(145,2,5,176)
r(532,5,6,177)
w(330,4,6,177)
r(21,2,6,177)
w(357,4,6,177)
w(338,6,6,177)
r(1,3,6,177)
w(332,6,6,177)
w(319,4,6,177)
r(509,4,6,177)
w(338,7,6,177)
r(431,2,6,177)
r(377,5,6,177)
r(229,2,6,177)
r(348,1,6,177)
r(293,1,6,177)
w(353,4,6,177)
r(492,3,6,177)
w(322,10,6,177)
w(332,7,6,177)
r(18,3,6,177)
r(517,1,7,178)
r(228,8,7,178)
r(483,1,7,178)
w(408,4,7,178)
w(420,3,7,178)
r(410,2,7,178)
r(173,1,7,178)
w(383,6,7,178)
r(263,3,7,178)
r(417,7,7,178)
r(344,1,7,178)
w(383,7,7,178)
w(414,5,7,178)
r(41,6,7,178)
r(311,1,7,178)
r(314,2,7,178)
r(204,6,7,178)
w(392,4,7,178)
w(369,8,7,178)
w(385,6,7,178)
r(163,5,8,179)
w(441,6,8,179)
r(180,2,8,179)
w(431,7,8,179)
w(443,4,8,179)
w(428,4,8,179)
r(195,8,8,179)
r(478,5,8,179)
w(439,7,8,179)
w(477,4,8,179)
w(422,5,8,179)
r(184,3,8,179)
r(266,3,8,179)
r(280,4,8,179)
w(462,5,8,179)
r(46,4,8,179)
w(445,6,8,179)
w(439,8,8,179)
w(458,4,8,179)
w(450,7,8,179)
w(495,3,9,180)
r(539,5,9,180)
w(498,4,9,180)
r(34,1,9,180)
r(247,2,9,180)
w(519,5,9,180)
w(481,3,9,180)
r(323,4,9,180)
r(472,1,9,180)
r(519,5,9,180)
r(80,1,9,180)
r(119,2,9,180)
w(483,5,9,180)
w(526,5,9,180)
r(231,2,9,180)
r(252,2,9,180)
w(519,4,9,180)
w(521,4,9,180)
r(268,1,9,180)
r(366,3,9,180)
w(34,5,1,181)
r(98,5,1,181)
w(3,3,1,181)
w(48,6,1,181)
r(338,5,1,181)
w(57,10,1,181)
w(56,5,1,181)
r(20,3,1,181)
w(5,3,1,181)
w(29,6,1,181)
r(29,6,1,181)
r(124,6,1,181)
r(431,3,1,181)
r(501,1,1,181)
r(534,1,1,181)
r(133,3,1,181)
r(361,5,1,181)
w(34,4,1,181)
w(51,4,1,181)
r(528,1,1,181)
r(204,1,2,182)
w(77,5,2,182)
r(71,3,2,182)
r(89,9,2,182)
w(83,6,2,182)
r(341,1,2,182)
r(460,5,2,182)
w(90,5,2,182)
r(67,2,2,182)
w(70,5,2,182)
w(71,5,2,182)
w(64,9,2,182)
w(105,5,2,182)
w(68,4,2,182)
w(89,10,2,182)
r(287,2,2,182)
w(81,4,2,182)
r(366,1,2,182)
w(94,4,2,182)
r(92,3,2,182)
r(79,1,3,183)
r(159,4,3,183)
r(461,1,3,183)
w(173,5,3,183)
r(398,3,3,183)
r(256,2,3,183)
r(114,2,3,183)
w(129,8,3,183)
r(147,3,3,183)
w(129,9,3,183)
w(140,6,3,183)
r(137,3,3,183)
w(158,12,3,183)
r(126,4,3,183)
r(48,1,3,183)
w(174,6,3,183)
r(353,4,3,183)
w(157,8,3,183)
r(128,4,3,183)
r(242,1,3,183)
r(526,3,4,184)
r(373,4,4,184)
w(194,3,4,184)
w(235,4,4,184)
w(229,5,4,184)
r(91,5,4,184)
w(197,3,4,184)
w(188,6,4,184)
r(93,5,4,184)
r(530,5,4,184)
r(454,4,4,184)
r(53,10,4,184)
w(187,6,4,184)
r(313,3,4,184)
r(486,1,4,184)
r(216,4,4,184)
r(500,4,4,184)
w(196,4,4,184)
r(82,5,4,184)
w(202,7,4,184)
r(466,6,5,185)
r(342,4,5,185)
w(283,7,5,185)
r(443,4,5,185)
w(274,6,5,185)
w(299,3,5,185)
r(218,2,5,185)
r(159,5,5,185)
w(258,7,5,185)
r(60,4,5,185)
w(241,5,5,185)
r(366,5,5,185)
w(288,3,5,185)
r(483,2,5,185)
w(276,5,5,185)
w(248,4,5,185)
r(30,1,5,185)
r(479,7,5,185)
w(284,4,5,185)
r(339,4,5,185)
w(327,7,6,186)
w(306,7,6,186)
w(345,8,6,186)
r(397,2,6,186)
w(318,5,6,186)
r(418,3,6,186)
r(148,3,6,186)
w(302,4,6,186)
r(441,1,6,186)
w(307,4,6,186)
w(331,6,6,186)
r(311,5,6,186)
r(34,1,6,186)
r(44,2,6,186)
r(376,3,6,186)
w(301,3,6,186)
r(430,2,6,186)
r(491,5,6,186)
w(337,6,6,186)
r(507,9,6,186)
w(363,8,7,187)
r(127,2,7,187)
w(381,6,7,187)
r(3,1,7,187)
w(379,3,7,187)
w(364,4,7,187)
r(384,5,7,187)
r(150,1,7,187)
r(100,1,7,187)
w(398,5,7,187)
r(276,1,7,187)
w(371,12,7,187)
r(172,1,7,187)
r(353,1,7,187)
w(414,4,7,187)
w(390,4,7,187)
r(225,4,7,187)
r(121,1,7,187)
w(396,6,7,187)
r(379,3,7,187)
r(243,3,8,188)
w(425,3,8,188)
w(473,4,8,188)
w(471,5,8,188)
w(434,5,8,188)
w(436,6,8,188)
r(372,5,8,188)
w(451,3,8,188)
r(466,6,8,188)
w(423,8,8,188)
r(423,8,8,188)
r(438,6,8,188)
w(474,4,8,188)
r(239,2,8,188)
r(412,4,8,188)
w(475,8,8,188)
r(155,4,8,188)
w(426,4,8,188)
r(292,4,8,188)
w(464,5,8,188)
w(483,4,9,189)
r(168,6,9,189)
w(489,4,9,189)
w(500,8,9,189)
w(524,3,9,189)
r(520,5,9,189)
w(530,7,9,189)
w(516,7,9,189)
w(495,5,9,189)
r(441,4,9,189)
w(540,7,9,189)
r(294,5,9,189)
r(293,3,9,189)
r(269,6,9,189)
w(494,6,9,189)
w(538,9,9,189)
w(539,4,9,189)
r(412,4,9,189)
r(408,5,9,189)
w(511,10,9,189)
r(208,7,1,190)
r(222,3,1,190)
w(42,6,1,190)
r(485,1,1,190)
r(162,2,1,190)
w(54,7,1,190)
r(455,5,1,190)
r(191,3,1,190)
r(334,3,1,190)
r(205,3,1,190)
w(5,5,1,190)
w(14,2,1,190)
w(4,3,1,190)
w(8,4,1,190)
r(398,5,1,190)
r(55,6,1,190)
r(212,4,1,190)
r(517,3,1,190)
w(51,6,1,190)
w(41,7,1,190)
r(212,1,2,191)
w(87,7,2,191)
r(386,1,2,191)
w(90,4,2,191)
r(507,3,2,191)
w(89,11,2,191)
r(259,6,2,191)
r(377,3,2,191)
r(539,1,2,191)
w(106,6,2,191)
w(118,3,2,191)
w(104,4,2,191)
w(117,3,2,191)
r(116,7,2,191)
r(404,4,2,191)
r(333,1,2,191)
r(498,1,2,191)
w(67,3,2,191)
w(78,5,2,191)
w(97,5,2,191)
w(122,6,3,192)
w(174,7,3,192)
w(121,4,3,192)
w(180,5,3,192)
r(367,5,3,192)
w(150,2,3,192)
r(247,2,3,192)
w(138,3,3,192)
r(291,2,3,192)
r(319,4,3,192)
w(139,5,3,192)
w(145,5,3,192)
w(137,5,3,192)
r(344,5,3,192)
r(492,5,3,192)
w(136,7,3,192)
r(11,2,3,192)
r(423,5,3,192)
r(150,2,3,192)
r(355,2,3,192)
r(7,3,4,193)
w(226,4,4,193)
r(342,4,4,193)
r(237,4,4,193)
r(185,2,4,193)
w(186,3,4,193)
r(129,4,4,193)
w(213,7,4,193)
w(204,8,4,193)
r(307,3,4,193)
w(223,4,4,193)
r(533,2,4,193)
w(193,4,4,193)
w(213,8,4,193)
r(173,2,4,193)
w(227,3,4,193)
w(239,5,4,193)
r(191,3,4,193)
r(517,3,4,193)
w(195,10,4,193)
r(287,3,5,194)
w(243,5,5,194)
w(284,6,5,194)
w(255,3,5,194)
w(297,6,5,194)
w(287,5,5,194)
w(247,5,5,194)
w(291,4,5,194)
w(248,6,5,194)
w(300,4,5,194)
w(254,4,5,194)
w(254,6,5,194)
w(260,4,5,194)
w(284,7,5,194)
w(286,9,5,194)
w(266,5,5,194)
r(25,2,5,194)
r(108,3,5,194)
r(448,3,5,194)
r(314,3,5,194)
w(324,5,6,195)
w(354,5,6,195)
w(354,4,6,195)
w(312,4,6,195)
r(395,3,6,195)
r(201,1,6,195)
r(130,5,6,195)
w(302,6,6,195)
r(492,5,6,195)
w(321,4,6,195)
w(306,8,6,195)
r(296,3,6,195)
w(303,4,6,195)
r(315,4,6,195)
r(367,5,6,195)
r(66,1,6,195)
w(347,5,6,195)
w(301,5,6,195)
r(28,3,6,195)
r(416,2,6,195)
w(411,4,7,196)
r(485,1,7,196)
w(375,4,7,196)
r(388,1,7,196)
r(121,2,7,196)
r(423,6,7,196)
w(420,5,7,196)
r(523,3,7,196)
w(399,7,7,196)
w(384,4,7,196)
r(341,4,7,196)
w(373,4,7,196)
w(400,3,7,196)
r(231,3,7,196)
r(258,3,7,196)
w(402,8,7,196)
r(251,3,7,196)
w(387,2,7,196)
w(374,8,7,196)
r(42,4,7,196)
w(423,9,8,197)
r(430,3,8,197)
r(30,1,8,197)
r(538,7,8,197)
r(318,3,8,197)
w(421,6,8,197)
w(448,3,8,197)
r(180,2,8,197)
w(432,3,8,197)
w(431,8,8,197)
r(526,3,8,197)
w(445,7,8,197)
w(442,2,8,197)
w(444,10,8,197)
w(462,4,8,197)
r(338,5,8,197)
r(253,6,8,197)
r(27,5,8,197)
r(481,2,8,197)
r(143,1,8,197)
r(408,5,9,198)
w(540,8,9,198)
r(379,2,9,198)
w(535,4,9,198)
r(272,3,9,198)
r(455,5,9,198)
r(73,4,9,198)
w(485,2,9,198)
r(182,1,9,198)
w(488,5,9,198)
r(155,6,9,198)
r(140,7,9,198)
w(518,7,9,198)
r(15,3,9,198)
w(509,7,9,198)
w(484,3,9,198)
r(432,2,9,198)
w(497,5,9,198)
w(516,8,9,198)
r(482,5,9,198)
r(304,2,1,199)
r(452,2,1,199)
w(52,6,1,199)
r(129,4,1,199)
w(43,4,1,199)
w(4,5,1,199)
w(24,7,1,199)
w(58,5,1,199)
r(355,1,1,199)
w(53,11,1,199)
r(463,1,1,199)
w(36,4,1,199)
r(273,2,1,199)
w(60,7,1,199)
r(525,5,1,199)
r(340,1,1,199)
r(114,3,1,199)
r(239,5,1,199)
w(8,6,1,199)
w(53,12,1,199)
r(431,6,2,200)
r(193,3,2,200)
w(84,5,2,200)
r(301,1,2,200)
r(527,3,2,200)
w(96,3,2,200)
r(25,2,2,200)
r(336,2,2,200)
r(335,2,2,200)
r(204,4,2,200)
w(63,3,2,200)
r(358,5,2,200)
w(68,6,2,200)
w(110,5,2,200)
w(91,6,2,200)
r(459,4,2,200)
w(80,5,2,200)
r(18,4,2,200)
w(79,3,2,200)
r(167,3,2,200)
r(313,4,3,201)
r(106,2,3,201)
r(382,3,3,201)
w(132,7,3,201)
w(135,4,3,201)
w(128,6,3,201)
r(16,1,3,201)
r(176,6,3,201)
r(536,4,3,201)
r(29,1,3,201)
r(199,1,3,201)
w(135,6,3,201)
w(171,10,3,201)
r(401,6,3,201)
w(130,4,3,201)
w(163,4,3,201)
r(435,1,3,201)
r(162,2,3,201)
w(161,7,3,201)
r(93,2,3,201)
r(297,5,4,202)
r(349,5,4,202)
w(195,11,4,202)
r(431,3,4,202)
w(235,6,4,202)
r(252,5,4,202)
w(197,5,4,202)
r(481,2,4,202)
r(324,3,4,202)
w(220,7,4,202)
w(208,7,4,202)
w(198,7,4,202)
r(372,4,4,202)
r(188,6,4,202)
w(231,5,4,202)
w(213,9,4,202)
w(215,2,4,202)
r(349,5,4,202)
r(493,3,4,202)
r(325,3,4,202)
r(137,2,5,203)
r(49,2,5,203)
r(527,3,5,203)
r(164,5,5,203)
r(386,1,5,203)
r(421,6,5,203)
r(197,2,5,203)
w(294,6,5,203)
r(231,2,5,203)
r(133,3,5,203)
r(7,2,5,203)
r(370,5,5,203)
w(290,6,5,203)
w(294,7,5,203)
r(373,5,5,203)
r(20,2,5,203)
r(169,3,5,203)
r(214,1,5,203)
w(297,7,5,203)
w(256,7,5,203)
w(301,4,6,204)
r(164,7,6,204)
w(325,4,6,204)
r(514,6,6,204)
w(329,4,6,204)
r(425,2,6,204)
w(353,6,6,204)
w(360,5,6,204)
r(149,11,6,204)
w(313,4,6,204)
w(307,6,6,204)
r(161,6,6,204)
w(335,3,6,204)
r(330,4,6,204)
r(157,8,6,204)
w(350,3,6,204)
w(345,9,6,204)
r(451,1,6,204)
r(145,5,6,204)
w(330,6,6,204)
w(394,4,7,205)
r(145,2,7,205)
w(410,3,7,205)
r(398,5,7,205)
r(477,3,7,205)
w(415,6,7,205)
w(393,5,7,205)
w(405,7,7,205)
w(368,4,7,205)
w(395,7,7,205)
w(381,7,7,205)
r(446,2,7,205)
w(368,6,7,205)
w(371,13,7,205)
r(475,4,7,205)
w(366,6,7,205)
w(362,4,7,205)
w(374,9,7,205)
w(375,6,7,205)
r(470,5,7,205)
r(95,4,8,206)
w(477,6,8,206)
w(476,4,8,206)
r(293,5,8,206)
w(474,6,8,206)
r(170,3,8,206)
w(428,6,8,206)
r(343,6,8,206)
w(461,4,8,206)
w(445,8,8,206)
r(487,1,8,206)
w(424,4,8,206)
r(423,9,8,206)
w(455,4,8,206)
r(22,3,8,206)
w(440,5,8,206)
w(430,5,8,206)
w(473,6,8,206)
w(475,9,8,206)
w(465,6,8,206)
r(488,5,9,207)
r(326,6,9,207)
w(496,3,9,207)
r(193,3,9,207)
w(505,5,9,207)
r(22,5,9,207)
r(165,5,9,207)
w(491,4,9,207)
w(520,4,9,207)
w(486,6,9,207)
w(512,7,9,207)
r(391,4,9,207)
r(368,3,9,207)
w(537,7,9,207)
r(171,11,9,207)
w(488,4,9,207)
w(484,5,9,207)
r(22,5,9,207)
r(459,4,9,207)
r(118,2,9,207)
w(6,5,1,208)
r(195,11,1,208)
r(100,1,1,208)
w(41,8,1,208)
r(91,5,1,208)
w(53,13,1,208)
w(59,7,1,208)
w(8,7,1,208)
w(13,4,1,208)
r(152,1,1,208)
w(5,4,1,208)
r(384,6,1,208)
w(10,5,1,208)
w(23,5,1,208)
w(46,6,1,208)
w(3,5,1,208)
r(370,4,1,208)
r(179,3,1,208)
w(3,4,1,208)
r(364,6,1,208)
r(470,6,2,209)
r(472,2,2,209)
w(113,9,2,209)
w(105,4,2,209)
w(104,6,2,209)
w(117,5,2,209)
w(89,12,2,209)
r(72,4,2,209)
w(63,5,2,209)
r(75,3,2,209)
r(176,3,2,209)
w(82,7,2,209)
w(88,4,2,209)
r(261,4,2,209)
r(490,3,2,209)
r(363,4,2,209)
w(113,10,2,209)
r(199,2,2,209)
w(78,4,2,209)
w(88,6,2,209)
r(351,4,3,210)
w(172,3,3,210)
w(133,6,3,210)
w(137,4,3,210)
r(514,6,3,210)
w(174,8,3,210)
r(147,3,3,210)
w(137,6,3,210)
r(190,5,3,210)
r(19,3,3,210)
r(276,3,3,210)
r(425,2,3,210)
r(59,4,3,210)
w(154,4,3,210)
w(149,12,3,210)
r(319,4,3,210)
w(171,11,3,210)
w(165,5,3,210)
w(135,7,3,210)
r(314,7,3,210)
r(429,5,4,211)
r(27,4,4,211)
r(248,5,4,211)
w(190,6,4,211)
w(184,5,4,211)
w(237,6,4,211)
r(504,2,4,211)
w(225,7,4,211)
r(441,5,4,211)
r(483,2,4,211)
w(240,3,4,211)
w(204,9,4,211)
r(333,2,4,211)
r(210,2,4,211)
r(537,3,4,211)
w(210,3,4,211)
w(227,5,4,211)
w(206,3,4,211)
r(353,2,4,211)
r(267,5,4,211)
r(317,2,5,212)
r(338,5,5,212)
w(286,10,5,212)
r(220,4,5,212)
r(249,4,5,212)
w(268,4,5,212)
r(56,1,5,212)
r(96,3,5,212)
r(192,1,5,212)
w(242,5,5,212)
w(285,7,5,212)
r(372,5,5,212)
r(360,2,5,212)
w(285,8,5,212)
r(127,2,5,212)
r(534,1,5,212)
w(275,7,5,212)
w(247,4,5,212)
r(75,3,5,212)
w(243,4,5,212)
r(386,1,6,213)
w(302,7,6,213)
w(331,7,6,213)
r(446,2,6,213)
w(356,7,6,213)
w(342,7,6,213)
r(214,1,6,213)
r(60,3,6,213)
w(351,4,6,213)
w(338,8,6,213)
w(322,11,6,213)
r(480,3,6,213)
r(123,3,6,213)
r(218,2,6,213)
w(352,4,6,213)
w(339,6,6,213)
w(324,4,6,213)
w(304,4,6,213)
r(237,1,6,213)
w(304,6,6,213)
w(392,6,7,214)
w(367,4,7,214)
r(338,5,7,214)
w(390,6,7,214)
w(402,9,7,214)
r(356,5,7,214)
w(361,5,7,214)
w(388,2,7,214)
w(364,6,7,214)
r(344,3,7,214)
r(506,2,7,214)
w(381,8,7,214)
w(415,7,7,214)
r(210,2,7,214)
w(383,8,7,214)
r(131,5,7,214)
w(401,8,7,214)
r(321,3,7,214)
w(407,4,7,214)
w(382,4,7,214)
r(457,4,8,215)
w(478,4,8,215)
r(344,3,8,215)
r(366,5,8,215)
w(473,7,8,215)
w(477,7,8,215)
w(468,4,8,215)
r(450,7,8,215)
w(446,3,8,215)
r(120,4,8,215)
w(450,8,8,215)
w(442,3,8,215)
w(467,6,8,215)
w(463,2,8,215)
w(434,4,8,215)
r(159,5,8,215)
w(462,6,8,215)
r(115,6,8,215)
r(531,3,8,215)
w(470,7,8,215)
w(527,6,9,216)
w(494,7,9,216)
w(501,4,9,216)
w(530,8,9,216)
r(57,4,9,216)
w(510,8,9,216)
w(540,9,9,216)
r(19,3,9,216)
r(30,3,9,216)
r(230,7,9,216)
w(515,5,9,216)
r(256,4,9,216)
r(369,6,9,216)
w(491,6,9,216)
r(179,6,9,216)
w(510,9,9,216)
w(518,8,9,216)
r(29,3,9,216)
r(414,3,9,216)
w(507,10,9,216)
r(346,4,1,217)
r(18,7,1,217)
w(25,3,1,217)
r(450,6,1,217)
w(16,5,1,217)
r(98,6,1,217)
r(401,9,1,217)
w(12,7,1,217)
r(356,6,1,217)
r(498,5,1,217)
r(433,1,1,217)
w(13,6,1,217)
w(58,4,1,217)
w(42,7,1,217)
r(495,2,1,217)
r(140,5,1,217)
r(203,5,1,217)
w(47,5,1,217)
w(26,3,1,217)
w(43,6,1,217)
w(83,7,2,218)
r(1,5,2,218)
r(188,4,2,218)
w(67,5,2,218)
w(80,4,2,218)
r(142,2,2,218)
r(411,5,2,218)
r(476,5,2,218)
r(151,5,2,218)
w(117,4,2,218)
r(454,9,2,218)
w(105,6,2,218)
w(85,7,2,218)
r(354,2,2,218)
w(77,4,2,218)
w(72,6,2,218)
w(87,8,2,218)
w(99,5,2,218)
w(118,5,2,218)
w(117,6,2,218)
w(132,8,3,219)
r(162,2,3,219)
r(513,4,3,219)
w(177,7,3,219)
r(292,4,3,219)
w(167,5,3,219)
r(374,6,3,219)
w(172,5,3,219)
w(143,3,3,219)
r(327,7,3,219)
w(142,5,3,219)
w(155,6,3,219)
w(167,4,3,219)
w(122,7,3,219)
r(397,2,3,219)
w(140,7,3,219)
w(142,4,3,219)
r(279,4,3,219)
w(134,4,3,219)
w(129,10,3,219)
r(206,3,4,220)
r(297,5,4,220)
r(157,2,4,220)
w(235,7,4,220)
r(452,2,4,220)
r(123,3,4,220)
w(184,4,4,220)
r(361,5,4,220)
w(220,8,4,220)
w(202,8,4,220)
w(239,4,4,220)
r(472,1,4,220)
r(419,5,4,220)
r(25,2,4,220)
r(215,2,4,220)
r(113,4,4,220)
w(208,8,4,220)
w(202,9,4,220)
r(21,4,4,220)
w(226,6,4,220)
r(512,4,5,221)
r(262,7,5,221)
r(338,5,5,221)
w(258,8,5,221)
r(59,3,5,221)
w(289,7,5,221)
w(300,6,5,221)
r(538,7,5,221)
w(289,8,5,221)
w(264,5,5,221)
w(244,4,5,221)
w(245,5,5,221)
r(130,2,5,221)
w(244,6,5,221)
w(284,8,5,221)
w(277,7,5,221)
r(260,4,5,221)
r(18,4,5,221)
r(209,5,5,221)
w(249,6,5,221)
r(449,3,6,222)
w(349,4,6,222)
r(254,5,6,222)
r(256,4,6,222)
w(315,6,6,222)
w(308,4,6,222)
w(327,8,6,222)
w(331,8,6,222)
w(315,7,6,222)
w(338,9,6,222)
r(389,5,6,222)
w(350,5,6,222)
w(338,10,6,222)
w(309,2,6,222)
w(337,7,6,222)
r(336,6,6,222)
w(349,6,6,222)
r(188,4,6,222)
r(139,5,6,222)
r(54,5,6,222)
r(350,1,7,223)
w(410,5,7,223)
r(269,5,7,223)
w(377,7,7,223)
w(417,8,7,223)
w(406,3,7,223)
w(395,8,7,223)
w(400,5,7,223)
r(56,3,7,223)
w(412,7,7,223)
w(417,9,7,223)
r(339,4,7,223)
r(309,1,7,223)
r(503,2,7,223)
r(52,4,7,223)
w(383,9,7,223)
w(391,6,7,223)
r(392,6,7,223)
r(179,3,7,223)
w(376,7,7,223)
r(471,5,8,224)
w(459,6,8,224)
w(423,10,8,224)
w(479,8,8,224)
r(441,6,8,224)
w(422,4,8,224)
r(88,8,8,224)
r(204,4,8,224)
r(175,3,8,224)
r(486,2,8,224)
w(451,5,8,224)
w(465,7,8,224)
w(477,8,8,224)
w(427,4,8,224)
r(100,3,8,224)
r(420,2,8,224)
r(457,4,8,224)
r(280,4,8,224)
r(487,1,8,224)
w(480,6,8,224)
r(108,3,9,225)
w(535,6,9,225)
w(484,4,9,225)
r(140,7,9,225)
r(8,5,9,225)
r(467,4,9,225)
r(340,2,9,225)
r(325,4,9,225)
w(506,3,9,225)
w(517,4,9,225)
r(494,7,9,225)
w(532,6,9,225)
r(114,3,9,225)
r(97,3,9,225)
w(495,4,9,225)
r(410,2,9,225)
w(523,5,9,225)
r(321,8,9,225)
w(534,2,9,225)
w(523,4,9,225)
r(402,9,1,226)
w(40,5,1,226)
r(193,4,1,226)
r(199,5,1,226)
w(55,7,1,226)
r(282,2,1,226)
r(315,4,1,226)
w(13,7,1,226)
w(52,7,1,226)
w(18,8,1,226)
w(53,14,1,226)
w(52,8,1,226)
r(259,7,1,226)
r(360,3,1,226)
r(219,4,1,226)
w(45,3,1,226)
r(258,4,1,226)
r(214,5,1,226)
r(472,2,1,226)
w(39,6,1,226)
r(110,5,2,227)
r(305,5,2,227)
w(79,5,2,227)
r(229,2,2,227)
w(113,11,2,227)
w(100,2,2,227)
r(155,4,2,227)
r(111,2,2,227)
w(108,5,2,227)
w(115,7,2,227)
w(92,5,2,227)
w(105,7,2,227)
r(245,3,2,227)
w(104,7,2,227)
w(93,4,2,227)
w(112,4,2,227)
w(69,6,2,227)
w(66,2,2,227)
w(72,7,2,227)
r(31,5,2,227)
w(153,5,3,228)
r(133,6,3,228)
r(477,5,3,228)
r(348,1,3,228)
r(453,5,3,228)
w(143,5,3,228)
r(268,5,3,228)
r(530,7,3,228)
w(160,3,3,228)
r(206,2,3,228)
r(196,5,3,228)
w(135,8,3,228)
w(137,7,3,228)
w(131,9,3,228)
w(141,2,3,228)
r(166,4,3,228)
w(144,4,3,228)
w(176,7,3,228)
w(177,8,3,228)
r(183,5,3,228)
w(197,4,4,229)
r(488,2,4,229)
r(505,1,4,229)
w(197,6,4,229)
r(127,2,4,229)
r(4,5,4,229)
w(228,10,4,229)
r(8,6,4,229)
w(240,5,4,229)
w(236,4,4,229)
w(192,3,4,229)
w(202,10,4,229)
w(194,5,4,229)
w(222,5,4,229)
r(287,1,4,229)
r(437,3,4,229)
r(2,4,4,229)
w(209,8,4,229)
r(359,4,4,229)
w(227,4,4,229)
r(43,2,5,230)
w(291,6,5,230)
r(406,2,5,230)
r(142,2,5,230)
w(246,7,5,230)
r(338,5,5,230)
w(290,7,5,230)
w(262,8,5,230)
r(430,5,5,230)
w(264,4,5,230)
r(35,2,5,230)
r(212,3,5,230)
w(256,8,5,230)
r(394,5,5,230)
r(16,2,5,230)
r(493,5,5,230)
r(209,5,5,230)
r(506,2,5,230)
w(247,6,5,230)
w(261,6,5,230)
r(319,4,6,231)
w(321,6,6,231)
w(329,6,6,231)
r(485,1,6,231)
r(538,9,6,231)
w(317,3,6,231)
w(321,7,6,231)
r(270,5,6,231)
r(396,4,6,231)
w(332,8,6,231)
w(340,2,6,231)
r(320,5,6,231)
r(523,3,6,231)
w(357,6,6,231)
w(357,7,6,231)
r(185,2,6,231)
w(324,6,6,231)
w(305,6,6,231)
r(96,2,6,231)
w(304,7,6,231)
w(373,6,7,232)
w(366,7,7,232)
w(386,2,7,232)
w(409,4,7,232)
r(155,4,7,232)
r(426,3,7,232)
w(399,8,7,232)
w(370,4,7,232)
w(407,6,7,232)
r(435,7,7,232)
r(405,7,7,232)
w(372,6,7,232)
r(321,3,7,232)
r(278,1,7,232)
r(284,2,7,232)
w(404,9,7,232)
r(176,3,7,232)
w(400,4,7,232)
r(467,2,7,232)
r(129,4,7,232)
r(439,8,8,233)
r(92,5,8,233)
r(70,5,8,233)
r(423,10,8,233)
w(479,9,8,233)
r(296,4,8,233)
r(390,5,8,233)
r(152,1,8,233)
w(423,11,8,233)
w(458,6,8,233)
w(430,4,8,233)
r(433,1,8,233)
r(21,2,8,233)
w(441,7,8,233)
w(430,6,8,233)
w(480,7,8,233)
w(462,7,8,233)
w(471,4,8,233)
w(445,9,8,233)
r(470,7,8,233)
r(497,5,9,234)
r(297,5,9,234)
w(517,6,9,234)
r(265,6,9,234)
w(504,5,9,234)
w(492,4,9,234)
r(154,4,9,234)
r(168,7,9,234)
r(164,7,9,234)
r(381,4,9,234)
r(232,6,9,234)
w(493,4,9,234)
r(317,3,9,234)
r(187,4,9,234)
w(525,6,9,234)
r(171,13,9,234)
r(465,4,9,234)
r(369,6,9,234)
w(535,7,9,234)
r(264,3,9,234)
w(13,8,1,235)
w(27,6,1,235)
w(15,6,1,235)
r(249,4,1,235)
r(230,7,1,235)
r(81,4,1,235)
w(44,4,1,235)
w(11,5,1,235)
r(391,7,1,235)
w(46,7,1,235)
w(59,8,1,235)
w(24,8,1,235)
r(167,3,1,235)
w(54,8,1,235)
w(59,9,1,235)
w(46,8,1,235)
r(220,8,1,235)
w(27,7,1,235)
r(41,8,1,235)
r(59,9,1,235)
w(71,4,2,236)
w(100,3,2,236)
r(297,7,2,236)
r(217,3,2,236)
r(366,5,2,236)
w(112,6,2,236)
r(205,3,2,236)
r(20,2,2,236)
r(412,4,2,236)
w(88,7,2,236)
r(113,11,2,236)
w(105,8,2,236)
w(99,4,2,236)
w(61,4,2,236)
w(115,8,2,236)
r(124,6,2,236)
r(453,5,2,236)
w(86,4,2,236)
w(88,8,2,236)
w(114,5,2,236)
r(308,4,3,237)
w(156,5,3,237)
r(391,4,3,237)
r(383,4,3,237)
w(149,13,3,237)
r(341,6,3,237)
w(121,6,3,237)
w(137,8,3,237)
r(381,4,3,237)
r(188,4,3,237)
w(133,7,3,237)
w(134,6,3,237)
w(174,9,3,237)
w(149,14,3,237)
r(341,6,3,237)
w(139,4,3,237)
w(169,5,3,237)
w(146,2,3,237)
r(301,4,3,237)
r(165,5,3,237)
r(135,5,4,238)
w(209,9,4,238)
w(238,4,4,238)
r(501,3,4,238)
w(181,7,4,238)
r(190,6,4,238)
r(86,5,4,238)
w(235,8,4,238)
r(499,3,4,238)
r(484,2,4,238)
w(202,11,4,238)
r(503,3,4,238)
r(19,5,4,238)
r(357,5,4,238)
w(212,6,4,238)
w(228,11,4,238)
w(189,9,4,238)
r(92,3,4,238)
w(222,4,4,238)
w(226,7,4,238)
w(273,5,5,239)
r(19,3,5,239)
w(286,11,5,239)
r(287,5,5,239)
r(488,2,5,239)
w(272,5,5,239)
w(253,7,5,239)
w(244,7,5,239)
r(53,5,5,239)
r(381,5,5,239)
w(247,7,5,239)
w(258,9,5,239)
r(530,5,5,239)
r(136,5,5,239)
w(283,8,5,239)
w(291,7,5,239)
w(263,6,5,239)
w(266,4,5,239)
w(274,7,5,239)
r(413,3,5,239)
r(343,6,6,240)
w(311,4,6,240)
r(452,2,6,240)
r(483,4,6,240)
w(310,10,6,240)
r(233,1,6,240)
r(457,5,6,240)
w(335,5,6,240)
w(350,4,6,240)
r(515,3,6,240)
r(499,5,6,240)
r(209,6,6,240)
w(339,7,6,240)
w(333,5,6,240)
r(26,1,6,240)
w(307,7,6,240)
w(314,8,6,240)
r(520,5,6,240)
r(61,5,6,240)
w(330,7,6,240)
w(418,7,7,241)
r(301,1,7,241)
w(398,4,7,241)
w(390,7,7,241)
w(380,5,7,241)
r(337,5,7,241)
w(372,7,7,241)
w(411,6,7,241)
r(13,5,7,241)
w(399,9,7,241)
w(414,6,7,241)
r(47,3,7,241)
w(417,10,7,241)
w(414,7,7,241)
r(113,4,7,241)
r(434,2,7,241)
w(376,8,7,241)
w(419,5,7,241)
w(387,3,7,241)
r(73,5,7,241)
r(520,3,8,242)
r(507,4,8,242)
r(381,5,8,242)
w(450,9,8,242)
r(292,4,8,242)
r(158,6,8,242)
w(471,6,8,242)
w(444,11,8,242)
w(476,6,8,242)
r(223,3,8,242)
w(459,7,8,242)
r(251,3,8,242)
w(469,5,8,242)
w(478,6,8,242)
r(167,3,8,242)
r(19,3,8,242)
w(475,10,8,242)
w(460,6,8,242)
w(445,10,8,242)
r(182,1,8,242)
r(214,1,9,243)
r(283,4,9,243)
w(528,2,9,243)
w(485,3,9,243)
r(315,7,9,243)
w(503,4,9,243)
r(408,5,9,243)
r(505,5,9,243)
w(498,6,9,243)
w(483,6,9,243)
w(536,6,9,243)
r(114,3,9,243)
r(407,5,9,243)
w(486,7,9,243)
r(81,5,9,243)
r(404,8,9,243)
r(310,10,9,243)
r(306,9,9,243)
w(496,5,9,243)
w(525,7,9,243)
r(192,5,1,244)
w(27,8,1,244)
w(5,6,1,244)
w(14,3,1,244)
r(274,5,1,244)
r(317,2,1,244)
w(45,5,1,244)
r(61,5,1,244)
w(2,6,1,244)
w(17,5,1,244)
w(60,8,1,244)
w(47,4,1,244)
r(151,6,1,244)
w(37,5,1,244)
r(455,5,1,244)
w(60,9,1,244)
w(1,10,1,244)
w(57,11,1,244)
r(100,1,1,244)
w(9,6,1,244)
r(471,5,2,245)
w(77,6,2,245)
r(310,8,2,245)
w(76,4,2,245)
w(106,7,2,245)
r(372,5,2,245)
w(80,6,2,245)
w(69,7,2,245)
w(98,7,2,245)
w(113,12,2,245)
r(490,3,2,245)
r(248,6,2,245)
w(89,13,2,245)
r(281,5,2,245)
w(77,7,2,245)
w(84,4,2,245)
r(80,6,2,245)
w(72,8,2,245)
r(433,1,2,245)
r(497,2,2,245)
r(527,6,3,246)
r(198,4,3,246)
w(177,9,3,246)
w(159,6,3,246)
r(506,2,3,246)
r(448,1,3,246)
w(133,8,3,246)
r(407,5,3,246)
w(166,6,3,246)
w(158,13,3,246)
r(256,4,3,246)
r(319,4,3,246)
r(129,10,3,246)
w(141,3,3,246)
w(180,4,3,246)
w(149,15,3,246)
r(144,4,3,246)
w(168,7,3,246)
r(155,6,3,246)
w(143,4,3,246)
r(509,4,4,247)
r(369,8,4,247)
r(188,6,4,247)
w(226,8,4,247)
w(236,6,4,247)
r(125,5,4,247)
w(237,7,4,247)
w(225,8,4,247)
w(229,4,4,247)
r(74,5,4,247)
r(433,1,4,247)
r(351,5,4,247)
r(63,2,4,247)
w(192,5,4,247)
r(41,8,4,247)
r(240,5,4,247)
w(223,6,4,247)
w(225,9,4,247)
r(174,4,4,247)
r(24,7,4,247)
r(348,1,5,248)
r(401,6,5,248)
r(456,3,5,248)
w(287,4,5,248)
r(57,3,5,248)
w(285,9,5,248)
r(111,3,5,248)
r(111,3,5,248)
w(242,4,5,248)
r(153,2,5,248)
r(391,4,5,248)
r(323,5,5,248)
r(432,3,5,248)
w(271,6,5,248)
r(74,4,5,248)
r(415,3,5,248)
r(273,5,5,248)
w(288,5,5,248)
w(277,8,5,248)
r(46,4,5,248)
r(484,3,6,249)
r(87,6,6,249)
w(347,4,6,249)
w(336,7,6,249)
w(332,9,6,249)
r(265,6,6,249)
w(326,6,6,249)
w(311,6,6,249)
r(384,5,6,249)
r(139,5,6,249)
r(274,2,6,249)
r(511,10,6,249)
w(353,7,6,249)
w(335,4,6,249)
w(331,9,6,249)
r(178,3,6,249)
w(330,8,6,249)
r(301,4,6,249)
w(360,4,6,249)
w(324,7,6,249)
w(379,5,7,250)
r(35,4,7,250)
r(25,2,7,250)
r(61,5,7,250)
w(401,9,7,250)
r(471,3,7,250)
r(89,9,7,250)
w(391,7,7,250)
r(117,2,7,250)
r(160,1,7,250)
w(415,8,7,250)
r(68,3,7,250)
w(382,6,7,250)
r(334,3,7,250)
r(318,3,7,250)
r(400,4,7,250)
r(312,5,7,250)
r(182,2,7,250)
w(398,6,7,250)
r(355,1,7,250)
w(457,6,8,251)
r(231,2,8,251)
w(478,7,8,251)
w(430,7,8,251)
r(129,4,8,251)
r(368,3,8,251)
r(274,7,8,251)
w(438,7,8,251)
w(478,8,8,251)
w(446,5,8,251)
w(452,3,8,251)
w(441,8,8,251)
w(476,7,8,251)
w(422,6,8,251)
w(430,8,8,251)
w(476,8,8,251)
r(267,5,8,251)
w(467,7,8,251)
r(3,1,8,251)
w(429,6,8,251)
w(524,5,9,252)
w(536,7,9,252)
r(256,6,9,252)
r(263,4,9,252)
r(124,8,9,252)
w(523,6,9,252)
w(509,8,9,252)
r(314,10,9,252)
w(506,5,9,252)
w(490,5,9,252)
r(68,4,9,252)
r(114,3,9,252)
w(492,6,9,252)
w(517,7,9,252)
r(93,5,9,252)
w(488,6,9,252)
w(496,4,9,252)
w(482,4,9,252)
r(194,3,9,252)
r(407,4,9,252)
r(438,6,1,253)
r(440,3,1,253)
r(482,5,1,253)
r(286,8,1,253)
r(246,6,1,253)
r(234,4,1,253)
r(248,5,1,253)
r(270,5,1,253)
w(42,8,1,253)
r(65,6,1,253)
w(18,9,1,253)
w(18,10,1,253)
w(53,15,1,253)
w(11,4,1,253)
w(12,8,1,253)
r(133,4,1,253)
r(278,2,1,253)
r(167,3,1,253)
w(16,4,1,253)
w(29,7,1,253)
w(68,7,2,254)
r(113,12,2,254)
w(66,3,2,254)
r(35,2,2,254)
w(95,6,2,254)
r(244,6,2,254)
w(73,6,2,254)
r(359,4,2,254)
w(109,5,2,254)
r(368,3,2,254)
r(361,2,2,254)
r(93,4,2,254)
w(111,3,2,254)
w(84,6,2,254)
r(351,5,2,254)
r(26,1,2,254)
r(165,3,2,254)
w(82,8,2,254)
r(9,3,2,254)
w(93,6,2,254)
w(122,8,3,255)
r(411,5,3,255)
r(96,2,3,255)
r(298,4,3,255)
w(157,9,3,255)
w(149,16,3,255)
w(144,6,3,255)
w(151,7,3,255)
r(139,4,3,255)
w(171,12,3,255)
r(328,3,3,255)
w(162,3,3,255)
r(236,3,3,255)
w(171,13,3,255)
r(272,3,3,255)
w(143,6,3,255)
w(167,6,3,255)
w(152,3,3,255)
w(127,7,3,255)
r(298,4,3,255)
r(234,4,4,256)
r(436,4,4,256)
r(87,7,4,256)
w(228,12,4,256)
w(182,3,4,256)
w(191,5,4,256)
r(479,7,4,256)
w(236,7,4,256)
r(355,2,4,256)
w(205,5,4,256)
w(211,4,4,256)
w(187,7,4,256)
w(214,4,4,256)
w(237,8,4,256)
w(181,8,4,256)
w(182,5,4,256)
r(503,3,4,256)
w(202,12,4,256)
w(215,3,4,256)
r(439,6,4,256)
r(436,6,5,257)
w(258,10,5,257)
r(159,5,5,257)
w(261,7,5,257)
w(255,5,5,257)
w(298,6,5,257)
w(291,8,5,257)
r(356,5,5,257)
r(359,4,5,257)
r(41,6,5,257)
w(299,5,5,257)
r(216,4,5,257)
r(287,4,5,257)
w(280,6,5,257)
w(275,8,5,257)
r(129,6,5,257)
r(458,6,5,257)
r(180,3,5,257)
r(209,6,5,257)
w(282,3,5,257)
r(49,2,6,258)
w(332,10,6,258)
w(356,8,6,258)
r(433,1,6,258)
r(198,4,6,258)
r(165,5,6,258)
r(116,7,6,258)
w(353,8,6,258)
w(311,7,6,258)
w(331,10,6,258)
w(339,8,6,258)
w(321,8,6,258)
w(313,6,6,258)
w(322,12,6,258)
w(314,9,6,258)
w(353,9,6,258)
r(155,6,6,258)
w(336,8,6,258)
r(337,7,6,258)
w(318,4,6,258)
w(415,9,7,259)
r(17,3,7,259)
w(383,10,7,259)
w(377,8,7,259)
w(403,6,7,259)
r(45,2,7,259)
r(363,8,7,259)
r(161,5,7,259)
w(410,4,7,259)
r(149,6,7,259)
r(272,3,7,259)
w(383,11,7,259)
w(384,6,7,259)
r(314,3,7,259)
r(239,5,7,259)
w(400,6,7,259)
w(378,6,7,259)
w(406,5,7,259)
w(379,4,7,259)
r(144,2,7,259)
w(448,5,8,260)
w(469,4,8,260)
r(202,4,8,260)
r(48,4,8,260)
r(441,8,8,260)
r(307,5,8,260)
r(395,6,8,260)
w(458,7,8,260)
r(396,6,8,260)
r(220,6,8,260)
r(379,3,8,260)
r(369,8,8,260)
w(421,7,8,260)
r(526,3,8,260)
r(502,5,8,260)
w(457,7,8,260)
r(422,6,8,260)
w(470,8,8,260)
w(425,5,8,260)
r(468,4,8,260)
w(530,9,9,261)
w(536,8,9,261)
r(143,6,9,261)
r(282,2,9,261)
r(60,6,9,261)
w(529,6,9,261)
r(157,10,9,261)
w(528,3,9,261)
r(190,4,9,261)
r(159,6,9,261)
r(528,3,9,261)
r(86,5,9,261)
r(47,3,9,261)
w(515,4,9,261)
w(530,10,9,261)
w(519,6,9,261)
w(540,10,9,261)
w(496,6,9,261)
w(519,7,9,261)
r(209,7,9,261)
r(349,5,1,262)
r(485,1,1,262)
w(34,6,1,262)
w(38,5,1,262)
w(47,6,1,262)
w(30,8,1,262)
r(391,7,1,262)
w(56,4,1,262)
r(147,3,1,262)
r(269,6,1,262)
r(153,3,1,262)
w(44,6,1,262)
w(30,9,1,262)
w(11,6,1,262)
w(39,7,1,262)
r(9,6,1,262)
r(70,5,1,262)
r(460,4,1,262)
r(369,8,1,262)
r(147,3,1,262)
r(129,4,2,263)
r(64,9,2,263)
r(244,7,2,263)
r(478,4,2,263)
r(29,3,2,263)
w(66,5,2,263)
w(61,6,2,263)
r(50,1,2,263)
r(171,4,2,263)
r(440,5,2,263)
r(217,3,2,263)
w(91,7,2,263)
w(103,8,2,263)
w(82,9,2,263)
w(120,6,2,263)
r(233,1,2,263)
r(442,3,2,263)
w(74,4,2,263)
w(78,6,2,263)
w(77,8,2,263)
r(505,5,3,264)
r(423,7,3,264)
w(163,6,3,264)
w(124,8,3,264)
r(227,2,3,264)
w(157,10,3,264)
r(368,3,3,264)
w(178,5,3,264)
w(136,8,3,264)
w(147,5,3,264)
r(449,3,3,264)
w(179,7,3,264)
r(468,3,3,264)
r(122,8,3,264)
r(76,5,3,264)
r(331,10,3,264)
w(145,4,3,264)
r(99,3,3,264)
r(426,5,3,264)
w(165,4,3,264)
r(351,5,4,265)
w(198,8,4,265)
w(208,9,4,265)
w(194,4,4,265)
w(193,6,4,265)
r(464,3,4,265)
w(240,4,4,265)
w(228,13,4,265)
w(237,9,4,265)
r(237,9,4,265)
w(182,4,4,265)
r(72,4,4,265)
w(218,5,4,265)
r(372,7,4,265)
r(236,7,4,265)
r(209,9,4,265)
w(208,10,4,265)
r(270,5,4,265)
r(327,6,4,265)
w(233,2,4,265)
w(260,6,5,266)
w(293,4,5,266)
w(257,9,5,266)
r(224,5,5,266)
w(275,9,5,266)
w(274,8,5,266)
r(470,8,5,266)
r(223,5,5,266)
r(135,3,5,266)
w(283,9,5,266)
r(83,7,5,266)
w(247,8,5,266)
w(273,4,5,266)
r(47,1,5,266)
w(258,11,5,266)
r(311,5,5,266)
r(132,4,5,266)
w(262,9,5,266)
w(244,8,5,266)
r(240,2,5,266)
r(217,5,6,267)
w(323,6,6,267)
w(360,6,6,267)
w(333,4,6,267)
w(335,6,6,267)
r(304,7,6,267)
r(186,2,6,267)
w(306,9,6,267)
r(303,4,6,267)
w(338,11,6,267)
r(246,6,6,267)
w(339,9,6,267)
w(335,7,6,267)
r(352,4,6,267)
r(329,6,6,267)
r(388,1,6,267)
r(375,5,6,267)
w(314,10,6,267)
w(334,6,6,267)
w(357,8,6,267)
w(412,8,7,268)
w(362,6,7,268)
w(383,12,7,268)
w(408,6,7,268)
w(383,13,7,268)
w(383,14,7,268)
r(126,2,7,268)
r(234,4,7,268)
r(6,3,7,268)
r(49,4,7,268)
w(403,7,7,268)
r(125,2,7,268)
r(490,3,7,268)
r(507,4,7,268)
w(365,8,7,268)
w(389,4,7,268)
r(74,3,7,268)
r(202,9,7,268)
r(529,2,7,268)
r(421,5,7,268)
r(210,2,8,269)
r(426,4,8,269)
w(466,7,8,269)
w(435,10,8,269)
w(426,6,8,269)
w(422,7,8,269)
w(479,10,8,269)
r(359,4,8,269)
r(331,4,8,269)
r(301,2,8,269)
r(117,6,8,269)
w(472,3,8,269)
w(430,9,8,269)
w(473,8,8,269)
w(455,6,8,269)
w(449,5,8,269)
r(166,4,8,269)
r(304,3,8,269)
w(459,8,8,269)
r(304,3,8,269)
r(424,5,9,270)
r(142,4,9,270)
w(492,7,9,270)
r(529,6,9,270)
r(215,2,9,270)
w(520,6,9,270)
w(481,5,9,270)
r(123,3,9,270)
w(540,11,9,270)
w(500,9,9,270)
r(103,7,9,270)
r(447,5,9,270)
r(156,5,9,270)
w(537,8,9,270)
w(508,7,9,270)
r(522,5,9,270)
r(135,8,9,270)
w(512,8,9,270)
w(488,7,9,270)
r(108,3,9,270)
