w(1,1,0,0)
w(2,1,0,0)
w(3,1,0,0)
w(4,1,0,0)
w(5,1,0,0)
w(6,1,0,0)
w(7,1,0,0)
w(8,1,0,0)
w(9,1,0,0)
w(10,1,0,0)
w(11,1,0,0)
w(12,1,0,0)
w(13,1,0,0)
w(14,1,0,0)
w(15,1,0,0)
w(16,1,0,0)
w(17,1,0,0)
w(18,1,0,0)
w(19,1,0,0)
w(20,1,0,0)
w(21,1,0,0)
w(22,1,0,0)
w(23,1,0,0)
w(24,1,0,0)
w(25,1,0,0)
w(26,1,0,0)
w(27,1,0,0)
w(28,1,0,0)
w(29,1,0,0)
w(30,1,0,0)
w(31,1,0,0)
w(32,1,0,0)
w(33,1,0,0)
w(34,1,0,0)
w(35,1,0,0)
w(36,1,0,0)
w(37,1,0,0)
w(38,1,0,0)
w(39,1,0,0)
w(40,1,0,0)
w(41,1,0,0)
w(42,1,0,0)
w(43,1,0,0)
w(44,1,0,0)
w(45,1,0,0)
w(46,1,0,0)
w(47,1,0,0)
w(48,1,0,0)
w(49,1,0,0)
w(50,1,0,0)
w(51,1,0,0)
w(52,1,0,0)
w(53,1,0,0)
w(54,1,0,0)
w(55,1,0,0)
w(56,1,0,0)
w(57,1,0,0)
w(58,1,0,0)
w(59,1,0,0)
w(60,1,0,0)
w(61,1,0,0)
w(62,1,0,0)
w(63,1,0,0)
w(64,1,0,0)
w(65,1,0,0)
w(66,1,0,0)
w(67,1,0,0)
w(68,1,0,0)
w(69,1,0,0)
w(70,1,0,0)
w(71,1,0,0)
w(72,1,0,0)
w(73,1,0,0)
w(74,1,0,0)
w(75,1,0,0)
w(76,1,0,0)
w(77,1,0,0)
w(78,1,0,0)
w(79,1,0,0)
w(80,1,0,0)
w(81,1,0,0)
w(82,1,0,0)
w(83,1,0,0)
w(84,1,0,0)
w(85,1,0,0)
w(86,1,0,0)
w(87,1,0,0)
w(88,1,0,0)
w(89,1,0,0)
w(90,1,0,0)
w(91,1,0,0)
w(92,1,0,0)
w(93,1,0,0)
w(94,1,0,0)
w(95,1,0,0)
w(96,1,0,0)
w(97,1,0,0)
w(98,1,0,0)
w(99,1,0,0)
w(100,1,0,0)
w(101,1,0,0)
w(102,1,0,0)
w(103,1,0,0)
w(104,1,0,0)
w(105,1,0,0)
w(106,1,0,0)
w(107,1,0,0)
w(108,1,0,0)
w(109,1,0,0)
w(110,1,0,0)
w(111,1,0,0)
w(112,1,0,0)
w(113,1,0,0)
w(114,1,0,0)
w(115,1,0,0)
w(116,1,0,0)
w(117,1,0,0)
w(118,1,0,0)
w(119,1,0,0)
w(120,1,0,0)
w(121,1,0,0)
w(122,1,0,0)
w(123,1,0,0)
w(124,1,0,0)
w(125,1,0,0)
w(126,1,0,0)
w(127,1,0,0)
w(128,1,0,0)
w(129,1,0,0)
w(130,1,0,0)
w(131,1,0,0)
w(132,1,0,0)
w(133,1,0,0)
w(134,1,0,0)
w(135,1,0,0)
w(136,1,0,0)
w(137,1,0,0)
w(138,1,0,0)
w(139,1,0,0)
w(140,1,0,0)
w(141,1,0,0)
w(142,1,0,0)
w(143,1,0,0)
w(144,1,0,0)
w(145,1,0,0)
w(146,1,0,0)
w(147,1,0,0)
w(148,1,0,0)
w(149,1,0,0)
w(150,1,0,0)
w(151,1,0,0)
w(152,1,0,0)
w(153,1,0,0)
w(154,1,0,0)
w(155,1,0,0)
w(156,1,0,0)
w(157,1,0,0)
w(158,1,0,0)
w(159,1,0,0)
w(160,1,0,0)
w(161,1,0,0)
w(162,1,0,0)
w(163,1,0,0)
w(164,1,0,0)
w(165,1,0,0)
w(166,1,0,0)
w(167,1,0,0)
w(168,1,0,0)
w(169,1,0,0)
w(170,1,0,0)
w(171,1,0,0)
w(172,1,0,0)
w(173,1,0,0)
w(174,1,0,0)
w(175,1,0,0)
w(176,1,0,0)
w(177,1,0,0)
w(178,1,0,0)
w(179,1,0,0)
w(180,1,0,0)
w(5,2,1,1)
r(7,1,1,1)
w(37,2,1,1)
w(38,2,1,1)
r(65,1,1,1)
w(8,2,1,1)
r(7,1,1,1)
r(33,1,1,1)
w(14,2,1,1)
w(8,3,1,1)
w(19,2,1,1)
r(52,1,1,1)
w(10,2,1,1)
w(48,2,1,1)
r(141,1,1,1)
r(76,1,1,1)
w(53,2,1,1)
r(35,1,1,1)
r(76,1,1,1)
r(178,1,1,1)
w(117,2,2,2)
w(115,2,2,2)
r(117,2,2,2)
w(84,2,2,2)
w(76,2,2,2)
r(113,1,2,2)
r(81,1,2,2)
w(77,2,2,2)
r(61,1,2,2)
w(91,2,2,2)
r(39,1,2,2)
r(107,1,2,2)
r(142,1,2,2)
w(118,2,2,2)
r(51,1,2,2)
w(113,2,2,2)
w(74,2,2,2)
w(116,2,2,2)
r(156,1,2,2)
w(73,2,2,2)
w(159,2,3,3)
w(125,2,3,3)
w(132,2,3,3)
r(127,1,3,3)
w(173,2,3,3)
r(57,1,3,3)
w(144,2,3,3)
w(147,2,3,3)
w(147,3,3,3)
r(139,1,3,3)
w(140,2,3,3)
w(145,2,3,3)
w(128,2,3,3)
r(57,1,3,3)
w(162,2,3,3)
r(137,1,3,3)
w(153,2,3,3)
r(99,1,3,3)
w(131,2,3,3)
w(162,3,3,3)
r(173,2,1,4)
w(13,2,1,4)
r(110,1,1,4)
r(161,1,1,4)
r(136,1,1,4)
r(88,1,1,4)
r(173,2,1,4)
w(35,2,1,4)
w(35,3,1,4)
w(48,3,1,4)
r(3,1,1,4)
w(22,2,1,4)
w(30,2,1,4)
w(54,2,1,4)
r(144,2,1,4)
r(32,1,1,4)
w(9,2,1,4)
r(14,2,1,4)
w(25,2,1,4)
w(56,2,1,4)
w(92,2,2,5)
r(44,1,2,5)
r(84,2,2,5)
w(81,2,2,5)
w(102,2,2,5)
r(56,2,2,5)
r(28,1,2,5)
r(59,1,2,5)
r(31,1,2,5)
r(81,2,2,5)
w(71,2,2,5)
w(109,2,2,5)
w(78,2,2,5)
r(150,1,2,5)
w(75,2,2,5)
w(72,2,2,5)
r(58,1,2,5)
w(107,2,2,5)
r(90,1,2,5)
r(72,2,2,5)
r(47,1,3,6)
r(10,2,3,6)
r(64,1,3,6)
w(137,2,3,6)
r(32,1,3,6)
w(176,2,3,6)
r(45,1,3,6)
w(122,2,3,6)
w(157,2,3,6)
w(126,2,3,6)
w(158,2,3,6)
w(169,2,3,6)
r(56,2,3,6)
r(98,1,3,6)
r(52,1,3,6)
w(177,2,3,6)
w(149,2,3,6)
w(177,3,3,6)
r(157,2,3,6)
w(161,2,3,6)
r(168,1,1,7)
w(50,2,1,7)
w(36,2,1,7)
w(7,2,1,7)
w(22,3,1,7)
w(11,2,1,7)
w(41,2,1,7)
r(168,1,1,7)
r(39,1,1,7)
r(80,1,1,7)
r(7,2,1,7)
r(132,2,1,7)
r(90,1,1,7)
w(20,2,1,7)
r(142,1,1,7)
r(96,1,1,7)
w(10,3,1,7)
w(39,2,1,7)
r(89,1,1,7)
r(67,1,1,7)
w(61,2,2,8)
r(110,1,2,8)
w(105,2,2,8)
w(105,3,2,8)
w(89,2,2,8)
w(63,2,2,8)
w(84,3,2,8)
r(164,1,2,8)
r(163,1,2,8)
w(107,3,2,8)
r(38,2,2,8)
w(112,2,2,8)
w(67,2,2,8)
w(94,2,2,8)
w(93,2,2,8)
r(131,2,2,8)
w(95,2,2,8)
r(35,3,2,8)
w(98,2,2,8)
r(82,1,2,8)
w(135,2,3,9)
r(26,1,3,9)
r(118,2,3,9)
w(144,3,3,9)
w(151,2,3,9)
r(69,1,3,9)
w(152,2,3,9)
r(62,1,3,9)
r(142,1,3,9)
w(150,2,3,9)
w(151,3,3,9)
w(150,3,3,9)
r(106,1,3,9)
w(133,2,3,9)
w(146,2,3,9)
w(170,2,3,9)
w(175,2,3,9)
r(82,1,3,9)
r(142,1,3,9)
r(177,3,3,9)
r(91,2,1,10)
r(107,3,1,10)
r(18,1,1,10)
r(154,1,1,10)
w(47,2,1,10)
r(48,3,1,10)
r(20,2,1,10)
w(9,3,1,10)
r(146,2,1,10)
w(10,4,1,10)
w(58,2,1,10)
w(24,2,1,10)
r(79,1,1,10)
w(56,3,1,10)
r(127,1,1,10)
r(15,1,1,10)
r(71,2,1,10)
w(31,2,1,10)
r(49,1,1,10)
r(16,1,1,10)
w(91,3,2,11)
w(67,3,2,11)
w(71,3,2,11)
r(30,2,2,11)
r(180,1,2,11)
r(84,3,2,11)
r(168,1,2,11)
r(8,3,2,11)
w(101,2,2,11)
r(120,1,2,11)
w(111,2,2,11)
r(49,1,2,11)
r(86,1,2,11)
r(45,1,2,11)
w(92,3,2,11)
r(95,2,2,11)
w(88,2,2,11)
w(72,3,2,11)
w(117,3,2,11)
w(106,2,2,11)
r(118,2,3,12)
w(179,2,3,12)
w(166,2,3,12)
w(143,2,3,12)
r(67,2,3,12)
w(149,3,3,12)
r(73,2,3,12)
w(125,3,3,12)
w(121,2,3,12)
w(151,4,3,12)
r(21,1,3,12)
w(154,2,3,12)
w(148,2,3,12)
w(175,3,3,12)
r(120,1,3,12)
w(150,4,3,12)
r(114,1,3,12)
r(111,1,3,12)
w(173,3,3,12)
w(144,4,3,12)
r(47,2,1,13)
r(104,1,1,13)
r(9,3,1,13)
r(146,2,1,13)
r(61,2,1,13)
w(44,2,1,13)
r(142,1,1,13)
w(36,3,1,13)
r(110,1,1,13)
r(32,1,1,13)
w(37,3,1,13)
w(11,3,1,13)
w(11,4,1,13)
r(75,2,1,13)
w(1,2,1,13)
w(9,4,1,13)
r(123,1,1,13)
r(57,1,1,13)
w(20,3,1,13)
r(59,1,1,13)
w(63,3,2,14)
w(114,2,2,14)
r(127,1,2,14)
r(135,2,2,14)
w(111,3,2,14)
w(86,2,2,14)
w(118,3,2,14)
r(110,1,2,14)
r(123,1,2,14)
r(117,3,2,14)
r(37,3,2,14)
r(91,3,2,14)
r(1,2,2,14)
r(41,2,2,14)
w(61,3,2,14)
w(108,2,2,14)
r(122,2,2,14)
r(152,2,2,14)
w(120,2,2,14)
w(103,2,2,14)
w(123,2,3,15)
r(158,2,3,15)
w(166,3,3,15)
w(151,5,3,15)
w(135,3,3,15)
w(150,5,3,15)
w(170,3,3,15)
r(19,2,3,15)
w(132,3,3,15)
w(131,3,3,15)
w(126,3,3,15)
r(65,1,3,15)
r(106,2,3,15)
w(165,2,3,15)
r(118,3,3,15)
w(166,4,3,15)
w(123,3,3,15)
w(166,5,3,15)
w(126,4,3,15)
r(108,2,3,15)
r(157,2,1,16)
w(20,4,1,16)
r(57,1,1,16)
w(12,2,1,16)
r(151,4,1,16)
w(22,4,1,16)
r(19,2,1,16)
r(115,2,1,16)
r(36,3,1,16)
w(6,2,1,16)
w(33,2,1,16)
r(150,4,1,16)
w(51,2,1,16)
r(74,2,1,16)
w(39,3,1,16)
r(46,1,1,16)
w(26,2,1,16)
w(30,3,1,16)
r(54,2,1,16)
r(125,3,1,16)
w(63,4,2,17)
w(64,2,2,17)
r(27,2,2,17)
r(125,3,2,17)
r(5,2,2,17)
r(26,3,2,17)
w(84,4,2,17)
w(74,3,2,17)
r(110,1,2,17)
w(96,2,2,17)
r(49,3,2,17)
r(128,2,2,17)
r(117,3,2,17)
r(131,3,2,17)
w(95,3,2,17)
r(89,2,2,17)
w(109,3,2,17)
r(121,2,2,17)
w(94,3,2,17)
w(114,3,2,17)
r(47,2,3,18)
r(146,2,3,18)
r(63,4,3,18)
r(152,2,3,18)
r(85,1,3,18)
w(135,4,3,18)
w(164,2,3,18)
r(5,2,3,18)
r(102,2,3,18)
r(40,1,3,18)
w(158,3,3,18)
r(90,1,3,18)
w(177,4,3,18)
r(116,2,3,18)
w(136,2,3,18)
r(88,2,3,18)
r(145,2,3,18)
w(147,4,3,18)
r(140,2,3,18)
w(143,3,3,18)
w(16,2,1,19)
r(35,3,1,19)
w(8,4,1,19)
r(175,3,1,19)
r(61,3,1,19)
w(46,2,1,19)
w(49,2,1,19)
r(76,2,1,19)
r(59,1,1,19)
w(49,3,1,19)
r(6,2,1,19)
w(11,5,1,19)
w(26,3,1,19)
r(82,1,1,19)
r(40,1,1,19)
w(4,2,1,19)
w(27,2,1,19)
w(20,5,1,19)
w(19,3,1,19)
r(127,1,1,19)
w(119,2,2,20)
r(112,2,2,20)
w(95,4,2,20)
w(64,3,2,20)
r(163,1,2,20)
r(172,1,2,20)
r(2,1,2,20)
r(142,1,2,20)
w(109,4,2,20)
r(174,1,2,20)
w(95,5,2,20)
r(84,4,2,20)
w(117,4,2,20)
w(62,2,2,20)
w(102,3,2,20)
r(7,2,2,20)
r(103,2,2,20)
r(44,2,2,20)
r(14,2,2,20)
w(86,3,2,20)
r(2,1,3,21)
w(140,3,3,21)
w(178,2,3,21)
w(141,2,3,21)
r(177,4,3,21)
r(109,4,3,21)
r(3,1,3,21)
r(128,2,3,21)
r(116,2,3,21)
r(17,1,3,21)
w(171,2,3,21)
w(165,3,3,21)
w(144,5,3,21)
w(150,6,3,21)
r(142,1,3,21)
w(153,3,3,21)
w(178,3,3,21)
w(133,3,3,21)
w(180,2,3,21)
r(73,2,3,21)
w(60,2,1,22)
r(121,2,1,22)
r(159,2,1,22)
r(24,2,1,22)
r(20,5,1,22)
r(35,3,1,22)
r(127,1,1,22)
w(38,3,1,22)
r(8,4,1,22)
w(49,4,1,22)
w(4,3,1,22)
r(41,2,1,22)
r(56,3,1,22)
r(101,2,1,22)
r(53,2,1,22)
w(36,4,1,22)
r(116,2,1,22)
r(84,4,1,22)
w(28,2,1,22)
r(66,1,1,22)
w(96,3,2,23)
r(108,2,2,23)
r(62,2,2,23)
r(126,4,2,23)
r(153,2,2,23)
r(158,3,2,23)
r(150,5,2,23)
w(80,2,2,23)
w(87,2,2,23)
w(111,4,2,23)
r(165,2,2,23)
w(96,4,2,23)
w(68,2,2,23)
w(120,3,2,23)
w(83,2,2,23)
w(98,3,2,23)
w(89,3,2,23)
r(154,2,2,23)
w(69,2,2,23)
w(84,5,2,23)
w(138,2,3,24)
w(138,3,3,24)
r(4,3,3,24)
w(162,4,3,24)
w(174,2,3,24)
r(155,1,3,24)
r(128,2,3,24)
r(38,4,3,24)
w(142,2,3,24)
r(94,3,3,24)
r(17,1,3,24)
r(94,3,3,24)
r(129,1,3,24)
r(133,3,3,24)
w(151,6,3,24)
w(147,5,3,24)
r(71,3,3,24)
w(172,2,3,24)
w(125,4,3,24)
w(156,2,3,24)
w(23,2,1,25)
w(54,3,1,25)
w(38,4,1,25)
w(18,2,1,25)
w(11,6,1,25)
r(28,2,1,25)
r(155,1,1,25)
r(79,1,1,25)
w(43,2,1,25)
r(169,2,1,25)
w(44,3,1,25)
w(36,5,1,25)
w(2,2,1,25)
w(43,3,1,25)
r(88,2,1,25)
r(98,3,1,25)
r(66,1,1,25)
r(69,2,1,25)
w(47,3,1,25)
w(51,3,1,25)
r(71,3,2,26)
w(73,3,2,26)
w(61,4,2,26)
r(15,1,2,26)
w(104,2,2,26)
r(171,2,2,26)
r(146,2,2,26)
r(144,5,2,26)
w(108,3,2,26)
r(87,2,2,26)
r(117,4,2,26)
w(98,4,2,26)
r(77,2,2,26)
w(77,3,2,26)
w(63,5,2,26)
r(89,3,2,26)
w(107,4,2,26)
r(46,2,2,26)
w(116,3,2,26)
w(80,3,2,26)
w(159,3,3,27)
r(137,2,3,27)
r(100,1,3,27)
w(124,2,3,27)
r(89,3,3,27)
r(93,2,3,27)
r(108,6,3,27)
r(93,2,3,27)
w(145,3,3,27)
w(143,4,3,27)
w(179,3,3,27)
r(15,1,3,27)
w(171,3,3,27)
w(165,4,3,27)
w(145,4,3,27)
w(143,5,3,27)
w(139,2,3,27)
r(171,3,3,27)
r(120,3,3,27)
r(156,2,3,27)
r(60,2,1,28)
r(170,3,1,28)
w(44,4,1,28)
w(18,3,1,28)
w(56,4,1,28)
r(160,1,1,28)
w(55,2,1,28)
r(39,3,1,28)
r(23,2,1,28)
w(2,3,1,28)
w(39,4,1,28)
w(18,4,1,28)
r(17,1,1,28)
r(28,2,1,28)
w(28,3,1,28)
w(59,2,1,28)
r(26,3,1,28)
r(76,2,1,28)
r(7,2,1,28)
r(21,1,1,28)
r(34,1,2,29)
w(108,4,2,29)
r(122,2,2,29)
r(60,2,2,29)
r(45,1,2,29)
r(93,2,2,29)
r(110,1,2,29)
r(20,5,2,29)
w(99,2,2,29)
w(81,3,2,29)
w(82,2,2,29)
r(32,1,2,29)
w(67,4,2,29)
w(68,3,2,29)
w(108,5,2,29)
w(108,6,2,29)
r(98,4,2,29)
w(119,3,2,29)
r(26,3,2,29)
r(114,3,2,29)
r(156,2,3,30)
w(134,2,3,30)
r(67,4,3,30)
r(3,1,3,30)
r(53,2,3,30)
r(50,2,3,30)
w(121,3,3,30)
w(154,3,3,30)
w(158,4,3,30)
w(136,3,3,30)
w(146,3,3,30)
w(138,4,3,30)
r(102,4,3,30)
r(90,2,3,30)
r(48,3,3,30)
w(179,4,3,30)
r(81,3,3,30)
w(162,5,3,30)
w(158,5,3,30)
w(152,3,3,30)
r(99,2,1,31)
w(58,3,1,31)
r(93,2,1,31)
w(14,3,1,31)
r(100,1,1,31)
w(27,3,1,31)
w(35,4,1,31)
r(9,4,1,31)
r(50,2,1,31)
r(28,3,1,31)
r(4,3,1,31)
r(60,2,1,31)
w(54,4,1,31)
w(32,2,1,31)
w(11,7,1,31)
r(126,4,1,31)
w(47,4,1,31)
w(42,2,1,31)
w(52,2,1,31)
w(29,2,1,31)
r(144,5,2,32)
w(69,3,2,32)
w(105,4,2,32)
r(7,2,2,32)
r(150,6,2,32)
w(79,2,2,32)
r(34,1,2,32)
w(74,4,2,32)
r(166,5,2,32)
w(118,4,2,32)
w(97,2,2,32)
r(22,4,2,32)
r(31,2,2,32)
w(91,4,2,32)
r(16,2,2,32)
w(102,4,2,32)
r(34,1,2,32)
w(98,5,2,32)
w(104,3,2,32)
r(103,2,2,32)
w(171,4,3,33)
w(169,3,3,33)
r(122,2,3,33)
r(118,4,3,33)
r(110,2,3,33)
r(30,3,3,33)
w(151,7,3,33)
w(157,3,3,33)
w(168,2,3,33)
r(18,4,3,33)
w(177,5,3,33)
r(83,2,3,33)
w(122,3,3,33)
r(53,2,3,33)
r(99,3,3,33)
w(159,4,3,33)
r(169,3,3,33)
w(136,4,3,33)
w(143,6,3,33)
w(134,3,3,33)
w(51,4,1,34)
r(26,3,1,34)
r(80,3,1,34)
w(11,8,1,34)
r(105,4,1,34)
w(6,3,1,34)
w(11,9,1,34)
w(25,3,1,34)
w(17,2,1,34)
w(28,4,1,34)
r(101,2,1,34)
w(36,6,1,34)
w(13,3,1,34)
r(122,2,1,34)
r(13,3,1,34)
r(71,3,1,34)
w(4,4,1,34)
w(17,3,1,34)
w(2,4,1,34)
w(26,4,1,34)
w(90,2,2,35)
r(15,1,2,35)
r(149,3,2,35)
w(86,4,2,35)
w(95,6,2,35)
r(124,2,2,35)
w(94,4,2,35)
w(63,6,2,35)
r(26,3,2,35)
r(75,2,2,35)
w(94,5,2,35)
w(110,2,2,35)
r(165,4,2,35)
w(86,5,2,35)
r(9,4,2,35)
w(104,4,2,35)
w(115,3,2,35)
w(119,4,2,35)
w(91,5,2,35)
r(177,4,2,35)
r(106,3,3,36)
w(158,6,3,36)
r(81,3,3,36)
w(122,4,3,36)
r(54,4,3,36)
r(106,3,3,36)
r(101,2,3,36)
r(76,4,3,36)
w(169,4,3,36)
w(155,2,3,36)
w(147,6,3,36)
w(123,4,3,36)
r(106,3,3,36)
w(152,4,3,36)
r(54,4,3,36)
r(35,4,3,36)
w(135,5,3,36)
r(13,3,3,36)
r(99,3,3,36)
w(174,3,3,36)
r(3,1,1,37)
r(16,2,1,37)
r(12,2,1,37)
r(104,4,1,37)
r(34,1,1,37)
w(31,3,1,37)
r(168,1,1,37)
r(95,6,1,37)
r(173,3,1,37)
r(145,4,1,37)
w(19,4,1,37)
r(61,4,1,37)
r(86,5,1,37)
r(162,5,1,37)
r(100,1,1,37)
r(10,4,1,37)
r(83,2,1,37)
r(117,4,1,37)
r(65,1,1,37)
r(34,1,1,37)
w(90,3,2,38)
w(76,3,2,38)
w(76,4,2,38)
w(102,5,2,38)
w(117,5,2,38)
w(99,3,2,38)
w(105,5,2,38)
w(114,4,2,38)
r(172,2,2,38)
w(106,3,2,38)
r(121,3,2,38)
w(92,4,2,38)
w(114,5,2,38)
r(25,3,2,38)
r(81,3,2,38)
r(8,4,2,38)
w(91,6,2,38)
w(87,3,2,38)
r(167,1,2,38)
w(69,4,2,38)
w(127,2,3,39)
w(121,4,3,39)
w(132,4,3,39)
w(134,4,3,39)
r(89,3,3,39)
r(69,4,3,39)
w(172,3,3,39)
r(31,3,3,39)
w(122,5,3,39)
r(175,3,3,39)
w(157,4,3,39)
r(139,2,3,39)
w(154,4,3,39)
w(132,5,3,39)
w(158,7,3,39)
w(136,5,3,39)
w(127,3,3,39)
r(175,3,3,39)
r(84,5,3,39)
w(151,8,3,39)
w(45,2,1,40)
r(27,3,1,40)
r(117,4,1,40)
w(20,6,1,40)
w(40,2,1,40)
w(46,3,1,40)
r(100,1,1,40)
r(158,5,1,40)
r(118,4,1,40)
r(99,2,1,40)
r(25,3,1,40)
w(42,3,1,40)
r(155,1,1,40)
w(43,4,1,40)
w(60,3,1,40)
w(50,3,1,40)
r(49,4,1,40)
r(144,5,1,40)
w(3,2,1,40)
w(23,3,1,40)
w(103,3,2,41)
w(82,3,2,41)
w(119,5,2,41)
r(158,6,2,41)
r(133,3,2,41)
r(136,4,2,41)
w(116,4,2,41)
w(71,4,2,41)
w(108,7,2,41)
w(113,3,2,41)
r(142,2,2,41)
w(67,5,2,41)
r(163,1,2,41)
w(88,3,2,41)
r(70,1,2,41)
w(92,5,2,41)
w(98,6,2,41)
r(65,1,2,41)
w(72,4,2,41)
r(156,2,2,41)
r(20,7,3,42)
w(140,4,3,42)
r(46,4,3,42)
r(44,5,3,42)
r(161,2,3,42)
r(178,3,3,42)
w(162,6,3,42)
w(152,5,3,42)
r(62,2,3,42)
w(153,4,3,42)
r(12,2,3,42)
r(74,4,3,42)
r(167,1,3,42)
r(2,4,3,42)
w(135,6,3,42)
r(66,1,3,42)
r(62,2,3,42)
r(174,3,3,42)
r(18,5,3,42)
w(143,7,3,42)
w(43,5,1,43)
r(123,4,1,43)
w(47,5,1,43)
w(22,5,1,43)
r(51,4,1,43)
r(169,4,1,43)
w(3,3,1,43)
r(107,4,1,43)
w(47,6,1,43)
w(51,5,1,43)
w(44,5,1,43)
w(58,4,1,43)
w(59,3,1,43)
w(23,4,1,43)
w(32,3,1,43)
w(45,3,1,43)
w(11,10,1,43)
r(171,4,1,43)
r(175,3,1,43)
r(59,3,1,43)
w(95,7,2,44)
w(90,4,2,44)
w(113,4,2,44)
w(64,4,2,44)
w(102,6,2,44)
w(72,5,2,44)
r(125,4,2,44)
r(59,3,2,44)
r(47,6,2,44)
w(77,4,2,44)
r(167,1,2,44)
w(78,3,2,44)
w(76,5,2,44)
r(158,7,2,44)
w(100,2,2,44)
r(94,5,2,44)
r(79,2,2,44)
r(98,6,2,44)
r(145,4,2,44)
w(84,6,2,44)
w(159,5,3,45)
r(65,1,3,45)
r(135,6,3,45)
w(162,7,3,45)
w(165,5,3,45)
r(64,4,3,45)
w(161,3,3,45)
r(45,3,3,45)
w(139,3,3,45)
w(141,3,3,45)
w(171,5,3,45)
w(170,4,3,45)
r(162,7,3,45)
r(35,4,3,45)
w(163,2,3,45)
w(160,2,3,45)
w(178,4,3,45)
w(139,4,3,45)
r(83,2,3,45)
w(169,5,3,45)
w(3,4,1,46)
w(26,5,1,46)
r(155,2,1,46)
r(141,2,1,46)
w(53,3,1,46)
r(180,2,1,46)
r(53,3,1,46)
w(46,4,1,46)
w(20,7,1,46)
w(22,6,1,46)
r(1,2,1,46)
r(83,2,1,46)
r(156,2,1,46)
r(58,4,1,46)
w(17,4,1,46)
w(23,5,1,46)
r(180,2,1,46)
w(49,5,1,46)
r(171,4,1,46)
r(129,1,1,46)
r(20,7,2,47)
r(36,6,2,47)
r(113,4,2,47)
r(151,8,2,47)
w(107,5,2,47)
r(176,2,2,47)
r(26,5,2,47)
w(117,6,2,47)
w(74,5,2,47)
r(151,8,2,47)
r(44,5,2,47)
w(82,4,2,47)
r(54,4,2,47)
r(11,10,2,47)
r(87,3,2,47)
w(95,8,2,47)
r(43,5,2,47)
r(169,4,2,47)
w(112,3,2,47)
w(91,7,2,47)
r(64,4,3,48)
w(175,4,3,48)
r(42,3,3,48)
r(38,5,3,48)
w(128,3,3,48)
r(22,7,3,48)
r(74,5,3,48)
r(180,2,3,48)
w(152,6,3,48)
r(4,4,3,48)
w(122,6,3,48)
r(73,5,3,48)
w(151,9,3,48)
r(51,6,3,48)
w(163,3,3,48)
r(5,2,3,48)
r(149,3,3,48)
r(83,2,3,48)
r(137,2,3,48)
r(99,3,3,48)
w(6,4,1,49)
w(22,7,1,49)
r(82,3,1,49)
r(162,5,1,49)
r(96,4,1,49)
r(80,3,1,49)
w(51,6,1,49)
w(38,5,1,49)
r(130,1,1,49)
r(128,2,1,49)
w(29,3,1,49)
r(92,5,1,49)
r(61,4,1,49)
w(8,5,1,49)
w(23,6,1,49)
w(41,3,1,49)
r(68,3,1,49)
r(3,4,1,49)
w(18,5,1,49)
w(56,5,1,49)
w(111,5,2,50)
r(164,2,2,50)
w(69,5,2,50)
r(10,4,2,50)
r(76,5,2,50)
r(113,4,2,50)
r(99,3,2,50)
r(2,4,2,50)
r(38,5,2,50)
w(80,4,2,50)
w(95,9,2,50)
r(112,3,2,50)
w(69,6,2,50)
w(66,2,2,50)
w(107,6,2,50)
r(152,5,2,50)
w(109,5,2,50)
w(100,3,2,50)
w(85,2,2,50)
w(73,4,2,50)
w(169,6,3,51)
r(172,3,3,51)
r(146,3,3,51)
r(140,4,3,51)
r(143,7,3,51)
w(170,5,3,51)
r(101,3,3,51)
r(13,3,3,51)
w(127,4,3,51)
r(20,7,3,51)
r(106,3,3,51)
r(44,6,3,51)
w(179,5,3,51)
r(30,3,3,51)
w(146,4,3,51)
r(160,2,3,51)
r(153,4,3,51)
w(126,5,3,51)
w(162,8,3,51)
w(166,6,3,51)
w(32,4,1,52)
w(47,7,1,52)
w(46,5,1,52)
r(134,4,1,52)
w(58,5,1,52)
r(120,3,1,52)
r(43,5,1,52)
r(106,3,1,52)
r(127,3,1,52)
r(144,5,1,52)
w(44,6,1,52)
r(27,3,1,52)
r(118,4,1,52)
r(116,4,1,52)
r(170,4,1,52)
r(36,6,1,52)
w(59,4,1,52)
w(59,5,1,52)
w(36,7,1,52)
w(23,7,1,52)
r(17,4,2,53)
r(79,2,2,53)
w(78,4,2,53)
w(93,3,2,53)
w(104,5,2,53)
w(108,8,2,53)
r(45,3,2,53)
r(141,3,2,53)
w(65,2,2,53)
r(56,5,2,53)
w(73,5,2,53)
w(86,6,2,53)
r(66,2,2,53)
r(10,4,2,53)
r(53,3,2,53)
w(72,6,2,53)
w(76,6,2,53)
r(28,4,2,53)
w(111,6,2,53)
w(75,3,2,53)
r(109,5,3,54)
w(172,4,3,54)
w(140,5,3,54)
w(136,6,3,54)
r(22,7,3,54)
w(147,7,3,54)
r(115,4,3,54)
r(24,2,3,54)
r(142,2,3,54)
r(140,5,3,54)
r(13,3,3,54)
r(136,6,3,54)
r(83,2,3,54)
r(138,4,3,54)
w(175,5,3,54)
r(83,2,3,54)
w(145,5,3,54)
w(143,8,3,54)
r(133,3,3,54)
w(132,6,3,54)
r(57,1,1,55)
r(46,5,1,55)
w(10,5,1,55)
r(155,2,1,55)
r(174,3,1,55)
r(166,5,1,55)
r(149,3,1,55)
r(19,4,1,55)
w(29,4,1,55)
w(41,4,1,55)
w(16,3,1,55)
r(23,7,1,55)
r(107,6,1,55)
r(138,4,1,55)
r(69,6,1,55)
w(39,5,1,55)
r(154,4,1,55)
w(34,2,1,55)
r(96,4,1,55)
r(10,5,1,55)
w(116,5,2,56)
w(70,2,2,56)
w(101,3,2,56)
r(97,2,2,56)
r(57,1,2,56)
w(111,7,2,56)
r(97,2,2,56)
r(5,2,2,56)
r(148,2,2,56)
r(4,4,2,56)
r(36,7,2,56)
r(100,3,2,56)
w(93,4,2,56)
r(132,5,2,56)
w(80,5,2,56)
w(77,5,2,56)
r(71,4,2,56)
r(111,7,2,56)
r(159,5,2,56)
w(87,4,2,56)
r(150,6,3,57)
w(140,6,3,57)
w(150,7,3,57)
w(122,7,3,57)
r(62,2,3,57)
r(125,4,3,57)
w(163,4,3,57)
r(123,4,3,57)
r(179,5,3,57)
w(162,9,3,57)
w(143,9,3,57)
r(79,2,3,57)
w(166,7,3,57)
w(176,3,3,57)
w(157,5,3,57)
r(135,6,3,57)
w(162,10,3,57)
r(158,7,3,57)
r(130,1,3,57)
r(8,6,3,57)
r(83,2,1,58)
r(132,5,1,58)
r(122,6,1,58)
r(16,3,1,58)
w(32,5,1,58)
r(101,3,1,58)
r(44,6,1,58)
r(8,5,1,58)
r(52,2,1,58)
r(74,5,1,58)
w(8,6,1,58)
w(17,5,1,58)
w(53,4,1,58)
w(25,4,1,58)
r(166,6,1,58)
w(34,3,1,58)
w(5,3,1,58)
w(23,8,1,58)
r(179,5,1,58)
r(171,5,1,58)
r(51,6,2,59)
r(148,2,2,59)
r(17,4,2,59)
w(95,10,2,59)
r(132,5,2,59)
r(127,4,2,59)
r(24,2,2,59)
w(73,6,2,59)
w(78,5,2,59)
w(80,6,2,59)
r(53,3,2,59)
w(90,5,2,59)
r(177,5,2,59)
r(61,4,2,59)
r(4,4,2,59)
r(135,6,2,59)
r(27,3,2,59)
w(118,5,2,59)
w(115,4,2,59)
r(49,5,2,59)
r(151,9,3,60)
w(170,6,3,60)
r(74,6,3,60)
w(130,2,3,60)
w(158,8,3,60)
r(35,5,3,60)
r(1,2,3,60)
r(165,5,3,60)
r(159,5,3,60)
r(120,3,3,60)
r(20,7,3,60)
w(162,11,3,60)
r(52,2,3,60)
r(49,5,3,60)
w(176,4,3,60)
r(159,5,3,60)
w(160,3,3,60)
w(128,4,3,60)
w(127,5,3,60)
r(36,7,3,60)
w(32,6,1,61)
r(112,3,1,61)
w(43,6,1,61)
w(12,3,1,61)
w(12,4,1,61)
w(16,4,1,61)
w(35,5,1,61)
r(51,6,1,61)
r(48,3,1,61)
r(78,5,1,61)
w(6,5,1,61)
w(26,6,1,61)
w(34,4,1,61)
w(53,5,1,61)
r(63,6,1,61)
w(51,7,1,61)
r(34,4,1,61)
w(12,5,1,61)
r(36,7,1,61)
r(157,4,1,61)
r(132,6,2,62)
w(76,7,2,62)
w(82,5,2,62)
w(101,4,2,62)
r(61,4,2,62)
w(97,3,2,62)
r(11,10,2,62)
w(119,6,2,62)
r(75,3,2,62)
r(66,2,2,62)
r(95,10,2,62)
r(159,5,2,62)
w(95,11,2,62)
r(115,4,2,62)
r(76,7,2,62)
w(74,6,2,62)
w(67,6,2,62)
w(63,7,2,62)
r(18,5,2,62)
r(105,5,2,62)
w(162,12,3,63)
r(151,9,3,63)
r(91,7,3,63)
r(14,4,3,63)
w(153,5,3,63)
w(144,6,3,63)
r(87,5,3,63)
r(105,5,3,63)
w(164,3,3,63)
r(9,4,3,63)
w(180,3,3,63)
w(171,6,3,63)
w(125,5,3,63)
w(153,6,3,63)
w(126,6,3,63)
r(64,4,3,63)
w(148,3,3,63)
w(129,2,3,63)
r(131,3,3,63)
r(42,3,3,63)
w(49,6,1,64)
w(25,5,1,64)
w(56,6,1,64)
r(147,7,1,64)
w(10,6,1,64)
w(49,7,1,64)
w(37,4,1,64)
r(163,4,1,64)
r(33,2,1,64)
r(130,2,1,64)
r(1,2,1,64)
w(14,4,1,64)
w(32,7,1,64)
r(15,1,1,64)
w(13,4,1,64)
w(57,2,1,64)
r(82,6,1,64)
r(25,5,1,64)
w(8,7,1,64)
w(41,5,1,64)
r(78,5,2,65)
r(54,4,2,65)
r(117,6,2,65)
w(80,7,2,65)
w(109,6,2,65)
w(82,6,2,65)
r(148,2,2,65)
r(124,2,2,65)
r(22,7,2,65)
r(15,1,2,65)
w(87,5,2,65)
w(119,7,2,65)
r(84,6,2,65)
r(113,4,2,65)
r(61,4,2,65)
w(101,5,2,65)
w(92,6,2,65)
r(4,4,2,65)
r(130,1,2,65)
r(102,6,2,65)
w(174,4,3,66)
r(163,4,3,66)
r(145,5,3,66)
w(150,8,3,66)
r(150,8,3,66)
r(72,6,3,66)
w(159,6,3,66)
w(170,7,3,66)
r(124,2,3,66)
r(38,6,3,66)
r(76,7,3,66)
r(74,6,3,66)
w(165,6,3,66)
r(70,2,3,66)
r(11,10,3,66)
r(71,4,3,66)
w(146,5,3,66)
w(147,8,3,66)
w(137,3,3,66)
r(73,6,3,66)
w(58,6,1,67)
w(31,4,1,67)
w(15,2,1,67)
w(34,5,1,67)
r(98,6,1,67)
w(18,6,1,67)
w(57,3,1,67)
w(7,3,1,67)
r(167,1,1,67)
r(93,4,1,67)
r(89,3,1,67)
r(28,4,1,67)
w(9,5,1,67)
w(37,5,1,67)
w(38,6,1,67)
r(71,4,1,67)
w(25,6,1,67)
w(2,5,1,67)
w(23,9,1,67)
r(4,4,1,67)
w(102,7,2,68)
w(102,8,2,68)
w(113,5,2,68)
r(74,6,2,68)
w(102,9,2,68)
w(114,6,2,68)
w(63,8,2,68)
w(109,7,2,68)
r(174,3,2,68)
w(82,7,2,68)
w(107,7,2,68)
w(90,6,2,68)
r(73,6,2,68)
r(87,5,2,68)
w(84,7,2,68)
r(104,5,2,68)
r(153,4,2,68)
w(77,6,2,68)
r(101,5,2,68)
r(28,4,2,68)
w(177,6,3,69)
w(155,3,3,69)
w(171,7,3,69)
w(167,2,3,69)
r(145,5,3,69)
r(67,6,3,69)
r(19,4,3,69)
w(156,3,3,69)
r(107,9,3,69)
w(171,8,3,69)
r(76,7,3,69)
w(164,4,3,69)
r(140,6,3,69)
r(70,3,3,69)
r(91,8,3,69)
w(176,5,3,69)
w(152,7,3,69)
r(145,5,3,69)
r(107,9,3,69)
r(162,12,3,69)
w(57,4,1,70)
w(27,4,1,70)
w(23,10,1,70)
w(15,3,1,70)
r(149,3,1,70)
r(46,5,1,70)
r(116,5,1,70)
r(43,6,1,70)
w(23,11,1,70)
r(35,5,1,70)
r(123,4,1,70)
r(146,5,1,70)
w(3,5,1,70)
w(27,5,1,70)
w(8,8,1,70)
r(155,2,1,70)
r(134,4,1,70)
w(44,7,1,70)
r(18,6,1,70)
r(131,3,1,70)
r(116,5,2,71)
r(22,7,2,71)
r(87,5,2,71)
r(32,7,2,71)
w(95,12,2,71)
w(120,4,2,71)
w(70,3,2,71)
w(63,9,2,71)
r(173,3,2,71)
w(62,3,2,71)
r(99,3,2,71)
w(119,8,2,71)
r(143,9,2,71)
w(87,6,2,71)
w(72,7,2,71)
r(77,6,2,71)
r(134,4,2,71)
w(93,5,2,71)
r(82,7,2,71)
r(124,2,2,71)
r(6,6,3,72)
w(143,10,3,72)
w(130,3,3,72)
w(170,8,3,72)
w(129,3,3,72)
r(118,5,3,72)
w(170,9,3,72)
r(5,3,3,72)
w(155,4,3,72)
r(180,3,3,72)
r(53,6,3,72)
w(127,6,3,72)
r(70,3,3,72)
r(22,8,3,72)
w(122,8,3,72)
w(171,9,3,72)
w(166,8,3,72)
r(9,5,3,72)
r(34,5,3,72)
r(19,4,3,72)
r(22,7,1,73)
w(39,6,1,73)
r(34,5,1,73)
r(135,6,1,73)
r(42,3,1,73)
w(41,6,1,73)
w(2,6,1,73)
r(30,3,1,73)
r(107,9,1,73)
w(21,2,1,73)
w(54,5,1,73)
w(6,6,1,73)
r(13,4,1,73)
w(53,6,1,73)
w(29,5,1,73)
w(43,7,1,73)
r(122,7,1,73)
w(4,5,1,73)
w(22,8,1,73)
w(55,3,1,73)
w(90,7,2,74)
r(91,7,2,74)
w(95,13,2,74)
w(64,5,2,74)
w(62,4,2,74)
w(80,8,2,74)
w(62,5,2,74)
w(63,10,2,74)
w(107,8,2,74)
r(22,7,2,74)
w(91,8,2,74)
w(64,6,2,74)
w(93,6,2,74)
r(116,5,2,74)
r(141,3,2,74)
r(134,4,2,74)
w(107,9,2,74)
r(69,6,2,74)
w(80,9,2,74)
w(105,6,2,74)
r(20,7,3,75)
w(164,5,3,75)
w(130,4,3,75)
w(159,7,3,75)
w(166,9,3,75)
w(177,7,3,75)
w(148,4,3,75)
w(166,10,3,75)
w(130,5,3,75)
r(142,2,3,75)
w(179,6,3,75)
w(146,6,3,75)
r(5,3,3,75)
r(17,5,3,75)
w(127,7,3,75)
w(167,3,3,75)
r(165,6,3,75)
r(37,5,3,75)
w(124,3,3,75)
w(145,6,3,75)
w(51,8,1,76)
r(143,10,1,76)
w(53,7,1,76)
w(13,5,1,76)
w(46,6,1,76)
w(22,9,1,76)
w(56,7,1,76)
r(118,5,1,76)
w(23,12,1,76)
w(47,8,1,76)
r(176,5,1,76)
w(32,8,1,76)
w(50,4,1,76)
w(35,6,1,76)
w(28,5,1,76)
r(83,2,1,76)
w(16,5,1,76)
r(9,5,1,76)
r(48,3,1,76)
w(4,6,1,76)
r(87,6,2,77)
w(81,4,2,77)
w(63,11,2,77)
w(117,7,2,77)
r(41,6,2,77)
r(81,4,2,77)
r(175,5,2,77)
r(43,7,2,77)
r(2,6,2,77)
r(36,7,2,77)
w(105,7,2,77)
w(80,10,2,77)
r(10,6,2,77)
r(97,3,2,77)
r(145,5,2,77)
r(77,6,2,77)
r(132,6,2,77)
r(175,5,2,77)
r(7,3,2,77)
r(59,5,2,77)
r(51,8,3,78)
r(172,4,3,78)
r(79,2,3,78)
w(147,9,3,78)
w(135,7,3,78)
r(138,4,3,78)
r(151,9,3,78)
r(29,5,3,78)
r(151,9,3,78)
w(141,4,3,78)
r(124,3,3,78)
w(141,5,3,78)
r(70,3,3,78)
r(82,7,3,78)
w(137,4,3,78)
r(88,4,3,78)
w(134,5,3,78)
w(124,4,3,78)
r(62,5,3,78)
w(138,5,3,78)
w(4,7,1,79)
w(26,7,1,79)
r(39,6,1,79)
r(164,5,1,79)
r(47,8,1,79)
r(136,6,1,79)
r(160,3,1,79)
r(65,2,1,79)
w(41,7,1,79)
w(17,6,1,79)
w(25,7,1,79)
r(94,5,1,79)
r(163,4,1,79)
r(79,2,1,79)
r(116,6,1,79)
r(28,5,1,79)
r(91,8,1,79)
r(51,8,1,79)
w(12,6,1,79)
w(26,8,1,79)
w(92,7,2,80)
w(116,6,2,80)
r(72,7,2,80)
r(66,2,2,80)
w(112,4,2,80)
r(82,7,2,80)
r(137,3,2,80)
w(63,12,2,80)
w(84,8,2,80)
w(88,4,2,80)
w(84,9,2,80)
r(11,10,2,80)
w(100,4,2,80)
w(87,7,2,80)
r(95,13,2,80)
w(86,7,2,80)
r(171,9,2,80)
r(58,6,2,80)
w(74,7,2,80)
r(175,5,2,80)
w(129,4,3,81)
r(59,6,3,81)
r(36,7,3,81)
w(164,6,3,81)
r(5,3,3,81)
r(95,13,3,81)
r(61,4,3,81)
r(70,3,3,81)
w(142,3,3,81)
r(180,3,3,81)
r(14,5,3,81)
r(160,3,3,81)
w(142,4,3,81)
r(100,5,3,81)
r(155,4,3,81)
w(146,7,3,81)
w(169,7,3,81)
r(59,6,3,81)
r(54,5,3,81)
r(71,4,3,81)
w(37,6,1,82)
w(23,13,1,82)
r(23,13,1,82)
w(45,4,1,82)
w(39,7,1,82)
w(2,7,1,82)
r(23,13,1,82)
w(41,8,1,82)
r(12,6,1,82)
w(60,4,1,82)
w(9,6,1,82)
w(59,6,1,82)
r(153,6,1,82)
r(152,7,1,82)
w(7,4,1,82)
r(142,2,1,82)
w(42,4,1,82)
r(6,6,1,82)
w(25,8,1,82)
w(51,9,1,82)
r(128,4,2,83)
r(149,3,2,83)
r(101,5,2,83)
w(109,8,2,83)
r(136,6,2,83)
r(52,2,2,83)
w(89,4,2,83)
w(117,8,2,83)
w(107,10,2,83)
w(76,8,2,83)
w(112,5,2,83)
w(92,8,2,83)
r(46,6,2,83)
r(95,13,2,83)
w(112,6,2,83)
r(29,5,2,83)
r(178,4,2,83)
w(100,5,2,83)
w(108,9,2,83)
w(116,7,2,83)
w(131,4,3,84)
r(130,5,3,84)
w(177,8,3,84)
w(175,6,3,84)
r(19,4,3,84)
w(175,7,3,84)
w(171,10,3,84)
w(133,4,3,84)
w(144,7,3,84)
r(45,6,3,84)
r(10,6,3,84)
w(180,4,3,84)
r(56,7,3,84)
w(180,5,3,84)
r(92,9,3,84)
r(82,7,3,84)
r(177,8,3,84)
w(139,5,3,84)
r(41,8,3,84)
r(121,4,3,84)
r(165,6,1,85)
w(55,4,1,85)
w(18,7,1,85)
r(15,3,1,85)
w(52,3,1,85)
w(39,8,1,85)
w(45,5,1,85)
w(51,10,1,85)
r(90,7,1,85)
r(102,9,1,85)
w(35,7,1,85)
w(23,14,1,85)
r(89,4,1,85)
w(23,15,1,85)
w(14,5,1,85)
w(52,4,1,85)
w(18,8,1,85)
w(40,3,1,85)
r(171,9,1,85)
r(136,6,1,85)
r(89,4,2,86)
r(45,3,2,86)
r(19,4,2,86)
w(98,7,2,86)
r(61,4,2,86)
r(78,5,2,86)
r(175,5,2,86)
r(82,7,2,86)
w(101,6,2,86)
r(178,4,2,86)
r(110,2,2,86)
r(145,6,2,86)
w(109,9,2,86)
w(113,6,2,86)
w(92,9,2,86)
w(74,8,2,86)
r(112,6,2,86)
r(159,7,2,86)
w(107,11,2,86)
r(110,2,2,86)
w(151,10,3,87)
w(123,5,3,87)
r(103,3,3,87)
r(29,5,3,87)
r(151,10,3,87)
w(163,5,3,87)
w(125,6,3,87)
w(177,9,3,87)
r(167,3,3,87)
r(4,7,3,87)
r(65,4,3,87)
r(66,2,3,87)
r(47,8,3,87)
w(137,5,3,87)
r(136,6,3,87)
r(172,4,3,87)
r(171,10,3,87)
w(162,13,3,87)
r(51,10,3,87)
r(179,6,3,87)
w(14,6,1,88)
w(49,8,1,88)
r(87,7,1,88)
w(32,9,1,88)
w(43,8,1,88)
w(31,5,1,88)
r(65,4,1,88)
w(33,3,1,88)
w(37,7,1,88)
w(57,5,1,88)
r(6,6,1,88)
r(58,6,1,88)
r(107,11,1,88)
w(45,6,1,88)
w(54,6,1,88)
r(122,8,1,88)
r(155,4,1,88)
r(66,2,1,88)
w(50,5,1,88)
w(22,10,1,88)
r(38,6,2,89)
w(104,6,2,89)
w(114,7,2,89)
w(64,7,2,89)
w(65,3,2,89)
w(77,7,2,89)
r(8,8,2,89)
w(93,7,2,89)
r(171,9,2,89)
w(118,6,2,89)
w(85,3,2,89)
w(65,4,2,89)
w(115,5,2,89)
w(118,7,2,89)
r(58,6,2,89)
r(30,3,2,89)
w(94,6,2,89)
w(98,8,2,89)
r(97,3,2,89)
w(83,3,2,89)
w(126,7,3,90)
w(128,5,3,90)
r(20,7,3,90)
r(28,5,3,90)
r(29,5,3,90)
r(65,4,3,90)
r(167,3,3,90)
r(58,6,3,90)
r(75,3,3,90)
w(164,7,3,90)
w(162,14,3,90)
r(129,4,3,90)
r(69,6,3,90)
w(131,5,3,90)
w(144,8,3,90)
w(130,6,3,90)
w(148,5,3,90)
r(36,7,3,90)
w(159,8,3,90)
r(47,8,3,90)
