w(1,1,0,0)
w(2,1,0,0)
w(3,1,0,0)
w(4,1,0,0)
w(5,1,0,0)
w(6,1,0,0)
w(7,1,0,0)
w(8,1,0,0)
w(9,1,0,0)
w(10,1,0,0)
w(11,1,0,0)
w(12,1,0,0)
w(13,1,0,0)
w(14,1,0,0)
w(15,1,0,0)
w(16,1,0,0)
w(17,1,0,0)
w(18,1,0,0)
w(19,1,0,0)
w(20,1,0,0)
w(21,1,0,0)
w(22,1,0,0)
w(23,1,0,0)
w(24,1,0,0)
w(25,1,0,0)
w(26,1,0,0)
w(27,1,0,0)
w(28,1,0,0)
w(29,1,0,0)
w(30,1,0,0)
w(31,1,0,0)
w(32,1,0,0)
w(33,1,0,0)
w(34,1,0,0)
w(35,1,0,0)
w(36,1,0,0)
w(37,1,0,0)
w(38,1,0,0)
w(39,1,0,0)
w(40,1,0,0)
w(41,1,0,0)
w(42,1,0,0)
w(43,1,0,0)
w(44,1,0,0)
w(45,1,0,0)
w(46,1,0,0)
w(47,1,0,0)
w(48,1,0,0)
w(49,1,0,0)
w(50,1,0,0)
w(51,1,0,0)
w(52,1,0,0)
w(53,1,0,0)
w(54,1,0,0)
w(55,1,0,0)
w(56,1,0,0)
w(57,1,0,0)
w(58,1,0,0)
w(59,1,0,0)
w(60,1,0,0)
w(61,1,0,0)
w(62,1,0,0)
w(63,1,0,0)
w(64,1,0,0)
w(65,1,0,0)
w(66,1,0,0)
w(67,1,0,0)
w(68,1,0,0)
w(69,1,0,0)
w(70,1,0,0)
w(71,1,0,0)
w(72,1,0,0)
w(73,1,0,0)
w(74,1,0,0)
w(75,1,0,0)
w(76,1,0,0)
w(77,1,0,0)
w(78,1,0,0)
w(79,1,0,0)
w(80,1,0,0)
w(81,1,0,0)
w(82,1,0,0)
w(83,1,0,0)
w(84,1,0,0)
w(85,1,0,0)
w(86,1,0,0)
w(87,1,0,0)
w(88,1,0,0)
w(89,1,0,0)
w(90,1,0,0)
w(91,1,0,0)
w(92,1,0,0)
w(93,1,0,0)
w(94,1,0,0)
w(95,1,0,0)
w(96,1,0,0)
w(97,1,0,0)
w(98,1,0,0)
w(99,1,0,0)
w(100,1,0,0)
w(101,1,0,0)
w(102,1,0,0)
w(103,1,0,0)
w(104,1,0,0)
w(105,1,0,0)
w(106,1,0,0)
w(107,1,0,0)
w(108,1,0,0)
w(109,1,0,0)
w(110,1,0,0)
w(111,1,0,0)
w(112,1,0,0)
w(113,1,0,0)
w(114,1,0,0)
w(115,1,0,0)
w(116,1,0,0)
w(117,1,0,0)
w(118,1,0,0)
w(119,1,0,0)
w(120,1,0,0)
w(121,1,0,0)
w(122,1,0,0)
w(123,1,0,0)
w(124,1,0,0)
w(125,1,0,0)
w(126,1,0,0)
w(127,1,0,0)
w(128,1,0,0)
w(129,1,0,0)
w(130,1,0,0)
w(131,1,0,0)
w(132,1,0,0)
w(133,1,0,0)
w(134,1,0,0)
w(135,1,0,0)
w(136,1,0,0)
w(137,1,0,0)
w(138,1,0,0)
w(139,1,0,0)
w(140,1,0,0)
w(141,1,0,0)
w(142,1,0,0)
w(143,1,0,0)
w(144,1,0,0)
w(145,1,0,0)
w(146,1,0,0)
w(147,1,0,0)
w(148,1,0,0)
w(149,1,0,0)
w(150,1,0,0)
w(151,1,0,0)
w(152,1,0,0)
w(153,1,0,0)
w(154,1,0,0)
w(155,1,0,0)
w(156,1,0,0)
w(157,1,0,0)
w(158,1,0,0)
w(159,1,0,0)
w(160,1,0,0)
w(161,1,0,0)
w(162,1,0,0)
w(163,1,0,0)
w(164,1,0,0)
w(165,1,0,0)
w(166,1,0,0)
w(167,1,0,0)
w(168,1,0,0)
w(169,1,0,0)
w(170,1,0,0)
w(171,1,0,0)
w(172,1,0,0)
w(173,1,0,0)
w(174,1,0,0)
w(175,1,0,0)
w(176,1,0,0)
w(177,1,0,0)
w(178,1,0,0)
w(179,1,0,0)
w(180,1,0,0)
w(181,1,0,0)
w(182,1,0,0)
w(183,1,0,0)
w(184,1,0,0)
w(185,1,0,0)
w(186,1,0,0)
w(187,1,0,0)
w(188,1,0,0)
w(189,1,0,0)
w(190,1,0,0)
w(191,1,0,0)
w(192,1,0,0)
w(193,1,0,0)
w(194,1,0,0)
w(195,1,0,0)
w(196,1,0,0)
w(197,1,0,0)
w(198,1,0,0)
w(199,1,0,0)
w(200,1,0,0)
w(201,1,0,0)
w(202,1,0,0)
w(203,1,0,0)
w(204,1,0,0)
w(205,1,0,0)
w(206,1,0,0)
w(207,1,0,0)
w(208,1,0,0)
w(209,1,0,0)
w(210,1,0,0)
w(211,1,0,0)
w(212,1,0,0)
w(213,1,0,0)
w(214,1,0,0)
w(215,1,0,0)
w(216,1,0,0)
w(217,1,0,0)
w(218,1,0,0)
w(219,1,0,0)
w(220,1,0,0)
w(221,1,0,0)
w(222,1,0,0)
w(223,1,0,0)
w(224,1,0,0)
w(225,1,0,0)
w(226,1,0,0)
w(227,1,0,0)
w(228,1,0,0)
w(229,1,0,0)
w(230,1,0,0)
w(231,1,0,0)
w(232,1,0,0)
w(233,1,0,0)
w(234,1,0,0)
w(235,1,0,0)
w(236,1,0,0)
w(237,1,0,0)
w(238,1,0,0)
w(239,1,0,0)
w(240,1,0,0)
w(241,1,0,0)
w(242,1,0,0)
w(243,1,0,0)
w(244,1,0,0)
w(245,1,0,0)
w(246,1,0,0)
w(247,1,0,0)
w(248,1,0,0)
w(249,1,0,0)
w(250,1,0,0)
w(251,1,0,0)
w(252,1,0,0)
w(253,1,0,0)
w(254,1,0,0)
w(255,1,0,0)
w(256,1,0,0)
w(257,1,0,0)
w(258,1,0,0)
w(259,1,0,0)
w(260,1,0,0)
w(261,1,0,0)
w(262,1,0,0)
w(263,1,0,0)
w(264,1,0,0)
w(265,1,0,0)
w(266,1,0,0)
w(267,1,0,0)
w(268,1,0,0)
w(269,1,0,0)
w(270,1,0,0)
w(271,1,0,0)
w(272,1,0,0)
w(273,1,0,0)
w(274,1,0,0)
w(275,1,0,0)
w(276,1,0,0)
w(277,1,0,0)
w(278,1,0,0)
w(279,1,0,0)
w(280,1,0,0)
w(281,1,0,0)
w(282,1,0,0)
w(283,1,0,0)
w(284,1,0,0)
w(285,1,0,0)
w(286,1,0,0)
w(287,1,0,0)
w(288,1,0,0)
w(289,1,0,0)
w(290,1,0,0)
w(291,1,0,0)
w(292,1,0,0)
w(293,1,0,0)
w(294,1,0,0)
w(295,1,0,0)
w(296,1,0,0)
w(297,1,0,0)
w(298,1,0,0)
w(299,1,0,0)
w(300,1,0,0)
w(301,1,0,0)
w(302,1,0,0)
w(303,1,0,0)
w(304,1,0,0)
w(305,1,0,0)
w(306,1,0,0)
w(307,1,0,0)
w(308,1,0,0)
w(309,1,0,0)
w(310,1,0,0)
w(311,1,0,0)
w(312,1,0,0)
w(313,1,0,0)
w(314,1,0,0)
w(315,1,0,0)
w(316,1,0,0)
w(317,1,0,0)
w(318,1,0,0)
w(319,1,0,0)
w(320,1,0,0)
w(321,1,0,0)
w(322,1,0,0)
w(323,1,0,0)
w(324,1,0,0)
w(325,1,0,0)
w(326,1,0,0)
w(327,1,0,0)
w(328,1,0,0)
w(329,1,0,0)
w(330,1,0,0)
w(331,1,0,0)
w(332,1,0,0)
w(333,1,0,0)
w(334,1,0,0)
w(335,1,0,0)
w(336,1,0,0)
w(337,1,0,0)
w(338,1,0,0)
w(339,1,0,0)
w(340,1,0,0)
w(341,1,0,0)
w(342,1,0,0)
w(343,1,0,0)
w(344,1,0,0)
w(345,1,0,0)
w(346,1,0,0)
w(347,1,0,0)
w(348,1,0,0)
w(349,1,0,0)
w(350,1,0,0)
w(351,1,0,0)
w(352,1,0,0)
w(353,1,0,0)
w(354,1,0,0)
w(355,1,0,0)
w(356,1,0,0)
w(357,1,0,0)
w(358,1,0,0)
w(359,1,0,0)
w(360,1,0,0)
w(361,1,0,0)
w(362,1,0,0)
w(363,1,0,0)
w(364,1,0,0)
w(365,1,0,0)
w(366,1,0,0)
w(367,1,0,0)
w(368,1,0,0)
w(369,1,0,0)
w(370,1,0,0)
w(371,1,0,0)
w(372,1,0,0)
w(373,1,0,0)
w(374,1,0,0)
w(375,1,0,0)
w(376,1,0,0)
w(377,1,0,0)
w(378,1,0,0)
w(379,1,0,0)
w(380,1,0,0)
w(381,1,0,0)
w(382,1,0,0)
w(383,1,0,0)
w(384,1,0,0)
w(385,1,0,0)
w(386,1,0,0)
w(387,1,0,0)
w(388,1,0,0)
w(389,1,0,0)
w(390,1,0,0)
w(391,1,0,0)
w(392,1,0,0)
w(393,1,0,0)
w(394,1,0,0)
w(395,1,0,0)
w(396,1,0,0)
w(397,1,0,0)
w(398,1,0,0)
w(399,1,0,0)
w(400,1,0,0)
w(401,1,0,0)
w(402,1,0,0)
w(403,1,0,0)
w(404,1,0,0)
w(405,1,0,0)
w(406,1,0,0)
w(407,1,0,0)
w(408,1,0,0)
w(409,1,0,0)
w(410,1,0,0)
w(411,1,0,0)
w(412,1,0,0)
w(413,1,0,0)
w(414,1,0,0)
w(415,1,0,0)
w(416,1,0,0)
w(417,1,0,0)
w(418,1,0,0)
w(419,1,0,0)
w(420,1,0,0)
w(421,1,0,0)
w(422,1,0,0)
w(423,1,0,0)
w(424,1,0,0)
w(425,1,0,0)
w(426,1,0,0)
w(427,1,0,0)
w(428,1,0,0)
w(429,1,0,0)
w(430,1,0,0)
w(431,1,0,0)
w(432,1,0,0)
w(433,1,0,0)
w(434,1,0,0)
w(435,1,0,0)
w(436,1,0,0)
w(437,1,0,0)
w(438,1,0,0)
w(439,1,0,0)
w(440,1,0,0)
w(441,1,0,0)
w(442,1,0,0)
w(443,1,0,0)
w(444,1,0,0)
w(445,1,0,0)
w(446,1,0,0)
w(447,1,0,0)
w(448,1,0,0)
w(449,1,0,0)
w(450,1,0,0)
w(451,1,0,0)
w(452,1,0,0)
w(453,1,0,0)
w(454,1,0,0)
w(455,1,0,0)
w(456,1,0,0)
w(457,1,0,0)
w(458,1,0,0)
w(459,1,0,0)
w(460,1,0,0)
w(461,1,0,0)
w(462,1,0,0)
w(463,1,0,0)
w(464,1,0,0)
w(465,1,0,0)
w(466,1,0,0)
w(467,1,0,0)
w(468,1,0,0)
w(469,1,0,0)
w(470,1,0,0)
w(471,1,0,0)
w(472,1,0,0)
w(473,1,0,0)
w(474,1,0,0)
w(475,1,0,0)
w(476,1,0,0)
w(477,1,0,0)
w(478,1,0,0)
w(479,1,0,0)
w(480,1,0,0)
w(298,2,1,1)
w(32,2,1,1)
r(169,1,1,1)
w(432,2,1,1)
w(467,2,1,1)
w(469,2,1,1)
r(399,1,1,1)
r(216,1,1,1)
w(12,2,1,1)
r(303,1,1,1)
r(179,1,1,1)
r(184,1,1,1)
r(410,1,1,1)
r(222,1,1,1)
r(11,1,1,1)
r(378,1,1,1)
r(111,1,1,1)
r(166,1,1,1)
r(23,1,1,1)
r(282,1,1,1)
r(436,6,2,2)
r(295,1,2,2)
w(234,2,2,2)
r(441,1,2,2)
w(227,2,2,2)
w(88,2,2,2)
r(216,1,2,2)
w(67,4,2,2)
r(391,1,2,2)
r(398,1,2,2)
w(174,2,2,2)
r(278,1,2,2)
r(218,1,2,2)
r(265,1,2,2)
r(42,1,2,2)
w(338,3,2,2)
w(435,2,2,2)
r(236,1,2,2)
r(270,1,2,2)
w(134,2,2,2)
r(224,1,3,3)
r(431,1,3,3)
r(58,1,3,3)
r(250,1,3,3)
r(42,1,3,3)
w(351,3,3,3)
r(352,1,3,3)
r(132,1,3,3)
w(418,7,3,3)
r(309,1,3,3)
r(147,1,3,3)
w(69,3,3,3)
r(450,1,3,3)
w(252,2,3,3)
r(294,1,3,3)
r(289,1,3,3)
r(420,1,3,3)
r(235,1,3,3)
w(166,5,3,3)
w(451,3,3,3)
w(240,4,4,4)
r(233,1,4,4)
r(315,1,4,4)
w(244,5,4,4)
r(196,1,4,4)
r(159,1,4,4)
r(447,1,4,4)
r(350,1,4,4)
r(343,1,4,4)
w(25,3,4,4)
r(415,1,4,4)
r(229,1,4,4)
r(375,1,4,4)
w(13,4,4,4)
r(477,1,4,4)
r(209,1,4,4)
w(342,3,4,4)
w(320,5,4,4)
r(292,1,4,4)
w(436,6,4,4)
r(396,1,5,5)
r(332,1,5,5)
w(362,5,5,5)
r(331,1,5,5)
w(116,4,5,5)
w(313,7,5,5)
r(144,1,5,5)
r(374,1,5,5)
w(37,4,5,5)
r(75,1,5,5)
r(283,1,5,5)
r(213,1,5,5)
r(262,1,5,5)
r(248,2,5,5)
r(138,1,5,5)
r(217,1,5,5)
r(100,1,5,5)
w(204,7,5,5)
r(205,1,5,5)
w(108,4,5,5)
w(293,2,6,6)
w(293,3,6,6)
r(31,1,6,6)
w(444,4,6,6)
w(107,6,6,6)
w(107,8,6,6)
r(252,1,6,6)
r(328,1,6,6)
w(95,4,6,6)
r(342,3,6,6)
r(451,1,6,6)
r(385,1,6,6)
w(85,3,6,6)
w(81,6,6,6)
r(458,1,6,6)
w(142,6,6,6)
w(175,10,6,6)
w(445,4,6,6)
r(240,4,6,6)
w(178,6,6,6)
w(248,2,1,7)
r(269,1,1,7)
w(221,2,1,7)
r(62,1,1,7)
w(377,2,1,7)
r(416,1,1,7)
w(416,2,1,7)
r(102,1,1,7)
w(48,2,1,7)
w(316,2,1,7)
w(77,2,1,7)
r(235,1,1,7)
w(404,2,1,7)
w(118,2,1,7)
w(72,2,1,7)
w(81,2,1,7)
r(86,1,1,7)
w(67,2,1,7)
w(377,3,1,7)
w(476,2,1,7)
r(34,1,2,8)
r(313,1,2,8)
w(233,4,2,8)
w(141,2,2,8)
r(367,1,2,8)
w(297,2,2,8)
w(128,2,2,8)
r(181,1,2,8)
r(315,1,2,8)
w(142,2,2,8)
r(449,1,2,8)
r(221,2,2,8)
w(202,3,2,8)
r(202,3,2,8)
r(347,1,2,8)
r(129,1,2,8)
r(198,1,2,8)
w(93,3,2,8)
w(166,2,2,8)
w(198,2,2,8)
r(117,1,3,9)
w(178,2,3,9)
w(91,3,3,9)
w(170,3,3,9)
r(87,1,3,9)
r(162,1,3,9)
w(439,2,3,9)
r(104,1,3,9)
r(241,2,3,9)
r(105,7,3,9)
w(354,3,3,9)
w(453,2,3,9)
w(24,2,3,9)
w(332,4,3,9)
w(393,2,3,9)
w(256,2,3,9)
r(188,1,3,9)
w(215,3,3,9)
w(237,4,3,9)
w(107,3,3,9)
w(109,5,4,10)
r(279,1,4,10)
w(39,4,4,10)
w(398,3,4,10)
w(404,4,4,10)
r(7,1,4,10)
w(322,3,4,10)
r(149,1,4,10)
w(160,4,4,10)
r(300,1,4,10)
r(145,1,4,10)
r(95,1,4,10)
r(97,1,4,10)
r(174,2,4,10)
r(150,1,4,10)
w(48,3,4,10)
w(157,5,4,10)
w(270,2,4,10)
r(288,1,4,10)
w(49,2,4,10)
r(461,1,5,11)
w(399,8,5,11)
r(256,1,5,11)
r(112,1,5,11)
w(127,3,5,11)
w(46,5,5,11)
r(114,1,5,11)
w(146,2,5,11)
w(356,4,5,11)
w(413,7,5,11)
r(308,1,5,11)
r(190,1,5,11)
r(279,1,5,11)
r(258,1,5,11)
r(21,1,5,11)
w(121,7,5,11)
r(407,1,5,11)
r(161,1,5,11)
r(407,1,5,11)
r(472,1,5,11)
r(37,4,6,12)
r(405,1,6,12)
w(449,7,6,12)
w(341,4,6,12)
w(412,8,6,12)
w(243,5,6,12)
w(112,3,6,12)
w(166,10,6,12)
w(306,2,6,12)
r(187,1,6,12)
w(64,7,6,12)
w(197,5,6,12)
r(257,1,6,12)
r(408,1,6,12)
w(322,6,6,12)
r(303,1,6,12)
w(346,5,6,12)
r(326,1,6,12)
r(275,1,6,12)
r(479,1,6,12)
r(295,1,1,13)
r(25,3,1,13)
r(168,1,1,13)
w(33,2,1,13)
r(193,1,1,13)
r(410,1,1,13)
r(11,1,1,13)
w(330,2,1,13)
w(322,2,1,13)
w(40,2,1,13)
w(255,2,1,13)
w(314,2,1,13)
w(417,2,1,13)
r(308,1,1,13)
w(64,2,1,13)
w(46,2,1,13)
w(97,2,1,13)
r(349,1,1,13)
w(278,2,1,13)
w(441,2,1,13)
w(381,4,2,14)
r(252,2,2,14)
w(402,4,2,14)
r(450,1,2,14)
w(375,3,2,14)
r(364,5,2,14)
w(446,3,2,14)
r(204,7,2,14)
r(480,1,2,14)
w(219,2,2,14)
r(183,1,2,14)
r(159,1,2,14)
r(15,1,2,14)
w(189,2,2,14)
w(277,2,2,14)
w(435,3,2,14)
r(26,1,2,14)
r(47,1,2,14)
r(286,1,2,14)
r(93,3,2,14)
r(472,1,3,15)
r(251,1,3,15)
w(113,3,3,15)
r(286,1,3,15)
w(239,4,3,15)
r(447,4,3,15)
r(141,2,3,15)
r(340,2,3,15)
r(218,1,3,15)
r(477,1,3,15)
r(34,1,3,15)
r(403,1,3,15)
r(346,5,3,15)
r(478,1,3,15)
r(315,1,3,15)
w(237,5,3,15)
w(394,3,3,15)
r(295,1,3,15)
r(396,2,3,15)
w(231,3,3,15)
r(190,1,4,16)
r(295,1,4,16)
w(322,4,4,16)
w(295,3,4,16)
w(164,4,4,16)
r(149,1,4,16)
r(17,1,4,16)
r(196,1,4,16)
r(257,1,4,16)
w(354,4,4,16)
w(232,2,4,16)
w(86,2,4,16)
w(447,2,4,16)
r(272,1,4,16)
w(369,4,4,16)
w(144,3,4,16)
r(138,1,5,17)
w(248,4,5,17)
r(159,1,5,17)
w(112,2,5,17)
w(412,7,5,17)
r(343,1,5,17)
w(396,2,5,17)
r(249,1,5,17)
w(324,3,5,17)
w(275,5,5,17)
r(327,1,5,17)
r(348,1,5,17)
r(22,1,5,17)
w(221,4,5,17)
r(31,1,5,17)
r(398,3,5,17)
r(123,1,5,17)
w(470,6,5,17)
w(351,5,5,17)
w(105,7,5,17)
w(250,7,6,18)
w(361,3,6,18)
w(21,4,6,18)
r(42,1,6,18)
w(217,6,6,18)
r(38,1,6,18)
r(397,1,6,18)
w(287,8,6,18)
r(208,1,6,18)
w(361,4,6,18)
w(44,3,6,18)
r(145,1,6,18)
r(40,2,6,18)
r(85,3,6,18)
r(330,2,6,18)
r(20,1,6,18)
r(18,1,6,18)
r(345,1,6,18)
r(175,10,6,18)
r(278,2,6,18)
w(296,2,1,19)
r(474,1,1,19)
w(165,2,1,19)
w(262,2,1,19)
r(56,1,1,19)
w(214,2,1,19)
r(146,1,1,19)
r(68,1,1,19)
w(457,2,1,19)
r(118,2,1,19)
r(116,4,1,19)
r(71,1,1,19)
r(380,1,1,19)
w(119,2,1,19)
w(457,3,1,19)
w(271,2,1,19)
w(310,2,1,19)
w(399,2,1,19)
w(43,2,1,19)
r(83,1,1,19)
r(194,1,2,20)
w(189,3,2,20)
w(100,4,2,20)
r(179,1,2,20)
w(267,2,2,20)
r(135,1,2,20)
w(45,2,2,20)
r(6,1,2,20)
r(199,1,2,20)
r(91,1,2,20)
r(18,1,2,20)
w(461,2,2,20)
w(115,4,2,20)
r(377,3,2,20)
r(159,1,2,20)
w(271,3,2,20)
w(245,2,2,20)
w(180,2,2,20)
r(297,2,2,20)
w(340,2,2,20)
w(311,3,3,21)
r(189,3,3,21)
w(318,3,3,21)
w(142,5,3,21)
r(303,1,3,21)
r(282,1,3,21)
r(30,1,3,21)
r(308,1,3,21)
r(476,2,3,21)
w(258,2,3,21)
w(59,2,3,21)
w(297,3,3,21)
r(270,2,3,21)
w(211,2,3,21)
r(441,3,3,21)
r(458,1,3,21)
r(240,4,3,21)
r(165,2,3,21)
w(463,2,3,21)
r(459,1,3,21)
r(240,4,4,22)
r(442,1,4,22)
r(257,1,4,22)
w(353,5,4,22)
r(377,3,4,22)
w(364,5,4,22)
w(220,2,4,22)
r(317,1,4,22)
w(127,2,4,22)
w(353,7,4,22)
r(318,1,4,22)
w(462,4,4,22)
w(231,5,4,22)
w(455,3,4,22)
w(53,5,4,22)
w(283,3,4,22)
w(33,7,4,22)
w(13,5,4,22)
r(324,1,4,22)
r(217,1,4,22)
w(453,3,5,23)
r(423,1,5,23)
w(289,3,5,23)
w(304,4,5,23)
r(187,1,5,23)
w(445,2,5,23)
w(277,7,6,24)
r(153,1,6,24)
w(72,5,6,24)
r(287,8,6,24)
w(223,3,6,24)
w(438,5,6,24)
w(155,5,6,24)
w(447,4,6,24)
r(349,1,6,24)
w(463,7,6,24)
r(228,1,6,24)
r(428,1,6,24)
r(288,1,6,24)
w(164,7,6,24)
w(343,3,6,24)
r(264,1,6,24)
r(23,1,6,24)
r(259,1,6,24)
r(471,1,6,24)
w(274,4,6,24)
w(233,2,1,25)
r(232,1,1,25)
w(273,2,1,25)
w(462,2,1,25)
r(344,1,1,25)
r(55,1,1,25)
w(152,2,1,25)
r(441,2,1,25)
w(239,2,1,25)
r(242,1,1,25)
r(331,1,1,25)
w(436,2,1,25)
w(311,2,1,25)
r(229,1,1,25)
r(395,1,1,25)
r(260,1,1,25)
r(65,1,1,25)
r(475,1,1,25)
w(204,2,1,25)
r(393,1,1,25)
w(441,3,2,26)
w(438,3,2,26)
r(258,1,2,26)
w(181,2,2,26)
w(388,2,2,26)
r(406,1,2,26)
r(326,1,2,26)
r(332,1,2,26)
w(103,2,2,26)
w(241,2,2,26)
r(103,2,2,26)
w(99,2,2,26)
w(420,2,2,26)
w(400,2,2,26)
r(54,1,2,26)
r(187,1,2,26)
w(327,2,2,26)
w(304,3,2,26)
r(451,3,2,26)
r(225,1,2,26)
w(335,4,3,27)
r(450,1,3,27)
w(370,4,3,27)
r(280,1,3,27)
w(53,3,3,27)
w(347,2,3,27)
w(97,7,3,27)
r(216,4,3,27)
w(380,3,3,27)
r(429,1,3,27)
w(381,5,3,27)
r(469,2,3,27)
w(7,3,3,27)
r(328,2,3,27)
r(207,2,3,27)
r(23,2,3,27)
w(59,3,3,27)
w(31,2,3,27)
r(61,1,3,27)
r(242,1,3,27)
w(416,7,4,28)
w(52,3,4,28)
w(318,5,4,28)
r(326,1,4,28)
w(455,4,4,28)
r(463,1,4,28)
r(304,3,4,28)
r(77,2,4,28)
r(266,1,4,28)
w(352,3,4,28)
r(320,5,4,28)
r(340,2,4,28)
r(74,1,4,28)
w(468,3,4,28)
r(292,1,4,28)
w(46,4,4,28)
w(279,4,4,28)
r(101,1,4,28)
r(423,1,4,28)
w(194,2,4,28)
w(210,3,5,29)
w(322,5,5,29)
w(388,4,5,29)
r(182,1,5,29)
w(211,4,5,29)
r(332,1,5,29)
r(330,2,5,29)
r(251,1,5,29)
w(18,4,5,29)
w(69,4,5,29)
w(216,4,5,29)
w(177,7,5,29)
r(438,5,5,29)
r(190,1,5,29)
w(92,4,5,29)
r(407,1,5,29)
w(131,4,5,29)
w(440,2,5,29)
r(378,1,5,29)
r(309,1,5,29)
r(165,2,6,30)
r(150,1,6,30)
w(195,5,6,30)
w(268,7,6,30)
w(312,6,6,30)
r(30,1,6,30)
w(51,5,6,30)
w(420,7,6,30)
w(466,3,6,30)
w(197,7,6,30)
r(222,1,6,30)
w(147,7,6,30)
w(197,6,6,30)
w(203,4,6,30)
r(146,2,6,30)
r(433,5,6,30)
r(473,1,6,30)
w(403,3,6,30)
r(463,7,6,30)
w(320,7,6,30)
r(9,1,1,31)
w(4,2,1,31)
w(413,2,1,31)
r(149,1,1,31)
w(328,2,1,31)
w(436,3,1,31)
r(256,1,1,31)
w(58,2,1,31)
r(475,1,1,31)
w(246,2,1,31)
w(247,2,1,31)
r(317,1,1,31)
r(355,1,1,31)
w(157,2,1,31)
r(349,1,1,31)
r(402,4,1,31)
r(242,1,1,31)
r(167,1,1,31)
w(133,2,1,31)
r(257,1,1,31)
w(23,2,2,32)
r(384,1,2,32)
r(269,1,2,32)
w(170,2,2,32)
w(411,2,2,32)
w(70,2,2,32)
w(78,2,2,32)
r(341,4,2,32)
r(467,2,2,32)
r(237,4,2,32)
r(15,1,2,32)
r(364,5,2,32)
r(296,2,2,32)
r(154,1,2,32)
r(355,1,2,32)
w(324,2,2,32)
w(204,4,2,32)
r(218,1,2,32)
r(242,1,2,32)
r(131,4,2,32)
r(195,5,3,33)
r(374,1,3,33)
r(373,1,3,33)
r(346,2,3,33)
w(105,3,3,33)
r(461,2,3,33)
r(355,1,3,33)
r(296,2,3,33)
w(358,5,3,33)
w(33,3,3,33)
w(374,3,3,33)
w(58,4,3,33)
w(422,2,3,33)
r(433,2,3,33)
r(428,2,3,33)
r(90,1,3,33)
r(350,1,3,33)
r(342,4,3,33)
w(95,3,3,33)
r(466,2,3,33)
r(42,1,4,34)
r(74,1,4,34)
r(305,1,4,34)
w(252,3,4,34)
w(414,2,4,34)
w(33,6,4,34)
w(43,7,4,34)
r(444,4,4,34)
r(232,1,4,34)
w(205,4,4,34)
r(330,2,4,34)
r(254,1,4,34)
r(469,2,4,34)
w(433,5,4,34)
w(377,6,4,34)
w(354,7,4,34)
r(434,1,4,34)
r(194,2,4,34)
r(58,2,4,34)
r(212,1,4,34)
w(250,5,5,35)
r(281,1,5,35)
r(328,2,5,35)
w(208,4,5,35)
r(255,2,5,35)
r(71,1,5,35)
r(29,1,5,35)
r(139,1,5,35)
w(269,5,5,35)
w(130,3,5,35)
r(403,1,5,35)
w(220,3,5,35)
r(85,3,5,35)
r(82,1,5,35)
r(235,1,5,35)
w(17,6,5,35)
w(379,3,5,35)
r(97,2,5,35)
r(217,6,5,35)
r(243,5,5,35)
r(153,1,6,36)
w(164,6,6,36)
w(47,2,6,36)
w(173,5,6,36)
r(477,1,6,36)
w(476,3,6,36)
r(28,1,6,36)
r(197,6,6,36)
r(354,7,6,36)
r(20,1,6,36)
r(126,1,6,36)
r(173,5,6,36)
r(9,1,6,36)
w(275,7,6,36)
w(183,4,6,36)
w(192,7,6,36)
w(113,7,6,36)
r(125,1,6,36)
r(412,4,6,36)
r(161,1,6,36)
r(319,1,1,37)
r(475,1,1,37)
w(301,2,1,37)
r(288,1,1,37)
w(294,2,1,37)
r(248,4,1,37)
r(170,2,1,37)
r(387,1,1,37)
r(19,1,1,37)
r(307,1,1,37)
r(453,2,1,37)
w(436,4,1,37)
r(162,1,1,37)
r(365,1,1,37)
r(28,1,1,37)
r(91,3,1,37)
r(364,5,1,37)
w(378,3,1,37)
r(90,1,1,37)
w(402,2,1,37)
w(154,3,2,38)
w(428,2,2,38)
w(332,3,2,38)
r(455,4,2,38)
w(369,2,2,38)
w(37,3,2,38)
r(411,2,2,38)
w(66,3,2,38)
w(12,4,2,38)
r(71,1,2,38)
r(191,1,2,38)
w(203,3,2,38)
r(335,1,2,38)
r(393,2,2,38)
w(323,2,2,38)
w(110,2,2,38)
r(79,1,2,38)
r(269,5,2,38)
r(429,1,2,38)
w(237,2,2,38)
w(436,7,3,39)
w(12,5,3,39)
w(80,2,3,39)
w(301,4,3,39)
w(87,4,3,39)
w(226,4,4,40)
w(65,7,4,40)
w(254,4,4,40)
w(96,4,4,40)
w(166,8,4,40)
r(419,1,4,40)
r(244,5,4,40)
w(249,4,4,40)
w(199,3,4,40)
r(84,1,4,40)
w(48,4,4,40)
w(139,3,4,40)
r(406,1,4,40)
r(171,1,4,40)
r(468,3,4,40)
w(431,4,4,40)
r(42,1,4,40)
r(197,6,4,40)
w(412,4,4,40)
r(266,1,4,40)
w(201,2,5,41)
r(70,2,5,41)
r(349,1,5,41)
r(375,3,5,41)
w(41,4,5,41)
w(445,3,5,41)
w(459,7,5,41)
r(50,1,5,41)
r(471,1,5,41)
r(300,1,5,41)
w(339,4,5,41)
w(80,4,5,41)
r(140,1,5,41)
r(282,1,5,41)
w(31,4,5,41)
w(452,2,5,41)
r(311,3,5,41)
r(428,2,5,41)
r(479,1,5,41)
r(82,1,5,41)
w(150,3,6,42)
w(393,7,6,42)
w(130,4,6,42)
w(81,8,6,42)
w(323,3,6,42)
w(453,5,6,42)
w(217,8,6,42)
r(319,1,6,42)
r(122,1,6,42)
r(5,4,6,42)
w(265,5,6,42)
r(425,1,6,42)
r(107,3,6,42)
w(258,4,6,42)
r(476,3,6,42)
w(270,4,6,42)
w(199,5,6,42)
r(225,1,6,42)
r(34,1,6,42)
r(128,2,6,42)
r(244,5,1,43)
r(141,2,1,43)
r(180,2,1,43)
r(406,1,1,43)
r(46,4,1,43)
r(379,3,1,43)
r(452,2,1,43)
w(95,2,1,43)
w(314,3,1,43)
r(450,1,1,43)
w(207,2,1,43)
w(392,3,1,43)
r(403,3,1,43)
w(346,2,1,43)
w(172,2,1,43)
r(69,4,1,43)
r(103,2,1,43)
r(144,1,1,43)
r(217,6,1,43)
r(12,4,1,43)
w(42,4,2,44)
r(23,2,2,44)
r(267,2,2,44)
w(255,4,2,44)
r(276,1,2,44)
r(182,1,2,44)
w(433,2,2,44)
w(469,3,2,44)
w(89,3,2,44)
r(90,1,2,44)
w(400,3,2,44)
r(184,1,2,44)
w(3,2,2,44)
w(285,2,2,44)
w(147,2,2,44)
r(305,1,2,44)
r(302,1,2,44)
r(216,4,2,44)
r(66,3,2,44)
w(131,2,2,44)
r(237,2,3,45)
w(12,7,3,45)
r(267,2,3,45)
r(388,5,3,45)
r(105,2,3,45)
r(435,6,3,45)
r(363,4,3,45)
r(398,3,3,45)
r(289,2,3,45)
r(189,3,3,45)
w(17,4,3,45)
w(415,2,3,45)
r(146,2,3,45)
w(13,3,3,45)
w(415,3,3,45)
r(266,1,3,45)
w(81,5,3,45)
r(413,2,3,45)
w(211,3,3,45)
w(173,3,3,45)
w(190,3,4,46)
w(124,2,4,46)
r(383,1,4,46)
r(335,5,4,46)
w(248,3,4,46)
r(458,1,4,46)
w(125,3,4,46)
w(391,3,4,46)
w(168,2,4,46)
r(77,2,4,46)
w(5,4,4,46)
r(296,2,4,46)
w(208,3,4,46)
w(229,4,4,46)
r(108,4,4,46)
r(154,3,4,46)
r(183,4,4,46)
w(130,2,4,46)
w(45,4,4,46)
w(307,3,4,46)
w(435,6,5,47)
r(208,4,5,47)
w(42,7,5,47)
w(147,5,5,47)
r(315,1,5,47)
r(301,2,5,47)
w(352,4,5,47)
w(410,4,5,47)
w(466,2,5,47)
r(114,1,5,47)
w(474,2,5,47)
r(171,1,5,47)
r(221,4,5,47)
w(295,5,5,47)
w(335,5,5,47)
r(249,4,5,47)
r(399,8,5,47)
w(298,4,5,47)
w(427,5,5,47)
w(180,7,5,47)
w(273,6,6,48)
r(133,2,6,48)
r(395,1,6,48)
w(369,7,6,48)
r(36,2,6,48)
r(87,1,6,48)
r(4,2,6,48)
w(338,8,6,48)
w(366,5,6,48)
w(250,6,6,48)
w(94,2,6,48)
w(276,7,6,48)
w(402,6,6,48)
w(424,7,6,48)
w(388,5,6,48)
r(336,1,6,48)
r(75,1,6,48)
r(127,3,6,48)
w(59,7,6,48)
r(399,8,6,48)
r(225,1,1,49)
w(438,2,1,49)
r(4,2,1,49)
w(380,2,1,49)
r(64,7,1,49)
r(247,2,1,49)
r(184,1,1,49)
r(422,1,1,49)
w(358,2,1,49)
r(429,1,1,49)
w(455,2,1,49)
r(426,1,1,49)
r(143,1,1,49)
w(451,2,1,49)
w(309,2,1,49)
w(55,2,1,49)
w(207,3,1,49)
r(49,2,1,49)
r(236,1,1,49)
r(282,1,1,49)
w(183,2,2,50)
r(447,4,2,50)
w(369,3,2,50)
r(397,1,2,50)
r(104,1,2,50)
w(470,2,2,50)
r(301,2,2,50)
r(234,2,2,50)
w(400,4,2,50)
w(97,3,2,50)
w(175,2,2,50)
w(225,4,2,50)
r(364,5,2,50)
r(254,4,2,50)
r(167,1,2,50)
w(69,2,2,50)
w(122,2,2,50)
r(336,1,2,50)
w(15,2,2,50)
r(477,1,2,50)
r(190,2,3,51)
w(97,6,3,51)
r(463,5,3,51)
r(256,2,3,51)
r(161,1,3,51)
r(464,2,3,51)
r(9,2,3,51)
r(461,2,3,51)
r(441,3,3,51)
w(377,5,3,51)
w(247,6,3,51)
r(395,1,3,51)
r(219,2,3,51)
w(31,3,3,51)
r(452,2,3,51)
w(363,7,3,51)
r(137,2,3,51)
w(160,3,3,51)
r(32,2,3,51)
w(268,2,3,51)
r(20,1,4,52)
r(32,2,4,52)
w(459,5,4,52)
r(324,2,4,52)
w(227,3,4,52)
w(36,2,4,52)
w(471,3,4,52)
r(301,2,4,52)
w(354,6,4,52)
w(65,6,4,52)
r(381,5,4,52)
r(196,1,4,52)
w(76,3,4,52)
r(249,4,4,52)
r(216,4,4,52)
w(376,4,4,52)
w(257,3,4,52)
w(40,5,4,52)
r(448,1,4,52)
r(94,1,4,52)
r(287,8,5,53)
r(14,1,5,53)
w(41,5,5,53)
w(103,3,5,53)
w(285,4,5,53)
w(224,6,5,53)
w(282,4,5,53)
r(191,1,5,53)
r(203,3,5,53)
w(480,2,5,53)
w(278,5,5,53)
r(169,1,5,53)
r(294,2,5,53)
r(127,3,5,53)
r(76,1,5,53)
r(370,4,5,53)
w(342,4,5,53)
r(374,1,5,53)
r(296,2,5,53)
w(380,5,5,53)
r(139,5,6,54)
r(397,1,6,54)
r(238,1,6,54)
w(241,4,6,54)
w(68,3,6,54)
r(25,3,6,54)
r(4,2,6,54)
r(342,4,6,54)
r(170,2,6,54)
w(99,5,6,54)
r(24,2,6,54)
w(469,7,6,54)
w(154,8,6,54)
w(420,6,6,54)
r(33,3,6,54)
w(183,5,6,54)
w(333,7,6,54)
r(450,2,6,54)
r(237,2,6,54)
w(199,7,6,54)
w(360,2,1,55)
r(474,2,1,55)
r(389,1,1,55)
r(173,5,1,55)
w(38,2,1,55)
w(432,3,1,55)
w(247,3,1,55)
r(95,2,1,55)
w(164,2,1,55)
r(97,3,1,55)
r(409,1,1,55)
w(42,2,1,55)
w(190,2,1,55)
r(24,2,1,55)
r(468,3,1,55)
r(478,1,1,55)
r(60,1,1,55)
w(224,2,1,55)
r(405,1,1,55)
r(22,1,1,55)
r(219,2,2,56)
r(431,4,2,56)
w(240,2,2,56)
r(53,7,2,56)
w(182,2,2,56)
w(19,2,2,56)
r(431,4,2,56)
r(82,1,2,56)
r(182,2,2,56)
r(437,1,2,56)
r(383,1,2,56)
w(23,3,2,56)
w(28,2,2,56)
w(353,2,2,56)
r(425,1,2,56)
r(401,1,2,56)
r(42,2,2,56)
w(240,3,2,56)
r(100,4,2,56)
w(143,2,2,56)
r(75,1,3,57)
r(226,2,3,57)
w(265,3,3,57)
w(51,2,3,57)
w(80,3,3,57)
w(245,3,3,57)
r(277,7,3,57)
w(241,3,3,57)
r(60,1,3,57)
w(191,3,3,57)
w(251,3,3,57)
r(148,1,3,57)
w(331,3,3,57)
w(125,2,3,57)
w(399,5,3,57)
r(222,2,3,57)
r(65,2,3,57)
r(466,4,3,57)
r(158,2,3,57)
r(14,1,3,57)
w(53,7,4,58)
r(91,3,4,58)
r(123,1,4,58)
w(438,4,4,58)
r(317,1,4,58)
r(329,1,4,58)
w(400,5,4,58)
w(346,4,4,58)
w(442,5,4,58)
r(296,2,4,58)
w(422,3,4,58)
w(7,4,4,58)
w(378,5,4,58)
w(281,3,4,58)
w(298,3,4,58)
w(132,2,4,58)
w(404,5,4,58)
w(264,5,4,58)
r(416,7,4,58)
w(116,3,4,58)
r(147,2,5,59)
r(133,2,5,59)
w(116,5,5,59)
w(178,7,5,59)
r(305,1,5,59)
r(158,1,5,59)
r(145,1,5,59)
w(10,4,5,59)
r(92,4,5,59)
w(139,5,5,59)
r(22,1,5,59)
w(385,4,5,59)
w(230,4,5,59)
w(13,7,5,59)
w(222,2,5,59)
r(474,2,5,59)
w(57,3,5,59)
w(1,3,5,59)
w(157,6,5,59)
w(156,5,5,59)
w(54,7,6,60)
r(226,4,6,60)
w(153,4,6,60)
r(86,1,6,60)
r(381,5,6,60)
r(229,4,6,60)
w(353,8,6,60)
r(430,1,6,60)
r(163,1,6,60)
r(434,1,6,60)
r(290,1,6,60)
w(336,3,6,60)
r(87,1,6,60)
r(325,1,6,60)
w(280,7,6,60)
r(415,1,6,60)
w(119,7,6,60)
r(433,2,6,60)
r(172,2,6,60)
w(158,2,6,60)
r(30,1,1,61)
r(452,2,1,61)
w(176,2,1,61)
r(231,3,1,61)
r(250,6,1,61)
r(387,1,1,61)
w(173,2,1,61)
w(473,2,1,61)
r(315,1,1,61)
r(272,1,1,61)
w(450,2,1,61)
w(89,2,1,61)
w(6,2,1,61)
w(111,2,1,61)
r(296,2,1,61)
w(436,5,1,61)
w(162,2,1,61)
r(296,2,1,61)
w(291,2,1,61)
r(217,8,1,61)
r(82,1,2,62)
r(445,3,2,62)
r(354,6,2,62)
w(109,4,2,62)
w(55,5,2,62)
w(160,2,2,62)
w(255,5,2,62)
w(428,3,2,62)
w(191,2,2,62)
r(451,2,2,62)
r(217,8,2,62)
w(43,3,2,62)
w(401,2,2,62)
w(342,2,2,62)
w(418,5,2,62)
w(326,2,2,62)
r(25,3,2,62)
w(346,3,2,62)
w(307,2,2,62)
r(459,5,2,62)
w(52,2,3,63)
w(141,3,3,63)
r(19,2,3,63)
w(411,4,3,63)
r(208,3,3,63)
w(113,4,3,63)
w(129,3,3,63)
w(273,5,3,63)
w(65,5,3,63)
w(145,5,3,63)
r(208,3,3,63)
w(292,3,3,63)
w(428,5,3,63)
r(10,2,3,63)
w(9,4,3,63)
w(238,2,3,63)
w(208,2,3,63)
r(60,1,3,63)
w(341,3,3,63)
w(274,3,3,63)
r(386,1,4,64)
w(470,5,4,64)
w(165,4,4,64)
w(169,4,4,64)
w(353,6,4,64)
r(88,2,4,64)
r(342,4,4,64)
r(240,3,4,64)
r(453,5,4,64)
r(21,4,4,64)
r(32,2,4,64)
w(315,4,4,64)
w(147,3,4,64)
w(337,4,4,64)
r(276,7,4,64)
r(6,2,4,64)
r(398,3,4,64)
r(10,4,4,64)
r(471,3,4,64)
w(270,3,4,64)
w(467,5,5,65)
r(439,2,5,65)
r(382,1,5,65)
w(149,4,5,65)
w(209,3,5,65)
w(57,4,5,65)
w(412,6,5,65)
w(332,5,5,65)
r(83,1,5,65)
w(450,4,5,65)
r(140,1,5,65)
r(361,4,5,65)
r(257,3,5,65)
w(175,6,5,65)
r(282,4,5,65)
w(352,5,5,65)
r(81,8,5,65)
r(466,2,5,65)
r(7,4,5,65)
r(461,2,5,65)
w(43,6,6,66)
r(223,3,6,66)
w(445,5,6,66)
r(169,2,6,66)
r(445,5,6,66)
r(128,2,6,66)
w(101,5,6,66)
w(387,7,6,66)
w(316,6,6,66)
w(254,5,6,66)
w(94,3,6,66)
w(63,6,6,66)
r(332,5,6,66)
r(473,2,6,66)
w(331,4,6,66)
w(458,6,6,66)
w(111,4,6,66)
w(466,4,6,66)
r(280,7,6,66)
w(323,5,6,66)
w(282,2,1,67)
r(447,4,1,67)
r(451,2,1,67)
r(293,3,1,67)
r(295,5,1,67)
w(54,2,1,67)
r(153,1,1,67)
r(134,2,1,67)
r(133,2,1,67)
r(41,5,1,67)
w(63,2,1,67)
w(169,2,1,67)
r(226,4,1,67)
w(317,2,1,67)
w(225,2,1,67)
w(421,2,1,67)
w(284,2,1,67)
r(269,5,1,67)
w(68,2,1,67)
w(255,3,1,67)
r(345,1,2,68)
r(148,1,2,68)
r(254,4,2,68)
w(261,2,2,68)
r(20,1,2,68)
r(292,1,2,68)
w(105,2,2,68)
r(4,2,2,68)
r(46,4,2,68)
r(277,7,2,68)
w(446,4,2,68)
r(195,5,2,68)
w(66,4,2,68)
r(372,1,2,68)
r(251,1,2,68)
r(384,1,2,68)
w(180,3,2,68)
r(10,4,2,68)
r(211,2,2,68)
r(3,2,2,68)
r(193,1,3,69)
r(243,2,3,69)
r(434,1,3,69)
r(372,2,3,69)
r(448,1,3,69)
r(239,5,3,69)
r(458,6,3,69)
r(444,2,3,69)
r(353,8,3,69)
w(8,3,3,69)
w(288,4,3,69)
r(164,3,3,69)
w(359,5,3,69)
w(413,4,3,69)
r(312,3,3,69)
w(408,2,3,69)
w(413,5,3,69)
r(131,5,3,69)
r(164,3,3,69)
w(299,2,3,69)
w(310,4,4,70)
r(4,2,4,70)
r(349,1,4,70)
r(386,1,4,70)
w(124,3,4,70)
w(383,5,4,70)
w(378,7,4,70)
r(462,2,4,70)
w(289,2,4,70)
w(107,5,4,70)
w(305,3,4,70)
w(58,5,4,70)
w(8,5,4,70)
w(317,5,4,70)
r(361,4,4,70)
r(266,1,4,70)
r(256,2,4,70)
w(86,3,4,70)
w(432,7,4,70)
r(384,1,4,70)
r(464,1,5,71)
w(371,3,5,71)
r(191,2,5,71)
w(463,5,5,71)
r(330,2,5,71)
w(387,4,5,71)
r(113,7,5,71)
r(229,2,5,71)
w(439,4,5,71)
w(470,8,5,71)
w(338,6,5,71)
w(458,7,5,71)
r(367,1,5,71)
r(228,1,5,71)
r(318,3,5,71)
w(138,4,5,71)
r(28,2,5,71)
r(172,2,5,71)
r(394,3,5,71)
r(155,5,5,71)
w(252,4,6,72)
w(219,3,6,72)
r(474,2,6,72)
r(124,3,6,72)
w(450,5,6,72)
r(208,3,6,72)
w(405,3,6,72)
r(423,2,6,72)
w(330,5,6,72)
w(166,9,6,72)
r(1,3,6,72)
r(441,3,6,72)
r(305,3,6,72)
w(244,6,6,72)
r(479,1,6,72)
r(30,1,6,72)
w(116,7,6,72)
w(107,10,6,72)
w(29,4,6,72)
r(254,5,6,72)
r(39,4,1,73)
w(269,2,1,73)
r(382,1,1,73)
r(379,3,1,73)
r(66,4,1,73)
r(270,3,1,73)
r(293,3,1,73)
r(109,4,1,73)
w(418,2,1,73)
r(424,7,1,73)
r(101,2,1,73)
r(224,2,1,73)
w(416,3,1,73)
r(59,7,1,73)
r(59,7,1,73)
r(159,1,1,73)
r(331,1,1,73)
r(35,1,1,73)
r(454,1,1,73)
r(441,3,1,73)
w(164,3,2,74)
w(376,2,2,74)
w(89,4,2,74)
w(217,3,2,74)
r(408,1,2,74)
w(437,2,2,74)
r(160,2,2,74)
r(15,2,2,74)
r(51,5,2,74)
r(115,4,2,74)
w(5,2,2,74)
r(299,1,2,74)
w(101,2,2,74)
r(162,2,2,74)
r(435,6,2,74)
w(213,2,2,74)
w(284,4,2,74)
w(383,3,2,74)
w(131,3,2,74)
r(255,3,2,74)
w(373,2,3,75)
r(226,7,3,75)
w(345,4,3,75)
r(78,2,3,75)
r(154,7,3,75)
r(211,3,3,75)
w(399,7,3,75)
r(259,1,3,75)
w(268,3,3,75)
w(167,2,3,75)
w(83,4,3,75)
w(83,5,3,75)
r(147,4,3,75)
r(418,2,3,75)
w(163,3,3,75)
r(154,7,3,75)
r(229,2,3,75)
r(289,2,3,75)
r(151,7,3,75)
r(103,4,3,75)
r(86,3,4,76)
r(443,1,4,76)
w(292,4,4,76)
r(26,1,4,76)
r(142,5,4,76)
r(353,8,4,76)
r(116,5,4,76)
w(238,3,4,76)
w(205,5,4,76)
w(67,7,4,76)
w(369,5,4,76)
w(41,3,4,76)
r(346,3,4,76)
r(149,4,4,76)
w(145,6,4,76)
r(59,7,4,76)
r(444,4,4,76)
r(362,5,4,76)
w(464,2,4,76)
r(209,3,4,76)
w(391,4,5,77)
w(57,5,5,77)
r(58,5,5,77)
r(278,5,5,77)
w(300,5,5,77)
w(268,5,5,77)
w(172,7,5,77)
w(224,8,5,77)
w(99,4,5,77)
r(348,1,5,77)
w(84,4,5,77)
r(262,3,5,77)
w(175,8,5,77)
r(310,4,5,77)
w(286,5,5,77)
w(365,6,5,77)
r(102,1,5,77)
w(239,5,5,77)
r(229,2,5,77)
r(67,7,5,77)
r(123,1,6,78)
w(103,4,6,78)
w(125,5,6,78)
r(390,1,6,78)
w(442,6,6,78)
w(153,5,6,78)
w(461,4,6,78)
w(119,6,6,78)
w(392,8,6,78)
w(188,2,6,78)
w(238,4,6,78)
r(337,4,6,78)
w(236,4,6,78)
w(160,7,6,78)
r(359,1,6,78)
w(58,8,6,78)
r(448,1,6,78)
w(226,7,6,78)
r(271,3,6,78)
r(256,2,6,78)
w(459,2,1,79)
w(205,2,1,79)
w(150,2,1,79)
r(452,2,1,79)
r(258,4,1,79)
w(472,2,1,79)
r(387,1,1,79)
r(160,2,1,79)
r(257,3,1,79)
w(224,3,1,79)
w(204,3,1,79)
r(419,1,1,79)
w(229,2,1,79)
w(316,3,1,79)
w(383,2,1,79)
r(434,1,1,79)
w(72,3,1,79)
w(313,2,1,79)
w(65,2,1,79)
r(365,1,1,79)
w(63,4,2,80)
r(219,2,2,80)
r(157,6,2,80)
r(394,3,2,80)
w(308,2,2,80)
w(465,2,2,80)
w(363,4,2,80)
w(427,2,2,80)
w(350,3,2,80)
r(223,3,2,80)
r(480,2,2,80)
w(339,3,2,80)
r(137,1,2,80)
r(259,1,2,80)
w(71,2,2,80)
r(263,1,2,80)
w(16,2,2,80)
r(461,2,2,80)
w(187,2,2,80)
r(416,3,2,80)
r(192,4,3,81)
r(372,3,3,81)
w(260,3,3,81)
w(460,4,3,81)
r(189,3,3,81)
r(59,7,3,81)
w(479,4,3,81)
r(280,7,3,81)
w(459,3,3,81)
w(352,2,3,81)
w(357,4,3,81)
w(8,4,3,81)
w(257,2,3,81)
w(81,7,3,81)
r(286,5,3,81)
w(301,5,3,81)
r(191,3,3,81)
w(213,4,3,81)
w(39,3,3,81)
w(365,3,3,81)
w(11,2,4,82)
w(375,7,4,82)
w(18,3,4,82)
w(179,2,4,82)
r(462,2,4,82)
w(21,3,4,82)
r(355,1,4,82)
r(48,4,4,82)
w(361,2,4,82)
r(114,1,4,82)
r(18,3,4,82)
r(266,1,4,82)
r(115,4,4,82)
w(365,5,4,82)
w(180,4,4,82)
w(40,7,4,82)
w(107,7,4,82)
w(394,4,4,82)
w(230,3,4,82)
w(147,4,4,82)
r(9,2,5,83)
r(201,2,5,83)
r(464,2,5,83)
w(456,4,5,83)
w(202,4,5,83)
r(300,5,5,83)
w(205,7,5,83)
r(468,3,5,83)
w(170,4,5,83)
w(345,5,5,83)
w(131,5,5,83)
r(390,1,5,83)
r(182,2,5,83)
r(128,2,5,83)
w(469,5,5,83)
w(368,4,5,83)
r(284,4,5,83)
r(281,3,5,83)
r(233,2,5,83)
w(133,5,5,83)
w(191,4,6,84)
r(222,2,6,84)
r(429,1,6,84)
r(386,1,6,84)
w(117,4,6,84)
w(349,2,6,84)
r(327,2,6,84)
r(305,3,6,84)
r(386,1,6,84)
w(113,6,6,84)
w(21,5,6,84)
w(171,2,6,84)
w(217,10,6,84)
r(157,6,6,84)
r(141,3,6,84)
r(441,3,6,84)
r(411,4,6,84)
w(250,8,6,84)
w(138,2,1,85)
r(350,3,1,85)
w(90,2,1,85)
w(460,2,1,85)
r(208,3,1,85)
w(317,3,1,85)
w(320,2,1,85)
w(364,2,1,85)
r(469,7,1,85)
w(93,2,1,85)
w(409,2,1,85)
w(107,2,1,85)
r(463,5,1,85)
r(111,2,1,85)
r(40,5,1,85)
w(412,2,1,85)
r(197,6,1,85)
w(118,3,1,85)
r(386,1,1,85)
w(402,3,1,85)
r(413,2,2,86)
r(349,1,2,86)
r(386,1,2,86)
w(226,2,2,86)
r(326,2,2,86)
w(79,2,2,86)
r(127,3,2,86)
r(251,1,2,86)
r(155,5,2,86)
w(230,2,2,86)
w(460,3,2,86)
r(317,3,2,86)
r(456,1,2,86)
r(281,3,2,86)
w(186,4,2,86)
r(340,2,2,86)
w(276,2,2,86)
r(425,1,2,86)
w(262,3,2,86)
r(463,5,2,86)
r(173,3,3,87)
w(416,5,3,87)
w(255,6,3,87)
w(33,4,3,87)
w(51,3,3,87)
w(156,4,3,87)
w(135,2,3,87)
w(377,7,3,87)
r(361,2,3,87)
w(22,4,3,87)
r(88,2,3,87)
r(75,1,3,87)
w(281,2,3,87)
w(133,4,3,87)
r(132,4,3,87)
w(32,4,3,87)
r(307,2,3,87)
w(397,2,3,87)
r(342,2,3,87)
r(198,3,3,87)
r(471,3,4,88)
r(127,3,4,88)
r(47,2,4,88)
w(217,5,4,88)
w(275,3,4,88)
r(393,7,4,88)
r(476,3,4,88)
w(99,3,4,88)
w(409,4,4,88)
w(51,4,4,88)
r(6,2,4,88)
r(348,1,4,88)
r(354,6,4,88)
r(28,2,4,88)
w(277,4,4,88)
r(83,1,4,88)
r(20,1,4,88)
w(287,6,4,88)
w(275,4,4,88)
r(187,2,4,88)
w(464,3,5,89)
r(477,1,5,89)
w(291,6,5,89)
r(378,7,5,89)
r(443,1,5,89)
w(25,5,5,89)
w(435,8,5,89)
r(336,3,5,89)
r(153,4,5,89)
w(267,4,5,89)
r(129,1,5,89)
w(402,7,5,89)
r(239,5,5,89)
w(154,7,5,89)
w(100,7,5,89)
r(184,1,5,89)
w(408,4,5,89)
w(321,5,5,89)
r(382,1,5,89)
w(15,3,5,89)
w(119,8,6,90)
w(362,7,6,90)
r(252,4,6,90)
r(299,2,6,90)
r(91,3,6,90)
r(300,4,6,90)
r(94,3,6,90)
w(430,4,6,90)
r(26,3,6,90)
r(292,3,6,90)
w(63,8,6,90)
r(259,1,6,90)
w(348,5,6,90)
r(377,7,6,90)
r(408,2,6,90)
w(68,4,6,90)
r(11,2,6,90)
r(392,8,6,90)
r(457,3,6,90)
w(422,7,6,90)
w(273,3,1,91)
w(321,2,1,91)
r(268,7,1,91)
w(137,2,1,91)
w(444,2,1,91)
w(100,2,1,91)
r(477,1,1,91)
w(364,3,1,91)
w(247,4,1,91)
w(358,3,1,91)
w(372,2,1,91)
w(312,2,1,91)
r(372,2,1,91)
w(247,5,1,91)
r(292,4,1,91)
r(65,2,1,91)
w(318,2,1,91)
w(145,2,1,91)
r(146,2,1,91)
w(243,2,1,91)
w(66,5,2,92)
r(264,5,2,92)
w(197,2,2,92)
w(76,2,2,92)
w(9,2,2,92)
w(454,3,2,92)
w(21,2,2,92)
r(453,5,2,92)
w(175,3,2,92)
w(368,2,2,92)
w(426,2,2,92)
r(113,7,2,92)
w(374,2,2,92)
r(103,3,2,92)
w(142,3,2,92)
r(3,2,2,92)
w(411,3,2,92)
r(467,5,2,92)
r(407,1,2,92)
r(317,3,2,92)
r(442,6,3,93)
r(32,4,3,93)
r(276,5,3,93)
w(162,4,3,93)
r(442,6,3,93)
w(26,3,3,93)
r(98,1,3,93)
r(156,7,3,93)
r(45,4,3,93)
r(399,7,3,93)
r(451,2,3,93)
w(44,2,3,93)
w(424,4,3,93)
w(79,3,3,93)
r(214,2,3,93)
r(427,2,3,93)
w(178,4,3,93)
r(69,2,3,93)
r(131,5,3,93)
r(224,8,3,93)
w(300,4,4,94)
r(474,2,4,94)
w(24,3,4,94)
r(239,5,4,94)
w(468,4,4,94)
r(333,4,4,94)
r(271,3,4,94)
r(193,1,4,94)
r(263,1,4,94)
w(192,4,4,94)
r(11,2,4,94)
r(245,4,4,94)
r(417,2,4,94)
r(301,2,4,94)
r(25,5,4,94)
r(128,2,4,94)
r(185,1,4,94)
w(67,6,4,94)
r(83,1,4,94)
r(370,4,4,94)
r(268,2,5,95)
w(151,7,5,95)
w(333,4,5,95)
r(461,2,5,95)
w(439,5,5,95)
r(260,1,5,95)
r(91,3,5,95)
r(442,5,5,95)
r(96,4,5,95)
r(436,5,5,95)
w(85,2,5,95)
w(54,5,5,95)
w(30,4,5,95)
w(312,7,5,95)
w(245,4,5,95)
r(328,2,5,95)
r(211,3,5,95)
r(429,1,5,95)
r(309,2,5,95)
r(175,3,5,95)
w(303,2,6,96)
r(112,2,6,96)
r(309,3,6,96)
r(284,4,6,96)
r(92,2,6,96)
r(55,3,6,96)
r(409,4,6,96)
r(200,1,6,96)
r(110,4,6,96)
r(66,2,6,96)
w(351,7,6,96)
w(453,6,6,96)
r(86,3,6,96)
w(256,3,6,96)
r(476,3,6,96)
r(136,1,6,96)
w(122,4,6,96)
r(381,3,6,96)
r(429,1,6,96)
w(342,5,6,96)
r(385,4,1,97)
w(449,2,1,97)
r(393,7,1,97)
w(450,3,1,97)
r(411,3,1,97)
w(10,2,1,97)
w(406,2,1,97)
r(471,3,1,97)
r(48,4,1,97)
r(68,2,1,97)
w(421,3,1,97)
r(316,6,1,97)
w(320,3,1,97)
w(423,2,1,97)
w(355,2,1,97)
w(186,2,1,97)
r(341,4,1,97)
w(273,4,1,97)
w(288,2,1,97)
r(455,2,1,97)
r(346,3,2,98)
w(296,3,2,98)
w(177,2,2,98)
w(62,3,2,98)
r(284,4,2,98)
w(272,2,2,98)
w(198,3,2,98)
r(166,8,2,98)
r(469,5,2,98)
w(413,3,2,98)
r(381,5,2,98)
w(351,2,2,98)
w(333,2,2,98)
r(206,1,2,98)
r(280,7,2,98)
w(137,3,2,98)
r(475,1,2,98)
r(347,2,2,98)
w(244,3,2,98)
w(333,3,2,98)
w(427,4,3,99)
w(463,3,3,99)
r(353,8,3,99)
r(19,2,3,99)
r(460,4,3,99)
w(365,4,3,99)
r(319,1,3,99)
w(458,5,3,99)
r(319,1,3,99)
w(159,2,3,99)
r(34,1,3,99)
w(82,2,3,99)
w(353,4,3,99)
r(4,5,3,99)
w(224,5,3,99)
r(322,7,3,99)
w(172,4,3,99)
r(417,2,3,99)
r(412,2,3,99)
r(153,3,3,99)
r(58,8,4,100)
r(135,1,4,100)
r(214,2,4,100)
w(281,4,4,100)
r(321,5,4,100)
r(65,5,4,100)
r(424,7,4,100)
r(440,2,4,100)
r(88,2,4,100)
r(418,2,4,100)
w(235,2,4,100)
w(351,4,4,100)
r(474,2,4,100)
r(219,3,4,100)
r(396,2,4,100)
w(360,6,4,100)
r(156,5,4,100)
r(11,2,4,100)
r(122,2,4,100)
w(348,3,4,100)
w(132,4,5,101)
r(42,2,5,101)
w(443,3,5,101)
w(413,6,5,101)
r(390,1,5,101)
w(308,3,5,101)
r(71,2,5,101)
w(50,4,5,101)
r(19,2,5,101)
w(247,8,5,101)
r(159,1,5,101)
w(317,7,5,101)
r(282,2,5,101)
r(80,3,5,101)
w(42,6,5,101)
w(110,4,5,101)
w(199,4,5,101)
r(7,4,5,101)
w(262,4,5,101)
w(26,4,5,101)
w(49,3,6,102)
w(69,5,6,102)
r(16,2,6,102)
w(75,4,6,102)
w(171,3,6,102)
w(192,6,6,102)
w(173,6,6,102)
r(37,3,6,102)
r(476,3,6,102)
r(91,3,6,102)
w(293,4,6,102)
r(161,1,6,102)
r(440,3,6,102)
r(191,3,6,102)
w(246,4,6,102)
r(9,4,6,102)
w(457,5,6,102)
w(406,4,6,102)
w(31,5,6,102)
r(70,2,6,102)
r(424,7,1,103)
r(186,2,1,103)
r(50,1,1,103)
w(87,2,1,103)
r(254,5,1,103)
r(226,2,1,103)
w(102,2,1,103)
w(477,2,1,103)
w(55,3,1,103)
r(390,1,1,103)
w(446,2,1,103)
r(265,3,1,103)
w(102,3,1,103)
w(363,2,1,103)
r(315,4,1,103)
w(423,3,1,103)
r(270,3,1,103)
w(27,2,1,103)
w(381,2,1,103)
r(208,3,1,103)
w(231,2,2,104)
r(12,7,2,104)
w(448,3,2,104)
r(58,8,2,104)
r(196,2,2,104)
r(343,3,2,104)
r(146,2,2,104)
w(81,3,2,104)
w(162,3,2,104)
w(291,4,3,105)
r(251,3,3,105)
r(298,3,3,105)
w(177,5,3,105)
w(291,5,3,105)
w(107,4,3,105)
r(70,2,3,105)
r(130,4,3,105)
w(46,3,3,105)
w(278,3,3,105)
w(439,3,3,105)
w(430,2,3,105)
w(236,2,3,105)
r(229,2,3,105)
w(432,5,3,105)
r(441,3,3,105)
w(477,3,3,105)
w(228,2,3,105)
w(40,4,3,105)
r(259,2,3,105)
w(387,3,4,106)
w(249,5,4,106)
r(144,1,4,106)
r(50,4,4,106)
w(14,4,4,106)
w(17,5,4,106)
r(93,5,4,106)
w(193,4,4,106)
w(354,8,4,106)
r(208,2,4,106)
r(324,2,4,106)
w(316,5,4,106)
r(156,7,4,106)
r(58,8,4,106)
w(113,5,4,106)
r(212,1,4,106)
r(205,6,4,106)
w(356,3,4,106)
r(402,7,4,106)
w(330,4,4,106)
w(389,2,5,107)
w(449,5,5,107)
r(368,4,5,107)
r(175,3,5,107)
r(150,2,5,107)
w(316,7,5,107)
r(480,2,5,107)
r(74,1,5,107)
r(399,5,5,107)
w(111,3,5,107)
r(438,4,5,107)
r(381,3,5,107)
r(320,3,5,107)
r(230,3,5,107)
r(116,7,5,107)
r(211,3,5,107)
r(111,3,5,107)
r(341,3,5,107)
r(106,1,5,107)
r(83,1,5,107)
r(128,2,6,108)
w(309,4,6,108)
w(154,10,6,108)
r(314,3,6,108)
w(55,8,6,108)
r(140,1,6,108)
w(304,5,6,108)
r(93,5,6,108)
w(249,6,6,108)
w(88,4,6,108)
w(224,10,6,108)
r(466,4,6,108)
r(152,2,6,108)
w(389,3,6,108)
w(162,7,6,108)
r(455,2,6,108)
w(7,7,6,108)
w(91,7,6,108)
w(98,3,6,108)
w(401,3,6,108)
r(367,1,1,109)
w(449,3,1,109)
w(4,3,1,109)
r(467,5,1,109)
r(344,1,1,109)
r(252,4,1,109)
w(196,2,1,109)
w(115,2,1,109)
w(366,2,1,109)
w(27,3,1,109)
w(66,2,1,109)
w(312,3,1,109)
w(381,3,1,109)
r(150,2,1,109)
w(407,2,1,109)
w(332,2,1,109)
r(469,5,1,109)
w(456,2,1,109)
w(337,2,1,109)
r(214,2,1,109)
w(334,2,2,110)
w(350,4,2,110)
r(204,3,2,110)
r(446,2,2,110)
r(190,2,2,110)
w(71,3,2,110)
w(320,4,2,110)
w(92,2,2,110)
r(218,1,2,110)
r(472,2,2,110)
w(458,2,2,110)
w(182,3,2,110)
w(341,2,2,110)
w(316,4,2,110)
w(100,5,2,110)
r(78,2,2,110)
w(362,3,2,110)
w(17,2,2,110)
w(61,2,2,110)
w(286,3,2,110)
r(220,4,3,111)
r(168,4,3,111)
w(327,4,3,111)
r(182,3,3,111)
w(360,7,3,111)
w(373,3,3,111)
r(122,3,3,111)
r(480,3,3,111)
r(452,2,3,111)
r(47,2,3,111)
r(307,2,3,111)
w(237,7,3,111)
r(467,5,3,111)
w(280,4,3,111)
r(234,2,3,111)
w(212,3,3,111)
r(343,3,3,111)
w(33,5,3,111)
r(26,3,3,111)
r(261,2,3,111)
w(443,2,4,112)
r(289,2,4,112)
r(469,5,4,112)
w(365,7,4,112)
w(268,4,4,112)
w(121,4,4,112)
w(435,7,4,112)
r(209,3,4,112)
w(142,7,4,112)
w(378,6,4,112)
r(243,4,4,112)
w(422,4,4,112)
r(457,4,4,112)
w(120,3,4,112)
w(129,4,4,112)
w(210,2,4,112)
r(156,7,4,112)
r(385,4,4,112)
w(319,2,4,112)
r(158,2,4,112)
r(22,1,5,113)
w(213,5,5,113)
r(234,2,5,113)
w(368,5,5,113)
w(196,5,5,113)
w(309,3,5,113)
w(168,4,5,113)
r(387,7,5,113)
w(395,2,5,113)
w(471,4,5,113)
w(276,5,5,113)
w(205,6,5,113)
w(419,2,5,113)
w(396,3,5,113)
r(115,2,5,113)
w(17,8,5,113)
r(132,4,5,113)
w(439,7,5,113)
r(121,7,5,113)
r(73,1,5,113)
w(269,6,6,114)
w(409,6,6,114)
r(234,2,6,114)
w(95,5,6,114)
w(334,3,6,114)
w(200,3,6,114)
w(346,7,6,114)
r(420,5,6,114)
r(351,7,6,114)
w(424,6,6,114)
r(260,4,6,114)
r(1,2,6,114)
r(76,2,6,114)
w(162,6,6,114)
r(373,3,6,114)
r(305,3,6,114)
w(263,4,6,114)
r(90,2,6,114)
w(14,5,6,114)
r(411,4,6,114)
w(479,2,1,115)
w(336,2,1,115)
w(292,2,1,115)
w(454,2,1,115)
w(339,2,1,115)
w(266,2,1,115)
r(346,3,1,115)
r(474,2,1,115)
r(55,3,1,115)
r(89,4,1,115)
w(360,3,1,115)
w(145,3,1,115)
r(33,3,1,115)
r(383,5,1,115)
r(448,1,1,115)
r(274,3,1,115)
w(295,2,1,115)
r(52,2,1,115)
w(250,2,1,115)
r(53,7,2,116)
w(331,2,2,116)
r(316,4,2,116)
w(370,3,2,116)
w(123,3,2,116)
r(196,5,2,116)
w(185,2,2,116)
w(153,3,2,116)
r(317,7,2,116)
r(341,2,2,116)
r(444,2,2,116)
w(350,5,2,116)
w(239,3,2,116)
w(185,3,2,116)
w(43,4,2,116)
w(368,3,2,116)
r(473,3,2,116)
r(395,2,2,116)
r(432,7,2,116)
r(451,2,2,116)
w(286,4,3,117)
w(70,3,3,117)
w(196,4,3,117)
w(30,3,3,117)
r(243,3,3,117)
r(422,4,3,117)
r(287,4,3,117)
w(167,3,3,117)
r(19,2,3,117)
w(356,2,3,117)
r(229,2,3,117)
w(119,4,3,117)
r(396,3,3,117)
r(190,2,3,117)
w(338,5,3,117)
r(166,9,3,117)
w(231,4,3,117)
w(139,2,3,117)
w(318,4,3,117)
w(301,7,3,117)
w(243,3,4,118)
r(156,7,4,118)
w(312,4,4,118)
w(223,2,4,118)
w(193,5,4,118)
r(91,3,4,118)
w(468,5,4,118)
r(347,2,4,118)
r(276,4,4,118)
r(477,2,4,118)
r(380,5,4,118)
w(160,5,4,118)
w(209,2,4,118)
r(435,7,4,118)
w(179,3,4,118)
r(353,4,4,118)
w(469,4,4,118)
w(74,2,4,118)
r(85,2,4,118)
r(64,7,4,118)
r(231,3,5,119)
r(424,7,5,119)
w(71,6,5,119)
r(416,3,5,119)
r(271,3,5,119)
w(93,5,5,119)
r(180,4,5,119)
w(7,5,5,119)
w(148,3,5,119)
r(223,3,5,119)
w(4,5,5,119)
r(79,2,5,119)
w(277,5,5,119)
w(322,7,5,119)
w(39,5,5,119)
w(106,4,5,119)
w(155,4,5,119)
w(453,4,5,119)
r(416,3,5,119)
r(165,4,5,119)
r(109,3,6,120)
r(200,3,6,120)
w(124,4,6,120)
w(215,4,6,120)
r(302,1,6,120)
w(15,4,6,120)
r(233,2,6,120)
w(93,7,6,120)
w(148,4,6,120)
r(372,7,6,120)
w(101,7,6,120)
r(445,5,6,120)
w(337,7,6,120)
w(92,5,6,120)
r(253,2,6,120)
w(49,4,6,120)
r(287,7,6,120)
r(254,2,6,120)
r(251,3,6,120)
r(255,6,6,120)
r(200,1,1,121)
w(372,3,1,121)
w(313,3,1,121)
w(138,3,1,121)
r(129,3,1,121)
r(340,2,1,121)
r(329,1,1,121)
r(7,4,1,121)
r(220,3,1,121)
r(87,2,1,121)
r(350,3,1,121)
w(404,3,1,121)
r(386,1,1,121)
r(409,4,1,121)
w(12,3,1,121)
w(473,3,1,121)
r(83,5,1,121)
r(137,3,1,121)
r(146,2,1,121)
w(109,2,1,121)
w(10,3,2,122)
w(225,5,2,122)
w(215,2,2,122)
r(369,5,2,122)
r(121,7,2,122)
r(429,1,2,122)
r(96,4,2,122)
r(150,2,2,122)
r(188,2,2,122)
w(338,4,2,122)
r(315,4,2,122)
r(379,3,2,122)
r(455,2,2,122)
r(371,3,2,122)
r(131,5,2,122)
r(368,3,2,122)
w(276,4,2,122)
w(285,3,2,122)
r(94,3,2,122)
r(334,2,2,122)
r(190,2,3,123)
r(44,2,3,123)
r(461,4,3,123)
w(410,3,3,123)
w(287,7,3,123)
r(241,3,3,123)
r(347,2,3,123)
w(459,4,3,123)
r(239,3,3,123)
r(133,3,3,123)
w(32,5,3,123)
r(348,4,3,123)
w(288,5,3,123)
r(472,2,3,123)
r(65,5,3,123)
w(189,5,3,123)
w(460,5,3,123)
w(63,7,3,123)
r(295,7,3,123)
w(467,3,3,123)
w(436,8,4,124)
w(399,6,4,124)
w(235,3,4,124)
w(467,4,4,124)
r(127,3,4,124)
w(442,7,4,124)
w(375,6,4,124)
w(22,5,4,124)
r(463,3,4,124)
w(93,4,4,124)
w(265,4,4,124)
r(237,7,4,124)
w(173,4,4,124)
r(12,3,4,124)
r(105,2,4,124)
w(192,5,4,124)
r(246,4,4,124)
r(276,4,4,124)
w(17,7,4,124)
r(82,2,4,124)
r(410,4,5,125)
r(433,2,5,125)
r(323,5,5,125)
w(29,2,5,125)
r(444,2,5,125)
w(20,2,5,125)
w(74,3,5,125)
w(156,7,5,125)
w(434,3,5,125)
r(441,3,5,125)
r(140,1,5,125)
r(12,3,5,125)
r(319,1,5,125)
w(196,7,5,125)
r(272,2,5,125)
w(262,5,5,125)
r(285,4,5,125)
w(258,3,5,125)
w(419,3,5,125)
w(295,7,5,125)
r(413,5,6,126)
w(365,10,6,126)
w(410,5,6,126)
r(399,6,6,126)
r(350,2,6,126)
r(93,7,6,126)
r(282,5,6,126)
w(236,5,6,126)
w(51,6,6,126)
w(455,5,6,126)
w(137,7,6,126)
w(146,3,6,126)
w(235,4,6,126)
w(168,5,6,126)
r(456,3,6,126)
r(11,3,6,126)
w(123,7,6,126)
r(54,3,6,126)
w(278,7,6,126)
r(444,2,6,126)
w(410,2,1,127)
r(446,2,1,127)
w(106,2,1,127)
r(303,1,1,127)
w(468,2,1,127)
r(40,7,1,127)
r(86,3,1,127)
r(158,2,1,127)
w(280,2,1,127)
w(357,3,1,127)
w(335,2,1,127)
r(69,2,1,127)
r(386,1,1,127)
w(350,2,1,127)
r(282,2,1,127)
r(356,3,1,127)
r(45,4,1,127)
r(250,6,1,127)
w(157,3,1,127)
r(377,7,1,127)
r(162,4,2,128)
r(241,3,2,128)
w(155,2,2,128)
w(120,2,2,128)
w(119,3,2,128)
r(63,3,2,128)
r(37,3,2,128)
w(259,2,2,128)
w(437,3,2,128)
r(242,1,2,128)
w(433,3,2,128)
w(1,2,2,128)
w(315,3,2,128)
r(138,3,2,128)
r(289,2,2,128)
w(335,3,2,128)
w(157,4,2,128)
r(253,1,2,128)
w(382,2,2,128)
r(28,2,2,128)
w(105,5,3,129)
w(166,6,3,129)
r(304,5,3,129)
w(143,5,3,129)
w(431,3,3,129)
r(100,3,3,129)
w(18,2,3,129)
w(218,2,3,129)
w(463,4,3,129)
w(198,4,3,129)
r(24,3,3,129)
r(310,4,3,129)
r(93,4,3,129)
r(451,2,3,129)
r(103,4,3,129)
r(98,3,3,129)
r(319,4,3,129)
r(278,3,3,129)
w(300,2,3,129)
w(2,2,3,129)
r(386,1,4,130)
w(57,2,4,130)
r(36,2,4,130)
w(139,4,4,130)
w(253,2,4,130)
w(392,6,4,130)
r(380,5,4,130)
w(244,7,4,130)
r(140,1,4,130)
w(291,7,4,130)
w(164,5,4,130)
w(337,5,4,130)
r(242,1,4,130)
r(173,4,4,130)
r(437,3,4,130)
w(249,7,4,130)
r(211,3,4,130)
w(411,5,4,130)
w(312,5,4,130)
r(353,4,4,130)
w(457,4,5,131)
w(75,3,5,131)
r(93,5,5,131)
w(282,5,5,131)
r(161,1,5,131)
w(480,3,5,131)
r(6,2,5,131)
w(195,4,5,131)
r(451,2,5,131)
w(126,2,5,131)
r(352,2,5,131)
r(327,2,5,131)
w(248,5,5,131)
r(29,2,5,131)
w(59,5,5,131)
w(243,4,5,131)
r(263,1,5,131)
r(152,2,5,131)
w(420,5,5,131)
r(402,7,5,131)
w(323,6,6,132)
r(295,7,6,132)
w(99,7,6,132)
r(463,4,6,132)
r(7,7,6,132)
r(141,3,6,132)
w(209,4,6,132)
w(87,5,6,132)
r(344,2,6,132)
w(331,7,6,132)
r(417,2,6,132)
r(42,3,6,132)
w(81,10,6,132)
r(453,6,6,132)
w(35,3,6,132)
r(60,1,6,132)
w(160,6,6,132)
w(310,5,6,132)
w(451,4,6,132)
w(89,6,6,132)
r(312,3,1,133)
w(63,3,1,133)
r(314,3,1,133)
w(392,4,1,133)
r(2,1,1,133)
r(173,3,1,133)
w(407,3,1,133)
r(71,6,1,133)
w(186,3,1,133)
w(192,2,1,133)
r(387,3,1,133)
w(41,2,1,133)
w(391,2,1,133)
w(315,2,1,133)
w(7,2,1,133)
r(358,3,1,133)
r(289,2,1,133)
w(244,2,1,133)
w(67,3,1,133)
r(307,2,1,133)
r(438,4,2,134)
w(122,3,2,134)
r(327,2,2,134)
w(183,3,2,134)
r(421,3,2,134)
r(129,4,2,134)
r(473,3,2,134)
w(121,3,2,134)
w(254,2,2,134)
w(185,4,2,134)
r(318,2,2,134)
r(244,2,2,134)
w(56,3,2,134)
r(448,1,2,134)
r(241,3,2,134)
w(22,2,2,134)
w(5,3,2,134)
w(392,5,2,134)
w(216,2,2,134)
r(255,6,2,134)
r(364,4,3,135)
r(342,5,3,135)
w(442,4,3,135)
w(137,5,3,135)
r(453,6,3,135)
r(342,5,3,135)
r(460,5,3,135)
w(380,4,3,135)
w(420,3,3,135)
w(250,4,3,135)
w(14,2,3,135)
w(263,2,3,135)
r(454,3,3,135)
r(98,3,3,135)
w(437,4,3,135)
r(107,4,3,135)
r(121,2,3,135)
w(56,5,3,135)
r(28,2,3,135)
w(119,5,3,135)
w(221,3,4,136)
w(59,4,4,136)
w(159,3,4,136)
r(307,2,4,136)
r(434,2,4,136)
w(232,3,4,136)
r(71,4,4,136)
r(56,5,4,136)
r(330,4,4,136)
w(178,5,4,136)
r(306,2,4,136)
r(136,3,4,136)
r(391,2,4,136)
r(246,4,4,136)
w(204,5,4,136)
r(155,2,4,136)
w(75,2,4,136)
w(278,4,4,136)
r(177,5,4,136)
r(457,5,4,136)
w(440,3,5,137)
w(218,5,5,137)
r(247,8,5,137)
r(158,2,5,137)
r(117,1,5,137)
r(423,3,5,137)
w(57,7,5,137)
r(259,2,5,137)
w(212,4,5,137)
r(91,3,5,137)
r(262,5,5,137)
w(172,6,5,137)
r(205,6,5,137)
w(329,2,5,137)
w(319,3,5,137)
r(406,2,5,137)
w(13,8,5,137)
w(220,4,5,137)
r(467,5,5,137)
r(144,1,5,137)
w(412,9,6,138)
r(131,5,6,138)
w(324,4,6,138)
w(266,4,6,138)
r(227,3,6,138)
r(421,3,6,138)
w(164,10,6,138)
r(364,4,6,138)
w(474,3,6,138)
r(242,1,6,138)
w(392,10,6,138)
r(229,2,6,138)
r(19,3,6,138)
r(359,2,6,138)
r(45,3,6,138)
w(135,3,6,138)
w(250,10,6,138)
r(177,4,6,138)
r(141,3,6,138)
w(374,4,6,138)
w(372,4,1,139)
r(295,7,1,139)
w(338,2,1,139)
r(161,1,1,139)
r(240,3,1,139)
w(100,3,1,139)
w(304,2,1,139)
r(405,3,1,139)
r(327,2,1,139)
w(269,3,1,139)
r(47,2,1,139)
w(199,2,1,139)
w(287,4,1,139)
r(309,3,1,139)
r(268,3,1,139)
r(218,1,1,139)
w(42,3,1,139)
r(182,3,1,139)
r(158,2,1,139)
w(409,3,1,139)
w(372,7,2,140)
w(432,4,2,140)
r(226,7,2,140)
r(357,3,2,140)
w(427,3,2,140)
r(96,4,2,140)
w(17,3,2,140)
w(71,4,2,140)
w(321,3,2,140)
w(462,3,2,140)
r(277,5,2,140)
w(64,3,2,140)
w(129,2,2,140)
r(100,3,2,140)
r(118,4,2,140)
w(325,2,2,140)
w(313,4,2,140)
w(133,3,2,140)
r(1,2,2,140)
w(247,7,2,140)
r(52,2,3,141)
r(71,4,3,141)
r(339,3,3,141)
r(343,3,3,141)
r(209,2,3,141)
r(277,5,3,141)
r(210,2,3,141)
w(430,3,3,141)
w(143,7,3,141)
w(193,3,3,141)
r(61,2,3,141)
w(420,4,3,141)
w(2,3,3,141)
w(429,2,3,141)
w(155,3,3,141)
r(10,3,3,141)
w(14,3,3,141)
r(56,5,3,141)
w(54,3,3,141)
r(340,2,3,141)
w(370,5,4,142)
r(232,3,4,142)
r(183,3,4,142)
r(346,7,4,142)
r(39,5,4,142)
r(277,5,4,142)
r(430,3,4,142)
w(448,5,4,142)
r(64,3,4,142)
r(276,4,4,142)
w(218,4,4,142)
r(427,3,4,142)
r(466,4,4,142)
r(424,6,4,142)
r(184,1,4,142)
r(90,2,4,142)
r(317,4,4,142)
w(479,5,4,142)
w(91,5,4,142)
r(152,2,4,142)
r(332,2,5,143)
r(366,4,5,143)
r(150,2,5,143)
w(448,7,5,143)
r(73,1,5,143)
w(280,5,5,143)
w(456,5,5,143)
w(460,7,5,143)
w(133,7,5,143)
r(184,1,5,143)
r(311,3,5,143)
r(152,2,5,143)
w(296,4,5,143)
r(219,3,5,143)
r(199,2,5,143)
r(449,5,5,143)
w(281,5,5,143)
w(198,7,5,143)
r(102,3,5,143)
w(205,8,5,143)
w(279,5,6,144)
r(437,4,6,144)
r(427,3,6,144)
w(411,7,6,144)
r(185,4,6,144)
w(128,5,6,144)
r(383,4,6,144)
w(273,8,6,144)
w(427,7,6,144)
r(47,2,6,144)
w(467,7,6,144)
w(106,5,6,144)
r(260,4,6,144)
w(312,10,6,144)
w(269,8,6,144)
r(91,5,6,144)
w(369,6,6,144)
w(468,7,6,144)
r(171,3,6,144)
w(12,6,6,144)
w(284,3,1,145)
w(286,2,1,145)
r(467,5,1,145)
w(8,2,1,145)
r(271,3,1,145)
r(33,4,1,145)
w(280,3,1,145)
w(224,4,1,145)
w(115,3,1,145)
w(345,3,1,145)
w(169,3,1,145)
w(37,2,1,145)
w(366,4,1,145)
r(270,3,1,145)
w(4,4,1,145)
r(399,7,1,145)
w(448,2,1,145)
r(410,2,1,145)
r(188,2,1,145)
r(2,1,1,145)
w(56,4,2,146)
w(376,3,2,146)
w(337,3,2,146)
r(253,2,2,146)
w(360,4,2,146)
w(45,3,2,146)
w(456,3,2,146)
w(325,3,2,146)
r(189,5,2,146)
r(152,2,2,146)
w(375,5,2,146)
r(228,2,2,146)
w(301,3,2,146)
w(108,3,2,146)
w(283,2,2,146)
w(43,5,2,146)
w(87,3,2,146)
w(433,4,2,146)
r(435,7,2,146)
w(97,4,2,146)
r(222,2,4,147)
r(226,3,4,147)
w(273,7,4,147)
w(228,3,4,147)
r(374,2,4,147)
r(321,3,4,147)
r(445,5,4,147)
r(194,2,4,147)
r(275,4,4,147)
r(466,4,4,147)
w(311,5,4,147)
w(132,3,4,147)
w(226,5,4,147)
r(370,5,4,147)
r(82,2,4,147)
w(23,5,4,147)
r(65,5,4,147)
w(123,5,4,147)
r(265,4,4,147)
r(154,10,4,147)
r(408,2,5,148)
w(415,4,5,148)
r(109,3,5,148)
w(260,4,5,148)
w(308,4,5,148)
r(462,3,5,148)
w(406,3,5,148)
w(319,4,5,148)
w(11,3,5,148)
r(231,3,5,148)
w(382,3,5,148)
r(245,4,5,148)
r(29,2,5,148)
r(187,2,5,148)
w(34,2,5,148)
r(299,2,5,148)
w(414,3,5,148)
w(80,5,5,148)
w(348,4,5,148)
w(266,3,5,148)
r(308,4,6,149)
w(182,4,6,149)
w(461,5,6,149)
r(86,3,6,149)
r(261,2,6,149)
r(25,5,6,149)
r(16,2,6,149)
w(476,4,6,149)
r(222,2,6,149)
w(326,4,6,149)
w(353,9,6,149)
w(387,8,6,149)
w(117,5,6,149)
r(121,2,6,149)
r(265,4,6,149)
w(368,7,6,149)
w(382,4,6,149)
r(302,2,6,149)
w(163,5,6,149)
r(53,7,6,149)
w(200,2,1,150)
r(138,3,1,150)
r(129,4,1,150)
r(467,5,1,150)
w(91,2,1,150)
w(203,2,1,150)
w(118,4,1,150)
r(110,4,1,150)
w(202,2,1,150)
w(195,2,1,150)
r(234,2,1,150)
r(139,5,1,150)
w(121,2,1,150)
r(279,4,1,150)
r(452,2,1,150)
r(266,1,1,150)
w(109,3,1,150)
r(267,4,1,150)
w(412,3,1,150)
r(69,5,1,150)
r(375,5,2,151)
r(290,1,2,151)
w(442,3,2,151)
r(392,6,2,151)
w(226,3,2,151)
r(158,2,2,151)
w(383,4,2,151)
w(435,4,2,151)
w(363,5,2,151)
r(385,4,2,151)
w(19,3,2,151)
r(209,2,2,151)
w(26,2,2,151)
r(163,3,2,151)
w(264,3,2,151)
w(177,4,2,151)
w(213,3,2,151)
w(128,3,2,151)
w(175,7,2,151)
w(249,3,2,151)
w(149,5,5,152)
w(470,10,5,152)
r(314,3,5,152)
w(88,3,5,152)
w(217,7,5,152)
w(204,6,5,152)
r(227,3,5,152)
w(136,3,5,152)
w(29,3,5,152)
r(338,5,5,152)
r(42,3,5,152)
r(71,4,5,152)
r(153,3,5,152)
w(236,3,5,152)
w(20,3,5,152)
r(188,2,5,152)
r(337,2,5,152)
r(103,4,5,152)
r(405,3,5,152)
r(253,1,5,152)
w(384,2,1,153)
r(273,5,1,153)
r(330,4,1,153)
w(165,3,1,153)
w(363,3,1,153)
w(418,3,1,153)
w(96,2,1,153)
w(56,2,1,153)
r(79,3,1,153)
w(123,2,1,153)
w(418,4,1,153)
w(364,4,1,153)
w(225,3,1,153)
w(348,2,1,153)
w(196,3,1,153)
r(67,3,1,153)
w(274,2,1,153)
r(186,3,1,153)
r(153,3,1,153)
r(427,3,1,153)
w(399,3,2,154)
w(279,3,2,154)
r(32,5,2,154)
w(55,7,2,154)
w(344,2,2,154)
w(32,3,2,154)
w(233,5,2,154)
r(471,4,2,154)
r(451,2,2,154)
w(156,2,2,154)
w(58,3,2,154)
w(423,5,2,154)
w(143,3,2,154)
w(458,3,2,154)
w(84,2,2,154)
w(302,2,2,154)
r(68,4,2,154)
r(140,1,2,154)
r(121,2,2,154)
r(178,5,2,154)
w(26,5,5,155)
r(142,7,5,155)
r(369,5,5,155)
r(345,3,5,155)
w(292,5,5,155)
r(93,4,5,155)
w(296,5,5,155)
r(306,2,5,155)
r(405,3,5,155)
w(220,5,5,155)
r(20,3,5,155)
w(101,4,5,155)
r(415,4,5,155)
w(376,5,5,155)
r(136,3,5,155)
w(125,4,5,155)
r(6,2,5,155)
w(333,5,5,155)
r(72,3,5,155)
r(125,4,5,155)
w(317,4,1,156)
w(370,2,1,156)
w(279,2,1,156)
r(210,2,1,156)
r(342,5,1,156)
r(90,2,1,156)
r(477,3,1,156)
r(320,4,1,156)
w(108,2,1,156)
r(323,5,1,156)
w(359,2,1,156)
w(434,2,1,156)
r(352,2,1,156)
r(165,3,1,156)
r(4,4,1,156)
r(104,1,1,156)
w(362,2,1,156)
w(394,2,1,156)
r(131,5,1,156)
r(220,4,1,156)
