w(1,1,0,0)
w(2,1,0,0)
w(3,1,0,0)
w(4,1,0,0)
w(5,1,0,0)
w(6,1,0,0)
w(7,1,0,0)
w(8,1,0,0)
w(9,1,0,0)
w(10,1,0,0)
w(11,1,0,0)
w(12,1,0,0)
w(13,1,0,0)
w(14,1,0,0)
w(15,1,0,0)
w(16,1,0,0)
w(17,1,0,0)
w(18,1,0,0)
w(19,1,0,0)
w(20,1,0,0)
w(21,1,0,0)
w(22,1,0,0)
w(23,1,0,0)
w(24,1,0,0)
w(25,1,0,0)
w(26,1,0,0)
w(27,1,0,0)
w(28,1,0,0)
w(29,1,0,0)
w(30,1,0,0)
w(31,1,0,0)
w(32,1,0,0)
w(33,1,0,0)
w(34,1,0,0)
w(35,1,0,0)
w(36,1,0,0)
w(37,1,0,0)
w(38,1,0,0)
w(39,1,0,0)
w(40,1,0,0)
w(41,1,0,0)
w(42,1,0,0)
w(43,1,0,0)
w(44,1,0,0)
w(45,1,0,0)
w(46,1,0,0)
w(47,1,0,0)
w(48,1,0,0)
w(49,1,0,0)
w(50,1,0,0)
w(51,1,0,0)
w(52,1,0,0)
w(53,1,0,0)
w(54,1,0,0)
w(55,1,0,0)
w(56,1,0,0)
w(57,1,0,0)
w(58,1,0,0)
w(59,1,0,0)
w(60,1,0,0)
w(61,1,0,0)
w(62,1,0,0)
w(63,1,0,0)
w(64,1,0,0)
w(65,1,0,0)
w(66,1,0,0)
w(67,1,0,0)
w(68,1,0,0)
w(69,1,0,0)
w(70,1,0,0)
w(71,1,0,0)
w(72,1,0,0)
w(73,1,0,0)
w(74,1,0,0)
w(75,1,0,0)
w(76,1,0,0)
w(77,1,0,0)
w(78,1,0,0)
w(79,1,0,0)
w(80,1,0,0)
w(81,1,0,0)
w(82,1,0,0)
w(83,1,0,0)
w(84,1,0,0)
w(85,1,0,0)
w(86,1,0,0)
w(87,1,0,0)
w(88,1,0,0)
w(89,1,0,0)
w(90,1,0,0)
w(91,1,0,0)
w(92,1,0,0)
w(93,1,0,0)
w(94,1,0,0)
w(95,1,0,0)
w(96,1,0,0)
w(97,1,0,0)
w(98,1,0,0)
w(99,1,0,0)
w(100,1,0,0)
w(101,1,0,0)
w(102,1,0,0)
w(103,1,0,0)
w(104,1,0,0)
w(105,1,0,0)
w(106,1,0,0)
w(107,1,0,0)
w(108,1,0,0)
w(109,1,0,0)
w(110,1,0,0)
w(111,1,0,0)
w(112,1,0,0)
w(113,1,0,0)
w(114,1,0,0)
w(115,1,0,0)
w(116,1,0,0)
w(117,1,0,0)
w(118,1,0,0)
w(119,1,0,0)
w(120,1,0,0)
w(121,1,0,0)
w(122,1,0,0)
w(123,1,0,0)
w(124,1,0,0)
w(125,1,0,0)
w(126,1,0,0)
w(127,1,0,0)
w(128,1,0,0)
w(129,1,0,0)
w(130,1,0,0)
w(131,1,0,0)
w(132,1,0,0)
w(133,1,0,0)
w(134,1,0,0)
w(135,1,0,0)
w(136,1,0,0)
w(137,1,0,0)
w(138,1,0,0)
w(139,1,0,0)
w(140,1,0,0)
w(141,1,0,0)
w(142,1,0,0)
w(143,1,0,0)
w(144,1,0,0)
w(145,1,0,0)
w(146,1,0,0)
w(147,1,0,0)
w(148,1,0,0)
w(149,1,0,0)
w(150,1,0,0)
w(151,1,0,0)
w(152,1,0,0)
w(153,1,0,0)
w(154,1,0,0)
w(155,1,0,0)
w(156,1,0,0)
w(157,1,0,0)
w(158,1,0,0)
w(159,1,0,0)
w(160,1,0,0)
w(161,1,0,0)
w(162,1,0,0)
w(163,1,0,0)
w(164,1,0,0)
w(165,1,0,0)
w(166,1,0,0)
w(167,1,0,0)
w(168,1,0,0)
w(169,1,0,0)
w(170,1,0,0)
w(171,1,0,0)
w(172,1,0,0)
w(173,1,0,0)
w(174,1,0,0)
w(175,1,0,0)
w(176,1,0,0)
w(177,1,0,0)
w(178,1,0,0)
w(179,1,0,0)
w(180,1,0,0)
w(181,1,0,0)
w(182,1,0,0)
w(183,1,0,0)
w(184,1,0,0)
w(185,1,0,0)
w(186,1,0,0)
w(187,1,0,0)
w(188,1,0,0)
w(189,1,0,0)
w(190,1,0,0)
w(191,1,0,0)
w(192,1,0,0)
w(193,1,0,0)
w(194,1,0,0)
w(195,1,0,0)
w(196,1,0,0)
w(197,1,0,0)
w(198,1,0,0)
w(199,1,0,0)
w(200,1,0,0)
w(201,1,0,0)
w(202,1,0,0)
w(203,1,0,0)
w(204,1,0,0)
w(205,1,0,0)
w(206,1,0,0)
w(207,1,0,0)
w(208,1,0,0)
w(209,1,0,0)
w(210,1,0,0)
w(211,1,0,0)
w(212,1,0,0)
w(213,1,0,0)
w(214,1,0,0)
w(215,1,0,0)
w(216,1,0,0)
w(217,1,0,0)
w(218,1,0,0)
w(219,1,0,0)
w(220,1,0,0)
w(221,1,0,0)
w(222,1,0,0)
w(223,1,0,0)
w(224,1,0,0)
w(225,1,0,0)
w(226,1,0,0)
w(227,1,0,0)
w(228,1,0,0)
w(229,1,0,0)
w(230,1,0,0)
w(231,1,0,0)
w(232,1,0,0)
w(233,1,0,0)
w(234,1,0,0)
w(235,1,0,0)
w(236,1,0,0)
w(237,1,0,0)
w(238,1,0,0)
w(239,1,0,0)
w(240,1,0,0)
w(241,1,0,0)
w(242,1,0,0)
w(243,1,0,0)
w(244,1,0,0)
w(245,1,0,0)
w(246,1,0,0)
w(247,1,0,0)
w(248,1,0,0)
w(249,1,0,0)
w(250,1,0,0)
w(251,1,0,0)
w(252,1,0,0)
w(253,1,0,0)
w(254,1,0,0)
w(255,1,0,0)
w(256,1,0,0)
w(257,1,0,0)
w(258,1,0,0)
w(259,1,0,0)
w(260,1,0,0)
w(261,1,0,0)
w(262,1,0,0)
w(263,1,0,0)
w(264,1,0,0)
w(265,1,0,0)
w(266,1,0,0)
w(267,1,0,0)
w(268,1,0,0)
w(269,1,0,0)
w(270,1,0,0)
w(271,1,0,0)
w(272,1,0,0)
w(273,1,0,0)
w(274,1,0,0)
w(275,1,0,0)
w(276,1,0,0)
w(277,1,0,0)
w(278,1,0,0)
w(279,1,0,0)
w(280,1,0,0)
w(281,1,0,0)
w(282,1,0,0)
w(283,1,0,0)
w(284,1,0,0)
w(285,1,0,0)
w(286,1,0,0)
w(287,1,0,0)
w(288,1,0,0)
w(289,1,0,0)
w(290,1,0,0)
w(291,1,0,0)
w(292,1,0,0)
w(293,1,0,0)
w(294,1,0,0)
w(295,1,0,0)
w(296,1,0,0)
w(297,1,0,0)
w(298,1,0,0)
w(299,1,0,0)
w(300,1,0,0)
w(301,1,0,0)
w(302,1,0,0)
w(303,1,0,0)
w(304,1,0,0)
w(305,1,0,0)
w(306,1,0,0)
w(307,1,0,0)
w(308,1,0,0)
w(309,1,0,0)
w(310,1,0,0)
w(311,1,0,0)
w(312,1,0,0)
w(313,1,0,0)
w(314,1,0,0)
w(315,1,0,0)
w(316,1,0,0)
w(317,1,0,0)
w(318,1,0,0)
w(319,1,0,0)
w(320,1,0,0)
w(321,1,0,0)
w(322,1,0,0)
w(323,1,0,0)
w(324,1,0,0)
w(325,1,0,0)
w(326,1,0,0)
w(327,1,0,0)
w(328,1,0,0)
w(329,1,0,0)
w(330,1,0,0)
w(331,1,0,0)
w(332,1,0,0)
w(333,1,0,0)
w(334,1,0,0)
w(335,1,0,0)
w(336,1,0,0)
w(337,1,0,0)
w(338,1,0,0)
w(339,1,0,0)
w(340,1,0,0)
w(341,1,0,0)
w(342,1,0,0)
w(343,1,0,0)
w(344,1,0,0)
w(345,1,0,0)
w(346,1,0,0)
w(347,1,0,0)
w(348,1,0,0)
w(349,1,0,0)
w(350,1,0,0)
w(351,1,0,0)
w(352,1,0,0)
w(353,1,0,0)
w(354,1,0,0)
w(355,1,0,0)
w(356,1,0,0)
w(357,1,0,0)
w(358,1,0,0)
w(359,1,0,0)
w(360,1,0,0)
r(249,1,1,1)
r(185,1,1,1)
r(156,1,1,1)
r(177,1,1,1)
r(213,1,1,1)
w(82,2,1,1)
r(227,1,1,1)
r(320,1,1,1)
w(268,2,1,1)
r(359,1,1,1)
r(153,1,1,1)
r(331,1,1,1)
r(347,1,1,1)
r(271,1,1,1)
w(123,2,1,1)
r(338,1,1,1)
w(188,2,1,1)
r(77,1,1,1)
r(218,1,1,1)
w(54,2,1,1)
w(283,2,1,1)
r(161,1,1,1)
r(66,1,1,1)
w(119,2,1,1)
w(248,2,1,1)
r(23,1,1,1)
w(219,2,1,1)
r(17,1,1,1)
r(96,1,1,1)
r(334,1,1,1)
r(245,1,1,1)
r(256,1,1,1)
w(27,2,1,1)
w(94,2,1,1)
w(84,2,1,1)
r(93,3,1,1)
w(28,2,1,1)
w(182,2,1,1)
r(273,1,1,1)
w(194,2,1,1)
w(22,2,1,1)
w(275,2,1,1)
w(216,2,1,1)
r(187,1,1,1)
r(3,1,1,1)
r(235,1,1,1)
w(344,2,1,1)
w(9,2,1,1)
r(70,1,1,1)
r(223,1,2,2)
w(310,11,2,2)
r(357,1,2,2)
r(94,1,2,2)
r(355,1,2,2)
r(346,1,2,2)
r(307,1,2,2)
r(29,1,2,2)
r(288,1,2,2)
w(113,11,2,2)
w(1,11,2,2)
r(224,1,2,2)
r(128,1,2,2)
w(239,3,2,2)
w(352,11,2,2)
r(234,1,2,2)
w(125,7,2,2)
r(181,1,2,2)
r(275,1,2,2)
w(120,11,2,2)
w(118,5,2,2)
w(124,2,2,2)
w(317,7,2,2)
r(88,1,2,2)
r(264,1,2,2)
w(349,4,2,2)
w(5,8,3,3)
w(255,7,3,3)
r(275,1,3,3)
w(30,11,3,3)
w(351,3,3,3)
r(96,1,3,3)
r(82,1,3,3)
w(274,7,3,3)
r(289,1,3,3)
w(112,5,3,3)
r(230,1,3,3)
w(254,7,3,3)
w(256,2,3,3)
w(345,3,3,3)
r(247,1,3,3)
r(43,1,3,3)
w(355,3,3,3)
r(8,1,3,3)
r(237,1,3,3)
w(266,11,3,3)
r(231,1,3,3)
w(175,11,3,3)
w(16,5,3,3)
w(62,3,3,3)
w(233,7,3,3)
w(163,11,3,3)
w(20,3,3,3)
r(240,1,3,3)
r(37,1,3,3)
w(59,3,3,3)
r(15,1,3,3)
w(279,4,3,3)
w(68,3,3,3)
w(160,7,3,3)
r(19,3,3,3)
w(346,7,3,3)
r(29,1,3,3)
w(27,9,3,3)
r(356,1,3,3)
w(114,5,3,3)
r(272,1,3,3)
r(226,1,3,3)
w(244,3,3,3)
w(266,7,3,3)
r(82,1,3,3)
r(323,1,3,3)
w(337,3,3,3)
w(113,9,3,3)
w(348,3,3,3)
r(74,1,3,3)
r(288,1,4,4)
w(93,3,4,4)
r(341,1,4,4)
w(222,5,4,4)
r(131,1,4,4)
w(19,3,4,4)
r(142,1,4,4)
r(275,1,4,4)
r(234,1,4,4)
r(282,1,4,4)
w(175,5,4,4)
r(123,1,4,4)
r(304,1,4,4)
w(282,12,4,4)
r(259,1,4,4)
r(204,1,4,4)
r(358,1,4,4)
w(118,10,4,4)
r(164,1,4,4)
r(106,1,4,4)
r(1,1,4,4)
w(342,10,4,4)
w(352,10,4,4)
r(230,1,4,4)
w(194,8,4,4)
r(12,1,4,4)
w(109,12,4,4)
r(192,1,4,4)
r(48,1,4,4)
r(204,1,4,4)
r(46,1,4,4)
r(106,1,4,4)
w(269,5,4,4)
w(208,8,4,4)
r(301,1,4,4)
w(202,3,4,4)
r(81,1,4,4)
w(13,9,4,4)
r(228,1,4,4)
w(146,10,4,4)
w(352,6,4,4)
w(145,10,4,4)
r(293,1,4,4)
r(100,1,4,4)
w(308,9,4,4)
w(133,8,4,4)
w(89,8,4,4)
r(195,1,4,4)
w(28,7,4,4)
r(69,1,4,4)
r(168,1,5,5)
w(56,12,5,5)
r(266,1,5,5)
r(358,1,5,5)
r(190,1,5,5)
r(291,1,5,5)
r(279,1,5,5)
w(354,12,5,5)
r(59,1,5,5)
r(49,1,5,5)
w(353,16,5,5)
w(213,3,5,5)
r(122,1,5,5)
w(319,13,5,5)
r(129,1,5,5)
w(177,6,5,5)
w(34,14,5,5)
r(35,1,5,5)
w(92,8,5,5)
r(214,1,5,5)
w(286,6,5,5)
w(329,13,5,5)
w(236,10,5,5)
w(122,10,5,5)
w(143,12,5,5)
r(181,1,5,5)
w(84,15,5,5)
w(27,14,5,5)
w(156,5,5,5)
w(238,6,5,5)
r(183,1,5,5)
r(138,1,5,5)
r(27,14,5,5)
r(215,1,5,5)
r(128,1,5,5)
r(278,1,5,5)
r(248,1,5,5)
r(228,1,5,5)
r(336,1,5,5)
w(127,8,5,5)
r(275,1,5,5)
r(7,1,5,5)
w(290,6,5,5)
r(350,1,5,5)
r(53,1,5,5)
w(107,12,5,5)
w(4,5,5,5)
r(316,1,5,5)
w(276,6,6,6)
r(114,1,6,6)
r(326,1,6,6)
r(24,1,6,6)
w(56,18,6,6)
w(310,13,6,6)
w(253,13,6,6)
r(290,1,6,6)
w(74,9,6,6)
w(98,9,6,6)
w(348,15,6,6)
w(80,16,6,6)
r(131,1,6,6)
r(134,1,6,6)
w(90,10,6,6)
r(57,1,6,6)
r(220,1,6,6)
w(294,21,6,6)
w(42,3,6,6)
w(76,11,6,6)
r(268,1,6,6)
r(304,1,6,6)
w(353,19,6,6)
r(209,1,6,6)
r(327,1,6,6)
r(347,1,6,6)
r(13,9,6,6)
r(322,1,6,6)
r(309,1,6,6)
r(209,1,6,6)
r(127,1,6,6)
w(198,15,6,6)
w(50,15,6,6)
r(138,1,6,6)
w(154,13,6,6)
w(255,6,6,6)
w(359,8,6,6)
r(21,1,6,6)
r(239,1,6,6)
w(94,13,6,6)
r(226,1,6,6)
w(282,20,6,6)
r(300,1,6,6)
r(220,1,6,6)
w(274,13,6,6)
r(181,1,6,6)
w(321,13,6,6)
w(286,2,1,7)
w(282,2,1,7)
w(94,4,1,7)
w(155,2,1,7)
w(341,2,1,7)
w(187,2,1,7)
w(26,11,2,8)
w(201,4,2,8)
r(332,1,2,8)
w(235,2,2,8)
w(309,11,2,8)
w(31,7,2,8)
w(201,11,2,8)
w(89,11,2,8)
r(219,1,2,8)
r(225,1,2,8)
w(300,11,2,8)
r(307,1,2,8)
r(164,1,2,8)
r(41,1,2,8)
w(104,2,2,8)
r(74,1,2,8)
w(146,7,2,8)
w(291,11,2,8)
w(5,5,2,8)
r(25,1,2,8)
w(314,4,2,8)
w(329,11,2,8)
r(267,1,2,8)
w(330,7,2,8)
r(99,1,2,8)
w(141,4,2,8)
w(278,5,2,8)
w(179,11,2,8)
w(91,11,3,9)
r(131,1,3,9)
r(13,9,3,9)
w(214,3,3,9)
w(194,11,3,9)
w(147,7,3,9)
r(120,1,3,9)
r(337,3,3,9)
w(119,7,3,9)
r(325,1,3,9)
r(241,1,3,9)
w(229,11,3,9)
w(290,5,3,9)
r(334,1,3,9)
r(101,1,3,9)
r(249,1,3,9)
r(31,1,3,9)
r(14,1,3,9)
r(104,1,3,9)
w(229,7,3,9)
r(57,1,3,9)
r(102,1,3,9)
w(91,7,3,9)
w(230,11,3,9)
w(323,9,3,9)
r(353,1,3,9)
w(109,10,3,9)
r(204,1,3,9)
r(61,1,3,9)
w(126,7,3,9)
r(84,1,3,9)
w(140,5,3,9)
r(74,1,3,9)
r(38,1,3,9)
w(207,7,3,9)
w(15,9,3,9)
r(34,1,3,9)
r(252,1,3,9)
w(30,7,3,9)
r(194,11,3,9)
r(261,1,3,9)
w(32,7,3,9)
r(177,1,3,9)
r(100,1,3,9)
r(157,1,3,9)
r(278,1,3,9)
r(307,1,3,9)
r(202,3,3,9)
w(74,7,3,9)
w(62,9,3,9)
r(237,1,4,10)
r(347,1,4,10)
w(71,3,4,10)
r(188,1,4,10)
r(166,1,4,10)
w(225,6,4,10)
w(293,11,4,10)
r(302,1,4,10)
r(173,1,4,10)
w(337,10,4,10)
r(51,1,4,10)
w(347,14,5,11)
w(87,6,5,11)
w(85,6,5,11)
r(82,1,5,11)
w(281,10,5,11)
r(64,1,5,11)
w(72,12,5,11)
r(312,1,5,11)
w(270,9,5,11)
w(35,10,5,11)
w(133,12,5,11)
w(269,10,5,11)
r(282,12,6,12)
r(262,1,6,12)
r(204,1,6,12)
r(288,1,6,12)
w(267,9,6,12)
r(186,1,6,12)
r(133,8,6,12)
w(131,8,6,12)
w(58,10,6,12)
w(164,13,6,12)
w(104,8,6,12)
w(221,9,6,12)
r(111,1,6,12)
r(35,1,6,12)
w(24,10,6,12)
r(113,9,6,12)
r(165,1,6,12)
r(80,1,6,12)
r(40,1,6,12)
r(250,1,6,12)
w(130,2,1,13)
r(72,1,1,13)
w(242,2,1,13)
r(181,1,1,13)
r(61,1,1,13)
r(242,2,1,13)
r(350,1,1,13)
r(283,1,1,13)
w(47,2,1,13)
r(258,1,1,13)
w(146,2,1,13)
r(222,5,1,13)
r(248,1,1,13)
r(121,1,1,13)
r(297,1,1,13)
w(360,2,1,13)
w(92,2,1,13)
w(88,4,1,13)
r(75,1,1,13)
r(17,1,1,13)
w(208,2,1,13)
w(183,2,1,13)
r(351,3,1,13)
r(87,1,1,13)
w(137,2,1,13)
r(157,1,1,13)
w(203,2,1,13)
w(136,2,1,13)
w(190,2,1,13)
w(103,2,1,13)
r(17,1,1,13)
w(323,2,1,13)
r(168,1,1,13)
w(360,4,1,13)
w(278,2,1,13)
w(11,4,1,13)
r(352,6,1,13)
w(224,2,1,13)
w(267,2,1,13)
w(318,2,1,13)
w(203,4,1,13)
r(88,4,1,13)
r(88,4,1,13)
r(295,1,1,13)
w(294,2,1,13)
r(36,1,2,14)
w(59,7,2,14)
w(334,4,2,14)
r(39,1,2,14)
r(84,1,2,14)
r(139,1,2,14)
w(172,5,2,14)
w(40,4,2,14)
r(123,1,2,14)
r(186,1,2,14)
w(181,7,2,14)
r(63,1,2,14)
w(86,11,2,14)
w(110,7,2,14)
w(39,11,2,14)
r(73,1,2,14)
w(309,7,2,14)
r(337,3,2,14)
r(18,1,2,14)
r(308,9,2,14)
w(273,4,2,14)
r(154,1,2,14)
r(223,1,2,14)
r(315,1,2,14)
r(268,1,2,14)
w(352,7,2,14)
r(320,1,2,14)
r(188,1,2,14)
r(135,1,2,14)
r(352,7,2,14)
w(358,7,2,14)
r(280,1,2,14)
r(275,1,2,14)
r(11,1,2,14)
r(301,1,2,14)
r(235,1,2,14)
w(180,11,2,14)
w(354,7,2,14)
w(281,5,2,14)
r(245,1,2,14)
r(10,1,2,14)
w(129,4,2,14)
w(54,7,2,14)
w(118,3,2,14)
r(311,1,2,14)
w(200,3,3,15)
r(127,1,3,15)
r(342,10,3,15)
w(10,7,3,15)
r(90,1,3,15)
r(208,8,3,15)
w(181,8,3,15)
w(250,7,3,15)
r(16,5,3,15)
w(300,8,3,15)
r(334,1,3,15)
r(297,1,3,15)
r(234,10,3,15)
r(205,1,3,15)
w(267,7,3,15)
r(296,1,3,15)
w(325,3,3,15)
w(81,7,3,15)
r(159,1,3,15)
r(258,1,3,15)
w(178,11,3,15)
r(50,1,3,15)
w(121,11,3,15)
r(41,1,3,15)
w(106,13,3,15)
r(174,1,3,15)
r(312,1,3,15)
r(154,1,4,16)
w(100,10,4,16)
w(234,10,4,16)
r(296,1,4,16)
w(252,3,4,16)
w(48,3,4,16)
w(201,5,4,16)
r(176,1,4,16)
w(310,9,4,16)
r(346,7,4,16)
w(335,10,4,16)
w(328,6,4,16)
r(297,1,4,16)
w(26,3,4,16)
w(119,5,4,16)
r(4,1,4,16)
r(318,1,4,16)
r(51,1,4,16)
r(112,5,4,16)
w(118,6,4,16)
r(158,1,4,16)
r(66,1,4,16)
w(259,3,4,16)
r(278,1,4,16)
r(196,1,4,16)
r(71,1,4,16)
r(154,1,4,16)
r(168,1,4,16)
w(124,3,4,16)
r(71,1,4,16)
w(18,4,4,16)
r(269,5,4,16)
r(246,1,4,16)
w(360,10,4,16)
r(165,1,4,16)
w(147,8,4,16)
r(194,11,4,16)
w(169,4,4,16)
r(84,1,4,16)
w(210,9,4,16)
w(317,10,4,16)
r(46,1,4,16)
r(284,1,4,16)
w(207,5,4,16)
r(84,1,4,16)
r(40,1,4,16)
w(279,5,4,16)
r(277,1,4,16)
w(227,5,4,16)
r(155,1,4,16)
w(45,9,5,17)
r(50,1,5,17)
w(334,9,5,17)
r(147,7,5,17)
w(212,9,5,17)
r(44,1,5,17)
w(350,13,5,17)
r(261,1,5,17)
w(230,3,5,17)
w(348,13,5,17)
w(250,10,5,17)
w(307,13,5,17)
r(35,1,5,17)
r(317,1,5,17)
r(173,1,5,17)
r(245,1,5,17)
r(36,1,5,17)
r(158,1,5,17)
r(124,1,5,17)
r(59,3,5,17)
r(148,1,5,17)
w(145,13,5,17)
r(160,7,5,17)
r(115,1,5,17)
r(143,1,5,17)
r(110,1,5,17)
w(155,4,5,17)
r(189,1,5,17)
w(87,13,5,17)
w(55,3,5,17)
w(27,15,5,17)
w(160,9,5,17)
w(130,9,5,17)
r(295,1,5,17)
w(112,14,5,17)
w(146,14,5,17)
w(314,12,5,17)
r(261,1,5,17)
r(212,9,5,17)
w(143,14,5,17)
r(61,1,5,17)
r(277,1,5,17)
r(324,1,5,17)
r(329,1,5,17)
w(148,10,5,17)
r(127,1,6,18)
w(211,8,6,18)
r(93,3,6,18)
r(192,1,6,18)
r(237,1,6,18)
r(86,1,6,18)
w(96,12,6,18)
r(237,1,6,18)
w(260,6,6,18)
r(172,1,6,18)
r(9,1,6,18)
w(11,18,6,18)
r(67,1,6,18)
w(277,12,6,18)
r(240,1,6,18)
r(75,1,6,18)
w(334,8,6,18)
w(215,2,1,19)
r(237,1,1,19)
r(75,1,1,19)
r(207,7,1,19)
r(133,8,1,19)
w(351,11,2,20)
r(290,5,2,20)
w(3,9,2,20)
r(162,1,2,20)
r(58,1,2,20)
r(43,1,2,20)
w(95,4,2,20)
r(340,1,2,20)
r(278,1,2,20)
w(156,2,2,20)
r(311,1,2,20)
r(167,1,2,20)
r(276,1,2,20)
r(324,1,2,20)
w(330,5,2,20)
w(314,11,2,20)
w(127,2,2,20)
w(70,5,2,20)
w(51,2,2,20)
w(215,11,2,20)
w(170,5,2,20)
w(51,4,2,20)
w(254,5,3,21)
w(335,9,3,21)
r(8,1,3,21)
w(340,2,3,21)
w(190,3,3,21)
r(117,9,3,21)
r(30,7,3,21)
w(340,4,3,21)
w(290,3,3,21)
r(355,3,3,21)
r(2,1,3,21)
r(108,1,3,21)
w(259,4,3,21)
r(145,10,3,21)
r(272,1,3,21)
r(260,1,3,21)
r(339,1,3,21)
w(313,11,3,21)
w(323,8,3,21)
r(65,3,3,21)
w(246,7,3,21)
r(60,9,3,21)
r(221,1,3,21)
r(82,1,3,21)
r(125,1,3,21)
r(234,10,3,21)
r(282,12,3,21)
w(21,7,4,22)
w(274,3,4,22)
r(152,1,4,22)
w(117,9,4,22)
w(317,6,4,22)
w(138,9,4,22)
w(219,10,4,22)
r(189,1,4,22)
r(195,1,4,22)
r(351,3,4,22)
w(101,6,4,22)
w(146,6,4,22)
w(80,8,4,22)
w(226,8,4,22)
w(65,3,4,22)
r(137,1,4,22)
w(188,8,4,22)
w(262,6,4,22)
r(47,1,4,22)
r(189,1,4,22)
r(278,1,4,22)
r(335,10,4,22)
w(103,6,4,22)
r(161,1,4,22)
w(96,6,4,22)
r(38,1,4,22)
r(162,1,4,22)
r(245,1,4,22)
r(342,10,4,22)
w(23,8,4,22)
w(358,8,4,22)
r(55,1,4,22)
r(32,7,4,22)
r(11,1,4,22)
r(327,1,4,22)
r(309,1,4,22)
r(76,1,4,22)
w(206,9,4,22)
w(126,9,4,22)
r(259,3,4,22)
r(33,1,4,22)
w(52,5,4,22)
r(273,1,4,22)
r(356,1,4,22)
r(226,8,4,22)
r(33,1,4,22)
w(313,6,4,22)
w(60,9,4,22)
r(25,1,4,22)
w(138,8,4,22)
w(154,3,5,23)
w(27,16,5,23)
r(263,1,5,23)
w(28,5,5,23)
w(132,16,5,23)
w(25,6,5,23)
r(60,9,5,23)
r(127,1,5,23)
w(16,13,5,23)
r(337,11,5,23)
r(66,1,6,24)
r(79,1,6,24)
w(52,8,6,24)
w(252,6,6,24)
r(76,1,6,24)
r(201,5,6,24)
w(50,16,6,24)
r(304,1,6,24)
w(54,16,6,24)
w(44,10,6,24)
r(239,1,6,24)
r(39,1,6,24)
r(2,1,6,24)
r(321,1,6,24)
r(58,1,6,24)
r(296,1,6,24)
r(53,1,6,24)
w(338,13,6,24)
r(280,1,6,24)
w(328,14,6,24)
r(20,3,6,24)
r(173,1,6,24)
w(46,9,6,24)
r(321,1,6,24)
w(265,13,6,24)
r(251,1,6,24)
r(286,1,6,24)
r(92,1,6,24)
w(104,10,6,24)
r(203,1,6,24)
w(360,21,6,24)
r(323,9,6,24)
w(78,8,6,24)
w(298,12,6,24)
w(341,16,6,24)
r(145,10,6,24)
r(98,1,6,24)
r(249,1,6,24)
r(124,3,6,24)
w(191,3,6,24)
w(145,14,6,24)
r(270,1,6,24)
r(193,1,1,25)
r(137,1,1,25)
r(171,1,1,25)
w(73,2,1,25)
r(351,3,1,25)
r(71,1,1,25)
r(83,1,1,25)
r(251,1,1,25)
r(278,1,1,25)
w(152,2,1,25)
r(304,1,1,25)
w(23,2,1,25)
r(313,1,1,25)
w(98,2,1,25)
w(255,2,1,25)
r(263,1,1,25)
r(239,1,1,25)
r(54,1,1,25)
w(253,2,1,25)
r(98,2,1,25)
w(13,7,2,26)
r(217,1,2,26)
w(251,11,2,26)
w(339,2,2,26)
r(299,1,2,26)
w(49,4,2,26)
r(75,1,2,26)
r(192,1,2,26)
r(9,1,2,26)
w(163,2,2,26)
r(58,1,2,26)
w(261,7,2,26)
r(116,1,2,26)
w(339,4,2,26)
r(265,1,2,26)
w(212,7,2,26)
w(228,4,2,26)
w(80,11,2,26)
r(34,1,2,26)
w(25,11,2,26)
r(182,1,2,26)
w(185,11,2,26)
w(93,11,2,26)
w(129,11,2,26)
r(119,5,2,26)
r(27,9,2,26)
r(114,5,2,26)
r(320,1,2,26)
w(132,7,2,26)
w(27,5,2,26)
r(290,5,2,26)
w(301,2,2,26)
w(205,11,2,26)
r(251,11,2,26)
r(135,1,3,27)
r(163,11,3,27)
w(198,8,3,27)
r(144,1,3,27)
w(189,11,3,27)
r(228,1,3,27)
r(289,1,3,27)
r(86,1,3,27)
r(31,1,3,27)
r(340,1,4,28)
r(234,10,4,28)
r(264,1,4,28)
r(319,1,4,28)
r(341,1,4,28)
w(356,9,4,28)
w(29,6,4,28)
r(290,5,4,28)
w(129,8,4,28)
r(355,3,4,28)
r(208,8,4,28)
r(283,1,4,28)
r(160,7,4,28)
w(165,9,4,28)
w(157,8,4,28)
w(164,7,4,28)
w(269,3,4,28)
w(164,5,4,28)
r(104,1,4,28)
r(133,8,4,28)
r(293,1,4,28)
r(210,9,4,28)
w(340,7,4,28)
r(316,1,4,28)
w(45,7,4,28)
r(73,1,5,29)
r(225,1,5,29)
r(223,1,5,29)
w(1,10,5,29)
w(343,13,5,29)
w(173,8,5,29)
w(319,14,5,29)
w(307,12,5,29)
w(303,21,5,29)
r(198,1,5,29)
w(345,13,5,29)
r(170,1,5,29)
w(186,7,5,29)
r(262,6,6,30)
r(129,1,6,30)
r(94,1,6,30)
r(281,1,6,30)
r(360,10,6,30)
w(83,13,6,30)
r(306,1,6,30)
w(263,14,6,30)
r(100,10,6,30)
r(139,1,6,30)
r(159,1,6,30)
w(170,6,6,30)
r(290,5,6,30)
w(103,16,6,30)
r(112,5,6,30)
w(110,13,6,30)
r(78,1,6,30)
w(303,18,6,30)
r(24,1,6,30)
w(259,15,6,30)
w(79,12,6,30)
w(38,8,6,30)
r(223,1,6,30)
w(198,16,6,30)
w(133,18,6,30)
w(128,16,6,30)
r(159,1,6,30)
w(95,9,6,30)
r(33,1,6,30)
w(17,12,6,30)
r(241,1,6,30)
w(134,10,6,30)
r(27,9,6,30)
r(114,5,6,30)
w(254,12,6,30)
r(78,1,6,30)
r(88,1,6,30)
w(278,13,6,30)
w(139,12,6,30)
w(335,12,6,30)
w(344,14,6,30)
r(328,6,6,30)
r(155,1,1,31)
r(13,9,1,31)
r(160,7,1,31)
r(312,1,1,31)
w(15,4,1,31)
r(216,1,1,31)
w(122,2,1,31)
r(198,1,1,31)
r(302,1,1,31)
w(89,2,1,31)
r(250,1,1,31)
w(132,4,1,31)
r(342,10,1,31)
r(68,3,1,31)
w(131,2,1,31)
w(37,2,1,31)
w(233,2,1,31)
r(74,7,1,31)
r(303,1,1,31)
r(317,6,1,31)
r(279,5,1,31)
r(304,1,1,31)
r(215,1,1,31)
w(106,2,1,31)
r(300,1,1,31)
w(141,2,1,31)
r(344,1,1,31)
r(303,1,1,31)
r(126,9,1,31)
r(21,7,1,31)
r(289,1,1,31)
w(191,11,2,32)
w(177,11,2,32)
r(294,1,2,32)
w(58,4,2,32)
r(112,5,2,32)
w(332,7,2,32)
w(231,11,2,32)
w(324,2,2,32)
r(187,1,2,32)
w(109,7,2,32)
r(64,1,2,32)
r(145,10,2,32)
w(331,11,2,32)
r(240,1,2,32)
r(52,5,2,32)
r(134,1,2,32)
w(96,7,2,32)
r(105,1,2,32)
w(262,4,2,32)
w(315,7,2,32)
r(58,4,2,32)
w(276,4,2,32)
r(74,7,2,32)
w(88,3,2,32)
r(25,1,2,32)
w(335,7,2,32)
w(347,11,2,32)
w(219,4,2,32)
w(273,11,2,32)
w(218,7,2,32)
w(347,7,2,32)
w(273,7,2,32)
r(52,5,2,32)
r(101,6,2,32)
w(29,4,2,32)
w(354,5,2,32)
r(18,4,2,32)
r(321,1,2,32)
r(250,1,2,32)
r(178,1,2,32)
w(315,5,2,32)
r(75,1,2,32)
w(105,11,2,32)
r(130,1,3,33)
w(108,8,3,33)
r(314,1,3,33)
r(172,1,3,33)
r(11,1,3,33)
r(159,1,3,33)
w(107,3,3,33)
w(132,10,3,33)
w(51,7,3,33)
w(286,3,3,33)
r(130,1,3,33)
r(65,3,3,33)
r(48,3,3,33)
r(81,1,3,33)
r(88,1,3,33)
r(60,9,3,33)
w(326,11,3,33)
r(178,1,3,33)
r(257,1,3,33)
w(17,11,3,33)
r(276,1,3,33)
w(211,7,3,33)
w(343,3,3,33)
r(302,1,3,33)
r(181,1,3,33)
r(260,1,3,33)
r(208,8,3,33)
r(172,1,3,33)
w(99,3,3,33)
r(56,1,3,33)
w(132,6,3,33)
w(278,8,3,33)
w(80,9,3,33)
w(106,12,3,33)
r(279,5,3,33)
r(253,1,3,33)
r(257,1,3,33)
r(351,3,3,33)
r(238,1,3,33)
r(211,7,3,33)
r(25,1,3,33)
w(282,10,3,33)
w(354,10,3,33)
r(99,3,3,33)
w(343,8,4,34)
w(211,9,4,34)
r(165,1,4,34)
w(294,9,4,34)
r(344,1,5,35)
r(284,1,5,35)
w(106,18,5,35)
w(293,8,5,35)
r(195,1,5,35)
w(21,14,5,35)
r(257,1,5,35)
r(252,3,5,35)
w(123,6,5,35)
w(256,9,5,35)
w(87,14,5,35)
w(251,10,5,35)
r(282,12,5,35)
w(273,13,5,35)
w(156,3,5,35)
w(270,10,5,35)
r(93,3,5,35)
w(224,10,5,35)
r(336,7,5,35)
w(6,7,5,35)
w(243,13,5,35)
w(6,5,5,35)
w(152,13,5,35)
w(320,9,5,35)
w(154,9,5,35)
w(206,10,5,35)
w(196,12,5,35)
w(322,13,5,35)
r(145,10,5,35)
r(325,1,5,35)
w(18,7,5,35)
r(242,1,5,35)
r(300,1,5,35)
w(159,5,5,35)
w(157,12,5,35)
w(315,20,5,35)
r(87,14,5,35)
w(238,13,5,35)
w(280,10,5,35)
w(206,6,5,35)
r(280,10,5,35)
r(207,4,5,35)
r(187,1,5,35)
r(107,1,5,35)
r(328,7,5,35)
r(73,12,5,35)
w(106,22,6,36)
r(247,1,6,36)
r(176,1,6,36)
w(218,14,6,36)
w(252,12,6,36)
w(310,12,6,36)
r(16,5,6,36)
w(344,15,6,36)
r(341,1,6,36)
r(90,1,6,36)
r(138,8,6,36)
w(57,14,6,36)
r(272,1,6,36)
r(102,1,6,36)
w(90,6,6,36)
r(288,1,6,36)
r(289,1,6,36)
w(113,16,6,36)
r(46,1,6,36)
r(28,7,6,36)
r(85,1,6,36)
w(240,2,1,37)
r(163,11,1,37)
w(248,4,1,37)
w(240,4,1,37)
w(113,2,1,37)
r(12,1,1,37)
r(223,1,1,37)
r(152,1,1,37)
r(188,8,1,37)
w(196,4,1,37)
r(145,10,1,37)
w(308,2,1,37)
w(212,2,1,37)
r(226,8,1,37)
w(308,4,1,37)
r(126,9,1,37)
r(335,10,1,37)
r(171,1,1,37)
w(342,2,1,37)
r(305,1,1,37)
w(153,2,1,37)
r(120,1,1,37)
r(20,3,1,37)
w(105,2,1,37)
w(48,2,1,37)
r(98,1,1,37)
r(303,1,1,37)
r(99,1,1,37)
r(348,3,1,37)
r(95,1,1,37)
w(72,11,2,38)
w(337,4,2,38)
r(343,1,2,38)
w(108,11,2,38)
w(106,3,2,38)
w(203,5,2,38)
r(231,1,2,38)
w(52,4,2,38)
w(106,9,2,38)
w(54,5,2,38)
w(307,5,2,38)
r(174,1,2,38)
r(114,5,2,38)
w(82,7,2,38)
r(104,1,2,38)
r(245,1,2,38)
r(50,1,2,38)
r(181,1,2,38)
r(30,7,2,38)
w(88,9,2,38)
r(287,1,2,38)
r(51,1,2,38)
w(315,3,2,38)
r(211,1,2,38)
w(346,11,2,38)
w(40,11,2,38)
r(111,1,2,38)
w(258,4,2,38)
w(184,6,3,39)
w(108,10,3,39)
r(312,1,3,39)
w(214,8,3,39)
w(336,7,3,39)
w(313,5,3,39)
w(103,9,3,39)
w(251,5,3,39)
w(118,9,3,39)
r(60,9,3,39)
r(174,1,3,39)
r(70,1,3,39)
w(19,7,3,39)
w(240,5,3,39)
w(87,3,3,39)
w(81,5,3,39)
w(101,9,3,39)
r(183,1,3,39)
r(74,7,3,39)
r(1,1,3,39)
r(32,7,3,39)
w(315,10,3,39)
r(302,1,3,39)
w(159,11,3,39)
r(75,1,3,39)
r(307,1,3,39)
r(47,1,3,39)
w(5,10,3,39)
r(198,1,3,39)
r(193,1,3,39)
r(65,3,3,39)
r(69,1,3,39)
w(216,5,3,39)
w(39,10,3,39)
w(71,11,3,39)
r(210,9,3,39)
r(146,5,3,39)
w(299,5,3,39)
w(171,3,3,39)
r(22,1,3,39)
r(333,1,3,39)
r(226,8,3,39)
r(232,1,3,39)
r(124,3,3,39)
w(297,4,3,39)
r(49,1,3,39)
r(136,1,3,39)
w(247,9,3,39)
w(172,10,3,39)
r(328,7,3,39)
r(209,1,4,40)
r(24,1,4,40)
w(301,7,4,40)
r(25,1,4,40)
w(353,13,4,40)
w(357,12,4,40)
w(339,8,4,40)
w(105,9,4,40)
w(311,9,4,40)
r(21,7,4,40)
w(279,3,4,40)
r(140,5,4,40)
w(33,9,4,40)
w(21,5,4,40)
r(286,1,4,40)
w(219,6,4,40)
r(105,9,4,40)
w(260,9,4,40)
w(359,5,4,40)
w(242,8,4,40)
w(4,4,4,40)
w(51,5,4,40)
r(174,1,4,40)
w(360,6,4,40)
r(88,1,4,40)
w(185,3,4,40)
w(236,9,4,40)
w(10,3,4,40)
w(290,10,4,40)
w(23,10,4,40)
w(46,7,4,40)
w(219,13,4,40)
w(297,7,4,40)
w(91,3,4,40)
w(284,7,4,40)
r(338,1,4,40)
r(139,1,4,40)
w(282,14,4,40)
r(120,1,4,40)
r(181,1,4,40)
r(100,10,4,40)
w(156,9,5,41)
w(50,12,5,41)
w(113,12,5,41)
r(98,1,5,41)
w(33,8,5,41)
w(294,14,5,41)
w(142,11,5,41)
w(56,15,5,41)
r(166,1,5,41)
r(188,4,5,41)
w(240,13,5,41)
r(142,11,5,41)
r(358,8,5,41)
r(301,1,5,41)
w(204,5,5,41)
w(343,12,5,41)
w(307,15,5,41)
r(5,10,5,41)
r(174,3,5,41)
r(147,8,5,41)
r(85,1,5,41)
w(327,14,5,41)
w(283,5,5,41)
w(204,3,5,41)
r(291,2,5,41)
w(134,9,5,41)
r(242,1,5,41)
r(210,9,5,41)
w(127,10,5,41)
r(79,1,5,41)
r(118,9,5,41)
r(12,1,5,41)
r(166,1,5,41)
w(286,15,6,42)
w(93,12,6,42)
r(159,11,6,42)
r(360,10,6,42)
w(318,10,6,42)
w(71,12,6,42)
w(173,10,6,42)
r(331,1,6,42)
r(325,1,6,42)
w(28,3,6,42)
w(54,21,6,42)
r(190,1,6,42)
r(210,9,6,42)
r(255,7,6,42)
r(126,9,6,42)
w(252,14,6,42)
w(354,14,6,42)
r(341,1,6,42)
w(89,21,6,42)
r(316,1,6,42)
w(77,6,6,42)
r(256,2,6,42)
w(253,12,6,42)
r(219,10,6,42)
w(180,12,6,42)
w(131,10,6,42)
w(183,12,6,42)
w(306,14,6,42)
w(175,13,6,42)
w(128,21,6,42)
w(108,21,6,42)
r(184,6,6,42)
r(164,1,6,42)
w(264,13,6,42)
r(123,1,6,42)
r(278,1,6,42)
r(104,1,1,43)
r(234,10,1,43)
r(203,1,1,43)
w(356,2,1,43)
w(325,4,1,43)
r(147,8,1,43)
r(46,1,1,43)
w(335,2,1,43)
w(239,4,1,43)
r(93,3,1,43)
r(327,1,1,43)
r(298,1,1,43)
w(290,4,1,43)
w(330,4,1,43)
w(73,11,1,43)
r(205,1,1,43)
r(233,7,1,43)
r(311,1,1,43)
r(8,1,1,43)
r(176,1,1,43)
w(212,4,1,43)
w(135,4,1,43)
r(279,5,1,43)
w(160,2,1,43)
w(31,2,1,43)
w(5,4,1,43)
w(135,11,1,43)
r(115,1,1,43)
w(111,2,1,43)
r(4,2,1,43)
r(214,3,1,43)
w(271,5,2,44)
r(321,1,2,44)
r(334,1,2,44)
r(95,1,2,44)
r(42,1,2,44)
w(203,3,2,44)
r(92,1,2,44)
r(163,11,2,44)
r(43,1,2,44)
w(342,3,3,45)
w(338,5,3,45)
r(56,1,3,45)
r(249,1,3,45)
r(264,1,3,45)
w(310,3,3,45)
w(183,9,3,45)
r(172,10,3,45)
w(219,9,3,45)
w(132,13,3,45)
w(322,8,3,45)
r(193,1,3,45)
w(27,10,3,45)
w(358,3,3,45)
w(27,6,3,45)
w(188,3,3,45)
r(9,1,3,45)
w(240,3,3,45)
r(63,7,3,45)
w(12,9,3,45)
r(305,1,3,45)
r(40,1,3,45)
r(146,5,3,45)
r(314,1,3,45)
w(319,5,3,45)
w(183,8,3,45)
r(45,1,3,45)
w(144,4,3,45)
w(56,7,3,45)
r(80,8,3,45)
r(88,1,3,45)
r(27,6,3,45)
r(153,1,3,45)
r(99,1,3,45)
r(335,10,3,45)
r(99,1,4,46)
w(11,6,4,46)
r(133,8,4,46)
r(314,1,4,46)
w(234,6,4,46)
r(238,1,4,46)
w(177,8,4,46)
w(280,9,4,46)
w(220,9,4,46)
r(199,1,4,46)
r(330,1,4,46)
r(29,1,4,46)
w(324,8,4,46)
r(241,5,4,46)
r(308,9,4,46)
w(147,10,4,46)
w(117,8,4,46)
w(308,8,4,46)
w(210,8,4,46)
w(254,10,5,47)
w(341,13,5,47)
w(51,9,5,47)
r(107,1,5,47)
w(143,15,5,47)
r(132,11,5,47)
w(1,6,5,47)
r(43,1,5,47)
w(35,13,5,47)
r(284,1,5,47)
r(112,2,5,47)
r(206,11,5,47)
w(188,12,5,47)
w(22,3,5,47)
w(201,10,5,47)
w(151,3,5,47)
r(335,4,5,47)
r(128,10,5,47)
r(105,1,5,47)
w(78,5,5,47)
w(82,8,5,47)
r(87,3,5,47)
w(8,7,5,47)
r(200,1,5,47)
w(214,15,5,47)
r(157,1,5,47)
w(23,13,5,47)
w(168,9,5,47)
r(321,1,5,47)
w(315,19,5,47)
w(254,6,5,47)
w(156,8,5,47)
w(163,10,5,47)
w(91,10,5,47)
r(358,8,5,47)
w(225,15,5,47)
r(234,2,5,47)
r(200,1,5,47)
w(175,8,5,47)
r(9,1,5,47)
w(190,6,5,47)
r(28,7,5,47)
r(196,1,5,47)
r(39,10,5,47)
w(19,9,5,47)
r(160,7,5,47)
w(357,14,5,47)
r(145,10,5,47)
r(269,5,5,47)
w(154,8,5,47)
r(240,5,6,48)
w(7,8,6,48)
r(204,1,6,48)
w(2,5,6,48)
r(359,1,6,48)
w(158,8,6,48)
r(16,5,6,48)
r(66,1,6,48)
r(211,1,6,48)
w(100,13,6,48)
w(96,14,6,48)
r(197,1,6,48)
r(37,1,6,48)
r(30,7,6,48)
r(1,1,6,48)
w(91,13,6,48)
r(299,5,6,48)
w(343,16,6,48)
w(60,12,6,48)
w(125,12,6,48)
r(192,2,6,48)
r(142,1,6,48)
r(143,1,6,48)
w(128,18,6,48)
r(96,14,6,48)
r(279,9,6,48)
r(329,4,6,48)
w(195,16,6,48)
w(17,14,6,48)
r(271,1,6,48)
r(202,3,6,48)
r(281,1,6,48)
w(175,12,6,48)
r(126,9,6,48)
w(47,10,6,48)
w(336,6,6,48)
w(287,12,6,48)
w(186,8,6,48)
w(175,14,6,48)
r(334,1,6,48)
r(196,1,6,48)
w(193,14,6,48)
w(342,16,6,48)
w(31,9,6,48)
w(289,10,6,48)
r(9,1,6,48)
w(160,6,6,48)
w(179,6,6,48)
w(114,2,1,49)
r(312,1,1,49)
r(302,1,1,49)
r(6,1,1,49)
w(130,4,1,49)
r(48,3,1,49)
r(223,1,1,49)
r(354,1,1,49)
r(101,9,1,49)
w(116,2,1,49)
r(304,1,1,49)
r(127,1,1,49)
r(120,1,1,49)
w(137,4,1,49)
r(22,1,1,49)
r(319,1,1,49)
w(66,2,1,49)
r(250,1,1,49)
r(116,2,1,49)
r(303,1,1,49)
w(344,4,1,49)
w(53,11,1,49)
w(354,4,1,49)
w(312,4,1,49)
r(188,4,1,49)
r(329,5,1,49)
w(351,2,1,49)
w(282,7,1,49)
r(49,1,1,49)
w(4,2,2,50)
r(274,3,2,50)
r(310,9,2,50)
r(288,1,2,50)
w(273,3,2,50)
w(38,4,2,50)
w(266,2,2,50)
r(144,1,2,50)
r(77,1,2,50)
w(146,5,2,50)
w(328,7,2,50)
r(222,5,2,50)
r(242,1,2,50)
w(241,5,2,50)
r(146,5,2,50)
r(160,7,2,50)
w(299,11,2,50)
r(356,1,2,50)
r(31,1,2,50)
r(265,1,2,50)
w(217,4,2,50)
w(67,4,2,50)
w(44,11,2,50)
w(117,5,2,50)
r(94,1,2,50)
r(347,1,2,50)
w(55,11,2,50)
w(329,5,2,50)
r(304,1,2,50)
w(265,11,2,50)
w(339,11,2,50)
w(109,5,2,50)
w(207,4,2,50)
w(68,5,2,50)
r(340,1,2,50)
r(225,1,2,50)
w(349,11,2,50)
r(87,1,2,50)
w(63,7,2,50)
r(188,8,2,50)
w(188,4,2,50)
w(152,4,2,50)
w(108,7,2,50)
w(106,8,2,50)
w(13,5,2,50)
r(117,5,2,50)
r(240,1,2,50)
w(227,11,2,50)
r(69,1,2,50)
w(337,11,2,50)
w(249,7,3,51)
w(172,13,3,51)
r(191,1,3,51)
w(129,9,3,51)
w(195,7,3,51)
r(308,9,3,51)
w(156,4,3,51)
r(29,1,3,51)
r(62,9,3,51)
w(57,9,3,51)
r(139,2,3,51)
w(112,3,3,51)
r(302,1,3,51)
r(137,1,3,51)
w(301,4,3,51)
w(114,3,3,51)
w(327,8,3,51)
r(13,2,3,51)
w(29,9,3,51)
w(311,5,3,51)
r(158,1,3,51)
w(229,5,3,51)
r(199,1,3,51)
w(46,11,3,51)
r(94,5,3,51)
r(311,5,3,51)
r(179,1,3,51)
w(19,5,3,51)
r(192,4,3,51)
w(300,10,3,51)
w(141,5,3,51)
r(329,4,3,51)
w(313,3,3,51)
r(261,2,3,51)
r(42,1,3,51)
r(130,1,3,51)
r(28,7,3,51)
w(221,11,3,51)
r(278,4,3,51)
r(76,1,3,51)
r(356,1,3,51)
r(36,1,3,51)
r(325,1,3,51)
w(90,5,3,51)
w(26,5,3,51)
w(148,7,3,51)
r(67,4,3,51)
w(70,9,3,51)
w(228,5,3,51)
w(225,9,3,51)
r(283,1,4,52)
r(349,11,4,52)
r(12,1,4,52)
r(313,5,4,52)
w(223,7,4,52)
r(265,11,4,52)
w(128,10,4,52)
r(128,10,4,52)
r(88,1,4,52)
w(175,9,4,52)
w(243,3,4,52)
r(68,5,4,52)
w(231,3,4,52)
r(49,1,4,52)
w(80,10,4,52)
w(71,9,4,52)
w(349,9,4,52)
w(73,12,4,52)
r(206,9,4,52)
r(199,1,4,52)
w(4,11,4,52)
w(296,9,4,52)
r(171,3,4,52)
w(280,8,4,52)
w(174,3,4,52)
r(333,1,4,52)
w(243,9,4,52)
w(251,9,4,52)
r(110,1,4,52)
w(353,12,4,52)
r(303,1,4,52)
w(285,7,4,52)
r(56,1,4,52)
r(109,5,4,52)
r(254,7,4,52)
r(240,5,4,52)
r(4,11,4,52)
w(65,9,4,52)
w(40,9,4,52)
r(65,9,4,52)
r(136,1,4,52)
w(152,8,4,52)
w(279,9,4,52)
r(346,7,4,52)
w(165,8,4,52)
r(6,1,4,52)
r(133,8,4,52)
w(15,13,4,52)
w(169,11,4,52)
w(351,8,4,52)
r(351,8,5,53)
w(46,3,5,53)
w(32,8,5,53)
w(269,6,5,53)
r(69,2,5,53)
w(155,11,5,53)
r(253,1,5,53)
r(20,3,5,53)
w(292,8,5,53)
r(82,8,5,53)
r(332,1,5,53)
r(196,1,5,53)
w(44,8,5,53)
r(225,15,5,53)
r(206,11,5,53)
w(331,10,5,53)
r(115,1,6,54)
r(7,1,6,54)
r(179,1,6,54)
w(227,10,6,54)
w(133,20,6,54)
w(202,15,6,54)
r(207,4,6,54)
w(340,10,6,54)
r(298,1,6,54)
r(39,10,6,54)
r(327,1,6,54)
r(43,1,6,54)
w(79,15,6,54)
w(123,12,6,54)
r(80,2,6,54)
w(319,16,6,54)
w(272,8,6,54)
w(152,12,6,54)
w(277,15,6,54)
r(282,12,6,54)
w(81,12,6,54)
r(86,1,6,54)
r(178,1,6,54)
r(293,1,6,54)
r(240,5,6,54)
w(292,10,6,54)
w(68,10,6,54)
w(34,21,6,54)
r(109,5,6,54)
w(13,13,6,54)
w(8,8,6,54)
r(69,2,6,54)
r(265,2,6,54)
r(21,7,6,54)
r(290,5,1,55)
w(296,2,1,55)
w(192,2,1,55)
r(227,11,1,55)
r(215,1,1,55)
w(341,7,1,55)
w(248,7,1,55)
w(172,4,1,55)
r(326,1,1,55)
r(126,9,1,55)
w(357,2,1,55)
r(314,1,1,55)
r(59,3,1,55)
r(147,8,1,55)
w(151,2,1,55)
w(357,4,1,55)
r(24,1,1,55)
r(263,1,1,55)
w(307,4,1,55)
r(341,7,1,55)
w(132,11,1,55)
w(120,2,1,55)
r(135,1,1,55)
w(64,11,1,55)
r(33,1,1,55)
r(294,1,1,55)
r(275,1,1,55)
r(132,11,1,55)
r(282,12,1,55)
r(234,10,1,55)
r(123,1,1,55)
w(112,2,1,55)
r(179,1,1,55)
w(291,2,1,55)
w(146,11,1,55)
w(102,2,1,55)
w(319,2,1,55)
r(111,1,1,55)
r(236,1,1,55)
r(78,1,1,55)
w(69,2,1,55)
r(19,7,1,55)
r(43,1,1,55)
r(160,7,1,55)
w(345,4,1,55)
w(329,4,1,55)
r(237,1,1,55)
r(37,1,1,55)
w(223,2,1,55)
r(311,1,1,55)
w(236,11,2,56)
r(268,1,2,56)
w(72,7,2,56)
w(136,11,2,56)
r(186,1,2,56)
r(177,1,2,56)
r(42,1,2,56)
r(313,5,2,56)
r(232,1,2,56)
w(131,4,2,56)
r(227,11,2,56)
r(79,1,2,56)
r(233,7,2,56)
w(255,11,2,56)
w(130,11,2,56)
r(188,4,2,56)
r(281,1,2,56)
r(137,1,2,56)
r(347,1,2,56)
w(157,11,2,56)
w(75,7,3,57)
w(106,15,3,57)
w(87,9,3,57)
r(57,9,3,57)
w(331,3,3,57)
r(163,10,3,57)
r(170,1,3,57)
w(213,4,3,57)
w(154,7,3,57)
w(346,9,3,57)
w(188,9,3,57)
r(204,1,3,57)
w(322,10,3,57)
r(299,5,3,57)
w(303,10,3,57)
w(64,9,3,57)
w(79,8,3,57)
w(125,5,3,57)
w(298,5,3,57)
w(282,6,3,57)
w(58,7,3,57)
r(39,10,3,57)
r(290,5,3,57)
r(313,3,3,57)
r(7,1,3,57)
w(99,9,3,57)
r(62,9,3,57)
r(67,4,3,57)
w(67,5,3,57)
w(189,3,4,58)
w(190,9,4,58)
r(16,5,4,58)
w(92,9,4,58)
w(267,3,4,58)
w(129,10,4,58)
r(114,5,4,58)
r(326,1,4,58)
r(96,6,4,58)
w(346,10,4,58)
r(244,3,4,58)
r(255,7,4,58)
r(205,1,4,58)
r(86,1,4,58)
r(19,7,4,58)
r(297,4,4,58)
r(44,11,4,58)
w(251,8,4,58)
r(200,1,4,58)
w(254,9,4,58)
r(328,7,4,58)
r(122,1,4,58)
r(133,8,4,58)
w(312,9,4,58)
w(346,6,4,58)
r(283,1,4,58)
r(320,1,4,58)
w(237,7,4,58)
r(293,1,4,58)
w(252,9,4,58)
w(128,6,4,58)
r(56,1,4,58)
w(321,9,4,58)
r(160,7,4,58)
r(182,1,4,58)
w(101,13,4,58)
r(72,1,4,58)
r(178,1,4,58)
r(225,1,4,58)
w(293,5,4,58)
w(272,11,4,58)
w(103,13,4,58)
r(238,1,4,58)
r(242,1,4,58)
r(301,1,4,58)
w(315,14,4,58)
w(272,7,4,58)
r(90,1,5,59)
w(92,10,5,59)
w(24,9,5,59)
w(119,9,5,59)
r(244,3,5,59)
r(63,7,5,59)
r(117,4,5,59)
r(290,5,5,59)
w(47,8,5,59)
r(309,1,5,59)
w(320,10,5,59)
r(156,8,5,59)
w(128,14,5,59)
r(27,9,5,59)
w(91,6,5,59)
r(162,1,5,59)
w(13,10,5,59)
w(92,6,5,59)
w(341,12,5,59)
w(308,10,5,59)
r(351,8,5,59)
w(187,10,5,59)
r(63,7,5,59)
w(250,12,5,59)
w(153,13,5,59)
w(278,14,6,60)
w(11,20,6,60)
w(197,8,6,60)
w(171,16,6,60)
r(211,1,6,60)
w(274,14,6,60)
w(275,9,6,60)
r(3,1,6,60)
r(223,2,6,60)
r(170,1,6,60)
r(310,9,6,60)
w(307,18,6,60)
r(185,2,6,60)
w(204,8,6,60)
r(311,5,6,60)
r(261,2,6,60)
w(288,10,6,60)
w(331,2,1,61)
r(6,1,1,61)
w(230,4,1,61)
r(19,7,1,61)
w(184,4,1,61)
w(300,4,1,61)
r(72,1,1,61)
w(261,2,1,61)
r(136,1,1,61)
w(25,2,1,61)
w(70,4,1,61)
w(53,7,1,61)
r(83,1,1,61)
r(282,12,1,61)
r(136,1,1,61)
w(24,11,1,61)
r(277,1,1,61)
r(28,7,1,61)
w(13,2,1,61)
w(278,4,1,61)
r(351,8,1,61)
w(117,4,1,61)
r(269,5,1,61)
r(101,9,1,61)
r(59,3,1,61)
w(101,4,1,61)
r(302,1,1,61)
w(97,4,1,61)
r(228,1,1,61)
w(265,2,1,61)
w(97,11,1,61)
w(74,2,1,61)
r(128,10,1,61)
w(335,4,1,61)
w(75,4,1,61)
w(330,11,1,61)
r(272,1,1,61)
r(190,1,1,61)
w(80,2,1,61)
r(357,4,1,61)
r(5,10,1,61)
w(139,2,1,61)
r(322,1,1,61)
r(235,1,1,61)
r(94,5,1,61)
r(149,1,1,61)
w(185,2,1,61)
w(234,2,1,61)
w(338,11,1,61)
w(113,4,1,61)
w(333,11,2,62)
r(45,1,2,62)
r(137,1,2,62)
w(10,11,2,62)
w(203,9,2,62)
r(165,8,2,62)
w(94,5,2,62)
r(150,1,2,62)
r(53,1,2,62)
w(311,11,2,62)
w(274,2,2,62)
r(28,7,2,62)
r(26,3,2,62)
w(183,7,2,62)
r(349,9,2,62)
w(328,5,2,62)
r(77,1,2,62)
r(224,1,2,62)
r(255,7,2,62)
r(141,1,2,62)
r(65,9,2,62)
w(224,11,2,62)
r(325,1,2,62)
w(274,4,2,62)
r(50,1,2,62)
r(38,4,2,62)
r(230,11,2,62)
w(48,4,2,62)
w(348,7,2,62)
w(54,9,2,62)
r(77,1,2,62)
r(91,7,2,62)
w(185,7,2,62)
r(53,1,2,62)
w(324,4,2,62)
r(150,1,2,62)
w(206,11,2,62)
r(54,9,2,62)
r(325,1,2,62)
r(159,11,2,62)
w(294,7,2,62)
w(316,5,2,62)
r(183,7,2,62)
w(187,7,2,62)
w(89,3,2,62)
w(343,5,2,62)
w(345,7,2,62)
w(353,3,2,62)
r(24,1,2,62)
r(79,1,2,62)
r(37,1,3,63)
r(86,1,3,63)
r(277,1,3,63)
r(83,1,3,63)
r(4,11,3,63)
r(292,1,3,63)
r(360,10,3,63)
r(118,9,3,63)
w(271,6,3,63)
r(51,10,3,63)
w(300,6,3,63)
w(49,9,3,63)
r(26,6,3,63)
r(159,11,3,63)
r(57,9,3,63)
r(10,11,4,64)
w(225,12,4,64)
r(61,1,4,64)
r(334,1,4,64)
r(199,1,4,64)
r(360,10,4,64)
w(124,8,4,64)
w(56,6,4,64)
w(229,3,4,64)
r(150,1,4,64)
r(356,1,4,64)
w(353,14,4,64)
r(357,4,4,64)
w(102,3,4,64)
w(114,10,4,64)
r(205,1,4,64)
w(358,6,4,64)
w(84,13,4,64)
r(122,1,4,64)
r(9,1,4,64)
r(57,1,4,64)
w(213,7,4,64)
r(58,1,4,64)
r(176,1,4,64)
r(210,9,4,64)
w(157,10,4,64)
w(179,10,4,64)
w(58,3,4,64)
w(174,9,4,64)
w(153,3,4,64)
r(191,1,4,64)
r(263,1,4,64)
w(21,9,4,64)
w(293,3,4,64)
r(257,1,4,64)
w(164,3,4,64)
w(11,13,4,64)
r(288,1,4,64)
w(138,10,4,64)
r(194,11,5,65)
r(36,1,5,65)
w(286,12,5,65)
w(9,9,5,65)
w(117,10,5,65)
w(243,12,5,65)
r(184,4,5,65)
w(273,12,5,65)
w(312,12,5,65)
w(227,8,5,65)
w(349,13,5,65)
w(345,12,5,65)
r(263,1,5,65)
r(150,1,5,65)
r(138,8,5,65)
w(131,9,5,65)
w(141,13,5,65)
w(124,6,5,65)
r(234,2,5,65)
w(80,12,5,65)
r(53,7,5,65)
r(81,5,5,65)
r(251,9,5,65)
w(302,9,5,65)
r(94,5,5,65)
w(285,3,5,65)
r(323,9,5,65)
r(102,2,5,65)
w(182,6,5,65)
r(313,3,5,65)
w(275,3,5,65)
r(33,1,5,65)
w(280,13,5,65)
r(67,4,5,65)
w(12,6,5,65)
r(320,1,5,65)
w(213,8,5,65)
w(309,10,5,65)
r(230,4,5,65)
r(227,8,5,65)
w(137,10,5,65)
r(208,4,5,65)
w(111,8,5,65)
r(124,6,5,65)
r(35,13,5,65)
w(135,8,5,65)
r(278,4,5,65)
w(270,6,5,65)
w(263,6,5,65)
w(268,6,5,65)
r(227,8,6,66)
w(357,18,6,66)
w(34,18,6,66)
w(305,3,6,66)
w(349,14,6,66)
r(265,2,6,66)
w(76,7,6,66)
w(116,10,6,66)
w(124,12,6,66)
r(3,1,6,66)
w(324,15,6,66)
r(36,1,6,66)
r(243,12,6,66)
w(205,14,6,66)
r(86,1,6,66)
w(346,12,6,66)
r(311,5,6,66)
r(334,1,6,66)
w(250,15,6,66)
w(87,19,6,66)
w(95,8,6,66)
w(17,15,6,66)
w(132,21,6,66)
r(60,9,6,66)
w(174,13,6,66)
w(190,16,6,66)
w(226,15,6,66)
r(58,2,6,66)
r(299,5,6,66)
r(115,1,6,66)
w(11,19,6,66)
r(71,9,6,66)
w(354,15,6,66)
r(10,11,6,66)
w(132,18,6,66)
r(57,9,6,66)
r(143,15,6,66)
w(233,8,6,66)
w(285,6,6,66)
w(258,6,6,66)
w(198,2,1,67)
r(299,5,1,67)
w(3,7,1,67)
w(87,2,1,67)
r(39,10,1,67)
r(319,2,1,67)
w(217,2,1,67)
r(93,3,1,67)
w(197,2,1,67)
r(227,11,1,67)
w(261,4,1,67)
w(275,4,1,67)
r(263,1,1,67)
r(26,3,1,67)
r(250,1,1,67)
r(282,12,1,67)
w(332,2,1,67)
w(199,2,1,67)
r(128,10,1,67)
r(165,8,1,67)
r(320,1,1,67)
w(42,2,1,67)
w(343,4,1,67)
w(106,11,1,67)
w(110,2,1,67)
w(211,2,1,67)
w(323,4,1,67)
r(336,7,1,67)
w(105,4,1,67)
r(5,10,1,67)
w(247,2,1,67)
w(343,11,1,67)
r(290,5,1,67)
w(21,2,1,67)
r(188,4,1,67)
r(4,11,1,67)
r(294,7,1,67)
r(59,3,1,67)
w(167,4,1,67)
r(150,1,2,68)
w(297,2,2,68)
w(303,7,2,68)
w(270,11,2,68)
r(116,1,2,68)
r(206,11,2,68)
w(53,5,2,68)
w(248,9,2,68)
r(1,6,2,68)
w(63,5,2,68)
r(7,1,2,68)
r(307,4,2,68)
w(303,5,2,68)
w(289,7,3,69)
r(163,10,3,69)
w(47,11,3,69)
r(264,1,3,69)
r(238,12,3,69)
r(109,5,3,69)
w(138,7,3,69)
r(247,9,3,69)
w(219,8,3,69)
r(321,6,3,69)
r(230,8,3,69)
w(70,10,3,69)
r(305,1,3,69)
w(306,9,3,69)
w(203,10,3,69)
r(174,3,3,69)
w(286,8,3,69)
w(261,5,3,69)
r(90,5,3,69)
w(111,11,3,69)
r(199,1,3,69)
r(148,6,3,69)
w(146,8,3,69)
r(129,9,3,69)
r(218,1,3,69)
r(123,1,3,69)
r(305,1,3,69)
w(246,9,3,69)
r(334,1,3,69)
w(86,3,3,69)
r(31,1,3,69)
w(197,5,3,69)
r(67,4,3,69)
r(357,14,3,69)
r(75,4,3,69)
r(5,10,3,69)
w(134,7,3,69)
r(178,1,4,70)
r(25,2,4,70)
r(139,2,4,70)
r(188,4,4,70)
w(304,10,4,70)
r(52,5,4,70)
w(45,5,4,70)
w(11,14,4,70)
w(89,10,4,70)
r(274,4,4,70)
r(305,1,4,70)
w(252,8,4,70)
w(229,9,4,70)
r(311,11,4,70)
w(347,13,4,70)
r(93,3,4,70)
w(170,8,4,70)
w(336,3,4,70)
r(193,1,4,70)
w(233,3,4,70)
r(314,1,4,70)
w(265,6,4,70)
w(195,8,4,70)
w(197,3,4,70)
w(232,9,4,70)
r(195,7,5,71)
w(251,6,5,71)
w(341,14,5,71)
r(35,13,5,71)
r(238,1,5,71)
r(342,10,5,71)
w(284,9,5,71)
r(10,11,5,71)
r(149,1,5,71)
r(358,8,5,71)
r(292,1,5,71)
w(272,3,5,71)
w(29,12,5,71)
r(162,1,5,71)
w(232,10,5,71)
w(195,14,5,71)
w(181,21,5,71)
r(20,3,5,71)
w(26,6,5,71)
r(43,1,5,71)
w(225,16,5,71)
w(20,8,5,71)
w(104,5,5,71)
r(162,1,5,71)
r(88,1,5,71)
w(49,6,5,71)
w(345,14,5,71)
r(358,8,5,71)
w(339,13,5,71)
r(246,1,5,71)
r(357,14,5,71)
r(184,4,5,71)
r(102,2,5,71)
r(40,9,5,71)
r(219,10,5,71)
r(151,3,5,71)
r(328,5,5,71)
r(223,2,5,71)
r(190,6,5,71)
r(339,13,5,71)
r(340,1,5,71)
w(238,12,5,71)
w(93,6,5,71)
w(51,10,5,71)
w(259,13,5,71)
r(121,1,5,71)
r(1,6,5,71)
w(87,15,5,71)
r(327,8,5,71)
r(147,8,5,71)
w(109,18,6,72)
r(195,14,6,72)
r(66,1,6,72)
w(203,19,6,72)
r(182,6,6,72)
r(30,7,6,72)
r(3,12,6,72)
w(203,17,6,72)
r(329,4,6,72)
r(315,17,6,72)
r(222,3,6,72)
w(154,12,6,72)
r(71,13,6,72)
r(270,6,6,72)
r(275,3,6,72)
w(166,9,6,72)
w(206,13,6,72)
w(269,13,6,72)
w(209,9,6,72)
w(206,12,6,72)
r(209,9,6,72)
r(148,6,6,72)
r(9,9,6,72)
w(134,6,6,72)
w(330,13,6,72)
w(317,15,6,72)
r(190,6,6,72)
r(13,2,6,72)
w(229,6,6,72)
r(350,1,6,72)
r(270,6,6,72)
r(151,3,6,72)
w(317,2,1,73)
r(3,1,1,73)
w(349,2,1,73)
w(61,2,1,73)
w(73,7,1,73)
r(137,1,1,73)
r(226,8,1,73)
w(133,2,1,73)
w(192,4,1,73)
r(340,1,1,73)
w(314,2,1,73)
r(137,1,1,73)
w(79,2,1,73)
w(268,4,1,73)
r(277,1,1,73)
r(171,3,1,73)
r(24,11,1,73)
r(25,2,1,73)
w(34,11,1,73)
r(5,10,1,73)
r(95,1,1,73)
r(73,7,1,73)
r(150,1,1,73)
r(321,1,1,73)
w(289,2,1,73)
w(273,2,1,73)
w(296,4,1,73)
w(57,2,1,73)
w(14,2,1,73)
w(58,2,1,73)
r(12,1,1,73)
w(17,2,1,73)
w(208,4,1,73)
r(193,1,1,73)
r(54,9,1,73)
w(232,2,1,73)
r(203,9,1,73)
r(109,5,1,73)
r(340,1,1,73)
w(193,2,1,73)
r(26,3,1,73)
w(248,5,1,73)
w(231,2,1,73)
r(355,3,1,73)
r(293,1,1,73)
r(64,11,1,73)
w(65,2,1,73)
w(220,2,1,73)
r(190,1,1,73)
r(156,1,1,73)
r(70,12,2,74)
r(285,3,2,74)
w(250,11,2,74)
r(233,7,2,74)
w(53,3,2,74)
w(198,7,2,74)
w(219,5,2,74)
r(264,1,2,74)
w(194,4,2,74)
w(171,11,2,74)
w(260,2,2,74)
w(244,7,2,74)
w(51,11,2,74)
r(248,5,2,74)
w(29,7,2,74)
r(138,8,2,74)
r(309,10,2,74)
r(100,10,2,74)
w(64,3,2,74)
r(294,7,2,74)
w(14,7,2,74)
w(295,4,2,74)
w(52,11,2,74)
w(53,9,2,74)
w(260,4,2,74)
w(35,7,2,74)
r(331,2,2,74)
r(88,1,2,74)
r(104,5,2,74)
w(161,7,2,74)
r(5,10,2,74)
w(262,7,2,74)
r(74,2,2,74)
w(329,3,2,74)
w(276,7,2,74)
r(78,9,2,74)
r(359,1,2,74)
r(123,1,2,74)
w(15,5,2,74)
w(300,7,2,74)
w(143,3,2,74)
r(126,9,2,74)
r(170,1,2,74)
r(155,7,2,74)
r(117,6,2,74)
w(287,7,2,74)
r(149,1,2,74)
r(314,2,2,74)
w(353,8,2,74)
r(148,6,2,74)
r(284,8,3,75)
r(181,18,3,75)
w(356,3,3,75)
w(241,9,3,75)
w(252,7,3,75)
w(56,5,3,75)
w(53,12,3,75)
r(303,9,3,75)
w(316,9,3,75)
w(234,9,3,75)
r(172,9,3,75)
w(295,10,3,75)
w(218,10,3,75)
w(116,7,3,75)
w(150,7,3,75)
r(322,1,3,75)
r(14,7,3,75)
r(254,6,3,75)
r(241,9,3,75)
w(259,11,3,75)
w(246,8,3,75)
w(83,5,3,75)
r(137,10,3,75)
r(180,8,3,75)
r(35,7,3,75)
r(258,1,3,75)
w(256,4,3,75)
r(63,12,3,75)
w(319,3,3,75)
r(196,10,3,75)
r(81,5,3,75)
w(177,9,3,75)
r(14,7,3,75)
w(282,13,3,75)
r(107,1,3,75)
w(66,7,3,75)
w(254,3,3,75)
w(81,9,3,75)
r(267,1,3,75)
w(103,8,3,75)
w(128,3,3,75)
w(25,7,3,75)
w(82,3,3,75)
r(304,14,3,75)
r(159,2,3,75)
w(195,5,3,75)
r(99,1,3,75)
w(218,6,3,75)
r(346,7,3,75)
w(203,6,3,75)
r(6,1,4,76)
r(309,1,4,76)
r(80,2,4,76)
w(295,12,4,76)
w(316,10,4,76)
r(320,1,4,76)
w(156,11,4,76)
r(288,1,4,76)
w(287,10,4,76)
w(261,3,4,76)
w(220,8,4,76)
r(33,1,4,76)
w(253,8,4,76)
w(84,12,4,76)
r(151,3,4,76)
r(221,11,4,76)
r(300,10,4,76)
r(102,2,4,76)
w(336,9,4,76)
r(258,1,4,76)
w(178,3,4,76)
r(246,1,4,76)
w(347,12,4,76)
r(11,1,4,76)
w(333,10,4,76)
r(167,1,4,76)
w(223,5,4,76)
w(34,8,4,76)
w(236,8,4,76)
w(147,6,4,76)
w(296,8,4,76)
w(34,10,4,76)
r(281,1,4,76)
r(357,14,4,76)
w(148,6,5,77)
r(355,3,5,77)
w(244,6,5,77)
w(71,13,5,77)
r(135,8,5,77)
r(60,9,5,77)
w(251,13,5,77)
w(98,5,5,77)
w(234,14,5,77)
w(175,10,5,77)
r(57,9,5,77)
r(280,13,5,77)
r(33,1,5,77)
w(42,5,5,77)
r(131,9,5,77)
r(62,9,5,77)
w(159,3,5,77)
r(54,9,5,77)
r(266,2,5,77)
w(86,13,5,77)
w(165,12,5,77)
w(352,12,5,77)
w(224,6,5,77)
w(62,8,5,77)
r(46,11,5,77)
r(334,1,5,77)
w(7,3,5,77)
r(267,1,5,77)
w(153,12,5,77)
r(144,1,5,77)
r(123,1,5,77)
r(256,2,5,77)
r(69,2,5,77)
r(84,1,5,77)
r(338,11,5,77)
w(274,6,5,77)
w(70,12,5,77)
r(324,4,5,77)
w(352,14,5,77)
r(144,1,5,77)
w(10,10,5,77)
w(180,8,5,77)
w(340,9,5,77)
w(15,12,5,77)
r(160,7,5,77)
w(230,8,5,77)
w(360,14,5,77)
w(26,13,5,77)
r(203,9,5,77)
w(51,6,5,77)
r(293,10,6,78)
r(42,5,6,78)
w(65,10,6,78)
w(79,16,6,78)
r(102,2,6,78)
w(221,8,6,78)
r(90,5,6,78)
w(66,6,6,78)
w(52,10,6,78)
r(311,5,6,78)
w(178,12,6,78)
w(197,10,6,78)
w(353,17,6,78)
r(225,16,6,78)
r(150,1,6,78)
w(51,12,6,78)
r(308,9,6,78)
w(228,10,6,78)
r(26,13,6,78)
r(191,1,6,78)
w(5,17,6,78)
r(126,9,6,78)
r(68,5,6,78)
r(229,5,6,78)
r(208,4,6,78)
w(26,15,6,78)
r(217,4,6,78)
r(10,10,6,78)
w(61,3,6,78)
w(304,14,6,78)
w(303,20,6,78)
r(342,10,6,78)
w(255,13,6,78)
w(268,14,6,78)
w(305,9,6,78)
r(63,12,6,78)
w(325,16,6,78)
r(171,11,6,78)
r(244,7,6,78)
r(233,7,6,78)
r(148,6,6,78)
r(143,3,6,78)
r(205,1,6,78)
w(109,20,6,78)
w(76,5,6,78)
w(318,6,6,78)
w(60,14,6,78)
w(222,8,6,78)
w(299,13,6,78)
r(259,13,6,78)
w(114,4,1,79)
w(269,4,1,79)
w(247,4,1,79)
r(345,7,1,79)
r(135,8,2,80)
w(214,11,2,80)
w(133,4,2,80)
w(280,2,2,80)
w(218,9,2,80)
r(212,1,2,80)
w(27,3,2,80)
r(46,11,2,80)
r(250,11,2,80)
r(239,1,2,80)
w(235,7,2,80)
r(83,9,2,80)
w(50,11,2,80)
w(342,7,2,80)
r(144,1,2,80)
w(265,7,2,80)
r(277,1,2,80)
r(201,10,2,80)
r(325,16,2,80)
w(275,11,2,80)
w(172,9,2,80)
r(205,1,2,80)
r(311,5,2,80)
w(217,11,2,80)
w(318,4,2,80)
r(189,1,2,80)
w(97,3,2,80)
w(303,9,2,80)
w(266,4,2,80)
w(21,4,2,80)
r(294,7,2,80)
w(192,7,2,80)
r(119,10,2,80)
w(159,2,2,80)
w(312,7,2,80)
r(281,1,2,80)
r(285,3,2,80)
w(268,7,2,80)
r(27,3,2,80)
w(164,11,2,80)
r(77,1,2,80)
w(208,3,2,80)
w(85,7,2,80)
r(283,1,2,80)
w(154,4,2,80)
r(220,12,2,80)
w(70,3,2,80)
r(166,1,2,80)
w(298,7,2,80)
r(89,3,2,80)
w(326,7,3,81)
w(56,3,3,81)
w(37,8,3,81)
r(128,3,3,81)
w(16,3,3,81)
r(4,11,3,81)
r(192,7,3,81)
r(334,1,3,81)
r(57,10,3,81)
r(314,6,3,81)
r(248,5,3,81)
w(200,8,3,81)
w(352,3,3,81)
w(82,9,3,81)
r(31,1,3,81)
w(178,7,3,81)
w(180,3,3,81)
r(348,10,3,81)
r(231,2,3,81)
r(199,1,3,81)
r(171,11,3,81)
w(324,3,3,81)
w(277,5,3,81)
w(288,3,3,81)
w(299,3,3,81)
r(32,7,3,81)
w(9,7,3,81)
w(194,5,3,81)
r(231,2,3,81)
w(206,5,3,81)
r(173,2,3,81)
r(278,9,3,81)
r(166,1,4,82)
r(280,13,4,82)
w(36,3,4,82)
w(295,14,4,82)
w(115,5,4,82)
r(72,1,4,82)
r(157,1,4,82)
r(174,3,4,82)
r(269,5,4,82)
r(62,9,4,82)
w(253,10,4,82)
r(255,7,4,82)
r(68,5,4,82)
w(48,8,4,82)
r(82,8,4,82)
w(185,9,4,82)
r(198,1,4,82)
w(79,6,4,82)
w(188,6,4,82)
r(93,6,4,82)
w(332,9,4,82)
r(42,1,4,82)
r(326,1,4,82)
r(101,4,4,82)
w(310,10,4,82)
r(262,6,5,83)
w(83,9,5,83)
w(29,14,5,83)
w(181,18,5,83)
r(74,2,5,83)
w(178,10,5,83)
r(125,1,5,83)
w(220,12,5,83)
r(120,2,5,83)
w(60,6,5,83)
w(202,13,5,83)
r(68,5,5,83)
w(325,13,5,83)
r(247,9,5,83)
w(321,6,5,83)
w(155,7,5,83)
w(222,3,5,83)
w(284,8,5,83)
w(119,10,5,83)
w(234,15,5,83)
w(78,9,5,83)
r(174,3,5,83)
r(135,8,5,83)
w(360,15,5,83)
w(116,9,5,83)
r(162,1,5,83)
w(210,6,5,83)
w(289,9,5,83)
r(118,9,5,83)
w(63,12,5,83)
w(41,3,5,83)
w(167,13,5,83)
r(82,8,5,83)
w(117,6,5,83)
r(52,5,5,83)
r(340,9,5,83)
r(340,9,5,83)
w(3,12,5,83)
w(194,13,5,83)
w(315,17,5,83)
r(133,2,5,83)
w(293,10,5,83)
r(200,1,5,83)
w(167,12,5,83)
r(8,7,5,83)
r(65,2,5,83)
r(74,2,5,83)
w(133,21,5,83)
w(103,14,5,83)
w(328,12,5,83)
w(51,14,6,84)
w(20,10,6,84)
w(304,15,6,84)
w(318,13,6,84)
r(90,5,6,84)
w(121,6,6,84)
r(198,7,6,84)
r(339,10,6,84)
r(68,5,6,84)
r(4,11,6,84)
r(355,3,6,84)
r(158,1,6,84)
r(90,5,6,84)
r(259,13,6,84)
r(140,5,6,84)
r(347,1,6,84)
w(8,10,6,84)
r(79,2,1,85)
w(154,2,1,85)
w(200,11,1,85)
w(291,4,1,85)
r(91,10,1,85)
r(124,3,1,85)
r(12,1,1,85)
w(123,11,1,85)
w(355,11,1,85)
r(231,2,1,85)
r(189,1,1,85)
r(325,1,1,85)
r(84,1,1,85)
r(356,1,1,85)
w(107,5,2,86)
w(103,7,2,86)
w(243,11,2,86)
r(117,6,2,86)
w(30,4,2,86)
r(13,2,2,86)
w(171,7,2,86)
r(168,5,2,86)
r(45,1,2,86)
w(15,3,2,86)
w(87,7,2,86)
w(214,7,2,86)
r(193,2,2,86)
w(225,8,3,87)
r(323,7,3,87)
w(141,3,3,87)
w(303,6,3,87)
w(346,8,3,87)
w(312,8,4,88)
w(215,8,4,88)
w(10,9,4,88)
r(348,7,4,88)
w(256,5,4,88)
r(55,11,4,88)
r(102,2,4,88)
r(223,2,4,88)
w(315,15,4,88)
r(97,11,4,88)
r(190,6,4,88)
r(85,1,4,88)
w(91,9,4,88)
w(205,8,4,88)
r(295,1,4,88)
w(29,13,4,88)
r(159,3,5,89)
r(193,2,5,89)
r(167,12,5,89)
w(18,5,5,89)
r(167,12,5,89)
r(269,5,5,89)
w(109,16,5,89)
r(157,1,5,89)
r(69,2,5,89)
r(149,1,5,89)
w(102,9,5,89)
w(3,14,5,89)
r(2,1,5,89)
w(248,15,6,90)
r(169,11,6,90)
r(295,11,6,90)
w(90,13,6,90)
r(115,1,6,90)
r(193,2,6,90)
w(207,10,6,90)
w(287,14,6,90)
w(348,16,6,90)
w(54,11,1,91)
w(85,2,1,91)
w(171,4,1,91)
w(117,11,1,91)
r(348,7,1,91)
r(90,5,1,91)
r(340,1,1,91)
r(71,9,1,91)
r(340,1,1,91)
w(108,2,1,91)
r(252,3,1,91)
r(52,5,1,91)
w(278,11,1,91)
r(158,1,1,91)
w(1,2,1,91)
w(177,4,1,91)
r(80,12,1,91)
r(288,1,1,91)
w(257,2,1,91)
w(360,7,1,91)
r(110,1,1,91)
w(107,2,1,91)
r(144,1,1,91)
w(153,11,1,91)
w(337,7,2,92)
r(176,1,2,92)
r(131,9,2,92)
r(311,5,2,92)
w(46,4,2,92)
w(349,7,2,92)
w(71,2,2,92)
w(271,9,2,92)
r(34,11,2,92)
w(324,7,2,92)
w(29,5,2,92)
r(269,5,2,92)
w(197,11,2,92)
r(295,10,2,92)
r(302,9,2,92)
w(177,7,2,92)
w(245,4,2,92)
w(98,4,2,92)
r(70,6,2,92)
w(153,7,2,92)
w(166,4,2,92)
w(278,9,2,92)
w(43,5,2,92)
r(237,1,2,92)
r(186,1,2,92)
w(294,3,2,92)
r(33,1,2,92)
w(225,11,2,92)
r(149,1,2,92)
w(71,4,2,92)
r(169,11,2,92)
w(323,7,2,92)
w(184,10,2,92)
r(12,6,2,92)
r(10,10,2,92)
w(101,3,2,92)
r(233,7,2,92)
w(190,7,2,92)
r(43,5,2,92)
w(277,7,2,92)
w(109,3,2,92)
w(201,7,2,92)
r(2,1,2,92)
r(136,9,2,92)
w(49,11,2,92)
w(198,5,2,92)
w(295,11,2,92)
r(340,9,2,92)
r(177,7,2,92)
r(56,5,2,92)
r(291,2,3,93)
r(328,12,3,93)
r(262,7,3,93)
w(273,10,3,93)
r(74,2,3,93)
r(253,1,4,94)
w(171,12,4,94)
w(49,8,4,94)
w(192,6,4,94)
w(156,7,4,94)
w(121,3,4,94)
r(256,2,4,94)
r(283,1,4,94)
w(158,7,4,94)
r(118,9,4,94)
w(240,9,4,94)
w(83,3,4,94)
w(315,16,4,94)
r(207,4,4,94)
w(72,6,4,94)
w(36,9,4,94)
w(243,8,4,94)
w(34,6,4,94)
w(177,13,5,95)
w(340,8,5,95)
w(186,5,5,95)
w(94,6,5,95)
w(224,13,5,95)
r(47,1,5,95)
w(307,16,5,95)
r(236,1,5,95)
r(146,11,5,95)
w(154,10,5,95)
w(263,12,5,95)
w(184,12,5,95)
w(358,14,5,95)
r(118,9,5,95)
r(300,7,5,95)
r(150,1,5,95)
w(261,6,5,95)
r(30,7,5,95)
w(209,5,5,95)
w(163,6,5,95)
w(352,15,5,95)
r(355,3,5,95)
r(46,11,5,95)
w(51,13,5,95)
w(343,14,5,95)
r(100,10,5,95)
r(106,8,5,95)
w(102,8,5,95)
w(81,13,5,95)
w(350,15,5,95)
r(243,12,5,95)
r(219,5,5,95)
r(259,13,5,95)
w(188,14,5,95)
r(333,11,5,95)
w(224,12,5,95)
w(221,3,5,95)
r(19,5,5,95)
r(220,12,6,96)
r(334,1,6,96)
r(247,9,6,96)
w(294,20,6,96)
w(4,9,6,96)
r(4,9,6,96)
r(352,14,6,96)
w(34,20,6,96)
r(215,1,6,96)
w(184,16,6,96)
w(136,12,6,96)
r(315,17,6,96)
w(263,15,6,96)
w(202,16,6,96)
w(165,19,6,96)
w(270,14,6,96)
r(330,11,6,96)
w(142,2,1,97)
w(322,7,1,97)
r(354,1,1,97)
w(55,4,1,97)
r(112,3,1,97)
r(177,1,1,97)
w(354,11,1,97)
r(322,7,1,97)
r(253,1,1,97)
r(259,13,1,97)
r(149,1,1,97)
w(161,2,1,97)
r(332,1,1,97)
r(359,1,1,97)
r(213,8,1,97)
r(208,4,1,97)
w(239,7,1,97)
w(57,4,1,97)
w(310,4,1,97)
w(73,5,1,97)
w(149,4,1,97)
w(237,4,1,97)
r(296,4,1,97)
w(15,7,1,97)
w(67,2,1,97)
w(205,2,1,97)
w(304,11,1,97)
w(77,4,1,97)
w(73,3,1,97)
r(218,1,1,97)
r(60,6,1,97)
r(62,8,1,97)
r(262,6,1,97)
w(282,3,1,97)
w(73,9,1,97)
w(288,4,1,97)
w(94,7,1,97)
w(63,2,1,97)
w(128,11,1,97)
w(309,3,2,98)
r(138,8,2,98)
r(99,1,2,98)
w(276,5,2,98)
w(347,5,2,98)
w(228,11,2,98)
r(261,2,2,98)
w(77,7,2,98)
w(132,9,2,98)
r(202,13,2,98)
r(166,4,2,98)
r(153,7,2,98)
r(134,1,2,98)
w(106,10,2,98)
r(243,2,3,99)
w(337,9,3,99)
w(145,9,3,99)
r(335,4,3,99)
r(159,2,3,99)
r(79,16,3,99)
r(171,11,3,99)
w(189,7,3,99)
r(344,6,3,99)
w(260,7,3,99)
w(123,9,3,99)
w(37,10,3,99)
r(26,15,3,99)
r(227,8,3,99)
w(236,5,3,99)
r(269,5,3,99)
w(324,9,3,99)
r(322,3,3,99)
r(141,13,3,99)
r(162,1,3,99)
r(14,9,3,99)
r(174,2,3,99)
w(135,5,3,99)
w(182,9,3,99)
w(347,8,3,99)
r(80,12,3,99)
w(348,9,3,99)
w(311,3,3,99)
w(183,10,3,99)
w(17,3,3,99)
r(223,2,3,99)
r(170,10,3,99)
w(321,4,3,99)
w(23,7,3,99)
r(327,7,3,99)
r(95,1,3,99)
w(50,3,3,99)
w(41,7,3,99)
r(39,10,3,99)
r(284,8,3,99)
r(332,1,3,99)
r(44,11,3,99)
w(79,10,3,99)
w(259,5,3,99)
w(122,3,3,99)
w(29,8,3,99)
r(77,8,3,99)
r(72,1,3,99)
r(200,1,3,99)
r(355,3,3,99)
w(195,10,4,100)
r(311,5,4,100)
r(18,4,4,100)
w(336,8,4,100)
r(87,15,4,100)
w(212,3,4,100)
r(61,3,4,100)
w(344,6,4,100)
r(199,1,4,100)
w(52,3,4,100)
r(288,1,4,100)
r(58,2,4,100)
w(1,9,4,100)
r(330,11,4,100)
r(72,1,4,100)
r(90,5,4,100)
w(76,4,4,100)
w(168,5,4,100)
w(314,6,4,100)
r(106,8,4,100)
w(135,9,4,100)
w(321,8,4,100)
w(339,10,4,100)
r(321,8,4,100)
r(56,1,4,100)
w(132,15,4,100)
r(37,1,4,100)
w(196,10,4,100)
r(313,3,4,100)
r(137,10,4,100)
w(93,9,4,100)
r(158,1,4,100)
r(111,8,4,100)
w(282,15,4,100)
w(136,9,4,100)
r(17,2,4,100)
w(152,10,4,100)
w(170,10,4,100)
w(341,6,4,100)
r(299,13,4,100)
w(110,9,4,100)
r(70,3,4,100)
r(213,8,4,100)
r(288,1,4,100)
w(348,10,4,100)
r(275,11,4,100)
w(57,10,4,100)
r(206,11,4,100)
w(70,6,4,100)
r(197,10,4,100)
r(171,11,5,101)
r(265,7,5,101)
r(38,4,5,101)
r(179,1,5,101)
w(304,6,5,101)
w(324,13,5,101)
w(147,13,5,101)
w(285,9,5,101)
r(62,8,5,101)
w(337,6,5,101)
w(283,3,5,101)
r(336,8,5,101)
r(233,7,5,101)
r(291,2,5,101)
r(35,7,5,101)
w(296,10,5,101)
w(113,14,5,101)
w(32,10,5,101)
r(301,4,5,101)
w(326,9,5,101)
w(56,16,5,101)
w(222,9,5,101)
w(14,9,5,101)
r(352,14,5,101)
r(330,11,5,101)
w(84,21,5,101)
w(125,10,5,101)
w(5,16,5,101)
w(165,15,5,101)
w(150,5,5,101)
w(323,14,5,101)
r(348,10,5,101)
r(126,9,5,101)
r(293,10,5,101)
w(77,8,5,101)
w(70,14,5,101)
r(343,5,5,101)
r(32,10,5,101)
w(73,15,5,101)
w(268,13,5,101)
w(184,14,5,101)
r(31,1,5,101)
w(273,14,5,101)
w(282,18,5,101)
r(216,5,5,101)
r(82,3,5,101)
w(117,13,5,101)
w(112,15,5,101)
w(57,13,5,101)
w(288,8,5,101)
r(220,12,6,102)
r(297,4,6,102)
w(312,14,6,102)
r(24,11,6,102)
r(162,1,6,102)
r(168,2,6,102)
r(24,11,6,102)
w(278,15,6,102)
r(210,6,6,102)
r(195,5,6,102)
w(185,6,6,102)
r(333,2,6,102)
w(327,16,6,102)
w(273,21,6,102)
r(7,3,6,102)
r(34,11,6,102)
w(5,22,6,102)
r(78,9,6,102)
w(15,15,6,102)
r(167,12,6,102)
w(171,21,6,102)
w(110,12,6,102)
w(171,18,6,102)
r(46,4,6,102)
w(315,24,6,102)
w(265,12,6,102)
w(221,10,6,102)
w(191,8,6,102)
r(68,5,1,103)
r(284,8,1,103)
w(316,4,1,103)
r(352,14,1,103)
r(53,9,1,103)
r(60,6,1,103)
w(289,4,1,103)
r(281,1,1,103)
w(264,2,1,103)
w(298,2,1,103)
r(287,7,1,103)
r(246,1,1,103)
r(249,7,1,103)
r(295,4,1,103)
r(356,1,1,103)
r(57,9,1,103)
w(210,4,2,104)
r(172,9,2,104)
w(79,7,2,104)
r(328,12,2,104)
w(113,3,2,104)
r(239,1,2,104)
r(16,4,2,104)
r(259,11,2,104)
r(99,1,2,104)
r(33,1,2,104)
r(74,2,2,104)
r(3,12,2,104)
w(264,9,3,105)
w(147,5,3,105)
r(56,16,3,105)
w(132,12,3,105)
w(276,9,3,105)
w(3,8,3,105)
w(325,8,3,105)
r(45,1,3,105)
r(110,9,3,105)
w(357,8,3,105)
r(54,9,3,105)
w(262,13,4,106)
r(88,5,4,106)
w(120,6,4,106)
r(181,11,4,106)
r(334,1,4,106)
w(58,9,4,106)
r(61,3,4,106)
w(26,8,4,106)
r(354,1,4,106)
w(344,12,4,106)
r(16,4,4,106)
r(280,2,4,106)
w(194,10,4,106)
r(162,1,4,106)
w(11,15,4,106)
w(112,6,4,106)
w(227,3,4,106)
w(345,10,4,106)
r(230,8,4,106)
r(17,3,4,106)
w(200,12,4,106)
w(210,10,4,106)
w(165,10,4,106)
r(352,14,4,106)
r(175,10,4,106)
w(11,16,4,106)
w(130,3,4,106)
r(261,2,4,106)
r(234,9,4,106)
w(354,13,4,106)
w(95,7,4,106)
w(199,3,4,106)
w(94,10,4,106)
w(349,10,4,106)
r(57,13,4,106)
w(165,6,4,106)
r(39,10,4,106)
r(291,2,4,106)
r(352,14,4,106)
w(185,10,4,106)
w(193,3,4,106)
w(144,7,4,106)
r(11,16,4,106)
w(270,3,4,106)
w(47,9,4,106)
w(181,14,4,106)
r(135,5,4,106)
w(125,8,4,106)
w(63,6,4,106)
r(138,8,4,106)
r(336,8,5,107)
r(281,4,5,107)
w(97,13,5,107)
w(125,6,5,107)
r(156,4,5,107)
w(180,10,5,107)
r(170,10,5,107)
w(26,12,5,107)
w(343,15,5,107)
w(104,3,5,107)
w(284,10,5,107)
r(106,8,5,107)
r(91,10,5,107)
w(101,12,5,107)
w(287,6,5,107)
r(14,9,5,107)
r(50,11,5,107)
r(117,13,5,107)
w(33,10,5,107)
w(193,13,5,107)
w(255,10,5,107)
w(313,15,5,107)
r(327,7,5,107)
r(257,1,5,107)
w(309,6,5,107)
w(333,6,5,107)
r(324,13,5,107)
w(315,22,5,107)
r(288,8,5,107)
r(271,9,5,107)
w(270,13,5,107)
w(1,14,5,107)
w(101,14,5,107)
w(139,6,5,107)
w(279,6,5,107)
w(80,14,5,107)
w(294,19,6,108)
w(339,12,6,108)
r(170,10,6,108)
w(8,6,6,108)
r(340,9,6,108)
r(360,15,6,108)
w(200,15,6,108)
r(76,4,6,108)
w(55,10,6,108)
r(10,10,6,108)
w(325,18,6,108)
r(306,1,6,108)
r(257,1,6,108)
w(316,14,6,108)
w(88,5,1,109)
w(145,4,1,109)
w(317,11,1,109)
r(63,12,1,109)
w(242,7,1,109)
w(168,2,1,109)
r(197,10,1,109)
r(341,6,1,109)
r(224,6,1,109)
w(16,4,1,109)
r(132,15,1,109)
w(173,2,1,109)
r(227,8,1,109)
r(80,12,1,109)
w(63,4,1,109)
r(275,11,1,109)
r(251,13,1,109)
r(318,4,1,109)
w(345,11,1,109)
r(242,7,1,109)
r(266,4,1,109)
r(69,2,1,109)
r(329,3,1,109)
w(65,4,1,109)
w(267,4,1,109)
r(38,4,1,109)
w(11,11,1,109)
w(84,5,1,109)
r(310,9,1,109)
w(184,11,1,109)
r(22,3,1,109)
w(174,2,1,109)
r(185,2,1,109)
w(41,4,1,109)
r(206,11,1,109)
r(93,9,1,109)
w(183,4,1,109)
r(161,7,1,109)
r(351,8,1,109)
w(322,5,1,109)
r(169,11,1,109)
w(304,7,1,109)
r(58,2,1,109)
r(327,8,1,109)
w(350,11,1,109)
w(333,2,1,109)
r(37,1,1,109)
w(181,11,1,109)
r(83,5,1,109)
r(71,13,1,109)
w(152,11,2,110)
r(333,2,2,110)
w(180,7,2,110)
w(295,5,2,110)
w(139,7,2,110)
w(172,8,2,110)
w(204,7,2,110)
r(273,14,2,110)
w(57,7,2,110)
w(132,8,2,110)
w(352,5,2,110)
w(179,7,2,110)
r(40,9,2,110)
w(149,7,2,110)
w(79,5,2,110)
w(126,11,2,110)
r(55,11,2,110)
r(287,7,2,110)
w(354,8,2,110)
w(1,7,2,110)
r(120,6,2,110)
w(24,7,2,110)
w(103,5,2,110)
r(13,2,2,110)
r(137,10,2,110)
r(124,6,2,110)
r(164,2,2,110)
r(183,10,3,111)
r(321,4,3,111)
w(264,8,3,111)
r(300,7,3,111)
r(224,6,3,111)
r(79,10,3,111)
r(331,8,3,111)
w(249,5,3,111)
r(136,9,3,111)
r(44,11,3,111)
w(193,7,3,111)
w(278,10,3,111)
w(357,10,3,111)
r(330,11,3,111)
r(79,10,3,111)
w(143,6,3,111)
w(306,8,3,111)
w(319,9,3,111)
w(14,3,3,111)
w(345,6,4,112)
r(156,4,4,112)
w(332,8,4,112)
w(56,13,4,112)
r(166,4,4,112)
w(40,10,4,112)
w(350,6,4,112)
r(253,1,4,112)
w(331,8,4,112)
r(238,12,4,112)
w(69,11,4,112)
r(111,8,4,112)
r(239,1,4,112)
r(121,1,4,112)
r(269,5,4,112)
r(198,5,4,112)
r(182,9,4,112)
r(242,7,4,112)
r(195,5,4,112)
r(23,7,4,112)
r(280,2,4,112)
w(355,10,4,112)
w(116,3,4,112)
w(259,10,4,112)
w(25,10,4,112)
r(142,1,4,112)
w(196,6,4,112)
r(156,4,4,112)
w(80,6,4,112)
r(152,10,4,112)
w(252,10,4,112)
r(277,7,4,112)
w(52,9,4,112)
r(298,7,4,112)
r(147,13,4,112)
w(319,6,4,112)
w(173,3,4,112)
w(271,15,4,112)
r(70,14,4,112)
w(195,6,4,112)
r(93,9,4,112)
r(308,9,4,112)
w(91,8,4,112)
w(86,6,4,112)
r(268,13,4,112)
r(135,5,4,112)
r(101,3,4,112)
r(330,11,4,112)
r(70,14,4,112)
w(64,8,4,112)
r(196,6,5,113)
w(163,13,5,113)
r(265,7,5,113)
r(355,10,5,113)
w(110,6,5,113)
r(62,7,5,113)
r(304,6,5,113)
r(195,6,5,113)
w(338,10,5,113)
r(194,10,5,113)
w(97,12,5,113)
w(213,6,5,113)
w(204,9,5,113)
r(9,9,5,113)
w(356,13,5,113)
w(283,9,5,113)
w(15,14,5,113)
w(201,6,5,113)
r(142,1,5,113)
r(242,7,5,113)
r(150,5,5,113)
w(17,13,5,113)
r(149,1,5,113)
w(348,14,5,113)
w(111,10,5,113)
r(22,3,5,113)
r(281,4,5,113)
w(183,6,5,113)
w(164,8,5,113)
w(193,12,5,113)
w(215,6,5,113)
r(50,3,5,113)
r(308,9,5,113)
r(42,5,5,113)
r(12,6,5,113)
w(154,6,5,113)
w(323,15,5,113)
r(288,7,5,113)
w(285,8,5,113)
w(302,6,5,113)
r(17,13,5,113)
r(169,11,5,113)
w(262,14,5,113)
r(151,3,5,113)
w(231,8,5,113)
r(148,6,5,113)
r(2,1,5,113)
w(192,14,5,113)
r(340,9,5,113)
r(252,10,5,113)
r(300,15,6,114)
w(354,18,6,114)
w(54,19,6,114)
r(104,7,6,114)
w(231,10,6,114)
w(125,16,6,114)
w(218,16,6,114)
w(217,13,6,114)
r(158,1,6,114)
r(155,9,6,114)
r(306,1,6,114)
r(124,11,6,114)
w(43,14,6,114)
w(175,16,6,114)
w(348,21,6,114)
r(28,7,6,114)
r(332,8,6,114)
r(49,5,6,114)
w(77,12,6,114)
r(163,13,6,114)
r(245,2,6,114)
w(111,12,6,114)
w(322,15,6,114)
w(143,21,6,114)
r(129,9,6,114)
w(269,14,6,114)
r(237,1,6,114)
w(356,15,6,114)
r(121,1,6,114)
r(39,7,6,114)
w(357,19,6,114)
w(204,10,6,114)
w(305,6,6,114)
r(192,14,6,114)
r(231,10,6,114)
r(311,3,6,114)
r(259,2,6,114)
w(289,14,6,114)
r(348,21,6,114)
r(128,15,6,114)
r(351,8,6,114)
w(185,13,6,114)
r(261,13,6,114)
r(45,1,6,114)
r(126,9,6,114)
w(243,18,6,114)
r(287,7,6,114)
r(258,1,6,114)
w(275,10,6,114)
r(339,10,6,114)
w(313,4,1,115)
w(281,4,1,115)
r(98,4,1,115)
w(289,11,1,115)
r(157,1,1,115)
w(244,4,1,115)
r(105,1,1,115)
w(316,11,1,115)
r(325,16,1,115)
r(24,11,1,115)
w(139,4,1,115)
w(118,7,1,115)
r(10,10,1,115)
r(267,4,1,115)
w(327,7,1,115)
r(134,1,1,115)
r(142,1,1,115)
r(171,11,1,115)
w(59,11,1,115)
r(214,11,1,115)
w(190,4,1,115)
w(243,2,1,115)
r(80,12,1,115)
w(161,4,1,115)
r(132,15,1,115)
r(295,11,1,115)
w(309,4,1,115)
r(4,11,1,115)
w(278,7,1,115)
w(164,2,1,115)
w(1,4,1,115)
w(245,2,1,115)
r(286,12,1,115)
w(63,11,1,115)
r(99,1,1,115)
r(30,7,1,115)
w(347,2,1,115)
r(159,2,1,115)
w(180,2,1,115)
w(322,3,1,115)
r(295,11,1,115)
r(207,4,1,115)
r(341,6,1,115)
r(324,7,1,115)
w(319,7,1,115)
r(91,10,1,115)
r(30,7,1,115)
r(15,5,1,115)
r(196,10,1,115)
r(282,13,1,115)
w(288,7,2,116)
r(333,2,2,116)
w(180,5,2,116)
r(354,13,2,116)
r(323,14,2,116)
w(62,7,2,116)
w(106,6,2,116)
w(166,11,2,116)
w(49,5,2,116)
w(109,9,2,116)
r(266,4,2,116)
r(213,8,2,116)
w(74,11,2,116)
w(269,7,2,116)
r(229,5,2,116)
r(96,6,2,116)
w(55,7,2,116)
r(78,9,2,116)
w(84,8,2,116)
r(181,14,2,116)
w(318,11,2,116)
w(259,2,2,116)
w(82,5,2,116)
w(93,5,2,116)
w(39,7,2,116)
w(200,5,2,116)
r(212,3,2,116)
w(124,11,2,116)
r(237,1,2,116)
r(42,5,2,116)
r(240,5,2,116)
w(171,5,2,116)
r(174,2,2,116)
r(304,6,2,116)
r(11,16,2,116)
r(28,7,2,116)
w(217,7,2,116)
w(96,8,2,116)
w(152,7,2,116)
w(7,5,2,116)
r(320,1,2,116)
r(80,6,2,116)
r(198,5,2,116)
r(248,5,2,116)
r(357,14,2,116)
r(83,5,2,116)
w(282,8,2,116)
w(231,7,2,116)
w(109,8,2,116)
w(11,5,2,116)
w(360,8,3,117)
r(82,5,3,117)
w(255,5,3,117)
w(227,7,3,117)
r(163,10,3,117)
w(195,9,3,117)
w(40,3,3,117)
r(354,13,3,117)
w(158,11,3,117)
w(111,3,3,117)
r(128,3,3,117)
w(66,8,4,118)
r(117,13,4,118)
r(9,9,4,118)
w(60,8,4,118)
r(69,11,4,118)
r(209,1,4,118)
r(130,3,4,118)
w(189,9,4,118)
r(109,3,4,118)
r(88,5,4,118)
w(193,9,4,118)
w(124,10,4,118)
w(106,19,5,119)
r(248,5,5,119)
w(324,12,5,119)
r(98,4,5,119)
r(288,7,5,119)
w(12,13,5,119)
w(320,6,5,119)
r(120,6,5,119)
w(225,21,5,119)
w(109,21,5,119)
w(289,8,5,119)
r(144,7,5,119)
w(286,14,5,119)
r(209,11,5,119)
w(167,15,5,119)
w(128,15,5,119)
r(268,13,5,119)
r(241,9,5,119)
r(216,5,5,119)
w(271,16,5,119)
w(80,15,5,119)
r(135,5,5,119)
r(349,10,5,119)
w(228,9,5,119)
r(341,9,5,119)
r(290,5,5,119)
r(359,1,5,119)
w(177,12,5,119)
w(155,9,5,119)
w(82,10,5,119)
w(125,13,5,119)
r(157,1,5,119)
w(356,12,5,119)
r(278,7,5,119)
w(300,15,5,119)
w(357,16,5,119)
r(26,8,5,119)
w(261,13,5,119)
r(221,8,5,119)
r(84,8,5,119)
r(265,7,5,119)
r(136,9,5,119)
w(77,10,5,119)
w(336,10,5,119)
r(119,10,5,119)
r(97,12,5,119)
w(127,6,5,119)
w(223,9,5,119)
w(40,14,5,119)
r(128,15,5,119)
r(30,7,6,120)
r(163,13,6,120)
r(130,3,6,120)
r(218,16,6,120)
r(231,10,6,120)
w(84,18,6,120)
w(341,17,6,120)
w(78,13,6,120)
r(145,9,6,120)
r(211,1,6,120)
w(172,16,6,120)
r(67,4,6,120)
r(51,12,6,120)
w(73,16,6,120)
w(310,15,6,120)
r(304,6,6,120)
r(163,13,6,120)
r(80,15,6,120)
r(89,3,6,120)
r(235,7,6,120)
r(224,6,6,120)
r(158,1,6,120)
w(68,13,6,120)
w(8,13,6,120)
w(102,13,6,120)
w(17,16,6,120)
w(181,19,6,120)
w(177,15,6,120)
w(157,2,1,121)
r(108,10,1,121)
w(236,2,1,121)
r(12,6,1,121)
w(139,11,1,121)
r(271,9,1,121)
w(195,4,1,121)
r(295,11,1,121)
r(149,1,1,121)
r(102,2,1,121)
w(91,2,1,121)
r(121,1,1,121)
w(236,4,1,121)
r(137,10,1,121)
r(240,5,1,121)
w(325,5,2,122)
w(265,3,2,122)
r(322,3,2,122)
r(270,3,2,122)
w(189,4,2,122)
w(333,3,2,122)
w(92,7,2,122)
r(134,1,2,122)
w(190,5,2,122)
w(60,7,2,122)
r(198,5,2,122)
r(97,12,2,122)
w(323,5,2,122)
w(54,6,2,122)
r(169,11,2,122)
w(351,5,2,122)
w(334,7,2,122)
r(66,7,2,122)
w(85,5,2,122)
w(123,7,2,122)
w(160,11,2,122)
r(266,4,2,122)
w(217,5,2,122)
r(112,6,2,122)
r(17,13,2,122)
w(340,11,3,123)
r(265,7,3,123)
r(345,6,3,123)
w(301,11,3,123)
r(232,10,3,123)
w(48,5,3,123)
w(286,10,3,123)
w(289,5,3,123)
w(104,11,3,123)
r(67,4,3,123)
w(260,3,3,123)
w(209,11,3,123)
w(50,10,3,123)
r(186,1,3,123)
w(317,9,3,123)
w(132,14,3,123)
w(347,10,3,123)
w(171,8,3,123)
r(94,10,3,123)
r(322,3,3,123)
w(35,5,3,123)
r(193,12,3,123)
w(313,10,3,123)
w(54,12,3,123)
r(125,8,3,123)
w(104,7,3,123)
w(66,5,3,123)
w(5,6,3,123)
r(243,2,3,123)
r(173,3,3,123)
r(9,9,3,123)
r(179,1,3,123)
r(66,5,3,123)
r(347,10,3,123)
w(12,10,3,123)
r(239,1,3,123)
r(306,1,3,123)
r(258,1,3,123)
w(341,9,3,123)
r(247,9,3,123)
w(65,7,3,123)
w(148,3,3,123)
r(157,1,3,123)
r(9,9,3,123)
r(6,1,3,123)
r(72,1,3,123)
r(4,11,3,123)
r(114,3,3,123)
w(35,3,3,123)
w(228,3,3,123)
r(312,7,4,124)
r(95,7,4,124)
w(243,10,4,124)
r(112,6,4,124)
r(285,9,4,124)
w(120,13,4,124)
w(113,10,4,124)
w(1,8,4,124)
w(107,6,4,124)
r(231,7,4,124)
r(133,4,4,124)
w(191,5,4,124)
r(214,11,4,124)
r(298,7,4,124)
w(87,21,5,125)
w(97,14,5,125)
w(116,8,5,125)
r(216,5,5,125)
w(108,16,5,125)
r(229,5,5,125)
w(5,21,5,125)
w(194,12,5,125)
w(345,15,5,125)
w(121,8,5,125)
r(177,12,5,125)
w(315,23,5,125)
w(233,10,6,126)
r(227,3,6,126)
r(326,9,6,126)
r(241,9,6,126)
r(3,12,1,127)
w(150,2,1,127)
w(64,5,1,127)
r(86,13,1,127)
r(158,1,1,127)
w(286,7,1,127)
r(38,4,1,127)
r(276,7,1,127)
w(255,4,1,127)
w(22,11,1,127)
r(191,1,1,127)
r(268,13,1,127)
r(216,5,1,127)
r(186,1,1,127)
w(197,4,1,127)
r(58,9,1,127)
w(91,4,1,127)
r(315,17,1,127)
r(286,7,1,127)
w(344,11,1,127)
r(135,5,1,127)
w(120,4,1,127)
w(268,11,1,127)
w(3,3,1,127)
r(340,9,1,127)
r(43,5,1,127)
r(56,16,1,127)
r(225,11,1,127)
r(293,10,1,127)
w(73,8,1,127)
w(218,11,1,127)
w(99,4,1,127)
r(236,5,1,127)
r(344,11,1,127)
r(189,7,1,127)
r(247,9,1,127)
r(292,1,1,127)
r(354,13,1,127)
r(261,2,1,127)
w(315,11,1,127)
r(182,9,1,127)
r(137,10,1,127)
r(178,12,1,127)
r(72,1,1,127)
w(251,4,1,127)
r(103,8,2,128)
r(150,5,2,128)
w(79,9,2,128)
w(231,5,2,128)
w(308,7,2,128)
r(102,2,2,128)
w(52,7,2,128)
w(215,5,2,128)
w(232,5,2,128)
w(129,5,2,128)
w(222,7,2,128)
w(103,3,2,128)
r(131,9,2,128)
w(154,11,2,128)
r(70,14,2,128)
r(184,14,2,128)
r(331,8,2,128)
w(177,3,2,128)
w(314,3,2,128)
w(358,5,2,128)
w(308,5,2,128)
w(174,7,2,128)
w(323,3,2,128)
w(192,5,2,128)
w(306,5,2,128)
r(297,4,2,128)
w(355,5,2,128)
r(68,5,2,128)
r(288,7,2,128)
r(75,4,2,128)
r(137,10,2,128)
r(337,9,2,128)
r(95,7,2,128)
w(77,5,2,128)
r(271,16,2,128)
r(70,14,2,128)
w(94,9,2,128)
w(228,7,2,128)
w(167,3,2,128)
w(105,7,2,128)
w(57,5,2,128)
w(188,5,2,128)
r(168,2,2,128)
r(323,3,2,128)
r(273,14,2,128)
w(138,3,3,129)
r(56,13,3,129)
w(321,7,3,129)
r(356,13,3,129)
r(259,2,3,129)
w(203,12,3,129)
w(321,5,3,129)
r(164,8,3,129)
w(350,9,3,129)
w(30,5,3,129)
w(249,8,3,129)
w(198,13,3,129)
w(103,10,3,129)
r(310,9,3,129)
r(335,4,3,129)
w(238,3,3,129)
r(44,11,3,129)
r(335,4,3,129)
r(57,13,3,129)
w(151,5,3,129)
w(63,9,3,129)
r(237,1,3,129)
r(67,4,3,129)
r(127,1,3,129)
r(107,1,3,129)
w(323,6,3,129)
r(34,11,4,130)
r(18,4,4,130)
w(202,8,4,130)
w(21,6,4,130)
w(189,8,4,130)
w(85,10,4,130)
r(166,11,4,130)
w(21,13,4,130)
r(158,1,4,130)
w(193,10,4,130)
r(36,1,4,130)
r(330,11,4,130)
w(81,6,4,130)
r(230,8,4,130)
w(24,3,4,130)
w(121,9,4,130)
w(138,6,4,130)
w(243,6,4,130)
w(3,6,4,130)
r(159,2,4,130)
w(67,6,4,130)
r(214,11,4,130)
r(164,8,4,130)
r(106,19,4,130)
r(33,1,4,130)
r(136,9,4,130)
r(260,3,4,130)
w(4,7,4,130)
w(140,9,4,130)
w(40,6,4,130)
w(182,10,4,130)
w(3,13,4,130)
w(233,9,4,130)
r(156,4,4,130)
r(38,4,4,130)
r(157,1,4,130)
r(262,14,4,130)
w(294,12,4,130)
r(291,2,4,130)
r(185,13,4,130)
w(23,6,4,130)
r(275,10,4,130)
r(89,3,4,130)
r(32,10,4,130)
r(40,6,4,130)
r(223,9,4,130)
r(284,8,4,130)
r(142,1,4,130)
r(324,12,4,130)
r(343,5,4,130)
w(29,16,5,131)
r(58,9,5,131)
r(8,7,5,131)
r(250,11,5,131)
r(213,6,5,131)
w(287,13,5,131)
w(161,10,5,131)
r(250,11,5,131)
r(37,10,5,131)
w(115,3,5,131)
r(341,9,5,131)
r(272,3,5,131)
w(245,8,5,131)
w(62,6,5,131)
w(268,12,5,131)
r(230,8,6,132)
r(336,10,6,132)
w(66,13,6,132)
w(88,12,6,132)
r(60,14,6,132)
w(262,16,6,132)
r(137,10,6,132)
r(14,9,6,132)
r(115,1,6,132)
w(39,16,6,132)
r(51,12,6,132)
w(123,14,6,132)
w(18,8,6,132)
w(339,14,6,132)
r(279,9,6,132)
r(203,6,6,132)
w(125,20,6,132)
r(146,16,6,132)
w(62,12,6,132)
r(196,6,6,132)
r(43,10,6,132)
w(259,18,6,132)
r(344,10,6,132)
w(196,15,6,132)
w(75,10,6,132)
w(337,12,6,132)
r(213,6,6,132)
r(317,9,6,132)
r(169,7,6,132)
r(194,10,6,132)
w(195,20,6,132)
w(342,21,6,132)
w(7,10,6,132)
w(44,13,6,132)
w(147,15,6,132)
w(104,13,6,132)
r(110,6,6,132)
w(139,16,6,132)
r(329,3,6,132)
w(217,12,6,132)
w(41,10,6,132)
w(44,12,6,132)
w(224,14,6,132)
r(349,10,6,132)
r(146,16,6,132)
w(287,15,6,132)
w(121,12,6,132)
r(124,11,6,132)
r(112,6,6,132)
r(68,5,6,132)
r(236,5,1,133)
w(311,2,1,133)
r(16,4,1,133)
w(143,5,1,133)
w(347,4,1,133)
r(252,10,1,133)
r(197,11,1,133)
w(358,11,1,133)
w(352,4,1,133)
r(56,13,1,133)
r(69,11,1,133)
w(116,4,1,133)
r(326,9,1,133)
w(226,4,1,133)
r(360,15,1,133)
r(92,1,1,133)
r(258,1,1,133)
r(283,3,1,133)
w(39,4,1,133)
r(326,9,1,133)
w(336,4,1,133)
w(248,3,1,133)
w(222,4,1,133)
w(347,6,3,134)
w(339,9,3,134)
r(203,6,3,134)
r(331,8,3,134)
r(20,8,3,134)
w(165,3,3,134)
r(304,6,3,134)
r(160,7,3,134)
w(303,13,3,134)
w(23,5,3,134)
w(333,9,3,134)
r(106,19,3,134)
w(223,11,3,134)
w(300,12,3,134)
r(228,9,3,134)
w(120,9,3,134)
w(11,10,3,134)
w(168,4,3,134)
w(63,8,3,134)
r(148,3,3,134)
r(102,2,3,134)
r(286,14,3,134)
r(45,1,3,134)
w(328,8,3,134)
w(71,7,3,134)
r(108,10,3,134)
r(200,5,5,135)
r(321,4,5,135)
r(229,5,5,135)
r(257,1,5,135)
r(95,7,5,135)
r(262,14,5,135)
r(101,3,5,135)
w(165,16,5,135)
w(171,15,5,135)
w(335,13,5,135)
w(250,14,5,135)
w(256,10,5,135)
r(239,1,5,135)
w(212,10,5,135)
r(316,11,5,135)
w(169,7,5,135)
w(138,16,5,135)
r(274,6,5,135)
w(325,14,5,135)
w(138,21,5,135)
r(222,9,5,135)
w(102,10,5,135)
r(152,7,5,135)
r(302,6,5,135)
r(3,13,5,135)
r(84,8,5,135)
w(12,12,5,135)
w(261,12,5,135)
r(165,16,5,135)
r(73,15,5,135)
w(325,15,5,135)
r(152,7,5,135)
w(23,12,5,135)
w(294,16,5,135)
r(75,4,5,135)
r(185,13,5,135)
r(160,7,5,135)
w(186,9,5,135)
r(238,12,5,135)
r(40,6,5,135)
w(164,6,5,135)
w(146,16,5,135)
w(106,17,5,135)
w(158,3,5,135)
w(21,15,5,135)
r(18,4,5,135)
r(226,8,5,135)
r(14,9,5,135)
w(12,14,5,135)
r(218,16,5,135)
w(190,21,6,136)
w(282,19,6,136)
r(228,9,6,136)
r(96,10,6,136)
w(263,16,6,136)
w(39,21,6,136)
r(90,5,6,136)
w(99,13,6,136)
w(110,14,6,136)
r(112,6,6,136)
r(335,13,6,136)
w(98,8,6,136)
w(301,3,6,136)
w(297,8,6,136)
w(179,14,6,136)
r(172,9,6,136)
w(309,15,6,136)
w(24,6,6,136)
w(75,6,6,136)
r(44,12,6,136)
r(312,7,6,136)
w(186,10,6,136)
w(341,22,6,136)
w(117,12,6,136)
r(229,5,6,136)
r(44,12,6,136)
r(166,11,6,136)
r(203,6,6,136)
r(276,10,6,136)
w(170,13,6,136)
r(222,9,6,136)
w(47,13,6,136)
w(87,22,6,136)
r(102,10,6,136)
w(351,13,6,136)
w(245,6,6,136)
r(330,3,6,136)
w(199,10,6,136)
w(47,12,6,136)
w(352,21,6,136)
w(338,14,6,136)
r(262,16,6,136)
r(182,10,6,136)
r(180,5,6,136)
w(50,20,6,136)
w(355,6,6,136)
w(304,16,6,136)
r(230,8,6,136)
r(230,8,6,136)
w(182,12,6,136)
w(41,11,1,137)
r(32,10,1,137)
r(86,6,1,137)
r(206,11,1,137)
w(99,11,1,137)
r(4,11,1,137)
w(126,4,1,137)
r(243,2,1,137)
r(227,3,1,137)
r(69,11,1,137)
w(66,11,1,137)
w(106,5,1,137)
r(148,6,1,137)
w(2,2,1,137)
w(204,4,1,137)
w(265,4,1,137)
r(190,4,1,137)
w(337,2,1,137)
r(114,3,1,137)
w(14,4,1,137)
w(328,2,1,137)
r(256,4,1,137)
w(223,4,1,137)
w(164,4,1,137)
w(214,10,3,138)
r(115,1,3,138)
w(236,3,3,138)
r(9,9,3,138)
w(275,7,3,138)
w(303,12,3,138)
w(253,3,3,138)
w(214,6,3,138)
w(171,6,3,138)
w(168,11,3,138)
w(299,8,3,138)
w(43,10,3,138)
r(320,6,3,138)
w(3,10,3,138)
w(44,3,3,138)
r(71,4,3,138)
w(345,9,3,138)
w(330,3,3,138)
r(289,14,3,138)
r(131,9,3,138)
w(344,10,3,138)
w(325,10,3,138)
w(29,10,3,138)
r(146,16,3,138)
r(328,12,3,138)
w(233,5,3,138)
w(133,9,3,138)
r(236,3,3,138)
w(87,10,3,138)
w(41,5,3,138)
r(353,17,3,138)
r(46,4,3,138)
r(177,12,3,138)
w(181,13,3,138)
w(185,5,3,138)
w(352,8,3,138)
w(176,3,3,138)
r(135,5,3,138)
r(23,12,3,138)
w(39,6,3,138)
r(66,5,3,138)
r(173,3,3,138)
w(276,8,3,138)
r(257,1,3,138)
r(55,7,3,138)
w(122,9,3,138)
r(281,4,3,138)
w(65,5,3,138)
r(245,2,3,138)
w(332,3,3,138)
w(96,10,3,139)
w(179,8,3,139)
r(34,11,3,139)
w(114,8,3,139)
w(54,14,3,139)
r(61,3,3,139)
w(174,5,3,139)
w(68,9,3,139)
w(73,13,3,139)
w(265,10,3,139)
r(13,2,3,139)
r(214,6,3,139)
r(158,3,3,139)
r(215,6,3,139)
w(276,10,3,139)
r(125,20,3,139)
w(128,9,3,139)
w(280,3,3,139)
r(178,12,3,139)
r(201,6,3,139)
w(71,5,3,139)
w(28,11,3,139)
w(97,8,3,139)
w(121,5,3,139)
r(99,1,3,139)
w(320,3,3,139)
r(46,4,3,139)
r(72,1,3,139)
w(117,3,3,139)
r(169,7,3,139)
r(190,4,3,139)
w(154,5,3,139)
r(163,13,3,139)
w(147,9,3,139)
r(33,1,3,139)
w(137,9,3,139)
w(23,9,3,139)
r(13,2,3,139)
r(261,12,3,139)
r(260,3,3,139)
r(354,18,3,139)
w(36,11,3,139)
r(218,16,3,139)
r(195,20,3,139)
w(234,8,3,139)
w(325,6,3,139)
r(359,1,3,139)
w(196,9,3,139)
w(348,8,3,139)
r(85,10,3,139)
