r(7,0,0,0)
w(13,1,0,1)
r(13,14,0,2)
r(11,22,0,3)
r(6,15,0,4)
r(13,11,0,5)
w(0,1,0,6)
r(2,7,0,7)
r(7,0,0,8)
w(13,2,0,9)
w(7,1,0,10)
r(13,2,0,11)
r(7,1,0,12)
r(2,16,0,13)
w(13,3,0,14)
w(7,2,0,15)
r(2,16,0,16)
w(3,1,0,17)
r(8,9,0,18)
w(6,1,0,19)
r(8,9,0,20)
r(4,4,0,21)
w(0,2,0,22)
w(7,3,0,23)
r(4,4,0,24)
w(11,1,0,25)
w(1,2,0,26)
w(14,1,0,27)
w(8,1,0,28)
w(11,2,0,29)
w(2,1,0,30)
w(1,3,0,31)
w(14,2,0,32)
w(4,1,0,33)
w(6,2,0,34)
r(14,8,0,35)
w(8,2,0,36)
w(12,1,0,37)
r(12,1,0,38)
r(1,16,0,39)
r(3,8,0,40)
w(11,3,0,41)
r(11,3,0,42)
w(13,4,0,43)
w(9,1,0,44)
w(0,3,0,45)
w(9,2,0,46)
r(13,4,0,47)
w(7,4,0,48)
w(3,2,0,49)
r(0,10,0,50)
r(0,10,0,51)
r(14,11,0,52)
r(0,10,0,53)
w(10,1,0,54)
w(10,2,0,55)
w(11,4,0,56)
r(3,9,0,57)
r(8,2,0,58)
r(4,9,0,59)
r(13,18,0,60)
w(0,4,0,61)
r(12,7,0,62)
r(0,4,0,63)
r(12,7,0,64)
r(10,14,0,65)
w(14,3,0,66)
r(0,4,0,67)
w(10,3,0,68)
r(2,1,0,69)
r(11,4,0,70)
w(6,3,0,71)
w(6,4,0,72)
w(14,4,0,73)
w(14,5,0,74)
w(9,3,0,75)
w(4,2,0,76)
w(13,5,0,77)
r(7,7,0,78)
r(5,12,0,79)
r(5,12,0,80)
r(2,4,0,81)
w(13,6,0,82)
w(12,2,0,83)
r(6,13,0,84)
r(5,12,0,85)
r(12,2,0,86)
r(7,10,0,87)
w(11,5,0,88)
r(7,8,0,89)
r(12,2,0,90)
r(4,6,0,91)
r(6,13,0,92)
w(11,6,0,93)
r(14,5,0,94)
w(7,5,0,95)
w(11,7,0,96)
r(9,18,0,97)
r(13,6,0,98)
w(9,4,0,99)
w(8,3,0,100)
w(13,7,0,101)
w(9,5,0,102)
r(9,5,0,103)
r(0,20,0,104)
w(5,1,0,105)
w(3,3,0,106)
r(12,2,0,107)
w(2,2,0,108)
w(3,4,0,109)
w(13,8,0,110)
w(6,5,0,111)
w(12,3,0,112)
r(10,9,0,113)
w(13,9,0,114)
w(0,5,0,115)
r(4,17,0,116)
r(11,27,0,117)
w(14,6,0,118)
w(6,6,0,119)
w(8,4,0,120)
r(3,4,0,121)
r(3,4,0,122)
r(14,6,0,123)
w(4,3,1,124)
w(1,4,1,125)
r(6,0,1,126)
w(6,7,1,127)
w(8,5,1,128)
r(12,0,1,129)
r(8,5,1,130)
r(11,21,1,131)
r(4,8,1,132)
r(10,6,1,133)
r(2,12,1,134)
w(9,6,1,135)
r(11,21,1,136)
w(10,4,1,137)
w(8,6,1,138)
w(14,7,1,139)
r(9,6,1,140)
w(8,7,1,141)
w(10,5,1,142)
r(7,0,1,143)
r(4,8,1,144)
w(2,3,1,145)
w(13,11,1,146)
r(8,7,1,147)
w(6,8,1,148)
w(8,8,1,149)
w(8,9,1,150)
r(6,8,1,151)
r(3,10,1,152)
r(10,11,1,153)
w(13,12,1,154)
r(11,16,1,155)
w(11,8,1,156)
r(0,1,1,157)
r(8,9,1,158)
r(3,1,1,159)
w(4,4,1,160)
r(4,4,1,161)
w(13,13,1,162)
r(12,5,1,163)
r(8,9,1,164)
r(3,1,1,165)
r(0,14,1,166)
w(3,6,1,167)
w(0,6,1,168)
w(3,7,1,169)
w(3,8,1,170)
w(7,6,1,171)
w(14,8,1,172)
r(2,1,1,173)
r(7,6,1,174)
r(8,1,1,175)
r(13,13,1,176)
r(1,16,1,177)
w(0,7,1,178)
r(6,2,1,179)
r(11,18,1,180)
w(4,5,1,181)
r(14,8,1,182)
w(0,8,1,183)
r(6,2,1,184)
r(6,2,1,185)
r(0,8,1,186)
w(1,5,1,187)
w(6,9,1,188)
r(12,1,1,189)
r(13,4,1,190)
r(8,2,1,191)
r(1,5,1,192)
w(7,7,1,193)
r(0,10,1,194)
w(3,9,1,195)
w(9,8,1,196)
r(13,18,1,197)
r(9,8,1,198)
r(14,11,1,199)
r(4,9,1,200)
r(14,11,1,201)
r(1,5,1,202)
r(8,2,1,203)
r(6,19,1,204)
r(10,14,1,205)
w(8,10,1,206)
w(1,6,1,207)
r(1,6,1,208)
w(5,2,1,209)
w(11,11,1,210)
w(5,3,1,211)
w(9,9,1,212)
w(2,4,1,213)
r(7,7,1,214)
r(11,20,1,215)
r(3,9,1,216)
w(9,10,1,217)
w(4,6,1,218)
w(12,4,1,219)
r(12,4,1,220)
r(14,5,1,221)
r(6,12,1,222)
r(8,10,1,223)
r(1,12,1,224)
r(5,12,1,225)
r(14,5,1,226)
r(14,5,1,227)
w(7,8,1,228)
w(5,4,1,229)
w(1,8,1,230)
r(3,11,1,231)
w(6,10,1,232)
r(3,11,1,233)
w(11,12,1,234)
w(11,13,1,235)
r(1,8,1,236)
r(5,4,1,237)
w(8,12,1,238)
w(0,9,1,239)
r(9,5,1,240)
r(12,0,2,241)
w(4,7,2,242)
w(10,6,2,243)
r(2,0,2,244)
w(3,10,2,245)
w(4,8,2,246)
w(2,5,2,247)
w(9,11,2,248)
w(13,14,2,249)
w(1,9,2,250)
w(2,6,2,251)
w(12,5,2,252)
r(3,10,2,253)
r(11,22,2,254)
r(7,0,2,255)
r(1,9,2,256)
w(5,5,2,257)
r(12,5,2,258)
r(10,5,2,259)
w(14,9,2,260)
w(2,7,2,261)
r(14,9,2,262)
r(1,9,2,263)
w(11,14,2,264)
w(1,10,2,265)
r(3,10,2,266)
w(11,15,2,267)
r(5,5,2,268)
w(11,16,2,269)
r(10,11,2,270)
r(0,1,2,271)
w(1,11,2,272)
w(2,8,2,273)
w(6,11,2,274)
w(7,9,2,275)
r(12,5,2,276)
r(0,2,2,277)
r(7,9,2,278)
r(12,5,2,279)
r(11,24,2,280)
r(1,11,2,281)
w(5,6,2,282)
r(11,1,2,283)
r(6,16,2,284)
r(6,16,2,285)
r(4,14,2,286)
w(12,6,2,287)
w(14,10,2,288)
r(8,1,2,289)
r(1,15,2,290)
r(10,11,2,291)
r(1,15,2,292)
r(13,13,2,293)
r(13,13,2,294)
r(9,6,2,295)
w(11,17,2,296)
w(9,12,2,297)
r(6,17,2,298)
r(10,11,2,299)
w(11,18,2,300)
r(5,6,2,301)
w(10,7,2,302)
r(1,16,2,303)
r(2,1,2,304)
r(14,8,2,305)
r(0,7,2,306)
w(5,7,2,307)
r(0,17,2,308)
r(7,6,2,309)
r(6,2,2,310)
r(6,2,2,311)
w(14,11,2,312)
r(7,6,2,313)
r(10,7,2,314)
w(4,9,2,315)
w(9,13,2,316)
w(0,10,2,317)
w(13,16,2,318)
w(9,14,2,319)
w(5,8,2,320)
w(9,15,2,321)
w(11,19,2,322)
w(12,7,2,323)
r(13,18,2,324)
w(9,16,2,325)
w(4,10,2,326)
r(9,16,2,327)
w(9,17,2,328)
w(10,8,2,329)
w(4,11,2,330)
w(11,20,2,331)
w(1,12,2,332)
w(5,9,2,333)
r(10,8,2,334)
w(6,12,2,335)
w(0,11,2,336)
r(0,11,2,337)
r(12,7,2,338)
w(3,11,2,339)
r(8,10,2,340)
r(6,12,2,341)
w(6,13,2,342)
r(11,20,2,343)
w(10,9,2,344)
r(3,11,2,345)
w(9,18,2,346)
w(14,12,2,347)
r(10,9,2,348)
w(0,12,2,349)
r(14,12,2,350)
r(11,13,2,351)
w(4,12,2,352)
r(0,20,2,353)
w(2,9,2,354)
r(0,9,2,355)
w(5,10,2,356)
w(0,13,2,357)
r(8,12,2,358)
r(3,3,2,359)
r(7,5,2,360)
w(2,10,2,361)
r(7,0,3,362)
r(3,0,3,363)
r(8,0,3,364)
w(11,21,3,365)
w(4,13,3,366)
w(2,11,3,367)
r(6,7,3,368)
r(2,11,3,369)
r(4,8,3,370)
w(2,12,3,371)
w(1,14,3,372)
w(2,13,3,373)
w(6,14,3,374)
r(13,14,3,375)
w(11,22,3,376)
w(10,10,3,377)
r(5,0,3,378)
r(5,0,3,379)
w(6,15,3,380)
r(14,7,3,381)
r(14,7,3,382)
r(6,15,3,383)
r(5,5,3,384)
r(7,0,3,385)
w(14,13,3,386)
w(2,15,3,387)
r(13,11,3,388)
r(14,13,3,389)
w(10,11,3,390)
r(3,10,3,391)
w(2,16,3,392)
r(9,6,3,393)
r(9,6,3,394)
r(12,5,3,395)
w(11,23,3,396)
r(11,23,3,397)
w(13,17,3,398)
r(3,1,3,399)
r(1,11,3,400)
w(11,24,3,401)
w(0,14,3,402)
r(1,11,3,403)
w(6,16,3,404)
w(4,14,3,405)
w(6,17,3,406)
w(1,15,3,407)
w(0,15,3,408)
r(3,7,3,409)
w(12,8,3,410)
r(14,10,3,411)
r(6,17,3,412)
w(0,16,3,413)
w(9,19,3,414)
w(1,16,3,415)
r(13,13,3,416)
w(0,17,3,417)
w(3,12,3,418)
r(12,1,3,419)
w(5,11,3,420)
w(10,12,3,421)
w(6,18,3,422)
r(9,13,3,423)
r(12,1,3,424)
w(10,13,3,425)
r(4,9,3,426)
w(13,18,3,427)
r(7,4,3,428)
r(4,9,3,429)
r(12,1,3,430)
w(6,19,3,431)
r(6,19,3,432)
w(10,14,3,433)
r(13,18,3,434)
r(5,8,3,435)
r(3,9,3,436)
w(13,19,3,437)
w(10,15,3,438)
r(1,6,3,439)
w(1,17,3,440)
w(9,20,3,441)
r(0,4,3,442)
r(9,20,3,443)
w(0,18,3,444)
r(8,10,3,445)
r(7,7,3,446)
r(12,7,3,447)
w(5,12,3,448)
r(7,7,3,449)
r(12,7,3,450)
r(7,7,3,451)
r(10,8,3,452)
w(9,21,3,453)
r(11,20,3,454)
w(7,10,3,455)
r(8,10,3,456)
r(7,10,3,457)
r(1,12,3,458)
r(6,13,3,459)
w(0,19,3,460)
r(12,2,3,461)
r(3,11,3,462)
r(9,18,3,463)
r(10,9,3,464)
r(0,19,3,465)
w(8,15,3,466)
w(2,17,3,467)
r(6,10,3,468)
r(4,6,3,469)
r(5,4,3,470)
w(0,20,3,471)
r(4,12,3,472)
w(3,14,3,473)
w(4,15,3,474)
r(5,10,3,475)
r(10,9,3,476)
w(8,16,3,477)
w(4,16,3,478)
r(0,13,3,479)
w(4,17,3,480)
w(11,27,3,481)
