w(13,1,0,0)
r(6,0,0,1)
r(9,0,0,2)
r(0,8,0,3)
r(6,0,0,4)
r(4,0,0,5)
r(14,0,0,6)
r(13,1,0,7)
w(6,1,0,8)
r(10,0,0,9)
r(14,0,0,10)
r(4,0,0,11)
r(8,6,0,12)
w(13,2,0,13)
r(5,10,0,14)
w(7,1,0,15)
w(5,1,0,16)
w(1,1,0,17)
r(2,3,0,18)
r(0,11,0,19)
r(14,8,0,20)
r(1,1,0,21)
w(3,1,0,22)
r(5,1,0,23)
r(0,12,0,24)
w(1,2,0,25)
r(3,5,0,26)
w(8,1,0,27)
r(3,5,0,28)
w(0,1,0,29)
r(7,1,0,30)
w(0,2,0,31)
r(9,17,0,32)
r(0,2,0,33)
w(10,1,0,34)
r(13,14,0,35)
w(4,1,0,36)
r(8,4,0,37)
w(9,1,0,38)
r(6,4,0,39)
r(10,9,0,40)
w(9,2,0,41)
r(7,1,0,42)
w(1,3,0,43)
w(5,2,0,44)
r(2,6,0,45)
w(1,4,0,46)
w(10,2,0,47)
w(9,3,0,48)
w(10,3,0,49)
w(9,4,0,50)
w(12,1,0,51)
w(1,5,0,52)
w(3,2,0,53)
r(4,10,0,54)
r(6,8,0,55)
w(9,5,0,56)
r(6,8,0,57)
r(5,15,0,58)
r(4,10,0,59)
r(2,5,0,60)
r(4,10,0,61)
w(5,4,0,62)
w(11,1,0,63)
r(14,3,0,64)
r(6,9,0,65)
r(6,9,0,66)
w(7,2,0,67)
w(2,1,0,68)
r(1,11,0,69)
w(1,6,0,70)
w(7,3,0,71)
w(11,2,0,72)
r(11,2,0,73)
r(2,1,0,74)
r(9,12,0,75)
w(0,3,0,76)
r(4,10,0,77)
r(14,4,0,78)
w(4,2,0,79)
r(12,7,0,80)
r(2,8,0,81)
w(9,6,0,82)
w(2,2,0,83)
w(12,2,0,84)
w(4,3,0,85)
r(7,3,0,86)
w(3,3,0,87)
w(5,5,0,88)
w(12,3,0,89)
r(6,10,0,90)
r(12,3,0,91)
r(2,11,0,92)
w(14,1,0,93)
w(4,4,0,94)
r(6,6,0,95)
r(7,10,0,96)
w(7,4,0,97)
r(13,13,0,98)
r(11,11,0,99)
w(13,3,0,100)
w(10,5,0,101)
w(14,2,0,102)
w(10,6,0,103)
r(0,9,0,104)
w(10,7,0,105)
w(11,3,0,106)
r(8,13,0,107)
r(5,5,0,108)
w(1,7,0,109)
r(6,14,0,110)
r(14,2,0,111)
r(13,3,0,112)
r(10,14,0,113)
w(9,7,0,114)
r(1,7,0,115)
r(0,9,0,116)
w(6,3,0,117)
w(3,4,0,118)
r(11,3,0,119)
w(7,5,1,120)
r(11,0,1,121)
r(9,13,1,122)
r(2,9,1,123)
r(2,9,1,124)
r(14,0,1,125)
r(11,0,1,126)
r(14,0,1,127)
w(7,6,1,128)
w(6,4,1,129)
r(14,7,1,130)
w(8,3,1,131)
r(6,4,1,132)
w(11,4,1,133)
w(2,3,1,134)
r(12,0,1,135)
w(2,4,1,136)
w(3,5,1,137)
w(11,5,1,138)
w(8,4,1,139)
r(10,17,1,140)
w(1,8,1,141)
r(10,17,1,142)
r(9,17,1,143)
r(10,17,1,144)
w(10,8,1,145)
r(1,8,1,146)
w(10,9,1,147)
r(6,4,1,148)
r(13,14,1,149)
r(7,1,1,150)
w(11,7,1,151)
w(12,4,1,152)
r(1,3,1,153)
w(6,5,1,154)
r(1,3,1,155)
r(0,2,1,156)
r(2,6,1,157)
r(4,9,1,158)
w(0,5,1,159)
r(2,10,1,160)
r(13,12,1,161)
w(2,5,1,162)
r(5,14,1,163)
r(9,15,1,164)
w(10,11,1,165)
r(4,10,1,166)
w(7,7,1,167)
w(14,3,1,168)
w(9,11,1,169)
r(7,2,1,170)
r(7,2,1,171)
w(9,12,1,172)
r(3,6,1,173)
w(14,4,1,174)
r(12,11,1,175)
w(12,6,1,176)
w(12,7,1,177)
w(10,12,1,178)
w(5,6,1,179)
r(0,3,1,180)
r(12,7,1,181)
r(8,8,1,182)
w(14,5,1,183)
w(13,5,1,184)
w(0,6,1,185)
w(13,6,1,186)
w(11,9,1,187)
w(13,7,1,188)
r(1,14,1,189)
w(4,5,1,190)
r(10,21,1,191)
r(0,6,1,192)
w(11,10,1,193)
w(8,5,1,194)
w(6,6,1,195)
w(1,9,1,196)
r(5,5,1,197)
r(13,13,1,198)
r(11,10,1,199)
w(11,11,1,200)
r(10,21,1,201)
w(7,9,1,202)
r(1,9,1,203)
r(11,11,1,204)
r(12,3,1,205)
r(0,9,1,206)
r(4,4,1,207)
w(4,6,1,208)
r(9,16,1,209)
r(13,3,1,210)
r(11,3,1,211)
w(10,14,1,212)
r(8,13,1,213)
r(6,14,1,214)
r(10,14,1,215)
w(13,8,1,216)
w(12,8,1,217)
r(9,7,1,218)
w(5,7,1,219)
r(4,6,1,220)
r(11,3,1,221)
r(14,13,1,222)
r(3,4,1,223)
r(5,7,1,224)
w(10,15,1,225)
w(4,7,1,226)
w(6,7,1,227)
r(7,11,1,228)
w(14,6,1,229)
w(10,16,1,230)
r(0,10,1,231)
w(0,7,1,232)
w(0,8,2,233)
w(9,13,2,234)
r(0,8,2,235)
w(1,10,2,236)
r(0,8,2,237)
r(10,0,2,238)
r(5,0,2,239)
w(8,6,2,240)
r(14,0,2,241)
w(14,7,2,242)
r(3,10,2,243)
r(5,0,2,244)
w(4,8,2,245)
w(13,9,2,246)
r(0,11,2,247)
w(14,8,2,248)
r(12,0,2,249)
r(1,1,2,250)
w(11,12,2,251)
r(14,8,2,252)
w(2,6,2,253)
w(10,17,2,254)
w(13,10,2,255)
r(9,17,2,256)
w(12,9,2,257)
w(14,9,2,258)
w(11,13,2,259)
w(11,14,2,260)
r(1,8,2,261)
r(0,2,2,262)
w(10,19,2,263)
w(13,11,2,264)
w(11,15,2,265)
r(3,11,2,266)
w(4,9,2,267)
r(6,5,2,268)
w(14,10,2,269)
r(4,9,2,270)
w(6,8,2,271)
w(13,12,2,272)
r(4,9,2,273)
r(8,4,2,274)
r(6,8,2,275)
w(2,7,2,276)
r(2,7,2,277)
w(8,7,2,278)
r(4,10,2,279)
r(10,3,2,280)
w(9,15,2,281)
r(12,1,2,282)
r(9,15,2,283)
r(11,15,2,284)
r(10,3,2,285)
r(12,1,2,286)
w(11,16,2,287)
w(8,8,2,288)
r(14,10,2,289)
r(0,5,2,290)
w(6,9,2,291)
r(12,1,2,292)
w(3,6,2,293)
w(1,11,2,294)
r(9,11,2,295)
r(4,10,2,296)
r(8,8,2,297)
r(4,10,2,298)
r(10,11,2,299)
w(6,10,2,300)
w(11,17,2,301)
w(2,8,2,302)
w(5,8,2,303)
r(7,3,2,304)
w(10,20,2,305)
r(7,3,2,306)
w(11,18,2,307)
w(8,9,2,308)
r(8,9,2,309)
r(2,2,2,310)
r(6,10,2,311)
w(3,7,2,312)
r(0,15,2,313)
w(8,10,2,314)
r(6,10,2,315)
r(4,3,2,316)
w(14,11,2,317)
r(5,5,2,318)
w(14,12,2,319)
r(6,10,2,320)
r(3,3,2,321)
r(1,14,2,322)
w(13,13,2,323)
w(7,10,2,324)
r(5,5,2,325)
w(8,11,2,326)
r(6,6,2,327)
r(11,10,2,328)
w(0,9,2,329)
r(11,10,2,330)
r(2,11,2,331)
w(8,12,2,332)
r(6,6,2,333)
r(5,5,2,334)
w(3,8,2,335)
r(8,12,2,336)
w(8,13,2,337)
w(9,16,2,338)
r(7,9,2,339)
r(0,9,2,340)
r(11,11,2,341)
r(2,11,2,342)
r(8,13,2,343)
w(3,9,2,344)
r(9,16,2,345)
r(10,22,2,346)
r(3,9,2,347)
r(14,2,2,348)
w(5,9,2,349)
w(8,14,2,350)
w(0,10,2,351)
w(14,13,2,352)
r(8,14,2,353)
r(12,0,3,354)
w(3,10,3,355)
r(0,8,3,356)
w(2,9,3,357)
r(6,0,3,358)
w(0,11,3,359)
w(9,17,3,360)
r(14,0,3,361)
r(1,10,3,362)
w(5,10,3,363)
w(14,14,3,364)
r(0,11,3,365)
w(8,15,3,366)
r(1,10,3,367)
r(2,9,3,368)
r(10,0,3,369)
r(10,0,3,370)
w(0,12,3,371)
w(5,11,3,372)
r(10,0,3,373)
w(12,10,3,374)
w(1,13,3,375)
r(6,4,3,376)
w(13,14,3,377)
w(5,12,3,378)
r(4,8,3,379)
r(7,1,3,380)
r(0,2,3,381)
r(5,12,3,382)
r(3,5,3,383)
r(10,8,3,384)
w(3,11,3,385)
r(0,2,3,386)
w(11,19,3,387)
w(14,15,3,388)
w(6,11,3,389)
r(8,4,3,390)
r(6,11,3,391)
r(4,1,3,392)
w(3,12,3,393)
r(8,4,3,394)
r(6,5,3,395)
w(9,18,3,396)
w(5,13,3,397)
r(2,6,3,398)
r(11,15,3,399)
r(11,15,3,400)
w(4,10,3,401)
w(8,16,3,402)
w(2,10,3,403)
r(4,10,3,404)
w(5,14,3,405)
r(1,5,3,406)
w(5,15,3,407)
w(3,13,3,408)
r(11,15,3,409)
r(3,13,3,410)
w(3,14,3,411)
r(0,5,3,412)
r(4,10,3,413)
r(5,4,3,414)
w(6,12,3,415)
r(14,3,3,416)
w(11,20,3,417)
r(5,4,3,418)
r(6,12,3,419)
r(14,3,3,420)
r(8,8,3,421)
r(6,12,3,422)
w(12,11,3,423)
r(12,11,3,424)
w(1,14,3,425)
r(7,3,3,426)
w(4,11,3,427)
r(11,17,3,428)
r(6,10,3,429)
r(1,14,3,430)
r(12,7,3,431)
r(3,6,3,432)
r(12,7,3,433)
r(10,20,3,434)
w(0,14,3,435)
w(10,21,3,436)
w(0,15,3,437)
r(14,5,3,438)
w(14,17,3,439)
w(9,19,3,440)
w(2,11,3,441)
r(14,11,3,442)
r(14,11,3,443)
r(6,10,3,444)
r(6,10,3,445)
r(4,3,3,446)
r(9,19,3,447)
w(0,16,3,448)
r(8,10,3,449)
r(2,11,3,450)
r(10,21,3,451)
r(2,11,3,452)
r(14,12,3,453)
w(1,15,3,454)
r(2,11,3,455)
r(11,10,3,456)
r(12,3,3,457)
r(12,3,3,458)
w(3,16,3,459)
r(2,11,3,460)
r(4,4,3,461)
w(6,13,3,462)
r(14,1,3,463)
r(3,8,3,464)
w(6,14,3,465)
r(11,11,3,466)
w(2,12,3,467)
r(10,7,3,468)
w(10,22,3,469)
w(3,17,3,470)
w(7,11,3,471)
w(2,13,3,472)
r(4,6,3,473)
