w(2,1,0,0)
w(8,1,0,1)
w(0,1,0,2)
r(4,0,0,3)
w(10,1,0,4)
r(0,1,0,5)
w(4,1,0,6)
w(4,2,0,7)
r(4,2,0,8)
w(6,1,0,9)
r(0,11,0,10)
w(4,3,0,11)
r(14,0,0,12)
r(12,4,0,13)
r(10,4,0,14)
w(8,2,0,15)
w(13,1,0,16)
w(0,2,0,17)
r(4,8,0,18)
w(8,3,0,19)
w(8,4,0,20)
r(12,4,0,21)
w(3,1,0,22)
r(8,4,0,23)
r(11,17,0,24)
w(11,1,0,25)
r(11,1,0,26)
w(2,2,0,27)
w(0,3,0,28)
r(8,4,0,29)
r(1,4,0,30)
r(3,8,0,31)
r(10,9,0,32)
w(4,4,0,33)
w(1,1,0,34)
w(1,2,0,35)
w(12,1,0,36)
w(8,5,0,37)
r(7,4,0,38)
w(8,6,0,39)
w(13,2,0,40)
r(1,5,0,41)
w(2,3,0,42)
r(11,18,0,43)
w(6,2,0,44)
r(0,7,0,45)
w(8,7,0,46)
r(0,12,0,47)
w(3,2,0,48)
w(10,2,0,49)
r(9,15,0,50)
r(0,12,0,51)
w(2,4,0,52)
r(10,2,0,53)
r(6,8,0,54)
r(10,2,0,55)
w(5,2,0,56)
w(6,3,0,57)
w(3,3,0,58)
r(8,13,0,59)
r(11,8,0,60)
r(6,3,0,61)
w(8,8,0,62)
w(3,4,0,63)
r(8,8,0,64)
r(9,17,0,65)
w(11,2,0,66)
r(3,4,0,67)
r(4,10,0,68)
w(13,3,0,69)
w(3,5,0,70)
w(3,6,0,71)
w(5,3,0,72)
w(0,4,0,73)
r(1,7,0,74)
w(2,5,0,75)
w(6,4,0,76)
w(6,5,0,77)
r(14,9,0,78)
r(8,21,0,79)
r(9,8,0,80)
r(2,5,0,81)
w(0,5,0,82)
r(13,13,0,83)
w(12,2,0,84)
w(3,7,0,85)
w(11,3,0,86)
r(10,17,0,87)
r(3,7,0,88)
w(5,4,0,89)
w(0,6,0,90)
r(12,16,0,91)
r(0,6,0,92)
r(12,16,0,93)
r(13,13,0,94)
r(0,8,0,95)
r(4,10,0,96)
r(3,7,0,97)
r(7,5,0,98)
r(12,9,0,99)
w(7,2,0,100)
w(4,5,0,101)
r(13,8,0,102)
w(14,1,0,103)
r(11,3,0,104)
w(6,6,0,105)
r(13,8,0,106)
r(8,15,0,107)
r(9,4,0,108)
w(6,7,0,109)
r(4,7,0,110)
r(10,13,0,111)
w(8,10,0,112)
w(5,5,0,113)
w(11,4,0,114)
r(7,7,0,115)
w(8,11,0,116)
w(1,3,0,117)
r(0,8,0,118)
w(10,3,1,119)
w(11,5,1,120)
w(2,6,1,121)
w(12,3,1,122)
r(8,1,1,123)
r(12,3,1,124)
w(1,4,1,125)
r(6,15,1,126)
w(11,6,1,127)
w(12,4,1,128)
r(2,12,1,129)
w(10,4,1,130)
w(13,5,1,131)
w(7,3,1,132)
w(7,4,1,133)
r(11,6,1,134)
r(0,11,1,135)
r(9,0,1,136)
w(2,7,1,137)
r(10,4,1,138)
r(10,4,1,139)
r(11,17,1,140)
r(2,7,1,141)
w(9,1,1,142)
w(9,2,1,143)
w(3,8,1,144)
r(0,2,1,145)
r(12,13,1,146)
r(5,16,1,147)
w(5,6,1,148)
r(12,13,1,149)
w(3,9,1,150)
r(10,10,1,151)
r(9,6,1,152)
w(0,7,1,153)
w(14,2,1,154)
r(5,17,1,155)
w(9,3,1,156)
r(12,1,1,157)
w(1,5,1,158)
w(4,6,1,159)
r(5,17,1,160)
r(12,1,1,161)
w(5,7,1,162)
r(2,3,1,163)
r(13,2,1,164)
w(6,8,1,165)
w(5,8,1,166)
w(11,7,1,167)
r(3,2,1,168)
w(3,10,1,169)
w(8,13,1,170)
w(13,6,1,171)
r(11,19,1,172)
w(6,9,1,173)
r(9,16,1,174)
r(8,13,1,175)
w(11,8,1,176)
w(13,7,1,177)
w(12,5,1,178)
r(13,7,1,179)
r(0,13,1,180)
r(10,2,1,181)
r(8,13,1,182)
r(8,13,1,183)
w(5,9,1,184)
w(7,5,1,185)
r(8,8,1,186)
r(1,7,1,187)
r(0,13,1,188)
r(0,13,1,189)
w(10,5,1,190)
w(11,9,1,191)
w(11,10,1,192)
w(3,11,1,193)
r(1,7,1,194)
w(12,6,1,195)
w(1,6,1,196)
r(9,8,1,197)
w(6,10,1,198)
r(5,13,1,199)
w(3,12,1,200)
r(12,6,1,201)
r(6,10,1,202)
w(3,13,1,203)
r(1,6,1,204)
w(11,11,1,205)
w(8,14,1,206)
r(5,14,1,207)
r(3,7,1,208)
r(2,5,1,209)
r(0,5,1,210)
w(14,3,1,211)
r(5,4,1,212)
w(8,15,1,213)
r(7,5,1,214)
w(0,8,1,215)
r(6,10,1,216)
w(6,11,1,217)
r(0,8,1,218)
w(13,8,1,219)
r(13,8,1,220)
w(3,14,1,221)
r(1,9,1,222)
w(9,4,1,223)
w(4,7,1,224)
w(7,6,1,225)
r(6,6,1,226)
w(7,7,1,227)
w(10,6,1,228)
w(9,5,1,229)
r(10,6,1,230)
r(11,15,1,231)
r(6,18,1,232)
r(9,5,1,233)
r(1,9,1,234)
r(10,6,1,235)
w(10,7,1,236)
w(2,9,1,237)
w(8,16,1,238)
r(12,18,1,239)
r(5,5,1,240)
r(6,18,1,241)
r(0,0,2,242)
w(5,10,2,243)
r(2,6,2,244)
r(14,0,2,245)
r(2,6,2,246)
w(0,10,2,247)
w(0,11,2,248)
w(6,12,2,249)
r(6,12,2,250)
r(2,12,2,251)
r(3,20,2,252)
r(14,0,2,253)
r(12,12,2,254)
r(3,20,2,255)
w(5,11,2,256)
w(14,4,2,257)
w(6,14,2,258)
w(4,8,2,259)
r(13,1,2,260)
w(14,5,2,261)
r(2,12,2,262)
r(8,2,2,263)
r(13,1,2,264)
r(10,4,2,265)
w(10,8,2,266)
r(7,4,2,267)
r(6,14,2,268)
w(3,15,2,269)
r(0,2,2,270)
r(11,1,2,271)
w(9,6,2,272)
w(10,9,2,273)
r(3,8,2,274)
w(10,10,2,275)
r(11,18,2,276)
r(5,17,2,277)
r(0,7,2,278)
r(8,4,2,279)
w(3,16,2,280)
r(4,4,2,281)
w(14,6,2,282)
r(12,1,2,283)
w(4,9,2,284)
w(9,7,2,285)
w(8,17,2,286)
r(8,17,2,287)
r(0,7,2,288)
r(13,2,2,289)
w(0,12,2,290)
w(12,7,2,291)
r(0,12,2,292)
w(10,11,2,293)
r(13,2,2,294)
w(1,7,2,295)
w(13,9,2,296)
w(3,17,2,297)
r(11,19,2,298)
w(2,10,2,299)
w(12,8,2,300)
r(7,12,2,301)
r(6,9,2,302)
w(0,13,2,303)
r(2,10,2,304)
w(7,8,2,305)
r(13,7,2,306)
w(11,12,2,307)
w(5,12,2,308)
w(11,13,2,309)
r(11,13,2,310)
r(10,2,2,311)
r(12,5,2,312)
w(4,10,2,313)
r(1,7,2,314)
r(9,18,2,315)
r(12,5,2,316)
w(2,11,2,317)
r(0,13,2,318)
r(4,10,2,319)
r(8,8,2,320)
w(9,8,2,321)
r(8,8,2,322)
w(13,10,2,323)
r(3,6,2,324)
r(8,8,2,325)
w(1,8,2,326)
w(5,13,2,327)
w(13,11,2,328)
r(0,14,2,329)
r(2,5,2,330)
r(6,10,2,331)
w(5,14,2,332)
r(9,8,2,333)
w(8,18,2,334)
r(4,10,2,335)
r(12,2,2,336)
r(7,5,2,337)
w(9,9,2,338)
r(13,13,2,339)
r(8,14,2,340)
r(7,5,2,341)
w(10,12,2,342)
r(2,5,2,343)
w(9,10,2,344)
r(12,16,2,345)
w(12,9,2,346)
r(5,20,2,347)
r(13,13,2,348)
w(9,11,2,349)
w(5,15,2,350)
r(0,8,2,351)
w(10,13,2,352)
w(7,9,2,353)
r(2,14,2,354)
r(3,14,2,355)
w(12,10,2,356)
w(14,7,2,357)
w(11,15,2,358)
w(14,8,2,359)
w(8,19,2,360)
w(3,18,2,361)
w(3,19,3,362)
w(3,20,3,363)
w(12,11,3,364)
w(6,15,3,365)
r(4,0,3,366)
w(2,12,3,367)
r(3,20,3,368)
w(11,16,3,369)
w(12,12,3,370)
w(7,11,3,371)
w(13,12,3,372)
r(7,11,3,373)
w(5,16,3,374)
r(13,5,3,375)
w(11,17,3,376)
r(8,2,3,377)
r(12,4,3,378)
w(9,12,3,379)
r(9,12,3,380)
r(0,2,3,381)
r(13,1,3,382)
w(12,13,3,383)
w(10,14,3,384)
r(13,1,3,385)
r(9,2,3,386)
r(4,8,3,387)
r(14,5,3,388)
r(1,4,3,389)
r(1,4,3,390)
w(11,18,3,391)
r(10,9,3,392)
w(5,17,3,393)
r(12,13,3,394)
w(6,16,3,395)
r(6,16,3,396)
r(2,2,3,397)
w(8,20,3,398)
w(10,15,3,399)
w(9,14,3,400)
r(9,14,3,401)
w(7,12,3,402)
r(5,17,3,403)
w(9,15,3,404)
r(2,3,3,405)
w(4,12,3,406)
r(4,12,3,407)
r(9,15,3,408)
r(3,2,3,409)
w(11,19,3,410)
w(3,21,3,411)
r(4,12,3,412)
r(7,12,3,413)
w(9,16,3,414)
w(14,9,3,415)
r(6,9,3,416)
r(10,2,3,417)
r(13,6,3,418)
w(5,19,3,419)
r(5,19,3,420)
r(2,10,3,421)
w(9,17,3,422)
r(9,17,3,423)
w(4,13,3,424)
r(11,12,3,425)
r(9,17,3,426)
r(14,9,3,427)
w(9,18,3,428)
r(14,9,3,429)
w(12,15,3,430)
r(11,2,3,431)
w(0,14,3,432)
w(8,21,3,433)
r(11,10,3,434)
r(13,10,3,435)
r(0,14,3,436)
r(0,14,3,437)
r(11,10,3,438)
r(14,9,3,439)
w(11,21,3,440)
w(10,17,3,441)
w(13,13,3,442)
w(8,22,3,443)
w(9,19,3,444)
w(12,16,3,445)
r(8,14,3,446)
w(10,18,3,447)
r(8,14,3,448)
r(5,4,3,449)
r(2,5,3,450)
w(5,20,3,451)
r(12,16,3,452)
r(14,3,3,453)
r(4,10,3,454)
w(1,9,3,455)
w(12,17,3,456)
w(2,13,3,457)
w(6,17,3,458)
w(2,14,3,459)
r(8,15,3,460)
r(3,14,3,461)
r(6,17,3,462)
r(5,15,3,463)
r(5,15,3,464)
r(12,10,3,465)
r(0,8,3,466)
r(13,8,3,467)
w(8,23,3,468)
r(7,7,3,469)
w(5,21,3,470)
w(6,18,3,471)
w(12,18,3,472)
r(2,14,3,473)
r(0,8,3,474)
r(4,7,3,475)
w(2,15,3,476)
r(14,8,3,477)
w(14,10,3,478)
