w(1,1,0,0)
w(2,1,0,0)
w(3,1,0,0)
w(4,1,0,0)
w(5,1,0,0)
w(6,1,0,0)
w(7,1,0,0)
w(8,1,0,0)
w(9,1,0,0)
w(10,1,0,0)
w(11,1,0,0)
w(12,1,0,0)
w(13,1,0,0)
w(14,1,0,0)
w(15,1,0,0)
w(16,1,0,0)
w(17,1,0,0)
w(18,1,0,0)
w(19,1,0,0)
w(20,1,0,0)
w(21,1,0,0)
w(22,1,0,0)
w(23,1,0,0)
w(24,1,0,0)
w(25,1,0,0)
w(26,1,0,0)
w(27,1,0,0)
w(28,1,0,0)
w(29,1,0,0)
w(30,1,0,0)
w(31,1,0,0)
w(32,1,0,0)
w(33,1,0,0)
w(34,1,0,0)
w(35,1,0,0)
w(36,1,0,0)
w(37,1,0,0)
w(38,1,0,0)
w(39,1,0,0)
w(40,1,0,0)
w(41,1,0,0)
w(42,1,0,0)
w(43,1,0,0)
w(44,1,0,0)
w(45,1,0,0)
w(46,1,0,0)
w(47,1,0,0)
w(48,1,0,0)
w(49,1,0,0)
w(50,1,0,0)
w(51,1,0,0)
w(52,1,0,0)
w(53,1,0,0)
w(54,1,0,0)
w(55,1,0,0)
w(56,1,0,0)
w(57,1,0,0)
w(58,1,0,0)
w(59,1,0,0)
w(60,1,0,0)
w(61,1,0,0)
w(62,1,0,0)
w(63,1,0,0)
w(64,1,0,0)
w(65,1,0,0)
w(66,1,0,0)
w(67,1,0,0)
w(68,1,0,0)
w(69,1,0,0)
w(70,1,0,0)
w(71,1,0,0)
w(72,1,0,0)
w(73,1,0,0)
w(74,1,0,0)
w(75,1,0,0)
w(76,1,0,0)
w(77,1,0,0)
w(78,1,0,0)
w(79,1,0,0)
w(80,1,0,0)
w(81,1,0,0)
w(82,1,0,0)
w(83,1,0,0)
w(84,1,0,0)
w(85,1,0,0)
w(86,1,0,0)
w(87,1,0,0)
w(88,1,0,0)
w(89,1,0,0)
w(90,1,0,0)
w(91,1,0,0)
w(92,1,0,0)
w(93,1,0,0)
w(94,1,0,0)
w(95,1,0,0)
w(96,1,0,0)
w(97,1,0,0)
w(98,1,0,0)
w(99,1,0,0)
w(100,1,0,0)
w(101,1,0,0)
w(102,1,0,0)
w(103,1,0,0)
w(104,1,0,0)
w(105,1,0,0)
w(106,1,0,0)
w(107,1,0,0)
w(108,1,0,0)
w(109,1,0,0)
w(110,1,0,0)
w(111,1,0,0)
w(112,1,0,0)
w(113,1,0,0)
w(114,1,0,0)
w(115,1,0,0)
w(116,1,0,0)
w(117,1,0,0)
w(118,1,0,0)
w(119,1,0,0)
w(120,1,0,0)
w(121,1,0,0)
w(122,1,0,0)
w(123,1,0,0)
w(124,1,0,0)
w(125,1,0,0)
w(126,1,0,0)
w(127,1,0,0)
w(128,1,0,0)
w(129,1,0,0)
w(130,1,0,0)
w(131,1,0,0)
w(132,1,0,0)
w(133,1,0,0)
w(134,1,0,0)
w(135,1,0,0)
w(136,1,0,0)
w(137,1,0,0)
w(138,1,0,0)
w(139,1,0,0)
w(140,1,0,0)
w(141,1,0,0)
w(142,1,0,0)
w(143,1,0,0)
w(144,1,0,0)
w(145,1,0,0)
w(146,1,0,0)
w(147,1,0,0)
w(148,1,0,0)
w(149,1,0,0)
w(150,1,0,0)
w(151,1,0,0)
w(152,1,0,0)
w(153,1,0,0)
w(154,1,0,0)
w(155,1,0,0)
w(156,1,0,0)
w(157,1,0,0)
w(158,1,0,0)
w(159,1,0,0)
w(160,1,0,0)
w(161,1,0,0)
w(162,1,0,0)
w(163,1,0,0)
w(164,1,0,0)
w(165,1,0,0)
w(166,1,0,0)
w(167,1,0,0)
w(168,1,0,0)
w(169,1,0,0)
w(170,1,0,0)
w(171,1,0,0)
w(172,1,0,0)
w(173,1,0,0)
w(174,1,0,0)
w(175,1,0,0)
w(176,1,0,0)
w(177,1,0,0)
w(178,1,0,0)
w(179,1,0,0)
w(180,1,0,0)
w(181,1,0,0)
w(182,1,0,0)
w(183,1,0,0)
w(184,1,0,0)
w(185,1,0,0)
w(186,1,0,0)
w(187,1,0,0)
w(188,1,0,0)
w(189,1,0,0)
w(190,1,0,0)
w(191,1,0,0)
w(192,1,0,0)
w(193,1,0,0)
w(194,1,0,0)
w(195,1,0,0)
w(196,1,0,0)
w(197,1,0,0)
w(198,1,0,0)
w(199,1,0,0)
w(200,1,0,0)
w(201,1,0,0)
w(202,1,0,0)
w(203,1,0,0)
w(204,1,0,0)
w(205,1,0,0)
w(206,1,0,0)
w(207,1,0,0)
w(208,1,0,0)
w(209,1,0,0)
w(210,1,0,0)
w(211,1,0,0)
w(212,1,0,0)
w(213,1,0,0)
w(214,1,0,0)
w(215,1,0,0)
w(216,1,0,0)
w(217,1,0,0)
w(218,1,0,0)
w(219,1,0,0)
w(220,1,0,0)
w(221,1,0,0)
w(222,1,0,0)
w(223,1,0,0)
w(224,1,0,0)
w(225,1,0,0)
w(226,1,0,0)
w(227,1,0,0)
w(228,1,0,0)
w(229,1,0,0)
w(230,1,0,0)
w(231,1,0,0)
w(232,1,0,0)
w(233,1,0,0)
w(234,1,0,0)
w(235,1,0,0)
w(236,1,0,0)
w(237,1,0,0)
w(238,1,0,0)
w(239,1,0,0)
w(240,1,0,0)
w(241,1,0,0)
w(242,1,0,0)
w(243,1,0,0)
w(244,1,0,0)
w(245,1,0,0)
w(246,1,0,0)
w(247,1,0,0)
w(248,1,0,0)
w(249,1,0,0)
w(250,1,0,0)
w(251,1,0,0)
w(252,1,0,0)
w(253,1,0,0)
w(254,1,0,0)
w(255,1,0,0)
w(256,1,0,0)
w(257,1,0,0)
w(258,1,0,0)
w(259,1,0,0)
w(260,1,0,0)
w(261,1,0,0)
w(262,1,0,0)
w(263,1,0,0)
w(264,1,0,0)
w(265,1,0,0)
w(266,1,0,0)
w(267,1,0,0)
w(268,1,0,0)
w(269,1,0,0)
w(270,1,0,0)
w(271,1,0,0)
w(272,1,0,0)
w(273,1,0,0)
w(274,1,0,0)
w(275,1,0,0)
w(276,1,0,0)
w(277,1,0,0)
w(278,1,0,0)
w(279,1,0,0)
w(280,1,0,0)
w(281,1,0,0)
w(282,1,0,0)
w(283,1,0,0)
w(284,1,0,0)
w(285,1,0,0)
w(286,1,0,0)
w(287,1,0,0)
w(288,1,0,0)
w(289,1,0,0)
w(290,1,0,0)
w(291,1,0,0)
w(292,1,0,0)
w(293,1,0,0)
w(294,1,0,0)
w(295,1,0,0)
w(296,1,0,0)
w(297,1,0,0)
w(298,1,0,0)
w(299,1,0,0)
w(300,1,0,0)
w(301,1,0,0)
w(302,1,0,0)
w(303,1,0,0)
w(304,1,0,0)
w(305,1,0,0)
w(306,1,0,0)
w(307,1,0,0)
w(308,1,0,0)
w(309,1,0,0)
w(310,1,0,0)
w(311,1,0,0)
w(312,1,0,0)
w(313,1,0,0)
w(314,1,0,0)
w(315,1,0,0)
w(316,1,0,0)
w(317,1,0,0)
w(318,1,0,0)
w(319,1,0,0)
w(320,1,0,0)
w(321,1,0,0)
w(322,1,0,0)
w(323,1,0,0)
w(324,1,0,0)
w(325,1,0,0)
w(326,1,0,0)
w(327,1,0,0)
w(328,1,0,0)
w(329,1,0,0)
w(330,1,0,0)
w(331,1,0,0)
w(332,1,0,0)
w(333,1,0,0)
w(334,1,0,0)
w(335,1,0,0)
w(336,1,0,0)
w(337,1,0,0)
w(338,1,0,0)
w(339,1,0,0)
w(340,1,0,0)
w(341,1,0,0)
w(342,1,0,0)
w(343,1,0,0)
w(344,1,0,0)
w(345,1,0,0)
w(346,1,0,0)
w(347,1,0,0)
w(348,1,0,0)
w(349,1,0,0)
w(350,1,0,0)
w(351,1,0,0)
w(352,1,0,0)
w(353,1,0,0)
w(354,1,0,0)
w(355,1,0,0)
w(356,1,0,0)
w(357,1,0,0)
w(358,1,0,0)
w(359,1,0,0)
w(360,1,0,0)
w(361,1,0,0)
w(362,1,0,0)
w(363,1,0,0)
w(364,1,0,0)
w(365,1,0,0)
w(366,1,0,0)
w(367,1,0,0)
w(368,1,0,0)
w(369,1,0,0)
w(370,1,0,0)
w(371,1,0,0)
w(372,1,0,0)
w(373,1,0,0)
w(374,1,0,0)
w(375,1,0,0)
w(376,1,0,0)
w(377,1,0,0)
w(378,1,0,0)
w(379,1,0,0)
w(380,1,0,0)
w(381,1,0,0)
w(382,1,0,0)
w(383,1,0,0)
w(384,1,0,0)
w(385,1,0,0)
w(386,1,0,0)
w(387,1,0,0)
w(388,1,0,0)
w(389,1,0,0)
w(390,1,0,0)
w(391,1,0,0)
w(392,1,0,0)
w(393,1,0,0)
w(394,1,0,0)
w(395,1,0,0)
w(396,1,0,0)
w(397,1,0,0)
w(398,1,0,0)
w(399,1,0,0)
w(400,1,0,0)
w(401,1,0,0)
w(402,1,0,0)
w(403,1,0,0)
w(404,1,0,0)
w(405,1,0,0)
w(406,1,0,0)
w(407,1,0,0)
w(408,1,0,0)
w(409,1,0,0)
w(410,1,0,0)
w(411,1,0,0)
w(412,1,0,0)
w(413,1,0,0)
w(414,1,0,0)
w(415,1,0,0)
w(416,1,0,0)
w(417,1,0,0)
w(418,1,0,0)
w(419,1,0,0)
w(420,1,0,0)
w(421,1,0,0)
w(422,1,0,0)
w(423,1,0,0)
w(424,1,0,0)
w(425,1,0,0)
w(426,1,0,0)
w(427,1,0,0)
w(428,1,0,0)
w(429,1,0,0)
w(430,1,0,0)
w(431,1,0,0)
w(432,1,0,0)
w(433,1,0,0)
w(434,1,0,0)
w(435,1,0,0)
w(436,1,0,0)
w(437,1,0,0)
w(438,1,0,0)
w(439,1,0,0)
w(440,1,0,0)
w(441,1,0,0)
w(442,1,0,0)
w(443,1,0,0)
w(444,1,0,0)
w(445,1,0,0)
w(446,1,0,0)
w(447,1,0,0)
w(448,1,0,0)
w(449,1,0,0)
w(450,1,0,0)
w(451,1,0,0)
w(452,1,0,0)
w(453,1,0,0)
w(454,1,0,0)
w(455,1,0,0)
w(456,1,0,0)
w(457,1,0,0)
w(458,1,0,0)
w(459,1,0,0)
w(460,1,0,0)
w(461,1,0,0)
w(462,1,0,0)
w(463,1,0,0)
w(464,1,0,0)
w(465,1,0,0)
w(466,1,0,0)
w(467,1,0,0)
w(468,1,0,0)
w(469,1,0,0)
w(470,1,0,0)
w(471,1,0,0)
w(472,1,0,0)
w(473,1,0,0)
w(474,1,0,0)
w(475,1,0,0)
w(476,1,0,0)
w(477,1,0,0)
w(478,1,0,0)
w(479,1,0,0)
w(480,1,0,0)
r(317,1,1,1)
r(328,1,1,1)
w(133,2,1,1)
r(286,1,1,1)
r(29,1,1,1)
w(20,2,1,1)
r(125,1,1,1)
w(372,2,1,1)
r(50,1,1,1)
w(460,2,1,1)
r(168,1,1,1)
r(450,1,1,1)
w(198,2,1,1)
r(76,1,1,1)
w(289,2,1,1)
w(40,2,1,1)
w(87,2,1,1)
w(29,2,1,1)
r(257,1,1,1)
r(353,1,1,1)
r(447,1,2,2)
r(236,1,2,2)
r(207,1,2,2)
w(151,2,2,2)
w(256,5,2,2)
r(265,1,2,2)
w(103,2,2,2)
w(49,6,3,3)
r(54,1,3,3)
r(429,1,3,3)
r(174,6,3,3)
w(108,6,3,3)
r(397,1,3,3)
r(252,1,3,3)
w(454,2,3,3)
w(231,6,3,3)
w(377,6,3,3)
w(267,2,3,3)
r(329,1,3,3)
r(204,1,3,3)
w(147,3,3,3)
w(73,2,3,3)
w(287,4,3,3)
w(437,6,3,3)
r(319,1,3,3)
w(165,3,3,3)
r(471,1,3,3)
w(239,2,4,4)
r(331,1,4,4)
r(289,1,4,4)
w(36,2,4,4)
w(174,6,4,4)
w(360,3,4,4)
w(438,3,4,4)
w(402,2,4,4)
r(303,1,4,4)
r(479,1,4,4)
r(395,1,4,4)
w(477,5,4,4)
w(197,6,4,4)
w(341,3,4,4)
r(226,1,4,4)
r(99,1,4,4)
w(327,5,4,4)
w(318,3,4,4)
r(181,1,4,4)
w(187,5,4,4)
r(206,1,5,5)
r(113,1,5,5)
w(62,8,5,5)
w(221,3,5,5)
w(195,3,5,5)
r(441,1,5,5)
w(249,5,5,5)
r(40,2,5,5)
w(50,9,5,5)
w(114,6,5,5)
r(37,1,5,5)
w(62,7,5,5)
w(274,5,5,5)
w(205,5,5,5)
w(272,3,5,5)
w(327,4,5,5)
r(312,1,5,5)
r(39,1,5,5)
r(377,1,5,5)
r(457,1,5,5)
w(66,5,6,6)
r(464,1,6,6)
w(351,6,6,6)
r(408,1,6,6)
r(462,1,6,6)
w(467,6,6,6)
r(91,1,6,6)
w(75,5,6,6)
w(74,8,6,6)
w(42,5,6,6)
r(447,1,6,6)
w(207,5,6,6)
r(253,1,6,6)
w(115,7,6,6)
w(424,7,6,6)
r(272,1,6,6)
r(33,1,6,6)
w(399,7,6,6)
r(442,1,6,6)
r(399,7,6,6)
r(414,1,1,7)
w(14,2,1,7)
r(272,3,1,7)
w(348,2,1,7)
w(158,2,1,7)
r(266,1,1,7)
w(363,2,1,7)
r(20,2,1,7)
r(415,1,1,7)
r(285,1,1,7)
w(150,2,1,7)
w(320,2,1,7)
r(391,1,1,7)
w(186,2,1,7)
w(323,2,1,7)
r(55,1,1,7)
r(468,4,1,7)
w(305,2,1,7)
r(386,1,1,7)
r(194,1,1,7)
w(366,2,2,8)
w(6,2,2,8)
r(47,1,2,8)
r(159,1,2,8)
r(180,1,2,8)
w(379,6,2,8)
r(42,5,2,8)
r(164,1,2,8)
r(217,1,2,8)
w(318,2,2,8)
r(20,2,2,8)
r(470,1,2,8)
r(185,1,2,8)
w(48,2,2,8)
w(246,6,2,8)
r(463,1,2,8)
r(191,1,2,8)
w(133,6,2,8)
r(40,2,2,8)
r(468,4,2,8)
r(160,1,3,9)
r(298,1,3,9)
w(62,6,3,9)
w(473,5,3,9)
w(477,6,3,9)
r(318,3,3,9)
r(133,2,3,9)
w(261,6,3,9)
w(27,5,3,9)
w(362,6,3,9)
w(90,5,3,9)
r(263,1,3,9)
r(103,1,3,9)
w(279,6,3,9)
w(148,5,3,9)
w(51,5,3,9)
r(476,1,3,9)
w(155,6,3,9)
w(65,2,3,9)
w(324,5,3,9)
w(468,4,4,10)
r(430,1,4,10)
r(29,2,4,10)
w(77,6,4,10)
w(480,6,4,10)
w(421,5,4,10)
r(133,2,4,10)
w(177,2,4,10)
r(176,1,4,10)
r(43,1,4,10)
w(351,2,4,10)
r(209,1,4,10)
w(416,3,4,10)
r(461,1,4,10)
r(29,2,4,10)
r(278,1,4,10)
r(290,1,4,10)
r(285,1,4,10)
w(361,5,4,10)
r(215,1,4,10)
w(362,3,5,11)
w(424,4,5,11)
r(47,1,5,11)
w(10,2,5,11)
r(43,1,5,11)
w(133,7,5,11)
r(228,1,5,11)
r(426,1,5,11)
w(214,8,5,11)
r(366,1,5,11)
w(299,2,5,11)
r(452,1,5,11)
r(13,1,5,11)
w(232,6,5,11)
w(18,5,5,11)
w(341,4,5,11)
w(267,4,5,11)
r(463,1,5,11)
w(66,6,5,11)
w(262,3,5,11)
w(349,8,6,12)
r(330,3,6,12)
w(378,3,6,12)
r(341,4,6,12)
w(231,8,6,12)
w(263,5,6,12)
r(395,1,6,12)
r(310,1,6,12)
w(354,5,6,12)
w(167,3,6,12)
r(417,1,6,12)
r(313,1,6,12)
r(436,1,6,12)
w(275,5,6,12)
w(258,3,6,12)
r(411,1,6,12)
w(378,4,6,12)
r(375,1,6,12)
r(444,3,6,12)
w(190,3,6,12)
r(405,1,1,13)
r(87,2,1,13)
w(416,2,1,13)
r(339,1,1,13)
w(455,2,1,13)
r(365,1,1,13)
w(170,2,1,13)
w(322,2,1,13)
r(303,1,1,13)
w(142,2,1,13)
w(408,2,1,13)
w(58,2,1,13)
w(126,2,1,13)
r(324,5,1,13)
r(390,1,1,13)
r(430,1,1,13)
r(477,3,1,13)
w(102,2,1,13)
r(177,2,1,13)
r(151,1,1,13)
r(297,1,2,14)
w(394,6,2,14)
r(176,1,2,14)
w(427,6,2,14)
w(460,6,2,14)
r(62,6,2,14)
w(345,2,2,14)
r(13,1,2,14)
r(410,1,2,14)
w(129,2,2,14)
w(251,6,2,14)
r(90,5,2,14)
w(329,2,2,14)
r(260,1,2,14)
r(3,1,2,14)
r(137,1,2,14)
r(155,6,2,14)
w(456,3,2,14)
w(215,6,2,14)
r(3,1,2,14)
r(83,1,3,15)
r(335,1,3,15)
w(191,3,3,15)
w(146,6,3,15)
w(248,3,3,15)
r(190,1,3,15)
w(59,6,3,15)
w(254,5,3,15)
r(390,1,3,15)
r(193,1,3,15)
w(444,5,3,15)
r(232,6,3,15)
w(267,6,3,15)
w(221,6,3,15)
r(225,1,3,15)
w(131,2,3,15)
w(444,3,3,15)
w(202,2,3,15)
r(303,1,3,15)
w(15,5,3,15)
w(127,6,4,16)
w(330,3,4,16)
w(402,6,4,16)
r(73,2,4,16)
r(460,2,4,16)
w(385,4,4,16)
r(412,1,4,16)
w(278,6,4,16)
r(62,6,4,16)
r(49,6,4,16)
w(21,2,4,16)
w(342,4,4,16)
r(409,1,4,16)
w(140,8,4,16)
w(152,6,4,16)
w(51,4,4,16)
w(278,5,4,16)
w(73,6,4,16)
r(28,1,4,16)
r(141,1,4,16)
r(99,1,5,17)
w(163,2,5,17)
r(173,1,5,17)
w(378,5,5,17)
w(214,7,5,17)
r(449,1,5,17)
r(175,1,5,17)
r(191,3,5,17)
r(365,1,5,17)
r(317,1,5,17)
r(421,5,5,17)
w(455,6,5,17)
w(447,2,5,17)
r(211,1,5,17)
r(170,2,5,17)
r(438,3,5,17)
r(280,1,5,17)
r(397,1,5,17)
w(49,5,5,17)
w(160,7,5,17)
w(27,9,6,18)
w(42,3,6,18)
r(421,5,6,18)
r(18,5,6,18)
w(347,10,6,18)
w(378,8,6,18)
r(448,1,6,18)
w(56,6,6,18)
w(227,8,6,18)
w(372,5,6,18)
w(187,8,6,18)
w(278,9,6,18)
w(108,4,6,18)
w(261,8,6,18)
w(60,4,6,18)
w(292,5,6,18)
w(473,8,6,18)
w(337,3,6,18)
r(234,1,6,18)
r(120,1,6,18)
r(138,1,1,19)
w(84,2,1,19)
r(321,1,1,19)
r(227,1,1,19)
r(44,1,1,19)
w(296,2,1,19)
r(72,1,1,19)
r(20,3,1,19)
w(102,6,1,19)
r(360,3,1,19)
r(216,1,1,19)
w(22,2,1,19)
w(17,2,1,19)
r(184,2,1,19)
r(373,1,1,19)
r(144,1,1,19)
r(114,6,1,19)
r(283,1,1,19)
w(88,2,1,19)
r(457,1,1,19)
r(21,2,2,20)
r(28,2,2,20)
r(7,1,2,20)
r(88,2,2,20)
w(193,2,2,20)
w(306,2,2,20)
r(102,6,2,20)
r(463,1,2,20)
w(223,5,2,20)
w(301,2,2,20)
r(344,1,2,20)
w(41,6,2,20)
w(460,5,2,20)
w(438,5,2,20)
w(457,2,2,20)
r(38,1,2,20)
w(306,6,2,20)
w(118,2,2,20)
r(342,4,2,20)
r(297,1,2,20)
r(254,5,3,21)
w(298,3,3,21)
r(7,1,3,21)
r(380,1,3,21)
r(230,1,3,21)
r(267,6,3,21)
w(2,5,3,21)
w(9,6,3,21)
r(235,1,3,21)
w(217,6,3,21)
w(321,5,3,21)
r(260,1,3,21)
r(193,1,3,21)
w(251,5,3,21)
w(409,2,3,21)
r(296,2,3,21)
w(248,4,3,21)
w(96,2,3,21)
w(181,6,3,21)
w(328,5,3,21)
w(69,5,4,22)
w(148,3,4,22)
w(428,5,4,22)
w(454,5,4,22)
w(477,3,4,22)
w(197,5,4,22)
w(154,5,4,22)
r(202,1,4,22)
w(251,8,4,22)
r(164,1,4,22)
r(19,1,4,22)
r(168,1,4,22)
r(341,4,4,22)
r(192,1,4,22)
w(255,5,4,22)
w(184,2,4,22)
w(160,8,4,22)
w(415,5,4,22)
w(35,5,4,22)
w(371,8,4,22)
r(162,1,5,23)
w(125,3,5,23)
w(439,6,5,23)
r(390,3,5,23)
w(395,3,5,23)
r(32,1,5,23)
r(157,1,5,23)
w(315,7,5,23)
w(206,6,5,23)
r(93,1,5,23)
r(414,6,5,23)
w(193,3,5,23)
w(135,6,5,23)
r(455,6,5,23)
r(297,1,5,23)
w(13,5,5,23)
r(332,2,5,23)
r(44,1,5,23)
r(61,1,5,23)
r(149,2,5,23)
w(206,5,6,24)
w(10,6,6,24)
w(25,7,6,24)
r(77,2,6,24)
r(332,2,6,24)
w(299,6,6,24)
r(128,1,6,24)
w(199,3,6,24)
w(392,4,6,24)
w(454,4,6,24)
w(480,3,6,24)
w(162,3,6,24)
r(307,1,6,24)
w(303,5,6,24)
w(343,5,6,24)
w(464,4,6,24)
r(172,1,6,24)
r(417,1,6,24)
w(469,3,6,24)
r(106,1,6,24)
w(414,2,1,25)
r(403,1,1,25)
r(143,1,1,25)
w(363,6,1,25)
r(253,1,1,25)
w(240,2,1,25)
w(47,2,1,25)
w(188,2,1,25)
w(90,2,1,25)
r(103,1,1,25)
r(185,1,1,25)
w(253,2,1,25)
w(35,2,1,25)
r(434,1,1,25)
w(371,2,1,25)
w(389,2,1,25)
w(140,2,1,25)
r(210,1,1,25)
r(220,1,1,25)
r(343,1,1,25)
w(160,5,2,26)
r(371,2,2,26)
w(133,5,2,26)
r(181,6,2,26)
w(214,6,2,26)
w(168,5,2,26)
w(53,2,2,26)
r(422,1,2,26)
w(336,6,2,26)
r(279,6,2,26)
w(381,5,2,26)
r(404,1,2,26)
w(377,2,2,26)
r(72,1,2,26)
r(474,1,2,26)
w(145,2,2,26)
w(77,2,2,26)
r(379,3,2,26)
w(72,2,2,26)
w(113,2,2,26)
r(159,1,3,27)
r(170,2,3,27)
r(398,1,3,27)
r(25,1,3,27)
r(174,6,3,27)
w(465,5,3,27)
w(444,4,3,27)
r(431,1,3,27)
w(65,6,3,27)
w(134,6,3,27)
r(347,3,3,27)
r(143,1,3,27)
r(111,1,3,27)
w(149,2,3,27)
w(14,4,3,27)
r(101,1,3,27)
w(289,6,3,27)
w(426,2,3,27)
r(451,1,3,27)
r(297,1,3,27)
r(365,1,4,28)
r(364,1,4,28)
w(304,2,4,28)
w(315,4,4,28)
w(357,3,4,28)
r(468,4,4,28)
w(460,8,4,28)
r(148,3,4,28)
r(273,1,4,28)
w(259,6,4,28)
w(20,3,4,28)
r(10,2,4,28)
r(187,5,4,28)
r(409,1,4,28)
r(203,1,4,28)
w(390,3,4,28)
r(193,1,4,28)
w(55,2,4,28)
w(426,5,4,28)
r(32,1,4,28)
w(256,8,5,29)
w(395,4,5,29)
w(335,2,5,29)
w(393,6,5,29)
w(187,4,5,29)
r(340,1,5,29)
w(459,5,5,29)
r(265,1,5,29)
r(345,2,5,29)
w(273,7,5,29)
r(216,1,5,29)
r(147,8,5,29)
r(365,1,5,29)
w(331,5,5,29)
w(335,6,5,29)
w(302,3,5,29)
w(261,5,5,29)
w(205,3,5,29)
r(64,3,5,29)
r(255,2,5,29)
r(345,2,6,30)
w(88,3,6,30)
w(372,3,6,30)
w(180,4,6,30)
w(305,8,6,30)
r(156,1,6,30)
r(175,1,6,30)
r(90,6,6,30)
r(366,2,6,30)
r(71,1,6,30)
r(9,6,6,30)
w(220,5,6,30)
r(297,1,6,30)
r(93,2,6,30)
r(254,5,6,30)
w(253,8,6,30)
r(351,2,6,30)
w(16,5,6,30)
r(408,6,6,30)
r(110,1,6,30)
r(20,3,1,31)
r(161,1,1,31)
r(11,1,1,31)
r(397,1,1,31)
w(256,2,1,31)
w(302,2,1,31)
w(414,6,1,31)
w(115,2,1,31)
r(275,5,1,31)
r(222,1,1,31)
r(467,6,1,31)
r(254,5,1,31)
r(276,1,1,31)
w(11,2,1,31)
r(189,1,1,31)
w(256,6,1,31)
w(270,2,1,31)
r(160,7,1,31)
w(375,2,1,31)
w(332,2,1,31)
r(154,5,2,32)
w(308,6,2,32)
r(211,1,2,32)
w(463,2,2,32)
w(315,5,2,32)
w(14,6,2,32)
r(419,1,2,32)
r(466,1,2,32)
w(220,2,2,32)
w(440,2,2,32)
r(139,1,2,32)
r(152,6,2,32)
w(199,6,2,32)
w(90,6,2,32)
w(255,2,2,32)
r(192,1,2,32)
r(269,1,2,32)
r(429,1,2,32)
w(162,2,2,32)
w(213,2,2,32)
r(410,1,3,33)
w(400,6,3,33)
w(87,5,3,33)
w(2,3,3,33)
w(321,3,3,33)
r(21,2,3,33)
w(389,6,3,33)
r(145,2,3,33)
r(384,1,3,33)
r(448,1,3,33)
w(72,5,3,33)
r(96,2,3,33)
w(215,3,3,33)
r(376,1,3,33)
r(148,3,3,33)
r(447,2,3,33)
w(231,5,3,33)
w(413,5,3,33)
w(214,3,3,33)
r(14,4,3,33)
r(360,3,4,34)
w(379,3,4,34)
w(65,5,4,34)
w(149,6,4,34)
r(91,1,4,34)
w(364,5,4,34)
w(347,3,4,34)
r(180,1,4,34)
w(402,5,4,34)
w(272,5,4,34)
w(198,4,4,34)
r(421,5,4,34)
w(368,2,4,34)
r(362,3,4,34)
r(177,2,4,34)
w(203,5,4,34)
r(297,1,4,34)
r(71,1,4,34)
w(28,2,4,34)
r(110,1,4,34)
w(94,6,5,35)
w(322,5,5,35)
r(223,2,5,35)
w(330,7,5,35)
w(347,7,5,35)
r(29,6,5,35)
w(335,5,5,35)
w(274,3,5,35)
r(156,1,5,35)
r(224,1,5,35)
w(395,8,5,35)
r(55,2,5,35)
r(246,4,5,35)
r(430,1,5,35)
w(255,8,5,35)
w(113,5,5,35)
r(321,3,5,35)
w(1,6,5,35)
w(195,4,5,35)
r(177,2,5,35)
r(457,6,6,36)
w(2,8,6,36)
w(461,3,6,36)
r(289,6,6,36)
w(57,6,6,36)
w(167,4,6,36)
r(306,6,6,36)
w(384,5,6,36)
r(219,2,6,36)
r(14,6,6,36)
r(378,8,6,36)
w(421,3,6,36)
w(127,4,6,36)
r(73,6,6,36)
r(410,2,6,36)
r(235,1,6,36)
r(130,2,6,36)
r(371,3,6,36)
r(219,2,6,36)
w(162,4,6,36)
w(244,2,1,37)
r(179,1,1,37)
w(191,2,1,37)
r(138,1,1,37)
r(472,1,1,37)
r(235,1,1,37)
r(66,6,1,37)
r(288,1,1,37)
r(185,1,1,37)
r(25,1,1,37)
r(115,2,1,37)
r(116,1,1,37)
r(466,1,1,37)
w(249,2,1,37)
w(424,2,1,37)
r(280,1,1,37)
w(45,2,1,37)
r(321,5,1,37)
r(39,1,1,37)
r(16,1,1,37)
r(114,6,2,38)
w(124,2,2,38)
w(50,5,2,38)
w(442,5,2,38)
r(31,1,2,38)
r(236,1,2,38)
r(85,1,2,38)
r(110,1,2,38)
r(21,2,2,38)
w(162,6,2,38)
w(100,6,2,38)
r(244,2,2,38)
w(308,5,2,38)
r(298,3,2,38)
r(398,5,2,38)
r(338,1,2,38)
w(261,2,2,38)
w(303,6,2,38)
w(273,2,2,38)
w(136,2,2,38)
w(311,2,3,39)
r(244,2,3,39)
r(29,6,3,39)
w(204,3,3,39)
w(334,6,3,39)
r(463,2,3,39)
w(459,2,3,39)
r(5,1,3,39)
r(125,3,3,39)
w(198,3,3,39)
w(80,2,3,39)
w(251,3,3,39)
r(392,1,3,39)
w(141,6,3,39)
w(258,6,3,39)
r(386,1,3,39)
w(293,2,3,39)
r(283,1,3,39)
w(330,5,3,39)
r(349,8,3,39)
r(51,4,4,40)
r(209,1,4,40)
r(127,6,4,40)
r(325,1,4,40)
w(480,5,4,40)
r(67,1,4,40)
r(126,2,4,40)
r(215,6,4,40)
r(336,1,4,40)
r(92,1,4,40)
r(343,1,4,40)
w(147,8,4,40)
w(476,3,4,40)
r(270,2,4,40)
r(315,7,4,40)
w(479,2,4,40)
r(346,1,4,40)
r(327,4,4,40)
w(64,3,4,40)
w(203,3,4,40)
r(306,3,5,41)
r(73,6,5,41)
w(223,4,5,41)
r(456,3,5,41)
w(356,3,5,41)
w(309,3,5,41)
w(12,3,5,41)
w(200,2,5,41)
w(26,8,5,41)
w(286,3,5,41)
r(213,2,5,41)
r(133,5,5,41)
r(10,6,5,41)
r(400,2,5,41)
r(407,1,5,41)
w(451,6,5,41)
w(432,5,5,41)
r(191,6,5,41)
r(271,5,5,41)
r(185,1,5,41)
w(440,4,6,42)
w(247,3,6,42)
r(261,2,6,42)
w(59,3,6,42)
w(405,5,6,42)
w(160,9,6,42)
w(131,3,6,42)
w(352,3,6,42)
w(295,5,6,42)
w(15,4,6,42)
r(422,1,6,42)
w(130,5,6,42)
w(59,4,6,42)
r(306,3,6,42)
r(9,6,6,42)
r(344,6,6,42)
r(349,8,6,42)
r(281,2,6,42)
r(288,6,6,42)
r(69,5,6,42)
w(358,2,1,43)
w(29,6,1,43)
r(58,2,1,43)
w(18,2,1,43)
w(404,2,1,43)
w(160,2,1,43)
r(206,6,1,43)
r(74,8,1,43)
w(287,2,1,43)
r(145,2,1,43)
w(74,2,1,43)
w(198,6,1,43)
r(308,1,1,43)
w(122,2,1,43)
w(237,2,1,43)
r(113,2,1,43)
r(193,3,1,43)
w(100,2,1,43)
r(285,1,1,43)
w(362,2,1,43)
w(130,2,2,44)
r(200,1,2,44)
w(217,2,2,44)
w(165,2,2,44)
w(268,5,2,44)
r(324,5,2,44)
r(12,1,2,44)
r(434,1,2,44)
r(235,1,2,44)
w(288,6,2,44)
w(115,6,2,44)
w(197,2,2,44)
r(422,1,2,44)
w(441,2,2,44)
w(375,5,2,44)
r(18,2,2,44)
r(125,2,2,44)
r(108,4,2,44)
w(380,6,2,44)
w(83,2,2,44)
w(271,5,3,45)
w(275,2,3,45)
r(300,1,3,45)
r(92,1,3,45)
w(387,5,3,45)
w(84,6,3,45)
r(155,6,3,45)
w(426,6,3,45)
r(181,6,3,45)
w(93,2,3,45)
r(477,3,3,45)
w(231,3,3,45)
r(69,5,3,45)
r(4,1,3,45)
w(433,6,3,45)
w(457,6,3,45)
w(371,3,3,45)
w(273,5,3,45)
r(480,3,3,45)
w(247,6,3,45)
r(92,1,4,46)
w(398,5,4,46)
r(426,2,4,46)
r(3,1,4,46)
w(239,6,4,46)
r(200,1,4,46)
r(130,1,4,46)
w(142,3,4,46)
r(49,5,4,46)
w(88,6,4,46)
w(101,5,4,46)
r(128,1,4,46)
r(40,2,4,46)
r(243,1,4,46)
r(117,1,4,46)
w(356,6,4,46)
w(246,4,4,46)
r(292,5,4,46)
w(127,5,4,46)
r(373,1,4,46)
w(197,4,5,47)
r(155,6,5,47)
w(42,6,5,47)
r(63,1,5,47)
w(305,3,5,47)
r(441,2,5,47)
w(92,4,5,47)
r(452,1,5,47)
w(445,3,5,47)
w(202,6,5,47)
r(303,5,5,47)
r(161,1,5,47)
r(344,6,5,47)
w(393,5,5,47)
w(222,4,5,47)
r(105,2,5,47)
w(202,5,5,47)
r(438,2,5,47)
w(363,5,5,47)
w(358,3,5,47)
w(160,10,6,48)
r(103,1,6,48)
w(277,4,6,48)
r(369,1,6,48)
w(84,4,6,48)
r(80,6,6,48)
w(191,7,6,48)
w(245,2,6,48)
r(253,8,6,48)
w(383,4,6,48)
r(248,4,6,48)
r(373,1,6,48)
r(214,3,6,48)
r(42,6,6,48)
w(329,5,6,48)
r(280,1,6,48)
w(296,3,6,48)
r(117,1,6,48)
r(263,5,6,48)
w(466,6,6,48)
r(216,1,1,49)
w(380,2,1,49)
r(21,2,1,49)
w(223,2,1,49)
w(121,2,1,49)
w(219,2,1,49)
w(343,2,1,49)
r(363,6,1,49)
w(367,2,1,49)
r(56,6,1,49)
w(315,2,1,49)
w(125,2,1,49)
r(478,1,1,49)
w(222,2,1,49)
w(189,2,1,49)
w(228,2,1,49)
w(313,2,1,49)
w(374,2,1,49)
r(417,1,1,49)
r(127,5,1,49)
r(221,6,2,50)
r(13,5,2,50)
r(69,5,2,50)
w(318,6,2,50)
w(159,6,2,50)
r(257,1,2,50)
w(206,2,2,50)
r(186,2,2,50)
w(408,6,2,50)
w(121,6,2,50)
w(160,3,2,50)
r(236,1,2,50)
r(203,3,2,50)
r(175,1,2,50)
w(337,6,2,50)
w(410,2,2,50)
r(452,1,2,50)
w(148,6,2,50)
w(474,2,2,50)
w(60,2,2,50)
w(273,3,3,51)
r(299,6,3,51)
r(136,2,3,51)
r(69,5,3,51)
w(190,2,3,51)
r(80,2,3,51)
r(103,1,3,51)
r(435,1,3,51)
w(105,2,3,51)
r(436,1,3,51)
w(401,2,3,51)
r(224,1,3,51)
w(116,6,3,51)
w(391,6,3,51)
w(237,6,3,51)
r(366,2,3,51)
w(286,2,3,51)
w(476,5,3,51)
w(439,2,3,51)
r(210,1,3,51)
r(128,1,4,52)
r(459,2,4,52)
w(77,5,4,52)
r(26,1,4,52)
r(71,1,4,52)
w(313,5,4,52)
r(317,1,4,52)
r(18,2,4,52)
w(239,5,4,52)
r(358,2,4,52)
r(352,1,4,52)
r(308,2,4,52)
w(380,5,4,52)
w(78,6,4,52)
r(379,3,4,52)
w(330,4,4,52)
r(455,6,4,52)
w(300,3,4,52)
w(183,6,4,52)
w(331,6,4,52)
r(366,2,5,53)
w(283,5,5,53)
w(165,4,5,53)
r(64,3,5,53)
r(381,5,5,53)
w(463,8,5,53)
r(445,3,5,53)
r(279,6,5,53)
r(186,2,5,53)
r(450,1,5,53)
r(305,3,5,53)
w(477,7,5,53)
r(288,6,5,53)
r(103,1,5,53)
r(216,1,5,53)
r(58,2,5,53)
r(124,2,5,53)
w(202,3,5,53)
w(380,3,5,53)
r(27,2,5,53)
r(277,4,6,54)
w(342,7,6,54)
w(311,5,6,54)
w(319,2,6,54)
w(400,8,6,54)
r(375,5,6,54)
r(389,6,6,54)
w(337,4,6,54)
w(473,7,6,54)
w(52,6,6,54)
w(156,6,6,54)
w(241,5,6,54)
r(6,2,6,54)
r(434,1,6,54)
r(130,5,6,54)
r(347,7,6,54)
r(336,6,6,54)
w(139,6,6,54)
w(284,5,6,54)
r(168,3,6,54)
r(43,1,1,55)
r(362,2,1,55)
r(77,2,1,55)
r(133,5,1,55)
w(37,2,1,55)
w(35,6,1,55)
r(106,1,1,55)
r(103,1,1,55)
w(38,2,1,55)
w(400,2,1,55)
r(261,2,1,55)
w(308,2,1,55)
w(342,2,1,55)
w(19,2,1,55)
r(433,6,1,55)
w(438,2,1,55)
w(82,2,1,55)
w(236,2,1,55)
w(468,2,1,55)
r(237,2,1,55)
w(463,6,2,56)
w(32,2,2,56)
w(423,6,2,56)
r(150,2,2,56)
w(421,6,2,56)
w(53,6,2,56)
r(125,2,2,56)
w(260,6,2,56)
r(12,1,2,56)
w(191,6,2,56)
w(180,2,2,56)
r(400,2,2,56)
r(447,2,2,56)
w(136,6,2,56)
w(51,2,2,56)
w(219,6,2,56)
w(424,3,2,56)
w(108,2,2,56)
w(281,2,2,56)
r(54,1,2,56)
r(7,1,3,57)
r(179,1,3,57)
w(318,5,3,57)
w(306,3,3,57)
r(349,8,3,57)
w(126,5,3,57)
r(312,1,3,57)
r(345,2,3,57)
w(209,2,3,57)
w(62,5,3,57)
w(382,2,3,57)
r(97,1,3,57)
w(130,6,3,57)
w(97,2,3,57)
r(260,1,3,57)
r(386,1,3,57)
w(137,5,3,57)
r(313,5,3,57)
r(30,1,3,57)
w(469,2,3,57)
r(191,2,4,58)
w(144,6,4,58)
r(140,2,4,58)
r(245,1,4,58)
w(344,6,4,58)
w(295,6,4,58)
w(173,3,4,58)
w(391,5,4,58)
r(166,1,4,58)
r(109,1,4,58)
r(339,1,4,58)
r(188,2,4,58)
w(430,2,4,58)
r(268,5,4,58)
w(268,4,4,58)
w(473,4,4,58)
r(335,5,4,58)
w(285,6,4,58)
w(47,6,4,58)
w(330,8,4,58)
w(19,8,5,59)
w(411,2,5,59)
w(89,3,5,59)
w(405,6,5,59)
w(140,9,5,59)
w(8,5,5,59)
w(360,4,5,59)
r(158,2,5,59)
w(192,6,5,59)
r(459,6,5,59)
w(137,3,5,59)
w(440,5,5,59)
w(210,2,5,59)
r(333,1,5,59)
r(265,1,5,59)
w(115,3,5,59)
r(36,5,5,59)
w(281,4,5,59)
w(190,5,5,59)
r(233,2,5,59)
r(209,2,6,60)
w(320,3,6,60)
r(366,2,6,60)
r(112,1,6,60)
w(257,4,6,60)
w(341,7,6,60)
r(125,6,6,60)
r(133,5,6,60)
r(413,2,6,60)
r(380,3,6,60)
w(286,4,6,60)
r(365,1,6,60)
r(67,1,6,60)
r(466,6,6,60)
r(5,6,6,60)
r(267,6,6,60)
r(330,2,6,60)
w(179,3,6,60)
w(282,2,6,60)
r(119,1,6,60)
w(341,2,1,61)
w(27,2,1,61)
r(465,5,1,61)
w(116,2,1,61)
w(315,6,1,61)
r(127,4,1,61)
w(339,2,1,61)
w(475,2,1,61)
r(218,1,1,61)
r(367,2,1,61)
w(171,2,1,61)
r(427,6,1,61)
w(187,2,1,61)
r(449,1,1,61)
r(470,1,1,61)
r(65,6,1,61)
w(468,6,1,61)
r(71,2,1,61)
w(204,2,1,61)
r(136,6,1,61)
r(84,6,2,62)
w(170,6,2,62)
r(133,5,2,62)
w(359,2,2,62)
w(298,5,2,62)
r(238,1,2,62)
r(365,1,2,62)
w(256,3,2,62)
w(271,6,2,62)
w(71,2,2,62)
w(390,2,2,62)
w(300,2,2,62)
r(281,2,2,62)
w(296,6,2,62)
r(370,1,2,62)
w(330,2,2,62)
r(446,1,2,62)
w(385,2,2,62)
r(410,2,2,62)
r(425,1,2,62)
r(18,2,3,63)
w(458,2,3,63)
r(370,1,3,63)
w(226,2,3,63)
w(468,3,3,63)
r(310,1,3,63)
w(310,2,3,63)
w(454,6,3,63)
r(365,1,3,63)
r(179,1,3,63)
r(343,5,3,63)
r(106,1,3,63)
w(415,2,3,63)
r(392,4,3,63)
r(452,1,3,63)
w(386,6,3,63)
w(207,2,3,63)
w(305,5,3,63)
w(256,4,3,63)
w(311,6,3,63)
w(237,3,4,64)
r(192,1,4,64)
w(21,6,4,64)
w(131,6,4,64)
w(430,6,4,64)
r(196,1,4,64)
r(9,6,4,64)
r(140,2,4,64)
r(92,1,4,64)
r(328,5,4,64)
w(477,4,4,64)
w(379,4,4,64)
w(55,6,4,64)
r(121,6,4,64)
w(80,6,4,64)
r(89,1,4,64)
r(18,2,4,64)
r(419,1,4,64)
r(287,2,4,64)
w(125,6,4,64)
w(424,8,5,65)
r(124,2,5,65)
w(278,8,5,65)
w(182,5,5,65)
r(241,5,5,65)
w(110,6,5,65)
w(178,2,5,65)
r(70,1,5,65)
w(275,6,5,65)
w(306,4,5,65)
w(225,6,5,65)
r(152,2,5,65)
w(268,8,5,65)
r(235,1,5,65)
w(350,5,5,65)
r(399,6,5,65)
r(367,2,5,65)
w(364,3,5,65)
r(95,2,5,65)
w(461,6,5,65)
r(408,6,6,66)
r(273,4,6,66)
r(89,1,6,66)
w(43,3,6,66)
r(249,2,6,66)
w(413,4,6,66)
r(245,2,6,66)
w(428,4,6,66)
r(344,6,6,66)
w(28,8,6,66)
w(355,3,6,66)
w(313,4,6,66)
w(479,5,6,66)
r(278,3,6,66)
r(367,2,6,66)
r(54,1,6,66)
r(87,3,6,66)
w(447,6,6,66)
r(146,6,6,66)
r(334,6,6,66)
w(64,2,1,67)
r(153,1,1,67)
w(199,2,1,67)
r(274,3,1,67)
w(280,2,1,67)
w(20,6,1,67)
w(155,2,1,67)
r(408,6,1,67)
w(208,2,1,67)
w(413,2,1,67)
r(10,6,1,67)
r(475,2,1,67)
w(5,2,1,67)
w(104,2,1,67)
w(381,2,1,67)
r(421,6,1,67)
w(204,6,1,67)
r(340,1,1,67)
w(424,5,1,67)
r(50,5,1,67)
w(429,2,2,68)
r(53,6,2,68)
w(168,3,2,68)
w(306,5,2,68)
w(115,5,2,68)
r(70,1,2,68)
w(181,2,2,68)
w(111,2,2,68)
r(103,1,2,68)
w(253,6,2,68)
r(51,2,2,68)
r(262,3,2,68)
r(429,2,2,68)
r(10,6,2,68)
r(207,2,2,68)
w(203,6,2,68)
r(422,1,2,68)
w(398,2,2,68)
r(43,2,2,68)
r(278,9,2,68)
w(101,6,3,69)
w(459,6,3,69)
w(374,5,3,69)
r(337,6,3,69)
r(155,6,3,69)
r(347,7,3,69)
w(356,2,3,69)
r(292,5,3,69)
w(241,2,3,69)
w(123,2,3,69)
w(43,2,3,69)
w(92,5,3,69)
r(186,2,3,69)
w(63,5,3,69)
r(390,2,3,69)
r(286,3,3,69)
w(273,4,3,69)
w(349,6,3,69)
w(208,5,3,69)
w(449,2,3,69)
w(106,5,4,70)
w(310,6,4,70)
r(115,5,4,70)
w(468,8,4,70)
r(471,1,4,70)
w(286,5,4,70)
r(366,2,4,70)
w(361,3,4,70)
w(320,5,4,70)
w(462,5,4,70)
w(26,4,4,70)
r(95,1,4,70)
w(386,5,4,70)
r(80,6,4,70)
r(479,2,4,70)
r(251,3,4,70)
r(248,4,4,70)
r(388,1,4,70)
r(324,5,4,70)
r(205,3,4,70)
w(27,8,5,71)
r(168,3,5,71)
w(200,6,5,71)
r(4,4,5,71)
w(169,5,5,71)
r(300,6,5,71)
r(442,4,5,71)
r(101,2,5,71)
w(193,4,5,71)
r(158,6,5,71)
w(27,7,5,71)
r(352,2,5,71)
w(171,6,5,71)
w(215,8,5,71)
w(51,8,5,71)
r(369,1,5,71)
r(85,1,5,71)
w(269,2,5,71)
w(269,6,5,71)
r(47,6,5,71)
w(92,7,6,72)
r(329,6,6,72)
r(115,3,6,72)
r(7,1,6,72)
w(390,7,6,72)
r(87,3,6,72)
r(98,1,6,72)
w(223,8,6,72)
r(28,8,6,72)
r(100,6,6,72)
w(462,4,6,72)
r(56,6,6,72)
r(232,6,6,72)
r(336,6,6,72)
w(123,4,6,72)
w(175,6,6,72)
r(20,6,6,72)
w(183,5,6,72)
w(126,8,6,72)
r(392,6,6,72)
r(188,2,1,73)
r(450,1,1,73)
r(62,5,1,73)
r(294,1,1,73)
w(161,2,1,73)
w(26,2,1,73)
w(327,2,1,73)
r(155,2,1,73)
w(214,2,1,73)
w(212,2,1,73)
w(302,6,1,73)
r(25,7,1,73)
r(306,5,1,73)
r(265,1,1,73)
r(439,2,1,73)
w(233,2,1,73)
r(289,6,1,73)
w(31,2,1,73)
r(150,2,1,73)
w(254,2,1,73)
r(328,5,2,74)
r(431,1,2,74)
w(174,2,2,74)
r(44,1,2,74)
r(151,1,2,74)
r(177,2,2,74)
r(60,2,2,74)
w(152,2,2,74)
w(444,6,2,74)
w(8,2,2,74)
w(433,2,2,74)
w(359,6,2,74)
r(321,3,2,74)
w(357,6,2,74)
w(392,2,2,74)
r(304,2,2,74)
r(426,6,2,74)
w(30,2,2,74)
w(30,6,2,74)
w(414,3,2,74)
w(259,2,3,75)
w(153,6,3,75)
r(372,3,3,75)
w(135,2,3,75)
w(446,6,3,75)
r(100,6,3,75)
w(383,2,3,75)
r(113,5,3,75)
w(44,2,3,75)
r(18,2,3,75)
w(74,5,3,75)
r(366,2,3,75)
w(221,5,3,75)
r(170,6,3,75)
r(204,6,3,75)
w(446,5,3,75)
r(376,1,3,75)
r(317,1,3,75)
w(331,2,3,75)
w(392,6,3,75)
w(453,2,4,76)
r(397,1,4,76)
w(75,6,4,76)
w(353,5,4,76)
w(28,6,4,76)
w(406,6,4,76)
r(245,2,4,76)
w(390,4,4,76)
w(262,6,4,76)
w(167,6,4,76)
w(362,5,4,76)
w(227,4,4,76)
r(380,3,4,76)
r(428,5,4,76)
r(272,5,4,76)
w(36,5,4,76)
w(199,5,4,76)
w(471,6,4,76)
r(471,6,4,76)
r(265,1,4,76)
w(50,10,5,77)
w(313,3,5,77)
w(269,5,5,77)
w(253,4,5,77)
r(358,3,5,77)
w(450,6,5,77)
w(442,9,5,77)
w(151,6,5,77)
w(343,6,5,77)
w(177,5,5,77)
r(369,6,5,77)
w(435,3,5,77)
w(391,3,5,77)
w(359,5,5,77)
r(37,2,5,77)
r(102,6,5,77)
r(369,6,5,77)
r(172,6,5,77)
w(39,2,5,77)
w(224,3,5,77)
r(196,1,6,78)
r(22,2,6,78)
w(217,3,6,78)
r(314,1,6,78)
r(448,1,6,78)
w(157,5,6,78)
r(277,4,6,78)
r(104,2,6,78)
w(46,3,6,78)
r(293,2,6,78)
r(446,5,6,78)
w(456,4,6,78)
r(37,2,6,78)
w(258,4,6,78)
w(446,3,6,78)
w(290,6,6,78)
r(196,1,6,78)
r(27,7,6,78)
r(400,8,6,78)
w(414,10,6,78)
r(350,6,1,79)
r(309,3,1,79)
r(173,3,1,79)
r(114,2,1,79)
r(132,1,1,79)
r(392,6,1,79)
r(207,2,1,79)
w(305,6,1,79)
r(384,5,1,79)
w(208,6,1,79)
w(194,2,1,79)
w(244,6,1,79)
r(146,6,1,79)
r(56,6,1,79)
w(198,5,1,79)
r(323,6,1,79)
w(328,2,1,79)
w(434,2,1,79)
r(22,2,1,79)
w(391,2,1,79)
w(323,6,2,80)
r(155,2,2,80)
r(23,1,2,80)
r(468,8,2,80)
w(341,5,2,80)
r(207,2,2,80)
r(109,1,2,80)
r(105,2,2,80)
w(32,6,2,80)
w(294,6,2,80)
r(63,5,2,80)
w(64,6,2,80)
w(4,2,2,80)
w(120,6,2,80)
w(110,2,2,80)
r(399,7,2,80)
w(399,6,2,80)
w(5,6,2,80)
r(118,2,2,80)
r(55,6,2,80)
w(185,2,3,81)
w(114,2,3,81)
r(264,1,3,81)
w(475,5,3,81)
r(274,3,3,81)
r(284,5,3,81)
w(121,3,3,81)
w(329,6,3,81)
r(292,5,3,81)
w(443,6,3,81)
r(191,7,3,81)
w(350,6,3,81)
w(176,6,3,81)
r(49,5,3,81)
w(338,3,3,81)
r(66,6,3,81)
r(402,5,3,81)
r(216,1,3,81)
r(41,6,3,81)
w(87,3,3,81)
r(31,2,4,82)
r(101,6,4,82)
r(63,5,4,82)
r(360,3,4,82)
r(8,2,4,82)
r(110,2,4,82)
r(234,1,4,82)
w(125,5,4,82)
r(392,6,4,82)
w(4,3,4,82)
r(105,2,4,82)
w(278,3,4,82)
w(108,3,4,82)
r(51,2,4,82)
r(236,2,4,82)
w(287,8,4,82)
r(174,2,4,82)
w(414,8,4,82)
w(14,8,4,82)
r(4,3,4,82)
w(43,5,5,83)
r(206,2,5,83)
r(73,6,5,83)
w(398,3,5,83)
r(249,2,5,83)
w(353,3,5,83)
w(18,3,5,83)
w(95,5,5,83)
r(114,2,5,83)
r(218,1,5,83)
r(36,5,5,83)
r(350,5,5,83)
w(251,7,5,83)
w(256,7,5,83)
w(196,6,5,83)
r(392,6,5,83)
w(67,3,5,83)
r(135,2,5,83)
r(65,6,5,83)
w(400,4,5,83)
r(262,5,6,84)
r(420,1,6,84)
w(103,5,6,84)
w(404,5,6,84)
w(69,3,6,84)
r(174,2,6,84)
r(118,2,6,84)
r(356,2,6,84)
w(48,4,6,84)
r(97,5,6,84)
r(230,2,6,84)
r(168,3,6,84)
w(370,2,6,84)
w(12,8,6,84)
w(438,8,6,84)
w(77,3,6,84)
w(123,8,6,84)
w(17,3,6,84)
r(196,1,6,84)
r(14,7,6,84)
w(95,2,1,85)
r(121,3,1,85)
r(186,2,1,85)
w(375,6,1,85)
r(219,6,1,85)
w(425,2,1,85)
w(268,2,1,85)
r(463,8,1,85)
w(427,2,1,85)
w(283,2,1,85)
w(223,6,1,85)
r(461,3,1,85)
w(101,2,1,85)
r(440,5,1,85)
r(377,2,1,85)
r(437,6,1,85)
r(373,1,1,85)
w(461,2,1,85)
w(63,2,1,85)
w(468,5,1,85)
w(257,6,2,86)
w(140,6,2,86)
r(252,1,2,86)
w(442,3,2,86)
w(393,2,2,86)
r(401,2,2,86)
r(346,1,2,86)
r(249,2,2,86)
w(405,2,2,86)
r(312,1,2,86)
w(138,2,2,86)
r(216,1,2,86)
r(475,5,2,86)
w(287,6,2,86)
w(388,2,2,86)
r(40,2,2,86)
w(14,5,2,86)
r(366,2,2,86)
r(86,1,2,86)
r(94,6,2,86)
r(448,1,3,87)
r(71,2,3,87)
w(15,3,3,87)
w(4,5,3,87)
r(265,1,3,87)
w(342,3,3,87)
w(355,2,3,87)
w(361,6,3,87)
w(67,6,3,87)
r(468,8,3,87)
r(340,1,3,87)
r(104,2,3,87)
r(160,10,3,87)
r(366,2,3,87)
r(104,2,3,87)
w(385,3,3,87)
r(393,2,3,87)
r(231,3,3,87)
w(93,6,3,87)
r(282,2,3,87)
r(107,1,4,88)
r(392,6,4,88)
r(63,5,4,88)
w(213,5,4,88)
w(159,5,4,88)
r(327,2,4,88)
r(434,1,4,88)
r(11,2,4,88)
w(109,3,4,88)
r(295,5,4,88)
r(402,5,4,88)
r(312,1,4,88)
r(348,2,4,88)
r(282,2,4,88)
w(419,3,4,88)
w(445,6,4,88)
r(348,2,4,88)
r(279,6,4,88)
w(445,5,4,88)
r(2,8,4,88)
w(243,5,5,89)
r(51,8,5,89)
r(326,1,5,89)
w(12,4,5,89)
w(383,3,5,89)
w(91,2,5,89)
r(432,5,5,89)
r(253,4,5,89)
r(179,3,5,89)
r(383,3,5,89)
r(140,9,5,89)
r(124,2,5,89)
r(5,3,5,89)
r(18,3,5,89)
r(421,6,5,89)
r(250,1,5,89)
w(388,4,5,89)
w(249,3,5,89)
r(467,2,5,89)
r(338,2,5,89)
r(353,3,6,90)
w(118,6,6,90)
w(243,3,6,90)
r(224,5,6,90)
r(56,6,6,90)
r(20,6,6,90)
w(73,5,6,90)
w(100,8,6,90)
w(290,5,6,90)
r(176,5,6,90)
w(247,4,6,90)
w(191,9,6,90)
w(214,9,6,90)
r(34,6,6,90)
w(305,7,6,90)
w(398,4,6,90)
w(422,8,6,90)
r(427,5,6,90)
w(94,5,6,90)
w(275,3,6,90)
r(151,1,1,91)
r(418,1,1,91)
r(287,3,1,91)
w(173,2,1,91)
r(319,2,1,91)
w(266,2,1,91)
w(24,2,1,91)
r(375,6,1,91)
w(416,6,1,91)
r(62,5,1,91)
r(422,5,1,91)
w(173,6,1,91)
r(444,6,1,91)
r(350,5,1,91)
w(254,6,1,91)
w(360,2,1,91)
r(17,2,1,91)
w(109,2,1,91)
w(360,6,1,91)
r(93,6,1,91)
w(347,2,2,92)
r(286,4,2,92)
w(464,2,2,92)
r(3,1,2,92)
w(287,5,2,92)
r(22,2,2,92)
r(322,5,2,92)
w(29,5,2,92)
r(346,1,2,92)
r(243,1,2,92)
r(76,1,2,92)
w(287,3,2,92)
w(246,5,2,92)
w(58,5,2,92)
w(317,2,2,92)
r(140,9,2,92)
w(211,2,2,92)
r(92,5,2,92)
r(178,1,2,92)
r(159,5,2,92)
w(267,5,3,93)
w(300,6,3,93)
r(7,1,3,93)
w(284,2,3,93)
w(185,6,3,93)
w(313,6,3,93)
r(396,1,3,93)
r(4,5,3,93)
w(38,6,3,93)
w(290,2,3,93)
w(45,6,3,93)
w(5,3,3,93)
r(380,3,3,93)
r(11,2,3,93)
r(63,5,3,93)
w(422,5,3,93)
r(413,4,3,93)
r(371,3,3,93)
r(113,6,3,93)
r(447,6,3,93)
r(358,3,4,94)
r(174,2,4,94)
w(154,3,4,94)
r(233,2,4,94)
w(464,5,4,94)
w(230,2,4,94)
r(36,5,4,94)
w(357,4,4,94)
r(437,6,4,94)
r(177,2,4,94)
r(70,1,4,94)
r(30,6,4,94)
r(297,1,4,94)
w(258,5,4,94)
r(341,7,4,94)
w(50,7,4,94)
r(114,2,4,94)
r(146,6,4,94)
w(113,6,4,94)
r(202,3,4,94)
w(278,7,5,95)
w(292,6,5,95)
r(242,2,5,95)
w(338,4,5,95)
w(256,9,5,95)
w(172,5,5,95)
r(64,5,5,95)
w(40,3,5,95)
r(436,1,5,95)
w(459,3,5,95)
r(180,5,5,95)
w(469,5,5,95)
w(62,9,5,95)
w(46,5,5,95)
r(261,2,5,95)
w(30,3,5,95)
r(188,6,5,95)
r(328,3,5,95)
r(195,4,5,95)
w(230,6,5,95)
r(25,2,6,96)
w(408,3,6,96)
w(265,6,6,96)
w(53,3,6,96)
r(173,5,6,96)
w(208,4,6,96)
r(366,6,6,96)
w(20,8,6,96)
r(411,2,6,96)
r(221,2,6,96)
r(477,7,6,96)
r(386,2,6,96)
r(365,1,6,96)
w(233,3,6,96)
w(18,8,6,96)
r(275,3,6,96)
r(117,1,6,96)
r(248,6,6,96)
w(239,3,6,96)
r(46,5,6,96)
w(234,6,1,97)
w(31,6,1,97)
w(67,2,1,97)
r(127,4,1,97)
w(456,2,1,97)
r(395,8,1,97)
r(62,5,1,97)
r(347,2,1,97)
w(379,2,1,97)
w(434,6,1,97)
r(181,2,1,97)
r(232,2,1,97)
w(367,6,1,97)
r(411,2,1,97)
r(108,3,1,97)
w(462,2,1,97)
r(413,4,1,97)
w(79,2,1,97)
w(15,2,1,97)
w(92,2,1,97)
r(428,4,2,98)
r(391,2,2,98)
w(442,4,2,98)
w(201,2,2,98)
w(320,6,2,98)
w(248,6,2,98)
r(377,2,2,98)
r(425,2,2,98)
r(351,2,2,98)
r(129,2,2,98)
w(234,5,2,98)
r(70,1,2,98)
w(480,2,2,98)
r(394,6,2,98)
r(444,6,2,98)
r(296,3,2,98)
r(223,6,2,98)
w(87,6,2,98)
r(222,4,2,98)
w(332,6,2,98)
r(148,6,3,99)
w(345,6,3,99)
w(212,5,3,99)
w(352,6,3,99)
w(460,4,3,99)
r(407,1,3,99)
w(227,5,3,99)
r(263,5,3,99)
r(384,5,3,99)
r(53,6,3,99)
w(472,6,3,99)
r(305,6,3,99)
w(232,2,3,99)
r(23,1,3,99)
r(156,6,3,99)
r(467,6,3,99)
w(92,3,3,99)
r(16,5,3,99)
w(419,6,3,99)
r(108,3,3,99)
r(306,4,4,100)
w(64,4,4,100)
w(255,3,4,100)
w(180,5,4,100)
r(430,6,4,100)
w(368,6,4,100)
r(122,2,4,100)
w(262,5,4,100)
w(316,2,4,100)
r(100,6,4,100)
w(97,5,4,100)
w(158,6,4,100)
w(240,5,4,100)
r(307,1,4,100)
r(423,6,4,100)
r(289,6,4,100)
w(4,4,4,100)
w(48,5,4,100)
r(318,5,4,100)
r(324,5,4,100)
w(287,7,5,101)
w(368,5,5,101)
r(264,2,5,101)
w(385,8,5,101)
w(99,4,5,101)
w(256,10,5,101)
r(203,6,5,101)
w(434,4,5,101)
r(9,6,5,101)
w(302,4,5,101)
r(259,5,5,101)
r(480,2,5,101)
w(337,5,5,101)
r(138,6,5,101)
w(384,6,5,101)
w(139,2,5,101)
w(234,3,5,101)
w(350,3,5,101)
w(186,6,5,101)
w(470,6,5,101)
r(25,2,6,102)
r(374,3,6,102)
r(48,4,6,102)
r(210,2,6,102)
w(344,3,6,102)
r(477,7,6,102)
w(287,9,6,102)
w(103,3,6,102)
r(458,2,6,102)
r(53,3,6,102)
w(248,7,6,102)
r(239,3,6,102)
w(281,8,6,102)
r(297,1,6,102)
r(31,3,6,102)
w(200,5,6,102)
r(184,6,6,102)
r(473,6,6,102)
r(421,6,6,102)
r(137,6,6,102)
w(341,6,1,103)
r(171,6,1,103)
r(204,6,1,103)
w(188,6,1,103)
r(169,5,1,103)
r(357,4,1,103)
r(16,5,1,103)
w(258,2,1,103)
w(126,6,1,103)
r(183,5,1,103)
r(280,2,1,103)
w(222,6,1,103)
r(292,5,1,103)
w(12,2,1,103)
w(25,2,1,103)
w(141,2,1,103)
r(66,6,1,103)
w(15,6,1,103)
w(288,2,1,103)
w(422,2,1,103)
r(211,2,2,104)
w(147,6,2,104)
r(326,1,2,104)
w(64,5,2,104)
r(238,1,2,104)
w(352,2,2,104)
w(272,2,2,104)
r(411,2,2,104)
w(172,2,2,104)
w(157,2,2,104)
r(196,1,2,104)
w(266,6,2,104)
w(51,6,2,104)
w(268,3,2,104)
r(41,6,2,104)
r(443,6,2,104)
w(388,6,2,104)
w(100,5,2,104)
r(243,1,2,104)
r(230,2,2,104)
r(47,6,3,105)
r(234,5,3,105)
r(179,3,3,105)
r(133,5,3,105)
w(237,5,3,105)
r(99,1,3,105)
r(226,2,3,105)
r(125,5,3,105)
r(127,4,3,105)
r(202,3,3,105)
w(109,6,3,105)
w(34,6,3,105)
r(133,5,3,105)
w(246,3,3,105)
r(420,1,3,105)
r(160,10,3,105)
r(470,1,3,105)
r(474,2,3,105)
r(313,6,3,105)
w(309,5,3,105)
r(8,5,4,106)
w(371,7,4,106)
w(366,6,4,106)
w(237,4,4,106)
w(3,2,4,106)
w(383,5,4,106)
r(274,3,4,106)
r(68,1,4,106)
w(254,3,4,106)
w(402,3,4,106)
r(175,6,4,106)
r(235,1,4,106)
r(217,2,4,106)
w(126,4,4,106)
r(161,2,4,106)
r(336,6,4,106)
r(322,5,4,106)
w(369,6,4,106)
r(26,2,4,106)
w(390,8,4,106)
r(267,5,5,107)
r(194,2,5,107)
w(345,5,5,107)
w(13,3,5,107)
r(253,4,5,107)
w(310,5,5,107)
w(198,8,5,107)
w(212,4,5,107)
r(365,1,5,107)
w(97,4,5,107)
r(395,5,5,107)
w(355,5,5,107)
r(356,2,5,107)
w(306,8,5,107)
w(257,3,5,107)
w(185,5,5,107)
w(314,6,5,107)
w(147,7,5,107)
r(18,8,5,107)
w(143,2,5,107)
w(163,6,6,108)
r(479,5,6,108)
r(151,6,6,108)
w(265,5,6,108)
r(167,6,6,108)
w(49,4,6,108)
r(266,5,6,108)
w(382,6,6,108)
w(464,8,6,108)
w(357,8,6,108)
w(108,8,6,108)
r(138,6,6,108)
w(439,3,6,108)
r(346,2,6,108)
w(205,4,6,108)
w(123,7,6,108)
w(87,8,6,108)
w(427,3,6,108)
r(34,2,6,108)
w(477,9,6,108)
w(257,2,1,109)
r(13,5,1,109)
r(456,4,1,109)
w(361,2,1,109)
r(128,1,1,109)
w(16,2,1,109)
w(466,2,1,109)
w(252,2,1,109)
r(450,6,1,109)
w(321,2,1,109)
r(218,1,1,109)
r(56,6,1,109)
w(168,6,1,109)
r(126,6,1,109)
w(271,2,1,109)
r(392,6,1,109)
w(338,2,1,109)
w(336,2,1,109)
r(291,1,1,109)
r(263,5,1,109)
r(331,2,2,110)
r(310,6,2,110)
r(408,6,2,110)
w(162,5,2,110)
r(290,2,2,110)
w(428,6,2,110)
w(288,5,2,110)
r(179,3,2,110)
w(63,6,2,110)
w(48,6,2,110)
w(266,5,2,110)
w(253,5,2,110)
w(406,2,2,110)
w(283,6,2,110)
r(69,5,2,110)
r(277,4,2,110)
w(41,5,2,110)
w(222,5,2,110)
r(37,2,2,110)
w(59,2,2,110)
r(441,2,3,111)
w(123,6,3,111)
w(100,4,3,111)
r(367,6,3,111)
w(172,6,3,111)
w(26,5,3,111)
r(109,6,3,111)
w(108,5,3,111)
w(214,4,3,111)
w(138,6,3,111)
r(130,5,3,111)
r(96,2,3,111)
w(473,3,3,111)
r(226,2,3,111)
r(331,2,3,111)
w(70,2,3,111)
w(176,5,3,111)
w(225,2,3,111)
r(365,1,3,111)
r(175,6,3,111)
r(43,3,4,112)
r(130,5,4,112)
w(93,5,4,112)
w(207,6,4,112)
w(467,2,4,112)
w(62,3,4,112)
r(339,2,4,112)
r(344,6,4,112)
w(344,5,4,112)
r(122,2,4,112)
r(333,1,4,112)
w(274,6,4,112)
r(259,2,4,112)
r(265,1,4,112)
w(378,6,4,112)
w(89,5,4,112)
r(477,7,4,112)
w(188,3,4,112)
w(2,4,4,112)
w(242,2,4,112)
w(457,5,5,113)
r(242,2,5,113)
w(180,3,5,113)
w(148,4,5,113)
w(31,7,5,113)
r(430,6,5,113)
r(232,2,5,113)
r(65,6,5,113)
r(15,6,5,113)
w(423,5,5,113)
r(331,2,5,113)
w(273,9,5,113)
w(115,4,5,113)
r(259,5,5,113)
r(475,5,5,113)
w(175,2,5,113)
r(55,5,5,113)
w(174,5,5,113)
r(8,5,5,113)
w(425,5,5,113)
r(83,2,6,114)
r(15,6,6,114)
w(453,5,6,114)
w(120,5,6,114)
w(472,5,6,114)
r(460,4,6,114)
w(74,7,6,114)
r(376,1,6,114)
r(104,2,6,114)
r(99,2,6,114)
r(290,5,6,114)
w(305,9,6,114)
r(62,2,6,114)
w(320,4,6,114)
w(42,4,6,114)
r(395,5,6,114)
w(215,7,6,114)
w(239,4,6,114)
r(91,2,6,114)
w(249,4,6,114)
r(76,1,1,115)
w(249,6,1,115)
r(469,5,1,115)
w(445,2,1,115)
w(264,2,1,115)
w(349,2,1,115)
w(446,2,1,115)
w(357,2,1,115)
w(34,2,1,115)
r(454,6,1,115)
r(4,6,1,115)
w(309,2,1,115)
w(435,2,1,115)
r(235,1,1,115)
r(59,2,1,115)
w(342,6,1,115)
w(19,6,1,115)
w(442,2,1,115)
r(364,6,1,115)
r(419,6,1,115)
w(265,2,2,116)
r(274,6,2,116)
w(121,5,2,116)
r(128,1,2,116)
r(189,2,2,116)
w(373,2,2,116)
w(448,2,2,116)
r(170,6,2,116)
r(412,1,2,116)
r(287,3,2,116)
w(169,2,2,116)
w(74,6,2,116)
w(165,6,2,116)
w(4,6,2,116)
r(302,6,2,116)
r(117,1,2,116)
w(427,5,2,116)
w(221,2,2,116)
r(388,6,2,116)
r(193,4,2,116)
r(229,1,3,117)
r(387,5,3,117)
w(95,6,3,117)
r(111,2,3,117)
w(384,2,3,117)
r(106,5,3,117)
w(401,6,3,117)
r(258,2,3,117)
w(371,4,3,117)
w(89,6,3,117)
r(164,1,3,117)
r(250,1,3,117)
w(298,4,3,117)
r(52,6,3,117)
r(26,5,3,117)
w(127,2,3,117)
w(227,3,3,117)
w(429,5,3,117)
r(338,3,3,117)
w(442,8,3,117)
r(296,3,4,118)
w(298,8,4,118)
w(28,5,4,118)
w(127,3,4,118)
r(114,2,4,118)
r(125,5,4,118)
w(243,6,4,118)
w(14,7,4,118)
r(440,5,4,118)
w(399,4,4,118)
w(17,6,4,118)
w(63,4,4,118)
r(87,6,4,118)
r(440,5,4,118)
w(396,5,4,118)
w(307,2,4,118)
r(69,5,4,118)
r(46,3,4,118)
r(304,2,4,118)
r(467,2,4,118)
w(119,2,5,119)
r(50,8,5,119)
w(181,3,5,119)
w(353,4,5,119)
w(414,9,5,119)
r(19,3,5,119)
w(152,3,5,119)
r(237,4,5,119)
r(316,2,5,119)
r(44,2,5,119)
r(261,2,5,119)
r(406,2,5,119)
r(441,2,5,119)
w(23,6,5,119)
w(256,11,5,119)
r(274,6,5,119)
w(237,8,5,119)
r(122,2,5,119)
w(92,8,5,119)
r(408,3,5,119)
w(2,7,6,120)
r(157,5,6,120)
r(56,6,6,120)
r(26,3,6,120)
w(231,7,6,120)
r(389,6,6,120)
r(153,2,6,120)
r(344,3,6,120)
r(24,6,6,120)
w(86,3,6,120)
r(342,5,6,120)
r(111,2,6,120)
r(420,1,6,120)
w(93,3,6,120)
w(128,6,6,120)
r(388,5,6,120)
w(459,8,6,120)
w(46,4,6,120)
r(239,4,6,120)
w(354,4,6,120)
w(54,2,1,121)
r(247,4,1,121)
r(462,2,1,121)
r(406,2,1,121)
r(310,6,1,121)
r(430,6,1,121)
w(414,5,1,121)
w(312,2,1,121)
w(231,2,1,121)
w(27,6,1,121)
w(358,6,1,121)
w(353,2,1,121)
w(338,6,1,121)
r(114,2,1,121)
w(188,5,1,121)
w(472,2,1,121)
w(246,2,1,121)
w(294,2,1,121)
r(455,6,1,121)
r(403,1,1,121)
w(137,6,2,122)
r(91,1,2,122)
r(295,5,2,122)
w(166,2,2,122)
w(49,2,2,122)
w(173,5,2,122)
w(390,6,2,122)
r(125,5,2,122)
w(153,2,2,122)
w(133,3,2,122)
r(161,2,2,122)
w(142,5,2,122)
w(465,6,2,122)
r(436,1,2,122)
r(106,5,2,122)
r(431,1,2,122)
r(302,6,2,122)
w(13,2,2,122)
r(202,3,2,122)
w(386,2,2,122)
w(211,6,3,123)
w(284,6,3,123)
w(334,5,3,123)
w(251,4,3,123)
r(34,6,3,123)
r(222,6,3,123)
w(38,5,3,123)
r(125,5,3,123)
r(426,6,3,123)
r(375,6,3,123)
r(297,1,3,123)
r(184,2,3,123)
w(396,6,3,123)
w(193,6,3,123)
r(472,6,3,123)
w(300,5,3,123)
r(235,1,3,123)
w(312,6,3,123)
w(397,2,3,123)
w(277,3,3,123)
w(328,3,4,124)
w(21,5,4,124)
w(342,8,4,124)
w(212,3,4,124)
w(374,3,4,124)
w(340,2,4,124)
r(79,2,4,124)
w(32,5,4,124)
r(97,5,4,124)
w(224,5,4,124)
w(259,5,4,124)
w(166,6,4,124)
w(84,5,4,124)
w(152,5,4,124)
w(349,3,4,124)
r(359,5,4,124)
w(55,5,4,124)
w(190,6,4,124)
r(261,2,4,124)
w(31,4,4,124)
w(252,3,5,125)
r(367,5,5,125)
r(12,6,5,125)
w(98,6,5,125)
w(141,3,5,125)
r(459,3,5,125)
w(349,4,5,125)
w(172,3,5,125)
w(309,4,5,125)
r(285,2,5,125)
r(325,1,5,125)
r(320,4,5,125)
r(8,5,5,125)
r(32,5,5,125)
w(28,3,5,125)
r(455,6,5,125)
w(403,6,5,125)
r(304,2,5,125)
r(435,2,5,125)
r(210,2,5,125)
w(119,6,6,126)
w(240,4,6,126)
w(262,4,6,126)
r(59,2,6,126)
w(85,2,6,126)
w(287,10,6,126)
w(272,4,6,126)
w(35,3,6,126)
r(439,3,6,126)
w(436,2,6,126)
r(128,6,6,126)
r(197,3,6,126)
w(204,4,6,126)
r(103,6,6,126)
w(89,4,6,126)
w(455,5,6,126)
w(344,4,6,126)
r(137,2,6,126)
r(110,6,6,126)
r(337,5,6,126)
r(310,6,1,127)
w(434,5,1,127)
w(24,6,1,127)
r(359,5,1,127)
w(428,2,1,127)
w(215,2,1,127)
r(158,6,1,127)
w(444,2,1,127)
r(305,7,1,127)
w(399,2,1,127)
w(159,2,1,127)
r(303,5,1,127)
w(342,5,1,127)
r(137,6,1,127)
r(72,5,1,127)
r(390,5,1,127)
w(364,2,1,127)
r(329,6,1,127)
r(128,1,1,127)
r(146,2,1,127)
r(392,6,2,128)
r(195,4,2,128)
w(191,5,2,128)
w(395,6,2,128)
r(252,2,2,128)
w(214,5,2,128)
w(473,2,2,128)
w(192,2,2,128)
r(286,4,2,128)
w(285,2,2,128)
r(249,2,2,128)
r(105,2,2,128)
w(399,5,2,128)
r(480,2,2,128)
w(50,3,2,128)
w(379,5,2,128)
r(387,5,2,128)
r(365,1,2,128)
r(113,6,2,128)
r(333,1,2,128)
r(118,6,3,129)
w(463,3,3,129)
w(372,6,3,129)
r(32,5,3,129)
w(66,2,3,129)
w(46,2,3,129)
r(362,5,3,129)
r(10,6,3,129)
r(296,3,3,129)
w(286,6,3,129)
w(63,3,3,129)
r(129,2,3,129)
w(442,7,3,129)
w(224,6,3,129)
w(451,2,3,129)
w(126,3,3,129)
w(383,6,3,129)
w(390,5,3,129)
r(341,6,3,129)
w(399,3,3,129)
r(210,2,4,130)
r(198,5,4,130)
w(74,4,4,130)
w(401,5,4,130)
w(315,8,4,130)
r(276,1,4,130)
r(252,2,4,130)
w(452,2,4,130)
r(341,6,4,130)
w(226,6,4,130)
w(184,6,4,130)
w(195,6,4,130)
w(464,3,4,130)
w(414,7,4,130)
w(328,4,4,130)
w(432,6,4,130)
r(134,2,4,130)
w(431,5,4,130)
r(286,6,4,130)
w(346,2,4,130)
r(447,6,5,131)
w(65,3,5,131)
w(410,3,5,131)
w(28,4,5,131)
w(33,2,5,131)
r(58,5,5,131)
r(31,7,5,131)
w(131,5,5,131)
w(288,3,5,131)
w(375,3,5,131)
r(463,3,5,131)
w(440,3,5,131)
r(393,2,5,131)
w(252,4,5,131)
r(339,2,5,131)
r(282,2,5,131)
r(297,1,5,131)
w(317,5,5,131)
r(92,8,5,131)
r(248,7,5,131)
r(191,9,6,132)
r(431,6,6,132)
r(177,6,6,132)
w(166,3,6,132)
w(423,4,6,132)
r(199,5,6,132)
r(111,2,6,132)
w(164,6,6,132)
r(335,5,6,132)
r(409,2,6,132)
w(262,8,6,132)
r(277,2,6,132)
w(137,4,6,132)
w(79,6,6,132)
r(169,6,6,132)
r(382,6,6,132)
r(417,1,6,132)
w(205,8,6,132)
r(345,5,6,132)
r(324,6,6,132)
r(468,5,1,133)
r(137,6,1,133)
w(396,2,1,133)
r(379,5,1,133)
r(389,6,1,133)
w(137,2,1,133)
r(275,3,1,133)
r(283,6,1,133)
r(426,6,1,133)
w(69,2,1,133)
w(99,2,1,133)
w(50,6,1,133)
w(117,2,1,133)
w(12,6,1,133)
r(322,5,1,133)
r(314,6,1,133)
w(303,2,1,133)
w(147,2,1,133)
r(219,5,1,133)
r(369,2,1,133)
w(124,6,2,134)
w(250,2,2,134)
w(263,6,2,134)
w(473,6,2,134)
w(425,6,2,134)
r(374,3,2,134)
w(31,3,2,134)
r(395,6,2,134)
w(16,6,2,134)
r(218,1,2,134)
r(104,2,2,134)
r(343,6,2,134)
w(146,2,2,134)
r(418,1,2,134)
w(371,5,2,134)
w(395,5,2,134)
r(5,3,2,134)
r(286,4,2,134)
r(28,5,2,134)
r(220,5,2,134)
r(429,5,3,135)
r(459,3,3,135)
r(301,2,3,135)
r(20,6,3,135)
r(411,2,3,135)
r(463,3,3,135)
r(52,6,3,135)
r(321,2,3,135)
r(302,6,3,135)
w(440,6,3,135)
w(332,5,3,135)
r(207,6,3,135)
w(364,6,3,135)
w(94,2,3,135)
r(241,5,3,135)
r(77,3,3,135)
w(238,2,3,135)
r(13,2,3,135)
r(291,1,3,135)
w(50,4,3,135)
r(434,5,4,136)
w(99,5,4,136)
r(173,5,4,136)
r(344,3,4,136)
r(437,6,4,136)
w(177,6,4,136)
w(63,8,4,136)
w(444,8,4,136)
w(452,6,4,136)
w(197,3,4,136)
w(90,3,4,136)
r(333,2,4,136)
r(344,3,4,136)
w(76,2,4,136)
r(157,5,4,136)
w(400,3,4,136)
w(347,4,4,136)
r(391,3,4,136)
w(278,4,4,136)
r(192,2,4,136)
w(289,5,5,137)
w(65,4,5,137)
r(425,5,5,137)
w(156,2,5,137)
r(156,2,5,137)
w(39,6,5,137)
r(29,5,5,137)
r(247,4,5,137)
w(115,8,5,137)
r(451,2,5,137)
w(24,5,5,137)
r(217,3,5,137)
r(167,6,5,137)
w(428,3,5,137)
w(123,5,5,137)
r(315,3,5,137)
w(233,5,5,137)
w(6,6,5,137)
r(116,2,5,137)
w(380,4,5,137)
r(111,2,6,138)
w(276,2,6,138)
w(458,6,6,138)
r(75,2,6,138)
r(275,3,6,138)
w(415,3,6,138)
w(245,6,6,138)
r(154,3,6,138)
w(442,10,6,138)
w(175,5,6,138)
r(305,9,6,138)
w(275,4,6,138)
r(303,2,6,138)
w(292,3,6,138)
w(178,5,6,138)
w(241,3,6,138)
r(270,2,6,138)
r(400,3,6,138)
w(69,4,6,138)
r(281,8,6,138)
w(421,2,1,139)
r(28,5,1,139)
r(74,7,1,139)
r(447,6,1,139)
r(151,6,1,139)
w(394,2,1,139)
w(434,3,1,139)
r(391,3,1,139)
w(353,6,1,139)
r(432,6,1,139)
r(390,5,1,139)
r(61,1,1,139)
w(432,2,1,139)
r(310,5,1,139)
w(277,2,1,139)
w(413,6,1,139)
r(461,6,1,139)
w(263,2,1,139)
r(416,6,1,139)
r(149,2,1,139)
r(419,6,2,140)
r(102,6,2,140)
r(341,6,2,140)
r(270,2,2,140)
w(295,2,2,140)
w(179,2,2,140)
r(239,5,2,140)
w(134,2,2,140)
r(393,2,2,140)
r(178,2,2,140)
w(75,2,2,140)
r(176,5,2,140)
w(273,6,2,140)
w(243,2,2,140)
r(376,1,2,140)
r(317,2,2,140)
r(306,4,2,140)
w(257,5,2,140)
r(437,6,2,140)
r(94,5,2,140)
r(223,6,3,141)
r(309,2,3,141)
w(419,5,3,141)
r(357,2,3,141)
r(132,1,3,141)
r(1,6,3,141)
w(471,2,3,141)
r(120,6,3,141)
w(431,6,3,141)
r(264,2,3,141)
w(67,5,3,141)
r(388,4,3,141)
w(160,4,3,141)
r(26,5,3,141)
w(358,5,3,141)
w(42,2,3,141)
r(480,2,3,141)
r(68,1,3,141)
r(309,2,3,141)
w(314,2,3,141)
r(344,3,4,142)
r(476,2,4,142)
w(196,2,4,142)
r(355,5,4,142)
w(422,3,4,142)
w(124,5,4,142)
r(296,5,4,142)
w(22,6,4,142)
w(229,6,4,142)
w(241,6,4,142)
w(318,4,4,142)
w(252,5,4,142)
r(148,4,4,142)
r(341,6,4,142)
w(477,8,4,142)
w(21,3,4,142)
w(57,2,4,142)
w(298,7,4,142)
w(195,5,4,142)
r(29,5,4,142)
w(105,6,5,143)
r(253,3,5,143)
r(203,6,5,143)
r(192,2,5,143)
r(162,5,5,143)
w(83,6,5,143)
r(351,2,5,143)
r(15,6,5,143)
r(127,2,5,143)
w(256,12,5,143)
r(55,5,5,143)
w(83,5,5,143)
r(43,5,5,143)
r(243,2,5,143)
w(109,4,5,143)
w(476,4,5,143)
w(247,5,5,143)
r(318,4,5,143)
w(179,5,5,143)
r(392,6,5,143)
r(218,1,6,144)
w(45,3,6,144)
w(318,8,6,144)
w(330,9,6,144)
r(160,6,6,144)
w(147,9,6,144)
w(112,5,6,144)
w(174,3,6,144)
w(371,11,6,144)
r(3,2,6,144)
r(444,8,6,144)
w(41,4,6,144)
r(76,2,6,144)
w(295,3,6,144)
w(459,7,6,144)
r(115,8,6,144)
w(37,6,6,144)
r(329,6,6,144)
r(123,5,6,144)
r(454,6,6,144)
w(160,6,1,145)
w(443,2,1,145)
r(302,4,1,145)
w(423,2,1,145)
r(325,1,1,145)
w(2,2,1,145)
w(328,6,1,145)
r(26,3,1,145)
r(355,5,1,145)
w(442,6,1,145)
r(293,2,1,145)
r(29,5,1,145)
r(470,6,1,145)
r(455,5,1,145)
w(216,2,1,145)
w(252,6,1,145)
r(453,5,1,145)
w(381,6,1,145)
w(41,2,1,145)
r(392,6,1,145)
w(235,2,2,146)
r(478,1,2,146)
w(369,2,2,146)
r(264,2,2,146)
w(323,5,2,146)
w(165,5,2,146)
w(330,6,2,146)
w(476,2,2,146)
w(248,5,2,146)
r(153,2,2,146)
r(473,6,2,146)
w(100,3,2,146)
w(5,5,2,146)
w(333,2,2,146)
r(471,2,2,146)
r(316,2,2,146)
r(213,5,2,146)
r(258,2,2,146)
w(179,6,2,146)
r(429,5,2,146)
r(72,5,3,147)
w(367,5,3,147)
w(50,8,3,147)
r(322,5,3,147)
w(13,6,3,147)
r(421,6,3,147)
w(228,6,3,147)
r(240,5,3,147)
w(388,5,3,147)
r(28,5,3,147)
w(46,6,3,147)
r(153,2,3,147)
r(294,6,3,147)
r(330,6,3,147)
w(398,6,3,147)
r(64,5,3,147)
w(216,6,3,147)
r(79,2,3,147)
r(449,2,3,147)
r(46,6,3,147)
w(226,5,5,148)
w(374,4,5,148)
r(97,4,5,148)
w(462,3,5,148)
r(259,5,5,148)
r(421,2,5,148)
r(76,2,5,148)
r(166,3,5,148)
w(348,6,5,148)
w(136,3,5,148)
r(153,2,5,148)
r(165,5,5,148)
w(366,5,5,148)
r(341,6,5,148)
r(397,2,5,148)
r(180,6,5,148)
r(224,2,5,148)
w(154,4,5,148)
w(170,5,5,148)
r(427,3,5,148)
r(323,5,6,149)
r(233,5,6,149)
r(221,2,6,149)
r(375,3,6,149)
w(405,4,6,149)
r(235,2,6,149)
w(307,6,6,149)
w(276,6,6,149)
r(19,5,6,149)
w(150,6,6,149)
r(337,2,6,149)
w(36,4,6,149)
r(95,5,6,149)
w(437,8,6,149)
r(128,2,6,149)
w(274,4,6,149)
r(13,3,6,149)
r(222,6,6,149)
w(87,7,6,149)
w(264,4,6,149)
r(106,6,1,150)
w(144,2,1,150)
r(332,5,1,150)
r(20,8,1,150)
r(209,2,1,150)
r(225,2,1,150)
r(36,5,1,150)
r(330,6,1,150)
w(292,2,1,150)
w(456,5,1,150)
w(128,2,1,150)
r(222,6,1,150)
w(337,2,1,150)
w(2,6,1,150)
r(122,2,1,150)
w(268,6,1,150)
w(204,5,1,150)
w(298,2,1,150)
w(378,2,1,150)
w(298,6,1,150)
w(14,3,2,151)
r(38,5,2,151)
r(475,5,2,151)
w(117,6,2,151)
r(81,1,2,151)
w(18,6,2,151)
w(360,5,2,151)
w(414,4,2,151)
w(133,4,2,151)
w(253,3,2,151)
r(345,5,2,151)
w(277,6,2,151)
r(362,5,2,151)
r(248,7,2,151)
w(106,6,2,151)
w(296,5,2,151)
r(392,6,2,151)
w(25,5,2,151)
w(387,2,2,151)
w(62,2,2,151)
w(132,2,3,152)
w(415,6,3,152)
w(219,5,3,152)
w(255,6,3,152)
r(150,2,3,152)
r(263,6,3,152)
r(267,5,3,152)
w(140,4,3,152)
r(350,3,3,152)
r(439,2,3,152)
r(377,2,3,152)
r(248,5,3,152)
r(310,6,3,152)
w(220,6,3,152)
w(281,3,3,152)
r(285,2,3,152)
w(465,3,3,152)
w(69,6,3,152)
w(30,5,3,152)
r(425,6,3,152)
w(222,8,5,153)
w(317,3,5,153)
w(217,5,5,153)
w(463,7,5,153)
r(82,2,5,153)
r(147,9,5,153)
w(112,6,5,153)
r(268,6,5,153)
w(167,5,5,153)
r(3,2,5,153)
w(261,4,5,153)
r(160,6,5,153)
w(48,3,5,153)
r(299,6,5,153)
w(312,5,5,153)
r(27,6,5,153)
r(299,6,5,153)
r(286,6,5,153)
r(147,9,5,153)
r(236,2,5,153)
r(321,6,6,154)
r(114,2,6,154)
w(315,9,6,154)
w(21,4,6,154)
w(463,9,6,154)
w(223,7,6,154)
w(258,8,6,154)
w(261,7,6,154)
w(147,10,6,154)
w(92,9,6,154)
w(398,8,6,154)
r(213,5,6,154)
r(175,5,6,154)
r(97,4,6,154)
w(137,8,6,154)
w(147,11,6,154)
r(311,5,6,154)
r(25,6,6,154)
r(58,6,6,154)
w(151,5,6,154)
r(58,5,1,155)
r(479,5,1,155)
w(142,6,1,155)
w(58,6,1,155)
w(326,2,1,155)
w(374,6,1,155)
w(224,2,1,155)
r(9,6,1,155)
w(420,2,1,155)
r(336,5,1,155)
r(134,5,1,155)
w(251,2,1,155)
r(346,2,1,155)
w(120,2,1,155)
r(249,4,1,155)
r(230,6,1,155)
r(199,5,1,155)
w(324,2,1,155)
w(26,6,1,155)
w(25,6,1,155)
r(234,3,2,156)
w(240,6,2,156)
w(147,5,2,156)
w(99,6,2,156)
r(240,6,2,156)
r(219,5,2,156)
r(154,3,2,156)
w(321,6,2,156)
w(435,6,2,156)
w(302,5,2,156)
w(324,6,2,156)
w(78,2,2,156)
w(227,6,2,156)
r(314,6,2,156)
w(60,6,2,156)
w(354,2,2,156)
r(159,2,2,156)
r(133,4,2,156)
w(40,5,2,156)
w(223,3,2,156)
w(412,2,3,157)
w(272,6,3,157)
w(464,6,3,157)
r(257,3,3,157)
r(134,2,3,157)
r(192,2,3,157)
r(347,2,3,157)
w(308,3,3,157)
w(146,5,3,157)
r(184,6,3,157)
r(364,2,3,157)
w(103,6,3,157)
r(472,2,3,157)
w(134,5,3,157)
w(462,6,3,157)
r(350,3,3,157)
w(19,3,3,157)
r(446,2,3,157)
w(51,3,3,157)
w(169,6,3,157)
w(205,2,2,158)
w(215,5,2,158)
w(277,5,2,158)
w(19,5,2,158)
r(245,2,2,158)
w(477,2,2,158)
w(385,6,2,158)
r(228,6,2,158)
w(60,5,2,158)
w(157,6,2,158)
r(315,3,2,158)
r(78,2,2,158)
r(229,6,2,158)
r(438,8,2,158)
r(385,6,2,158)
w(334,2,2,158)
w(448,6,2,158)
w(176,2,2,158)
w(86,2,2,158)
r(232,2,2,158)
w(315,3,3,159)
r(381,2,3,159)
w(86,5,3,159)
r(342,5,3,159)
w(336,5,3,159)
w(327,6,3,159)
w(141,5,3,159)
w(469,6,3,159)
w(26,3,3,159)
r(244,6,3,159)
r(268,3,3,159)
w(109,5,3,159)
w(267,3,3,159)
w(347,6,3,159)
r(473,6,3,159)
w(181,5,3,159)
w(262,2,3,159)
r(359,5,3,159)
w(180,6,3,159)
w(161,6,3,159)
