w(1,1,0,0)
w(2,1,0,0)
w(3,1,0,0)
w(4,1,0,0)
w(5,1,0,0)
w(6,1,0,0)
w(7,1,0,0)
w(8,1,0,0)
w(9,1,0,0)
w(10,1,0,0)
w(11,1,0,0)
w(12,1,0,0)
w(13,1,0,0)
w(14,1,0,0)
w(15,1,0,0)
w(16,1,0,0)
w(17,1,0,0)
w(18,1,0,0)
w(19,1,0,0)
w(20,1,0,0)
w(21,1,0,0)
w(22,1,0,0)
w(23,1,0,0)
w(24,1,0,0)
w(25,1,0,0)
w(26,1,0,0)
w(27,1,0,0)
w(28,1,0,0)
w(29,1,0,0)
w(30,1,0,0)
w(31,1,0,0)
w(32,1,0,0)
w(33,1,0,0)
w(34,1,0,0)
w(35,1,0,0)
w(36,1,0,0)
w(37,1,0,0)
w(38,1,0,0)
w(39,1,0,0)
w(40,1,0,0)
w(41,1,0,0)
w(42,1,0,0)
w(43,1,0,0)
w(44,1,0,0)
w(45,1,0,0)
w(46,1,0,0)
w(47,1,0,0)
w(48,1,0,0)
w(49,1,0,0)
w(50,1,0,0)
w(51,1,0,0)
w(52,1,0,0)
w(53,1,0,0)
w(54,1,0,0)
w(55,1,0,0)
w(56,1,0,0)
w(57,1,0,0)
w(58,1,0,0)
w(59,1,0,0)
w(60,1,0,0)
w(61,1,0,0)
w(62,1,0,0)
w(63,1,0,0)
w(64,1,0,0)
w(65,1,0,0)
w(66,1,0,0)
w(67,1,0,0)
w(68,1,0,0)
w(69,1,0,0)
w(70,1,0,0)
w(71,1,0,0)
w(72,1,0,0)
w(73,1,0,0)
w(74,1,0,0)
w(75,1,0,0)
w(76,1,0,0)
w(77,1,0,0)
w(78,1,0,0)
w(79,1,0,0)
w(80,1,0,0)
w(81,1,0,0)
w(82,1,0,0)
w(83,1,0,0)
w(84,1,0,0)
w(85,1,0,0)
w(86,1,0,0)
w(87,1,0,0)
w(88,1,0,0)
w(89,1,0,0)
w(90,1,0,0)
w(91,1,0,0)
w(92,1,0,0)
w(93,1,0,0)
w(94,1,0,0)
w(95,1,0,0)
w(96,1,0,0)
w(97,1,0,0)
w(98,1,0,0)
w(99,1,0,0)
w(100,1,0,0)
w(101,1,0,0)
w(102,1,0,0)
w(103,1,0,0)
w(104,1,0,0)
w(105,1,0,0)
w(106,1,0,0)
w(107,1,0,0)
w(108,1,0,0)
w(109,1,0,0)
w(110,1,0,0)
w(111,1,0,0)
w(112,1,0,0)
w(113,1,0,0)
w(114,1,0,0)
w(115,1,0,0)
w(116,1,0,0)
w(117,1,0,0)
w(118,1,0,0)
w(119,1,0,0)
w(120,1,0,0)
w(121,1,0,0)
w(122,1,0,0)
w(123,1,0,0)
w(124,1,0,0)
w(125,1,0,0)
w(126,1,0,0)
w(127,1,0,0)
w(128,1,0,0)
w(129,1,0,0)
w(130,1,0,0)
w(131,1,0,0)
w(132,1,0,0)
w(133,1,0,0)
w(134,1,0,0)
w(135,1,0,0)
w(136,1,0,0)
w(137,1,0,0)
w(138,1,0,0)
w(139,1,0,0)
w(140,1,0,0)
w(141,1,0,0)
w(142,1,0,0)
w(143,1,0,0)
w(144,1,0,0)
w(145,1,0,0)
w(146,1,0,0)
w(147,1,0,0)
w(148,1,0,0)
w(149,1,0,0)
w(150,1,0,0)
w(151,1,0,0)
w(152,1,0,0)
w(153,1,0,0)
w(154,1,0,0)
w(155,1,0,0)
w(156,1,0,0)
w(157,1,0,0)
w(158,1,0,0)
w(159,1,0,0)
w(160,1,0,0)
w(161,1,0,0)
w(162,1,0,0)
w(163,1,0,0)
w(164,1,0,0)
w(165,1,0,0)
w(166,1,0,0)
w(167,1,0,0)
w(168,1,0,0)
w(169,1,0,0)
w(170,1,0,0)
w(171,1,0,0)
w(172,1,0,0)
w(173,1,0,0)
w(174,1,0,0)
w(175,1,0,0)
w(176,1,0,0)
w(177,1,0,0)
w(178,1,0,0)
w(179,1,0,0)
w(180,1,0,0)
w(181,1,0,0)
w(182,1,0,0)
w(183,1,0,0)
w(184,1,0,0)
w(185,1,0,0)
w(186,1,0,0)
w(187,1,0,0)
w(188,1,0,0)
w(189,1,0,0)
w(190,1,0,0)
w(191,1,0,0)
w(192,1,0,0)
w(193,1,0,0)
w(194,1,0,0)
w(195,1,0,0)
w(196,1,0,0)
w(197,1,0,0)
w(198,1,0,0)
w(199,1,0,0)
w(200,1,0,0)
w(201,1,0,0)
w(202,1,0,0)
w(203,1,0,0)
w(204,1,0,0)
w(205,1,0,0)
w(206,1,0,0)
w(207,1,0,0)
w(208,1,0,0)
w(209,1,0,0)
w(210,1,0,0)
w(211,1,0,0)
w(212,1,0,0)
w(213,1,0,0)
w(214,1,0,0)
w(215,1,0,0)
w(216,1,0,0)
w(217,1,0,0)
w(218,1,0,0)
w(219,1,0,0)
w(220,1,0,0)
w(221,1,0,0)
w(222,1,0,0)
w(223,1,0,0)
w(224,1,0,0)
w(225,1,0,0)
w(226,1,0,0)
w(227,1,0,0)
w(228,1,0,0)
w(229,1,0,0)
w(230,1,0,0)
w(231,1,0,0)
w(232,1,0,0)
w(233,1,0,0)
w(234,1,0,0)
w(235,1,0,0)
w(236,1,0,0)
w(237,1,0,0)
w(238,1,0,0)
w(239,1,0,0)
w(240,1,0,0)
w(241,1,0,0)
w(242,1,0,0)
w(243,1,0,0)
w(244,1,0,0)
w(245,1,0,0)
w(246,1,0,0)
w(247,1,0,0)
w(248,1,0,0)
w(249,1,0,0)
w(250,1,0,0)
w(251,1,0,0)
w(252,1,0,0)
w(253,1,0,0)
w(254,1,0,0)
w(255,1,0,0)
w(256,1,0,0)
w(257,1,0,0)
w(258,1,0,0)
w(259,1,0,0)
w(260,1,0,0)
w(261,1,0,0)
w(262,1,0,0)
w(263,1,0,0)
w(264,1,0,0)
w(265,1,0,0)
w(266,1,0,0)
w(267,1,0,0)
w(268,1,0,0)
w(269,1,0,0)
w(270,1,0,0)
w(271,1,0,0)
w(272,1,0,0)
w(273,1,0,0)
w(274,1,0,0)
w(275,1,0,0)
w(276,1,0,0)
w(277,1,0,0)
w(278,1,0,0)
w(279,1,0,0)
w(280,1,0,0)
w(281,1,0,0)
w(282,1,0,0)
w(283,1,0,0)
w(284,1,0,0)
w(285,1,0,0)
w(286,1,0,0)
w(287,1,0,0)
w(288,1,0,0)
w(289,1,0,0)
w(290,1,0,0)
w(291,1,0,0)
w(292,1,0,0)
w(293,1,0,0)
w(294,1,0,0)
w(295,1,0,0)
w(296,1,0,0)
w(297,1,0,0)
w(298,1,0,0)
w(299,1,0,0)
w(300,1,0,0)
w(301,1,0,0)
w(302,1,0,0)
w(303,1,0,0)
w(304,1,0,0)
w(305,1,0,0)
w(306,1,0,0)
w(307,1,0,0)
w(308,1,0,0)
w(309,1,0,0)
w(310,1,0,0)
w(311,1,0,0)
w(312,1,0,0)
w(313,1,0,0)
w(314,1,0,0)
w(315,1,0,0)
w(316,1,0,0)
w(317,1,0,0)
w(318,1,0,0)
w(319,1,0,0)
w(320,1,0,0)
w(321,1,0,0)
w(322,1,0,0)
w(323,1,0,0)
w(324,1,0,0)
w(325,1,0,0)
w(326,1,0,0)
w(327,1,0,0)
w(328,1,0,0)
w(329,1,0,0)
w(330,1,0,0)
w(331,1,0,0)
w(332,1,0,0)
w(333,1,0,0)
w(334,1,0,0)
w(335,1,0,0)
w(336,1,0,0)
w(337,1,0,0)
w(338,1,0,0)
w(339,1,0,0)
w(340,1,0,0)
w(341,1,0,0)
w(342,1,0,0)
w(343,1,0,0)
w(344,1,0,0)
w(345,1,0,0)
w(346,1,0,0)
w(347,1,0,0)
w(348,1,0,0)
w(349,1,0,0)
w(350,1,0,0)
w(351,1,0,0)
w(352,1,0,0)
w(353,1,0,0)
w(354,1,0,0)
w(355,1,0,0)
w(356,1,0,0)
w(357,1,0,0)
w(358,1,0,0)
w(359,1,0,0)
w(360,1,0,0)
w(361,1,0,0)
w(362,1,0,0)
w(363,1,0,0)
w(364,1,0,0)
w(365,1,0,0)
w(366,1,0,0)
w(367,1,0,0)
w(368,1,0,0)
w(369,1,0,0)
w(370,1,0,0)
w(371,1,0,0)
w(372,1,0,0)
w(373,1,0,0)
w(374,1,0,0)
w(375,1,0,0)
w(376,1,0,0)
w(377,1,0,0)
w(378,1,0,0)
w(379,1,0,0)
w(380,1,0,0)
w(381,1,0,0)
w(382,1,0,0)
w(383,1,0,0)
w(384,1,0,0)
w(385,1,0,0)
w(386,1,0,0)
w(387,1,0,0)
w(388,1,0,0)
w(389,1,0,0)
w(390,1,0,0)
w(391,1,0,0)
w(392,1,0,0)
w(393,1,0,0)
w(394,1,0,0)
w(395,1,0,0)
w(396,1,0,0)
w(397,1,0,0)
w(398,1,0,0)
w(399,1,0,0)
w(400,1,0,0)
w(401,1,0,0)
w(402,1,0,0)
w(403,1,0,0)
w(404,1,0,0)
w(405,1,0,0)
w(406,1,0,0)
w(407,1,0,0)
w(408,1,0,0)
w(409,1,0,0)
w(410,1,0,0)
w(411,1,0,0)
w(412,1,0,0)
w(413,1,0,0)
w(414,1,0,0)
w(415,1,0,0)
w(416,1,0,0)
w(417,1,0,0)
w(418,1,0,0)
w(419,1,0,0)
w(420,1,0,0)
w(421,1,0,0)
w(422,1,0,0)
w(423,1,0,0)
w(424,1,0,0)
w(425,1,0,0)
w(426,1,0,0)
w(427,1,0,0)
w(428,1,0,0)
w(429,1,0,0)
w(430,1,0,0)
w(431,1,0,0)
w(432,1,0,0)
w(433,1,0,0)
w(434,1,0,0)
w(435,1,0,0)
w(436,1,0,0)
w(437,1,0,0)
w(438,1,0,0)
w(439,1,0,0)
w(440,1,0,0)
w(441,1,0,0)
w(442,1,0,0)
w(443,1,0,0)
w(444,1,0,0)
w(445,1,0,0)
w(446,1,0,0)
w(447,1,0,0)
w(448,1,0,0)
w(449,1,0,0)
w(450,1,0,0)
w(451,1,0,0)
w(452,1,0,0)
w(453,1,0,0)
w(454,1,0,0)
w(455,1,0,0)
w(456,1,0,0)
w(457,1,0,0)
w(458,1,0,0)
w(459,1,0,0)
w(460,1,0,0)
w(461,1,0,0)
w(462,1,0,0)
w(463,1,0,0)
w(464,1,0,0)
w(465,1,0,0)
w(466,1,0,0)
w(467,1,0,0)
w(468,1,0,0)
w(469,1,0,0)
w(470,1,0,0)
w(471,1,0,0)
w(472,1,0,0)
w(473,1,0,0)
w(474,1,0,0)
w(475,1,0,0)
w(476,1,0,0)
w(477,1,0,0)
w(478,1,0,0)
w(479,1,0,0)
w(480,1,0,0)
w(481,1,0,0)
w(482,1,0,0)
w(483,1,0,0)
w(484,1,0,0)
w(485,1,0,0)
w(486,1,0,0)
w(487,1,0,0)
w(488,1,0,0)
w(489,1,0,0)
w(490,1,0,0)
w(491,1,0,0)
w(492,1,0,0)
w(493,1,0,0)
w(494,1,0,0)
w(495,1,0,0)
w(496,1,0,0)
w(497,1,0,0)
w(498,1,0,0)
w(499,1,0,0)
w(500,1,0,0)
w(501,1,0,0)
w(502,1,0,0)
w(503,1,0,0)
w(504,1,0,0)
w(505,1,0,0)
w(506,1,0,0)
w(507,1,0,0)
w(508,1,0,0)
w(509,1,0,0)
w(510,1,0,0)
w(511,1,0,0)
w(512,1,0,0)
w(513,1,0,0)
w(514,1,0,0)
w(515,1,0,0)
w(516,1,0,0)
w(517,1,0,0)
w(518,1,0,0)
w(519,1,0,0)
w(520,1,0,0)
w(521,1,0,0)
w(522,1,0,0)
w(523,1,0,0)
w(524,1,0,0)
w(525,1,0,0)
w(526,1,0,0)
w(527,1,0,0)
w(528,1,0,0)
w(529,1,0,0)
w(530,1,0,0)
w(531,1,0,0)
w(532,1,0,0)
w(533,1,0,0)
w(534,1,0,0)
w(535,1,0,0)
w(536,1,0,0)
w(537,1,0,0)
w(538,1,0,0)
w(539,1,0,0)
w(540,1,0,0)
r(175,1,1,1)
r(222,1,1,1)
r(269,1,1,1)
r(335,1,1,1)
r(335,1,1,1)
r(450,1,1,1)
r(74,1,1,1)
r(144,1,1,1)
r(480,1,1,1)
w(47,2,1,1)
r(482,1,1,1)
r(273,1,1,1)
w(15,2,1,1)
r(378,1,1,1)
r(34,1,1,1)
w(18,2,1,1)
w(29,2,1,1)
r(37,1,1,1)
r(530,1,1,1)
r(125,1,1,1)
r(98,1,2,2)
r(424,1,2,2)
w(100,2,2,2)
w(103,2,2,2)
r(338,1,2,2)
r(92,1,2,2)
w(139,2,2,2)
w(178,2,2,2)
w(93,2,2,2)
w(168,2,2,2)
w(118,2,2,2)
r(540,1,2,2)
w(96,2,2,2)
w(153,2,2,2)
r(409,1,2,2)
r(309,1,2,2)
w(145,2,2,2)
w(178,3,2,2)
w(115,2,2,2)
w(107,2,2,2)
w(228,2,3,3)
w(230,2,3,3)
w(199,2,3,3)
w(217,2,3,3)
w(207,2,3,3)
r(122,1,3,3)
r(297,1,3,3)
w(206,2,3,3)
w(208,2,3,3)
r(1,1,3,3)
r(15,2,3,3)
w(189,2,3,3)
r(28,1,3,3)
r(296,1,3,3)
w(205,2,3,3)
r(293,2,3,3)
r(122,1,3,3)
w(241,2,3,3)
r(81,1,3,3)
w(202,2,3,3)
r(174,1,4,4)
w(299,2,4,4)
w(355,2,4,4)
r(134,1,4,4)
w(339,2,4,4)
w(287,2,4,4)
w(293,2,4,4)
r(469,1,4,4)
r(234,1,4,4)
r(326,1,4,4)
w(349,2,4,4)
r(269,1,4,4)
r(316,1,4,4)
w(348,2,4,4)
r(325,1,4,4)
w(285,2,4,4)
w(330,2,4,4)
r(522,1,4,4)
w(317,2,4,4)
r(508,1,4,4)
r(317,2,5,5)
w(438,2,5,5)
r(484,1,5,5)
w(388,2,5,5)
r(436,1,5,5)
w(447,2,5,5)
w(365,2,5,5)
r(306,1,5,5)
r(394,1,5,5)
r(399,1,5,5)
w(391,2,5,5)
w(383,2,5,5)
w(422,2,5,5)
r(337,1,5,5)
r(212,1,5,5)
w(433,2,5,5)
w(377,2,5,5)
r(299,2,5,5)
r(27,1,5,5)
w(400,2,5,5)
w(529,2,6,6)
w(526,2,6,6)
r(130,1,6,6)
w(501,2,6,6)
w(479,2,6,6)
w(460,2,6,6)
r(122,1,6,6)
r(128,1,6,6)
w(486,2,6,6)
r(312,1,6,6)
r(94,1,6,6)
r(15,2,6,6)
r(354,1,6,6)
r(529,2,6,6)
w(458,2,6,6)
w(525,2,6,6)
w(462,2,6,6)
r(190,1,6,6)
r(93,2,6,6)
r(515,1,6,6)
r(319,1,1,7)
w(6,2,1,7)
r(93,2,1,7)
w(10,2,1,7)
r(87,1,1,7)
r(273,1,1,7)
w(13,2,1,7)
w(50,2,1,7)
r(262,1,1,7)
w(14,2,1,7)
r(464,1,1,7)
w(80,2,1,7)
r(124,1,1,7)
r(86,1,1,7)
w(89,2,1,7)
r(110,1,1,7)
w(39,2,1,7)
w(41,2,1,7)
r(365,2,1,7)
r(411,1,1,7)
w(108,2,2,8)
r(253,2,2,8)
w(176,2,2,8)
w(150,2,2,8)
r(5,1,2,8)
r(280,1,2,8)
r(122,1,2,8)
r(195,1,2,8)
w(177,2,2,8)
w(151,2,2,8)
r(323,1,2,8)
w(133,2,2,8)
w(105,2,2,8)
w(126,2,2,8)
w(132,2,2,8)
w(115,3,2,8)
r(519,1,2,8)
w(155,2,2,8)
w(170,2,2,8)
w(104,2,2,8)
w(215,2,3,9)
w(196,2,3,9)
w(245,2,3,9)
r(113,1,3,9)
w(253,2,3,9)
r(268,1,3,9)
w(213,2,3,9)
w(237,2,3,9)
w(252,2,3,9)
w(242,2,3,9)
r(261,1,3,9)
r(247,1,3,9)
r(265,1,3,9)
w(202,3,3,9)
w(225,2,3,9)
w(249,2,3,9)
r(279,1,3,9)
w(269,2,3,9)
r(284,1,3,9)
w(258,2,3,9)
w(310,2,4,10)
w(334,2,4,10)
w(336,2,4,10)
w(271,2,4,10)
r(169,1,4,10)
r(423,1,4,10)
r(211,1,4,10)
w(310,3,4,10)
w(271,3,4,10)
r(157,1,4,10)
r(287,2,4,10)
w(336,3,4,10)
w(349,3,4,10)
w(354,2,4,10)
r(143,1,4,10)
w(330,3,4,10)
r(192,1,4,10)
r(492,1,4,10)
r(175,1,4,10)
w(345,2,4,10)
w(387,2,5,11)
w(416,2,5,11)
w(435,2,5,11)
w(376,2,5,11)
w(425,2,5,11)
r(327,1,5,11)
w(364,2,5,11)
r(109,1,5,11)
r(471,1,5,11)
r(85,1,5,11)
r(45,1,5,11)
w(404,2,5,11)
w(448,2,5,11)
w(366,2,5,11)
r(50,2,5,11)
w(427,2,5,11)
w(386,2,5,11)
w(367,2,5,11)
r(404,2,5,11)
w(414,2,5,11)
r(220,1,6,12)
r(539,1,6,12)
w(491,2,6,12)
w(456,2,6,12)
r(377,2,6,12)
w(517,2,6,12)
r(350,1,6,12)
w(515,2,6,12)
w(454,2,6,12)
w(482,2,6,12)
w(470,2,6,12)
r(278,1,6,12)
r(4,1,6,12)
r(378,1,6,12)
w(526,3,6,12)
r(474,1,6,12)
w(454,3,6,12)
w(461,2,6,12)
w(530,2,6,12)
w(490,2,6,12)
w(50,3,1,13)
w(88,2,1,13)
w(73,2,1,13)
w(14,3,1,13)
w(17,2,1,13)
r(29,2,1,13)
r(37,1,1,13)
r(115,2,1,13)
w(1,2,1,13)
w(28,2,1,13)
r(309,1,1,13)
w(59,2,1,13)
r(463,1,1,13)
w(14,4,1,13)
r(247,1,1,13)
r(513,1,1,13)
w(46,2,1,13)
r(59,2,1,13)
r(309,1,1,13)
r(288,1,1,13)
w(137,2,2,14)
w(148,2,2,14)
r(195,1,2,14)
w(101,2,2,14)
w(105,3,2,14)
r(477,1,2,14)
r(461,2,2,14)
w(115,4,2,14)
r(202,3,2,14)
w(126,3,2,14)
w(116,2,2,14)
w(150,3,2,14)
w(98,2,2,14)
w(171,2,2,14)
r(353,1,2,14)
r(205,2,2,14)
w(137,3,2,14)
w(131,2,2,14)
r(156,1,2,14)
r(503,1,2,14)
r(447,2,3,15)
w(262,2,3,15)
r(14,4,3,15)
r(527,1,3,15)
r(205,2,3,15)
r(250,1,3,15)
r(512,1,3,15)
w(257,2,3,15)
w(210,2,3,15)
r(64,1,3,15)
w(206,3,3,15)
w(270,2,3,15)
r(128,1,3,15)
w(183,2,3,15)
r(496,1,3,15)
w(212,2,3,15)
r(117,1,3,15)
w(208,3,3,15)
r(376,2,3,15)
w(182,2,3,15)
w(278,2,4,16)
w(339,3,4,16)
r(305,1,4,16)
r(69,1,4,16)
w(352,2,4,16)
w(344,2,4,16)
w(318,2,4,16)
r(425,2,4,16)
r(459,1,4,16)
w(274,2,4,16)
w(294,2,4,16)
w(350,2,4,16)
r(310,3,4,16)
w(297,2,4,16)
r(264,1,4,16)
w(336,4,4,16)
w(344,3,4,16)
w(339,4,4,16)
w(272,2,4,16)
w(343,2,4,16)
w(437,2,5,17)
w(413,2,5,17)
w(427,3,5,17)
r(181,1,5,17)
w(412,2,5,17)
r(23,1,5,17)
w(397,2,5,17)
w(409,2,5,17)
r(441,1,5,17)
w(397,3,5,17)
w(391,3,5,17)
w(422,3,5,17)
r(210,2,5,17)
r(427,3,5,17)
r(291,1,5,17)
r(357,1,5,17)
r(280,1,5,17)
w(374,2,5,17)
r(63,2,5,17)
r(93,2,5,17)
r(174,1,6,18)
w(514,2,6,18)
w(474,2,6,18)
w(539,2,6,18)
r(464,1,6,18)
w(467,2,6,18)
r(526,3,6,18)
w(532,2,6,18)
r(512,1,6,18)
r(129,1,6,18)
w(460,3,6,18)
w(530,3,6,18)
r(183,1,6,18)
r(180,1,6,18)
r(456,2,6,18)
w(476,2,6,18)
w(536,2,6,18)
r(469,1,6,18)
w(466,2,6,18)
w(472,2,6,18)
r(362,1,1,19)
w(70,2,1,19)
r(384,1,1,19)
w(73,3,1,19)
r(109,1,1,19)
w(86,2,1,19)
r(310,3,1,19)
w(35,2,1,19)
w(39,3,1,19)
w(24,2,1,19)
r(468,1,1,19)
r(269,2,1,19)
r(8,1,1,19)
w(63,2,1,19)
w(34,2,1,19)
r(428,1,1,19)
w(43,2,1,19)
r(320,1,1,19)
r(227,1,1,19)
r(200,1,1,19)
w(125,2,2,20)
r(413,2,2,20)
w(149,2,2,20)
w(107,3,2,20)
w(157,2,2,20)
w(136,2,2,20)
r(480,1,2,20)
r(84,1,2,20)
w(137,4,2,20)
r(370,1,2,20)
r(100,2,2,20)
r(379,1,2,20)
r(146,1,2,20)
w(152,2,2,20)
w(139,3,2,20)
w(115,5,2,20)
r(462,2,2,20)
r(352,2,2,20)
w(112,2,2,20)
w(106,2,2,20)
r(536,2,3,21)
w(199,3,3,21)
w(210,3,3,21)
r(119,1,3,21)
w(204,2,3,21)
w(181,2,3,21)
r(407,1,3,21)
w(240,2,3,21)
r(510,1,3,21)
r(12,1,3,21)
w(250,2,3,21)
w(194,2,3,21)
r(15,2,3,21)
w(265,2,3,21)
w(268,2,3,21)
r(87,1,3,21)
r(358,1,3,21)
w(213,3,3,21)
w(261,2,3,21)
r(86,2,3,21)
r(244,1,4,22)
w(276,2,4,22)
w(333,2,4,22)
r(75,1,4,22)
w(275,2,4,22)
r(527,1,4,22)
w(354,3,4,22)
w(347,2,4,22)
r(470,2,4,22)
w(279,2,4,22)
w(307,2,4,22)
w(324,2,4,22)
w(282,2,4,22)
r(143,1,4,22)
r(307,2,4,22)
w(324,3,4,22)
r(446,1,4,22)
w(317,3,4,22)
w(321,2,4,22)
r(538,1,4,22)
r(405,1,5,23)
w(361,2,5,23)
r(14,4,5,23)
r(163,1,5,23)
r(349,3,5,23)
w(366,3,5,23)
r(324,1,5,23)
w(375,2,5,23)
r(374,2,5,23)
r(499,1,5,23)
r(6,2,5,23)
r(502,1,5,23)
w(376,3,5,23)
r(370,1,5,23)
r(372,1,5,23)
w(387,3,5,23)
w(394,2,5,23)
r(420,1,5,23)
r(327,1,5,23)
r(20,1,5,23)
r(37,1,6,24)
r(423,1,6,24)
w(532,3,6,24)
w(509,2,6,24)
w(465,2,6,24)
w(519,2,6,24)
w(481,2,6,24)
w(503,2,6,24)
w(506,2,6,24)
w(513,2,6,24)
r(125,1,6,24)
w(507,2,6,24)
w(483,2,6,24)
r(86,2,6,24)
r(479,2,6,24)
w(482,3,6,24)
w(496,2,6,24)
w(451,2,6,24)
r(62,1,6,24)
r(400,2,6,24)
r(88,2,1,25)
r(334,2,1,25)
r(217,2,1,25)
r(405,1,1,25)
r(276,1,1,25)
w(56,2,1,25)
r(236,1,1,25)
w(63,3,1,25)
r(534,1,1,25)
r(531,1,1,25)
w(8,2,1,25)
r(322,1,1,25)
w(72,2,1,25)
w(82,2,1,25)
w(29,3,1,25)
r(200,1,1,25)
r(136,1,1,25)
r(138,1,1,25)
r(104,2,1,25)
r(182,2,1,25)
r(204,2,2,26)
r(313,1,2,26)
r(424,1,2,26)
w(99,2,2,26)
w(162,2,2,26)
w(170,3,2,26)
r(15,2,2,26)
r(254,1,2,26)
r(479,2,2,26)
r(184,1,2,26)
w(118,3,2,26)
r(180,1,2,26)
r(243,1,2,26)
r(357,1,2,26)
w(100,3,2,26)
r(459,1,2,26)
r(293,2,2,26)
r(441,1,2,26)
w(129,2,2,26)
r(193,1,2,26)
w(237,3,3,27)
w(218,2,3,27)
w(220,2,3,27)
r(283,1,3,27)
w(206,4,3,27)
r(63,3,3,27)
r(476,2,3,27)
w(260,2,3,27)
w(229,2,3,27)
w(231,2,3,27)
w(206,5,3,27)
r(74,1,3,27)
r(204,2,3,27)
r(247,1,3,27)
r(444,1,3,27)
r(163,1,3,27)
w(222,2,3,27)
w(181,3,3,27)
w(208,4,3,27)
w(267,2,3,27)
r(411,1,4,28)
r(157,2,4,28)
r(154,1,4,28)
r(297,2,4,28)
r(387,3,4,28)
r(115,5,4,28)
w(311,2,4,28)
r(113,1,4,28)
r(250,2,4,28)
w(288,2,4,28)
r(410,1,4,28)
w(271,4,4,28)
r(39,3,4,28)
r(273,1,4,28)
r(186,2,4,28)
w(322,2,4,28)
r(167,2,4,28)
r(10,2,4,28)
r(521,1,4,28)
w(295,2,4,28)
r(478,1,5,29)
w(445,2,5,29)
w(395,2,5,29)
w(427,4,5,29)
r(476,2,5,29)
r(380,1,5,29)
r(119,1,5,29)
r(233,1,5,29)
w(444,2,5,29)
r(457,1,5,29)
r(390,1,5,29)
r(447,2,5,29)
r(84,1,5,29)
r(355,2,5,29)
w(434,2,5,29)
r(265,2,5,29)
r(325,1,5,29)
w(414,3,5,29)
w(450,2,5,29)
r(515,2,5,29)
r(71,1,6,30)
r(152,2,6,30)
w(485,2,6,30)
w(502,2,6,30)
r(7,1,6,30)
w(524,2,6,30)
r(485,2,6,30)
w(480,2,6,30)
w(460,4,6,30)
r(252,2,6,30)
r(74,1,6,30)
r(230,2,6,30)
r(127,1,6,30)
w(522,2,6,30)
r(100,2,6,30)
w(494,2,6,30)
w(493,2,6,30)
r(481,2,6,30)
w(495,2,6,30)
r(536,2,6,30)
w(55,2,1,31)
r(92,1,1,31)
r(342,1,1,31)
r(455,1,1,31)
r(256,1,1,31)
r(509,2,1,31)
r(130,1,1,31)
r(167,1,1,31)
r(423,1,1,31)
r(355,2,1,31)
w(18,3,1,31)
w(23,2,1,31)
w(73,4,1,31)
w(9,2,1,31)
r(84,1,1,31)
r(355,2,1,31)
r(235,1,1,31)
w(55,3,1,31)
r(331,1,1,31)
w(61,2,1,31)
w(95,2,2,32)
r(345,2,2,32)
r(398,1,2,32)
w(93,3,2,32)
w(108,3,2,32)
w(162,3,2,32)
r(41,2,2,32)
w(127,2,2,32)
r(357,1,2,32)
w(162,4,2,32)
r(418,1,2,32)
r(43,2,2,32)
w(148,3,2,32)
w(135,2,2,32)
w(96,3,2,32)
r(319,1,2,32)
r(204,2,2,32)
w(150,4,2,32)
w(95,3,2,32)
w(167,2,2,32)
r(55,3,3,33)
r(368,1,3,33)
w(217,3,3,33)
r(418,1,3,33)
r(349,3,3,33)
r(181,3,3,33)
w(197,2,3,33)
r(248,1,3,33)
w(244,2,3,33)
r(89,2,3,33)
r(184,1,3,33)
w(186,2,3,33)
r(103,2,3,33)
r(438,2,3,33)
w(229,3,3,33)
r(454,3,3,33)
r(432,1,3,33)
w(207,3,3,33)
w(215,3,3,33)
w(223,2,3,33)
w(318,3,4,34)
r(149,2,4,34)
w(346,2,4,34)
r(21,1,4,34)
w(315,2,4,34)
w(306,2,4,34)
w(350,3,4,34)
r(119,1,4,34)
r(305,1,4,34)
r(38,1,4,34)
w(359,2,4,34)
w(298,2,4,34)
r(406,1,4,34)
r(530,3,4,34)
r(321,2,4,34)
w(350,4,4,34)
r(507,2,4,34)
w(330,5,4,34)
w(341,2,4,34)
r(253,2,4,34)
w(371,2,5,35)
w(430,2,5,35)
r(25,1,5,35)
r(367,2,5,35)
r(447,2,5,35)
w(428,2,5,35)
r(433,2,5,35)
w(429,2,5,35)
r(300,1,5,35)
w(420,2,5,35)
r(432,1,5,35)
r(136,2,5,35)
w(415,2,5,35)
r(326,1,5,35)
r(113,1,5,35)
w(413,3,5,35)
w(365,3,5,35)
r(523,1,5,35)
r(243,1,5,35)
r(160,1,5,35)
w(495,3,6,36)
w(480,3,6,36)
r(245,2,6,36)
r(414,3,6,36)
r(309,1,6,36)
r(493,2,6,36)
w(513,3,6,36)
r(102,1,6,36)
w(455,2,6,36)
w(503,3,6,36)
r(495,3,6,36)
w(475,2,6,36)
w(491,3,6,36)
r(338,1,6,36)
w(478,2,6,36)
r(155,2,6,36)
r(132,2,6,36)
w(497,2,6,36)
r(181,3,6,36)
r(375,2,6,36)
r(75,1,1,37)
w(87,2,1,37)
r(419,1,1,37)
w(20,2,1,37)
r(372,1,1,37)
w(49,2,1,37)
w(8,3,1,37)
r(441,1,1,37)
r(162,2,1,37)
r(120,1,1,37)
r(404,2,1,37)
r(92,1,1,37)
r(30,1,1,37)
r(106,2,1,37)
r(46,2,1,37)
r(150,3,1,37)
r(335,1,1,37)
w(60,2,1,37)
w(4,2,1,37)
w(66,2,1,37)
r(209,1,2,38)
w(100,4,2,38)
r(415,2,2,38)
r(296,1,2,38)
w(102,2,2,38)
w(179,2,2,38)
w(148,4,2,38)
w(105,4,2,38)
w(157,3,2,38)
r(361,2,2,38)
r(417,3,2,38)
r(382,1,2,38)
w(113,2,2,38)
w(135,3,2,38)
r(274,2,2,38)
r(138,1,2,38)
w(114,2,2,38)
r(483,2,2,38)
r(416,2,2,38)
w(119,2,2,38)
r(35,2,3,39)
w(191,2,3,39)
w(249,3,3,39)
w(191,3,3,39)
r(257,2,3,39)
w(220,3,3,39)
r(347,2,3,39)
w(231,3,3,39)
w(181,4,3,39)
r(104,2,3,39)
w(220,4,3,39)
w(212,3,3,39)
r(230,2,3,39)
w(233,2,3,39)
r(291,1,3,39)
r(106,2,3,39)
w(254,2,3,39)
w(202,4,3,39)
r(497,2,3,39)
r(489,1,3,39)
r(212,3,4,40)
r(200,1,4,40)
r(342,1,4,40)
w(307,3,4,40)
w(341,3,4,40)
w(304,2,4,40)
w(285,3,4,40)
w(316,2,4,40)
w(333,3,4,40)
w(273,3,4,40)
w(303,2,4,40)
r(50,3,4,40)
r(447,2,4,40)
w(359,3,4,40)
r(522,2,4,40)
r(15,2,4,40)
w(279,3,4,40)
r(198,1,4,40)
r(459,1,4,40)
w(285,4,4,40)
r(496,2,5,41)
r(327,1,5,41)
r(534,1,5,41)
w(370,2,5,41)
w(438,3,5,41)
r(150,4,5,41)
r(234,1,5,41)
w(417,2,5,41)
w(417,3,5,41)
r(262,2,5,41)
r(460,4,5,41)
w(393,2,5,41)
r(61,2,5,41)
w(433,3,5,41)
w(433,4,5,41)
r(163,1,5,41)
r(529,2,5,41)
r(260,2,5,41)
r(187,1,5,41)
w(435,3,5,41)
r(197,2,6,42)
w(517,3,6,42)
r(250,2,6,42)
r(241,2,6,42)
r(23,2,6,42)
w(492,2,6,42)
r(247,1,6,42)
w(487,2,6,42)
w(504,2,6,42)
r(475,2,6,42)
w(496,3,6,42)
w(481,3,6,42)
r(142,1,6,42)
r(262,2,6,42)
r(204,2,6,42)
w(500,2,6,42)
r(228,2,6,42)
r(484,1,6,42)
w(473,2,6,42)
r(161,1,6,42)
r(243,1,1,43)
w(69,2,1,43)
r(422,3,1,43)
r(365,3,1,43)
r(316,1,1,43)
r(5,1,1,43)
r(192,1,1,43)
w(30,2,1,43)
r(192,1,1,43)
w(55,4,1,43)
r(305,1,1,43)
r(168,2,1,43)
w(31,2,1,43)
r(31,2,1,43)
r(167,2,1,43)
r(527,1,1,43)
w(73,5,1,43)
w(88,3,1,43)
w(58,2,1,43)
w(85,2,1,43)
r(531,1,2,44)
r(209,2,2,44)
w(176,3,2,44)
w(154,2,2,44)
r(85,2,2,44)
w(139,4,2,44)
w(156,2,2,44)
w(96,4,2,44)
r(63,3,2,44)
r(377,2,2,44)
r(102,2,2,44)
w(141,2,2,44)
w(128,2,2,44)
r(154,2,2,44)
r(188,1,2,44)
r(521,1,2,44)
w(112,3,2,44)
r(463,1,2,44)
r(493,2,2,44)
r(165,1,2,44)
r(419,1,3,45)
r(459,1,3,45)
r(342,1,3,45)
r(70,2,3,45)
r(430,2,3,45)
w(224,2,3,45)
r(329,1,3,45)
w(251,2,3,45)
w(228,3,3,45)
w(196,3,3,45)
w(263,2,3,45)
r(467,2,3,45)
r(108,3,3,45)
w(268,3,3,45)
r(162,4,3,45)
w(248,2,3,45)
r(441,1,3,45)
w(243,2,3,45)
w(258,3,3,45)
w(203,2,3,45)
r(185,1,4,46)
w(288,3,4,46)
w(347,3,4,46)
r(131,2,4,46)
r(126,3,4,46)
r(299,2,4,46)
w(301,2,4,46)
w(278,3,4,46)
w(316,3,4,46)
r(362,1,4,46)
r(65,1,4,46)
r(136,2,4,46)
w(342,2,4,46)
r(419,1,4,46)
r(96,4,4,46)
r(342,2,4,46)
w(331,2,4,46)
w(331,3,4,46)
r(401,1,4,46)
r(342,2,4,46)
w(427,5,5,47)
w(396,2,5,47)
w(393,3,5,47)
w(379,2,5,47)
r(128,1,5,47)
w(371,3,5,47)
w(368,2,5,47)
r(186,2,5,47)
r(220,4,5,47)
r(127,2,5,47)
w(399,2,5,47)
w(424,2,5,47)
r(102,2,5,47)
w(367,3,5,47)
r(164,1,5,47)
r(280,1,5,47)
w(405,2,5,47)
w(420,3,5,47)
w(388,3,5,47)
w(448,3,5,47)
r(314,1,6,48)
r(514,2,6,48)
r(231,3,6,48)
w(524,3,6,48)
r(539,2,6,48)
r(247,1,6,48)
r(98,2,6,48)
r(401,1,6,48)
w(454,4,6,48)
r(22,1,6,48)
w(469,2,6,48)
w(475,3,6,48)
w(523,2,6,48)
w(486,3,6,48)
r(158,1,6,48)
r(45,1,6,48)
w(528,2,6,48)
w(483,3,6,48)
r(110,1,6,48)
r(344,3,6,48)
r(308,1,1,49)
w(51,2,1,49)
w(48,2,1,49)
r(253,2,1,49)
w(20,3,1,49)
r(86,2,1,49)
r(122,1,1,49)
w(23,3,1,49)
w(14,5,1,49)
w(69,3,1,49)
r(2,1,1,49)
r(91,1,1,49)
r(359,2,1,49)
r(395,2,1,49)
w(17,3,1,49)
w(35,3,1,49)
r(349,3,1,49)
r(516,1,1,49)
w(62,2,1,49)
r(389,1,1,49)
w(161,2,2,50)
r(31,2,2,50)
r(246,1,2,50)
r(129,2,2,50)
w(126,4,2,50)
w(96,5,2,50)
w(106,3,2,50)
r(145,2,2,50)
r(21,1,2,50)
w(122,2,2,50)
r(534,1,2,50)
r(42,1,2,50)
r(224,2,2,50)
w(180,2,2,50)
w(128,3,2,50)
w(135,4,2,50)
r(505,1,2,50)
w(135,5,2,50)
w(126,5,2,50)
r(466,2,2,50)
r(87,2,3,51)
r(2,1,3,51)
r(11,1,3,51)
r(110,1,3,51)
r(79,1,3,51)
w(209,2,3,51)
r(215,3,3,51)
r(94,1,3,51)
w(205,3,3,51)
r(180,1,3,51)
w(204,3,3,51)
w(254,3,3,51)
r(155,2,3,51)
r(119,2,3,51)
r(164,1,3,51)
w(264,2,3,51)
w(254,4,3,51)
w(232,2,3,51)
r(527,1,3,51)
r(95,3,3,51)
w(347,4,4,52)
w(354,4,4,52)
w(329,2,4,52)
w(323,2,4,52)
w(327,2,4,52)
w(353,3,4,52)
w(318,4,4,52)
w(325,2,4,52)
w(352,3,4,52)
r(21,1,4,52)
r(437,2,4,52)
w(299,3,4,52)
w(337,2,4,52)
r(217,3,4,52)
r(386,3,4,52)
r(383,2,4,52)
r(114,2,4,52)
w(305,2,4,52)
w(279,4,4,52)
r(271,4,4,52)
w(398,2,5,53)
w(421,2,5,53)
w(374,3,5,53)
w(371,4,5,53)
w(386,3,5,53)
r(248,2,5,53)
w(366,4,5,53)
w(438,4,5,53)
r(24,2,5,53)
w(448,4,5,53)
w(436,2,5,53)
w(375,3,5,53)
w(426,2,5,53)
r(532,3,5,53)
w(390,2,5,53)
w(450,3,5,53)
w(438,5,5,53)
w(446,2,5,53)
w(415,3,5,53)
r(288,2,5,53)
r(498,1,6,54)
w(472,3,6,54)
w(499,2,6,54)
w(492,3,6,54)
w(453,2,6,54)
w(536,3,6,54)
w(461,3,6,54)
w(452,2,6,54)
r(369,1,6,54)
r(196,3,6,54)
r(337,1,6,54)
r(44,1,6,54)
r(215,3,6,54)
r(202,4,6,54)
r(216,1,6,54)
w(512,2,6,54)
r(353,1,6,54)
r(500,2,6,54)
w(497,3,6,54)
w(460,5,6,54)
r(334,2,1,55)
w(71,2,1,55)
r(523,2,1,55)
r(327,1,1,55)
w(33,2,1,55)
r(251,2,1,55)
w(68,2,1,55)
r(125,2,1,55)
r(487,2,1,55)
r(409,2,1,55)
w(88,4,1,55)
r(368,2,1,55)
r(375,3,1,55)
w(57,2,1,55)
w(68,3,1,55)
w(6,3,1,55)
w(82,3,1,55)
r(298,2,1,55)
w(66,3,1,55)
w(39,4,1,55)
r(425,3,2,56)
w(169,2,2,56)
w(145,3,2,56)
w(175,2,2,56)
w(151,3,2,56)
r(35,3,2,56)
w(158,2,2,56)
r(484,2,2,56)
r(312,1,2,56)
r(530,4,2,56)
w(145,4,2,56)
w(143,2,2,56)
r(335,1,2,56)
w(161,3,2,56)
w(112,4,2,56)
r(114,2,2,56)
w(158,3,2,56)
w(135,6,2,56)
w(168,3,2,56)
w(105,5,2,56)
w(254,5,3,57)
w(208,5,3,57)
w(212,4,3,57)
w(208,6,3,57)
r(73,5,3,57)
w(228,4,3,57)
r(320,1,3,57)
w(270,3,3,57)
w(198,2,3,57)
w(263,3,3,57)
w(218,3,3,57)
r(454,4,3,57)
w(201,2,3,57)
r(362,1,3,57)
r(195,1,3,57)
w(240,3,3,57)
r(175,1,3,57)
w(212,5,3,57)
w(183,3,3,57)
r(211,1,3,57)
r(350,4,4,58)
r(246,1,4,58)
r(332,1,4,58)
r(106,3,4,58)
r(172,1,4,58)
w(344,4,4,58)
w(282,3,4,58)
w(354,5,4,58)
w(331,4,4,58)
r(162,4,4,58)
r(221,2,4,58)
w(320,3,4,58)
w(322,3,4,58)
r(478,2,4,58)
w(346,3,4,58)
w(271,5,4,58)
r(166,1,4,58)
r(330,5,4,58)
r(78,1,4,58)
w(292,2,4,58)
r(130,1,5,59)
r(475,3,5,59)
w(449,2,5,59)
w(381,2,5,59)
r(540,1,5,59)
r(364,2,5,59)
r(472,3,5,59)
w(416,3,5,59)
r(98,2,5,59)
r(236,1,5,59)
r(492,3,5,59)
w(446,3,5,59)
w(415,4,5,59)
r(26,1,5,59)
w(420,4,5,59)
w(393,4,5,59)
r(107,3,5,59)
w(425,3,5,59)
w(391,4,5,59)
w(382,2,5,59)
w(510,2,6,60)
r(287,2,6,60)
r(385,1,6,60)
w(509,3,6,60)
w(524,4,6,60)
r(376,3,6,60)
r(204,3,6,60)
w(511,2,6,60)
w(533,2,6,60)
r(386,3,6,60)
w(530,4,6,60)
w(520,2,6,60)
r(132,2,6,60)
r(460,5,6,60)
r(289,1,6,60)
r(530,4,6,60)
r(147,1,6,60)
r(229,3,6,60)
r(371,4,6,60)
w(539,3,6,60)
r(373,1,1,61)
r(244,2,1,61)
r(26,1,1,61)
r(227,1,1,61)
w(12,2,1,61)
w(41,3,1,61)
w(20,4,1,61)
r(40,1,1,61)
r(191,3,1,61)
w(68,4,1,61)
r(468,1,1,61)
w(26,2,1,61)
w(76,2,1,61)
w(34,3,1,61)
r(89,2,1,61)
r(531,1,1,61)
r(529,2,1,61)
w(84,2,1,61)
r(493,2,1,61)
r(342,2,1,61)
r(295,2,2,62)
r(101,2,2,62)
r(436,2,2,62)
r(236,1,2,62)
w(165,2,2,62)
w(115,6,2,62)
r(191,3,2,62)
r(492,4,2,62)
r(47,3,2,62)
w(114,3,2,62)
w(97,2,2,62)
w(173,2,2,62)
w(102,3,2,62)
r(231,3,2,62)
r(481,3,2,62)
w(138,2,2,62)
w(161,4,2,62)
r(422,3,2,62)
w(115,7,2,62)
w(108,4,2,62)
r(467,2,3,63)
r(348,2,3,63)
w(194,3,3,63)
r(331,3,3,63)
r(315,2,3,63)
r(215,3,3,63)
r(356,1,3,63)
w(242,3,3,63)
r(315,2,3,63)
w(251,3,3,63)
r(71,2,3,63)
r(281,1,3,63)
w(266,2,3,63)
r(510,2,3,63)
w(221,2,3,63)
r(27,1,3,63)
r(228,4,3,63)
r(76,2,3,63)
w(240,4,3,63)
r(271,4,3,63)
w(320,4,4,64)
r(146,1,4,64)
w(334,3,4,64)
w(321,3,4,64)
r(466,3,4,64)
w(314,2,4,64)
w(282,4,4,64)
r(55,4,4,64)
r(530,4,4,64)
r(525,2,4,64)
w(303,3,4,64)
w(316,4,4,64)
r(183,3,4,64)
r(392,1,4,64)
r(114,3,4,64)
w(340,2,4,64)
w(285,5,4,64)
w(288,4,4,64)
w(354,6,4,64)
r(302,1,4,64)
r(212,5,5,65)
r(87,2,5,65)
w(448,5,5,65)
w(407,2,5,65)
r(201,2,5,65)
r(7,1,5,65)
w(404,3,5,65)
r(284,1,5,65)
r(303,2,5,65)
w(388,4,5,65)
w(384,2,5,65)
r(188,1,5,65)
r(108,3,5,65)
r(198,2,5,65)
r(478,2,5,65)
w(402,2,5,65)
w(450,4,5,65)
w(412,3,5,65)
w(411,2,5,65)
r(152,2,5,65)
w(514,3,6,66)
w(494,3,6,66)
r(9,2,6,66)
w(509,4,6,66)
r(483,3,6,66)
w(459,2,6,66)
w(459,3,6,66)
w(484,2,6,66)
w(491,4,6,66)
r(506,2,6,66)
w(480,4,6,66)
w(485,3,6,66)
r(284,1,6,66)
r(503,3,6,66)
r(189,2,6,66)
w(511,3,6,66)
w(528,3,6,66)
w(524,5,6,66)
w(507,3,6,66)
w(523,3,6,66)
r(137,4,1,67)
w(25,2,1,67)
r(332,1,1,67)
w(26,3,1,67)
r(218,3,1,67)
w(89,3,1,67)
w(13,3,1,67)
r(178,3,1,67)
r(214,1,1,67)
w(53,2,1,67)
w(22,2,1,67)
w(13,4,1,67)
r(246,1,1,67)
w(4,3,1,67)
r(22,2,1,67)
r(84,2,1,67)
r(280,1,1,67)
w(67,2,1,67)
w(34,4,1,67)
r(357,1,1,67)
r(529,3,2,68)
w(101,3,2,68)
r(285,5,2,68)
w(161,5,2,68)
r(90,1,2,68)
w(152,3,2,68)
r(189,2,2,68)
r(123,1,2,68)
r(192,1,2,68)
w(144,2,2,68)
w(177,3,2,68)
w(174,2,2,68)
r(352,3,2,68)
w(145,5,2,68)
r(362,1,2,68)
w(176,4,2,68)
r(61,2,2,68)
w(165,3,2,68)
r(388,4,2,68)
r(415,4,2,68)
r(466,2,3,69)
w(188,2,3,69)
r(484,2,3,69)
r(377,2,3,69)
w(262,3,3,69)
w(264,3,3,69)
r(208,6,3,69)
w(215,4,3,69)
r(151,3,3,69)
r(175,2,3,69)
r(476,2,3,69)
r(155,2,3,69)
w(259,2,3,69)
r(393,4,3,69)
w(237,4,3,69)
r(125,2,3,69)
r(437,2,3,69)
w(226,2,3,69)
w(240,5,3,69)
r(134,1,3,69)
w(306,3,4,70)
r(364,2,4,70)
r(412,4,4,70)
w(288,5,4,70)
w(354,7,4,70)
w(307,4,4,70)
w(297,3,4,70)
r(426,2,4,70)
r(429,2,4,70)
w(274,3,4,70)
r(83,1,4,70)
r(358,1,4,70)
w(298,3,4,70)
w(314,3,4,70)
w(279,5,4,70)
w(348,3,4,70)
w(359,4,4,70)
r(449,3,4,70)
w(347,5,4,70)
w(337,3,4,70)
w(411,3,5,71)
w(386,4,5,71)
w(445,3,5,71)
w(414,4,5,71)
w(447,3,5,71)
w(444,3,5,71)
w(412,4,5,71)
w(447,4,5,71)
r(69,3,5,71)
r(101,2,5,71)
r(264,2,5,71)
r(212,5,5,71)
r(154,2,5,71)
r(315,2,5,71)
r(420,4,5,71)
w(446,4,5,71)
w(435,4,5,71)
w(449,3,5,71)
r(354,4,5,71)
w(444,4,5,71)
w(492,4,6,72)
r(64,1,6,72)
w(469,3,6,72)
w(451,3,6,72)
r(475,3,6,72)
r(302,1,6,72)
w(511,4,6,72)
w(474,3,6,72)
r(452,2,6,72)
r(3,1,6,72)
r(159,1,6,72)
r(207,3,6,72)
r(240,4,6,72)
r(426,2,6,72)
r(464,1,6,72)
r(326,1,6,72)
r(320,1,6,72)
r(131,2,6,72)
w(496,4,6,72)
w(517,4,6,72)
r(439,1,1,73)
r(138,1,1,73)
r(173,1,1,73)
r(207,3,1,73)
r(103,2,1,73)
w(9,3,1,73)
r(286,1,1,73)
w(6,4,1,73)
r(201,2,1,73)
w(86,3,1,73)
w(32,2,1,73)
w(5,2,1,73)
w(73,6,1,73)
w(47,3,1,73)
w(82,4,1,73)
w(80,3,1,73)
w(22,3,1,73)
w(38,2,1,73)
w(80,4,1,73)
w(69,4,1,73)
w(108,5,2,74)
w(149,3,2,74)
w(138,3,2,74)
r(390,3,2,74)
w(169,3,2,74)
w(137,5,2,74)
r(498,2,2,74)
r(92,1,2,74)
w(102,4,2,74)
w(155,3,2,74)
w(110,2,2,74)
r(478,2,2,74)
w(101,4,2,74)
w(151,4,2,74)
r(516,1,2,74)
w(144,3,2,74)
r(59,2,2,74)
r(389,2,2,74)
r(384,2,2,74)
r(171,2,2,74)
r(152,2,3,75)
w(265,3,3,75)
w(231,4,3,75)
w(269,3,3,75)
w(236,2,3,75)
w(233,3,3,75)
w(204,4,3,75)
w(240,6,3,75)
r(485,4,3,75)
w(191,4,3,75)
r(116,2,3,75)
r(208,6,3,75)
w(248,3,3,75)
w(268,4,3,75)
w(188,3,3,75)
w(242,4,3,75)
w(205,4,3,75)
w(202,5,3,75)
r(527,1,3,75)
r(462,2,3,75)
w(291,2,4,76)
w(316,5,4,76)
w(312,2,4,76)
w(290,2,4,76)
r(488,1,4,76)
r(27,1,4,76)
w(301,3,4,76)
r(166,1,4,76)
r(106,3,4,76)
r(180,2,4,76)
r(191,4,4,76)
r(312,2,4,76)
r(96,5,4,76)
w(276,3,4,76)
w(344,5,4,76)
r(19,1,4,76)
w(333,4,4,76)
w(322,4,4,76)
r(403,3,4,76)
w(275,3,4,76)
w(427,6,5,77)
r(79,1,5,77)
r(42,1,5,77)
w(363,2,5,77)
r(126,5,5,77)
w(435,5,5,77)
r(487,2,5,77)
w(380,2,5,77)
r(21,1,5,77)
r(25,2,5,77)
w(382,3,5,77)
r(242,3,5,77)
r(106,3,5,77)
w(365,4,5,77)
w(363,3,5,77)
r(195,1,5,77)
r(302,1,5,77)
w(382,4,5,77)
r(507,3,5,77)
r(93,3,5,77)
r(82,4,6,78)
r(427,5,6,78)
r(6,4,6,78)
w(469,4,6,78)
w(499,3,6,78)
r(338,1,6,78)
r(96,5,6,78)
w(485,4,6,78)
w(529,3,6,78)
r(182,2,6,78)
r(42,1,6,78)
w(472,4,6,78)
w(466,3,6,78)
r(394,2,6,78)
r(281,1,6,78)
w(489,2,6,78)
r(164,1,6,78)
w(536,4,6,78)
w(477,2,6,78)
w(482,4,6,78)
w(80,5,1,79)
w(6,5,1,79)
w(52,2,1,79)
w(15,3,1,79)
w(25,3,1,79)
r(172,1,1,79)
w(30,3,1,79)
w(24,3,1,79)
w(46,3,1,79)
r(446,4,1,79)
r(215,4,1,79)
r(155,2,1,79)
w(33,3,1,79)
r(496,4,1,79)
r(103,2,1,79)
r(17,3,1,79)
w(36,2,1,79)
r(461,3,1,79)
r(370,2,1,79)
w(68,5,1,79)
r(436,2,2,80)
w(180,3,2,80)
w(129,3,2,80)
w(122,3,2,80)
w(169,4,2,80)
w(168,4,2,80)
w(107,4,2,80)
r(369,2,2,80)
w(168,5,2,80)
r(313,1,2,80)
r(430,2,2,80)
w(93,4,2,80)
r(512,2,2,80)
r(172,1,2,80)
r(45,2,2,80)
r(482,4,2,80)
w(123,2,2,80)
w(159,2,2,80)
w(178,4,2,80)
r(117,1,2,80)
w(239,2,3,81)
r(65,1,3,81)
w(230,3,3,81)
w(229,4,3,81)
r(4,3,3,81)
r(58,2,3,81)
r(446,4,3,81)
w(226,3,3,81)
w(204,5,3,81)
r(360,1,3,81)
r(215,4,3,81)
r(159,1,3,81)
r(146,1,3,81)
w(186,3,3,81)
w(232,3,3,81)
w(249,4,3,81)
w(257,3,3,81)
r(153,2,3,81)
r(83,1,3,81)
w(256,2,3,81)
r(167,2,4,82)
w(319,2,4,82)
w(338,2,4,82)
r(18,4,4,82)
r(162,4,4,82)
r(415,5,4,82)
r(89,6,4,82)
w(305,3,4,82)
r(513,3,4,82)
r(382,5,4,82)
r(241,2,4,82)
r(370,2,4,82)
r(265,3,4,82)
r(292,2,4,82)
w(347,6,4,82)
w(333,5,4,82)
r(464,1,4,82)
w(315,3,4,82)
r(202,6,4,82)
r(293,2,4,82)
w(448,6,5,83)
w(406,2,5,83)
w(390,3,5,83)
w(369,2,5,83)
w(379,3,5,83)
w(434,3,5,83)
r(411,3,5,83)
r(296,1,5,83)
r(21,1,5,83)
w(381,3,5,83)
w(403,2,5,83)
r(523,3,5,83)
w(392,2,5,83)
w(373,2,5,83)
r(338,1,5,83)
r(464,1,5,83)
r(360,1,5,83)
w(403,3,5,83)
w(406,3,5,83)
w(408,2,5,83)
r(99,2,6,84)
w(498,2,6,84)
r(230,2,6,84)
r(529,3,6,84)
r(8,3,6,84)
w(531,2,6,84)
w(468,2,6,84)
r(44,1,6,84)
w(533,3,6,84)
w(452,3,6,84)
r(538,1,6,84)
w(481,4,6,84)
w(518,2,6,84)
r(420,4,6,84)
w(484,3,6,84)
r(256,1,6,84)
r(125,2,6,84)
r(508,1,6,84)
w(534,2,6,84)
w(511,5,6,84)
w(89,4,1,85)
w(55,5,1,85)
w(5,3,1,85)
r(137,4,1,85)
w(4,4,1,85)
r(284,1,1,85)
r(413,3,1,85)
r(320,4,1,85)
r(501,2,1,85)
w(67,3,1,85)
w(32,3,1,85)
w(18,4,1,85)
w(45,2,1,85)
r(129,2,1,85)
r(247,1,1,85)
w(1,3,1,85)
w(52,3,1,85)
r(283,1,1,85)
r(119,2,1,85)
r(105,5,1,85)
w(159,3,2,86)
r(509,5,2,86)
w(159,4,2,86)
w(178,5,2,86)
r(378,3,2,86)
w(159,5,2,86)
w(93,5,2,86)
w(98,3,2,86)
w(150,5,2,86)
r(92,1,2,86)
r(348,3,2,86)
r(254,5,2,86)
w(91,2,2,86)
r(346,3,2,86)
r(510,2,2,86)
w(100,5,2,86)
w(180,4,2,86)
r(188,3,2,86)
r(408,2,2,86)
r(461,4,2,86)
w(256,3,3,87)
w(259,3,3,87)
w(235,2,3,87)
r(2,1,3,87)
r(65,1,3,87)
r(461,3,3,87)
w(201,3,3,87)
w(261,3,3,87)
r(444,4,3,87)
r(20,4,3,87)
w(193,2,3,87)
w(262,4,3,87)
w(202,6,3,87)
w(231,5,3,87)
r(162,4,3,87)
r(269,3,3,87)
w(222,3,3,87)
w(187,2,3,87)
w(230,4,3,87)
r(196,3,3,87)
w(277,2,4,88)
r(466,3,4,88)
r(498,2,4,88)
r(406,4,4,88)
w(328,2,4,88)
w(275,4,4,88)
w(304,3,4,88)
w(328,3,4,88)
w(317,4,4,88)
r(504,2,4,88)
r(395,2,4,88)
r(309,1,4,88)
r(348,3,4,88)
r(360,1,4,88)
r(304,3,4,88)
w(304,4,4,88)
w(327,3,4,88)
w(314,4,4,88)
r(168,5,4,88)
r(368,3,4,88)
r(359,3,5,89)
w(407,3,5,89)
w(389,2,5,89)
r(390,3,5,89)
w(375,4,5,89)
w(398,3,5,89)
r(391,4,5,89)
r(292,2,5,89)
r(159,1,5,89)
w(431,2,5,89)
r(429,2,5,89)
w(368,3,5,89)
w(382,5,5,89)
r(521,1,5,89)
w(393,5,5,89)
w(442,2,5,89)
w(417,4,5,89)
w(381,4,5,89)
r(254,5,5,89)
w(378,2,5,89)
r(52,3,6,90)
r(158,3,6,90)
r(477,2,6,90)
r(253,2,6,90)
w(493,3,6,90)
r(45,2,6,90)
r(324,3,6,90)
w(465,3,6,90)
r(327,2,6,90)
r(228,4,6,90)
w(487,3,6,90)
w(517,5,6,90)
r(75,1,6,90)
w(478,3,6,90)
r(153,2,6,90)
w(524,6,6,90)
r(106,3,6,90)
r(275,2,6,90)
r(209,2,6,90)
r(425,3,6,90)
r(2,1,1,91)
w(85,3,1,91)
w(39,5,1,91)
r(264,3,1,91)
w(70,3,1,91)
r(187,2,1,91)
w(33,4,1,91)
r(442,2,1,91)
w(41,4,1,91)
r(531,2,1,91)
w(63,4,1,91)
r(463,1,1,91)
r(245,2,1,91)
w(11,2,1,91)
w(23,4,1,91)
w(40,2,1,91)
r(318,4,1,91)
r(373,2,1,91)
w(35,4,1,91)
w(17,4,1,91)
r(177,3,2,92)
r(458,2,2,92)
w(180,5,2,92)
r(270,3,2,92)
w(118,4,2,92)
r(338,2,2,92)
r(12,2,2,92)
r(178,5,2,92)
r(138,3,2,92)
w(113,3,2,92)
r(395,3,2,92)
w(170,4,2,92)
r(252,3,2,92)
r(144,3,2,92)
r(191,4,2,92)
w(177,4,2,92)
w(155,4,2,92)
r(110,2,2,92)
w(174,3,2,92)
r(157,3,2,92)
w(185,2,3,93)
w(225,3,3,93)
w(259,4,3,93)
w(251,4,3,93)
w(258,4,3,93)
w(215,5,3,93)
r(164,1,3,93)
w(260,3,3,93)
w(242,5,3,93)
w(230,5,3,93)
w(182,3,3,93)
r(369,2,3,93)
w(192,2,3,93)
r(429,2,3,93)
w(186,4,3,93)
r(353,3,3,93)
r(293,2,3,93)
r(144,3,3,93)
w(186,5,3,93)
r(285,5,3,93)
w(345,3,4,94)
r(331,4,4,94)
r(146,1,4,94)
w(320,5,4,94)
r(64,1,4,94)
w(316,6,4,94)
r(446,4,4,94)
w(336,5,4,94)
w(326,2,4,94)
w(300,3,4,94)
w(350,5,4,94)
r(140,1,4,94)
w(280,2,4,94)
w(286,2,4,94)
w(341,4,4,94)
r(219,1,4,94)
r(489,2,4,94)
w(311,3,4,94)
r(528,3,4,94)
r(202,6,4,94)
w(378,3,5,95)
r(284,1,5,95)
r(93,3,5,95)
w(396,3,5,95)
r(270,3,5,95)
r(504,2,5,95)
w(387,4,5,95)
w(415,5,5,95)
r(429,2,5,95)
r(345,2,5,95)
r(494,3,5,95)
r(469,4,5,95)
r(96,5,5,95)
w(390,4,5,95)
w(447,5,5,95)
r(507,3,5,95)
w(433,5,5,95)
r(363,3,5,95)
w(406,4,5,95)
r(174,2,5,95)
w(462,3,6,96)
r(68,5,6,96)
w(462,4,6,96)
r(414,4,6,96)
r(138,3,6,96)
r(110,2,6,96)
r(324,3,6,96)
r(191,4,6,96)
w(535,2,6,96)
w(461,4,6,96)
w(526,4,6,96)
r(535,2,6,96)
r(135,6,6,96)
w(456,3,6,96)
r(117,1,6,96)
w(509,5,6,96)
w(491,5,6,96)
w(532,4,6,96)
w(522,3,6,96)
r(110,2,6,96)
w(61,3,1,97)
r(484,3,1,97)
r(150,4,1,97)
w(62,3,1,97)
r(262,4,1,97)
w(38,3,1,97)
w(89,5,1,97)
w(89,6,1,97)
w(50,4,1,97)
r(187,2,1,97)
r(151,4,1,97)
w(74,2,1,97)
r(139,4,1,97)
r(419,1,1,97)
w(67,4,1,97)
w(40,3,1,97)
w(21,2,1,97)
r(535,2,1,97)
r(97,2,1,97)
w(36,3,1,97)
r(197,2,2,98)
r(8,3,2,98)
w(102,5,2,98)
r(275,4,2,98)
w(107,5,2,98)
w(141,3,2,98)
w(156,3,2,98)
w(95,4,2,98)
r(538,1,2,98)
w(125,3,2,98)
r(474,4,2,98)
r(276,3,2,98)
r(445,3,2,98)
r(148,4,2,98)
w(171,3,2,98)
r(47,4,2,98)
w(118,5,2,98)
r(235,4,2,98)
w(97,3,2,98)
r(400,2,2,98)
w(204,6,3,99)
r(180,3,3,99)
w(235,3,3,99)
w(225,4,3,99)
w(203,3,3,99)
w(184,2,3,99)
r(462,4,3,99)
w(198,3,3,99)
r(508,1,3,99)
r(343,2,3,99)
r(182,3,3,99)
r(69,4,3,99)
w(245,3,3,99)
r(491,5,3,99)
w(252,3,3,99)
r(346,3,3,99)
r(527,1,3,99)
w(236,3,3,99)
w(227,2,3,99)
r(469,4,3,99)
w(321,4,4,100)
w(291,3,4,100)
w(328,4,4,100)
r(168,5,4,100)
r(90,1,4,100)
r(67,4,4,100)
r(57,3,4,100)
w(345,4,4,100)
r(201,4,4,100)
w(303,4,4,100)
w(330,6,4,100)
r(4,5,4,100)
r(317,4,4,100)
w(350,6,4,100)
w(356,2,4,100)
r(386,5,4,100)
r(461,4,4,100)
r(197,2,4,100)
r(253,3,4,100)
r(492,4,4,100)
w(401,2,5,101)
w(363,4,5,101)
r(453,2,5,101)
r(154,2,5,101)
r(341,3,5,101)
r(372,1,5,101)
w(371,5,5,101)
r(56,2,5,101)
w(433,6,5,101)
r(97,2,5,101)
w(385,2,5,101)
w(426,3,5,101)
w(387,5,5,101)
w(384,3,5,101)
w(423,2,5,101)
w(399,3,5,101)
w(417,5,5,101)
r(391,4,5,101)
r(117,1,5,101)
r(86,3,5,101)
w(497,4,6,102)
w(462,5,6,102)
w(473,3,6,102)
w(524,7,6,102)
r(480,4,6,102)
w(493,4,6,102)
r(77,1,6,102)
r(497,4,6,102)
r(37,1,6,102)
r(94,1,6,102)
r(108,5,6,102)
r(353,3,6,102)
w(464,2,6,102)
r(322,4,6,102)
r(139,4,6,102)
w(452,4,6,102)
w(523,4,6,102)
r(430,2,6,102)
w(535,3,6,102)
w(514,4,6,102)
w(18,5,1,103)
r(465,3,1,103)
r(102,4,1,103)
r(457,1,1,103)
w(55,6,1,103)
w(84,3,1,103)
r(444,4,1,103)
w(39,6,1,103)
r(103,2,1,103)
r(59,2,1,103)
w(57,3,1,103)
w(35,5,1,103)
w(29,4,1,103)
w(4,5,1,103)
w(59,3,1,103)
w(47,4,1,103)
r(351,1,1,103)
w(24,4,1,103)
r(485,4,1,103)
w(11,3,1,103)
r(142,1,2,104)
w(133,3,2,104)
w(133,4,2,104)
w(162,5,2,104)
w(147,2,2,104)
r(163,1,2,104)
r(126,5,2,104)
r(213,3,2,104)
r(264,3,2,104)
w(138,4,2,104)
w(99,3,2,104)
r(165,3,2,104)
w(145,6,2,104)
w(175,3,2,104)
r(363,4,2,104)
r(172,1,2,104)
w(124,2,2,104)
r(483,3,2,104)
w(141,4,2,104)
w(145,7,2,104)
r(153,2,3,105)
w(225,5,3,105)
w(212,6,3,105)
w(240,7,3,105)
r(528,3,3,105)
w(250,3,3,105)
w(248,4,3,105)
r(427,6,3,105)
r(535,3,3,105)
r(17,4,3,105)
w(184,3,3,105)
w(243,3,3,105)
w(200,2,3,105)
r(117,1,3,105)
r(168,5,3,105)
r(478,3,3,105)
r(319,2,3,105)
w(235,4,3,105)
r(98,3,3,105)
r(150,5,3,105)
r(8,3,4,106)
r(217,3,4,106)
r(41,5,4,106)
r(26,3,4,106)
w(276,4,4,106)
r(179,2,4,106)
w(314,5,4,106)
w(293,4,4,106)
r(384,3,4,106)
r(465,3,4,106)
w(285,6,4,106)
r(350,6,4,106)
w(275,5,4,106)
w(308,2,4,106)
w(311,4,4,106)
r(52,3,4,106)
w(286,3,4,106)
r(264,3,4,106)
w(310,4,4,106)
r(488,2,4,106)
r(137,5,5,107)
w(379,4,5,107)
r(504,2,5,107)
r(447,5,5,107)
r(260,3,5,107)
r(401,2,5,107)
r(77,1,5,107)
r(312,2,5,107)
r(466,3,5,107)
r(84,3,5,107)
r(519,2,5,107)
r(192,2,5,107)
w(369,3,5,107)
w(365,5,5,107)
w(386,5,5,107)
w(395,3,5,107)
w(419,2,5,107)
r(415,5,5,107)
w(372,2,5,107)
r(498,2,5,107)
r(287,2,6,108)
w(477,3,6,108)
w(470,3,6,108)
r(37,1,6,108)
r(273,3,6,108)
w(521,2,6,108)
r(122,3,6,108)
r(413,3,6,108)
r(132,2,6,108)
w(519,3,6,108)
w(488,2,6,108)
w(496,5,6,108)
r(250,3,6,108)
r(475,3,6,108)
w(476,3,6,108)
r(70,3,6,108)
w(474,4,6,108)
r(245,3,6,108)
r(126,5,6,108)
w(468,3,6,108)
w(23,5,1,109)
r(402,2,1,109)
r(219,1,1,109)
r(87,2,1,109)
w(82,5,1,109)
w(71,3,1,109)
w(3,2,1,109)
r(336,4,1,109)
r(11,3,1,109)
w(87,3,1,109)
w(1,4,1,109)
w(41,5,1,109)
w(44,2,1,109)
r(150,5,1,109)
r(490,2,1,109)
r(57,3,1,109)
r(229,4,1,109)
r(474,3,1,109)
r(191,4,1,109)
w(65,2,1,109)
w(168,6,2,110)
w(128,4,2,110)
w(168,7,2,110)
w(97,4,2,110)
w(93,6,2,110)
w(147,3,2,110)
w(178,6,2,110)
w(116,3,2,110)
r(238,2,2,110)
w(91,3,2,110)
w(158,4,2,110)
w(157,4,2,110)
r(171,3,2,110)
w(105,6,2,110)
r(364,2,2,110)
w(103,3,2,110)
w(124,3,2,110)
w(123,3,2,110)
w(140,2,2,110)
r(58,2,2,110)
w(186,6,3,111)
r(499,3,3,111)
r(185,2,3,111)
r(325,2,3,111)
r(418,1,3,111)
w(250,4,3,111)
w(208,7,3,111)
r(16,1,3,111)
w(253,3,3,111)
r(367,3,3,111)
w(230,6,3,111)
r(82,5,3,111)
w(205,5,3,111)
w(238,2,3,111)
w(201,4,3,111)
r(332,1,3,111)
r(346,3,3,111)
r(216,1,3,111)
r(261,3,3,111)
w(262,5,3,111)
r(534,2,4,112)
w(359,5,4,112)
w(307,5,4,112)
w(280,3,4,112)
r(19,2,4,112)
r(272,2,4,112)
w(300,4,4,112)
r(44,2,4,112)
w(273,4,4,112)
w(358,2,4,112)
w(298,4,4,112)
w(273,5,4,112)
r(44,2,4,112)
r(505,1,4,112)
w(325,3,4,112)
w(353,4,4,112)
w(307,6,4,112)
w(345,5,4,112)
w(351,2,4,112)
w(273,6,4,112)
r(532,4,5,113)
w(443,2,5,113)
w(376,4,5,113)
w(365,6,5,113)
w(408,3,5,113)
w(374,4,5,113)
r(33,4,5,113)
r(374,4,5,113)
r(136,2,5,113)
r(418,1,5,113)
r(6,5,5,113)
w(401,3,5,113)
r(378,3,5,113)
w(430,3,5,113)
w(402,3,5,113)
r(69,4,5,113)
w(366,5,5,113)
r(517,5,5,113)
r(519,3,5,113)
w(447,6,5,113)
w(477,4,6,114)
w(486,4,6,114)
r(333,5,6,114)
r(74,2,6,114)
w(470,4,6,114)
r(265,3,6,114)
w(537,2,6,114)
r(193,2,6,114)
r(204,6,6,114)
w(467,3,6,114)
r(340,2,6,114)
w(513,4,6,114)
w(451,4,6,114)
w(531,3,6,114)
r(24,4,6,114)
w(509,6,6,114)
r(451,4,6,114)
r(200,2,6,114)
w(536,5,6,114)
w(519,4,6,114)
r(414,4,1,115)
w(39,7,1,115)
r(471,1,1,115)
w(86,4,1,115)
r(29,4,1,115)
w(55,7,1,115)
r(395,3,1,115)
r(101,4,1,115)
w(72,3,1,115)
w(88,5,1,115)
r(304,4,1,115)
r(81,1,1,115)
w(48,3,1,115)
r(130,1,1,115)
r(520,2,1,115)
w(19,2,1,115)
w(56,3,1,115)
w(23,6,1,115)
w(5,4,1,115)
w(50,5,1,115)
w(160,2,2,116)
w(164,2,2,116)
w(140,3,2,116)
r(498,2,2,116)
w(142,2,2,116)
r(184,3,2,116)
w(120,2,2,116)
w(136,3,2,116)
w(138,5,2,116)
r(180,5,2,116)
w(149,4,2,116)
w(115,8,2,116)
w(171,4,2,116)
w(164,3,2,116)
w(143,3,2,116)
r(295,2,2,116)
r(340,2,2,116)
r(357,1,2,116)
w(135,7,2,116)
r(38,3,2,116)
r(29,4,3,117)
w(236,4,3,117)
r(432,1,3,117)
r(130,1,3,117)
r(80,5,3,117)
w(206,6,3,117)
r(438,5,3,117)
r(302,1,3,117)
r(410,1,3,117)
r(327,3,3,117)
w(187,3,3,117)
r(308,1,3,117)
r(74,2,3,117)
w(206,7,3,117)
w(215,6,3,117)
r(516,1,3,117)
r(471,1,3,117)
w(216,2,3,117)
w(244,3,3,117)
w(186,7,3,117)
r(411,3,4,118)
r(28,3,4,118)
r(513,4,4,118)
r(236,4,4,118)
w(329,3,4,118)
w(313,2,4,118)
w(326,3,4,118)
r(400,3,4,118)
r(62,3,4,118)
w(339,5,4,118)
r(313,2,4,118)
r(196,3,4,118)
w(296,2,4,118)
r(484,3,4,118)
r(409,3,4,118)
r(385,2,4,118)
w(330,7,4,118)
r(471,1,4,118)
r(298,4,4,118)
w(276,5,4,118)
r(507,3,5,119)
w(436,3,5,119)
w(427,7,5,119)
r(119,2,5,119)
r(227,2,5,119)
w(394,3,5,119)
w(449,4,5,119)
w(366,6,5,119)
r(384,3,5,119)
w(367,4,5,119)
w(405,3,5,119)
r(377,2,5,119)
r(409,2,5,119)
r(456,3,5,119)
r(445,3,5,119)
w(377,3,5,119)
r(506,2,5,119)
r(158,3,5,119)
r(501,2,5,119)
r(467,3,5,119)
r(172,1,6,120)
r(229,4,6,120)
r(166,1,6,120)
r(380,2,6,120)
w(495,4,6,120)
r(79,1,6,120)
w(537,3,6,120)
r(213,3,6,120)
w(521,3,6,120)
w(451,5,6,120)
r(186,7,6,120)
r(414,4,6,120)
r(134,1,6,120)
w(501,3,6,120)
r(40,3,6,120)
w(497,5,6,120)
r(328,4,6,120)
r(207,3,6,120)
w(510,3,6,120)
w(510,4,6,120)
r(125,3,1,121)
w(80,6,1,121)
r(385,2,1,121)
w(43,3,1,121)
r(440,1,1,121)
w(31,3,1,121)
w(28,3,1,121)
w(48,4,1,121)
r(447,6,1,121)
r(160,1,1,121)
w(43,4,1,121)
r(92,1,1,121)
w(10,3,1,121)
r(288,5,1,121)
r(486,4,1,121)
r(539,3,1,121)
r(214,1,1,121)
r(177,4,1,121)
r(247,1,1,121)
w(77,2,1,121)
w(129,4,2,122)
r(87,3,2,122)
w(125,4,2,122)
r(337,3,2,122)
w(115,9,2,122)
w(123,4,2,122)
w(177,5,2,122)
r(403,4,2,122)
w(180,6,2,122)
w(139,5,2,122)
w(161,6,2,122)
w(152,4,2,122)
r(180,6,2,122)
w(98,4,2,122)
r(253,3,2,122)
w(167,3,2,122)
r(443,2,2,122)
r(455,2,2,122)
r(158,4,2,122)
w(105,7,2,122)
w(237,5,3,123)
r(467,3,3,123)
w(235,5,3,123)
w(190,2,3,123)
w(237,6,3,123)
r(498,2,3,123)
r(469,4,3,123)
r(133,4,3,123)
r(29,4,3,123)
r(258,4,3,123)
r(312,2,3,123)
r(260,3,3,123)
w(268,5,3,123)
w(190,3,3,123)
r(328,4,3,123)
w(190,4,3,123)
w(199,4,3,123)
w(194,4,3,123)
w(215,7,3,123)
r(153,2,3,123)
r(485,4,4,124)
r(323,2,4,124)
w(355,3,4,124)
w(305,4,4,124)
r(317,4,4,124)
r(78,1,4,124)
w(328,5,4,124)
r(107,5,4,124)
w(312,3,4,124)
w(340,3,4,124)
r(383,2,4,124)
r(240,7,4,124)
r(278,3,4,124)
r(126,5,4,124)
w(313,3,4,124)
r(270,3,4,124)
r(93,6,4,124)
r(459,3,4,124)
r(304,4,4,124)
r(431,2,4,124)
w(446,5,5,125)
w(434,4,5,125)
r(510,2,5,125)
r(228,4,5,125)
r(174,3,5,125)
r(441,1,5,125)
r(67,4,5,125)
w(424,3,5,125)
w(415,6,5,125)
r(207,3,5,125)
w(367,5,5,125)
r(436,3,5,125)
w(394,4,5,125)
r(399,3,5,125)
w(444,5,5,125)
w(444,6,5,125)
r(129,3,5,125)
r(118,5,5,125)
r(57,3,5,125)
r(240,7,5,125)
r(338,2,6,126)
w(519,5,6,126)
r(96,5,6,126)
r(36,3,6,126)
r(112,4,6,126)
w(465,4,6,126)
w(510,5,6,126)
r(321,4,6,126)
w(497,6,6,126)
w(503,4,6,126)
r(384,3,6,126)
r(485,4,6,126)
r(528,3,6,126)
w(518,3,6,126)
w(501,4,6,126)
r(310,4,6,126)
r(374,4,6,126)
r(157,4,6,126)
w(503,5,6,126)
w(463,2,6,126)
w(84,4,1,127)
w(26,4,1,127)
w(88,6,1,127)
w(76,3,1,127)
w(74,3,1,127)
r(281,1,1,127)
w(46,4,1,127)
w(12,3,1,127)
r(467,3,1,127)
w(61,4,1,127)
w(81,2,1,127)
r(296,1,1,127)
w(85,4,1,127)
w(57,4,1,127)
w(86,5,1,127)
r(13,4,1,127)
w(1,5,1,127)
w(22,4,1,127)
w(27,2,1,127)
r(15,3,1,127)
r(310,5,2,128)
r(124,3,2,128)
w(140,4,2,128)
r(218,4,2,128)
w(173,3,2,128)
w(96,6,2,128)
r(282,4,2,128)
r(406,5,2,128)
w(146,2,2,128)
w(116,4,2,128)
r(12,3,2,128)
r(231,5,2,128)
r(274,3,2,128)
r(459,3,2,128)
w(94,2,2,128)
r(455,2,2,128)
w(117,2,2,128)
w(125,5,2,128)
r(68,6,2,128)
r(149,4,2,128)
r(200,2,3,129)
w(223,3,3,129)
r(54,1,3,129)
w(201,5,3,129)
r(273,6,3,129)
r(67,4,3,129)
w(260,4,3,129)
r(133,4,3,129)
w(217,4,3,129)
w(235,6,3,129)
w(258,5,3,129)
r(124,3,3,129)
r(73,6,3,129)
w(192,3,3,129)
w(195,2,3,129)
w(203,4,3,129)
r(110,2,3,129)
w(218,4,3,129)
r(236,4,3,129)
w(194,5,3,129)
r(324,3,4,130)
r(313,3,4,130)
r(427,7,4,130)
w(316,7,4,130)
w(293,5,4,130)
r(220,4,4,130)
w(339,6,4,130)
w(319,3,4,130)
w(308,3,4,130)
w(290,3,4,130)
r(53,2,4,130)
w(355,4,4,130)
r(212,6,4,130)
r(63,4,4,130)
w(310,5,4,130)
r(59,4,4,130)
r(126,5,4,130)
r(264,3,4,130)
w(343,3,4,130)
w(332,3,4,130)
r(137,5,5,131)
w(371,6,5,131)
r(7,1,5,131)
w(400,3,5,131)
r(31,3,5,131)
r(343,2,5,131)
r(398,3,5,131)
r(136,2,5,131)
r(535,3,5,131)
w(372,3,5,131)
w(418,2,5,131)
w(406,5,5,131)
w(423,3,5,131)
w(416,4,5,131)
w(445,4,5,131)
r(442,2,5,131)
w(423,4,5,131)
r(420,4,5,131)
w(409,3,5,131)
w(405,4,5,131)
w(510,6,6,132)
r(138,5,6,132)
r(530,4,6,132)
w(473,4,6,132)
w(458,3,6,132)
w(484,4,6,132)
w(491,6,6,132)
w(533,4,6,132)
r(4,5,6,132)
w(468,4,6,132)
w(503,6,6,132)
w(458,4,6,132)
r(478,3,6,132)
r(465,4,6,132)
w(503,7,6,132)
r(26,4,6,132)
w(476,4,6,132)
r(393,5,6,132)
r(269,3,6,132)
r(451,5,6,132)
w(31,4,1,133)
w(72,4,1,133)
w(3,3,1,133)
r(513,4,1,133)
w(32,4,1,133)
w(14,6,1,133)
r(467,3,1,133)
w(81,3,1,133)
r(202,6,1,133)
w(36,4,1,133)
w(24,5,1,133)
w(67,5,1,133)
w(68,6,1,133)
r(142,2,1,133)
r(107,5,1,133)
w(76,4,1,133)
r(36,4,1,133)
r(231,5,1,133)
w(45,3,1,133)
r(209,2,1,133)
r(412,4,2,134)
w(167,4,2,134)
r(488,4,2,134)
r(158,4,2,134)
w(138,6,2,134)
r(57,6,2,134)
w(147,4,2,134)
r(520,2,2,134)
w(143,4,2,134)
w(140,5,2,134)
w(167,5,2,134)
w(164,4,2,134)
w(139,6,2,134)
r(533,4,2,134)
w(179,3,2,134)
r(263,5,2,134)
r(118,5,2,134)
r(474,4,2,134)
r(23,6,2,134)
w(112,5,2,134)
w(202,7,3,135)
r(106,3,3,135)
r(25,3,3,135)
w(243,4,3,135)
r(470,4,3,135)
w(210,4,3,135)
w(226,4,3,135)
w(266,3,3,135)
w(199,5,3,135)
r(251,4,3,135)
w(200,3,3,135)
r(22,4,3,135)
r(373,2,3,135)
w(225,6,3,135)
w(203,5,3,135)
r(43,4,3,135)
w(263,4,3,135)
r(143,3,3,135)
w(267,3,3,135)
r(368,3,3,135)
r(188,3,4,136)
w(273,7,4,136)
r(444,7,4,136)
w(345,6,4,136)
w(353,5,4,136)
r(44,2,4,136)
w(335,2,4,136)
r(357,1,4,136)
w(355,5,4,136)
r(307,6,4,136)
r(32,4,4,136)
r(269,4,4,136)
w(316,8,4,136)
r(217,4,4,136)
r(98,4,4,136)
r(342,2,4,136)
r(224,2,4,136)
w(277,3,4,136)
w(281,2,4,136)
w(342,3,4,136)
w(439,2,5,137)
w(438,6,5,137)
r(241,2,5,137)
w(439,3,5,137)
w(444,7,5,137)
r(166,1,5,137)
w(425,4,5,137)
r(319,2,5,137)
r(490,2,5,137)
r(86,5,5,137)
w(403,4,5,137)
w(407,4,5,137)
r(253,3,5,137)
r(12,3,5,137)
w(424,4,5,137)
w(370,3,5,137)
w(365,7,5,137)
r(207,3,5,137)
w(381,5,5,137)
w(429,3,5,137)
w(492,5,6,138)
r(489,2,6,138)
r(404,3,6,138)
r(269,3,6,138)
r(394,4,6,138)
r(21,2,6,138)
w(534,3,6,138)
r(157,4,6,138)
r(248,4,6,138)
w(488,3,6,138)
r(381,5,6,138)
r(197,2,6,138)
r(524,7,6,138)
w(482,5,6,138)
r(111,1,6,138)
w(462,6,6,138)
r(484,4,6,138)
r(324,3,6,138)
w(462,7,6,138)
r(330,7,6,138)
r(266,3,1,139)
w(80,7,1,139)
r(337,3,1,139)
w(21,3,1,139)
w(84,5,1,139)
w(57,5,1,139)
r(401,3,1,139)
w(45,4,1,139)
r(262,5,1,139)
w(59,4,1,139)
w(66,4,1,139)
w(84,6,1,139)
w(74,4,1,139)
r(328,5,1,139)
r(192,3,1,139)
r(402,4,1,139)
w(27,3,1,139)
w(40,4,1,139)
r(298,4,1,139)
w(57,6,1,139)
r(485,4,2,140)
w(159,6,2,140)
r(423,4,2,140)
r(222,3,2,140)
w(109,2,2,140)
r(291,3,2,140)
w(108,6,2,140)
w(107,6,2,140)
r(112,5,2,140)
w(105,8,2,140)
w(129,5,2,140)
w(130,2,2,140)
w(154,3,2,140)
r(95,4,2,140)
w(102,6,2,140)
w(91,4,2,140)
w(165,4,2,140)
w(157,5,2,140)
r(452,4,2,140)
w(122,4,2,140)
w(244,4,3,141)
w(216,3,3,141)
w(214,2,3,141)
w(263,5,3,141)
r(23,6,3,141)
r(155,4,3,141)
w(229,5,3,141)
w(261,4,3,141)
r(4,5,3,141)
r(524,7,3,141)
r(425,4,3,141)
w(238,3,3,141)
w(191,5,3,141)
r(435,6,3,141)
r(226,4,3,141)
w(202,8,3,141)
r(144,3,3,141)
r(27,3,3,141)
w(226,5,3,141)
w(192,4,3,141)
w(292,3,4,142)
r(197,2,4,142)
r(368,3,4,142)
r(374,4,4,142)
r(28,4,4,142)
r(415,8,4,142)
r(287,2,4,142)
w(275,6,4,142)
w(292,4,4,142)
w(353,6,4,142)
w(283,2,4,142)
r(55,8,4,142)
w(273,9,4,142)
w(274,4,4,142)
r(155,4,4,142)
w(313,4,4,142)
w(328,6,4,142)
r(526,5,4,142)
r(79,2,4,142)
w(291,4,4,142)
w(393,6,5,143)
r(483,3,5,143)
w(384,4,5,143)
r(71,3,5,143)
w(369,4,5,143)
r(320,5,5,143)
w(402,4,5,143)
r(68,6,5,143)
w(408,4,5,143)
w(375,5,5,143)
r(429,3,5,143)
w(435,6,5,143)
r(428,2,5,143)
w(371,7,5,143)
r(526,4,5,143)
r(121,1,5,143)
r(165,3,5,143)
w(371,8,5,143)
r(385,2,5,143)
w(398,4,5,143)
r(281,1,6,144)
w(527,2,6,144)
w(517,6,6,144)
r(5,4,6,144)
r(76,4,6,144)
w(497,7,6,144)
r(530,4,6,144)
w(488,4,6,144)
w(497,8,6,144)
w(494,4,6,144)
r(137,5,6,144)
r(473,4,6,144)
w(487,4,6,144)
w(492,6,6,144)
w(458,5,6,144)
r(70,3,6,144)
r(404,3,6,144)
w(512,3,6,144)
r(353,4,6,144)
r(188,3,6,144)
r(277,2,1,145)
r(136,3,1,145)
w(38,4,1,145)
r(527,2,1,145)
r(130,1,1,145)
r(408,4,1,145)
r(511,5,1,145)
w(77,3,1,145)
w(6,6,1,145)
r(92,1,1,145)
r(258,5,1,145)
r(474,4,1,145)
r(61,4,1,145)
r(206,7,1,145)
w(70,4,1,145)
w(84,7,1,145)
w(54,2,1,145)
r(522,3,1,145)
r(415,6,1,145)
w(64,2,1,145)
r(478,4,2,146)
r(261,4,2,146)
r(175,3,2,146)
r(459,3,2,146)
w(131,3,2,146)
w(162,6,2,146)
w(138,7,2,146)
r(151,4,2,146)
w(129,6,2,146)
r(211,2,2,146)
w(170,5,2,146)
r(361,3,2,146)
w(152,5,2,146)
r(522,3,2,146)
w(94,3,2,146)
r(22,4,2,146)
r(216,3,2,146)
r(168,7,2,146)
w(121,2,2,146)
r(398,5,2,146)
w(212,7,3,147)
w(231,6,3,147)
r(478,3,3,147)
r(394,4,3,147)
w(232,4,3,147)
r(486,4,3,147)
w(208,8,3,147)
r(113,3,3,147)
w(234,2,3,147)
w(215,8,3,147)
w(269,4,3,147)
w(223,4,3,147)
w(238,4,3,147)
r(490,2,3,147)
w(245,4,3,147)
w(249,5,3,147)
r(194,5,3,147)
w(211,2,3,147)
w(208,9,3,147)
r(475,4,3,147)
r(333,5,4,148)
w(351,3,4,148)
w(351,4,4,148)
w(337,4,4,148)
w(281,3,4,148)
r(456,3,4,148)
r(206,7,4,148)
r(348,3,4,148)
w(355,6,4,148)
w(328,7,4,148)
w(313,5,4,148)
w(316,9,4,148)
w(337,5,4,148)
w(271,7,4,148)
r(137,6,4,148)
w(303,5,4,148)
w(339,7,4,148)
r(468,4,4,148)
w(305,5,4,148)
r(160,2,4,148)
r(314,5,5,149)
w(363,5,5,149)
r(29,4,5,149)
r(435,6,5,149)
w(422,4,5,149)
r(186,7,5,149)
r(371,8,5,149)
r(451,5,5,149)
w(381,6,5,149)
r(274,3,5,149)
w(375,6,5,149)
r(23,6,5,149)
r(271,5,5,149)
r(215,7,5,149)
w(405,5,5,149)
r(228,4,5,149)
w(377,4,5,149)
r(254,5,5,149)
r(204,6,5,149)
w(361,3,5,149)
w(475,4,6,150)
w(476,5,6,150)
r(183,3,6,150)
w(451,6,6,150)
r(441,1,6,150)
r(135,7,6,150)
w(516,2,6,150)
r(128,4,6,150)
r(239,2,6,150)
r(144,3,6,150)
w(519,6,6,150)
w(500,3,6,150)
w(463,3,6,150)
r(439,3,6,150)
w(515,3,6,150)
w(462,8,6,150)
r(267,3,6,150)
r(246,1,6,150)
r(478,3,6,150)
w(470,5,6,150)
r(145,7,1,151)
r(317,4,1,151)
w(4,6,1,151)
w(37,2,1,151)
r(322,4,1,151)
w(1,6,1,151)
w(79,2,1,151)
r(128,4,1,151)
r(409,3,1,151)
w(17,5,1,151)
w(20,5,1,151)
r(481,4,1,151)
w(13,5,1,151)
w(56,4,1,151)
w(30,4,1,151)
w(62,4,1,151)
w(58,3,1,151)
w(60,3,1,151)
r(446,5,1,151)
w(81,4,1,151)
r(141,4,2,152)
w(103,4,2,152)
w(104,3,2,152)
w(137,6,2,152)
w(171,5,2,152)
w(91,5,2,152)
r(199,5,2,152)
w(99,4,2,152)
w(127,3,2,152)
r(392,3,2,152)
w(161,7,2,152)
w(131,4,2,152)
r(485,4,2,152)
w(101,5,2,152)
r(287,2,2,152)
r(43,4,2,152)
w(132,3,2,152)
r(21,5,2,152)
w(149,5,2,152)
w(177,6,2,152)
r(56,4,3,153)
w(259,5,3,153)
w(249,6,3,153)
r(312,3,3,153)
w(249,7,3,153)
r(482,5,3,153)
w(251,5,3,153)
w(188,4,3,153)
r(201,5,3,153)
r(353,5,3,153)
r(429,4,3,153)
r(43,4,3,153)
r(62,4,3,153)
r(45,4,3,153)
r(237,6,3,153)
r(526,4,3,153)
w(243,5,3,153)
w(198,4,3,153)
r(343,3,3,153)
w(210,5,3,153)
r(526,5,4,154)
w(273,10,4,154)
r(34,5,4,154)
w(296,3,4,154)
w(332,6,4,154)
r(122,4,4,154)
r(387,5,4,154)
r(92,1,4,154)
r(283,2,4,154)
w(278,4,4,154)
w(341,5,4,154)
w(327,4,4,154)
w(289,2,4,154)
w(292,5,4,154)
r(202,8,4,154)
r(23,6,4,154)
w(358,3,4,154)
r(172,1,4,154)
w(286,4,4,154)
r(291,4,4,154)
r(221,2,5,155)
r(311,4,5,155)
w(403,5,5,155)
r(257,3,5,155)
w(378,4,5,155)
r(532,4,5,155)
r(8,3,5,155)
w(393,7,5,155)
w(403,6,5,155)
w(376,5,5,155)
r(128,4,5,155)
r(149,4,5,155)
w(364,3,5,155)
w(398,5,5,155)
r(420,4,5,155)
r(307,6,5,155)
w(369,5,5,155)
w(429,4,5,155)
w(441,2,5,155)
r(254,5,5,155)
w(455,3,6,156)
w(536,6,6,156)
w(475,5,6,156)
w(499,4,6,156)
r(119,2,6,156)
w(474,5,6,156)
w(514,5,6,156)
r(271,5,6,156)
w(521,4,6,156)
w(507,4,6,156)
w(486,5,6,156)
r(330,7,6,156)
w(517,7,6,156)
r(213,3,6,156)
r(419,2,6,156)
r(62,4,6,156)
w(503,8,6,156)
r(33,4,6,156)
w(479,3,6,156)
r(484,4,6,156)
r(17,5,1,157)
w(90,2,1,157)
w(76,5,1,157)
r(40,4,1,157)
r(352,3,1,157)
w(73,7,1,157)
r(89,6,1,157)
r(270,3,1,157)
w(4,7,1,157)
w(55,8,1,157)
w(33,5,1,157)
r(96,6,1,157)
r(301,3,1,157)
w(6,7,1,157)
r(2,1,1,157)
r(86,5,1,157)
w(32,5,1,157)
w(86,6,1,157)
w(61,5,1,157)
w(21,4,1,157)
r(327,3,2,158)
w(138,8,2,158)
w(180,7,2,158)
r(375,6,2,158)
w(100,6,2,158)
w(163,2,2,158)
r(118,5,2,158)
w(105,9,2,158)
r(129,6,2,158)
r(315,3,2,158)
r(277,3,2,158)
r(325,3,2,158)
r(53,2,2,158)
r(160,2,2,158)
w(132,4,2,158)
w(109,3,2,158)
w(153,3,2,158)
r(277,3,2,158)
r(2,1,2,158)
w(106,4,2,158)
w(226,6,3,159)
r(69,4,3,159)
r(392,2,3,159)
w(217,5,3,159)
r(477,4,3,159)
r(368,3,3,159)
w(191,6,3,159)
r(32,6,3,159)
w(255,2,3,159)
w(263,6,3,159)
w(255,3,3,159)
r(291,3,3,159)
r(371,8,3,159)
w(200,4,3,159)
r(483,3,3,159)
r(399,3,3,159)
r(70,4,3,159)
r(113,3,3,159)
w(257,4,3,159)
r(92,1,3,159)
r(107,7,4,160)
r(44,2,4,160)
w(326,4,4,160)
w(333,7,4,160)
r(300,4,4,160)
w(328,8,4,160)
r(203,5,4,160)
w(318,5,4,160)
w(299,4,4,160)
r(436,4,4,160)
r(491,8,4,160)
w(323,3,4,160)
r(323,3,4,160)
w(298,5,4,160)
r(39,7,4,160)
w(277,4,4,160)
r(409,3,4,160)
r(425,4,4,160)
r(467,3,4,160)
r(56,4,4,160)
r(185,2,5,161)
r(475,5,5,161)
w(389,3,5,161)
w(436,4,5,161)
w(427,8,5,161)
r(218,4,5,161)
r(29,4,5,161)
r(531,3,5,161)
r(379,4,5,161)
w(433,7,5,161)
r(413,3,5,161)
r(209,2,5,161)
r(107,5,5,161)
w(410,2,5,161)
w(411,4,5,161)
r(27,3,5,161)
r(397,3,5,161)
r(355,5,5,161)
r(247,1,5,161)
w(404,4,5,161)
r(465,4,6,162)
w(527,3,6,162)
w(529,4,6,162)
w(538,2,6,162)
w(482,6,6,162)
w(478,4,6,162)
w(511,6,6,162)
r(425,4,6,162)
w(461,5,6,162)
r(132,2,6,162)
r(120,2,6,162)
r(328,5,6,162)
r(232,4,6,162)
r(269,4,6,162)
w(492,7,6,162)
r(245,4,6,162)
r(519,6,6,162)
w(466,4,6,162)
r(381,6,6,162)
r(89,6,6,162)
w(6,8,1,163)
r(514,5,1,163)
r(444,7,1,163)
w(8,4,1,163)
w(20,6,1,163)
w(28,4,1,163)
r(383,2,1,163)
r(417,5,1,163)
r(239,2,1,163)
w(52,4,1,163)
w(74,5,1,163)
r(120,2,1,163)
w(84,8,1,163)
r(143,4,1,163)
w(77,4,1,163)
w(32,6,1,163)
w(45,5,1,163)
r(200,3,1,163)
w(31,5,1,163)
w(67,6,1,163)
r(309,1,2,164)
r(492,8,2,164)
r(482,6,2,164)
w(163,3,2,164)
w(150,6,2,164)
r(366,7,2,164)
r(347,6,2,164)
w(159,7,2,164)
r(124,3,2,164)
r(307,6,2,164)
w(101,6,2,164)
w(158,5,2,164)
w(116,5,2,164)
w(147,5,2,164)
w(131,5,2,164)
w(176,5,2,164)
w(97,5,2,164)
r(50,5,2,164)
r(343,3,2,164)
w(143,5,2,164)
r(297,3,3,165)
w(237,7,3,165)
w(232,5,3,165)
r(454,4,3,165)
w(236,5,3,165)
r(371,8,3,165)
w(233,4,3,165)
w(204,7,3,165)
r(175,3,3,165)
r(6,8,3,165)
w(232,6,3,165)
r(480,4,3,165)
r(521,4,3,165)
w(249,8,3,165)
r(164,4,3,165)
r(7,1,3,165)
w(182,4,3,165)
w(210,6,3,165)
r(63,4,3,165)
w(235,7,3,165)
r(260,4,4,166)
w(272,3,4,166)
w(293,6,4,166)
r(338,2,4,166)
w(313,6,4,166)
r(352,3,4,166)
r(409,3,4,166)
r(182,4,4,166)
w(271,8,4,166)
w(326,5,4,166)
w(352,4,4,166)
w(345,7,4,166)
r(52,5,4,166)
w(344,6,4,166)
r(404,4,4,166)
r(337,5,4,166)
r(497,8,4,166)
w(311,5,4,166)
w(318,6,4,166)
r(175,3,4,166)
r(458,5,5,167)
r(420,4,5,167)
w(403,7,5,167)
r(454,4,5,167)
r(204,6,5,167)
w(386,6,5,167)
w(372,4,5,167)
w(441,3,5,167)
w(415,7,5,167)
r(93,6,5,167)
w(447,7,5,167)
w(388,5,5,167)
r(18,5,5,167)
w(438,7,5,167)
w(415,8,5,167)
w(392,3,5,167)
r(147,4,5,167)
r(288,5,5,167)
r(353,5,5,167)
w(443,3,5,167)
w(528,4,6,168)
r(244,4,6,168)
w(535,4,6,168)
r(399,3,6,168)
w(496,6,6,168)
r(315,3,6,168)
w(472,5,6,168)
w(526,5,6,168)
w(529,5,6,168)
r(430,3,6,168)
w(491,7,6,168)
w(469,5,6,168)
w(511,7,6,168)
r(154,3,6,168)
w(522,4,6,168)
w(503,9,6,168)
w(492,8,6,168)
w(481,5,6,168)
r(396,3,6,168)
w(515,4,6,168)
r(366,6,1,169)
r(516,2,1,169)
w(52,5,1,169)
r(94,3,1,169)
w(40,5,1,169)
w(21,5,1,169)
r(89,6,1,169)
r(96,6,1,169)
w(20,7,1,169)
r(402,4,1,169)
r(49,2,1,169)
w(12,4,1,169)
r(299,3,1,169)
r(422,4,1,169)
w(3,4,1,169)
r(97,4,1,169)
w(77,5,1,169)
w(24,6,1,169)
w(62,5,1,169)
w(36,5,1,169)
r(63,4,2,170)
w(119,3,2,170)
w(107,7,2,170)
w(126,6,2,170)
w(109,4,2,170)
r(40,5,2,170)
r(352,3,2,170)
r(316,9,2,170)
r(54,2,2,170)
r(260,4,2,170)
r(407,4,2,170)
w(98,5,2,170)
w(111,2,2,170)
w(145,8,2,170)
w(163,4,2,170)
r(443,3,2,170)
r(231,6,2,170)
r(413,3,2,170)
r(482,6,2,170)
r(78,2,2,170)
r(5,4,3,171)
w(193,3,3,171)
w(226,7,3,171)
r(42,1,3,171)
w(243,6,3,171)
w(256,4,3,171)
r(414,5,3,171)
w(225,7,3,171)
w(228,5,3,171)
r(238,4,3,171)
r(287,2,3,171)
w(240,8,3,171)
r(487,4,3,171)
w(190,5,3,171)
r(394,4,3,171)
r(206,7,3,171)
r(258,5,3,171)
w(226,8,3,171)
r(352,3,3,171)
w(270,4,3,171)
r(9,3,5,172)
w(379,5,5,172)
w(402,5,5,172)
r(120,2,5,172)
r(231,6,5,172)
r(459,3,5,172)
w(390,5,5,172)
w(442,3,5,172)
r(342,3,5,172)
r(224,2,5,172)
w(430,4,5,172)
w(426,4,5,172)
r(8,4,5,172)
w(382,6,5,172)
r(93,6,5,172)
w(382,7,5,172)
r(140,5,5,172)
w(429,5,5,172)
w(362,2,5,172)
w(414,5,5,172)
r(191,6,6,173)
r(167,5,6,173)
w(484,5,6,173)
r(507,4,6,173)
r(461,5,6,173)
r(496,6,6,173)
r(88,6,6,173)
w(530,5,6,173)
r(373,2,6,173)
w(517,8,6,173)
w(465,5,6,173)
w(494,5,6,173)
w(530,6,6,173)
w(472,6,6,173)
r(360,1,6,173)
w(511,8,6,173)
w(489,3,6,173)
w(486,6,6,173)
r(18,5,6,173)
w(493,5,6,173)
w(62,6,1,174)
w(79,3,1,174)
r(31,5,1,174)
w(30,5,1,174)
r(432,1,1,174)
r(261,4,1,174)
w(34,5,1,174)
r(376,5,1,174)
w(16,2,1,174)
r(533,4,1,174)
r(146,2,1,174)
r(222,3,1,174)
w(58,4,1,174)
w(66,5,1,174)
r(486,6,1,174)
w(78,2,1,174)
r(86,6,1,174)
r(498,2,1,174)
r(239,2,1,174)
w(21,6,1,174)
w(164,5,2,175)
r(30,5,2,175)
w(141,5,2,175)
r(160,2,2,175)
r(540,1,2,175)
r(433,7,2,175)
r(539,3,2,175)
r(263,6,2,175)
r(218,4,2,175)
w(97,6,2,175)
w(157,6,2,175)
r(88,6,2,175)
w(119,4,2,175)
w(169,5,2,175)
w(164,6,2,175)
r(54,2,2,175)
r(411,4,2,175)
r(106,4,2,175)
r(403,7,2,175)
w(168,8,2,175)
w(221,3,3,176)
r(534,3,3,176)
r(447,7,3,176)
r(401,3,3,176)
r(301,3,3,176)
r(181,4,3,176)
r(155,4,3,176)
w(250,5,3,176)
w(247,2,3,176)
w(244,5,3,176)
r(115,9,3,176)
w(227,3,3,176)
w(255,4,3,176)
r(79,3,3,176)
w(234,3,3,176)
w(227,4,3,176)
r(404,4,3,176)
w(205,6,3,176)
r(136,3,3,176)
w(213,4,3,176)
w(366,7,5,177)
w(370,4,5,177)
r(80,7,5,177)
w(386,7,5,177)
r(409,3,5,177)
r(393,7,5,177)
w(420,5,5,177)
w(422,5,5,177)
w(450,5,5,177)
w(396,4,5,177)
r(224,2,5,177)
w(396,5,5,177)
w(395,4,5,177)
r(448,6,5,177)
r(537,3,5,177)
w(423,5,5,177)
r(139,6,5,177)
r(263,6,5,177)
r(5,4,5,177)
w(391,5,5,177)
r(142,2,6,178)
w(504,3,6,178)
w(478,5,6,178)
w(458,6,6,178)
r(224,2,6,178)
r(441,3,6,178)
w(483,4,6,178)
w(464,3,6,178)
r(173,3,6,178)
w(520,3,6,178)
w(491,8,6,178)
r(5,4,6,178)
w(511,9,6,178)
r(81,4,6,178)
r(447,7,6,178)
r(249,8,6,178)
w(458,7,6,178)
r(95,4,6,178)
r(166,1,6,178)
w(456,4,6,178)
