w(1,1,0,0)
w(2,1,0,0)
w(3,1,0,0)
w(4,1,0,0)
w(5,1,0,0)
w(6,1,0,0)
w(7,1,0,0)
w(8,1,0,0)
w(9,1,0,0)
w(10,1,0,0)
w(11,1,0,0)
w(12,1,0,0)
w(13,1,0,0)
w(14,1,0,0)
w(15,1,0,0)
w(16,1,0,0)
w(17,1,0,0)
w(18,1,0,0)
w(19,1,0,0)
w(20,1,0,0)
w(21,1,0,0)
w(22,1,0,0)
w(23,1,0,0)
w(24,1,0,0)
w(25,1,0,0)
w(26,1,0,0)
w(27,1,0,0)
w(28,1,0,0)
w(29,1,0,0)
w(30,1,0,0)
w(31,1,0,0)
w(32,1,0,0)
w(33,1,0,0)
w(34,1,0,0)
w(35,1,0,0)
w(36,1,0,0)
w(37,1,0,0)
w(38,1,0,0)
w(39,1,0,0)
w(40,1,0,0)
w(41,1,0,0)
w(42,1,0,0)
w(43,1,0,0)
w(44,1,0,0)
w(45,1,0,0)
w(46,1,0,0)
w(47,1,0,0)
w(48,1,0,0)
w(49,1,0,0)
w(50,1,0,0)
w(51,1,0,0)
w(52,1,0,0)
w(53,1,0,0)
w(54,1,0,0)
w(55,1,0,0)
w(56,1,0,0)
w(57,1,0,0)
w(58,1,0,0)
w(59,1,0,0)
w(60,1,0,0)
w(61,1,0,0)
w(62,1,0,0)
w(63,1,0,0)
w(64,1,0,0)
w(65,1,0,0)
w(66,1,0,0)
w(67,1,0,0)
w(68,1,0,0)
w(69,1,0,0)
w(70,1,0,0)
w(71,1,0,0)
w(72,1,0,0)
w(73,1,0,0)
w(74,1,0,0)
w(75,1,0,0)
w(76,1,0,0)
w(77,1,0,0)
w(78,1,0,0)
w(79,1,0,0)
w(80,1,0,0)
w(81,1,0,0)
w(82,1,0,0)
w(83,1,0,0)
w(84,1,0,0)
w(85,1,0,0)
w(86,1,0,0)
w(87,1,0,0)
w(88,1,0,0)
w(89,1,0,0)
w(90,1,0,0)
w(91,1,0,0)
w(92,1,0,0)
w(93,1,0,0)
w(94,1,0,0)
w(95,1,0,0)
w(96,1,0,0)
w(97,1,0,0)
w(98,1,0,0)
w(99,1,0,0)
w(100,1,0,0)
w(101,1,0,0)
w(102,1,0,0)
w(103,1,0,0)
w(104,1,0,0)
w(105,1,0,0)
w(106,1,0,0)
w(107,1,0,0)
w(108,1,0,0)
w(109,1,0,0)
w(110,1,0,0)
w(111,1,0,0)
w(112,1,0,0)
w(113,1,0,0)
w(114,1,0,0)
w(115,1,0,0)
w(116,1,0,0)
w(117,1,0,0)
w(118,1,0,0)
w(119,1,0,0)
w(120,1,0,0)
w(121,1,0,0)
w(122,1,0,0)
w(123,1,0,0)
w(124,1,0,0)
w(125,1,0,0)
w(126,1,0,0)
w(127,1,0,0)
w(128,1,0,0)
w(129,1,0,0)
w(130,1,0,0)
w(131,1,0,0)
w(132,1,0,0)
w(133,1,0,0)
w(134,1,0,0)
w(135,1,0,0)
w(136,1,0,0)
w(137,1,0,0)
w(138,1,0,0)
w(139,1,0,0)
w(140,1,0,0)
w(141,1,0,0)
w(142,1,0,0)
w(143,1,0,0)
w(144,1,0,0)
w(145,1,0,0)
w(146,1,0,0)
w(147,1,0,0)
w(148,1,0,0)
w(149,1,0,0)
w(150,1,0,0)
w(151,1,0,0)
w(152,1,0,0)
w(153,1,0,0)
w(154,1,0,0)
w(155,1,0,0)
w(156,1,0,0)
w(157,1,0,0)
w(158,1,0,0)
w(159,1,0,0)
w(160,1,0,0)
w(161,1,0,0)
w(162,1,0,0)
w(163,1,0,0)
w(164,1,0,0)
w(165,1,0,0)
w(166,1,0,0)
w(167,1,0,0)
w(168,1,0,0)
w(169,1,0,0)
w(170,1,0,0)
w(171,1,0,0)
w(172,1,0,0)
w(173,1,0,0)
w(174,1,0,0)
w(175,1,0,0)
w(176,1,0,0)
w(177,1,0,0)
w(178,1,0,0)
w(179,1,0,0)
w(180,1,0,0)
w(181,1,0,0)
w(182,1,0,0)
w(183,1,0,0)
w(184,1,0,0)
w(185,1,0,0)
w(186,1,0,0)
w(187,1,0,0)
w(188,1,0,0)
w(189,1,0,0)
w(190,1,0,0)
w(191,1,0,0)
w(192,1,0,0)
w(193,1,0,0)
w(194,1,0,0)
w(195,1,0,0)
w(196,1,0,0)
w(197,1,0,0)
w(198,1,0,0)
w(199,1,0,0)
w(200,1,0,0)
w(201,1,0,0)
w(202,1,0,0)
w(203,1,0,0)
w(204,1,0,0)
w(205,1,0,0)
w(206,1,0,0)
w(207,1,0,0)
w(208,1,0,0)
w(209,1,0,0)
w(210,1,0,0)
w(211,1,0,0)
w(212,1,0,0)
w(213,1,0,0)
w(214,1,0,0)
w(215,1,0,0)
w(216,1,0,0)
w(217,1,0,0)
w(218,1,0,0)
w(219,1,0,0)
w(220,1,0,0)
w(221,1,0,0)
w(222,1,0,0)
w(223,1,0,0)
w(224,1,0,0)
w(225,1,0,0)
w(226,1,0,0)
w(227,1,0,0)
w(228,1,0,0)
w(229,1,0,0)
w(230,1,0,0)
w(231,1,0,0)
w(232,1,0,0)
w(233,1,0,0)
w(234,1,0,0)
w(235,1,0,0)
w(236,1,0,0)
w(237,1,0,0)
w(238,1,0,0)
w(239,1,0,0)
w(240,1,0,0)
w(241,1,0,0)
w(242,1,0,0)
w(243,1,0,0)
w(244,1,0,0)
w(245,1,0,0)
w(246,1,0,0)
w(247,1,0,0)
w(248,1,0,0)
w(249,1,0,0)
w(250,1,0,0)
w(251,1,0,0)
w(252,1,0,0)
w(253,1,0,0)
w(254,1,0,0)
w(255,1,0,0)
w(256,1,0,0)
w(257,1,0,0)
w(258,1,0,0)
w(259,1,0,0)
w(260,1,0,0)
w(261,1,0,0)
w(262,1,0,0)
w(263,1,0,0)
w(264,1,0,0)
w(265,1,0,0)
w(266,1,0,0)
w(267,1,0,0)
w(268,1,0,0)
w(269,1,0,0)
w(270,1,0,0)
w(271,1,0,0)
w(272,1,0,0)
w(273,1,0,0)
w(274,1,0,0)
w(275,1,0,0)
w(276,1,0,0)
w(277,1,0,0)
w(278,1,0,0)
w(279,1,0,0)
w(280,1,0,0)
w(281,1,0,0)
w(282,1,0,0)
w(283,1,0,0)
w(284,1,0,0)
w(285,1,0,0)
w(286,1,0,0)
w(287,1,0,0)
w(288,1,0,0)
w(289,1,0,0)
w(290,1,0,0)
w(291,1,0,0)
w(292,1,0,0)
w(293,1,0,0)
w(294,1,0,0)
w(295,1,0,0)
w(296,1,0,0)
w(297,1,0,0)
w(298,1,0,0)
w(299,1,0,0)
w(300,1,0,0)
w(301,1,0,0)
w(302,1,0,0)
w(303,1,0,0)
w(304,1,0,0)
w(305,1,0,0)
w(306,1,0,0)
w(307,1,0,0)
w(308,1,0,0)
w(309,1,0,0)
w(310,1,0,0)
w(311,1,0,0)
w(312,1,0,0)
w(313,1,0,0)
w(314,1,0,0)
w(315,1,0,0)
w(316,1,0,0)
w(317,1,0,0)
w(318,1,0,0)
w(319,1,0,0)
w(320,1,0,0)
w(321,1,0,0)
w(322,1,0,0)
w(323,1,0,0)
w(324,1,0,0)
w(325,1,0,0)
w(326,1,0,0)
w(327,1,0,0)
w(328,1,0,0)
w(329,1,0,0)
w(330,1,0,0)
w(331,1,0,0)
w(332,1,0,0)
w(333,1,0,0)
w(334,1,0,0)
w(335,1,0,0)
w(336,1,0,0)
w(337,1,0,0)
w(338,1,0,0)
w(339,1,0,0)
w(340,1,0,0)
w(341,1,0,0)
w(342,1,0,0)
w(343,1,0,0)
w(344,1,0,0)
w(345,1,0,0)
w(346,1,0,0)
w(347,1,0,0)
w(348,1,0,0)
w(349,1,0,0)
w(350,1,0,0)
w(351,1,0,0)
w(352,1,0,0)
w(353,1,0,0)
w(354,1,0,0)
w(355,1,0,0)
w(356,1,0,0)
w(357,1,0,0)
w(358,1,0,0)
w(359,1,0,0)
r(71,1,1,1)
r(202,1,1,1)
r(51,1,1,1)
w(49,2,1,1)
w(29,2,1,1)
r(171,1,1,1)
w(3,2,1,1)
w(49,3,1,1)
w(2,2,1,1)
w(29,3,1,1)
w(43,2,1,1)
r(152,1,1,1)
r(234,1,1,1)
r(71,1,1,1)
w(57,2,1,1)
r(274,1,1,1)
w(55,2,1,1)
w(29,4,1,1)
w(16,2,1,1)
w(3,3,1,1)
w(95,2,2,2)
r(25,1,2,2)
r(38,1,2,2)
r(220,1,2,2)
r(321,1,2,2)
w(77,2,2,2)
r(350,1,2,2)
w(102,2,2,2)
w(86,2,2,2)
r(93,1,2,2)
w(75,2,2,2)
r(55,2,2,2)
w(83,2,2,2)
r(40,1,2,2)
r(260,1,2,2)
r(58,1,2,2)
w(68,2,2,2)
r(312,1,2,2)
w(67,2,2,2)
r(232,1,2,2)
r(46,1,3,3)
r(317,1,3,3)
r(86,2,3,3)
r(223,1,3,3)
r(245,1,3,3)
w(155,2,3,3)
w(155,3,3,3)
w(149,2,3,3)
r(255,1,3,3)
r(104,1,3,3)
r(82,1,3,3)
r(10,1,3,3)
w(158,2,3,3)
w(177,3,3,3)
r(293,1,3,3)
w(167,2,3,3)
r(305,2,3,3)
w(161,3,3,3)
r(82,1,3,3)
w(153,2,3,3)
w(181,2,4,4)
r(213,1,4,4)
w(192,2,4,4)
w(221,2,4,4)
r(236,1,4,4)
w(181,3,4,4)
r(284,1,4,4)
w(191,2,4,4)
w(187,2,4,4)
w(207,2,4,4)
w(192,3,4,4)
r(347,1,4,4)
w(204,2,4,4)
w(239,2,4,4)
w(214,2,4,4)
r(15,1,4,4)
w(210,2,4,4)
w(199,2,4,4)
r(140,1,4,4)
w(235,2,4,4)
w(281,2,5,5)
w(250,2,5,5)
w(253,2,5,5)
r(191,1,5,5)
w(264,2,5,5)
w(270,2,5,5)
r(276,1,5,5)
r(169,1,5,5)
w(246,2,5,5)
w(249,2,5,5)
r(342,1,5,5)
w(244,2,5,5)
r(75,1,5,5)
w(267,2,5,5)
w(275,2,5,5)
r(134,1,5,5)
r(136,1,5,5)
r(57,1,5,5)
r(63,1,5,5)
r(325,2,5,5)
w(324,2,6,6)
w(339,2,6,6)
r(33,1,6,6)
r(242,1,6,6)
r(199,1,6,6)
w(346,2,6,6)
w(304,2,6,6)
r(42,1,6,6)
w(325,2,6,6)
w(316,2,6,6)
r(118,1,6,6)
w(309,2,6,6)
r(35,1,6,6)
w(324,3,6,6)
r(144,1,6,6)
w(305,2,6,6)
w(320,2,6,6)
r(86,1,6,6)
r(61,1,6,6)
r(172,1,6,6)
w(30,2,1,7)
w(25,2,1,7)
r(341,1,1,7)
r(170,1,1,7)
w(40,2,1,7)
w(36,2,1,7)
r(59,1,1,7)
w(28,2,1,7)
r(56,1,1,7)
w(33,2,1,7)
w(32,2,1,7)
w(51,2,1,7)
r(290,1,1,7)
r(137,1,1,7)
w(52,2,1,7)
r(144,1,1,7)
w(9,2,1,7)
r(251,1,1,7)
r(322,1,1,7)
w(48,2,1,7)
r(300,1,2,8)
w(60,2,2,8)
r(241,1,2,8)
w(101,2,2,8)
w(96,2,2,8)
w(88,2,2,8)
r(141,1,2,8)
r(172,1,2,8)
w(107,2,2,8)
w(90,2,2,8)
w(68,3,2,8)
r(247,2,2,8)
w(83,3,2,8)
w(69,2,2,8)
w(113,2,2,8)
w(81,2,2,8)
w(61,2,2,8)
r(99,1,2,8)
r(242,1,2,8)
w(71,2,2,8)
r(337,2,3,9)
r(167,2,3,9)
r(95,3,3,9)
w(170,3,3,9)
r(327,3,3,9)
r(283,1,3,9)
w(175,2,3,9)
w(128,3,3,9)
r(324,4,3,9)
w(168,2,3,9)
r(202,2,3,9)
r(217,1,3,9)
r(133,1,3,9)
w(132,2,3,9)
w(131,2,3,9)
w(177,4,3,9)
w(159,2,3,9)
r(113,2,3,9)
w(161,4,3,9)
w(164,2,3,9)
w(197,2,4,10)
w(226,2,4,10)
w(181,4,4,10)
r(202,1,4,10)
w(221,3,4,10)
w(202,2,4,10)
r(240,1,4,10)
r(51,1,4,10)
w(220,2,4,10)
r(309,2,4,10)
r(195,1,4,10)
r(321,1,4,10)
r(132,1,4,10)
r(264,2,4,10)
r(28,1,4,10)
w(210,3,4,10)
w(192,4,4,10)
r(260,1,4,10)
w(197,3,4,10)
w(188,2,4,10)
w(262,2,5,11)
r(141,1,5,11)
r(137,1,5,11)
w(267,3,5,11)
r(296,1,5,11)
r(53,1,5,11)
r(74,1,5,11)
w(250,3,5,11)
w(285,2,5,11)
r(277,1,5,11)
w(255,2,5,11)
w(288,2,5,11)
r(327,2,5,11)
r(346,3,5,11)
w(286,2,5,11)
w(247,2,5,11)
r(263,1,5,11)
w(259,2,5,11)
w(263,2,5,11)
w(296,2,5,11)
w(336,2,6,12)
r(73,1,6,12)
w(355,2,6,12)
w(344,2,6,12)
r(138,1,6,12)
w(301,2,6,12)
r(345,1,6,12)
w(324,4,6,12)
w(339,3,6,12)
r(7,1,6,12)
w(348,2,6,12)
r(93,1,6,12)
w(304,3,6,12)
r(80,1,6,12)
w(346,3,6,12)
w(355,3,6,12)
w(327,2,6,12)
r(126,1,6,12)
w(352,2,6,12)
w(315,2,6,12)
r(243,1,1,13)
w(26,2,1,13)
w(29,5,1,13)
r(301,2,1,13)
r(271,1,1,13)
r(82,1,1,13)
w(45,2,1,13)
r(322,1,1,13)
r(52,2,1,13)
w(45,3,1,13)
r(232,1,1,13)
w(6,2,1,13)
r(273,1,1,13)
r(59,1,1,13)
r(108,1,1,13)
w(33,3,1,13)
r(21,1,1,13)
w(48,3,1,13)
r(15,1,1,13)
w(6,3,1,13)
r(133,1,2,14)
w(93,2,2,14)
r(310,1,2,14)
w(101,3,2,14)
r(121,1,2,14)
w(76,2,2,14)
r(206,1,2,14)
r(139,1,2,14)
w(95,3,2,14)
r(61,2,2,14)
r(267,3,2,14)
w(87,2,2,14)
w(62,2,2,14)
w(111,2,2,14)
w(109,2,2,14)
r(295,1,2,14)
w(94,2,2,14)
w(119,2,2,14)
w(114,2,2,14)
r(109,2,2,14)
w(152,2,3,15)
r(151,1,3,15)
w(135,2,3,15)
w(153,3,3,15)
r(355,3,3,15)
r(267,3,3,15)
r(35,1,3,15)
r(50,1,3,15)
w(175,3,3,15)
w(130,2,3,15)
r(96,2,3,15)
w(128,4,3,15)
w(131,3,3,15)
r(239,2,3,15)
r(45,3,3,15)
w(179,2,3,15)
w(157,2,3,15)
r(94,2,3,15)
w(130,3,3,15)
r(209,1,3,15)
r(170,1,4,16)
r(75,2,4,16)
r(305,2,4,16)
r(341,1,4,16)
w(228,2,4,16)
w(216,2,4,16)
w(211,2,4,16)
r(86,2,4,16)
w(222,2,4,16)
r(281,2,4,16)
r(165,1,4,16)
w(225,2,4,16)
r(320,2,4,16)
r(254,1,4,16)
w(224,2,4,16)
r(353,1,4,16)
r(273,1,4,16)
r(180,1,4,16)
r(210,3,4,16)
r(118,1,4,16)
w(287,2,5,17)
r(334,1,5,17)
r(68,3,5,17)
r(62,1,5,17)
r(359,2,5,17)
w(274,2,5,17)
w(285,3,5,17)
r(274,2,5,17)
w(251,2,5,17)
w(292,2,5,17)
r(242,1,5,17)
w(250,4,5,17)
w(299,2,5,17)
r(322,1,5,17)
w(261,2,5,17)
w(253,3,5,17)
w(265,2,5,17)
r(155,3,5,17)
r(273,1,5,17)
w(252,2,5,17)
w(354,2,6,18)
w(304,4,6,18)
w(317,2,6,18)
w(327,3,6,18)
w(359,2,6,18)
r(263,2,6,18)
r(39,1,6,18)
r(57,2,6,18)
r(174,1,6,18)
r(136,1,6,18)
r(272,1,6,18)
r(171,1,6,18)
w(323,2,6,18)
w(335,2,6,18)
w(309,3,6,18)
w(337,2,6,18)
r(226,2,6,18)
r(130,1,6,18)
r(241,1,6,18)
r(37,1,6,18)
r(100,1,1,19)
r(239,2,1,19)
r(344,3,1,19)
r(219,2,1,19)
w(37,2,1,19)
r(168,2,1,19)
r(199,2,1,19)
r(268,1,1,19)
w(37,3,1,19)
r(156,1,1,19)
w(11,2,1,19)
r(87,2,1,19)
w(1,2,1,19)
r(137,1,1,19)
w(49,4,1,19)
r(138,1,1,19)
r(235,2,1,19)
w(16,3,1,19)
w(24,2,1,19)
r(65,1,1,19)
r(150,1,2,20)
r(219,2,2,20)
w(85,2,2,20)
r(67,2,2,20)
w(66,2,2,20)
r(104,1,2,20)
r(71,2,2,20)
r(85,2,2,20)
w(89,2,2,20)
r(84,1,2,20)
w(103,2,2,20)
r(239,2,2,20)
r(350,1,2,20)
w(93,3,2,20)
r(36,2,2,20)
w(92,2,2,20)
w(75,3,2,20)
w(92,3,2,20)
w(78,2,2,20)
w(73,2,2,20)
r(208,1,3,21)
w(170,4,3,21)
w(172,2,3,21)
r(109,2,3,21)
r(240,1,3,21)
w(165,2,3,21)
w(165,3,3,21)
w(148,3,3,21)
r(97,1,3,21)
r(134,1,3,21)
w(142,3,3,21)
r(17,3,3,21)
r(244,2,3,21)
r(239,2,3,21)
w(132,3,3,21)
r(258,1,3,21)
r(108,1,3,21)
r(258,1,3,21)
w(158,4,3,21)
w(145,2,3,21)
w(185,2,4,22)
w(216,3,4,22)
w(219,2,4,22)
r(238,1,4,22)
w(191,3,4,22)
r(166,1,4,22)
r(262,2,4,22)
w(180,2,4,22)
r(243,1,4,22)
r(95,2,4,22)
w(190,2,4,22)
w(189,2,4,22)
w(195,2,4,22)
r(85,1,4,22)
r(332,1,4,22)
r(198,1,4,22)
r(250,3,4,22)
r(37,1,4,22)
r(353,1,4,22)
r(91,1,4,22)
w(280,2,5,23)
w(263,3,5,23)
r(290,1,5,23)
w(290,2,5,23)
w(279,2,5,23)
w(268,2,5,23)
w(287,3,5,23)
r(289,1,5,23)
r(144,1,5,23)
r(38,1,5,23)
r(51,2,5,23)
r(351,1,5,23)
r(80,1,5,23)
r(149,2,5,23)
w(294,2,5,23)
w(295,2,5,23)
r(166,1,5,23)
w(268,3,5,23)
r(217,1,5,23)
r(256,1,5,23)
r(257,1,6,24)
r(21,1,6,24)
r(301,2,6,24)
w(323,3,6,24)
r(82,1,6,24)
w(356,2,6,24)
w(342,2,6,24)
r(72,1,6,24)
r(141,1,6,24)
r(46,1,6,24)
w(344,3,6,24)
w(348,3,6,24)
r(72,1,6,24)
w(336,3,6,24)
w(314,2,6,24)
r(118,1,6,24)
r(203,1,6,24)
w(317,3,6,24)
w(319,2,6,24)
r(299,2,6,24)
w(31,2,1,25)
r(178,1,1,25)
r(147,1,1,25)
r(196,1,1,25)
w(23,2,1,25)
r(29,5,1,25)
w(50,2,1,25)
r(260,1,1,25)
w(39,2,1,25)
w(28,3,1,25)
w(13,2,1,25)
w(29,6,1,25)
w(33,4,1,25)
r(312,1,1,25)
r(206,1,1,25)
r(358,1,1,25)
w(17,2,1,25)
w(57,3,1,25)
r(307,1,1,25)
r(237,1,1,25)
w(68,4,2,26)
r(116,1,2,26)
r(179,2,2,26)
w(82,2,2,26)
w(90,3,2,26)
w(69,3,2,26)
r(20,1,2,26)
w(104,2,2,26)
r(310,1,2,26)
w(82,3,2,26)
w(117,2,2,26)
w(87,3,2,26)
r(112,1,2,26)
r(15,1,2,26)
r(203,2,2,26)
w(65,2,2,26)
w(67,3,2,26)
w(65,3,2,26)
r(190,2,2,26)
r(188,2,2,26)
r(14,2,3,27)
w(179,4,3,27)
w(132,4,3,27)
r(192,6,3,27)
w(131,4,3,27)
w(159,3,3,27)
r(109,2,3,27)
w(149,4,3,27)
r(92,4,3,27)
r(52,3,3,27)
w(148,4,3,27)
w(139,3,3,27)
w(145,3,3,27)
w(137,3,3,27)
r(83,3,3,27)
r(167,2,3,27)
r(192,6,3,27)
w(152,3,3,27)
w(142,4,3,27)
w(140,4,3,27)
r(170,3,4,28)
r(314,2,4,28)
r(109,2,4,28)
w(224,3,4,28)
w(216,4,4,28)
w(205,2,4,28)
w(184,2,4,28)
w(238,2,4,28)
r(307,1,4,28)
r(238,2,4,28)
w(226,3,4,28)
r(295,1,4,28)
w(226,4,4,28)
w(219,3,4,28)
r(34,1,4,28)
r(167,2,4,28)
w(231,2,4,28)
w(203,2,4,28)
w(228,3,4,28)
w(215,2,4,28)
w(291,2,5,29)
r(37,3,5,29)
w(253,4,5,29)
r(206,1,5,29)
w(269,2,5,29)
r(357,3,5,29)
r(321,1,5,29)
w(274,3,5,29)
r(22,2,5,29)
w(276,2,5,29)
w(288,3,5,29)
w(268,4,5,29)
w(265,3,5,29)
w(270,3,5,29)
r(178,1,5,29)
r(2,4,5,29)
w(283,3,5,29)
r(64,1,5,29)
w(255,4,5,29)
w(247,3,5,29)
w(304,5,6,30)
w(303,2,6,30)
r(241,1,6,30)
w(357,2,6,30)
r(48,3,6,30)
r(262,2,6,30)
r(34,1,6,30)
r(206,1,6,30)
r(345,1,6,30)
r(212,1,6,30)
w(341,2,6,30)
r(250,4,6,30)
r(8,1,6,30)
r(341,2,6,30)
w(326,2,6,30)
r(174,1,6,30)
w(301,3,6,30)
w(326,3,6,30)
w(357,3,6,30)
r(291,1,6,30)
w(43,3,1,31)
w(35,2,1,31)
w(1,3,1,31)
w(16,4,1,31)
w(18,2,1,31)
w(17,3,1,31)
r(254,1,1,31)
r(341,2,1,31)
w(13,3,1,31)
w(57,4,1,31)
r(279,1,1,31)
r(309,3,1,31)
w(14,2,1,31)
r(259,2,1,31)
w(5,2,1,31)
r(50,2,1,31)
w(2,3,1,31)
r(88,2,1,31)
w(48,4,1,31)
r(305,2,1,31)
r(355,3,2,32)
r(297,1,2,32)
r(243,1,2,32)
r(9,2,2,32)
w(96,3,2,32)
r(40,2,2,32)
w(86,3,2,32)
r(157,2,2,32)
r(296,2,2,32)
w(79,2,2,32)
w(75,4,2,32)
r(267,3,2,32)
w(92,4,2,32)
w(61,3,2,32)
w(117,3,2,32)
w(66,3,2,32)
r(277,1,2,32)
w(117,4,2,32)
r(84,1,2,32)
w(66,4,2,32)
w(151,5,3,33)
w(158,5,3,33)
r(77,2,3,33)
w(124,3,3,33)
w(137,4,3,33)
r(199,3,3,33)
r(283,4,3,33)
w(134,2,3,33)
r(93,3,3,33)
w(139,4,3,33)
w(177,5,3,33)
r(68,5,3,33)
r(305,2,3,33)
w(133,3,3,33)
r(208,1,3,33)
r(203,2,3,33)
w(137,5,3,33)
w(151,6,3,33)
w(165,4,3,33)
r(109,3,3,33)
r(21,1,4,34)
w(193,2,4,34)
w(198,2,4,34)
r(222,2,4,34)
r(92,3,4,34)
r(191,3,4,34)
r(253,3,4,34)
r(239,2,4,34)
r(280,1,4,34)
r(76,2,4,34)
w(191,4,4,34)
w(216,5,4,34)
r(281,2,4,34)
w(234,2,4,34)
r(290,1,4,34)
r(70,1,4,34)
r(59,1,4,34)
w(181,5,4,34)
w(213,2,4,34)
w(232,2,4,34)
r(258,1,5,35)
r(206,1,5,35)
r(318,1,5,35)
r(244,2,5,35)
r(273,1,5,35)
w(275,3,5,35)
w(258,2,5,35)
w(256,4,5,35)
r(338,1,5,35)
w(283,4,5,35)
r(296,2,5,35)
r(268,4,5,35)
r(113,2,5,35)
r(92,4,5,35)
r(260,1,5,35)
r(103,2,5,35)
r(12,2,5,35)
r(58,2,5,35)
r(122,1,5,35)
r(266,1,5,35)
r(182,1,6,36)
w(359,3,6,36)
w(358,2,6,36)
w(323,4,6,36)
r(57,3,6,36)
r(171,1,6,36)
r(126,1,6,36)
r(328,1,6,36)
r(116,1,6,36)
r(136,1,6,36)
w(359,4,6,36)
r(3,3,6,36)
r(219,3,6,36)
w(312,2,6,36)
w(313,2,6,36)
r(291,1,6,36)
r(294,1,6,36)
r(235,2,6,36)
r(135,2,6,36)
w(306,2,6,36)
r(79,1,1,37)
r(200,2,1,37)
r(231,2,1,37)
w(7,2,1,37)
r(300,1,1,37)
r(157,2,1,37)
w(47,2,1,37)
r(35,2,1,37)
w(47,3,1,37)
w(58,2,1,37)
w(2,4,1,37)
r(237,1,1,37)
r(25,2,1,37)
w(55,3,1,37)
w(22,2,1,37)
w(44,2,1,37)
w(16,5,1,37)
r(179,2,1,37)
r(321,1,1,37)
w(52,3,1,37)
w(99,2,2,38)
w(112,2,2,38)
w(102,3,2,38)
r(320,2,2,38)
w(119,3,2,38)
w(107,3,2,38)
r(208,1,2,38)
w(114,3,2,38)
r(129,1,2,38)
r(313,2,2,38)
r(162,1,2,38)
w(109,3,2,38)
r(207,2,2,38)
r(31,2,2,38)
r(9,2,2,38)
r(71,2,2,38)
w(72,2,2,38)
w(68,5,2,38)
w(74,2,2,38)
r(182,1,2,38)
r(344,3,3,39)
w(163,3,3,39)
w(143,2,3,39)
r(111,2,3,39)
r(330,3,3,39)
r(66,4,3,39)
r(193,3,3,39)
w(157,3,3,39)
w(169,2,3,39)
w(176,2,3,39)
r(298,1,3,39)
r(42,1,3,39)
r(193,3,3,39)
r(304,5,3,39)
r(298,1,3,39)
w(161,5,3,39)
r(100,1,3,39)
r(339,3,3,39)
r(249,3,3,39)
r(24,3,3,39)
w(198,3,4,40)
r(253,3,4,40)
r(166,1,4,40)
r(343,1,4,40)
r(123,1,4,40)
w(216,6,4,40)
w(195,3,4,40)
r(260,1,4,40)
w(192,5,4,40)
r(59,1,4,40)
r(77,2,4,40)
w(204,3,4,40)
w(189,3,4,40)
w(200,2,4,40)
r(46,1,4,40)
w(205,3,4,40)
r(135,2,4,40)
w(220,3,4,40)
r(289,1,4,40)
r(229,1,4,40)
r(173,1,5,41)
w(240,2,5,41)
r(287,3,5,41)
w(271,2,5,41)
r(6,3,5,41)
w(254,2,5,41)
w(290,3,5,41)
w(242,2,5,41)
r(182,1,5,41)
r(89,2,5,41)
w(241,2,5,41)
w(249,3,5,41)
w(247,4,5,41)
r(187,4,5,41)
r(252,2,5,41)
r(136,1,5,41)
r(296,2,5,41)
w(251,3,5,41)
r(270,3,5,41)
w(296,3,5,41)
w(302,2,6,42)
r(175,3,6,42)
r(339,3,6,42)
w(355,4,6,42)
w(316,3,6,42)
r(351,1,6,42)
w(337,4,6,42)
r(325,2,6,42)
r(238,2,6,42)
r(311,1,6,42)
w(330,3,6,42)
w(353,2,6,42)
w(350,2,6,42)
w(357,4,6,42)
r(293,1,6,42)
w(316,4,6,42)
r(302,2,6,42)
w(356,3,6,42)
r(44,2,6,42)
r(128,4,6,42)
r(303,2,1,43)
w(12,2,1,43)
r(177,4,1,43)
w(54,2,1,43)
w(52,4,1,43)
w(56,2,1,43)
r(58,2,1,43)
w(28,4,1,43)
r(167,2,1,43)
w(52,5,1,43)
w(13,4,1,43)
r(22,2,1,43)
r(353,1,1,43)
w(51,3,1,43)
r(25,2,1,43)
r(218,1,1,43)
r(322,1,1,43)
r(62,2,1,43)
r(212,1,1,43)
r(139,3,1,43)
w(61,4,2,44)
w(98,2,2,44)
w(80,2,2,44)
r(213,2,2,44)
r(152,3,2,44)
w(67,4,2,44)
r(80,2,2,44)
w(105,2,2,44)
w(105,3,2,44)
w(114,4,2,44)
r(132,4,2,44)
r(247,3,2,44)
w(112,3,2,44)
w(91,2,2,44)
w(74,3,2,44)
w(80,3,2,44)
w(107,4,2,44)
r(147,1,2,44)
r(180,2,2,44)
w(83,4,2,44)
w(178,2,3,45)
r(138,1,3,45)
r(243,1,3,45)
r(166,1,3,45)
r(129,1,3,45)
w(171,3,3,45)
w(144,2,3,45)
r(293,1,3,45)
r(55,4,3,45)
r(47,4,3,45)
r(304,5,3,45)
r(127,1,3,45)
r(305,3,3,45)
w(139,5,3,45)
w(134,3,3,45)
r(36,2,3,45)
w(122,2,3,45)
r(305,3,3,45)
w(120,2,3,45)
w(141,2,3,45)
r(120,1,4,46)
w(239,3,4,46)
w(193,3,4,46)
r(260,1,4,46)
r(355,3,4,46)
w(191,5,4,46)
w(223,2,4,46)
w(187,3,4,46)
w(196,2,4,46)
w(192,6,4,46)
r(282,1,4,46)
w(201,2,4,46)
r(323,4,4,46)
r(251,2,4,46)
r(149,2,4,46)
r(27,1,4,46)
w(221,4,4,46)
r(225,2,4,46)
w(217,2,4,46)
r(29,6,4,46)
r(266,1,5,47)
r(206,2,5,47)
w(287,4,5,47)
r(355,6,5,47)
w(273,2,5,47)
w(254,3,5,47)
r(234,3,5,47)
w(269,3,5,47)
r(250,4,5,47)
r(74,3,5,47)
r(182,1,5,47)
w(257,2,5,47)
w(246,3,5,47)
r(23,2,5,47)
w(251,4,5,47)
w(261,3,5,47)
w(268,5,5,47)
w(296,4,5,47)
r(263,3,5,47)
w(260,3,5,47)
w(353,3,6,48)
w(302,3,6,48)
w(303,3,6,48)
r(228,3,6,48)
r(318,1,6,48)
w(310,2,6,48)
w(305,3,6,48)
w(322,2,6,48)
r(196,2,6,48)
r(259,2,6,48)
w(353,4,6,48)
r(23,2,6,48)
w(345,2,6,48)
w(313,3,6,48)
r(333,1,6,48)
r(304,5,6,48)
r(133,3,6,48)
r(153,3,6,48)
r(107,4,6,48)
r(250,4,6,48)
r(140,4,1,49)
w(47,4,1,49)
r(117,4,1,49)
w(57,5,1,49)
w(40,3,1,49)
w(28,5,1,49)
r(46,1,1,49)
w(51,4,1,49)
w(8,2,1,49)
w(35,3,1,49)
r(34,1,1,49)
w(41,2,1,49)
w(9,3,1,49)
w(58,3,1,49)
r(211,2,1,49)
w(16,6,1,49)
r(10,1,1,49)
w(49,5,1,49)
r(132,4,1,49)
r(21,1,1,49)
r(287,3,2,50)
w(97,2,2,50)
w(78,3,2,50)
r(215,2,2,50)
r(320,2,2,50)
w(79,3,2,50)
w(109,4,2,50)
w(113,3,2,50)
w(75,5,2,50)
r(43,3,2,50)
r(17,3,2,50)
w(70,2,2,50)
r(106,1,2,50)
r(220,4,2,50)
w(77,3,2,50)
w(119,4,2,50)
r(67,4,2,50)
r(35,3,2,50)
r(198,3,2,50)
r(356,3,2,50)
w(159,4,3,51)
w(168,3,3,51)
w(148,5,3,51)
r(9,5,3,51)
w(147,2,3,51)
w(142,5,3,51)
w(171,4,3,51)
w(123,3,3,51)
r(9,5,3,51)
r(304,5,3,51)
r(54,2,3,51)
r(25,2,3,51)
r(188,3,3,51)
w(167,3,3,51)
w(167,4,3,51)
r(11,2,3,51)
r(180,3,3,51)
w(128,5,3,51)
r(203,2,3,51)
r(299,2,3,51)
r(71,2,4,52)
r(126,1,4,52)
w(207,3,4,52)
w(216,7,4,52)
w(219,4,4,52)
r(188,2,4,52)
w(205,4,4,52)
r(166,1,4,52)
w(222,3,4,52)
w(230,2,4,52)
r(232,2,4,52)
r(202,2,4,52)
r(227,1,4,52)
r(1,3,4,52)
r(312,2,4,52)
r(79,2,4,52)
r(238,2,4,52)
w(199,3,4,52)
w(235,3,4,52)
r(331,1,4,52)
r(255,4,5,53)
w(283,5,5,53)
w(244,3,5,53)
w(254,4,5,53)
w(280,3,5,53)
r(104,3,5,53)
r(150,1,5,53)
r(233,1,5,53)
r(13,5,5,53)
r(190,3,5,53)
w(250,7,5,53)
w(257,3,5,53)
w(295,3,5,53)
r(25,2,5,53)
w(257,4,5,53)
r(83,4,5,53)
r(167,4,5,53)
w(256,6,5,53)
w(276,4,5,53)
r(214,3,5,53)
r(208,1,6,54)
w(356,4,6,54)
w(346,4,6,54)
w(355,5,6,54)
w(320,3,6,54)
r(14,2,6,54)
w(319,3,6,54)
w(334,2,6,54)
r(249,3,6,54)
r(197,3,6,54)
r(34,1,6,54)
r(153,3,6,54)
r(124,3,6,54)
w(305,4,6,54)
w(334,3,6,54)
r(37,3,6,54)
w(348,4,6,54)
w(339,4,6,54)
w(337,5,6,54)
w(355,6,6,54)
r(113,3,1,55)
w(55,4,1,55)
r(17,3,1,55)
r(56,2,1,55)
r(158,5,1,55)
w(15,2,1,55)
r(249,3,1,55)
r(20,1,1,55)
w(9,4,1,55)
w(2,5,1,55)
r(193,3,1,55)
w(1,4,1,55)
r(26,2,1,55)
w(8,3,1,55)
r(187,4,1,55)
r(239,3,1,55)
r(24,2,1,55)
w(29,7,1,55)
w(51,5,1,55)
w(24,3,1,55)
r(35,3,2,56)
w(82,4,2,56)
w(107,5,2,56)
r(98,2,2,56)
r(127,1,2,56)
w(69,4,2,56)
r(8,3,2,56)
w(104,3,2,56)
r(324,4,2,56)
w(76,3,2,56)
r(329,1,2,56)
w(84,2,2,56)
w(113,4,2,56)
w(65,4,2,56)
r(40,3,2,56)
r(63,1,2,56)
r(26,2,2,56)
r(267,3,2,56)
r(106,1,2,56)
r(120,1,2,56)
w(161,6,3,57)
r(250,4,3,57)
w(157,4,3,57)
w(179,5,3,57)
r(180,3,3,57)
r(257,2,3,57)
w(161,7,3,57)
w(145,4,3,57)
r(279,2,3,57)
r(165,4,3,57)
r(222,3,3,57)
w(136,2,3,57)
r(133,3,3,57)
r(236,3,3,57)
w(125,2,3,57)
r(105,3,3,57)
r(320,3,3,57)
w(173,2,3,57)
r(192,8,3,57)
r(45,3,3,57)
w(225,3,4,58)
r(164,2,4,58)
r(44,2,4,58)
r(29,6,4,58)
r(253,4,4,58)
r(232,2,4,58)
r(334,1,4,58)
r(259,2,4,58)
r(90,3,4,58)
r(299,2,4,58)
r(266,1,4,58)
w(187,4,4,58)
r(183,1,4,58)
r(254,1,4,58)
w(220,4,4,58)
r(314,2,4,58)
r(234,2,4,58)
w(180,3,4,58)
r(45,3,4,58)
r(183,1,4,58)
w(246,4,5,59)
w(261,4,5,59)
w(253,5,5,59)
w(293,2,5,59)
w(249,5,5,59)
w(248,4,5,59)
w(263,4,5,59)
w(293,3,5,59)
r(243,1,5,59)
r(156,1,5,59)
r(350,2,5,59)
r(83,4,5,59)
r(240,2,5,59)
r(217,2,5,59)
r(97,2,5,59)
r(3,3,5,59)
w(258,4,5,59)
w(296,5,5,59)
r(245,1,5,59)
r(20,1,5,59)
r(63,1,6,60)
r(180,3,6,60)
r(268,5,6,60)
r(307,1,6,60)
w(339,5,6,60)
w(330,4,6,60)
w(341,3,6,60)
r(210,3,6,60)
w(307,2,6,60)
w(351,2,6,60)
w(310,3,6,60)
w(355,7,6,60)
r(75,5,6,60)
w(307,3,6,60)
w(313,4,6,60)
r(96,3,6,60)
w(333,2,6,60)
r(266,1,6,60)
w(301,5,6,60)
r(13,5,6,60)
w(33,5,1,61)
r(101,3,1,61)
w(48,5,1,61)
r(344,3,1,61)
r(200,2,1,61)
r(27,1,1,61)
r(269,2,1,61)
w(32,3,1,61)
r(183,1,1,61)
w(13,5,1,61)
r(338,1,1,61)
r(338,1,1,61)
r(5,2,1,61)
r(117,4,1,61)
w(22,3,1,61)
w(9,5,1,61)
r(185,2,1,61)
r(315,2,1,61)
w(57,6,1,61)
r(83,4,1,61)
w(68,6,2,62)
r(343,1,2,62)
r(17,3,2,62)
r(238,3,2,62)
w(62,3,2,62)
r(244,2,2,62)
r(109,4,2,62)
w(80,4,2,62)
w(94,3,2,62)
w(82,5,2,62)
r(110,1,2,62)
r(220,4,2,62)
r(276,2,2,62)
w(62,4,2,62)
w(78,4,2,62)
r(301,3,2,62)
r(169,2,2,62)
r(66,4,2,62)
w(90,4,2,62)
w(147,3,3,63)
w(148,6,3,63)
r(72,2,3,63)
r(218,1,3,63)
r(224,3,3,63)
w(161,8,3,63)
w(140,5,3,63)
r(313,4,3,63)
w(124,4,3,63)
w(161,9,3,63)
r(256,6,3,63)
w(163,4,3,63)
r(342,2,3,63)
w(141,3,3,63)
w(169,3,3,63)
r(101,3,3,63)
r(318,1,3,63)
r(323,4,3,63)
w(143,3,3,63)
r(232,2,3,63)
w(238,3,4,64)
r(5,2,4,64)
r(97,2,4,64)
w(209,2,4,64)
r(12,2,4,64)
w(190,3,4,64)
w(229,2,4,64)
w(216,8,4,64)
r(175,3,4,64)
r(162,1,4,64)
w(236,2,4,64)
w(237,2,4,64)
r(160,1,4,64)
r(12,2,4,64)
r(47,4,4,64)
r(268,4,4,64)
w(225,4,4,64)
w(188,3,4,64)
w(206,2,4,64)
w(225,5,4,64)
w(250,8,5,65)
w(292,3,5,65)
w(297,3,5,65)
r(174,1,5,65)
w(285,4,5,65)
w(299,3,5,65)
w(299,4,5,65)
w(256,7,5,65)
w(296,6,5,65)
w(295,4,5,65)
w(291,4,5,65)
w(286,3,5,65)
r(351,3,5,65)
w(296,7,5,65)
r(100,2,5,65)
w(284,2,5,65)
r(341,3,5,65)
w(251,5,5,65)
w(280,4,5,65)
w(254,5,5,65)
r(107,5,6,66)
r(317,3,6,66)
w(334,4,6,66)
r(142,5,6,66)
w(352,4,6,66)
r(277,1,6,66)
r(302,3,6,66)
r(321,1,6,66)
r(64,1,6,66)
w(324,5,6,66)
r(20,1,6,66)
r(148,6,6,66)
w(325,3,6,66)
r(239,3,6,66)
w(314,3,6,66)
r(188,3,6,66)
r(309,3,6,66)
r(94,2,6,66)
r(40,4,6,66)
r(99,2,6,66)
w(44,3,1,67)
w(48,6,1,67)
w(35,4,1,67)
r(217,2,1,67)
r(7,2,1,67)
w(9,6,1,67)
w(4,2,1,67)
w(28,6,1,67)
w(42,2,1,67)
w(48,7,1,67)
r(198,3,1,67)
r(245,1,1,67)
w(55,5,1,67)
r(352,2,1,67)
w(41,3,1,67)
w(5,3,1,67)
w(47,5,1,67)
r(236,3,1,67)
r(142,5,1,67)
w(56,3,1,67)
w(68,7,2,68)
r(145,3,2,68)
w(98,3,2,68)
r(355,6,2,68)
r(10,1,2,68)
r(343,1,2,68)
r(121,1,2,68)
r(349,1,2,68)
r(216,8,2,68)
r(150,1,2,68)
r(100,1,2,68)
r(93,3,2,68)
w(84,3,2,68)
r(239,3,2,68)
r(13,5,2,68)
r(357,4,2,68)
r(302,3,2,68)
w(67,5,2,68)
w(119,5,2,68)
r(208,1,2,68)
w(159,5,3,69)
r(250,7,3,69)
w(131,5,3,69)
w(150,2,3,69)
r(78,5,3,69)
r(206,2,3,69)
r(247,4,3,69)
w(130,4,3,69)
r(297,1,3,69)
r(290,3,3,69)
w(144,3,3,69)
w(130,5,3,69)
r(137,5,3,69)
r(85,2,3,69)
r(179,5,3,69)
w(166,2,3,69)
r(119,6,3,69)
r(3,3,3,69)
w(144,4,3,69)
w(154,4,3,69)
w(197,4,4,70)
r(104,3,4,70)
r(263,3,4,70)
r(197,4,4,70)
w(184,3,4,70)
w(225,6,4,70)
w(183,2,4,70)
w(229,3,4,70)
w(234,3,4,70)
w(236,3,4,70)
r(259,2,4,70)
r(196,2,4,70)
w(191,6,4,70)
w(211,3,4,70)
w(200,3,4,70)
w(202,3,4,70)
r(12,2,4,70)
r(328,1,4,70)
w(220,5,4,70)
w(186,2,4,70)
r(134,3,5,71)
w(295,5,5,71)
w(285,5,5,71)
r(138,3,5,71)
r(208,1,5,71)
w(284,3,5,71)
w(268,6,5,71)
r(200,4,5,71)
r(82,4,5,71)
r(233,1,5,71)
w(280,5,5,71)
w(246,5,5,71)
r(154,4,5,71)
r(270,3,5,71)
w(284,4,5,71)
r(193,3,5,71)
w(274,4,5,71)
r(44,3,5,71)
w(280,6,5,71)
w(245,2,5,71)
w(351,3,6,72)
w(359,5,6,72)
w(345,3,6,72)
r(225,7,6,72)
r(171,4,6,72)
r(101,3,6,72)
w(352,5,6,72)
w(346,5,6,72)
r(157,4,6,72)
w(308,2,6,72)
w(357,5,6,72)
w(324,6,6,72)
r(351,3,6,72)
r(97,2,6,72)
w(348,5,6,72)
w(331,3,6,72)
r(195,4,6,72)
w(306,3,6,72)
r(5,3,6,72)
w(340,2,6,72)
w(40,4,1,73)
r(243,1,1,73)
w(6,4,1,73)
r(330,4,1,73)
w(31,3,1,73)
w(52,6,1,73)
r(328,1,1,73)
r(262,2,1,73)
w(48,8,1,73)
r(152,3,1,73)
w(11,3,1,73)
r(339,5,1,73)
r(110,1,1,73)
r(309,3,1,73)
r(93,3,1,73)
w(16,7,1,73)
r(131,4,1,73)
r(150,1,1,73)
r(203,2,1,73)
r(88,2,1,73)
w(106,2,2,74)
r(77,3,2,74)
r(20,1,2,74)
w(78,5,2,74)
w(90,5,2,74)
w(84,4,2,74)
w(110,2,2,74)
r(24,3,2,74)
r(352,2,2,74)
w(89,3,2,74)
w(62,5,2,74)
r(322,2,2,74)
r(164,2,2,74)
w(88,3,2,74)
w(102,4,2,74)
r(120,2,2,74)
r(24,3,2,74)
r(243,1,2,74)
r(160,1,2,74)
r(169,2,2,74)
w(122,3,3,75)
w(141,4,3,75)
w(138,2,3,75)
w(163,5,3,75)
w(145,5,3,75)
w(129,2,3,75)
r(14,2,3,75)
r(144,4,3,75)
w(158,6,3,75)
w(135,4,3,75)
r(92,4,3,75)
w(163,6,3,75)
w(122,4,3,75)
w(153,4,3,75)
w(138,3,3,75)
w(160,2,3,75)
w(140,6,3,75)
w(145,6,3,75)
w(123,4,3,75)
r(278,1,3,75)
w(192,7,4,76)
w(192,8,4,76)
w(181,6,4,76)
r(13,5,4,76)
w(223,3,4,76)
w(197,5,4,76)
r(2,5,4,76)
w(199,4,4,76)
w(182,2,4,76)
r(21,1,4,76)
r(154,1,4,76)
r(221,4,4,76)
r(340,1,4,76)
r(287,4,4,76)
w(226,5,4,76)
w(186,3,4,76)
w(195,4,4,76)
r(236,3,4,76)
r(77,3,4,76)
r(155,3,4,76)
r(55,6,5,77)
r(281,2,5,77)
w(268,7,5,77)
r(71,2,5,77)
r(221,4,5,77)
w(257,5,5,77)
w(279,3,5,77)
w(265,5,5,77)
r(203,3,5,77)
r(73,2,5,77)
r(153,4,5,77)
w(274,5,5,77)
w(258,5,5,77)
w(268,8,5,77)
r(354,2,5,77)
r(53,4,5,77)
w(296,8,5,77)
r(161,9,5,77)
r(267,3,5,77)
w(250,9,5,77)
r(331,3,6,78)
r(58,3,6,78)
w(324,7,6,78)
w(358,4,6,78)
r(219,4,6,78)
w(319,4,6,78)
w(335,3,6,78)
w(338,2,6,78)
r(65,4,6,78)
r(222,3,6,78)
w(347,4,6,78)
r(309,3,6,78)
r(271,2,6,78)
r(254,5,6,78)
w(333,3,6,78)
w(316,5,6,78)
r(260,3,6,78)
r(267,3,6,78)
r(82,4,6,78)
r(213,3,6,78)
r(321,1,1,79)
r(293,1,1,79)
w(16,8,1,79)
r(140,5,1,79)
w(36,3,1,79)
r(8,3,1,79)
r(344,3,1,79)
r(60,2,1,79)
w(49,6,1,79)
w(33,6,1,79)
r(163,4,1,79)
w(47,6,1,79)
r(318,1,1,79)
r(67,5,1,79)
w(39,3,1,79)
r(132,4,1,79)
r(31,3,1,79)
w(53,2,1,79)
r(54,2,1,79)
w(48,9,1,79)
r(82,4,2,80)
r(348,4,2,80)
r(64,1,2,80)
w(114,5,2,80)
w(99,3,2,80)
w(106,3,2,80)
r(149,4,2,80)
r(319,3,2,80)
r(23,2,2,80)
w(113,5,2,80)
r(41,3,2,80)
r(36,2,2,80)
r(120,2,2,80)
r(86,3,2,80)
w(115,2,2,80)
w(100,2,2,80)
r(201,2,2,80)
r(316,4,2,80)
w(119,6,2,80)
r(283,5,2,80)
w(125,3,3,81)
r(269,3,3,81)
w(152,4,3,81)
r(320,3,3,81)
r(325,3,3,81)
r(196,3,3,81)
r(135,4,3,81)
r(28,7,3,81)
r(176,2,3,81)
w(134,4,3,81)
w(123,5,3,81)
w(131,6,3,81)
r(29,7,3,81)
w(177,6,3,81)
w(182,3,4,82)
r(136,2,4,82)
w(198,4,4,82)
r(30,2,4,82)
w(235,4,4,82)
w(181,7,4,82)
r(44,3,4,82)
w(203,3,4,82)
r(57,6,4,82)
r(29,7,4,82)
w(213,3,4,82)
w(200,4,4,82)
w(189,4,4,82)
r(220,5,4,82)
w(185,3,4,82)
w(202,4,4,82)
r(332,1,4,82)
w(214,3,4,82)
r(19,1,4,82)
r(242,2,4,82)
r(87,3,5,83)
w(278,2,5,83)
w(289,2,5,83)
r(11,5,5,83)
w(267,5,5,83)
w(243,2,5,83)
r(180,3,5,83)
r(138,3,5,83)
w(297,4,5,83)
r(190,3,5,83)
w(277,2,5,83)
r(241,2,5,83)
r(319,4,5,83)
r(282,1,5,83)
w(245,3,5,83)
w(270,4,5,83)
r(130,5,5,83)
w(272,2,5,83)
r(188,3,5,83)
w(267,6,5,83)
r(103,3,6,84)
w(326,4,6,84)
r(113,5,6,84)
r(249,5,6,84)
r(25,2,6,84)
r(185,4,6,84)
w(303,4,6,84)
w(352,6,6,84)
r(254,5,6,84)
w(315,3,6,84)
r(273,2,6,84)
w(348,6,6,84)
w(322,3,6,84)
w(340,3,6,84)
r(274,4,6,84)
r(142,5,6,84)
w(300,2,6,84)
w(308,3,6,84)
w(339,6,6,84)
r(92,4,6,84)
w(47,7,1,85)
r(12,2,1,85)
w(50,3,1,85)
w(55,6,1,85)
r(252,2,1,85)
r(344,3,1,85)
r(151,6,1,85)
r(206,2,1,85)
w(9,7,1,85)
r(269,3,1,85)
r(56,3,1,85)
w(11,4,1,85)
w(53,3,1,85)
r(256,6,1,85)
r(348,5,1,85)
w(23,3,1,85)
r(283,5,1,85)
w(4,3,1,85)
w(18,3,1,85)
w(17,4,1,85)
w(86,4,2,86)
r(150,2,2,86)
w(114,6,2,86)
w(72,3,2,86)
w(103,3,2,86)
r(332,1,2,86)
w(109,5,2,86)
r(351,3,2,86)
r(39,3,2,86)
w(85,3,2,86)
r(233,1,2,86)
r(135,2,2,86)
w(115,3,2,86)
w(98,4,2,86)
r(75,5,2,86)
r(108,1,2,86)
w(101,4,2,86)
w(77,4,2,86)
w(80,5,2,86)
w(83,5,2,86)
w(136,3,3,87)
w(173,3,3,87)
w(162,2,3,87)
r(44,3,3,87)
w(170,5,3,87)
r(48,9,3,87)
w(177,7,3,87)
w(178,3,3,87)
w(135,5,3,87)
r(73,2,3,87)
w(152,5,3,87)
r(233,1,3,87)
w(148,7,3,87)
r(263,4,3,87)
r(246,5,3,87)
r(74,3,3,87)
w(154,5,3,87)
r(246,5,3,87)
r(264,2,3,87)
r(329,1,3,87)
w(191,7,4,88)
r(199,4,4,88)
r(82,4,4,88)
r(320,3,4,88)
r(63,1,4,88)
w(196,3,4,88)
w(199,5,4,88)
w(239,4,4,88)
r(95,3,4,88)
r(257,4,4,88)
w(238,4,4,88)
r(192,8,4,88)
r(289,1,4,88)
r(32,3,4,88)
w(225,7,4,88)
w(223,4,4,88)
w(230,3,4,88)
r(300,1,4,88)
r(135,2,4,88)
r(221,4,4,88)
w(280,7,5,89)
r(107,5,5,89)
w(242,3,5,89)
r(150,2,5,89)
r(184,3,5,89)
r(338,2,5,89)
w(249,6,5,89)
r(22,3,5,89)
w(279,4,5,89)
w(299,5,5,89)
w(252,3,5,89)
w(297,5,5,89)
w(252,4,5,89)
w(258,6,5,89)
r(213,3,5,89)
r(55,6,5,89)
w(293,4,5,89)
r(356,4,5,89)
w(285,6,5,89)
w(252,5,5,89)
r(57,7,6,90)
w(331,5,6,90)
r(194,1,6,90)
w(331,6,6,90)
r(63,1,6,90)
r(35,5,6,90)
r(66,6,6,90)
w(304,6,6,90)
w(311,2,6,90)
w(324,8,6,90)
w(337,6,6,90)
w(335,4,6,90)
r(128,7,6,90)
r(330,4,6,90)
r(162,2,6,90)
r(288,3,6,90)
r(40,4,6,90)
w(358,5,6,90)
r(166,2,6,90)
r(139,5,6,90)
w(16,9,1,91)
w(14,3,1,91)
w(49,7,1,91)
r(333,3,1,91)
w(52,7,1,91)
r(268,5,1,91)
r(268,5,1,91)
w(27,2,1,91)
r(193,3,1,91)
w(24,4,1,91)
r(184,3,1,91)
r(1,4,1,91)
r(176,2,1,91)
w(11,5,1,91)
r(28,6,1,91)
w(28,7,1,91)
w(53,4,1,91)
w(17,5,1,91)
w(1,5,1,91)
w(12,3,1,91)
r(214,3,2,92)
r(148,6,2,92)
r(296,7,2,92)
r(122,4,2,92)
r(125,2,2,92)
r(52,7,2,92)
r(25,2,2,92)
w(101,5,2,92)
w(66,5,2,92)
r(26,2,2,92)
w(115,4,2,92)
w(108,2,2,92)
w(70,3,2,92)
w(100,3,2,92)
w(111,3,2,92)
w(94,4,2,92)
r(320,3,2,92)
r(255,4,2,92)
w(72,4,2,92)
w(64,2,2,92)
w(146,2,3,93)
r(130,5,3,93)
w(153,5,3,93)
w(145,7,3,93)
w(178,4,3,93)
w(144,5,3,93)
r(253,5,3,93)
r(285,5,3,93)
w(128,6,3,93)
w(152,6,3,93)
r(217,2,3,93)
r(317,3,3,93)
w(149,5,3,93)
r(86,4,3,93)
w(154,6,3,93)
w(135,6,3,93)
w(121,2,3,93)
r(65,4,3,93)
r(207,4,3,93)
r(241,2,3,93)
r(216,8,4,94)
r(67,5,4,94)
r(204,3,4,94)
r(61,4,4,94)
w(191,8,4,94)
r(280,3,4,94)
r(235,4,4,94)
w(226,6,4,94)
w(197,6,4,94)
w(191,9,4,94)
r(7,2,4,94)
r(102,4,4,94)
w(197,7,4,94)
r(354,2,4,94)
w(237,3,4,94)
r(89,3,4,94)
r(171,4,4,94)
r(11,3,4,94)
w(195,5,4,94)
r(258,4,4,94)
r(174,2,5,95)
w(242,4,5,95)
w(247,5,5,95)
w(281,3,5,95)
w(297,6,5,95)
r(173,3,5,95)
w(258,7,5,95)
w(267,7,5,95)
r(119,7,5,95)
w(286,4,5,95)
r(203,3,5,95)
w(256,8,5,95)
r(273,2,5,95)
r(206,3,5,95)
r(32,4,5,95)
w(276,5,5,95)
r(188,3,5,95)
w(248,5,5,95)
r(226,6,5,95)
w(284,5,5,95)
w(351,4,6,96)
w(350,3,6,96)
r(151,6,6,96)
w(329,2,6,96)
r(3,4,6,96)
r(97,2,6,96)
r(144,5,6,96)
w(301,7,6,96)
w(301,8,6,96)
r(234,4,6,96)
w(355,8,6,96)
w(353,5,6,96)
w(307,4,6,96)
r(154,6,6,96)
w(327,5,6,96)
r(337,6,6,96)
w(336,4,6,96)
w(344,6,6,96)
r(347,4,6,96)
r(69,4,6,96)
w(47,8,1,97)
r(23,3,1,97)
w(10,2,1,97)
w(24,5,1,97)
r(267,3,1,97)
w(30,3,1,97)
w(41,4,1,97)
w(21,2,1,97)
w(25,3,1,97)
r(349,1,1,97)
r(219,5,1,97)
r(58,3,1,97)
r(310,3,1,97)
w(37,4,1,97)
r(357,5,1,97)
r(125,2,1,97)
w(26,3,1,97)
w(2,6,1,97)
w(9,8,1,97)
w(30,4,1,97)
w(98,5,2,98)
r(291,4,2,98)
w(67,6,2,98)
r(26,3,2,98)
w(109,6,2,98)
w(114,7,2,98)
r(354,2,2,98)
r(333,3,2,98)
r(295,5,2,98)
w(116,2,2,98)
w(66,6,2,98)
r(34,1,2,98)
w(115,5,2,98)
w(104,4,2,98)
w(119,7,2,98)
r(331,3,2,98)
w(93,4,2,98)
r(332,1,2,98)
w(87,4,2,98)
w(67,7,2,98)
w(164,3,3,99)
w(158,7,3,99)
r(195,6,3,99)
w(140,7,3,99)
r(77,4,3,99)
r(141,4,3,99)
w(176,3,3,99)
r(268,8,3,99)
w(171,5,3,99)
r(243,2,3,99)
r(317,3,3,99)
r(225,8,3,99)
w(122,5,3,99)
w(174,2,3,99)
w(147,4,3,99)
r(32,3,3,99)
r(82,4,3,99)
w(128,7,3,99)
r(279,4,3,99)
w(178,5,3,99)
r(140,5,4,100)
w(228,4,4,100)
r(306,3,4,100)
r(204,3,4,100)
r(54,2,4,100)
w(223,5,4,100)
w(215,3,4,100)
r(345,3,4,100)
r(207,3,4,100)
r(345,3,4,100)
w(218,2,4,100)
r(166,2,4,100)
w(195,6,4,100)
w(191,10,4,100)
w(219,5,4,100)
w(238,5,4,100)
r(72,3,4,100)
w(198,5,4,100)
w(216,9,4,100)
r(52,6,4,100)
w(279,5,5,101)
r(252,5,5,101)
w(246,6,5,101)
w(281,4,5,101)
r(353,4,5,101)
r(290,3,5,101)
r(214,4,5,101)
w(251,6,5,101)
r(154,6,5,101)
r(239,5,5,101)
w(275,4,5,101)
r(258,7,5,101)
r(38,2,5,101)
r(148,7,5,101)
r(118,1,5,101)
r(314,3,5,101)
r(346,5,5,101)
r(316,5,5,101)
r(175,4,5,101)
w(243,3,5,101)
r(344,6,6,102)
w(338,4,6,102)
w(351,5,6,102)
w(351,6,6,102)
w(354,3,6,102)
w(348,7,6,102)
w(301,9,6,102)
w(348,8,6,102)
w(333,4,6,102)
r(104,4,6,102)
r(249,6,6,102)
w(356,6,6,102)
w(350,4,6,102)
w(334,5,6,102)
w(325,4,6,102)
r(178,5,6,102)
w(335,5,6,102)
w(309,4,6,102)
w(321,2,6,102)
r(312,2,6,102)
w(17,6,1,103)
w(54,3,1,103)
w(8,4,1,103)
w(58,4,1,103)
r(345,3,1,103)
r(260,3,1,103)
w(17,7,1,103)
w(48,10,1,103)
w(28,8,1,103)
w(57,7,1,103)
r(25,3,1,103)
r(274,5,1,103)
w(30,5,1,103)
w(26,4,1,103)
w(26,5,1,103)
w(47,9,1,103)
w(35,5,1,103)
w(2,7,1,103)
r(260,3,1,103)
r(200,5,1,103)
r(52,7,2,104)
r(95,3,2,104)
r(66,6,2,104)
w(102,5,2,104)
r(331,6,2,104)
w(61,5,2,104)
w(76,4,2,104)
r(310,3,2,104)
r(351,3,2,104)
w(67,8,2,104)
w(100,4,2,104)
r(156,1,2,104)
w(74,4,2,104)
r(183,4,2,104)
w(75,6,2,104)
r(59,1,2,104)
w(92,5,2,104)
w(61,6,2,104)
r(303,4,2,104)
r(234,4,2,104)
w(149,6,3,105)
r(277,2,3,105)
w(167,5,3,105)
w(126,2,3,105)
r(286,4,3,105)
r(295,5,3,105)
r(64,2,3,105)
w(147,5,3,105)
w(130,6,3,105)
w(179,6,3,105)
r(237,4,3,105)
w(175,4,3,105)
r(33,6,3,105)
w(163,7,3,105)
w(138,4,3,105)
w(160,3,3,105)
r(51,5,3,105)
w(143,4,3,105)
r(195,6,3,105)
w(152,7,3,105)
r(196,3,4,106)
r(87,3,4,106)
w(198,6,4,106)
w(193,4,4,106)
w(198,7,4,106)
r(359,5,4,106)
w(185,4,4,106)
r(199,5,4,106)
w(229,4,4,106)
w(197,8,4,106)
w(182,4,4,106)
w(229,5,4,106)
w(210,4,4,106)
w(210,5,4,106)
r(74,3,4,106)
w(196,4,4,106)
r(110,2,4,106)
w(235,5,4,106)
r(211,3,4,106)
w(183,3,4,106)
r(250,9,5,107)
r(285,6,5,107)
w(245,4,5,107)
w(270,5,5,107)
w(260,4,5,107)
w(253,6,5,107)
r(38,2,5,107)
r(183,4,5,107)
w(270,6,5,107)
r(177,7,5,107)
w(241,3,5,107)
r(24,6,5,107)
w(280,8,5,107)
r(107,5,5,107)
r(182,4,5,107)
r(210,5,5,107)
w(263,5,5,107)
r(298,1,5,107)
w(264,3,5,107)
w(275,5,5,107)
w(306,4,6,108)
r(175,4,6,108)
r(163,7,6,108)
r(302,3,6,108)
w(350,5,6,108)
r(126,2,6,108)
r(129,2,6,108)
r(311,2,6,108)
r(278,2,6,108)
r(292,3,6,108)
r(66,7,6,108)
r(60,2,6,108)
w(350,6,6,108)
r(206,3,6,108)
w(324,9,6,108)
r(160,3,6,108)
w(342,4,6,108)
w(346,7,6,108)
w(310,4,6,108)
w(314,4,6,108)
r(302,3,1,109)
w(34,2,1,109)
w(58,5,1,109)
w(39,4,1,109)
r(4,3,1,109)
w(38,2,1,109)
w(17,8,1,109)
w(32,4,1,109)
r(339,6,1,109)
r(112,3,1,109)
r(294,2,1,109)
r(134,3,1,109)
w(24,6,1,109)
r(63,1,1,109)
w(1,6,1,109)
r(235,5,1,109)
w(56,4,1,109)
r(189,4,1,109)
r(153,5,1,109)
r(200,5,1,109)
r(94,4,2,110)
r(289,2,2,110)
r(264,2,2,110)
r(84,4,2,110)
r(179,6,2,110)
w(69,5,2,110)
r(274,5,2,110)
r(353,5,2,110)
w(92,6,2,110)
r(330,4,2,110)
w(65,5,2,110)
w(99,4,2,110)
r(129,2,2,110)
w(101,6,2,110)
r(305,4,2,110)
r(162,2,2,110)
r(306,3,2,110)
r(289,2,2,110)
r(89,3,2,110)
r(217,2,2,110)
w(239,5,4,111)
r(140,6,4,111)
r(3,3,4,111)
r(318,1,4,111)
r(80,5,4,111)
r(356,4,4,111)
r(288,3,4,111)
w(231,3,4,111)
w(183,4,4,111)
w(214,4,4,111)
r(358,4,4,111)
w(206,3,4,111)
w(212,2,4,111)
w(225,8,4,111)
w(215,4,4,111)
r(346,5,4,111)
w(207,4,4,111)
r(188,3,4,111)
w(232,3,4,111)
r(212,2,4,111)
w(7,3,1,112)
w(16,10,1,112)
w(14,4,1,112)
r(302,3,1,112)
w(2,8,1,112)
r(181,7,1,112)
w(3,4,1,112)
r(267,6,1,112)
w(48,11,1,112)
w(37,5,1,112)
r(1,6,1,112)
w(50,4,1,112)
w(40,5,1,112)
w(43,4,1,112)
r(141,4,1,112)
w(52,8,1,112)
r(32,4,1,112)
r(191,10,1,112)
r(200,5,1,112)
w(43,5,1,112)
w(110,3,2,113)
w(92,7,2,113)
r(100,4,2,113)
w(66,7,2,113)
r(348,6,2,113)
r(113,5,2,113)
r(336,4,2,113)
r(281,4,2,113)
r(37,5,2,113)
r(315,3,2,113)
r(47,9,2,113)
r(329,2,2,113)
w(71,3,2,113)
w(90,6,2,113)
r(175,4,2,113)
r(118,1,2,113)
r(123,4,2,113)
r(358,5,2,113)
r(105,3,2,113)
w(93,5,2,113)
w(234,4,4,114)
w(237,4,4,114)
r(257,5,4,114)
w(205,5,4,114)
r(267,6,4,114)
r(329,1,4,114)
r(165,4,4,114)
r(160,2,4,114)
w(202,5,4,114)
r(5,3,4,114)
w(186,4,4,114)
r(93,3,4,114)
w(224,4,4,114)
w(204,4,4,114)
w(228,5,4,114)
r(55,6,4,114)
r(268,8,4,114)
w(200,5,4,114)
r(124,4,4,114)
w(199,6,4,114)
