r(14,0,0,0)
r(0,0,0,1)
r(1,0,0,2)
w(10,1,0,3)
r(7,0,0,4)
w(14,1,0,5)
r(14,1,0,6)
r(6,0,0,7)
r(3,0,0,8)
r(5,3,0,9)
r(14,1,0,10)
w(6,1,0,11)
w(13,1,0,12)
r(6,1,0,13)
w(5,1,0,14)
w(10,2,0,15)
r(9,0,0,16)
r(3,4,0,17)
w(9,1,0,18)
w(0,1,0,19)
r(4,5,0,20)
w(6,2,0,21)
w(2,1,0,22)
w(12,1,0,23)
r(13,1,0,24)
w(3,1,0,25)
r(8,14,0,26)
r(0,5,0,27)
r(3,1,0,28)
r(6,5,0,29)
w(10,3,0,30)
w(4,1,0,31)
w(0,2,0,32)
w(11,1,0,33)
w(12,2,0,34)
r(8,15,0,35)
r(8,15,0,36)
r(1,3,0,37)
w(10,4,0,38)
w(1,1,0,39)
r(6,5,0,40)
w(4,2,0,41)
w(8,1,0,42)
r(6,5,0,43)
r(7,3,0,44)
w(10,5,0,45)
r(14,6,0,46)
w(8,2,0,47)
r(6,5,0,48)
w(9,2,0,49)
r(14,18,0,50)
r(2,3,0,51)
r(14,18,0,52)
r(2,3,0,53)
w(9,3,0,54)
w(4,3,0,55)
w(0,3,0,56)
r(0,3,0,57)
r(3,10,0,58)
r(8,12,0,59)
w(14,2,0,60)
w(2,2,0,61)
w(5,2,0,62)
w(11,2,0,63)
r(5,14,0,64)
w(11,3,0,65)
w(12,3,0,66)
w(10,6,0,67)
w(12,4,0,68)
r(1,6,0,69)
w(6,3,0,70)
w(10,7,0,71)
w(3,2,0,72)
r(2,4,0,73)
w(8,3,0,74)
r(4,14,0,75)
r(12,4,0,76)
r(9,11,0,77)
w(8,4,0,78)
r(8,10,0,79)
r(2,5,0,80)
r(11,10,0,81)
w(8,5,0,82)
w(9,4,0,83)
w(13,2,0,84)
r(10,7,0,85)
w(4,4,0,86)
r(5,11,0,87)
r(14,15,0,88)
w(14,4,0,89)
r(1,7,0,90)
w(0,4,0,91)
r(10,7,0,92)
w(11,4,0,93)
r(5,16,0,94)
r(0,4,0,95)
r(0,4,0,96)
r(11,4,0,97)
w(11,5,0,98)
w(5,3,1,99)
w(4,5,1,100)
w(8,6,1,101)
w(1,2,1,102)
w(5,4,1,103)
r(1,2,1,104)
w(10,8,1,105)
w(10,9,1,106)
r(5,4,1,107)
r(0,1,1,108)
w(12,5,1,109)
r(5,4,1,110)
r(0,1,1,111)
r(13,1,1,112)
r(0,1,1,113)
w(0,5,1,114)
w(7,1,1,115)
w(13,3,1,116)
r(3,9,1,117)
r(11,0,1,118)
r(1,2,1,119)
r(9,9,1,120)
r(9,9,1,121)
r(10,3,1,122)
w(1,3,1,123)
r(11,0,1,124)
r(14,16,1,125)
w(9,6,1,126)
r(4,1,1,127)
w(4,6,1,128)
w(12,6,1,129)
w(8,7,1,130)
r(11,1,1,131)
r(13,4,1,132)
w(10,10,1,133)
r(13,4,1,134)
r(1,3,1,135)
r(0,2,1,136)
r(8,15,1,137)
w(14,5,1,138)
r(13,4,1,139)
w(10,11,1,140)
w(14,6,1,141)
r(2,8,1,142)
r(1,1,1,143)
r(11,8,1,144)
r(4,2,1,145)
w(5,5,1,146)
w(0,6,1,147)
r(10,5,1,148)
r(4,2,1,149)
r(5,5,1,150)
w(12,7,1,151)
r(10,5,1,152)
r(13,4,1,153)
w(2,3,1,154)
r(4,13,1,155)
r(5,5,1,156)
r(7,3,1,157)
r(5,5,1,158)
w(5,6,1,159)
w(14,7,1,160)
r(9,3,1,161)
r(11,8,1,162)
w(14,8,1,163)
w(9,7,1,164)
r(9,7,1,165)
w(12,8,1,166)
r(11,8,1,167)
w(5,7,1,168)
r(13,4,1,169)
w(8,8,1,170)
w(14,9,1,171)
r(5,14,1,172)
w(10,12,1,173)
w(14,10,1,174)
r(0,8,1,175)
r(2,14,1,176)
w(11,6,1,177)
r(4,14,1,178)
w(12,9,1,179)
r(0,8,1,180)
w(3,3,1,181)
r(13,5,1,182)
r(10,6,1,183)
w(8,9,1,184)
r(0,8,1,185)
w(14,11,1,186)
w(14,12,1,187)
w(2,4,1,188)
r(10,7,1,189)
w(0,7,1,190)
w(14,13,1,191)
w(8,10,1,192)
r(6,8,1,193)
r(10,7,1,194)
w(2,5,1,195)
w(1,4,1,196)
r(5,11,1,197)
r(11,0,2,198)
r(13,0,2,199)
r(0,0,2,200)
r(13,0,2,201)
r(12,12,2,202)
r(9,0,2,203)
w(2,6,2,204)
w(2,7,2,205)
r(13,1,2,206)
r(13,1,2,207)
w(3,4,2,208)
w(6,4,2,209)
w(9,8,2,210)
w(4,7,2,211)
r(13,1,2,212)
r(11,0,2,213)
w(9,9,2,214)
r(4,7,2,215)
w(5,8,2,216)
r(11,0,2,217)
w(7,2,2,218)
w(6,5,2,219)
w(2,8,2,220)
w(13,4,2,221)
r(7,1,2,222)
r(11,0,2,223)
w(14,14,2,224)
r(9,6,2,225)
r(1,3,2,226)
w(5,9,2,227)
r(9,6,2,228)
w(4,8,2,229)
w(3,5,2,230)
w(1,5,2,231)
r(6,5,2,232)
r(13,4,2,233)
w(7,3,2,234)
w(2,9,2,235)
r(8,15,2,236)
w(2,10,2,237)
r(11,8,2,238)
r(3,10,2,239)
r(6,5,2,240)
w(9,10,2,241)
r(0,6,2,242)
r(3,10,2,243)
w(6,6,2,244)
w(8,12,2,245)
r(12,7,2,246)
w(5,10,2,247)
w(10,13,2,248)
r(12,7,2,249)
r(12,7,2,250)
w(12,10,2,251)
w(4,9,2,252)
r(8,8,2,253)
r(7,3,2,254)
r(11,2,2,255)
r(8,8,2,256)
w(3,6,2,257)
r(8,8,2,258)
w(0,8,2,259)
r(1,6,2,260)
w(13,5,2,261)
r(11,6,2,262)
r(3,6,2,263)
w(8,13,2,264)
r(14,10,2,265)
r(12,3,2,266)
r(4,14,2,267)
w(9,11,2,268)
r(13,5,2,269)
r(4,14,2,270)
r(6,8,2,271)
r(0,7,2,272)
r(9,11,2,273)
r(11,10,2,274)
r(14,13,2,275)
r(4,14,2,276)
w(9,12,2,277)
r(10,7,2,278)
r(7,3,2,279)
w(5,11,2,280)
w(4,10,2,281)
w(4,11,2,282)
r(14,13,2,283)
w(11,7,2,284)
w(4,12,2,285)
r(1,7,2,286)
r(6,8,2,287)
r(11,7,2,288)
w(14,15,2,289)
w(3,7,2,290)
r(11,7,2,291)
r(1,7,2,292)
w(3,8,2,293)
r(11,7,2,294)
w(12,11,2,295)
r(8,0,3,296)
w(12,12,3,297)
w(12,13,3,298)
w(10,15,3,299)
r(12,13,3,300)
r(12,13,3,301)
r(12,13,3,302)
w(8,14,3,303)
w(7,4,3,304)
r(9,1,3,305)
w(14,16,3,306)
r(1,2,3,307)
r(1,2,3,308)
r(6,2,3,309)
r(1,2,3,310)
w(2,11,3,311)
r(14,16,3,312)
w(3,9,3,313)
r(8,14,3,314)
r(4,1,3,315)
r(3,9,3,316)
w(14,17,3,317)
r(2,8,3,318)
w(12,14,3,319)
r(4,8,3,320)
r(10,3,3,321)
w(8,15,3,322)
w(11,8,3,323)
r(5,9,3,324)
w(5,12,3,325)
r(10,11,3,326)
w(3,10,3,327)
w(10,16,3,328)
r(5,12,3,329)
r(3,10,3,330)
w(2,12,3,331)
w(1,6,3,332)
r(8,1,3,333)
w(14,18,3,334)
w(4,13,3,335)
r(6,6,3,336)
w(9,13,3,337)
w(5,13,3,338)
w(2,13,3,339)
r(14,2,3,340)
w(8,16,3,341)
r(1,6,3,342)
w(2,14,3,343)
w(5,14,3,344)
r(12,10,3,345)
w(4,14,3,346)
w(8,17,3,347)
r(8,17,3,348)
r(14,10,3,349)
r(0,8,3,350)
w(11,9,3,351)
r(7,3,3,352)
w(11,10,3,353)
w(6,8,3,354)
w(14,19,3,355)
w(5,15,3,356)
r(4,14,3,357)
r(11,10,3,358)
r(10,7,3,359)
r(6,8,3,360)
w(8,18,3,361)
r(0,7,3,362)
r(0,7,3,363)
w(3,11,3,364)
w(3,12,3,365)
r(11,10,3,366)
r(5,11,3,367)
r(12,4,3,368)
r(4,11,3,369)
w(1,7,3,370)
r(1,7,3,371)
w(13,6,3,372)
r(11,7,3,373)
w(2,15,3,374)
w(5,16,3,375)
r(3,8,3,376)
r(11,4,3,377)
w(9,14,3,378)
w(9,15,3,379)
r(9,15,3,380)
r(2,15,3,381)
r(0,4,3,382)
r(3,8,3,383)
w(5,17,3,384)
r(14,4,3,385)
w(10,19,3,386)
w(0,9,3,387)
w(10,20,3,388)
w(7,5,3,389)
w(13,7,3,390)
w(11,11,3,391)
r(6,8,3,392)
