r(12,0,0,0)
r(12,0,0,1)
r(6,0,0,2)
r(12,0,0,3)
r(5,0,0,4)
w(8,1,0,5)
w(1,1,0,6)
r(0,7,0,7)
r(13,0,0,8)
w(5,1,0,9)
r(7,0,0,10)
w(13,1,0,11)
w(3,1,0,12)
w(2,1,0,13)
r(7,0,0,14)
w(1,2,0,15)
r(3,1,0,16)
r(1,2,0,17)
r(11,0,0,18)
w(11,1,0,19)
w(12,1,0,20)
w(1,3,0,21)
w(9,1,0,22)
r(2,1,0,23)
w(9,2,0,24)
w(4,1,0,25)
r(0,7,0,26)
w(4,2,0,27)
r(5,5,0,28)
r(12,9,0,29)
w(11,2,0,30)
w(9,3,0,31)
w(3,2,0,32)
r(13,8,0,33)
w(7,1,0,34)
r(6,15,0,35)
w(4,3,0,36)
r(8,10,0,37)
r(8,10,0,38)
w(0,1,0,39)
r(10,4,0,40)
r(7,7,0,41)
w(0,2,0,42)
r(12,10,0,43)
w(9,4,0,44)
w(3,3,0,45)
r(3,3,0,46)
r(11,6,0,47)
w(10,1,0,48)
w(3,4,0,49)
r(5,9,0,50)
r(7,4,0,51)
r(10,1,0,52)
w(0,3,0,53)
w(6,1,0,54)
r(8,8,0,55)
w(6,2,0,56)
w(2,2,0,57)
w(8,2,0,58)
r(8,2,0,59)
w(11,3,0,60)
w(12,2,0,61)
w(6,3,0,62)
r(6,3,0,63)
w(3,5,0,64)
w(1,4,0,65)
w(11,4,0,66)
r(5,7,0,67)
r(1,4,0,68)
r(2,4,0,69)
r(4,11,0,70)
w(4,4,0,71)
r(9,7,0,72)
r(9,7,0,73)
w(3,6,0,74)
r(4,4,0,75)
r(12,16,0,76)
r(6,14,0,77)
r(12,16,0,78)
w(14,1,0,79)
r(6,14,0,80)
r(13,19,0,81)
r(4,4,0,82)
r(7,9,0,83)
w(6,4,0,84)
r(8,4,0,85)
r(12,16,0,86)
w(4,5,0,87)
r(5,7,0,88)
w(6,5,0,89)
r(8,4,0,90)
r(8,4,0,91)
r(10,11,0,92)
w(10,2,0,93)
r(8,5,0,94)
w(10,3,0,95)
w(8,3,0,96)
r(13,5,0,97)
w(2,3,0,98)
r(0,8,0,99)
w(10,4,1,100)
r(7,0,1,101)
w(12,3,1,102)
w(5,2,1,103)
r(0,7,1,104)
r(12,7,1,105)
w(4,6,1,106)
r(11,0,1,107)
r(1,2,1,108)
r(4,6,1,109)
w(7,2,1,110)
r(13,1,1,111)
r(1,2,1,112)
w(13,2,1,113)
w(6,6,1,114)
w(6,7,1,115)
r(6,7,1,116)
r(7,10,1,117)
w(1,5,1,118)
w(4,7,1,119)
w(14,2,1,120)
r(14,8,1,121)
w(7,3,1,122)
r(10,4,1,123)
w(0,4,1,124)
w(11,5,1,125)
r(5,6,1,126)
r(7,1,1,127)
w(13,3,1,128)
w(9,5,1,129)
r(4,3,1,130)
r(2,7,1,131)
w(5,3,1,132)
r(7,7,1,133)
w(11,6,1,134)
w(13,4,1,135)
r(4,11,1,136)
r(2,7,1,137)
r(1,8,1,138)
w(1,6,1,139)
w(7,4,1,140)
w(3,7,1,141)
w(10,5,1,142)
w(12,4,1,143)
r(1,6,1,144)
r(0,3,1,145)
w(12,5,1,146)
r(0,3,1,147)
r(10,6,1,148)
r(7,4,1,149)
r(11,6,1,150)
w(9,6,1,151)
r(1,6,1,152)
w(6,8,1,153)
w(6,9,1,154)
w(5,4,1,155)
r(11,3,1,156)
r(2,10,1,157)
r(6,3,1,158)
w(11,7,1,159)
r(14,8,1,160)
r(8,2,1,161)
r(5,7,1,162)
r(6,3,1,163)
r(8,2,1,164)
w(9,7,1,165)
r(13,18,1,166)
w(2,4,1,167)
w(12,6,1,168)
r(8,2,1,169)
w(14,3,1,170)
w(0,5,1,171)
w(8,4,1,172)
w(2,5,1,173)
w(9,8,1,174)
r(4,5,1,175)
r(2,5,1,176)
w(8,5,1,177)
r(5,8,1,178)
w(11,8,1,179)
w(13,5,1,180)
r(4,5,1,181)
w(13,6,1,182)
r(2,11,1,183)
w(13,7,1,184)
r(8,13,1,185)
r(6,5,1,186)
r(2,11,1,187)
w(8,6,1,188)
w(7,5,1,189)
r(5,8,1,190)
r(9,11,1,191)
r(7,5,1,192)
r(4,13,1,193)
r(7,5,1,194)
w(0,6,1,195)
w(2,6,1,196)
w(8,7,1,197)
r(11,9,1,198)
r(9,12,1,199)
r(13,0,2,200)
r(3,0,2,201)
w(0,7,2,202)
w(1,7,2,203)
w(4,8,2,204)
r(13,1,2,205)
w(12,7,2,206)
r(3,1,2,207)
r(14,6,2,208)
r(5,2,2,209)
r(9,0,2,210)
r(1,7,2,211)
r(7,0,2,212)
r(13,1,2,213)
w(9,9,2,214)
w(7,6,2,215)
w(6,10,2,216)
r(6,10,2,217)
r(0,7,2,218)
w(5,5,2,219)
w(4,9,2,220)
r(11,1,2,221)
w(3,8,2,222)
w(4,10,2,223)
r(0,7,2,224)
r(5,5,2,225)
r(5,5,2,226)
w(12,8,2,227)
w(13,8,2,228)
w(12,9,2,229)
w(12,10,2,230)
w(5,6,2,231)
w(9,10,2,232)
w(2,7,2,233)
r(6,15,2,234)
w(7,7,2,235)
r(6,15,2,236)
w(6,11,2,237)
r(10,4,2,238)
r(11,5,2,239)
w(4,11,2,240)
r(10,4,2,241)
r(6,11,2,242)
w(12,11,2,243)
w(8,8,2,244)
w(2,8,2,245)
r(14,8,2,246)
r(14,8,2,247)
w(6,12,2,248)
w(10,6,2,249)
w(6,13,2,250)
w(2,9,2,251)
r(1,9,2,252)
w(13,9,2,253)
w(2,10,2,254)
w(10,7,2,255)
w(5,7,2,256)
w(7,8,2,257)
w(14,4,2,258)
w(6,14,2,259)
w(7,9,2,260)
r(1,4,2,261)
r(1,4,2,262)
r(4,4,2,263)
r(8,2,2,264)
r(12,16,2,265)
r(5,7,2,266)
w(0,8,2,267)
r(13,19,2,268)
r(6,4,2,269)
r(12,16,2,270)
w(13,10,2,271)
r(3,6,2,272)
w(5,8,2,273)
r(14,1,2,274)
w(3,9,2,275)
r(7,9,2,276)
w(14,5,2,277)
w(10,8,2,278)
w(13,11,2,279)
r(0,8,2,280)
w(2,11,2,281)
r(9,16,2,282)
w(12,12,2,283)
w(9,11,2,284)
r(7,9,2,285)
w(13,12,2,286)
r(10,8,2,287)
r(3,14,2,288)
r(11,9,2,289)
r(12,17,2,290)
r(9,11,2,291)
r(6,5,2,292)
r(9,11,2,293)
w(8,9,2,294)
w(13,13,2,295)
w(13,14,2,296)
w(9,12,2,297)
w(13,15,2,298)
w(2,12,2,299)
r(13,0,3,300)
r(11,0,3,301)
r(2,0,3,302)
r(7,0,3,303)
r(1,1,3,304)
w(3,10,3,305)
r(5,1,3,306)
w(14,6,3,307)
r(13,1,3,308)
w(12,13,3,309)
w(8,10,3,310)
r(10,4,3,311)
r(14,6,3,312)
w(14,7,3,313)
r(14,7,3,314)
w(7,10,3,315)
r(13,2,3,316)
r(8,10,3,317)
r(3,8,3,318)
r(7,10,3,319)
r(12,1,3,320)
r(1,3,3,321)
w(3,11,3,322)
w(6,15,3,323)
w(1,8,3,324)
w(14,8,3,325)
r(11,2,3,326)
r(12,10,3,327)
w(13,16,3,328)
w(4,12,3,329)
r(3,2,3,330)
r(13,16,3,331)
r(10,4,3,332)
r(7,7,3,333)
r(9,4,3,334)
w(12,14,3,335)
r(13,4,3,336)
w(5,9,3,337)
r(10,1,3,338)
w(13,17,3,339)
r(1,6,3,340)
w(12,15,3,341)
w(2,13,3,342)
w(8,11,3,343)
w(3,12,3,344)
r(12,5,3,345)
r(9,6,3,346)
r(8,11,3,347)
r(11,6,3,348)
w(1,9,3,349)
w(10,9,3,350)
w(13,18,3,351)
r(10,9,3,352)
w(9,14,3,353)
r(9,14,3,354)
r(4,11,3,355)
w(1,10,3,356)
w(10,10,3,357)
r(7,8,3,358)
w(0,9,3,359)
r(13,18,3,360)
r(8,2,3,361)
w(13,19,3,362)
r(5,7,3,363)
r(9,7,3,364)
w(12,16,3,365)
w(8,12,3,366)
r(0,8,3,367)
w(10,11,3,368)
w(13,20,3,369)
w(9,15,3,370)
r(3,9,3,371)
w(3,13,3,372)
w(9,16,3,373)
r(2,3,3,374)
r(8,3,3,375)
r(12,16,3,376)
w(4,13,3,377)
w(8,13,3,378)
r(12,12,3,379)
r(11,8,3,380)
w(3,14,3,381)
r(14,5,3,382)
w(11,9,3,383)
w(12,17,3,384)
w(12,18,3,385)
r(3,14,3,386)
w(0,10,3,387)
r(10,8,3,388)
r(11,9,3,389)
r(13,14,3,390)
w(0,11,3,391)
r(13,14,3,392)
w(13,21,3,393)
r(4,13,3,394)
w(5,10,3,395)
r(10,8,3,396)
r(10,8,3,397)
r(14,5,3,398)
