w(9,1,0,0)
w(8,1,0,1)
w(9,2,0,2)
w(5,1,0,3)
r(3,5,0,4)
r(5,1,0,5)
w(2,1,0,6)
w(14,1,0,7)
w(8,2,0,8)
r(6,5,0,9)
r(1,7,0,10)
r(8,2,0,11)
w(7,1,0,12)
w(5,2,0,13)
r(9,2,0,14)
w(8,3,0,15)
w(11,1,0,16)
r(11,1,0,17)
w(2,2,0,18)
r(7,7,0,19)
w(13,1,0,20)
w(10,1,0,21)
r(6,12,0,22)
r(13,1,0,23)
w(13,2,0,24)
r(14,1,0,25)
w(6,1,0,26)
w(0,1,0,27)
r(5,5,0,28)
r(7,9,0,29)
r(11,4,0,30)
w(7,2,0,31)
w(0,2,0,32)
r(3,13,0,33)
w(14,2,0,34)
r(9,6,0,35)
w(13,3,0,36)
w(10,2,0,37)
r(6,7,0,38)
r(11,6,0,39)
w(8,4,0,40)
r(9,14,0,41)
r(6,7,0,42)
r(9,14,0,43)
w(7,3,0,44)
w(13,4,0,45)
w(12,1,0,46)
w(4,1,0,47)
w(6,2,0,48)
r(10,11,0,49)
w(0,3,0,50)
r(8,15,0,51)
w(5,3,0,52)
w(3,1,0,53)
r(10,12,0,54)
r(2,9,0,55)
w(4,2,0,56)
w(2,3,0,57)
w(2,4,0,58)
w(12,2,0,59)
r(10,15,0,60)
r(1,9,0,61)
r(4,6,0,62)
w(11,2,0,63)
w(5,4,0,64)
r(12,6,0,65)
w(3,2,0,66)
r(9,15,0,67)
w(2,5,0,68)
w(10,3,0,69)
w(12,3,0,70)
w(1,1,0,71)
w(1,2,0,72)
r(0,7,0,73)
w(4,3,0,74)
w(9,3,0,75)
w(8,5,0,76)
r(13,10,0,77)
r(10,3,0,78)
w(9,4,0,79)
w(10,4,0,80)
w(1,3,0,81)
r(8,16,0,82)
r(3,12,0,83)
r(12,3,0,84)
w(2,6,0,85)
w(11,3,0,86)
w(12,4,0,87)
w(12,5,0,88)
w(1,4,0,89)
r(11,3,0,90)
w(9,5,0,91)
w(14,3,0,92)
r(4,10,0,93)
w(8,6,0,94)
w(3,3,0,95)
w(7,4,0,96)
r(0,9,0,97)
w(6,3,0,98)
w(3,4,0,99)
w(3,5,1,100)
r(13,0,1,101)
r(12,8,1,102)
w(6,4,1,103)
r(5,1,1,104)
w(10,5,1,105)
w(6,5,1,106)
r(2,1,1,107)
w(10,6,1,108)
r(5,1,1,109)
r(12,7,1,110)
w(1,5,1,111)
r(10,6,1,112)
r(13,6,1,113)
r(3,9,1,114)
r(1,5,1,115)
r(7,1,1,116)
r(8,2,1,117)
r(1,5,1,118)
r(2,1,1,119)
r(9,2,1,120)
r(2,1,1,121)
r(7,1,1,122)
r(10,6,1,123)
w(3,6,1,124)
w(10,7,1,125)
r(12,9,1,126)
w(1,6,1,127)
w(0,4,1,128)
r(13,1,1,129)
w(8,7,1,130)
r(1,8,1,131)
r(12,9,1,132)
w(5,5,1,133)
r(13,2,1,134)
r(12,9,1,135)
r(1,9,1,136)
w(6,6,1,137)
r(4,13,1,138)
w(10,8,1,139)
r(12,9,1,140)
w(8,8,1,141)
r(4,13,1,142)
r(0,1,1,143)
r(9,13,1,144)
r(0,1,1,145)
w(11,4,1,146)
r(4,13,1,147)
r(14,1,1,148)
r(9,13,1,149)
w(9,6,1,150)
w(10,9,1,151)
w(5,6,1,152)
w(11,5,1,153)
r(3,13,1,154)
w(6,7,1,155)
w(11,6,1,156)
r(2,8,1,157)
w(3,7,1,158)
w(4,4,1,159)
w(11,7,1,160)
r(2,8,1,161)
w(13,5,1,162)
w(9,7,1,163)
w(4,5,1,164)
r(4,5,1,165)
r(7,13,1,166)
w(5,7,1,167)
r(14,5,1,168)
r(8,15,1,169)
r(6,14,1,170)
r(1,9,1,171)
r(4,5,1,172)
w(9,8,1,173)
r(11,8,1,174)
w(6,8,1,175)
r(6,8,1,176)
r(0,3,1,177)
r(6,8,1,178)
w(0,5,1,179)
w(0,6,1,180)
w(6,9,1,181)
w(4,6,1,182)
w(12,6,1,183)
w(9,9,1,184)
r(13,14,1,185)
r(0,6,1,186)
r(9,15,1,187)
r(2,4,1,188)
r(4,6,1,189)
r(9,11,1,190)
r(4,15,1,191)
r(7,15,1,192)
r(1,9,1,193)
w(6,10,1,194)
r(4,15,1,195)
r(12,3,1,196)
r(11,2,1,197)
w(0,7,1,198)
w(7,6,2,199)
w(4,7,2,200)
w(1,7,2,201)
r(4,7,2,202)
r(6,4,2,203)
r(6,4,2,204)
r(12,8,2,205)
w(3,8,2,206)
w(13,6,2,207)
w(12,7,2,208)
r(9,2,2,209)
w(6,11,2,210)
w(3,9,2,211)
w(6,12,2,212)
w(7,7,2,213)
r(6,12,2,214)
w(5,8,2,215)
w(5,9,2,216)
r(5,9,2,217)
r(8,3,2,218)
r(8,3,2,219)
r(0,0,2,220)
w(1,8,2,221)
w(7,8,2,222)
w(6,13,2,223)
w(3,10,2,224)
w(10,10,2,225)
w(2,7,2,226)
w(7,9,2,227)
w(7,10,2,228)
r(7,10,2,229)
r(7,10,2,230)
w(7,11,2,231)
r(3,13,2,232)
r(4,13,2,233)
r(0,1,2,234)
w(7,12,2,235)
w(5,10,2,236)
r(0,2,2,237)
w(13,7,2,238)
w(3,11,2,239)
r(6,7,2,240)
w(8,9,2,241)
w(10,11,2,242)
w(7,13,2,243)
r(2,8,2,244)
r(7,13,2,245)
w(0,8,2,246)
r(3,7,2,247)
w(13,8,2,248)
r(2,8,2,249)
w(6,14,2,250)
w(11,8,2,251)
r(9,8,2,252)
r(12,1,2,253)
r(8,15,2,254)
r(1,9,2,255)
w(10,12,2,256)
r(2,9,2,257)
r(0,3,2,258)
r(9,8,2,259)
r(4,2,2,260)
w(9,10,2,261)
w(5,11,2,262)
w(5,12,2,263)
r(11,2,2,264)
r(3,1,2,265)
r(2,4,2,266)
w(8,10,2,267)
r(11,2,2,268)
r(2,4,2,269)
w(5,13,2,270)
r(13,14,2,271)
w(9,11,2,272)
w(13,9,2,273)
w(5,14,2,274)
r(12,3,2,275)
r(4,15,2,276)
r(1,1,2,277)
w(4,8,2,278)
r(0,7,2,279)
w(8,11,2,280)
w(3,12,2,281)
w(13,10,2,282)
r(5,14,2,283)
r(9,4,2,284)
w(5,15,2,285)
r(13,10,2,286)
w(9,12,2,287)
r(1,3,2,288)
r(2,6,2,289)
r(13,15,2,290)
w(5,16,2,291)
w(10,13,2,292)
r(8,16,2,293)
w(8,12,2,294)
w(4,10,2,295)
r(13,15,2,296)
r(8,12,2,297)
r(1,0,3,298)
w(12,8,3,299)
r(4,0,3,300)
r(6,0,3,301)
w(8,13,3,302)
r(2,0,3,303)
w(14,4,3,304)
r(1,7,3,305)
r(4,7,3,306)
r(2,1,3,307)
w(4,11,3,308)
w(7,14,3,309)
w(6,15,3,310)
r(11,0,3,311)
r(0,0,3,312)
r(10,6,3,313)
w(12,9,3,314)
w(4,12,3,315)
r(12,9,3,316)
r(11,1,3,317)
w(10,14,3,318)
r(2,2,3,319)
r(9,2,3,320)
w(5,17,3,321)
r(0,4,3,322)
r(3,6,3,323)
w(9,13,3,324)
w(4,13,3,325)
w(1,9,3,326)
r(4,13,3,327)
r(11,1,3,328)
r(0,1,3,329)
r(0,1,3,330)
r(10,8,3,331)
r(3,10,3,332)
w(13,11,3,333)
w(3,13,3,334)
r(4,13,3,335)
w(12,10,3,336)
w(5,18,3,337)
w(2,8,3,338)
r(1,9,3,339)
r(1,9,3,340)
w(13,12,3,341)
w(9,14,3,342)
r(3,13,3,343)
w(12,11,3,344)
w(5,19,3,345)
r(2,8,3,346)
r(13,7,3,347)
r(6,7,3,348)
w(5,20,3,349)
r(7,3,3,350)
w(5,21,3,351)
r(6,7,3,352)
r(0,2,3,353)
r(10,11,3,354)
w(11,9,3,355)
r(11,9,3,356)
r(2,8,3,357)
w(14,5,3,358)
r(11,9,3,359)
r(0,8,3,360)
r(6,2,3,361)
r(13,8,3,362)
w(8,15,3,363)
w(2,9,3,364)
w(4,14,3,365)
w(10,15,3,366)
r(4,2,3,367)
w(13,13,3,368)
r(8,15,3,369)
r(3,1,3,370)
r(10,15,3,371)
r(4,2,3,372)
w(5,22,3,373)
r(3,1,3,374)
r(0,6,3,375)
w(13,14,3,376)
r(7,13,3,377)
w(7,15,3,378)
r(0,6,3,379)
w(14,6,3,380)
w(9,15,3,381)
r(5,13,3,382)
r(14,6,3,383)
w(4,15,3,384)
w(14,7,3,385)
w(2,10,3,386)
w(2,11,3,387)
r(7,15,3,388)
w(1,10,3,389)
r(6,10,3,390)
w(9,16,3,391)
w(4,16,3,392)
w(0,9,3,393)
w(8,16,3,394)
w(13,15,3,395)
