r(0,0,0,0)
r(2,0,0,1)
r(14,0,0,2)
w(1,1,0,3)
w(13,1,0,4)
w(9,1,0,5)
r(12,8,0,6)
r(4,0,0,7)
r(6,0,0,8)
w(5,1,0,9)
w(13,2,0,10)
w(1,2,0,11)
w(10,1,0,12)
r(0,0,0,13)
r(6,0,0,14)
r(9,1,0,15)
r(0,0,0,16)
r(10,8,0,17)
w(1,3,0,18)
w(13,3,0,19)
r(12,9,0,20)
r(14,4,0,21)
r(1,3,0,22)
w(0,1,0,23)
r(8,6,0,24)
r(2,5,0,25)
w(9,2,0,26)
r(4,11,0,27)
w(5,2,0,28)
r(2,5,0,29)
r(10,8,0,30)
r(2,5,0,31)
r(8,6,0,32)
r(1,3,0,33)
w(13,4,0,34)
w(8,1,0,35)
r(7,17,0,36)
w(3,1,0,37)
r(0,1,0,38)
r(0,1,0,39)
w(10,2,0,40)
r(11,0,0,41)
w(4,1,0,42)
r(8,1,0,43)
r(0,1,0,44)
w(0,2,0,45)
w(5,3,0,46)
r(13,15,0,47)
r(13,15,0,48)
r(6,15,0,49)
w(9,3,0,50)
r(14,4,0,51)
r(8,7,0,52)
w(1,4,0,53)
r(4,8,0,54)
w(7,1,0,55)
r(12,11,0,56)
r(5,8,0,57)
r(14,10,0,58)
r(6,17,0,59)
w(8,2,0,60)
w(13,5,0,61)
w(10,3,0,62)
w(0,3,0,63)
w(5,4,0,64)
r(0,3,0,65)
r(1,4,0,66)
w(11,1,0,67)
w(13,6,0,68)
w(6,1,0,69)
w(7,2,0,70)
r(13,6,0,71)
w(1,5,0,72)
r(1,5,0,73)
r(13,6,0,74)
w(8,3,0,75)
w(11,2,0,76)
w(12,2,0,77)
w(14,1,0,78)
r(12,12,0,79)
r(8,3,0,80)
r(12,12,0,81)
r(14,1,0,82)
w(4,2,0,83)
r(9,9,0,84)
w(3,2,0,85)
w(7,3,0,86)
w(14,2,0,87)
r(12,5,0,88)
w(11,3,0,89)
r(7,3,0,90)
w(14,3,0,91)
r(0,6,0,92)
r(11,3,0,93)
r(3,2,0,94)
r(2,11,0,95)
w(6,2,0,96)
r(5,6,0,97)
w(13,7,0,98)
w(8,4,1,99)
w(3,3,1,100)
w(14,4,1,101)
w(8,5,1,102)
r(3,10,1,103)
r(0,0,1,104)
w(7,4,1,105)
w(0,4,1,106)
w(8,6,1,107)
r(11,0,1,108)
w(7,5,1,109)
r(4,11,1,110)
w(13,8,1,111)
w(4,3,1,112)
r(4,3,1,113)
w(3,4,1,114)
r(13,4,1,115)
w(4,4,1,116)
w(6,3,1,117)
r(14,4,1,118)
r(7,12,1,119)
w(3,5,1,120)
r(10,2,1,121)
r(14,4,1,122)
r(10,2,1,123)
w(10,4,1,124)
w(12,3,1,125)
r(14,4,1,126)
r(12,3,1,127)
r(3,5,1,128)
w(10,5,1,129)
r(4,1,1,130)
r(13,12,1,131)
w(8,7,1,132)
r(11,7,1,133)
w(14,5,1,134)
w(5,5,1,135)
w(12,4,1,136)
r(5,13,1,137)
r(11,7,1,138)
w(6,4,1,139)
w(9,4,1,140)
w(2,1,1,141)
r(10,5,1,142)
w(0,5,1,143)
r(5,8,1,144)
w(13,9,1,145)
r(3,12,1,146)
r(11,7,1,147)
r(0,5,1,148)
r(2,7,1,149)
w(14,6,1,150)
w(13,10,1,151)
r(1,4,1,152)
r(14,6,1,153)
r(12,11,1,154)
r(6,19,1,155)
w(13,11,1,156)
w(14,7,1,157)
w(7,6,1,158)
w(4,5,1,159)
w(5,6,1,160)
w(1,6,1,161)
w(1,7,1,162)
r(14,7,1,163)
r(7,2,1,164)
w(14,8,1,165)
w(3,6,1,166)
w(7,7,1,167)
w(1,8,1,168)
r(4,2,1,169)
r(0,9,1,170)
r(4,2,1,171)
r(13,13,1,172)
w(10,6,1,173)
r(11,5,1,174)
w(14,9,1,175)
r(6,8,1,176)
w(0,6,1,177)
r(14,3,1,178)
r(12,5,1,179)
w(7,8,1,180)
w(11,4,1,181)
w(2,2,1,182)
r(5,6,1,183)
w(10,7,1,184)
r(1,8,1,185)
w(7,9,1,186)
w(9,5,1,187)
w(1,9,1,188)
w(2,3,1,189)
w(7,10,1,190)
r(7,10,1,191)
w(3,7,1,192)
w(4,6,1,193)
w(7,11,1,194)
w(2,4,1,195)
w(8,8,1,196)
r(8,8,1,197)
w(6,5,1,198)
r(6,0,2,199)
r(1,1,2,200)
w(2,5,2,201)
r(5,0,2,202)
r(13,2,2,203)
w(10,8,2,204)
r(9,1,2,205)
r(6,0,2,206)
w(6,6,2,207)
r(6,12,2,208)
w(6,7,2,209)
w(10,9,2,210)
r(8,6,2,211)
w(2,6,2,212)
r(9,2,2,213)
r(2,6,2,214)
r(10,9,2,215)
r(14,4,2,216)
w(7,12,2,217)
r(4,4,2,218)
r(0,1,2,219)
w(4,7,2,220)
r(8,1,2,221)
w(7,13,2,222)
w(9,6,2,223)
r(4,1,2,224)
w(0,7,2,225)
r(2,12,2,226)
r(9,6,2,227)
r(7,13,2,228)
w(13,12,2,229)
r(3,5,2,230)
r(13,12,2,231)
r(7,13,2,232)
r(11,7,2,233)
w(4,8,2,234)
r(1,4,2,235)
w(7,14,2,236)
w(5,8,2,237)
w(14,10,2,238)
r(5,8,2,239)
w(2,7,2,240)
w(8,9,2,241)
r(11,7,2,242)
w(5,9,2,243)
r(14,6,2,244)
r(4,8,2,245)
r(1,4,2,246)
w(4,9,2,247)
r(9,4,2,248)
r(14,6,2,249)
w(4,10,2,250)
r(14,6,2,251)
w(5,10,2,252)
r(5,10,2,253)
w(7,15,2,254)
w(2,8,2,255)
w(9,7,2,256)
r(10,3,2,257)
w(2,9,2,258)
r(8,9,2,259)
w(0,8,2,260)
r(10,3,2,261)
w(0,9,2,262)
r(5,6,2,263)
w(11,5,2,264)
r(13,16,2,265)
w(13,13,2,266)
r(11,5,2,267)
w(3,9,2,268)
w(6,8,2,269)
w(2,10,2,270)
w(12,5,2,271)
r(8,11,2,272)
r(13,17,2,273)
r(9,9,2,274)
w(13,14,2,275)
r(4,2,2,276)
r(10,6,2,277)
w(2,11,2,278)
r(4,2,2,279)
r(11,3,2,280)
r(1,8,2,281)
w(6,9,2,282)
w(8,10,2,283)
r(11,4,2,284)
r(2,2,2,285)
r(7,20,2,286)
w(14,11,2,287)
w(5,11,2,288)
w(11,6,2,289)
w(5,12,2,290)
r(6,20,2,291)
w(12,6,2,292)
w(12,7,2,293)
w(6,10,2,294)
w(0,10,2,295)
w(6,11,2,296)
r(13,1,3,297)
w(12,8,3,298)
r(13,1,3,299)
w(4,11,3,300)
w(3,10,3,301)
w(7,16,3,302)
r(11,0,3,303)
r(3,10,3,304)
w(12,9,3,305)
w(3,11,3,306)
w(6,12,3,307)
w(6,13,3,308)
r(13,8,3,309)
w(12,10,3,310)
r(6,7,3,311)
w(7,17,3,312)
r(0,1,3,313)
r(2,5,3,314)
w(2,12,3,315)
r(1,3,3,316)
w(13,15,3,317)
r(1,3,3,318)
r(1,3,3,319)
w(6,14,3,320)
r(4,1,3,321)
r(3,5,3,322)
w(6,15,3,323)
r(13,12,3,324)
w(11,7,3,325)
r(11,7,3,326)
r(7,13,3,327)
w(7,18,3,328)
w(3,12,3,329)
w(5,13,3,330)
r(9,3,3,331)
r(6,15,3,332)
r(7,1,3,333)
w(6,16,3,334)
r(5,13,3,335)
r(4,8,3,336)
r(5,13,3,337)
w(12,11,3,338)
r(5,8,3,339)
w(6,17,3,340)
r(0,5,3,341)
w(6,18,3,342)
w(5,14,3,343)
r(11,7,3,344)
w(0,11,3,345)
r(11,7,3,346)
r(11,7,3,347)
w(6,19,3,348)
r(7,14,3,349)
w(2,13,3,350)
r(8,9,3,351)
r(10,3,3,352)
r(4,10,3,353)
w(9,8,3,354)
r(9,8,3,355)
w(0,12,3,356)
r(14,7,3,357)
w(0,13,3,358)
r(6,1,3,359)
w(13,16,3,360)
r(6,1,3,361)
w(9,9,3,362)
w(10,10,3,363)
r(10,10,3,364)
w(12,12,3,365)
r(10,10,3,366)
w(8,11,3,367)
w(7,19,3,368)
r(3,2,3,369)
r(7,3,3,370)
w(13,17,3,371)
w(8,12,3,372)
r(6,8,3,373)
w(14,12,3,374)
w(7,20,3,375)
w(6,20,3,376)
r(9,9,3,377)
r(5,6,3,378)
r(3,2,3,379)
r(3,2,3,380)
r(7,20,3,381)
w(5,15,3,382)
r(0,6,3,383)
r(9,9,3,384)
w(12,13,3,385)
r(12,13,3,386)
w(7,21,3,387)
w(8,13,3,388)
w(10,11,3,389)
w(3,13,3,390)
r(6,20,3,391)
w(3,14,3,392)
r(6,10,3,393)
w(14,13,3,394)
r(4,6,3,395)
