r(1,0,0,0)
r(13,0,0,1)
r(11,0,0,2)
w(0,1,0,3)
r(1,3,0,4)
w(0,2,0,5)
w(11,1,0,6)
r(0,2,0,7)
w(5,1,0,8)
r(4,3,0,9)
w(13,1,0,10)
r(3,0,0,11)
r(2,0,0,12)
r(8,0,0,13)
r(11,1,0,14)
r(4,3,0,15)
w(3,1,0,16)
r(0,8,0,17)
r(11,3,0,18)
w(3,2,0,19)
w(13,2,0,20)
w(2,1,0,21)
r(10,0,0,22)
r(14,4,0,23)
w(13,3,0,24)
r(12,4,0,25)
w(2,2,0,26)
w(12,1,0,27)
r(7,5,0,28)
w(12,2,0,29)
r(3,2,0,30)
r(12,2,0,31)
r(0,14,0,32)
w(4,1,0,33)
w(13,4,0,34)
r(5,10,0,35)
w(5,2,0,36)
w(7,1,0,37)
r(6,4,0,38)
r(8,4,0,39)
w(0,3,0,40)
w(8,1,0,41)
r(12,2,0,42)
w(6,1,0,43)
w(2,3,0,44)
r(11,3,0,45)
w(1,1,0,46)
r(4,5,0,47)
w(0,4,0,48)
r(13,15,0,49)
w(4,2,0,50)
w(14,1,0,51)
r(12,7,0,52)
w(3,3,0,53)
w(1,2,0,54)
w(8,2,0,55)
r(14,1,0,56)
w(8,3,0,57)
r(14,6,0,58)
w(13,5,0,59)
w(5,3,0,60)
w(2,4,0,61)
r(14,6,0,62)
w(2,5,0,63)
r(3,5,0,64)
w(9,1,0,65)
r(7,1,0,66)
w(3,4,0,67)
w(2,6,0,68)
w(14,2,0,69)
r(14,2,0,70)
r(10,11,0,71)
w(12,3,0,72)
w(1,3,1,73)
r(14,0,1,74)
r(14,0,1,75)
r(14,0,1,76)
r(11,6,1,77)
w(4,3,1,78)
r(3,0,1,79)
r(0,2,1,80)
w(14,3,1,81)
w(0,5,1,82)
r(12,4,1,83)
r(3,0,1,84)
r(1,3,1,85)
w(11,3,1,86)
w(7,2,1,87)
w(7,3,1,88)
r(10,0,1,89)
r(12,4,1,90)
w(14,4,1,91)
r(8,0,1,92)
r(1,12,1,93)
w(10,2,1,94)
r(1,13,1,95)
w(1,4,1,96)
r(11,3,1,97)
r(0,13,1,98)
w(8,4,1,99)
w(10,3,1,100)
r(7,5,1,101)
r(1,4,1,102)
r(10,3,1,103)
r(1,4,1,104)
r(13,4,1,105)
w(8,5,1,106)
w(4,4,1,107)
w(4,5,1,108)
r(10,8,1,109)
r(6,4,1,110)
w(5,4,1,111)
w(8,6,1,112)
w(11,4,1,113)
w(10,4,1,114)
r(1,1,1,115)
r(9,4,1,116)
w(10,5,1,117)
w(13,8,1,118)
w(2,7,1,119)
r(10,5,1,120)
r(12,7,1,121)
r(4,2,1,122)
r(0,4,1,123)
w(11,5,1,124)
r(4,2,1,125)
r(7,1,1,126)
w(10,6,1,127)
w(10,7,1,128)
w(14,6,1,129)
r(4,2,1,130)
r(11,7,1,131)
r(4,2,1,132)
r(1,15,1,133)
w(8,7,1,134)
w(3,5,1,135)
r(3,5,1,136)
w(4,6,1,137)
w(0,6,1,138)
r(6,5,1,139)
w(13,9,1,140)
r(12,6,1,141)
r(11,8,1,142)
r(10,0,2,143)
w(12,4,2,144)
r(0,1,2,145)
r(8,0,2,146)
w(7,4,2,147)
r(10,0,2,148)
r(14,0,2,149)
r(11,1,2,150)
r(1,3,2,151)
r(11,1,2,152)
w(0,8,2,153)
r(7,6,2,154)
w(14,7,2,155)
r(2,0,2,156)
w(9,2,2,157)
w(6,3,2,158)
r(6,3,2,159)
w(9,3,2,160)
w(6,4,2,161)
r(12,4,2,162)
r(1,12,2,163)
w(14,8,2,164)
w(9,4,2,165)
w(7,5,2,166)
r(13,13,2,167)
r(13,13,2,168)
r(11,3,2,169)
r(11,3,2,170)
w(0,9,2,171)
r(8,4,2,172)
w(3,6,2,173)
r(11,3,2,174)
w(3,7,2,175)
w(1,5,2,176)
w(10,8,2,177)
r(5,2,2,178)
r(13,4,2,179)
r(10,8,2,180)
w(10,9,2,181)
r(8,1,2,182)
w(1,6,2,183)
r(3,7,2,184)
r(13,14,2,185)
w(4,7,2,186)
w(13,10,2,187)
r(1,1,2,188)
r(8,6,2,189)
w(12,5,2,190)
w(10,10,2,191)
r(3,3,2,192)
w(12,6,2,193)
r(7,1,2,194)
r(7,1,2,195)
r(6,7,2,196)
r(8,2,2,197)
r(7,1,2,198)
w(5,6,2,199)
r(8,3,2,200)
w(6,5,2,201)
r(7,1,2,202)
w(13,12,2,203)
w(5,7,2,204)
w(10,11,2,205)
r(11,8,2,206)
w(1,8,2,207)
w(14,9,2,208)
r(12,6,2,209)
w(4,8,2,210)
w(5,8,2,211)
r(12,6,2,212)
w(0,10,2,213)
w(11,6,3,214)
w(6,6,3,215)
r(10,0,3,216)
r(3,0,3,217)
r(14,0,3,218)
r(7,4,3,219)
r(9,0,3,220)
r(1,3,3,221)
w(5,9,3,222)
r(1,3,3,223)
w(7,6,3,224)
r(11,1,3,225)
w(1,10,3,226)
r(9,0,3,227)
w(0,11,3,228)
r(1,10,3,229)
r(0,11,3,230)
w(0,12,3,231)
w(1,11,3,232)
r(10,0,3,233)
r(10,0,3,234)
w(1,12,3,235)
w(0,13,3,236)
w(9,5,3,237)
w(1,13,3,238)
w(13,13,3,239)
r(10,2,3,240)
w(0,14,3,241)
w(5,10,3,242)
r(6,4,3,243)
r(10,3,3,244)
r(9,4,3,245)
r(0,9,3,246)
r(3,7,3,247)
w(10,13,3,248)
r(6,4,3,249)
r(7,1,3,250)
r(1,5,3,251)
w(13,14,3,252)
r(11,3,3,253)
r(13,14,3,254)
r(1,6,3,255)
r(1,6,3,256)
r(8,6,3,257)
w(13,15,3,258)
w(6,7,3,259)
r(3,7,3,260)
w(1,14,3,261)
w(12,7,3,262)
w(8,8,3,263)
r(11,4,3,264)
r(12,5,3,265)
r(4,2,3,266)
w(11,7,3,267)
w(1,15,3,268)
w(11,8,3,269)
r(11,8,3,270)
r(0,4,3,271)
r(14,6,3,272)
w(13,16,3,273)
r(8,7,3,274)
w(8,9,3,275)
r(4,6,3,276)
w(8,10,3,277)
w(0,15,3,278)
w(13,18,3,279)
r(11,8,3,280)
w(2,8,3,281)
w(11,9,3,282)
