r(13,0,0,0)
r(0,0,0,1)
r(13,0,0,2)
w(1,1,0,3)
r(7,0,0,4)
r(6,1,0,5)
w(14,2,0,6)
w(8,1,0,7)
r(12,7,0,8)
r(6,6,0,9)
w(12,1,0,10)
r(3,0,0,11)
r(14,2,0,12)
w(12,2,0,13)
r(12,2,0,14)
w(13,1,0,15)
r(2,16,0,16)
w(0,1,0,17)
r(2,16,0,18)
r(5,5,0,19)
w(2,1,0,20)
w(7,2,0,21)
w(7,3,0,22)
w(7,4,0,23)
w(2,2,0,24)
r(6,4,0,25)
r(11,4,0,26)
r(13,1,0,27)
w(4,1,0,28)
r(5,2,0,29)
r(14,5,0,30)
w(11,1,0,31)
w(1,2,0,32)
w(8,2,0,33)
r(0,3,0,34)
r(8,2,0,35)
r(5,3,0,36)
r(12,11,0,37)
r(6,5,0,38)
w(4,2,0,39)
w(3,1,0,40)
r(11,6,0,41)
w(7,5,0,42)
w(3,2,0,43)
w(1,3,0,44)
r(1,3,0,45)
w(10,2,0,46)
r(1,3,0,47)
r(2,10,0,48)
r(8,8,0,49)
w(12,3,0,50)
w(14,3,0,51)
r(0,4,0,52)
w(7,6,0,53)
r(2,11,0,54)
w(10,3,0,55)
r(5,3,0,56)
w(7,7,0,57)
w(1,4,0,58)
r(7,7,0,59)
r(6,2,0,60)
r(6,2,0,61)
r(5,3,0,62)
w(5,1,0,63)
w(4,3,0,64)
w(2,3,0,65)
r(14,8,0,66)
w(14,4,0,67)
w(13,3,0,68)
r(10,0,1,69)
w(13,4,1,70)
w(8,4,1,71)
w(6,1,1,72)
r(0,0,1,73)
w(11,2,1,74)
r(6,6,1,75)
w(13,5,1,76)
r(7,0,1,77)
r(5,5,1,78)
w(8,5,1,79)
w(11,3,1,80)
w(2,4,1,81)
r(13,5,1,82)
w(10,4,1,83)
w(3,3,1,84)
w(11,4,1,85)
r(7,0,1,86)
w(5,2,1,87)
r(12,10,1,88)
r(0,1,1,89)
r(7,9,1,90)
w(9,1,1,91)
r(3,9,1,92)
w(14,5,1,93)
w(4,4,1,94)
w(12,4,1,95)
r(7,4,1,96)
w(12,5,1,97)
r(3,9,1,98)
r(11,4,1,99)
w(2,5,1,100)
r(2,5,1,101)
r(12,5,1,102)
r(6,4,1,103)
r(14,5,1,104)
r(8,10,1,105)
r(2,5,1,106)
r(8,2,1,107)
r(1,2,1,108)
w(8,6,1,109)
w(11,6,1,110)
w(7,8,1,111)
w(4,5,1,112)
r(2,5,1,113)
r(10,11,1,114)
w(8,7,1,115)
w(8,8,1,116)
w(12,6,1,117)
w(9,2,1,118)
w(1,5,1,119)
w(6,2,1,120)
w(1,6,1,121)
r(5,3,1,122)
w(13,6,1,123)
r(9,6,1,124)
w(2,6,1,125)
r(0,4,1,126)
r(9,6,1,127)
r(14,3,1,128)
r(5,3,1,129)
w(14,6,1,130)
w(2,7,1,131)
r(10,8,1,132)
w(3,4,1,133)
w(9,3,1,134)
w(4,6,1,135)
r(1,4,1,136)
r(11,7,1,137)
r(2,3,1,138)
w(2,8,1,139)
r(5,4,1,140)
r(10,8,1,141)
r(12,12,1,142)
r(0,0,2,143)
r(2,0,2,144)
r(14,0,2,145)
r(1,0,2,146)
w(4,7,2,147)
w(12,7,2,148)
w(10,5,2,149)
w(10,6,2,150)
r(9,0,2,151)
r(4,7,2,152)
r(1,1,2,153)
r(13,5,2,154)
r(11,3,2,155)
w(14,7,2,156)
r(7,0,2,157)
w(3,5,2,158)
w(1,7,2,159)
r(3,3,2,160)
r(10,4,2,161)
w(7,9,2,162)
w(6,3,2,163)
w(6,4,2,164)
r(5,2,2,165)
w(0,2,2,166)
w(1,8,2,167)
w(2,9,2,168)
r(12,4,2,169)
r(9,9,2,170)
w(3,6,2,171)
r(2,2,2,172)
w(3,7,2,173)
w(5,3,2,174)
w(6,5,2,175)
w(12,8,2,176)
w(13,8,2,177)
r(14,5,2,178)
w(9,4,2,179)
r(11,6,2,180)
r(11,6,2,181)
w(9,5,2,182)
r(3,11,2,183)
r(6,5,2,184)
r(8,6,2,185)
r(3,1,2,186)
w(2,10,2,187)
r(11,6,2,188)
w(10,7,2,189)
r(12,11,2,190)
w(11,7,2,191)
w(12,9,2,192)
w(9,6,2,193)
r(11,7,2,194)
w(7,10,2,195)
r(13,11,2,196)
w(2,11,2,197)
r(10,2,2,198)
r(10,2,2,199)
r(4,9,2,200)
w(13,9,2,201)
w(3,8,2,202)
r(4,9,2,203)
w(10,8,2,204)
w(2,13,2,205)
r(14,6,2,206)
r(12,12,2,207)
w(14,8,2,208)
r(7,7,2,209)
r(1,4,2,210)
w(5,4,2,211)
r(2,8,2,212)
w(2,14,3,213)
w(5,5,3,214)
r(14,0,3,215)
w(14,10,3,216)
r(6,1,3,217)
w(6,6,3,218)
r(10,5,3,219)
r(8,4,3,220)
r(8,4,3,221)
w(2,15,3,222)
w(9,7,3,223)
r(9,7,3,224)
r(3,0,3,225)
w(10,9,3,226)
r(14,2,3,227)
w(2,16,3,228)
r(8,5,3,229)
w(12,10,3,230)
w(8,10,3,231)
r(14,7,3,232)
w(3,9,3,233)
r(0,1,3,234)
w(9,8,3,235)
w(4,8,3,236)
r(4,8,3,237)
r(10,4,3,238)
w(9,9,3,239)
w(1,9,3,240)
r(1,9,3,241)
w(10,10,3,242)
r(1,9,3,243)
w(0,3,3,244)
r(2,2,3,245)
r(14,5,3,246)
r(13,1,3,247)
r(2,5,3,248)
w(3,11,3,249)
w(10,11,3,250)
r(5,3,3,251)
r(13,1,3,252)
r(3,11,3,253)
w(12,11,3,254)
r(11,1,3,255)
r(8,6,3,256)
w(0,4,3,257)
r(4,1,3,258)
r(0,4,3,259)
w(6,7,3,260)
r(9,5,3,261)
w(13,10,3,262)
r(1,2,3,263)
w(4,9,3,264)
r(2,10,3,265)
r(11,7,3,266)
r(14,5,3,267)
r(13,10,3,268)
r(2,10,3,269)
w(13,11,3,270)
r(9,6,3,271)
r(8,8,3,272)
r(5,3,3,273)
r(5,3,3,274)
w(12,12,3,275)
r(8,8,3,276)
r(4,9,3,277)
w(8,11,3,278)
r(11,7,3,279)
r(3,8,3,280)
r(14,3,3,281)
r(13,9,3,282)
r(13,9,3,283)
r(5,3,3,284)
