w(11,1,0,0)
w(7,1,0,1)
r(10,0,0,2)
r(4,3,0,3)
r(14,0,0,4)
r(8,6,0,5)
w(5,2,0,6)
w(13,1,0,7)
w(3,1,0,8)
w(3,2,0,9)
r(3,2,0,10)
r(3,2,0,11)
w(5,3,0,12)
r(10,7,0,13)
w(9,1,0,14)
r(3,2,0,15)
r(6,9,0,16)
r(5,3,0,17)
r(8,7,0,18)
r(3,2,0,19)
r(12,5,0,20)
w(7,2,0,21)
r(0,10,0,22)
w(10,1,0,23)
r(7,2,0,24)
w(14,1,0,25)
r(11,5,0,26)
w(10,2,0,27)
w(14,2,0,28)
r(5,3,0,29)
w(0,1,0,30)
r(6,10,0,31)
w(4,1,0,32)
w(11,2,0,33)
w(10,3,0,34)
w(14,3,0,35)
r(4,1,0,36)
w(0,2,0,37)
w(12,1,0,38)
w(7,3,0,39)
r(0,2,0,40)
r(4,1,0,41)
r(13,4,0,42)
r(5,6,0,43)
r(9,6,0,44)
w(10,4,0,45)
w(6,1,0,46)
w(9,2,0,47)
r(12,1,0,48)
r(2,8,0,49)
r(9,2,0,50)
r(11,10,0,51)
w(12,2,0,52)
w(0,4,0,53)
w(8,1,0,54)
r(8,1,0,55)
r(8,1,0,56)
w(2,1,0,57)
w(14,4,0,58)
r(1,2,0,59)
r(10,4,0,60)
r(1,2,0,61)
r(9,2,0,62)
w(2,2,0,63)
w(13,2,0,64)
w(2,3,0,65)
r(12,4,0,66)
w(11,3,0,67)
r(2,3,0,68)
w(6,2,0,69)
w(9,3,0,70)
r(9,3,0,71)
w(0,5,0,72)
r(11,0,1,73)
r(11,0,1,74)
r(3,0,1,75)
w(4,2,1,76)
w(4,3,1,77)
w(9,4,1,78)
r(5,5,1,79)
w(6,3,1,80)
r(0,9,1,81)
w(8,2,1,82)
w(9,5,1,83)
r(12,5,1,84)
r(4,3,1,85)
w(11,4,1,86)
w(7,4,1,87)
r(9,1,1,88)
r(8,7,1,89)
r(3,2,1,90)
r(0,10,1,91)
r(10,7,1,92)
r(4,3,1,93)
w(13,3,1,94)
w(9,6,1,95)
w(11,5,1,96)
r(11,5,1,97)
w(8,3,1,98)
w(7,5,1,99)
w(7,6,1,100)
r(6,10,1,101)
w(14,5,1,102)
w(8,4,1,103)
r(7,8,1,104)
r(14,5,1,105)
r(2,8,1,106)
r(0,13,1,107)
r(2,8,1,108)
r(14,3,1,109)
w(13,4,1,110)
r(4,1,1,111)
r(6,6,1,112)
w(10,5,1,113)
w(4,4,1,114)
r(9,6,1,115)
r(0,2,1,116)
w(1,1,1,117)
r(13,4,1,118)
r(13,4,1,119)
w(5,4,1,120)
r(4,6,1,121)
r(1,1,1,122)
r(3,5,1,123)
w(4,5,1,124)
w(0,6,1,125)
r(3,4,1,126)
w(1,2,1,127)
w(12,3,1,128)
r(12,3,1,129)
r(12,3,1,130)
r(0,4,1,131)
w(8,5,1,132)
w(0,7,1,133)
r(3,6,1,134)
r(11,10,1,135)
r(8,5,1,136)
w(9,7,1,137)
w(14,6,1,138)
r(2,3,1,139)
r(8,5,1,140)
r(12,4,1,141)
r(0,7,1,142)
w(0,8,1,143)
r(7,3,1,144)
r(9,7,1,145)
r(11,0,2,146)
w(5,5,2,147)
r(1,0,2,148)
w(0,9,2,149)
r(11,1,2,150)
w(10,6,2,151)
r(11,1,2,152)
w(6,5,2,153)
w(10,7,2,154)
w(11,7,2,155)
r(14,0,2,156)
w(0,10,2,157)
w(2,4,2,158)
r(10,7,2,159)
w(1,3,2,160)
r(4,3,2,161)
r(3,2,2,162)
w(11,8,2,163)
r(8,7,2,164)
w(0,11,2,165)
r(6,9,2,166)
r(14,9,2,167)
r(6,9,2,168)
r(10,1,2,169)
r(9,6,2,170)
r(8,3,2,171)
r(0,11,2,172)
r(1,4,2,173)
r(13,3,2,174)
r(14,1,2,175)
w(11,9,2,176)
r(1,4,2,177)
r(12,5,2,178)
w(0,12,2,179)
r(3,2,2,180)
r(6,10,2,181)
w(0,13,2,182)
w(5,6,2,183)
r(10,3,2,184)
r(9,6,2,185)
r(5,6,2,186)
r(1,4,2,187)
w(6,6,2,188)
w(14,7,2,189)
r(5,6,2,190)
w(0,15,2,191)
w(4,6,2,192)
w(11,10,2,193)
w(6,7,2,194)
r(6,7,2,195)
w(3,4,2,196)
r(11,10,2,197)
w(13,5,2,198)
w(13,6,2,199)
r(8,1,2,200)
r(5,4,2,201)
w(2,5,2,202)
r(10,4,2,203)
r(4,5,2,204)
w(12,4,2,205)
r(7,3,2,206)
r(11,10,2,207)
r(13,2,2,208)
r(9,7,2,209)
r(5,4,2,210)
r(9,7,2,211)
w(2,6,2,212)
r(9,7,2,213)
r(7,3,2,214)
r(14,6,2,215)
r(4,5,2,216)
r(12,4,2,217)
r(12,0,3,218)
r(1,0,3,219)
r(6,0,3,220)
w(8,6,3,221)
w(6,8,3,222)
r(13,0,3,223)
r(2,0,3,224)
r(10,6,3,225)
r(4,3,3,226)
w(12,5,3,227)
r(6,5,3,228)
r(12,5,3,229)
r(2,0,3,230)
w(8,7,3,231)
w(6,9,3,232)
w(2,7,3,233)
w(7,7,3,234)
w(14,9,3,235)
w(11,11,3,236)
w(6,10,3,237)
w(1,4,3,238)
w(2,8,3,239)
r(2,8,3,240)
w(7,8,3,241)
w(5,7,3,242)
w(7,9,3,243)
w(8,8,3,244)
r(6,10,3,245)
w(11,12,3,246)
r(11,12,3,247)
r(5,6,3,248)
r(6,10,3,249)
r(9,6,3,250)
r(3,2,3,251)
r(10,3,3,252)
r(13,4,3,253)
r(11,12,3,254)
w(3,5,3,255)
r(12,1,3,256)
r(6,1,3,257)
r(0,15,3,258)
r(6,1,3,259)
w(0,16,3,260)
r(7,3,3,261)
r(11,10,3,262)
w(3,6,3,263)
r(4,5,3,264)
w(13,7,3,265)
r(11,10,3,266)
w(14,11,3,267)
r(10,4,3,268)
w(2,10,3,269)
r(11,10,3,270)
r(8,5,3,271)
w(10,9,3,272)
w(8,9,3,273)
r(1,2,3,274)
r(6,2,3,275)
r(13,2,3,276)
r(9,3,3,277)
r(13,2,3,278)
r(3,6,3,279)
w(13,8,3,280)
r(9,3,3,281)
r(4,5,3,282)
r(6,2,3,283)
w(6,11,3,284)
w(8,10,3,285)
r(2,6,3,286)
