r(9,0,0,0)
r(1,0,0,1)
w(14,1,0,2)
r(6,0,0,3)
r(13,0,0,4)
r(10,15,0,5)
w(10,1,0,6)
r(1,0,0,7)
r(1,0,0,8)
r(9,4,0,9)
r(5,0,0,10)
w(10,2,0,11)
r(12,8,0,12)
r(13,2,0,13)
w(10,3,0,14)
r(1,4,0,15)
w(10,4,0,16)
w(10,5,0,17)
w(10,6,0,18)
w(5,1,0,19)
w(9,1,0,20)
r(10,6,0,21)
w(4,1,0,22)
r(0,0,0,23)
w(14,2,0,24)
w(10,7,0,25)
w(4,2,0,26)
r(7,9,0,27)
r(11,5,0,28)
r(2,5,0,29)
w(10,8,0,30)
w(2,1,0,31)
w(10,9,0,32)
w(6,1,0,33)
r(14,2,0,34)
r(1,5,0,35)
r(14,2,0,36)
w(4,3,0,37)
w(7,1,0,38)
r(12,5,0,39)
w(1,1,0,40)
w(11,1,0,41)
w(0,1,0,42)
w(0,2,0,43)
r(11,1,0,44)
w(7,2,0,45)
w(10,11,0,46)
w(2,2,0,47)
w(3,1,0,48)
r(1,6,0,49)
w(7,3,0,50)
r(8,3,0,51)
w(3,2,0,52)
r(2,2,0,53)
w(14,3,0,54)
w(9,2,0,55)
r(2,2,0,56)
r(3,2,0,57)
r(11,1,0,58)
r(4,8,0,59)
w(13,1,0,60)
w(6,2,0,61)
w(1,2,0,62)
r(8,3,0,63)
w(2,3,0,64)
r(12,4,0,65)
w(7,4,0,66)
w(4,4,0,67)
w(4,5,0,68)
w(1,3,0,69)
r(7,6,0,70)
w(12,1,0,71)
w(0,3,0,72)
r(1,7,0,73)
r(0,0,1,74)
w(8,1,1,75)
r(13,0,1,76)
w(13,2,1,77)
w(11,2,1,78)
r(1,0,1,79)
w(1,4,1,80)
w(11,3,1,81)
w(2,4,1,82)
w(2,5,1,83)
r(0,0,1,84)
w(11,4,1,85)
w(12,2,1,86)
r(13,8,1,87)
r(12,2,1,88)
w(13,3,1,89)
r(7,9,1,90)
r(7,9,1,91)
r(1,9,1,92)
w(3,3,1,93)
r(10,6,1,94)
r(3,3,1,95)
r(12,2,1,96)
r(11,5,1,97)
r(14,2,1,98)
w(4,7,1,99)
w(5,2,1,100)
r(1,5,1,101)
r(14,2,1,102)
r(2,1,1,103)
r(7,9,1,104)
r(5,7,1,105)
w(6,3,1,106)
r(0,6,1,107)
w(3,4,1,108)
r(13,6,1,109)
r(13,6,1,110)
r(3,4,1,111)
w(4,8,1,112)
w(6,4,1,113)
w(2,6,1,114)
w(14,4,1,115)
r(5,5,1,116)
r(13,10,1,117)
r(7,1,1,118)
r(5,5,1,119)
w(12,3,1,120)
r(11,1,1,121)
r(8,3,1,122)
w(0,5,1,123)
r(3,1,1,124)
r(0,5,1,125)
w(9,3,1,126)
r(4,8,1,127)
w(14,5,1,128)
w(7,5,1,129)
r(7,5,1,130)
r(6,10,1,131)
w(10,14,1,132)
r(0,9,1,133)
r(5,5,1,134)
w(12,4,1,135)
r(4,13,1,136)
r(6,2,1,137)
r(5,5,1,138)
w(7,6,1,139)
w(5,3,1,140)
w(4,9,1,141)
r(9,2,1,142)
w(9,4,2,143)
r(5,0,2,144)
w(10,15,2,145)
w(7,7,2,146)
w(6,5,2,147)
w(14,6,2,148)
w(3,5,2,149)
r(4,11,2,150)
r(11,3,2,151)
r(4,11,2,152)
w(6,6,2,153)
r(2,5,2,154)
w(6,7,2,155)
r(13,8,2,156)
r(10,5,2,157)
w(11,5,2,158)
r(9,4,2,159)
r(5,1,2,160)
w(6,8,2,161)
r(4,12,2,162)
w(13,5,2,163)
w(1,5,2,164)
r(10,7,2,165)
w(0,6,2,166)
r(0,6,2,167)
w(8,2,2,168)
w(12,5,2,169)
w(4,10,2,170)
r(9,7,2,171)
r(8,2,2,172)
r(13,5,2,173)
r(10,9,2,174)
w(10,16,2,175)
w(13,6,2,176)
r(9,7,2,177)
r(14,2,2,178)
r(11,8,2,179)
w(5,4,2,180)
r(2,1,2,181)
w(5,5,2,182)
r(7,1,2,183)
w(6,10,2,184)
w(1,6,2,185)
w(14,7,2,186)
r(12,3,2,187)
w(0,8,2,188)
w(9,5,2,189)
r(10,19,2,190)
w(7,8,2,191)
r(0,5,2,192)
r(10,19,2,193)
r(4,8,2,194)
r(12,9,2,195)
r(6,10,2,196)
w(12,7,2,197)
r(14,5,2,198)
w(0,9,2,199)
r(2,2,2,200)
w(3,6,2,201)
r(14,8,2,202)
w(11,6,2,203)
r(11,6,2,204)
w(6,11,2,205)
r(8,3,2,206)
w(6,12,2,207)
w(10,17,2,208)
w(1,7,2,209)
r(13,1,2,210)
w(13,7,2,211)
r(14,8,2,212)
r(8,3,2,213)
w(1,8,2,214)
r(4,0,3,215)
w(2,7,3,216)
r(6,0,3,217)
w(2,8,3,218)
w(7,9,3,219)
r(0,0,3,220)
r(2,8,3,221)
w(12,8,3,222)
w(4,11,3,223)
w(11,7,3,224)
w(4,12,3,225)
w(13,8,3,226)
r(9,4,3,227)
r(10,4,3,228)
w(1,9,3,229)
r(13,8,3,230)
r(6,7,3,231)
r(11,4,3,232)
r(2,5,3,233)
w(13,9,3,234)
w(9,6,3,235)
r(9,6,3,236)
r(3,5,3,237)
w(9,7,3,238)
w(5,6,3,239)
r(2,5,3,240)
r(13,5,3,241)
w(11,8,3,242)
w(6,13,3,243)
w(2,9,3,244)
w(5,7,3,245)
r(9,7,3,246)
r(6,13,3,247)
r(0,6,3,248)
r(11,8,3,249)
r(14,2,3,250)
w(7,10,3,251)
r(10,16,3,252)
w(10,18,3,253)
w(8,3,3,254)
w(9,8,3,255)
w(13,10,3,256)
r(10,18,3,257)
w(13,11,3,258)
r(7,1,3,259)
r(12,5,3,260)
r(12,5,3,261)
r(10,11,3,262)
w(10,19,3,263)
r(6,10,3,264)
w(12,9,3,265)
w(1,10,3,266)
r(5,5,3,267)
r(10,19,3,268)
w(11,9,3,269)
r(4,8,3,270)
w(4,13,3,271)
r(6,10,3,272)
w(14,8,3,273)
r(4,13,3,274)
w(1,11,3,275)
r(0,9,3,276)
r(7,5,3,277)
r(12,4,3,278)
r(14,8,3,279)
w(2,11,3,280)
r(4,5,3,281)
r(2,11,3,282)
r(8,3,3,283)
r(3,6,3,284)
w(3,7,3,285)
r(13,1,3,286)
