w(12,1,0,0)
r(0,0,0,1)
r(9,0,0,2)
r(11,0,0,3)
w(12,2,0,4)
r(2,0,0,5)
w(0,1,0,6)
w(1,1,0,7)
r(5,0,0,8)
w(10,1,0,9)
r(4,8,0,10)
r(13,2,0,11)
r(5,0,0,12)
r(12,2,0,13)
r(0,1,0,14)
w(2,1,0,15)
w(7,1,0,16)
r(5,0,0,17)
r(1,6,0,18)
w(1,2,0,19)
r(10,1,0,20)
w(1,3,0,21)
w(8,1,0,22)
w(9,1,0,23)
r(2,1,0,24)
w(4,1,0,25)
r(6,5,0,26)
w(7,2,0,27)
w(6,1,0,28)
r(10,1,0,29)
w(1,4,0,30)
w(7,3,0,31)
w(5,1,0,32)
w(4,2,0,33)
r(6,1,0,34)
r(2,15,0,35)
r(12,10,0,36)
w(14,1,0,37)
r(12,10,0,38)
r(9,5,0,39)
w(4,3,0,40)
r(9,5,0,41)
w(10,2,0,42)
r(9,5,0,43)
w(6,2,0,44)
r(3,8,0,45)
w(12,3,0,46)
r(0,6,0,47)
w(2,2,0,48)
r(5,4,0,49)
r(4,10,0,50)
w(2,3,0,51)
r(8,5,0,52)
r(9,5,0,53)
w(14,2,0,54)
r(2,3,0,55)
w(10,3,0,56)
r(14,2,0,57)
w(11,1,0,58)
r(11,1,0,59)
w(8,2,0,60)
r(2,6,0,61)
r(11,1,0,62)
r(1,8,0,63)
w(14,3,0,64)
w(8,3,0,65)
r(2,6,0,66)
r(1,8,0,67)
w(3,1,0,68)
w(12,4,0,69)
r(8,3,0,70)
r(14,12,0,71)
w(6,3,0,72)
w(10,4,1,73)
r(11,0,1,74)
r(2,0,1,75)
w(7,6,1,76)
w(13,1,1,77)
w(13,2,1,78)
w(2,4,1,79)
w(14,4,1,80)
r(1,6,1,81)
r(11,8,1,82)
w(8,4,1,83)
r(2,1,1,84)
r(4,8,1,85)
w(4,4,1,86)
r(2,1,1,87)
w(5,2,1,88)
r(12,8,1,89)
w(4,5,1,90)
r(5,2,1,91)
w(5,3,1,92)
w(9,2,1,93)
w(0,2,1,94)
r(6,5,1,95)
r(9,2,1,96)
r(9,2,1,97)
r(0,2,1,98)
w(13,3,1,99)
r(4,9,1,100)
w(13,4,1,101)
w(4,6,1,102)
r(12,10,1,103)
w(3,2,1,104)
r(7,3,1,105)
r(5,1,1,106)
w(5,4,1,107)
w(2,5,1,108)
w(11,3,1,109)
r(6,1,1,110)
w(7,7,1,111)
r(13,8,1,112)
w(10,5,1,113)
r(3,8,1,114)
w(3,3,1,115)
w(8,5,1,116)
r(9,5,1,117)
r(8,5,1,118)
w(0,3,1,119)
r(13,8,1,120)
r(10,13,1,121)
r(14,2,1,122)
r(13,8,1,123)
w(2,6,1,124)
r(12,11,1,125)
w(14,5,1,126)
w(13,5,1,127)
w(6,4,1,128)
r(6,4,1,129)
r(4,10,1,130)
w(11,4,1,131)
w(2,7,1,132)
r(14,12,1,133)
r(5,7,1,134)
r(1,8,1,135)
r(10,3,1,136)
r(12,5,1,137)
w(9,3,1,138)
w(13,6,1,139)
r(2,17,1,140)
w(14,6,1,141)
r(9,10,1,142)
r(13,0,2,143)
r(12,1,2,144)
w(4,7,2,145)
w(4,8,2,146)
w(8,6,2,147)
w(3,4,2,148)
r(7,6,2,149)
r(4,8,2,150)
r(13,2,2,151)
r(12,2,2,152)
r(10,1,2,153)
r(7,1,2,154)
r(14,4,2,155)
r(0,1,2,156)
w(11,5,2,157)
w(9,4,2,158)
w(5,5,2,159)
w(11,6,2,160)
r(11,6,2,161)
r(14,11,2,162)
w(3,5,2,163)
w(2,8,2,164)
w(4,9,2,165)
r(13,3,2,166)
w(9,5,2,167)
w(8,7,2,168)
r(6,1,2,169)
w(8,8,2,170)
r(7,3,2,171)
r(8,8,2,172)
w(3,6,2,173)
w(8,9,2,174)
r(2,5,2,175)
w(2,9,2,176)
w(2,10,2,177)
w(2,11,2,178)
w(2,12,2,179)
w(4,10,2,180)
r(2,16,2,181)
r(14,1,2,182)
r(4,10,2,183)
w(10,8,2,184)
r(12,3,2,185)
w(11,7,2,186)
w(7,9,2,187)
r(7,9,2,188)
w(9,6,2,189)
r(8,5,2,190)
w(14,7,2,191)
w(12,5,2,192)
w(0,5,2,193)
r(9,6,2,194)
r(14,12,2,195)
w(7,11,2,196)
r(8,3,2,197)
r(10,3,2,198)
r(5,7,2,199)
r(5,7,2,200)
r(7,11,2,201)
r(3,1,2,202)
w(1,5,2,203)
r(4,10,2,204)
r(2,17,2,205)
w(12,7,2,206)
r(11,4,2,207)
w(10,10,2,208)
r(6,3,2,209)
r(11,0,3,210)
r(9,0,3,211)
w(11,8,3,212)
w(14,9,3,213)
r(2,0,3,214)
r(0,0,3,215)
r(9,0,3,216)
r(6,0,3,217)
w(2,13,3,218)
r(6,0,3,219)
w(3,7,3,220)
w(1,6,3,221)
r(12,2,3,222)
w(9,7,3,223)
w(12,8,3,224)
w(14,10,3,225)
w(12,9,3,226)
r(0,1,3,227)
w(6,5,3,228)
r(14,10,3,229)
w(14,11,3,230)
w(12,10,3,231)
r(2,1,3,232)
w(5,6,3,233)
w(10,11,3,234)
r(0,2,3,235)
r(1,4,3,236)
w(2,15,3,237)
w(8,11,3,238)
w(1,7,3,239)
w(10,12,3,240)
w(13,8,3,241)
w(0,6,3,242)
r(4,3,3,243)
w(3,8,3,244)
w(2,16,3,245)
r(12,3,3,246)
w(5,7,3,247)
r(6,2,3,248)
r(9,5,3,249)
r(5,7,3,250)
r(7,7,3,251)
w(10,13,3,252)
w(12,11,3,253)
w(6,6,3,254)
w(7,12,3,255)
w(7,13,3,256)
r(4,10,3,257)
r(10,3,3,258)
w(1,8,3,259)
w(3,9,3,260)
w(14,12,3,261)
w(9,9,3,262)
w(2,17,3,263)
r(13,5,3,264)
w(10,14,3,265)
r(4,10,3,266)
w(12,12,3,267)
w(9,10,3,268)
r(2,17,3,269)
w(3,10,3,270)
r(6,3,3,271)
r(12,12,3,272)
w(13,9,3,273)
r(3,10,3,274)
w(14,13,3,275)
w(11,10,3,276)
w(10,15,3,277)
r(12,7,3,278)
w(1,9,3,279)
r(8,3,3,280)
w(2,18,3,281)
