r(1,0,0,0)
r(8,0,0,1)
r(8,0,0,2)
w(3,1,0,3)
r(11,0,0,4)
w(13,1,0,5)
r(0,0,0,6)
w(11,1,0,7)
r(11,1,0,8)
r(3,1,0,9)
r(7,2,0,10)
r(13,9,0,11)
r(3,1,0,12)
w(5,1,0,13)
w(7,1,0,14)
r(11,5,0,15)
r(6,11,0,16)
r(3,7,0,17)
w(11,2,0,18)
w(10,1,0,19)
r(0,0,0,20)
r(11,2,0,21)
r(12,0,0,22)
r(13,10,0,23)
r(0,0,0,24)
r(9,3,0,25)
w(13,2,0,26)
w(14,1,0,27)
w(13,3,0,28)
w(1,1,0,29)
r(10,1,0,30)
r(8,4,0,31)
w(6,2,0,32)
w(1,2,0,33)
r(3,11,0,34)
r(4,7,0,35)
r(0,0,0,36)
w(2,1,0,37)
w(11,3,0,38)
r(14,3,0,39)
w(8,1,0,40)
w(0,1,0,41)
w(3,2,0,42)
r(2,1,0,43)
r(11,8,0,44)
r(9,4,0,45)
w(3,3,0,46)
r(14,3,0,47)
r(11,8,0,48)
w(3,4,0,49)
r(5,9,0,50)
r(7,3,0,51)
w(9,1,0,52)
w(0,2,0,53)
r(3,4,0,54)
w(0,3,0,55)
w(4,2,0,56)
w(6,3,0,57)
r(0,3,0,58)
r(5,9,0,59)
w(11,4,0,60)
w(2,2,0,61)
r(10,5,0,62)
w(8,3,0,63)
w(9,2,0,64)
r(12,6,0,65)
r(3,6,0,66)
r(2,2,0,67)
r(4,14,0,68)
r(9,2,0,69)
r(5,0,1,70)
w(1,3,1,71)
r(7,0,1,72)
w(7,2,1,73)
r(13,11,1,74)
w(10,2,1,75)
r(14,0,1,76)
w(9,3,1,77)
w(13,5,1,78)
r(9,3,1,79)
w(5,3,1,80)
w(11,5,1,81)
r(10,2,1,82)
w(4,3,1,83)
r(1,7,1,84)
w(14,2,1,85)
r(8,0,1,86)
w(5,4,1,87)
r(14,6,1,88)
w(4,4,1,89)
w(8,4,1,90)
r(4,6,1,91)
r(14,6,1,92)
r(9,3,1,93)
r(2,4,1,94)
w(2,3,1,95)
r(11,2,1,96)
r(0,0,1,97)
r(2,3,1,98)
w(5,5,1,99)
r(2,3,1,100)
w(3,5,1,101)
r(3,5,1,102)
r(9,4,1,103)
w(12,1,1,104)
r(1,1,1,105)
r(12,1,1,106)
w(8,5,1,107)
w(8,6,1,108)
w(0,4,1,109)
r(2,1,1,110)
r(1,2,1,111)
r(7,3,1,112)
w(12,2,1,113)
r(13,3,1,114)
r(6,12,1,115)
w(13,6,1,116)
w(1,4,1,117)
r(7,3,1,118)
w(6,4,1,119)
w(1,5,1,120)
w(6,5,1,121)
r(10,4,1,122)
w(11,6,1,123)
r(12,6,1,124)
r(3,4,1,125)
r(8,10,1,126)
w(8,7,1,127)
w(6,6,1,128)
r(4,9,1,129)
w(13,7,1,130)
w(13,8,1,131)
r(3,10,1,132)
r(3,10,1,133)
r(8,8,1,134)
w(5,6,1,135)
r(12,6,1,136)
r(12,6,1,137)
w(3,6,1,138)
r(9,6,1,139)
r(11,4,1,140)
r(3,6,1,141)
r(12,6,1,142)
w(12,3,1,143)
w(10,3,2,144)
r(14,0,2,145)
w(5,7,2,146)
r(2,0,2,147)
r(1,3,2,148)
w(6,7,2,149)
w(13,9,2,150)
r(10,2,2,151)
w(11,7,2,152)
r(2,7,2,153)
r(11,7,2,154)
w(6,8,2,155)
w(2,4,2,156)
w(3,7,2,157)
w(13,10,2,158)
r(7,1,2,159)
w(3,8,2,160)
w(5,8,2,161)
r(1,7,2,162)
w(4,6,2,163)
w(3,9,2,164)
r(0,0,2,165)
w(12,4,2,166)
w(4,7,2,167)
w(7,3,2,168)
w(9,4,2,169)
r(1,7,2,170)
r(4,7,2,171)
w(12,5,2,172)
w(2,5,2,173)
w(14,3,2,174)
r(11,2,2,175)
w(4,8,2,176)
r(1,2,2,177)
r(11,2,2,178)
r(10,1,2,179)
w(10,4,2,180)
r(10,4,2,181)
r(6,2,2,182)
w(11,8,2,183)
r(1,2,2,184)
r(7,3,2,185)
w(12,6,2,186)
w(5,9,2,187)
w(0,5,2,188)
r(4,12,2,189)
r(12,6,2,190)
r(14,3,2,191)
r(13,6,2,192)
w(4,9,2,193)
w(14,4,2,194)
r(0,5,2,195)
w(14,5,2,196)
r(1,5,2,197)
w(1,6,2,198)
w(3,10,2,199)
w(8,8,2,200)
w(10,5,2,201)
w(5,10,2,202)
r(0,3,2,203)
w(6,9,2,204)
r(3,6,2,205)
w(7,4,2,206)
r(12,6,2,207)
r(14,5,2,208)
w(7,5,2,209)
r(9,2,2,210)
w(10,6,2,211)
w(2,6,2,212)
r(11,4,2,213)
w(10,7,2,214)
w(11,9,2,215)
r(11,9,2,216)
r(6,9,2,217)
w(8,9,2,218)
w(4,10,3,219)
w(13,11,3,220)
r(2,0,3,221)
w(2,7,3,222)
r(10,3,3,223)
r(2,7,3,224)
r(3,1,3,225)
w(6,10,3,226)
w(1,7,3,227)
r(13,5,3,228)
w(6,11,3,229)
w(5,11,3,230)
r(5,11,3,231)
w(10,8,3,232)
w(14,6,3,233)
r(3,8,3,234)
r(5,8,3,235)
r(1,7,3,236)
w(14,7,3,237)
r(11,2,3,238)
r(10,1,3,239)
r(14,7,3,240)
r(13,10,3,241)
w(13,12,3,242)
r(7,3,3,243)
w(14,8,3,244)
w(14,9,3,245)
r(10,1,3,246)
r(5,5,3,247)
r(4,7,3,248)
r(3,5,3,249)
r(14,9,3,250)
w(3,11,3,251)
r(13,3,3,252)
r(7,3,3,253)
w(5,12,3,254)
r(4,8,3,255)
w(12,7,3,256)
r(0,4,3,257)
r(2,1,3,258)
w(6,12,3,259)
r(0,1,3,260)
w(8,10,3,261)
r(3,2,3,262)
w(9,5,3,263)
w(4,12,3,264)
w(4,13,3,265)
w(13,13,3,266)
w(2,8,3,267)
r(9,1,3,268)
w(10,9,3,269)
r(0,3,3,270)
r(8,7,3,271)
w(10,10,3,272)
r(12,6,3,273)
r(3,10,3,274)
r(12,6,3,275)
w(9,6,3,276)
r(3,10,3,277)
w(4,14,3,278)
w(13,14,3,279)
r(0,3,3,280)
w(10,11,3,281)
r(13,14,3,282)
r(5,10,3,283)
r(11,4,3,284)
w(4,15,3,285)
r(8,3,3,286)
w(8,11,3,287)
