w(1,1,0,0)
w(2,1,0,0)
w(3,1,0,0)
w(4,1,0,0)
w(5,1,0,0)
w(6,1,0,0)
w(7,1,0,0)
w(8,1,0,0)
w(9,1,0,0)
w(10,1,0,0)
w(11,1,0,0)
w(12,1,0,0)
w(13,1,0,0)
w(14,1,0,0)
w(15,1,0,0)
w(16,1,0,0)
w(17,1,0,0)
w(18,1,0,0)
w(19,1,0,0)
w(20,1,0,0)
w(21,1,0,0)
w(22,1,0,0)
w(23,1,0,0)
w(24,1,0,0)
w(25,1,0,0)
w(26,1,0,0)
w(27,1,0,0)
w(28,1,0,0)
w(29,1,0,0)
w(30,1,0,0)
w(31,1,0,0)
w(32,1,0,0)
w(33,1,0,0)
w(34,1,0,0)
w(35,1,0,0)
w(36,1,0,0)
w(37,1,0,0)
w(38,1,0,0)
w(39,1,0,0)
w(40,1,0,0)
w(41,1,0,0)
w(42,1,0,0)
w(43,1,0,0)
w(44,1,0,0)
w(45,1,0,0)
w(46,1,0,0)
w(47,1,0,0)
w(48,1,0,0)
w(49,1,0,0)
w(50,1,0,0)
w(51,1,0,0)
w(52,1,0,0)
w(53,1,0,0)
w(54,1,0,0)
w(55,1,0,0)
w(56,1,0,0)
w(57,1,0,0)
w(58,1,0,0)
w(59,1,0,0)
w(60,1,0,0)
w(61,1,0,0)
w(62,1,0,0)
w(63,1,0,0)
w(64,1,0,0)
w(65,1,0,0)
w(66,1,0,0)
w(67,1,0,0)
w(68,1,0,0)
w(69,1,0,0)
w(70,1,0,0)
w(71,1,0,0)
w(72,1,0,0)
w(73,1,0,0)
w(74,1,0,0)
w(75,1,0,0)
w(76,1,0,0)
w(77,1,0,0)
w(78,1,0,0)
w(79,1,0,0)
w(80,1,0,0)
w(81,1,0,0)
w(82,1,0,0)
w(83,1,0,0)
w(84,1,0,0)
w(85,1,0,0)
w(86,1,0,0)
w(87,1,0,0)
w(88,1,0,0)
w(89,1,0,0)
w(90,1,0,0)
w(91,1,0,0)
w(92,1,0,0)
w(93,1,0,0)
w(94,1,0,0)
w(95,1,0,0)
w(96,1,0,0)
w(97,1,0,0)
w(98,1,0,0)
w(99,1,0,0)
w(100,1,0,0)
w(101,1,0,0)
w(102,1,0,0)
w(103,1,0,0)
w(104,1,0,0)
w(105,1,0,0)
w(106,1,0,0)
w(107,1,0,0)
w(108,1,0,0)
w(109,1,0,0)
w(110,1,0,0)
w(111,1,0,0)
w(112,1,0,0)
w(113,1,0,0)
w(114,1,0,0)
w(115,1,0,0)
w(116,1,0,0)
w(117,1,0,0)
w(118,1,0,0)
w(119,1,0,0)
w(120,1,0,0)
w(121,1,0,0)
w(122,1,0,0)
w(123,1,0,0)
w(124,1,0,0)
w(125,1,0,0)
w(126,1,0,0)
w(127,1,0,0)
w(128,1,0,0)
w(129,1,0,0)
w(130,1,0,0)
w(131,1,0,0)
w(132,1,0,0)
w(133,1,0,0)
w(134,1,0,0)
w(135,1,0,0)
w(136,1,0,0)
w(137,1,0,0)
w(138,1,0,0)
w(139,1,0,0)
w(140,1,0,0)
w(141,1,0,0)
w(142,1,0,0)
w(143,1,0,0)
w(144,1,0,0)
w(145,1,0,0)
w(146,1,0,0)
w(147,1,0,0)
w(148,1,0,0)
w(149,1,0,0)
w(150,1,0,0)
w(151,1,0,0)
w(152,1,0,0)
w(153,1,0,0)
w(154,1,0,0)
w(155,1,0,0)
w(156,1,0,0)
w(157,1,0,0)
w(158,1,0,0)
w(159,1,0,0)
w(160,1,0,0)
w(161,1,0,0)
w(162,1,0,0)
w(163,1,0,0)
w(164,1,0,0)
w(165,1,0,0)
w(166,1,0,0)
w(167,1,0,0)
w(168,1,0,0)
w(169,1,0,0)
w(170,1,0,0)
w(171,1,0,0)
w(172,1,0,0)
w(173,1,0,0)
w(174,1,0,0)
w(175,1,0,0)
w(176,1,0,0)
w(177,1,0,0)
w(178,1,0,0)
w(179,1,0,0)
w(180,1,0,0)
w(181,1,0,0)
w(182,1,0,0)
w(183,1,0,0)
w(184,1,0,0)
w(185,1,0,0)
w(186,1,0,0)
w(187,1,0,0)
w(188,1,0,0)
w(189,1,0,0)
w(190,1,0,0)
w(191,1,0,0)
w(192,1,0,0)
w(193,1,0,0)
w(194,1,0,0)
w(195,1,0,0)
w(196,1,0,0)
w(197,1,0,0)
w(198,1,0,0)
w(199,1,0,0)
w(200,1,0,0)
w(201,1,0,0)
w(202,1,0,0)
w(203,1,0,0)
w(204,1,0,0)
w(205,1,0,0)
w(206,1,0,0)
w(207,1,0,0)
w(208,1,0,0)
w(209,1,0,0)
w(210,1,0,0)
w(211,1,0,0)
w(212,1,0,0)
w(213,1,0,0)
w(214,1,0,0)
w(215,1,0,0)
w(216,1,0,0)
w(217,1,0,0)
w(218,1,0,0)
w(219,1,0,0)
w(220,1,0,0)
w(221,1,0,0)
w(222,1,0,0)
w(223,1,0,0)
w(224,1,0,0)
w(225,1,0,0)
w(226,1,0,0)
w(227,1,0,0)
w(228,1,0,0)
w(229,1,0,0)
w(230,1,0,0)
w(231,1,0,0)
w(232,1,0,0)
w(233,1,0,0)
w(234,1,0,0)
w(235,1,0,0)
w(236,1,0,0)
w(237,1,0,0)
w(238,1,0,0)
w(239,1,0,0)
w(240,1,0,0)
w(241,1,0,0)
w(242,1,0,0)
w(243,1,0,0)
w(244,1,0,0)
w(245,1,0,0)
w(246,1,0,0)
w(247,1,0,0)
w(248,1,0,0)
w(249,1,0,0)
w(250,1,0,0)
w(251,1,0,0)
w(252,1,0,0)
w(253,1,0,0)
w(254,1,0,0)
w(255,1,0,0)
w(256,1,0,0)
w(257,1,0,0)
w(258,1,0,0)
w(259,1,0,0)
w(260,1,0,0)
w(261,1,0,0)
w(262,1,0,0)
w(263,1,0,0)
w(264,1,0,0)
w(265,1,0,0)
w(266,1,0,0)
w(267,1,0,0)
w(268,1,0,0)
w(269,1,0,0)
w(270,1,0,0)
w(271,1,0,0)
w(272,1,0,0)
w(273,1,0,0)
w(274,1,0,0)
w(275,1,0,0)
w(276,1,0,0)
w(277,1,0,0)
w(278,1,0,0)
w(279,1,0,0)
w(280,1,0,0)
w(281,1,0,0)
w(282,1,0,0)
w(283,1,0,0)
w(284,1,0,0)
w(285,1,0,0)
w(286,1,0,0)
w(287,1,0,0)
w(288,1,0,0)
w(289,1,0,0)
w(290,1,0,0)
w(291,1,0,0)
w(292,1,0,0)
w(293,1,0,0)
w(294,1,0,0)
w(295,1,0,0)
w(296,1,0,0)
w(297,1,0,0)
w(298,1,0,0)
w(299,1,0,0)
w(300,1,0,0)
w(301,1,0,0)
w(302,1,0,0)
w(303,1,0,0)
w(304,1,0,0)
w(305,1,0,0)
w(306,1,0,0)
w(307,1,0,0)
w(308,1,0,0)
w(309,1,0,0)
w(310,1,0,0)
w(311,1,0,0)
w(312,1,0,0)
w(313,1,0,0)
w(314,1,0,0)
w(315,1,0,0)
w(316,1,0,0)
w(317,1,0,0)
w(318,1,0,0)
w(319,1,0,0)
w(320,1,0,0)
w(321,1,0,0)
w(322,1,0,0)
w(323,1,0,0)
w(324,1,0,0)
w(325,1,0,0)
w(326,1,0,0)
w(327,1,0,0)
w(328,1,0,0)
w(329,1,0,0)
w(330,1,0,0)
w(331,1,0,0)
w(332,1,0,0)
w(333,1,0,0)
w(334,1,0,0)
w(335,1,0,0)
w(336,1,0,0)
w(337,1,0,0)
w(338,1,0,0)
w(339,1,0,0)
w(340,1,0,0)
w(341,1,0,0)
w(342,1,0,0)
w(343,1,0,0)
w(344,1,0,0)
w(345,1,0,0)
w(346,1,0,0)
w(347,1,0,0)
w(348,1,0,0)
w(349,1,0,0)
w(350,1,0,0)
w(351,1,0,0)
w(352,1,0,0)
w(353,1,0,0)
w(354,1,0,0)
w(355,1,0,0)
w(356,1,0,0)
w(357,1,0,0)
w(358,1,0,0)
w(359,1,0,0)
w(360,1,0,0)
w(309,2,1,1)
r(241,1,1,1)
w(62,2,1,1)
w(236,2,1,1)
w(93,2,1,1)
r(342,1,1,1)
r(161,1,1,1)
r(4,1,1,1)
w(101,2,1,1)
r(74,1,1,1)
r(161,1,1,1)
r(246,1,1,1)
r(198,1,1,1)
w(66,2,1,1)
r(317,1,1,1)
w(190,2,1,1)
r(113,1,1,1)
r(293,1,1,1)
w(180,2,1,1)
w(200,2,1,1)
r(331,1,2,2)
r(213,1,2,2)
w(347,7,2,2)
w(131,7,2,2)
w(326,3,2,2)
r(320,1,2,2)
w(304,3,2,2)
r(11,1,2,2)
r(249,1,2,2)
r(163,1,2,2)
w(269,7,2,2)
w(210,7,2,2)
w(117,2,2,2)
w(167,2,2,2)
w(226,7,2,2)
r(317,1,2,2)
w(147,3,2,2)
w(43,13,2,2)
r(303,1,2,2)
r(23,1,2,2)
w(226,8,3,3)
w(332,7,3,3)
w(83,7,3,3)
w(359,7,3,3)
r(335,1,3,3)
r(317,1,3,3)
w(342,13,3,3)
w(218,11,3,3)
w(250,7,3,3)
w(255,3,3,3)
r(11,1,3,3)
r(217,1,3,3)
w(178,7,3,3)
w(35,13,3,3)
w(248,9,3,3)
w(241,13,3,3)
w(227,8,3,3)
r(275,1,3,3)
w(134,3,3,3)
r(159,1,3,3)
r(318,1,4,4)
r(228,1,4,4)
r(323,1,4,4)
r(12,1,4,4)
w(86,13,4,4)
w(186,6,4,4)
w(26,8,4,4)
w(311,11,4,4)
r(231,1,4,4)
w(79,9,4,4)
r(42,1,4,4)
r(311,11,4,4)
w(287,8,4,4)
r(208,1,4,4)
w(40,13,4,4)
w(197,8,4,4)
w(230,8,4,4)
r(44,1,4,4)
r(39,1,4,4)
w(144,7,4,4)
r(23,1,5,5)
w(115,4,5,5)
w(330,6,5,5)
w(116,5,5,5)
w(221,6,5,5)
r(81,1,5,5)
w(159,9,5,5)
w(180,8,5,5)
r(338,1,5,5)
w(315,4,5,5)
r(211,1,5,5)
w(208,7,5,5)
w(50,8,5,5)
w(170,4,5,5)
w(228,5,5,5)
r(360,1,5,5)
w(99,15,5,5)
w(318,13,5,5)
w(160,6,5,5)
w(49,4,5,5)
r(254,1,6,6)
r(29,1,6,6)
w(234,10,6,6)
w(303,11,6,6)
r(220,1,6,6)
r(22,1,6,6)
w(153,9,6,6)
w(136,12,6,6)
w(213,4,6,6)
w(254,11,6,6)
r(144,7,6,6)
w(23,6,6,6)
r(347,7,6,6)
w(175,4,6,6)
w(263,4,6,6)
r(341,1,6,6)
w(285,11,6,6)
w(193,8,6,6)
r(126,1,6,6)
w(198,13,6,6)
w(103,2,1,7)
r(73,1,1,7)
w(188,2,1,7)
r(15,1,1,7)
w(102,2,1,7)
r(138,1,1,7)
r(129,1,1,7)
w(155,2,1,7)
w(321,2,1,7)
w(181,2,1,7)
w(200,3,1,7)
w(62,3,1,7)
w(259,2,1,7)
w(89,2,1,7)
r(352,1,1,7)
w(205,2,1,7)
w(322,2,1,7)
r(36,1,1,7)
w(54,2,1,7)
r(115,4,1,7)
w(283,3,2,8)
w(53,3,2,8)
w(234,9,2,8)
r(274,1,2,8)
r(66,2,2,8)
r(179,1,2,8)
w(38,3,2,8)
w(183,3,2,8)
w(223,7,2,8)
w(147,7,2,8)
r(149,1,2,8)
w(289,2,2,8)
r(287,8,2,8)
r(19,1,2,8)
r(158,1,2,8)
w(83,3,2,8)
w(301,3,2,8)
r(152,1,2,8)
w(77,3,2,8)
w(307,3,2,8)
r(21,1,3,9)
w(231,11,3,9)
w(52,7,3,9)
w(223,6,3,9)
w(212,13,3,9)
w(147,13,3,9)
r(110,1,3,9)
w(199,2,3,9)
w(300,11,3,9)
r(47,1,3,9)
w(299,11,3,9)
r(23,1,3,9)
w(98,3,3,9)
r(190,2,3,9)
r(43,13,3,9)
r(303,1,3,9)
w(128,11,3,9)
w(80,11,3,9)
r(272,1,3,9)
r(86,13,3,9)
w(345,13,4,10)
r(280,6,4,10)
r(220,3,4,10)
r(264,3,4,10)
w(302,11,4,10)
w(248,4,4,10)
r(275,1,4,10)
r(305,1,4,10)
r(45,1,4,10)
r(216,1,4,10)
r(61,1,4,10)
r(34,2,4,10)
r(131,9,4,10)
w(320,9,4,10)
w(75,6,4,10)
r(267,1,4,10)
r(76,1,4,10)
w(65,4,4,10)
r(55,1,4,10)
r(207,7,4,10)
r(187,1,5,11)
r(312,1,5,11)
w(284,6,5,11)
r(232,1,5,11)
w(268,11,5,11)
r(197,8,5,11)
w(131,6,5,11)
r(176,1,5,11)
r(158,1,5,11)
r(157,1,5,11)
r(170,4,5,11)
w(244,5,5,11)
r(233,1,5,11)
r(42,1,5,11)
r(106,1,5,11)
r(8,1,5,11)
w(241,5,5,11)
w(151,4,5,11)
r(57,1,5,11)
w(298,4,5,11)
w(97,6,6,12)
w(239,13,6,12)
w(96,4,6,12)
w(290,12,6,12)
r(67,1,6,12)
w(208,8,6,12)
w(112,6,6,12)
r(220,1,6,12)
r(354,1,6,12)
r(353,1,6,12)
r(112,6,6,12)
r(53,3,6,12)
w(10,8,6,12)
r(204,1,6,12)
w(283,6,6,12)
w(227,16,6,12)
r(271,1,6,12)
w(34,10,6,12)
w(360,4,6,12)
r(305,1,6,12)
r(241,5,1,13)
w(325,2,1,13)
w(23,3,1,13)
r(168,1,1,13)
r(343,1,1,13)
r(137,1,1,13)
r(135,1,1,13)
r(29,1,1,13)
r(42,1,1,13)
w(210,2,1,13)
w(130,2,1,13)
w(315,2,1,13)
w(54,3,1,13)
w(190,3,1,13)
r(355,1,1,13)
w(202,2,1,13)
r(233,1,1,13)
w(82,2,1,13)
r(328,1,1,13)
r(24,1,1,13)
r(289,2,2,14)
r(75,1,2,14)
w(350,7,2,14)
r(338,1,2,14)
r(3,1,2,14)
w(70,3,2,14)
r(276,1,2,14)
w(36,7,2,14)
w(301,7,2,14)
r(254,11,2,14)
r(219,1,2,14)
w(37,3,2,14)
w(35,3,2,14)
w(39,7,2,14)
w(198,3,2,14)
w(352,7,2,14)
w(339,3,2,14)
w(189,7,2,14)
w(84,7,2,14)
r(240,1,2,14)
r(252,1,3,15)
w(327,3,3,15)
w(330,9,3,15)
r(309,2,3,15)
w(281,13,3,15)
r(316,1,3,15)
r(166,1,3,15)
w(100,9,3,15)
r(42,1,3,15)
w(37,11,3,15)
w(75,9,3,15)
r(156,1,3,15)
r(212,13,3,15)
r(43,13,3,15)
w(296,9,3,15)
r(147,7,3,15)
r(282,1,3,15)
r(271,1,3,15)
r(340,1,3,15)
w(19,11,3,15)
w(126,7,4,16)
w(354,9,4,16)
w(25,11,4,16)
r(85,9,4,16)
w(300,6,4,16)
w(321,6,4,16)
r(23,3,4,16)
w(171,6,4,16)
r(10,8,4,16)
w(298,8,4,16)
r(35,3,4,16)
r(159,3,4,16)
w(125,4,4,16)
r(56,2,4,16)
r(334,1,4,16)
w(48,8,4,16)
w(312,9,4,16)
w(135,9,4,16)
w(191,3,4,16)
r(237,1,4,16)
r(25,1,5,17)
w(82,14,5,17)
r(91,1,5,17)
r(330,9,5,17)
r(125,1,5,17)
w(325,9,5,17)
r(177,1,5,17)
w(43,6,5,17)
r(215,1,5,17)
w(26,12,5,17)
w(320,12,5,17)
w(181,4,5,17)
r(119,13,5,17)
w(280,6,5,17)
w(202,11,5,17)
r(203,1,5,17)
r(86,13,5,17)
r(157,7,5,17)
r(307,3,5,17)
r(336,1,5,17)
r(118,1,6,18)
w(191,9,6,18)
r(209,1,6,18)
r(136,12,6,18)
w(266,10,6,18)
w(148,5,6,18)
w(339,15,6,18)
w(323,7,6,18)
r(83,3,6,18)
r(117,2,6,18)
r(275,1,6,18)
w(223,10,6,18)
w(197,12,6,18)
w(73,12,6,18)
r(159,9,6,18)
r(16,1,6,18)
w(213,12,6,18)
w(182,11,6,18)
w(153,13,6,18)
w(99,17,6,18)
r(262,1,1,19)
r(112,6,1,19)
w(60,2,1,19)
r(346,1,1,19)
r(154,1,1,19)
w(136,2,1,19)
w(57,2,1,19)
r(205,2,1,19)
w(75,2,1,19)
w(109,2,1,19)
w(28,2,1,19)
r(98,3,1,19)
w(142,2,1,19)
w(34,2,1,19)
w(106,2,1,19)
r(250,7,1,19)
r(26,8,1,19)
w(328,2,1,19)
w(268,2,1,19)
r(165,1,1,19)
r(90,1,2,20)
r(159,9,2,20)
r(86,13,2,20)
r(267,1,2,20)
r(71,1,2,20)
r(3,1,2,20)
r(100,9,2,20)
r(164,1,2,20)
w(145,7,2,20)
w(302,3,2,20)
r(149,1,2,20)
r(106,1,2,20)
r(278,1,2,20)
w(227,2,2,20)
w(111,7,2,20)
r(50,8,2,20)
r(347,7,2,20)
r(331,1,2,20)
r(1,1,2,20)
w(144,2,2,20)
w(287,9,3,21)
w(359,9,3,21)
w(281,11,3,21)
w(171,11,3,21)
r(9,1,3,21)
w(222,13,3,21)
w(352,11,3,21)
w(259,7,3,21)
w(62,8,3,21)
w(259,9,3,21)
r(269,7,3,21)
w(134,7,3,21)
w(96,13,3,21)
w(326,7,3,21)
w(288,3,3,21)
w(170,7,3,21)
r(308,1,3,21)
w(1,3,3,21)
w(280,9,3,21)
w(119,13,3,21)
r(99,17,4,22)
w(134,9,4,22)
w(58,8,4,22)
w(64,9,4,22)
r(324,2,4,22)
w(228,4,4,22)
w(127,13,4,22)
r(238,1,4,22)
r(265,1,4,22)
w(66,8,4,22)
w(285,7,4,22)
w(161,8,4,22)
r(73,12,4,22)
r(269,7,4,22)
r(180,8,4,22)
r(312,9,4,22)
w(80,5,4,22)
w(267,11,4,22)
w(245,9,4,22)
r(344,1,4,22)
r(38,3,5,23)
r(351,1,5,23)
r(331,1,5,23)
r(169,1,5,23)
r(248,4,5,23)
w(147,11,5,23)
r(189,7,5,23)
w(218,5,5,23)
r(321,2,5,23)
w(19,16,5,23)
r(145,7,5,23)
w(196,9,5,23)
w(359,12,5,23)
w(312,11,5,23)
r(58,1,5,23)
w(297,11,5,23)
r(109,11,5,23)
r(164,1,5,23)
r(102,2,5,23)
w(30,6,5,23)
r(57,2,6,24)
r(268,2,6,24)
w(331,11,6,24)
w(304,12,6,24)
w(141,4,6,24)
r(276,1,6,24)
w(199,12,6,24)
w(149,12,6,24)
r(124,1,6,24)
w(110,12,6,24)
w(359,15,6,24)
w(271,4,6,24)
w(47,12,6,24)
r(102,2,6,24)
r(50,8,6,24)
r(150,2,6,24)
r(57,2,6,24)
w(223,14,6,24)
r(311,11,6,24)
w(8,8,6,24)
r(238,1,1,25)
r(277,9,1,25)
r(223,10,1,25)
r(85,9,1,25)
w(301,2,1,25)
r(180,8,1,25)
w(249,2,1,25)
r(252,1,1,25)
r(336,1,1,25)
w(91,2,1,25)
r(332,7,1,25)
w(212,2,1,25)
r(175,4,1,25)
w(324,2,1,25)
w(114,2,1,25)
w(150,2,1,25)
r(8,1,1,25)
w(80,2,1,25)
r(46,7,1,25)
w(178,2,1,25)
w(85,9,2,26)
r(52,7,2,26)
w(337,9,2,26)
r(111,7,2,26)
r(36,7,2,26)
r(206,1,2,26)
w(256,2,2,26)
w(148,3,2,26)
w(233,7,2,26)
w(262,3,2,26)
r(297,1,2,26)
r(202,2,2,26)
w(20,3,2,26)
r(43,13,2,26)
w(258,7,2,26)
w(251,9,2,26)
r(70,3,2,26)
w(283,7,2,26)
r(151,4,2,26)
w(322,7,2,26)
w(187,11,3,27)
r(313,1,3,27)
r(104,1,3,27)
w(295,13,3,27)
w(205,13,3,27)
r(234,10,3,27)
w(349,3,3,27)
r(283,7,3,27)
w(324,5,3,27)
r(32,1,3,27)
r(256,2,3,27)
r(296,9,3,27)
r(214,1,3,27)
w(19,8,3,27)
w(314,9,3,27)
r(309,2,3,27)
w(207,7,3,27)
r(344,1,3,27)
w(5,11,3,27)
w(5,8,3,27)
r(330,9,4,28)
r(5,3,4,28)
w(232,3,4,28)
w(112,3,4,28)
w(41,3,4,28)
r(232,3,4,28)
r(327,3,4,28)
r(261,2,4,28)
w(146,8,4,28)
w(81,9,4,28)
r(296,9,4,28)
r(271,4,4,28)
w(264,11,4,28)
r(317,1,4,28)
r(125,4,4,28)
r(210,2,4,28)
w(12,8,4,28)
w(84,8,4,28)
r(61,1,4,28)
r(342,13,4,28)
w(196,13,5,29)
r(96,13,5,29)
w(69,6,5,29)
w(106,11,5,29)
r(226,7,5,29)
w(38,4,5,29)
r(141,4,5,29)
r(204,1,5,29)
r(174,1,5,29)
w(113,4,5,29)
r(206,1,5,29)
w(68,9,5,29)
r(40,13,5,29)
w(108,12,5,29)
r(1,7,5,29)
w(174,8,5,29)
w(341,6,5,29)
w(93,13,5,29)
r(67,1,5,29)
w(252,9,5,29)
w(301,12,6,30)
r(93,13,6,30)
r(25,11,6,30)
w(139,5,6,30)
r(189,7,6,30)
r(44,1,6,30)
w(86,6,6,30)
r(123,1,6,30)
r(214,1,6,30)
r(204,1,6,30)
w(73,5,6,30)
r(115,4,6,30)
w(173,4,6,30)
r(285,7,6,30)
r(70,4,6,30)
w(25,8,6,30)
r(343,1,6,30)
w(108,17,6,30)
w(145,5,6,30)
w(154,10,6,30)
w(211,2,1,31)
w(145,2,1,31)
r(270,1,1,31)
w(322,3,1,31)
w(261,2,1,31)
w(121,2,1,31)
w(305,2,1,31)
w(345,2,1,31)
r(277,9,1,31)
w(166,2,1,31)
r(287,9,1,31)
r(302,11,1,31)
w(47,2,1,31)
w(304,2,1,31)
w(113,2,1,31)
w(65,2,1,31)
w(21,2,1,31)
r(314,9,1,31)
r(309,2,1,31)
r(360,4,1,31)
w(227,3,2,32)
r(267,1,2,32)
r(270,1,2,32)
w(314,3,2,32)
r(356,1,2,32)
r(52,7,2,32)
w(159,3,2,32)
r(121,1,2,32)
w(60,13,2,32)
r(206,1,2,32)
w(308,9,2,32)
r(80,11,2,32)
w(18,2,2,32)
w(233,9,2,32)
r(104,1,2,32)
r(138,1,2,32)
w(152,3,2,32)
r(305,1,2,32)
w(229,3,2,32)
r(104,1,2,32)
r(171,11,3,33)
w(70,6,3,33)
w(186,13,3,33)
w(242,7,3,33)
w(129,9,3,33)
w(272,8,3,33)
w(359,13,3,33)
r(36,7,3,33)
w(200,11,3,33)
r(7,1,3,33)
w(298,11,3,33)
w(346,7,3,33)
w(168,13,3,33)
w(24,9,3,33)
w(70,4,3,33)
r(144,2,3,33)
w(323,2,3,33)
w(2,9,3,33)
r(143,1,3,33)
r(189,7,3,33)
r(54,7,4,34)
r(88,1,4,34)
r(4,8,4,34)
r(21,2,4,34)
r(84,8,4,34)
r(155,2,4,34)
r(39,9,4,34)
w(339,4,4,34)
r(48,8,4,34)
r(240,1,4,34)
r(150,8,4,34)
r(128,11,4,34)
r(52,9,4,34)
w(274,6,4,34)
w(312,13,4,34)
w(170,8,4,34)
r(106,8,4,34)
w(137,13,4,34)
r(359,15,4,34)
r(345,2,4,34)
r(62,8,5,35)
r(271,4,5,35)
r(261,2,5,35)
r(253,4,5,35)
w(72,13,5,35)
w(234,4,5,35)
w(182,9,5,35)
r(274,1,5,35)
w(9,8,5,35)
r(308,9,5,35)
w(4,8,5,35)
r(329,1,5,35)
w(106,8,5,35)
w(146,4,5,35)
w(291,8,5,35)
w(150,8,5,35)
r(114,2,5,35)
w(178,11,5,35)
w(72,11,5,35)
w(108,5,5,35)
r(99,17,6,36)
w(241,15,6,36)
w(15,9,6,36)
w(192,12,6,36)
r(242,7,6,36)
r(119,13,6,36)
w(256,11,6,36)
w(13,8,6,36)
r(303,11,6,36)
w(28,10,6,36)
w(52,5,6,36)
r(239,13,6,36)
r(38,4,6,36)
w(101,6,6,36)
w(9,4,6,36)
r(311,2,6,36)
r(89,2,6,36)
w(295,4,6,36)
w(80,18,6,36)
w(214,11,6,36)
r(202,11,1,37)
r(278,3,1,37)
r(257,1,1,37)
w(228,2,1,37)
w(67,2,1,37)
r(150,8,1,37)
w(46,2,1,37)
r(358,1,1,37)
w(100,2,1,37)
w(54,7,1,37)
w(160,2,1,37)
w(85,2,1,37)
r(320,9,1,37)
w(154,2,1,37)
r(212,2,1,37)
w(329,2,1,37)
r(62,8,1,37)
r(163,1,1,37)
r(232,3,1,37)
w(194,2,1,37)
r(75,2,2,38)
r(45,1,2,38)
w(103,9,2,38)
w(264,3,2,38)
w(295,7,2,38)
w(220,3,2,38)
r(136,2,2,38)
r(285,11,2,38)
r(182,11,2,38)
w(277,9,2,38)
w(109,13,2,38)
w(157,7,2,38)
w(143,7,2,38)
w(30,9,2,38)
w(171,3,2,38)
w(171,7,2,38)
w(140,7,2,38)
w(95,9,2,38)
w(56,2,2,38)
w(109,11,2,38)
w(229,7,3,39)
w(228,11,3,39)
r(89,2,3,39)
r(262,3,3,39)
r(149,1,3,39)
w(345,7,3,39)
w(253,4,3,39)
r(182,11,3,39)
r(171,7,3,39)
r(85,9,3,39)
w(46,7,3,39)
r(339,15,3,39)
r(258,7,3,39)
r(134,7,3,39)
w(203,7,3,39)
r(98,3,3,39)
w(130,3,3,39)
w(51,7,3,39)
r(327,3,3,39)
r(278,1,3,39)
r(54,7,4,40)
r(277,9,4,40)
r(189,7,4,40)
r(290,12,4,40)
w(350,11,4,40)
w(52,8,4,40)
w(335,13,4,40)
r(171,6,4,40)
w(325,7,4,40)
r(274,6,4,40)
w(184,9,4,40)
w(189,12,4,40)
w(258,4,4,40)
w(247,6,4,40)
r(316,1,4,40)
r(128,11,4,40)
w(53,7,4,40)
w(283,11,4,40)
w(249,12,4,40)
r(353,1,4,40)
r(146,4,5,41)
r(338,1,5,41)
w(131,4,5,41)
w(280,4,5,41)
r(168,8,5,41)
w(175,6,5,41)
w(214,13,5,41)
r(144,2,5,41)
r(135,9,5,41)
r(201,3,5,41)
r(200,11,5,41)
w(31,13,5,41)
r(245,9,5,41)
r(210,2,5,41)
r(190,3,5,41)
r(246,9,5,41)
r(17,1,5,41)
w(337,12,5,41)
w(289,13,5,41)
r(264,11,5,41)
w(109,15,6,42)
w(54,19,6,42)
r(45,13,6,42)
w(159,11,6,42)
w(172,8,6,42)
r(67,2,6,42)
w(150,12,6,42)
r(53,7,6,42)
r(88,2,6,42)
w(315,15,6,42)
w(219,4,6,42)
r(329,2,6,42)
r(85,2,6,42)
r(235,1,6,42)
r(359,15,6,42)
w(225,15,6,42)
r(141,3,6,42)
r(279,1,6,42)
r(128,11,6,42)
w(181,15,6,42)
w(286,2,1,43)
w(205,3,1,43)
w(253,3,1,43)
w(357,2,1,43)
w(101,3,1,43)
w(136,3,1,43)
r(199,12,1,43)
r(143,7,1,43)
w(352,2,1,43)
w(75,3,1,43)
w(148,2,1,43)
w(211,3,1,43)
w(311,2,1,43)
r(41,3,1,43)
r(60,13,1,43)
w(360,2,1,43)
r(213,2,1,43)
r(311,2,1,43)
w(120,2,1,43)
r(217,2,1,43)
r(201,1,2,44)
w(289,3,2,44)
w(131,9,2,44)
r(186,13,2,44)
r(243,1,2,44)
r(268,2,2,44)
r(159,3,2,44)
r(190,3,2,44)
r(63,1,2,44)
w(227,7,2,44)
r(128,11,2,44)
w(108,9,2,44)
r(60,13,2,44)
w(357,7,2,44)
w(5,3,2,44)
w(322,9,2,44)
w(39,9,2,44)
r(156,1,2,44)
w(247,2,2,44)
r(148,3,2,44)
r(28,2,3,45)
r(174,1,3,45)
r(87,1,3,45)
r(332,7,3,45)
r(338,1,3,45)
w(10,2,3,45)
w(1,7,3,45)
r(279,1,3,45)
r(203,7,3,45)
w(52,9,3,45)
w(127,7,3,45)
w(42,7,3,45)
r(265,1,3,45)
w(45,9,3,45)
r(79,9,3,45)
w(84,13,3,45)
r(267,1,3,45)
w(225,3,3,45)
r(56,2,3,45)
r(179,1,3,45)
w(20,13,4,46)
w(291,9,4,46)
r(88,2,4,46)
r(235,1,4,46)
w(351,7,4,46)
r(272,8,4,46)
r(144,2,4,46)
w(324,15,4,46)
w(78,13,4,46)
w(119,8,4,46)
w(304,11,4,46)
w(255,13,4,46)
w(230,6,4,46)
r(345,2,4,46)
w(322,5,4,46)
r(307,3,4,46)
r(238,2,4,46)
w(280,11,4,46)
r(121,2,4,46)
r(341,6,4,46)
w(269,4,5,47)
r(90,2,5,47)
r(112,3,5,47)
w(71,13,5,47)
w(127,6,5,47)
r(230,8,5,47)
r(190,3,5,47)
r(73,5,5,47)
r(236,2,5,47)
r(265,1,5,47)
r(37,11,5,47)
r(254,11,5,47)
r(42,7,5,47)
r(108,17,5,47)
w(158,13,5,47)
r(235,1,5,47)
r(311,11,5,47)
r(228,2,5,47)
w(305,6,5,47)
w(45,13,5,47)
w(299,15,6,48)
w(276,8,6,48)
w(243,11,6,48)
w(143,5,6,48)
w(303,8,6,48)
w(268,4,6,48)
r(264,4,6,48)
r(351,7,6,48)
r(335,6,6,48)
w(136,5,6,48)
w(282,6,6,48)
r(222,2,6,48)
r(174,9,6,48)
r(322,5,6,48)
r(127,6,6,48)
r(274,7,6,48)
w(326,4,6,48)
w(307,6,6,48)
r(209,1,6,48)
r(276,8,6,48)
w(324,3,1,49)
r(174,9,1,49)
w(234,2,1,49)
w(48,2,1,49)
r(333,1,1,49)
w(17,2,1,49)
r(111,7,1,49)
w(88,2,1,49)
r(306,2,1,49)
r(269,4,1,49)
r(54,7,1,49)
r(81,3,1,49)
w(261,3,1,49)
w(59,3,1,49)
r(109,11,1,49)
r(174,9,1,49)
r(291,8,1,49)
w(98,2,1,49)
w(131,2,1,49)
w(233,2,1,49)
r(166,2,2,50)
r(287,9,2,50)
r(326,7,2,50)
r(269,7,2,50)
r(58,8,2,50)
w(82,11,2,50)
r(155,2,2,50)
w(201,3,2,50)
r(192,1,2,50)
w(278,3,2,50)
w(228,7,2,50)
w(90,2,2,50)
w(306,2,2,50)
w(280,7,2,50)
w(217,2,2,50)
r(52,9,2,50)
r(192,1,2,50)
w(12,13,2,50)
r(130,3,2,50)
w(270,3,2,50)
r(55,1,3,51)
w(67,13,3,51)
w(75,13,3,51)
r(201,1,3,51)
r(77,3,3,51)
r(259,9,3,51)
r(167,2,3,51)
r(23,3,3,51)
r(215,1,3,51)
w(122,8,3,51)
w(313,7,3,51)
r(288,3,3,51)
r(333,1,3,51)
r(249,2,3,51)
w(205,11,3,51)
w(29,7,3,51)
r(132,1,3,51)
w(255,7,3,51)
w(168,11,3,51)
w(286,4,3,51)
w(141,11,4,52)
r(132,1,4,52)
w(47,8,4,52)
w(93,7,4,52)
w(170,6,4,52)
w(70,14,4,52)
w(53,9,4,52)
r(206,1,4,52)
w(277,11,4,52)
w(90,8,4,52)
w(178,9,4,52)
r(121,2,4,52)
w(109,6,4,52)
w(32,7,4,52)
w(302,8,4,52)
r(259,9,4,52)
w(87,11,4,52)
r(47,8,4,52)
w(108,11,4,52)
w(320,13,4,52)
r(167,2,5,53)
w(43,4,5,53)
w(338,4,5,53)
w(76,4,5,53)
w(251,4,5,53)
r(326,7,5,53)
r(142,2,5,53)
r(7,1,5,53)
w(114,7,5,53)
w(149,6,5,53)
w(140,8,5,53)
w(24,4,5,53)
w(129,8,5,53)
r(120,2,5,53)
r(332,7,5,53)
r(107,1,5,53)
r(113,2,5,53)
w(92,3,5,53)
w(57,6,5,53)
r(296,9,5,53)
r(193,8,6,54)
w(300,10,6,54)
r(91,2,6,54)
r(75,3,6,54)
w(253,14,6,54)
w(199,5,6,54)
w(115,5,6,54)
w(153,11,6,54)
w(227,19,6,54)
w(329,15,6,54)
w(165,8,6,54)
r(197,12,6,54)
w(28,14,6,54)
w(184,6,6,54)
r(78,13,6,54)
r(268,4,6,54)
w(193,6,6,54)
w(263,12,6,54)
r(46,2,6,54)
r(76,4,6,54)
r(352,2,1,55)
w(143,2,1,55)
r(46,2,1,55)
r(260,1,1,55)
r(15,9,1,55)
r(202,11,1,55)
w(238,2,1,55)
r(97,6,1,55)
w(347,2,1,55)
w(303,2,1,55)
w(268,3,1,55)
w(221,2,1,55)
r(219,1,1,55)
w(228,3,1,55)
w(194,3,1,55)
r(85,2,1,55)
w(19,2,1,55)
r(355,1,1,55)
w(205,7,1,55)
r(54,7,1,55)
r(82,11,2,56)
w(246,9,2,56)
w(350,9,2,56)
r(331,11,2,56)
w(22,2,2,56)
w(124,2,2,56)
r(277,9,2,56)
w(185,2,2,56)
r(28,2,2,56)
w(16,2,2,56)
w(218,3,2,56)
w(354,3,2,56)
w(343,2,2,56)
r(330,9,2,56)
r(255,7,2,56)
r(188,2,2,56)
w(213,2,2,56)
w(253,11,2,56)
w(284,7,2,56)
w(105,3,2,56)
r(6,1,3,57)
r(280,7,3,57)
r(129,9,3,57)
w(156,7,3,57)
w(215,13,3,57)
w(270,9,3,57)
r(257,1,3,57)
r(83,3,3,57)
w(5,6,3,57)
r(129,9,3,57)
w(81,3,3,57)
w(220,11,3,57)
w(168,8,3,57)
w(329,11,3,57)
r(308,9,3,57)
w(80,8,3,57)
r(256,2,3,57)
w(247,13,3,57)
w(186,11,3,57)
r(12,13,3,57)
r(33,9,4,58)
w(154,6,4,58)
w(199,9,4,58)
r(169,1,4,58)
w(144,9,4,58)
r(183,3,4,58)
r(269,12,4,58)
w(233,8,4,58)
w(28,6,4,58)
r(140,8,4,58)
w(149,13,4,58)
w(7,3,4,58)
w(232,7,4,58)
w(192,8,4,58)
r(353,2,4,58)
r(58,8,4,58)
w(357,13,4,58)
w(96,8,4,58)
w(78,11,4,58)
w(279,7,4,58)
r(317,1,5,59)
r(252,9,5,59)
w(6,13,5,59)
w(335,6,5,59)
w(164,8,5,59)
r(161,8,5,59)
w(17,11,5,59)
w(357,8,5,59)
w(286,14,5,59)
w(264,4,5,59)
r(54,7,5,59)
r(24,4,5,59)
w(98,13,5,59)
r(103,9,5,59)
w(155,6,5,59)
w(220,12,5,59)
w(176,8,5,59)
r(115,4,5,59)
w(90,6,5,59)
r(228,2,5,59)
w(66,5,6,60)
r(56,2,6,60)
r(350,11,6,60)
r(54,6,6,60)
w(200,8,6,60)
r(229,7,6,60)
w(173,12,6,60)
r(336,1,6,60)
w(23,4,6,60)
w(143,15,6,60)
w(279,4,6,60)
w(21,5,6,60)
r(95,3,6,60)
w(300,14,6,60)
r(160,2,6,60)
w(134,11,6,60)
r(289,7,6,60)
r(49,3,6,60)
r(232,2,6,60)
r(240,1,6,60)
r(78,13,1,61)
w(358,2,1,61)
r(79,9,1,61)
w(60,3,1,61)
w(356,2,1,61)
r(317,1,1,61)
r(147,11,1,61)
r(160,2,1,61)
r(319,1,1,61)
r(191,3,1,61)
r(42,7,1,61)
r(240,1,1,61)
w(95,2,1,61)
r(271,4,1,61)
w(186,2,1,61)
w(241,2,1,61)
w(266,2,1,61)
w(45,2,1,61)
w(210,3,1,61)
r(84,8,1,61)
w(141,3,2,62)
w(339,7,2,62)
r(336,1,2,62)
w(82,8,2,62)
r(98,3,2,62)
r(186,11,2,62)
w(174,9,2,62)
r(248,4,2,62)
r(8,8,2,62)
r(348,1,2,62)
r(60,13,2,62)
r(96,13,2,62)
r(24,9,2,62)
r(225,3,2,62)
w(289,7,2,62)
w(104,7,2,62)
r(308,9,2,62)
r(355,1,2,62)
r(191,3,2,62)
w(96,7,2,62)
w(19,6,3,63)
r(272,8,3,63)
w(46,9,3,63)
r(99,17,3,63)
w(72,7,3,63)
r(207,7,3,63)
r(102,2,3,63)
r(80,18,3,63)
r(122,8,3,63)
w(181,13,3,63)
r(43,4,3,63)
r(75,3,3,63)
r(183,3,3,63)
w(58,3,3,63)
r(345,2,3,63)
r(142,2,3,63)
r(116,5,3,63)
w(48,13,3,63)
w(77,13,4,64)
r(216,2,4,64)
w(300,4,4,64)
r(242,7,4,64)
r(136,5,4,64)
r(348,1,4,64)
r(158,2,4,64)
w(237,13,4,64)
w(108,8,4,64)
r(251,4,4,64)
r(117,2,4,64)
w(318,7,4,64)
w(258,12,4,64)
w(305,11,4,64)
r(64,9,4,64)
r(98,13,4,64)
r(54,6,4,64)
w(100,4,4,64)
r(318,7,4,64)
w(73,9,4,64)
r(277,9,5,65)
r(107,1,5,65)
w(52,4,5,65)
r(354,3,5,65)
w(223,5,5,65)
r(172,8,5,65)
r(10,2,5,65)
w(306,9,5,65)
r(245,9,5,65)
w(89,6,5,65)
w(27,8,5,65)
r(326,7,5,65)
w(333,10,5,65)
r(311,2,5,65)
w(144,11,5,65)
w(136,4,5,65)
r(94,1,5,65)
w(275,6,5,65)
w(328,13,5,65)
w(276,11,5,65)
w(282,4,6,66)
w(103,6,6,66)
w(203,6,6,66)
r(251,4,6,66)
r(331,2,6,66)
r(33,9,6,66)
w(143,10,6,66)
w(48,12,6,66)
r(300,14,6,66)
r(48,12,6,66)
w(343,6,6,66)
r(249,7,6,66)
r(159,11,6,66)
w(330,12,6,66)
w(89,5,6,66)
w(204,6,6,66)
w(26,10,6,66)
r(355,2,6,66)
r(48,12,6,66)
r(102,2,6,66)
r(50,8,1,67)
r(130,3,1,67)
r(327,3,1,67)
r(30,13,1,67)
w(281,2,1,67)
r(77,3,1,67)
w(355,2,1,67)
r(113,2,1,67)
r(341,4,1,67)
w(200,7,1,67)
r(96,7,1,67)
w(359,2,1,67)
r(119,8,1,67)
r(210,3,1,67)
w(331,2,1,67)
w(230,2,1,67)
r(22,2,1,67)
w(249,3,1,67)
w(220,2,1,67)
w(235,2,1,67)
w(167,3,2,68)
r(320,9,2,68)
r(322,3,2,68)
r(184,9,2,68)
w(234,13,2,68)
w(30,13,2,68)
w(136,7,2,68)
r(70,4,2,68)
r(265,1,2,68)
w(7,2,2,68)
r(140,8,2,68)
w(40,2,2,68)
w(230,9,2,68)
r(221,6,2,68)
w(222,2,2,68)
w(324,11,2,68)
w(180,3,2,68)
r(308,9,2,68)
r(141,3,2,68)
r(249,12,2,68)
r(358,1,3,69)
w(308,13,3,69)
w(286,12,3,69)
w(285,2,3,69)
r(18,2,3,69)
w(146,13,3,69)
w(243,7,3,69)
w(61,2,3,69)
r(41,3,3,69)
w(180,9,3,69)
r(258,4,3,69)
r(26,12,3,69)
r(237,1,3,69)
w(341,13,3,69)
r(342,13,3,69)
w(31,3,3,69)
r(31,3,3,69)
r(332,7,3,69)
r(119,8,3,69)
r(52,4,3,69)
r(292,1,4,70)
w(308,4,4,70)
w(51,13,4,70)
r(325,3,4,70)
r(27,8,4,70)
w(182,3,4,70)
w(7,7,4,70)
w(336,13,4,70)
r(263,12,4,70)
r(15,9,4,70)
r(279,4,4,70)
r(220,7,4,70)
r(42,7,4,70)
r(140,2,4,70)
w(68,2,4,70)
w(22,7,4,70)
r(65,2,4,70)
w(116,8,4,70)
w(215,6,4,70)
r(311,2,4,70)
w(201,6,5,71)
w(234,12,5,71)
r(307,3,5,71)
w(260,5,5,71)
w(215,4,5,71)
r(24,4,5,71)
r(317,1,5,71)
w(54,17,5,71)
r(211,3,5,71)
w(269,12,5,71)
w(137,6,5,71)
r(283,11,5,71)
w(341,4,5,71)
w(349,13,5,71)
r(218,3,5,71)
w(304,6,5,71)
w(294,4,5,71)
r(304,6,5,71)
w(249,10,5,71)
r(333,10,5,71)
w(272,10,6,72)
w(226,5,6,72)
r(47,8,6,72)
w(20,12,6,72)
r(146,13,6,72)
w(350,4,6,72)
w(32,13,6,72)
w(324,16,6,72)
r(89,5,6,72)
w(39,5,6,72)
w(62,5,6,72)
r(171,13,6,72)
r(256,11,6,72)
r(121,2,6,72)
w(122,15,6,72)
w(186,12,6,72)
w(94,4,6,72)
w(212,12,6,72)
r(35,3,6,72)
w(224,11,6,72)
w(60,7,1,73)
r(188,2,1,73)
w(20,2,1,73)
w(140,2,1,73)
r(9,4,1,73)
w(168,2,1,73)
r(313,7,1,73)
r(120,2,1,73)
w(241,3,1,73)
w(293,2,1,73)
r(211,3,1,73)
w(122,2,1,73)
w(109,3,1,73)
w(270,2,1,73)
w(158,2,1,73)
r(143,5,1,73)
r(200,7,1,73)
r(85,2,1,73)
w(219,2,1,73)
w(296,2,1,73)
r(190,3,2,74)
r(106,8,2,74)
w(282,2,2,74)
w(162,3,2,74)
r(234,13,2,74)
w(171,13,2,74)
w(248,3,2,74)
w(226,9,2,74)
r(114,7,2,74)
w(247,3,2,74)
r(172,8,2,74)
r(296,9,2,74)
r(94,1,2,74)
r(337,12,2,74)
w(353,2,2,74)
w(274,7,2,74)
w(33,9,2,74)
w(122,9,2,74)
r(175,6,2,74)
r(156,7,2,74)
w(69,7,3,75)
r(170,6,3,75)
r(25,8,3,75)
r(339,7,3,75)
r(67,2,3,75)
w(310,7,3,75)
r(87,11,3,75)
r(193,8,3,75)
r(327,3,3,75)
w(89,11,3,75)
r(2,9,3,75)
r(72,11,3,75)
w(38,9,3,75)
w(31,7,3,75)
r(100,2,3,75)
r(172,8,3,75)
r(289,7,3,75)
w(255,9,3,75)
w(125,9,3,75)
w(173,11,3,75)
w(287,6,4,76)
r(80,18,4,76)
w(290,11,4,76)
r(298,13,4,76)
w(248,12,4,76)
w(154,4,4,76)
r(144,9,4,76)
r(264,4,4,76)
r(280,11,4,76)
w(112,7,4,76)
w(288,7,4,76)
r(136,5,4,76)
w(347,4,4,76)
r(68,2,4,76)
w(340,3,4,76)
w(254,7,4,76)
w(142,8,4,76)
r(349,13,4,76)
r(167,3,4,76)
w(258,5,4,76)
w(96,6,5,77)
w(118,9,5,77)
r(134,9,5,77)
r(208,8,5,77)
w(196,11,5,77)
w(59,14,5,77)
w(145,8,5,77)
w(22,13,5,77)
w(138,5,5,77)
w(150,6,5,77)
r(308,13,5,77)
w(208,9,5,77)
w(285,9,5,77)
r(193,6,5,77)
r(268,4,5,77)
w(68,13,5,77)
w(181,12,5,77)
r(175,6,5,77)
w(57,4,5,77)
r(253,14,5,77)
w(156,12,6,78)
r(310,9,6,78)
w(230,15,6,78)
w(34,14,6,78)
w(27,12,6,78)
w(18,6,6,78)
w(349,8,6,78)
r(97,2,6,78)
r(121,6,6,78)
r(42,11,6,78)
w(38,15,6,78)
r(218,3,6,78)
w(276,6,6,78)
w(125,5,6,78)
w(285,8,6,78)
r(345,2,6,78)
w(270,15,6,78)
r(79,9,6,78)
r(31,7,6,78)
w(9,12,6,78)
w(189,2,1,79)
r(56,2,1,79)
w(24,2,1,79)
w(116,2,1,79)
r(262,3,1,79)
r(289,7,1,79)
w(195,2,1,79)
r(157,7,1,79)
r(118,9,1,79)
r(110,12,1,79)
w(95,3,1,79)
w(174,3,1,79)
w(293,3,1,79)
r(143,5,1,79)
r(8,2,1,79)
r(325,3,1,79)
w(249,7,1,79)
w(329,3,1,79)
r(116,2,1,79)
r(95,3,1,79)
r(108,17,2,80)
r(240,1,2,80)
w(66,3,2,80)
w(179,3,2,80)
r(226,9,2,80)
r(181,15,2,80)
w(325,3,2,80)
r(359,15,2,80)
w(222,3,2,80)
w(291,7,2,80)
w(221,3,2,80)
r(139,5,2,80)
r(86,6,2,80)
w(216,2,2,80)
w(192,2,2,80)
r(48,2,2,80)
w(63,3,2,80)
r(327,3,2,80)
w(62,9,2,80)
w(324,8,2,80)
w(151,13,3,81)
r(339,7,3,81)
w(161,9,3,81)
r(120,2,3,81)
w(62,6,3,81)
r(2,9,3,81)
r(339,7,3,81)
w(237,7,3,81)
w(250,9,3,81)
r(99,17,3,81)
r(328,13,3,81)
w(113,11,3,81)
w(37,8,3,81)
w(54,6,3,81)
w(129,13,3,81)
r(342,13,3,81)
r(22,13,3,81)
r(313,7,3,81)
r(165,8,3,81)
w(183,13,3,81)
w(20,11,4,82)
w(113,8,4,82)
r(295,9,4,82)
w(1,11,4,82)
w(250,11,4,82)
w(29,8,4,82)
w(123,7,4,82)
r(330,3,4,82)
r(237,13,4,82)
w(197,6,4,82)
w(307,11,4,82)
w(250,8,4,82)
w(157,5,4,82)
r(86,2,4,82)
r(187,7,4,82)
r(127,6,4,82)
r(79,9,4,82)
w(38,11,4,82)
r(91,2,4,82)
w(42,11,4,82)
w(262,6,5,83)
r(225,15,5,83)
w(360,8,5,83)
w(293,6,5,83)
r(217,2,5,83)
r(233,8,5,83)
r(208,9,5,83)
w(328,11,5,83)
w(72,8,5,83)
w(301,4,5,83)
r(134,11,5,83)
w(57,12,5,83)
w(72,6,5,83)
r(341,2,5,83)
r(140,2,5,83)
r(16,3,5,83)
w(221,4,5,83)
w(225,4,5,83)
r(128,11,5,83)
w(10,13,5,83)
w(327,6,6,84)
w(196,12,6,84)
w(35,12,6,84)
r(26,10,6,84)
w(291,4,6,84)
r(119,2,6,84)
r(211,3,6,84)
r(278,3,6,84)
r(138,11,6,84)
w(66,15,6,84)
r(360,8,6,84)
w(239,11,6,84)
w(343,4,6,84)
r(167,3,6,84)
w(30,5,6,84)
r(208,9,6,84)
r(266,7,6,84)
r(336,13,6,84)
r(240,3,6,84)
r(34,14,6,84)
r(28,6,1,85)
r(341,2,1,85)
w(245,2,1,85)
r(306,9,1,85)
w(63,2,1,85)
r(239,13,1,85)
w(206,2,1,85)
r(91,2,1,85)
w(163,2,1,85)
r(235,11,1,85)
r(258,12,1,85)
w(184,2,1,85)
w(32,2,1,85)
w(118,2,1,85)
w(191,2,1,85)
w(3,2,1,85)
r(273,1,1,85)
r(215,6,1,85)
r(13,9,1,85)
r(28,6,1,85)
w(337,13,2,86)
r(143,5,2,86)
w(298,13,2,86)
r(92,3,2,86)
w(257,3,2,86)
w(201,7,2,86)
w(236,13,2,86)
w(49,3,2,86)
w(322,13,2,86)
w(145,9,2,86)
w(86,2,2,86)
w(119,9,2,86)
w(139,7,2,86)
w(232,2,2,86)
w(275,7,2,86)
w(341,2,2,86)
r(264,4,2,86)
r(177,1,2,86)
r(150,6,2,86)
w(67,9,2,86)
r(104,7,3,87)
r(108,8,3,87)
r(8,2,3,87)
r(169,1,3,87)
r(325,3,3,87)
w(56,7,3,87)
r(301,12,3,87)
r(295,4,3,87)
r(238,2,3,87)
w(148,11,3,87)
w(172,7,3,87)
w(310,9,3,87)
w(335,7,3,87)
r(233,8,3,87)
r(59,14,3,87)
w(235,11,3,87)
w(29,9,3,87)
w(1,9,3,87)
r(138,11,3,87)
r(97,6,3,87)
w(182,7,4,88)
w(340,7,4,88)
w(339,12,4,88)
r(68,2,4,88)
w(49,11,4,88)
w(95,11,4,88)
r(341,3,4,88)
w(194,8,4,88)
w(241,6,4,88)
w(209,9,4,88)
w(176,13,4,88)
r(201,9,4,88)
r(178,9,4,88)
r(130,3,4,88)
r(276,6,4,88)
r(49,11,4,88)
w(124,9,4,88)
r(301,4,4,88)
w(333,5,4,88)
r(260,7,4,88)
r(78,11,5,89)
r(182,2,5,89)
r(111,7,5,89)
r(112,7,5,89)
r(290,11,5,89)
w(300,5,5,89)
r(331,2,5,89)
r(305,11,5,89)
r(89,5,5,89)
r(335,2,5,89)
r(38,9,5,89)
r(301,4,5,89)
w(264,12,5,89)
w(185,13,5,89)
w(180,6,5,89)
r(254,7,5,89)
w(250,6,5,89)
w(234,5,5,89)
r(45,7,5,89)
w(240,3,5,89)
w(344,11,6,90)
w(64,6,6,90)
w(148,15,6,90)
w(265,13,6,90)
r(215,6,6,90)
r(352,2,6,90)
r(143,10,6,90)
w(28,17,6,90)
r(160,9,6,90)
r(356,3,6,90)
r(92,3,6,90)
r(30,5,6,90)
r(345,2,6,90)
w(188,10,6,90)
r(298,13,6,90)
w(110,5,6,90)
w(140,6,6,90)
w(307,4,6,90)
r(48,12,6,90)
r(139,7,6,90)
r(311,2,1,91)
w(275,2,1,91)
w(249,9,1,91)
w(71,2,1,91)
w(67,3,1,91)
r(83,3,1,91)
r(300,14,1,91)
w(344,2,1,91)
w(338,2,1,91)
w(43,2,1,91)
r(269,12,1,91)
r(85,2,1,91)
w(115,3,1,91)
r(269,12,1,91)
w(266,3,1,91)
r(265,1,1,91)
r(202,11,1,91)
r(355,2,1,91)
w(176,2,1,91)
r(15,9,1,91)
w(254,2,2,92)
r(70,14,2,92)
r(224,1,2,92)
r(27,8,2,92)
r(140,2,2,92)
r(287,9,2,92)
r(103,9,2,92)
w(138,11,2,92)
w(165,3,2,92)
w(154,7,2,92)
w(8,2,2,92)
w(154,9,2,92)
w(220,7,2,92)
w(290,9,2,92)
r(165,3,2,92)
r(295,4,2,92)
r(99,17,2,92)
w(45,7,2,92)
w(162,7,2,92)
w(200,9,2,92)
w(349,7,3,93)
r(204,1,3,93)
r(243,11,3,93)
r(193,6,3,93)
r(9,4,3,93)
w(168,6,3,93)
w(299,4,3,93)
w(65,9,3,93)
r(57,12,3,93)
r(329,3,4,94)
w(27,13,4,94)
w(207,9,4,94)
r(27,13,4,94)
w(288,9,4,94)
r(141,7,4,94)
w(311,8,4,94)
r(356,3,4,94)
r(159,11,4,94)
r(47,8,4,94)
r(129,13,4,94)
r(80,18,4,94)
w(324,10,4,94)
r(119,2,4,94)
r(290,11,4,94)
w(169,7,4,94)
r(7,7,4,94)
w(227,12,4,94)
w(47,6,4,94)
w(42,8,4,94)
w(121,6,5,95)
r(161,2,5,95)
r(88,2,5,95)
r(97,2,5,95)
r(232,2,5,95)
r(37,8,5,95)
r(60,7,5,95)
r(177,1,5,95)
r(272,10,5,95)
w(349,11,5,95)
r(291,7,5,95)
w(188,5,5,95)
w(326,11,5,95)
r(228,3,5,95)
w(273,9,5,95)
r(111,7,5,95)
w(209,13,5,95)
w(263,11,5,95)
w(244,15,5,95)
r(135,9,5,95)
r(353,2,6,96)
r(109,3,6,96)
w(234,14,6,96)
w(38,10,6,96)
w(93,8,6,96)
r(5,7,6,96)
r(85,3,6,96)
r(329,8,6,96)
w(334,8,6,96)
w(100,10,6,96)
w(283,4,6,96)
w(295,12,6,96)
r(63,2,1,97)
w(187,2,1,97)
w(319,2,1,97)
r(147,11,1,97)
r(242,7,1,97)
r(84,8,1,97)
w(350,2,1,97)
r(89,5,1,97)
w(33,2,1,97)
w(157,2,1,97)
w(338,7,1,97)
r(24,2,1,97)
w(50,2,1,97)
w(114,3,1,97)
r(200,8,1,97)
r(262,6,1,97)
w(140,3,1,97)
r(95,3,1,97)
w(119,2,1,97)
w(165,2,1,97)
w(154,13,2,98)
r(278,3,2,98)
r(59,14,2,98)
r(167,3,2,98)
w(125,2,2,98)
w(201,9,2,98)
r(137,6,2,98)
w(16,3,2,98)
r(201,9,2,98)
w(52,2,2,98)
w(234,11,2,98)
w(51,2,2,98)
w(235,9,2,98)
w(294,9,2,98)
r(63,3,2,98)
r(92,3,2,98)
w(179,7,2,98)
w(143,9,2,98)
w(13,9,2,98)
r(249,7,2,98)
r(195,2,3,99)
r(360,8,3,99)
r(315,15,3,99)
r(312,13,3,99)
r(229,7,3,99)
w(271,3,3,99)
w(137,7,3,99)
r(4,8,3,99)
w(65,13,3,99)
w(19,4,3,99)
r(289,7,3,99)
r(346,7,3,99)
r(189,9,3,99)
r(145,9,3,99)
r(250,9,3,99)
r(250,9,3,99)
w(205,8,3,99)
r(55,1,3,99)
r(328,11,3,99)
r(319,1,3,99)
w(81,13,4,100)
r(229,7,4,100)
w(105,13,4,100)
r(202,7,4,100)
w(207,13,4,100)
w(321,4,4,100)
w(1,8,4,100)
r(25,8,4,100)
r(69,2,4,100)
r(262,6,4,100)
r(296,2,4,100)
w(160,11,4,100)
r(100,3,4,100)
r(248,12,4,100)
w(187,6,4,100)
w(51,11,4,100)
r(284,7,4,100)
r(235,11,4,100)
w(358,8,4,100)
w(144,13,4,100)
w(313,11,5,101)
r(113,8,5,101)
r(31,7,5,101)
r(174,3,5,101)
r(208,9,5,101)
r(208,9,5,101)
r(186,12,5,101)
w(242,6,5,101)
w(148,6,5,101)
r(55,1,5,101)
r(319,2,5,101)
w(69,4,5,101)
w(207,8,5,101)
w(199,4,5,101)
r(347,4,5,101)
r(31,7,5,101)
r(318,7,5,101)
w(251,12,5,101)
w(103,8,5,101)
r(275,2,5,101)
w(299,10,6,102)
w(103,4,6,102)
w(294,15,6,102)
w(331,8,6,102)
r(5,7,6,102)
w(250,4,6,102)
w(300,17,6,102)
r(341,3,6,102)
r(153,11,6,102)
r(109,3,6,102)
w(332,4,6,102)
w(272,14,6,102)
r(166,2,6,102)
w(202,6,6,102)
r(152,7,6,102)
w(219,12,6,102)
r(267,7,6,102)
w(6,8,6,102)
w(106,5,6,102)
r(171,13,6,102)
w(266,7,1,103)
w(147,2,1,103)
w(239,2,1,103)
r(115,3,1,103)
w(115,7,1,103)
w(183,2,1,103)
r(61,2,1,103)
w(100,3,1,103)
w(337,2,1,103)
w(238,3,1,103)
w(231,2,1,103)
w(43,3,1,103)
w(175,2,1,103)
w(146,2,1,103)
r(152,3,1,103)
r(276,6,1,103)
w(328,3,1,103)
w(258,2,1,103)
w(272,2,1,103)
w(89,3,1,103)
w(54,9,2,104)
w(260,7,2,104)
w(155,7,2,104)
r(56,7,2,104)
r(110,12,2,104)
w(179,9,2,104)
r(189,2,2,104)
w(335,2,2,104)
w(259,3,2,104)
r(230,2,2,104)
r(130,3,2,104)
w(122,13,2,104)
w(181,3,2,104)
r(57,4,2,104)
r(124,2,2,104)
w(330,2,2,104)
r(214,11,2,104)
r(181,3,2,104)
r(36,7,2,104)
w(82,6,2,104)
r(261,3,3,105)
w(88,7,3,105)
w(202,7,3,105)
r(47,8,3,105)
w(3,9,3,105)
w(37,6,3,105)
r(238,2,3,105)
w(97,13,3,105)
r(8,2,3,105)
r(111,9,3,105)
r(89,5,3,105)
r(285,8,3,105)
w(241,11,3,105)
r(226,5,3,105)
w(21,8,3,105)
r(164,8,3,105)
r(200,8,3,105)
w(268,9,3,105)
r(328,11,3,105)
r(9,12,3,105)
r(243,11,4,106)
w(59,4,4,106)
r(124,9,4,106)
w(48,6,4,106)
w(181,11,4,106)
w(231,6,4,106)
w(175,11,4,106)
r(83,9,4,106)
r(73,2,4,106)
w(112,9,4,106)
r(108,13,4,106)
r(157,2,4,106)
r(210,3,4,106)
r(328,3,4,106)
w(201,13,4,106)
r(81,13,4,106)
w(151,11,4,106)
w(238,13,4,106)
w(76,6,4,106)
w(149,11,4,106)
w(81,11,5,107)
r(91,2,5,107)
w(270,5,5,107)
w(73,6,5,107)
r(326,2,5,107)
w(306,13,5,107)
r(335,2,5,107)
r(245,7,5,107)
w(358,15,5,107)
w(285,13,5,107)
r(295,9,5,107)
w(231,12,5,107)
r(324,9,5,107)
r(120,2,5,107)
r(188,10,5,107)
w(23,8,5,107)
w(310,6,5,107)
r(352,3,5,107)
r(182,7,5,107)
w(105,4,5,107)
r(47,11,6,108)
r(174,3,6,108)
w(258,18,6,108)
r(54,9,6,108)
w(223,17,6,108)
w(191,11,6,108)
w(28,16,6,108)
r(198,3,6,108)
r(234,5,6,108)
w(140,4,6,108)
r(180,6,6,108)
w(88,8,6,108)
r(47,11,6,108)
r(348,2,6,108)
r(260,2,6,108)
w(118,12,6,108)
r(290,11,6,108)
r(6,8,6,108)
w(136,15,6,108)
r(301,4,6,108)
w(276,2,1,109)
w(226,2,1,109)
r(120,2,1,109)
r(307,11,1,109)
r(213,2,1,109)
r(299,15,1,109)
r(109,3,1,109)
w(348,2,1,109)
r(21,8,1,109)
r(226,2,1,109)
w(32,3,1,109)
w(349,2,1,109)
w(355,7,1,109)
w(326,2,1,109)
r(62,5,1,109)
w(108,2,1,109)
r(149,2,1,109)
r(260,7,1,109)
w(316,2,1,109)
w(302,2,1,109)
w(230,13,2,110)
r(87,11,2,110)
r(203,6,2,110)
r(88,2,2,110)
r(217,2,2,110)
r(28,6,2,110)
w(276,9,2,110)
r(210,3,2,110)
w(141,7,2,110)
w(97,2,2,110)
w(5,7,2,110)
r(25,8,2,110)
w(247,7,2,110)
w(182,2,2,110)
w(169,2,2,110)
w(189,9,2,110)
r(90,8,2,110)
r(190,3,2,110)
r(34,2,2,110)
w(295,9,2,110)
w(19,12,3,111)
w(199,3,3,111)
w(143,6,3,111)
w(270,13,3,111)
r(169,7,3,111)
w(329,8,3,111)
r(104,7,3,111)
w(85,11,3,111)
r(161,2,3,111)
w(95,13,3,111)
r(120,2,3,111)
w(221,11,3,111)
r(183,2,3,111)
w(125,13,3,111)
w(344,9,3,111)
r(23,4,3,111)
r(330,3,3,111)
r(337,2,3,111)
r(279,4,3,111)
w(172,9,3,111)
r(140,4,4,112)
r(153,11,4,112)
w(328,7,4,112)
w(136,8,4,112)
r(231,12,4,112)
w(119,6,4,112)
w(320,8,4,112)
w(241,12,4,112)
r(156,12,4,112)
w(150,11,4,112)
w(18,9,4,112)
w(289,9,4,112)
w(227,5,4,112)
r(333,6,4,112)
r(125,11,4,112)
r(280,11,4,112)
r(344,9,4,112)
w(156,9,4,112)
w(286,15,4,112)
w(38,8,4,112)
w(81,8,5,113)
w(215,12,5,113)
r(113,8,5,113)
w(356,12,5,113)
w(108,15,5,113)
r(348,3,5,113)
w(254,9,5,113)
r(108,15,5,113)
w(321,15,5,113)
r(28,16,5,113)
w(302,10,5,113)
w(129,6,5,113)
w(154,5,5,113)
r(264,7,5,113)
w(305,4,5,113)
w(277,6,5,113)
w(183,6,5,113)
r(162,7,5,113)
w(263,8,5,113)
r(85,3,5,113)
w(306,6,6,114)
w(69,10,6,114)
r(236,13,6,114)
w(256,8,6,114)
r(339,9,6,114)
w(137,12,6,114)
w(117,5,6,114)
w(44,6,6,114)
r(176,7,6,114)
w(101,12,6,114)
w(21,15,6,114)
r(167,3,6,114)
r(128,9,6,114)
w(124,8,6,114)
w(15,13,6,114)
w(133,4,6,114)
r(145,3,6,114)
w(62,15,6,114)
w(135,11,6,114)
w(322,17,6,114)
r(244,15,1,115)
r(186,12,1,115)
w(96,2,1,115)
w(315,7,1,115)
r(167,3,1,115)
r(328,3,1,115)
w(12,2,1,115)
w(333,3,1,115)
w(85,3,1,115)
r(171,13,1,115)
w(19,3,1,115)
w(115,9,1,115)
r(218,3,1,115)
w(350,3,1,115)
r(316,2,1,115)
w(272,3,1,115)
w(29,2,1,115)
r(205,8,1,115)
w(145,3,1,115)
w(260,2,1,115)
r(60,7,2,116)
w(356,3,2,116)
r(348,1,2,116)
r(316,1,2,116)
r(193,6,2,116)
r(86,2,2,116)
w(189,13,2,116)
w(150,7,2,116)
w(330,3,2,116)
r(333,10,2,116)
w(21,9,2,116)
r(101,6,2,116)
r(308,4,2,116)
r(345,2,2,116)
r(299,15,2,116)
w(187,7,2,116)
w(128,9,2,116)
w(341,3,2,116)
w(161,2,2,116)
r(280,11,2,116)
r(252,9,3,117)
r(348,2,3,117)
r(306,9,3,117)
w(296,13,3,117)
w(354,7,3,117)
r(137,7,3,117)
r(7,7,3,117)
w(294,13,3,117)
r(306,9,3,117)
w(244,11,3,117)
r(122,15,3,117)
r(355,7,3,117)
r(287,3,3,117)
w(267,7,3,117)
r(181,3,3,117)
w(155,13,3,117)
r(321,4,3,117)
w(307,9,3,117)
r(325,3,3,117)
w(10,3,3,117)
w(264,8,4,118)
w(63,13,4,118)
r(203,4,4,118)
r(105,4,4,118)
r(28,16,4,118)
w(26,6,4,118)
r(266,12,4,118)
w(253,5,4,118)
r(129,6,4,118)
r(332,9,4,118)
r(122,11,4,118)
w(324,14,4,118)
w(247,4,4,118)
w(18,13,4,118)
r(91,2,4,118)
w(4,11,4,118)
r(209,6,4,118)
w(346,13,4,118)
w(190,13,4,118)
w(329,4,4,118)
w(27,6,5,119)
w(290,4,5,119)
w(308,5,5,119)
w(148,4,5,119)
w(150,4,5,119)
r(319,2,5,119)
r(347,9,5,119)
r(45,7,5,119)
r(121,6,5,119)
r(47,11,6,120)
w(249,17,6,120)
r(301,4,6,120)
w(52,15,6,120)
w(106,15,6,120)
w(341,5,6,120)
w(203,4,6,120)
w(105,12,6,120)
r(89,3,6,120)
r(217,2,6,120)
r(277,11,6,120)
w(220,15,6,120)
w(281,4,6,120)
w(142,10,6,120)
w(26,14,6,120)
r(133,4,6,120)
r(121,6,6,120)
w(80,19,6,120)
w(350,12,6,120)
r(187,6,6,120)
w(357,3,1,121)
r(224,11,1,121)
w(327,2,1,121)
r(196,12,1,121)
r(337,2,1,121)
w(13,2,1,121)
r(87,11,1,121)
w(218,2,1,121)
r(146,2,1,121)
w(159,2,1,121)
w(264,2,1,121)
r(177,1,1,121)
w(296,3,1,121)
w(207,2,1,121)
r(50,2,1,121)
w(90,3,2,122)
w(253,8,2,122)
w(149,2,2,122)
w(40,3,2,122)
w(69,2,2,122)
w(212,9,2,122)
r(6,13,2,122)
w(15,3,2,122)
r(111,7,2,122)
r(213,2,2,122)
w(131,13,2,122)
w(193,3,2,122)
r(258,5,2,122)
r(91,2,2,122)
r(11,1,2,122)
r(3,2,2,122)
w(220,9,2,122)
r(118,2,2,122)
r(74,1,2,122)
w(312,3,2,122)
r(101,6,3,123)
w(70,12,3,123)
r(120,2,3,123)
w(10,7,3,123)
w(209,3,3,123)
w(314,13,3,123)
r(313,11,3,123)
w(58,7,3,123)
r(206,2,3,123)
w(270,11,3,123)
w(115,8,3,123)
w(211,11,3,123)
w(47,11,3,123)
r(184,2,3,123)
r(19,3,3,123)
w(108,13,3,123)
w(225,7,3,123)
r(222,3,3,123)
w(87,9,3,123)
w(83,9,3,123)
r(6,8,4,124)
w(101,13,4,124)
w(335,11,4,124)
w(63,11,4,124)
w(113,6,4,124)
w(41,7,4,124)
w(297,7,4,124)
r(178,9,4,124)
w(156,13,4,124)
w(59,12,4,124)
w(248,5,4,124)
r(353,3,4,124)
r(63,11,4,124)
r(242,6,4,124)
r(333,14,4,124)
r(352,3,4,124)
w(94,13,4,124)
r(180,6,4,124)
w(263,3,4,124)
r(27,7,4,124)
w(146,12,5,125)
r(79,9,5,125)
w(24,12,5,125)
w(266,12,5,125)
w(14,11,5,125)
w(304,4,5,125)
r(346,7,5,125)
w(156,4,5,125)
r(163,3,5,125)
w(333,14,5,125)
w(328,8,5,125)
r(258,18,5,125)
w(233,4,5,125)
w(77,8,5,125)
w(12,12,5,125)
w(167,4,5,125)
w(38,12,5,125)
r(79,9,5,125)
w(101,8,5,125)
r(299,2,5,125)
w(174,4,6,126)
r(359,11,6,126)
r(313,11,6,126)
w(283,12,6,126)
w(49,10,6,126)
w(317,4,6,126)
r(31,7,6,126)
w(302,16,6,126)
r(168,2,6,126)
w(240,9,6,126)
w(152,8,6,126)
r(169,7,6,126)
r(120,2,6,126)
w(207,6,6,126)
r(341,5,6,126)
r(139,13,6,126)
w(288,4,6,126)
r(52,15,6,126)
w(278,6,6,126)
r(217,2,6,126)
r(113,8,1,127)
w(337,3,1,127)
r(10,7,1,127)
r(305,11,1,127)
w(324,7,1,127)
r(239,11,1,127)
r(90,3,1,127)
w(48,3,1,127)
w(138,7,1,127)
r(10,7,1,127)
r(20,11,1,127)
w(352,3,1,127)
r(353,2,1,127)
r(47,11,1,127)
w(109,9,1,127)
r(345,2,1,127)
r(296,13,1,127)
w(175,7,1,127)
w(212,3,1,127)
w(348,3,1,127)
w(111,9,2,128)
w(300,13,2,128)
w(302,7,2,128)
w(39,13,2,128)
w(78,3,2,128)
w(286,11,2,128)
w(333,8,2,128)
w(73,2,2,128)
r(137,7,2,128)
r(193,3,2,128)
w(160,9,2,128)
w(220,13,2,128)
r(101,6,2,128)
r(230,15,2,128)
w(94,3,2,128)
r(297,11,2,128)
r(206,2,2,128)
r(225,4,2,128)
r(207,7,2,128)
w(35,7,2,128)
w(336,9,3,129)
w(347,11,3,129)
w(269,13,3,129)
r(23,4,3,129)
r(48,12,3,129)
r(304,6,3,129)
w(307,13,3,129)
w(245,7,3,129)
w(37,4,3,129)
w(265,3,3,129)
w(333,6,3,129)
r(43,3,3,129)
w(262,9,3,129)
r(127,6,3,129)
r(232,2,3,129)
r(149,2,3,129)
w(176,3,3,129)
w(137,9,3,129)
r(287,3,3,129)
r(214,11,3,129)
r(167,4,4,130)
r(103,13,4,130)
r(112,9,4,130)
r(70,11,4,130)
w(237,11,4,130)
w(109,4,4,130)
w(290,8,4,130)
w(18,11,4,130)
w(204,11,4,130)
w(139,11,4,130)
r(179,9,4,130)
r(61,2,4,130)
w(293,8,4,130)
w(320,6,4,130)
w(315,8,4,130)
w(189,5,4,130)
w(191,7,4,130)
w(352,5,4,130)
r(306,13,4,130)
w(210,6,4,130)
w(223,15,5,131)
r(266,12,5,131)
r(186,12,5,131)
r(38,12,5,131)
r(18,9,5,131)
r(269,13,5,131)
w(217,13,5,131)
r(356,12,5,131)
r(185,7,5,131)
w(258,14,5,131)
r(291,4,5,131)
w(319,13,5,131)
w(81,6,5,131)
r(51,9,5,131)
r(251,2,5,131)
r(306,13,5,131)
w(291,6,5,131)
r(177,2,5,131)
r(39,13,5,131)
w(55,4,5,131)
r(332,9,6,132)
r(267,7,6,132)
w(259,6,6,132)
w(171,5,6,132)
r(98,13,6,132)
w(116,10,6,132)
w(211,5,6,132)
r(99,13,6,132)
w(209,6,6,132)
r(31,7,6,132)
w(205,5,6,132)
r(6,8,6,132)
r(272,14,6,132)
w(234,17,6,132)
r(222,7,6,132)
r(6,8,6,132)
w(357,4,6,132)
w(275,12,6,132)
r(14,9,6,132)
r(31,7,6,132)
w(12,3,1,133)
r(203,6,1,133)
w(12,7,1,133)
w(152,2,1,133)
w(173,2,1,133)
w(59,7,1,133)
r(264,7,1,133)
r(308,8,1,133)
r(28,16,1,133)
r(312,3,1,133)
r(22,7,1,133)
w(84,2,1,133)
w(25,2,1,133)
r(101,12,1,133)
r(268,9,1,133)
r(10,7,1,133)
w(324,9,1,133)
r(356,3,1,133)
r(197,6,1,133)
r(139,13,1,133)
w(110,7,2,134)
w(35,9,2,134)
r(137,7,2,134)
w(28,9,2,134)
r(223,5,2,134)
r(184,2,2,134)
w(152,7,2,134)
w(110,9,2,134)
w(148,7,2,134)
w(339,9,2,134)
r(197,6,2,134)
r(231,2,2,134)
w(287,3,2,134)
r(39,13,2,134)
r(311,2,2,134)
r(161,2,2,134)
w(321,7,2,134)
r(51,13,2,134)
r(166,2,2,134)
r(54,9,2,134)
w(252,7,3,135)
w(314,11,3,135)
r(228,3,3,135)
r(191,2,3,135)
w(2,13,3,135)
r(131,13,3,135)
w(193,9,3,135)
w(4,7,3,135)
w(26,9,3,135)
r(75,3,3,135)
r(74,1,3,135)
w(189,6,3,135)
w(282,13,3,135)
r(148,6,3,135)
w(18,7,3,135)
w(185,3,3,135)
r(264,7,3,135)
w(111,11,3,135)
w(14,9,3,135)
w(176,7,3,135)
r(206,2,4,136)
w(75,4,4,136)
w(301,13,4,136)
w(260,6,4,136)
r(145,3,4,136)
r(272,14,4,136)
r(259,6,4,136)
w(354,13,4,136)
w(258,15,4,136)
r(288,4,4,136)
w(262,11,4,136)
r(278,6,4,136)
w(161,6,4,136)
r(299,2,4,136)
w(304,8,4,136)
r(72,3,4,136)
r(75,4,4,136)
r(23,8,4,136)
r(138,8,4,136)
r(326,6,4,136)
w(92,7,5,137)
r(172,9,5,137)
w(261,6,5,137)
r(10,7,5,137)
w(264,5,5,137)
r(96,2,5,137)
r(26,6,5,137)
r(37,4,5,137)
r(226,13,5,137)
r(279,4,5,137)
r(161,3,5,137)
r(51,9,5,137)
w(123,9,5,137)
w(275,4,5,137)
w(326,8,5,137)
w(215,5,5,137)
r(132,1,5,137)
r(43,3,5,137)
w(20,8,5,137)
r(78,3,5,137)
w(230,10,6,138)
r(296,13,6,138)
r(89,13,6,138)
w(316,15,6,138)
r(347,9,6,138)
r(241,12,6,138)
r(333,14,6,138)
w(269,5,6,138)
r(285,13,6,138)
w(255,11,6,138)
w(274,5,6,138)
w(243,8,6,138)
r(165,2,6,138)
w(336,8,6,138)
w(176,4,6,138)
w(134,8,6,138)
w(274,15,6,138)
r(86,2,6,138)
r(89,13,6,138)
w(70,17,6,138)
r(149,11,1,139)
w(75,7,1,139)
w(300,2,1,139)
r(174,3,1,139)
r(211,11,1,139)
w(123,2,1,139)
r(68,2,1,139)
w(238,7,1,139)
r(144,13,1,139)
w(89,7,1,139)
r(328,3,1,139)
r(208,9,1,139)
r(70,12,1,139)
w(298,2,1,139)
w(89,9,1,139)
r(112,9,1,139)
r(73,2,1,139)
r(88,9,1,139)
r(81,13,1,139)
r(309,2,1,139)
r(181,3,2,140)
r(144,13,2,140)
w(337,11,2,140)
r(29,2,2,140)
r(253,8,2,140)
r(113,8,2,140)
r(133,1,2,140)
w(231,7,2,140)
r(234,5,2,140)
w(122,11,2,140)
r(212,9,2,140)
w(247,9,2,140)
w(284,9,2,140)
w(316,9,2,140)
r(77,13,2,140)
w(261,7,2,140)
w(264,7,2,140)
w(133,7,2,140)
w(226,13,2,140)
r(325,3,2,140)
w(63,7,3,141)
w(88,9,3,141)
w(119,11,3,141)
w(321,13,3,141)
r(157,2,3,141)
w(308,8,3,141)
r(143,6,3,141)
w(353,9,3,141)
w(302,9,3,141)
w(359,11,3,141)
r(58,7,3,141)
r(171,13,3,141)
r(101,6,3,141)
w(52,13,3,141)
w(286,5,3,141)
w(139,13,3,141)
r(153,11,3,141)
r(209,3,3,141)
r(147,2,3,141)
w(223,4,3,141)
r(269,5,4,142)
w(277,8,4,142)
r(259,6,4,142)
w(267,8,4,142)
r(277,8,4,142)
w(34,6,4,142)
w(91,13,4,142)
w(1,4,4,142)
w(175,8,4,142)
r(265,3,4,142)
r(315,8,4,142)
r(243,2,4,142)
w(152,9,4,142)
r(245,8,4,142)
w(48,4,4,142)
w(184,13,4,142)
w(358,6,4,142)
w(64,13,4,142)
w(187,4,4,142)
w(155,11,4,142)
w(143,12,5,143)
w(76,5,5,143)
w(30,4,5,143)
r(237,3,5,143)
r(246,13,5,143)
w(184,8,5,143)
r(189,6,5,143)
w(326,6,5,143)
w(266,5,5,143)
w(149,4,5,143)
w(279,13,5,143)
r(317,4,5,143)
r(243,2,5,143)
r(71,2,5,143)
w(233,12,5,143)
r(312,3,5,143)
w(9,6,5,143)
w(32,9,5,143)
w(233,5,5,143)
r(281,9,5,143)
r(258,14,6,144)
w(37,19,6,144)
w(186,5,6,144)
r(287,3,6,144)
w(210,12,6,144)
w(345,4,6,144)
w(117,15,6,144)
w(81,12,6,144)
r(54,13,6,144)
r(329,4,6,144)
r(114,3,6,144)
w(93,6,6,144)
w(14,8,6,144)
r(65,13,6,144)
w(256,6,6,144)
r(300,3,6,144)
w(42,4,6,144)
r(320,8,6,144)
r(248,5,6,144)
r(111,11,6,144)
w(89,13,1,145)
r(79,9,1,145)
r(302,16,1,145)
w(318,2,1,145)
w(251,2,1,145)
w(299,2,1,145)
w(202,3,1,145)
r(176,9,1,145)
r(301,4,1,145)
w(334,2,1,145)
w(253,7,1,145)
w(277,2,1,145)
r(281,7,1,145)
w(219,3,1,145)
r(319,2,1,145)
w(82,3,1,145)
w(249,13,1,145)
r(12,7,1,145)
w(137,2,1,145)
r(237,3,1,145)
r(260,2,2,146)
r(127,6,2,146)
w(237,3,2,146)
w(282,3,2,146)
r(238,13,2,146)
r(313,11,2,146)
w(90,7,2,146)
r(296,13,2,146)
w(33,11,2,146)
w(246,13,2,146)
w(118,7,2,146)
w(207,3,2,146)
w(48,9,2,146)
w(128,13,2,146)
r(71,2,2,146)
r(88,9,2,146)
r(197,6,2,146)
r(119,11,2,146)
w(99,13,2,146)
w(161,3,2,146)
w(254,3,3,147)
r(86,2,3,147)
w(213,7,3,147)
r(16,3,3,147)
w(241,8,3,147)
r(29,2,3,147)
r(1,8,3,147)
w(260,9,3,147)
w(157,13,3,147)
w(186,8,3,147)
w(218,8,3,147)
w(343,7,3,147)
r(207,3,3,147)
r(45,7,3,147)
r(282,3,3,147)
w(35,11,3,147)
r(344,9,3,147)
w(39,8,4,148)
r(33,11,4,148)
r(160,11,4,148)
w(351,9,4,148)
w(276,13,4,148)
w(199,13,4,148)
r(87,9,4,148)
r(313,11,4,148)
r(316,10,4,148)
w(353,11,4,148)
w(284,8,4,148)
w(233,6,4,148)
w(41,9,4,148)
w(192,6,4,148)
w(270,4,4,148)
r(91,13,4,148)
w(72,9,4,148)
r(349,2,4,148)
w(333,15,4,148)
r(226,3,4,148)
w(113,5,5,149)
r(246,13,5,149)
w(302,17,5,149)
w(84,10,5,149)
r(173,2,5,149)
w(118,11,5,149)
r(290,8,5,149)
w(342,5,5,149)
r(342,5,5,149)
w(312,8,5,149)
w(28,5,5,149)
r(14,8,5,149)
w(133,6,5,149)
w(205,4,5,149)
r(143,12,5,149)
r(66,15,5,149)
r(87,9,5,149)
r(106,15,5,149)
w(333,17,5,149)
r(347,9,5,149)
r(211,5,6,150)
w(229,6,6,150)
w(125,15,6,150)
r(58,9,6,150)
r(87,9,6,150)
r(289,9,6,150)
w(199,15,6,150)
w(311,12,6,150)
r(11,1,6,150)
w(245,8,6,150)
w(310,4,6,150)
w(111,6,6,150)
w(25,6,6,150)
w(39,15,6,150)
w(116,14,6,150)
w(24,10,6,150)
w(316,10,6,150)
r(80,19,6,150)
r(116,14,6,150)
w(139,15,6,150)
r(151,11,1,151)
r(115,8,1,151)
r(309,7,1,151)
w(348,7,1,151)
r(86,2,1,151)
r(347,9,1,151)
w(358,3,1,151)
w(30,2,1,151)
r(90,7,1,151)
r(164,8,1,151)
r(201,13,1,151)
w(286,3,1,151)
w(300,3,1,151)
w(108,3,1,151)
r(186,12,1,151)
w(143,3,1,151)
w(267,2,1,151)
r(121,6,1,151)
w(128,3,1,151)
r(156,4,1,151)
r(272,14,2,152)
r(185,3,2,152)
r(42,8,2,152)
w(350,13,2,152)
r(174,3,2,152)
r(147,2,3,153)
w(335,9,3,153)
r(248,12,3,153)
w(157,11,3,153)
w(337,6,3,153)
r(104,7,3,153)
w(187,8,3,153)
w(271,7,3,153)
r(233,8,3,153)
w(332,9,3,153)
w(54,4,3,153)
r(137,12,3,153)
r(254,7,3,153)
w(51,9,3,153)
w(199,7,3,153)
w(8,7,3,153)
w(27,7,3,153)
w(356,8,3,153)
w(260,13,3,153)
w(342,11,3,153)
w(212,6,4,154)
w(291,13,4,154)
r(160,11,4,154)
r(110,13,4,154)
r(62,13,4,154)
r(50,3,4,154)
w(127,11,4,154)
w(108,6,4,154)
r(312,8,4,154)
r(98,13,4,154)
w(220,4,4,154)
w(24,11,4,154)
w(269,6,4,154)
r(221,7,4,154)
r(344,9,4,154)
r(295,9,4,154)
w(17,13,4,154)
r(316,10,4,154)
r(270,4,4,154)
w(129,11,4,154)
w(288,11,5,155)
w(196,6,5,155)
w(59,17,5,155)
r(200,13,5,155)
r(32,9,5,155)
w(180,4,5,155)
w(63,12,5,155)
w(80,14,5,155)
r(106,15,5,155)
r(157,11,5,155)
w(318,11,5,155)
r(191,7,5,155)
w(24,5,5,155)
r(162,7,5,155)
r(168,7,5,155)
w(294,12,5,155)
w(347,10,5,155)
r(190,13,5,155)
r(249,6,5,155)
w(49,12,5,155)
r(237,11,6,156)
w(156,15,6,156)
w(289,6,6,156)
w(83,11,6,156)
r(140,4,6,156)
w(219,5,6,156)
w(71,6,6,156)
w(309,12,6,156)
r(176,4,6,156)
r(267,2,6,156)
r(27,7,6,156)
w(338,5,6,156)
w(330,5,6,156)
w(256,4,6,156)
w(71,4,6,156)
r(143,12,6,156)
r(262,11,6,156)
w(223,16,6,156)
r(260,6,6,156)
r(186,5,6,156)
w(279,2,1,157)
r(147,2,1,157)
r(85,3,1,157)
w(260,3,1,157)
r(85,3,1,157)
r(82,3,1,157)
w(224,7,1,157)
w(235,3,1,157)
w(21,3,1,157)
w(38,2,1,157)
r(4,11,1,157)
r(81,12,1,157)
r(150,11,1,157)
r(302,16,1,157)
r(178,9,1,157)
w(151,2,1,157)
w(35,2,1,157)
r(86,2,1,157)
r(202,3,1,157)
r(61,2,1,157)
w(347,9,2,158)
r(105,4,2,158)
w(195,3,2,158)
r(291,4,2,158)
r(314,11,2,158)
w(316,13,2,158)
r(214,11,2,158)
r(258,18,2,158)
w(227,9,2,158)
r(158,2,2,158)
r(228,3,2,158)
r(169,7,2,158)
w(320,2,2,158)
r(152,2,2,158)
w(188,13,2,158)
w(49,7,2,158)
w(200,13,2,158)
w(239,9,2,158)
r(86,2,2,158)
w(150,9,2,158)
w(125,11,3,159)
w(223,12,3,159)
w(318,3,3,159)
r(278,3,3,159)
r(43,3,3,159)
r(2,13,3,159)
r(109,9,3,159)
w(76,11,3,159)
w(323,3,3,159)
r(179,9,3,159)
w(174,13,3,159)
w(158,9,3,159)
w(185,7,3,159)
r(265,3,3,159)
r(305,11,3,159)
r(359,11,3,159)
w(136,13,3,159)
r(338,7,3,159)
w(321,11,3,159)
r(271,7,3,159)
r(133,6,4,160)
w(346,11,4,160)
w(159,7,4,160)
w(137,11,4,160)
w(235,4,4,160)
w(66,4,4,160)
w(351,13,4,160)
w(253,15,4,160)
w(179,13,4,160)
w(172,13,4,160)
r(84,11,4,160)
w(33,4,4,160)
r(351,13,4,160)
r(37,19,4,160)
w(207,11,4,160)
w(199,11,4,160)
w(229,13,4,160)
r(205,4,4,160)
w(280,8,4,160)
r(173,13,4,160)
w(138,15,5,161)
r(26,6,5,161)
r(171,5,5,161)
w(314,12,5,161)
r(200,13,5,161)
w(185,8,5,161)
w(171,4,5,161)
r(66,15,5,161)
w(114,9,5,161)
w(281,6,5,161)
r(235,8,5,161)
r(352,5,5,161)
r(134,8,5,161)
w(289,8,5,161)
w(271,8,5,161)
r(209,6,5,161)
w(283,8,5,161)
w(36,13,5,161)
r(187,4,5,161)
r(57,12,5,161)
r(217,13,6,162)
w(230,14,6,162)
r(22,7,6,162)
r(307,13,6,162)
w(10,6,6,162)
w(25,12,6,162)
w(64,4,6,162)
r(167,7,6,162)
r(352,13,6,162)
r(203,4,6,162)
w(108,16,6,162)
w(177,13,6,162)
w(222,4,6,162)
w(175,12,6,162)
r(182,7,6,162)
w(357,12,6,162)
r(159,7,6,162)
w(121,4,6,162)
w(93,4,6,162)
w(100,14,6,162)
r(313,11,1,163)
r(172,9,1,163)
w(11,2,1,163)
r(59,12,1,163)
r(296,13,1,163)
w(48,7,1,163)
r(308,6,1,163)
r(151,2,1,163)
r(328,8,1,163)
r(350,12,1,163)
r(63,11,1,163)
w(2,2,1,163)
w(131,3,1,163)
w(252,2,1,163)
w(53,2,1,163)
w(226,3,1,163)
w(286,7,1,163)
r(100,3,1,163)
r(159,11,1,163)
w(211,9,1,163)
w(245,3,2,164)
r(6,8,2,164)
r(96,2,2,164)
r(199,7,2,164)
w(329,13,2,164)
r(105,4,2,164)
r(109,9,2,164)
w(44,7,2,164)
r(331,8,2,164)
r(33,11,2,164)
r(205,8,2,164)
r(34,14,2,164)
w(137,3,2,164)
r(245,3,2,164)
w(223,9,2,164)
r(38,15,2,164)
r(257,3,2,164)
w(316,11,2,164)
w(181,9,2,164)
r(223,9,2,164)
w(136,11,3,165)
r(95,13,3,165)
r(354,7,3,165)
w(176,9,3,165)
r(173,2,3,165)
r(119,6,3,165)
w(4,9,3,165)
w(330,13,3,165)
r(120,3,3,165)
w(214,7,3,165)
r(142,10,3,165)
r(203,4,3,165)
w(329,6,3,165)
r(337,6,3,165)
w(177,3,3,165)
w(58,9,3,165)
w(177,7,3,165)
w(275,9,3,165)
w(163,3,3,165)
w(308,6,3,165)
w(10,9,4,166)
w(262,8,4,166)
w(59,5,4,166)
w(347,12,4,166)
r(170,13,4,166)
w(54,15,4,166)
w(335,8,4,166)
r(78,7,4,166)
w(68,3,4,166)
r(284,8,4,166)
w(334,13,4,166)
r(295,9,4,166)
w(156,11,4,166)
r(357,12,4,166)
w(317,9,4,166)
r(35,2,4,166)
r(345,4,4,166)
w(117,8,4,166)
w(104,13,4,166)
w(120,9,4,166)
r(73,6,5,167)
r(76,7,5,167)
w(46,11,5,167)
w(163,13,5,167)
w(99,10,5,167)
w(122,12,5,167)
w(257,13,5,167)
r(157,8,5,167)
w(309,4,5,167)
w(256,9,5,167)
w(209,11,5,167)
r(14,8,5,167)
r(82,12,5,167)
w(139,4,5,167)
w(43,12,5,167)
w(201,4,5,167)
r(239,9,5,167)
r(113,5,5,167)
w(34,12,5,167)
r(323,3,5,167)
w(48,5,6,168)
r(154,8,6,168)
r(139,4,6,168)
r(288,11,6,168)
w(284,12,6,168)
w(56,11,6,168)
r(314,12,6,168)
r(216,2,6,168)
w(113,15,6,168)
w(331,6,6,168)
w(111,4,6,168)
w(6,6,6,168)
w(154,14,6,168)
r(114,9,6,168)
w(304,5,6,168)
w(284,5,6,168)
r(230,14,6,168)
r(3,7,6,168)
w(1,5,6,168)
r(212,6,6,168)
w(170,2,1,169)
r(284,13,1,169)
w(290,3,1,169)
r(295,9,1,169)
r(7,7,1,169)
w(287,2,1,169)
w(196,2,1,169)
r(58,7,2,170)
w(120,3,2,170)
w(282,7,2,170)
r(250,4,2,170)
r(159,11,2,170)
r(144,13,2,170)
r(225,7,2,170)
r(111,11,2,170)
r(317,4,2,170)
w(251,13,2,170)
w(55,7,2,170)
w(222,7,2,170)
w(248,7,2,170)
r(295,9,2,170)
w(236,11,2,170)
r(274,7,2,170)
w(309,7,2,170)
r(336,9,2,170)
w(281,7,2,170)
w(235,13,2,170)
r(55,7,3,171)
w(332,13,3,171)
w(282,11,3,171)
w(270,8,3,171)
w(99,8,3,171)
r(201,13,3,171)
r(103,4,3,171)
r(55,7,3,171)
w(215,11,3,171)
r(357,4,3,171)
w(49,13,3,171)
w(92,2,3,171)
w(269,11,3,171)
r(165,2,3,171)
r(4,9,3,171)
r(161,3,3,171)
w(309,9,3,171)
w(232,9,4,172)
r(11,2,4,172)
r(213,3,4,172)
r(174,7,4,172)
w(217,7,4,172)
r(290,13,4,172)
w(249,5,4,172)
w(266,6,4,172)
w(321,12,4,172)
w(50,11,4,172)
r(178,9,4,172)
w(3,8,4,172)
w(40,11,4,172)
r(255,11,4,172)
w(348,11,4,172)
w(213,9,4,172)
r(335,8,4,172)
r(129,11,4,172)
r(249,5,4,172)
w(340,9,4,172)
r(23,9,5,173)
w(49,5,5,173)
w(261,4,5,173)
r(201,4,5,173)
r(207,11,5,173)
r(86,7,5,173)
r(289,8,5,173)
w(99,14,5,173)
r(183,6,5,173)
r(276,13,5,173)
r(52,3,5,173)
w(318,6,5,173)
r(80,14,5,173)
r(131,3,5,173)
r(308,2,5,173)
w(73,4,5,173)
w(76,15,5,173)
w(93,11,5,173)
r(136,9,5,173)
r(209,11,5,173)
w(287,4,6,174)
r(296,13,6,174)
r(264,9,6,174)
w(156,10,6,174)
w(254,8,6,174)
w(9,5,6,174)
r(277,3,6,174)
w(309,5,6,174)
w(102,3,6,174)
w(235,5,6,174)
r(3,8,6,174)
w(312,4,6,174)
r(271,8,6,174)
r(328,8,6,174)
r(125,15,6,174)
r(33,4,6,174)
r(346,11,6,174)
w(99,16,6,174)
r(10,9,6,174)
w(26,17,6,174)
r(108,3,1,175)
r(42,4,1,175)
w(188,7,1,175)
w(77,2,1,175)
w(223,3,1,175)
w(142,7,1,175)
w(333,7,1,175)
w(134,2,1,175)
w(103,7,1,175)
w(206,3,1,175)
w(146,7,1,175)
w(57,3,1,175)
r(58,9,1,175)
w(308,2,1,175)
r(102,2,1,175)
r(184,13,1,175)
w(126,2,1,175)
w(275,3,1,175)
r(246,13,1,175)
w(166,3,1,175)
w(208,2,2,176)
w(305,7,2,176)
w(3,7,2,176)
r(188,13,2,176)
w(266,9,2,176)
r(288,4,2,176)
r(25,2,2,176)
r(35,12,2,176)
r(123,2,2,176)
r(235,13,2,176)
w(177,2,2,176)
r(199,7,2,176)
r(140,4,2,176)
w(14,2,2,176)
r(346,7,2,176)
w(70,13,2,176)
w(110,13,2,176)
r(328,7,2,176)
r(260,13,2,176)
w(136,9,2,176)
r(332,9,3,177)
w(188,8,3,177)
w(70,5,3,177)
r(167,4,3,177)
r(38,12,3,177)
w(65,12,4,178)
r(146,7,4,178)
r(8,7,4,178)
w(258,10,4,178)
w(260,4,4,178)
r(53,2,4,178)
w(309,8,4,178)
w(291,11,4,178)
w(108,4,4,178)
r(32,9,4,178)
r(247,4,4,178)
w(112,13,4,178)
r(236,7,4,178)
w(173,8,4,178)
r(315,8,4,178)
w(295,6,4,178)
w(155,8,4,178)
w(263,7,4,178)
r(114,9,4,178)
r(209,11,4,178)
w(178,8,5,179)
w(340,13,5,179)
w(30,12,5,179)
r(129,11,5,179)
w(272,12,5,179)
r(335,8,5,179)
r(311,13,5,179)
r(307,13,5,179)
r(138,15,5,179)
r(327,7,5,179)
w(17,8,5,179)
r(206,3,5,179)
w(166,8,5,179)
r(233,6,5,179)
r(268,9,5,179)
w(89,4,5,179)
r(37,19,5,179)
r(307,13,5,179)
r(30,12,5,179)
r(148,9,5,179)
w(260,16,6,180)
r(9,5,6,180)
w(255,8,6,180)
r(315,8,6,180)
w(79,8,6,180)
w(51,6,6,180)
w(68,6,6,180)
r(173,8,6,180)
w(267,5,6,180)
r(218,4,6,180)
w(100,17,6,180)
w(62,10,6,180)
r(32,9,6,180)
r(254,8,6,180)
r(113,9,6,180)
w(237,4,6,180)
r(2,11,6,180)
r(224,7,6,180)
w(55,5,6,180)
r(343,4,6,180)
w(23,7,1,181)
w(174,7,1,181)
w(21,7,1,181)
w(214,2,1,181)
r(355,4,1,181)
r(122,12,1,181)
w(70,2,1,181)
w(215,2,1,181)
r(159,11,1,181)
w(236,3,1,181)
w(126,3,1,181)
r(189,5,1,181)
w(23,9,1,181)
r(277,8,1,181)
r(290,13,1,181)
r(179,9,1,181)
r(259,6,1,181)
w(339,2,1,181)
w(28,3,1,181)
w(333,9,1,181)
r(183,6,2,182)
w(47,9,2,182)
r(184,2,2,182)
w(346,2,2,182)
r(162,7,2,182)
r(248,7,2,182)
r(219,3,2,182)
r(239,9,2,182)
w(353,3,2,182)
r(171,5,2,182)
r(35,12,2,182)
r(315,7,2,182)
r(110,13,2,182)
r(175,7,2,182)
r(244,11,2,182)
r(337,6,2,182)
w(103,13,2,182)
r(63,7,2,182)
r(196,12,2,182)
w(54,13,2,182)
r(212,3,3,183)
w(311,13,3,183)
w(63,9,3,183)
w(202,9,3,183)
r(53,2,3,183)
w(44,9,3,183)
w(80,6,3,183)
r(117,15,3,183)
w(351,3,3,183)
w(116,13,3,183)
r(117,15,3,183)
r(248,5,3,183)
r(131,3,3,183)
w(90,11,3,183)
w(154,8,3,183)
w(140,11,3,183)
r(267,2,3,183)
r(205,4,3,183)
r(175,7,3,183)
r(288,4,3,183)
w(98,7,4,184)
r(359,3,4,184)
r(125,15,4,184)
w(353,8,4,184)
r(227,5,4,184)
r(221,7,4,184)
w(267,6,4,184)
r(92,7,4,184)
r(107,1,4,184)
r(165,2,4,184)
w(82,15,4,184)
r(121,4,4,184)
r(93,11,4,184)
r(6,2,4,184)
w(337,4,4,184)
r(246,7,4,184)
r(155,8,4,184)
r(17,8,4,184)
r(60,7,4,184)
r(51,3,4,184)
w(38,5,5,185)
w(112,11,5,185)
r(313,3,5,185)
r(176,4,5,185)
r(74,2,5,185)
w(171,12,5,185)
r(348,11,5,185)
r(121,4,5,185)
w(232,11,5,185)
r(342,7,5,185)
r(205,4,5,185)
r(89,4,5,185)
r(84,11,5,185)
r(165,2,5,185)
r(119,6,5,185)
w(172,11,5,185)
w(78,8,5,185)
w(257,11,5,185)
r(193,9,5,185)
r(244,8,5,185)
r(216,2,6,186)
w(2,12,6,186)
r(313,3,6,186)
w(94,12,6,186)
w(160,4,6,186)
w(230,17,6,186)
w(82,18,6,186)
r(347,5,6,186)
w(166,6,6,186)
w(243,4,6,186)
r(264,6,6,186)
r(95,13,6,186)
w(98,11,6,186)
r(91,11,6,186)
w(129,12,6,186)
r(130,3,6,186)
w(166,4,6,186)
r(203,13,6,186)
r(7,7,6,186)
r(355,11,6,186)
w(338,9,1,187)
w(246,7,1,187)
r(215,2,1,187)
w(1,2,1,187)
r(29,3,1,187)
r(145,3,1,187)
w(333,13,1,187)
r(300,3,1,187)
w(2,3,1,187)
r(219,5,1,187)
w(277,3,1,187)
w(299,7,1,187)
w(235,7,1,187)
r(47,9,1,187)
w(299,9,1,187)
r(239,9,1,187)
r(84,11,1,187)
w(249,11,1,187)
w(42,3,1,187)
r(121,4,1,187)
w(243,2,2,188)
w(249,6,2,188)
w(14,3,2,188)
r(27,7,2,188)
w(70,11,2,188)
r(17,11,2,188)
w(281,9,2,188)
w(143,13,2,188)
r(143,13,2,188)
r(281,9,2,188)
r(322,17,2,188)
r(242,6,2,188)
w(204,3,2,188)
w(20,9,2,188)
w(335,3,2,188)
r(266,12,2,188)
w(97,3,2,188)
w(29,3,2,188)
w(99,11,2,188)
r(335,3,2,188)
r(178,9,3,189)
r(346,13,3,189)
r(87,9,3,189)
w(86,9,3,189)
w(170,13,3,189)
r(211,9,3,189)
w(235,8,3,189)
w(9,13,3,189)
r(46,2,3,189)
r(70,11,3,189)
w(256,7,3,189)
w(157,8,3,189)
w(99,6,3,189)
w(5,12,3,189)
w(44,13,3,189)
w(106,7,3,189)
r(67,3,3,189)
w(237,9,3,189)
w(36,9,3,189)
w(339,8,3,189)
r(129,11,4,190)
r(48,11,4,190)
w(46,13,4,190)
r(295,11,4,190)
r(45,7,4,190)
w(75,12,4,190)
w(218,4,4,190)
w(21,4,4,190)
w(169,9,4,190)
w(195,13,4,190)
r(334,13,4,190)
w(347,5,4,190)
w(80,15,4,190)
w(232,13,4,190)
r(4,11,4,190)
r(62,13,4,190)
w(139,8,4,190)
w(69,8,4,190)
r(84,9,4,190)
r(204,7,4,190)
r(27,7,5,191)
w(167,12,5,191)
w(55,12,5,191)
r(295,6,5,191)
r(55,12,5,191)
r(109,4,5,191)
w(92,9,5,191)
r(215,2,5,191)
r(60,7,5,191)
w(212,4,5,191)
r(206,3,5,191)
w(315,12,5,191)
w(355,5,5,191)
r(294,12,5,191)
r(137,11,5,191)
r(123,3,5,191)
w(308,15,6,192)
w(337,14,6,192)
r(351,13,6,192)
r(21,4,6,192)
r(193,9,6,192)
w(180,12,6,192)
r(63,12,6,192)
w(197,15,6,192)
r(234,17,6,192)
w(196,5,6,192)
w(45,11,6,192)
r(69,5,6,192)
r(221,7,6,192)
w(94,5,6,192)
r(240,9,6,192)
r(119,6,6,192)
r(134,2,6,192)
r(156,2,6,192)
w(188,14,6,192)
r(21,4,6,192)
w(6,2,1,193)
r(200,13,1,193)
r(164,13,1,193)
w(290,7,1,193)
r(200,13,1,193)
r(67,3,1,193)
r(321,12,1,193)
r(221,7,1,193)
r(2,3,1,193)
w(236,7,1,193)
w(13,3,1,193)
w(179,2,1,193)
r(208,2,1,193)
r(141,13,1,193)
r(332,9,1,193)
r(316,10,1,193)
r(211,8,1,193)
w(269,3,1,193)
r(295,9,1,193)
w(171,2,1,193)
w(138,8,2,194)
r(75,7,2,194)
w(17,3,2,194)
r(96,2,2,194)
w(51,3,2,194)
w(168,7,2,194)
w(123,3,2,194)
w(258,9,2,194)
w(241,7,2,194)
w(40,9,2,194)
r(260,13,2,194)
r(26,6,2,194)
r(91,2,2,194)
r(87,9,2,194)
r(320,8,2,194)
w(341,7,2,194)
w(50,3,2,194)
r(2,13,2,194)
w(77,7,2,194)
w(192,9,2,194)
w(242,9,3,195)
r(238,7,3,195)
w(84,11,3,195)
r(108,3,3,195)
w(302,13,3,195)
w(297,3,3,195)
w(57,11,3,195)
r(68,2,3,195)
w(164,13,3,195)
w(161,11,3,195)
r(217,13,3,195)
w(122,6,3,195)
w(229,9,3,195)
r(31,7,3,195)
w(69,9,3,195)
r(337,6,3,195)
w(141,13,3,195)
r(137,2,3,195)
r(331,8,3,195)
r(44,13,3,195)
w(187,12,4,196)
r(304,5,4,196)
w(251,6,4,196)
r(298,2,4,196)
r(332,9,4,196)
w(73,11,4,196)
w(120,13,4,196)
r(165,7,4,196)
r(119,6,4,196)
r(335,8,4,196)
w(263,9,4,196)
r(332,9,4,196)
r(64,4,4,196)
w(327,9,4,196)
w(354,11,4,196)
r(259,6,4,196)
w(264,6,4,196)
w(203,13,4,196)
w(29,6,4,196)
w(107,7,4,196)
w(63,5,5,197)
w(221,12,5,197)
w(35,6,5,197)
w(33,5,5,197)
r(90,11,5,197)
w(3,4,5,197)
r(336,2,5,197)
r(271,8,5,197)
r(153,11,5,197)
r(357,12,5,197)
w(220,5,5,197)
r(18,11,5,197)
r(339,13,5,197)
w(174,6,5,197)
r(35,6,5,197)
r(135,11,5,197)
r(351,13,5,197)
w(106,4,5,197)
w(85,14,5,197)
w(266,14,6,198)
r(207,11,6,198)
w(296,8,6,198)
w(146,5,6,198)
w(6,4,6,198)
r(220,4,6,198)
w(4,6,6,198)
w(237,12,6,198)
w(296,6,6,198)
w(305,12,6,198)
w(357,5,6,198)
w(84,14,6,198)
w(81,5,6,198)
r(60,7,6,198)
w(65,15,6,198)
w(126,9,6,198)
r(68,6,6,198)
w(83,8,6,198)
w(295,5,6,198)
w(74,9,6,198)
r(194,8,1,199)
r(84,9,1,199)
w(78,2,1,199)
r(357,12,1,199)
r(320,6,1,199)
w(265,2,1,199)
w(337,7,1,199)
r(346,11,1,199)
w(113,3,1,199)
r(338,9,1,199)
r(161,11,1,199)
r(213,9,1,199)
w(62,7,1,199)
w(44,2,1,199)
r(157,9,1,199)
r(47,9,1,199)
r(24,11,1,199)
r(207,11,1,199)
r(32,9,1,199)
r(12,12,1,199)
w(52,3,2,200)
w(264,9,2,200)
r(254,9,2,200)
w(62,13,2,200)
r(242,6,2,200)
r(90,7,2,200)
r(325,3,2,200)
r(112,9,2,200)
r(312,3,2,200)
w(223,13,2,200)
w(115,13,2,200)
w(18,3,2,200)
w(72,3,2,200)
w(38,7,2,200)
w(215,7,2,200)
w(169,3,2,200)
w(283,9,2,200)
w(77,9,2,200)
w(78,7,2,200)
r(216,2,2,200)
w(313,9,3,201)
w(248,6,3,201)
w(143,4,3,201)
r(254,9,3,201)
r(231,12,3,201)
r(198,3,3,201)
w(327,7,3,201)
r(285,13,3,201)
r(19,3,3,201)
r(308,2,3,201)
r(28,5,3,201)
w(211,8,3,201)
r(345,4,3,201)
r(74,1,3,201)
r(2,2,3,201)
w(257,7,3,201)
w(338,8,3,201)
w(333,4,3,201)
w(358,11,3,201)
w(244,8,3,201)
w(110,6,4,202)
w(190,11,4,202)
w(227,15,4,202)
r(17,7,4,202)
w(350,8,4,202)
r(339,11,4,202)
w(37,10,4,202)
w(63,8,4,202)
r(192,6,4,202)
w(214,9,4,202)
r(15,7,4,202)
r(272,5,4,202)
r(1,5,4,202)
w(278,13,4,202)
w(267,4,4,202)
w(19,14,4,202)
r(89,4,4,202)
w(326,9,4,202)
w(286,10,4,202)
w(249,15,4,202)
w(79,13,5,203)
r(1,5,5,203)
w(69,5,5,203)
w(87,4,5,203)
w(205,12,5,203)
r(245,8,5,203)
r(336,2,5,203)
r(206,3,5,203)
r(47,9,5,203)
w(91,11,5,203)
w(272,5,5,203)
r(281,6,5,203)
w(59,16,5,203)
r(351,13,5,203)
r(288,11,5,203)
r(134,2,5,203)
w(41,13,5,203)
r(63,12,5,203)
w(317,8,5,203)
r(252,2,5,203)
r(204,7,6,204)
w(61,8,6,204)
r(115,13,6,204)
w(317,12,6,204)
w(354,4,6,204)
w(260,18,6,204)
w(63,15,6,204)
w(15,11,6,204)
w(299,14,6,204)
r(193,9,6,204)
r(43,7,6,204)
w(351,8,6,204)
r(174,7,6,204)
w(15,8,6,204)
w(42,12,6,204)
r(64,4,6,204)
w(142,14,6,204)
w(194,5,6,204)
r(297,3,6,204)
w(13,6,6,204)
w(99,3,1,205)
w(360,7,1,205)
r(213,9,1,205)
w(104,2,1,205)
w(34,3,1,205)
r(146,11,1,205)
w(308,3,1,205)
r(357,12,1,205)
r(128,3,1,205)
w(71,3,1,205)
r(328,8,1,205)
w(25,7,1,205)
w(278,2,1,205)
w(336,2,1,205)
w(236,9,1,205)
w(118,3,1,205)
r(122,12,1,205)
r(39,8,1,205)
w(294,3,1,205)
r(322,17,1,205)
w(359,3,2,206)
w(172,3,2,206)
r(92,7,2,206)
w(82,4,2,206)
w(82,12,2,206)
w(76,7,2,206)
w(221,7,2,206)
w(187,9,2,206)
w(86,3,2,206)
w(284,13,2,206)
w(306,3,2,206)
w(305,9,2,206)
w(96,9,2,206)
w(148,9,2,206)
r(15,13,2,206)
w(286,8,2,206)
w(218,7,2,206)
w(347,13,2,206)
w(167,7,2,206)
w(173,13,2,206)
w(150,13,3,207)
r(189,8,3,207)
r(262,8,3,207)
w(225,9,3,207)
w(70,15,3,207)
w(262,13,3,207)
w(2,11,3,207)
w(319,7,3,207)
r(130,3,3,207)
r(310,3,3,207)
r(7,7,3,207)
r(166,3,3,207)
r(281,6,3,207)
r(129,11,3,207)
r(204,7,3,207)
r(257,7,3,207)
w(59,11,3,207)
r(281,6,3,207)
r(244,8,3,207)
r(119,6,3,207)
w(307,8,4,208)
w(84,12,4,208)
r(330,4,4,208)
r(245,8,4,208)
w(275,8,4,208)
w(222,8,4,208)
r(202,9,4,208)
w(29,4,4,208)
r(158,9,4,208)
w(137,8,4,208)
w(346,8,4,208)
w(355,12,4,208)
r(307,8,4,208)
w(154,12,4,208)
w(105,11,4,208)
w(52,6,4,208)
r(322,17,4,208)
r(315,9,4,208)
r(317,8,4,208)
r(6,11,4,208)
r(97,7,5,209)
r(74,2,5,209)
w(292,8,5,209)
w(138,10,5,209)
r(306,3,5,209)
w(258,17,5,209)
r(256,9,5,209)
w(236,6,5,209)
w(112,8,5,209)
r(80,15,5,209)
w(279,8,5,209)
r(70,15,5,209)
r(351,13,5,209)
w(282,8,5,209)
w(50,6,5,209)
w(46,8,5,209)
w(31,11,5,209)
w(50,4,5,209)
w(347,14,5,209)
w(123,13,5,209)
r(209,2,6,210)
r(123,13,6,210)
r(21,4,6,210)
w(109,14,6,210)
r(265,7,6,210)
w(282,12,6,210)
r(229,2,6,210)
w(53,8,6,210)
r(203,13,6,210)
w(115,15,6,210)
w(93,12,6,210)
r(146,5,6,210)
r(27,2,6,210)
r(290,7,6,210)
w(204,4,6,210)
w(168,5,6,210)
r(356,7,6,210)
w(29,14,6,210)
w(154,17,6,210)
w(39,10,6,210)
r(182,7,1,211)
w(30,7,1,211)
r(29,6,1,211)
r(98,7,1,211)
w(355,13,1,211)
w(57,7,1,211)
w(294,7,1,211)
r(216,2,1,211)
w(33,3,1,211)
w(355,11,1,211)
r(143,11,1,211)
w(173,7,1,211)
r(321,12,1,211)
r(11,2,1,211)
r(23,13,1,211)
r(313,3,1,211)
r(100,17,1,211)
r(360,7,1,211)
w(156,2,1,211)
r(217,7,1,211)
r(153,11,2,212)
r(63,12,2,212)
w(166,9,2,212)
w(310,3,2,212)
w(149,3,2,212)
r(298,2,2,212)
r(43,3,2,212)
w(147,9,2,212)
r(166,9,2,212)
r(55,4,2,212)
w(213,3,2,212)
w(223,11,2,212)
w(290,13,2,212)
r(268,9,2,212)
r(287,3,2,212)
r(228,3,2,212)
r(124,8,2,212)
r(264,9,2,212)
w(30,11,2,212)
w(355,4,2,212)
w(195,7,3,213)
r(178,8,3,213)
r(307,13,3,213)
w(251,11,3,213)
r(124,8,3,213)
w(103,11,3,213)
w(188,4,3,213)
w(312,7,3,213)
r(146,7,3,213)
w(197,11,3,213)
r(257,7,3,213)
w(58,13,3,213)
w(267,9,3,213)
r(312,7,3,213)
r(218,7,3,213)
r(185,8,3,213)
r(156,10,3,213)
w(54,12,3,213)
w(293,13,3,213)
r(204,7,3,213)
r(193,9,4,214)
w(259,11,4,214)
w(51,8,4,214)
w(329,12,4,214)
w(341,8,4,214)
r(21,4,4,214)
w(106,13,4,214)
w(315,6,4,214)
r(250,4,4,214)
w(266,4,4,214)
w(326,13,4,214)
w(157,10,4,214)
w(179,11,4,214)
r(44,2,4,214)
w(116,12,4,214)
w(272,6,4,214)
r(266,4,4,214)
w(85,5,4,214)
w(66,12,4,214)
w(301,11,4,214)
r(334,13,5,215)
w(82,17,5,215)
r(22,7,5,215)
w(20,6,5,215)
r(143,11,5,215)
w(294,5,5,215)
r(268,9,5,215)
r(235,5,5,215)
w(34,5,5,215)
r(249,5,5,215)
w(37,17,5,215)
r(220,4,5,215)
w(213,11,5,215)
r(228,13,5,215)
r(5,9,5,215)
r(28,13,5,215)
w(15,7,5,215)
r(349,2,5,215)
r(224,7,5,215)
r(29,6,5,215)
w(14,6,6,216)
w(65,10,6,216)
r(22,7,6,216)
w(160,12,6,216)
w(198,11,6,216)
r(12,12,6,216)
r(63,15,6,216)
r(53,8,6,216)
r(246,11,6,216)
r(115,15,6,216)
w(25,5,6,216)
r(176,6,6,216)
w(207,4,6,216)
w(198,8,6,216)
w(80,20,6,216)
w(187,15,6,216)
w(125,10,6,216)
w(133,12,6,216)
r(305,12,6,216)
w(354,12,6,216)
r(241,7,1,217)
w(276,7,1,217)
r(211,8,1,217)
w(316,3,1,217)
w(76,3,1,217)
w(300,7,1,217)
r(313,3,1,217)
r(53,2,1,217)
w(251,3,1,217)
w(288,2,1,217)
r(318,6,1,217)
w(257,2,1,217)
r(349,2,1,217)
w(57,9,1,217)
w(65,3,1,217)
w(293,7,1,217)
w(205,9,1,217)
w(293,9,1,217)
w(139,2,1,217)
r(197,11,1,217)
r(6,8,2,218)
w(49,9,2,218)
w(250,2,2,218)
w(218,9,2,218)
w(228,9,2,218)
w(269,9,2,218)
w(284,11,2,218)
w(164,7,2,218)
r(76,7,2,218)
w(227,13,2,218)
w(151,7,2,218)
w(353,7,2,218)
w(197,9,2,218)
r(128,3,2,218)
r(238,7,2,218)
r(39,8,2,218)
r(229,6,2,218)
r(312,7,3,219)
w(275,13,3,219)
r(52,3,3,219)
r(4,11,3,219)
r(360,9,3,219)
w(42,9,3,219)
r(132,1,3,219)
r(311,13,3,219)
r(324,6,3,219)
w(75,11,3,219)
w(163,7,3,219)
r(132,1,3,219)
w(127,9,3,219)
w(146,11,3,219)
w(48,11,3,219)
r(109,4,3,219)
r(231,12,3,219)
r(184,13,3,219)
w(61,3,3,219)
w(295,11,3,219)
w(217,9,4,220)
w(201,11,4,220)
r(90,11,4,220)
w(227,10,4,220)
r(228,13,4,220)
w(54,10,4,220)
w(47,4,4,220)
w(62,4,4,220)
r(14,6,4,220)
r(299,12,4,220)
r(181,5,4,220)
r(85,17,4,220)
r(300,9,4,220)
r(162,7,4,220)
w(9,11,4,220)
r(137,8,4,220)
w(302,12,4,220)
w(331,9,4,220)
w(6,3,4,220)
r(288,2,4,220)
w(190,4,5,221)
w(330,4,5,221)
w(299,5,5,221)
w(67,6,5,221)
w(271,6,5,221)
w(256,13,5,221)
r(327,9,5,221)
r(189,8,5,221)
r(123,13,5,221)
w(11,9,5,221)
w(128,6,5,221)
w(169,13,5,221)
w(53,13,5,221)
r(189,8,5,221)
w(6,11,5,221)
r(225,9,5,221)
r(132,1,5,221)
w(208,11,5,221)
r(316,3,5,221)
r(245,8,5,221)
w(335,4,6,222)
w(285,6,6,222)
w(231,15,6,222)
w(269,15,6,222)
w(30,15,6,222)
w(138,14,6,222)
r(40,8,6,222)
r(276,7,6,222)
w(141,12,6,222)
w(311,5,6,222)
r(54,12,6,222)
r(311,5,6,222)
w(13,4,6,222)
r(350,6,6,222)
w(343,12,6,222)
w(274,10,6,222)
w(208,4,6,222)
r(294,5,6,222)
r(234,7,6,222)
r(26,15,6,222)
r(207,11,1,223)
r(308,3,1,223)
w(300,9,1,223)
r(45,7,1,223)
w(251,7,1,223)
w(43,7,1,223)
r(175,13,1,223)
w(135,2,1,223)
r(246,11,1,223)
w(128,7,1,223)
w(80,3,1,223)
r(270,7,1,223)
r(147,9,1,223)
r(198,3,1,223)
r(135,2,1,223)
w(286,9,1,223)
w(173,9,1,223)
r(355,11,1,223)
w(111,2,1,223)
w(315,9,1,223)
r(199,13,2,224)
w(228,13,2,224)
r(79,9,2,224)
w(110,11,2,224)
w(204,7,2,224)
r(71,4,2,224)
w(73,3,2,224)
w(28,13,2,224)
r(11,2,2,224)
r(13,9,2,224)
w(336,7,2,224)
r(54,13,2,224)
w(360,9,2,224)
r(283,8,2,224)
w(339,13,2,224)
w(352,13,2,224)
r(62,13,2,224)
w(86,7,2,224)
r(184,13,2,224)
w(180,7,2,224)
w(274,11,3,225)
r(319,7,3,225)
r(106,7,3,225)
r(327,9,3,225)
r(190,7,3,225)
r(12,12,3,225)
w(101,9,3,225)
r(94,12,3,225)
w(71,7,3,225)
w(320,3,3,225)
r(352,13,3,225)
r(272,5,3,225)
r(342,9,3,225)
r(344,9,3,225)
r(259,6,3,225)
w(8,9,3,225)
w(278,7,3,225)
r(48,11,3,225)
w(247,8,3,225)
r(143,11,3,225)
r(280,3,4,226)
r(169,11,4,226)
w(302,5,4,226)
w(329,5,4,226)
r(324,12,4,226)
r(328,8,4,226)
w(82,10,4,226)
w(318,9,4,226)
r(66,11,4,226)
w(199,8,4,226)
r(109,8,4,226)
r(213,6,4,226)
w(68,7,4,226)
w(107,9,4,226)
w(288,13,4,226)
w(124,13,4,226)
r(302,5,4,226)
r(69,5,4,226)
w(142,4,4,226)
r(285,6,4,226)
r(180,12,5,227)
w(219,6,5,227)
w(117,6,5,227)
w(187,5,5,227)
r(265,2,5,227)
r(360,7,5,227)
w(324,17,5,227)
r(208,11,5,227)
r(72,9,5,227)
r(311,13,5,227)
r(43,7,5,227)
r(309,8,5,227)
r(193,9,5,227)
r(126,3,5,227)
r(258,13,5,227)
r(185,8,5,227)
w(238,11,5,227)
w(192,4,5,227)
w(181,5,5,227)
w(322,10,5,227)
r(332,9,6,228)
w(75,15,6,228)
w(14,4,6,228)
w(117,10,6,228)
w(234,16,6,228)
w(144,8,6,228)
r(220,4,6,228)
w(64,12,6,228)
w(212,5,6,228)
r(53,8,6,228)
w(107,8,6,228)
r(39,12,6,228)
w(348,12,6,228)
w(172,6,6,228)
r(117,10,6,228)
r(287,4,6,228)
w(327,12,6,228)
r(267,12,6,228)
w(325,13,6,228)
r(187,15,6,228)
w(295,2,1,229)
r(180,12,1,229)
r(141,13,1,229)
r(265,2,1,229)
r(139,2,1,229)
r(261,9,1,229)
r(312,7,1,229)
w(57,13,1,229)
r(317,8,1,229)
w(268,7,1,229)
r(315,9,1,229)
r(7,7,1,229)
r(110,8,1,229)
w(121,7,1,229)
w(198,2,1,229)
w(244,3,1,229)
w(324,13,1,229)
w(233,3,1,229)
r(187,12,1,229)
r(40,11,1,229)
r(76,7,2,230)
r(323,3,2,230)
r(264,9,2,230)
w(21,13,2,230)
w(292,2,2,230)
w(324,6,2,230)
r(245,8,2,230)
w(56,3,2,230)
r(280,11,2,230)
w(299,13,2,230)
w(34,7,2,230)
r(269,6,2,230)
r(230,10,2,230)
r(8,7,2,230)
r(199,13,2,230)
r(226,3,2,230)
w(157,9,2,230)
r(102,2,2,230)
r(38,7,2,230)
r(75,4,2,230)
w(342,6,3,231)
r(288,2,3,231)
w(17,7,3,231)
w(209,7,3,231)
w(348,9,3,231)
w(91,7,3,231)
w(205,6,3,231)
w(52,11,3,231)
r(207,11,3,231)
r(87,4,3,231)
r(335,8,3,231)
r(268,9,3,231)
r(147,9,3,231)
w(210,13,3,231)
r(30,7,3,231)
w(79,3,3,231)
r(274,11,3,231)
w(2,8,3,231)
w(96,11,3,231)
r(190,7,3,231)
r(281,6,4,232)
w(24,8,4,232)
w(242,8,4,232)
r(69,15,4,232)
r(253,13,4,232)
r(120,11,4,232)
r(104,9,4,232)
w(99,5,4,232)
r(116,12,4,232)
r(314,7,4,232)
w(164,11,4,232)
w(332,11,4,232)
w(24,6,4,232)
w(297,13,4,232)
w(107,13,4,232)
r(266,15,4,232)
r(35,4,4,232)
w(165,11,4,232)
w(331,13,4,232)
w(338,6,4,232)
r(66,12,5,233)
r(62,10,5,233)
w(186,4,5,233)
w(262,4,5,233)
r(80,3,5,233)
w(65,5,5,233)
r(276,7,5,233)
r(233,11,5,233)
r(318,6,5,233)
r(77,2,5,233)
r(78,2,5,233)
w(44,11,5,233)
r(251,7,5,233)
r(42,9,5,233)
r(286,6,5,233)
r(357,5,5,233)
w(303,13,5,233)
w(24,15,5,233)
r(79,3,5,233)
r(325,3,5,233)
r(11,3,6,234)
r(6,3,6,234)
r(161,11,6,234)
w(183,4,6,234)
w(137,5,6,234)
w(79,6,6,234)
w(247,15,6,234)
w(101,5,6,234)
w(76,17,6,234)
w(51,4,6,234)
w(78,12,6,234)
w(342,15,6,234)
r(65,10,6,234)
r(13,13,6,234)
r(153,7,6,234)
r(146,5,6,234)
r(317,12,6,234)
r(131,3,6,234)
w(319,11,6,234)
r(332,9,6,234)
r(90,11,1,235)
w(212,7,1,235)
w(119,3,1,235)
w(229,2,1,235)
r(147,9,1,235)
w(107,3,1,235)
r(139,2,1,235)
r(302,13,1,235)
r(205,6,1,235)
w(11,3,1,235)
w(157,3,1,235)
w(239,3,1,235)
r(122,12,1,235)
r(27,7,1,235)
w(234,7,1,235)
w(338,13,1,235)
r(21,4,1,235)
r(346,11,1,235)
w(175,9,1,235)
w(253,13,1,235)
w(219,9,2,236)
r(241,7,2,236)
r(94,13,2,236)
r(347,12,2,236)
w(330,7,2,236)
w(46,3,2,236)
r(33,4,2,236)
w(183,9,2,236)
w(189,8,2,236)
r(166,3,2,236)
r(35,2,2,236)
w(342,7,2,236)
r(111,4,2,236)
w(113,7,2,236)
w(143,11,2,236)
w(74,2,2,236)
r(265,3,2,236)
w(356,7,2,236)
r(245,8,2,236)
r(313,9,2,236)
r(189,8,3,237)
r(307,2,3,237)
w(359,6,3,237)
r(73,11,3,237)
w(180,13,3,237)
r(48,11,3,237)
w(34,13,3,237)
w(37,12,3,237)
w(31,9,3,237)
w(299,12,3,237)
w(157,6,3,237)
r(245,8,3,237)
w(85,8,3,237)
r(255,2,3,237)
w(225,8,3,237)
r(160,4,3,237)
w(165,13,3,237)
r(187,5,3,237)
w(224,9,3,237)
r(304,5,3,237)
w(222,6,4,238)
w(55,8,4,238)
r(23,12,4,238)
r(16,9,4,238)
w(270,12,4,238)
r(303,13,4,238)
r(321,12,4,238)
r(279,12,4,238)
r(3,12,4,238)
w(193,11,4,238)
r(298,9,4,238)
w(95,8,4,238)
r(84,3,4,238)
w(161,4,4,238)
r(294,5,4,238)
w(135,13,4,238)
r(347,16,4,238)
w(49,6,4,238)
r(106,10,4,238)
w(226,6,4,238)
r(160,4,5,239)
w(267,12,5,239)
w(346,5,5,239)
w(265,7,5,239)
r(191,7,5,239)
r(298,2,5,239)
w(178,6,5,239)
w(87,12,5,239)
r(273,9,5,239)
r(63,15,5,239)
w(26,5,5,239)
r(256,3,5,239)
r(3,3,5,239)
w(28,15,5,239)
w(108,10,5,239)
r(59,16,5,239)
w(68,11,5,239)
r(130,3,5,239)
r(314,12,5,239)
r(301,11,5,239)
w(123,11,6,240)
r(195,13,6,240)
w(93,5,6,240)
w(173,5,6,240)
r(50,9,6,240)
w(3,12,6,240)
w(27,5,6,240)
w(341,10,6,240)
r(144,8,6,240)
r(207,4,6,240)
r(330,8,6,240)
r(359,6,6,240)
w(201,12,6,240)
w(211,10,6,240)
w(346,10,6,240)
w(347,17,6,240)
r(324,12,6,240)
r(253,13,6,240)
w(338,15,6,240)
r(286,6,6,240)
r(317,8,1,241)
r(153,11,1,241)
r(101,9,1,241)
w(303,3,1,241)
w(242,2,1,241)
w(307,2,1,241)
r(1,5,1,241)
w(135,3,1,241)
w(311,3,1,241)
r(155,8,1,241)
w(354,2,1,241)
r(46,8,1,241)
r(73,11,1,241)
r(301,9,1,241)
r(305,12,1,241)
w(154,3,1,241)
w(355,8,1,241)
w(27,2,1,241)
r(119,3,1,241)
w(82,7,1,241)
r(291,13,2,242)
r(285,13,2,242)
r(38,7,2,242)
r(204,7,2,242)
w(313,3,2,242)
r(2,11,2,242)
r(7,7,2,242)
r(195,3,2,242)
r(198,3,2,242)
r(356,7,2,242)
r(110,11,2,242)
r(49,5,2,242)
r(261,4,2,242)
r(194,8,2,242)
r(107,1,2,242)
r(39,8,2,242)
w(33,8,2,242)
r(76,15,2,242)
r(316,10,2,242)
r(277,3,2,242)
r(254,8,3,243)
w(309,13,3,243)
r(347,14,3,243)
r(209,2,3,243)
w(295,8,3,243)
r(45,11,3,243)
r(190,11,3,243)
r(88,9,3,243)
r(122,12,3,243)
w(27,9,3,243)
r(51,8,3,243)
r(300,9,3,243)
r(279,8,3,243)
w(167,11,3,243)
w(106,9,3,243)
r(320,10,3,243)
r(290,7,3,243)
r(202,9,3,243)
w(234,6,3,243)
r(311,5,3,243)
w(84,5,4,244)
r(190,9,4,244)
r(55,8,4,244)
w(132,2,4,244)
w(73,8,4,244)
w(246,8,4,244)
r(230,7,4,244)
w(61,7,4,244)
r(286,17,4,244)
w(80,10,4,244)
r(268,7,4,244)
r(6,12,4,244)
r(145,3,4,244)
w(346,4,4,244)
r(5,9,4,244)
r(133,15,4,244)
r(10,4,4,244)
w(314,4,4,244)
r(217,9,4,244)
w(64,11,4,244)
r(10,9,5,245)
r(190,11,5,245)
r(161,11,5,245)
w(213,8,5,245)
r(89,4,5,245)
r(160,4,5,245)
r(19,14,5,245)
w(26,15,5,245)
w(148,12,5,245)
w(278,8,5,245)
w(44,8,5,245)
w(215,15,5,245)
r(101,9,5,245)
w(85,17,5,245)
r(279,8,5,245)
w(58,4,5,245)
r(32,9,5,245)
w(117,4,5,245)
w(272,15,5,245)
r(22,7,5,245)
r(313,3,6,246)
r(144,8,6,246)
r(44,8,6,246)
r(206,7,6,246)
r(42,12,6,246)
r(176,6,6,246)
w(251,5,6,246)
r(246,4,6,246)
r(359,6,6,246)
r(13,13,6,246)
r(287,4,6,246)
r(154,15,6,246)
r(106,13,1,247)
w(3,3,1,247)
r(349,2,1,247)
r(93,11,1,247)
r(29,4,1,247)
w(309,3,1,247)
w(49,2,1,247)
w(345,3,1,247)
r(282,8,1,247)
r(135,3,1,247)
r(93,11,1,247)
r(89,4,1,247)
r(115,13,1,247)
r(118,3,1,247)
w(283,2,1,247)
r(80,3,1,247)
r(31,11,1,247)
w(267,3,1,247)
w(277,7,1,247)
w(316,7,1,247)
w(246,11,2,248)
w(84,9,2,248)
r(210,6,2,248)
r(359,3,2,248)
r(137,11,2,248)
w(301,9,2,248)
w(5,9,2,248)
r(330,7,2,248)
r(110,11,2,248)
r(32,9,2,248)
w(190,7,2,248)
w(144,3,2,248)
w(168,9,2,248)
w(116,9,2,248)
r(110,11,2,248)
w(274,9,2,248)
w(305,13,2,248)
w(85,13,2,248)
r(97,3,2,248)
w(175,13,2,248)
r(225,8,3,249)
w(266,8,3,249)
w(193,13,3,249)
w(55,11,3,249)
w(236,8,3,249)
w(13,13,3,249)
w(124,7,3,249)
r(11,3,3,249)
w(8,13,3,249)
w(330,8,3,249)
w(59,6,3,249)
w(341,11,3,249)
r(142,14,3,249)
r(198,8,3,249)
r(103,11,3,249)
r(308,15,3,249)
r(229,2,3,249)
w(34,11,3,249)
r(225,8,3,249)
w(148,8,3,249)
r(10,4,4,250)
r(173,5,4,250)
w(133,8,4,250)
w(161,12,4,250)
r(15,8,4,250)
w(39,6,4,250)
w(138,12,4,250)
r(161,12,4,250)
w(71,9,4,250)
r(176,6,4,250)
r(251,7,4,250)
r(188,9,4,250)
r(49,14,4,250)
r(307,7,4,250)
w(201,8,4,250)
w(310,8,4,250)
w(183,11,4,250)
r(155,3,4,250)
r(358,9,4,250)
r(240,7,4,250)
r(4,6,5,251)
w(358,10,5,251)
w(189,15,5,251)
r(36,13,5,251)
r(21,4,5,251)
w(320,10,5,251)
r(132,1,5,251)
r(319,7,5,251)
w(106,12,5,251)
r(223,3,5,251)
w(173,6,5,251)
w(141,6,5,251)
w(273,11,5,251)
w(169,11,5,251)
w(218,15,5,251)
r(158,9,5,251)
r(57,13,5,251)
w(157,14,5,251)
r(170,13,5,251)
w(176,6,5,251)
r(335,4,6,252)
w(6,12,6,252)
w(235,15,6,252)
w(195,8,6,252)
w(23,12,6,252)
r(64,12,6,252)
w(162,8,6,252)
r(291,3,6,252)
w(10,4,6,252)
w(106,10,6,252)
w(214,8,6,252)
w(209,4,6,252)
w(347,16,6,252)
w(219,15,6,252)
r(145,3,6,252)
r(235,15,6,252)
w(57,15,6,252)
r(293,4,6,252)
r(213,6,6,252)
r(54,8,6,252)
w(312,2,1,253)
r(36,13,1,253)
r(198,2,1,253)
r(186,4,1,253)
w(33,7,1,253)
w(25,9,1,253)
w(280,2,1,253)
r(285,13,1,253)
r(42,12,1,253)
r(15,8,1,253)
w(84,3,1,253)
w(329,9,1,253)
w(206,7,1,253)
r(58,4,1,253)
w(291,3,1,253)
r(239,3,1,253)
w(272,7,1,253)
r(194,13,1,253)
r(89,4,1,253)
w(298,7,1,253)
r(83,11,2,254)
r(153,11,2,254)
w(69,3,2,254)
r(30,12,2,254)
w(113,9,2,254)
r(50,11,2,254)
r(300,3,2,254)
w(23,13,2,254)
w(76,9,2,254)
r(116,9,2,254)
w(82,5,2,254)
w(16,7,2,254)
r(244,8,2,254)
w(337,8,2,254)
r(180,7,2,254)
w(59,9,2,254)
r(178,8,2,254)
w(165,7,2,254)
r(294,12,2,254)
w(226,11,2,254)
r(159,7,3,255)
r(234,16,3,255)
r(102,3,3,255)
r(297,6,3,255)
w(157,4,3,255)
w(19,15,3,255)
w(231,8,3,255)
r(123,13,3,255)
w(352,6,3,255)
w(190,9,3,255)
w(215,8,3,255)
r(221,13,3,255)
r(286,6,3,255)
w(66,11,3,255)
r(325,13,3,255)
w(320,7,3,255)
w(184,7,3,255)
r(179,11,3,255)
w(221,8,3,255)
r(37,16,3,255)
r(202,9,4,256)
r(6,12,4,256)
w(127,8,4,256)
r(292,3,4,256)
r(359,6,4,256)
w(3,6,4,256)
r(146,5,4,256)
w(61,9,4,256)
r(302,5,4,256)
w(161,5,4,256)
w(33,12,4,256)
r(237,12,4,256)
r(153,7,4,256)
w(199,6,4,256)
r(290,7,4,256)
w(110,4,4,256)
r(327,8,4,256)
w(294,8,4,256)
r(114,9,4,256)
w(136,6,4,256)
w(2,4,5,257)
w(40,8,5,257)
r(331,6,5,257)
w(213,6,5,257)
w(343,8,5,257)
w(265,9,5,257)
r(281,6,5,257)
w(293,4,5,257)
r(146,5,5,257)
w(350,6,5,257)
w(227,14,5,257)
r(113,13,5,257)
w(37,16,5,257)
w(167,5,5,257)
r(30,7,5,257)
r(178,6,5,257)
w(152,13,5,257)
r(230,17,5,257)
w(249,14,5,257)
r(22,7,5,257)
r(138,13,6,258)
r(195,8,6,258)
w(109,17,6,258)
w(19,18,6,258)
w(85,16,6,258)
r(254,13,6,258)
r(81,5,6,258)
w(42,5,6,258)
r(185,8,6,258)
w(215,10,6,258)
w(97,4,6,258)
w(134,6,6,258)
r(260,18,6,258)
r(223,8,6,258)
w(172,4,6,258)
w(288,12,6,258)
w(151,12,6,258)
r(129,7,6,258)
w(83,4,6,258)
r(290,7,6,258)
r(233,11,1,259)
w(121,9,1,259)
r(63,15,1,259)
w(141,2,1,259)
r(141,2,1,259)
r(261,9,1,259)
w(13,7,1,259)
r(239,3,1,259)
r(339,11,1,259)
r(138,14,1,259)
r(22,11,1,259)
w(138,13,1,259)
w(197,3,1,259)
r(74,9,1,259)
w(252,3,1,259)
w(331,7,1,259)
w(280,3,1,259)
r(26,15,1,259)
r(257,2,1,259)
w(91,3,1,259)
w(16,9,2,260)
w(24,7,2,260)
r(252,2,2,260)
w(9,3,2,260)
w(261,9,2,260)
w(97,7,2,260)
r(150,13,2,260)
r(277,3,2,260)
r(161,11,2,260)
r(263,9,2,260)
r(51,6,2,260)
w(270,7,2,260)
w(113,13,2,260)
r(70,15,2,260)
r(8,7,2,260)
w(231,9,2,260)
w(342,9,2,260)
r(145,3,2,260)
w(156,3,2,260)
r(144,3,2,260)
w(334,9,3,261)
w(360,13,3,261)
r(227,11,3,261)
r(281,6,3,261)
w(125,8,3,261)
r(190,9,3,261)
r(206,7,3,261)
w(243,9,3,261)
r(76,17,3,261)
r(252,3,3,261)
r(332,9,3,261)
r(98,11,3,261)
w(81,7,3,261)
r(286,6,3,261)
r(286,6,3,261)
r(243,9,3,261)
w(228,6,3,261)
w(19,10,3,261)
r(327,8,4,262)
r(153,7,4,262)
r(225,6,4,262)
r(244,7,4,262)
w(22,9,4,262)
w(203,11,4,262)
r(216,2,4,262)
w(360,11,4,262)
r(301,11,4,262)
r(208,4,4,262)
w(296,11,4,262)
r(184,7,4,262)
r(148,8,4,262)
w(125,12,4,262)
w(301,8,4,262)
r(99,9,4,262)
r(185,8,4,262)
w(190,8,4,262)
w(54,14,4,262)
r(123,11,4,262)
r(94,5,5,263)
r(319,7,5,263)
r(268,7,5,263)
w(71,11,5,263)
w(22,11,5,263)
r(179,11,5,263)
w(153,7,5,263)
r(99,3,5,263)
r(162,7,5,263)
w(311,4,5,263)
r(195,13,5,263)
r(329,9,5,263)
r(308,15,5,263)
r(103,11,5,263)
w(246,4,5,263)
r(333,13,5,263)
r(31,9,5,263)
w(61,11,5,263)
r(313,3,5,263)
r(162,7,5,263)
w(187,10,6,264)
r(228,15,6,264)
w(79,4,6,264)
r(331,13,6,264)
r(315,6,6,264)
r(144,8,6,264)
w(281,12,6,264)
r(77,2,6,264)
r(142,4,6,264)
r(351,8,6,264)
r(233,11,6,264)
r(272,9,6,264)
w(74,13,6,264)
r(95,4,6,264)
w(65,14,6,264)
r(141,2,6,264)
w(252,6,6,264)
r(322,4,6,264)
r(355,8,6,264)
w(274,14,6,264)
w(96,3,1,265)
r(227,10,1,265)
r(11,3,1,265)
r(136,9,1,265)
w(119,7,1,265)
r(288,2,1,265)
w(315,13,1,265)
r(59,6,1,265)
r(208,4,1,265)
w(187,3,1,265)
r(18,11,1,265)
w(358,7,2,266)
w(47,13,2,266)
r(97,7,2,266)
r(172,11,2,266)
r(156,2,2,266)
r(51,6,2,266)
r(80,15,2,266)
r(304,5,2,266)
r(181,9,2,266)
w(104,9,2,266)
r(32,9,2,266)
w(133,9,2,266)
w(255,2,2,266)
w(2,7,2,266)
r(84,9,2,266)
r(233,6,2,266)
w(266,13,2,266)
r(262,13,2,266)
w(121,13,2,266)
w(146,9,2,266)
w(42,13,3,267)
w(220,8,3,267)
r(357,5,3,267)
w(28,8,3,267)
r(253,13,3,267)
w(212,11,3,267)
r(159,7,3,267)
w(65,8,3,267)
w(67,11,3,267)
r(349,2,3,267)
w(283,13,3,267)
r(161,7,3,267)
r(219,15,3,267)
w(204,9,3,267)
w(54,5,3,267)
r(78,12,3,267)
r(86,7,3,267)
r(31,9,3,267)
w(220,6,3,267)
r(21,11,3,267)
r(115,15,4,268)
w(179,8,4,268)
r(27,5,4,268)
r(66,11,4,268)
r(157,17,4,268)
r(87,12,4,268)
r(128,6,4,268)
w(12,6,4,268)
w(14,13,4,268)
w(122,4,4,268)
r(249,8,4,268)
w(19,17,4,268)
r(159,7,4,268)
w(218,12,4,268)
w(358,5,4,268)
r(360,11,4,268)
w(95,6,4,268)
r(176,6,4,268)
w(194,6,4,268)
w(63,6,4,268)
r(71,11,5,269)
w(337,5,5,269)
w(353,6,5,269)
w(20,4,5,269)
w(297,8,5,269)
w(316,5,5,269)
r(242,2,5,269)
w(356,5,5,269)
w(58,12,5,269)
w(227,17,5,269)
r(258,13,5,269)
w(39,12,5,269)
r(307,2,5,269)
r(232,13,5,269)
r(284,5,5,269)
r(124,8,5,269)
r(222,8,5,269)
r(24,15,5,269)
w(197,4,5,269)
w(95,4,5,269)
r(323,3,6,270)
r(177,13,6,270)
w(133,5,6,270)
w(279,12,6,270)
w(209,12,6,270)
r(323,3,6,270)
w(189,14,6,270)
w(147,8,6,270)
r(223,8,6,270)
r(294,5,6,270)
r(128,6,6,270)
r(106,10,6,270)
r(265,9,6,270)
r(358,9,6,270)
r(244,7,6,270)
w(62,14,6,270)
r(282,9,6,270)
w(2,5,6,270)
w(157,17,6,270)
w(60,6,6,270)
r(207,4,1,271)
r(48,11,1,271)
r(162,7,1,271)
w(158,3,1,271)
w(193,2,1,271)
w(55,3,1,271)
r(182,7,1,271)
r(300,9,1,271)
r(258,13,1,271)
r(91,3,1,271)
w(105,2,1,271)
w(263,2,1,271)
r(43,7,1,271)
r(241,9,1,271)
w(82,13,1,271)
r(75,15,1,271)
w(319,3,1,271)
r(82,13,1,271)
w(112,2,1,271)
r(32,9,1,271)
r(284,5,2,272)
w(166,13,2,272)
r(116,9,2,272)
r(156,2,2,272)
w(206,9,2,272)
w(339,11,2,272)
r(295,11,2,272)
w(4,2,2,272)
r(257,2,2,272)
r(314,12,2,272)
r(40,11,2,272)
w(165,9,2,272)
w(277,13,2,272)
w(127,3,2,272)
w(149,7,2,272)
w(110,8,2,272)
w(215,9,2,272)
w(76,13,2,272)
w(266,11,2,272)
w(258,13,2,272)
w(69,11,3,273)
w(135,7,3,273)
r(122,5,3,273)
w(65,6,3,273)
r(204,9,3,273)
w(133,13,3,273)
w(163,9,3,273)
r(132,2,3,273)
r(296,6,3,273)
w(29,11,3,273)
w(117,11,3,273)
w(225,6,3,273)
r(62,14,3,273)
w(261,13,3,273)
w(339,6,3,273)
w(88,13,3,273)
r(53,8,3,273)
r(253,13,3,273)
w(260,11,3,273)
r(190,9,3,273)
w(224,13,4,274)
r(125,12,4,274)
w(219,8,4,274)
w(301,6,4,274)
w(321,5,4,274)
w(190,6,4,274)
w(237,8,4,274)
w(278,11,4,274)
w(75,5,4,274)
r(47,7,4,274)
w(58,6,4,274)
w(328,9,4,274)
w(311,6,4,274)
w(167,6,4,274)
w(34,4,4,274)
r(291,3,4,274)
w(183,8,4,274)
r(266,15,4,274)
w(131,8,4,274)
w(263,13,4,274)
w(228,15,5,275)
r(138,14,5,275)
w(154,15,5,275)
r(174,7,5,275)
w(35,4,5,275)
r(251,7,5,275)
r(22,11,5,275)
w(226,4,5,275)
w(194,4,5,275)
r(228,15,5,275)
r(298,7,5,275)
w(263,6,5,275)
r(135,3,5,275)
w(52,12,5,275)
w(118,8,5,275)
r(76,13,5,275)
r(75,12,5,275)
w(297,6,5,275)
w(68,8,5,275)
r(133,12,5,275)
r(272,9,6,276)
r(36,13,6,276)
w(286,17,6,276)
w(347,18,6,276)
r(161,4,6,276)
r(60,6,6,276)
r(236,8,6,276)
r(196,3,6,276)
w(14,12,6,276)
r(178,3,6,276)
w(172,12,6,276)
r(220,6,6,276)
w(314,5,6,276)
w(45,8,6,276)
w(263,5,6,276)
w(133,15,6,276)
w(254,6,6,276)
w(275,5,6,276)
r(196,3,6,276)
w(136,10,6,276)
r(326,13,1,277)
w(308,7,1,277)
r(169,11,1,277)
w(242,3,1,277)
w(336,3,1,277)
w(249,8,1,277)
r(115,15,1,277)
r(299,12,1,277)
r(186,4,1,277)
w(244,7,1,277)
w(155,3,1,277)
w(122,7,1,277)
w(188,9,1,277)
w(295,3,1,277)
w(88,3,1,277)
r(310,3,1,277)
r(360,7,1,277)
w(166,7,1,277)
w(334,7,1,277)
r(13,13,1,277)
w(286,6,2,278)
r(39,8,2,278)
w(221,9,2,278)
r(298,2,2,278)
w(233,11,2,278)
r(250,4,2,278)
w(138,6,2,278)
w(66,9,2,278)
r(136,9,2,278)
w(33,6,2,278)
w(241,9,2,278)
r(102,3,2,278)
w(37,7,2,278)
w(296,7,2,278)
w(271,2,2,278)
w(256,3,2,278)
r(196,5,2,278)
r(83,11,2,278)
r(92,7,2,278)
w(292,3,2,278)
r(206,7,3,279)
r(250,3,3,279)
r(294,5,3,279)
w(192,11,3,279)
r(24,6,3,279)
r(99,9,3,279)
r(152,13,3,279)
r(155,3,3,279)
r(211,10,3,279)
w(145,11,3,279)
r(231,8,3,279)
w(317,7,3,279)
w(278,9,3,279)
w(260,8,3,279)
w(240,2,3,279)
r(100,15,3,279)
r(353,6,3,279)
w(85,12,3,279)
r(81,5,3,279)
r(157,17,3,279)
w(247,12,4,280)
r(178,3,4,280)
r(210,9,4,280)
r(27,5,4,280)
w(327,13,4,280)
w(346,12,4,280)
r(219,8,4,280)
w(261,11,4,280)
w(28,12,4,280)
w(59,10,4,280)
w(320,4,4,280)
r(108,14,4,280)
r(108,14,4,280)
w(60,8,4,280)
w(290,6,4,280)
w(105,8,4,280)
r(308,7,4,280)
w(132,3,4,280)
w(2,6,4,280)
w(213,13,4,280)
w(29,15,5,281)
w(54,16,5,281)
r(310,3,5,281)
w(142,15,5,281)
w(240,7,5,281)
w(134,13,5,281)
r(257,2,5,281)
r(176,6,5,281)
r(146,5,5,281)
w(90,4,5,281)
r(296,6,5,281)
w(254,13,5,281)
w(92,13,5,281)
w(58,5,5,281)
w(56,13,5,281)
w(352,10,5,281)
r(179,11,5,281)
r(73,11,5,281)
w(339,5,5,281)
w(71,8,5,281)
r(110,6,6,282)
r(152,13,6,282)
w(131,12,6,282)
r(138,13,6,282)
w(34,17,6,282)
w(67,4,6,282)
r(8,13,6,282)
r(43,7,6,282)
r(104,9,6,282)
w(175,5,6,282)
r(137,5,6,282)
r(59,13,6,282)
w(267,15,6,282)
w(49,14,6,282)
w(165,6,6,282)
r(314,4,6,282)
r(180,13,6,282)
r(242,8,6,282)
r(144,8,6,282)
r(67,4,6,282)
w(197,7,1,283)
r(349,2,1,283)
w(230,7,1,283)
w(111,3,1,283)
w(298,9,1,283)
r(151,12,1,283)
w(281,3,1,283)
w(196,3,1,283)
w(47,7,1,283)
r(238,11,1,283)
r(314,7,1,283)
r(51,4,1,283)
w(272,9,1,283)
w(83,2,1,283)
r(94,5,1,283)
w(203,2,1,283)
r(243,4,1,283)
w(201,2,1,283)
w(99,9,1,283)
w(28,7,1,283)
w(184,3,2,284)
r(53,13,2,284)
w(50,9,2,284)
w(209,2,2,284)
w(197,13,2,284)
w(129,7,2,284)
r(135,3,2,284)
r(163,7,2,284)
w(139,9,2,284)
w(324,4,2,284)
r(61,8,2,284)
w(322,11,2,284)
r(143,11,2,284)
w(62,11,2,284)
w(221,13,2,284)
w(322,8,2,284)
w(273,3,2,284)
r(106,13,2,284)
w(64,3,2,284)
w(314,7,2,284)
w(202,8,5,285)
r(43,7,5,285)
r(86,7,5,285)
r(210,13,5,285)
w(322,14,5,285)
r(226,4,5,285)
r(146,5,5,285)
w(221,5,5,285)
w(37,18,5,285)
w(196,4,5,285)
w(118,6,5,285)
w(288,8,5,285)
w(351,11,5,285)
w(29,10,5,285)
r(66,12,5,285)
r(50,9,6,286)
w(344,6,6,286)
w(151,5,6,286)
r(78,12,6,286)
w(238,8,6,286)
r(141,2,6,286)
r(194,4,6,286)
r(272,9,6,286)
w(334,6,6,286)
r(150,13,6,286)
w(272,17,6,286)
r(52,12,6,286)
w(254,4,6,286)
w(173,15,6,286)
r(342,15,6,286)
r(311,9,6,286)
r(129,7,6,286)
r(26,15,6,286)
w(355,15,6,286)
w(285,4,6,286)
r(228,13,2,287)
w(264,13,2,287)
r(204,7,2,287)
w(322,6,2,287)
r(318,6,2,287)
r(276,7,2,287)
r(204,7,2,287)
w(341,9,2,287)
r(268,7,2,287)
r(297,3,2,287)
r(287,4,2,287)
w(324,12,2,287)
r(320,3,2,287)
r(163,7,2,287)
r(341,9,2,287)
r(147,9,2,287)
w(194,13,2,287)
r(181,5,2,287)
w(167,9,2,287)
r(31,9,2,287)
r(259,11,5,288)
r(180,13,5,288)
r(292,3,5,288)
r(206,7,5,288)
w(327,8,5,288)
w(108,14,5,288)
w(333,16,5,288)
w(274,4,5,288)
w(69,15,5,288)
w(337,15,5,288)
w(120,11,5,288)
w(232,8,5,288)
r(301,11,5,288)
w(266,15,5,288)
w(204,8,5,288)
r(294,5,5,288)
r(129,7,5,288)
w(118,4,5,288)
w(225,5,5,288)
w(54,18,5,288)
r(6,12,6,289)
w(33,15,6,289)
r(158,3,6,289)
r(355,15,6,289)
r(121,9,6,289)
w(241,10,6,289)
w(269,10,6,289)
r(97,4,6,289)
w(280,15,6,289)
r(118,4,6,289)
w(119,5,6,289)
w(67,12,6,289)
w(149,5,6,289)
w(198,6,6,289)
r(274,14,6,289)
w(53,6,6,289)
r(106,10,6,289)
r(334,6,6,289)
r(30,15,6,289)
r(85,12,6,289)
w(178,3,2,290)
w(250,3,2,290)
w(14,7,2,290)
r(169,11,2,290)
r(30,15,2,290)
w(41,2,2,290)
w(19,13,2,290)
r(100,17,2,290)
r(203,13,2,290)
w(356,9,2,290)
r(123,13,2,290)
r(285,6,2,290)
w(196,7,2,290)
w(111,13,2,290)
r(132,1,2,290)
w(55,9,2,290)
w(109,8,2,290)
r(87,12,2,290)
r(105,11,2,290)
w(227,11,2,290)
w(100,5,5,291)
r(111,3,5,291)
r(90,13,5,291)
w(111,8,5,291)
r(126,9,5,291)
r(262,4,5,291)
w(34,15,5,291)
r(242,8,5,291)
r(169,11,5,291)
w(317,6,5,291)
w(122,5,5,291)
r(32,9,5,291)
r(298,9,5,291)
w(248,10,5,291)
w(100,15,5,291)
w(336,11,5,291)
w(258,16,5,291)
r(210,9,5,291)
r(45,11,5,291)
r(243,4,5,291)
r(357,5,2,292)
r(219,6,2,292)
r(271,2,2,292)
w(90,13,2,292)
r(75,15,2,292)
r(52,12,2,292)
r(27,9,2,292)
w(9,7,2,292)
w(311,9,2,292)
r(153,7,2,292)
r(163,7,2,292)
w(218,13,2,292)
r(304,5,2,292)
r(18,11,2,292)
r(178,3,2,292)
r(284,5,2,292)
w(188,11,2,292)
r(113,13,2,292)
r(112,2,2,292)
w(59,13,2,292)
w(210,9,2,293)
r(143,11,2,293)
w(282,9,2,293)
w(187,13,2,293)
r(162,7,2,293)
r(143,11,2,293)
r(328,8,2,293)
r(89,4,2,293)
w(358,9,2,293)
w(316,8,2,293)
w(80,9,2,293)
w(356,13,2,293)
r(51,4,2,293)
w(54,8,2,293)
w(346,3,2,293)
r(251,7,2,293)
w(322,4,2,293)
w(317,2,2,293)
r(112,2,2,293)
r(163,7,2,293)
w(223,8,2,294)
w(344,3,2,294)
r(209,2,2,294)
w(70,8,2,294)
w(21,11,2,294)
r(125,10,2,294)
w(356,11,2,294)
r(290,7,2,294)
r(247,15,2,294)
r(164,13,2,294)
r(222,8,2,294)
w(80,13,2,294)
w(307,7,2,294)
r(204,4,2,294)
r(168,5,2,294)
r(191,7,2,294)
r(152,13,2,294)
w(161,7,2,294)
w(258,8,2,294)
r(185,8,2,294)
