w(1,1,0,0)
w(2,1,0,0)
w(3,1,0,0)
w(4,1,0,0)
w(5,1,0,0)
w(6,1,0,0)
w(7,1,0,0)
w(8,1,0,0)
w(9,1,0,0)
w(10,1,0,0)
w(11,1,0,0)
w(12,1,0,0)
w(13,1,0,0)
w(14,1,0,0)
w(15,1,0,0)
w(16,1,0,0)
w(17,1,0,0)
w(18,1,0,0)
w(19,1,0,0)
w(20,1,0,0)
w(21,1,0,0)
w(22,1,0,0)
w(23,1,0,0)
w(24,1,0,0)
w(25,1,0,0)
w(26,1,0,0)
w(27,1,0,0)
w(28,1,0,0)
w(29,1,0,0)
w(30,1,0,0)
w(31,1,0,0)
w(32,1,0,0)
w(33,1,0,0)
w(34,1,0,0)
w(35,1,0,0)
w(36,1,0,0)
w(37,1,0,0)
w(38,1,0,0)
w(39,1,0,0)
w(40,1,0,0)
w(41,1,0,0)
w(42,1,0,0)
w(43,1,0,0)
w(44,1,0,0)
w(45,1,0,0)
w(46,1,0,0)
w(47,1,0,0)
w(48,1,0,0)
w(49,1,0,0)
w(50,1,0,0)
w(51,1,0,0)
w(52,1,0,0)
w(53,1,0,0)
w(54,1,0,0)
w(55,1,0,0)
w(56,1,0,0)
w(57,1,0,0)
w(58,1,0,0)
w(59,1,0,0)
w(60,1,0,0)
w(61,1,0,0)
w(62,1,0,0)
w(63,1,0,0)
w(64,1,0,0)
w(65,1,0,0)
w(66,1,0,0)
w(67,1,0,0)
w(68,1,0,0)
w(69,1,0,0)
w(70,1,0,0)
w(71,1,0,0)
w(72,1,0,0)
w(73,1,0,0)
w(74,1,0,0)
w(75,1,0,0)
w(76,1,0,0)
w(77,1,0,0)
w(78,1,0,0)
w(79,1,0,0)
w(80,1,0,0)
w(81,1,0,0)
w(82,1,0,0)
w(83,1,0,0)
w(84,1,0,0)
w(85,1,0,0)
w(86,1,0,0)
w(87,1,0,0)
w(88,1,0,0)
w(89,1,0,0)
w(90,1,0,0)
w(91,1,0,0)
w(92,1,0,0)
w(93,1,0,0)
w(94,1,0,0)
w(95,1,0,0)
w(96,1,0,0)
w(97,1,0,0)
w(98,1,0,0)
w(99,1,0,0)
w(100,1,0,0)
w(101,1,0,0)
w(102,1,0,0)
w(103,1,0,0)
w(104,1,0,0)
w(105,1,0,0)
w(106,1,0,0)
w(107,1,0,0)
w(108,1,0,0)
w(109,1,0,0)
w(110,1,0,0)
w(111,1,0,0)
w(112,1,0,0)
w(113,1,0,0)
w(114,1,0,0)
w(115,1,0,0)
w(116,1,0,0)
w(117,1,0,0)
w(118,1,0,0)
w(119,1,0,0)
w(120,1,0,0)
w(121,1,0,0)
w(122,1,0,0)
w(123,1,0,0)
w(124,1,0,0)
w(125,1,0,0)
w(126,1,0,0)
w(127,1,0,0)
w(128,1,0,0)
w(129,1,0,0)
w(130,1,0,0)
w(131,1,0,0)
w(132,1,0,0)
w(133,1,0,0)
w(134,1,0,0)
w(135,1,0,0)
w(136,1,0,0)
w(137,1,0,0)
w(138,1,0,0)
w(139,1,0,0)
w(140,1,0,0)
w(141,1,0,0)
w(142,1,0,0)
w(143,1,0,0)
w(144,1,0,0)
w(145,1,0,0)
w(146,1,0,0)
w(147,1,0,0)
w(148,1,0,0)
w(149,1,0,0)
w(150,1,0,0)
w(151,1,0,0)
w(152,1,0,0)
w(153,1,0,0)
w(154,1,0,0)
w(155,1,0,0)
w(156,1,0,0)
w(157,1,0,0)
w(158,1,0,0)
w(159,1,0,0)
w(160,1,0,0)
w(161,1,0,0)
w(162,1,0,0)
w(163,1,0,0)
w(164,1,0,0)
w(165,1,0,0)
w(166,1,0,0)
w(167,1,0,0)
w(168,1,0,0)
w(169,1,0,0)
w(170,1,0,0)
w(171,1,0,0)
w(172,1,0,0)
w(173,1,0,0)
w(174,1,0,0)
w(175,1,0,0)
w(176,1,0,0)
w(177,1,0,0)
w(178,1,0,0)
w(179,1,0,0)
w(180,1,0,0)
w(181,1,0,0)
w(182,1,0,0)
w(183,1,0,0)
w(184,1,0,0)
w(185,1,0,0)
w(186,1,0,0)
w(187,1,0,0)
w(188,1,0,0)
w(189,1,0,0)
w(190,1,0,0)
w(191,1,0,0)
w(192,1,0,0)
w(193,1,0,0)
w(194,1,0,0)
w(195,1,0,0)
w(196,1,0,0)
w(197,1,0,0)
w(198,1,0,0)
w(199,1,0,0)
w(200,1,0,0)
w(201,1,0,0)
w(202,1,0,0)
w(203,1,0,0)
w(204,1,0,0)
w(205,1,0,0)
w(206,1,0,0)
w(207,1,0,0)
w(208,1,0,0)
w(209,1,0,0)
w(210,1,0,0)
w(211,1,0,0)
w(212,1,0,0)
w(213,1,0,0)
w(214,1,0,0)
w(215,1,0,0)
w(216,1,0,0)
w(217,1,0,0)
w(218,1,0,0)
w(219,1,0,0)
w(220,1,0,0)
w(221,1,0,0)
w(222,1,0,0)
w(223,1,0,0)
w(224,1,0,0)
w(225,1,0,0)
w(226,1,0,0)
w(227,1,0,0)
w(228,1,0,0)
w(229,1,0,0)
w(230,1,0,0)
w(231,1,0,0)
w(232,1,0,0)
w(233,1,0,0)
w(234,1,0,0)
w(235,1,0,0)
w(236,1,0,0)
w(237,1,0,0)
w(238,1,0,0)
w(239,1,0,0)
w(240,1,0,0)
w(241,1,0,0)
w(242,1,0,0)
w(243,1,0,0)
w(244,1,0,0)
w(245,1,0,0)
w(246,1,0,0)
w(247,1,0,0)
w(248,1,0,0)
w(249,1,0,0)
w(250,1,0,0)
w(251,1,0,0)
w(252,1,0,0)
w(253,1,0,0)
w(254,1,0,0)
w(255,1,0,0)
w(256,1,0,0)
w(257,1,0,0)
w(258,1,0,0)
w(259,1,0,0)
w(260,1,0,0)
w(261,1,0,0)
w(262,1,0,0)
w(263,1,0,0)
w(264,1,0,0)
w(265,1,0,0)
w(266,1,0,0)
w(267,1,0,0)
w(268,1,0,0)
w(269,1,0,0)
w(270,1,0,0)
w(271,1,0,0)
w(272,1,0,0)
w(273,1,0,0)
w(274,1,0,0)
w(275,1,0,0)
w(276,1,0,0)
w(277,1,0,0)
w(278,1,0,0)
w(279,1,0,0)
w(280,1,0,0)
w(281,1,0,0)
w(282,1,0,0)
w(283,1,0,0)
w(284,1,0,0)
w(285,1,0,0)
w(286,1,0,0)
w(287,1,0,0)
w(288,1,0,0)
w(289,1,0,0)
w(290,1,0,0)
w(291,1,0,0)
w(292,1,0,0)
w(293,1,0,0)
w(294,1,0,0)
w(295,1,0,0)
w(296,1,0,0)
w(297,1,0,0)
w(298,1,0,0)
w(299,1,0,0)
w(300,1,0,0)
w(301,1,0,0)
w(302,1,0,0)
w(303,1,0,0)
w(304,1,0,0)
w(305,1,0,0)
w(306,1,0,0)
w(307,1,0,0)
w(308,1,0,0)
w(309,1,0,0)
w(310,1,0,0)
w(311,1,0,0)
w(312,1,0,0)
w(313,1,0,0)
w(314,1,0,0)
w(315,1,0,0)
w(316,1,0,0)
w(317,1,0,0)
w(318,1,0,0)
w(319,1,0,0)
w(320,1,0,0)
w(321,1,0,0)
w(322,1,0,0)
w(323,1,0,0)
w(324,1,0,0)
w(325,1,0,0)
w(326,1,0,0)
w(327,1,0,0)
w(328,1,0,0)
w(329,1,0,0)
w(330,1,0,0)
w(331,1,0,0)
w(332,1,0,0)
w(333,1,0,0)
w(334,1,0,0)
w(335,1,0,0)
w(336,1,0,0)
w(337,1,0,0)
w(338,1,0,0)
w(339,1,0,0)
w(340,1,0,0)
w(341,1,0,0)
w(342,1,0,0)
w(343,1,0,0)
w(344,1,0,0)
w(345,1,0,0)
w(346,1,0,0)
w(347,1,0,0)
w(348,1,0,0)
w(349,1,0,0)
w(350,1,0,0)
w(351,1,0,0)
w(352,1,0,0)
w(353,1,0,0)
w(354,1,0,0)
w(355,1,0,0)
w(356,1,0,0)
w(357,1,0,0)
w(358,1,0,0)
w(359,1,0,0)
w(360,1,0,0)
w(310,2,1,1)
r(352,1,1,1)
r(94,1,1,1)
r(192,1,1,1)
r(329,1,1,1)
r(336,1,1,1)
w(206,2,1,1)
r(170,1,1,1)
r(209,1,1,1)
w(184,2,1,1)
r(176,1,1,1)
w(115,2,1,1)
r(221,1,1,1)
w(204,2,1,1)
w(262,2,1,1)
r(14,1,1,1)
w(33,2,1,1)
r(38,1,1,1)
w(236,2,1,1)
w(184,3,1,1)
r(70,1,2,2)
r(63,1,2,2)
r(320,1,2,2)
w(300,2,2,2)
w(102,2,2,2)
w(139,2,2,2)
r(29,5,2,2)
r(152,1,2,2)
w(233,2,2,2)
r(313,1,2,2)
r(253,1,2,2)
r(247,1,2,2)
r(76,1,2,2)
r(65,1,2,2)
w(153,2,2,2)
w(11,3,2,2)
r(192,1,2,2)
w(344,3,2,2)
r(95,1,2,2)
r(4,1,2,2)
r(309,1,3,3)
w(279,3,3,3)
w(71,3,3,3)
r(131,1,3,3)
w(194,4,3,3)
w(213,3,3,3)
w(213,4,3,3)
r(53,1,3,3)
r(78,1,3,3)
w(337,3,3,3)
r(300,2,3,3)
r(343,1,3,3)
w(102,4,3,3)
w(133,4,3,3)
r(76,1,3,3)
r(322,1,3,3)
r(350,1,3,3)
r(219,1,3,3)
w(174,3,3,3)
w(305,4,3,3)
r(222,1,4,4)
w(223,4,4,4)
w(294,2,4,4)
r(131,1,4,4)
w(131,3,4,4)
w(137,3,4,4)
r(249,1,4,4)
w(78,4,4,4)
w(265,5,4,4)
w(353,5,4,4)
r(255,1,4,4)
r(257,1,4,4)
w(328,2,4,4)
w(270,5,4,4)
w(297,8,4,4)
w(259,3,4,4)
r(92,1,4,4)
r(100,1,4,4)
r(309,1,4,4)
w(250,3,4,4)
r(345,1,5,5)
r(221,1,5,5)
w(196,3,5,5)
w(218,5,5,5)
w(230,6,5,5)
r(16,1,5,5)
w(29,5,5,5)
r(165,1,5,5)
w(56,4,5,5)
w(155,5,5,5)
w(169,6,5,5)
w(93,5,5,5)
r(276,1,5,5)
w(331,5,5,5)
r(319,1,5,5)
r(144,1,5,5)
w(276,5,5,5)
w(224,3,5,5)
r(296,1,5,5)
r(233,1,5,5)
r(102,2,6,6)
r(231,1,6,6)
r(141,1,6,6)
r(196,3,6,6)
w(33,9,6,6)
r(172,1,6,6)
w(5,4,6,6)
r(276,5,6,6)
w(288,4,6,6)
r(236,2,6,6)
w(3,7,6,6)
r(75,1,6,6)
w(248,6,6,6)
r(51,1,6,6)
r(188,1,6,6)
w(250,5,6,6)
w(149,4,6,6)
r(16,1,6,6)
r(3,1,6,6)
w(304,2,1,7)
w(192,2,1,7)
w(152,2,1,7)
r(341,1,1,7)
r(333,1,1,7)
r(288,1,1,7)
r(65,1,1,7)
w(350,2,1,7)
w(117,2,1,7)
r(59,1,1,7)
w(242,2,1,7)
r(338,1,1,7)
r(8,1,1,7)
w(230,2,1,7)
r(350,2,1,7)
r(291,1,1,7)
w(197,2,1,7)
r(69,1,1,7)
r(189,1,1,7)
w(146,2,1,7)
w(59,3,2,8)
w(9,4,2,8)
w(151,2,2,8)
r(4,1,2,8)
r(29,5,2,8)
r(98,1,2,8)
w(146,4,2,8)
r(10,1,2,8)
w(184,6,2,8)
r(174,3,2,8)
r(128,1,2,8)
r(284,1,2,8)
w(106,2,2,8)
w(102,3,2,8)
w(255,4,2,8)
r(315,1,2,8)
w(11,4,2,8)
w(156,2,2,8)
r(95,1,2,8)
w(34,2,2,8)
w(30,4,3,9)
r(269,1,3,9)
w(115,4,3,9)
r(351,1,3,9)
r(54,1,3,9)
w(318,3,3,9)
w(247,3,3,9)
w(19,6,3,9)
w(69,2,3,9)
w(92,3,3,9)
r(272,1,3,9)
r(206,2,3,9)
w(299,3,3,9)
w(91,3,3,9)
r(68,1,3,9)
w(62,2,3,9)
r(202,1,3,9)
r(123,1,3,9)
r(187,1,3,9)
r(21,1,3,9)
w(3,6,4,10)
w(325,6,4,10)
r(125,1,4,10)
w(351,2,4,10)
w(340,4,4,10)
r(72,1,4,10)
r(322,1,4,10)
w(314,4,4,10)
r(73,1,4,10)
w(136,4,4,10)
r(40,1,4,10)
w(301,5,4,10)
r(79,1,4,10)
w(15,4,4,10)
r(292,3,4,10)
r(284,4,4,10)
w(349,6,4,10)
r(278,1,4,10)
r(18,1,4,10)
w(328,3,4,10)
w(194,7,5,11)
w(284,4,5,11)
w(267,7,5,11)
w(178,4,5,11)
w(121,7,5,11)
w(128,5,5,11)
w(359,3,5,11)
r(227,1,5,11)
w(243,4,5,11)
r(177,1,5,11)
r(343,1,5,11)
r(29,5,5,11)
w(198,8,5,11)
r(339,1,5,11)
r(88,1,5,11)
r(209,1,5,11)
w(109,4,5,11)
w(359,4,5,11)
r(174,3,5,11)
w(226,3,5,11)
w(292,3,6,12)
r(266,1,6,12)
w(111,9,6,12)
w(244,9,6,12)
w(357,13,6,12)
r(51,1,6,12)
w(170,4,6,12)
w(185,9,6,12)
w(294,4,6,12)
w(102,9,6,12)
w(256,9,6,12)
r(180,1,6,12)
r(60,1,6,12)
r(139,2,6,12)
r(50,1,6,12)
w(215,9,6,12)
w(327,6,6,12)
w(234,5,6,12)
w(193,4,6,12)
w(350,9,6,12)
r(179,1,1,13)
r(250,3,1,13)
w(343,2,1,13)
r(156,2,1,13)
r(43,1,1,13)
r(87,1,1,13)
r(115,2,1,13)
r(342,1,1,13)
w(297,2,1,13)
w(98,2,1,13)
r(24,1,1,13)
r(240,1,1,13)
r(190,1,1,13)
w(209,2,1,13)
w(253,2,1,13)
w(16,2,1,13)
r(272,1,1,13)
w(304,3,1,13)
r(97,1,1,13)
r(150,1,1,13)
r(12,1,2,14)
r(61,1,2,14)
w(327,3,2,14)
w(222,2,2,14)
r(205,1,2,14)
w(333,3,2,14)
r(179,1,2,14)
w(287,2,2,14)
r(201,1,2,14)
r(108,1,2,14)
w(178,2,2,14)
w(235,3,2,14)
r(27,1,2,14)
w(286,2,2,14)
w(253,5,2,14)
w(297,5,2,14)
w(51,3,2,14)
r(244,9,2,14)
w(186,2,2,14)
w(134,4,2,14)
w(283,4,3,15)
w(234,3,3,15)
w(91,4,3,15)
r(134,4,3,15)
w(253,7,3,15)
r(226,3,3,15)
w(68,3,3,15)
w(255,6,3,15)
r(303,1,3,15)
w(309,3,3,15)
w(240,5,3,15)
r(87,1,3,15)
w(48,5,3,15)
r(60,1,3,15)
w(19,7,3,15)
r(139,2,3,15)
r(12,1,3,15)
r(54,1,3,15)
r(76,1,3,15)
w(310,4,3,15)
w(172,4,4,16)
w(50,5,4,16)
w(321,2,4,16)
w(163,5,4,16)
r(182,1,4,16)
w(259,4,4,16)
w(103,5,4,16)
r(342,1,4,16)
w(225,3,4,16)
r(94,1,4,16)
w(44,4,4,16)
w(360,5,4,16)
r(255,6,4,16)
w(177,4,4,16)
r(320,1,4,16)
r(91,4,4,16)
w(169,5,4,16)
r(193,4,4,16)
w(357,7,4,16)
r(24,1,4,16)
w(29,6,5,17)
r(256,2,5,17)
w(62,3,5,17)
r(132,1,5,17)
w(154,3,5,17)
r(318,3,5,17)
w(170,3,5,17)
w(169,7,5,17)
w(79,3,5,17)
w(207,8,5,17)
r(101,1,5,17)
w(220,4,5,17)
r(358,1,5,17)
r(323,1,5,17)
r(268,2,5,17)
r(225,3,5,17)
w(153,5,5,17)
r(297,5,5,17)
w(255,10,5,17)
w(5,3,5,17)
r(19,7,6,18)
w(170,5,6,18)
w(14,7,6,18)
r(11,4,6,18)
w(55,3,6,18)
r(346,1,6,18)
r(281,1,6,18)
w(69,4,6,18)
r(304,3,6,18)
r(133,4,6,18)
r(305,4,6,18)
w(19,8,6,18)
w(267,9,6,18)
r(71,3,6,18)
r(264,1,6,18)
w(56,5,6,18)
r(26,1,6,18)
w(347,4,6,18)
w(187,6,6,18)
r(219,1,6,18)
r(337,3,1,19)
r(70,1,1,19)
w(268,2,1,19)
r(96,1,1,19)
r(176,1,1,19)
r(296,1,1,19)
w(122,2,1,19)
w(289,2,1,19)
r(106,2,1,19)
w(164,2,1,19)
r(49,1,1,19)
w(136,2,1,19)
w(282,2,1,19)
r(242,2,1,19)
r(308,1,1,19)
r(272,1,1,19)
w(25,2,1,19)
r(332,1,1,19)
w(46,2,1,19)
r(134,4,1,19)
r(183,2,2,20)
w(308,3,2,20)
r(351,2,2,20)
r(264,1,2,20)
w(20,2,2,20)
w(98,4,2,20)
w(358,2,2,20)
w(357,3,2,20)
w(313,3,2,20)
r(343,2,2,20)
r(61,1,2,20)
w(134,5,2,20)
w(164,5,2,20)
w(244,2,2,20)
r(328,3,2,20)
r(22,1,2,20)
r(13,1,2,20)
w(231,5,2,20)
r(228,1,2,20)
r(167,1,2,20)
r(190,5,3,21)
r(269,1,3,21)
r(339,1,3,21)
r(309,3,3,21)
r(246,1,3,21)
w(205,2,3,21)
w(287,3,3,21)
w(326,2,3,21)
w(9,5,3,21)
w(291,2,3,21)
w(3,3,3,21)
w(317,5,3,21)
w(299,4,3,21)
r(130,1,3,21)
w(350,6,3,21)
w(141,7,3,21)
w(213,5,3,21)
r(149,4,3,21)
r(8,1,3,21)
w(305,5,3,21)
w(279,6,4,22)
r(334,1,4,22)
r(17,1,4,22)
w(108,5,4,22)
r(155,5,4,22)
r(214,1,4,22)
w(190,5,4,22)
w(95,6,4,22)
w(4,5,4,22)
w(157,3,4,22)
r(182,1,4,22)
r(121,7,4,22)
w(287,5,4,22)
w(98,7,4,22)
w(144,2,4,22)
r(231,5,4,22)
w(338,6,4,22)
w(131,4,4,22)
w(199,2,4,22)
w(114,2,4,22)
w(129,6,5,23)
r(54,1,5,23)
w(302,9,5,23)
r(210,1,5,23)
w(96,4,5,23)
r(188,1,5,23)
r(290,1,5,23)
r(124,1,5,23)
r(240,5,5,23)
w(30,6,5,23)
w(111,7,5,23)
w(35,3,5,23)
w(58,3,5,23)
r(153,5,5,23)
r(60,1,5,23)
w(357,9,5,23)
w(145,3,5,23)
r(201,1,5,23)
w(84,7,5,23)
w(237,4,5,23)
r(283,4,6,24)
w(280,3,6,24)
w(285,3,6,24)
w(36,5,6,24)
r(148,1,6,24)
r(343,2,6,24)
r(225,3,6,24)
r(57,1,6,24)
w(254,9,6,24)
r(127,1,6,24)
w(271,6,6,24)
r(265,5,6,24)
r(28,1,6,24)
w(286,6,6,24)
r(33,2,6,24)
w(61,4,6,24)
r(306,1,6,24)
r(122,2,6,24)
w(322,5,6,24)
w(182,4,6,24)
w(204,3,1,25)
r(86,1,1,25)
r(122,2,1,25)
r(192,2,1,25)
r(193,4,1,25)
r(10,1,1,25)
w(352,2,1,25)
r(63,1,1,25)
r(245,1,1,25)
r(304,3,1,25)
r(317,1,1,25)
w(146,3,1,25)
r(273,1,1,25)
r(301,5,1,25)
w(242,3,1,25)
w(337,2,1,25)
w(254,2,1,25)
w(183,2,1,25)
w(256,2,1,25)
r(51,3,1,25)
r(54,1,2,26)
w(244,3,2,26)
r(160,1,2,26)
r(262,2,2,26)
w(16,4,2,26)
r(51,3,2,26)
w(139,3,2,26)
r(128,5,2,26)
w(150,2,2,26)
w(15,3,2,26)
r(331,5,2,26)
w(105,3,2,26)
r(277,1,2,26)
w(184,7,2,26)
w(68,2,2,26)
w(233,3,2,26)
w(118,3,2,26)
w(151,3,2,26)
r(50,5,2,26)
r(90,1,2,26)
r(238,1,3,27)
r(168,1,3,27)
w(279,4,3,27)
w(273,5,3,27)
w(46,4,3,27)
r(195,1,3,27)
r(168,1,3,27)
r(127,1,3,27)
r(102,9,3,27)
r(133,4,3,27)
w(50,4,3,27)
r(244,3,3,27)
w(24,3,3,27)
r(119,1,3,27)
r(267,9,3,27)
r(65,1,3,27)
r(150,2,3,27)
r(237,4,3,27)
r(208,1,3,27)
w(288,3,3,27)
w(138,2,4,28)
r(199,2,4,28)
r(5,3,4,28)
w(217,4,4,28)
w(43,5,4,28)
w(157,4,4,28)
r(27,1,4,28)
r(178,2,4,28)
w(45,2,4,28)
w(196,2,4,28)
w(186,5,4,28)
w(217,5,4,28)
r(97,1,4,28)
r(178,2,4,28)
r(279,6,4,28)
r(225,3,4,28)
r(248,1,4,28)
w(350,7,4,28)
r(163,5,4,28)
w(289,4,4,28)
r(125,1,5,29)
r(111,7,5,29)
w(29,7,5,29)
r(215,9,5,29)
w(205,6,5,29)
w(89,4,5,29)
r(176,1,5,29)
w(286,4,5,29)
r(307,1,5,29)
r(143,1,5,29)
r(358,2,5,29)
w(308,6,5,29)
r(72,1,5,29)
r(80,1,5,29)
w(135,4,5,29)
w(344,9,5,29)
w(172,5,5,29)
r(162,1,5,29)
w(273,7,5,29)
w(184,9,5,29)
w(117,9,6,30)
r(327,3,6,30)
r(246,1,6,30)
r(314,4,6,30)
w(305,6,6,30)
w(185,8,6,30)
w(25,9,6,30)
r(236,2,6,30)
w(32,5,6,30)
r(75,1,6,30)
w(113,9,6,30)
w(264,6,6,30)
r(308,3,6,30)
w(180,7,6,30)
r(355,1,6,30)
r(289,2,6,30)
r(136,4,6,30)
r(179,1,6,30)
r(232,1,6,30)
r(129,1,6,30)
w(202,2,1,31)
w(43,2,1,31)
r(127,1,1,31)
r(154,3,1,31)
r(322,1,1,31)
w(254,3,1,31)
w(231,2,1,31)
r(335,1,1,31)
w(278,2,1,31)
w(273,2,1,31)
r(78,4,1,31)
w(315,2,1,31)
w(292,2,1,31)
r(195,1,1,31)
r(340,4,1,31)
w(349,2,1,31)
r(311,1,1,31)
w(297,3,1,31)
r(122,2,1,31)
r(251,1,1,31)
w(12,2,2,32)
w(53,5,2,32)
r(240,5,2,32)
r(251,1,2,32)
w(162,5,2,32)
w(296,5,2,32)
r(256,2,2,32)
w(339,3,2,32)
r(93,5,2,32)
w(313,4,2,32)
r(74,1,2,32)
r(285,3,2,32)
r(78,4,2,32)
r(14,7,2,32)
w(80,3,2,32)
w(323,2,2,32)
r(261,1,2,32)
w(95,3,2,32)
w(185,4,2,32)
r(141,7,2,32)
r(51,3,3,33)
w(143,2,3,33)
r(321,2,3,33)
w(159,2,3,33)
r(218,5,3,33)
w(81,4,3,33)
w(223,3,3,33)
r(71,3,3,33)
w(136,3,3,33)
w(304,7,3,33)
r(195,3,3,33)
w(161,5,3,33)
w(126,4,3,33)
w(322,2,3,33)
w(281,2,3,33)
w(92,4,3,33)
r(303,1,3,33)
w(19,9,3,33)
w(327,5,3,33)
r(72,7,3,33)
r(320,1,4,34)
w(27,3,4,34)
w(294,3,4,34)
r(2,1,4,34)
w(152,5,4,34)
w(144,3,4,34)
r(20,2,4,34)
r(326,2,4,34)
w(195,3,4,34)
r(157,4,4,34)
w(66,2,4,34)
r(69,4,4,34)
w(209,3,4,34)
r(103,5,4,34)
w(36,2,4,34)
r(312,1,4,34)
w(41,3,4,34)
w(286,3,4,34)
w(142,3,4,34)
r(9,5,4,34)
r(153,5,5,35)
r(271,6,5,35)
w(356,5,5,35)
r(59,3,5,35)
w(28,3,5,35)
w(263,5,5,35)
w(154,4,5,35)
w(92,5,5,35)
r(250,3,5,35)
w(50,6,5,35)
w(316,4,5,35)
r(40,1,5,35)
r(6,1,5,35)
r(309,3,5,35)
r(321,2,5,35)
w(286,5,5,35)
w(124,4,5,35)
r(138,2,5,35)
r(282,2,5,35)
w(314,5,5,35)
r(106,2,6,36)
w(16,6,6,36)
w(257,6,6,36)
r(23,1,6,36)
w(4,6,6,36)
w(171,2,6,36)
r(27,1,6,36)
w(324,10,6,36)
r(257,6,6,36)
r(253,7,6,36)
w(307,5,6,36)
w(108,9,6,36)
w(251,4,6,36)
w(229,7,6,36)
w(127,5,6,36)
r(224,3,6,36)
r(111,7,6,36)
w(185,10,6,36)
w(47,6,6,36)
w(231,8,6,36)
r(44,4,1,37)
w(7,2,1,37)
r(248,1,1,37)
w(61,2,1,37)
w(236,3,1,37)
r(31,1,1,37)
w(317,2,1,37)
w(243,2,1,37)
r(263,5,1,37)
w(319,2,1,37)
w(133,2,1,37)
r(30,6,1,37)
r(105,3,1,37)
w(44,2,1,37)
w(48,2,1,37)
w(118,2,1,37)
w(166,2,1,37)
r(342,1,1,37)
w(105,2,1,37)
w(296,2,1,37)
r(229,7,2,38)
w(148,2,2,38)
r(104,1,2,38)
w(210,2,2,38)
w(3,2,2,38)
r(42,1,2,38)
r(178,2,2,38)
r(251,4,2,38)
r(220,4,2,38)
w(156,3,2,38)
r(229,7,2,38)
r(229,7,2,38)
r(268,2,2,38)
w(327,4,2,38)
w(188,2,2,38)
r(95,3,2,38)
w(16,5,2,38)
r(248,1,2,38)
w(239,2,2,38)
w(276,2,2,38)
w(132,3,3,39)
r(82,1,3,39)
w(154,2,3,39)
r(240,5,3,39)
w(338,4,3,39)
r(179,1,3,39)
r(5,3,3,39)
w(360,3,3,39)
r(337,2,3,39)
r(264,6,3,39)
w(132,4,3,39)
r(355,1,3,39)
r(3,2,3,39)
r(214,1,3,39)
w(151,5,3,39)
w(324,7,3,39)
r(10,13,3,39)
w(238,4,3,39)
r(90,1,3,39)
w(252,4,3,39)
r(241,1,4,40)
r(141,7,4,40)
w(59,6,4,40)
r(188,2,4,40)
r(273,5,4,40)
r(8,1,4,40)
w(205,3,4,40)
r(290,1,4,40)
r(122,2,4,40)
w(228,5,4,40)
w(127,4,4,40)
w(293,3,4,40)
r(148,2,4,40)
w(63,2,4,40)
r(332,1,4,40)
r(137,3,4,40)
r(191,1,4,40)
r(113,9,4,40)
w(250,4,4,40)
r(283,4,5,41)
w(125,7,5,41)
r(176,1,5,41)
r(112,1,5,41)
w(302,8,5,41)
r(199,2,5,41)
r(224,3,5,41)
r(65,1,5,41)
w(235,5,5,41)
w(119,3,5,41)
r(339,3,5,41)
w(114,4,5,41)
r(323,2,5,41)
r(110,1,5,41)
w(85,9,5,41)
r(101,1,5,41)
w(141,9,5,41)
w(346,6,5,41)
r(96,4,5,41)
w(72,7,5,41)
w(12,5,6,42)
r(319,2,6,42)
w(314,9,6,42)
r(198,8,6,42)
w(291,3,6,42)
r(13,1,6,42)
r(156,3,6,42)
r(212,1,6,42)
w(334,4,6,42)
r(89,4,6,42)
r(182,4,6,42)
r(324,10,6,42)
r(298,1,6,42)
w(247,5,6,42)
r(82,1,6,42)
r(273,5,6,42)
r(255,10,6,42)
w(171,3,6,42)
r(177,4,6,42)
w(10,13,6,42)
w(263,2,1,43)
r(87,1,1,43)
w(133,3,1,43)
w(4,2,1,43)
r(354,1,1,43)
w(265,2,1,43)
r(306,1,1,43)
r(330,1,1,43)
w(152,3,1,43)
r(21,1,1,43)
w(158,2,1,43)
r(72,7,1,43)
w(10,2,1,43)
r(328,3,1,43)
w(308,2,1,43)
r(94,1,1,43)
r(78,4,1,43)
r(282,2,1,43)
r(217,5,1,43)
w(180,2,1,43)
w(344,4,2,44)
r(57,1,2,44)
w(54,2,2,44)
w(97,3,2,44)
r(203,5,2,44)
r(265,2,2,44)
r(73,1,2,44)
r(254,8,2,44)
w(134,6,2,44)
w(95,4,2,44)
w(191,2,2,44)
w(179,2,2,44)
r(111,7,2,44)
w(193,2,2,44)
w(349,3,2,44)
r(277,1,2,44)
w(332,2,2,44)
w(318,2,2,44)
r(86,1,2,44)
w(341,3,2,44)
w(274,5,3,45)
w(18,4,3,45)
w(104,3,3,45)
r(38,1,3,45)
r(333,3,3,45)
r(304,7,3,45)
r(131,4,3,45)
r(330,1,3,45)
w(24,4,3,45)
w(356,4,3,45)
w(249,2,3,45)
w(12,3,3,45)
w(249,3,3,45)
w(127,3,3,45)
w(167,3,3,45)
r(19,9,3,45)
w(55,2,3,45)
w(262,6,3,45)
w(203,5,3,45)
w(231,7,3,45)
r(47,2,4,46)
w(309,4,4,46)
r(82,1,4,46)
w(112,3,4,46)
r(151,5,4,46)
r(308,2,4,46)
r(157,4,4,46)
r(291,3,4,46)
r(240,5,4,46)
r(308,2,4,46)
w(153,4,4,46)
w(276,4,4,46)
w(240,7,4,46)
w(204,4,4,46)
w(202,9,4,46)
w(13,3,4,46)
r(21,1,4,46)
w(315,4,4,46)
w(42,7,4,46)
r(241,1,4,46)
w(336,6,5,47)
r(271,6,5,47)
w(84,9,5,47)
r(28,3,5,47)
w(84,8,5,47)
w(102,6,5,47)
r(263,3,5,47)
r(113,9,5,47)
r(285,3,5,47)
w(53,9,5,47)
r(41,3,5,47)
r(228,5,5,47)
w(117,6,5,47)
w(180,5,5,47)
r(16,5,5,47)
r(85,9,5,47)
r(280,3,5,47)
r(337,2,5,47)
r(224,3,5,47)
r(3,2,5,47)
w(80,9,6,48)
r(164,5,6,48)
r(182,4,6,48)
r(123,1,6,48)
w(208,7,6,48)
r(301,5,6,48)
w(254,8,6,48)
r(176,1,6,48)
r(309,4,6,48)
w(58,4,6,48)
r(262,6,6,48)
r(18,4,6,48)
w(109,5,6,48)
w(221,5,6,48)
w(38,5,6,48)
r(72,7,6,48)
r(292,2,6,48)
r(172,5,6,48)
r(229,7,6,48)
w(20,5,6,48)
w(263,3,1,49)
r(109,4,1,49)
w(259,2,1,49)
r(308,2,1,49)
w(47,2,1,49)
r(207,8,1,49)
r(338,4,1,49)
r(282,2,1,49)
r(65,1,1,49)
r(310,4,1,49)
w(141,2,1,49)
r(151,5,1,49)
r(219,1,1,49)
r(43,5,1,49)
r(356,5,1,49)
w(162,2,1,49)
r(339,3,1,49)
w(134,2,1,49)
r(351,2,1,49)
r(149,4,1,49)
r(322,2,2,50)
r(222,6,2,50)
w(212,2,2,50)
r(8,1,2,50)
w(357,4,2,50)
r(213,5,2,50)
w(8,2,2,50)
w(83,3,2,50)
w(169,3,2,50)
r(47,2,2,50)
r(297,3,2,50)
r(255,10,2,50)
r(187,6,2,50)
r(101,1,2,50)
r(111,7,2,50)
r(27,3,2,50)
r(242,3,2,50)
r(81,4,2,50)
r(264,6,2,50)
r(123,1,2,50)
r(295,1,3,51)
w(273,6,3,51)
r(29,7,3,51)
r(358,2,3,51)
w(30,5,3,51)
w(3,4,3,51)
w(1,2,3,51)
w(241,3,3,51)
r(353,5,3,51)
r(169,3,3,51)
w(262,7,3,51)
w(222,3,3,51)
w(210,3,3,51)
r(357,4,3,51)
r(47,2,3,51)
r(149,4,3,51)
w(198,5,3,51)
w(99,2,3,51)
r(334,4,3,51)
r(333,3,3,51)
w(71,4,4,52)
w(244,5,4,52)
r(16,5,4,52)
w(256,4,4,52)
w(302,4,4,52)
r(240,7,4,52)
w(194,5,4,52)
r(147,1,4,52)
r(192,2,4,52)
r(90,1,4,52)
w(173,6,4,52)
r(131,4,4,52)
w(300,4,4,52)
r(175,1,4,52)
r(330,1,4,52)
r(209,3,4,52)
r(322,2,4,52)
r(97,3,4,52)
r(107,1,4,52)
r(86,1,4,52)
w(317,6,5,53)
w(210,5,5,53)
w(66,4,5,53)
r(131,4,5,53)
r(115,4,5,53)
r(303,1,5,53)
r(238,4,5,53)
w(222,6,5,53)
r(175,1,5,53)
r(273,5,5,53)
r(206,2,5,53)
w(106,4,5,53)
w(357,8,5,53)
r(10,13,5,53)
r(353,5,5,53)
r(170,3,5,53)
r(243,2,5,53)
r(63,2,5,53)
r(79,3,5,53)
w(66,5,5,53)
w(23,3,6,54)
r(319,2,6,54)
r(79,3,6,54)
r(209,3,6,54)
r(84,8,6,54)
w(45,3,6,54)
r(353,5,6,54)
w(265,7,6,54)
w(37,6,6,54)
r(11,4,6,54)
w(134,11,6,54)
r(22,1,6,54)
w(19,10,6,54)
r(110,1,6,54)
w(248,7,6,54)
r(76,1,6,54)
r(113,9,6,54)
w(237,5,6,54)
w(41,5,6,54)
r(38,5,6,54)
w(296,3,1,55)
r(321,2,1,55)
r(179,1,1,55)
r(301,5,1,55)
w(257,2,1,55)
r(275,1,1,55)
r(12,3,1,55)
r(231,7,1,55)
r(302,8,1,55)
r(67,1,1,55)
w(53,2,1,55)
w(85,2,1,55)
w(246,2,1,55)
w(313,2,1,55)
w(14,2,1,55)
w(125,2,1,55)
r(174,3,1,55)
w(85,3,1,55)
w(43,3,1,55)
r(87,1,1,55)
r(201,1,2,56)
r(71,4,2,56)
r(162,2,2,56)
r(317,6,2,56)
w(157,2,2,56)
r(341,3,2,56)
w(88,3,2,56)
r(237,4,2,56)
r(165,1,2,56)
w(96,2,2,56)
r(183,2,2,56)
w(181,4,2,56)
w(296,6,2,56)
r(186,5,2,56)
w(241,2,2,56)
w(215,3,2,56)
w(186,3,2,56)
w(276,3,2,56)
r(79,3,2,56)
r(53,8,2,56)
r(165,1,3,57)
r(162,2,3,57)
r(347,4,3,57)
r(358,2,3,57)
r(23,3,3,57)
r(182,4,3,57)
r(28,4,3,57)
r(113,9,3,57)
w(85,6,3,57)
r(271,2,3,57)
w(172,3,3,57)
w(302,2,3,57)
r(109,5,3,57)
w(72,5,3,57)
w(314,3,3,57)
r(144,3,3,57)
w(235,4,3,57)
r(173,6,3,57)
r(317,6,3,57)
w(89,3,3,57)
r(45,3,4,58)
r(26,1,4,58)
r(140,1,4,58)
w(109,3,4,58)
r(7,2,4,58)
w(302,5,4,58)
r(337,2,4,58)
w(239,3,4,58)
w(156,4,4,58)
w(334,3,4,58)
r(131,4,4,58)
r(316,4,4,58)
w(17,5,4,58)
w(126,5,4,58)
r(270,5,4,58)
w(260,4,4,58)
w(218,4,4,58)
w(121,5,4,58)
r(118,4,4,58)
r(21,1,4,58)
w(274,7,5,59)
w(279,7,5,59)
w(28,4,5,59)
r(223,3,5,59)
r(188,2,5,59)
w(268,6,5,59)
w(320,3,5,59)
w(94,5,5,59)
w(118,4,5,59)
w(220,5,5,59)
w(8,4,5,59)
r(129,6,5,59)
r(264,6,5,59)
w(134,10,5,59)
w(287,7,5,59)
r(254,8,5,59)
r(354,1,5,59)
w(53,8,5,59)
r(304,7,5,59)
r(105,2,5,59)
w(253,8,6,60)
r(167,3,6,60)
r(5,3,6,60)
w(339,5,6,60)
w(321,4,6,60)
r(342,1,6,60)
r(5,3,6,60)
w(315,7,6,60)
r(354,1,6,60)
r(53,8,6,60)
w(302,11,6,60)
w(328,6,6,60)
w(190,6,6,60)
r(296,6,6,60)
w(124,5,6,60)
r(28,4,6,60)
w(207,11,6,60)
r(118,4,6,60)
r(103,7,6,60)
w(122,6,6,60)
r(12,3,1,61)
w(271,2,1,61)
w(221,2,1,61)
w(37,2,1,61)
r(205,3,1,61)
w(65,2,1,61)
r(131,4,1,61)
w(255,2,1,61)
w(309,2,1,61)
w(202,3,1,61)
w(70,2,1,61)
r(44,2,1,61)
w(129,2,1,61)
r(342,1,1,61)
w(346,2,1,61)
r(97,3,1,61)
w(73,2,1,61)
r(137,3,1,61)
w(258,2,1,61)
w(298,2,1,61)
r(318,2,2,62)
w(230,4,2,62)
w(113,4,2,62)
r(323,2,2,62)
r(106,5,2,62)
r(112,3,2,62)
w(160,3,2,62)
w(353,2,2,62)
w(320,2,2,62)
r(86,1,2,62)
w(323,3,2,62)
r(287,7,2,62)
r(160,3,2,62)
w(54,3,2,62)
r(319,2,2,62)
w(317,4,2,62)
w(331,4,2,62)
r(351,2,2,62)
w(25,5,2,62)
w(116,3,2,62)
w(220,2,3,63)
r(286,3,3,63)
w(302,3,3,63)
r(335,1,3,63)
w(246,3,3,63)
r(152,3,3,63)
w(51,5,3,63)
r(175,1,3,63)
r(52,1,3,63)
r(348,1,3,63)
r(162,2,3,63)
r(124,4,3,63)
w(143,3,3,63)
r(175,1,3,63)
r(254,8,3,63)
r(346,2,3,63)
w(228,3,3,63)
r(140,1,3,63)
r(79,3,3,63)
r(60,1,3,63)
w(32,3,4,64)
w(15,5,4,64)
w(256,5,4,64)
w(94,4,4,64)
w(227,4,4,64)
w(166,5,4,64)
w(97,5,4,64)
w(343,5,4,64)
w(56,3,4,64)
r(222,3,4,64)
r(239,3,4,64)
w(162,9,4,64)
r(115,4,4,64)
w(290,2,4,64)
r(148,2,4,64)
r(125,2,4,64)
r(28,4,4,64)
r(10,13,4,64)
r(21,1,4,64)
r(336,6,4,64)
r(67,1,5,65)
w(264,4,5,65)
w(103,7,5,65)
w(81,6,5,65)
r(139,3,5,65)
r(171,3,5,65)
r(277,1,5,65)
w(185,6,5,65)
w(172,6,5,65)
w(37,4,5,65)
w(229,6,5,65)
r(89,3,5,65)
r(315,4,5,65)
r(239,2,5,65)
r(71,4,5,65)
w(96,5,5,65)
r(265,7,5,65)
r(44,2,5,65)
r(310,4,5,65)
r(138,2,5,65)
r(358,4,6,66)
r(269,1,6,66)
w(172,9,6,66)
r(215,3,6,66)
w(37,7,6,66)
w(59,8,6,66)
w(345,3,6,66)
r(240,7,6,66)
w(133,7,6,66)
w(17,7,6,66)
w(73,6,6,66)
w(286,7,6,66)
w(63,4,6,66)
w(144,7,6,66)
r(276,3,6,66)
r(319,3,6,66)
r(68,2,6,66)
r(95,4,6,66)
r(282,2,6,66)
r(256,7,6,66)
w(59,2,1,67)
r(243,2,1,67)
w(312,2,1,67)
w(46,3,1,67)
w(173,2,1,67)
r(336,6,1,67)
r(77,1,1,67)
w(33,3,1,67)
r(200,1,1,67)
w(185,2,1,67)
w(65,3,1,67)
w(83,2,1,67)
w(168,2,1,67)
w(343,3,1,67)
r(346,2,1,67)
w(314,2,1,67)
r(269,1,1,67)
w(184,4,1,67)
r(199,2,1,67)
r(108,9,1,67)
w(168,4,2,68)
w(240,3,2,68)
r(287,7,2,68)
w(103,2,2,68)
w(274,3,2,68)
w(177,2,2,68)
w(270,2,2,68)
r(340,4,2,68)
w(139,4,2,68)
w(7,5,2,68)
w(21,3,2,68)
w(173,4,2,68)
r(153,4,2,68)
r(275,1,2,68)
w(124,2,2,68)
r(46,3,2,68)
w(10,5,2,68)
r(87,1,2,68)
r(5,2,2,68)
r(80,9,2,68)
r(123,1,3,69)
w(12,4,3,69)
w(42,4,3,69)
r(66,5,3,69)
w(5,2,3,69)
r(300,4,3,69)
r(290,2,3,69)
w(174,4,3,69)
w(319,3,3,69)
w(218,2,3,69)
r(181,4,3,69)
w(173,5,3,69)
w(274,6,3,69)
r(162,9,3,69)
w(261,5,3,69)
w(229,2,3,69)
r(129,2,3,69)
w(6,2,3,69)
w(311,2,3,69)
r(136,5,3,69)
r(219,1,4,70)
w(358,4,4,70)
r(323,3,4,70)
r(71,4,4,70)
r(1,2,4,70)
w(337,4,4,70)
w(76,5,4,70)
r(355,1,4,70)
r(76,5,4,70)
r(276,3,4,70)
r(281,2,4,70)
w(103,6,4,70)
r(51,5,4,70)
r(120,1,4,70)
r(224,3,4,70)
w(272,7,4,70)
w(342,2,4,70)
r(298,2,4,70)
w(73,5,4,70)
r(215,3,4,70)
r(347,4,5,71)
r(98,7,5,71)
w(89,5,5,71)
w(79,4,5,71)
w(136,5,5,71)
r(38,5,5,71)
w(24,6,5,71)
r(158,2,5,71)
w(297,11,5,71)
w(59,9,5,71)
w(114,5,5,71)
r(206,2,5,71)
w(344,8,5,71)
w(330,3,5,71)
r(210,3,5,71)
w(106,5,5,71)
r(250,4,5,71)
r(269,1,5,71)
r(111,7,5,71)
r(104,3,5,71)
r(309,2,6,72)
w(86,4,6,72)
w(223,5,6,72)
r(197,2,6,72)
r(203,5,6,72)
r(147,3,6,72)
w(136,6,6,72)
r(10,6,6,72)
r(143,3,6,72)
r(301,4,6,72)
w(256,8,6,72)
r(200,4,6,72)
r(3,4,6,72)
r(125,5,6,72)
w(272,10,6,72)
w(79,6,6,72)
r(228,2,6,72)
r(262,7,6,72)
w(296,9,6,72)
r(188,2,6,72)
r(193,2,1,73)
r(233,3,1,73)
r(356,4,1,73)
r(320,2,1,73)
r(190,6,1,73)
w(15,2,1,73)
r(224,3,1,73)
r(276,3,1,73)
r(3,4,1,73)
w(181,2,1,73)
w(265,3,1,73)
w(10,3,1,73)
r(156,4,1,73)
w(250,2,1,73)
w(176,2,1,73)
r(157,2,1,73)
w(336,2,1,73)
w(207,2,1,73)
w(198,2,1,73)
r(130,1,1,73)
w(308,4,2,74)
w(264,3,2,74)
r(329,1,2,74)
r(115,4,2,74)
r(62,3,2,74)
r(144,7,2,74)
r(197,2,2,74)
r(213,5,2,74)
w(81,3,2,74)
w(338,2,2,74)
w(122,4,2,74)
w(215,4,2,74)
r(321,4,2,74)
w(108,2,2,74)
r(200,3,2,74)
r(193,2,2,74)
r(342,2,2,74)
w(92,2,2,74)
w(10,6,2,74)
r(112,3,2,74)
w(22,5,3,75)
w(121,4,3,75)
w(255,7,3,75)
r(350,7,3,75)
w(108,3,3,75)
w(183,3,3,75)
r(225,3,3,75)
r(84,8,3,75)
r(274,6,3,75)
w(323,5,3,75)
r(316,4,3,75)
r(154,2,3,75)
w(125,3,3,75)
w(212,4,3,75)
w(261,6,3,75)
w(85,7,3,75)
w(330,2,3,75)
r(353,2,3,75)
r(108,3,3,75)
w(106,3,3,75)
r(198,2,4,76)
w(71,5,4,76)
w(328,4,4,76)
r(359,4,4,76)
r(237,5,4,76)
r(246,3,4,76)
w(240,9,4,76)
w(8,3,4,76)
r(357,4,4,76)
r(299,4,4,76)
w(23,2,4,76)
w(220,3,4,76)
w(229,4,4,76)
w(351,3,4,76)
r(82,1,4,76)
w(211,2,4,76)
r(4,2,4,76)
r(303,1,4,76)
r(142,3,4,76)
r(327,5,4,76)
w(157,5,5,77)
w(90,2,5,77)
r(344,8,5,77)
r(313,2,5,77)
w(36,4,5,77)
r(144,3,5,77)
w(307,4,5,77)
w(256,7,5,77)
r(267,9,5,77)
r(150,2,5,77)
w(266,4,5,77)
w(147,3,5,77)
w(322,4,5,77)
w(160,4,5,77)
r(299,4,5,77)
r(228,3,5,77)
r(328,6,5,77)
r(121,5,5,77)
r(264,4,5,77)
w(279,9,5,77)
r(82,2,6,78)
r(324,7,6,78)
w(34,4,6,78)
r(143,3,6,78)
r(317,4,6,78)
w(211,5,6,78)
w(176,4,6,78)
w(229,9,6,78)
r(26,1,6,78)
w(354,5,6,78)
r(44,2,6,78)
w(263,6,6,78)
r(35,3,6,78)
r(75,4,6,78)
w(139,10,6,78)
r(39,1,6,78)
r(68,2,6,78)
r(282,2,6,78)
r(244,5,6,78)
r(213,2,6,78)
w(27,2,1,79)
r(347,4,1,79)
w(161,2,1,79)
w(168,3,1,79)
r(360,3,1,79)
w(74,2,1,79)
r(40,1,1,79)
r(219,1,1,79)
w(339,2,1,79)
w(135,2,1,79)
w(355,2,1,79)
r(265,3,1,79)
w(214,2,1,79)
r(6,2,1,79)
r(127,3,1,79)
w(126,2,1,79)
r(143,3,1,79)
w(245,2,1,79)
r(18,4,1,79)
r(12,4,1,79)
w(59,4,2,80)
w(208,4,2,80)
w(304,4,2,80)
w(212,3,2,80)
r(128,5,2,80)
r(1,2,2,80)
w(299,2,2,80)
w(355,4,2,80)
w(304,5,2,80)
r(110,1,2,80)
w(129,3,2,80)
w(140,3,2,80)
r(325,6,2,80)
r(141,2,2,80)
r(337,4,2,80)
w(165,4,2,80)
w(266,2,2,80)
r(12,4,2,80)
r(275,1,2,80)
r(268,6,2,80)
w(139,6,3,81)
w(191,3,3,81)
r(58,4,3,81)
w(9,6,3,81)
w(256,3,3,81)
r(164,5,3,81)
w(315,3,3,81)
w(42,5,3,81)
r(48,2,3,81)
w(301,4,3,81)
w(33,4,3,81)
w(240,6,3,81)
w(229,3,3,81)
w(200,3,3,81)
r(249,3,3,81)
w(249,4,3,81)
r(235,4,3,81)
r(357,4,3,81)
w(82,2,3,81)
r(317,4,3,81)
r(355,2,4,82)
w(42,9,4,82)
w(142,4,4,82)
w(254,6,4,82)
r(109,3,4,82)
r(168,3,4,82)
w(319,4,4,82)
r(312,2,4,82)
r(337,4,4,82)
w(95,7,4,82)
r(353,2,4,82)
r(314,2,4,82)
r(351,3,4,82)
r(65,3,4,82)
r(58,4,4,82)
w(248,4,4,82)
r(192,2,4,82)
w(200,4,4,82)
w(199,3,4,82)
w(125,5,4,82)
w(315,5,5,83)
r(45,3,5,83)
w(343,6,5,83)
r(26,1,5,83)
w(199,4,5,83)
w(272,8,5,83)
r(216,1,5,83)
w(218,6,5,83)
r(117,6,5,83)
r(223,3,5,83)
r(267,9,5,83)
r(170,3,5,83)
w(207,10,5,83)
r(150,2,5,83)
r(63,4,5,83)
w(31,3,5,83)
r(192,2,5,83)
r(17,7,5,83)
r(43,3,5,83)
w(295,4,5,83)
r(103,2,6,84)
r(77,1,6,84)
r(13,4,6,84)
r(183,3,6,84)
r(153,4,6,84)
w(90,3,6,84)
w(162,13,6,84)
w(311,6,6,84)
r(252,4,6,84)
r(20,5,6,84)
r(215,4,6,84)
w(213,8,6,84)
w(283,9,6,84)
r(15,2,6,84)
r(132,4,6,84)
w(318,4,6,84)
r(247,5,6,84)
w(82,6,6,84)
w(133,9,6,84)
w(178,6,6,84)
w(213,2,1,85)
w(53,3,1,85)
r(24,6,1,85)
r(318,2,1,85)
r(69,4,1,85)
w(7,3,1,85)
w(264,2,1,85)
w(122,3,1,85)
r(346,2,1,85)
r(40,1,1,85)
w(228,2,1,85)
w(174,2,1,85)
r(176,2,1,85)
r(48,2,1,85)
r(334,3,1,85)
w(350,3,1,85)
w(9,2,1,85)
r(158,2,1,85)
r(193,2,1,85)
w(253,3,1,85)
w(29,2,2,86)
w(134,7,2,86)
w(78,2,2,86)
r(93,5,2,86)
w(227,2,2,86)
w(53,6,2,86)
w(353,3,2,86)
r(128,3,2,86)
w(94,3,2,86)
w(260,2,2,86)
w(18,3,2,86)
r(172,9,2,86)
w(111,2,2,86)
r(46,3,2,86)
r(30,5,2,86)
w(59,5,2,86)
r(204,4,2,86)
r(335,1,2,86)
r(247,5,2,86)
r(210,3,2,86)
r(18,4,3,87)
w(75,2,3,87)
r(102,6,3,87)
r(275,1,3,87)
r(278,2,3,87)
w(38,2,3,87)
r(296,9,3,87)
w(14,3,3,87)
w(257,3,3,87)
r(278,2,3,87)
r(124,2,3,87)
r(158,2,3,87)
w(272,3,3,87)
r(95,7,3,87)
r(164,5,3,87)
w(246,4,3,87)
r(264,2,3,87)
w(74,3,3,87)
w(139,7,3,87)
w(3,5,3,87)
r(101,1,4,88)
w(175,3,4,88)
w(24,5,4,88)
w(265,6,4,88)
w(205,4,4,88)
r(356,4,4,88)
w(344,6,4,88)
w(78,5,4,88)
w(322,3,4,88)
r(117,6,4,88)
r(42,9,4,88)
w(230,5,4,88)
r(334,3,4,88)
r(17,7,4,88)
w(165,5,4,88)
w(144,4,4,88)
w(105,4,4,88)
w(194,6,4,88)
w(75,4,4,88)
w(25,6,4,88)
r(186,3,5,89)
w(255,11,5,89)
r(67,1,5,89)
r(48,2,5,89)
w(197,3,5,89)
r(170,3,5,89)
r(18,4,5,89)
r(63,4,5,89)
r(317,4,5,89)
r(81,3,5,89)
w(53,10,5,89)
w(13,4,5,89)
w(251,3,5,89)
w(321,3,5,89)
r(350,3,5,89)
r(293,3,5,89)
r(309,2,5,89)
r(20,5,5,89)
r(282,2,5,89)
w(162,10,5,89)
w(18,9,6,90)
w(193,5,6,90)
r(259,2,6,90)
w(150,4,6,90)
w(220,6,6,90)
r(278,2,6,90)
r(344,6,6,90)
r(183,3,6,90)
w(314,8,6,90)
r(127,3,6,90)
r(192,3,6,90)
w(92,7,6,90)
r(280,3,6,90)
r(290,2,6,90)
r(29,2,6,90)
w(147,4,6,90)
w(63,5,6,90)
w(245,7,6,90)
w(233,6,6,90)
r(109,3,6,90)
r(359,4,1,91)
w(298,3,1,91)
w(10,4,1,91)
r(260,4,1,91)
r(30,5,1,91)
r(299,2,1,91)
w(265,4,1,91)
r(349,3,1,91)
r(347,4,1,91)
w(203,2,1,91)
r(6,2,1,91)
w(267,2,1,91)
w(238,2,1,91)
w(163,2,1,91)
w(226,2,1,91)
r(170,3,1,91)
w(192,3,1,91)
w(176,3,1,91)
w(169,2,1,91)
r(355,4,1,91)
w(145,2,2,92)
r(18,9,2,92)
r(4,3,2,92)
w(80,4,2,92)
r(302,11,2,92)
w(104,2,2,92)
w(120,6,2,92)
r(237,5,2,92)
w(225,2,2,92)
r(264,2,2,92)
w(80,5,2,92)
r(249,4,2,92)
r(35,3,2,92)
r(30,5,2,92)
w(141,5,2,92)
w(255,5,2,92)
w(121,2,2,92)
w(301,2,2,92)
w(215,5,2,92)
w(221,4,2,92)
r(216,1,3,93)
r(317,4,3,93)
w(125,4,3,93)
r(242,3,3,93)
w(207,5,3,93)
w(287,4,3,93)
w(122,5,3,93)
r(179,2,3,93)
r(337,4,3,93)
r(324,7,3,93)
r(344,6,3,93)
r(332,2,3,93)
w(207,6,3,93)
w(47,4,3,93)
r(71,5,3,93)
w(202,7,3,93)
w(128,3,3,93)
w(4,3,3,93)
r(250,2,3,93)
w(97,4,3,93)
w(102,5,4,94)
r(307,4,4,94)
r(271,2,4,94)
w(204,5,4,94)
w(302,6,4,94)
w(144,5,4,94)
r(75,4,4,94)
w(33,5,4,94)
w(229,5,4,94)
w(44,5,4,94)
r(312,2,4,94)
w(253,9,4,94)
r(275,1,4,94)
r(275,1,4,94)
w(155,3,4,94)
r(128,3,4,94)
r(65,3,4,94)
w(39,4,4,94)
r(79,6,4,94)
w(325,7,5,95)
r(54,3,5,95)
w(154,5,5,95)
w(244,6,5,95)
w(222,7,5,95)
r(48,2,5,95)
w(203,6,5,95)
w(27,4,5,95)
w(86,3,5,95)
w(41,4,5,95)
r(17,2,5,95)
r(61,2,5,95)
r(64,1,5,95)
r(49,1,5,95)
w(14,6,5,95)
w(184,8,5,95)
r(190,6,5,95)
r(286,7,5,95)
r(232,1,5,95)
w(275,3,5,95)
r(304,5,6,96)
r(263,6,6,96)
w(212,6,6,96)
r(287,4,6,96)
w(319,5,6,96)
w(140,7,6,96)
w(258,5,6,96)
w(270,7,6,96)
r(222,7,6,96)
r(176,3,6,96)
r(191,3,6,96)
r(50,4,6,96)
r(67,2,6,96)
r(288,3,6,96)
w(20,6,6,96)
w(125,9,6,96)
r(60,1,6,96)
w(240,10,6,96)
w(248,9,6,96)
r(320,2,6,96)
w(352,3,1,97)
w(84,2,1,97)
w(67,2,1,97)
r(217,5,1,97)
r(173,4,1,97)
w(120,2,1,97)
r(277,1,1,97)
w(340,2,1,97)
w(306,2,1,97)
r(320,2,1,97)
r(335,1,1,97)
r(326,2,1,97)
w(17,2,1,97)
r(296,9,1,97)
w(22,2,1,97)
w(240,2,1,97)
r(311,2,1,97)
w(285,2,1,97)
w(181,3,1,97)
w(202,4,1,97)
r(132,4,2,98)
w(333,4,2,98)
r(355,4,2,98)
w(134,9,2,98)
w(72,3,2,98)
r(273,6,2,98)
w(359,2,2,98)
w(11,5,2,98)
r(296,9,2,98)
r(83,2,2,98)
r(320,2,2,98)
r(22,2,2,98)
w(153,3,2,98)
w(233,4,2,98)
w(162,6,2,98)
w(84,4,2,98)
r(332,2,2,98)
r(143,3,2,98)
w(128,2,2,98)
r(154,5,2,98)
r(278,2,3,99)
r(152,3,3,99)
r(109,3,3,99)
w(299,5,3,99)
r(130,1,3,99)
r(128,3,3,99)
r(125,4,3,99)
w(103,4,3,99)
r(241,2,3,99)
w(242,4,3,99)
r(105,4,3,99)
w(46,5,3,99)
r(351,3,3,99)
w(282,3,3,99)
r(20,5,3,99)
r(84,2,3,99)
w(325,3,3,99)
w(182,2,3,99)
r(263,6,3,99)
w(65,6,3,99)
w(345,2,4,100)
r(329,1,4,100)
w(241,4,4,100)
w(237,2,4,100)
w(310,7,4,100)
w(245,5,4,100)
r(119,3,4,100)
w(151,9,4,100)
r(347,4,4,100)
r(259,2,4,100)
w(11,7,4,100)
w(324,9,4,100)
r(221,4,4,100)
r(106,3,4,100)
w(59,7,4,100)
w(60,3,4,100)
r(126,2,4,100)
w(54,4,4,100)
r(299,5,4,100)
r(59,7,4,100)
r(45,3,5,101)
w(337,6,5,101)
w(330,4,5,101)
r(334,3,5,101)
w(57,3,5,101)
r(129,3,5,101)
r(306,2,5,101)
w(303,4,5,101)
r(210,3,5,101)
r(42,9,5,101)
r(260,2,5,101)
r(166,5,5,101)
r(338,2,5,101)
r(45,3,5,101)
r(273,6,5,101)
r(68,2,5,101)
w(93,6,5,101)
r(31,3,5,101)
w(283,7,5,101)
r(27,4,5,101)
w(299,6,6,102)
r(339,2,6,102)
r(162,6,6,102)
r(282,3,6,102)
r(240,10,6,102)
w(124,6,6,102)
r(64,1,6,102)
w(55,4,6,102)
w(356,9,6,102)
w(283,8,6,102)
w(178,7,6,102)
r(239,3,6,102)
r(172,9,6,102)
w(269,2,6,102)
w(73,7,6,102)
w(225,6,6,102)
w(162,12,6,102)
r(132,4,6,102)
r(90,3,6,102)
r(195,3,6,102)
r(187,6,1,103)
r(60,1,1,103)
w(65,4,1,103)
r(300,4,1,103)
w(280,2,1,103)
r(194,6,1,103)
w(53,4,1,103)
r(265,4,1,103)
w(80,2,1,103)
r(256,8,1,103)
r(300,4,1,103)
w(295,2,1,103)
w(208,2,1,103)
w(253,4,1,103)
r(62,3,1,103)
r(272,3,1,103)
w(202,5,1,103)
r(169,2,1,103)
w(113,2,1,103)
r(284,4,1,103)
r(46,5,2,104)
r(327,5,2,104)
w(142,2,2,104)
w(186,4,2,104)
w(284,2,2,104)
r(251,3,2,104)
r(264,2,2,104)
w(162,7,2,104)
r(31,3,2,104)
w(323,4,2,104)
w(198,3,2,104)
w(240,4,2,104)
w(167,2,2,104)
r(179,2,2,104)
r(353,3,2,104)
w(139,5,2,104)
r(88,3,2,104)
w(161,4,2,104)
r(20,7,2,104)
w(89,2,2,104)
w(35,2,3,105)
w(343,4,3,105)
w(258,3,3,105)
w(104,4,3,105)
r(154,5,3,105)
w(6,3,3,105)
w(52,3,3,105)
w(81,5,3,105)
w(214,3,3,105)
w(73,3,3,105)
w(76,3,3,105)
r(77,1,3,105)
r(224,3,3,105)
w(40,2,3,105)
r(336,2,3,105)
r(298,3,3,105)
r(258,3,3,105)
r(44,2,3,105)
r(299,5,3,105)
r(242,4,3,105)
w(140,4,4,106)
w(10,9,4,106)
r(4,3,4,106)
r(228,2,4,106)
r(294,3,4,106)
r(211,5,4,106)
w(222,4,4,106)
w(337,5,4,106)
w(228,6,4,106)
r(214,3,4,106)
w(183,6,4,106)
r(251,3,4,106)
w(206,4,4,106)
w(257,4,4,106)
r(234,3,4,106)
r(257,4,4,106)
w(347,3,4,106)
r(295,2,4,106)
r(255,3,4,106)
w(15,6,4,106)
r(1,2,5,107)
r(115,4,5,107)
r(175,3,5,107)
r(7,3,5,107)
r(79,6,5,107)
w(304,10,5,107)
r(253,4,5,107)
w(236,5,5,107)
w(2,3,5,107)
w(96,6,5,107)
w(189,2,5,107)
r(8,3,5,107)
r(113,2,5,107)
r(332,2,5,107)
r(286,7,5,107)
w(21,6,5,107)
r(213,8,5,107)
r(153,3,5,107)
w(30,7,5,107)
w(216,2,5,107)
w(103,9,6,108)
r(218,6,6,108)
w(159,3,6,108)
r(125,9,6,108)
w(313,6,6,108)
r(135,2,6,108)
w(352,4,6,108)
w(20,7,6,108)
w(39,6,6,108)
w(89,6,6,108)
r(133,9,6,108)
r(125,9,6,108)
r(344,6,6,108)
w(232,5,6,108)
w(100,2,6,108)
r(308,4,6,108)
w(141,8,6,108)
r(84,4,6,108)
w(100,3,6,108)
w(174,7,6,108)
r(98,7,1,109)
w(42,2,1,109)
w(255,3,1,109)
w(350,4,1,109)
w(91,2,1,109)
r(279,9,1,109)
w(324,2,1,109)
r(283,7,1,109)
r(341,3,1,109)
w(296,4,1,109)
w(120,3,1,109)
w(238,3,1,109)
w(219,2,1,109)
r(95,7,1,109)
w(230,3,1,109)
w(94,2,1,109)
r(206,2,1,109)
r(44,2,1,109)
r(69,4,1,109)
r(184,8,1,109)
r(195,3,2,110)
r(139,5,2,110)
w(117,3,2,110)
w(95,5,2,110)
r(317,3,2,110)
w(297,6,2,110)
w(131,2,2,110)
r(188,2,2,110)
r(136,6,2,110)
w(334,2,2,110)
r(32,3,2,110)
r(218,6,2,110)
r(38,4,2,110)
r(357,2,2,110)
w(295,3,2,110)
w(22,3,2,110)
r(144,4,2,110)
w(231,6,2,110)
w(274,4,2,110)
w(51,4,2,110)
r(128,2,3,111)
w(120,8,3,111)
w(70,5,3,111)
r(48,3,3,111)
r(274,2,3,111)
r(51,2,3,111)
w(180,4,3,111)
r(165,5,3,111)
r(317,3,3,111)
w(117,4,3,111)
r(295,2,3,111)
w(51,6,3,111)
r(243,2,3,111)
w(38,3,3,111)
w(150,3,3,111)
w(151,6,3,111)
r(124,6,3,111)
w(260,3,3,111)
r(106,3,3,111)
w(76,4,3,111)
r(220,6,4,112)
r(354,5,4,112)
w(254,7,4,112)
r(328,4,4,112)
r(66,5,4,112)
r(258,3,4,112)
w(303,3,4,112)
w(297,10,4,112)
r(68,2,4,112)
w(95,9,4,112)
w(76,6,4,112)
w(217,6,4,112)
w(129,5,4,112)
r(127,3,4,112)
r(214,3,4,112)
r(84,4,4,112)
w(38,4,4,112)
w(66,3,4,112)
r(169,2,4,112)
r(185,2,4,112)
r(146,5,5,113)
r(146,5,5,113)
w(144,6,5,113)
r(313,6,5,113)
r(30,7,5,113)
r(130,1,5,113)
r(177,2,5,113)
w(152,6,5,113)
w(50,7,5,113)
w(276,6,5,113)
r(213,8,5,113)
w(245,6,5,113)
w(99,4,5,113)
w(344,10,5,113)
r(318,4,5,113)
r(44,2,5,113)
w(213,7,5,113)
w(113,7,5,113)
r(252,4,5,113)
w(248,5,5,113)
w(169,9,6,114)
r(331,2,6,114)
r(314,8,6,114)
w(238,7,6,114)
r(195,3,6,114)
r(325,3,6,114)
w(90,4,6,114)
w(294,5,6,114)
w(93,9,6,114)
r(124,6,6,114)
w(175,4,6,114)
w(235,6,6,114)
w(209,4,6,114)
w(225,7,6,114)
r(151,6,6,114)
r(95,9,6,114)
r(69,4,6,114)
r(18,9,6,114)
r(328,4,6,114)
r(72,3,6,114)
w(116,2,1,115)
r(293,3,1,115)
w(289,3,1,115)
r(177,2,1,115)
r(143,3,1,115)
r(234,3,1,115)
w(274,2,1,115)
w(331,2,1,115)
r(320,2,1,115)
w(52,2,1,115)
r(152,3,1,115)
r(73,7,1,115)
r(190,6,1,115)
w(305,2,1,115)
w(324,3,1,115)
w(346,3,1,115)
r(130,1,1,115)
r(20,6,1,115)
r(279,9,1,115)
w(110,2,1,115)
r(79,6,2,116)
w(21,4,2,116)
r(201,1,2,116)
r(180,4,2,116)
w(120,7,2,116)
w(21,5,2,116)
r(171,3,2,116)
r(163,6,2,116)
w(356,3,2,116)
r(313,6,2,116)
w(301,3,2,116)
r(120,7,2,116)
w(217,2,2,116)
w(332,3,2,116)
r(76,6,2,116)
r(231,3,2,116)
w(297,7,2,116)
r(26,1,2,116)
r(56,2,2,116)
r(232,3,2,116)
r(201,1,3,117)
w(96,3,3,117)
w(117,5,3,117)
w(179,4,3,117)
w(46,6,3,117)
w(158,5,3,117)
w(325,4,3,117)
w(232,2,3,117)
w(158,6,3,117)
r(220,6,3,117)
r(137,3,3,117)
w(164,6,3,117)
w(129,4,3,117)
w(148,3,3,117)
r(301,3,3,117)
w(109,2,3,117)
r(100,3,3,117)
r(211,5,3,117)
w(310,5,3,117)
r(102,6,3,117)
w(10,8,4,118)
w(17,6,4,118)
r(264,2,4,118)
w(219,6,4,118)
w(80,7,4,118)
w(39,5,4,118)
w(87,5,4,118)
w(107,2,4,118)
r(137,3,4,118)
w(241,5,4,118)
w(174,6,4,118)
r(70,5,4,118)
w(22,6,4,118)
r(284,2,4,118)
w(88,4,4,118)
r(203,6,4,118)
r(139,5,4,118)
r(209,4,4,118)
r(210,3,4,118)
w(146,5,4,118)
w(163,6,5,119)
r(308,4,5,119)
r(169,9,5,119)
w(232,3,5,119)
r(153,3,5,119)
w(302,10,5,119)
r(24,5,5,119)
w(140,5,5,119)
r(167,2,5,119)
w(52,4,5,119)
w(66,6,5,119)
r(45,3,5,119)
r(160,4,5,119)
w(28,5,5,119)
w(271,5,5,119)
w(154,6,5,119)
w(75,6,5,119)
w(187,4,5,119)
r(292,2,5,119)
w(346,7,5,119)
r(360,3,6,120)
r(72,3,6,120)
r(354,2,6,120)
r(193,5,6,120)
w(111,8,6,120)
r(347,3,6,120)
w(238,9,6,120)
w(354,6,6,120)
r(33,4,6,120)
r(342,2,6,120)
r(247,5,6,120)
r(312,3,6,120)
r(360,3,6,120)
w(114,7,6,120)
w(353,7,6,120)
w(81,7,6,120)
w(10,12,6,120)
w(154,7,6,120)
w(262,9,6,120)
w(340,6,6,120)
r(267,2,1,121)
w(158,3,1,121)
w(161,3,1,121)
r(328,4,1,121)
w(234,2,1,121)
r(294,3,1,121)
w(357,2,1,121)
w(190,2,1,121)
r(73,7,1,121)
w(272,2,1,121)
r(308,4,1,121)
w(56,2,1,121)
w(51,2,1,121)
w(355,3,1,121)
w(48,3,1,121)
r(351,3,1,121)
w(317,3,1,121)
w(9,3,1,121)
w(207,3,1,121)
r(354,5,1,121)
r(126,6,2,122)
w(313,5,2,122)
w(17,3,2,122)
r(214,3,2,122)
w(336,3,2,122)
w(113,5,2,122)
r(67,2,2,122)
r(67,2,2,122)
r(186,4,2,122)
w(324,5,2,122)
r(197,3,2,122)
w(177,3,2,122)
r(182,2,2,122)
w(30,2,2,122)
w(32,2,2,122)
w(188,3,2,122)
w(57,2,2,122)
w(79,2,2,122)
w(47,3,2,122)
w(72,4,2,122)
w(304,9,3,123)
w(4,4,3,123)
r(284,2,3,123)
r(167,2,3,123)
r(43,3,3,123)
r(81,7,3,123)
w(14,4,3,123)
w(174,5,3,123)
w(152,4,3,123)
r(58,4,3,123)
w(248,3,3,123)
r(153,3,3,123)
r(343,4,3,123)
r(61,2,3,123)
w(263,4,3,123)
w(31,2,3,123)
w(193,3,3,123)
w(128,4,3,123)
w(236,4,3,123)
r(307,4,3,123)
r(246,4,4,124)
w(70,6,4,124)
r(180,4,4,124)
w(126,6,4,124)
r(46,5,4,124)
w(205,5,4,124)
w(195,4,4,124)
w(77,3,4,124)
w(143,4,4,124)
r(312,3,4,124)
r(278,2,4,124)
r(99,4,4,124)
r(78,2,4,124)
w(323,7,4,124)
w(75,5,4,124)
r(162,3,4,124)
r(109,3,4,124)
r(131,2,4,124)
w(225,4,4,124)
r(272,2,4,124)
w(53,11,5,125)
r(116,2,5,125)
w(314,6,5,125)
r(119,3,5,125)
r(228,6,5,125)
r(167,2,5,125)
w(311,5,5,125)
r(103,9,5,125)
r(285,2,5,125)
w(225,5,5,125)
r(121,2,5,125)
r(203,6,5,125)
r(102,6,5,125)
r(218,6,5,125)
w(152,7,5,125)
r(184,8,5,125)
r(224,3,5,125)
r(180,4,5,125)
w(238,5,5,125)
r(172,9,5,125)
w(18,8,6,126)
r(188,3,6,126)
w(104,9,6,126)
w(97,6,6,126)
w(53,13,6,126)
w(152,9,6,126)
w(153,6,6,126)
w(147,5,6,126)
r(303,3,6,126)
r(48,3,6,126)
r(287,9,6,126)
r(285,2,6,126)
w(306,3,6,126)
w(116,6,6,126)
r(272,9,6,126)
r(125,9,6,126)
w(304,11,6,126)
w(333,6,6,126)
w(183,7,6,126)
w(190,7,6,126)
w(19,2,1,127)
r(214,3,1,127)
r(173,4,1,127)
w(261,2,1,127)
r(72,3,1,127)
r(263,6,1,127)
w(231,3,1,127)
w(162,3,1,127)
w(354,2,1,127)
w(312,3,1,127)
r(66,3,1,127)
r(174,6,1,127)
w(268,3,1,127)
r(335,1,1,127)
r(281,2,1,127)
r(59,7,1,127)
w(50,2,1,127)
r(122,5,1,127)
w(134,3,1,127)
r(25,6,1,127)
w(333,5,2,128)
w(262,3,2,128)
r(334,2,2,128)
w(141,6,2,128)
r(297,4,2,128)
r(170,3,2,128)
w(85,5,2,128)
r(33,4,2,128)
w(111,3,2,128)
r(141,6,2,128)
w(39,2,2,128)
r(222,4,2,128)
w(252,2,2,128)
r(213,7,2,128)
w(76,2,2,128)
w(67,3,2,128)
r(131,2,2,128)
r(349,5,2,128)
r(128,4,2,128)
w(208,5,2,128)
w(166,4,3,129)
w(82,3,3,129)
r(327,5,3,129)
w(234,4,3,129)
w(325,5,3,129)
w(349,5,3,129)
w(201,2,3,129)
w(44,3,3,129)
w(307,2,3,129)
w(43,4,3,129)
r(232,2,3,129)
w(297,9,3,129)
w(357,6,3,129)
w(18,5,3,129)
r(179,4,3,129)
r(40,2,3,129)
w(68,4,3,129)
r(234,4,3,129)
w(158,7,3,129)
w(91,5,3,129)
w(34,3,4,130)
w(272,9,4,130)
w(155,4,4,130)
w(139,9,4,130)
w(133,6,4,130)
r(208,2,4,130)
r(128,2,4,130)
w(324,8,4,130)
w(151,8,4,130)
r(41,4,4,130)
r(176,3,4,130)
w(360,6,4,130)
r(190,2,4,130)
w(114,3,4,130)
r(344,10,4,130)
r(298,3,4,130)
r(117,5,4,130)
w(267,5,4,130)
r(78,2,4,130)
r(28,5,4,130)
w(145,4,5,131)
r(179,4,5,131)
r(104,4,5,131)
r(86,3,5,131)
r(172,9,5,131)
w(315,6,5,131)
w(10,11,5,131)
r(245,6,5,131)
r(45,3,5,131)
r(4,4,5,131)
w(270,6,5,131)
r(83,2,5,131)
r(7,3,5,131)
r(308,4,5,131)
w(92,6,5,131)
r(16,5,5,131)
w(117,7,5,131)
w(149,3,5,131)
w(287,9,5,131)
r(330,4,5,131)
r(193,3,6,132)
r(281,2,6,132)
r(208,5,6,132)
r(151,8,6,132)
r(42,10,6,132)
r(302,10,6,132)
w(213,10,6,132)
r(357,6,6,132)
w(355,6,6,132)
w(298,4,6,132)
r(280,2,6,132)
r(317,3,6,132)
w(219,7,6,132)
w(197,4,6,132)
w(170,6,6,132)
r(281,2,6,132)
w(51,9,6,132)
w(331,6,6,132)
r(44,3,6,132)
r(71,5,6,132)
w(25,3,1,133)
w(346,4,1,133)
w(251,2,1,133)
w(37,3,1,133)
r(69,4,1,133)
r(83,2,1,133)
r(205,5,1,133)
w(93,2,1,133)
w(254,4,1,133)
w(65,5,1,133)
w(25,4,1,133)
w(221,3,1,133)
w(346,5,1,133)
w(85,4,1,133)
w(155,2,1,133)
w(49,2,1,133)
w(19,3,1,133)
w(184,5,1,133)
w(97,2,1,133)
w(87,2,1,133)
w(30,3,2,134)
w(349,4,2,134)
w(163,3,2,134)
r(78,2,2,134)
r(309,2,2,134)
w(179,3,2,134)
r(107,2,2,134)
w(270,3,2,134)
w(134,8,2,134)
r(32,2,2,134)
w(344,5,2,134)
r(139,9,2,134)
w(324,6,2,134)
w(271,3,2,134)
w(126,3,2,134)
r(229,9,2,134)
w(261,3,2,134)
r(77,3,2,134)
r(340,6,2,134)
w(163,4,2,134)
w(119,2,3,135)
r(245,6,3,135)
w(18,6,3,135)
r(37,3,3,135)
r(270,6,3,135)
w(354,3,3,135)
w(178,3,3,135)
w(214,4,3,135)
w(28,2,3,135)
r(114,3,3,135)
r(67,3,3,135)
r(114,3,3,135)
w(42,6,3,135)
r(135,2,3,135)
w(49,3,3,135)
r(209,4,3,135)
w(170,2,3,135)
r(219,6,3,135)
r(131,2,3,135)
r(53,13,3,135)
w(177,5,4,136)
w(111,6,4,136)
r(120,5,4,136)
w(284,3,4,136)
r(47,3,4,136)
w(300,5,4,136)
r(185,2,4,136)
r(219,6,4,136)
w(58,2,4,136)
w(259,5,4,136)
w(187,2,4,136)
w(198,6,4,136)
r(98,7,4,136)
r(145,4,4,136)
r(354,6,4,136)
r(208,5,4,136)
r(195,4,4,136)
r(314,6,4,136)
r(293,3,4,136)
r(277,1,4,136)
r(58,2,5,137)
w(33,7,5,137)
w(180,6,5,137)
r(316,4,5,137)
r(349,5,5,137)
w(257,5,5,137)
w(182,3,5,137)
w(259,6,5,137)
w(287,8,5,137)
w(163,7,5,137)
r(291,3,5,137)
w(276,7,5,137)
r(183,7,5,137)
r(113,3,5,137)
w(79,5,5,137)
w(42,10,5,137)
r(190,7,5,137)
r(218,6,5,137)
w(205,7,5,137)
w(104,7,5,137)
w(47,7,6,138)
r(156,4,6,138)
r(89,2,6,138)
r(339,2,6,138)
r(347,3,6,138)
r(139,9,6,138)
r(324,6,6,138)
w(183,9,6,138)
r(86,3,6,138)
w(48,6,6,138)
w(3,9,6,138)
w(114,9,6,138)
r(101,1,6,138)
w(10,14,6,138)
w(16,7,6,138)
r(117,7,6,138)
w(69,5,6,138)
r(63,5,6,138)
r(351,3,6,138)
w(74,4,6,138)
r(321,3,1,139)
r(166,4,1,139)
w(42,3,1,139)
w(81,2,1,139)
r(101,1,1,139)
w(141,3,1,139)
w(180,3,1,139)
r(81,2,1,139)
w(18,2,1,139)
w(333,2,1,139)
r(81,2,1,139)
w(70,3,1,139)
w(297,4,1,139)
w(331,3,1,139)
r(21,5,1,139)
r(207,3,1,139)
w(273,3,1,139)
w(120,4,1,139)
w(208,3,1,139)
r(9,3,1,139)
r(351,3,2,140)
r(231,3,2,140)
w(338,3,2,140)
w(112,2,2,140)
r(83,2,2,140)
r(101,1,2,140)
r(50,2,2,140)
w(198,4,2,140)
r(167,2,2,140)
r(241,5,2,140)
w(53,7,2,140)
w(283,2,2,140)
r(67,3,2,140)
r(26,1,2,140)
w(252,3,2,140)
w(316,3,2,140)
w(20,3,2,140)
r(111,6,2,140)
r(84,5,2,140)
r(244,7,2,140)
r(347,3,3,141)
w(82,4,3,141)
w(116,4,3,141)
w(267,4,3,141)
r(249,4,3,141)
r(275,2,3,141)
r(325,5,3,141)
r(251,2,3,141)
w(133,5,3,141)
r(148,3,3,141)
r(149,3,3,141)
r(184,5,3,141)
w(228,4,3,141)
w(75,3,3,141)
r(243,2,3,141)
w(227,3,3,141)
w(195,2,3,141)
w(84,5,3,141)
r(23,2,3,141)
w(245,3,3,141)
w(177,6,4,142)
w(162,8,4,142)
r(121,2,4,142)
w(344,7,4,142)
r(236,4,4,142)
w(187,3,4,142)
w(1,3,4,142)
w(116,5,4,142)
r(15,6,4,142)
r(269,2,4,142)
r(37,3,4,142)
r(191,3,4,142)
w(84,6,4,142)
r(123,1,4,142)
r(87,3,4,142)
r(119,2,4,142)
r(288,3,4,142)
w(125,6,4,142)
r(303,3,4,142)
r(191,3,4,142)
r(128,4,5,143)
r(145,4,5,143)
w(178,5,5,143)
w(211,4,5,143)
w(328,5,5,143)
w(290,3,5,143)
r(28,2,5,143)
r(268,3,5,143)
r(138,2,5,143)
r(300,5,5,143)
w(224,4,5,143)
r(323,7,5,143)
w(82,5,5,143)
w(238,6,5,143)
w(185,7,5,143)
r(328,5,5,143)
w(49,4,5,143)
r(333,5,5,143)
w(194,9,5,143)
r(64,1,5,143)
w(341,4,6,144)
r(315,6,6,144)
r(4,4,6,144)
r(200,4,6,144)
r(266,3,6,144)
r(329,2,6,144)
r(38,4,6,144)
r(144,6,6,144)
w(311,7,6,144)
w(179,5,6,144)
w(310,8,6,144)
r(201,2,6,144)
r(155,2,6,144)
w(41,6,6,144)
w(118,5,6,144)
w(181,5,6,144)
r(35,2,6,144)
w(53,12,6,144)
w(261,7,6,144)
r(128,4,6,144)
w(194,2,1,145)
w(120,5,1,145)
w(127,2,1,145)
r(142,2,1,145)
r(91,5,1,145)
w(113,3,1,145)
r(335,1,1,145)
r(37,3,1,145)
w(215,2,1,145)
r(106,3,1,145)
w(16,3,1,145)
r(165,5,1,145)
w(310,3,1,145)
r(115,4,1,145)
r(297,4,1,145)
r(115,4,1,145)
r(303,3,1,145)
w(132,2,1,145)
w(87,3,1,145)
w(7,4,1,145)
r(220,6,2,146)
w(336,4,2,146)
w(305,3,2,146)
w(194,3,2,146)
w(268,4,2,146)
r(243,2,2,146)
r(121,6,2,146)
r(196,2,2,146)
w(215,6,2,146)
r(189,2,2,146)
w(10,7,2,146)
w(202,6,2,146)
r(114,9,2,146)
r(258,4,2,146)
w(224,2,2,146)
w(206,3,2,146)
r(52,4,2,146)
r(98,7,2,146)
r(27,4,2,146)
w(24,2,2,146)
w(347,2,3,147)
r(174,5,3,147)
r(316,3,3,147)
r(43,4,3,147)
r(33,7,3,147)
r(288,3,3,147)
r(18,7,3,147)
w(272,4,3,147)
w(73,4,3,147)
w(99,3,3,147)
w(91,6,3,147)
w(13,2,3,147)
w(123,2,3,147)
r(192,3,3,147)
w(272,5,3,147)
r(274,4,3,147)
r(184,5,3,147)
r(335,2,3,147)
r(348,1,3,147)
r(255,9,3,147)
w(71,6,4,148)
w(36,3,4,148)
w(255,9,4,148)
r(196,2,4,148)
w(311,4,4,148)
w(213,6,4,148)
r(206,4,4,148)
r(194,9,4,148)
w(336,5,4,148)
r(95,5,4,148)
r(160,4,4,148)
w(282,4,4,148)
w(72,6,4,148)
w(268,5,4,148)
w(95,8,4,148)
r(320,2,4,148)
r(146,5,4,148)
w(32,4,4,148)
w(67,5,4,148)
w(198,7,4,148)
r(217,2,5,149)
r(250,2,5,149)
w(232,4,5,149)
w(264,5,5,149)
w(151,11,5,149)
w(72,9,5,149)
r(225,5,5,149)
w(37,5,5,149)
w(102,7,5,149)
w(244,7,5,149)
r(159,3,5,149)
r(15,6,5,149)
r(182,3,5,149)
r(269,2,5,149)
w(9,9,5,149)
r(9,9,5,149)
w(18,7,5,149)
r(219,7,5,149)
r(280,2,5,149)
r(103,9,5,149)
r(145,4,6,150)
r(154,7,6,150)
w(158,8,6,150)
r(135,3,6,150)
w(96,7,6,150)
w(4,7,6,150)
r(36,3,6,150)
r(214,4,6,150)
w(264,7,6,150)
w(112,4,6,150)
r(233,5,6,150)
r(215,6,6,150)
r(254,4,6,150)
r(49,4,6,150)
w(132,5,6,150)
r(274,4,6,150)
r(58,2,6,150)
w(228,7,6,150)
r(214,4,6,150)
r(123,2,6,150)
r(99,4,1,151)
r(124,6,1,151)
w(275,2,1,151)
w(165,2,1,151)
r(348,1,1,151)
r(62,3,1,151)
w(335,2,1,151)
r(339,2,1,151)
r(76,2,1,151)
r(245,6,1,151)
r(243,2,1,151)
r(152,9,1,151)
w(158,4,1,151)
w(164,3,1,151)
w(172,2,1,151)
r(252,2,1,151)
r(171,3,1,151)
w(344,2,1,151)
r(115,4,1,151)
r(213,10,1,151)
r(130,2,2,152)
w(120,9,2,152)
w(111,4,2,152)
w(29,3,2,152)
w(70,4,2,152)
w(360,2,2,152)
w(103,3,2,152)
r(35,2,2,152)
w(248,2,2,152)
r(319,5,2,152)
r(260,3,2,152)
w(357,5,2,152)
w(71,2,2,152)
r(214,4,2,152)
r(9,7,2,152)
r(160,4,2,152)
w(60,2,2,152)
w(124,3,2,152)
r(290,3,2,152)
r(64,1,2,152)
r(62,3,3,153)
r(284,3,3,153)
r(9,7,3,153)
w(329,2,3,153)
r(284,3,3,153)
w(283,5,3,153)
r(43,4,3,153)
r(330,5,3,153)
w(87,4,3,153)
r(306,3,3,153)
r(283,5,3,153)
w(219,5,3,153)
w(93,3,3,153)
r(180,6,3,153)
w(135,3,3,153)
r(307,2,3,153)
r(348,1,3,153)
r(19,4,3,153)
r(30,3,3,153)
r(333,5,3,153)
r(321,3,4,154)
w(211,3,4,154)
r(95,8,4,154)
w(121,6,4,154)
r(56,2,4,154)
r(196,2,4,154)
w(9,7,4,154)
w(198,9,4,154)
r(56,2,4,154)
w(139,8,4,154)
r(26,1,4,154)
r(155,2,4,154)
r(265,4,4,154)
w(266,3,4,154)
w(51,7,4,154)
w(309,5,4,154)
w(151,10,4,154)
w(308,5,4,154)
w(278,3,4,154)
r(77,3,4,154)
w(138,3,5,155)
r(79,5,5,155)
w(357,10,5,155)
r(194,9,5,155)
r(160,4,5,155)
r(303,3,5,155)
r(39,2,5,155)
r(115,4,5,155)
r(251,2,5,155)
w(247,4,5,155)
w(323,9,5,155)
w(314,7,5,155)
w(354,4,5,155)
r(320,2,5,155)
r(17,3,5,155)
w(93,7,5,155)
r(85,5,5,155)
r(127,2,5,155)
w(87,6,5,155)
w(9,8,5,155)
w(5,5,6,156)
w(24,7,6,156)
w(112,5,6,156)
w(360,7,6,156)
w(252,6,6,156)
w(120,11,6,156)
r(283,6,6,156)
w(189,3,6,156)
w(181,6,6,156)
r(155,2,6,156)
w(298,5,6,156)
w(220,7,6,156)
r(171,3,6,156)
r(72,2,6,156)
w(311,9,6,156)
w(36,6,6,156)
w(100,4,6,156)
r(16,7,6,156)
w(202,8,6,156)
r(278,3,6,156)
r(151,11,1,157)
w(273,4,1,157)
w(19,4,1,157)
r(310,3,1,157)
r(200,4,1,157)
w(341,2,1,157)
w(203,3,1,157)
r(164,3,1,157)
r(13,4,1,157)
w(350,5,1,157)
r(205,7,1,157)
r(52,4,1,157)
w(185,3,1,157)
r(79,5,1,157)
w(11,2,1,157)
w(190,3,1,157)
w(219,3,1,157)
w(279,2,1,157)
w(165,3,1,157)
w(316,2,1,157)
w(270,4,2,158)
w(98,5,2,158)
w(300,3,2,158)
w(283,3,2,158)
r(15,6,2,158)
r(313,5,2,158)
r(9,7,2,158)
r(310,8,2,158)
w(115,3,2,158)
r(359,2,2,158)
r(186,4,2,158)
w(217,3,2,158)
r(139,8,2,158)
r(167,2,2,158)
r(73,4,2,158)
r(159,3,2,158)
w(288,2,2,158)
r(222,4,2,158)
r(314,7,2,158)
w(67,4,2,158)
r(151,10,3,159)
w(340,3,3,159)
r(294,5,3,159)
r(45,3,3,159)
r(218,6,3,159)
w(113,6,3,159)
w(310,6,3,159)
r(161,3,3,159)
r(184,5,3,159)
r(318,4,3,159)
r(19,5,3,159)
w(360,4,3,159)
w(91,7,3,159)
r(173,4,3,159)
r(270,4,3,159)
w(296,7,3,159)
w(201,3,3,159)
w(233,5,3,159)
w(207,7,3,159)
r(285,2,3,159)
w(255,8,4,160)
r(44,3,4,160)
w(207,9,4,160)
w(256,6,4,160)
r(271,3,4,160)
w(267,6,4,160)
w(168,5,4,160)
r(71,6,4,160)
w(71,7,4,160)
r(107,2,4,160)
w(47,5,4,160)
r(51,7,4,160)
r(296,4,4,160)
w(210,4,4,160)
w(104,6,4,160)
w(2,2,4,160)
w(108,6,4,160)
w(340,5,4,160)
r(223,5,4,160)
w(353,6,4,160)
r(308,4,5,161)
w(356,6,5,161)
r(144,6,5,161)
r(247,4,5,161)
r(209,4,5,161)
w(240,8,5,161)
r(264,5,5,161)
w(357,11,5,161)
r(74,3,5,161)
r(159,3,5,161)
w(258,4,5,161)
w(108,7,5,161)
r(42,10,5,161)
r(246,4,5,161)
r(272,9,5,161)
w(20,4,5,161)
r(140,5,5,161)
w(130,2,5,161)
r(49,4,5,161)
w(278,4,5,161)
w(333,7,6,162)
w(211,6,6,162)
w(227,6,6,162)
w(265,9,6,162)
w(66,9,6,162)
r(71,2,6,162)
r(292,2,6,162)
w(269,3,6,162)
r(7,4,6,162)
w(245,9,6,162)
r(132,5,6,162)
r(207,4,6,162)
w(289,5,6,162)
w(147,6,6,162)
r(153,6,6,162)
r(220,7,6,162)
w(147,7,6,162)
r(186,4,6,162)
r(241,5,6,162)
w(354,7,6,162)
r(244,7,1,163)
r(357,11,1,163)
w(356,2,1,163)
r(52,4,1,163)
w(149,2,1,163)
w(235,2,1,163)
r(97,6,1,163)
w(84,3,1,163)
w(327,2,1,163)
r(200,4,1,163)
r(282,4,1,163)
r(201,2,1,163)
w(72,2,1,163)
w(164,4,1,163)
w(231,4,1,163)
r(112,2,1,163)
w(48,4,1,163)
r(8,3,1,163)
w(19,5,1,163)
r(172,7,1,163)
w(243,3,2,164)
w(22,4,2,164)
w(169,4,2,164)
r(80,7,2,164)
r(126,3,2,164)
r(347,2,2,164)
w(262,4,2,164)
w(348,2,2,164)
w(253,6,2,164)
w(207,4,2,164)
w(83,4,2,164)
w(203,4,2,164)
w(261,4,2,164)
r(293,4,2,164)
w(80,6,2,164)
r(55,4,2,164)
r(113,6,2,164)
r(132,5,2,164)
r(145,4,2,164)
r(85,5,2,164)
w(254,5,3,165)
r(43,4,3,165)
r(126,3,3,165)
w(358,3,3,165)
w(183,4,3,165)
r(85,5,3,165)
r(137,3,3,165)
r(170,6,3,165)
r(258,4,3,165)
r(158,9,3,165)
w(338,5,3,165)
r(50,2,3,165)
r(283,3,3,165)
r(247,4,3,165)
r(347,2,3,165)
r(203,4,3,165)
w(245,4,3,165)
r(32,4,3,165)
w(78,3,3,165)
w(277,2,3,165)
r(86,3,4,166)
w(212,5,4,166)
r(266,3,4,166)
r(258,4,4,166)
r(189,2,4,166)
w(14,5,4,166)
w(185,5,4,166)
w(304,8,4,166)
r(27,4,4,166)
w(307,3,4,166)
w(355,5,4,166)
r(336,4,4,166)
w(46,7,4,166)
r(359,2,4,166)
r(316,3,4,166)
w(147,2,4,166)
r(260,3,4,166)
r(77,3,4,166)
r(48,4,4,166)
w(271,4,4,166)
w(146,6,5,167)
r(22,3,5,167)
w(242,5,5,167)
w(330,5,5,167)
w(293,4,5,167)
w(297,13,5,167)
r(150,3,5,167)
r(300,5,5,167)
w(215,7,5,167)
r(254,4,5,167)
w(252,5,5,167)
w(69,3,5,167)
r(48,6,5,167)
w(172,7,5,167)
w(356,7,5,167)
r(281,2,5,167)
r(24,5,5,167)
r(26,1,5,167)
w(205,9,5,167)
r(38,4,5,167)
w(179,6,6,168)
r(15,6,6,168)
w(61,5,6,168)
w(37,9,6,168)
r(69,3,6,168)
r(42,8,6,168)
w(53,14,6,168)
r(191,3,6,168)
w(13,5,6,168)
r(287,6,6,168)
r(224,2,6,168)
w(315,9,6,168)
r(221,3,6,168)
r(175,2,6,168)
r(217,3,6,168)
r(213,6,6,168)
w(239,4,6,168)
r(342,2,6,168)
w(44,6,6,168)
r(247,2,6,168)
r(27,4,1,169)
r(321,3,1,169)
r(22,3,1,169)
r(131,2,1,169)
w(41,2,1,169)
w(325,2,1,169)
r(324,6,1,169)
w(173,3,1,169)
w(200,2,1,169)
r(350,5,1,169)
w(98,3,1,169)
r(355,5,1,169)
r(151,10,1,169)
r(248,2,1,169)
w(162,4,1,169)
w(219,4,1,169)
w(88,2,1,169)
r(148,3,1,169)
w(267,3,1,169)
w(166,3,1,169)
w(293,2,2,170)
r(30,9,2,170)
r(31,2,2,170)
r(251,2,2,170)
r(76,2,2,170)
w(151,4,2,170)
w(208,6,2,170)
r(310,6,2,170)
w(175,2,2,170)
r(219,4,2,170)
r(187,5,2,170)
r(165,3,2,170)
r(250,2,2,170)
r(53,12,2,170)
w(262,5,2,170)
r(263,4,2,170)
r(154,7,2,170)
w(190,4,2,170)
w(353,4,2,170)
r(238,6,2,170)
w(311,3,3,171)
w(164,7,3,171)
r(200,2,3,171)
r(69,3,3,171)
r(111,4,3,171)
w(65,7,3,171)
r(176,3,3,171)
w(183,5,3,171)
r(47,5,3,171)
w(151,7,3,171)
r(19,5,3,171)
r(187,5,3,171)
r(105,4,3,171)
r(336,4,3,171)
w(29,4,3,171)
w(108,4,3,171)
r(66,9,3,171)
r(143,4,3,171)
w(17,4,3,171)
w(303,2,3,171)
r(296,7,4,172)
w(222,5,4,172)
r(208,5,4,172)
w(10,10,4,172)
r(160,4,4,172)
r(151,10,4,172)
r(320,2,4,172)
w(287,6,4,172)
r(302,10,4,172)
r(152,9,4,172)
r(106,3,4,172)
r(59,7,4,172)
r(86,3,4,172)
r(42,10,4,172)
r(117,7,4,172)
r(11,2,4,172)
r(38,4,4,172)
w(302,7,4,172)
r(107,2,4,172)
r(73,4,4,172)
r(303,3,5,173)
r(348,1,5,173)
r(339,2,5,173)
w(281,3,5,173)
w(120,10,5,173)
r(236,4,5,173)
w(8,5,5,173)
r(18,7,5,173)
w(290,4,5,173)
w(30,9,5,173)
r(99,3,5,173)
w(158,9,5,173)
r(208,5,5,173)
w(276,9,5,173)
r(108,6,5,173)
w(200,5,5,173)
w(187,5,5,173)
r(43,4,5,173)
r(82,4,5,173)
r(355,5,5,173)
w(280,4,6,174)
r(23,2,6,174)
r(103,3,6,174)
w(171,4,6,174)
w(108,8,6,174)
r(19,5,6,174)
r(232,4,6,174)
r(211,6,6,174)
w(291,4,6,174)
r(41,2,6,174)
w(224,5,6,174)
w(324,11,6,174)
r(359,2,6,174)
r(239,4,6,174)
w(23,4,6,174)
r(42,8,6,174)
w(268,7,6,174)
r(26,1,6,174)
w(6,4,6,174)
r(50,3,6,174)
w(140,2,1,175)
r(58,2,1,175)
r(333,5,1,175)
w(160,2,1,175)
r(87,4,1,175)
w(95,2,1,175)
r(312,3,1,175)
w(21,2,1,175)
w(223,2,1,175)
w(247,2,1,175)
r(105,4,1,175)
r(101,1,1,175)
r(320,2,1,175)
r(340,3,1,175)
r(282,4,1,175)
w(137,2,1,175)
r(230,3,1,175)
w(324,4,1,175)
w(141,4,1,175)
r(149,2,1,175)
w(304,6,2,176)
w(39,3,2,176)
r(172,7,2,176)
r(304,6,2,176)
r(105,4,2,176)
r(14,5,2,176)
r(86,3,2,176)
w(61,3,2,176)
r(201,3,2,176)
r(65,7,2,176)
w(98,6,2,176)
r(132,5,2,176)
r(173,3,2,176)
r(38,4,2,176)
w(121,3,2,176)
r(45,3,2,176)
r(5,5,2,176)
w(11,6,2,176)
w(111,5,2,176)
w(50,3,2,176)
r(272,5,3,177)
w(279,5,3,177)
r(45,3,3,177)
w(272,6,3,177)
r(304,6,3,177)
w(218,3,3,177)
r(80,6,3,177)
r(297,13,3,177)
r(333,7,3,177)
w(244,4,3,177)
r(268,4,3,177)
r(295,3,3,177)
r(342,2,3,177)
r(158,9,3,177)
w(104,5,3,177)
w(323,6,3,177)
r(306,3,3,177)
w(339,4,3,177)
w(249,5,3,177)
w(77,2,3,177)
w(283,6,4,178)
w(227,5,4,178)
r(227,5,4,178)
w(42,8,4,178)
w(33,6,4,178)
w(93,4,4,178)
r(207,4,4,178)
w(63,3,4,178)
r(290,4,4,178)
r(360,4,4,178)
w(77,4,4,178)
w(309,6,4,178)
r(301,3,4,178)
w(168,6,4,178)
r(233,5,4,178)
w(237,3,4,178)
r(87,4,4,178)
r(143,4,4,178)
r(144,6,4,178)
w(25,7,4,178)
w(83,5,5,179)
r(275,2,5,179)
w(66,7,5,179)
w(27,5,5,179)
w(140,6,5,179)
w(114,6,5,179)
r(279,2,5,179)
w(231,9,5,179)
r(19,5,5,179)
r(35,2,5,179)
r(42,8,5,179)
r(26,1,5,179)
w(162,11,5,179)
r(298,4,5,179)
w(151,13,5,179)
r(213,6,5,179)
r(213,6,5,179)
r(162,11,5,179)
w(310,9,5,179)
r(185,5,5,179)
w(300,6,6,180)
w(205,8,6,180)
w(340,7,6,180)
r(349,4,6,180)
r(329,2,6,180)
w(50,9,6,180)
r(213,6,6,180)
r(268,7,6,180)
w(298,6,6,180)
r(355,5,6,180)
w(189,4,6,180)
r(4,7,6,180)
r(217,3,6,180)
r(149,2,6,180)
r(309,6,6,180)
w(15,7,6,180)
w(103,8,6,180)
w(75,7,6,180)
w(98,9,6,180)
r(210,4,6,180)
