w(1,1,0,0)
w(2,1,0,0)
w(3,1,0,0)
w(4,1,0,0)
w(5,1,0,0)
w(6,1,0,0)
w(7,1,0,0)
w(8,1,0,0)
w(9,1,0,0)
w(10,1,0,0)
w(11,1,0,0)
w(12,1,0,0)
w(13,1,0,0)
w(14,1,0,0)
w(15,1,0,0)
w(16,1,0,0)
w(17,1,0,0)
w(18,1,0,0)
w(19,1,0,0)
w(20,1,0,0)
w(21,1,0,0)
w(22,1,0,0)
w(23,1,0,0)
w(24,1,0,0)
w(25,1,0,0)
w(26,1,0,0)
w(27,1,0,0)
w(28,1,0,0)
w(29,1,0,0)
w(30,1,0,0)
w(31,1,0,0)
w(32,1,0,0)
w(33,1,0,0)
w(34,1,0,0)
w(35,1,0,0)
w(36,1,0,0)
w(37,1,0,0)
w(38,1,0,0)
w(39,1,0,0)
w(40,1,0,0)
w(41,1,0,0)
w(42,1,0,0)
w(43,1,0,0)
w(44,1,0,0)
w(45,1,0,0)
w(46,1,0,0)
w(47,1,0,0)
w(48,1,0,0)
w(49,1,0,0)
w(50,1,0,0)
w(51,1,0,0)
w(52,1,0,0)
w(53,1,0,0)
w(54,1,0,0)
w(55,1,0,0)
w(56,1,0,0)
w(57,1,0,0)
w(58,1,0,0)
w(59,1,0,0)
w(60,1,0,0)
w(61,1,0,0)
w(62,1,0,0)
w(63,1,0,0)
w(64,1,0,0)
w(65,1,0,0)
w(66,1,0,0)
w(67,1,0,0)
w(68,1,0,0)
w(69,1,0,0)
w(70,1,0,0)
w(71,1,0,0)
w(72,1,0,0)
w(73,1,0,0)
w(74,1,0,0)
w(75,1,0,0)
w(76,1,0,0)
w(77,1,0,0)
w(78,1,0,0)
w(79,1,0,0)
w(80,1,0,0)
w(81,1,0,0)
w(82,1,0,0)
w(83,1,0,0)
w(84,1,0,0)
w(85,1,0,0)
w(86,1,0,0)
w(87,1,0,0)
w(88,1,0,0)
w(89,1,0,0)
w(90,1,0,0)
w(91,1,0,0)
w(92,1,0,0)
w(93,1,0,0)
w(94,1,0,0)
w(95,1,0,0)
w(96,1,0,0)
w(97,1,0,0)
w(98,1,0,0)
w(99,1,0,0)
w(100,1,0,0)
w(101,1,0,0)
w(102,1,0,0)
w(103,1,0,0)
w(104,1,0,0)
w(105,1,0,0)
w(106,1,0,0)
w(107,1,0,0)
w(108,1,0,0)
w(109,1,0,0)
w(110,1,0,0)
w(111,1,0,0)
w(112,1,0,0)
w(113,1,0,0)
w(114,1,0,0)
w(115,1,0,0)
w(116,1,0,0)
w(117,1,0,0)
w(118,1,0,0)
w(119,1,0,0)
w(120,1,0,0)
w(121,1,0,0)
w(122,1,0,0)
w(123,1,0,0)
w(124,1,0,0)
w(125,1,0,0)
w(126,1,0,0)
w(127,1,0,0)
w(128,1,0,0)
w(129,1,0,0)
w(130,1,0,0)
w(131,1,0,0)
w(132,1,0,0)
w(133,1,0,0)
w(134,1,0,0)
w(135,1,0,0)
w(136,1,0,0)
w(137,1,0,0)
w(138,1,0,0)
w(139,1,0,0)
w(140,1,0,0)
w(141,1,0,0)
w(142,1,0,0)
w(143,1,0,0)
w(144,1,0,0)
w(145,1,0,0)
w(146,1,0,0)
w(147,1,0,0)
w(148,1,0,0)
w(149,1,0,0)
w(150,1,0,0)
w(151,1,0,0)
w(152,1,0,0)
w(153,1,0,0)
w(154,1,0,0)
w(155,1,0,0)
w(156,1,0,0)
w(157,1,0,0)
w(158,1,0,0)
w(159,1,0,0)
w(160,1,0,0)
w(161,1,0,0)
w(162,1,0,0)
w(163,1,0,0)
w(164,1,0,0)
w(165,1,0,0)
w(166,1,0,0)
w(167,1,0,0)
w(168,1,0,0)
w(169,1,0,0)
w(170,1,0,0)
w(171,1,0,0)
w(172,1,0,0)
w(173,1,0,0)
w(174,1,0,0)
w(175,1,0,0)
w(176,1,0,0)
w(177,1,0,0)
w(178,1,0,0)
w(179,1,0,0)
w(180,1,0,0)
w(181,1,0,0)
w(182,1,0,0)
w(183,1,0,0)
w(184,1,0,0)
w(185,1,0,0)
w(186,1,0,0)
w(187,1,0,0)
w(188,1,0,0)
w(189,1,0,0)
w(190,1,0,0)
w(191,1,0,0)
w(192,1,0,0)
w(193,1,0,0)
w(194,1,0,0)
w(195,1,0,0)
w(196,1,0,0)
w(197,1,0,0)
w(198,1,0,0)
w(199,1,0,0)
w(200,1,0,0)
w(201,1,0,0)
w(202,1,0,0)
w(203,1,0,0)
w(204,1,0,0)
w(205,1,0,0)
w(206,1,0,0)
w(207,1,0,0)
w(208,1,0,0)
w(209,1,0,0)
w(210,1,0,0)
w(211,1,0,0)
w(212,1,0,0)
w(213,1,0,0)
w(214,1,0,0)
w(215,1,0,0)
w(216,1,0,0)
w(217,1,0,0)
w(218,1,0,0)
w(219,1,0,0)
w(220,1,0,0)
w(221,1,0,0)
w(222,1,0,0)
w(223,1,0,0)
w(224,1,0,0)
w(225,1,0,0)
w(226,1,0,0)
w(227,1,0,0)
w(228,1,0,0)
w(229,1,0,0)
w(230,1,0,0)
w(231,1,0,0)
w(232,1,0,0)
w(233,1,0,0)
w(234,1,0,0)
w(235,1,0,0)
w(236,1,0,0)
w(237,1,0,0)
w(238,1,0,0)
w(239,1,0,0)
w(240,1,0,0)
w(241,1,0,0)
w(242,1,0,0)
w(243,1,0,0)
w(244,1,0,0)
w(245,1,0,0)
w(246,1,0,0)
w(247,1,0,0)
w(248,1,0,0)
w(249,1,0,0)
w(250,1,0,0)
w(251,1,0,0)
w(252,1,0,0)
w(253,1,0,0)
w(254,1,0,0)
w(255,1,0,0)
w(256,1,0,0)
w(257,1,0,0)
w(258,1,0,0)
w(259,1,0,0)
w(260,1,0,0)
w(261,1,0,0)
w(262,1,0,0)
w(263,1,0,0)
w(264,1,0,0)
w(265,1,0,0)
w(266,1,0,0)
w(267,1,0,0)
w(268,1,0,0)
w(269,1,0,0)
w(270,1,0,0)
w(271,1,0,0)
w(272,1,0,0)
w(273,1,0,0)
w(274,1,0,0)
w(275,1,0,0)
w(276,1,0,0)
w(277,1,0,0)
w(278,1,0,0)
w(279,1,0,0)
w(280,1,0,0)
w(281,1,0,0)
w(282,1,0,0)
w(283,1,0,0)
w(284,1,0,0)
w(285,1,0,0)
w(286,1,0,0)
w(287,1,0,0)
w(288,1,0,0)
w(289,1,0,0)
w(290,1,0,0)
w(291,1,0,0)
w(292,1,0,0)
w(293,1,0,0)
w(294,1,0,0)
w(295,1,0,0)
w(296,1,0,0)
w(297,1,0,0)
w(298,1,0,0)
w(299,1,0,0)
w(300,1,0,0)
w(301,1,0,0)
w(302,1,0,0)
w(303,1,0,0)
w(304,1,0,0)
w(305,1,0,0)
w(306,1,0,0)
w(307,1,0,0)
w(308,1,0,0)
w(309,1,0,0)
w(310,1,0,0)
w(311,1,0,0)
w(312,1,0,0)
w(313,1,0,0)
w(314,1,0,0)
w(315,1,0,0)
w(316,1,0,0)
w(317,1,0,0)
w(318,1,0,0)
w(319,1,0,0)
w(320,1,0,0)
w(321,1,0,0)
w(322,1,0,0)
w(323,1,0,0)
w(324,1,0,0)
w(325,1,0,0)
w(326,1,0,0)
w(327,1,0,0)
w(328,1,0,0)
w(329,1,0,0)
w(330,1,0,0)
w(331,1,0,0)
w(332,1,0,0)
w(333,1,0,0)
w(334,1,0,0)
w(335,1,0,0)
w(336,1,0,0)
w(337,1,0,0)
w(338,1,0,0)
w(339,1,0,0)
w(340,1,0,0)
w(341,1,0,0)
w(342,1,0,0)
w(343,1,0,0)
w(344,1,0,0)
w(345,1,0,0)
w(346,1,0,0)
w(347,1,0,0)
w(348,1,0,0)
w(349,1,0,0)
w(350,1,0,0)
w(351,1,0,0)
w(352,1,0,0)
w(353,1,0,0)
w(354,1,0,0)
w(355,1,0,0)
w(356,1,0,0)
w(201,2,1,1)
r(40,1,1,1)
w(257,2,1,1)
r(171,1,1,1)
w(112,2,1,1)
r(267,1,1,1)
r(36,1,1,1)
r(131,1,1,1)
r(68,1,1,1)
w(202,2,1,1)
r(203,1,2,2)
w(321,2,2,2)
r(64,1,2,2)
r(117,1,2,2)
w(114,3,2,2)
r(333,1,2,2)
r(138,1,2,2)
w(182,2,2,2)
w(293,2,2,2)
w(335,4,2,2)
w(340,2,3,3)
w(147,2,3,3)
w(16,4,3,3)
w(39,2,3,3)
w(328,4,3,3)
r(108,1,3,3)
r(227,1,3,3)
r(66,1,3,3)
w(223,4,3,3)
r(245,1,3,3)
w(205,5,4,4)
w(94,4,4,4)
w(332,4,4,4)
r(260,1,4,4)
w(258,4,4,4)
r(313,1,4,4)
r(120,1,4,4)
r(164,1,4,4)
w(280,2,4,4)
w(216,2,4,4)
w(146,3,5,5)
r(45,1,5,5)
w(276,5,5,5)
r(315,1,5,5)
w(37,5,5,5)
w(141,2,5,5)
r(242,1,5,5)
r(182,1,5,5)
w(212,6,5,5)
r(94,1,5,5)
r(313,1,6,6)
r(296,1,6,6)
w(255,4,6,6)
w(183,4,6,6)
r(65,1,6,6)
r(148,1,6,6)
w(178,5,6,6)
w(142,5,6,6)
w(273,4,6,6)
r(39,1,6,6)
w(151,2,1,7)
w(211,2,1,7)
r(174,1,1,7)
w(310,2,1,7)
w(96,2,1,7)
r(146,3,1,7)
r(316,1,1,7)
w(98,2,1,7)
r(315,1,1,7)
w(300,2,1,7)
w(49,4,2,8)
w(112,4,2,8)
r(47,1,2,8)
w(67,2,2,8)
r(116,1,2,8)
r(155,1,2,8)
w(81,4,2,8)
w(59,4,2,8)
r(122,1,2,8)
r(31,1,2,8)
w(123,4,3,9)
r(67,1,3,9)
w(266,2,3,9)
w(201,5,3,9)
r(278,1,3,9)
w(227,2,3,9)
w(46,5,3,9)
r(41,1,3,9)
r(252,1,3,9)
w(135,2,3,9)
w(200,5,4,10)
r(135,2,4,10)
r(356,1,4,10)
r(1,1,4,10)
w(149,4,4,10)
w(236,4,4,10)
r(260,1,4,10)
w(154,5,4,10)
r(334,1,4,10)
r(187,1,4,10)
r(320,1,5,11)
r(154,1,5,11)
w(21,4,5,11)
r(287,1,5,11)
w(72,5,5,11)
w(101,4,5,11)
r(290,1,5,11)
r(108,1,5,11)
r(97,1,5,11)
r(90,1,5,11)
w(95,3,6,12)
r(36,1,6,12)
r(335,1,6,12)
w(62,4,6,12)
w(115,2,6,12)
w(305,5,6,12)
w(177,6,6,12)
r(236,1,6,12)
r(182,1,6,12)
r(103,1,6,12)
w(308,2,1,13)
r(225,1,1,13)
w(167,2,1,13)
r(297,1,1,13)
r(33,1,1,13)
w(353,2,1,13)
w(107,2,1,13)
r(121,1,1,13)
w(129,2,1,13)
w(258,2,1,13)
w(76,2,2,14)
w(295,2,2,14)
r(299,1,2,14)
r(32,1,2,14)
w(123,2,2,14)
r(52,1,2,14)
r(60,1,2,14)
w(72,2,2,14)
w(112,5,2,14)
r(50,1,2,14)
r(169,1,3,15)
w(252,4,3,15)
r(97,1,3,15)
w(329,4,3,15)
r(138,1,3,15)
r(243,1,3,15)
r(45,1,3,15)
w(70,4,3,15)
r(233,1,3,15)
r(154,5,3,15)
w(182,4,4,16)
w(29,2,4,16)
w(82,4,4,16)
w(16,5,4,16)
r(204,1,4,16)
w(130,5,4,16)
w(116,4,4,16)
w(157,3,4,16)
w(24,5,4,16)
w(192,5,4,16)
r(109,1,5,17)
w(177,3,5,17)
w(90,3,5,17)
w(127,2,5,17)
r(228,1,5,17)
r(210,1,5,17)
w(205,7,5,17)
w(22,5,5,17)
w(26,4,5,17)
w(211,5,5,17)
w(85,2,6,18)
r(12,1,6,18)
w(98,3,6,18)
r(297,1,6,18)
r(107,2,6,18)
r(315,1,6,18)
r(294,1,6,18)
w(189,6,6,18)
w(177,7,6,18)
r(295,1,6,18)
w(292,2,1,19)
r(313,1,1,19)
r(139,1,1,19)
r(316,1,1,19)
r(185,1,1,19)
r(126,1,1,19)
r(333,1,1,19)
r(117,1,1,19)
w(226,2,1,19)
w(200,2,1,19)
r(72,2,2,20)
w(294,2,2,20)
r(310,2,2,20)
w(122,2,2,20)
r(246,1,2,20)
r(192,5,2,20)
r(247,1,2,20)
w(169,2,2,20)
w(308,4,2,20)
w(297,2,2,20)
w(329,5,3,21)
r(196,1,3,21)
r(23,1,3,21)
r(69,1,3,21)
w(240,4,3,21)
r(28,1,3,21)
w(169,4,3,21)
r(332,4,3,21)
w(338,4,3,21)
r(10,1,3,21)
w(235,5,4,22)
r(324,1,4,22)
r(144,1,4,22)
r(335,4,4,22)
w(252,3,4,22)
r(276,5,4,22)
r(43,1,4,22)
r(103,1,4,22)
r(324,1,4,22)
w(199,3,4,22)
r(184,1,5,23)
w(146,6,5,23)
r(33,1,5,23)
r(249,1,5,23)
w(59,6,5,23)
w(239,4,5,23)
w(263,4,5,23)
r(17,1,5,23)
r(171,1,5,23)
r(350,1,5,23)
r(192,5,6,24)
w(113,2,6,24)
w(232,4,6,24)
w(97,3,6,24)
r(296,1,6,24)
w(204,4,6,24)
w(118,2,6,24)
r(55,1,6,24)
w(341,4,6,24)
r(134,1,6,24)
w(25,2,1,25)
r(179,1,1,25)
w(317,2,1,25)
w(235,2,1,25)
w(215,2,1,25)
r(283,1,1,25)
w(195,2,1,25)
w(333,2,1,25)
r(101,4,1,25)
w(22,2,1,25)
w(128,4,2,26)
r(120,1,2,26)
w(102,4,2,26)
r(32,3,2,26)
r(64,1,2,26)
r(309,1,2,26)
w(298,4,2,26)
w(38,2,2,26)
r(99,1,2,26)
w(150,4,2,26)
w(228,3,3,27)
r(347,1,3,27)
w(275,3,3,27)
w(268,2,3,27)
w(177,2,3,27)
w(314,4,3,27)
r(21,4,3,27)
r(173,1,3,27)
r(263,4,3,27)
r(226,2,3,27)
r(58,5,4,28)
w(274,4,4,28)
r(237,1,4,28)
w(2,2,4,28)
w(32,3,4,28)
w(36,3,4,28)
w(132,4,4,28)
r(172,1,4,28)
r(180,1,4,28)
r(73,1,4,28)
w(173,3,5,29)
r(123,2,5,29)
w(58,5,5,29)
w(342,3,5,29)
r(119,1,5,29)
r(285,1,5,29)
w(77,5,5,29)
w(119,2,5,29)
w(95,5,5,29)
r(99,1,5,29)
r(120,1,6,30)
r(193,1,6,30)
r(103,1,6,30)
w(249,2,6,30)
w(66,5,6,30)
w(164,5,6,30)
r(45,1,6,30)
r(332,4,6,30)
w(23,7,6,30)
w(74,4,6,30)
w(183,2,1,31)
w(90,2,1,31)
w(137,2,1,31)
r(20,1,1,31)
r(238,1,1,31)
w(212,2,1,31)
r(211,5,1,31)
w(143,2,1,31)
w(45,2,1,31)
w(283,2,1,31)
r(3,1,2,32)
w(262,5,2,32)
w(137,4,2,32)
w(80,2,2,32)
w(202,4,2,32)
w(61,4,2,32)
r(32,3,2,32)
w(219,2,2,32)
w(281,2,2,32)
w(108,2,2,32)
w(221,4,3,33)
w(12,4,3,33)
r(32,1,3,33)
w(173,5,3,33)
r(88,1,3,33)
w(53,2,3,33)
r(173,5,3,33)
r(285,1,3,33)
r(330,1,3,33)
r(338,4,3,33)
r(11,1,4,34)
r(198,1,4,34)
r(347,1,4,34)
r(28,1,4,34)
w(205,3,4,34)
w(156,6,4,34)
w(111,2,4,34)
r(327,1,4,34)
r(32,3,4,34)
w(93,5,4,34)
w(284,3,5,35)
w(34,4,5,35)
w(281,5,5,35)
r(231,1,5,35)
r(229,1,5,35)
r(123,2,5,35)
r(155,1,5,35)
r(139,1,5,35)
r(295,2,5,35)
r(274,4,5,35)
w(281,3,6,36)
w(5,4,6,36)
w(11,6,6,36)
w(265,2,6,36)
r(184,1,6,36)
r(218,1,6,36)
w(323,2,6,36)
w(227,3,6,36)
r(287,1,6,36)
r(130,5,6,36)
r(35,1,1,37)
r(230,1,1,37)
r(221,4,1,37)
r(285,1,1,37)
w(253,2,1,37)
w(79,2,1,37)
r(311,1,1,37)
w(161,2,1,37)
r(5,1,1,37)
r(193,1,1,37)
w(252,2,2,38)
w(75,2,2,38)
r(1,1,2,38)
w(158,2,2,38)
w(152,4,2,38)
r(99,1,2,38)
w(274,2,2,38)
r(287,1,2,38)
r(15,4,2,38)
w(233,2,2,38)
r(11,1,3,39)
r(124,1,3,39)
r(247,1,3,39)
r(328,4,3,39)
w(160,2,3,39)
r(161,2,3,39)
r(209,1,3,39)
r(251,1,3,39)
w(301,2,3,39)
r(214,1,3,39)
w(54,2,4,40)
w(37,2,4,40)
r(284,3,4,40)
w(267,5,4,40)
w(330,2,4,40)
w(279,4,4,40)
r(41,1,4,40)
w(105,5,4,40)
r(238,1,4,40)
r(77,5,4,40)
w(178,4,5,41)
r(315,1,5,41)
w(283,3,5,41)
r(285,1,5,41)
r(111,2,5,41)
w(169,5,5,41)
r(340,2,5,41)
w(19,5,5,41)
w(23,6,5,41)
r(108,1,5,41)
w(15,4,6,42)
r(200,2,6,42)
r(82,4,6,42)
w(290,4,6,42)
w(90,7,6,42)
w(344,3,6,42)
r(186,1,6,42)
w(2,5,6,42)
w(180,5,6,42)
w(199,6,6,42)
r(176,1,1,43)
w(7,2,1,43)
r(110,1,1,43)
r(147,2,1,43)
r(351,1,1,43)
w(205,2,1,43)
w(32,2,1,43)
r(134,1,1,43)
w(31,2,1,43)
r(112,5,1,43)
w(56,2,2,44)
w(23,2,2,44)
r(231,1,2,44)
w(93,2,2,44)
w(286,2,2,44)
w(243,4,2,44)
w(329,2,2,44)
w(303,2,2,44)
w(214,4,2,44)
r(41,1,2,44)
r(5,4,3,45)
r(86,1,3,45)
w(189,5,3,45)
r(222,1,3,45)
r(218,1,3,45)
r(182,4,3,45)
w(116,2,3,45)
r(230,1,3,45)
w(311,2,3,45)
r(201,5,3,45)
r(208,1,4,46)
w(98,4,4,46)
r(123,2,4,46)
r(120,1,4,46)
r(325,1,4,46)
w(137,5,4,46)
w(276,4,4,46)
w(108,4,4,46)
w(318,2,4,46)
r(98,4,4,46)
r(137,5,5,47)
w(290,2,5,47)
r(141,2,5,47)
r(331,1,5,47)
w(131,4,5,47)
r(314,4,5,47)
w(310,3,5,47)
r(52,1,5,47)
w(120,5,5,47)
r(181,1,5,47)
r(279,4,6,48)
r(73,2,6,48)
w(205,8,6,48)
r(142,5,6,48)
r(146,6,6,48)
r(144,1,6,48)
r(257,2,6,48)
w(164,3,6,48)
w(181,5,6,48)
r(327,1,6,48)
w(246,2,1,49)
w(156,2,1,49)
r(298,4,1,49)
r(25,2,1,49)
w(12,2,1,49)
w(163,2,1,49)
r(125,1,1,49)
w(223,2,1,49)
r(190,1,1,49)
w(310,4,1,49)
w(164,2,2,50)
w(206,2,2,50)
w(228,2,2,50)
r(29,2,2,50)
w(96,5,2,50)
r(266,4,2,50)
w(68,2,2,50)
w(91,4,2,50)
r(335,4,2,50)
r(114,3,2,50)
w(341,2,3,51)
r(113,2,3,51)
w(264,2,3,51)
w(8,5,3,51)
w(355,4,3,51)
r(318,2,3,51)
w(206,4,3,51)
r(156,2,3,51)
w(106,5,3,51)
w(301,4,3,51)
r(281,2,4,52)
w(251,4,4,52)
w(24,3,4,52)
w(234,2,4,52)
w(133,2,4,52)
r(165,1,4,52)
r(88,1,4,52)
r(107,2,4,52)
r(329,5,4,52)
r(2,5,4,52)
w(49,3,5,53)
w(182,3,5,53)
w(141,4,5,53)
w(266,4,5,53)
w(50,4,5,53)
r(283,3,5,53)
r(202,4,5,53)
w(346,2,5,53)
r(66,5,5,53)
w(31,5,5,53)
r(68,1,6,54)
w(243,6,6,54)
w(294,4,6,54)
w(35,4,6,54)
w(270,5,6,54)
r(209,1,6,54)
r(101,4,6,54)
r(59,6,6,54)
r(104,2,6,54)
r(304,1,6,54)
w(248,2,1,55)
w(319,2,1,55)
w(214,2,1,55)
r(80,2,1,55)
w(331,2,1,55)
w(73,2,1,55)
w(166,2,1,55)
w(154,2,1,55)
w(334,2,1,55)
r(234,2,1,55)
r(259,1,2,56)
w(66,4,2,56)
w(24,4,2,56)
w(180,2,2,56)
w(272,2,2,56)
r(3,4,2,56)
w(272,4,2,56)
w(230,4,2,56)
w(8,2,2,56)
r(210,1,2,56)
w(199,4,3,57)
r(20,1,3,57)
w(149,2,3,57)
r(85,2,3,57)
w(125,3,3,57)
w(63,2,3,57)
w(239,2,3,57)
w(164,4,3,57)
r(311,2,3,57)
w(295,4,3,57)
r(338,4,4,58)
w(252,6,4,58)
r(99,1,4,58)
r(207,1,4,58)
r(243,4,4,58)
w(72,4,4,58)
r(182,3,4,58)
w(281,4,4,58)
r(222,1,4,58)
r(4,1,4,58)
r(265,2,5,59)
w(43,5,5,59)
r(300,2,5,59)
w(75,5,5,59)
w(135,5,5,59)
w(61,3,5,59)
w(15,2,5,59)
w(64,3,5,59)
r(268,2,5,59)
w(345,4,5,59)
w(115,4,6,60)
w(322,5,6,60)
w(125,6,6,60)
r(213,1,6,60)
w(147,3,6,60)
w(193,4,6,60)
w(343,5,6,60)
w(102,6,6,60)
w(40,2,6,60)
w(325,4,6,60)
w(320,2,1,61)
r(153,1,1,61)
r(111,2,1,61)
w(254,2,1,61)
w(46,2,1,61)
w(125,2,1,61)
w(156,4,1,61)
w(271,2,1,61)
r(109,1,1,61)
r(26,4,1,61)
w(8,4,2,62)
r(298,4,2,62)
w(185,2,2,62)
w(297,4,2,62)
w(240,2,2,62)
r(13,1,2,62)
r(257,4,2,62)
r(212,2,2,62)
w(199,2,2,62)
r(355,4,2,62)
r(220,1,3,63)
w(58,2,3,63)
r(240,4,3,63)
w(23,5,3,63)
w(197,2,3,63)
w(157,4,3,63)
w(250,2,3,63)
w(83,2,3,63)
w(275,6,3,63)
r(292,2,3,63)
r(291,1,4,64)
r(127,2,4,64)
r(189,5,4,64)
r(148,1,4,64)
r(89,1,4,64)
r(151,2,4,64)
r(139,1,4,64)
w(87,2,4,64)
w(108,5,4,64)
w(269,4,4,64)
w(31,3,5,65)
w(128,6,5,65)
w(126,5,5,65)
w(135,3,5,65)
r(108,4,5,65)
w(278,2,5,65)
w(318,4,5,65)
w(46,3,5,65)
r(67,2,5,65)
w(7,3,5,65)
r(12,2,6,66)
w(178,3,6,66)
w(39,5,6,66)
r(162,1,6,66)
w(306,5,6,66)
w(46,7,6,66)
w(196,4,6,66)
w(257,5,6,66)
w(31,6,6,66)
w(56,3,6,66)
r(170,1,1,67)
r(174,1,1,67)
w(327,2,1,67)
w(192,2,1,67)
w(28,2,1,67)
r(199,4,1,67)
r(211,5,1,67)
w(104,2,1,67)
w(194,2,1,67)
w(157,2,1,67)
w(20,4,2,68)
r(117,1,2,68)
r(76,2,2,68)
w(156,5,2,68)
w(322,4,2,68)
r(81,4,2,68)
r(122,2,2,68)
r(12,2,2,68)
w(17,2,2,68)
r(285,1,2,68)
w(207,2,3,69)
w(202,5,3,69)
r(57,1,3,69)
w(9,4,3,69)
w(73,4,3,69)
w(135,4,3,69)
r(82,4,3,69)
r(314,4,3,69)
w(11,3,3,69)
w(325,2,3,69)
w(61,5,4,70)
w(350,2,4,70)
w(67,4,4,70)
w(102,5,4,70)
r(178,4,4,70)
w(3,4,4,70)
w(19,4,4,70)
w(284,4,4,70)
r(286,2,4,70)
r(83,2,4,70)
r(200,2,5,71)
w(331,5,5,71)
w(217,2,5,71)
r(334,2,5,71)
r(295,4,5,71)
w(106,3,5,71)
w(14,2,5,71)
r(68,2,5,71)
w(257,4,5,71)
w(30,4,5,71)
w(202,3,6,72)
w(68,4,6,72)
r(90,7,6,72)
r(64,6,6,72)
r(124,1,6,72)
r(233,5,6,72)
w(20,3,6,72)
w(97,6,6,72)
r(32,4,6,72)
r(306,5,6,72)
w(302,2,1,73)
r(8,5,1,73)
w(335,2,1,73)
w(43,2,1,73)
r(202,4,1,73)
r(353,2,1,73)
w(229,2,1,73)
w(242,2,1,73)
r(226,2,1,73)
w(173,2,1,73)
r(333,2,2,74)
w(305,2,2,74)
r(356,1,2,74)
r(24,4,2,74)
w(316,4,2,74)
r(343,5,2,74)
r(91,4,2,74)
r(79,2,2,74)
r(242,2,2,74)
r(226,2,2,74)
r(202,5,3,75)
r(9,4,3,75)
r(76,2,3,75)
w(84,2,3,75)
w(36,5,3,75)
r(114,3,3,75)
r(83,2,3,75)
w(315,4,3,75)
w(7,5,3,75)
w(301,5,3,75)
w(302,4,4,76)
r(292,2,4,76)
r(249,2,4,76)
r(143,2,4,76)
r(60,1,4,76)
w(182,5,4,76)
r(88,1,4,76)
r(204,4,4,76)
r(132,4,4,76)
w(144,2,4,76)
r(253,2,5,77)
r(210,1,5,77)
r(235,2,5,77)
r(335,2,5,77)
r(66,4,5,77)
r(14,2,5,77)
w(46,6,5,77)
w(112,6,5,77)
r(172,1,5,77)
w(274,3,5,77)
w(25,6,6,78)
w(208,4,6,78)
w(173,6,6,78)
r(307,2,6,78)
r(199,2,6,78)
r(278,2,6,78)
w(50,3,6,78)
w(170,4,6,78)
r(213,1,6,78)
w(234,4,6,78)
r(193,4,1,79)
r(48,1,1,79)
w(120,2,1,79)
r(93,2,1,79)
w(279,2,1,79)
w(120,4,1,79)
r(31,3,1,79)
r(340,2,1,79)
w(256,2,1,79)
w(332,2,1,79)
w(270,2,2,80)
r(8,4,2,80)
r(297,4,2,80)
r(185,2,2,80)
w(4,4,2,80)
r(184,1,2,80)
w(50,2,2,80)
w(228,4,2,80)
r(116,2,2,80)
w(228,5,2,80)
r(114,3,3,81)
w(100,4,3,81)
w(271,5,3,81)
w(153,6,3,81)
w(34,2,3,81)
w(313,4,3,81)
w(352,4,3,81)
r(31,6,3,81)
w(57,2,3,81)
w(313,5,3,81)
w(181,4,4,82)
r(92,1,4,82)
w(174,2,4,82)
w(264,4,4,82)
r(218,1,4,82)
w(97,5,4,82)
w(103,2,4,82)
r(42,1,4,82)
w(147,4,4,82)
w(240,5,4,82)
w(303,5,5,83)
w(6,4,5,83)
r(80,2,5,83)
r(87,2,5,83)
r(5,4,5,83)
w(153,7,5,83)
r(352,4,5,83)
w(242,5,5,83)
w(303,3,5,83)
w(212,7,5,83)
w(48,5,6,84)
r(29,2,6,84)
w(267,6,6,84)
r(206,2,6,84)
r(165,1,6,84)
r(340,2,6,84)
w(249,4,6,84)
w(320,5,6,84)
w(285,2,6,84)
r(131,4,6,84)
w(241,2,1,85)
w(10,2,1,85)
w(238,2,1,85)
r(350,2,1,85)
w(78,2,1,85)
r(231,1,1,85)
w(275,2,1,85)
w(300,4,1,85)
w(262,2,1,85)
w(307,2,1,85)
w(11,4,2,86)
r(126,5,2,86)
r(89,1,2,86)
w(96,3,2,86)
r(277,1,2,86)
r(25,4,2,86)
r(291,1,2,86)
w(259,2,2,86)
r(105,5,2,86)
r(170,2,2,86)
r(98,4,3,87)
w(3,2,3,87)
r(45,2,3,87)
r(106,3,3,87)
w(58,4,3,87)
w(180,4,3,87)
r(221,4,3,87)
w(298,5,3,87)
r(236,4,3,87)
r(328,4,3,87)
r(26,4,4,88)
w(233,5,4,88)
r(215,2,4,88)
w(237,4,4,88)
r(138,1,4,88)
w(59,5,4,88)
w(230,5,4,88)
w(311,4,4,88)
r(25,2,4,88)
r(39,5,4,88)
w(7,6,5,89)
r(18,1,5,89)
r(263,4,5,89)
r(10,2,5,89)
r(35,4,5,89)
r(162,1,5,89)
r(291,1,5,89)
w(214,5,5,89)
w(63,4,5,89)
w(64,6,5,89)
r(141,4,6,90)
r(80,2,6,90)
r(184,1,6,90)
r(16,5,6,90)
w(102,7,6,90)
w(139,2,6,90)
w(216,4,6,90)
w(71,2,6,90)
w(315,5,6,90)
r(356,1,6,90)
r(249,2,1,91)
w(30,2,1,91)
w(77,2,1,91)
w(275,4,1,91)
w(255,2,1,91)
w(343,2,1,91)
w(81,2,1,91)
w(153,2,1,91)
r(117,1,1,91)
w(32,4,1,91)
r(24,4,2,92)
r(148,1,2,92)
r(6,4,2,92)
r(17,2,2,92)
r(101,4,2,92)
w(321,4,2,92)
r(251,4,2,92)
w(232,2,2,92)
w(56,4,2,92)
r(204,4,2,92)
r(245,1,3,93)
w(197,4,3,93)
w(134,4,3,93)
w(100,5,3,93)
w(319,5,3,93)
w(171,2,3,93)
r(56,3,3,93)
w(212,5,3,93)
w(181,2,3,93)
r(191,1,3,93)
w(331,4,4,94)
w(348,2,4,94)
w(274,5,4,94)
r(87,2,4,94)
r(312,1,4,94)
w(31,4,4,94)
r(336,1,4,94)
r(211,5,4,94)
w(350,4,4,94)
r(310,4,4,94)
w(150,5,5,95)
r(161,2,5,95)
w(227,5,5,95)
r(221,4,5,95)
w(123,3,5,95)
r(140,1,5,95)
r(321,2,5,95)
w(70,3,5,95)
w(189,3,5,95)
w(7,7,5,95)
w(259,4,6,96)
r(19,4,6,96)
w(208,5,6,96)
w(347,2,6,96)
r(91,2,6,96)
r(305,2,6,96)
r(240,5,6,96)
w(288,2,6,96)
w(209,2,6,96)
w(182,6,6,96)
w(46,4,1,97)
w(25,4,1,97)
w(243,2,1,97)
r(155,1,1,97)
r(245,1,1,97)
w(170,2,1,97)
w(320,4,1,97)
r(246,2,1,97)
w(339,2,1,97)
r(71,1,1,97)
w(5,2,2,98)
w(334,4,2,98)
r(70,5,2,98)
r(56,4,2,98)
w(105,2,2,98)
r(38,4,2,98)
r(137,5,2,98)
w(22,4,2,98)
w(342,2,2,98)
w(86,2,2,98)
w(75,4,3,99)
r(307,2,3,99)
w(48,2,3,99)
r(319,5,3,99)
r(211,5,3,99)
w(235,4,3,99)
r(331,4,3,99)
r(131,4,3,99)
w(344,2,3,99)
w(199,5,3,99)
r(73,4,4,100)
w(353,4,4,100)
w(147,5,4,100)
w(284,5,4,100)
r(180,4,4,100)
r(253,2,4,100)
w(351,2,4,100)
r(178,3,4,100)
r(125,6,4,100)
r(281,4,4,100)
r(87,2,5,101)
r(68,4,5,101)
w(253,5,5,101)
r(256,2,5,101)
w(150,3,5,101)
w(339,4,5,101)
r(61,5,5,101)
r(4,4,5,101)
w(327,4,5,101)
r(229,2,5,101)
w(118,4,6,102)
w(225,4,6,102)
w(241,5,6,102)
r(242,5,6,102)
w(280,4,6,102)
r(302,4,6,102)
r(79,4,6,102)
r(233,5,6,102)
w(30,3,6,102)
w(168,2,6,102)
w(236,2,1,103)
r(188,1,1,103)
r(91,4,1,103)
w(91,2,1,103)
r(133,2,1,103)
w(45,4,1,103)
r(219,2,1,103)
w(18,2,1,103)
r(293,2,1,103)
w(97,2,1,103)
r(312,1,2,104)
w(11,5,2,104)
r(356,1,2,104)
w(222,2,2,104)
r(264,4,2,104)
r(129,2,2,104)
w(352,2,2,104)
w(336,2,2,104)
r(251,4,2,104)
w(287,2,2,104)
r(5,4,3,105)
w(243,5,3,105)
w(354,2,3,105)
w(70,5,3,105)
w(43,4,3,105)
r(250,2,3,105)
r(222,1,3,105)
r(331,4,3,105)
r(237,4,3,105)
w(344,4,3,105)
r(158,2,4,106)
r(123,3,4,106)
r(61,5,4,106)
r(282,1,4,106)
w(342,5,4,106)
r(223,2,4,106)
w(155,2,4,106)
w(353,5,4,106)
r(74,4,4,106)
w(227,4,4,106)
r(62,4,5,107)
r(215,2,5,107)
r(348,2,5,107)
w(276,3,5,107)
w(298,3,5,107)
r(55,1,5,107)
r(280,2,5,107)
r(267,3,5,107)
w(17,4,5,107)
r(201,5,5,107)
w(46,8,6,108)
r(86,2,6,108)
w(68,5,6,108)
r(122,2,6,108)
r(181,2,6,108)
r(56,5,6,108)
r(342,2,6,108)
w(151,5,6,108)
w(180,3,6,108)
w(32,7,6,108)
r(264,4,1,109)
w(221,2,1,109)
r(26,4,1,109)
w(79,4,1,109)
r(166,2,1,109)
r(109,1,1,109)
w(224,2,1,109)
w(36,2,1,109)
w(153,4,1,109)
r(102,6,1,109)
w(138,2,2,110)
w(333,4,2,110)
w(270,4,2,110)
w(131,2,2,110)
w(35,2,2,110)
w(80,4,2,110)
w(7,4,2,110)
r(13,1,2,110)
w(36,4,2,110)
r(318,4,2,110)
w(179,2,3,111)
w(48,4,3,111)
r(88,1,3,111)
r(129,2,3,111)
r(72,4,3,111)
w(190,2,3,111)
r(341,2,3,111)
r(290,4,3,111)
r(251,4,3,111)
w(218,2,3,111)
w(267,3,4,112)
w(353,3,4,112)
w(38,4,4,112)
w(314,5,4,112)
r(343,2,4,112)
w(212,3,4,112)
w(226,5,4,112)
w(69,2,4,112)
r(14,2,4,112)
w(231,2,4,112)
r(13,1,5,113)
w(42,4,5,113)
w(149,5,5,113)
r(117,1,5,113)
w(226,3,5,113)
r(80,2,5,113)
w(1,2,5,113)
r(313,5,5,113)
r(271,5,5,113)
w(284,6,5,113)
r(126,5,6,114)
w(333,6,6,114)
r(278,2,6,114)
w(80,6,6,114)
r(2,5,6,114)
r(83,5,6,114)
r(352,2,6,114)
w(238,6,6,114)
w(169,3,6,114)
w(337,4,6,114)
r(96,3,1,115)
r(130,5,1,115)
r(42,1,1,115)
r(251,4,1,115)
w(230,2,1,115)
w(154,4,1,115)
r(47,1,1,115)
w(248,4,1,115)
r(132,4,1,115)
w(114,2,1,115)
w(122,4,2,116)
w(305,4,2,116)
w(334,5,2,116)
w(173,4,2,116)
w(189,4,2,116)
r(168,2,2,116)
w(125,4,2,116)
w(44,2,2,116)
w(306,4,2,116)
r(216,4,2,116)
r(9,4,3,117)
r(208,5,3,117)
r(115,4,3,117)
w(83,4,3,117)
w(289,2,3,117)
w(128,3,3,117)
r(304,1,3,117)
w(19,2,3,117)
w(176,2,3,117)
w(157,5,3,117)
r(118,2,4,118)
r(106,3,4,118)
r(225,1,4,118)
r(104,2,4,118)
r(217,2,4,118)
w(231,4,4,118)
w(287,4,4,118)
w(198,2,4,118)
r(231,4,4,118)
r(27,1,4,118)
w(263,5,5,119)
r(340,2,5,119)
r(53,2,5,119)
w(90,6,5,119)
r(152,4,5,119)
r(80,2,5,119)
r(333,2,5,119)
w(38,5,5,119)
r(331,4,5,119)
w(58,3,5,119)
w(18,4,6,120)
r(21,4,6,120)
w(95,6,6,120)
w(11,7,6,120)
r(80,6,6,120)
w(259,5,6,120)
r(10,5,6,120)
r(164,2,6,120)
r(241,5,6,120)
r(207,2,6,120)
w(24,2,1,121)
r(349,1,1,121)
w(306,2,1,121)
r(269,4,1,121)
r(90,7,1,121)
r(153,4,1,121)
w(322,2,1,121)
w(145,2,1,121)
r(45,4,1,121)
w(150,2,1,121)
w(90,5,2,122)
w(132,2,2,122)
w(74,2,2,122)
r(72,4,2,122)
w(125,5,2,122)
r(302,4,2,122)
r(195,3,2,122)
w(156,3,2,122)
r(187,1,2,122)
r(161,2,2,122)
r(202,3,3,123)
w(117,2,3,123)
r(140,1,3,123)
w(273,2,3,123)
w(326,2,3,123)
w(27,2,3,123)
r(107,2,3,123)
r(218,2,3,123)
r(252,6,3,123)
w(83,5,3,123)
w(82,5,4,124)
w(243,3,4,124)
w(191,2,4,124)
r(340,2,4,124)
r(75,4,4,124)
r(335,2,4,124)
r(66,4,4,124)
w(201,3,4,124)
w(195,3,4,124)
w(56,5,4,124)
r(265,2,5,125)
w(124,2,5,125)
w(89,2,5,125)
r(353,3,5,125)
r(334,4,5,125)
r(12,2,5,125)
r(308,4,5,125)
r(148,1,5,125)
r(195,3,5,125)
r(104,4,5,125)
r(82,5,6,126)
r(180,3,6,126)
r(110,2,6,126)
r(225,4,6,126)
r(54,2,6,126)
r(91,2,6,126)
w(156,7,6,126)
w(24,6,6,126)
r(39,5,6,126)
r(177,4,6,126)
w(94,2,1,127)
r(198,2,1,127)
r(211,5,1,127)
w(100,2,1,127)
r(87,2,1,127)
w(130,2,1,127)
r(107,2,1,127)
w(66,2,1,127)
r(282,1,1,127)
r(14,2,1,127)
w(126,2,2,128)
w(128,5,2,128)
w(106,4,2,128)
w(6,2,2,128)
r(247,1,2,128)
r(50,3,2,128)
w(313,2,2,128)
r(264,4,2,128)
r(210,1,2,128)
w(314,2,2,128)
r(275,4,3,129)
r(214,5,3,129)
w(10,5,3,129)
w(112,3,3,129)
r(86,2,3,129)
r(60,1,3,129)
w(177,4,3,129)
w(233,4,3,129)
r(352,2,3,129)
w(151,4,3,129)
w(319,6,4,130)
r(291,1,4,130)
r(107,2,4,130)
r(30,3,4,130)
r(106,3,4,130)
r(303,3,4,130)
w(4,5,4,130)
r(255,2,4,130)
w(59,3,4,130)
w(155,4,4,130)
r(335,5,5,131)
r(193,4,5,131)
w(77,3,5,131)
r(87,2,5,131)
w(338,3,5,131)
w(235,3,5,131)
w(81,5,5,131)
r(156,5,5,131)
w(30,5,5,131)
w(193,2,5,131)
r(151,4,6,132)
w(51,2,6,132)
r(6,4,6,132)
w(128,7,6,132)
w(73,5,6,132)
r(228,5,6,132)
r(316,5,6,132)
r(243,3,6,132)
r(26,2,6,132)
r(285,2,6,132)
r(314,5,1,133)
r(132,4,1,133)
w(26,2,1,133)
w(226,4,1,133)
w(319,4,1,133)
w(104,4,1,133)
r(84,2,1,133)
w(11,2,1,133)
r(177,4,1,133)
r(67,4,1,133)
r(263,2,2,134)
r(193,2,2,134)
r(126,2,2,134)
r(200,2,2,134)
r(288,2,2,134)
w(205,4,2,134)
w(254,4,2,134)
w(275,5,2,134)
w(315,2,2,134)
r(267,4,2,134)
w(79,5,3,135)
w(289,4,3,135)
r(293,2,3,135)
w(335,5,3,135)
w(291,2,3,135)
w(319,3,3,135)
w(105,4,3,135)
w(316,5,3,135)
w(95,4,3,135)
r(219,2,3,135)
w(23,3,4,136)
r(325,2,4,136)
w(348,4,4,136)
r(55,1,4,136)
w(253,4,4,136)
r(166,2,4,136)
w(283,4,4,136)
w(37,4,4,136)
w(208,2,4,136)
w(110,2,4,136)
w(112,7,5,137)
w(342,6,5,137)
w(80,3,5,137)
w(172,4,5,137)
r(220,1,5,137)
r(177,4,5,137)
r(116,2,5,137)
r(41,1,5,137)
w(146,7,5,137)
r(33,1,5,137)
w(6,5,6,138)
r(154,4,6,138)
w(326,4,6,138)
w(60,2,6,138)
w(192,3,6,138)
w(324,4,6,138)
r(101,4,6,138)
w(224,4,6,138)
r(225,4,6,138)
r(356,1,6,138)
w(260,2,1,139)
r(187,1,1,139)
w(16,2,1,139)
r(336,2,1,139)
r(303,3,1,139)
r(97,2,1,139)
w(338,2,1,139)
w(296,2,1,139)
r(112,3,1,139)
r(152,4,1,139)
r(264,4,2,140)
w(312,2,2,140)
r(50,3,2,140)
w(303,4,2,140)
w(95,2,2,140)
r(28,4,2,140)
r(98,4,2,140)
r(153,4,2,140)
w(153,5,2,140)
r(119,2,2,140)
r(328,4,3,141)
r(294,4,3,141)
w(342,4,3,141)
w(310,5,3,141)
w(344,5,3,141)
r(336,2,3,141)
r(213,1,3,141)
w(93,4,3,141)
w(20,5,3,141)
w(267,4,3,141)
w(205,6,4,142)
r(180,3,4,142)
w(25,3,4,142)
r(138,2,4,142)
r(348,4,4,142)
r(325,2,4,142)
w(203,2,4,142)
w(207,4,4,142)
w(333,3,4,142)
r(201,3,4,142)
r(64,6,5,143)
r(276,3,5,143)
w(300,5,5,143)
w(311,3,5,143)
r(144,2,5,143)
r(228,5,5,143)
r(165,1,5,143)
w(175,4,5,143)
w(87,4,5,143)
w(204,2,5,143)
r(348,4,6,144)
w(94,5,6,144)
r(77,4,6,144)
w(85,4,6,144)
w(296,4,6,144)
r(196,4,6,144)
r(325,2,6,144)
w(241,3,6,144)
r(106,4,6,144)
w(76,5,6,144)
r(40,2,1,145)
w(77,4,1,145)
w(90,4,1,145)
r(120,4,1,145)
r(104,4,1,145)
w(134,2,1,145)
w(49,2,1,145)
r(192,2,1,145)
w(248,5,1,145)
r(251,4,1,145)
w(97,4,2,146)
r(21,4,2,146)
r(341,2,2,146)
w(246,4,2,146)
r(96,3,2,146)
w(355,2,2,146)
w(32,5,2,146)
w(328,2,2,146)
w(276,2,2,146)
w(148,4,2,146)
r(263,5,3,147)
w(354,4,3,147)
r(89,2,3,147)
w(130,4,3,147)
w(136,2,3,147)
w(146,2,3,147)
w(221,5,3,147)
r(187,1,3,147)
r(37,4,3,147)
w(177,5,3,147)
r(196,4,4,148)
w(160,5,4,148)
w(140,2,4,148)
r(354,4,4,148)
w(41,2,4,148)
r(54,2,4,148)
w(144,4,4,148)
w(49,5,4,148)
w(39,4,4,148)
w(340,4,4,148)
w(29,4,5,149)
r(103,2,5,149)
r(189,4,5,149)
r(311,3,5,149)
w(142,2,5,149)
r(211,5,5,149)
w(32,6,5,149)
r(275,4,5,149)
r(270,4,5,149)
w(238,5,5,149)
r(95,2,6,150)
w(11,8,6,150)
r(202,3,6,150)
r(260,2,6,150)
w(205,9,6,150)
w(299,5,6,150)
r(204,2,6,150)
r(77,4,6,150)
r(304,1,6,150)
r(146,4,6,150)
r(222,2,1,151)
w(189,2,1,151)
w(324,2,1,151)
w(9,2,1,151)
w(106,2,1,151)
w(62,2,1,151)
r(160,4,1,151)
w(248,3,1,151)
w(20,2,1,151)
r(298,3,1,151)
r(61,6,2,152)
r(350,4,2,152)
r(244,1,2,152)
w(237,2,2,152)
w(269,2,2,152)
r(307,2,2,152)
w(304,2,2,152)
w(271,4,2,152)
r(162,1,2,152)
w(238,4,2,152)
r(178,3,3,153)
r(112,7,3,153)
w(297,5,3,153)
w(218,4,3,153)
r(315,5,3,153)
w(333,5,3,153)
r(204,2,3,153)
w(101,2,3,153)
r(314,5,3,153)
w(284,2,3,153)
r(12,2,4,154)
r(290,4,4,154)
w(332,5,4,154)
w(242,4,4,154)
w(92,4,4,154)
r(97,2,4,154)
r(106,4,4,154)
r(194,2,4,154)
r(138,2,4,154)
w(186,2,4,154)
r(213,1,5,155)
w(138,4,5,155)
r(274,5,5,155)
w(61,6,5,155)
w(233,3,5,155)
w(282,2,5,155)
w(231,5,5,155)
r(127,2,5,155)
r(257,5,5,155)
w(276,6,5,155)
r(43,4,6,156)
w(314,3,6,156)
r(113,2,6,156)
r(91,2,6,156)
r(323,2,6,156)
r(200,2,6,156)
w(91,5,6,156)
r(203,2,6,156)
r(282,2,6,156)
w(144,5,6,156)
w(64,2,1,157)
w(212,4,1,157)
w(299,2,1,157)
r(333,5,1,157)
w(261,2,1,157)
w(298,2,1,157)
w(64,4,1,157)
r(346,2,1,157)
w(4,2,1,157)
r(118,4,1,157)
w(42,2,2,158)
w(267,2,2,158)
w(25,5,2,158)
w(64,5,2,158)
r(333,5,2,158)
w(244,2,2,158)
r(356,1,2,158)
r(26,2,2,158)
r(206,2,2,158)
r(285,2,2,158)
r(322,2,3,159)
w(160,4,3,159)
w(263,2,3,159)
w(196,2,3,159)
w(146,4,3,159)
w(28,4,3,159)
w(143,4,3,159)
w(251,2,3,159)
r(303,3,3,159)
w(122,5,3,159)
r(262,2,4,160)
r(245,1,4,160)
r(27,2,4,160)
w(228,6,4,160)
r(292,2,4,160)
w(261,4,4,160)
w(123,5,4,160)
w(247,2,4,160)
w(9,5,4,160)
w(311,5,4,160)
r(173,4,5,161)
r(319,3,5,161)
r(67,4,5,161)
r(230,2,5,161)
w(50,5,5,161)
w(295,5,5,161)
w(229,4,5,161)
w(226,6,5,161)
w(332,3,5,161)
r(1,2,5,161)
r(332,3,6,162)
r(9,2,6,162)
r(162,1,6,162)
r(184,1,6,162)
w(200,6,6,162)
r(96,3,6,162)
r(65,1,6,162)
w(72,3,6,162)
r(50,5,6,162)
r(355,2,6,162)
r(141,4,1,163)
w(201,4,1,163)
w(96,4,1,163)
r(159,2,1,163)
r(346,2,1,163)
w(59,2,1,163)
w(114,4,1,163)
r(38,5,1,163)
r(171,2,1,163)
r(250,2,1,163)
w(10,4,2,164)
r(291,2,2,164)
r(278,2,2,164)
w(153,3,2,164)
w(225,2,2,164)
r(338,5,2,164)
r(76,4,2,164)
r(310,5,2,164)
r(113,2,2,164)
r(138,4,2,164)
w(195,5,3,165)
w(192,4,3,165)
w(271,3,3,165)
w(44,4,3,165)
w(92,2,3,165)
r(248,5,3,165)
r(102,7,3,165)
w(126,4,3,165)
r(82,5,3,165)
r(321,4,3,165)
w(283,5,4,166)
r(216,4,4,166)
r(75,4,4,166)
r(173,4,4,166)
r(193,2,4,166)
r(160,4,4,166)
r(310,5,4,166)
r(233,3,4,166)
r(129,2,4,166)
r(101,2,4,166)
w(83,3,5,167)
w(13,2,5,167)
w(16,3,5,167)
r(131,2,5,167)
r(185,2,5,167)
w(299,4,5,167)
r(228,6,5,167)
r(24,6,5,167)
r(170,4,5,167)
r(161,2,5,167)
w(198,4,6,168)
r(114,4,6,168)
w(236,5,6,168)
r(183,2,6,168)
r(250,2,6,168)
r(130,4,6,168)
r(197,4,6,168)
r(40,2,6,168)
r(343,4,6,168)
w(9,3,6,168)
r(221,5,1,169)
r(97,4,1,169)
w(61,2,1,169)
w(82,2,1,169)
w(114,5,1,169)
w(316,2,1,169)
w(200,4,1,169)
r(122,5,1,169)
r(331,4,1,169)
r(207,4,1,169)
r(112,7,3,170)
r(299,5,3,170)
r(351,2,3,170)
r(298,3,3,170)
r(74,2,3,170)
w(343,4,3,170)
r(151,4,3,170)
w(211,4,3,170)
w(158,4,3,170)
r(224,4,3,170)
w(351,4,4,171)
w(33,2,4,171)
r(320,5,4,171)
w(319,7,4,171)
w(154,3,4,171)
r(11,8,4,171)
r(144,5,4,171)
r(328,2,4,171)
w(146,5,4,171)
w(133,4,4,171)
r(317,2,5,172)
r(20,2,5,172)
r(309,1,5,172)
r(61,6,5,172)
w(239,5,5,172)
r(216,4,5,172)
w(76,4,5,172)
w(142,4,5,172)
r(348,4,5,172)
w(2,4,5,172)
w(311,6,6,173)
r(19,2,6,173)
w(176,4,6,173)
r(307,2,6,173)
r(123,5,6,173)
w(26,5,6,173)
r(166,2,6,173)
r(168,2,6,173)
r(176,4,6,173)
w(105,3,6,173)
r(152,4,3,174)
w(129,4,3,174)
r(334,5,3,174)
w(175,2,3,174)
r(51,2,3,174)
w(252,5,3,174)
w(172,2,3,174)
r(147,5,3,174)
r(16,3,3,174)
w(338,5,3,174)
w(80,5,4,175)
w(317,5,4,175)
r(7,4,4,175)
w(252,7,4,175)
r(215,2,4,175)
r(117,2,4,175)
w(98,5,4,175)
w(174,4,4,175)
r(245,1,4,175)
r(257,5,4,175)
w(242,3,5,176)
w(107,4,5,176)
w(102,3,5,176)
r(132,2,5,176)
w(335,3,5,176)
w(214,3,5,176)
r(346,2,5,176)
w(252,8,5,176)
w(159,2,5,176)
w(316,3,5,176)
