w(1,1,0,0)
w(2,1,0,0)
w(3,1,0,0)
w(4,1,0,0)
w(5,1,0,0)
w(6,1,0,0)
w(7,1,0,0)
w(8,1,0,0)
w(9,1,0,0)
w(10,1,0,0)
w(11,1,0,0)
w(12,1,0,0)
w(13,1,0,0)
w(14,1,0,0)
w(15,1,0,0)
w(16,1,0,0)
w(17,1,0,0)
w(18,1,0,0)
w(19,1,0,0)
w(20,1,0,0)
w(21,1,0,0)
w(22,1,0,0)
w(23,1,0,0)
w(24,1,0,0)
w(25,1,0,0)
w(26,1,0,0)
w(27,1,0,0)
w(28,1,0,0)
w(29,1,0,0)
w(30,1,0,0)
w(31,1,0,0)
w(32,1,0,0)
w(33,1,0,0)
w(34,1,0,0)
w(35,1,0,0)
w(36,1,0,0)
w(37,1,0,0)
w(38,1,0,0)
w(39,1,0,0)
w(40,1,0,0)
w(41,1,0,0)
w(42,1,0,0)
w(43,1,0,0)
w(44,1,0,0)
w(45,1,0,0)
w(46,1,0,0)
w(47,1,0,0)
w(48,1,0,0)
w(49,1,0,0)
w(50,1,0,0)
w(51,1,0,0)
w(52,1,0,0)
w(53,1,0,0)
w(54,1,0,0)
w(55,1,0,0)
w(56,1,0,0)
w(57,1,0,0)
w(58,1,0,0)
w(59,1,0,0)
w(60,1,0,0)
w(61,1,0,0)
w(62,1,0,0)
w(63,1,0,0)
w(64,1,0,0)
w(65,1,0,0)
w(66,1,0,0)
w(67,1,0,0)
w(68,1,0,0)
w(69,1,0,0)
w(70,1,0,0)
w(71,1,0,0)
w(72,1,0,0)
w(73,1,0,0)
w(74,1,0,0)
w(75,1,0,0)
w(76,1,0,0)
w(77,1,0,0)
w(78,1,0,0)
w(79,1,0,0)
w(80,1,0,0)
w(81,1,0,0)
w(82,1,0,0)
w(83,1,0,0)
w(84,1,0,0)
w(85,1,0,0)
w(86,1,0,0)
w(87,1,0,0)
w(88,1,0,0)
w(89,1,0,0)
w(90,1,0,0)
w(91,1,0,0)
w(92,1,0,0)
w(93,1,0,0)
w(94,1,0,0)
w(95,1,0,0)
w(96,1,0,0)
w(97,1,0,0)
w(98,1,0,0)
w(99,1,0,0)
w(100,1,0,0)
w(101,1,0,0)
w(102,1,0,0)
w(103,1,0,0)
w(104,1,0,0)
w(105,1,0,0)
w(106,1,0,0)
w(107,1,0,0)
w(108,1,0,0)
w(109,1,0,0)
w(110,1,0,0)
w(111,1,0,0)
w(112,1,0,0)
w(113,1,0,0)
w(114,1,0,0)
w(115,1,0,0)
w(116,1,0,0)
w(117,1,0,0)
w(118,1,0,0)
w(119,1,0,0)
w(120,1,0,0)
w(121,1,0,0)
w(122,1,0,0)
w(123,1,0,0)
w(124,1,0,0)
w(125,1,0,0)
w(126,1,0,0)
w(127,1,0,0)
w(128,1,0,0)
w(129,1,0,0)
w(130,1,0,0)
w(131,1,0,0)
w(132,1,0,0)
w(133,1,0,0)
w(134,1,0,0)
w(135,1,0,0)
w(136,1,0,0)
w(137,1,0,0)
w(138,1,0,0)
w(139,1,0,0)
w(140,1,0,0)
w(141,1,0,0)
w(142,1,0,0)
w(143,1,0,0)
w(144,1,0,0)
w(145,1,0,0)
w(146,1,0,0)
w(147,1,0,0)
w(148,1,0,0)
w(149,1,0,0)
w(150,1,0,0)
w(151,1,0,0)
w(152,1,0,0)
w(153,1,0,0)
w(154,1,0,0)
w(155,1,0,0)
w(156,1,0,0)
w(157,1,0,0)
w(158,1,0,0)
w(159,1,0,0)
w(160,1,0,0)
w(161,1,0,0)
w(162,1,0,0)
w(163,1,0,0)
w(164,1,0,0)
w(165,1,0,0)
w(166,1,0,0)
w(167,1,0,0)
w(168,1,0,0)
w(169,1,0,0)
w(170,1,0,0)
w(171,1,0,0)
w(172,1,0,0)
w(173,1,0,0)
w(174,1,0,0)
w(175,1,0,0)
w(176,1,0,0)
w(177,1,0,0)
w(178,1,0,0)
w(179,1,0,0)
w(180,1,0,0)
w(181,1,0,0)
w(182,1,0,0)
w(183,1,0,0)
w(184,1,0,0)
w(185,1,0,0)
w(186,1,0,0)
w(187,1,0,0)
w(188,1,0,0)
w(189,1,0,0)
w(190,1,0,0)
w(191,1,0,0)
w(192,1,0,0)
w(193,1,0,0)
w(194,1,0,0)
w(195,1,0,0)
w(196,1,0,0)
w(197,1,0,0)
w(198,1,0,0)
w(199,1,0,0)
w(200,1,0,0)
w(201,1,0,0)
w(202,1,0,0)
w(203,1,0,0)
w(204,1,0,0)
w(205,1,0,0)
w(206,1,0,0)
w(207,1,0,0)
w(208,1,0,0)
w(209,1,0,0)
w(210,1,0,0)
w(211,1,0,0)
w(212,1,0,0)
w(213,1,0,0)
w(214,1,0,0)
w(215,1,0,0)
w(216,1,0,0)
w(217,1,0,0)
w(218,1,0,0)
w(219,1,0,0)
w(220,1,0,0)
w(221,1,0,0)
w(222,1,0,0)
w(223,1,0,0)
w(224,1,0,0)
w(225,1,0,0)
w(226,1,0,0)
w(227,1,0,0)
w(228,1,0,0)
w(229,1,0,0)
w(230,1,0,0)
w(231,1,0,0)
w(232,1,0,0)
w(233,1,0,0)
w(234,1,0,0)
w(235,1,0,0)
w(236,1,0,0)
w(237,1,0,0)
w(238,1,0,0)
w(239,1,0,0)
w(240,1,0,0)
w(241,1,0,0)
w(242,1,0,0)
w(243,1,0,0)
w(244,1,0,0)
w(245,1,0,0)
w(246,1,0,0)
w(247,1,0,0)
w(248,1,0,0)
w(249,1,0,0)
w(250,1,0,0)
w(251,1,0,0)
w(252,1,0,0)
w(253,1,0,0)
w(254,1,0,0)
w(255,1,0,0)
w(256,1,0,0)
w(257,1,0,0)
w(258,1,0,0)
w(259,1,0,0)
w(260,1,0,0)
w(261,1,0,0)
w(262,1,0,0)
w(263,1,0,0)
w(264,1,0,0)
w(265,1,0,0)
w(266,1,0,0)
w(267,1,0,0)
w(268,1,0,0)
w(269,1,0,0)
w(270,1,0,0)
w(271,1,0,0)
w(272,1,0,0)
w(273,1,0,0)
w(274,1,0,0)
w(275,1,0,0)
w(276,1,0,0)
w(277,1,0,0)
w(278,1,0,0)
w(279,1,0,0)
w(280,1,0,0)
w(281,1,0,0)
w(282,1,0,0)
w(283,1,0,0)
w(284,1,0,0)
w(285,1,0,0)
w(286,1,0,0)
w(287,1,0,0)
w(288,1,0,0)
w(289,1,0,0)
w(290,1,0,0)
w(291,1,0,0)
w(292,1,0,0)
w(293,1,0,0)
w(294,1,0,0)
w(295,1,0,0)
w(296,1,0,0)
w(297,1,0,0)
w(298,1,0,0)
w(299,1,0,0)
w(300,1,0,0)
w(301,1,0,0)
w(302,1,0,0)
w(303,1,0,0)
w(304,1,0,0)
w(305,1,0,0)
w(306,1,0,0)
w(307,1,0,0)
w(308,1,0,0)
w(309,1,0,0)
w(310,1,0,0)
w(311,1,0,0)
w(312,1,0,0)
w(313,1,0,0)
w(314,1,0,0)
w(315,1,0,0)
w(316,1,0,0)
w(317,1,0,0)
w(318,1,0,0)
w(319,1,0,0)
w(320,1,0,0)
w(321,1,0,0)
w(322,1,0,0)
w(323,1,0,0)
w(324,1,0,0)
w(325,1,0,0)
w(326,1,0,0)
w(327,1,0,0)
w(328,1,0,0)
w(329,1,0,0)
w(330,1,0,0)
w(331,1,0,0)
w(332,1,0,0)
w(333,1,0,0)
w(334,1,0,0)
w(335,1,0,0)
w(336,1,0,0)
w(337,1,0,0)
w(338,1,0,0)
w(339,1,0,0)
w(340,1,0,0)
w(341,1,0,0)
w(342,1,0,0)
w(343,1,0,0)
w(344,1,0,0)
w(345,1,0,0)
w(346,1,0,0)
w(347,1,0,0)
w(348,1,0,0)
w(349,1,0,0)
w(350,1,0,0)
w(351,1,0,0)
w(352,1,0,0)
w(353,1,0,0)
w(354,1,0,0)
w(355,1,0,0)
w(356,1,0,0)
w(357,1,0,0)
w(358,1,0,0)
w(359,1,0,0)
w(360,1,0,0)
r(324,1,1,1)
w(4,2,1,1)
w(51,2,1,1)
w(2,2,1,1)
w(49,2,1,1)
w(50,2,1,1)
w(56,2,1,1)
r(140,1,1,1)
w(52,2,1,1)
r(67,1,1,1)
r(294,1,1,1)
r(48,1,1,1)
w(38,2,1,1)
w(36,2,1,1)
r(139,1,1,1)
r(44,1,1,1)
r(133,1,1,1)
r(309,1,1,1)
w(21,2,1,1)
w(43,2,1,1)
w(18,2,1,1)
w(38,3,1,1)
w(46,2,1,1)
w(37,2,1,1)
r(37,2,1,1)
r(5,1,1,1)
r(181,1,1,1)
r(338,1,1,1)
r(200,1,1,1)
w(51,3,1,1)
w(20,2,1,1)
r(20,2,1,1)
w(32,2,1,1)
r(211,1,1,1)
w(29,2,1,1)
r(54,1,1,1)
w(37,3,1,1)
w(31,2,1,1)
r(164,1,1,1)
r(234,1,1,1)
w(66,2,2,2)
w(103,2,2,2)
r(26,1,2,2)
r(272,1,2,2)
r(165,1,2,2)
w(113,2,2,2)
r(328,1,2,2)
w(98,3,2,2)
r(152,1,2,2)
w(79,2,2,2)
r(269,1,2,2)
r(306,1,2,2)
r(83,1,2,2)
r(178,1,2,2)
r(175,1,2,2)
w(113,3,2,2)
w(73,2,2,2)
r(86,1,2,2)
w(104,2,2,2)
r(151,1,2,2)
w(65,2,2,2)
w(63,2,2,2)
w(101,2,2,2)
w(100,2,2,2)
w(67,3,2,2)
w(73,3,2,2)
w(86,3,2,2)
w(61,2,2,2)
w(117,2,2,2)
r(303,1,2,2)
w(62,2,2,2)
w(115,2,2,2)
r(196,1,2,2)
w(98,6,2,2)
w(114,2,2,2)
w(75,3,2,2)
r(75,3,2,2)
w(81,2,2,2)
r(15,1,2,2)
r(8,1,2,2)
r(44,1,3,3)
r(312,1,3,3)
w(174,2,3,3)
w(166,2,3,3)
r(115,2,3,3)
r(292,1,3,3)
w(153,3,3,3)
w(169,2,3,3)
r(175,1,3,3)
r(123,1,3,3)
r(336,1,3,3)
r(221,1,3,3)
w(135,2,3,3)
w(145,6,3,3)
w(153,6,3,3)
w(174,3,3,3)
r(178,1,3,3)
r(51,3,3,3)
w(175,3,3,3)
r(60,1,3,3)
w(166,3,3,3)
r(134,1,3,3)
r(149,1,3,3)
r(138,1,3,3)
r(103,2,3,3)
r(186,1,3,3)
w(123,2,3,3)
r(275,1,3,3)
w(150,2,3,3)
w(140,3,3,3)
w(142,2,3,3)
w(180,2,3,3)
r(190,2,3,3)
r(190,2,3,3)
w(147,2,3,3)
r(264,1,3,3)
r(231,1,3,3)
r(258,1,3,3)
w(123,3,3,3)
w(179,2,3,3)
w(204,2,4,4)
w(205,2,4,4)
r(234,1,4,4)
w(190,2,4,4)
w(185,2,4,4)
r(201,1,4,4)
r(79,1,4,4)
r(218,1,4,4)
w(228,2,4,4)
r(271,1,4,4)
r(354,1,4,4)
r(1,1,4,4)
w(185,3,4,4)
r(320,1,4,4)
w(219,2,4,4)
w(232,2,4,4)
r(183,1,4,4)
r(103,1,4,4)
w(226,2,4,4)
w(224,2,4,4)
w(187,2,4,4)
w(216,2,4,4)
w(211,2,4,4)
w(214,2,4,4)
w(236,2,4,4)
r(193,1,4,4)
r(232,2,4,4)
r(49,2,4,4)
r(289,1,4,4)
r(60,1,4,4)
w(240,2,4,4)
w(217,2,4,4)
r(7,1,4,4)
w(210,2,4,4)
w(229,2,4,4)
w(192,2,4,4)
r(322,1,4,4)
r(143,1,4,4)
r(322,1,4,4)
w(212,2,4,4)
w(295,2,5,5)
r(251,1,5,5)
w(276,3,5,5)
w(252,3,5,5)
r(144,1,5,5)
r(281,1,5,5)
w(264,2,5,5)
w(257,3,5,5)
r(226,2,5,5)
w(291,4,5,5)
r(277,1,5,5)
r(150,2,5,5)
w(249,2,5,5)
r(258,1,5,5)
r(221,1,5,5)
r(109,3,5,5)
w(278,3,5,5)
w(241,2,5,5)
r(360,1,5,5)
r(246,1,5,5)
r(129,1,5,5)
w(272,3,5,5)
r(51,3,5,5)
r(112,2,5,5)
r(218,1,5,5)
r(140,3,5,5)
r(51,3,5,5)
r(294,1,5,5)
r(20,2,5,5)
r(349,1,5,5)
w(264,3,5,5)
r(291,4,5,5)
r(292,1,5,5)
w(253,2,5,5)
w(293,4,5,5)
w(248,2,5,5)
w(257,6,5,5)
w(293,5,5,5)
r(237,1,5,5)
w(245,3,5,5)
r(293,1,6,6)
r(115,2,6,6)
w(319,3,6,6)
w(312,2,6,6)
w(303,2,6,6)
r(326,1,6,6)
r(340,1,6,6)
r(274,1,6,6)
r(152,1,6,6)
w(304,2,6,6)
r(282,1,6,6)
w(321,2,6,6)
r(64,1,6,6)
w(306,6,6,6)
r(152,1,6,6)
r(48,2,6,6)
w(324,6,6,6)
w(305,2,6,6)
r(75,3,6,6)
w(359,2,6,6)
r(99,3,6,6)
r(330,1,6,6)
r(260,1,6,6)
w(321,3,6,6)
w(343,2,6,6)
r(267,1,6,6)
r(223,1,6,6)
r(252,1,6,6)
r(137,1,6,6)
w(326,2,6,6)
r(145,6,6,6)
r(205,2,6,6)
r(201,1,6,6)
w(339,3,6,6)
r(267,1,6,6)
r(11,2,6,6)
r(49,2,6,6)
r(131,1,6,6)
w(311,2,6,6)
r(24,2,6,6)
w(45,2,1,7)
w(19,2,1,7)
w(33,2,1,7)
r(149,1,1,7)
w(14,2,1,7)
w(34,2,1,7)
w(6,2,1,7)
r(37,3,1,7)
r(206,1,1,7)
r(31,2,1,7)
w(54,2,1,7)
r(31,2,1,7)
w(34,3,1,7)
w(19,3,1,7)
w(17,2,1,7)
w(48,2,1,7)
w(10,2,1,7)
r(200,1,1,7)
w(53,2,1,7)
r(250,1,1,7)
r(301,1,1,7)
w(13,2,1,7)
w(33,3,1,7)
r(98,1,1,7)
w(35,2,1,7)
w(22,2,1,7)
w(11,2,1,7)
r(249,1,1,7)
w(4,3,1,7)
w(12,2,1,7)
r(79,1,1,7)
r(260,1,1,7)
r(320,1,1,7)
r(19,3,1,7)
r(83,1,1,7)
w(2,3,1,7)
w(24,2,1,7)
r(175,1,1,7)
w(27,2,1,7)
w(16,2,1,7)
r(304,1,2,8)
r(236,2,2,8)
r(147,1,2,8)
r(84,1,2,8)
w(70,2,2,8)
w(100,3,2,8)
r(51,3,2,8)
r(182,1,2,8)
r(129,1,2,8)
r(333,1,2,8)
r(273,1,2,8)
r(68,1,2,8)
r(9,1,2,8)
w(80,3,2,8)
r(266,1,2,8)
r(222,1,2,8)
r(285,1,2,8)
w(65,3,2,8)
w(61,3,2,8)
w(72,2,2,8)
w(97,3,2,8)
w(95,2,2,8)
r(245,1,2,8)
r(331,1,2,8)
w(66,3,2,8)
r(235,1,2,8)
w(79,3,2,8)
r(136,1,2,8)
w(63,3,2,8)
r(246,1,2,8)
w(104,3,2,8)
w(99,3,2,8)
w(78,2,2,8)
r(102,1,2,8)
w(63,6,2,8)
r(320,1,2,8)
r(5,1,2,8)
r(356,1,2,8)
r(65,3,2,8)
r(343,1,2,8)
w(151,2,3,9)
r(19,3,3,9)
r(181,2,3,9)
w(126,2,3,9)
w(174,6,3,9)
r(331,1,3,9)
w(137,3,3,9)
r(189,1,3,9)
w(180,3,3,9)
r(152,1,3,9)
w(147,3,3,9)
r(36,2,3,9)
w(127,2,3,9)
r(287,1,3,9)
r(353,1,3,9)
w(180,6,3,9)
r(338,1,3,9)
w(151,3,3,9)
w(175,6,3,9)
w(133,2,3,9)
r(270,1,3,9)
w(142,3,3,9)
r(71,1,3,9)
w(139,2,3,9)
r(30,1,3,9)
w(137,6,3,9)
r(102,1,3,9)
r(326,2,3,9)
w(171,4,3,9)
r(358,1,3,9)
w(161,2,3,9)
r(257,1,3,9)
w(158,2,3,9)
r(213,1,3,9)
r(55,1,3,9)
r(212,2,3,9)
r(195,2,3,9)
w(171,5,3,9)
r(85,1,3,9)
r(298,1,3,9)
r(160,1,4,10)
w(214,3,4,10)
r(334,1,4,10)
r(240,2,4,10)
r(335,1,4,10)
w(183,2,4,10)
r(322,1,4,10)
r(76,1,4,10)
r(164,1,4,10)
w(219,3,4,10)
r(185,3,4,10)
r(260,1,4,10)
r(311,1,4,10)
w(210,3,4,10)
r(293,1,4,10)
w(195,2,4,10)
r(209,1,4,10)
r(78,2,4,10)
r(128,1,4,10)
w(216,3,4,10)
w(239,2,4,10)
r(342,1,4,10)
r(197,1,4,10)
w(214,6,4,10)
w(209,2,4,10)
w(227,2,4,10)
r(153,1,4,10)
w(184,2,4,10)
w(181,2,4,10)
r(273,1,4,10)
w(234,2,4,10)
w(214,4,4,10)
r(347,1,4,10)
w(238,2,4,10)
r(268,1,4,10)
w(230,2,4,10)
r(238,2,4,10)
r(121,1,4,10)
w(193,2,4,10)
w(184,3,4,10)
w(254,3,5,11)
w(288,3,5,11)
r(211,3,5,11)
r(161,3,5,11)
r(245,3,5,11)
w(277,6,5,11)
r(157,1,5,11)
w(274,2,5,11)
w(280,3,5,11)
r(308,1,5,11)
w(293,7,5,11)
w(280,6,5,11)
w(256,2,5,11)
w(272,6,5,11)
w(298,3,5,11)
r(32,2,5,11)
w(268,2,5,11)
w(254,6,5,11)
w(250,3,5,11)
r(305,2,5,11)
w(300,3,5,11)
r(351,1,5,11)
w(263,3,5,11)
r(47,1,5,11)
r(337,2,5,11)
w(293,8,5,11)
w(290,3,5,11)
w(268,3,5,11)
w(281,2,5,11)
r(237,3,5,11)
w(258,2,5,11)
r(199,2,5,11)
w(256,3,5,11)
w(278,6,5,11)
w(263,6,5,11)
w(242,6,5,11)
w(254,4,5,11)
r(69,1,5,11)
r(261,1,5,11)
w(296,3,5,11)
r(304,2,6,12)
w(334,3,6,12)
r(6,2,6,12)
w(311,3,6,12)
r(148,1,6,12)
r(187,2,6,12)
r(150,2,6,12)
w(336,2,6,12)
w(326,3,6,12)
w(337,2,6,12)
w(360,2,6,12)
r(170,1,6,12)
w(327,2,6,12)
r(233,1,6,12)
r(267,1,6,12)
r(24,2,6,12)
w(307,2,6,12)
r(274,1,6,12)
w(312,3,6,12)
r(108,1,6,12)
r(12,2,6,12)
w(325,2,6,12)
w(311,6,6,12)
r(264,3,6,12)
w(310,2,6,12)
r(54,2,6,12)
w(309,2,6,12)
r(64,1,6,12)
w(343,3,6,12)
w(312,6,6,12)
w(328,2,6,12)
w(324,4,6,12)
r(347,1,6,12)
r(169,2,6,12)
w(323,3,6,12)
w(348,2,6,12)
r(70,2,6,12)
r(68,1,6,12)
w(329,2,6,12)
r(61,3,6,12)
w(10,3,1,13)
r(167,3,1,13)
r(277,4,1,13)
w(36,5,1,13)
r(66,6,1,13)
w(30,6,1,13)
w(28,3,1,13)
w(1,3,1,13)
w(45,6,1,13)
r(236,2,1,13)
r(259,1,1,13)
w(31,6,1,13)
w(12,5,1,13)
w(47,3,1,13)
r(38,3,1,13)
w(17,6,1,13)
r(154,1,1,13)
r(164,1,1,13)
w(51,7,1,13)
r(167,3,1,13)
r(356,3,1,13)
w(47,6,1,13)
r(320,1,1,13)
w(35,3,1,13)
w(47,4,1,13)
r(107,1,1,13)
r(116,1,1,13)
w(34,6,1,13)
w(3,3,1,13)
w(51,8,1,13)
w(59,3,1,13)
w(29,6,1,13)
r(128,2,1,13)
w(24,3,1,13)
w(3,6,1,13)
r(260,1,1,13)
w(10,6,1,13)
w(26,2,1,13)
r(275,1,1,13)
w(7,2,1,13)
r(263,1,2,14)
w(109,3,2,14)
r(173,1,2,14)
w(62,3,2,14)
r(1,1,2,14)
w(79,6,2,14)
w(120,6,2,14)
r(299,1,2,14)
r(291,1,2,14)
w(93,2,2,14)
w(91,2,2,14)
w(117,3,2,14)
w(96,2,2,14)
r(155,1,2,14)
w(112,2,2,14)
w(84,2,2,14)
w(75,6,2,14)
w(113,6,2,14)
r(67,3,2,14)
w(67,6,2,14)
r(210,3,2,14)
w(114,3,2,14)
w(101,3,2,14)
w(96,3,2,14)
w(77,3,2,14)
r(52,2,2,14)
w(76,2,2,14)
w(95,3,2,14)
w(110,3,2,14)
r(296,1,2,14)
r(225,1,2,14)
w(73,6,2,14)
r(28,1,2,14)
w(104,6,2,14)
w(77,6,2,14)
w(93,3,2,14)
w(83,2,2,14)
w(66,6,2,14)
r(131,1,2,14)
r(207,1,2,14)
w(163,2,3,15)
w(122,2,3,15)
r(75,6,3,15)
w(161,3,3,15)
r(72,2,3,15)
r(101,3,3,15)
r(174,6,3,15)
r(61,3,3,15)
r(174,6,3,15)
r(109,3,3,15)
r(50,2,3,15)
w(146,3,3,15)
w(138,2,3,15)
w(124,2,3,15)
w(175,4,3,15)
r(144,1,3,15)
r(343,3,3,15)
r(188,1,3,15)
w(138,3,3,15)
r(26,1,3,15)
r(74,1,3,15)
w(125,2,3,15)
w(169,3,3,15)
r(99,3,3,15)
r(320,1,3,15)
r(172,1,3,15)
w(126,3,3,15)
r(20,2,3,15)
w(170,3,3,15)
w(135,3,3,15)
w(169,6,3,15)
r(191,1,3,15)
r(258,1,3,15)
r(5,1,3,15)
w(152,2,3,15)
w(178,3,3,15)
w(152,3,3,15)
r(246,1,3,15)
r(209,2,3,15)
w(149,2,3,15)
r(170,1,4,16)
r(273,1,4,16)
w(213,2,4,16)
r(60,1,4,16)
r(101,3,4,16)
r(228,2,4,16)
w(211,3,4,16)
w(189,2,4,16)
w(192,3,4,16)
r(250,1,4,16)
w(200,2,4,16)
w(237,2,4,16)
w(232,3,4,16)
r(32,2,4,16)
r(237,2,4,16)
r(120,6,4,16)
w(223,2,4,16)
r(331,1,4,16)
w(222,2,4,16)
r(120,6,4,16)
r(107,1,4,16)
r(196,1,4,16)
w(202,2,4,16)
w(217,3,4,16)
w(239,3,4,16)
w(231,2,4,16)
w(205,3,4,16)
w(227,3,4,16)
w(233,2,4,16)
w(231,3,4,16)
r(12,2,4,16)
r(297,1,4,16)
w(235,2,4,16)
w(189,3,4,16)
w(193,3,4,16)
w(216,6,4,16)
r(16,2,4,16)
r(146,1,4,16)
r(80,3,4,16)
w(189,6,4,16)
r(140,6,5,17)
w(286,2,5,17)
r(157,3,5,17)
r(148,1,5,17)
w(269,2,5,17)
r(321,3,5,17)
r(24,2,5,17)
r(179,2,5,17)
r(281,2,5,17)
r(254,4,5,17)
r(253,2,5,17)
r(200,2,5,17)
r(152,3,5,17)
w(262,3,5,17)
w(269,3,5,17)
r(240,3,5,17)
w(248,3,5,17)
w(258,3,5,17)
w(245,6,5,17)
w(256,6,5,17)
w(282,2,5,17)
r(96,3,5,17)
r(57,1,5,17)
w(274,3,5,17)
r(24,2,5,17)
r(16,2,5,17)
r(204,2,5,17)
r(305,3,5,17)
w(252,6,5,17)
w(258,6,5,17)
r(18,2,5,17)
r(81,2,5,17)
w(292,3,5,17)
w(277,4,5,17)
r(3,1,5,17)
w(252,4,5,17)
r(30,1,5,17)
w(248,6,5,17)
r(24,2,5,17)
r(107,1,5,17)
r(307,2,6,18)
w(313,2,6,18)
r(18,2,6,18)
w(316,2,6,18)
w(342,2,6,18)
w(347,2,6,18)
w(303,3,6,18)
w(308,2,6,18)
w(339,6,6,18)
w(315,2,6,18)
r(108,1,6,18)
r(111,1,6,18)
r(54,2,6,18)
w(356,3,6,18)
r(2,3,6,18)
r(41,1,6,18)
w(352,2,6,18)
w(338,2,6,18)
r(306,6,6,18)
w(345,2,6,18)
r(72,2,6,18)
w(317,2,6,18)
r(189,4,6,18)
w(351,2,6,18)
r(288,3,6,18)
w(359,3,6,18)
w(359,6,6,18)
r(153,6,6,18)
r(256,3,6,18)
r(83,2,6,18)
w(345,3,6,18)
r(170,3,6,18)
r(82,1,6,18)
r(297,1,6,18)
r(103,2,6,18)
r(119,1,6,18)
w(346,2,6,18)
w(310,3,6,18)
w(305,3,6,18)
w(347,3,6,18)
w(51,9,1,19)
r(311,6,1,19)
r(52,2,1,19)
w(28,6,1,19)
r(160,1,1,19)
r(343,3,1,19)
r(48,2,1,19)
r(240,3,1,19)
w(34,4,1,19)
w(37,6,1,19)
r(265,1,1,19)
w(12,7,1,19)
r(30,6,1,19)
w(14,4,1,19)
w(25,3,1,19)
r(255,1,1,19)
r(197,3,1,19)
w(26,3,1,19)
r(150,2,1,19)
w(53,5,1,19)
r(338,6,1,19)
r(62,3,1,19)
w(51,10,1,19)
w(46,6,1,19)
r(316,2,1,19)
w(27,3,1,19)
r(279,1,1,19)
w(21,4,1,19)
w(21,5,1,19)
r(153,6,1,19)
r(101,5,1,19)
w(45,4,1,19)
w(16,6,1,19)
r(114,3,1,19)
r(54,2,1,19)
r(299,1,1,19)
w(36,7,1,19)
r(239,3,1,19)
w(21,7,1,19)
w(33,4,1,19)
w(92,3,2,20)
r(95,3,2,20)
w(75,7,2,20)
r(314,1,2,20)
r(15,1,2,20)
r(341,1,2,20)
w(71,3,2,20)
w(112,4,2,20)
w(78,3,2,20)
r(258,6,2,20)
r(138,3,2,20)
w(98,5,2,20)
w(94,2,2,20)
r(283,1,2,20)
r(326,3,2,20)
r(268,3,2,20)
w(88,6,2,20)
r(153,6,2,20)
w(86,4,2,20)
r(183,3,2,20)
r(321,3,2,20)
w(89,3,2,20)
r(247,1,2,20)
r(5,1,2,20)
r(112,4,2,20)
r(298,3,2,20)
w(81,3,2,20)
r(161,6,2,20)
w(65,4,2,20)
w(78,6,2,20)
w(68,2,2,20)
r(14,2,2,20)
r(279,1,2,20)
w(69,3,2,20)
r(59,1,2,20)
r(253,2,2,20)
w(106,2,2,20)
w(99,4,2,20)
w(74,2,2,20)
w(118,6,2,20)
w(158,3,3,21)
w(165,2,3,21)
r(57,1,3,21)
w(167,3,3,21)
w(178,6,3,21)
r(84,2,3,21)
r(241,2,3,21)
r(298,3,3,21)
r(31,2,3,21)
r(302,1,3,21)
r(199,2,3,21)
w(151,6,3,21)
w(139,3,3,21)
r(115,2,3,21)
r(319,3,3,21)
w(157,2,3,21)
r(151,6,3,21)
r(7,1,3,21)
r(178,6,3,21)
w(157,3,3,21)
w(180,4,3,21)
w(175,5,3,21)
r(77,6,3,21)
w(161,6,3,21)
r(33,3,3,21)
r(37,3,3,21)
w(174,4,3,21)
w(140,6,3,21)
r(31,2,3,21)
w(165,3,3,21)
r(65,3,3,21)
w(142,6,3,21)
r(337,2,3,21)
r(5,1,3,21)
r(339,6,3,21)
r(284,1,3,21)
r(89,1,3,21)
r(9,1,3,21)
r(179,2,3,21)
r(91,2,3,21)
r(280,1,4,22)
w(197,2,4,22)
w(218,2,4,22)
r(201,1,4,22)
w(221,2,4,22)
w(209,3,4,22)
r(307,2,4,22)
r(258,1,4,22)
r(10,2,4,22)
w(190,3,4,22)
r(328,2,4,22)
w(237,3,4,22)
r(272,3,4,22)
w(201,2,4,22)
w(219,6,4,22)
w(228,3,4,22)
w(192,6,4,22)
r(334,3,4,22)
r(264,3,4,22)
w(189,4,4,22)
r(79,6,4,22)
r(70,2,4,22)
r(190,3,4,22)
r(297,1,4,22)
w(190,6,4,22)
r(154,1,4,22)
r(215,1,4,22)
r(162,1,4,22)
w(238,3,4,22)
w(203,2,4,22)
w(192,4,4,22)
w(184,6,4,22)
r(268,1,4,22)
r(156,1,4,22)
r(155,1,4,22)
r(110,3,4,22)
r(204,2,4,22)
r(72,2,4,22)
r(170,3,4,22)
w(199,2,4,22)
w(250,6,5,23)
w(264,6,5,23)
r(223,4,5,23)
w(298,6,5,23)
r(45,4,5,23)
w(277,5,5,23)
r(115,5,5,23)
r(327,3,5,23)
r(255,1,5,23)
w(269,4,5,23)
r(173,6,5,23)
r(316,2,5,23)
r(46,6,5,23)
w(248,4,5,23)
w(274,6,5,23)
w(291,5,5,23)
r(133,2,5,23)
r(157,4,5,23)
r(32,2,5,23)
w(281,3,5,23)
r(236,2,5,23)
w(259,2,5,23)
r(176,2,5,23)
r(127,2,5,23)
r(312,5,5,23)
w(266,2,5,23)
w(246,3,5,23)
r(12,7,5,23)
r(191,3,5,23)
r(309,2,5,23)
r(355,3,5,23)
w(253,6,5,23)
r(304,2,5,23)
w(248,5,5,23)
r(357,1,5,23)
r(28,6,5,23)
w(263,4,5,23)
w(283,3,5,23)
r(289,1,5,23)
w(254,5,5,23)
w(321,6,6,24)
w(334,6,6,24)
r(99,4,6,24)
r(358,1,6,24)
r(335,1,6,24)
w(345,6,6,24)
r(181,3,6,24)
w(351,4,6,24)
r(110,3,6,24)
w(308,3,6,24)
r(254,4,6,24)
w(337,3,6,24)
w(346,3,6,24)
w(324,7,6,24)
r(305,3,6,24)
w(355,3,6,24)
r(217,3,6,24)
r(47,4,6,24)
r(109,3,6,24)
w(342,3,6,24)
w(314,3,6,24)
w(315,3,6,24)
w(338,3,6,24)
r(226,2,6,24)
w(332,2,6,24)
r(124,2,6,24)
r(351,4,6,24)
r(351,4,6,24)
w(340,2,6,24)
r(357,1,6,24)
w(338,6,6,24)
w(321,4,6,24)
w(326,6,6,24)
r(170,3,6,24)
w(350,3,6,24)
w(312,5,6,24)
r(294,1,6,24)
r(51,8,6,24)
r(4,3,6,24)
w(314,6,6,24)
w(46,4,1,25)
r(240,6,1,25)
w(47,5,1,25)
w(16,4,1,25)
r(117,3,1,25)
r(66,4,1,25)
r(39,1,1,25)
w(59,6,1,25)
w(57,2,1,25)
r(30,6,1,25)
r(205,6,1,25)
r(133,2,1,25)
w(35,6,1,25)
w(43,4,1,25)
r(218,2,1,25)
w(46,5,1,25)
w(56,3,1,25)
r(348,2,1,25)
w(36,8,1,25)
r(295,2,1,25)
w(11,3,1,25)
w(53,7,1,25)
w(49,6,1,25)
r(20,2,1,25)
w(24,6,1,25)
w(11,6,1,25)
r(168,1,1,25)
w(19,5,1,25)
w(31,4,1,25)
w(57,3,1,25)
r(26,3,1,25)
w(55,3,1,25)
w(58,2,1,25)
r(121,1,1,25)
w(1,6,1,25)
r(175,8,1,25)
w(55,6,1,25)
r(181,3,1,25)
w(43,5,1,25)
w(16,5,1,25)
w(113,5,2,26)
w(105,6,2,26)
w(80,6,2,26)
r(29,6,2,26)
r(59,3,2,26)
w(93,4,2,26)
r(347,3,2,26)
w(113,7,2,26)
w(76,5,2,26)
w(115,4,2,26)
r(206,2,2,26)
w(84,6,2,26)
w(69,6,2,26)
r(308,3,2,26)
r(336,2,2,26)
r(263,6,2,26)
r(154,1,2,26)
w(91,4,2,26)
w(115,5,2,26)
w(82,2,2,26)
w(100,6,2,26)
w(110,6,2,26)
r(149,2,2,26)
r(270,1,2,26)
r(327,2,2,26)
r(332,2,2,26)
w(75,8,2,26)
w(86,5,2,26)
w(99,5,2,26)
r(71,3,2,26)
w(102,4,2,26)
w(70,6,2,26)
w(71,6,2,26)
w(89,6,2,26)
r(211,6,2,26)
r(200,2,2,26)
r(323,3,2,26)
r(314,6,2,26)
w(101,5,2,26)
r(156,1,2,26)
r(195,2,3,27)
r(194,2,3,27)
r(56,2,3,27)
w(163,3,3,27)
w(180,5,3,27)
r(348,2,3,27)
w(134,3,3,27)
w(171,7,3,27)
w(128,2,3,27)
r(69,1,3,27)
w(132,2,3,27)
r(90,1,3,27)
w(130,2,3,27)
w(176,2,3,27)
w(162,3,3,27)
w(163,6,3,27)
w(178,4,3,27)
w(142,4,3,27)
w(158,6,3,27)
r(250,3,3,27)
r(134,3,3,27)
w(141,2,3,27)
r(51,3,3,27)
r(38,3,3,27)
r(21,2,3,27)
w(157,6,3,27)
r(151,6,3,27)
r(206,2,3,27)
r(273,1,3,27)
w(175,7,3,27)
r(19,3,3,27)
r(260,1,3,27)
r(100,3,3,27)
w(142,5,3,27)
r(266,1,3,27)
r(263,6,3,27)
w(130,3,3,27)
r(114,3,3,27)
w(166,6,3,27)
r(82,1,3,27)
r(256,3,4,28)
r(59,1,4,28)
r(314,1,4,28)
w(219,4,4,28)
w(196,2,4,28)
w(229,3,4,28)
r(224,2,4,28)
w(181,3,4,28)
w(205,6,4,28)
r(144,1,4,28)
r(256,3,4,28)
r(332,1,4,28)
w(240,3,4,28)
w(191,2,4,28)
r(60,1,4,28)
r(192,4,4,28)
w(231,6,4,28)
w(190,4,4,28)
w(223,3,4,28)
w(197,3,4,28)
w(212,3,4,28)
w(194,2,4,28)
w(233,3,4,28)
r(245,3,4,28)
w(191,3,4,28)
w(189,5,4,28)
w(210,6,4,28)
r(3,1,4,28)
w(225,2,4,28)
r(257,6,4,28)
r(101,3,4,28)
w(188,2,4,28)
w(185,6,4,28)
w(183,3,4,28)
w(211,6,4,28)
w(206,2,4,28)
r(110,3,4,28)
r(257,6,4,28)
w(186,2,4,28)
r(176,1,4,28)
r(49,6,5,29)
r(59,6,5,29)
r(146,7,5,29)
w(284,2,5,29)
r(131,1,5,29)
w(248,7,5,29)
r(355,3,5,29)
r(128,2,5,29)
r(37,6,5,29)
r(289,1,5,29)
w(246,6,5,29)
w(280,4,5,29)
r(306,5,5,29)
w(283,6,5,29)
r(321,5,5,29)
w(248,8,5,29)
r(344,2,5,29)
r(83,2,5,29)
w(278,4,5,29)
r(120,4,5,29)
w(252,5,5,29)
r(96,5,5,29)
r(279,1,5,29)
r(201,2,5,29)
w(248,9,5,29)
r(328,2,5,29)
w(256,4,5,29)
r(326,4,5,29)
w(298,4,5,29)
r(170,3,5,29)
r(127,4,5,29)
r(128,2,5,29)
r(352,6,5,29)
w(272,4,5,29)
r(211,6,5,29)
r(117,3,5,29)
w(275,6,5,29)
r(155,2,5,29)
r(143,1,5,29)
w(247,3,5,29)
w(314,4,6,30)
w(323,6,6,30)
r(71,6,6,30)
w(352,6,6,30)
r(336,2,6,30)
r(34,4,6,30)
r(35,3,6,30)
r(277,4,6,30)
w(340,3,6,30)
r(358,1,6,30)
w(321,5,6,30)
w(337,6,6,30)
r(183,3,6,30)
w(302,3,6,30)
w(313,3,6,30)
w(319,6,6,30)
r(61,3,6,30)
w(342,6,6,30)
w(327,3,6,30)
w(335,2,6,30)
r(186,3,6,30)
w(349,3,6,30)
r(15,1,6,30)
w(310,6,6,30)
w(317,3,6,30)
r(336,2,6,30)
r(325,2,6,30)
w(322,2,6,30)
r(252,4,6,30)
w(332,3,6,30)
r(226,6,6,30)
w(333,2,6,30)
w(313,6,6,30)
w(356,6,6,30)
w(359,4,6,30)
r(43,2,6,30)
w(310,4,6,30)
w(358,2,6,30)
w(318,2,6,30)
r(133,2,6,30)
w(7,3,1,31)
r(129,2,1,31)
r(77,6,1,31)
w(34,5,1,31)
w(23,2,1,31)
r(330,1,1,31)
r(65,4,1,31)
r(268,3,1,31)
r(298,6,1,31)
w(53,8,1,31)
w(26,6,1,31)
r(184,6,1,31)
w(60,3,1,31)
w(50,6,1,31)
r(353,6,1,31)
r(268,3,1,31)
r(166,6,1,31)
r(236,2,1,31)
r(269,4,1,31)
w(2,4,1,31)
r(107,1,1,31)
w(36,9,1,31)
r(247,1,1,31)
r(344,2,1,31)
r(36,9,1,31)
w(16,7,1,31)
w(27,6,1,31)
w(41,6,1,31)
w(8,2,1,31)
r(21,7,1,31)
w(17,4,1,31)
r(83,2,1,31)
r(242,6,1,31)
w(7,6,1,31)
w(36,10,1,31)
r(115,5,1,31)
r(266,2,1,31)
r(257,6,1,31)
r(164,1,1,31)
r(352,6,1,31)
w(97,4,2,32)
w(69,4,2,32)
w(94,3,2,32)
w(67,5,2,32)
w(114,6,2,32)
r(336,2,2,32)
r(271,1,2,32)
r(351,4,2,32)
r(56,2,2,32)
r(102,4,2,32)
r(137,6,2,32)
w(66,4,2,32)
r(287,1,2,32)
w(120,4,2,32)
r(315,3,2,32)
r(243,1,2,32)
w(80,4,2,32)
r(23,1,2,32)
r(98,5,2,32)
w(118,4,2,32)
r(190,4,2,32)
r(309,2,2,32)
r(201,2,2,32)
r(264,3,2,32)
w(104,7,2,32)
w(85,2,2,32)
w(96,6,2,32)
w(110,4,2,32)
r(184,6,2,32)
r(255,1,2,32)
w(80,5,2,32)
w(70,4,2,32)
r(225,2,2,32)
w(95,6,2,32)
w(70,5,2,32)
r(255,1,2,32)
r(48,2,2,32)
r(133,2,2,32)
r(262,3,2,32)
r(100,6,2,32)
w(146,6,3,33)
r(319,3,3,33)
w(158,4,3,33)
r(169,6,3,33)
r(317,2,3,33)
r(127,2,3,33)
r(193,3,3,33)
w(169,4,3,33)
r(27,2,3,33)
w(178,5,3,33)
w(180,7,3,33)
r(335,1,3,33)
r(118,6,3,33)
w(132,3,3,33)
w(172,3,3,33)
r(222,2,3,33)
w(139,6,3,33)
w(147,6,3,33)
r(236,2,3,33)
w(157,4,3,33)
w(152,6,3,33)
w(152,4,3,33)
w(144,2,3,33)
r(239,3,3,33)
w(139,4,3,33)
r(349,1,3,33)
r(55,1,3,33)
w(162,6,3,33)
r(285,1,3,33)
r(22,2,3,33)
w(146,4,3,33)
w(155,2,3,33)
r(13,2,3,33)
r(65,4,3,33)
w(175,8,3,33)
r(65,4,3,33)
r(313,2,3,33)
w(173,6,3,33)
w(129,2,3,33)
r(160,1,3,33)
r(132,3,4,34)
r(7,2,4,34)
r(353,1,4,34)
w(188,3,4,34)
r(226,2,4,34)
w(238,6,4,34)
r(22,2,4,34)
r(344,1,4,34)
w(182,2,4,34)
w(194,3,4,34)
w(194,6,4,34)
r(83,2,4,34)
w(209,4,4,34)
w(220,2,4,34)
w(219,5,4,34)
w(226,6,4,34)
w(223,6,4,34)
w(189,7,4,34)
r(74,2,4,34)
w(186,3,4,34)
r(52,2,4,34)
r(294,1,4,34)
r(308,3,4,34)
w(221,6,4,34)
r(38,3,4,34)
w(204,4,4,34)
w(195,3,4,34)
w(182,3,4,34)
w(223,4,4,34)
w(188,6,4,34)
w(232,4,4,34)
w(189,8,4,34)
w(213,3,4,34)
r(308,3,4,34)
r(182,3,4,34)
w(196,6,4,34)
w(182,6,4,34)
w(219,7,4,34)
r(258,6,4,34)
w(240,6,4,34)
r(243,1,5,35)
r(308,3,5,35)
r(153,7,5,35)
w(298,5,5,35)
w(285,3,5,35)
r(230,2,5,35)
r(67,5,5,35)
r(188,6,5,35)
w(243,6,5,35)
r(21,7,5,35)
w(299,3,5,35)
r(31,4,5,35)
w(248,10,5,35)
w(300,6,5,35)
r(83,2,5,35)
w(242,4,5,35)
w(300,4,5,35)
w(254,7,5,35)
w(255,2,5,35)
r(296,3,5,35)
r(198,2,5,35)
w(242,5,5,35)
w(288,6,5,35)
w(263,5,5,35)
w(279,4,5,35)
r(66,4,5,35)
r(308,3,5,35)
r(248,10,5,35)
r(118,4,5,35)
w(280,5,5,35)
r(329,2,5,35)
w(247,6,5,35)
r(336,3,5,35)
r(87,1,5,35)
r(319,6,5,35)
w(261,2,5,35)
w(296,4,5,35)
w(276,6,5,35)
w(241,3,5,35)
r(8,2,5,35)
r(347,3,6,36)
r(288,3,6,36)
w(336,3,6,36)
r(85,2,6,36)
w(354,2,6,36)
r(296,3,6,36)
w(349,6,6,36)
w(340,6,6,36)
r(292,3,6,36)
r(220,2,6,36)
r(150,2,6,36)
w(303,6,6,36)
w(305,6,6,36)
w(306,5,6,36)
r(254,5,6,36)
w(325,3,6,36)
r(8,1,6,36)
r(254,5,6,36)
r(30,6,6,36)
r(329,2,6,36)
w(348,3,6,36)
w(360,6,6,36)
w(326,4,6,36)
r(108,1,6,36)
r(221,6,6,36)
r(162,6,6,36)
r(90,1,6,36)
w(302,6,6,36)
r(188,6,6,36)
w(309,3,6,36)
w(353,6,6,36)
w(344,2,6,36)
w(337,4,6,36)
r(359,4,6,36)
w(301,6,6,36)
w(354,3,6,36)
r(263,4,6,36)
r(73,6,6,36)
w(356,4,6,36)
w(335,3,6,36)
w(22,3,1,37)
r(285,1,1,37)
w(59,4,1,37)
w(38,5,1,37)
w(42,2,1,37)
r(12,7,1,37)
r(264,6,1,37)
w(12,8,1,37)
w(18,6,1,37)
r(303,6,1,37)
w(4,5,1,37)
r(319,6,1,37)
w(25,6,1,37)
r(330,1,1,37)
r(337,4,1,37)
w(44,6,1,37)
w(46,7,1,37)
r(172,6,1,37)
r(31,4,1,37)
w(32,6,1,37)
r(1,6,1,37)
w(33,5,1,37)
w(56,6,1,37)
w(26,4,1,37)
r(282,2,1,37)
w(15,4,1,37)
w(26,5,1,37)
w(2,5,1,37)
r(258,6,1,37)
r(306,5,1,37)
r(242,6,1,37)
r(268,3,1,37)
r(150,2,1,37)
r(321,5,1,37)
w(57,6,1,37)
w(4,7,1,37)
w(6,4,1,37)
r(317,3,1,37)
w(18,4,1,37)
w(13,3,1,37)
r(250,6,2,38)
r(302,3,2,38)
r(130,3,2,38)
r(37,6,2,38)
r(331,1,2,38)
w(119,2,2,38)
r(93,4,2,38)
r(108,1,2,38)
r(185,6,2,38)
w(95,4,2,38)
w(119,3,2,38)
w(86,7,2,38)
w(94,6,2,38)
w(79,4,2,38)
r(262,3,2,38)
w(94,4,2,38)
w(96,4,2,38)
r(91,4,2,38)
r(139,4,2,38)
r(279,1,2,38)
r(257,6,2,38)
r(130,3,2,38)
w(79,5,2,38)
w(82,3,2,38)
w(96,5,2,38)
r(263,4,2,38)
r(116,1,2,38)
w(81,6,2,38)
w(78,4,2,38)
r(56,3,2,38)
r(354,1,2,38)
w(110,5,2,38)
r(115,5,2,38)
w(113,8,2,38)
r(160,1,2,38)
r(251,1,2,38)
w(81,4,2,38)
r(142,5,2,38)
r(103,2,2,38)
r(37,6,2,38)
r(10,6,3,39)
w(175,9,3,39)
r(292,3,3,39)
w(175,10,3,39)
r(62,3,3,39)
w(140,4,3,39)
w(168,3,3,39)
r(211,6,3,39)
w(133,6,3,39)
w(174,7,3,39)
w(133,4,3,39)
r(340,3,3,39)
r(334,6,3,39)
r(164,1,3,39)
w(127,3,3,39)
w(123,4,3,39)
w(171,9,3,39)
w(127,6,3,39)
r(285,1,3,39)
w(163,4,3,39)
r(263,4,3,39)
r(332,3,3,39)
r(124,2,3,39)
w(142,7,3,39)
r(360,2,3,39)
w(178,7,3,39)
r(29,6,3,39)
r(189,8,3,39)
r(206,2,3,39)
r(255,1,3,39)
r(150,2,3,39)
w(133,5,3,39)
w(146,7,3,39)
r(347,3,3,39)
r(10,6,3,39)
w(142,8,3,39)
r(142,8,3,39)
w(122,3,3,39)
r(188,6,3,39)
w(127,4,3,39)
r(340,3,4,40)
w(225,3,4,40)
r(309,2,4,40)
w(213,6,4,40)
r(237,3,4,40)
r(217,3,4,40)
w(195,6,4,40)
r(220,2,4,40)
r(106,2,4,40)
r(129,2,4,40)
w(233,6,4,40)
r(189,8,4,40)
w(239,4,4,40)
r(250,6,4,40)
w(198,2,4,40)
w(231,7,4,40)
w(203,3,4,40)
w(187,3,4,40)
w(239,5,4,40)
r(337,6,4,40)
r(114,6,4,40)
w(182,4,4,40)
w(234,3,4,40)
w(216,5,4,40)
w(183,6,4,40)
r(179,2,4,40)
w(196,4,4,40)
w(232,5,4,40)
r(159,1,4,40)
w(185,5,4,40)
w(238,4,4,40)
r(246,3,4,40)
r(229,3,4,40)
r(217,3,4,40)
w(181,6,4,40)
r(57,3,4,40)
r(260,1,4,40)
r(145,6,4,40)
w(217,6,4,40)
r(65,4,4,40)
r(272,4,5,41)
r(128,2,5,41)
w(245,5,5,41)
w(272,8,5,41)
w(263,7,5,41)
r(215,1,5,41)
w(290,6,5,41)
r(32,6,5,41)
w(270,2,5,41)
w(256,5,5,41)
r(339,6,5,41)
w(252,8,5,41)
w(290,4,5,41)
r(349,5,5,41)
r(228,3,5,41)
r(80,5,5,41)
w(296,7,5,41)
w(265,6,5,41)
w(247,4,5,41)
w(285,6,5,41)
w(252,9,5,41)
w(265,4,5,41)
w(270,3,5,41)
w(262,4,5,41)
w(253,4,5,41)
w(278,7,5,41)
w(286,6,5,41)
r(85,2,5,41)
r(97,4,5,41)
w(244,6,5,41)
w(294,3,5,41)
w(261,6,5,41)
r(137,7,5,41)
r(33,5,5,41)
r(84,6,5,41)
r(130,3,5,41)
r(103,2,5,41)
r(244,6,5,41)
r(248,10,5,41)
r(149,3,5,41)
w(329,6,6,42)
r(318,2,6,42)
r(276,6,6,42)
w(340,5,6,42)
w(334,5,6,42)
r(80,5,6,42)
w(335,4,6,42)
r(6,4,6,42)
r(303,6,6,42)
r(327,3,6,42)
w(343,5,6,42)
w(335,5,6,42)
r(198,2,6,42)
w(340,7,6,42)
r(277,5,6,42)
r(57,6,6,42)
w(304,3,6,42)
r(15,4,6,42)
r(70,5,6,42)
r(21,8,6,42)
w(344,3,6,42)
w(353,5,6,42)
r(169,4,6,42)
r(335,5,6,42)
r(45,4,6,42)
w(341,3,6,42)
w(329,4,6,42)
w(352,7,6,42)
w(338,5,6,42)
r(247,6,6,42)
r(55,4,6,42)
w(303,4,6,42)
r(280,5,6,42)
r(110,5,6,42)
r(70,5,6,42)
w(304,6,6,42)
w(335,7,6,42)
r(22,3,6,42)
r(184,6,6,42)
w(319,4,6,42)
w(36,11,1,43)
w(34,7,1,43)
r(256,4,1,43)
w(14,5,1,43)
w(55,4,1,43)
r(276,6,1,43)
r(39,1,1,43)
r(91,4,1,43)
r(228,3,1,43)
r(95,4,1,43)
w(4,8,1,43)
r(264,6,1,43)
w(34,8,1,43)
r(129,2,1,43)
w(27,4,1,43)
r(110,5,1,43)
r(168,3,1,43)
w(21,8,1,43)
w(60,6,1,43)
w(20,6,1,43)
r(24,6,1,43)
r(286,2,1,43)
r(111,1,1,43)
w(1,4,1,43)
r(130,3,1,43)
r(222,2,1,43)
r(233,6,1,43)
r(131,6,1,43)
w(25,4,1,43)
w(2,7,1,43)
w(35,4,1,43)
r(20,6,1,43)
w(1,5,1,43)
r(29,6,1,43)
r(156,1,1,43)
r(60,6,1,43)
w(14,7,1,43)
r(302,6,1,43)
w(10,4,1,43)
w(9,4,1,43)
w(79,7,2,44)
w(101,9,2,44)
w(66,7,2,44)
r(185,5,2,44)
w(88,7,2,44)
w(106,7,2,44)
w(97,7,2,44)
r(45,4,2,44)
r(155,3,2,44)
r(98,5,2,44)
w(110,10,2,44)
w(100,7,2,44)
r(253,4,2,44)
w(78,5,2,44)
r(2,8,2,44)
w(110,11,2,44)
r(69,4,2,44)
w(105,5,2,44)
w(112,5,2,44)
w(97,8,2,44)
w(107,5,2,44)
r(150,2,2,44)
r(134,3,2,44)
w(80,9,2,44)
r(205,6,2,44)
w(61,4,2,44)
r(132,6,2,44)
w(80,10,2,44)
r(266,2,2,44)
w(118,7,2,44)
w(65,7,2,44)
w(78,7,2,44)
r(33,5,2,44)
r(121,1,2,44)
r(249,2,2,44)
r(199,2,2,44)
r(306,5,2,44)
w(93,5,2,44)
w(80,11,2,44)
r(221,6,2,44)
r(236,2,3,45)
w(176,3,3,45)
r(126,3,3,45)
w(138,6,3,45)
w(153,5,3,45)
r(209,4,3,45)
w(144,3,3,45)
w(157,5,3,45)
w(131,3,3,45)
r(8,2,3,45)
w(138,4,3,45)
r(259,2,3,45)
w(172,6,3,45)
r(295,2,3,45)
w(131,6,3,45)
r(266,2,3,45)
r(320,1,3,45)
r(241,2,3,45)
w(139,5,3,45)
r(140,4,3,45)
r(345,6,3,45)
r(324,7,3,45)
w(154,2,3,45)
r(115,5,3,45)
w(148,2,3,45)
r(199,2,3,45)
w(163,5,3,45)
r(120,4,3,45)
r(10,6,3,45)
r(49,6,3,45)
r(110,5,3,45)
r(357,1,3,45)
r(345,6,3,45)
r(127,4,3,45)
w(153,7,3,45)
r(117,3,3,45)
r(75,8,3,45)
r(278,4,3,45)
r(248,9,3,45)
r(291,5,3,45)
r(281,3,4,46)
w(220,6,4,46)
w(225,4,4,46)
w(198,6,4,46)
r(340,7,4,46)
w(235,7,4,46)
w(220,4,4,46)
r(201,2,4,46)
r(229,3,4,46)
w(205,10,4,46)
w(230,4,4,46)
w(186,5,4,46)
w(185,9,4,46)
w(216,11,4,46)
w(226,5,4,46)
r(238,4,4,46)
w(223,7,4,46)
w(220,5,4,46)
r(260,4,4,46)
w(231,11,4,46)
r(251,3,4,46)
r(175,10,4,46)
w(187,6,4,46)
w(218,8,4,46)
w(205,11,4,46)
w(233,7,4,46)
r(40,6,4,46)
w(196,9,4,46)
w(222,6,4,46)
w(186,7,4,46)
w(227,7,4,46)
w(205,12,4,46)
w(199,4,4,46)
w(195,8,4,46)
r(248,13,4,46)
w(224,7,4,46)
w(182,8,4,46)
w(185,10,4,46)
r(116,7,4,46)
w(230,5,4,46)
r(242,5,5,47)
w(248,11,5,47)
r(105,5,5,47)
w(268,4,5,47)
w(290,5,5,47)
r(180,7,5,47)
w(270,6,5,47)
w(274,4,5,47)
w(274,5,5,47)
r(344,3,5,47)
w(248,12,5,47)
w(253,5,5,47)
r(71,6,5,47)
w(267,9,5,47)
w(271,2,5,47)
w(241,6,5,47)
w(296,8,5,47)
r(48,2,5,47)
w(292,6,5,47)
r(1,8,5,47)
r(322,2,5,47)
r(226,6,5,47)
r(123,4,5,47)
w(243,5,5,47)
r(52,6,5,47)
r(258,6,5,47)
w(273,3,5,47)
r(257,6,5,47)
r(261,6,5,47)
r(215,1,5,47)
r(1,8,5,47)
r(41,6,5,47)
r(157,5,5,47)
r(97,8,5,47)
r(52,6,5,47)
w(299,4,5,47)
r(115,5,5,47)
r(122,3,5,47)
r(337,7,5,47)
w(270,4,5,47)
w(337,7,6,48)
w(305,7,6,48)
w(331,6,6,48)
w(304,4,6,48)
r(306,5,6,48)
w(301,7,6,48)
r(189,8,6,48)
r(229,3,6,48)
r(342,6,6,48)
w(357,6,6,48)
r(312,5,6,48)
r(76,5,6,48)
r(274,6,6,48)
r(321,5,6,48)
r(186,3,6,48)
w(349,5,6,48)
w(329,5,6,48)
w(332,6,6,48)
r(288,6,6,48)
r(224,2,6,48)
w(326,7,6,48)
r(261,2,6,48)
r(294,1,6,48)
w(323,5,6,48)
w(317,6,6,48)
w(326,8,6,48)
r(255,2,6,48)
r(218,2,6,48)
w(348,6,6,48)
r(84,6,6,48)
w(328,6,6,48)
w(331,4,6,48)
r(18,4,6,48)
r(262,3,6,48)
r(221,6,6,48)
r(354,3,6,48)
r(33,5,6,48)
r(71,6,6,48)
w(341,6,6,48)
r(111,1,6,48)
w(5,6,1,49)
w(20,4,1,49)
r(150,2,1,49)
w(59,5,1,49)
r(325,3,1,49)
r(353,5,1,49)
r(234,3,1,49)
w(22,6,1,49)
r(13,3,1,49)
w(57,4,1,49)
r(74,2,1,49)
r(3,6,1,49)
w(27,5,1,49)
r(346,3,1,49)
w(12,9,1,49)
w(55,5,1,49)
r(82,3,1,49)
w(52,6,1,49)
r(191,3,1,49)
r(29,6,1,49)
w(46,8,1,49)
w(2,8,1,49)
r(305,7,1,49)
w(39,6,1,49)
r(233,6,1,49)
w(18,5,1,49)
r(138,4,1,49)
r(195,6,1,49)
r(300,4,1,49)
w(34,9,1,49)
w(5,4,1,49)
r(105,6,1,49)
r(31,4,1,49)
r(46,8,1,49)
w(19,7,1,49)
w(42,3,1,49)
r(136,1,1,49)
r(119,3,1,49)
r(332,6,1,49)
w(47,7,1,49)
r(291,5,2,50)
w(99,7,2,50)
w(97,10,2,50)
w(115,8,2,50)
w(86,10,2,50)
w(78,8,2,50)
r(220,2,2,50)
w(85,3,2,50)
w(102,7,2,50)
r(239,5,2,50)
w(115,9,2,50)
w(95,5,2,50)
w(112,7,2,50)
r(169,4,2,50)
w(73,4,2,50)
r(125,6,2,50)
r(85,3,2,50)
r(129,2,2,50)
r(332,7,2,50)
w(116,3,2,50)
r(182,4,2,50)
r(144,4,2,50)
w(119,4,2,50)
w(108,6,2,50)
w(89,4,2,50)
w(67,7,2,50)
w(106,8,2,50)
w(116,6,2,50)
w(67,8,2,50)
r(141,2,2,50)
w(66,8,2,50)
r(173,6,2,50)
r(39,5,2,50)
r(200,2,2,50)
r(11,4,2,50)
w(86,11,2,50)
r(130,3,2,50)
w(108,4,2,50)
w(116,4,2,50)
r(255,2,2,50)
w(177,6,3,51)
r(344,2,3,51)
w(149,3,3,51)
w(178,8,3,51)
w(159,3,3,51)
w(168,6,3,51)
r(340,6,3,51)
r(76,5,3,51)
w(124,4,3,51)
r(195,6,3,51)
r(272,4,3,51)
r(129,2,3,51)
w(147,4,3,51)
w(167,4,3,51)
w(160,4,3,51)
w(160,5,3,51)
w(125,3,3,51)
w(156,2,3,51)
r(175,10,3,51)
w(148,3,3,51)
r(360,6,3,51)
r(135,3,3,51)
w(145,4,3,51)
r(60,6,3,51)
w(160,7,3,51)
w(125,6,3,51)
r(75,8,3,51)
r(42,2,3,51)
w(155,3,3,51)
r(28,6,3,51)
r(2,7,3,51)
r(45,4,3,51)
r(152,4,3,51)
r(245,6,3,51)
w(170,4,3,51)
r(271,1,3,51)
w(176,6,3,51)
w(132,6,3,51)
w(137,7,3,51)
r(263,5,3,51)
r(315,4,4,52)
w(187,4,4,52)
w(220,7,4,52)
r(124,4,4,52)
r(307,3,4,52)
w(186,8,4,52)
w(218,9,4,52)
w(194,9,4,52)
w(222,4,4,52)
w(202,4,4,52)
r(125,4,4,52)
r(252,10,4,52)
r(299,7,4,52)
r(248,14,4,52)
r(359,4,4,52)
r(59,8,4,52)
w(233,8,4,52)
w(192,9,4,52)
w(197,4,4,52)
w(219,11,4,52)
r(75,8,4,52)
r(277,10,4,52)
r(65,7,4,52)
w(224,8,4,52)
w(234,7,4,52)
w(219,12,4,52)
w(222,5,4,52)
w(225,5,4,52)
r(180,7,4,52)
r(349,7,4,52)
w(234,8,4,52)
r(212,3,4,52)
w(189,10,4,52)
w(204,8,4,52)
r(98,10,4,52)
w(181,4,4,52)
r(140,8,4,52)
w(228,8,4,52)
w(209,10,4,52)
w(225,7,4,52)
w(248,13,5,53)
r(34,10,5,53)
w(260,6,5,53)
w(250,4,5,53)
w(244,4,5,53)
w(266,3,5,53)
r(194,6,5,53)
w(261,4,5,53)
r(255,2,5,53)
w(259,6,5,53)
w(285,4,5,53)
w(253,7,5,53)
w(260,4,5,53)
w(256,7,5,53)
w(251,2,5,53)
r(108,1,5,53)
w(249,6,5,53)
r(239,5,5,53)
r(64,1,5,53)
r(39,5,5,53)
w(251,3,5,53)
r(260,4,5,53)
r(17,4,5,53)
w(267,10,5,53)
w(297,2,5,53)
w(277,8,5,53)
w(249,4,5,53)
w(263,8,5,53)
w(298,7,5,53)
r(193,3,5,53)
r(310,4,5,53)
w(270,5,5,53)
r(63,6,5,53)
w(244,5,5,53)
r(206,2,5,53)
w(264,4,5,53)
r(325,3,5,53)
w(277,9,5,53)
r(5,4,5,53)
r(105,5,5,53)
r(120,4,6,54)
w(353,7,6,54)
w(350,6,6,54)
r(148,3,6,54)
r(275,6,6,54)
r(252,9,6,54)
w(318,3,6,54)
r(234,3,6,54)
r(200,2,6,54)
w(308,6,6,54)
r(129,2,6,54)
r(313,6,6,54)
r(289,1,6,54)
r(25,4,6,54)
w(354,6,6,54)
r(299,3,6,54)
r(283,6,6,54)
w(332,4,6,54)
r(339,6,6,54)
r(78,7,6,54)
w(332,5,6,54)
r(218,2,6,54)
r(345,6,6,54)
w(333,6,6,54)
r(159,3,6,54)
r(310,4,6,54)
r(153,7,6,54)
w(348,4,6,54)
r(90,1,6,54)
r(252,9,6,54)
r(267,1,6,54)
r(293,8,6,54)
r(124,4,6,54)
r(304,4,6,54)
w(336,8,6,54)
r(89,6,6,54)
w(302,8,6,54)
w(305,8,6,54)
r(256,5,6,54)
r(191,3,6,54)
w(34,10,1,55)
w(31,5,1,55)
r(183,6,1,55)
r(354,3,1,55)
w(55,7,1,55)
w(6,5,1,55)
w(35,5,1,55)
w(4,9,1,55)
r(119,3,1,55)
w(36,12,1,55)
w(1,7,1,55)
r(58,2,1,55)
r(268,3,1,55)
r(32,6,1,55)
w(1,8,1,55)
w(7,4,1,55)
w(50,4,1,55)
w(11,4,1,55)
r(188,6,1,55)
r(340,7,1,55)
w(20,5,1,55)
w(36,13,1,55)
r(168,6,1,55)
w(8,3,1,55)
w(23,3,1,55)
r(181,6,1,55)
w(19,8,1,55)
r(240,6,1,55)
r(233,6,1,55)
r(157,5,1,55)
r(165,3,1,55)
r(313,6,1,55)
r(214,4,1,55)
r(58,2,1,55)
w(23,6,1,55)
w(57,5,1,55)
w(39,4,1,55)
r(104,7,1,55)
r(114,6,1,55)
w(60,4,1,55)
w(101,10,2,56)
w(69,5,2,56)
w(66,9,2,56)
w(79,8,2,56)
w(102,8,2,56)
w(115,10,2,56)
r(245,5,2,56)
w(98,9,2,56)
w(106,9,2,56)
r(84,6,2,56)
r(260,4,2,56)
w(84,5,2,56)
r(111,1,2,56)
w(82,5,2,56)
w(82,7,2,56)
w(92,6,2,56)
w(82,8,2,56)
r(67,8,2,56)
r(360,6,2,56)
w(87,2,2,56)
w(78,9,2,56)
r(146,7,2,56)
w(92,4,2,56)
w(115,11,2,56)
w(93,7,2,56)
r(295,2,2,56)
r(50,7,2,56)
w(110,13,2,56)
w(81,9,2,56)
w(105,7,2,56)
w(78,10,2,56)
r(321,8,2,56)
w(66,10,2,56)
r(302,9,2,56)
w(85,6,2,56)
w(84,7,2,56)
r(239,5,2,56)
r(124,4,2,56)
w(111,4,2,56)
w(92,5,2,56)
r(338,5,3,57)
r(109,3,3,57)
r(22,6,3,57)
w(160,8,3,57)
w(141,6,3,57)
w(161,7,3,57)
r(148,3,3,57)
r(179,2,3,57)
r(286,6,3,57)
r(291,5,3,57)
w(143,2,3,57)
r(233,6,3,57)
r(202,2,3,57)
w(157,7,3,57)
w(124,7,3,57)
r(118,7,3,57)
w(151,4,3,57)
r(205,6,3,57)
r(39,4,3,57)
w(160,9,3,57)
w(174,8,3,57)
w(164,6,3,57)
r(131,6,3,57)
w(229,4,4,58)
w(223,8,4,58)
r(317,6,4,58)
r(152,7,4,58)
w(199,5,4,58)
r(263,8,4,58)
r(129,2,4,58)
w(221,7,4,58)
w(186,9,4,58)
r(136,6,4,58)
w(200,9,4,58)
r(156,6,4,58)
w(231,12,4,58)
r(353,7,4,58)
r(27,5,4,58)
r(132,4,4,58)
r(289,1,4,58)
r(32,4,4,58)
r(109,5,4,58)
w(187,5,4,58)
r(159,6,4,58)
w(223,9,4,58)
w(217,7,4,58)
w(236,8,4,58)
r(180,7,4,58)
r(5,4,4,58)
w(233,9,4,58)
r(15,4,4,58)
r(130,8,4,58)
w(189,11,4,58)
r(147,4,4,58)
r(192,9,4,58)
w(240,4,4,58)
r(246,6,4,58)
w(220,8,4,58)
w(214,5,4,58)
r(190,4,4,58)
w(191,9,4,58)
w(216,12,4,58)
r(121,6,4,58)
r(285,4,5,59)
w(250,5,5,59)
w(299,5,5,59)
r(253,7,5,59)
w(283,4,5,59)
w(294,6,5,59)
r(163,5,5,59)
r(167,4,5,59)
w(243,7,5,59)
w(243,8,5,59)
r(231,7,5,59)
r(93,5,5,59)
r(184,6,5,59)
r(213,6,5,59)
r(156,2,5,59)
r(26,5,5,59)
r(271,2,5,59)
w(285,5,5,59)
r(49,4,5,59)
w(243,9,5,59)
w(299,7,5,59)
w(287,3,5,59)
r(348,5,5,59)
w(252,10,5,59)
r(341,4,5,59)
w(265,5,5,59)
r(43,5,5,59)
w(250,7,5,59)
r(27,5,5,59)
r(193,3,5,59)
w(283,5,5,59)
w(244,7,5,59)
w(280,7,5,59)
w(270,7,5,59)
w(283,7,5,59)
r(87,1,5,59)
w(266,6,5,59)
w(282,6,5,59)
r(321,5,5,59)
r(274,5,5,59)
w(304,5,6,60)
w(332,7,6,60)
w(351,8,6,60)
r(1,8,6,60)
w(309,6,6,60)
w(324,8,6,60)
w(342,5,6,60)
w(352,8,6,60)
w(309,4,6,60)
r(55,8,6,60)
w(305,9,6,60)
w(341,4,6,60)
w(311,5,6,60)
w(307,3,6,60)
w(354,4,6,60)
w(303,5,6,60)
w(339,4,6,60)
r(110,11,6,60)
r(178,8,6,60)
r(129,2,6,60)
r(39,5,6,60)
r(192,4,6,60)
w(351,9,6,60)
r(146,7,6,60)
w(358,3,6,60)
r(147,4,6,60)
r(65,7,6,60)
r(108,1,6,60)
r(282,2,6,60)
w(328,4,6,60)
r(95,4,6,60)
r(208,1,6,60)
w(315,4,6,60)
r(242,5,6,60)
r(333,6,6,60)
w(331,5,6,60)
w(348,5,6,60)
r(334,5,6,60)
r(23,6,6,60)
r(103,2,6,60)
w(29,4,1,61)
w(14,8,1,61)
r(224,2,1,61)
w(49,4,1,61)
r(156,2,1,61)
r(204,4,1,61)
w(19,9,1,61)
w(50,5,1,61)
r(262,4,1,61)
w(28,4,1,61)
r(99,5,1,61)
r(99,5,1,61)
r(173,6,1,61)
w(59,7,1,61)
w(32,4,1,61)
w(60,5,1,61)
w(29,5,1,61)
r(176,6,1,61)
r(48,2,1,61)
r(320,1,1,61)
w(21,9,1,61)
r(325,3,1,61)
r(215,1,1,61)
w(3,4,1,61)
r(320,1,1,61)
w(42,6,1,61)
w(60,7,1,61)
r(337,7,1,61)
r(24,6,1,61)
r(228,3,1,61)
w(47,8,1,61)
w(39,5,1,61)
w(18,7,1,61)
w(29,7,1,61)
r(40,1,1,61)
w(42,4,1,61)
w(53,9,1,61)
w(33,7,1,61)
r(300,4,1,61)
r(195,6,1,61)
r(253,7,2,62)
r(226,6,2,62)
w(82,9,2,62)
w(71,7,2,62)
w(64,4,2,62)
w(116,5,2,62)
w(99,8,2,62)
r(295,2,2,62)
r(63,6,2,62)
r(342,5,2,62)
r(356,4,2,62)
r(287,3,2,62)
r(352,10,2,62)
w(97,11,2,62)
w(116,7,2,62)
w(98,10,2,62)
r(326,8,2,62)
r(231,7,2,62)
w(95,7,2,62)
w(106,10,2,62)
r(333,4,2,62)
w(112,8,2,62)
w(94,9,2,62)
r(234,3,2,62)
r(73,4,2,62)
w(89,5,2,62)
r(217,6,2,62)
w(114,8,2,62)
w(72,4,2,62)
w(100,9,2,62)
w(119,5,2,62)
w(106,11,2,62)
w(82,10,2,62)
r(162,6,2,62)
r(43,7,2,62)
r(6,5,2,62)
w(70,9,2,62)
w(114,9,2,62)
w(97,12,2,62)
r(322,2,2,62)
r(245,5,3,63)
r(194,6,3,63)
w(148,4,3,63)
r(133,5,3,63)
w(127,5,3,63)
r(253,7,3,63)
w(161,9,3,63)
w(122,8,3,63)
r(267,10,3,63)
r(111,1,3,63)
w(135,4,3,63)
r(105,5,3,63)
w(145,5,3,63)
w(168,4,3,63)
r(250,4,3,63)
w(134,6,3,63)
r(54,6,3,63)
w(143,3,3,63)
r(106,7,3,63)
r(261,4,3,63)
r(16,8,3,63)
r(346,3,3,63)
r(47,9,3,63)
r(289,1,3,63)
w(132,4,3,63)
r(292,6,3,63)
r(230,2,3,63)
w(166,4,3,63)
r(224,2,3,63)
r(6,5,3,63)
r(337,7,3,63)
w(172,4,3,63)
r(313,6,3,63)
w(144,4,3,63)
r(269,4,3,63)
w(142,11,3,63)
r(153,7,3,63)
w(161,10,3,63)
r(210,6,3,63)
r(173,6,3,63)
w(188,5,4,64)
r(129,2,4,64)
r(198,6,4,64)
w(212,5,4,64)
r(34,11,4,64)
r(157,10,4,64)
r(266,6,4,64)
w(230,7,4,64)
r(197,4,4,64)
w(232,13,4,64)
r(297,2,4,64)
r(181,4,4,64)
w(221,8,4,64)
r(312,7,4,64)
w(184,10,4,64)
r(174,16,4,64)
r(163,8,4,64)
r(164,5,4,64)
w(194,10,4,64)
w(203,5,4,64)
w(190,8,4,64)
r(123,8,4,64)
r(61,4,4,64)
r(159,4,4,64)
w(237,11,4,64)
w(207,6,4,64)
w(238,7,4,64)
w(212,7,4,64)
w(228,10,4,64)
w(209,13,4,64)
w(196,10,4,64)
r(114,10,4,64)
w(189,13,4,64)
w(188,7,4,64)
r(179,6,4,64)
r(20,11,4,64)
r(233,9,4,64)
r(281,3,4,64)
w(185,11,4,64)
r(256,9,4,64)
w(284,3,5,65)
w(275,5,5,65)
r(17,5,5,65)
w(262,7,5,65)
w(287,6,5,65)
w(244,8,5,65)
w(277,10,5,65)
r(258,6,5,65)
r(223,7,5,65)
w(248,14,5,65)
r(174,10,5,65)
w(271,3,5,65)
w(285,7,5,65)
w(264,5,5,65)
w(271,6,5,65)
w(275,7,5,65)
r(1,8,5,65)
w(247,5,5,65)
w(258,7,5,65)
r(257,6,5,65)
r(359,4,5,65)
r(106,11,5,65)
w(265,8,5,65)
r(151,6,5,65)
r(13,4,5,65)
r(178,8,5,65)
r(300,4,5,65)
r(160,10,5,65)
r(77,6,5,65)
w(241,4,5,65)
w(276,4,5,65)
r(6,5,5,65)
r(88,7,5,65)
r(24,4,5,65)
r(188,6,5,65)
w(273,4,5,65)
r(224,7,5,65)
r(14,8,5,65)
r(238,4,5,65)
r(60,9,5,65)
r(234,3,6,66)
r(105,5,6,66)
r(81,4,6,66)
r(153,7,6,66)
w(349,7,6,66)
w(346,4,6,66)
r(258,6,6,66)
w(352,9,6,66)
w(329,7,6,66)
r(231,7,6,66)
r(74,2,6,66)
w(345,4,6,66)
r(3,4,6,66)
w(333,4,6,66)
r(245,5,6,66)
w(312,7,6,66)
r(31,5,6,66)
w(327,6,6,66)
r(4,10,6,66)
w(321,8,6,66)
r(333,4,6,66)
r(140,4,6,66)
w(354,5,6,66)
w(302,9,6,66)
w(339,5,6,66)
r(315,4,6,66)
w(316,3,6,66)
r(302,9,6,66)
r(85,3,6,66)
r(313,6,6,66)
w(339,7,6,66)
r(247,4,6,66)
w(318,6,6,66)
r(19,9,6,66)
w(320,4,6,66)
w(320,5,6,66)
r(220,2,6,66)
w(352,10,6,66)
r(213,6,6,66)
r(192,4,6,66)
w(13,6,1,67)
w(47,9,1,67)
w(29,8,1,67)
r(205,6,1,67)
r(7,4,1,67)
r(243,5,1,67)
r(37,6,1,67)
r(11,4,1,67)
w(46,9,1,67)
w(8,6,1,67)
r(169,4,1,67)
r(312,5,1,67)
r(118,7,1,67)
w(42,5,1,67)
w(52,4,1,67)
r(83,2,1,67)
w(24,4,1,67)
w(58,3,1,67)
w(42,7,1,67)
r(330,1,1,67)
r(22,6,1,67)
w(4,10,1,67)
r(5,4,1,67)
w(54,6,1,67)
r(192,4,1,67)
r(106,7,1,67)
w(8,4,1,67)
w(10,5,1,67)
w(20,7,1,67)
w(16,8,1,67)
w(55,8,1,67)
w(8,5,1,67)
w(60,8,1,67)
r(226,6,1,67)
r(140,4,1,67)
r(297,1,1,67)
r(341,6,1,67)
w(25,5,1,67)
r(162,6,1,67)
r(211,6,1,67)
w(115,12,2,68)
r(346,4,2,68)
w(87,3,2,68)
w(88,8,2,68)
w(65,10,2,68)
w(90,4,2,68)
r(329,7,2,68)
w(71,8,2,68)
w(105,8,2,68)
r(121,3,2,68)
w(119,7,2,68)
w(109,4,2,68)
w(115,13,2,68)
w(88,9,2,68)
r(73,4,2,68)
w(92,7,2,68)
w(72,5,2,68)
w(67,9,2,68)
r(276,4,2,68)
r(61,4,2,68)
w(66,11,2,68)
w(109,5,2,68)
w(108,5,2,68)
r(92,7,2,68)
w(62,4,2,68)
w(64,5,2,68)
w(70,10,2,68)
r(293,8,2,68)
w(100,10,2,68)
r(83,2,2,68)
w(102,9,2,68)
w(76,7,2,68)
r(10,7,2,68)
r(159,6,2,68)
w(66,12,2,68)
w(98,11,2,68)
r(36,14,2,68)
w(118,10,2,68)
r(178,8,2,68)
r(117,3,2,68)
r(87,2,3,69)
w(167,5,3,69)
w(139,7,3,69)
r(317,6,3,69)
w(158,8,3,69)
r(155,3,3,69)
w(172,5,3,69)
r(224,2,3,69)
r(106,9,3,69)
w(165,5,3,69)
r(226,6,3,69)
w(152,5,3,69)
r(171,9,3,69)
w(122,9,3,69)
w(125,4,3,69)
r(109,3,3,69)
r(48,3,3,69)
r(159,3,3,69)
w(164,4,3,69)
r(351,9,3,69)
w(131,4,3,69)
r(347,3,3,69)
r(10,7,3,69)
w(142,12,3,69)
w(140,8,3,69)
r(23,6,3,69)
r(80,11,3,69)
r(136,1,3,69)
r(335,7,3,69)
w(135,5,3,69)
w(139,8,3,69)
w(167,7,3,69)
w(143,4,3,69)
r(355,3,3,69)
w(138,5,3,69)
w(121,3,3,69)
r(127,5,3,69)
r(32,4,3,69)
r(187,3,3,69)
w(141,5,3,69)
w(196,11,4,70)
w(194,11,4,70)
w(190,9,4,70)
w(235,8,4,70)
w(194,12,4,70)
w(190,10,4,70)
r(2,9,4,70)
w(212,8,4,70)
w(231,13,4,70)
r(307,6,4,70)
w(237,12,4,70)
w(221,9,4,70)
r(347,3,4,70)
r(250,8,4,70)
r(19,14,4,70)
r(197,4,4,70)
w(215,5,4,70)
r(317,4,4,70)
r(37,5,4,70)
w(240,5,4,70)
w(233,10,4,70)
r(336,10,4,70)
w(186,10,4,70)
r(205,12,4,70)
w(191,10,4,70)
w(237,13,4,70)
r(26,5,4,70)
r(75,11,4,70)
w(185,12,4,70)
w(235,9,4,70)
w(228,11,4,70)
w(210,10,4,70)
r(317,4,4,70)
r(86,11,4,70)
r(322,6,4,70)
r(88,11,4,70)
w(226,7,4,70)
w(218,11,4,70)
w(196,12,4,70)
w(223,10,4,70)
w(250,8,5,71)
w(292,8,5,71)
r(213,6,5,71)
r(272,8,5,71)
w(243,10,5,71)
r(108,5,5,71)
r(26,5,5,71)
w(286,4,5,71)
r(202,4,5,71)
r(80,12,5,71)
r(297,2,5,71)
w(286,5,5,71)
r(232,5,5,71)
r(72,5,5,71)
w(257,4,5,71)
w(243,11,5,71)
w(274,8,5,71)
w(280,9,5,71)
w(248,15,5,71)
w(268,7,5,71)
w(263,12,5,71)
w(293,9,5,71)
r(235,7,5,71)
w(270,10,5,71)
w(251,4,5,71)
r(107,5,5,71)
r(244,8,5,71)
r(191,9,5,71)
w(283,8,5,71)
r(60,9,5,71)
w(256,9,5,71)
w(247,8,5,71)
r(345,7,5,71)
r(227,7,5,71)
r(212,3,5,71)
w(272,10,5,71)
w(298,8,5,71)
r(122,10,5,71)
w(259,4,5,71)
r(268,7,5,71)
r(2,8,6,72)
w(327,4,6,72)
r(356,4,6,72)
w(332,8,6,72)
r(183,6,6,72)
w(331,7,6,72)
r(112,8,6,72)
r(188,6,6,72)
w(358,6,6,72)
w(323,7,6,72)
w(324,9,6,72)
w(334,8,6,72)
r(49,5,6,72)
r(264,4,6,72)
r(333,4,6,72)
r(204,4,6,72)
r(226,5,6,72)
r(357,6,6,72)
w(311,7,6,72)
r(297,2,6,72)
w(346,5,6,72)
r(143,4,6,72)
r(180,7,6,72)
w(360,5,6,72)
r(44,4,6,72)
r(7,5,6,72)
r(161,11,6,72)
r(88,7,1,73)
w(13,4,1,73)
r(217,6,1,73)
w(55,9,1,73)
r(348,5,1,73)
w(55,10,1,73)
r(218,2,1,73)
r(55,10,1,73)
r(235,2,1,73)
w(55,11,1,73)
w(7,5,1,73)
w(42,8,1,73)
w(33,8,1,73)
r(187,3,1,73)
w(57,7,1,73)
w(40,3,1,73)
w(56,4,1,73)
r(48,2,1,73)
w(28,5,1,73)
w(42,9,1,73)
r(164,1,1,73)
w(35,7,1,73)
r(70,5,1,73)
r(4,10,1,73)
w(20,8,1,73)
r(285,4,1,73)
r(160,7,1,73)
r(312,5,1,73)
r(134,6,1,73)
r(347,3,1,73)
r(14,8,1,73)
w(41,4,1,73)
r(150,2,1,73)
r(192,4,1,73)
r(186,3,1,73)
w(10,7,1,73)
w(35,8,1,73)
r(258,6,1,73)
r(150,2,1,73)
w(48,3,1,73)
w(75,10,2,74)
w(103,7,2,74)
r(26,5,2,74)
w(84,8,2,74)
w(80,12,2,74)
w(78,11,2,74)
w(90,5,2,74)
w(71,9,2,74)
w(96,9,2,74)
r(206,2,2,74)
w(62,5,2,74)
w(104,9,2,74)
w(110,14,2,74)
r(231,12,2,74)
w(65,11,2,74)
w(117,6,2,74)
r(197,4,2,74)
w(118,11,2,74)
r(66,12,2,74)
w(88,10,2,74)
w(100,11,2,74)
w(110,16,2,74)
r(295,2,2,74)
r(271,6,2,74)
w(103,8,2,74)
w(67,10,2,74)
w(100,12,2,74)
r(212,3,2,74)
w(120,8,2,74)
r(278,7,2,74)
r(140,9,2,74)
r(286,6,2,74)
w(70,11,2,74)
w(70,12,2,74)
w(113,11,2,74)
r(279,4,2,74)
w(88,11,2,74)
r(197,4,2,74)
r(247,5,2,74)
r(134,6,2,74)
w(174,9,3,75)
r(45,4,3,75)
r(67,8,3,75)
w(148,5,3,75)
r(348,5,3,75)
r(44,4,3,75)
r(228,3,3,75)
r(274,5,3,75)
w(161,11,3,75)
r(128,2,3,75)
r(36,14,3,75)
w(141,7,3,75)
w(162,4,3,75)
w(146,10,3,75)
w(138,7,3,75)
w(146,11,3,75)
r(336,8,3,75)
w(130,7,3,75)
w(159,6,3,75)
w(139,9,3,75)
w(133,7,3,75)
w(172,7,3,75)
w(130,8,3,75)
w(160,10,3,75)
r(106,11,3,75)
r(43,7,3,75)
r(213,6,3,75)
w(171,11,3,75)
r(343,5,3,75)
w(167,8,3,75)
w(174,10,3,75)
r(91,4,3,75)
r(47,9,3,75)
r(96,5,3,75)
w(123,7,3,75)
r(201,2,3,75)
r(250,7,3,75)
r(279,4,3,75)
w(126,5,3,75)
w(172,8,3,75)
r(273,4,4,76)
w(224,9,4,76)
r(311,5,4,76)
w(186,11,4,76)
r(67,10,4,76)
r(84,8,4,76)
w(197,5,4,76)
w(187,7,4,76)
w(220,9,4,76)
w(201,7,4,76)
r(223,10,4,76)
r(188,7,4,76)
w(209,14,4,76)
w(232,14,4,76)
r(16,9,4,76)
w(212,9,4,76)
r(342,7,4,76)
r(128,3,4,76)
w(212,10,4,76)
r(334,9,4,76)
r(213,6,4,76)
w(184,11,4,76)
r(8,8,4,76)
r(41,7,4,76)
r(177,4,4,76)
w(214,7,4,76)
w(195,9,4,76)
w(219,14,4,76)
w(216,14,4,76)
r(145,7,4,76)
w(211,7,4,76)
r(4,12,4,76)
w(219,16,4,76)
w(213,10,4,76)
r(78,13,4,76)
r(224,9,4,76)
w(188,8,4,76)
w(237,14,4,76)
r(265,8,4,76)
w(233,11,4,76)
w(299,8,5,77)
w(253,8,5,77)
w(258,9,5,77)
r(35,8,5,77)
r(43,8,5,77)
w(284,6,5,77)
r(112,8,5,77)
r(353,7,5,77)
r(247,8,5,77)
w(242,7,5,77)
w(283,9,5,77)
w(289,6,5,77)
r(354,8,5,77)
w(284,4,5,77)
w(289,4,5,77)
r(255,2,5,77)
w(245,10,5,77)
r(74,2,5,77)
r(139,11,5,77)
r(58,4,5,77)
r(120,8,5,77)
r(75,11,5,77)
w(291,8,5,77)
w(285,8,5,77)
w(276,5,5,77)
r(232,13,5,77)
r(321,8,5,77)
w(281,4,5,77)
w(281,5,5,77)
w(243,12,5,77)
w(241,5,5,77)
w(260,5,5,77)
r(132,5,5,77)
r(240,4,5,77)
r(123,8,5,77)
w(260,7,5,77)
w(297,4,5,77)
w(281,7,5,77)
r(253,8,5,77)
w(279,5,5,77)
w(345,5,6,78)
w(310,8,6,78)
r(342,5,6,78)
w(339,8,6,78)
r(126,7,6,78)
r(328,4,6,78)
r(68,2,6,78)
w(310,9,6,78)
r(20,10,6,78)
w(304,7,6,78)
r(292,6,6,78)
r(28,9,6,78)
r(249,4,6,78)
w(332,10,6,78)
w(336,9,6,78)
r(57,7,6,78)
r(220,7,6,78)
r(87,3,6,78)
r(111,4,6,78)
w(307,6,6,78)
w(359,7,6,78)
w(303,7,6,78)
w(310,10,6,78)
r(221,6,6,78)
r(269,4,6,78)
w(355,4,6,78)
w(309,5,6,78)
w(323,8,6,78)
w(322,6,6,78)
w(331,8,6,78)
w(327,5,6,78)
w(349,8,6,78)
r(71,8,6,78)
r(11,5,6,78)
w(344,6,6,78)
w(354,8,6,78)
w(315,5,6,78)
r(229,3,6,78)
w(345,7,6,78)
r(231,11,6,78)
w(34,11,1,79)
w(4,11,1,79)
w(4,12,1,79)
r(107,5,1,79)
r(106,8,1,79)
w(49,5,1,79)
r(354,5,1,79)
r(16,8,1,79)
r(87,1,1,79)
r(201,2,1,79)
w(39,7,1,79)
w(51,11,1,79)
r(262,4,1,79)
r(185,5,1,79)
w(19,10,1,79)
w(40,6,1,79)
w(60,9,1,79)
w(36,14,1,79)
w(17,5,1,79)
r(102,7,1,79)
r(281,3,1,79)
w(59,8,1,79)
w(11,5,1,79)
w(53,10,1,79)
r(243,9,1,79)
w(37,4,1,79)
w(50,7,1,79)
r(267,10,1,79)
r(63,6,1,79)
r(83,2,1,79)
r(154,2,1,79)
w(44,4,1,79)
r(87,1,1,79)
w(43,7,1,79)
r(264,4,1,79)
w(18,8,1,79)
r(346,4,1,79)
r(75,8,1,79)
r(73,4,1,79)
r(82,3,1,79)
w(75,11,2,80)
r(205,12,2,80)
w(99,9,2,80)
w(111,5,2,80)
w(114,10,2,80)
w(103,9,2,80)
r(226,5,2,80)
w(73,5,2,80)
r(192,9,2,80)
w(118,12,2,80)
w(109,7,2,80)
r(146,12,2,80)
w(111,7,2,80)
w(106,12,2,80)
r(95,7,2,80)
w(68,3,2,80)
w(68,6,2,80)
w(116,8,2,80)
w(115,14,2,80)
w(64,7,2,80)
r(42,10,2,80)
r(280,9,2,80)
w(81,10,2,80)
r(83,2,2,80)
r(116,8,2,80)
r(334,5,2,80)
w(118,13,2,80)
r(136,6,2,80)
w(107,8,2,80)
r(324,8,2,80)
r(86,11,2,80)
r(263,12,2,80)
w(81,11,2,80)
r(25,8,2,80)
r(350,6,2,80)
r(11,5,2,80)
w(78,12,2,80)
w(83,6,2,80)
r(268,7,2,80)
r(15,4,2,80)
w(126,7,3,81)
r(125,4,3,81)
r(8,5,3,81)
w(136,3,3,81)
w(158,9,3,81)
r(329,7,3,81)
r(358,3,3,81)
w(139,10,3,81)
r(152,5,3,81)
r(299,7,3,81)
r(23,6,3,81)
r(121,3,3,81)
r(46,9,3,81)
w(156,6,3,81)
w(175,13,3,81)
w(152,7,3,81)
r(157,5,3,81)
w(155,6,3,81)
w(137,9,3,81)
w(173,5,3,81)
w(136,6,3,81)
w(123,8,3,81)
r(101,10,3,81)
r(35,8,3,81)
w(122,10,3,81)
r(218,9,3,81)
r(315,4,3,81)
w(121,6,3,81)
r(187,4,3,81)
r(322,2,3,81)
w(144,5,3,81)
r(27,5,3,81)
w(163,8,3,81)
w(164,5,3,81)
w(149,4,3,81)
w(140,9,3,81)
r(165,5,3,81)
r(91,4,3,81)
r(134,6,3,81)
w(157,9,3,81)
w(224,10,4,82)
r(223,10,4,82)
w(212,11,4,82)
r(242,7,4,82)
r(156,5,4,82)
w(217,8,4,82)
r(67,10,4,82)
r(108,5,4,82)
r(126,8,4,82)
w(181,8,4,82)
w(200,10,4,82)
w(235,10,4,82)
w(221,10,4,82)
r(125,5,4,82)
w(239,9,4,82)
w(220,10,4,82)
w(205,13,4,82)
r(69,8,4,82)
w(236,9,4,82)
r(138,8,4,82)
w(181,9,4,82)
r(32,4,4,82)
r(36,15,4,82)
r(274,8,4,82)
w(237,16,4,82)
r(297,5,4,82)
r(146,16,4,82)
r(55,11,4,82)
r(338,5,4,82)
r(343,5,4,82)
w(200,11,4,82)
r(37,5,4,82)
r(259,4,4,82)
w(226,8,4,82)
w(230,8,4,82)
r(184,11,4,82)
r(187,7,4,82)
r(334,9,4,82)
r(20,11,4,82)
r(320,5,4,82)
r(201,2,5,83)
r(258,9,5,83)
r(151,7,5,83)
r(167,8,5,83)
r(355,4,5,83)
w(249,7,5,83)
w(241,7,5,83)
w(300,5,5,83)
w(292,9,5,83)
r(82,10,5,83)
r(54,6,5,83)
w(298,9,5,83)
r(240,5,5,83)
w(243,13,5,83)
w(276,7,5,83)
w(297,5,5,83)
w(292,10,5,83)
r(210,10,5,83)
r(322,6,5,83)
w(266,4,5,83)
r(41,7,5,83)
w(252,11,5,83)
w(245,11,5,83)
w(278,8,5,83)
w(254,9,5,83)
w(272,11,5,83)
r(316,3,5,83)
r(126,8,5,83)
r(267,10,5,83)
r(289,4,5,83)
w(275,8,5,83)
r(90,5,5,83)
w(258,10,5,83)
r(314,7,5,83)
w(243,14,5,83)
r(191,10,5,83)
w(271,4,5,83)
r(210,10,5,83)
r(291,8,5,83)
w(267,12,5,83)
w(359,8,6,84)
r(141,7,6,84)
w(324,10,6,84)
r(197,4,6,84)
r(310,10,6,84)
w(302,11,6,84)
w(306,7,6,84)
r(128,3,6,84)
w(334,9,6,84)
r(123,8,6,84)
w(314,5,6,84)
r(184,6,6,84)
w(331,9,6,84)
w(317,4,6,84)
r(236,8,6,84)
r(82,10,6,84)
r(274,8,6,84)
w(336,10,6,84)
r(306,7,6,84)
r(329,7,6,84)
w(342,7,6,84)
w(348,7,6,84)
r(284,3,6,84)
w(348,8,6,84)
r(3,7,6,84)
r(306,7,6,84)
r(267,10,6,84)
w(344,4,6,84)
w(301,8,6,84)
w(330,3,6,84)
w(305,10,6,84)
w(315,7,6,84)
r(141,7,6,84)
r(182,8,6,84)
w(337,8,6,84)
r(340,7,6,84)
w(314,7,6,84)
r(239,5,6,84)
r(57,8,6,84)
w(351,10,6,84)
w(48,4,1,85)
w(28,8,1,85)
w(37,5,1,85)
w(56,7,1,85)
w(25,8,1,85)
w(44,5,1,85)
w(13,7,1,85)
w(13,8,1,85)
w(19,13,1,85)
w(36,15,1,85)
w(46,10,1,85)
w(51,13,1,85)
r(217,6,1,85)
w(44,7,1,85)
r(11,5,1,85)
w(46,11,1,85)
r(219,12,1,85)
w(19,14,1,85)
r(21,9,1,85)
r(291,5,1,85)
w(20,10,1,85)
w(45,5,1,85)
r(16,8,1,85)
w(2,9,1,85)
r(300,4,1,85)
r(184,6,1,85)
r(53,10,1,85)
r(278,7,1,85)
w(42,10,1,85)
w(16,9,1,85)
r(99,8,1,85)
w(28,9,1,85)
w(23,5,1,85)
r(131,4,1,85)
w(3,7,1,85)
w(24,5,1,85)
r(127,5,1,85)
w(22,4,1,85)
w(50,9,1,85)
r(271,6,1,85)
w(80,13,2,86)
r(293,9,2,86)
r(331,9,2,86)
w(79,9,2,86)
w(100,13,2,86)
r(229,4,2,86)
w(74,6,2,86)
w(115,16,2,86)
w(65,12,2,86)
r(48,4,2,86)
w(87,6,2,86)
w(95,8,2,86)
r(321,8,2,86)
r(138,8,2,86)
w(69,7,2,86)
w(113,12,2,86)
r(1,8,2,86)
r(30,5,2,86)
r(140,10,2,86)
w(100,14,2,86)
w(104,10,2,86)
w(80,14,2,86)
w(70,13,2,86)
w(120,9,2,86)
r(16,9,2,86)
w(78,13,2,86)
r(221,8,2,86)
r(227,7,2,86)
r(135,5,2,86)
r(19,14,2,86)
w(115,19,2,86)
w(79,10,2,86)
r(224,8,2,86)
w(61,5,2,86)
r(328,4,2,86)
w(77,5,2,86)
r(134,6,2,86)
r(145,7,2,86)
w(97,13,2,86)
w(101,11,2,86)
r(132,4,3,87)
w(165,7,3,87)
w(174,11,3,87)
r(172,8,3,87)
r(245,5,3,87)
w(180,8,3,87)
w(174,12,3,87)
w(146,12,3,87)
w(128,3,3,87)
w(157,10,3,87)
r(298,7,3,87)
w(137,10,3,87)
w(125,5,3,87)
r(279,4,3,87)
w(158,10,3,87)
r(77,6,3,87)
r(60,9,3,87)
w(127,8,3,87)
w(147,7,3,87)
r(210,6,3,87)
r(195,8,3,87)
w(156,4,3,87)
w(148,7,3,87)
w(159,4,3,87)
w(178,9,3,87)
r(118,10,3,87)
r(211,6,3,87)
w(171,12,3,87)
w(150,6,3,87)
w(180,9,3,87)
w(126,8,3,87)
r(149,4,3,87)
w(132,5,3,87)
w(145,7,3,87)
r(244,8,3,87)
r(130,8,3,87)
r(101,10,3,87)
r(187,5,3,87)
r(235,7,3,87)
w(156,5,3,87)
w(227,8,4,88)
r(66,14,4,88)
r(5,8,4,88)
r(219,16,4,88)
r(94,10,4,88)
r(297,5,4,88)
w(234,9,4,88)
r(212,11,4,88)
w(232,16,4,88)
r(189,13,4,88)
w(202,7,4,88)
w(239,10,4,88)
w(182,9,4,88)
r(102,10,4,88)
w(183,9,4,88)
r(251,4,4,88)
w(209,16,4,88)
w(229,7,4,88)
r(296,8,4,88)
w(238,8,4,88)
r(72,5,4,88)
w(182,10,4,88)
r(240,5,4,88)
r(180,9,4,88)
w(198,4,4,88)
w(235,11,4,88)
w(191,11,4,88)
r(327,5,4,88)
r(309,7,4,88)
r(259,4,4,88)
r(99,10,4,88)
w(220,11,4,88)
w(200,12,4,88)
w(198,5,4,88)
r(69,8,4,88)
r(324,11,4,88)
r(262,8,4,88)
w(222,7,4,88)
r(342,7,4,88)
w(207,4,4,88)
w(300,7,5,89)
r(317,4,5,89)
w(300,8,5,89)
w(252,12,5,89)
r(100,14,5,89)
w(280,10,5,89)
r(336,10,5,89)
r(352,10,5,89)
r(86,12,5,89)
w(262,8,5,89)
w(295,6,5,89)
r(277,10,5,89)
r(268,7,5,89)
w(279,7,5,89)
w(275,9,5,89)
w(276,8,5,89)
w(299,9,5,89)
r(278,8,5,89)
r(66,12,5,89)
r(317,4,5,89)
w(269,5,5,89)
w(269,7,5,89)
w(266,5,5,89)
r(296,8,5,89)
r(355,4,5,89)
w(266,7,5,89)
r(340,7,5,89)
r(9,8,5,89)
r(76,7,5,89)
r(326,8,5,89)
w(241,8,5,89)
r(208,1,5,89)
r(122,10,5,89)
w(284,5,5,89)
r(67,10,5,89)
w(289,5,5,89)
r(16,9,5,89)
r(88,12,5,89)
r(235,10,5,89)
w(260,8,5,89)
w(334,10,6,90)
w(340,11,6,90)
w(309,7,6,90)
r(307,6,6,90)
w(321,12,6,90)
w(332,12,6,90)
w(315,8,6,90)
r(227,7,6,90)
r(130,8,6,90)
r(349,8,6,90)
w(358,7,6,90)
r(19,14,6,90)
r(135,9,6,90)
r(264,5,6,90)
r(317,4,6,90)
r(36,15,6,90)
r(288,6,6,90)
r(113,14,6,90)
w(340,12,6,90)
w(346,7,6,90)
w(335,9,6,90)
r(163,8,6,90)
w(330,5,6,90)
w(349,9,6,90)
r(33,8,6,90)
r(156,5,6,90)
r(135,9,6,90)
r(349,9,6,90)
w(352,12,6,90)
r(275,9,6,90)
r(23,5,6,90)
w(343,8,6,90)
r(155,4,6,90)
r(25,8,6,90)
r(337,8,6,90)
w(357,8,6,90)
r(40,4,6,90)
w(315,9,6,90)
r(276,8,6,90)
w(324,11,6,90)
r(8,5,1,91)
r(173,5,1,91)
r(227,7,1,91)
r(66,12,1,91)
r(297,2,1,91)
w(6,8,1,91)
w(43,8,1,91)
r(272,8,1,91)
w(50,10,1,91)
r(335,7,1,91)
w(40,4,1,91)
r(84,8,1,91)
w(18,10,1,91)
w(56,8,1,91)
r(146,12,1,91)
r(289,1,1,91)
r(277,10,1,91)
w(14,9,1,91)
w(31,9,1,91)
w(57,8,1,91)
w(8,7,1,91)
w(41,7,1,91)
r(82,10,1,91)
w(20,11,1,91)
w(30,5,1,91)
w(17,10,1,91)
w(49,8,1,91)
w(24,7,1,91)
r(287,6,1,91)
r(61,4,1,91)
w(59,10,1,91)
w(53,11,1,91)
w(49,9,1,91)
r(328,4,1,91)
r(157,10,1,91)
r(49,9,1,91)
w(58,4,1,91)
w(47,10,1,91)
w(52,7,1,91)
w(46,12,1,91)
w(71,10,2,92)
w(86,12,2,92)
r(120,9,2,92)
w(69,8,2,92)
w(104,11,2,92)
w(73,7,2,92)
r(202,4,2,92)
w(89,7,2,92)
r(57,9,2,92)
w(109,8,2,92)
w(113,13,2,92)
r(6,8,2,92)
w(104,12,2,92)
r(300,5,2,92)
w(96,10,2,92)
r(242,7,2,92)
r(10,9,2,92)
w(89,8,2,92)
w(95,9,2,92)
r(349,8,2,92)
w(97,14,2,92)
w(98,12,2,92)
w(87,4,2,92)
r(83,6,2,92)
r(273,4,2,92)
r(223,10,2,92)
w(92,8,2,92)
w(119,8,2,92)
r(145,7,2,92)
r(212,10,2,92)
w(96,11,2,92)
r(225,7,2,92)
r(253,8,2,92)
w(102,10,2,92)
w(88,12,2,92)
w(113,14,2,92)
w(112,9,2,92)
r(222,5,2,92)
w(80,16,2,92)
w(64,8,2,92)
w(140,10,3,93)
r(289,1,3,93)
r(275,7,3,93)
r(191,9,3,93)
w(152,8,3,93)
r(61,4,3,93)
r(159,4,3,93)
w(147,8,3,93)
w(131,5,3,93)
w(174,13,3,93)
w(177,4,3,93)
r(60,9,3,93)
w(160,11,3,93)
w(139,11,3,93)
r(346,4,3,93)
r(39,7,3,93)
w(146,13,3,93)
r(194,9,3,93)
w(121,4,3,93)
w(151,7,3,93)
r(241,4,3,93)
r(223,9,3,93)
w(174,14,3,93)
w(138,8,3,93)
w(147,9,3,93)
w(176,4,3,93)
w(162,5,3,93)
w(121,5,3,93)
w(172,9,3,93)
r(239,5,3,93)
w(179,6,3,93)
w(161,12,3,93)
r(191,9,3,93)
w(147,10,3,93)
r(325,3,3,93)
w(174,16,3,93)
r(199,5,3,93)
r(127,8,3,93)
w(178,10,3,93)
w(146,14,3,93)
r(283,9,4,94)
w(216,16,4,94)
r(269,7,4,94)
w(223,11,4,94)
r(219,16,4,94)
r(27,8,4,94)
w(185,13,4,94)
r(226,8,4,94)
w(234,10,4,94)
r(62,7,4,94)
w(196,13,4,94)
r(52,7,4,94)
w(195,10,4,94)
w(192,11,4,94)
r(1,8,4,94)
w(222,8,4,94)
r(67,10,4,94)
r(239,10,4,94)
r(197,5,4,94)
w(213,11,4,94)
w(194,13,4,94)
w(235,12,4,94)
r(200,12,4,94)
r(178,12,4,94)
w(234,11,4,94)
r(244,8,4,94)
r(194,13,4,94)
w(237,19,4,94)
r(357,8,4,94)
w(212,12,4,94)
w(229,8,4,94)
r(212,12,4,94)
w(222,9,4,94)
r(342,7,4,94)
w(192,12,4,94)
r(92,8,4,94)
r(49,9,4,94)
w(184,12,4,94)
w(238,9,4,94)
r(281,7,4,94)
w(251,5,5,95)
r(293,9,5,95)
w(264,8,5,95)
w(245,12,5,95)
w(297,7,5,95)
r(3,7,5,95)
w(276,9,5,95)
w(250,9,5,95)
w(246,7,5,95)
w(262,9,5,95)
r(53,11,5,95)
r(84,8,5,95)
w(262,10,5,95)
r(152,9,5,95)
w(298,10,5,95)
r(82,11,5,95)
r(225,7,5,95)
w(295,4,5,95)
w(268,8,5,95)
r(63,6,5,95)
r(226,8,5,95)
r(274,8,5,95)
r(267,12,5,95)
w(258,11,5,95)
w(249,8,5,95)
r(356,4,5,95)
w(249,9,5,95)
w(272,12,5,95)
w(275,10,5,95)
r(66,14,5,95)
r(144,7,5,95)
r(108,7,5,95)
r(39,7,5,95)
r(285,8,5,95)
r(349,9,5,95)
r(358,7,5,95)
r(176,5,5,95)
r(5,8,5,95)
w(276,10,5,95)
w(261,7,5,95)
r(151,7,6,96)
r(86,12,6,96)
w(315,10,6,96)
r(357,8,6,96)
w(308,4,6,96)
w(322,5,6,96)
w(326,10,6,96)
w(348,10,6,96)
r(35,10,6,96)
r(222,9,6,96)
w(313,7,6,96)
w(359,9,6,96)
r(205,13,6,96)
w(348,11,6,96)
r(2,11,6,96)
r(148,9,6,96)
w(312,11,6,96)
r(195,10,6,96)
r(41,8,6,96)
r(105,9,6,96)
r(99,10,6,96)
w(339,9,6,96)
w(318,4,6,96)
r(17,10,6,96)
r(295,5,6,96)
w(316,4,6,96)
w(307,4,6,96)
r(304,7,6,96)
r(110,16,6,96)
r(283,11,6,96)
w(353,9,6,96)
r(14,9,6,96)
r(76,7,6,96)
r(246,7,6,96)
w(306,8,6,96)
w(321,14,6,96)
r(269,7,6,96)
w(346,8,6,96)
r(231,14,6,96)
r(305,10,6,96)
r(101,10,1,97)
r(37,5,1,97)
r(263,12,1,97)
r(338,5,1,97)
w(27,8,1,97)
r(360,6,1,97)
w(9,8,1,97)
r(27,8,1,97)
r(136,6,1,97)
r(117,6,1,97)
r(137,10,1,97)
r(36,15,1,97)
r(62,5,1,97)
w(56,9,1,97)
r(345,7,1,97)
r(215,1,1,97)
w(5,8,1,97)
w(10,8,1,97)
w(10,9,1,97)
r(100,12,1,97)
r(277,10,1,97)
r(211,6,1,97)
r(158,10,1,97)
r(325,3,1,97)
r(229,4,1,97)
w(8,8,1,97)
w(11,7,1,97)
r(329,7,1,97)
r(160,11,1,97)
r(68,6,1,97)
r(303,7,1,97)
r(119,7,1,97)
r(340,7,1,97)
w(42,11,1,97)
w(57,9,1,97)
r(327,5,1,97)
r(353,7,1,97)
r(36,15,1,97)
r(191,9,1,97)
r(139,11,1,97)
r(70,13,2,98)
r(21,9,2,98)
r(149,4,2,98)
w(66,13,2,98)
w(115,15,2,98)
w(96,12,2,98)
r(306,7,2,98)
w(66,14,2,98)
r(104,12,2,98)
w(94,10,2,98)
w(79,11,2,98)
r(320,5,2,98)
r(30,5,2,98)
w(119,9,2,98)
w(90,7,2,98)
r(72,5,2,98)
w(80,19,2,98)
w(104,13,2,98)
w(65,13,2,98)
r(107,8,2,98)
w(99,10,2,98)
r(239,9,2,98)
r(57,9,2,98)
w(104,14,2,98)
r(192,9,2,98)
r(348,8,2,98)
r(111,7,2,98)
r(225,7,2,98)
r(105,8,2,98)
w(82,11,2,98)
r(160,12,2,98)
w(85,4,2,98)
w(106,13,2,98)
w(62,7,2,98)
r(359,8,2,98)
r(337,8,2,98)
w(108,7,2,98)
r(330,5,2,98)
r(143,4,2,98)
w(116,9,2,98)
w(154,6,3,99)
r(87,6,3,99)
w(152,9,3,99)
r(333,4,3,99)
w(135,8,3,99)
r(227,7,3,99)
r(63,6,3,99)
w(148,9,3,99)
w(134,5,3,99)
w(134,7,3,99)
w(137,11,3,99)
r(295,2,3,99)
r(195,9,3,99)
w(133,8,3,99)
w(158,12,3,99)
w(177,5,3,99)
w(155,4,3,99)
r(188,8,3,99)
w(135,9,3,99)
r(248,15,3,99)
r(21,9,3,99)
r(58,4,3,99)
r(157,10,3,99)
w(179,4,3,99)
w(157,11,3,99)
r(21,9,3,99)
r(165,7,3,99)
r(346,4,3,99)
r(17,10,3,99)
r(323,8,3,99)
w(137,12,3,99)
w(171,13,3,99)
w(131,8,3,99)
r(176,4,3,99)
r(188,8,3,99)
r(324,10,3,99)
w(139,13,3,99)
w(132,7,3,99)
w(160,12,3,99)
w(146,16,3,99)
r(50,10,4,100)
w(235,13,4,100)
w(213,12,4,100)
w(198,7,4,100)
w(209,19,4,100)
r(220,11,4,100)
r(178,12,4,100)
w(189,14,4,100)
r(309,7,4,100)
r(161,12,4,100)
r(48,4,4,100)
r(272,12,4,100)
w(188,9,4,100)
w(208,5,4,100)
r(25,8,4,100)
w(223,12,4,100)
w(239,11,4,100)
r(27,9,4,100)
w(213,13,4,100)
r(282,6,4,100)
w(206,7,4,100)
w(192,13,4,100)
w(217,9,4,100)
w(227,9,4,100)
w(202,8,4,100)
r(42,12,4,100)
w(199,7,4,100)
w(236,10,4,100)
w(215,7,4,100)
w(220,12,4,100)
w(197,7,4,100)
r(204,8,4,100)
r(34,13,4,100)
r(331,9,4,100)
w(200,13,4,100)
r(317,4,4,100)
r(116,9,4,100)
r(250,9,4,100)
r(120,9,4,100)
w(231,14,4,100)
r(136,6,5,101)
w(273,7,5,101)
w(278,9,5,101)
w(279,8,5,101)
r(355,4,5,101)
w(270,11,5,101)
r(105,8,5,101)
w(266,8,5,101)
r(127,9,5,101)
r(130,8,5,101)
r(146,15,5,101)
w(260,9,5,101)
w(276,11,5,101)
r(330,5,5,101)
r(355,4,5,101)
w(283,10,5,101)
w(275,11,5,101)
w(295,5,5,101)
r(72,5,5,101)
r(155,5,5,101)
r(42,11,5,101)
r(157,11,5,101)
w(261,8,5,101)
w(266,9,5,101)
r(178,12,5,101)
w(287,4,5,101)
w(277,11,5,101)
r(205,13,5,101)
w(277,12,5,101)
r(197,5,5,101)
w(253,9,5,101)
w(297,8,5,101)
r(273,7,5,101)
w(283,11,5,101)
r(227,8,5,101)
r(38,5,5,101)
w(247,9,5,101)
w(278,10,5,101)
w(260,10,5,101)
r(266,9,5,101)
r(288,7,6,102)
r(266,9,6,102)
w(330,9,6,102)
w(353,10,6,102)
r(291,8,6,102)
r(271,4,6,102)
w(340,14,6,102)
w(311,10,6,102)
w(312,12,6,102)
w(359,10,6,102)
w(333,9,6,102)
w(352,19,6,102)
r(354,8,6,102)
w(316,5,6,102)
w(356,9,6,102)
r(330,9,6,102)
w(354,11,6,102)
r(252,12,6,102)
w(344,7,6,102)
w(311,11,6,102)
w(326,11,6,102)
r(79,11,6,102)
w(312,13,6,102)
w(348,12,6,102)
w(346,9,6,102)
r(82,11,6,102)
r(109,9,6,102)
w(311,12,6,102)
r(117,4,6,102)
r(285,9,6,102)
r(35,10,6,102)
w(358,8,6,102)
r(83,8,6,102)
r(124,8,6,102)
w(348,13,6,102)
w(323,11,6,102)
w(330,10,6,102)
r(342,7,6,102)
w(308,7,6,102)
r(72,7,6,102)
w(4,14,1,103)
r(340,12,1,103)
w(34,13,1,103)
w(2,11,1,103)
w(6,9,1,103)
r(332,12,1,103)
w(20,12,1,103)
r(50,10,1,103)
r(130,8,1,103)
r(131,8,1,103)
r(351,10,1,103)
w(56,11,1,103)
w(41,8,1,103)
w(38,10,1,103)
w(32,5,1,103)
w(53,14,1,103)
w(6,10,1,103)
r(245,12,1,103)
r(314,7,1,103)
w(53,16,1,103)
r(142,12,1,103)
w(36,17,1,103)
w(43,10,1,103)
r(159,4,1,103)
w(13,10,1,103)
r(290,5,1,103)
r(298,10,1,103)
w(12,10,1,103)
w(8,10,1,103)
w(35,10,1,103)
w(27,9,1,103)
r(37,5,1,103)
r(170,4,1,103)
w(42,12,1,103)
w(56,12,1,103)
r(203,5,1,103)
r(347,3,1,103)
w(36,18,1,103)
r(355,4,1,103)
r(46,12,1,103)
r(258,11,2,104)
r(351,10,2,104)
w(105,9,2,104)
w(90,8,2,104)
r(242,7,2,104)
r(257,4,2,104)
r(211,7,2,104)
r(328,4,2,104)
r(14,9,2,104)
r(168,4,2,104)
r(252,12,2,104)
w(78,16,2,104)
r(50,10,2,104)
w(106,14,2,104)
w(69,9,2,104)
r(286,5,2,104)
w(98,16,2,104)
r(259,4,2,104)
w(116,10,2,104)
r(88,12,2,104)
r(68,6,2,104)
w(116,11,2,104)
w(117,4,2,104)
r(339,8,2,104)
w(69,10,2,104)
r(233,11,2,104)
r(200,13,2,104)
w(68,4,2,104)
r(140,11,2,104)
r(356,4,2,104)
r(191,11,2,104)
r(150,6,2,104)
w(87,5,2,104)
r(94,10,2,104)
r(142,12,2,104)
w(83,4,2,104)
w(95,10,2,104)
r(304,7,2,104)
w(83,5,2,104)
r(18,10,2,104)
w(137,13,3,105)
r(247,8,3,105)
w(127,9,3,105)
r(339,8,3,105)
r(57,9,3,105)
w(174,19,3,105)
w(146,19,3,105)
w(167,9,3,105)
w(167,10,3,105)
r(295,6,3,105)
r(328,4,3,105)
w(141,8,3,105)
w(158,13,3,105)
r(358,7,3,105)
r(273,4,3,105)
w(166,7,3,105)
r(164,5,3,105)
w(162,7,3,105)
r(348,8,3,105)
w(176,5,3,105)
w(163,9,3,105)
r(197,5,3,105)
w(175,14,3,105)
w(140,11,3,105)
w(172,10,3,105)
r(145,7,3,105)
w(178,11,3,105)
w(178,12,3,105)
w(155,5,3,105)
r(254,9,3,105)
w(146,15,3,105)
r(8,8,3,105)
w(174,15,3,105)
w(124,8,3,105)
w(179,5,3,105)
w(132,8,3,105)
w(144,7,3,105)
r(193,3,3,105)
r(30,5,3,105)
r(21,9,3,105)
w(227,10,4,106)
w(188,10,4,106)
w(194,14,4,106)
w(191,12,4,106)
w(199,8,4,106)
r(310,10,4,106)
r(73,7,4,106)
r(114,10,4,106)
w(198,8,4,106)
r(270,11,4,106)
w(225,8,4,106)
r(63,6,4,106)
r(247,9,4,106)
w(197,8,4,106)
r(219,16,4,106)
r(213,13,4,106)
w(212,13,4,106)
r(340,12,4,106)
r(141,8,4,106)
r(226,8,4,106)
w(184,13,4,106)
w(210,11,4,106)
w(227,11,4,106)
w(223,13,4,106)
w(240,7,4,106)
w(223,14,4,106)
r(129,2,4,106)
r(214,7,4,106)
r(346,7,4,106)
r(160,12,4,106)
r(294,6,4,106)
w(182,11,4,106)
w(185,14,4,106)
w(192,14,4,106)
r(38,10,4,106)
w(209,15,4,106)
w(198,9,4,106)
r(341,4,4,106)
w(228,12,4,106)
w(236,11,4,106)
r(23,5,5,107)
w(283,12,5,107)
r(60,9,5,107)
r(138,8,5,107)
r(329,7,5,107)
w(282,5,5,107)
w(288,5,5,107)
r(122,10,5,107)
r(230,8,5,107)
r(92,10,5,107)
r(258,11,5,107)
r(215,7,5,107)
w(288,7,5,107)
w(250,10,5,107)
r(18,13,5,107)
w(247,10,5,107)
r(124,8,5,107)
r(126,8,5,107)
w(244,10,5,107)
w(273,9,5,107)
w(248,17,5,107)
r(162,7,5,107)
r(45,8,5,107)
r(310,10,5,107)
r(161,12,5,107)
r(254,9,5,107)
w(299,10,5,107)
r(10,9,5,107)
r(35,10,5,107)
r(63,6,5,107)
w(282,7,5,107)
r(216,16,5,107)
w(265,10,5,107)
w(251,8,5,107)
r(90,8,5,107)
w(285,9,5,107)
r(295,5,5,107)
r(95,10,5,107)
r(182,11,5,107)
w(300,11,5,107)
w(331,10,6,108)
r(159,4,6,108)
w(360,8,6,108)
r(341,4,6,108)
r(156,5,6,108)
w(328,7,6,108)
r(331,10,6,108)
w(331,11,6,108)
w(347,8,6,108)
r(256,9,6,108)
r(255,2,6,108)
w(302,12,6,108)
w(309,8,6,108)
w(311,13,6,108)
r(272,12,6,108)
r(50,10,6,108)
w(343,10,6,108)
w(353,11,6,108)
r(159,4,6,108)
r(360,8,6,108)
r(234,11,6,108)
w(13,11,1,109)
r(103,10,1,109)
w(47,12,1,109)
r(279,8,1,109)
r(187,7,1,109)
r(331,9,1,109)
r(160,12,1,109)
r(266,9,1,109)
w(27,11,1,109)
r(350,6,1,109)
r(172,10,1,109)
r(319,4,1,109)
r(247,9,1,109)
r(242,7,1,109)
r(23,5,1,109)
w(46,19,1,109)
r(231,14,1,109)
r(262,10,1,109)
r(75,13,1,109)
w(18,13,1,109)
r(157,11,1,109)
r(93,7,1,109)
r(23,5,1,109)
r(255,2,1,109)
r(295,5,1,109)
r(23,5,1,109)
w(12,12,1,109)
r(11,7,1,109)
w(47,13,1,109)
r(102,10,1,109)
r(278,10,1,109)
w(59,13,1,109)
w(16,12,1,109)
w(24,10,1,109)
w(36,20,1,109)
w(19,15,1,109)
r(265,8,1,109)
r(42,12,1,109)
w(30,7,1,109)
w(45,8,1,109)
r(34,13,2,110)
w(116,12,2,110)
r(322,5,2,110)
w(69,11,2,110)
w(119,10,2,110)
w(80,15,2,110)
w(70,14,2,110)
r(168,4,2,110)
w(113,19,2,110)
r(106,14,2,110)
r(288,6,2,110)
r(301,8,2,110)
w(67,11,2,110)
r(229,8,2,110)
w(75,12,2,110)
w(109,9,2,110)
r(334,10,2,110)
r(94,10,2,110)
r(293,9,2,110)
r(191,12,2,110)
w(92,10,2,110)
w(62,8,2,110)
r(280,10,2,110)
r(223,14,2,110)
r(312,11,2,110)
w(67,12,2,110)
r(117,4,2,110)
w(116,13,2,110)
r(98,16,2,110)
r(343,8,2,110)
r(299,9,2,110)
w(108,8,2,110)
w(81,12,2,110)
r(188,10,2,110)
w(115,22,2,110)
w(98,19,2,110)
w(103,10,2,110)
r(253,9,2,110)
w(75,13,2,110)
w(77,7,2,110)
r(178,12,3,111)
w(131,9,3,111)
w(131,10,3,111)
r(325,3,3,111)
r(187,7,3,111)
r(174,15,3,111)
w(127,12,3,111)
r(205,16,3,111)
r(228,13,3,111)
w(139,14,3,111)
r(79,11,3,111)
r(7,5,3,111)
r(298,10,3,111)
r(65,16,3,111)
w(151,11,3,111)
r(252,12,3,111)
r(288,7,3,111)
r(17,10,3,111)
r(104,14,3,111)
w(151,12,3,111)
r(140,11,3,111)
r(67,14,3,111)
r(310,10,3,111)
r(25,8,3,111)
w(167,12,3,111)
r(50,10,3,111)
r(221,11,3,111)
r(237,15,3,111)
w(175,19,3,111)
r(64,9,3,111)
r(286,5,3,111)
w(136,5,3,111)
w(130,11,3,111)
r(235,13,3,111)
r(257,4,3,111)
r(294,6,3,111)
w(158,16,3,111)
r(328,4,3,111)
r(238,9,3,111)
r(243,14,3,111)
w(195,11,4,112)
w(236,12,4,112)
w(240,8,4,112)
w(228,13,4,112)
r(65,13,4,112)
r(318,4,4,112)
r(183,9,4,112)
w(237,15,4,112)
w(189,16,4,112)
w(189,19,4,112)
r(27,11,4,112)
r(2,11,4,112)
w(200,14,4,112)
r(49,9,4,112)
w(205,14,4,112)
w(205,16,4,112)
r(21,9,4,112)
w(203,7,4,112)
w(186,12,4,112)
r(73,7,4,112)
w(221,11,4,112)
w(198,10,4,112)
r(21,9,4,112)
r(98,19,4,112)
w(210,12,4,112)
r(97,14,4,112)
r(294,6,4,112)
r(223,14,4,112)
r(101,11,4,112)
r(198,10,4,112)
r(6,10,4,112)
w(212,14,4,112)
w(189,15,4,112)
r(271,4,4,112)
r(309,7,4,112)
r(278,10,4,112)
w(214,8,4,112)
r(277,12,4,112)
r(333,4,4,112)
w(213,14,4,112)
r(136,5,5,113)
r(283,12,5,113)
w(276,12,5,113)
w(245,13,5,113)
r(5,12,5,113)
w(268,10,5,113)
r(185,14,5,113)
w(298,12,5,113)
w(289,7,5,113)
r(295,5,5,113)
r(186,12,5,113)
r(30,8,5,113)
r(230,8,5,113)
r(188,10,5,113)
w(247,12,5,113)
w(251,11,5,113)
r(112,9,5,113)
r(224,10,5,113)
w(253,10,5,113)
w(261,11,5,113)
w(285,10,5,113)
w(280,11,5,113)
r(108,8,5,113)
r(206,7,5,113)
r(106,19,5,113)
r(319,4,5,113)
r(93,7,5,113)
r(130,11,5,113)
w(256,10,5,113)
w(272,14,5,113)
w(268,11,5,113)
w(285,11,5,113)
w(270,13,5,113)
w(296,9,5,113)
r(211,7,5,113)
w(297,12,5,113)
w(246,9,5,113)
w(252,14,5,113)
r(354,11,5,113)
r(26,10,5,113)
r(306,8,6,114)
w(335,11,6,114)
r(345,7,6,114)
r(289,7,6,114)
w(337,13,6,114)
r(94,14,6,114)
r(247,12,6,114)
r(244,11,6,114)
r(181,9,6,114)
w(330,11,6,114)
w(332,14,6,114)
r(109,9,6,114)
r(86,12,6,114)
w(355,5,6,114)
w(327,11,6,114)
w(313,8,6,114)
r(165,7,6,114)
w(346,10,6,114)
w(353,13,6,114)
w(313,9,6,114)
r(244,11,6,114)
w(352,15,6,114)
w(303,9,6,114)
r(245,13,6,114)
r(353,13,6,114)
w(346,11,6,114)
r(269,7,6,114)
w(304,8,6,114)
r(110,22,6,114)
r(64,9,6,114)
w(301,10,6,114)
r(204,8,6,114)
r(236,12,6,114)
r(131,12,6,114)
w(323,12,6,114)
r(205,16,6,114)
r(319,4,6,114)
r(44,7,6,114)
r(75,13,6,114)
r(165,7,6,114)
r(224,10,1,115)
w(28,10,1,115)
r(56,12,1,115)
w(52,8,1,115)
w(41,9,1,115)
w(58,7,1,115)
w(46,15,1,115)
w(22,5,1,115)
w(15,8,1,115)
r(198,10,1,115)
w(33,9,1,115)
w(3,9,1,115)
r(59,13,1,115)
w(2,12,1,115)
r(323,8,1,115)
r(15,8,1,115)
w(31,11,1,115)
w(21,12,1,115)
w(5,12,1,115)
w(11,10,1,115)
r(96,13,1,115)
r(166,7,1,115)
w(57,11,1,115)
r(254,9,1,115)
w(6,11,1,115)
w(13,12,1,115)
r(229,8,1,115)
w(16,13,1,115)
r(198,10,1,115)
r(84,8,1,115)
r(103,10,1,115)
r(223,14,1,115)
w(16,14,1,115)
w(4,19,1,115)
r(30,7,1,115)
w(23,7,1,115)
w(58,8,1,115)
w(26,9,1,115)
r(197,8,1,115)
r(74,6,1,115)
r(306,8,2,116)
r(6,10,2,116)
r(216,16,2,116)
r(49,9,2,116)
w(71,12,2,116)
w(114,11,2,116)
r(270,11,2,116)
w(67,13,2,116)
w(67,14,2,116)
r(267,12,2,116)
w(105,10,2,116)
r(209,15,2,116)
r(318,4,2,116)
r(227,11,2,116)
w(65,16,2,116)
w(106,16,2,116)
r(284,5,2,116)
r(51,13,2,116)
r(348,11,2,116)
r(161,12,2,116)
r(355,4,2,116)
w(72,7,2,116)
w(96,13,2,116)
r(260,10,2,116)
w(120,10,2,116)
w(94,13,2,116)
w(106,19,2,116)
r(128,3,2,116)
r(269,7,2,116)
w(64,9,2,116)
r(346,8,2,116)
r(233,11,2,116)
w(113,15,2,116)
w(89,10,2,116)
r(174,15,2,116)
w(83,7,2,116)
r(356,4,2,116)
w(83,8,2,116)
r(117,4,2,116)
r(151,7,2,116)
r(8,10,3,117)
r(225,8,3,117)
w(142,14,3,117)
w(148,11,3,117)
r(301,8,3,117)
w(144,9,3,117)
w(167,13,3,117)
w(180,12,3,117)
w(126,12,3,117)
w(180,13,3,117)
w(131,11,3,117)
r(137,13,3,117)
w(125,9,3,117)
r(234,11,3,117)
r(242,7,3,117)
w(127,13,3,117)
r(75,13,3,117)
w(134,9,3,117)
w(139,16,3,117)
w(175,15,3,117)
w(126,13,3,117)
r(148,11,3,117)
w(128,8,3,117)
w(171,16,3,117)
w(126,14,3,117)
r(96,13,3,117)
w(129,9,3,117)
w(142,16,3,117)
r(85,4,3,117)
r(314,7,3,117)
r(135,9,3,117)
r(52,8,3,117)
w(124,12,3,117)
r(29,8,3,117)
r(247,10,3,117)
w(123,9,3,117)
w(159,8,3,117)
w(161,14,3,117)
r(22,7,3,117)
r(199,8,3,117)
w(251,12,5,118)
r(241,8,5,118)
w(292,13,5,118)
r(346,9,5,118)
r(219,16,5,118)
w(276,13,5,118)
w(271,7,5,118)
r(242,7,5,118)
r(53,16,5,118)
r(165,7,5,118)
r(23,7,5,118)
w(257,8,5,118)
r(110,22,5,118)
w(244,11,5,118)
w(262,11,5,118)
r(63,5,5,118)
r(188,10,5,118)
r(130,11,5,118)
r(34,16,5,118)
r(82,11,5,118)
r(267,12,5,118)
r(39,9,5,118)
r(115,21,5,118)
r(296,9,5,118)
r(301,8,5,118)
r(62,8,5,118)
w(264,10,5,118)
w(287,7,5,118)
r(21,13,5,118)
w(248,22,5,118)
r(27,11,5,118)
w(292,14,5,118)
r(357,8,5,118)
r(109,9,5,118)
w(300,12,5,118)
w(266,11,5,118)
r(184,13,5,118)
w(263,13,5,118)
r(330,10,5,118)
r(187,7,5,118)
r(140,11,6,119)
w(321,16,6,119)
r(347,3,6,119)
w(318,8,6,119)
r(44,7,6,119)
w(359,12,6,119)
r(116,13,6,119)
r(114,11,6,119)
r(282,7,6,119)
w(347,9,6,119)
r(324,11,6,119)
r(291,8,6,119)
r(246,10,6,119)
w(325,10,6,119)
r(115,21,6,119)
w(351,16,6,119)
r(347,9,6,119)
r(306,8,6,119)
r(239,11,6,119)
w(329,11,6,119)
w(345,9,6,119)
w(354,12,6,119)
r(350,6,6,119)
w(312,14,6,119)
r(187,7,6,119)
w(321,19,6,119)
w(348,14,6,119)
w(330,12,6,119)
r(123,9,6,119)
w(329,12,6,119)
r(115,21,6,119)
w(308,8,6,119)
r(2,12,6,119)
w(314,9,6,119)
r(21,13,6,119)
w(319,8,6,119)
r(316,5,6,119)
r(138,8,6,119)
r(353,13,6,119)
w(328,9,6,119)
w(15,9,1,120)
r(304,7,1,120)
w(16,16,1,120)
w(22,7,1,120)
w(37,7,1,120)
w(31,12,1,120)
r(230,8,1,120)
w(33,10,1,120)
w(60,11,1,120)
w(3,10,1,120)
w(9,9,1,120)
r(228,13,1,120)
r(184,13,1,120)
w(25,10,1,120)
w(60,12,1,120)
r(23,7,1,120)
r(234,11,1,120)
w(1,13,1,120)
r(107,8,1,120)
w(30,8,1,120)
r(85,4,1,120)
r(312,13,1,120)
r(189,15,1,120)
w(51,14,1,120)
w(16,19,1,120)
w(25,11,1,120)
w(35,11,1,120)
r(40,4,1,120)
w(60,13,1,120)
r(37,7,1,120)
w(55,14,1,120)
r(305,10,1,120)
r(299,10,1,120)
r(148,9,1,120)
r(308,7,1,120)
w(26,10,1,120)
w(34,14,1,120)
r(246,7,1,120)
w(13,13,1,120)
r(193,3,1,120)
r(136,5,2,121)
r(292,10,2,121)
w(107,10,2,121)
r(144,9,2,121)
w(63,5,2,121)
w(67,16,2,121)
w(79,12,2,121)
w(80,17,2,121)
w(83,10,2,121)
r(156,5,2,121)
r(333,9,2,121)
r(3,10,2,121)
r(180,13,2,121)
r(124,12,2,121)
r(229,8,2,121)
r(270,13,2,121)
r(325,3,2,121)
w(110,18,2,121)
r(66,14,2,121)
r(286,5,2,121)
r(325,3,2,121)
w(94,14,2,121)
w(110,22,2,121)
w(92,12,2,121)
w(68,5,2,121)
w(84,9,2,121)
r(266,9,2,121)
w(115,20,2,121)
r(206,7,2,121)
w(115,21,2,121)
r(146,15,2,121)
r(100,14,2,121)
w(105,11,2,121)
w(108,9,2,121)
w(106,15,2,121)
w(90,9,2,121)
w(69,12,2,121)
w(77,8,2,121)
r(285,11,2,121)
w(97,19,2,121)
r(232,16,3,122)
r(27,11,3,122)
r(20,12,3,122)
r(171,16,3,122)
r(292,14,3,122)
w(158,19,3,122)
r(246,9,3,122)
w(156,8,3,122)
r(95,10,3,122)
r(213,14,3,122)
w(144,10,3,122)
r(288,7,3,122)
w(131,12,3,122)
w(167,14,3,122)
w(145,9,3,122)
w(126,16,3,122)
w(160,13,3,122)
r(305,10,3,122)
w(149,8,3,122)
w(129,10,3,122)
w(141,9,3,122)
r(239,11,3,122)
r(336,10,3,122)
w(175,17,3,122)
w(151,13,3,122)
w(136,7,3,122)
r(224,10,3,122)
r(97,19,3,122)
r(96,13,3,122)
r(287,7,3,122)
r(202,8,3,122)
w(178,13,3,122)
r(31,12,3,122)
w(161,16,3,122)
w(177,8,3,122)
w(160,14,3,122)
w(162,8,3,122)
r(39,9,3,122)
w(155,9,3,122)
w(171,19,3,122)
w(290,7,5,123)
r(76,7,5,123)
r(25,11,5,123)
r(169,4,5,123)
w(283,13,5,123)
w(265,12,5,123)
r(338,5,5,123)
w(256,11,5,123)
w(280,12,5,123)
r(345,7,5,123)
w(267,14,5,123)
r(248,22,5,123)
w(246,10,5,123)
w(277,14,5,123)
w(281,9,5,123)
w(261,12,5,123)
w(279,9,5,123)
w(243,16,5,123)
r(289,7,5,123)
r(231,14,5,123)
r(129,10,5,123)
w(286,9,5,123)
w(244,12,5,123)
w(288,8,5,123)
r(257,8,5,123)
w(250,11,5,123)
r(5,13,5,123)
w(262,12,5,123)
w(243,19,5,123)
w(271,8,5,123)
w(251,13,5,123)
w(290,8,5,123)
r(36,20,5,123)
r(349,9,5,123)
r(224,10,5,123)
w(281,10,5,123)
w(259,7,5,123)
r(356,9,5,123)
r(267,14,5,123)
w(253,11,5,123)
r(110,22,6,124)
r(186,12,6,124)
w(302,13,6,124)
r(161,16,6,124)
r(162,8,6,124)
r(182,11,6,124)
r(112,9,6,124)
w(343,11,6,124)
w(314,10,6,124)
r(359,12,6,124)
r(91,4,6,124)
r(354,12,6,124)
r(28,10,6,124)
r(161,16,6,124)
w(321,15,6,124)
r(196,13,6,124)
w(327,12,6,124)
w(339,11,6,124)
r(247,12,6,124)
w(312,16,6,124)
w(347,10,6,124)
r(134,9,6,124)
w(344,8,6,124)
w(325,11,6,124)
r(189,15,6,124)
r(228,13,6,124)
r(112,9,6,124)
r(202,8,6,124)
r(306,8,6,124)
r(225,8,6,124)
r(18,14,6,124)
w(327,13,6,124)
r(167,14,6,124)
r(147,10,6,124)
w(306,10,6,124)
w(343,12,6,124)
w(321,17,6,124)
r(61,5,6,124)
r(164,5,6,124)
w(340,16,6,124)
w(15,10,1,125)
w(18,14,1,125)
w(17,11,1,125)
w(34,16,1,125)
w(41,10,1,125)
w(21,13,1,125)
w(40,5,1,125)
r(120,10,1,125)
r(323,11,1,125)
w(54,5,1,125)
w(33,11,1,125)
w(15,11,1,125)
r(295,5,1,125)
r(318,4,1,125)
r(232,16,1,125)
r(231,14,1,125)
w(49,11,1,125)
w(48,5,1,125)
w(5,13,1,125)
r(283,12,1,125)
r(163,9,1,125)
w(26,11,1,125)
w(43,11,1,125)
w(39,9,1,125)
r(115,21,1,125)
w(33,12,1,125)
r(280,11,1,125)
r(70,14,1,125)
r(126,14,1,125)
r(215,7,1,125)
w(52,9,1,125)
r(213,14,1,125)
r(248,17,1,125)
r(28,10,1,125)
r(283,12,1,125)
w(54,7,1,125)
r(186,12,1,125)
w(47,14,1,125)
w(12,13,1,125)
w(48,7,1,125)
r(214,8,5,126)
w(278,11,5,126)
r(240,8,5,126)
w(248,20,5,126)
w(296,10,5,126)
w(244,13,5,126)
r(42,12,5,126)
r(343,8,5,126)
w(249,11,5,126)
w(259,8,5,126)
w(272,16,5,126)
w(257,9,5,126)
w(297,13,5,126)
r(179,5,5,126)
r(190,10,5,126)
r(87,5,5,126)
w(289,8,5,126)
r(12,13,5,126)
w(244,14,5,126)
w(266,12,5,126)
w(283,14,5,126)
r(217,9,5,126)
w(243,15,5,126)
r(45,8,5,126)
w(255,6,5,126)
w(298,13,5,126)
w(273,11,5,126)
w(275,14,5,126)
r(228,13,5,126)
w(250,12,5,126)
r(324,11,5,126)
w(257,10,5,126)
r(184,13,5,126)
r(236,12,5,126)
w(256,12,5,126)
r(225,8,5,126)
w(277,16,5,126)
r(184,13,5,126)
w(299,12,5,126)
w(282,8,5,126)
