w(1,1,0,0)
w(2,1,0,0)
w(3,1,0,0)
w(4,1,0,0)
w(5,1,0,0)
w(6,1,0,0)
w(7,1,0,0)
w(8,1,0,0)
w(9,1,0,0)
w(10,1,0,0)
w(11,1,0,0)
w(12,1,0,0)
w(13,1,0,0)
w(14,1,0,0)
w(15,1,0,0)
w(16,1,0,0)
w(17,1,0,0)
w(18,1,0,0)
w(19,1,0,0)
w(20,1,0,0)
w(21,1,0,0)
w(22,1,0,0)
w(23,1,0,0)
w(24,1,0,0)
w(25,1,0,0)
w(26,1,0,0)
w(27,1,0,0)
w(28,1,0,0)
w(29,1,0,0)
w(30,1,0,0)
w(31,1,0,0)
w(32,1,0,0)
w(33,1,0,0)
w(34,1,0,0)
w(35,1,0,0)
w(36,1,0,0)
w(37,1,0,0)
w(38,1,0,0)
w(39,1,0,0)
w(40,1,0,0)
w(41,1,0,0)
w(42,1,0,0)
w(43,1,0,0)
w(44,1,0,0)
w(45,1,0,0)
w(46,1,0,0)
w(47,1,0,0)
w(48,1,0,0)
w(49,1,0,0)
w(50,1,0,0)
w(51,1,0,0)
w(52,1,0,0)
w(53,1,0,0)
w(54,1,0,0)
w(55,1,0,0)
w(56,1,0,0)
w(57,1,0,0)
w(58,1,0,0)
w(59,1,0,0)
w(60,1,0,0)
w(61,1,0,0)
w(62,1,0,0)
w(63,1,0,0)
w(64,1,0,0)
w(65,1,0,0)
w(66,1,0,0)
w(67,1,0,0)
w(68,1,0,0)
w(69,1,0,0)
w(70,1,0,0)
w(71,1,0,0)
w(72,1,0,0)
w(73,1,0,0)
w(74,1,0,0)
w(75,1,0,0)
w(76,1,0,0)
w(77,1,0,0)
w(78,1,0,0)
w(79,1,0,0)
w(80,1,0,0)
w(81,1,0,0)
w(82,1,0,0)
w(83,1,0,0)
w(84,1,0,0)
w(85,1,0,0)
w(86,1,0,0)
w(87,1,0,0)
w(88,1,0,0)
w(89,1,0,0)
w(90,1,0,0)
w(91,1,0,0)
w(92,1,0,0)
w(93,1,0,0)
w(94,1,0,0)
w(95,1,0,0)
w(96,1,0,0)
w(97,1,0,0)
w(98,1,0,0)
w(99,1,0,0)
w(100,1,0,0)
w(101,1,0,0)
w(102,1,0,0)
w(103,1,0,0)
w(104,1,0,0)
w(105,1,0,0)
w(106,1,0,0)
w(107,1,0,0)
w(108,1,0,0)
w(109,1,0,0)
w(110,1,0,0)
w(111,1,0,0)
w(112,1,0,0)
w(113,1,0,0)
w(114,1,0,0)
w(115,1,0,0)
w(116,1,0,0)
w(117,1,0,0)
w(118,1,0,0)
w(119,1,0,0)
w(120,1,0,0)
w(121,1,0,0)
w(122,1,0,0)
w(123,1,0,0)
w(124,1,0,0)
w(125,1,0,0)
w(126,1,0,0)
w(127,1,0,0)
w(128,1,0,0)
w(129,1,0,0)
w(130,1,0,0)
w(131,1,0,0)
w(132,1,0,0)
w(133,1,0,0)
w(134,1,0,0)
w(135,1,0,0)
w(136,1,0,0)
w(137,1,0,0)
w(138,1,0,0)
w(139,1,0,0)
w(140,1,0,0)
w(141,1,0,0)
w(142,1,0,0)
w(143,1,0,0)
w(144,1,0,0)
w(145,1,0,0)
w(146,1,0,0)
w(147,1,0,0)
w(148,1,0,0)
w(149,1,0,0)
w(150,1,0,0)
w(151,1,0,0)
w(152,1,0,0)
w(153,1,0,0)
w(154,1,0,0)
w(155,1,0,0)
w(156,1,0,0)
w(157,1,0,0)
w(158,1,0,0)
w(159,1,0,0)
w(160,1,0,0)
w(161,1,0,0)
w(162,1,0,0)
w(163,1,0,0)
w(164,1,0,0)
w(165,1,0,0)
w(166,1,0,0)
w(167,1,0,0)
w(168,1,0,0)
w(169,1,0,0)
w(170,1,0,0)
w(171,1,0,0)
w(172,1,0,0)
w(173,1,0,0)
w(174,1,0,0)
w(175,1,0,0)
w(176,1,0,0)
w(177,1,0,0)
w(178,1,0,0)
w(179,1,0,0)
w(180,1,0,0)
w(181,1,0,0)
w(182,1,0,0)
w(183,1,0,0)
w(184,1,0,0)
w(185,1,0,0)
w(186,1,0,0)
w(187,1,0,0)
w(188,1,0,0)
w(189,1,0,0)
w(190,1,0,0)
w(191,1,0,0)
w(192,1,0,0)
w(193,1,0,0)
w(194,1,0,0)
w(195,1,0,0)
w(196,1,0,0)
w(197,1,0,0)
w(198,1,0,0)
w(199,1,0,0)
w(200,1,0,0)
w(201,1,0,0)
w(202,1,0,0)
w(203,1,0,0)
w(204,1,0,0)
w(205,1,0,0)
w(206,1,0,0)
w(207,1,0,0)
w(208,1,0,0)
w(209,1,0,0)
w(210,1,0,0)
w(211,1,0,0)
w(212,1,0,0)
w(213,1,0,0)
w(214,1,0,0)
w(215,1,0,0)
w(216,1,0,0)
w(217,1,0,0)
w(218,1,0,0)
w(219,1,0,0)
w(220,1,0,0)
w(221,1,0,0)
w(222,1,0,0)
w(223,1,0,0)
w(224,1,0,0)
w(225,1,0,0)
w(226,1,0,0)
w(227,1,0,0)
w(228,1,0,0)
w(229,1,0,0)
w(230,1,0,0)
w(231,1,0,0)
w(232,1,0,0)
w(233,1,0,0)
w(234,1,0,0)
w(235,1,0,0)
w(236,1,0,0)
w(237,1,0,0)
w(238,1,0,0)
w(239,1,0,0)
w(240,1,0,0)
w(241,1,0,0)
w(242,1,0,0)
w(243,1,0,0)
w(244,1,0,0)
w(245,1,0,0)
w(246,1,0,0)
w(247,1,0,0)
w(248,1,0,0)
w(249,1,0,0)
w(250,1,0,0)
w(251,1,0,0)
w(252,1,0,0)
w(253,1,0,0)
w(254,1,0,0)
w(255,1,0,0)
w(256,1,0,0)
w(257,1,0,0)
w(258,1,0,0)
w(259,1,0,0)
w(260,1,0,0)
w(261,1,0,0)
w(262,1,0,0)
w(263,1,0,0)
w(264,1,0,0)
w(265,1,0,0)
w(266,1,0,0)
w(267,1,0,0)
w(268,1,0,0)
w(269,1,0,0)
w(270,1,0,0)
w(271,1,0,0)
w(272,1,0,0)
w(273,1,0,0)
w(274,1,0,0)
w(275,1,0,0)
w(276,1,0,0)
w(277,1,0,0)
w(278,1,0,0)
w(279,1,0,0)
w(280,1,0,0)
w(281,1,0,0)
w(282,1,0,0)
w(283,1,0,0)
w(284,1,0,0)
w(285,1,0,0)
w(286,1,0,0)
w(287,1,0,0)
w(288,1,0,0)
w(289,1,0,0)
w(290,1,0,0)
w(291,1,0,0)
w(292,1,0,0)
w(293,1,0,0)
w(294,1,0,0)
w(295,1,0,0)
w(296,1,0,0)
w(297,1,0,0)
w(298,1,0,0)
w(299,1,0,0)
w(300,1,0,0)
w(301,1,0,0)
w(302,1,0,0)
w(303,1,0,0)
w(304,1,0,0)
w(305,1,0,0)
w(306,1,0,0)
w(307,1,0,0)
w(308,1,0,0)
w(309,1,0,0)
w(310,1,0,0)
w(311,1,0,0)
w(312,1,0,0)
w(313,1,0,0)
w(314,1,0,0)
w(315,1,0,0)
w(316,1,0,0)
w(317,1,0,0)
w(318,1,0,0)
w(319,1,0,0)
w(320,1,0,0)
w(321,1,0,0)
w(322,1,0,0)
w(323,1,0,0)
w(324,1,0,0)
w(325,1,0,0)
w(326,1,0,0)
w(327,1,0,0)
w(328,1,0,0)
w(329,1,0,0)
w(330,1,0,0)
w(331,1,0,0)
w(332,1,0,0)
w(333,1,0,0)
w(334,1,0,0)
w(335,1,0,0)
w(336,1,0,0)
w(337,1,0,0)
w(338,1,0,0)
w(339,1,0,0)
w(340,1,0,0)
w(341,1,0,0)
w(342,1,0,0)
w(343,1,0,0)
w(344,1,0,0)
w(345,1,0,0)
w(346,1,0,0)
w(347,1,0,0)
w(348,1,0,0)
w(349,1,0,0)
w(350,1,0,0)
w(351,1,0,0)
w(352,1,0,0)
w(353,1,0,0)
w(354,1,0,0)
w(355,1,0,0)
w(356,1,0,0)
w(357,1,0,0)
w(358,1,0,0)
w(359,1,0,0)
w(360,1,0,0)
r(105,1,1,1)
w(148,2,1,1)
w(148,3,1,1)
r(115,1,1,1)
w(138,2,1,1)
r(349,1,1,1)
w(319,2,1,1)
w(147,2,1,1)
r(38,1,1,1)
r(78,1,1,1)
w(40,2,1,1)
r(303,1,1,1)
r(176,1,1,1)
r(301,1,1,1)
w(89,2,1,1)
r(226,1,1,1)
w(158,2,1,1)
w(6,2,1,1)
w(248,2,1,1)
w(311,2,1,1)
r(241,1,2,2)
w(149,8,2,2)
w(32,8,2,2)
w(235,3,2,2)
w(307,3,2,2)
w(253,2,2,2)
r(79,1,2,2)
r(355,1,2,2)
r(242,1,2,2)
r(174,1,2,2)
r(78,1,2,2)
r(210,1,2,2)
w(104,6,2,2)
r(232,1,2,2)
w(131,3,2,2)
r(172,1,2,2)
w(122,3,2,2)
r(76,2,2,2)
w(50,2,2,2)
r(292,9,2,2)
r(137,1,3,3)
w(76,4,3,3)
r(234,1,3,3)
w(215,7,3,3)
w(359,8,3,3)
r(191,1,3,3)
w(1,7,3,3)
w(46,4,3,3)
r(337,1,3,3)
r(162,1,3,3)
r(19,1,3,3)
r(165,1,3,3)
w(313,8,3,3)
w(329,4,3,3)
r(83,1,3,3)
w(37,8,3,3)
w(116,6,3,3)
w(304,3,3,3)
w(274,7,3,3)
r(21,1,3,3)
r(43,1,4,4)
w(226,7,4,4)
w(97,6,4,4)
w(23,3,4,4)
w(211,7,4,4)
w(58,3,4,4)
r(117,1,4,4)
w(292,9,4,4)
w(54,2,4,4)
r(124,1,4,4)
w(46,14,4,4)
r(228,1,4,4)
w(23,8,4,4)
w(88,4,4,4)
r(316,1,4,4)
w(59,8,4,4)
w(181,8,4,4)
r(344,1,4,4)
r(211,7,4,4)
w(55,5,4,4)
w(157,6,5,5)
w(162,4,5,5)
w(67,8,5,5)
w(64,7,5,5)
r(242,1,5,5)
w(282,3,5,5)
w(351,6,5,5)
w(320,6,5,5)
r(32,8,5,5)
w(349,10,5,5)
r(242,1,5,5)
r(268,10,5,5)
r(246,1,5,5)
w(273,9,5,5)
r(224,1,5,5)
r(37,5,5,5)
r(356,1,5,5)
r(81,1,5,5)
r(64,7,5,5)
r(277,14,5,5)
w(277,14,6,6)
w(225,12,6,6)
r(210,1,6,6)
r(311,2,6,6)
r(140,1,6,6)
w(162,9,6,6)
r(168,1,6,6)
w(268,10,6,6)
r(4,1,6,6)
r(213,1,6,6)
w(40,10,6,6)
r(343,1,6,6)
w(349,12,6,6)
r(130,1,6,6)
r(54,2,6,6)
r(330,1,6,6)
w(102,4,6,6)
r(62,1,6,6)
r(232,1,6,6)
r(251,1,6,6)
r(82,1,1,7)
r(92,1,1,7)
w(26,2,1,7)
w(272,2,1,7)
w(164,2,1,7)
r(334,1,1,7)
r(291,1,1,7)
r(143,1,1,7)
w(76,2,1,7)
r(101,1,1,7)
r(70,1,1,7)
w(110,2,1,7)
w(185,2,1,7)
r(110,2,1,7)
w(36,2,1,7)
r(131,1,1,7)
w(322,2,1,7)
r(76,2,1,7)
r(14,1,1,7)
r(30,1,1,7)
r(256,1,2,8)
r(120,1,2,8)
w(143,3,2,8)
w(136,2,2,8)
r(151,1,2,8)
r(226,7,2,8)
r(260,1,2,8)
w(250,3,2,8)
r(31,1,2,8)
w(262,7,2,8)
r(63,10,2,8)
r(211,7,2,8)
w(195,8,2,8)
w(69,3,2,8)
w(340,3,2,8)
r(278,1,2,8)
r(347,9,2,8)
w(64,3,2,8)
r(302,1,2,8)
w(149,6,2,8)
w(110,8,3,9)
r(323,1,4,10)
r(190,1,4,10)
w(326,7,4,10)
w(188,9,4,10)
r(28,1,4,10)
w(342,4,4,10)
w(127,4,4,10)
w(307,6,4,10)
r(251,1,4,10)
w(86,4,4,10)
w(257,7,4,10)
w(137,3,4,10)
w(153,6,4,10)
w(97,7,4,10)
r(332,1,4,10)
r(313,8,4,10)
w(61,5,4,10)
w(296,7,4,10)
r(98,1,4,10)
r(203,1,4,10)
w(29,9,5,11)
r(70,10,5,11)
w(332,4,5,11)
w(262,12,5,11)
r(155,1,5,11)
r(311,2,5,11)
w(293,4,5,11)
r(350,4,5,11)
r(313,7,5,11)
w(268,9,5,11)
w(204,5,5,11)
w(338,14,5,11)
r(182,1,5,11)
r(38,8,5,11)
w(89,5,5,11)
r(208,1,5,11)
w(206,4,5,11)
r(195,8,5,11)
r(77,1,5,11)
r(9,1,5,11)
w(347,9,6,12)
r(242,1,6,12)
w(12,5,6,12)
w(83,14,6,12)
r(4,1,6,12)
r(163,1,6,12)
r(87,1,6,12)
r(276,1,6,12)
r(195,1,6,12)
w(18,14,6,12)
r(143,1,6,12)
w(37,5,6,12)
r(121,1,6,12)
r(209,1,6,12)
r(111,1,6,12)
r(176,1,6,12)
w(40,14,6,12)
r(236,1,6,12)
r(24,1,6,12)
r(282,1,6,12)
w(223,2,1,13)
r(130,1,1,13)
w(37,2,1,13)
w(60,2,1,13)
w(270,2,1,13)
w(153,2,1,13)
r(337,1,1,13)
r(190,1,1,13)
w(26,3,1,13)
w(283,2,1,13)
r(92,1,1,13)
r(299,1,1,13)
r(96,1,1,13)
r(350,1,1,13)
w(282,2,1,13)
w(328,2,1,13)
r(162,4,1,13)
r(80,1,1,13)
w(7,2,1,13)
r(5,1,1,13)
r(274,7,2,14)
r(213,1,2,14)
w(288,2,2,14)
w(86,8,2,14)
r(80,1,2,14)
r(240,1,2,14)
r(252,6,2,14)
r(70,10,2,14)
w(46,6,2,14)
w(14,3,2,14)
w(301,6,2,14)
w(176,3,2,14)
w(31,2,2,14)
r(29,9,2,14)
r(335,1,2,14)
r(101,1,2,14)
r(132,1,2,14)
w(180,8,2,14)
r(198,1,2,14)
r(238,1,2,14)
w(46,9,3,15)
r(253,2,3,15)
w(90,8,3,15)
w(147,6,3,15)
w(61,9,3,15)
w(315,8,3,15)
r(290,1,3,15)
r(50,2,3,15)
w(139,2,3,15)
w(115,7,3,15)
r(352,1,3,15)
r(44,1,3,15)
w(24,3,3,15)
w(85,6,3,15)
w(38,8,3,15)
r(61,9,3,15)
r(320,6,3,15)
w(185,5,3,15)
r(165,1,3,15)
w(116,7,3,15)
r(349,12,4,16)
r(41,1,4,16)
w(216,9,4,16)
w(10,9,4,16)
w(10,5,4,16)
w(341,4,4,16)
w(312,4,4,16)
r(326,7,4,16)
w(175,7,4,16)
r(174,1,4,16)
w(163,9,4,16)
w(313,7,4,16)
w(271,9,4,16)
r(89,2,4,16)
r(117,1,4,16)
w(247,5,4,16)
r(76,2,4,16)
w(329,9,4,16)
r(251,1,4,16)
w(207,5,4,16)
r(259,1,5,17)
w(218,7,5,17)
w(138,7,5,17)
w(222,4,5,17)
r(4,1,5,17)
r(177,1,5,17)
r(202,1,5,17)
r(217,1,5,17)
w(182,9,5,17)
r(43,1,5,17)
w(287,5,5,17)
r(90,8,5,17)
w(216,14,5,17)
r(15,1,5,17)
r(168,1,5,17)
r(238,7,5,17)
w(268,5,5,17)
w(151,4,5,17)
w(178,10,5,17)
r(51,1,5,17)
w(220,9,6,18)
w(153,7,6,18)
w(91,5,6,18)
w(235,10,6,18)
w(110,4,6,18)
w(122,5,6,18)
w(346,15,6,18)
r(212,1,6,18)
w(108,5,6,18)
r(257,7,6,18)
w(192,4,6,18)
r(297,1,6,18)
w(207,13,6,18)
w(263,9,6,18)
r(253,2,6,18)
w(159,5,6,18)
w(63,10,6,18)
w(131,9,6,18)
r(327,1,6,18)
r(131,9,6,18)
r(268,5,1,19)
w(287,2,1,19)
w(61,2,1,19)
w(247,2,1,19)
w(184,2,1,19)
r(353,4,1,19)
r(244,6,1,19)
w(338,2,1,19)
w(5,2,1,19)
w(341,2,1,19)
w(141,2,1,19)
w(9,2,1,19)
w(249,2,1,19)
r(357,1,1,19)
w(248,3,1,19)
r(192,4,1,19)
r(81,1,1,19)
w(167,2,1,19)
r(281,1,1,19)
r(243,7,1,19)
r(112,1,2,20)
w(264,6,2,20)
w(71,3,2,20)
w(79,6,2,20)
r(293,4,2,20)
r(240,1,2,20)
r(94,1,2,20)
w(82,3,2,20)
r(214,1,2,20)
w(330,3,2,20)
r(35,1,2,20)
r(295,1,2,20)
w(261,3,2,20)
r(62,6,2,20)
r(143,3,2,20)
r(146,1,2,20)
w(53,8,2,20)
r(325,1,2,20)
r(180,8,2,20)
r(99,1,2,20)
r(39,1,3,21)
w(130,2,3,21)
w(106,7,3,21)
w(236,8,3,21)
r(30,1,3,21)
w(156,7,3,21)
r(38,8,3,21)
r(356,1,3,21)
w(19,5,3,21)
r(105,1,3,21)
w(323,6,3,21)
r(101,1,3,21)
r(7,2,3,21)
r(310,1,3,21)
r(44,1,3,21)
r(30,1,3,21)
r(265,1,3,21)
r(285,1,3,21)
r(178,9,3,21)
r(353,1,3,21)
w(326,4,4,22)
w(350,4,4,22)
r(125,1,4,22)
r(96,1,4,22)
r(333,1,4,22)
w(271,5,4,22)
r(19,1,4,22)
w(28,4,4,22)
r(207,13,4,22)
w(62,8,4,22)
r(108,5,4,22)
w(5,7,4,22)
r(202,1,4,22)
r(325,1,4,22)
w(178,9,4,22)
w(339,8,4,22)
w(47,7,4,22)
w(71,7,4,22)
r(24,3,4,22)
w(223,4,4,22)
w(295,5,5,23)
w(342,5,5,23)
w(299,10,5,23)
r(310,1,5,23)
r(95,3,5,23)
r(282,2,5,23)
w(113,4,5,23)
r(349,10,5,23)
r(120,1,5,23)
r(185,5,5,23)
r(203,1,5,23)
r(121,1,5,23)
w(87,10,5,23)
w(245,9,5,23)
w(193,6,5,23)
r(29,9,5,23)
r(43,1,6,24)
r(116,7,6,24)
r(75,1,6,24)
w(70,10,6,24)
r(31,1,6,24)
w(129,7,6,24)
r(35,1,6,24)
w(272,4,6,24)
r(30,1,6,24)
w(126,9,6,24)
r(221,1,6,24)
w(201,9,6,24)
r(252,1,6,24)
r(189,1,6,24)
r(43,1,6,24)
r(32,8,6,24)
r(131,9,6,24)
w(252,6,6,24)
w(342,12,6,24)
w(275,9,6,24)
r(132,6,1,25)
r(197,1,1,25)
w(272,3,1,25)
w(86,2,1,25)
r(264,6,1,25)
r(312,4,1,25)
r(164,7,1,25)
w(169,2,1,25)
r(112,1,1,25)
r(195,8,1,25)
w(299,2,1,25)
r(351,8,1,25)
w(167,3,1,25)
w(63,2,1,25)
r(292,9,1,25)
w(247,3,1,25)
r(215,7,1,25)
r(88,4,1,25)
r(5,2,1,25)
w(195,2,1,25)
r(258,3,2,26)
w(259,2,2,26)
r(319,2,2,26)
w(236,2,2,26)
w(33,6,2,26)
r(225,12,2,26)
r(153,2,2,26)
r(100,1,2,26)
w(269,8,2,26)
w(47,3,2,26)
w(236,3,2,26)
w(92,2,2,26)
w(226,3,2,26)
w(60,6,2,26)
w(134,7,2,26)
w(152,8,2,26)
w(193,2,2,26)
r(200,2,2,26)
w(170,3,2,26)
w(286,3,2,26)
r(136,2,3,27)
r(148,3,3,27)
w(140,3,3,27)
w(163,8,3,27)
w(271,6,3,27)
w(288,3,3,27)
w(160,6,3,27)
r(154,1,3,27)
w(347,8,3,27)
r(269,1,3,27)
r(137,3,3,27)
w(258,3,3,27)
r(17,5,3,27)
w(209,8,3,27)
w(78,2,3,27)
r(284,1,3,27)
r(225,12,3,27)
w(40,6,3,27)
w(55,7,3,27)
w(353,8,3,27)
w(101,4,4,28)
r(127,4,4,28)
r(163,9,4,28)
r(96,1,4,28)
w(297,6,4,28)
r(91,5,4,28)
r(220,9,4,28)
r(136,2,4,28)
r(283,2,4,28)
r(339,8,4,28)
w(238,7,4,28)
w(226,4,4,28)
w(62,6,4,28)
r(240,1,4,28)
r(62,6,4,28)
w(17,5,4,28)
w(234,8,4,28)
r(55,5,4,28)
r(1,7,4,28)
r(287,1,4,28)
w(190,9,5,29)
r(15,1,5,29)
w(21,7,5,29)
w(259,4,5,29)
r(185,5,5,29)
w(309,4,5,29)
w(200,4,5,29)
r(161,1,5,29)
w(325,7,5,29)
w(314,4,5,29)
w(8,6,5,29)
w(346,7,5,29)
r(15,1,5,29)
w(81,12,5,29)
w(134,10,5,29)
w(19,14,5,29)
w(121,5,5,29)
w(101,9,5,29)
r(140,8,5,29)
w(134,14,5,29)
w(188,11,6,30)
r(52,1,6,30)
w(174,5,6,30)
w(232,14,6,30)
w(16,5,6,30)
w(173,9,6,30)
r(37,2,6,30)
r(259,1,6,30)
r(199,1,6,30)
r(245,1,6,30)
w(217,10,6,30)
w(353,4,6,30)
w(74,14,6,30)
r(22,1,6,30)
w(245,14,6,30)
r(353,4,6,30)
r(260,1,6,30)
w(163,15,6,30)
r(275,9,6,30)
r(325,1,6,30)
w(203,2,1,31)
r(302,1,1,31)
w(197,2,1,31)
w(188,2,1,31)
r(83,8,1,31)
w(349,2,1,31)
w(121,2,1,31)
r(217,10,1,31)
r(153,2,1,31)
r(224,1,1,31)
w(143,2,1,31)
r(212,1,1,31)
w(207,2,1,31)
w(153,3,1,31)
w(241,2,1,31)
r(121,2,1,31)
r(103,1,1,31)
w(17,2,1,31)
r(60,6,1,31)
w(90,2,1,31)
r(324,1,2,32)
r(80,1,2,32)
r(105,1,2,32)
w(98,8,2,32)
w(120,8,2,32)
r(63,10,2,32)
r(117,1,2,32)
r(271,6,2,32)
w(34,6,2,32)
w(280,6,2,32)
r(72,1,2,32)
r(210,1,2,32)
r(125,1,2,32)
w(310,8,2,32)
r(60,6,2,32)
w(149,7,2,32)
r(296,7,2,32)
r(321,1,2,32)
r(340,6,2,32)
r(146,1,2,32)
w(337,8,3,33)
w(243,7,3,33)
w(179,8,3,33)
r(109,1,3,33)
r(13,1,3,33)
r(351,6,3,33)
r(224,1,3,33)
w(95,3,3,33)
w(200,2,3,33)
w(313,6,3,33)
w(240,8,3,33)
r(3,1,3,33)
w(21,8,3,33)
r(65,1,3,33)
w(227,8,3,33)
w(10,6,3,33)
r(9,1,3,33)
r(155,1,3,33)
r(161,1,3,33)
w(261,6,3,33)
w(108,7,4,34)
r(293,4,4,34)
w(340,6,4,34)
r(279,1,4,34)
r(220,9,4,34)
w(289,7,4,34)
r(303,1,4,34)
r(228,1,4,34)
r(129,7,4,34)
w(5,4,4,34)
w(85,4,4,34)
w(335,7,4,34)
w(150,4,4,34)
r(152,1,4,34)
w(62,7,4,34)
r(224,1,4,34)
r(187,1,4,34)
r(344,1,4,34)
r(83,14,4,34)
r(121,1,4,34)
r(151,4,5,35)
r(8,6,5,35)
w(329,14,5,35)
w(140,9,5,35)
r(98,8,5,35)
w(71,4,5,35)
w(247,14,5,35)
w(51,4,5,35)
r(250,3,5,35)
w(178,14,5,35)
r(256,1,5,35)
w(271,14,5,35)
w(41,7,5,35)
w(96,8,5,35)
w(80,9,5,35)
r(80,9,5,35)
r(91,5,5,35)
r(236,3,5,35)
w(178,12,5,35)
r(282,2,5,35)
r(149,6,6,36)
r(134,1,6,36)
w(294,5,6,36)
w(50,6,6,36)
w(307,7,6,36)
r(298,1,6,36)
w(202,10,6,36)
w(77,7,6,36)
w(335,9,6,36)
w(163,11,6,36)
w(279,12,6,36)
r(344,1,6,36)
r(75,1,6,36)
w(101,14,6,36)
r(255,1,6,36)
w(133,4,6,36)
w(142,5,6,36)
w(248,4,6,36)
w(54,6,6,36)
r(36,2,6,36)
r(347,8,1,37)
w(205,2,1,37)
w(119,2,1,37)
r(224,1,1,37)
r(190,9,1,37)
r(306,1,1,37)
r(310,8,1,37)
w(345,3,1,37)
w(240,2,1,37)
w(2,2,1,37)
r(272,3,1,37)
w(118,2,1,37)
r(194,1,1,37)
w(119,3,1,37)
r(45,1,1,37)
r(105,1,1,37)
r(8,6,1,37)
w(330,2,1,37)
r(163,11,1,37)
w(18,3,1,37)
r(23,8,2,38)
r(270,2,2,38)
w(266,8,2,38)
w(159,3,2,38)
r(244,6,2,38)
r(261,6,2,38)
w(83,3,2,38)
r(103,1,2,38)
r(298,1,2,38)
w(169,8,2,38)
w(74,2,2,38)
w(358,3,2,38)
w(192,3,2,38)
r(131,9,2,38)
w(108,2,2,38)
w(209,3,2,38)
r(293,4,2,38)
r(26,3,2,38)
r(129,7,2,38)
w(280,7,2,38)
w(164,7,3,39)
r(67,8,3,39)
r(284,1,3,39)
r(165,1,3,39)
r(297,6,3,39)
r(297,6,3,39)
w(15,7,3,39)
r(164,7,3,39)
w(68,3,3,39)
w(79,7,3,39)
w(249,7,3,39)
r(215,7,3,39)
w(114,3,3,39)
w(83,8,3,39)
w(99,7,3,39)
r(35,1,3,39)
w(186,2,3,39)
w(188,6,3,39)
w(277,6,3,39)
r(3,1,3,39)
r(338,14,4,40)
w(135,4,4,40)
r(174,5,4,40)
r(37,2,4,40)
r(221,1,4,40)
w(244,6,4,40)
r(312,4,4,40)
w(169,4,4,40)
r(203,1,4,40)
w(338,4,4,40)
w(233,6,4,40)
w(174,8,4,40)
r(295,1,4,40)
r(245,14,4,40)
r(12,5,4,40)
w(276,4,4,40)
w(155,9,4,40)
r(249,1,4,40)
r(68,1,4,40)
w(140,8,4,40)
w(186,4,5,41)
r(24,3,5,41)
w(17,14,5,41)
r(66,1,5,41)
r(197,2,5,41)
w(68,6,5,41)
r(110,4,5,41)
r(82,8,5,41)
r(333,1,5,41)
w(240,9,5,41)
r(100,1,5,41)
w(204,10,5,41)
r(336,6,5,41)
w(8,7,5,41)
w(315,6,5,41)
w(3,6,5,41)
w(214,8,5,41)
w(313,9,5,41)
w(13,10,5,41)
w(338,12,5,41)
w(109,7,6,42)
r(33,6,6,42)
r(116,7,6,42)
w(143,9,6,42)
r(142,5,6,42)
w(350,14,6,42)
w(201,10,6,42)
r(77,7,6,42)
w(37,10,6,42)
r(259,4,6,42)
w(232,12,6,42)
w(19,13,6,42)
w(184,4,6,42)
w(17,15,6,42)
w(350,12,6,42)
w(320,4,6,42)
r(306,1,6,42)
w(160,9,6,42)
w(189,10,6,42)
w(38,9,6,42)
w(19,3,1,43)
w(262,2,1,43)
r(151,4,1,43)
r(131,9,1,43)
r(223,4,1,43)
w(243,2,1,43)
r(221,1,1,43)
w(85,2,1,43)
w(223,3,1,43)
w(293,2,1,43)
w(150,2,1,43)
w(175,2,1,43)
w(98,2,1,43)
w(206,2,1,43)
w(359,2,1,43)
w(46,2,1,43)
r(296,9,1,43)
w(15,2,1,43)
w(14,2,1,43)
w(113,2,1,43)
w(166,3,2,44)
w(41,2,2,44)
r(172,1,2,44)
r(337,8,2,44)
w(287,8,2,44)
r(333,1,2,44)
w(82,8,2,44)
w(319,8,2,44)
w(142,3,2,44)
r(237,1,2,44)
r(280,7,2,44)
w(275,2,2,44)
w(315,3,2,44)
r(2,2,2,44)
r(255,7,2,44)
w(158,8,2,44)
w(185,7,2,44)
r(260,1,2,44)
r(231,8,2,44)
r(70,10,2,44)
w(93,3,3,45)
r(304,3,3,45)
w(196,8,3,45)
w(277,7,3,45)
w(178,6,3,45)
w(325,8,3,45)
w(9,7,3,45)
w(135,6,3,45)
r(304,3,3,45)
r(320,6,3,45)
w(262,9,3,45)
w(349,6,3,45)
w(286,7,3,45)
r(319,2,3,45)
r(318,2,3,45)
r(324,1,3,45)
r(14,3,3,45)
w(27,6,3,45)
w(44,2,3,45)
w(57,7,3,45)
w(336,6,4,46)
w(351,8,4,46)
r(251,1,4,46)
w(231,8,4,46)
r(114,1,4,46)
w(183,6,4,46)
r(331,1,4,46)
w(220,8,4,46)
w(132,6,4,46)
r(30,1,4,46)
r(106,7,4,46)
w(318,2,4,46)
w(47,4,4,46)
r(53,8,4,46)
w(313,4,4,46)
w(89,9,4,46)
w(156,9,4,46)
w(137,8,4,46)
r(104,6,4,46)
r(159,5,4,46)
r(110,4,5,47)
w(22,9,5,47)
r(289,7,5,47)
r(278,1,5,47)
w(224,9,5,47)
r(274,7,5,47)
w(150,5,5,47)
w(347,4,5,47)
w(236,5,5,47)
w(216,12,5,47)
w(48,6,5,47)
r(52,1,5,47)
w(163,12,5,47)
r(358,3,5,47)
r(58,3,5,47)
r(262,5,5,47)
r(163,12,5,47)
r(311,2,5,47)
r(47,4,5,47)
w(119,4,5,47)
w(355,6,6,48)
r(36,2,6,48)
w(143,5,6,48)
w(159,10,6,48)
r(56,1,6,48)
w(146,5,6,48)
w(306,9,6,48)
w(227,4,6,48)
w(295,15,6,48)
r(83,6,6,48)
w(95,10,6,48)
r(192,3,6,48)
r(353,4,6,48)
r(105,1,6,48)
r(175,7,6,48)
w(8,9,6,48)
w(281,5,6,48)
w(10,12,6,48)
r(184,4,6,48)
r(237,1,6,48)
w(228,2,1,49)
r(328,2,1,49)
r(203,2,1,49)
w(149,2,1,49)
r(249,7,1,49)
r(98,2,1,49)
w(250,2,1,49)
w(241,3,1,49)
w(285,2,1,49)
r(123,1,1,49)
w(149,3,1,49)
w(212,2,1,49)
r(141,2,1,49)
r(196,8,1,49)
r(197,2,1,49)
r(128,5,1,49)
r(139,2,1,49)
r(101,9,1,49)
r(72,6,1,49)
w(133,2,1,49)
r(49,6,2,50)
w(19,7,2,50)
r(335,9,2,50)
w(335,3,2,50)
r(114,3,2,50)
r(114,3,2,50)
r(300,1,2,50)
w(269,6,2,50)
r(206,2,2,50)
r(143,5,2,50)
w(82,6,2,50)
r(206,2,2,50)
r(247,14,2,50)
r(239,1,2,50)
w(247,4,2,50)
r(291,1,2,50)
r(205,2,2,50)
w(264,7,2,50)
w(198,8,2,50)
r(112,1,2,50)
r(72,6,3,51)
w(200,3,3,51)
w(264,5,3,51)
w(69,6,3,51)
w(268,6,3,51)
w(120,7,3,51)
r(10,10,3,51)
w(136,3,3,51)
r(356,1,3,51)
r(166,1,3,51)
r(188,2,3,51)
w(216,7,3,51)
r(171,1,3,51)
r(35,1,3,51)
w(255,7,3,51)
w(34,7,3,51)
w(191,7,3,51)
w(344,4,3,51)
w(83,6,3,51)
r(174,8,3,51)
r(196,8,4,52)
r(281,1,4,52)
r(14,3,4,52)
r(63,2,4,52)
w(49,6,4,52)
w(185,12,4,52)
r(90,8,4,52)
w(275,4,4,52)
w(184,7,4,52)
r(189,1,4,52)
w(10,10,4,52)
w(135,9,4,52)
w(140,6,4,52)
r(22,1,4,52)
r(210,1,4,52)
w(29,4,4,52)
w(354,6,4,52)
w(72,6,4,52)
r(7,2,4,52)
w(296,4,4,52)
r(285,2,5,53)
w(197,13,5,53)
w(346,4,5,53)
r(53,8,5,53)
r(9,8,5,53)
w(257,5,5,53)
w(338,13,5,53)
w(219,9,5,53)
w(251,7,5,53)
r(117,1,5,53)
w(332,9,5,53)
w(6,8,5,53)
r(5,8,5,53)
w(298,8,5,53)
r(286,8,5,53)
w(209,9,5,53)
w(10,14,5,53)
w(18,10,5,53)
r(280,7,5,53)
r(340,6,5,53)
w(87,12,6,54)
r(100,1,6,54)
r(67,8,6,54)
r(185,7,6,54)
w(265,4,6,54)
w(128,5,6,54)
w(164,10,6,54)
r(219,1,6,54)
r(19,3,6,54)
r(258,3,6,54)
r(302,1,6,54)
w(41,9,6,54)
w(51,5,6,54)
w(232,13,6,54)
r(347,8,6,54)
r(145,1,6,54)
w(321,5,6,54)
r(184,4,6,54)
r(137,8,6,54)
w(226,12,6,54)
w(313,2,1,55)
w(289,2,1,55)
w(357,2,1,55)
r(88,8,1,55)
r(277,7,1,55)
w(208,2,1,55)
w(357,3,1,55)
r(241,3,1,55)
r(2,2,1,55)
r(116,7,1,55)
w(249,3,1,55)
r(355,6,1,55)
w(300,2,1,55)
r(296,8,1,55)
r(342,9,1,55)
w(101,2,1,55)
r(117,1,1,55)
r(78,2,1,55)
r(115,7,1,55)
r(334,9,1,55)
w(179,3,2,56)
r(84,1,2,56)
r(91,5,2,56)
r(158,8,2,56)
w(296,8,2,56)
r(258,3,2,56)
w(152,6,2,56)
w(111,2,2,56)
r(268,6,2,56)
w(55,3,2,56)
w(219,8,2,56)
r(82,4,2,56)
r(302,1,2,56)
w(196,2,2,56)
w(272,8,2,56)
r(297,6,2,56)
r(317,1,2,56)
w(76,7,2,56)
w(297,2,2,56)
r(259,4,2,56)
r(21,7,3,57)
w(262,5,3,57)
w(25,6,3,57)
r(141,2,3,57)
w(29,7,3,57)
w(201,8,3,57)
r(226,12,3,57)
w(88,8,3,57)
r(324,1,3,57)
r(30,1,3,57)
w(82,4,3,57)
r(301,6,3,57)
w(126,8,3,57)
r(210,1,3,57)
r(23,8,3,57)
w(57,4,3,57)
w(34,4,3,57)
r(14,2,3,57)
w(19,10,3,57)
r(188,2,3,57)
w(334,6,4,58)
r(103,1,4,58)
r(264,5,4,58)
w(85,9,4,58)
w(122,7,4,58)
r(30,1,4,58)
r(332,4,4,58)
w(296,9,4,58)
w(61,10,4,58)
r(247,14,4,58)
r(68,3,4,58)
w(124,4,4,58)
w(325,6,4,58)
w(310,4,4,58)
w(181,6,4,58)
r(246,1,4,58)
w(80,4,4,58)
w(135,5,4,58)
w(200,8,4,58)
w(63,6,4,58)
r(237,1,5,59)
r(12,3,5,59)
r(8,7,5,59)
r(106,14,5,59)
r(329,8,5,59)
w(133,6,5,59)
w(84,7,5,59)
r(179,3,5,59)
w(235,9,5,59)
w(245,5,5,59)
w(58,4,5,59)
r(149,3,5,59)
r(231,8,5,59)
r(254,8,5,59)
r(176,4,5,59)
w(234,6,5,59)
r(245,5,5,59)
r(151,4,5,59)
w(221,4,5,59)
r(256,1,5,59)
w(206,9,6,60)
r(174,6,6,60)
r(265,4,6,60)
r(314,4,6,60)
w(35,7,6,60)
w(334,9,6,60)
r(294,5,6,60)
w(359,10,6,60)
w(182,14,6,60)
w(191,9,6,60)
r(346,7,6,60)
r(107,1,6,60)
w(308,3,6,60)
r(115,7,6,60)
r(348,1,6,60)
r(254,1,6,60)
w(55,15,6,60)
w(85,10,6,60)
w(251,4,6,60)
r(333,1,6,60)
w(184,3,1,61)
w(142,2,1,61)
r(213,1,1,61)
w(165,2,1,61)
w(329,2,1,61)
r(14,2,1,61)
w(132,2,1,61)
r(357,3,1,61)
r(93,3,1,61)
r(327,1,1,61)
w(116,2,1,61)
w(310,2,1,61)
w(270,3,1,61)
r(138,7,1,61)
w(97,2,1,61)
r(163,12,1,61)
r(347,4,1,61)
w(228,3,1,61)
r(191,9,1,61)
r(6,2,1,61)
w(286,8,2,62)
r(329,14,2,62)
w(265,3,2,62)
w(336,3,2,62)
r(164,10,2,62)
w(331,3,2,62)
w(73,3,2,62)
w(263,3,2,62)
w(353,2,2,62)
w(114,2,2,62)
r(271,7,2,62)
w(161,2,2,62)
w(188,8,2,62)
r(83,6,2,62)
r(118,2,2,62)
r(66,1,2,62)
w(218,3,2,62)
w(61,6,2,62)
w(56,8,2,62)
r(268,6,2,62)
w(94,8,3,63)
r(48,6,3,63)
w(193,8,3,63)
r(68,6,3,63)
r(242,1,3,63)
w(74,7,3,63)
w(271,7,3,63)
r(254,1,3,63)
w(352,5,3,63)
w(159,7,3,63)
w(261,7,3,63)
w(339,2,3,63)
w(148,8,3,63)
w(335,8,3,63)
r(239,1,3,63)
r(111,2,3,63)
r(297,2,3,63)
w(5,8,3,63)
r(268,6,3,63)
w(16,8,3,63)
r(289,7,4,64)
r(143,5,4,64)
r(199,1,4,64)
r(23,8,4,64)
w(287,9,4,64)
w(135,10,4,64)
r(40,6,4,64)
r(257,7,4,64)
r(281,5,4,64)
w(221,8,4,64)
r(102,4,4,64)
r(291,1,4,64)
r(270,2,4,64)
w(73,6,4,64)
r(6,2,4,64)
r(321,1,4,64)
w(342,9,4,64)
w(189,9,4,64)
r(327,1,4,64)
w(174,6,4,64)
w(148,9,5,65)
r(49,3,5,65)
w(131,7,5,65)
w(161,6,5,65)
w(189,5,5,65)
w(31,8,5,65)
r(303,3,5,65)
w(358,4,5,65)
w(324,6,5,65)
w(267,9,5,65)
r(144,9,5,65)
w(139,6,5,65)
w(244,4,5,65)
r(56,8,5,65)
r(241,3,5,65)
w(102,6,5,65)
r(7,2,5,65)
w(58,9,5,65)
r(265,3,5,65)
w(334,7,5,65)
w(155,5,6,66)
w(152,9,6,66)
w(218,4,6,66)
w(335,5,6,66)
w(74,13,6,66)
r(130,2,6,66)
r(334,9,6,66)
r(353,2,6,66)
r(13,10,6,66)
r(118,2,6,66)
r(108,2,6,66)
w(294,10,6,66)
w(144,9,6,66)
r(243,2,6,66)
w(291,6,6,66)
r(293,2,6,66)
r(7,2,6,66)
w(57,10,6,66)
r(211,7,6,66)
w(115,14,6,66)
w(151,2,1,67)
w(303,3,1,67)
r(26,3,1,67)
w(302,2,1,67)
w(243,3,1,67)
w(13,2,1,67)
w(301,3,1,67)
r(310,2,1,67)
w(20,2,1,67)
w(10,2,1,67)
r(136,3,1,67)
r(266,8,1,67)
r(357,3,1,67)
w(312,3,1,67)
r(76,7,1,67)
w(98,3,1,67)
r(338,13,1,67)
w(293,3,1,67)
w(159,2,1,67)
r(254,8,1,67)
w(103,2,2,68)
r(180,8,2,68)
w(27,8,2,68)
r(244,6,2,68)
w(197,8,2,68)
r(143,5,2,68)
r(89,9,2,68)
r(178,7,2,68)
r(139,2,2,68)
w(9,8,2,68)
w(65,3,2,68)
r(20,1,2,68)
r(352,5,2,68)
w(57,3,2,68)
w(227,3,2,68)
r(203,2,2,68)
w(210,7,2,68)
w(254,8,2,68)
r(27,8,2,68)
r(80,4,2,68)
r(8,7,3,69)
w(46,5,3,69)
w(309,8,3,69)
r(235,10,3,69)
w(86,7,3,69)
r(328,2,3,69)
r(173,9,3,69)
r(316,1,3,69)
w(125,2,3,69)
r(202,10,3,69)
w(178,7,3,69)
r(56,8,3,69)
w(225,8,3,69)
r(41,9,3,69)
w(283,6,3,69)
w(45,3,3,69)
r(24,3,3,69)
w(55,4,3,69)
w(144,8,3,69)
w(132,8,3,69)
r(254,1,4,70)
w(354,7,4,70)
w(176,4,4,70)
r(78,2,4,70)
w(11,6,4,70)
w(197,9,4,70)
w(223,9,4,70)
w(51,8,4,70)
w(106,14,4,70)
r(290,1,4,70)
w(349,4,4,70)
w(27,5,4,70)
w(271,10,4,70)
r(316,1,4,70)
w(305,4,4,70)
w(145,4,4,70)
r(120,7,4,70)
w(145,9,4,70)
r(142,3,4,70)
w(58,8,4,70)
r(160,9,5,71)
r(242,1,5,71)
r(243,3,5,71)
w(25,5,5,71)
w(271,12,5,71)
r(162,4,5,71)
w(133,7,5,71)
w(38,4,5,71)
w(92,4,5,71)
r(20,2,5,71)
r(61,12,5,71)
r(308,3,5,71)
w(169,9,5,71)
r(196,2,5,71)
r(307,7,5,71)
r(63,6,5,71)
w(92,9,5,71)
r(318,2,5,71)
w(79,10,5,71)
r(30,1,5,71)
r(167,3,6,72)
w(350,13,6,72)
r(246,3,6,72)
r(60,6,6,72)
w(60,9,6,72)
r(183,6,6,72)
r(123,1,6,72)
w(313,5,6,72)
w(57,14,6,72)
w(163,16,6,72)
w(190,12,6,72)
w(137,5,6,72)
w(115,12,6,72)
w(49,4,6,72)
r(253,2,6,72)
w(253,14,6,72)
r(227,3,6,72)
r(151,9,6,72)
w(43,4,6,72)
r(194,1,6,72)
r(258,3,1,73)
w(189,3,1,73)
r(28,4,1,73)
w(289,3,1,73)
r(162,4,1,73)
w(141,3,1,73)
r(2,2,1,73)
r(316,1,1,73)
r(227,3,1,73)
w(274,2,1,73)
w(18,8,1,73)
r(167,3,1,73)
r(189,3,1,73)
w(298,2,1,73)
w(262,3,1,73)
w(73,2,1,73)
w(210,2,1,73)
r(167,3,1,73)
w(210,3,1,73)
r(320,4,1,73)
r(271,10,2,74)
w(344,3,2,74)
r(247,4,2,74)
w(49,3,2,74)
r(55,4,2,74)
w(329,8,2,74)
r(263,3,2,74)
r(226,12,2,74)
w(212,3,2,74)
w(52,7,2,74)
r(84,1,2,74)
w(197,6,2,74)
w(281,3,2,74)
r(292,9,2,74)
w(303,6,2,74)
w(158,6,2,74)
w(211,8,2,74)
w(210,4,2,74)
w(12,3,2,74)
r(266,8,2,74)
w(204,7,3,75)
r(195,2,3,75)
w(182,8,3,75)
r(177,1,3,75)
w(166,8,3,75)
w(277,4,3,75)
w(294,6,3,75)
w(10,7,3,75)
w(215,4,3,75)
r(277,4,3,75)
r(65,3,3,75)
w(225,6,3,75)
w(69,7,3,75)
w(245,6,3,75)
w(202,6,3,75)
w(121,4,3,75)
r(311,2,3,75)
w(339,3,3,75)
r(249,3,3,75)
w(88,6,3,75)
w(25,9,4,76)
r(6,2,4,76)
w(174,7,4,76)
w(86,9,4,76)
r(176,4,4,76)
w(61,14,4,76)
r(330,2,4,76)
w(213,6,4,76)
r(11,6,4,76)
w(273,8,4,76)
w(238,4,4,76)
r(191,9,4,76)
r(306,9,4,76)
r(343,1,4,76)
w(323,9,4,76)
w(62,4,4,76)
r(29,7,4,76)
r(304,3,4,76)
w(345,4,4,76)
r(57,4,4,76)
w(350,5,5,77)
w(254,9,5,77)
w(326,9,5,77)
r(302,2,5,77)
r(237,1,5,77)
w(220,4,5,77)
r(76,7,5,77)
r(92,9,5,77)
w(100,4,5,77)
r(43,1,5,77)
w(276,5,5,77)
w(151,9,5,77)
w(173,7,5,77)
r(336,3,5,77)
r(40,6,5,77)
r(322,2,5,77)
r(35,8,5,77)
w(193,7,5,77)
r(360,1,5,77)
r(157,6,5,77)
w(160,5,6,78)
w(133,9,6,78)
w(207,15,6,78)
r(287,9,6,78)
w(106,13,6,78)
r(120,7,6,78)
w(70,14,6,78)
w(275,10,6,78)
w(120,14,6,78)
r(174,7,6,78)
w(166,7,6,78)
w(308,8,6,78)
r(25,5,6,78)
r(123,1,6,78)
r(209,7,6,78)
r(275,10,6,78)
r(273,6,6,78)
r(138,7,6,78)
r(283,4,6,78)
r(42,6,6,78)
w(57,2,1,79)
w(271,2,1,79)
r(124,4,1,79)
w(306,2,1,79)
r(122,7,1,79)
r(14,10,1,79)
r(197,6,2,80)
r(152,9,2,80)
w(108,3,2,80)
w(358,8,2,80)
r(227,3,2,80)
r(20,2,2,80)
r(34,4,2,80)
w(275,3,2,80)
w(354,2,2,80)
r(317,1,2,80)
w(268,3,2,80)
r(34,4,2,80)
w(353,3,2,80)
w(348,2,2,80)
w(22,6,2,80)
w(143,8,2,80)
w(333,2,2,80)
r(332,9,2,80)
w(220,2,2,80)
r(123,1,2,80)
r(123,1,3,81)
w(269,4,3,81)
r(69,7,3,81)
w(223,6,3,81)
w(147,7,3,81)
w(337,6,3,81)
w(226,8,3,81)
w(268,7,3,81)
w(279,7,3,81)
r(259,4,3,81)
r(110,4,3,81)
w(188,7,3,81)
r(263,3,3,81)
r(215,4,3,81)
r(222,4,3,81)
r(326,4,3,81)
w(42,6,3,81)
w(218,8,3,81)
r(68,6,3,81)
w(311,4,3,81)
w(195,4,4,82)
w(299,9,4,82)
r(181,6,4,82)
w(84,3,4,82)
r(77,7,4,82)
w(14,10,4,82)
r(78,2,4,82)
r(179,3,4,82)
r(170,3,4,82)
r(306,9,4,82)
w(84,8,4,82)
w(188,5,4,82)
w(61,12,4,82)
w(280,10,4,82)
w(102,8,4,82)
r(48,6,4,82)
w(349,9,4,82)
w(236,9,4,82)
r(218,8,4,82)
r(52,7,4,82)
r(101,2,5,83)
w(198,5,5,83)
r(216,10,5,83)
r(203,2,5,83)
w(282,8,5,83)
w(245,10,5,83)
w(19,12,5,83)
r(25,5,5,83)
r(259,4,5,83)
w(141,4,5,83)
w(27,14,5,83)
r(333,2,5,83)
r(268,3,5,83)
r(249,3,5,83)
w(202,9,5,83)
w(285,7,5,83)
r(252,6,5,83)
r(66,1,5,83)
w(179,9,5,83)
w(190,5,5,83)
w(161,4,6,84)
w(256,10,6,84)
r(4,1,6,84)
w(356,5,6,84)
w(233,4,6,84)
r(217,7,6,84)
r(289,3,6,84)
w(340,10,6,84)
w(106,15,6,84)
r(348,2,6,84)
w(98,4,6,84)
r(289,3,6,84)
w(147,4,6,84)
w(168,4,6,84)
r(356,5,6,84)
w(146,10,6,84)
r(294,10,6,84)
r(347,4,6,84)
w(105,6,6,84)
r(93,3,6,84)
r(298,2,1,85)
r(1,7,1,85)
r(244,4,1,85)
w(56,2,1,85)
r(316,1,1,85)
w(61,3,1,85)
w(135,2,1,85)
r(106,14,1,85)
w(241,6,1,85)
w(238,2,1,85)
r(230,1,1,85)
w(280,2,1,85)
w(226,2,1,85)
r(206,9,1,85)
r(128,5,1,85)
r(153,3,1,85)
r(53,8,1,85)
r(234,6,1,85)
r(139,6,1,85)
w(173,2,1,85)
w(127,3,2,86)
w(121,7,2,86)
w(1,8,2,86)
r(310,2,2,86)
r(319,8,2,86)
r(103,2,2,86)
r(145,9,2,86)
r(34,4,2,86)
r(109,7,2,86)
r(242,1,2,86)
w(264,4,2,86)
r(124,4,2,86)
r(236,9,2,86)
w(104,7,2,86)
r(34,4,2,86)
w(56,6,2,86)
w(321,8,2,86)
w(47,8,2,86)
r(106,14,2,86)
w(281,8,2,86)
r(73,3,3,87)
r(58,4,3,87)
w(44,3,3,87)
r(130,2,3,87)
w(72,8,3,87)
w(232,7,3,87)
r(86,9,3,87)
w(114,8,3,87)
w(175,8,3,87)
w(155,6,3,87)
r(65,3,3,87)
r(96,8,3,87)
r(247,4,3,87)
w(85,7,3,87)
r(314,4,3,87)
r(224,9,3,87)
w(99,9,3,87)
r(252,6,3,87)
w(255,4,3,87)
r(30,1,3,87)
w(346,8,4,88)
r(89,9,4,88)
r(316,1,4,88)
w(232,4,4,88)
r(309,8,4,88)
w(283,4,4,88)
r(97,2,4,88)
r(352,5,4,88)
r(220,2,4,88)
r(96,8,4,88)
r(360,1,4,88)
r(132,2,4,88)
r(334,7,4,88)
w(119,6,4,88)
r(8,7,4,88)
r(109,7,4,88)
w(285,8,4,88)
w(344,9,4,88)
w(338,9,4,88)
r(115,14,4,88)
r(140,9,5,89)
w(254,5,5,89)
r(101,2,5,89)
w(161,7,5,89)
w(280,14,5,89)
r(81,12,5,89)
w(324,7,5,89)
w(80,10,5,89)
r(332,9,5,89)
r(160,2,5,89)
r(61,3,5,89)
w(323,10,5,89)
r(144,9,5,89)
w(34,10,5,89)
w(323,14,5,89)
r(250,6,5,89)
r(326,9,5,89)
r(88,6,5,89)
w(309,9,5,89)
w(215,9,5,89)
r(137,2,6,90)
w(134,12,6,90)
w(298,7,6,90)
w(159,14,6,90)
r(355,2,6,90)
w(170,13,6,90)
w(98,9,6,90)
w(337,4,6,90)
r(78,8,6,90)
r(34,10,6,90)
w(192,9,6,90)
w(169,5,6,90)
r(56,6,6,90)
r(338,9,6,90)
w(121,12,6,90)
w(239,5,6,90)
r(31,8,6,90)
r(82,4,6,90)
r(350,13,6,90)
r(217,2,6,90)
w(160,2,1,91)
w(38,2,1,91)
w(251,2,1,91)
r(169,9,1,91)
r(352,5,1,91)
r(23,8,1,91)
r(253,2,1,91)
w(115,2,1,91)
w(17,3,1,91)
r(161,6,1,91)
r(118,2,1,91)
r(104,7,1,91)
r(115,2,1,91)
w(185,3,1,91)
w(132,3,1,91)
w(128,2,1,91)
r(136,3,1,91)
w(280,3,1,91)
w(37,3,1,91)
w(80,2,1,91)
r(66,1,2,92)
w(39,3,2,92)
w(219,6,2,92)
w(342,3,2,92)
r(304,3,2,92)
w(277,2,2,92)
r(87,12,2,92)
w(175,3,2,92)
w(207,7,2,92)
r(39,3,2,92)
r(99,9,2,92)
w(246,3,2,92)
r(311,4,2,92)
r(129,7,2,92)
r(5,8,2,92)
w(92,3,2,92)
w(207,4,2,92)
r(225,6,2,92)
w(328,3,2,92)
w(111,3,2,92)
w(241,4,3,93)
w(11,2,3,93)
r(12,3,3,93)
w(71,8,3,93)
w(330,8,3,93)
w(250,6,3,93)
r(326,4,3,93)
r(192,3,3,93)
r(281,3,3,93)
r(197,6,3,93)
w(35,8,3,93)
w(330,6,3,93)
w(288,8,3,93)
w(95,8,3,93)
w(279,4,3,93)
r(353,3,3,93)
w(185,10,3,93)
r(340,6,3,93)
w(274,4,3,93)
r(352,5,3,93)
r(284,1,4,94)
r(249,3,4,94)
w(46,12,4,94)
w(273,6,4,94)
r(161,6,4,94)
r(247,4,4,94)
r(114,8,4,94)
r(233,6,4,94)
r(239,1,4,94)
w(212,8,4,94)
r(294,10,4,94)
r(308,3,4,94)
r(27,8,4,94)
w(105,8,4,94)
r(157,6,4,94)
r(174,7,4,94)
w(340,7,4,94)
w(301,4,4,94)
w(216,10,4,94)
r(301,4,4,94)
w(144,7,5,95)
w(201,4,5,95)
w(117,6,5,95)
r(159,14,5,95)
r(174,7,5,95)
r(31,8,5,95)
r(155,6,5,95)
r(305,4,5,95)
r(80,3,5,95)
r(63,6,5,95)
r(56,6,5,95)
r(46,3,5,95)
r(121,12,5,95)
w(343,7,5,95)
r(83,6,5,95)
r(99,10,5,95)
w(72,9,5,95)
w(299,14,5,95)
w(69,14,5,95)
r(170,13,5,95)
r(316,1,6,96)
r(329,8,6,96)
r(215,9,6,96)
r(123,3,6,96)
w(346,11,6,96)
r(91,5,6,96)
r(123,3,6,96)
w(173,5,6,96)
w(37,14,6,96)
w(359,14,6,96)
r(252,6,6,96)
w(277,12,6,96)
r(118,2,6,96)
w(243,9,6,96)
w(67,7,6,96)
w(99,10,6,96)
w(27,13,6,96)
r(356,7,6,96)
r(262,3,6,96)
r(181,2,6,96)
w(13,3,1,97)
r(214,8,1,97)
w(146,2,1,97)
r(348,2,1,97)
r(79,4,1,97)
w(324,2,1,97)
r(109,7,1,97)
r(86,9,1,97)
w(138,3,1,97)
w(249,8,1,97)
w(274,3,1,97)
r(59,8,1,97)
r(31,8,1,97)
w(76,3,1,97)
w(237,2,1,97)
r(164,10,1,97)
w(189,6,1,97)
w(131,2,1,97)
w(52,2,1,97)
w(310,3,1,97)
w(259,3,2,98)
w(14,8,2,98)
w(13,6,2,98)
r(160,5,2,98)
r(108,3,2,98)
r(144,9,2,98)
r(28,4,2,98)
w(100,2,2,98)
w(123,3,2,98)
w(75,3,2,98)
w(29,3,2,98)
r(188,5,2,98)
r(255,4,2,98)
r(288,8,2,98)
r(91,5,2,98)
r(194,1,2,98)
r(223,6,2,98)
r(225,6,2,98)
r(200,8,2,98)
w(65,8,2,98)
r(106,14,3,99)
r(269,4,3,99)
w(292,7,3,99)
w(210,5,3,99)
r(197,6,3,99)
w(335,6,3,99)
r(116,2,3,99)
w(312,7,3,99)
w(349,7,3,99)
r(277,4,3,99)
r(21,7,3,99)
r(333,2,3,99)
w(217,7,3,99)
w(260,2,3,99)
r(291,6,3,99)
r(275,3,3,99)
r(290,1,3,99)
w(71,6,3,99)
r(192,3,3,99)
r(100,1,3,99)
w(32,4,4,100)
w(296,10,4,100)
r(317,1,4,100)
r(221,4,4,100)
w(79,4,4,100)
w(14,14,4,100)
r(216,10,4,100)
r(57,10,4,100)
r(51,8,4,100)
r(114,8,4,100)
w(209,7,4,100)
r(9,8,4,100)
r(190,5,4,100)
r(295,15,4,100)
w(116,5,4,100)
r(109,7,4,100)
w(224,4,4,100)
r(28,4,4,100)
r(48,6,4,100)
w(170,6,4,100)
w(3,7,5,101)
w(197,15,5,101)
w(122,9,5,101)
w(317,7,5,101)
r(283,4,5,101)
w(283,9,5,101)
r(63,6,5,101)
w(355,8,5,101)
r(279,3,5,101)
w(91,6,5,101)
r(101,8,5,101)
r(346,11,5,101)
r(318,2,5,101)
w(346,10,5,101)
w(170,10,5,101)
w(203,5,5,101)
w(11,4,5,101)
r(38,2,5,101)
w(211,4,5,101)
w(119,9,5,101)
w(160,10,6,102)
w(342,13,6,102)
w(358,5,6,102)
r(96,8,6,102)
r(289,3,6,102)
w(229,8,6,102)
w(134,13,6,102)
w(263,5,6,102)
r(64,3,6,102)
r(348,2,6,102)
w(3,4,6,102)
r(314,4,6,102)
w(17,11,6,102)
w(129,9,6,102)
r(314,4,6,102)
w(35,4,6,102)
r(33,4,6,102)
r(324,2,6,102)
r(193,7,6,102)
r(25,2,6,102)
r(79,4,1,103)
w(300,3,1,103)
w(352,2,1,103)
w(18,6,1,103)
w(325,2,1,103)
r(251,2,1,103)
w(197,3,1,103)
w(25,2,1,103)
w(198,3,1,103)
r(306,9,1,103)
w(210,8,1,103)
w(249,6,1,103)
w(26,8,1,103)
r(320,4,1,103)
w(358,2,1,103)
w(3,2,1,103)
w(355,2,1,103)
w(217,2,1,103)
w(128,3,1,103)
r(85,7,1,103)
w(73,8,2,104)
r(312,7,2,104)
r(117,1,2,104)
w(356,7,2,104)
r(191,9,2,104)
w(253,3,2,104)
w(13,7,2,104)
r(41,9,2,104)
w(279,3,2,104)
w(9,6,2,104)
r(304,3,2,104)
w(7,3,2,104)
w(181,2,2,104)
w(145,3,2,104)
w(162,2,2,104)
r(204,7,2,104)
w(28,3,2,104)
w(19,4,2,104)
r(320,4,2,104)
r(96,8,2,104)
r(16,8,3,105)
r(292,7,3,105)
w(342,6,3,105)
w(137,2,3,105)
r(249,3,3,105)
r(155,6,3,105)
w(330,7,3,105)
r(77,7,3,105)
r(285,7,3,105)
w(237,8,3,105)
r(170,6,3,105)
w(142,6,3,105)
r(265,3,3,105)
w(213,3,3,105)
w(169,7,3,105)
r(158,6,3,105)
w(62,2,3,105)
r(136,3,3,105)
r(281,8,3,105)
r(51,8,3,105)
r(74,13,4,106)
w(349,5,4,106)
r(288,8,4,106)
r(97,2,4,106)
r(44,3,4,106)
r(143,8,4,106)
w(258,8,4,106)
w(319,7,4,106)
r(357,3,4,106)
w(72,7,4,106)
w(24,4,4,106)
w(7,8,4,106)
r(286,8,4,106)
w(321,9,4,106)
r(191,9,4,106)
r(221,4,4,106)
w(226,9,4,106)
r(185,3,4,106)
w(198,9,4,106)
w(109,8,4,106)
w(145,14,5,107)
w(267,5,5,107)
r(25,3,5,107)
w(211,9,5,107)
w(25,10,5,107)
w(179,5,5,107)
r(360,1,5,107)
r(42,7,5,107)
r(354,2,5,107)
w(353,7,5,107)
w(344,14,5,107)
r(66,1,5,107)
w(117,7,5,107)
w(241,5,5,107)
w(15,4,5,107)
w(50,3,5,107)
w(69,12,5,107)
w(219,5,5,107)
w(141,9,5,107)
w(70,5,5,107)
r(194,1,6,108)
r(336,3,6,108)
w(241,10,6,108)
r(21,7,6,108)
r(204,7,6,108)
w(190,13,6,108)
w(52,10,6,108)
r(100,2,6,108)
w(357,9,6,108)
w(251,9,6,108)
w(347,5,6,108)
r(139,6,6,108)
w(20,5,6,108)
w(288,4,6,108)
w(270,7,6,108)
r(175,3,6,108)
w(251,5,6,108)
w(35,9,6,108)
w(158,10,6,108)
w(90,6,6,108)
r(6,8,1,109)
w(261,2,1,109)
w(269,2,1,109)
w(146,3,1,109)
w(71,2,1,109)
w(167,8,1,109)
r(100,2,1,109)
r(82,4,1,109)
r(220,4,1,109)
w(80,3,1,109)
r(282,8,1,109)
w(184,8,1,109)
w(126,2,1,109)
r(37,3,1,109)
r(98,9,1,109)
r(202,9,1,109)
w(46,3,1,109)
r(90,2,1,109)
r(44,3,1,109)
r(282,8,1,109)
r(145,3,2,110)
w(257,3,2,110)
r(19,4,2,110)
r(165,2,2,110)
r(67,7,2,110)
w(89,6,2,110)
r(331,3,2,110)
r(172,1,2,110)
w(316,3,2,110)
w(356,4,2,110)
r(119,6,2,110)
r(65,6,2,110)
r(303,3,2,110)
r(221,4,2,110)
r(149,3,2,110)
r(175,3,2,110)
w(196,3,2,110)
w(272,6,2,110)
r(251,2,2,110)
w(325,3,2,110)
r(358,4,3,111)
w(159,4,3,111)
r(202,9,3,111)
w(358,6,3,111)
w(310,7,3,111)
r(112,1,3,111)
w(295,3,3,111)
r(162,4,3,111)
w(257,6,3,111)
w(45,8,3,111)
w(321,7,3,111)
r(312,7,3,111)
r(156,9,3,111)
r(104,7,3,111)
r(5,8,3,111)
w(81,3,3,111)
r(278,1,3,111)
w(78,8,3,111)
r(345,4,3,111)
w(279,9,3,111)
r(180,8,4,112)
w(240,7,4,112)
r(283,4,4,112)
r(200,8,4,112)
w(51,6,4,112)
r(139,6,4,112)
r(110,4,4,112)
r(117,1,4,112)
w(126,7,4,112)
r(344,9,4,112)
w(239,7,4,112)
r(123,1,4,112)
r(43,4,4,112)
w(284,8,4,112)
r(306,9,4,112)
r(248,3,4,112)
r(200,8,4,112)
w(77,8,4,112)
r(185,3,4,112)
w(86,5,4,112)
r(307,7,5,113)
r(182,12,5,113)
w(176,10,5,113)
r(252,2,5,113)
w(73,9,5,113)
w(114,6,5,113)
w(298,6,5,113)
r(29,3,5,113)
w(279,14,5,113)
w(96,6,5,113)
w(32,9,5,113)
r(254,4,5,113)
r(242,10,5,113)
w(205,10,5,113)
r(5,8,5,113)
r(268,3,5,113)
w(296,12,5,113)
w(230,6,5,113)
r(214,8,5,113)
r(60,9,5,113)
w(334,5,6,114)
w(285,4,6,114)
w(80,13,6,114)
r(68,6,6,114)
r(66,1,6,114)
w(141,12,6,114)
r(78,6,6,114)
r(84,8,6,114)
w(165,5,6,114)
r(154,1,6,114)
w(345,10,6,114)
w(116,12,6,114)
w(56,14,6,114)
w(271,15,6,114)
w(134,15,6,114)
w(359,12,6,114)
w(257,12,6,114)
w(267,2,1,115)
r(315,6,1,115)
r(157,6,1,115)
w(166,2,1,115)
r(247,4,1,115)
r(229,8,1,115)
w(206,3,1,115)
r(202,9,1,115)
r(288,4,1,115)
r(3,4,1,115)
r(83,6,1,115)
w(321,2,1,115)
w(32,3,1,115)
r(85,7,1,115)
r(147,4,1,115)
r(333,2,1,115)
w(22,3,1,115)
r(37,14,1,115)
r(195,6,1,115)
r(2,2,1,115)
r(340,8,2,116)
w(134,4,2,116)
w(68,2,2,116)
r(39,6,2,116)
w(208,8,2,116)
w(280,4,2,116)
w(239,2,2,116)
w(233,3,2,116)
r(136,3,2,116)
r(272,6,2,116)
w(172,8,2,116)
r(93,3,2,116)
w(267,3,2,116)
r(252,6,2,116)
w(160,8,2,116)
r(40,6,2,116)
r(7,3,2,116)
r(337,4,2,116)
w(101,8,2,116)
r(246,3,2,116)
w(356,9,3,117)
w(253,7,3,117)
r(347,4,3,117)
r(248,3,3,117)
w(295,8,3,117)
r(292,7,3,117)
w(180,7,3,117)
w(14,4,3,117)
w(124,7,3,117)
w(30,3,3,117)
r(89,9,3,117)
r(321,7,3,117)
w(209,6,3,117)
w(26,7,3,117)
w(297,3,3,117)
w(65,6,3,117)
r(212,8,3,117)
r(228,3,3,117)
r(211,8,3,117)
w(343,8,3,117)
r(191,9,4,118)
r(102,6,4,118)
r(143,8,4,118)
r(269,2,4,118)
w(302,4,4,118)
w(171,6,4,118)
r(275,10,4,118)
w(133,8,4,118)
w(148,7,4,118)
r(206,9,4,118)
w(188,10,4,118)
w(316,8,4,118)
r(74,4,4,118)
r(258,8,4,118)
r(76,3,4,118)
w(142,7,4,118)
r(89,6,4,118)
r(112,1,4,118)
w(82,5,4,118)
w(173,6,4,118)
r(161,4,5,119)
w(146,4,5,119)
w(295,10,5,119)
r(23,8,5,119)
w(160,7,5,119)
r(198,6,5,119)
r(266,6,5,119)
w(116,10,5,119)
w(235,5,5,119)
r(236,9,5,119)
r(224,2,5,119)
w(250,5,5,119)
w(259,9,5,119)
r(338,9,5,119)
w(288,6,5,119)
r(74,4,5,119)
w(114,7,5,119)
w(48,7,5,119)
r(7,6,5,119)
w(137,4,5,119)
w(304,4,6,120)
w(246,5,6,120)
w(325,4,6,120)
w(294,12,6,120)
w(105,7,6,120)
r(278,3,6,120)
r(347,5,6,120)
r(289,3,6,120)
r(262,3,6,120)
r(170,13,6,120)
r(344,9,6,120)
w(280,15,6,120)
r(57,14,6,120)
w(263,10,6,120)
r(233,3,6,120)
r(170,13,6,120)
w(260,10,6,120)
w(203,14,6,120)
w(115,3,1,121)
w(284,2,1,121)
w(33,3,1,121)
r(38,2,1,121)
r(289,3,1,121)
w(332,8,1,121)
w(184,6,1,121)
r(244,4,1,121)
w(26,6,1,121)
w(322,8,1,121)
w(280,8,1,121)
w(224,2,1,121)
r(19,4,1,121)
r(110,4,1,121)
r(178,7,1,121)
r(298,7,1,121)
r(131,2,1,121)
w(22,8,1,121)
r(243,9,1,121)
r(41,9,1,121)
w(36,3,2,122)
w(32,6,2,122)
w(103,3,2,122)
r(134,4,2,122)
w(140,2,2,122)
r(65,6,2,122)
w(149,4,2,122)
r(360,1,2,122)
w(18,7,2,122)
r(88,6,2,122)
w(43,3,2,122)
r(108,3,2,122)
w(329,6,2,122)
w(349,3,2,122)
w(327,2,2,122)
w(314,8,2,122)
w(221,2,2,122)
r(311,4,2,122)
w(115,8,2,122)
r(130,2,2,122)
w(284,3,3,123)
r(186,4,3,123)
r(355,2,3,123)
r(287,9,3,123)
w(225,7,3,123)
r(327,1,3,123)
r(265,3,3,123)
r(177,1,3,123)
w(11,3,3,123)
r(302,2,3,123)
r(295,8,3,123)
w(323,7,3,123)
w(33,4,3,123)
r(158,6,3,123)
w(173,8,3,123)
r(202,9,3,123)
w(39,6,3,123)
w(300,7,3,123)
w(255,9,3,123)
w(345,7,3,123)
r(213,3,4,124)
w(345,9,4,124)
r(252,6,4,124)
r(93,3,4,124)
w(197,10,4,124)
r(160,8,4,124)
r(293,3,4,124)
w(323,5,4,124)
w(151,7,4,124)
r(131,2,4,124)
w(254,4,4,124)
w(227,6,4,124)
w(179,7,4,124)
r(37,14,4,124)
w(261,9,4,124)
r(279,3,4,124)
r(93,3,4,124)
r(254,4,4,124)
w(37,4,4,124)
r(271,4,4,124)
r(310,7,5,125)
r(209,6,5,125)
r(241,14,5,125)
r(221,2,5,125)
r(148,7,5,125)
w(112,6,5,125)
w(170,14,5,125)
w(203,10,5,125)
r(121,9,5,125)
w(222,9,5,125)
r(73,9,5,125)
r(249,6,5,125)
r(318,2,5,125)
w(316,7,5,125)
r(138,3,5,125)
w(328,6,5,125)
w(71,9,5,125)
r(303,3,5,125)
w(163,13,5,125)
w(188,13,5,125)
w(52,14,6,126)
w(253,12,6,126)
w(343,9,6,126)
r(21,7,6,126)
w(188,17,6,126)
r(113,2,6,126)
w(92,10,6,126)
w(266,5,6,126)
w(339,9,6,126)
r(14,4,6,126)
w(9,5,6,126)
w(239,10,6,126)
w(156,14,6,126)
r(245,10,6,126)
w(282,4,6,126)
w(134,11,6,126)
r(65,6,6,126)
r(304,3,6,126)
r(356,4,6,126)
w(77,4,6,126)
r(32,6,1,127)
r(93,3,1,127)
w(299,3,1,127)
r(68,2,1,127)
w(105,2,1,127)
r(110,4,1,127)
r(271,4,1,127)
w(104,3,1,127)
r(226,6,1,127)
r(311,4,1,127)
r(197,15,1,127)
w(323,2,1,127)
r(134,4,1,127)
r(325,3,1,127)
r(285,6,1,127)
w(20,3,1,127)
w(252,2,1,127)
w(46,8,1,127)
r(290,1,1,127)
r(31,8,1,127)
w(59,3,2,128)
r(1,8,2,128)
r(318,2,2,128)
w(279,8,2,128)
r(154,1,2,128)
w(215,3,2,128)
w(17,6,2,128)
r(168,4,2,128)
r(113,2,2,128)
w(88,3,2,128)
r(284,2,2,128)
w(55,6,2,128)
w(210,9,2,128)
r(218,8,2,128)
w(165,3,2,128)
w(219,7,2,128)
r(272,7,2,128)
r(301,4,2,128)
w(217,8,2,128)
w(304,2,2,128)
r(37,14,3,129)
r(13,7,3,129)
w(240,6,3,129)
r(25,2,3,129)
r(140,9,3,129)
w(324,8,3,129)
w(42,7,3,129)
w(281,4,3,129)
w(231,3,3,129)
w(187,2,3,129)
w(163,6,3,129)
w(224,6,3,129)
r(158,6,3,129)
w(280,5,3,129)
w(195,6,3,129)
r(170,13,3,129)
r(17,11,3,129)
w(199,8,3,129)
r(199,8,3,129)
r(59,8,3,129)
w(205,9,4,130)
r(35,9,4,130)
w(121,9,4,130)
r(206,3,4,130)
w(276,9,4,130)
w(317,6,4,130)
w(35,6,4,130)
r(136,3,4,130)
w(279,5,4,130)
w(285,6,4,130)
r(137,2,4,130)
r(262,3,4,130)
r(315,6,4,130)
w(132,7,4,130)
r(110,4,4,130)
w(344,5,4,130)
r(136,3,4,130)
r(200,8,4,130)
w(207,10,4,130)
w(72,4,4,130)
w(259,5,5,131)
r(23,8,5,131)
w(238,14,5,131)
w(144,4,5,131)
w(309,5,5,131)
w(242,9,5,131)
r(170,14,5,131)
r(216,8,5,131)
r(294,10,5,131)
r(227,6,5,131)
r(85,7,5,131)
r(294,10,5,131)
w(278,6,5,131)
r(226,6,5,131)
w(99,5,5,131)
w(277,5,5,131)
r(104,8,5,131)
r(208,8,5,131)
w(150,10,5,131)
r(98,9,5,131)
w(136,4,6,132)
w(17,17,6,132)
w(136,9,6,132)
w(19,17,6,132)
w(20,10,6,132)
r(301,4,6,132)
r(51,6,6,132)
w(73,5,6,132)
r(113,2,6,132)
r(244,4,6,132)
r(112,1,6,132)
w(344,12,6,132)
r(208,8,6,132)
w(3,9,6,132)
r(175,3,6,132)
r(223,6,6,132)
w(166,4,6,132)
w(154,10,6,132)
w(344,13,6,132)
w(242,10,6,132)
r(123,3,1,133)
w(178,2,1,133)
w(352,3,1,133)
w(150,3,1,133)
w(25,3,1,133)
r(4,1,1,133)
w(274,8,1,133)
w(326,2,1,133)
r(226,6,1,133)
w(13,8,1,133)
w(53,2,1,133)
r(342,13,1,133)
w(154,3,1,133)
w(173,3,1,133)
w(326,3,1,133)
w(135,3,1,133)
r(252,2,1,133)
r(150,3,1,133)
r(208,8,1,133)
r(296,10,1,133)
w(199,2,2,134)
r(192,9,2,134)
r(228,3,2,134)
w(152,7,2,134)
r(158,10,2,134)
w(328,8,2,134)
r(256,10,2,134)
w(317,2,2,134)
r(272,7,2,134)
r(70,14,2,134)
r(182,8,2,134)
r(354,2,2,134)
w(345,8,2,134)
w(266,6,2,134)
r(185,3,2,134)
r(28,3,2,134)
w(32,7,2,134)
r(167,7,2,134)
r(300,7,2,134)
w(276,3,2,134)
w(278,3,3,135)
r(165,2,3,135)
w(48,3,3,135)
w(292,4,3,135)
w(20,8,3,135)
w(120,4,3,135)
r(178,7,3,135)
w(340,8,3,135)
r(205,2,3,135)
w(216,4,3,135)
r(197,3,3,135)
r(316,3,3,135)
r(268,3,3,135)
r(166,7,3,135)
r(286,8,3,135)
w(100,6,3,135)
r(92,3,3,135)
w(78,6,3,135)
r(192,9,3,135)
w(74,4,3,135)
w(333,8,4,136)
w(107,3,4,136)
r(21,7,4,136)
w(292,5,4,136)
w(149,9,4,136)
w(327,4,4,136)
w(272,7,4,136)
w(128,6,4,136)
w(95,9,4,136)
r(221,2,4,136)
w(174,4,4,136)
r(8,7,4,136)
w(320,8,4,136)
w(179,4,4,136)
r(218,8,4,136)
r(245,10,4,136)
w(115,4,4,136)
r(210,8,4,136)
r(99,10,4,136)
r(208,8,4,136)
w(319,9,5,137)
r(359,14,5,137)
r(232,3,5,137)
r(160,7,5,137)
r(258,6,5,137)
r(16,2,5,137)
w(167,5,5,137)
r(315,6,5,137)
w(148,5,5,137)
w(158,9,5,137)
w(12,9,5,137)
r(357,9,5,137)
w(175,5,5,137)
w(294,9,5,137)
w(141,5,5,137)
w(80,14,5,137)
w(341,9,5,137)
r(164,4,5,137)
r(139,6,5,137)
r(258,6,5,137)
r(162,2,6,138)
r(179,5,6,138)
w(241,14,6,138)
r(214,8,6,138)
w(3,5,6,138)
w(13,12,6,138)
r(310,7,6,138)
w(117,9,6,138)
r(351,8,6,138)
r(338,9,6,138)
w(182,12,6,138)
w(288,9,6,138)
w(30,9,6,138)
r(207,10,6,138)
r(117,9,6,138)
w(300,10,6,138)
w(173,10,6,138)
w(172,10,6,138)
r(192,9,6,138)
w(125,8,6,138)
w(274,6,1,139)
r(91,6,1,139)
r(81,4,1,139)
w(16,2,1,139)
w(292,2,1,139)
r(129,8,1,139)
r(107,8,1,139)
r(35,6,1,139)
w(296,2,1,139)
r(220,4,1,139)
w(76,8,1,139)
r(64,3,1,139)
r(93,10,1,139)
w(134,8,1,139)
w(232,3,1,139)
w(305,2,1,139)
w(47,2,1,139)
r(168,4,1,139)
w(104,8,1,139)
r(218,8,1,139)
w(271,8,2,140)
w(289,8,2,140)
r(22,7,2,140)
w(313,3,2,140)
r(31,8,2,140)
r(325,3,2,140)
w(343,2,2,140)
w(185,4,2,140)
w(287,6,2,140)
r(139,6,2,140)
w(269,7,2,140)
w(198,6,2,140)
r(168,4,2,140)
r(97,2,2,140)
r(355,8,2,140)
r(203,5,2,140)
w(185,9,2,140)
r(313,3,2,140)
w(302,7,2,140)
w(292,8,2,140)
w(163,7,3,141)
r(113,2,3,141)
r(323,7,3,141)
r(322,2,3,141)
r(349,5,3,141)
w(226,6,3,141)
r(91,5,3,141)
w(203,8,3,141)
r(109,8,3,141)
r(305,4,3,141)
r(196,3,3,141)
r(143,8,3,141)
r(191,9,3,141)
w(271,4,3,141)
w(94,6,3,141)
r(267,3,3,141)
r(78,6,3,141)
r(304,3,3,141)
r(10,2,3,141)
r(128,3,3,141)
w(225,10,4,142)
r(55,6,4,142)
w(258,6,4,142)
w(55,14,4,142)
w(63,7,4,142)
w(1,4,4,142)
w(84,6,4,142)
w(7,6,4,142)
w(240,4,4,142)
w(339,6,4,142)
r(173,3,4,142)
r(24,4,4,142)
r(327,4,4,142)
w(135,13,4,142)
r(199,2,4,142)
r(3,9,4,142)
r(83,6,4,142)
r(152,7,4,142)
r(343,9,4,142)
r(190,13,4,142)
r(341,9,5,143)
r(81,9,5,143)
r(175,5,5,143)
w(16,4,5,143)
w(233,7,5,143)
r(86,6,5,143)
w(193,4,5,143)
r(228,4,5,143)
w(318,3,5,143)
r(218,8,5,143)
r(292,2,5,143)
r(337,4,5,143)
w(158,5,5,143)
r(278,6,5,143)
r(315,6,5,143)
w(27,12,5,143)
r(147,4,5,143)
r(100,3,5,143)
r(307,4,5,143)
r(319,9,5,143)
w(93,10,6,144)
r(230,6,6,144)
w(243,5,6,144)
w(26,9,6,144)
w(272,9,6,144)
r(128,6,6,144)
r(13,12,6,144)
r(289,8,6,144)
r(278,3,6,144)
r(123,3,6,144)
r(292,8,6,144)
w(301,10,6,144)
r(214,8,6,144)
w(277,13,6,144)
r(229,8,6,144)
w(203,12,6,144)
w(150,14,6,144)
w(32,14,6,144)
w(149,5,6,144)
r(187,2,6,144)
r(193,7,1,145)
w(9,3,1,145)
w(87,3,1,145)
r(320,8,1,145)
w(1,2,1,145)
r(90,6,1,145)
r(226,6,1,145)
r(346,10,1,145)
r(116,10,1,145)
w(247,8,1,145)
r(212,8,1,145)
w(112,2,1,145)
w(151,3,1,145)
r(36,3,1,145)
r(341,2,1,145)
r(135,13,1,145)
w(350,2,1,145)
r(170,14,1,145)
r(45,6,1,145)
w(105,3,1,145)
w(4,2,2,146)
r(322,8,2,146)
w(46,7,2,146)
w(286,6,2,146)
r(50,3,2,146)
w(89,7,2,146)
w(151,8,2,146)
r(340,8,2,146)
r(161,4,2,146)
r(89,7,2,146)
r(328,8,2,146)
r(24,4,2,146)
w(109,3,2,146)
w(124,8,2,146)
r(87,12,2,146)
r(277,12,2,146)
r(239,10,2,146)
w(351,3,2,146)
r(173,10,2,146)
w(287,7,2,146)
w(127,6,3,147)
r(235,9,3,147)
r(66,1,3,147)
r(297,3,3,147)
r(177,1,3,147)
w(222,8,3,147)
w(22,7,3,147)
w(81,8,3,147)
w(167,7,3,147)
r(141,4,3,147)
r(194,1,3,147)
w(206,6,3,147)
w(48,8,3,147)
w(233,8,3,147)
w(106,4,3,147)
r(190,13,3,147)
w(40,7,3,147)
r(249,6,3,147)
w(117,3,3,147)
r(318,2,3,147)
w(75,6,4,148)
r(242,10,4,148)
r(107,3,4,148)
r(185,9,4,148)
r(338,9,4,148)
r(300,10,4,148)
r(61,3,4,148)
w(26,4,4,148)
r(262,3,4,148)
w(358,7,4,148)
r(137,2,4,148)
w(107,8,4,148)
w(186,7,4,148)
w(165,6,4,148)
w(68,8,4,148)
w(81,4,4,148)
w(31,3,4,148)
w(119,7,4,148)
r(325,3,4,148)
w(222,6,4,148)
r(81,9,5,149)
w(92,5,5,149)
w(295,14,5,149)
r(58,9,5,149)
w(230,7,5,149)
w(51,9,5,149)
r(247,8,5,149)
w(160,4,5,149)
w(154,5,5,149)
r(154,5,5,149)
r(357,9,5,149)
r(2,2,5,149)
w(46,13,5,149)
r(242,9,5,149)
r(233,7,5,149)
r(287,4,5,149)
w(80,12,5,149)
w(340,5,5,149)
w(76,5,5,149)
r(358,7,5,149)
r(254,4,6,150)
w(28,14,6,150)
w(125,6,6,150)
w(233,9,6,150)
r(255,9,6,150)
r(202,9,6,150)
r(253,12,6,150)
r(6,8,6,150)
r(178,2,6,150)
r(108,3,6,150)
r(188,17,6,150)
w(128,10,6,150)
r(339,6,6,150)
w(89,14,6,150)
w(206,5,6,150)
r(109,3,6,150)
r(13,12,6,150)
r(110,4,6,150)
r(187,2,6,150)
r(278,3,6,150)
r(202,9,1,151)
w(242,2,1,151)
r(193,4,1,151)
r(360,1,1,151)
r(218,8,1,151)
w(70,3,1,151)
r(193,4,1,151)
r(214,8,1,151)
w(40,3,1,151)
w(10,3,1,151)
w(263,2,1,151)
w(321,3,1,151)
r(133,8,1,151)
r(181,3,1,151)
r(110,4,1,151)
r(12,9,1,151)
w(338,8,1,151)
w(30,2,1,151)
w(269,3,1,151)
r(297,3,1,151)
r(60,4,2,152)
r(14,4,2,152)
r(54,6,2,152)
w(75,8,2,152)
w(216,3,2,152)
w(86,6,2,152)
r(22,7,2,152)
w(306,6,2,152)
w(262,4,2,152)
r(156,14,2,152)
r(83,6,2,152)
w(244,2,2,152)
w(102,3,2,152)
w(264,9,2,152)
w(63,3,2,152)
w(252,8,2,152)
r(345,8,2,152)
w(225,2,2,152)
r(151,8,2,152)
w(163,3,2,152)
r(245,10,3,153)
w(106,5,3,153)
r(27,13,3,153)
w(246,8,3,153)
w(60,4,3,153)
r(134,11,3,153)
w(65,7,3,153)
r(252,2,3,153)
r(274,8,3,153)
r(156,14,3,153)
r(298,6,3,153)
r(310,7,3,153)
r(14,4,3,153)
w(65,4,3,153)
w(10,4,3,153)
r(171,6,3,153)
r(224,2,3,153)
w(129,8,3,153)
w(34,9,3,153)
r(279,14,3,153)
r(110,4,4,154)
w(339,7,4,154)
w(182,4,4,154)
w(136,6,4,154)
r(325,3,4,154)
w(65,5,4,154)
w(197,14,4,154)
w(239,4,4,154)
w(302,9,4,154)
w(253,4,4,154)
r(91,6,4,154)
r(271,8,4,154)
r(353,7,4,154)
r(182,4,4,154)
w(225,14,4,154)
w(250,9,4,154)
r(133,8,4,154)
r(250,9,4,154)
w(294,7,4,154)
r(306,6,4,154)
w(302,5,5,155)
r(81,9,5,155)
w(34,13,5,155)
r(340,5,5,155)
r(182,4,5,155)
r(14,4,5,155)
w(177,8,5,155)
w(178,11,5,155)
w(301,5,5,155)
r(341,5,5,155)
r(125,6,5,155)
w(348,4,5,155)
r(67,3,5,155)
w(138,4,5,155)
r(114,7,5,155)
r(86,6,5,155)
w(345,5,5,155)
w(282,6,5,155)
r(37,4,5,155)
w(257,10,5,155)
r(168,4,6,156)
r(228,7,6,156)
r(58,9,6,156)
r(92,10,6,156)
r(286,6,6,156)
r(110,4,6,156)
w(159,12,6,156)
w(248,9,6,156)
r(146,4,6,156)
w(345,14,6,156)
w(174,10,6,156)
r(48,7,6,156)
r(292,2,6,156)
w(307,4,6,156)
w(167,10,6,156)
w(76,10,6,156)
r(139,6,6,156)
r(196,3,6,156)
r(107,8,6,156)
w(210,14,6,156)
w(60,8,1,157)
r(155,3,1,157)
r(45,6,1,157)
r(263,2,1,157)
w(176,2,1,157)
r(149,5,1,157)
w(28,2,1,157)
r(36,8,1,157)
r(172,9,1,157)
w(228,8,1,157)
w(152,2,1,157)
w(356,8,1,157)
r(144,4,1,157)
r(295,14,1,157)
r(336,3,1,157)
r(180,7,1,157)
w(70,8,1,157)
w(1,3,1,157)
r(192,9,1,157)
r(271,8,1,157)
r(134,8,2,158)
r(107,8,2,158)
r(121,9,2,158)
w(156,8,2,158)
w(64,8,2,158)
w(100,3,2,158)
r(167,7,2,158)
r(295,10,2,158)
r(233,9,2,158)
r(24,4,2,158)
r(348,2,2,158)
w(61,4,2,158)
r(286,6,2,158)
r(80,3,2,158)
w(348,3,2,158)
w(216,8,2,158)
w(157,3,2,158)
r(353,7,2,158)
w(4,3,2,158)
w(327,3,2,158)
w(164,4,3,159)
r(184,6,3,159)
r(242,10,3,159)
w(250,7,3,159)
r(198,6,3,159)
w(197,4,3,159)
r(289,8,3,159)
w(17,4,3,159)
w(234,3,3,159)
w(67,3,3,159)
r(15,4,3,159)
w(228,7,3,159)
r(75,8,3,159)
r(261,9,3,159)
r(182,12,3,159)
w(155,7,3,159)
w(237,6,3,159)
w(204,4,3,159)
r(264,9,3,159)
r(69,12,3,159)
r(32,14,4,160)
w(131,6,4,160)
w(217,5,4,160)
w(109,6,4,160)
w(30,8,4,160)
r(328,6,4,160)
w(28,9,4,160)
r(196,3,4,160)
w(81,9,4,160)
r(71,9,4,160)
r(128,10,4,160)
w(94,9,4,160)
w(170,7,4,160)
w(104,5,4,160)
r(15,4,4,160)
w(156,5,4,160)
w(145,10,4,160)
r(193,7,4,160)
w(228,4,4,160)
r(34,9,4,160)
r(282,6,5,161)
w(96,7,5,161)
w(253,10,5,161)
w(63,4,5,161)
r(14,4,5,161)
r(18,7,5,161)
r(32,14,5,161)
r(64,9,5,161)
r(244,2,5,161)
r(21,7,5,161)
r(55,14,5,161)
w(320,7,5,161)
w(141,10,5,161)
w(16,9,5,161)
r(148,5,5,161)
w(260,4,5,161)
w(41,4,5,161)
w(63,9,5,161)
r(57,14,5,161)
w(54,3,5,161)
w(254,12,6,162)
r(151,3,6,162)
r(121,9,6,162)
r(9,3,6,162)
w(154,14,6,162)
w(30,5,6,162)
w(341,5,6,162)
w(165,10,6,162)
r(82,5,6,162)
r(245,10,6,162)
r(239,4,6,162)
r(6,8,6,162)
w(250,10,6,162)
r(178,4,6,162)
r(264,9,6,162)
r(63,3,6,162)
w(96,4,6,162)
r(215,3,6,162)
w(270,4,6,162)
r(106,5,6,162)
w(314,2,1,163)
w(255,2,1,163)
r(139,6,1,163)
w(171,2,1,163)
w(305,8,1,163)
w(52,3,1,163)
w(52,8,1,163)
r(231,3,1,163)
r(290,6,1,163)
w(230,2,1,163)
w(185,6,1,163)
w(55,2,1,163)
r(173,10,1,163)
r(359,3,1,163)
r(138,4,1,163)
w(290,8,1,163)
r(100,3,1,163)
r(332,8,1,163)
r(330,7,1,163)
w(204,8,1,163)
w(36,8,2,164)
w(69,8,2,164)
r(48,7,2,164)
r(235,5,2,164)
w(155,3,2,164)
r(317,2,2,164)
r(17,4,2,164)
r(16,2,2,164)
r(299,3,2,164)
w(159,8,2,164)
r(175,3,2,164)
r(77,4,2,164)
r(185,9,2,164)
r(117,9,2,164)
w(172,7,2,164)
r(217,8,2,164)
w(300,6,2,164)
w(74,3,2,164)
w(343,3,2,164)
r(160,7,2,164)
r(102,3,3,165)
w(178,4,3,165)
w(24,8,3,165)
r(40,7,3,165)
r(261,9,3,165)
w(290,6,3,165)
w(181,3,3,165)
w(22,4,3,165)
w(122,8,3,165)
r(31,3,3,165)
r(340,8,3,165)
w(87,9,3,165)
w(45,6,3,165)
r(288,6,3,165)
w(259,6,3,165)
r(42,7,3,165)
w(334,8,3,165)
w(11,8,3,165)
r(143,8,3,165)
r(196,3,3,165)
w(248,8,4,166)
r(289,8,4,166)
w(141,7,4,166)
r(40,7,4,166)
r(359,14,4,166)
r(35,6,4,166)
r(63,3,4,166)
w(79,9,4,166)
r(252,8,4,166)
r(2,2,4,166)
w(239,9,4,166)
r(266,6,4,166)
r(255,9,4,166)
r(76,10,4,166)
r(356,4,4,166)
r(337,4,4,166)
r(145,10,4,166)
w(190,7,4,166)
w(258,4,4,166)
w(227,7,4,166)
w(238,12,5,167)
w(256,4,5,167)
w(171,4,5,167)
r(46,13,5,167)
r(192,9,5,167)
r(174,14,5,167)
w(123,7,5,167)
r(198,6,5,167)
w(75,5,5,167)
r(103,3,5,167)
r(128,10,5,167)
w(242,5,5,167)
r(146,4,5,167)
r(68,8,5,167)
w(357,4,5,167)
w(2,4,5,167)
r(242,5,5,167)
w(68,7,5,167)
w(67,6,5,167)
r(178,11,5,167)
w(75,10,6,168)
r(346,10,6,168)
r(77,4,6,168)
r(58,9,6,168)
w(83,12,6,168)
w(101,12,6,168)
w(277,15,6,168)
r(41,3,6,168)
w(212,7,6,168)
r(189,6,6,168)
r(177,1,6,168)
w(22,5,6,168)
r(280,8,6,168)
r(326,3,6,168)
r(156,5,6,168)
r(163,13,6,168)
w(30,10,6,168)
r(77,4,6,168)
r(350,2,6,168)
r(80,12,6,168)
r(353,7,1,169)
r(313,3,1,169)
r(307,4,1,169)
r(65,5,1,169)
r(225,14,1,169)
r(127,7,1,169)
r(288,6,1,169)
w(234,2,1,169)
w(292,3,1,169)
w(56,3,1,169)
r(186,7,1,169)
w(152,3,1,169)
r(176,2,1,169)
r(175,5,1,169)
w(183,2,1,169)
r(241,7,1,169)
w(191,2,1,169)
r(57,14,1,169)
r(282,6,1,169)
w(153,8,1,169)
r(168,4,2,170)
r(286,6,2,170)
w(74,8,2,170)
w(347,3,2,170)
w(337,2,2,170)
r(65,5,2,170)
w(241,7,2,170)
r(167,5,2,170)
w(359,3,2,170)
r(48,7,2,170)
r(310,7,2,170)
w(41,3,2,170)
w(191,6,2,170)
w(287,4,2,170)
w(124,6,2,170)
w(253,8,2,170)
w(278,2,2,170)
r(360,1,2,170)
w(194,8,2,170)
r(4,3,2,170)
r(137,4,3,171)
r(55,14,3,171)
w(236,6,3,171)
w(205,7,3,171)
w(172,9,3,171)
r(296,2,3,171)
w(127,7,3,171)
r(359,3,3,171)
r(211,9,3,171)
w(95,4,3,171)
w(274,9,3,171)
r(196,3,3,171)
w(331,8,3,171)
w(27,4,3,171)
w(201,6,3,171)
r(33,3,3,171)
w(162,6,3,171)
r(153,3,3,171)
r(154,5,3,171)
w(188,4,3,171)
r(261,9,4,172)
w(203,7,4,172)
r(147,4,4,172)
w(314,7,4,172)
w(104,10,4,172)
w(207,14,4,172)
w(277,9,4,172)
w(154,4,4,172)
w(51,7,4,172)
r(338,8,4,172)
r(352,3,4,172)
w(93,7,4,172)
r(62,2,4,172)
r(256,10,4,172)
w(24,9,4,172)
r(27,4,4,172)
r(329,6,4,172)
w(188,14,4,172)
r(142,7,4,172)
r(342,13,4,172)
r(77,4,5,173)
r(52,8,5,173)
w(191,4,5,173)
w(114,4,5,173)
w(113,5,5,173)
w(86,10,5,173)
r(267,6,5,173)
r(242,5,5,173)
w(295,12,5,173)
w(205,14,5,173)
r(325,3,5,173)
r(200,8,5,173)
r(291,4,5,173)
w(246,9,5,173)
r(266,6,5,173)
r(43,8,5,173)
w(221,5,5,173)
w(208,4,5,173)
r(296,2,5,173)
w(25,14,5,173)
r(39,6,6,174)
r(142,7,6,174)
w(129,5,6,174)
w(23,4,6,174)
r(290,6,6,174)
r(332,8,6,174)
w(249,9,6,174)
w(64,9,6,174)
w(3,10,6,174)
r(323,2,6,174)
r(171,6,6,174)
w(174,14,6,174)
r(329,6,6,174)
w(281,10,6,174)
w(333,9,6,174)
w(15,10,6,174)
w(210,12,6,174)
w(291,7,6,174)
r(252,8,6,174)
w(269,10,6,174)
r(229,8,1,175)
w(191,3,1,175)
w(123,2,1,175)
w(128,8,1,175)
w(247,6,1,175)
r(49,4,1,175)
r(331,6,1,175)
r(7,6,1,175)
r(157,3,1,175)
r(119,7,1,175)
r(329,6,1,175)
w(39,2,1,175)
r(138,4,1,175)
w(27,3,1,175)
r(243,5,1,175)
r(171,4,1,175)
w(87,8,1,175)
r(6,8,1,175)
r(7,6,1,175)
r(68,7,1,175)
r(340,5,2,176)
r(131,6,2,176)
w(42,3,2,176)
w(52,4,2,176)
w(135,8,2,176)
w(277,3,2,176)
w(235,8,2,176)
w(263,8,2,176)
r(231,3,2,176)
r(216,8,2,176)
w(117,2,2,176)
w(106,8,2,176)
r(18,7,2,176)
w(349,8,2,176)
r(345,5,2,176)
r(169,5,2,176)
r(296,2,2,176)
r(196,7,2,176)
w(327,8,2,176)
r(75,10,2,176)
w(246,6,3,177)
w(311,5,3,177)
w(267,6,3,177)
w(80,6,3,177)
w(101,7,3,177)
w(136,8,3,177)
r(157,3,3,177)
r(7,6,3,177)
w(331,6,3,177)
w(110,6,3,177)
w(239,6,3,177)
r(208,8,3,177)
w(43,8,3,177)
w(130,3,3,177)
w(83,7,3,177)
r(279,14,3,177)
w(236,7,3,177)
w(123,8,3,177)
r(42,7,3,177)
w(196,7,3,177)
w(61,13,4,178)
w(333,6,4,178)
r(63,9,4,178)
r(216,8,4,178)
r(80,6,4,178)
w(41,6,4,178)
r(103,3,4,178)
r(244,2,4,178)
r(18,7,4,178)
r(275,10,4,178)
w(115,9,4,178)
w(257,9,4,178)
w(30,6,4,178)
r(344,14,4,178)
w(204,9,4,178)
r(239,6,4,178)
r(271,8,4,178)
w(69,9,4,178)
r(275,10,4,178)
w(242,8,4,178)
r(40,3,5,179)
w(37,9,5,179)
r(161,4,5,179)
w(346,12,5,179)
w(332,5,5,179)
w(102,7,5,179)
r(292,3,5,179)
r(358,7,5,179)
r(294,9,5,179)
w(236,10,5,179)
w(101,5,5,179)
r(288,6,5,179)
w(14,12,5,179)
r(155,4,5,179)
w(168,7,5,179)
w(128,4,5,179)
r(283,9,5,179)
r(324,3,5,179)
r(344,7,5,179)
w(146,9,5,179)
w(35,5,6,180)
w(318,8,6,180)
w(141,13,6,180)
w(244,9,6,180)
w(310,10,6,180)
w(201,14,6,180)
w(272,5,6,180)
w(110,9,6,180)
w(291,4,6,180)
r(321,3,6,180)
r(31,3,6,180)
w(212,4,6,180)
r(167,5,6,180)
r(355,8,6,180)
r(254,12,6,180)
r(131,6,6,180)
r(358,7,6,180)
r(121,9,6,180)
w(131,5,6,180)
w(348,9,6,180)
w(194,2,1,181)
w(303,8,1,181)
w(268,2,1,181)
r(97,2,1,181)
w(211,3,1,181)
w(178,3,1,181)
r(29,8,1,181)
w(82,2,1,181)
r(68,7,1,181)
w(265,2,1,181)
w(238,8,1,181)
w(86,3,1,181)
w(252,3,1,181)
w(332,6,1,181)
r(269,10,1,181)
w(294,3,1,181)
r(118,2,1,181)
r(299,3,1,181)
r(41,6,1,181)
w(254,3,1,181)
w(344,7,2,182)
w(183,3,2,182)
r(217,5,2,182)
w(146,8,2,182)
r(350,2,2,182)
w(346,3,2,182)
w(216,6,2,182)
w(273,2,2,182)
r(110,6,2,182)
r(115,9,2,182)
w(14,6,2,182)
w(12,8,2,182)
w(134,9,2,182)
w(91,3,2,182)
w(33,7,2,182)
w(29,8,2,182)
w(219,4,2,182)
r(137,4,2,182)
r(255,2,2,182)
w(317,3,2,182)
r(282,6,3,183)
w(182,6,3,183)
w(221,3,3,183)
r(118,2,3,183)
w(16,6,3,183)
w(352,10,3,183)
w(251,6,3,183)
w(196,4,3,183)
w(4,6,3,183)
r(316,7,3,183)
r(81,9,3,183)
w(250,4,3,183)
r(270,4,3,183)
w(293,8,3,183)
w(249,4,3,183)
w(28,6,3,183)
w(256,8,3,183)
w(245,7,3,183)
w(80,7,3,183)
r(308,8,3,183)
w(273,7,4,184)
r(259,5,4,184)
w(178,5,4,184)
w(136,7,4,184)
r(270,4,4,184)
w(91,8,4,184)
r(3,10,4,184)
w(164,9,4,184)
w(332,7,4,184)
r(90,6,4,184)
w(38,7,4,184)
r(312,7,4,184)
r(155,3,4,184)
w(355,3,4,184)
r(156,5,4,184)
w(335,4,4,184)
r(63,9,4,184)
r(205,7,4,184)
w(20,6,4,184)
r(195,6,4,184)
r(179,5,5,185)
r(171,4,5,185)
r(303,8,5,185)
w(300,5,5,185)
r(279,14,5,185)
w(32,5,5,185)
r(170,7,5,185)
w(91,7,5,185)
r(128,4,5,185)
r(209,6,5,185)
r(189,14,5,185)
w(332,10,5,185)
w(311,13,5,185)
w(256,9,5,185)
w(78,9,5,185)
w(277,10,5,185)
r(328,6,5,185)
r(82,2,5,185)
w(8,4,5,185)
r(79,9,5,185)
r(45,6,6,186)
r(10,3,6,186)
r(44,3,6,186)
w(218,9,6,186)
w(278,7,6,186)
r(326,3,6,186)
r(280,8,6,186)
r(49,4,6,186)
w(201,12,6,186)
w(84,9,6,186)
r(158,5,6,186)
r(63,9,6,186)
r(229,8,6,186)
r(323,4,6,186)
w(230,4,6,186)
r(280,8,6,186)
r(73,9,6,186)
w(189,14,6,186)
w(258,9,6,186)
w(15,14,6,186)
w(264,3,1,187)
r(276,3,1,187)
r(100,3,1,187)
w(296,3,1,187)
w(101,3,1,187)
w(312,8,1,187)
w(154,8,1,187)
w(21,2,1,187)
r(242,5,1,187)
w(69,2,1,187)
r(120,4,1,187)
r(24,10,1,187)
r(217,9,1,187)
w(245,3,1,187)
w(8,2,1,187)
w(207,3,1,187)
w(141,8,1,187)
w(79,2,1,187)
r(286,6,1,187)
w(232,8,1,187)
w(324,3,2,188)
w(99,8,2,188)
w(162,8,2,188)
r(148,5,2,188)
r(234,2,2,188)
r(335,4,2,188)
r(251,6,2,188)
w(178,8,2,188)
w(87,4,2,188)
r(250,4,2,188)
r(144,4,2,188)
r(81,9,2,188)
r(132,7,2,188)
w(190,2,2,188)
r(151,3,2,188)
w(39,8,2,188)
r(147,4,2,188)
r(122,8,2,188)
r(77,4,2,188)
r(334,8,2,188)
r(309,5,3,189)
r(53,2,3,189)
w(96,3,3,189)
r(147,4,3,189)
w(268,4,3,189)
r(281,10,3,189)
r(13,12,3,189)
r(9,3,3,189)
w(208,7,3,189)
w(25,7,3,189)
r(247,8,3,189)
w(262,10,3,189)
r(245,7,3,189)
w(155,4,3,189)
r(122,8,3,189)
w(199,7,3,189)
r(15,10,3,189)
w(202,7,3,189)
w(323,4,3,189)
w(196,9,3,189)
r(91,8,4,190)
w(183,7,4,190)
r(4,6,4,190)
r(296,2,4,190)
r(297,3,4,190)
w(293,7,4,190)
r(321,3,4,190)
w(329,10,4,190)
r(15,14,4,190)
r(207,14,4,190)
w(218,6,4,190)
r(298,6,4,190)
w(24,5,4,190)
w(142,4,4,190)
r(62,2,4,190)
r(267,6,4,190)
r(35,5,4,190)
w(17,10,4,190)
w(174,9,4,190)
w(273,4,4,190)
r(105,3,5,191)
w(114,9,5,191)
w(128,9,5,191)
r(329,10,5,191)
w(56,9,5,191)
r(344,7,5,191)
r(298,3,5,191)
w(226,10,5,191)
w(56,5,5,191)
r(276,3,5,191)
r(273,4,5,191)
r(352,8,5,191)
r(330,10,5,191)
w(120,5,5,191)
r(222,9,5,191)
r(89,14,5,191)
r(246,9,5,191)
r(244,9,5,191)
r(346,12,5,191)
r(85,5,5,191)
r(118,2,6,192)
w(27,15,6,192)
w(247,11,6,192)
w(330,10,6,192)
r(331,6,6,192)
r(196,9,6,192)
r(257,9,6,192)
r(142,4,6,192)
r(54,3,6,192)
w(101,13,6,192)
w(4,7,6,192)
w(216,13,6,192)
r(287,4,6,192)
r(214,8,6,192)
r(160,4,6,192)
r(314,6,6,192)
w(174,12,6,192)
r(223,6,6,192)
w(174,13,6,192)
w(197,17,6,192)
r(2,4,1,193)
r(81,6,1,193)
r(348,9,1,193)
r(56,3,1,193)
w(347,2,1,193)
r(301,5,1,193)
r(56,3,1,193)
r(277,10,1,193)
r(200,8,1,193)
r(40,3,1,193)
r(244,9,1,193)
r(58,9,1,193)
r(356,8,1,193)
r(78,9,1,193)
r(12,4,1,193)
r(26,9,1,193)
w(205,3,1,193)
w(334,2,1,193)
w(352,8,1,193)
r(172,9,1,193)
r(151,3,2,194)
r(215,3,2,194)
r(360,1,2,194)
w(215,8,2,194)
r(126,2,2,194)
r(278,7,2,194)
w(255,8,2,194)
w(108,8,2,194)
r(79,9,2,194)
r(37,4,2,194)
w(15,8,2,194)
w(232,6,2,194)
w(259,8,2,194)
r(89,14,2,194)
w(70,7,2,194)
w(95,2,2,194)
r(145,10,2,194)
r(168,4,2,194)
w(266,7,2,194)
r(88,3,2,194)
w(166,6,3,195)
w(185,14,3,195)
w(81,6,3,195)
w(262,14,3,195)
w(266,4,3,195)
r(262,14,3,195)
r(319,9,3,195)
w(106,10,3,195)
w(217,9,3,195)
w(25,4,3,195)
r(95,4,3,195)
w(275,6,3,195)
r(83,7,3,195)
r(291,4,3,195)
w(165,8,3,195)
r(57,14,3,195)
r(346,3,3,195)
r(214,8,3,195)
r(262,14,3,195)
w(93,8,3,195)
r(322,8,4,196)
w(78,7,4,196)
r(58,9,4,196)
r(280,8,4,196)
w(165,7,4,196)
r(347,3,4,196)
r(295,12,4,196)
w(232,9,4,196)
w(210,10,4,196)
r(41,6,4,196)
w(296,14,4,196)
r(176,2,4,196)
r(248,8,4,196)
r(326,3,4,196)
w(154,9,4,196)
w(203,4,4,196)
r(242,5,4,196)
w(69,5,4,196)
w(263,7,4,196)
w(206,7,4,196)
r(41,6,5,197)
r(243,5,5,197)
w(53,10,5,197)
r(319,6,5,197)
r(47,2,5,197)
w(64,4,5,197)
w(106,12,5,197)
r(347,6,5,197)
r(120,5,5,197)
r(282,6,5,197)
w(280,12,5,197)
w(248,7,5,197)
w(48,4,5,197)
w(121,10,5,197)
w(282,7,5,197)
w(42,10,5,197)
r(270,4,5,197)
r(351,3,5,197)
r(102,7,5,197)
r(9,3,5,197)
r(35,5,6,198)
r(183,8,6,198)
w(256,14,6,198)
r(112,2,6,198)
r(35,5,6,198)
r(69,2,6,198)
r(145,8,6,198)
w(145,12,6,198)
r(235,2,6,198)
w(357,5,6,198)
r(138,6,6,198)
r(189,4,6,198)
r(55,9,6,198)
r(81,6,6,198)
w(78,10,6,198)
r(52,8,6,198)
r(253,6,6,198)
w(224,10,6,198)
r(209,6,6,198)
r(334,3,6,198)
w(287,3,1,199)
r(310,10,1,199)
w(235,2,1,199)
r(230,3,1,199)
w(191,8,1,199)
r(170,7,1,199)
w(157,2,1,199)
w(247,7,1,199)
w(154,6,1,199)
w(180,2,1,199)
w(294,8,1,199)
r(99,8,1,199)
r(229,8,1,199)
r(306,6,1,199)
r(5,8,1,199)
r(167,4,1,199)
w(276,2,1,199)
r(296,3,1,199)
r(168,3,1,199)
w(164,3,1,199)
r(96,3,2,200)
r(330,7,2,200)
r(176,2,2,200)
r(360,1,2,200)
w(291,2,2,200)
r(324,3,2,200)
r(85,7,2,200)
w(13,4,2,200)
w(251,3,2,200)
w(29,6,2,200)
w(213,2,2,200)
w(18,4,2,200)
w(327,6,2,200)
w(281,6,2,200)
w(4,8,2,200)
w(230,3,2,200)
w(183,8,2,200)
r(263,7,2,200)
r(137,4,2,200)
r(92,5,2,200)
r(100,3,3,201)
w(74,9,3,201)
r(337,2,3,201)
r(204,8,3,201)
r(231,3,3,201)
r(155,4,3,201)
w(319,6,3,201)
w(225,4,3,201)
w(69,4,3,201)
w(254,7,3,201)
w(260,3,3,201)
r(287,4,3,201)
r(313,3,3,201)
r(238,12,3,201)
r(238,12,3,201)
w(314,6,3,201)
w(190,8,3,201)
w(37,6,3,201)
w(110,7,3,201)
r(51,7,3,201)
r(12,8,4,202)
r(35,5,4,202)
r(225,4,4,202)
w(139,8,4,202)
r(230,4,4,202)
w(69,10,4,202)
w(30,7,4,202)
r(317,3,4,202)
w(163,14,4,202)
w(298,3,4,202)
w(350,9,4,202)
w(59,7,4,202)
w(103,6,4,202)
w(93,4,4,202)
r(38,7,4,202)
w(333,7,4,202)
w(175,4,4,202)
w(138,6,4,202)
r(105,3,4,202)
w(24,10,4,202)
w(262,13,5,203)
w(330,5,5,203)
r(291,2,5,203)
w(284,6,5,203)
w(226,14,5,203)
w(311,15,5,203)
w(91,4,5,203)
w(45,9,5,203)
r(320,7,5,203)
w(359,5,5,203)
r(10,3,5,203)
r(276,2,5,203)
r(212,4,5,203)
w(66,3,5,203)
w(263,4,5,203)
w(342,14,5,203)
w(304,8,5,203)
w(288,7,5,203)
w(53,14,5,203)
w(54,8,5,203)
r(21,3,6,204)
r(275,7,6,204)
w(53,13,6,204)
w(216,11,6,204)
w(200,5,6,204)
w(142,10,6,204)
r(47,2,6,204)
r(338,6,6,204)
w(2,10,6,204)
w(317,9,6,204)
r(291,2,6,204)
r(151,6,6,204)
w(195,5,6,204)
r(99,6,6,204)
w(323,13,6,204)
r(303,8,6,204)
r(29,6,6,204)
w(356,10,6,204)
w(308,6,6,204)
w(85,14,6,204)
r(128,9,1,205)
r(265,2,1,205)
w(315,2,1,205)
r(96,3,1,205)
r(186,7,1,205)
r(138,6,1,205)
w(121,3,1,205)
w(169,3,1,205)
w(335,2,1,205)
w(180,3,1,205)
w(302,8,1,205)
r(124,6,1,205)
w(17,8,1,205)
w(281,2,1,205)
w(85,3,1,205)
r(168,3,1,205)
w(264,8,1,205)
r(89,14,1,205)
w(97,3,1,205)
w(167,6,1,205)
r(78,9,2,206)
r(343,3,2,206)
w(279,6,2,206)
w(193,3,2,206)
r(218,6,2,206)
w(190,3,2,206)
r(281,6,2,206)
r(117,2,2,206)
w(206,8,2,206)
w(198,7,2,206)
w(145,8,2,206)
w(220,3,2,206)
r(169,5,2,206)
r(346,12,2,206)
w(70,4,2,206)
r(281,6,2,206)
r(302,5,2,206)
r(96,3,2,206)
w(238,6,2,206)
r(233,7,2,206)
w(285,3,3,207)
w(55,9,3,207)
r(120,4,3,207)
w(126,6,3,207)
w(179,6,3,207)
w(359,7,3,207)
w(129,6,3,207)
r(253,10,3,207)
r(32,5,3,207)
r(280,8,3,207)
w(70,9,3,207)
r(319,6,3,207)
r(72,4,3,207)
w(161,3,3,207)
w(357,6,3,207)
r(167,5,3,207)
w(53,4,3,207)
w(321,4,3,207)
r(146,9,3,207)
w(342,7,3,207)
r(54,3,4,208)
r(16,6,4,208)
r(341,5,4,208)
w(140,7,4,208)
r(354,2,4,208)
w(103,7,4,208)
w(338,10,4,208)
r(99,8,4,208)
w(12,4,4,208)
r(261,9,4,208)
r(195,6,4,208)
r(301,5,4,208)
r(153,8,4,208)
w(242,6,4,208)
w(167,4,4,208)
w(207,12,4,208)
r(171,4,4,208)
w(333,4,4,208)
r(3,10,4,208)
r(188,14,4,208)
w(260,9,5,209)
w(349,14,5,209)
r(52,8,5,209)
r(148,5,5,209)
w(13,14,5,209)
r(131,5,5,209)
w(20,4,5,209)
w(243,4,5,209)
r(123,2,5,209)
w(120,10,5,209)
r(339,7,5,209)
r(176,2,5,209)
r(65,5,5,209)
r(4,7,5,209)
w(170,12,5,209)
r(263,6,5,209)
w(59,4,5,209)
r(50,3,5,209)
r(320,7,5,209)
r(209,6,5,209)
r(288,7,6,210)
w(124,5,6,210)
w(129,10,6,210)
r(217,3,6,210)
w(231,6,6,210)
r(345,6,6,210)
r(312,6,6,210)
r(267,6,6,210)
w(201,13,6,210)
w(284,7,6,210)
r(166,6,6,210)
w(346,17,6,210)
w(12,14,6,210)
w(81,15,6,210)
w(355,4,6,210)
w(47,12,6,210)
w(139,4,6,210)
r(223,6,6,210)
w(288,5,6,210)
w(93,14,6,210)
r(324,3,1,211)
w(204,6,1,211)
w(350,3,1,211)
w(118,3,1,211)
w(24,2,1,211)
w(89,8,1,211)
r(260,6,1,211)
w(357,8,1,211)
w(205,8,1,211)
w(299,8,1,211)
w(16,3,1,211)
r(226,10,1,211)
w(329,3,1,211)
r(301,9,1,211)
r(159,9,1,211)
r(190,4,1,211)
w(323,3,1,211)
w(19,6,1,211)
r(303,8,1,211)
r(103,7,1,211)
w(237,3,2,212)
w(106,6,2,212)
r(89,14,2,212)
r(45,6,2,212)
w(150,7,2,212)
w(90,3,2,212)
w(240,3,2,212)
w(92,8,2,212)
w(155,8,2,212)
w(156,6,2,212)
r(93,4,2,212)
w(36,6,2,212)
r(204,8,2,212)
r(354,2,2,212)
w(53,7,2,212)
w(253,6,2,212)
r(107,8,2,212)
w(337,3,2,212)
r(272,5,2,212)
r(210,10,2,212)
w(152,4,3,213)
r(235,8,3,213)
w(182,7,3,213)
w(266,9,3,213)
w(341,7,3,213)
r(332,10,3,213)
w(171,3,3,213)
r(14,12,3,213)
w(168,3,3,213)
r(307,4,3,213)
r(119,7,3,213)
r(282,6,3,213)
w(151,6,3,213)
r(262,14,3,213)
r(259,8,3,213)
r(284,2,3,213)
r(265,2,3,213)
w(77,2,3,213)
w(189,4,3,213)
r(124,6,3,213)
r(164,9,4,214)
w(301,9,4,214)
w(30,4,4,214)
w(57,9,4,214)
r(117,2,4,214)
w(115,5,4,214)
r(311,13,4,214)
w(28,5,4,214)
w(85,5,4,214)
w(140,4,4,214)
w(197,12,4,214)
w(75,4,4,214)
r(147,4,4,214)
w(190,4,4,214)
r(181,3,4,214)
r(54,3,4,214)
r(191,3,4,214)
r(143,8,4,214)
r(150,10,4,214)
w(311,14,4,214)
r(39,2,5,215)
r(152,4,5,215)
w(196,10,5,215)
r(340,5,5,215)
r(316,7,5,215)
r(91,4,5,215)
w(32,10,5,215)
w(261,10,5,215)
r(269,10,5,215)
w(142,9,5,215)
r(199,4,5,215)
w(209,5,5,215)
r(226,14,5,215)
r(305,8,5,215)
r(34,8,5,215)
r(312,8,5,215)
r(51,7,5,215)
r(250,4,5,215)
w(197,11,5,215)
w(188,15,5,215)
r(45,4,6,216)
w(293,9,6,216)
w(117,5,6,216)
w(331,5,6,216)
r(268,2,6,216)
w(308,7,6,216)
r(283,9,6,216)
r(325,3,6,216)
w(287,10,6,216)
r(323,13,6,216)
w(270,5,6,216)
r(187,8,6,216)
r(237,3,6,216)
r(314,3,6,216)
w(232,11,6,216)
w(30,14,6,216)
w(359,13,6,216)
r(299,6,6,216)
w(93,12,6,216)
w(207,11,6,216)
w(262,8,1,217)
r(159,9,1,217)
w(266,2,1,217)
r(154,7,1,217)
w(79,3,1,217)
w(319,3,1,217)
w(217,3,1,217)
w(255,3,1,217)
r(349,14,1,217)
r(83,7,1,217)
w(53,3,1,217)
w(5,3,1,217)
w(66,2,1,217)
w(34,8,1,217)
w(179,2,1,217)
r(48,4,1,217)
w(201,2,1,217)
w(262,6,1,217)
w(352,6,1,217)
r(229,8,1,217)
r(211,3,2,218)
w(99,6,2,218)
r(208,4,2,218)
w(63,8,2,218)
r(199,7,2,218)
w(352,4,2,218)
r(356,8,2,218)
w(147,8,2,218)
w(134,5,2,218)
w(329,7,2,218)
r(248,8,2,218)
r(334,2,2,218)
w(113,8,2,218)
w(154,7,2,218)
w(143,6,2,218)
w(309,3,2,218)
w(281,7,2,218)
w(334,3,2,218)
w(215,6,2,218)
r(95,2,2,218)
w(333,3,3,219)
w(14,5,3,219)
w(12,7,3,219)
r(125,6,3,219)
r(91,7,3,219)
r(90,3,3,219)
w(177,2,3,219)
r(223,6,3,219)
r(2,4,3,219)
r(271,8,3,219)
w(225,9,3,219)
r(102,7,3,219)
w(246,7,3,219)
w(122,6,3,219)
r(265,2,3,219)
w(278,8,3,219)
w(293,6,3,219)
r(156,6,3,219)
w(296,6,3,219)
w(275,7,3,219)
r(293,7,4,220)
w(260,6,4,220)
r(324,3,4,220)
w(347,6,4,220)
r(7,6,4,220)
r(322,8,4,220)
r(8,2,4,220)
r(229,8,4,220)
r(164,3,4,220)
w(57,5,4,220)
r(237,3,4,220)
w(256,6,4,220)
w(311,12,4,220)
w(346,6,4,220)
r(65,5,4,220)
r(29,6,4,220)
w(220,6,4,220)
r(54,3,4,220)
r(67,6,4,220)
w(42,5,4,220)
w(71,5,5,221)
r(216,11,5,221)
r(52,8,5,221)
r(54,8,5,221)
r(80,7,5,221)
r(228,8,5,221)
w(165,4,5,221)
w(47,5,5,221)
r(36,6,5,221)
w(116,14,5,221)
w(87,14,5,221)
r(192,9,5,221)
w(88,10,5,221)
r(269,10,5,221)
r(214,8,5,221)
r(214,8,5,221)
w(59,9,5,221)
r(261,10,5,221)
r(344,7,5,221)
r(256,14,5,221)
r(131,4,6,222)
r(93,12,6,222)
w(304,5,6,222)
w(153,4,6,222)
w(42,14,6,222)
w(324,4,6,222)
w(177,6,6,222)
r(334,4,6,222)
r(349,14,6,222)
w(208,5,6,222)
r(79,8,6,222)
r(246,2,6,222)
r(166,6,6,222)
r(114,9,6,222)
w(327,5,6,222)
r(326,3,6,222)
w(153,9,6,222)
w(130,6,6,222)
w(118,7,6,222)
r(98,6,6,222)
w(305,6,1,223)
r(200,5,1,223)
w(87,6,1,223)
w(229,2,1,223)
r(156,6,1,223)
w(8,3,1,223)
r(313,3,1,223)
r(70,4,1,223)
r(87,6,1,223)
r(61,13,1,223)
r(216,11,1,223)
r(248,6,1,223)
r(174,13,1,223)
w(309,2,1,223)
w(314,3,1,223)
r(106,12,1,223)
w(156,2,1,223)
w(174,2,1,223)
r(124,6,1,223)
r(141,8,1,223)
r(112,2,2,224)
r(251,3,2,224)
r(140,4,2,224)
w(345,6,2,224)
w(199,3,2,224)
w(100,8,2,224)
w(338,6,2,224)
w(263,6,2,224)
r(143,6,2,224)
r(228,8,2,224)
w(280,9,2,224)
r(230,3,2,224)
r(151,6,2,224)
r(348,9,2,224)
r(151,6,2,224)
r(224,10,2,224)
w(21,3,2,224)
w(255,6,2,224)
w(352,9,2,224)
r(134,5,2,224)
r(353,7,3,225)
r(279,6,3,225)
r(20,4,3,225)
r(149,5,3,225)
r(59,4,3,225)
r(212,4,3,225)
w(199,4,3,225)
r(80,7,3,225)
r(160,4,3,225)
r(199,4,3,225)
r(94,9,3,225)
w(56,7,3,225)
r(60,8,3,225)
r(181,3,3,225)
r(21,3,3,225)
r(70,4,3,225)
r(339,7,3,225)
w(245,4,3,225)
w(225,5,3,225)
w(23,2,3,225)
w(159,9,4,226)
r(169,3,4,226)
w(126,4,4,226)
r(254,3,4,226)
w(118,8,4,226)
r(220,6,4,226)
r(60,8,4,226)
r(346,6,4,226)
r(37,6,4,226)
r(341,7,4,226)
w(43,6,4,226)
w(352,14,4,226)
w(100,7,4,226)
r(322,8,4,226)
r(238,6,4,226)
w(118,6,4,226)
r(174,13,4,226)
w(95,5,4,226)
w(232,5,4,226)
r(36,6,4,226)
w(55,13,5,227)
w(346,13,5,227)
w(304,6,5,227)
w(200,9,5,227)
r(64,4,5,227)
w(276,10,5,227)
r(121,8,5,227)
r(156,3,5,227)
w(69,13,5,227)
w(289,4,5,227)
w(171,9,5,227)
r(121,8,5,227)
r(289,4,5,227)
r(117,8,5,227)
r(175,4,5,227)
w(334,4,5,227)
w(131,4,5,227)
r(194,2,5,227)
r(222,7,5,227)
r(254,3,5,227)
w(224,14,6,228)
r(49,4,6,228)
w(298,4,6,228)
r(324,4,6,228)
w(346,16,6,228)
r(51,3,6,228)
w(244,5,6,228)
w(140,5,6,228)
r(218,6,6,228)
w(309,10,6,228)
w(21,9,6,228)
r(11,8,6,228)
r(323,13,6,228)
r(144,4,6,228)
w(328,7,6,228)
w(9,10,6,228)
r(166,6,6,228)
r(17,9,6,228)
w(310,14,6,228)
w(137,10,6,228)
r(344,7,1,229)
w(15,3,1,229)
w(223,8,1,229)
r(66,2,1,229)
w(207,8,1,229)
w(79,8,1,229)
r(41,6,1,229)
w(306,3,1,229)
w(207,6,1,229)
w(156,3,1,229)
w(52,6,1,229)
r(298,3,1,229)
w(33,8,1,229)
w(209,2,1,229)
r(65,5,1,229)
r(263,6,1,229)
w(266,3,1,229)
w(320,2,1,229)
w(192,2,1,229)
w(3,8,1,229)
w(116,3,2,230)
r(338,6,2,230)
r(191,8,2,230)
w(145,6,2,230)
w(224,8,2,230)
r(199,3,2,230)
w(57,6,2,230)
r(153,8,2,230)
r(199,3,2,230)
w(310,6,2,230)
w(19,9,2,230)
r(332,10,2,230)
w(164,8,2,230)
r(335,2,2,230)
r(135,8,2,230)
w(239,3,2,230)
w(42,8,2,230)
r(208,4,2,230)
r(317,9,2,230)
w(182,3,2,230)
w(24,6,3,231)
w(331,7,3,231)
w(148,6,3,231)
r(106,12,3,231)
r(223,6,3,231)
r(122,6,3,231)
w(28,7,3,231)
r(188,15,3,231)
w(235,7,3,231)
r(186,7,3,231)
w(290,7,3,231)
w(9,9,3,231)
r(17,8,3,231)
w(260,8,3,231)
w(176,7,3,231)
r(343,3,3,231)
w(17,9,3,231)
w(92,6,3,231)
r(156,6,3,231)
r(48,4,3,231)
w(161,8,4,232)
w(270,8,4,232)
w(1,9,4,232)
r(122,6,4,232)
r(142,4,4,232)
w(242,7,4,232)
w(248,6,4,232)
w(299,5,4,232)
r(75,4,4,232)
w(205,5,4,232)
r(1,9,4,232)
w(187,8,4,232)
r(213,2,4,232)
r(342,14,4,232)
w(23,6,4,232)
r(287,3,4,232)
r(320,7,4,232)
w(261,5,4,232)
w(87,5,4,232)
r(6,8,4,232)
w(108,9,5,233)
r(221,5,5,233)
r(86,3,5,233)
r(40,3,5,233)
w(165,9,5,233)
r(250,4,5,233)
r(294,4,5,233)
r(158,4,5,233)
r(194,2,5,233)
w(187,6,5,233)
r(135,8,5,233)
r(205,4,5,233)
w(295,13,5,233)
r(69,13,5,233)
r(245,4,5,233)
w(164,5,5,233)
r(6,3,5,233)
r(91,4,5,233)
r(139,4,5,233)
w(221,10,5,233)
w(334,10,6,234)
w(66,6,6,234)
r(236,4,6,234)
r(299,6,6,234)
r(100,8,6,234)
r(290,7,6,234)
w(128,14,6,234)
w(343,5,6,234)
w(272,10,6,234)
w(209,12,6,234)
r(299,6,6,234)
w(125,7,6,234)
r(237,3,6,234)
r(245,4,6,234)
r(217,3,6,234)
r(39,2,6,234)
r(195,3,6,234)
r(88,2,6,234)
r(195,3,6,234)
r(20,4,6,234)
r(208,4,1,235)
w(301,8,1,235)
w(286,2,1,235)
w(246,2,1,235)
r(44,3,1,235)
w(122,2,1,235)
r(41,6,1,235)
w(121,8,1,235)
r(186,7,1,235)
w(94,2,1,235)
w(112,3,1,235)
r(120,10,1,235)
w(99,2,1,235)
r(74,9,1,235)
w(80,8,1,235)
r(345,6,1,235)
w(85,8,1,235)
w(224,3,1,235)
w(124,2,1,235)
w(352,7,1,235)
w(52,9,2,236)
r(299,5,2,236)
w(277,8,2,236)
w(60,7,2,236)
r(51,7,2,236)
w(107,2,2,236)
w(198,4,2,236)
w(299,6,2,236)
w(312,6,2,236)
w(51,3,2,236)
r(41,6,2,236)
r(125,6,2,236)
w(8,8,2,236)
r(90,3,2,236)
r(144,4,2,236)
w(311,6,2,236)
r(319,4,2,236)
r(277,8,2,236)
w(146,6,2,236)
w(176,6,2,236)
w(27,9,3,237)
r(78,10,3,237)
w(62,3,3,237)
w(224,7,3,237)
r(106,12,3,237)
r(321,4,3,237)
w(300,4,3,237)
w(276,7,3,237)
w(145,7,3,237)
w(42,4,3,237)
r(337,3,3,237)
w(77,3,3,237)
r(193,3,3,237)
r(18,4,3,237)
w(338,7,3,237)
r(91,4,3,237)
w(89,4,3,237)
w(47,6,3,237)
r(187,8,3,237)
r(64,4,3,237)
r(2,10,4,238)
r(251,3,4,238)
w(319,4,4,238)
r(22,5,4,238)
r(327,6,4,238)
r(176,2,4,238)
w(226,5,4,238)
r(47,2,4,238)
r(320,7,4,238)
w(336,7,4,238)
w(195,9,4,238)
w(347,7,4,238)
r(25,4,4,238)
r(185,14,4,238)
r(336,7,4,238)
w(294,4,4,238)
w(81,10,4,238)
w(27,10,4,238)
w(303,7,4,238)
w(270,6,4,238)
w(271,13,5,239)
r(228,8,5,239)
r(45,4,5,239)
r(85,8,5,239)
r(121,8,5,239)
w(208,9,5,239)
r(109,6,5,239)
r(75,9,5,239)
r(178,3,5,239)
r(311,6,5,239)
w(46,15,5,239)
r(34,8,5,239)
r(157,2,5,239)
r(252,3,5,239)
w(257,14,5,239)
r(330,4,5,239)
r(9,9,5,239)
w(15,5,5,239)
w(209,10,5,239)
w(130,8,5,239)
r(181,3,6,240)
w(247,17,6,240)
r(278,8,6,240)
r(218,6,6,240)
w(338,15,6,240)
w(269,14,6,240)
w(351,7,6,240)
r(109,6,6,240)
w(102,9,6,240)
w(319,5,6,240)
w(235,14,6,240)
r(269,14,6,240)
w(3,12,6,240)
w(275,14,6,240)
r(97,3,6,240)
w(40,13,6,240)
r(119,8,6,240)
w(168,9,6,240)
r(352,7,6,240)
r(113,8,6,240)
w(279,2,1,241)
r(349,14,1,241)
w(88,2,1,241)
w(155,2,1,241)
w(124,3,1,241)
r(231,6,1,241)
w(195,3,1,241)
w(84,2,1,241)
r(229,2,1,241)
r(130,3,1,241)
w(87,7,1,241)
w(300,8,1,241)
r(273,4,1,241)
w(340,2,1,241)
r(335,2,1,241)
r(250,4,1,241)
w(336,2,1,241)
r(229,2,1,241)
w(168,2,1,241)
r(232,5,1,241)
r(114,9,2,242)
w(273,3,2,242)
r(14,5,2,242)
r(164,8,2,242)
r(69,2,2,242)
w(138,8,2,242)
w(192,6,2,242)
w(205,4,3,243)
r(311,6,3,243)
r(216,11,3,243)
r(309,2,3,243)
w(18,9,3,243)
r(143,4,3,243)
w(214,3,3,243)
w(201,7,3,243)
r(97,3,3,243)
w(103,8,3,243)
r(158,7,3,243)
r(273,4,3,243)
w(267,7,3,243)
r(181,3,3,243)
r(81,14,3,243)
w(286,4,3,243)
w(286,9,3,243)
r(197,11,3,243)
w(348,6,3,243)
r(295,9,3,243)
w(58,6,4,244)
w(117,8,4,244)
r(36,6,4,244)
w(199,9,4,244)
r(131,5,4,244)
r(253,6,4,244)
w(6,3,4,244)
r(314,3,4,244)
w(330,4,4,244)
r(123,2,4,244)
r(183,8,4,244)
r(333,3,4,244)
w(13,5,4,244)
w(125,3,4,244)
r(102,7,4,244)
r(220,6,4,244)
r(272,5,4,244)
r(36,6,4,244)
w(286,5,4,244)
w(310,5,4,244)
w(56,10,5,245)
w(101,10,5,245)
r(335,2,5,245)
r(56,10,5,245)
w(139,7,5,245)
w(260,5,5,245)
r(275,7,5,245)
w(314,5,5,245)
w(91,9,5,245)
r(118,7,5,245)
w(215,5,5,245)
w(89,10,5,245)
r(164,5,5,245)
r(156,3,5,245)
w(212,6,5,245)
r(103,8,5,245)
r(223,8,5,245)
r(214,3,5,245)
r(242,7,5,245)
w(350,10,5,245)
w(261,8,2,246)
r(284,7,2,246)
r(25,4,2,246)
w(133,3,2,246)
r(209,4,2,246)
w(244,8,2,246)
r(303,7,2,246)
r(45,4,2,246)
w(116,8,2,246)
r(199,9,2,246)
r(125,3,2,246)
w(115,6,2,246)
r(351,3,2,246)
r(56,7,2,246)
w(283,8,2,246)
r(257,9,2,246)
w(48,2,2,246)
w(172,4,2,246)
r(89,4,2,246)
r(314,3,2,246)
r(231,6,3,247)
w(108,6,3,247)
w(308,2,3,247)
r(175,4,3,247)
r(249,4,3,247)
r(309,2,3,247)
w(297,8,3,247)
r(2,10,3,247)
w(247,9,3,247)
w(202,4,3,247)
w(207,9,3,247)
w(320,3,3,247)
w(186,8,3,247)
w(350,7,3,247)
r(340,2,3,247)
w(171,8,3,247)
r(342,14,3,247)
w(141,6,3,247)
w(104,4,3,247)
w(116,9,3,247)
r(57,6,4,248)
r(26,9,4,248)
r(267,6,4,248)
w(339,4,4,248)
r(219,4,4,248)
w(128,7,4,248)
r(55,9,4,248)
r(73,9,4,248)
w(23,7,4,248)
r(215,6,4,248)
w(192,7,4,248)
w(150,9,4,248)
w(235,4,4,248)
r(99,6,4,248)
r(102,7,4,248)
r(189,4,4,248)
w(148,4,4,248)
w(279,10,4,248)
r(54,8,4,248)
w(209,4,4,248)
r(216,11,2,249)
r(239,3,2,249)
w(268,8,2,249)
w(25,8,2,249)
r(135,8,2,249)
w(243,6,2,249)
w(159,6,2,249)
r(80,8,2,249)
w(194,6,2,249)
w(13,9,2,249)
r(101,13,2,249)
r(35,5,2,249)
w(350,8,2,249)
r(94,2,2,249)
w(119,8,2,249)
w(311,7,2,249)
r(6,3,2,249)
r(170,4,2,249)
w(350,6,2,249)
w(10,8,2,249)
w(300,9,3,250)
r(202,4,3,250)
w(168,8,3,250)
r(193,3,3,250)
r(162,8,3,250)
w(157,8,3,250)
w(196,5,3,250)
r(225,5,3,250)
w(236,4,3,250)
w(64,6,3,250)
r(327,5,3,250)
r(221,10,3,250)
r(27,9,3,250)
r(49,4,3,250)
r(246,2,3,250)
r(193,3,3,250)
w(135,7,3,250)
r(127,9,3,250)
w(53,9,3,250)
r(162,8,3,250)
w(81,14,4,251)
w(295,9,4,251)
w(45,4,4,251)
w(340,4,4,251)
w(256,7,4,251)
w(222,7,4,251)
w(170,4,4,251)
w(143,4,4,251)
r(321,4,4,251)
w(158,7,4,251)
w(28,10,4,251)
r(50,3,4,251)
w(88,9,4,251)
w(247,10,4,251)
r(37,6,4,251)
w(47,9,4,251)
w(75,9,4,251)
w(269,9,4,251)
w(322,7,4,251)
w(83,9,4,251)
w(82,9,3,252)
r(36,6,3,252)
w(52,5,3,252)
r(108,6,3,252)
r(47,9,3,252)
w(213,8,3,252)
r(29,6,3,252)
w(111,8,3,252)
r(135,7,3,252)
w(289,6,3,252)
w(307,8,3,252)
r(293,9,3,252)
w(5,6,3,252)
w(83,4,3,252)
w(42,9,3,252)
w(104,9,3,252)
r(175,4,3,252)
r(324,4,3,252)
w(265,8,3,252)
r(190,4,3,252)
r(352,7,4,253)
w(58,7,4,253)
w(83,5,4,253)
w(53,5,4,253)
r(197,11,4,253)
w(77,6,4,253)
w(238,5,4,253)
r(335,2,4,253)
w(158,4,4,253)
w(253,9,4,253)
w(220,7,4,253)
w(98,6,4,253)
w(203,9,4,253)
w(167,9,4,253)
r(225,5,4,253)
r(237,3,4,253)
r(130,3,4,253)
w(127,9,4,253)
w(267,4,4,253)
r(265,2,4,253)
r(360,1,3,254)
r(106,12,3,254)
r(319,4,3,254)
r(171,8,3,254)
w(187,3,3,254)
r(321,4,3,254)
r(278,8,3,254)
w(16,7,3,254)
r(10,8,3,254)
r(315,2,3,254)
r(196,5,3,254)
w(92,7,3,254)
r(267,4,3,254)
w(211,6,3,254)
r(318,8,3,254)
r(352,7,3,254)
r(113,8,3,254)
w(37,7,3,254)
r(133,3,3,254)
w(88,7,3,254)
