w(5,1,0,0)
w(3,1,0,1)
r(2,0,0,2)
w(11,1,0,3)
w(11,2,0,4)
r(9,9,0,5)
r(3,1,0,6)
r(10,9,0,7)
r(1,0,0,8)
r(9,9,0,9)
w(13,1,0,10)
w(1,1,0,11)
r(1,1,0,12)
w(7,1,0,13)
w(10,1,0,14)
w(10,2,0,15)
w(10,3,0,16)
w(10,4,0,17)
w(10,5,0,18)
w(12,1,0,19)
r(11,9,0,20)
r(13,16,0,21)
w(6,1,0,22)
w(8,1,0,23)
r(14,2,0,24)
w(2,1,0,25)
w(4,1,0,26)
r(3,15,0,27)
w(1,2,0,28)
w(6,2,0,29)
w(0,1,0,30)
r(3,15,0,31)
r(0,1,0,32)
r(1,2,0,33)
w(7,2,0,34)
w(5,2,0,35)
w(13,2,0,36)
w(12,2,0,37)
w(2,2,0,38)
w(8,2,0,39)
w(8,3,0,40)
w(2,3,0,41)
r(5,10,0,42)
r(11,23,0,43)
r(11,23,0,44)
w(4,2,0,45)
r(10,17,0,46)
r(3,16,0,47)
r(6,17,0,48)
r(3,16,0,49)
r(13,8,0,50)
r(6,17,0,51)
w(1,3,0,52)
r(14,13,0,53)
r(13,8,0,54)
r(9,12,0,55)
r(8,7,0,56)
r(9,13,0,57)
r(14,13,0,58)
r(2,9,0,59)
r(8,7,0,60)
r(13,8,0,61)
w(3,2,0,62)
r(9,14,0,63)
r(14,3,0,64)
r(0,9,0,65)
w(0,2,0,66)
w(0,3,0,67)
w(6,3,0,68)
w(9,1,0,69)
w(4,3,0,70)
w(11,4,0,71)
w(10,6,0,72)
w(1,4,0,73)
w(11,5,0,74)
w(3,3,0,75)
w(9,2,0,76)
r(11,18,0,77)
r(2,16,0,78)
r(5,7,0,79)
r(12,9,0,80)
r(10,6,0,81)
r(1,4,0,82)
r(2,16,0,83)
w(8,4,0,84)
r(12,9,0,85)
w(2,4,0,86)
w(2,5,0,87)
r(12,9,0,88)
w(8,5,0,89)
w(13,3,0,90)
r(14,6,0,91)
r(0,11,0,92)
r(10,6,0,93)
r(10,6,0,94)
r(11,18,0,95)
w(11,6,0,96)
r(7,16,0,97)
r(7,16,0,98)
w(0,4,0,99)
r(2,5,0,100)
w(10,7,0,101)
r(9,16,0,102)
r(14,6,0,103)
w(5,3,0,104)
r(3,12,0,105)
r(9,16,0,106)
r(14,6,0,107)
r(2,5,0,108)
r(5,3,0,109)
w(13,4,0,110)
w(3,4,0,111)
r(7,18,0,112)
w(1,5,0,113)
w(4,4,0,114)
r(12,15,0,115)
r(2,21,0,116)
r(11,11,0,117)
w(5,4,0,118)
w(0,5,0,119)
r(5,4,0,120)
w(13,5,0,121)
w(6,4,0,122)
w(3,5,0,123)
w(6,5,0,124)
w(14,1,0,125)
r(12,15,0,126)
r(6,5,0,127)
r(14,1,0,128)
w(8,6,0,129)
r(5,14,0,130)
r(7,10,0,131)
r(8,6,0,132)
r(3,14,0,133)
r(9,6,0,134)
r(1,16,0,135)
r(4,12,0,136)
w(11,7,0,137)
r(11,13,0,138)
r(0,23,0,139)
w(11,8,0,140)
w(12,3,0,141)
r(5,14,0,142)
w(13,6,0,143)
w(6,6,0,144)
w(2,6,0,145)
w(10,8,0,146)
w(0,6,0,147)
w(0,7,1,148)
r(0,16,1,149)
r(8,0,1,150)
r(6,0,1,151)
r(4,0,1,152)
w(10,9,1,153)
r(11,2,1,154)
r(2,0,1,155)
w(4,5,1,156)
w(7,4,1,157)
r(8,0,1,158)
w(13,7,1,159)
r(2,0,1,160)
w(0,8,1,161)
w(12,4,1,162)
w(9,3,1,163)
r(5,1,1,164)
r(2,11,1,165)
w(11,9,1,166)
r(13,16,1,167)
r(13,16,1,168)
w(14,2,1,169)
r(12,1,1,170)
r(2,11,1,171)
r(5,1,1,172)
w(2,7,1,173)
r(2,7,1,174)
r(6,1,1,175)
w(7,5,1,176)
w(5,5,1,177)
r(12,1,1,178)
r(13,16,1,179)
r(1,1,1,180)
w(7,6,1,181)
w(11,10,1,182)
w(12,5,1,183)
r(13,16,1,184)
w(4,6,1,185)
r(14,11,1,186)
r(0,1,1,187)
r(2,12,1,188)
r(6,10,1,189)
w(12,6,1,190)
r(10,17,1,191)
r(2,13,1,192)
w(4,7,1,193)
w(2,8,1,194)
r(6,10,1,195)
r(5,10,1,196)
r(8,13,1,197)
w(9,4,1,198)
r(11,22,1,199)
w(7,7,1,200)
r(13,2,1,201)
r(11,23,1,202)
w(13,8,1,203)
r(8,3,1,204)
w(8,7,1,205)
w(2,9,1,206)
w(12,7,1,207)
r(0,17,1,208)
r(9,12,1,209)
w(7,8,1,210)
w(9,5,1,211)
w(0,9,1,212)
r(13,8,1,213)
w(14,3,1,214)
r(1,10,1,215)
r(14,3,1,216)
w(12,8,1,217)
r(13,8,1,218)
w(2,10,1,219)
w(13,9,1,220)
w(12,9,1,221)
w(5,6,1,222)
w(3,6,1,223)
r(14,3,1,224)
r(6,3,1,225)
w(0,10,1,226)
r(9,1,1,227)
w(4,8,1,228)
r(1,4,1,229)
r(14,3,1,230)
w(5,7,1,231)
w(6,7,1,232)
w(4,9,1,233)
r(9,2,1,234)
w(14,4,1,235)
w(1,6,1,236)
w(4,10,1,237)
r(3,11,1,238)
r(10,6,1,239)
w(13,10,1,240)
w(0,11,1,241)
r(9,2,1,242)
w(4,11,1,243)
w(11,11,1,244)
w(10,10,1,245)
w(0,12,1,246)
r(8,5,1,247)
w(6,8,1,248)
r(8,5,1,249)
w(3,7,1,250)
w(7,9,1,251)
r(9,16,1,252)
w(11,12,1,253)
r(8,5,1,254)
w(1,7,1,255)
r(8,5,1,256)
r(1,7,1,257)
r(0,5,1,258)
w(8,8,1,259)
w(0,13,1,260)
r(8,8,1,261)
w(9,6,1,262)
r(1,7,1,263)
w(0,14,1,264)
w(7,10,1,265)
w(0,15,1,266)
w(8,9,1,267)
w(10,11,1,268)
r(10,11,1,269)
r(9,6,1,270)
r(12,15,1,271)
w(4,12,1,272)
r(8,6,1,273)
r(10,11,1,274)
w(11,13,1,275)
w(7,11,1,276)
r(12,14,1,277)
r(7,11,1,278)
w(13,11,1,279)
w(3,8,1,280)
w(12,10,1,281)
w(3,9,1,282)
r(4,26,1,283)
r(7,11,1,284)
w(8,10,1,285)
w(5,8,1,286)
w(12,11,1,287)
w(8,11,1,288)
r(1,12,1,289)
r(12,11,1,290)
r(13,19,1,291)
r(11,8,1,292)
r(0,6,1,293)
w(4,13,1,294)
w(9,7,1,295)
r(13,19,1,296)
r(8,11,1,297)
r(6,0,2,298)
r(7,0,2,299)
w(0,16,2,300)
r(13,0,2,301)
r(7,0,2,302)
w(12,12,2,303)
r(12,12,2,304)
r(7,0,2,305)
r(5,1,2,306)
r(6,0,2,307)
w(11,14,2,308)
w(11,15,2,309)
w(8,12,2,310)
r(12,12,2,311)
r(2,0,2,312)
r(8,12,2,313)
r(1,1,2,314)
r(7,1,2,315)
w(4,14,2,316)
w(2,11,2,317)
w(6,9,2,318)
r(10,4,2,319)
r(0,8,2,320)
r(3,15,2,321)
w(10,12,2,322)
r(8,12,2,323)
r(2,11,2,324)
r(13,16,2,325)
r(6,1,2,326)
w(5,9,2,327)
r(6,1,2,328)
r(7,6,2,329)
r(1,2,2,330)
w(6,10,2,331)
w(2,12,2,332)
w(2,13,2,333)
r(5,2,2,334)
r(7,2,2,335)
w(7,12,2,336)
r(11,21,2,337)
w(5,10,2,338)
r(2,8,2,339)
r(12,2,2,340)
w(0,17,2,341)
w(11,16,2,342)
w(7,13,2,343)
w(1,8,2,344)
w(2,14,2,345)
w(1,9,2,346)
r(8,7,2,347)
r(8,7,2,348)
r(11,23,2,349)
w(6,11,2,350)
r(13,8,2,351)
w(1,10,2,352)
r(3,16,2,353)
r(10,17,2,354)
r(7,8,2,355)
w(4,15,2,356)
w(6,12,2,357)
r(10,17,2,358)
r(3,2,2,359)
r(14,13,2,360)
w(6,13,2,361)
r(14,3,2,362)
w(5,11,2,363)
w(9,8,2,364)
w(10,13,2,365)
w(2,16,2,366)
w(13,12,2,367)
r(12,9,2,368)
r(0,3,2,369)
r(0,3,2,370)
w(1,11,2,371)
w(7,14,2,372)
r(6,3,2,373)
w(11,17,2,374)
w(3,10,2,375)
r(0,10,2,376)
w(11,18,2,377)
w(7,15,2,378)
r(8,7,2,379)
w(3,11,2,380)
r(5,7,2,381)
r(14,4,2,382)
w(13,13,2,383)
r(1,6,2,384)
w(14,6,2,385)
r(12,9,2,386)
r(2,5,2,387)
r(0,19,2,388)
r(3,11,2,389)
r(12,9,2,390)
w(3,12,2,391)
r(7,23,2,392)
w(4,16,2,393)
w(7,16,2,394)
w(5,12,2,395)
r(1,6,2,396)
r(2,5,2,397)
r(0,4,2,398)
r(8,5,2,399)
r(9,16,2,400)
r(11,11,2,401)
w(7,17,2,402)
w(6,14,2,403)
w(12,13,2,404)
r(1,6,2,405)
w(7,18,2,406)
w(6,15,2,407)
r(1,6,2,408)
w(14,7,2,409)
r(13,4,2,410)
r(0,20,2,411)
w(7,19,2,412)
r(4,4,2,413)
w(2,17,2,414)
w(4,17,2,415)
w(4,18,2,416)
w(14,8,2,417)
w(2,18,2,418)
r(0,13,2,419)
w(14,9,2,420)
w(10,14,2,421)
r(9,6,2,422)
w(0,18,2,423)
r(1,7,2,424)
w(3,13,2,425)
w(5,13,2,426)
w(5,14,2,427)
r(1,16,2,428)
r(11,12,2,429)
r(9,6,2,430)
r(4,25,2,431)
w(3,14,2,432)
r(3,14,2,433)
r(7,10,2,434)
w(11,19,2,435)
w(1,12,2,436)
r(12,15,2,437)
w(12,14,2,438)
w(13,14,2,439)
r(8,6,2,440)
r(10,11,2,441)
r(9,6,2,442)
r(4,26,2,443)
r(10,11,2,444)
w(13,15,2,445)
r(11,0,3,446)
r(9,0,3,447)
r(0,7,3,448)
w(10,15,3,449)
w(9,9,3,450)
r(1,0,3,451)
r(2,0,3,452)
w(11,20,3,453)
w(6,16,3,454)
w(10,16,3,455)
w(3,15,3,456)
r(6,16,3,457)
r(12,4,3,458)
w(7,20,3,459)
w(13,16,3,460)
w(14,10,3,461)
w(10,17,3,462)
w(2,19,3,463)
w(14,11,3,464)
r(12,1,3,465)
w(4,19,3,466)
r(7,6,3,467)
w(9,10,3,468)
w(11,21,3,469)
w(13,17,3,470)
w(8,13,3,471)
r(5,2,3,472)
r(6,10,3,473)
w(9,11,3,474)
w(11,22,3,475)
w(6,17,3,476)
w(11,23,3,477)
r(7,13,3,478)
r(12,2,3,479)
r(3,15,3,480)
r(6,17,3,481)
w(14,12,3,482)
w(3,16,3,483)
r(4,7,3,484)
w(4,20,3,485)
w(1,13,3,486)
r(1,13,3,487)
w(14,13,3,488)
r(11,23,3,489)
r(7,13,3,490)
r(14,13,3,491)
r(8,7,3,492)
w(9,12,3,493)
r(4,2,3,494)
w(9,13,3,495)
r(5,10,3,496)
w(9,14,3,497)
r(6,12,3,498)
r(3,2,3,499)
r(11,23,3,500)
r(3,2,3,501)
r(14,3,3,502)
r(6,13,3,503)
w(9,15,3,504)
w(7,21,3,505)
r(11,23,3,506)
r(12,8,3,507)
r(11,23,3,508)
w(2,20,3,509)
r(8,7,3,510)
r(6,3,3,511)
r(6,3,3,512)
w(1,14,3,513)
r(4,15,3,514)
r(3,2,3,515)
r(6,3,3,516)
w(11,24,3,517)
r(0,3,3,518)
r(12,9,3,519)
r(11,4,3,520)
w(1,15,3,521)
w(6,18,3,522)
r(0,10,3,523)
r(4,8,3,524)
w(4,21,3,525)
r(14,3,3,526)
w(7,22,3,527)
r(8,7,3,528)
w(3,17,3,529)
w(4,22,3,530)
w(0,19,3,531)
w(7,23,3,532)
w(5,15,3,533)
w(6,19,3,534)
w(6,20,3,535)
w(9,16,3,536)
w(7,24,3,537)
r(13,3,3,538)
w(0,20,3,539)
r(7,17,3,540)
w(13,18,3,541)
r(8,5,3,542)
w(10,18,3,543)
r(7,18,3,544)
r(14,6,3,545)
r(11,11,3,546)
r(9,16,3,547)
r(14,6,3,548)
w(4,23,3,549)
r(10,18,3,550)
w(2,21,3,551)
w(12,15,3,552)
w(6,21,3,553)
w(7,25,3,554)
r(1,5,3,555)
w(10,19,3,556)
w(10,20,3,557)
r(4,18,3,558)
r(6,4,3,559)
r(1,7,3,560)
w(4,24,3,561)
w(2,22,3,562)
r(7,25,3,563)
r(9,6,3,564)
r(0,14,3,565)
r(0,18,3,566)
w(1,16,3,567)
r(9,6,3,568)
w(4,25,3,569)
r(1,16,3,570)
r(12,15,3,571)
w(0,21,3,572)
w(14,14,3,573)
r(6,5,3,574)
r(1,16,3,575)
r(1,16,3,576)
w(0,22,3,577)
r(4,12,3,578)
r(7,10,3,579)
r(12,15,3,580)
w(14,15,3,581)
w(0,23,3,582)
r(0,23,3,583)
r(6,5,3,584)
w(4,26,3,585)
w(6,22,3,586)
r(0,23,3,587)
w(0,24,3,588)
r(1,12,3,589)
r(10,11,3,590)
w(13,19,3,591)
r(2,22,3,592)
r(14,15,3,593)
w(12,16,3,594)
w(7,26,3,595)
