r(0,0,0,0)
r(13,0,0,1)
w(13,1,0,2)
w(0,1,0,3)
r(2,0,0,4)
r(6,0,0,5)
r(7,14,0,6)
r(4,0,0,7)
w(4,1,0,8)
r(7,9,0,9)
r(2,0,0,10)
w(7,1,0,11)
r(11,14,0,12)
w(1,1,0,13)
r(10,2,0,14)
w(7,2,0,15)
w(5,1,0,16)
r(1,21,0,17)
r(9,4,0,18)
w(8,1,0,19)
r(11,14,0,20)
w(3,1,0,21)
r(5,1,0,22)
w(4,2,0,23)
w(2,1,0,24)
w(6,1,0,25)
w(7,3,0,26)
r(8,4,0,27)
w(13,2,0,28)
r(10,4,0,29)
w(11,1,0,30)
w(0,2,0,31)
r(7,22,0,32)
w(6,2,0,33)
w(12,1,0,34)
w(13,3,0,35)
r(8,6,0,36)
w(3,2,0,37)
r(9,5,0,38)
r(3,2,0,39)
r(14,14,0,40)
r(0,13,0,41)
w(14,1,0,42)
r(10,11,0,43)
w(0,3,0,44)
w(9,1,0,45)
r(9,1,0,46)
w(1,2,0,47)
r(3,7,0,48)
r(2,12,0,49)
r(11,7,0,50)
w(14,2,0,51)
w(5,2,0,52)
w(1,3,0,53)
r(2,13,0,54)
w(8,2,0,55)
r(6,4,0,56)
w(7,4,0,57)
w(13,4,0,58)
r(14,2,0,59)
r(14,2,0,60)
w(4,3,0,61)
w(5,3,0,62)
r(9,1,0,63)
w(1,4,0,64)
r(4,3,0,65)
r(7,23,0,66)
w(2,2,0,67)
r(9,6,0,68)
w(3,3,0,69)
r(9,6,0,70)
w(7,5,0,71)
r(6,10,0,72)
w(5,4,0,73)
r(0,18,0,74)
r(11,20,0,75)
r(2,2,0,76)
w(2,3,0,77)
r(3,3,0,78)
r(0,18,0,79)
r(1,23,0,80)
w(11,2,0,81)
w(14,3,0,82)
w(1,5,0,83)
r(6,13,0,84)
w(1,6,0,85)
w(4,4,0,86)
r(9,8,0,87)
r(11,28,0,88)
r(8,2,0,89)
r(6,13,0,90)
w(7,6,0,91)
r(12,6,0,92)
r(12,6,0,93)
w(7,7,0,94)
w(2,4,0,95)
w(5,5,0,96)
r(12,14,0,97)
w(1,7,0,98)
w(12,2,0,99)
r(2,7,0,100)
r(13,4,0,101)
w(4,5,0,102)
w(9,2,0,103)
w(8,3,0,104)
r(2,7,0,105)
w(9,3,0,106)
w(0,4,0,107)
w(3,4,0,108)
r(14,21,0,109)
w(13,5,0,110)
w(11,3,0,111)
w(5,6,0,112)
r(9,15,0,113)
r(2,9,0,114)
w(11,4,0,115)
r(7,19,0,116)
r(7,19,0,117)
w(3,5,0,118)
r(13,5,0,119)
r(6,5,0,120)
r(2,16,0,121)
r(6,5,0,122)
w(5,7,0,123)
w(12,4,0,124)
r(2,21,0,125)
r(0,22,0,126)
w(14,4,0,127)
r(3,5,0,128)
r(11,12,0,129)
r(5,7,0,130)
w(14,5,0,131)
r(12,4,0,132)
r(13,20,0,133)
r(6,5,0,134)
r(1,18,0,135)
w(0,5,0,136)
w(5,8,0,137)
r(5,8,0,138)
r(1,19,0,139)
w(10,1,0,140)
w(11,5,0,141)
r(12,17,0,142)
r(12,17,0,143)
r(2,22,0,144)
r(7,26,0,145)
w(7,8,0,146)
w(1,8,0,147)
r(3,5,0,148)
r(7,0,1,149)
r(7,14,1,150)
r(13,1,1,151)
w(7,9,1,152)
w(10,2,1,153)
r(5,0,1,154)
r(2,0,1,155)
w(14,6,1,156)
r(7,15,1,157)
w(2,5,1,158)
r(13,1,1,159)
w(9,4,1,160)
r(14,6,1,161)
w(3,6,1,162)
w(10,3,1,163)
w(10,4,1,164)
w(8,4,1,165)
w(0,6,1,166)
r(14,18,1,167)
w(8,5,1,168)
w(6,3,1,169)
r(5,15,1,170)
w(1,9,1,171)
r(4,2,1,172)
w(0,7,1,173)
w(8,6,1,174)
w(9,5,1,175)
w(11,6,1,176)
r(3,2,1,177)
r(3,2,1,178)
w(3,7,1,179)
w(1,10,1,180)
r(11,6,1,181)
r(1,10,1,182)
w(14,7,1,183)
w(14,8,1,184)
w(11,7,1,185)
r(8,13,1,186)
r(10,9,1,187)
r(14,19,1,188)
w(7,10,1,189)
w(8,7,1,190)
r(1,2,1,191)
r(10,9,1,192)
r(13,10,1,193)
w(0,8,1,194)
r(10,9,1,195)
r(7,10,1,196)
r(2,13,1,197)
w(6,4,1,198)
r(8,2,1,199)
r(9,1,1,200)
w(2,6,1,201)
r(2,6,1,202)
w(5,9,1,203)
w(3,8,1,204)
r(12,11,1,205)
r(7,4,1,206)
w(9,6,1,207)
w(0,9,1,208)
w(4,6,1,209)
w(12,5,1,210)
w(11,8,1,211)
r(11,20,1,212)
r(5,4,1,213)
w(5,10,1,214)
w(5,11,1,215)
r(13,4,1,216)
r(7,24,1,217)
r(8,2,1,218)
r(2,3,1,219)
r(13,4,1,220)
r(14,3,1,221)
r(12,13,1,222)
w(12,6,1,223)
w(3,9,1,224)
w(5,12,1,225)
r(4,4,1,226)
r(0,15,1,227)
r(10,12,1,228)
r(14,3,1,229)
w(11,9,1,230)
w(7,12,1,231)
r(6,13,1,232)
r(12,14,1,233)
r(13,4,1,234)
w(14,9,1,235)
r(13,4,1,236)
r(6,13,1,237)
r(8,14,1,238)
r(12,15,1,239)
w(0,10,1,240)
w(2,7,1,241)
r(4,17,1,242)
w(11,10,1,243)
w(8,8,1,244)
r(10,13,1,245)
w(0,11,1,246)
w(4,7,1,247)
w(3,10,1,248)
w(12,7,1,249)
w(2,8,1,250)
w(2,9,1,251)
w(11,11,1,252)
w(14,10,1,253)
w(6,5,1,254)
w(12,8,1,255)
r(14,10,1,256)
r(12,8,1,257)
w(7,13,1,258)
r(13,5,1,259)
w(10,5,1,260)
r(9,15,1,261)
w(11,12,1,262)
w(5,13,1,263)
r(1,18,1,264)
r(10,5,1,265)
w(9,7,1,266)
w(5,14,1,267)
r(11,22,1,268)
w(0,12,1,269)
r(0,12,1,270)
w(1,11,1,271)
r(12,17,1,272)
r(14,5,1,273)
w(6,6,1,274)
r(13,13,1,275)
w(13,6,1,276)
r(14,5,1,277)
r(12,17,1,278)
w(1,12,1,279)
r(7,8,1,280)
w(13,7,1,281)
r(11,24,1,282)
r(9,16,1,283)
r(3,5,1,284)
w(10,6,1,285)
w(3,11,1,286)
w(13,8,1,287)
w(11,13,1,288)
r(1,8,1,289)
w(13,9,1,290)
r(1,8,1,291)
w(3,12,1,292)
r(10,10,1,293)
w(12,9,1,294)
r(6,11,1,295)
w(14,11,1,296)
w(7,14,2,297)
w(10,7,2,298)
r(14,0,2,299)
w(6,7,2,300)
w(11,14,2,301)
r(12,0,2,302)
w(7,15,2,303)
r(10,2,2,304)
w(10,8,2,305)
r(6,12,2,306)
w(7,16,2,307)
w(12,10,2,308)
r(9,4,2,309)
r(14,6,2,310)
w(11,15,2,311)
r(9,4,2,312)
w(5,15,2,313)
w(3,13,2,314)
w(14,12,2,315)
w(1,13,2,316)
w(2,11,2,317)
w(14,13,2,318)
r(1,9,2,319)
r(4,2,2,320)
w(2,12,2,321)
w(14,14,2,322)
w(6,8,2,323)
r(4,2,2,324)
w(0,13,2,325)
r(4,2,2,326)
w(13,10,2,327)
r(8,6,2,328)
w(10,9,2,329)
r(14,7,2,330)
w(5,16,2,331)
r(6,8,2,332)
w(12,11,2,333)
w(2,13,2,334)
r(8,13,2,335)
r(8,7,2,336)
r(10,9,2,337)
w(8,9,2,338)
w(11,17,2,339)
w(2,14,2,340)
r(0,8,2,341)
w(11,18,2,342)
r(12,11,2,343)
w(11,19,2,344)
r(0,8,2,345)
r(1,4,2,346)
r(14,20,2,347)
w(6,9,2,348)
w(6,10,2,349)
r(1,4,2,350)
r(14,20,2,351)
r(4,6,2,352)
w(11,20,2,353)
r(8,2,2,354)
r(4,6,2,355)
w(4,8,2,356)
w(9,8,2,357)
w(4,9,2,358)
w(0,14,2,359)
r(11,28,2,360)
w(0,15,2,361)
w(7,17,2,362)
w(2,15,2,363)
r(14,3,2,364)
r(13,4,2,365)
w(9,9,2,366)
w(1,14,2,367)
r(11,9,2,368)
w(4,10,2,369)
r(2,4,2,370)
r(4,10,2,371)
r(11,9,2,372)
w(1,15,2,373)
r(9,9,2,374)
r(0,15,2,375)
w(1,16,2,376)
w(12,12,2,377)
r(2,7,2,378)
w(1,17,2,379)
w(14,15,2,380)
r(6,13,2,381)
r(5,5,2,382)
w(3,14,2,383)
r(0,11,2,384)
r(7,25,2,385)
w(3,15,2,386)
r(14,21,2,387)
w(11,21,2,388)
w(9,10,2,389)
r(11,21,2,390)
w(7,18,2,391)
w(7,19,2,392)
w(4,11,2,393)
r(3,4,2,394)
r(8,16,2,395)
w(8,10,2,396)
w(14,16,2,397)
w(2,16,2,398)
w(8,11,2,399)
r(9,15,2,400)
r(7,13,2,401)
r(8,11,2,402)
r(2,21,2,403)
r(11,4,2,404)
r(4,11,2,405)
r(3,5,2,406)
w(1,18,2,407)
w(13,11,2,408)
r(4,11,2,409)
w(4,12,2,410)
w(0,16,2,411)
r(2,22,2,412)
r(5,13,2,413)
r(1,18,2,414)
w(13,12,2,415)
r(10,5,2,416)
w(11,22,2,417)
w(8,12,2,418)
w(1,19,2,419)
r(8,12,2,420)
r(0,12,2,421)
w(11,23,2,422)
r(9,7,2,423)
w(13,13,2,424)
w(4,13,2,425)
w(0,17,2,426)
w(9,11,2,427)
r(10,15,2,428)
w(11,24,2,429)
r(12,17,2,430)
r(11,24,2,431)
w(6,11,2,432)
r(0,17,2,433)
w(4,14,2,434)
w(14,17,2,435)
r(3,11,2,436)
w(10,10,2,437)
r(10,10,2,438)
r(12,17,2,439)
r(13,9,2,440)
r(11,13,2,441)
w(13,14,2,442)
w(13,15,2,443)
w(4,15,2,444)
w(11,25,2,445)
r(5,0,3,446)
r(11,0,3,447)
w(1,20,3,448)
r(0,1,3,449)
w(9,12,3,450)
r(3,0,3,451)
w(6,12,3,452)
w(1,21,3,453)
w(2,17,3,454)
w(1,22,3,455)
r(6,12,3,456)
w(2,18,3,457)
w(7,20,3,458)
w(7,21,3,459)
w(14,18,3,460)
r(5,15,3,461)
w(13,16,3,462)
w(9,13,3,463)
r(6,3,3,464)
w(7,22,3,465)
r(7,22,3,466)
r(2,11,3,467)
r(0,2,3,468)
w(11,26,3,469)
w(13,17,3,470)
w(10,11,3,471)
w(13,18,3,472)
w(4,16,3,473)
w(9,14,3,474)
w(5,17,3,475)
r(3,7,3,476)
w(8,13,3,477)
w(14,19,3,478)
w(11,27,3,479)
w(14,20,3,480)
r(14,20,3,481)
w(10,12,3,482)
r(5,3,3,483)
w(7,23,3,484)
r(14,20,3,485)
w(0,18,3,486)
r(6,10,3,487)
r(14,20,3,488)
r(2,2,3,489)
w(12,13,3,490)
w(7,24,3,491)
r(5,4,3,492)
r(7,24,3,493)
w(1,23,3,494)
w(6,13,3,495)
w(5,18,3,496)
w(11,28,3,497)
r(1,6,3,498)
r(7,24,3,499)
w(5,19,3,500)
w(8,14,3,501)
w(2,20,3,502)
r(8,14,3,503)
r(0,15,3,504)
w(12,14,3,505)
w(4,17,3,506)
w(12,15,3,507)
w(12,16,3,508)
r(13,4,3,509)
w(0,19,3,510)
w(7,25,3,511)
r(6,13,3,512)
w(10,13,3,513)
w(3,16,3,514)
w(14,21,3,515)
w(13,19,3,516)
w(8,15,3,517)
r(2,7,3,518)
w(1,24,3,519)
r(7,25,3,520)
r(1,24,3,521)
r(8,15,3,522)
w(0,20,3,523)
r(9,10,3,524)
r(9,10,3,525)
r(3,4,3,526)
w(9,15,3,527)
r(7,18,3,528)
r(2,9,3,529)
w(0,21,3,530)
w(8,16,3,531)
r(7,19,3,532)
w(10,14,3,533)
r(14,10,3,534)
w(0,22,3,535)
r(11,4,3,536)
r(1,24,3,537)
w(2,21,3,538)
r(12,4,3,539)
w(13,20,3,540)
r(13,20,3,541)
r(9,15,3,542)
r(6,5,3,543)
w(2,22,3,544)
r(14,5,3,545)
w(0,23,3,546)
w(4,18,3,547)
r(4,18,3,548)
w(11,29,3,549)
w(11,30,3,550)
r(3,5,3,551)
w(12,17,3,552)
w(7,26,3,553)
w(13,21,3,554)
w(10,15,3,555)
r(9,7,3,556)
r(7,8,3,557)
r(0,17,3,558)
w(9,16,3,559)
w(2,23,3,560)
r(8,12,3,561)
w(3,17,3,562)
r(12,17,3,563)
r(0,17,3,564)
r(5,8,3,565)
w(8,17,3,566)
r(1,8,3,567)
r(2,23,3,568)
w(7,27,3,569)
r(9,16,3,570)
r(10,10,3,571)
r(7,27,3,572)
w(3,18,3,573)
w(6,14,3,574)
w(7,28,3,575)
w(12,18,3,576)
w(9,17,3,577)
w(2,24,3,578)
r(9,17,3,579)
w(0,24,3,580)
w(7,29,3,581)
r(0,24,3,582)
w(1,25,3,583)
w(9,18,3,584)
r(5,8,3,585)
r(3,18,3,586)
w(4,20,3,587)
w(12,19,3,588)
w(6,15,3,589)
w(3,19,3,590)
r(5,8,3,591)
r(13,15,3,592)
r(0,24,3,593)
