r(3,0,0,0)
r(10,0,0,1)
r(9,0,0,2)
w(11,1,0,3)
w(7,1,0,4)
w(4,1,0,5)
r(14,0,0,6)
w(8,1,0,7)
r(7,1,0,8)
w(8,2,0,9)
r(5,20,0,10)
w(3,1,0,11)
w(2,1,0,12)
r(2,1,0,13)
r(0,14,0,14)
r(1,0,0,15)
r(4,1,0,16)
w(9,1,0,17)
r(13,9,0,18)
w(12,1,0,19)
w(7,2,0,20)
r(3,14,0,21)
r(10,11,0,22)
w(14,1,0,23)
w(8,3,0,24)
r(9,1,0,25)
w(9,2,0,26)
r(14,1,0,27)
w(0,1,0,28)
w(12,2,0,29)
r(7,16,0,30)
r(5,5,0,31)
r(5,5,0,32)
w(12,3,0,33)
r(14,3,0,34)
r(9,2,0,35)
r(8,3,0,36)
w(6,1,0,37)
w(7,3,0,38)
w(9,3,0,39)
r(6,14,0,40)
w(13,1,0,41)
r(2,12,0,42)
r(14,14,0,43)
r(14,14,0,44)
r(8,3,0,45)
w(13,2,0,46)
r(11,10,0,47)
r(10,11,0,48)
w(7,4,0,49)
r(14,14,0,50)
w(0,2,0,51)
w(1,1,0,52)
w(4,2,0,53)
r(9,3,0,54)
w(8,4,0,55)
r(8,4,0,56)
r(11,10,0,57)
r(2,13,0,58)
w(1,2,0,59)
r(12,17,0,60)
w(9,4,0,61)
w(3,2,0,62)
w(14,2,0,63)
r(5,8,0,64)
r(12,11,0,65)
w(9,5,0,66)
r(11,6,0,67)
w(4,3,0,68)
r(2,14,0,69)
r(4,3,0,70)
w(13,3,0,71)
w(8,5,0,72)
r(1,2,0,73)
w(10,1,0,74)
r(8,5,0,75)
r(12,11,0,76)
w(4,4,0,77)
w(7,5,0,78)
w(8,6,0,79)
r(12,12,0,80)
r(7,5,0,81)
r(7,5,0,82)
r(7,5,0,83)
r(9,5,0,84)
r(12,12,0,85)
w(7,6,0,86)
w(7,7,0,87)
w(2,2,0,88)
w(1,3,0,89)
r(3,6,0,90)
w(5,1,0,91)
r(6,16,0,92)
r(2,2,0,93)
r(2,2,0,94)
r(11,20,0,95)
r(7,27,0,96)
w(6,2,0,97)
r(12,19,0,98)
w(6,3,0,99)
w(1,4,0,100)
w(2,3,0,101)
r(12,19,0,102)
w(2,4,0,103)
w(0,3,0,104)
r(1,4,0,105)
w(11,2,0,106)
r(14,10,0,107)
r(10,13,0,108)
w(5,2,0,109)
w(9,6,0,110)
w(3,3,0,111)
w(12,5,0,112)
w(7,8,0,113)
w(1,5,0,114)
r(14,19,0,115)
w(11,3,0,116)
w(6,4,0,117)
r(13,13,0,118)
r(3,3,0,119)
w(6,5,0,120)
r(0,17,0,121)
r(8,21,0,122)
r(0,17,0,123)
w(6,6,0,124)
w(6,7,0,125)
w(10,2,0,126)
r(8,21,0,127)
r(0,17,0,128)
w(8,7,0,129)
w(10,3,0,130)
r(0,17,0,131)
r(2,15,0,132)
w(7,9,0,133)
r(9,11,0,134)
r(10,3,0,135)
w(3,4,0,136)
r(10,7,0,137)
w(11,4,0,138)
r(1,8,0,139)
w(8,8,0,140)
w(1,6,0,141)
r(14,20,0,142)
w(12,6,0,143)
r(7,20,0,144)
r(14,20,0,145)
r(7,20,0,146)
r(13,0,1,147)
r(11,1,1,148)
w(11,5,1,149)
r(5,20,1,150)
r(4,1,1,151)
w(6,8,1,152)
w(12,7,1,153)
w(12,8,1,154)
r(5,20,1,155)
w(3,5,1,156)
w(8,9,1,157)
r(3,5,1,158)
r(4,1,1,159)
w(5,4,1,160)
r(3,14,1,161)
r(6,22,1,162)
r(9,1,1,163)
r(5,4,1,164)
w(7,10,1,165)
r(5,4,1,166)
w(13,4,1,167)
w(12,9,1,168)
w(5,5,1,169)
r(9,2,1,170)
w(14,3,1,171)
w(5,6,1,172)
r(2,12,1,173)
r(0,1,1,174)
w(6,9,1,175)
w(12,10,1,176)
r(10,11,1,177)
w(0,4,1,178)
r(1,9,1,179)
w(5,7,1,180)
w(4,5,1,181)
r(6,14,1,182)
w(13,5,1,183)
r(2,12,1,184)
w(7,11,1,185)
w(5,8,1,186)
w(10,4,1,187)
r(6,15,1,188)
r(7,23,1,189)
w(14,4,1,190)
w(6,10,1,191)
r(0,2,1,192)
r(7,24,1,193)
r(12,17,1,194)
r(9,4,1,195)
w(8,10,1,196)
r(10,4,1,197)
w(11,6,1,198)
w(12,11,1,199)
r(1,2,1,200)
r(12,11,1,201)
r(0,2,1,202)
w(0,5,1,203)
r(1,2,1,204)
r(14,16,1,205)
r(14,16,1,206)
r(9,5,1,207)
r(10,12,1,208)
w(8,11,1,209)
w(0,6,1,210)
w(0,7,1,211)
r(12,11,1,212)
w(13,6,1,213)
w(12,12,1,214)
w(2,5,1,215)
w(14,5,1,216)
w(5,9,1,217)
w(2,6,1,218)
w(7,12,1,219)
r(5,9,1,220)
r(14,5,1,221)
r(9,5,1,222)
r(4,4,1,223)
r(8,19,1,224)
w(3,6,1,225)
w(12,13,1,226)
r(0,11,1,227)
r(10,1,1,228)
r(4,4,1,229)
w(11,7,1,230)
w(5,10,1,231)
w(9,8,1,232)
w(8,12,1,233)
r(14,5,1,234)
r(10,13,1,235)
w(7,13,1,236)
w(11,8,1,237)
r(9,8,1,238)
r(6,3,1,239)
w(2,7,1,240)
r(9,13,1,241)
r(4,4,1,242)
w(2,8,1,243)
w(9,9,1,244)
w(2,9,1,245)
r(9,9,1,246)
r(10,13,1,247)
r(3,12,1,248)
r(7,13,1,249)
r(4,4,1,250)
r(5,1,1,251)
r(0,3,1,252)
r(2,21,1,253)
w(2,10,1,254)
w(9,10,1,255)
r(8,21,1,256)
r(8,21,1,257)
w(12,14,1,258)
w(10,5,1,259)
r(3,3,1,260)
w(6,11,1,261)
r(11,12,1,262)
w(13,7,1,263)
w(2,11,1,264)
r(12,5,1,265)
w(9,11,1,266)
r(1,5,1,267)
r(4,7,1,268)
w(11,9,1,269)
w(10,6,1,270)
w(14,6,1,271)
r(4,7,1,272)
w(1,7,1,273)
r(10,2,1,274)
r(14,20,1,275)
w(1,8,1,276)
w(12,15,1,277)
w(3,7,1,278)
r(0,18,1,279)
r(8,7,1,280)
w(10,7,1,281)
r(10,7,1,282)
w(0,8,1,283)
w(6,12,1,284)
r(7,9,1,285)
w(13,8,1,286)
w(5,11,1,287)
w(10,8,1,288)
w(6,13,1,289)
r(4,11,1,290)
r(3,4,1,291)
w(5,12,1,292)
w(10,9,1,293)
r(7,20,1,294)
w(7,14,1,295)
r(1,19,1,296)
r(7,0,2,297)
r(7,1,2,298)
w(10,10,2,299)
r(8,1,2,300)
w(14,7,2,301)
w(3,8,2,302)
r(9,0,2,303)
r(3,1,2,304)
w(13,9,2,305)
r(6,21,2,306)
w(10,11,2,307)
w(5,13,2,308)
w(7,16,2,309)
w(4,6,2,310)
r(2,1,2,311)
w(2,12,2,312)
r(2,12,2,313)
w(14,8,2,314)
r(1,17,2,315)
w(6,14,2,316)
w(1,9,2,317)
r(5,6,2,318)
w(13,10,2,319)
w(11,10,2,320)
r(12,17,2,321)
w(6,15,2,322)
w(7,17,2,323)
r(7,17,2,324)
w(5,14,2,325)
r(14,15,2,326)
r(4,2,2,327)
r(13,5,2,328)
r(12,17,2,329)
r(1,1,2,330)
w(2,13,2,331)
r(9,3,2,332)
w(2,14,2,333)
r(9,3,2,334)
w(7,18,2,335)
r(9,4,2,336)
r(5,8,2,337)
w(10,12,2,338)
w(13,11,2,339)
r(7,18,2,340)
w(0,9,2,341)
w(14,9,2,342)
w(8,13,2,343)
r(2,14,2,344)
r(9,5,2,345)
r(0,7,2,346)
r(14,17,2,347)
w(11,11,2,348)
r(13,6,2,349)
w(6,16,2,350)
r(7,5,2,351)
r(12,12,2,352)
r(0,16,2,353)
r(11,11,2,354)
r(12,12,2,355)
r(3,17,2,356)
w(0,10,2,357)
r(2,5,2,358)
w(3,9,2,359)
r(12,12,2,360)
w(0,11,2,361)
r(9,5,2,362)
r(9,5,2,363)
w(9,12,2,364)
w(3,10,2,365)
w(5,15,2,366)
w(1,10,2,367)
w(8,14,2,368)
w(10,13,2,369)
r(2,2,2,370)
r(11,20,2,371)
w(8,15,2,372)
r(8,15,2,373)
w(3,11,2,374)
r(14,18,2,375)
w(9,13,2,376)
w(6,17,2,377)
w(13,12,2,378)
w(8,16,2,379)
w(3,12,2,380)
w(14,10,2,381)
w(11,12,2,382)
r(0,3,2,383)
w(4,7,2,384)
w(8,17,2,385)
r(10,13,2,386)
w(12,16,2,387)
r(10,13,2,388)
w(1,11,2,389)
w(0,12,2,390)
w(10,14,2,391)
w(1,12,2,392)
w(10,15,2,393)
r(8,21,2,394)
w(6,18,2,395)
r(13,7,2,396)
w(13,13,2,397)
r(2,22,2,398)
r(14,19,2,399)
w(14,11,2,400)
r(0,17,2,401)
w(1,13,2,402)
w(2,15,2,403)
r(3,19,2,404)
r(1,7,2,405)
w(4,8,2,406)
w(11,13,2,407)
r(3,19,2,408)
w(7,19,2,409)
w(5,16,2,410)
r(4,8,2,411)
w(5,17,2,412)
r(10,3,2,413)
w(2,16,2,414)
w(5,18,2,415)
r(0,8,2,416)
r(4,11,2,417)
r(13,16,2,418)
w(9,14,2,419)
w(6,19,2,420)
r(10,19,2,421)
r(6,19,2,422)
w(7,20,2,423)
w(5,19,2,424)
r(8,8,2,425)
w(2,17,2,426)
w(0,13,2,427)
w(14,12,2,428)
r(4,11,2,429)
r(8,8,2,430)
r(3,4,2,431)
w(11,14,2,432)
w(8,18,2,433)
w(4,9,2,434)
w(2,18,2,435)
w(11,15,2,436)
w(13,14,2,437)
r(0,13,2,438)
w(1,14,2,439)
w(1,15,2,440)
w(11,16,2,441)
r(0,13,2,442)
w(14,13,2,443)
w(3,13,2,444)
w(1,16,2,445)
w(5,20,3,446)
r(10,10,3,447)
w(6,20,3,448)
r(4,1,3,449)
w(2,19,3,450)
w(0,14,3,451)
w(6,21,3,452)
r(6,21,3,453)
w(6,22,3,454)
r(14,7,3,455)
w(3,14,3,456)
w(11,17,3,457)
r(8,3,3,458)
r(8,3,3,459)
r(9,2,3,460)
r(0,1,3,461)
w(6,23,3,462)
r(2,1,3,463)
r(7,16,3,464)
r(1,0,3,465)
r(11,17,3,466)
w(1,17,3,467)
w(7,21,3,468)
r(3,14,3,469)
r(5,6,3,470)
w(14,14,3,471)
w(7,22,3,472)
r(3,14,3,473)
w(3,15,3,474)
r(10,11,3,475)
r(9,3,3,476)
r(6,14,3,477)
r(14,14,3,478)
w(12,17,3,479)
w(13,15,3,480)
w(14,15,3,481)
w(3,16,3,482)
r(6,15,3,483)
w(7,23,3,484)
r(12,17,3,485)
r(1,1,3,486)
r(10,4,3,487)
w(11,18,3,488)
w(7,24,3,489)
w(11,19,3,490)
r(1,2,3,491)
w(3,17,3,492)
r(3,17,3,493)
w(14,16,3,494)
w(5,21,3,495)
r(12,11,3,496)
r(8,10,3,497)
w(4,10,3,498)
r(3,17,3,499)
r(6,10,3,500)
r(2,14,3,501)
r(3,17,3,502)
w(0,15,3,503)
r(4,3,3,504)
r(7,18,3,505)
r(6,10,3,506)
r(14,9,3,507)
w(14,17,3,508)
r(10,12,3,509)
r(6,10,3,510)
r(6,10,3,511)
w(10,16,3,512)
w(7,25,3,513)
w(1,18,3,514)
r(8,5,3,515)
w(0,16,3,516)
r(9,5,3,517)
r(14,5,3,518)
r(10,1,3,519)
w(8,19,3,520)
r(0,10,3,521)
w(12,18,3,522)
r(0,11,3,523)
r(12,18,3,524)
r(0,11,3,525)
r(1,3,3,526)
w(7,26,3,527)
w(12,19,3,528)
w(11,20,3,529)
w(5,22,3,530)
r(4,4,3,531)
w(7,27,3,532)
w(2,20,3,533)
w(14,18,3,534)
w(3,18,3,535)
r(2,3,3,536)
r(12,19,3,537)
w(6,24,3,538)
r(7,13,3,539)
r(2,9,3,540)
r(13,12,3,541)
w(2,21,3,542)
w(8,20,3,543)
w(7,28,3,544)
r(5,2,3,545)
r(7,28,3,546)
w(12,20,3,547)
w(8,21,3,548)
w(9,15,3,549)
r(1,11,3,550)
w(14,19,3,551)
w(0,17,3,552)
r(8,21,3,553)
r(12,5,3,554)
r(6,11,3,555)
r(2,10,3,556)
w(9,16,3,557)
w(2,22,3,558)
r(7,8,3,559)
w(10,17,3,560)
r(4,7,3,561)
r(6,4,3,562)
w(3,19,3,563)
r(0,17,3,564)
r(9,11,3,565)
w(12,21,3,566)
w(14,20,3,567)
w(10,18,3,568)
r(8,7,3,569)
r(4,8,3,570)
r(2,15,3,571)
r(6,7,3,572)
r(0,17,3,573)
r(13,13,3,574)
w(6,25,3,575)
r(12,15,3,576)
r(1,8,3,577)
r(6,25,3,578)
r(9,11,3,579)
r(11,13,3,580)
r(9,11,3,581)
r(4,8,3,582)
r(0,17,3,583)
w(0,18,3,584)
w(12,22,3,585)
w(13,16,3,586)
w(4,11,3,587)
w(10,19,3,588)
w(12,23,3,589)
r(4,11,3,590)
w(1,19,3,591)
r(11,4,3,592)
r(8,8,3,593)
w(5,23,3,594)
r(14,20,3,595)
