r(2,0,0,0)
r(13,0,0,1)
r(12,0,0,2)
w(4,1,0,3)
r(2,0,0,4)
w(14,1,0,5)
r(7,10,0,6)
w(10,1,0,7)
r(10,1,0,8)
w(5,1,0,9)
r(11,0,0,10)
r(5,1,0,11)
r(4,8,0,12)
w(2,1,0,13)
r(9,20,0,14)
w(4,2,0,15)
r(3,15,0,16)
w(4,3,0,17)
w(6,1,0,18)
w(0,1,0,19)
r(12,17,0,20)
r(13,0,0,21)
w(5,2,0,22)
r(10,15,0,23)
w(9,1,0,24)
w(11,1,0,25)
w(8,1,0,26)
r(10,15,0,27)
r(11,1,0,28)
w(14,2,0,29)
w(0,2,0,30)
r(4,9,0,31)
w(9,2,0,32)
w(14,3,0,33)
r(13,5,0,34)
w(5,3,0,35)
r(3,4,0,36)
r(2,16,0,37)
r(2,16,0,38)
w(9,3,0,39)
r(12,14,0,40)
r(13,5,0,41)
w(13,1,0,42)
w(14,4,0,43)
w(12,1,0,44)
r(12,8,0,45)
w(0,3,0,46)
w(2,2,0,47)
w(7,1,0,48)
r(1,4,0,49)
r(8,4,0,50)
w(12,2,0,51)
r(2,2,0,52)
w(6,2,0,53)
r(8,4,0,54)
w(2,3,0,55)
w(13,2,0,56)
r(9,22,0,57)
r(7,13,0,58)
r(8,5,0,59)
w(4,5,0,60)
r(2,3,0,61)
r(4,5,0,62)
r(1,4,0,63)
r(10,5,0,64)
w(13,3,0,65)
r(7,13,0,66)
r(0,21,0,67)
r(2,12,0,68)
r(7,13,0,69)
r(10,5,0,70)
w(7,2,0,71)
w(11,2,0,72)
r(12,10,0,73)
r(12,10,0,74)
w(2,4,0,75)
r(5,11,0,76)
w(9,4,0,77)
r(7,2,0,78)
r(14,17,0,79)
r(9,23,0,80)
r(11,2,0,81)
w(12,3,0,82)
r(1,4,0,83)
w(14,5,0,84)
r(8,7,0,85)
r(6,8,0,86)
w(12,4,0,87)
w(0,4,0,88)
r(3,12,0,89)
w(3,1,0,90)
w(10,2,0,91)
r(9,18,0,92)
w(12,5,0,93)
w(11,3,0,94)
w(13,4,0,95)
r(1,4,0,96)
r(11,5,0,97)
r(1,4,0,98)
w(1,1,0,99)
r(13,10,0,100)
r(3,22,0,101)
r(3,22,0,102)
r(8,7,0,103)
w(9,5,0,104)
w(14,6,0,105)
r(3,22,0,106)
w(7,3,0,107)
r(0,10,0,108)
w(2,5,0,109)
r(10,8,0,110)
r(12,5,0,111)
w(12,6,0,112)
w(14,7,0,113)
r(9,5,0,114)
w(14,8,0,115)
r(12,11,0,116)
r(2,23,0,117)
w(7,4,0,118)
w(14,9,0,119)
r(7,4,0,120)
r(14,9,0,121)
w(4,6,0,122)
w(8,2,0,123)
r(4,23,0,124)
r(5,13,0,125)
w(3,2,0,126)
w(9,6,0,127)
r(12,21,0,128)
r(13,11,0,129)
w(6,3,0,130)
w(4,7,0,131)
w(2,6,0,132)
r(13,12,0,133)
r(0,16,0,134)
r(10,14,0,135)
w(12,7,0,136)
w(9,7,0,137)
r(10,14,0,138)
w(10,3,0,139)
r(0,17,0,140)
w(1,3,0,141)
w(0,5,0,142)
w(0,6,0,143)
w(2,7,0,144)
w(2,8,0,145)
r(5,14,0,146)
r(8,17,0,147)
w(2,9,1,148)
w(3,3,1,149)
w(4,8,1,150)
r(5,1,1,151)
w(0,7,1,152)
w(0,8,1,153)
w(10,4,1,154)
r(9,20,1,155)
w(2,10,1,156)
w(0,9,1,157)
r(3,15,1,158)
w(1,4,1,159)
r(6,1,1,160)
w(2,11,1,161)
r(8,10,1,162)
w(7,5,1,163)
r(8,18,1,164)
w(14,10,1,165)
r(7,11,1,166)
r(10,15,1,167)
r(1,4,1,168)
r(9,21,1,169)
w(13,5,1,170)
r(8,1,1,171)
w(14,11,1,172)
w(5,4,1,173)
r(12,14,1,174)
w(4,9,1,175)
w(9,8,1,176)
w(9,9,1,177)
w(5,5,1,178)
r(14,14,1,179)
r(11,14,1,180)
w(3,4,1,181)
r(11,14,1,182)
w(8,3,1,183)
w(6,4,1,184)
r(4,9,1,185)
r(14,15,1,186)
r(3,10,1,187)
w(11,4,1,188)
r(2,16,1,189)
r(1,4,1,190)
r(13,1,1,191)
r(1,4,1,192)
w(13,6,1,193)
w(12,8,1,194)
r(3,20,1,195)
w(12,9,1,196)
w(10,5,1,197)
r(2,2,1,198)
r(5,3,1,199)
w(8,4,1,200)
w(7,6,1,201)
r(9,22,1,202)
r(0,3,1,203)
w(13,7,1,204)
r(2,2,1,205)
r(13,7,1,206)
w(8,5,1,207)
r(0,3,1,208)
r(8,5,1,209)
w(12,10,1,210)
r(2,3,1,211)
r(0,21,1,212)
r(11,8,1,213)
r(9,22,1,214)
r(8,5,1,215)
r(5,11,1,216)
r(13,3,1,217)
w(2,12,1,218)
r(10,5,1,219)
w(14,12,1,220)
w(3,5,1,221)
w(3,6,1,222)
r(0,23,1,223)
w(9,10,1,224)
w(6,5,1,225)
w(13,8,1,226)
r(4,17,1,227)
r(7,2,1,228)
w(7,7,1,229)
r(3,11,1,230)
w(13,9,1,231)
w(2,13,1,232)
r(11,17,1,233)
w(8,6,1,234)
w(8,7,1,235)
r(4,17,1,236)
w(9,11,1,237)
r(13,9,1,238)
r(5,12,1,239)
r(9,11,1,240)
r(9,11,1,241)
r(7,7,1,242)
r(6,8,1,243)
r(10,13,1,244)
w(6,6,1,245)
w(9,12,1,246)
w(10,6,1,247)
r(10,6,1,248)
r(8,7,1,249)
r(12,5,1,250)
w(4,10,1,251)
w(10,7,1,252)
w(11,5,1,253)
r(7,7,1,254)
r(0,14,1,255)
r(7,7,1,256)
r(6,15,1,257)
w(13,10,1,258)
w(10,8,1,259)
w(11,6,1,260)
r(2,17,1,261)
w(0,10,1,262)
w(7,8,1,263)
r(11,6,1,264)
w(10,9,1,265)
w(10,10,1,266)
w(12,11,1,267)
r(14,8,1,268)
r(7,19,1,269)
w(12,12,1,270)
w(4,11,1,271)
r(5,13,1,272)
r(1,7,1,273)
w(12,13,1,274)
r(9,5,1,275)
w(1,5,1,276)
r(3,23,1,277)
w(2,14,1,278)
r(0,16,1,279)
w(7,9,1,280)
w(8,8,1,281)
w(10,11,1,282)
r(4,23,1,283)
w(13,11,1,284)
w(1,6,1,285)
r(3,2,1,286)
w(8,9,1,287)
w(14,13,1,288)
w(9,13,1,289)
w(13,12,1,290)
w(9,14,1,291)
r(1,6,1,292)
r(4,7,1,293)
w(9,15,1,294)
r(7,15,1,295)
w(13,13,1,296)
r(4,18,1,297)
w(7,10,2,298)
w(3,7,2,299)
r(8,0,2,300)
w(2,15,2,301)
r(3,15,2,302)
w(4,12,2,303)
r(10,4,2,304)
w(8,10,2,305)
w(4,13,2,306)
w(4,14,2,307)
w(3,8,2,308)
r(0,1,2,309)
r(5,2,2,310)
w(12,14,2,311)
r(12,14,2,312)
w(7,11,2,313)
r(2,11,2,314)
w(5,6,2,315)
w(4,15,2,316)
w(4,16,2,317)
r(9,21,2,318)
w(8,11,2,319)
r(1,4,2,320)
r(8,11,2,321)
w(2,16,2,322)
r(2,16,2,323)
r(9,21,2,324)
r(9,21,2,325)
w(3,9,2,326)
w(14,14,2,327)
w(7,12,2,328)
w(14,15,2,329)
r(14,15,2,330)
w(3,10,2,331)
r(12,14,2,332)
r(12,14,2,333)
w(0,11,2,334)
r(3,10,2,335)
w(9,16,2,336)
w(13,14,2,337)
r(8,3,2,338)
r(14,19,2,339)
r(10,15,2,340)
r(13,14,2,341)
w(10,12,2,342)
r(14,19,2,343)
w(12,15,2,344)
r(12,15,2,345)
w(6,7,2,346)
r(4,20,2,347)
r(0,3,2,348)
w(7,13,2,349)
w(12,16,2,350)
r(12,16,2,351)
w(11,7,2,352)
r(7,13,2,353)
r(2,3,2,354)
w(11,8,2,355)
r(10,5,2,356)
w(11,9,2,357)
w(14,16,2,358)
w(0,12,2,359)
w(4,17,2,360)
r(0,23,2,361)
r(9,22,2,362)
w(3,11,2,363)
r(8,20,2,364)
w(14,17,2,365)
w(0,13,2,366)
w(6,8,2,367)
r(5,11,2,368)
r(2,4,2,369)
r(6,8,2,370)
w(8,12,2,371)
w(5,7,2,372)
w(9,17,2,373)
w(11,10,2,374)
r(11,10,2,375)
r(14,5,2,376)
w(10,13,2,377)
r(8,7,2,378)
r(3,11,2,379)
w(3,12,2,380)
w(5,8,2,381)
r(14,20,2,382)
r(3,1,2,383)
r(8,7,2,384)
r(6,6,2,385)
w(9,18,2,386)
w(2,17,2,387)
w(0,14,2,388)
r(4,10,2,389)
r(14,21,2,390)
r(10,7,2,391)
w(11,11,2,392)
r(4,22,2,393)
w(7,14,2,394)
r(12,6,2,395)
r(12,6,2,396)
w(0,15,2,397)
r(14,7,2,398)
r(1,1,2,399)
w(1,7,2,400)
r(5,13,2,401)
w(6,9,2,402)
w(8,13,2,403)
w(0,16,2,404)
w(2,18,2,405)
r(9,5,2,406)
w(1,8,2,407)
w(1,9,2,408)
w(9,19,2,409)
w(1,10,2,410)
r(2,14,2,411)
w(8,14,2,412)
w(5,9,2,413)
r(7,9,2,414)
w(8,15,2,415)
w(7,15,2,416)
r(12,21,2,417)
r(2,6,2,418)
r(12,21,2,419)
w(10,14,2,420)
w(8,16,2,421)
w(11,13,2,422)
r(5,14,2,423)
w(4,18,2,424)
r(9,7,2,425)
w(0,17,2,426)
w(6,10,2,427)
r(5,14,2,428)
r(8,16,2,429)
w(2,19,2,430)
r(6,10,2,431)
r(9,7,2,432)
r(13,13,2,433)
w(8,17,2,434)
r(5,14,2,435)
w(0,18,2,436)
r(11,13,2,437)
w(3,14,2,438)
w(4,19,2,439)
w(6,11,2,440)
r(12,7,2,441)
w(2,20,2,442)
r(6,11,2,443)
r(4,19,2,444)
w(1,11,2,445)
w(9,20,3,446)
w(6,12,3,447)
w(7,16,3,448)
r(0,0,3,449)
r(11,0,3,450)
w(3,15,3,451)
w(12,17,3,452)
w(10,15,3,453)
r(0,9,3,454)
w(0,19,3,455)
w(3,16,3,456)
r(6,1,3,457)
w(8,18,3,458)
w(14,18,3,459)
w(9,21,3,460)
r(10,15,3,461)
r(13,5,3,462)
w(5,10,3,463)
w(2,21,3,464)
w(3,17,3,465)
r(1,4,3,466)
w(3,18,3,467)
r(11,1,3,468)
r(8,11,3,469)
w(7,17,3,470)
r(7,17,3,471)
r(13,5,3,472)
w(11,14,3,473)
w(3,19,3,474)
r(9,2,3,475)
r(14,3,3,476)
w(6,13,3,477)
w(0,20,3,478)
r(3,10,3,479)
r(8,3,3,480)
r(1,4,3,481)
w(7,18,3,482)
w(11,15,3,483)
w(14,19,3,484)
w(3,20,3,485)
r(4,9,3,486)
r(9,16,3,487)
w(4,20,3,488)
w(9,22,3,489)
r(13,14,3,490)
r(13,14,3,491)
r(12,15,3,492)
w(5,11,3,493)
w(4,21,3,494)
r(7,13,3,495)
w(11,16,3,496)
w(0,21,3,497)
w(3,21,3,498)
w(8,20,3,499)
r(5,11,3,500)
r(10,5,3,501)
r(12,10,3,502)
r(0,21,3,503)
w(0,22,3,504)
r(13,3,3,505)
r(5,11,3,506)
w(0,23,3,507)
w(10,16,3,508)
r(8,20,3,509)
r(13,3,3,510)
w(12,18,3,511)
r(5,11,3,512)
r(2,4,3,513)
w(13,15,3,514)
w(9,23,3,515)
w(12,19,3,516)
r(5,11,3,517)
w(11,17,3,518)
r(8,12,3,519)
r(8,12,3,520)
r(10,16,3,521)
r(1,4,3,522)
w(10,17,3,523)
w(2,22,3,524)
r(1,4,3,525)
r(7,7,3,526)
r(7,7,3,527)
r(0,13,3,528)
r(12,3,3,529)
w(14,20,3,530)
w(5,12,3,531)
w(12,20,3,532)
r(1,4,3,533)
r(14,20,3,534)
w(11,18,3,535)
r(11,18,3,536)
r(6,6,3,537)
w(6,14,3,538)
r(8,7,3,539)
w(6,15,3,540)
r(13,9,3,541)
w(9,24,3,542)
r(0,14,3,543)
w(3,22,3,544)
w(14,21,3,545)
r(8,7,3,546)
r(5,8,3,547)
r(3,22,3,548)
w(4,22,3,549)
w(11,19,3,550)
r(13,10,3,551)
r(4,22,3,552)
r(4,22,3,553)
r(8,7,3,554)
w(14,22,3,555)
r(4,22,3,556)
w(13,16,3,557)
r(1,1,3,558)
w(2,23,3,559)
w(7,19,3,560)
w(5,13,3,561)
w(10,18,3,562)
w(11,20,3,563)
r(11,20,3,564)
r(11,20,3,565)
w(3,23,3,566)
r(12,13,3,567)
w(4,23,3,568)
r(8,2,3,569)
r(14,9,3,570)
r(7,4,3,571)
r(4,23,3,572)
w(6,16,3,573)
r(7,4,3,574)
w(10,19,3,575)
r(12,13,3,576)
w(10,20,3,577)
r(10,11,3,578)
r(13,11,3,579)
r(10,11,3,580)
r(6,16,3,581)
w(12,21,3,582)
r(1,6,3,583)
r(14,9,3,584)
w(5,14,3,585)
r(3,2,3,586)
r(1,6,3,587)
w(2,24,3,588)
r(12,21,3,589)
r(11,20,3,590)
r(10,11,3,591)
w(9,25,3,592)
w(6,17,3,593)
w(6,18,3,594)
