r(12,0,0,0)
r(13,0,0,1)
r(8,0,0,2)
w(10,1,0,3)
r(5,0,0,4)
w(7,1,0,5)
r(14,0,0,6)
r(10,1,0,7)
r(12,9,0,8)
w(11,1,0,9)
r(14,0,0,10)
r(0,2,0,11)
r(8,0,0,12)
r(13,0,0,13)
r(14,0,0,14)
r(3,9,0,15)
r(4,0,0,16)
w(13,1,0,17)
r(14,10,0,18)
w(7,2,0,19)
r(1,18,0,20)
w(7,3,0,21)
w(6,1,0,22)
r(14,10,0,23)
r(14,10,0,24)
r(8,20,0,25)
w(1,1,0,26)
w(11,2,0,27)
r(2,5,0,28)
r(7,7,0,29)
w(6,2,0,30)
w(14,1,0,31)
r(9,5,0,32)
r(11,10,0,33)
r(5,9,0,34)
r(8,13,0,35)
r(6,20,0,36)
r(3,5,0,37)
w(8,1,0,38)
r(11,11,0,39)
w(3,1,0,40)
r(11,11,0,41)
r(7,7,0,42)
r(14,1,0,43)
w(3,2,0,44)
w(11,3,0,45)
r(2,6,0,46)
r(11,3,0,47)
r(2,6,0,48)
w(10,2,0,49)
r(1,13,0,50)
w(5,1,0,51)
w(1,2,0,52)
w(1,3,0,53)
w(9,2,0,54)
w(10,3,0,55)
r(10,3,0,56)
w(8,2,0,57)
r(9,2,0,58)
r(11,13,0,59)
r(11,13,0,60)
w(7,4,0,61)
w(0,1,0,62)
w(6,3,0,63)
w(5,2,0,64)
r(6,10,0,65)
w(4,1,0,66)
r(8,16,0,67)
r(8,16,0,68)
w(12,1,0,69)
r(3,11,0,70)
w(12,2,0,71)
r(9,16,0,72)
r(6,11,0,73)
r(1,22,0,74)
w(11,4,0,75)
r(11,4,0,76)
w(14,2,0,77)
r(11,4,0,78)
w(6,4,0,79)
r(13,6,0,80)
w(8,3,0,81)
w(14,3,0,82)
w(2,1,0,83)
w(1,4,0,84)
r(13,6,0,85)
w(4,2,0,86)
r(3,12,0,87)
w(11,5,0,88)
w(10,4,0,89)
w(1,5,0,90)
r(2,12,0,91)
r(7,13,0,92)
w(4,3,0,93)
r(4,3,0,94)
r(5,11,0,95)
w(12,3,0,96)
w(3,3,0,97)
w(12,4,0,98)
w(3,4,0,99)
w(14,4,0,100)
w(4,4,0,101)
w(2,2,0,102)
r(8,9,0,103)
w(11,7,0,104)
r(1,10,0,105)
r(2,2,0,106)
r(6,23,0,107)
r(1,10,0,108)
r(12,12,0,109)
r(6,23,0,110)
w(13,2,0,111)
w(11,8,0,112)
r(3,8,0,113)
w(9,3,0,114)
r(9,7,0,115)
r(6,15,0,116)
w(4,5,0,117)
r(14,13,0,118)
r(2,2,0,119)
r(8,10,0,120)
r(7,20,0,121)
w(6,5,0,122)
w(4,6,0,123)
w(1,6,0,124)
w(2,3,0,125)
w(2,4,0,126)
w(6,6,0,127)
r(14,18,0,128)
w(8,4,0,129)
w(14,5,0,130)
w(11,9,0,131)
r(12,14,0,132)
r(5,7,0,133)
w(4,7,0,134)
w(6,7,0,135)
r(1,17,0,136)
r(2,19,0,137)
w(9,4,0,138)
w(1,7,0,139)
r(1,7,0,140)
w(7,5,0,141)
w(6,8,0,142)
r(14,5,0,143)
w(14,6,0,144)
r(12,15,0,145)
r(3,21,0,146)
w(0,2,1,147)
r(8,0,1,148)
w(2,5,1,149)
w(7,6,1,150)
r(8,0,1,151)
w(9,5,1,152)
r(13,1,1,153)
w(13,3,1,154)
r(8,12,1,155)
w(5,4,1,156)
w(6,9,1,157)
w(13,4,1,158)
w(10,5,1,159)
w(7,7,1,160)
r(5,13,1,161)
w(12,5,1,162)
w(8,5,1,163)
w(0,3,1,164)
r(11,2,1,165)
w(11,10,1,166)
r(1,20,1,167)
w(11,11,1,168)
w(3,5,1,169)
w(2,6,1,170)
w(3,6,1,171)
r(13,15,1,172)
w(10,6,1,173)
r(6,13,1,174)
r(2,6,1,175)
w(12,6,1,176)
r(10,6,1,177)
r(12,6,1,178)
r(9,5,1,179)
w(0,4,1,180)
w(3,7,1,181)
r(0,9,1,182)
r(6,13,1,183)
r(7,15,1,184)
w(7,8,1,185)
r(2,6,1,186)
w(1,8,1,187)
w(14,7,1,188)
w(13,5,1,189)
w(2,7,1,190)
r(8,15,1,191)
r(5,1,1,192)
r(9,2,1,193)
r(10,3,1,194)
w(11,12,1,195)
r(14,7,1,196)
w(11,13,1,197)
w(2,8,1,198)
r(12,6,1,199)
w(2,9,1,200)
w(12,7,1,201)
w(7,9,1,202)
w(7,10,1,203)
w(6,10,1,204)
w(6,11,1,205)
r(4,1,1,206)
r(4,1,1,207)
w(14,8,1,208)
r(1,22,1,209)
r(12,1,1,210)
r(11,22,1,211)
r(0,1,1,212)
w(11,14,1,213)
r(3,12,1,214)
r(3,12,1,215)
w(0,5,1,216)
w(8,6,1,217)
w(7,11,1,218)
r(8,6,1,219)
r(12,2,1,220)
w(13,6,1,221)
r(9,17,1,222)
w(9,6,1,223)
r(5,10,1,224)
w(2,10,1,225)
w(7,12,1,226)
r(10,17,1,227)
w(8,7,1,228)
w(11,15,1,229)
r(10,17,1,230)
w(11,16,1,231)
w(10,7,1,232)
r(11,5,1,233)
r(3,13,1,234)
w(2,11,1,235)
w(2,12,1,236)
r(4,2,1,237)
w(7,13,1,238)
w(2,13,1,239)
w(11,17,1,240)
r(7,13,1,241)
r(7,13,1,242)
w(8,8,1,243)
r(1,23,1,244)
w(14,9,1,245)
r(5,11,1,246)
w(4,8,1,247)
w(1,9,1,248)
w(1,10,1,249)
r(1,10,1,250)
w(7,14,1,251)
w(10,8,1,252)
r(0,10,1,253)
w(8,9,1,254)
w(8,10,1,255)
w(10,9,1,256)
r(6,23,1,257)
w(3,8,1,258)
r(3,8,1,259)
w(1,11,1,260)
w(9,7,1,261)
r(6,15,1,262)
r(0,8,1,263)
r(13,11,1,264)
r(10,9,1,265)
r(14,4,1,266)
r(2,2,1,267)
w(9,8,1,268)
r(14,13,1,269)
r(9,8,1,270)
w(5,5,1,271)
r(5,5,1,272)
r(12,17,1,273)
r(13,11,1,274)
r(5,5,1,275)
w(4,9,1,276)
r(6,5,1,277)
r(1,15,1,278)
w(1,12,1,279)
r(4,6,1,280)
r(0,8,1,281)
r(13,11,1,282)
w(12,8,1,283)
w(8,11,1,284)
r(10,9,1,285)
r(9,20,1,286)
r(2,4,1,287)
r(12,8,1,288)
w(5,6,1,289)
r(11,21,1,290)
w(0,6,1,291)
w(6,12,1,292)
w(4,11,1,293)
r(1,6,1,294)
w(5,7,1,295)
r(5,0,2,296)
r(5,0,2,297)
r(5,0,2,298)
r(12,0,2,299)
r(11,0,2,300)
w(12,9,2,301)
r(3,0,2,302)
w(3,9,2,303)
w(5,8,2,304)
w(10,10,2,305)
r(3,9,2,306)
w(8,12,2,307)
r(5,8,2,308)
w(14,10,2,309)
r(5,8,2,310)
r(3,9,2,311)
r(14,10,2,312)
w(10,11,2,313)
r(8,12,2,314)
w(4,12,2,315)
w(4,13,2,316)
r(5,13,2,317)
r(9,5,2,318)
r(14,10,2,319)
w(3,10,2,320)
r(3,10,2,321)
w(14,11,2,322)
r(14,11,2,323)
r(3,10,2,324)
w(8,13,2,325)
r(14,1,2,326)
r(10,5,2,327)
w(5,9,2,328)
w(1,13,2,329)
r(5,9,2,330)
w(6,13,2,331)
w(12,10,2,332)
r(6,13,2,333)
r(7,7,2,334)
w(13,8,2,335)
w(8,14,2,336)
r(14,1,2,337)
w(7,15,2,338)
w(10,12,2,339)
r(2,6,2,340)
w(8,15,2,341)
r(6,13,2,342)
w(13,9,2,343)
w(11,18,2,344)
r(7,8,2,345)
w(3,11,2,346)
r(2,7,2,347)
w(7,16,2,348)
w(7,17,2,349)
r(13,5,2,350)
w(1,14,2,351)
r(11,13,2,352)
w(10,13,2,353)
w(8,16,2,354)
w(10,14,2,355)
w(10,15,2,356)
w(9,9,2,357)
w(5,10,2,358)
r(9,16,2,359)
w(10,16,2,360)
r(0,1,2,361)
w(3,12,2,362)
r(5,10,2,363)
r(7,10,2,364)
w(7,18,2,365)
w(0,7,2,366)
w(11,19,2,367)
w(12,11,2,368)
r(9,6,2,369)
r(3,12,2,370)
w(10,17,2,371)
r(12,11,2,372)
r(7,12,2,373)
r(1,22,2,374)
r(3,12,2,375)
r(2,1,2,376)
r(0,7,2,377)
r(7,12,2,378)
w(9,10,2,379)
r(10,17,2,380)
w(2,14,2,381)
w(3,13,2,382)
w(9,11,2,383)
r(1,4,2,384)
w(8,17,2,385)
w(14,12,2,386)
w(9,12,2,387)
w(5,11,2,388)
w(3,14,2,389)
r(9,12,2,390)
w(6,14,2,391)
w(4,14,2,392)
r(12,4,2,393)
w(11,20,2,394)
w(3,15,2,395)
w(12,12,2,396)
w(13,10,2,397)
w(0,8,2,398)
r(10,8,2,399)
w(7,19,2,400)
w(6,15,2,401)
w(13,11,2,402)
r(4,4,2,403)
w(5,12,2,404)
w(11,21,2,405)
r(11,21,2,406)
w(1,15,2,407)
r(0,8,2,408)
w(14,13,2,409)
w(7,20,2,410)
w(8,18,2,411)
r(1,15,2,412)
r(11,21,2,413)
w(2,15,2,414)
w(12,13,2,415)
w(8,19,2,416)
w(13,12,2,417)
r(5,5,2,418)
w(9,13,2,419)
r(3,20,2,420)
w(7,21,2,421)
w(4,15,2,422)
r(7,21,2,423)
w(3,16,2,424)
r(8,11,2,425)
r(1,6,2,426)
r(10,9,2,427)
w(12,14,2,428)
r(13,17,2,429)
r(14,5,2,430)
w(1,16,2,431)
r(11,24,2,432)
w(1,17,2,433)
w(2,16,2,434)
r(10,9,2,435)
r(10,9,2,436)
r(12,14,2,437)
r(4,7,2,438)
r(8,4,2,439)
r(12,14,2,440)
w(12,15,2,441)
r(6,7,2,442)
w(4,16,2,443)
r(12,0,3,444)
w(6,17,3,445)
w(9,14,3,446)
w(1,18,3,447)
w(4,17,3,448)
w(13,13,3,449)
w(10,18,3,450)
w(7,22,3,451)
r(0,2,3,452)
r(13,3,3,453)
w(8,20,3,454)
w(6,18,3,455)
w(5,13,3,456)
r(2,5,3,457)
r(7,7,3,458)
r(13,4,3,459)
w(1,19,3,460)
r(11,2,3,461)
w(13,14,3,462)
r(12,5,3,463)
r(9,5,3,464)
r(4,13,3,465)
w(6,19,3,466)
r(2,5,3,467)
w(1,20,3,468)
r(1,20,3,469)
r(6,19,3,470)
r(10,5,3,471)
r(0,3,3,472)
w(13,15,3,473)
w(6,20,3,474)
w(3,17,3,475)
r(2,6,3,476)
w(12,16,3,477)
r(10,6,3,478)
r(9,5,3,479)
w(3,18,3,480)
r(5,9,3,481)
r(1,13,3,482)
w(8,21,3,483)
w(0,9,3,484)
w(3,19,3,485)
w(13,16,3,486)
w(9,15,3,487)
r(0,9,3,488)
w(5,14,3,489)
w(1,22,3,490)
w(14,14,3,491)
w(6,21,3,492)
r(0,1,3,493)
w(5,15,3,494)
r(5,2,3,495)
w(14,15,3,496)
w(9,16,3,497)
r(2,9,3,498)
w(11,22,3,499)
r(0,1,3,500)
r(6,11,3,501)
r(1,22,3,502)
w(9,17,3,503)
r(7,11,3,504)
r(9,17,3,505)
r(12,2,3,506)
w(14,16,3,507)
r(6,4,3,508)
r(5,10,3,509)
w(8,22,3,510)
r(12,11,3,511)
r(13,6,3,512)
r(6,4,3,513)
w(4,18,3,514)
r(5,10,3,515)
r(10,17,3,516)
w(2,17,3,517)
r(10,17,3,518)
r(9,10,3,519)
r(14,3,3,520)
w(0,10,3,521)
r(12,11,3,522)
r(3,13,3,523)
w(10,19,3,524)
r(9,11,3,525)
r(2,12,3,526)
w(6,22,3,527)
r(0,10,3,528)
w(14,17,3,529)
r(14,17,3,530)
w(1,23,3,531)
w(8,23,3,532)
r(13,6,3,533)
r(5,11,3,534)
r(14,9,3,535)
w(6,23,3,536)
r(1,9,3,537)
r(3,3,3,538)
r(10,19,3,539)
r(0,10,3,540)
r(11,20,3,541)
r(1,10,3,542)
r(3,15,3,543)
r(7,14,3,544)
w(7,23,3,545)
w(9,18,3,546)
r(13,10,3,547)
r(11,7,3,548)
w(7,24,3,549)
r(13,2,3,550)
w(7,25,3,551)
r(12,12,3,552)
r(0,8,3,553)
w(5,16,3,554)
w(12,17,3,555)
w(2,18,3,556)
r(10,9,3,557)
r(7,20,3,558)
w(9,20,3,559)
r(1,12,3,560)
w(6,24,3,561)
w(3,20,3,562)
r(7,20,3,563)
r(14,13,3,564)
w(14,18,3,565)
w(5,17,3,566)
r(4,6,3,567)
w(5,18,3,568)
r(6,6,3,569)
r(2,4,3,570)
w(2,19,3,571)
w(7,26,3,572)
w(6,25,3,573)
w(13,17,3,574)
r(5,7,3,575)
r(1,6,3,576)
r(9,13,3,577)
r(6,25,3,578)
w(11,24,3,579)
w(0,11,3,580)
w(3,21,3,581)
w(5,19,3,582)
w(4,19,3,583)
r(14,5,3,584)
r(13,17,3,585)
w(2,20,3,586)
r(0,11,3,587)
r(9,4,3,588)
w(9,21,3,589)
w(0,12,3,590)
