w(1,1,0,0)
w(2,1,0,0)
w(3,1,0,0)
w(4,1,0,0)
w(5,1,0,0)
w(6,1,0,0)
w(7,1,0,0)
w(8,1,0,0)
w(9,1,0,0)
w(10,1,0,0)
w(11,1,0,0)
w(12,1,0,0)
w(13,1,0,0)
w(14,1,0,0)
w(15,1,0,0)
w(16,1,0,0)
w(17,1,0,0)
w(18,1,0,0)
w(19,1,0,0)
w(20,1,0,0)
w(21,1,0,0)
w(22,1,0,0)
w(23,1,0,0)
w(24,1,0,0)
w(25,1,0,0)
w(26,1,0,0)
w(27,1,0,0)
w(28,1,0,0)
w(29,1,0,0)
w(30,1,0,0)
w(31,1,0,0)
w(32,1,0,0)
w(33,1,0,0)
w(34,1,0,0)
w(35,1,0,0)
w(36,1,0,0)
w(37,1,0,0)
w(38,1,0,0)
w(39,1,0,0)
w(40,1,0,0)
w(41,1,0,0)
w(42,1,0,0)
w(43,1,0,0)
w(44,1,0,0)
w(45,1,0,0)
w(46,1,0,0)
w(47,1,0,0)
w(48,1,0,0)
w(49,1,0,0)
w(50,1,0,0)
w(51,1,0,0)
w(52,1,0,0)
w(53,1,0,0)
w(54,1,0,0)
w(55,1,0,0)
w(56,1,0,0)
w(57,1,0,0)
w(58,1,0,0)
w(59,1,0,0)
w(60,1,0,0)
w(61,1,0,0)
w(62,1,0,0)
w(63,1,0,0)
w(64,1,0,0)
w(65,1,0,0)
w(66,1,0,0)
w(67,1,0,0)
w(68,1,0,0)
w(69,1,0,0)
w(70,1,0,0)
w(71,1,0,0)
w(72,1,0,0)
w(73,1,0,0)
w(74,1,0,0)
w(75,1,0,0)
w(76,1,0,0)
w(77,1,0,0)
w(78,1,0,0)
w(79,1,0,0)
w(80,1,0,0)
w(81,1,0,0)
w(82,1,0,0)
w(83,1,0,0)
w(84,1,0,0)
w(85,1,0,0)
w(86,1,0,0)
w(87,1,0,0)
w(88,1,0,0)
w(89,1,0,0)
w(90,1,0,0)
w(91,1,0,0)
w(92,1,0,0)
w(93,1,0,0)
w(94,1,0,0)
w(95,1,0,0)
w(96,1,0,0)
w(97,1,0,0)
w(98,1,0,0)
w(99,1,0,0)
w(100,1,0,0)
w(101,1,0,0)
w(102,1,0,0)
w(103,1,0,0)
w(104,1,0,0)
w(105,1,0,0)
w(106,1,0,0)
w(107,1,0,0)
w(108,1,0,0)
w(109,1,0,0)
w(110,1,0,0)
w(111,1,0,0)
w(112,1,0,0)
w(113,1,0,0)
w(114,1,0,0)
w(115,1,0,0)
w(116,1,0,0)
w(117,1,0,0)
w(118,1,0,0)
w(119,1,0,0)
w(120,1,0,0)
w(121,1,0,0)
w(122,1,0,0)
w(123,1,0,0)
w(124,1,0,0)
w(125,1,0,0)
w(126,1,0,0)
w(127,1,0,0)
w(128,1,0,0)
w(129,1,0,0)
w(130,1,0,0)
w(131,1,0,0)
w(132,1,0,0)
w(133,1,0,0)
w(134,1,0,0)
w(135,1,0,0)
w(136,1,0,0)
w(137,1,0,0)
w(138,1,0,0)
w(139,1,0,0)
w(140,1,0,0)
w(141,1,0,0)
w(142,1,0,0)
w(143,1,0,0)
w(144,1,0,0)
w(145,1,0,0)
w(146,1,0,0)
w(147,1,0,0)
w(148,1,0,0)
w(149,1,0,0)
w(150,1,0,0)
w(151,1,0,0)
w(152,1,0,0)
w(153,1,0,0)
w(154,1,0,0)
w(155,1,0,0)
w(156,1,0,0)
w(157,1,0,0)
w(158,1,0,0)
w(159,1,0,0)
w(160,1,0,0)
w(161,1,0,0)
w(162,1,0,0)
w(163,1,0,0)
w(164,1,0,0)
w(165,1,0,0)
w(166,1,0,0)
w(167,1,0,0)
w(168,1,0,0)
w(169,1,0,0)
w(170,1,0,0)
w(171,1,0,0)
w(172,1,0,0)
w(173,1,0,0)
w(174,1,0,0)
w(175,1,0,0)
w(176,1,0,0)
w(177,1,0,0)
w(178,1,0,0)
w(179,1,0,0)
w(180,1,0,0)
w(17,2,1,1)
r(118,1,1,1)
w(2,2,1,1)
r(29,1,1,1)
r(158,1,1,1)
r(29,1,1,1)
r(92,1,1,1)
r(45,1,1,1)
w(23,2,1,1)
r(170,1,1,1)
w(5,2,1,1)
w(1,2,1,1)
w(39,2,1,1)
r(69,1,1,1)
w(45,2,1,1)
w(37,2,1,1)
r(103,1,1,1)
w(40,2,1,1)
r(10,1,1,1)
r(162,1,1,1)
r(8,1,2,2)
w(78,2,2,2)
r(138,1,2,2)
r(75,1,2,2)
w(70,2,2,2)
r(10,1,2,2)
r(46,1,2,2)
w(97,2,2,2)
w(66,2,2,2)
w(79,2,2,2)
w(95,2,2,2)
w(104,2,2,2)
r(135,1,2,2)
r(61,1,2,2)
r(82,1,2,2)
w(61,2,2,2)
r(108,1,2,2)
r(22,1,2,2)
r(136,1,2,2)
r(93,1,2,2)
r(100,1,3,3)
w(178,2,3,3)
w(134,2,3,3)
w(121,2,3,3)
r(68,1,3,3)
w(125,2,3,3)
r(127,1,3,3)
r(72,1,3,3)
r(158,1,3,3)
w(133,2,3,3)
r(86,1,3,3)
w(156,2,3,3)
r(55,1,3,3)
r(3,1,3,3)
w(122,2,3,3)
r(130,1,3,3)
w(164,2,3,3)
r(22,1,3,3)
r(135,1,3,3)
r(96,1,3,3)
r(31,1,1,4)
r(124,1,1,4)
w(8,2,1,4)
w(37,3,1,4)
r(71,1,1,4)
r(74,1,1,4)
r(122,2,1,4)
r(90,1,1,4)
w(26,2,1,4)
r(77,1,1,4)
r(12,1,1,4)
r(90,1,1,4)
w(35,2,1,4)
r(27,1,1,4)
w(45,3,1,4)
r(83,1,1,4)
w(2,3,1,4)
w(15,2,1,4)
w(50,2,1,4)
w(17,3,1,4)
r(5,2,2,5)
r(137,1,2,5)
r(29,1,2,5)
w(114,2,2,5)
r(93,1,2,5)
r(148,1,2,5)
w(68,2,2,5)
w(105,2,2,5)
r(59,1,2,5)
w(87,2,2,5)
r(46,1,2,5)
w(70,3,2,5)
r(125,2,2,5)
r(60,1,2,5)
w(79,3,2,5)
w(75,2,2,5)
r(85,1,2,5)
w(79,4,2,5)
w(117,2,2,5)
w(97,3,2,5)
r(115,1,3,6)
r(149,1,3,6)
w(158,2,3,6)
w(147,2,3,6)
w(151,2,3,6)
w(124,2,3,6)
r(105,1,3,6)
w(179,2,3,6)
w(154,2,3,6)
w(151,3,3,6)
r(120,1,3,6)
w(176,2,3,6)
r(90,1,3,6)
r(79,2,3,6)
w(124,3,3,6)
w(150,2,3,6)
w(172,2,3,6)
r(113,1,3,6)
r(50,2,3,6)
r(138,1,3,6)
w(22,2,1,7)
r(79,4,1,7)
r(55,1,1,7)
r(17,3,1,7)
w(56,2,1,7)
w(36,2,1,7)
r(106,1,1,7)
r(108,1,1,7)
r(135,1,1,7)
r(157,1,1,7)
w(59,2,1,7)
r(48,1,1,7)
r(13,1,1,7)
r(86,1,1,7)
w(52,2,1,7)
w(38,2,1,7)
r(168,1,1,7)
w(18,2,1,7)
w(45,4,1,7)
r(33,1,1,7)
w(89,2,2,8)
r(73,1,2,8)
r(138,1,2,8)
w(117,3,2,8)
w(66,3,2,8)
w(110,2,2,8)
w(109,2,2,8)
w(118,2,2,8)
r(3,1,2,8)
r(165,2,2,8)
w(67,2,2,8)
r(132,1,2,8)
r(90,1,2,8)
r(29,1,2,8)
r(170,1,2,8)
r(111,1,2,8)
w(106,2,2,8)
r(101,1,2,8)
r(59,2,2,8)
w(68,3,2,8)
w(159,2,3,9)
w(163,2,3,9)
w(165,2,3,9)
w(173,2,3,9)
w(147,3,3,9)
w(173,3,3,9)
r(47,1,3,9)
r(104,2,3,9)
r(165,2,3,9)
r(57,1,3,9)
w(123,2,3,9)
w(147,4,3,9)
r(94,1,3,9)
r(77,1,3,9)
r(19,1,3,9)
w(159,3,3,9)
w(159,4,3,9)
w(174,2,3,9)
r(128,1,3,9)
r(102,1,3,9)
r(45,4,1,10)
r(84,1,1,10)
w(49,2,1,10)
r(91,1,1,10)
w(5,3,1,10)
r(19,1,1,10)
r(147,4,1,10)
w(20,2,1,10)
r(70,3,1,10)
r(49,2,1,10)
r(141,1,1,10)
w(20,3,1,10)
r(145,1,1,10)
w(26,3,1,10)
w(23,3,1,10)
w(16,2,1,10)
w(25,2,1,10)
w(29,2,1,10)
w(23,4,1,10)
w(44,2,1,10)
r(48,1,2,11)
w(100,2,2,11)
r(38,2,2,11)
w(66,4,2,11)
r(28,1,2,11)
r(142,1,2,11)
r(36,2,2,11)
w(110,3,2,11)
r(44,2,2,11)
r(170,1,2,11)
r(88,1,2,11)
w(117,4,2,11)
r(180,1,2,11)
w(118,3,2,11)
w(114,3,2,11)
r(16,2,2,11)
r(53,1,2,11)
r(35,2,2,11)
r(178,2,2,11)
r(140,2,2,11)
w(125,3,3,12)
w(152,2,3,12)
r(82,1,3,12)
r(129,1,3,12)
r(90,1,3,12)
w(139,2,3,12)
w(155,2,3,12)
w(166,2,3,12)
r(7,1,3,12)
r(12,1,3,12)
r(156,2,3,12)
w(140,2,3,12)
w(143,2,3,12)
r(97,3,3,12)
w(145,2,3,12)
r(136,1,3,12)
r(45,4,3,12)
w(141,2,3,12)
r(2,3,3,12)
r(123,2,3,12)
r(143,2,1,13)
r(133,2,1,13)
r(28,1,1,13)
w(51,2,1,13)
r(43,1,1,13)
r(31,1,1,13)
r(15,2,1,13)
r(23,4,1,13)
w(6,2,1,13)
w(41,2,1,13)
w(15,3,1,13)
r(145,2,1,13)
r(15,3,1,13)
w(6,3,1,13)
r(161,1,1,13)
w(59,3,1,13)
w(22,3,1,13)
r(115,1,1,13)
w(26,4,1,13)
r(3,1,1,13)
w(89,3,2,14)
r(4,1,2,14)
r(16,2,2,14)
w(71,2,2,14)
w(88,2,2,14)
w(71,3,2,14)
r(148,1,2,14)
r(125,3,2,14)
r(164,2,2,14)
w(113,2,2,14)
r(101,1,2,14)
r(171,2,2,14)
r(105,2,2,14)
r(109,2,2,14)
r(55,1,2,14)
r(76,1,2,14)
r(13,1,2,14)
w(120,2,2,14)
r(26,4,2,14)
w(63,2,2,14)
r(30,1,3,15)
r(133,2,3,15)
r(132,1,3,15)
r(178,2,3,15)
w(171,2,3,15)
r(64,1,3,15)
w(129,2,3,15)
r(49,2,3,15)
r(78,2,3,15)
w(176,3,3,15)
r(91,1,3,15)
r(55,1,3,15)
r(64,1,3,15)
r(69,1,3,15)
w(162,2,3,15)
r(142,1,3,15)
r(129,2,3,15)
r(109,2,3,15)
w(167,2,3,15)
r(16,2,3,15)
w(43,2,1,16)
r(143,3,1,16)
r(23,4,1,16)
r(18,2,1,16)
w(11,2,1,16)
r(153,1,1,16)
w(19,2,1,16)
w(20,4,1,16)
r(138,1,1,16)
r(172,2,1,16)
w(41,3,1,16)
r(102,2,1,16)
w(49,3,1,16)
r(91,2,1,16)
w(34,2,1,16)
r(59,3,1,16)
w(57,2,1,16)
w(58,2,1,16)
w(51,3,1,16)
r(70,3,1,16)
w(109,3,2,17)
w(102,2,2,17)
r(76,1,2,17)
w(81,2,2,17)
w(90,2,2,17)
r(145,2,2,17)
r(176,3,2,17)
r(52,2,2,17)
r(79,4,2,17)
w(109,4,2,17)
w(94,2,2,17)
w(91,2,2,17)
r(107,1,2,17)
r(27,1,2,17)
r(125,3,2,17)
r(68,3,2,17)
r(167,3,2,17)
r(36,2,2,17)
r(25,2,2,17)
r(145,2,2,17)
w(175,2,3,18)
w(177,2,3,18)
w(146,2,3,18)
w(137,2,3,18)
r(95,2,3,18)
r(163,2,3,18)
r(162,2,3,18)
w(133,3,3,18)
w(167,3,3,18)
r(128,1,3,18)
r(95,2,3,18)
w(136,2,3,18)
r(49,2,3,18)
r(82,1,3,18)
w(144,2,3,18)
r(67,2,3,18)
r(48,1,3,18)
r(131,1,3,18)
w(147,5,3,18)
r(31,1,3,18)
w(40,3,1,19)
w(23,5,1,19)
w(23,6,1,19)
r(179,2,1,19)
w(33,2,1,19)
r(47,1,1,19)
r(122,2,1,19)
r(100,2,1,19)
w(53,2,1,19)
w(28,2,1,19)
r(44,2,1,19)
w(31,2,1,19)
w(43,3,1,19)
r(112,1,1,19)
w(5,4,1,19)
r(146,2,1,19)
r(1,2,1,19)
r(19,2,1,19)
r(90,2,1,19)
w(49,4,1,19)
r(40,3,2,20)
w(101,2,2,20)
w(104,3,2,20)
r(33,2,2,20)
w(77,2,2,20)
w(76,2,2,20)
w(119,2,2,20)
r(7,1,2,20)
r(55,1,2,20)
w(107,2,2,20)
w(73,2,2,20)
w(105,3,2,20)
r(68,3,2,20)
r(104,3,2,20)
w(118,4,2,20)
w(73,3,2,20)
w(80,2,2,20)
w(117,5,2,20)
w(78,3,2,20)
r(22,3,2,20)
w(131,2,3,21)
r(49,2,3,21)
r(147,5,3,21)
r(145,2,3,21)
w(177,3,3,21)
r(20,3,3,21)
r(38,2,3,21)
w(148,2,3,21)
w(132,2,3,21)
r(99,1,3,21)
w(180,2,3,21)
w(143,3,3,21)
r(125,3,3,21)
w(125,4,3,21)
r(63,2,3,21)
r(76,1,3,21)
r(85,1,3,21)
w(158,3,3,21)
w(159,5,3,21)
r(5,3,3,21)
w(45,5,1,22)
r(87,2,1,22)
r(95,2,1,22)
w(34,3,1,22)
r(176,3,1,22)
w(4,2,1,22)
r(46,1,1,22)
w(43,4,1,22)
w(40,4,1,22)
r(1,2,1,22)
r(91,2,1,22)
w(59,4,1,22)
w(29,3,1,22)
w(54,2,1,22)
r(56,2,1,22)
w(11,3,1,22)
w(6,4,1,22)
w(40,5,1,22)
r(48,1,1,22)
r(4,2,1,22)
r(35,2,2,23)
r(127,1,2,23)
w(66,5,2,23)
w(87,3,2,23)
w(75,3,2,23)
r(11,4,2,23)
r(95,2,2,23)
r(151,3,2,23)
w(79,5,2,23)
w(110,4,2,23)
r(48,1,2,23)
r(41,3,2,23)
r(89,3,2,23)
r(107,2,2,23)
r(157,2,2,23)
r(3,1,2,23)
r(162,2,2,23)
w(116,2,2,23)
w(119,3,2,23)
w(82,2,2,23)
w(169,2,3,24)
r(146,2,3,24)
w(172,3,3,24)
r(81,2,3,24)
w(155,3,3,24)
r(105,2,3,24)
r(3,1,3,24)
r(19,2,3,24)
r(29,2,3,24)
w(125,5,3,24)
w(163,3,3,24)
r(72,1,3,24)
r(143,3,3,24)
r(2,3,3,24)
w(143,4,3,24)
w(178,3,3,24)
w(148,3,3,24)
r(21,1,3,24)
r(94,2,3,24)
r(41,3,3,24)
r(26,4,1,25)
r(63,2,1,25)
r(39,2,1,25)
r(117,5,1,25)
w(56,3,1,25)
r(10,1,1,25)
w(33,3,1,25)
w(31,3,1,25)
w(11,4,1,25)
w(34,4,1,25)
w(23,7,1,25)
r(92,1,1,25)
r(71,3,1,25)
r(12,1,1,25)
w(2,4,1,25)
r(113,2,1,25)
r(144,2,1,25)
w(29,4,1,25)
w(28,3,1,25)
w(52,3,1,25)
w(79,6,2,26)
w(120,3,2,26)
r(9,1,2,26)
r(52,3,2,26)
w(102,3,2,26)
r(104,3,2,26)
w(105,4,2,26)
w(103,2,2,26)
r(71,3,2,26)
w(116,3,2,26)
w(70,4,2,26)
r(36,2,2,26)
w(99,2,2,26)
r(134,2,2,26)
r(1,2,2,26)
w(107,3,2,26)
r(61,2,2,26)
w(91,3,2,26)
w(69,2,2,26)
r(62,1,2,26)
r(16,2,3,27)
w(131,3,3,27)
w(166,3,3,27)
r(88,2,3,27)
w(153,2,3,27)
r(98,1,3,27)
r(127,1,3,27)
w(180,3,3,27)
w(142,2,3,27)
w(177,4,3,27)
w(157,2,3,27)
w(142,3,3,27)
w(150,3,3,27)
r(93,1,3,27)
w(137,3,3,27)
r(14,1,3,27)
r(93,1,3,27)
w(140,3,3,27)
r(171,2,3,27)
w(126,2,3,27)
w(60,2,1,28)
r(175,2,1,28)
w(32,2,1,28)
r(83,1,1,28)
r(20,4,1,28)
w(57,3,1,28)
w(57,4,1,28)
w(31,4,1,28)
w(20,5,1,28)
w(14,2,1,28)
r(65,1,1,28)
w(55,2,1,28)
w(54,3,1,28)
w(56,4,1,28)
r(94,2,1,28)
w(25,3,1,28)
r(176,3,1,28)
w(51,4,1,28)
w(24,2,1,28)
r(99,1,1,28)
r(64,1,2,29)
r(117,5,2,29)
w(63,3,2,29)
w(64,2,2,29)
r(165,2,2,29)
r(132,2,2,29)
r(47,1,2,29)
r(56,4,2,29)
w(103,3,2,29)
r(3,1,2,29)
r(166,4,2,29)
r(105,4,2,29)
w(86,2,2,29)
w(81,3,2,29)
r(43,4,2,29)
r(140,5,2,29)
w(85,2,2,29)
r(99,2,2,29)
w(86,3,2,29)
w(81,4,2,29)
w(180,4,3,30)
r(147,5,3,30)
w(179,3,3,30)
r(44,2,3,30)
w(128,2,3,30)
r(179,3,3,30)
w(147,6,3,30)
w(146,3,3,30)
w(151,4,3,30)
w(148,4,3,30)
w(170,2,3,30)
w(167,4,3,30)
r(154,2,3,30)
r(44,2,3,30)
r(157,2,3,30)
w(174,3,3,30)
w(145,3,3,30)
w(140,4,3,30)
r(97,3,3,30)
r(42,1,3,30)
r(166,4,1,31)
r(174,3,1,31)
w(12,2,1,31)
w(53,3,1,31)
r(74,1,1,31)
w(5,5,1,31)
r(163,3,1,31)
w(21,2,1,31)
w(11,5,1,31)
r(166,4,1,31)
w(10,2,1,31)
r(118,4,1,31)
r(84,1,1,31)
r(106,2,1,31)
r(127,2,1,31)
r(142,3,1,31)
r(4,2,1,31)
w(31,5,1,31)
r(21,2,1,31)
r(97,3,1,31)
r(98,1,2,32)
w(82,3,2,32)
r(19,2,2,32)
r(15,3,2,32)
w(64,3,2,32)
w(95,3,2,32)
r(33,3,2,32)
r(95,3,2,32)
w(72,2,2,32)
w(117,6,2,32)
w(62,2,2,32)
r(90,2,2,32)
w(85,3,2,32)
w(106,3,2,32)
w(106,4,2,32)
w(71,4,2,32)
r(93,1,2,32)
r(99,2,2,32)
w(105,5,2,32)
w(64,4,2,32)
w(166,4,3,33)
r(70,4,3,33)
w(162,3,3,33)
w(177,5,3,33)
w(130,2,3,33)
r(35,2,3,33)
w(145,4,3,33)
r(64,1,3,33)
w(127,2,3,33)
w(140,5,3,33)
w(123,3,3,33)
r(25,3,3,33)
r(108,1,3,33)
r(63,2,3,33)
r(79,6,3,33)
r(35,2,3,33)
r(16,2,3,33)
r(16,2,3,33)
r(113,2,3,33)
w(121,3,3,33)
r(179,3,1,34)
r(166,4,1,34)
r(61,2,1,34)
w(27,2,1,34)
w(11,6,1,34)
w(36,3,1,34)
w(18,3,1,34)
r(118,4,1,34)
w(20,6,1,34)
r(20,6,1,34)
w(36,4,1,34)
w(25,4,1,34)
r(75,3,1,34)
r(126,2,1,34)
r(55,2,1,34)
r(146,3,1,34)
r(147,6,1,34)
r(123,3,1,34)
r(40,5,1,34)
w(42,2,1,34)
r(157,2,2,35)
r(10,2,2,35)
r(151,4,2,35)
r(106,4,2,35)
w(107,4,2,35)
r(163,4,2,35)
w(83,2,2,35)
r(47,1,2,35)
r(162,3,2,35)
w(96,2,2,35)
w(72,3,2,35)
w(80,3,2,35)
r(114,3,2,35)
r(126,2,2,35)
r(126,2,2,35)
r(136,2,2,35)
r(152,2,2,35)
w(66,6,2,35)
r(54,3,2,35)
r(23,7,2,35)
r(96,1,3,36)
w(137,4,3,36)
r(114,3,3,36)
r(54,3,3,36)
r(100,2,3,36)
r(176,3,3,36)
r(85,2,3,36)
r(15,3,3,36)
r(108,1,3,36)
r(140,5,3,36)
r(109,4,3,36)
w(163,4,3,36)
w(130,3,3,36)
w(134,3,3,36)
r(175,2,3,36)
r(78,3,3,36)
w(177,6,3,36)
w(177,7,3,36)
w(145,5,3,36)
r(120,3,3,36)
w(19,3,1,37)
w(6,5,1,37)
r(93,1,1,37)
r(95,3,1,37)
w(51,5,1,37)
r(95,3,1,37)
w(12,3,1,37)
w(43,5,1,37)
w(13,2,1,37)
w(24,3,1,37)
w(11,7,1,37)
w(50,3,1,37)
w(25,5,1,37)
w(17,4,1,37)
w(53,4,1,37)
r(113,2,1,37)
w(32,3,1,37)
r(142,3,1,37)
w(42,3,1,37)
w(45,6,1,37)
r(102,3,2,38)
r(85,3,2,38)
r(34,4,2,38)
r(67,2,2,38)
w(118,5,2,38)
w(95,4,2,38)
w(112,2,2,38)
w(78,4,2,38)
r(68,3,2,38)
r(9,1,2,38)
w(63,4,2,38)
w(109,5,2,38)
w(107,5,2,38)
r(149,2,2,38)
r(12,3,2,38)
r(155,3,2,38)
r(100,2,2,38)
w(64,5,2,38)
r(82,3,2,38)
w(109,6,2,38)
w(138,2,3,39)
w(140,6,3,39)
r(86,3,3,39)
r(47,1,3,39)
w(180,5,3,39)
w(180,6,3,39)
r(5,5,3,39)
w(132,3,3,39)
w(140,7,3,39)
w(170,3,3,39)
w(179,4,3,39)
r(173,3,3,39)
r(72,2,3,39)
w(149,2,3,39)
w(147,7,3,39)
r(86,3,3,39)
r(62,2,3,39)
r(81,4,3,39)
r(88,2,3,39)
r(109,4,3,39)
r(36,4,1,40)
w(3,2,1,40)
r(145,5,1,40)
r(17,4,1,40)
w(15,4,1,40)
w(34,5,1,40)
r(40,5,1,40)
w(11,8,1,40)
w(7,2,1,40)
w(40,6,1,40)
r(34,5,1,40)
w(41,4,1,40)
r(75,3,1,40)
w(43,6,1,40)
w(37,4,1,40)
r(19,3,1,40)
w(21,3,1,40)
r(46,1,1,40)
w(26,5,1,40)
r(178,3,1,40)
w(117,7,2,41)
r(39,2,2,41)
w(100,3,2,41)
w(71,5,2,41)
r(165,2,2,41)
r(113,2,2,41)
w(68,4,2,41)
w(80,4,2,41)
r(100,3,2,41)
r(27,2,2,41)
r(27,2,2,41)
w(81,5,2,41)
r(165,2,2,41)
w(102,4,2,41)
w(101,3,2,41)
w(74,2,2,41)
r(100,3,2,41)
r(67,2,2,41)
w(90,3,2,41)
w(75,4,2,41)
r(164,2,3,42)
r(41,4,3,42)
w(178,4,3,42)
w(174,4,3,42)
r(59,4,3,42)
w(135,2,3,42)
r(21,3,3,42)
r(42,3,3,42)
r(134,3,3,42)
w(132,4,3,42)
w(160,2,3,42)
w(143,5,3,42)
w(146,4,3,42)
w(170,4,3,42)
w(166,5,3,42)
r(66,6,3,42)
r(101,2,3,42)
r(27,2,3,42)
r(31,5,3,42)
r(47,1,3,42)
r(104,3,1,43)
w(47,2,1,43)
r(156,2,1,43)
w(12,4,1,43)
r(172,3,1,43)
w(26,6,1,43)
r(39,2,1,43)
r(1,2,1,43)
r(106,4,1,43)
r(6,5,1,43)
w(43,7,1,43)
w(16,3,1,43)
w(2,5,1,43)
w(9,2,1,43)
r(66,6,1,43)
w(59,5,1,43)
w(23,8,1,43)
w(26,7,1,43)
r(38,2,1,43)
w(32,4,1,43)
r(157,2,2,44)
r(79,6,2,44)
w(67,3,2,44)
w(67,4,2,44)
w(68,5,2,44)
w(78,5,2,44)
r(103,3,2,44)
r(128,2,2,44)
r(49,4,2,44)
r(81,5,2,44)
w(103,4,2,44)
r(67,4,2,44)
w(81,6,2,44)
r(100,3,2,44)
r(163,4,2,44)
w(84,2,2,44)
w(112,3,2,44)
w(111,2,2,44)
w(87,4,2,44)
w(71,6,2,44)
w(143,6,3,45)
r(34,5,3,45)
w(154,3,3,45)
r(107,5,3,45)
w(152,3,3,45)
w(166,6,3,45)
w(140,8,3,45)
r(55,2,3,45)
w(172,4,3,45)
r(31,5,3,45)
w(149,3,3,45)
w(152,4,3,45)
r(38,2,3,45)
w(142,4,3,45)
w(174,5,3,45)
w(129,3,3,45)
w(166,7,3,45)
w(175,3,3,45)
r(177,7,3,45)
w(165,3,3,45)
r(7,2,1,46)
w(38,3,1,46)
r(174,5,1,46)
r(146,4,1,46)
r(8,2,1,46)
r(161,1,1,46)
r(25,5,1,46)
r(128,2,1,46)
r(107,5,1,46)
r(120,3,1,46)
r(117,7,1,46)
r(27,2,1,46)
w(14,3,1,46)
w(29,5,1,46)
r(32,4,1,46)
w(21,4,1,46)
w(27,3,1,46)
r(136,2,1,46)
w(7,3,1,46)
r(165,3,1,46)
r(8,2,2,47)
w(107,6,2,47)
r(95,4,2,47)
r(20,6,2,47)
w(71,7,2,47)
w(112,4,2,47)
r(48,1,2,47)
r(148,4,2,47)
r(169,2,2,47)
w(82,4,2,47)
w(97,4,2,47)
r(10,3,2,47)
w(108,2,2,47)
w(85,4,2,47)
r(107,6,2,47)
w(115,2,2,47)
w(67,5,2,47)
r(86,3,2,47)
w(77,3,2,47)
w(109,7,2,47)
w(167,5,3,48)
r(127,2,3,48)
r(6,5,3,48)
r(72,3,3,48)
w(140,9,3,48)
r(176,3,3,48)
r(28,3,3,48)
r(81,6,3,48)
r(155,3,3,48)
r(146,4,3,48)
w(176,4,3,48)
r(67,4,3,48)
w(35,3,1,49)
r(20,6,1,49)
r(171,2,1,49)
w(3,3,1,49)
w(37,5,1,49)
r(56,4,1,49)
r(121,3,1,49)
r(66,6,1,49)
r(94,2,1,49)
w(15,5,1,49)
w(10,3,1,49)
w(30,2,1,49)
r(4,2,1,49)
r(99,2,1,49)
w(1,3,1,49)
r(59,5,1,49)
r(90,3,1,49)
r(18,3,1,49)
r(143,6,1,49)
w(6,6,1,49)
w(80,5,2,50)
r(64,5,2,50)
r(80,5,2,50)
w(91,4,2,50)
r(93,1,2,50)
w(66,7,2,50)
r(93,1,2,50)
w(94,3,2,50)
r(169,2,2,50)
r(78,5,2,50)
w(105,6,2,50)
r(99,2,2,50)
w(89,4,2,50)
w(114,4,2,50)
w(87,5,2,50)
w(105,7,2,50)
w(87,6,2,50)
r(101,3,2,50)
w(93,2,2,50)
r(87,6,2,50)
r(148,4,3,51)
w(149,4,3,51)
w(141,3,3,51)
r(172,4,3,51)
r(121,3,3,51)
w(128,3,3,51)
w(154,4,3,51)
w(166,8,3,51)
w(131,4,3,51)
r(100,3,3,51)
r(13,2,3,51)
w(167,6,3,51)
w(140,11,3,51)
r(10,3,3,51)
r(93,1,3,51)
w(132,5,3,51)
r(134,3,3,51)
r(14,3,3,51)
r(100,3,3,51)
w(140,10,3,51)
r(87,4,1,52)
r(137,4,1,52)
w(39,3,1,52)
r(115,1,1,52)
r(175,3,1,52)
r(1,3,1,52)
w(57,5,1,52)
w(23,9,1,52)
r(44,2,1,52)
w(57,6,1,52)
r(114,3,1,52)
r(83,2,1,52)
w(32,5,1,52)
w(1,4,1,52)
r(57,6,1,52)
w(60,3,1,52)
r(7,3,1,52)
r(102,4,1,52)
r(107,5,1,52)
w(53,5,1,52)
w(99,3,2,53)
r(102,4,2,53)
r(70,4,2,53)
r(77,3,2,53)
r(17,4,2,53)
r(37,5,2,53)
w(69,3,2,53)
r(157,2,2,53)
r(28,3,2,53)
w(107,7,2,53)
r(37,5,2,53)
w(85,5,2,53)
r(133,3,2,53)
r(137,4,2,53)
r(116,3,2,53)
w(82,5,2,53)
r(104,3,2,53)
w(102,5,2,53)
w(115,3,2,53)
w(82,6,2,53)
w(131,5,3,54)
w(156,3,3,54)
w(163,5,3,54)
r(79,6,3,54)
r(62,2,3,54)
w(177,8,3,54)
r(35,3,3,54)
r(119,3,3,54)
w(130,4,3,54)
w(136,3,3,54)
w(137,5,3,54)
r(151,4,3,54)
w(167,7,3,54)
r(95,4,3,54)
w(155,4,3,54)
r(69,3,3,54)
w(141,4,3,54)
w(169,3,3,54)
w(148,5,3,54)
w(157,3,3,54)
w(5,6,1,55)
r(75,4,1,55)
r(21,4,1,55)
w(59,6,1,55)
w(16,4,1,55)
w(4,3,1,55)
w(18,4,1,55)
r(131,4,1,55)
r(56,4,1,55)
r(146,4,1,55)
w(11,9,1,55)
w(12,5,1,55)
w(36,5,1,55)
r(5,6,1,55)
r(118,5,1,55)
r(172,4,1,55)
w(15,6,1,55)
r(105,7,1,55)
r(154,4,1,55)
r(120,3,1,55)
w(82,7,2,56)
w(63,5,2,56)
r(130,4,2,56)
w(86,4,2,56)
w(99,4,2,56)
r(10,3,2,56)
r(121,3,2,56)
w(63,6,2,56)
w(109,8,2,56)
r(29,5,2,56)
w(70,5,2,56)
r(20,6,2,56)
r(110,4,2,56)
r(14,3,2,56)
r(18,5,2,56)
w(118,6,2,56)
r(7,3,2,56)
w(97,5,2,56)
w(107,8,2,56)
w(93,3,2,56)
r(161,1,3,57)
w(180,8,3,57)
r(115,3,3,57)
w(135,3,3,57)
r(62,2,3,57)
w(121,4,3,57)
r(50,4,3,57)
w(178,5,3,57)
w(122,3,3,57)
r(42,3,3,57)
r(56,4,3,57)
w(172,5,3,57)
r(74,2,3,57)
w(167,8,3,57)
r(9,3,3,57)
r(45,6,3,57)
r(153,2,3,57)
r(148,5,3,57)
r(107,8,3,57)
r(128,3,3,57)
r(166,8,1,58)
w(41,5,1,58)
r(165,3,1,58)
r(51,5,1,58)
w(57,7,1,58)
w(18,5,1,58)
r(91,4,1,58)
w(43,8,1,58)
r(179,4,1,58)
r(53,5,1,58)
r(138,2,1,58)
r(12,5,1,58)
w(9,3,1,58)
w(33,4,1,58)
w(25,6,1,58)
w(19,4,1,58)
r(116,3,1,58)
r(5,6,1,58)
r(178,4,1,58)
w(53,6,1,58)
w(117,8,2,59)
r(64,5,2,59)
r(90,3,2,59)
w(114,5,2,59)
r(61,2,2,59)
r(45,6,2,59)
w(88,3,2,59)
r(15,6,2,59)
w(106,5,2,59)
w(74,3,2,59)
r(160,2,2,59)
r(161,1,2,59)
r(61,2,2,59)
r(92,1,2,59)
r(52,3,2,59)
w(115,4,2,59)
w(116,4,2,59)
w(79,7,2,59)
r(18,6,2,59)
r(32,6,2,59)
r(58,3,3,60)
r(83,2,3,60)
w(150,4,3,60)
w(178,6,3,60)
w(153,3,3,60)
w(137,6,3,60)
r(164,2,3,60)
w(175,4,3,60)
r(170,4,3,60)
w(133,4,3,60)
r(97,5,3,60)
w(147,9,3,60)
w(180,9,3,60)
w(171,3,3,60)
w(171,4,3,60)
w(146,5,3,60)
r(95,4,3,60)
w(180,11,3,60)
r(5,7,3,60)
r(77,3,3,60)
w(39,4,1,61)
w(46,2,1,61)
w(18,6,1,61)
w(41,6,1,61)
r(145,5,1,61)
w(59,7,1,61)
r(131,5,1,61)
w(57,8,1,61)
w(38,4,1,61)
w(50,4,1,61)
r(74,2,1,61)
r(44,2,1,61)
r(168,1,1,61)
w(34,6,1,61)
w(13,3,1,61)
w(59,8,1,61)
r(97,5,1,61)
w(32,6,1,61)
w(41,7,1,61)
w(22,4,1,61)
r(62,2,2,62)
r(50,4,2,62)
r(67,5,2,62)
w(79,8,2,62)
w(61,3,2,62)
r(21,4,2,62)
w(109,9,2,62)
r(151,4,2,62)
w(61,4,2,62)
w(87,7,2,62)
r(121,4,2,62)
w(112,5,2,62)
w(64,6,2,62)
r(128,3,2,62)
w(75,5,2,62)
w(96,3,2,62)
w(96,4,2,62)
r(170,4,2,62)
r(37,6,2,62)
r(33,5,2,62)
r(64,6,3,63)
r(85,5,3,63)
r(137,6,3,63)
r(149,4,3,63)
w(157,4,3,63)
w(135,4,3,63)
w(152,5,3,63)
r(94,3,3,63)
r(103,4,3,63)
w(136,4,3,63)
w(154,5,3,63)
w(150,5,3,63)
w(145,6,3,63)
w(128,4,3,63)
r(78,6,3,63)
w(147,11,3,63)
w(177,9,3,63)
r(174,5,3,63)
r(44,2,3,63)
w(122,4,3,63)
w(27,4,1,64)
r(71,7,1,64)
r(110,4,1,64)
r(33,4,1,64)
r(142,4,1,64)
w(27,5,1,64)
w(10,4,1,64)
w(22,5,1,64)
w(20,7,1,64)
r(122,3,1,64)
w(33,5,1,64)
w(60,4,1,64)
r(91,4,1,64)
r(1,4,1,64)
r(179,4,1,64)
r(36,5,1,64)
r(114,5,1,64)
w(31,6,1,64)
r(8,2,1,64)
w(10,5,1,64)
r(50,4,2,65)
r(44,2,2,65)
w(78,6,2,65)
w(91,5,2,65)
r(143,6,2,65)
r(174,5,2,65)
w(111,3,2,65)
w(71,8,2,65)
r(64,6,2,65)
w(119,4,2,65)
r(150,4,2,65)
r(150,4,2,65)
w(76,3,2,65)
w(83,3,2,65)
w(108,3,2,65)
r(5,7,2,65)
r(171,4,2,65)
w(72,4,2,65)
r(32,6,2,65)
w(74,4,2,65)
r(118,6,3,66)
w(171,5,3,66)
w(130,5,3,66)
r(172,5,3,66)
w(125,6,3,66)
r(125,6,3,66)
r(141,4,3,66)
r(58,3,3,66)
r(153,3,3,66)
w(136,5,3,66)
w(177,11,3,66)
r(12,5,3,66)
r(90,3,3,66)
w(151,5,3,66)
w(123,4,3,66)
r(140,10,3,66)
w(172,6,3,66)
r(4,3,3,66)
r(74,4,3,66)
w(130,6,3,66)
w(49,5,1,67)
w(58,3,1,67)
w(5,7,1,67)
r(134,3,1,67)
r(141,4,1,67)
w(55,3,1,67)
w(26,8,1,67)
r(154,4,1,67)
w(52,4,1,67)
w(16,5,1,67)
w(37,6,1,67)
r(41,7,1,67)
r(73,3,1,67)
r(2,5,1,67)
w(7,4,1,67)
w(52,5,1,67)
r(7,4,1,67)
r(163,5,1,67)
r(69,3,1,67)
w(43,9,1,67)
w(75,6,2,68)
w(94,5,2,68)
r(163,5,2,68)
w(94,6,2,68)
r(5,7,2,68)
r(60,4,2,68)
w(64,8,2,68)
w(63,7,2,68)
w(87,8,2,68)
r(66,7,2,68)
w(99,6,2,68)
w(66,9,2,68)
r(126,2,2,68)
w(69,4,2,68)
w(74,5,2,68)
w(98,3,2,68)
w(105,8,2,68)
r(4,3,2,68)
w(89,5,2,68)
w(103,5,2,68)
r(84,2,3,69)
w(171,7,3,69)
w(127,4,3,69)
r(173,3,3,69)
r(4,3,3,69)
w(143,8,3,69)
w(159,6,3,69)
r(169,3,3,69)
r(122,4,3,69)
r(60,4,3,69)
w(123,7,3,69)
r(175,4,3,69)
w(136,6,3,69)
r(90,4,3,69)
r(120,4,3,69)
r(147,11,3,69)
r(148,5,3,69)
w(129,5,3,69)
r(110,4,3,69)
r(128,4,3,69)
r(37,6,1,70)
w(33,6,1,70)
w(26,9,1,70)
w(45,7,1,70)
w(15,7,1,70)
r(144,2,1,70)
r(177,8,1,70)
w(33,7,1,70)
w(10,6,1,70)
r(75,5,1,70)
r(58,3,1,70)
w(40,7,1,70)
r(41,7,1,70)
r(39,4,1,70)
w(28,4,1,70)
w(46,3,1,70)
w(49,6,1,70)
r(20,7,1,70)
r(93,3,1,70)
r(96,4,1,70)
r(79,8,2,71)
r(147,11,2,71)
r(5,7,2,71)
r(104,3,2,71)
w(83,5,2,71)
w(63,8,2,71)
r(95,4,2,71)
w(72,5,2,71)
w(89,6,2,71)
w(99,7,2,71)
r(14,3,2,71)
w(100,4,2,71)
w(104,4,2,71)
r(2,5,2,71)
r(26,9,2,71)
w(83,6,2,71)
r(61,4,2,71)
r(53,6,2,71)
w(75,7,2,71)
r(87,8,2,71)
w(130,8,3,72)
w(166,9,3,72)
r(79,9,3,72)
w(179,5,3,72)
r(75,8,3,72)
w(131,6,3,72)
r(41,8,3,72)
w(179,6,3,72)
w(150,6,3,72)
r(81,6,3,72)
r(128,4,3,72)
r(43,9,3,72)
r(78,6,3,72)
r(39,4,3,72)
r(19,5,3,72)
r(45,7,3,72)
w(174,6,3,72)
w(157,6,3,72)
r(38,4,3,72)
w(127,6,3,72)
r(22,5,1,73)
r(87,7,1,73)
r(105,7,1,73)
w(48,2,1,73)
r(176,3,1,73)
w(13,4,1,73)
r(140,10,1,73)
r(155,4,1,73)
w(22,6,1,73)
w(31,7,1,73)
r(118,6,1,73)
w(34,7,1,73)
r(119,4,1,73)
w(47,3,1,73)
w(13,5,1,73)
r(15,7,1,73)
r(97,5,1,73)
r(31,7,1,73)
w(19,5,1,73)
r(59,8,1,73)
w(99,8,2,74)
r(137,6,2,74)
r(161,1,2,74)
r(143,6,2,74)
w(118,8,2,74)
w(117,9,2,74)
w(116,5,2,74)
r(99,8,2,74)
w(99,9,2,74)
r(21,4,2,74)
r(84,2,2,74)
w(96,6,2,74)
r(145,6,2,74)
r(124,3,2,74)
r(28,4,2,74)
w(113,3,2,74)
w(120,4,2,74)
r(144,2,2,74)
r(68,5,2,74)
w(90,4,2,74)
r(17,4,3,75)
w(140,12,3,75)
w(140,13,3,75)
w(149,6,3,75)
w(163,6,3,75)
w(177,12,3,75)
w(126,3,3,75)
w(123,8,3,75)
w(177,13,3,75)
w(154,7,3,75)
w(163,7,3,75)
r(117,9,3,75)
w(127,7,3,75)
r(43,9,3,75)
r(126,3,3,75)
r(4,3,3,75)
w(174,7,3,75)
w(133,6,3,75)
w(128,6,3,75)
w(126,4,3,75)
r(145,6,1,76)
w(12,6,1,76)
r(51,5,1,76)
r(36,5,1,76)
w(9,4,1,76)
w(41,8,1,76)
r(120,3,1,76)
w(27,6,1,76)
r(135,4,1,76)
r(20,7,1,76)
r(160,2,1,76)
r(106,5,1,76)
w(9,5,1,76)
w(25,7,1,76)
r(137,6,1,76)
r(120,3,1,76)
r(18,6,1,76)
r(48,2,1,76)
r(27,6,1,76)
r(146,5,1,76)
r(45,7,2,77)
r(76,3,2,77)
r(39,4,2,77)
w(91,6,2,77)
w(102,6,2,77)
w(109,11,2,77)
w(114,6,2,77)
r(7,4,2,77)
w(75,8,2,77)
r(79,8,2,77)
r(128,4,2,77)
w(68,6,2,77)
r(36,5,2,77)
w(101,4,2,77)
w(111,4,2,77)
w(79,9,2,77)
r(45,7,2,77)
r(81,6,2,77)
w(116,6,2,77)
r(144,2,2,77)
r(101,4,3,78)
w(142,5,3,78)
r(29,5,3,78)
r(112,5,3,78)
w(140,14,3,78)
w(166,11,3,78)
r(150,6,3,78)
w(140,15,3,78)
r(49,6,3,78)
w(162,6,3,78)
r(77,3,3,78)
r(70,5,3,78)
r(132,5,3,78)
r(177,13,3,78)
r(138,2,3,78)
w(146,6,3,78)
w(126,5,3,78)
r(83,9,3,78)
r(91,7,3,78)
r(120,4,3,78)
w(44,3,1,79)
r(137,6,1,79)
w(22,8,1,79)
r(150,5,1,79)
r(95,4,1,79)
w(48,3,1,79)
r(70,5,1,79)
r(114,6,1,79)
r(50,4,1,79)
r(70,5,1,79)
w(34,9,1,79)
r(166,8,1,79)
r(110,4,1,79)
r(155,4,1,79)
r(99,9,1,79)
w(10,7,1,79)
r(53,6,1,79)
r(82,7,1,79)
w(33,9,1,79)
r(108,3,1,79)
r(65,1,2,80)
r(127,4,2,80)
w(105,9,2,80)
w(100,5,2,80)
w(85,6,2,80)
r(173,3,2,80)
w(65,2,2,80)
w(87,9,2,80)
w(97,6,2,80)
r(17,4,2,80)
r(71,8,2,80)
r(40,7,2,80)
w(71,11,2,80)
r(16,5,2,80)
w(66,11,2,80)
r(174,5,2,80)
w(83,7,2,80)
w(113,4,2,80)
w(74,6,2,80)
w(98,4,2,80)
r(32,6,3,81)
r(92,1,3,81)
w(133,7,3,81)
w(148,6,3,81)
w(151,8,3,81)
w(157,7,3,81)
w(129,6,3,81)
r(90,5,3,81)
r(111,4,3,81)
w(127,8,3,81)
w(159,7,3,81)
w(165,4,3,81)
w(137,7,3,81)
w(155,5,3,81)
r(121,4,3,81)
w(171,8,3,81)
w(154,8,3,81)
w(172,7,3,81)
w(177,14,3,81)
r(37,6,3,81)
r(83,7,1,82)
w(10,8,1,82)
r(21,4,1,82)
r(8,2,1,82)
w(27,7,1,82)
w(50,5,1,82)
r(149,4,1,82)
w(51,6,1,82)
w(51,7,1,82)
w(30,3,1,82)
w(5,8,1,82)
r(60,4,1,82)
r(105,9,1,82)
w(11,11,1,82)
r(51,7,1,82)
w(54,4,1,82)
w(52,6,1,82)
r(41,8,1,82)
r(172,6,1,82)
r(164,2,1,82)
w(104,5,2,83)
w(106,6,2,83)
r(165,3,2,83)
w(109,10,2,83)
w(113,5,2,83)
r(109,10,2,83)
r(115,4,2,83)
r(99,9,2,83)
w(98,5,2,83)
w(119,5,2,83)
w(65,3,2,83)
r(107,8,2,83)
r(148,5,2,83)
w(87,11,2,83)
w(86,6,2,83)
r(28,4,2,83)
r(114,6,2,83)
r(132,5,2,83)
w(61,5,2,83)
w(74,7,2,83)
r(56,4,1,84)
w(44,4,1,84)
r(70,5,1,84)
r(51,7,1,84)
r(161,1,1,84)
r(59,8,1,84)
r(171,7,1,84)
w(18,7,1,84)
w(59,9,1,84)
r(136,6,1,84)
w(2,6,1,84)
r(140,10,1,84)
w(19,6,1,84)
w(21,5,1,84)
w(6,7,1,84)
w(55,4,1,84)
w(34,11,1,84)
r(32,6,1,84)
r(39,4,1,84)
w(44,5,1,84)
r(24,3,2,85)
w(83,8,2,85)
w(103,6,2,85)
r(13,5,2,85)
w(83,9,2,85)
r(79,9,2,85)
w(88,4,2,85)
w(90,5,2,85)
r(107,8,2,85)
r(133,4,2,85)
w(67,6,2,85)
w(74,8,2,85)
r(109,10,2,85)
w(84,3,2,85)
w(85,7,2,85)
w(63,9,2,85)
r(130,8,2,85)
r(141,4,2,85)
w(91,7,2,85)
w(109,12,2,85)
