w(1,1,0,0)
w(2,1,0,0)
w(3,1,0,0)
w(4,1,0,0)
w(5,1,0,0)
w(6,1,0,0)
w(7,1,0,0)
w(8,1,0,0)
w(9,1,0,0)
w(10,1,0,0)
w(11,1,0,0)
w(12,1,0,0)
w(13,1,0,0)
w(14,1,0,0)
w(15,1,0,0)
w(16,1,0,0)
w(17,1,0,0)
w(18,1,0,0)
w(19,1,0,0)
w(20,1,0,0)
w(21,1,0,0)
w(22,1,0,0)
w(23,1,0,0)
w(24,1,0,0)
w(25,1,0,0)
w(26,1,0,0)
w(27,1,0,0)
w(28,1,0,0)
w(29,1,0,0)
w(30,1,0,0)
w(31,1,0,0)
w(32,1,0,0)
w(33,1,0,0)
w(34,1,0,0)
w(35,1,0,0)
w(36,1,0,0)
w(37,1,0,0)
w(38,1,0,0)
w(39,1,0,0)
w(40,1,0,0)
w(41,1,0,0)
w(42,1,0,0)
w(43,1,0,0)
w(44,1,0,0)
w(45,1,0,0)
w(46,1,0,0)
w(47,1,0,0)
w(48,1,0,0)
w(49,1,0,0)
w(50,1,0,0)
w(51,1,0,0)
w(52,1,0,0)
w(53,1,0,0)
w(54,1,0,0)
w(55,1,0,0)
w(56,1,0,0)
w(57,1,0,0)
w(58,1,0,0)
w(59,1,0,0)
w(60,1,0,0)
w(61,1,0,0)
w(62,1,0,0)
w(63,1,0,0)
w(64,1,0,0)
w(65,1,0,0)
w(66,1,0,0)
w(67,1,0,0)
w(68,1,0,0)
w(69,1,0,0)
w(70,1,0,0)
w(71,1,0,0)
w(72,1,0,0)
w(73,1,0,0)
w(74,1,0,0)
w(75,1,0,0)
w(76,1,0,0)
w(77,1,0,0)
w(78,1,0,0)
w(79,1,0,0)
w(80,1,0,0)
w(81,1,0,0)
w(82,1,0,0)
w(83,1,0,0)
w(84,1,0,0)
w(85,1,0,0)
w(86,1,0,0)
w(87,1,0,0)
w(88,1,0,0)
w(89,1,0,0)
w(90,1,0,0)
w(91,1,0,0)
w(92,1,0,0)
w(93,1,0,0)
w(94,1,0,0)
w(95,1,0,0)
w(96,1,0,0)
w(97,1,0,0)
w(98,1,0,0)
w(99,1,0,0)
w(100,1,0,0)
w(101,1,0,0)
w(102,1,0,0)
w(103,1,0,0)
w(104,1,0,0)
w(105,1,0,0)
w(106,1,0,0)
w(107,1,0,0)
w(108,1,0,0)
w(109,1,0,0)
w(110,1,0,0)
w(111,1,0,0)
w(112,1,0,0)
w(113,1,0,0)
w(114,1,0,0)
w(115,1,0,0)
w(116,1,0,0)
w(117,1,0,0)
w(118,1,0,0)
w(119,1,0,0)
w(120,1,0,0)
w(121,1,0,0)
w(122,1,0,0)
w(123,1,0,0)
w(124,1,0,0)
w(125,1,0,0)
w(126,1,0,0)
w(127,1,0,0)
w(128,1,0,0)
w(129,1,0,0)
w(130,1,0,0)
w(131,1,0,0)
w(132,1,0,0)
w(133,1,0,0)
w(134,1,0,0)
w(135,1,0,0)
w(136,1,0,0)
w(137,1,0,0)
w(138,1,0,0)
w(139,1,0,0)
w(140,1,0,0)
w(141,1,0,0)
w(142,1,0,0)
w(143,1,0,0)
w(144,1,0,0)
w(145,1,0,0)
w(146,1,0,0)
w(147,1,0,0)
w(148,1,0,0)
w(149,1,0,0)
w(150,1,0,0)
w(151,1,0,0)
w(152,1,0,0)
w(153,1,0,0)
w(154,1,0,0)
w(155,1,0,0)
w(156,1,0,0)
w(157,1,0,0)
w(158,1,0,0)
w(159,1,0,0)
w(160,1,0,0)
w(161,1,0,0)
w(162,1,0,0)
w(163,1,0,0)
w(164,1,0,0)
w(165,1,0,0)
w(166,1,0,0)
w(167,1,0,0)
w(168,1,0,0)
w(169,1,0,0)
w(170,1,0,0)
w(171,1,0,0)
w(172,1,0,0)
w(173,1,0,0)
w(174,1,0,0)
w(175,1,0,0)
w(176,1,0,0)
w(177,1,0,0)
w(178,1,0,0)
w(179,1,0,0)
w(180,1,0,0)
w(181,1,0,0)
w(182,1,0,0)
w(183,1,0,0)
w(184,1,0,0)
w(185,1,0,0)
w(186,1,0,0)
w(187,1,0,0)
w(188,1,0,0)
w(189,1,0,0)
w(190,1,0,0)
w(191,1,0,0)
w(192,1,0,0)
w(193,1,0,0)
w(194,1,0,0)
w(195,1,0,0)
w(196,1,0,0)
w(197,1,0,0)
w(198,1,0,0)
w(199,1,0,0)
w(200,1,0,0)
w(201,1,0,0)
w(202,1,0,0)
w(203,1,0,0)
w(204,1,0,0)
w(205,1,0,0)
w(206,1,0,0)
w(207,1,0,0)
w(208,1,0,0)
w(209,1,0,0)
w(210,1,0,0)
w(211,1,0,0)
w(212,1,0,0)
w(213,1,0,0)
w(214,1,0,0)
w(215,1,0,0)
w(216,1,0,0)
w(217,1,0,0)
w(218,1,0,0)
w(219,1,0,0)
w(220,1,0,0)
w(221,1,0,0)
w(222,1,0,0)
w(223,1,0,0)
w(224,1,0,0)
w(225,1,0,0)
w(226,1,0,0)
w(227,1,0,0)
w(228,1,0,0)
w(229,1,0,0)
w(230,1,0,0)
w(231,1,0,0)
w(232,1,0,0)
w(233,1,0,0)
w(234,1,0,0)
w(235,1,0,0)
w(236,1,0,0)
w(237,1,0,0)
w(238,1,0,0)
w(239,1,0,0)
w(240,1,0,0)
w(241,1,0,0)
w(242,1,0,0)
w(243,1,0,0)
w(244,1,0,0)
w(245,1,0,0)
w(246,1,0,0)
w(247,1,0,0)
w(248,1,0,0)
w(249,1,0,0)
w(250,1,0,0)
w(251,1,0,0)
w(252,1,0,0)
w(253,1,0,0)
w(254,1,0,0)
w(255,1,0,0)
w(256,1,0,0)
w(257,1,0,0)
w(258,1,0,0)
w(259,1,0,0)
w(260,1,0,0)
w(261,1,0,0)
w(262,1,0,0)
w(263,1,0,0)
w(264,1,0,0)
w(265,1,0,0)
w(266,1,0,0)
w(267,1,0,0)
w(268,1,0,0)
w(269,1,0,0)
w(270,1,0,0)
w(271,1,0,0)
w(272,1,0,0)
w(273,1,0,0)
w(274,1,0,0)
w(275,1,0,0)
w(276,1,0,0)
w(277,1,0,0)
w(278,1,0,0)
w(279,1,0,0)
w(280,1,0,0)
w(281,1,0,0)
w(282,1,0,0)
w(283,1,0,0)
w(284,1,0,0)
w(285,1,0,0)
w(286,1,0,0)
w(287,1,0,0)
w(288,1,0,0)
w(289,1,0,0)
w(290,1,0,0)
w(291,1,0,0)
w(292,1,0,0)
w(293,1,0,0)
w(294,1,0,0)
w(295,1,0,0)
w(296,1,0,0)
w(297,1,0,0)
w(298,1,0,0)
w(299,1,0,0)
w(300,1,0,0)
w(301,1,0,0)
w(302,1,0,0)
w(303,1,0,0)
w(304,1,0,0)
w(305,1,0,0)
w(306,1,0,0)
w(307,1,0,0)
w(308,1,0,0)
w(309,1,0,0)
w(310,1,0,0)
w(311,1,0,0)
w(312,1,0,0)
w(313,1,0,0)
w(314,1,0,0)
w(315,1,0,0)
w(316,1,0,0)
w(317,1,0,0)
w(318,1,0,0)
w(319,1,0,0)
w(320,1,0,0)
w(321,1,0,0)
w(322,1,0,0)
w(323,1,0,0)
w(324,1,0,0)
w(325,1,0,0)
w(326,1,0,0)
w(327,1,0,0)
w(328,1,0,0)
w(329,1,0,0)
w(330,1,0,0)
w(331,1,0,0)
w(332,1,0,0)
w(333,1,0,0)
w(334,1,0,0)
w(335,1,0,0)
w(336,1,0,0)
w(337,1,0,0)
w(338,1,0,0)
w(339,1,0,0)
w(340,1,0,0)
w(341,1,0,0)
w(342,1,0,0)
w(343,1,0,0)
w(344,1,0,0)
w(345,1,0,0)
w(346,1,0,0)
w(347,1,0,0)
w(348,1,0,0)
w(349,1,0,0)
w(350,1,0,0)
w(351,1,0,0)
w(352,1,0,0)
w(353,1,0,0)
w(354,1,0,0)
w(355,1,0,0)
w(356,1,0,0)
w(357,1,0,0)
w(358,1,0,0)
w(359,1,0,0)
w(360,1,0,0)
w(361,1,0,0)
w(362,1,0,0)
w(363,1,0,0)
w(364,1,0,0)
w(365,1,0,0)
w(366,1,0,0)
w(367,1,0,0)
w(368,1,0,0)
w(369,1,0,0)
w(370,1,0,0)
w(371,1,0,0)
w(372,1,0,0)
w(373,1,0,0)
w(374,1,0,0)
w(375,1,0,0)
w(376,1,0,0)
w(377,1,0,0)
w(378,1,0,0)
w(379,1,0,0)
w(380,1,0,0)
w(381,1,0,0)
w(382,1,0,0)
w(383,1,0,0)
w(384,1,0,0)
w(385,1,0,0)
w(386,1,0,0)
w(387,1,0,0)
w(388,1,0,0)
w(389,1,0,0)
w(390,1,0,0)
w(391,1,0,0)
w(392,1,0,0)
w(393,1,0,0)
w(394,1,0,0)
w(395,1,0,0)
w(396,1,0,0)
w(397,1,0,0)
w(398,1,0,0)
w(399,1,0,0)
w(400,1,0,0)
w(401,1,0,0)
w(402,1,0,0)
w(403,1,0,0)
w(404,1,0,0)
w(405,1,0,0)
w(406,1,0,0)
w(407,1,0,0)
w(408,1,0,0)
w(409,1,0,0)
w(410,1,0,0)
w(411,1,0,0)
w(412,1,0,0)
w(413,1,0,0)
w(414,1,0,0)
w(415,1,0,0)
w(416,1,0,0)
w(417,1,0,0)
w(418,1,0,0)
w(419,1,0,0)
w(420,1,0,0)
w(421,1,0,0)
w(422,1,0,0)
w(423,1,0,0)
w(424,1,0,0)
w(425,1,0,0)
w(426,1,0,0)
w(427,1,0,0)
w(428,1,0,0)
w(429,1,0,0)
w(430,1,0,0)
w(431,1,0,0)
w(432,1,0,0)
w(433,1,0,0)
w(434,1,0,0)
w(435,1,0,0)
w(436,1,0,0)
w(437,1,0,0)
w(438,1,0,0)
w(439,1,0,0)
w(440,1,0,0)
w(441,1,0,0)
w(442,1,0,0)
w(443,1,0,0)
w(444,1,0,0)
w(445,1,0,0)
w(446,1,0,0)
w(447,1,0,0)
w(448,1,0,0)
w(449,1,0,0)
w(450,1,0,0)
w(451,1,0,0)
w(452,1,0,0)
w(453,1,0,0)
w(454,1,0,0)
w(455,1,0,0)
w(456,1,0,0)
w(457,1,0,0)
w(458,1,0,0)
w(459,1,0,0)
w(460,1,0,0)
w(461,1,0,0)
w(462,1,0,0)
w(463,1,0,0)
w(464,1,0,0)
w(465,1,0,0)
w(466,1,0,0)
w(467,1,0,0)
w(468,1,0,0)
w(469,1,0,0)
w(470,1,0,0)
w(471,1,0,0)
w(472,1,0,0)
w(473,1,0,0)
w(474,1,0,0)
w(475,1,0,0)
w(476,1,0,0)
w(477,1,0,0)
w(478,1,0,0)
w(479,1,0,0)
w(480,1,0,0)
w(481,1,0,0)
w(482,1,0,0)
w(483,1,0,0)
w(484,1,0,0)
w(485,1,0,0)
w(486,1,0,0)
w(487,1,0,0)
w(488,1,0,0)
w(489,1,0,0)
w(490,1,0,0)
w(491,1,0,0)
w(492,1,0,0)
w(493,1,0,0)
w(494,1,0,0)
w(495,1,0,0)
w(496,1,0,0)
w(497,1,0,0)
w(498,1,0,0)
w(499,1,0,0)
w(500,1,0,0)
w(501,1,0,0)
w(502,1,0,0)
w(503,1,0,0)
w(504,1,0,0)
w(505,1,0,0)
w(506,1,0,0)
w(507,1,0,0)
w(508,1,0,0)
w(509,1,0,0)
w(510,1,0,0)
w(511,1,0,0)
w(512,1,0,0)
w(513,1,0,0)
w(514,1,0,0)
w(515,1,0,0)
w(516,1,0,0)
w(517,1,0,0)
w(518,1,0,0)
w(519,1,0,0)
w(520,1,0,0)
w(521,1,0,0)
w(522,1,0,0)
w(523,1,0,0)
w(524,1,0,0)
w(525,1,0,0)
w(526,1,0,0)
w(527,1,0,0)
w(528,1,0,0)
w(529,1,0,0)
w(530,1,0,0)
w(531,1,0,0)
w(532,1,0,0)
w(533,1,0,0)
w(534,1,0,0)
w(535,1,0,0)
w(536,1,0,0)
w(537,1,0,0)
w(538,1,0,0)
w(539,1,0,0)
w(540,1,0,0)
r(215,1,1,1)
r(25,1,1,1)
w(7,2,1,1)
r(74,1,1,1)
w(34,2,1,1)
w(25,2,1,1)
w(52,2,1,1)
r(417,1,1,1)
w(9,2,1,1)
w(6,2,1,1)
w(45,2,1,1)
r(381,1,1,1)
r(138,1,1,1)
r(178,1,1,1)
r(432,1,1,1)
w(18,2,1,1)
r(473,1,1,1)
r(24,1,1,1)
w(4,2,1,1)
r(538,1,1,1)
w(77,2,2,2)
w(68,2,2,2)
r(284,1,2,2)
r(346,1,2,2)
w(109,2,2,2)
r(380,2,2,2)
w(61,2,2,2)
w(74,2,2,2)
r(488,1,2,2)
w(69,4,2,2)
w(109,3,2,2)
r(123,2,2,2)
w(96,2,2,2)
w(102,2,2,2)
r(332,1,2,2)
w(114,2,2,2)
w(102,3,2,2)
r(109,3,2,2)
r(90,1,2,2)
w(74,3,2,2)
w(155,2,3,3)
r(288,1,3,3)
r(29,1,3,3)
r(411,1,3,3)
w(156,2,3,3)
w(179,2,3,3)
w(159,2,3,3)
r(189,1,3,3)
r(468,1,3,3)
w(157,2,3,3)
w(172,2,3,3)
w(172,3,3,3)
w(133,2,3,3)
w(164,2,3,3)
w(135,2,3,3)
w(172,4,3,3)
r(495,1,3,3)
r(329,1,3,3)
r(102,1,3,3)
r(55,1,3,3)
r(314,1,4,4)
r(498,1,4,4)
r(113,1,4,4)
r(10,1,4,4)
w(192,2,4,4)
w(200,2,4,4)
r(526,1,4,4)
r(297,1,4,4)
w(206,2,4,4)
w(210,2,4,4)
w(234,2,4,4)
r(357,1,4,4)
r(319,1,4,4)
w(219,2,4,4)
r(9,2,4,4)
w(201,2,4,4)
r(507,1,4,4)
w(207,2,4,4)
w(189,2,4,4)
w(182,2,4,4)
w(274,2,5,5)
r(399,1,5,5)
w(255,2,5,5)
w(290,2,5,5)
r(496,1,5,5)
r(122,1,5,5)
w(291,2,5,5)
r(301,1,5,5)
w(257,2,5,5)
r(375,1,5,5)
r(476,1,5,5)
r(374,1,5,5)
r(58,1,5,5)
r(49,1,5,5)
r(377,1,5,5)
r(57,1,5,5)
w(294,2,5,5)
r(253,1,5,5)
r(523,1,5,5)
r(447,1,5,5)
r(468,1,6,6)
w(325,2,6,6)
r(5,1,6,6)
r(457,2,6,6)
w(302,2,6,6)
r(251,2,6,6)
w(314,2,6,6)
r(506,1,6,6)
r(242,1,6,6)
r(473,1,6,6)
w(312,2,6,6)
w(307,2,6,6)
r(374,1,6,6)
r(18,2,6,6)
w(356,2,6,6)
w(355,2,6,6)
w(339,3,6,6)
w(330,2,6,6)
w(331,3,6,6)
w(328,2,6,6)
r(196,1,7,7)
w(382,2,7,7)
r(100,1,7,7)
r(340,1,7,7)
r(173,1,7,7)
r(410,1,7,7)
r(13,1,7,7)
r(160,1,7,7)
r(274,1,7,7)
w(383,2,7,7)
r(253,1,7,7)
w(380,2,7,7)
r(294,1,7,7)
r(105,1,7,7)
r(351,1,7,7)
w(371,2,7,7)
r(49,1,7,7)
r(220,1,7,7)
w(411,2,7,7)
r(391,1,7,7)
r(437,1,8,8)
w(428,2,8,8)
r(187,1,8,8)
r(439,1,8,8)
w(424,2,8,8)
r(81,1,8,8)
w(470,2,8,8)
r(243,1,8,8)
w(467,2,8,8)
r(80,1,8,8)
r(108,1,8,8)
r(65,1,8,8)
r(220,1,8,8)
r(132,1,8,8)
w(480,2,8,8)
w(436,2,8,8)
w(462,2,8,8)
r(271,1,8,8)
r(186,1,8,8)
w(443,2,8,8)
w(533,2,9,9)
w(529,2,9,9)
w(520,2,9,9)
r(63,1,9,9)
r(474,1,9,9)
r(265,1,9,9)
r(535,1,9,9)
r(335,1,9,9)
r(306,1,9,9)
r(6,2,9,9)
r(146,1,9,9)
r(9,2,9,9)
r(57,1,9,9)
w(484,2,9,9)
w(526,2,9,9)
w(511,2,9,9)
r(377,1,9,9)
r(16,1,9,9)
w(513,2,9,9)
w(512,2,9,9)
w(2,2,1,10)
r(7,2,1,10)
r(418,1,1,10)
w(7,3,1,10)
r(71,1,1,10)
r(200,2,1,10)
r(283,1,1,10)
w(16,2,1,10)
r(30,1,1,10)
r(337,1,1,10)
r(50,1,1,10)
r(251,1,1,10)
r(530,1,1,10)
r(356,1,1,10)
r(439,1,1,10)
w(10,2,1,10)
w(56,2,1,10)
w(30,2,1,10)
w(42,2,1,10)
r(312,1,1,10)
w(99,2,2,11)
w(100,2,2,11)
r(355,2,2,11)
r(259,1,2,11)
w(81,2,2,11)
w(109,4,2,11)
w(83,2,2,11)
r(232,1,2,11)
r(208,1,2,11)
w(119,2,2,11)
r(247,1,2,11)
r(219,2,2,11)
w(76,2,2,11)
w(80,2,2,11)
r(309,1,2,11)
w(99,3,2,11)
w(82,2,2,11)
r(256,2,2,11)
w(65,2,2,11)
r(35,1,2,11)
r(120,1,3,12)
r(313,1,3,12)
r(389,2,3,12)
w(123,2,3,12)
w(125,2,3,12)
w(164,3,3,12)
r(486,1,3,12)
w(137,2,3,12)
w(175,2,3,12)
r(351,1,3,12)
w(135,3,3,12)
r(247,1,3,12)
w(130,2,3,12)
w(132,2,3,12)
r(126,1,3,12)
w(148,2,3,12)
w(143,2,3,12)
r(15,1,3,12)
w(129,2,3,12)
w(155,3,3,12)
r(356,1,4,13)
r(439,1,4,13)
r(8,1,4,13)
r(497,1,4,13)
r(72,1,4,13)
r(143,2,4,13)
w(234,3,4,13)
r(368,1,4,13)
r(286,1,4,13)
r(400,1,4,13)
w(240,2,4,13)
w(234,4,4,13)
w(209,2,4,13)
r(170,1,4,13)
r(258,1,4,13)
w(207,3,4,13)
r(53,1,4,13)
w(203,2,4,13)
w(205,2,4,13)
w(187,2,4,13)
r(76,1,5,14)
r(143,1,5,14)
w(241,2,5,14)
r(412,1,5,14)
r(140,1,5,14)
w(273,2,5,14)
r(532,1,5,14)
w(251,2,5,14)
w(297,2,5,14)
w(267,2,5,14)
r(66,1,5,14)
r(357,1,5,14)
w(278,2,5,14)
w(256,2,5,14)
w(257,3,5,14)
r(78,1,5,14)
w(267,3,5,14)
r(14,1,5,14)
w(292,2,5,14)
w(267,4,5,14)
r(284,1,6,15)
w(342,2,6,15)
r(399,3,6,15)
w(323,2,6,15)
w(323,3,6,15)
w(303,2,6,15)
w(342,3,6,15)
r(45,2,6,15)
w(348,2,6,15)
r(291,2,6,15)
r(238,1,6,15)
w(330,3,6,15)
w(358,2,6,15)
w(307,3,6,15)
w(328,3,6,15)
r(335,1,6,15)
r(275,1,6,15)
w(360,4,6,15)
r(208,1,6,15)
w(342,4,6,15)
r(93,1,7,16)
r(271,1,7,16)
w(383,3,7,16)
w(390,2,7,16)
w(403,2,7,16)
r(290,2,7,16)
w(388,2,7,16)
w(389,2,7,16)
r(27,1,7,16)
r(305,1,7,16)
w(419,2,7,16)
r(313,1,7,16)
w(369,2,7,16)
r(166,1,7,16)
w(364,2,7,16)
r(34,2,7,16)
r(514,1,7,16)
w(367,2,7,16)
r(461,1,7,16)
r(136,1,7,16)
w(479,2,8,17)
w(422,2,8,17)
w(429,2,8,17)
r(377,1,8,17)
w(462,3,8,17)
r(96,1,8,17)
r(460,1,8,17)
w(437,2,8,17)
w(453,2,8,17)
r(313,1,8,17)
r(125,1,8,17)
r(305,1,8,17)
w(448,2,8,17)
r(293,1,8,17)
r(432,1,8,17)
w(455,2,8,17)
r(511,2,8,17)
w(477,2,8,17)
w(469,2,8,17)
r(240,1,8,17)
w(536,3,9,18)
r(209,2,9,18)
r(438,1,9,18)
r(265,1,9,18)
w(532,2,9,18)
r(30,2,9,18)
w(533,3,9,18)
w(534,2,9,18)
r(333,1,9,18)
r(192,2,9,18)
r(168,1,9,18)
r(242,1,9,18)
r(81,1,9,18)
w(493,2,9,18)
r(338,1,9,18)
w(530,2,9,18)
r(299,1,9,18)
r(14,1,9,18)
w(528,2,9,18)
r(321,1,9,18)
w(46,2,1,19)
r(369,2,1,19)
w(2,3,1,19)
r(399,3,1,19)
r(389,4,1,19)
w(59,2,1,19)
w(50,2,1,19)
r(529,2,1,19)
r(160,1,1,19)
w(32,2,1,19)
w(23,2,1,19)
w(54,3,1,19)
r(465,2,1,19)
w(30,3,1,19)
w(30,4,1,19)
w(33,2,1,19)
w(40,2,1,19)
w(14,2,1,19)
r(247,1,1,19)
r(112,1,1,19)
w(106,2,2,20)
r(217,1,2,20)
r(501,1,2,20)
w(87,4,2,20)
r(238,1,2,20)
r(169,1,2,20)
r(422,2,2,20)
r(421,1,2,20)
w(65,3,2,20)
r(419,2,2,20)
w(84,3,2,20)
w(91,3,2,20)
w(117,2,2,20)
r(415,1,2,20)
r(530,2,2,20)
w(85,2,2,20)
w(106,3,2,20)
r(462,3,2,20)
r(238,1,2,20)
w(107,2,2,20)
r(166,1,3,21)
w(129,3,3,21)
r(385,1,3,21)
w(153,2,3,21)
r(166,1,3,21)
r(66,1,3,21)
r(147,1,3,21)
r(32,1,3,21)
r(374,1,3,21)
r(192,2,3,21)
w(136,2,3,21)
r(179,2,3,21)
r(276,1,3,21)
r(506,1,3,21)
w(165,2,3,21)
w(162,2,3,21)
r(494,1,3,21)
w(161,2,3,21)
w(121,2,3,21)
r(458,1,3,21)
w(194,2,4,22)
r(98,1,4,22)
r(72,1,4,22)
r(511,2,4,22)
r(465,1,4,22)
r(313,1,4,22)
w(233,2,4,22)
w(223,2,4,22)
r(358,1,4,22)
w(230,2,4,22)
w(216,2,4,22)
r(326,1,4,22)
w(223,3,4,22)
r(93,1,4,22)
w(188,2,4,22)
w(227,2,4,22)
w(221,2,4,22)
w(189,3,4,22)
r(54,1,4,22)
r(142,1,4,22)
r(310,1,5,23)
r(338,1,5,23)
w(294,3,5,23)
w(294,4,5,23)
w(272,2,5,23)
r(307,2,5,23)
w(254,2,5,23)
r(459,1,5,23)
r(473,1,5,23)
r(449,2,5,23)
r(213,1,5,23)
r(523,1,5,23)
r(146,1,5,23)
w(257,4,5,23)
w(241,3,5,23)
r(70,1,5,23)
r(30,2,5,23)
w(288,2,5,23)
w(244,2,5,23)
w(292,3,5,23)
w(310,2,6,24)
r(360,4,6,24)
w(327,2,6,24)
r(16,2,6,24)
r(461,2,6,24)
w(326,2,6,24)
r(354,1,6,24)
r(258,1,6,24)
w(327,3,6,24)
w(336,3,6,24)
r(453,3,6,24)
r(463,1,6,24)
r(15,1,6,24)
w(318,2,6,24)
r(297,2,6,24)
w(360,5,6,24)
r(434,1,6,24)
w(314,3,6,24)
r(134,1,6,24)
r(336,3,6,24)
w(399,2,7,25)
w(420,2,7,25)
w(413,2,7,25)
w(381,2,7,25)
w(378,2,7,25)
w(361,2,7,25)
r(24,1,7,25)
r(315,1,7,25)
w(377,2,7,25)
w(363,2,7,25)
r(258,1,7,25)
w(406,2,7,25)
r(427,1,7,25)
w(363,3,7,25)
r(250,1,7,25)
w(364,3,7,25)
w(404,2,7,25)
r(183,1,7,25)
r(240,1,7,25)
r(181,1,7,25)
w(443,3,8,26)
w(452,2,8,26)
r(220,1,8,26)
w(472,2,8,26)
r(3,1,8,26)
r(396,1,8,26)
w(469,3,8,26)
w(467,3,8,26)
r(391,1,8,26)
w(430,2,8,26)
r(8,1,8,26)
w(457,2,8,26)
r(419,2,8,26)
r(163,1,8,26)
r(327,1,8,26)
r(492,1,8,26)
r(17,1,8,26)
r(354,1,8,26)
w(449,2,8,26)
w(443,4,8,26)
w(535,2,9,27)
w(514,2,9,27)
w(484,3,9,27)
w(537,2,9,27)
w(524,2,9,27)
r(310,1,9,27)
r(132,3,9,27)
w(511,3,9,27)
w(521,2,9,27)
r(497,1,9,27)
r(219,2,9,27)
r(252,1,9,27)
w(530,3,9,27)
w(513,3,9,27)
r(318,1,9,27)
r(229,1,9,27)
r(62,1,9,27)
r(482,1,9,27)
w(511,4,9,27)
r(240,2,9,27)
r(107,2,1,28)
w(14,3,1,28)
w(55,3,1,28)
w(21,2,1,28)
w(12,3,1,28)
r(236,1,1,28)
w(25,4,1,28)
w(59,3,1,28)
w(58,2,1,28)
r(38,1,1,28)
w(43,2,1,28)
r(145,3,1,28)
w(34,3,1,28)
r(486,1,1,28)
r(392,2,1,28)
r(517,1,1,28)
r(118,1,1,28)
w(54,4,1,28)
w(46,3,1,28)
w(16,3,1,28)
w(105,3,2,29)
r(175,2,2,29)
r(42,2,2,29)
w(70,2,2,29)
r(279,1,2,29)
w(117,3,2,29)
w(90,2,2,29)
r(519,1,2,29)
r(179,2,2,29)
w(96,3,2,29)
w(92,2,2,29)
w(64,2,2,29)
r(66,1,2,29)
r(341,1,2,29)
w(83,3,2,29)
r(124,1,2,29)
w(92,3,2,29)
r(156,2,2,29)
r(471,1,2,29)
r(69,4,2,29)
r(175,2,3,30)
w(166,2,3,30)
r(534,2,3,30)
w(135,4,3,30)
r(190,1,3,30)
r(346,1,3,30)
r(64,1,3,30)
w(144,2,3,30)
w(132,3,3,30)
r(309,1,3,30)
r(130,2,3,30)
w(144,3,3,30)
r(375,1,3,30)
r(333,1,3,30)
r(314,2,3,30)
w(172,5,3,30)
w(159,3,3,30)
r(444,1,3,30)
r(490,1,3,30)
r(303,1,3,30)
r(315,1,4,31)
r(391,2,4,31)
w(200,3,4,31)
w(221,3,4,31)
r(128,1,4,31)
r(15,1,4,31)
w(239,2,4,31)
r(445,3,4,31)
w(224,2,4,31)
w(210,3,4,31)
r(289,1,4,31)
r(487,3,4,31)
r(184,1,4,31)
r(381,3,4,31)
w(202,2,4,31)
r(507,1,4,31)
r(184,1,4,31)
w(185,2,4,31)
w(190,2,4,31)
w(222,2,4,31)
r(503,1,5,32)
w(288,3,5,32)
r(331,3,5,32)
r(49,1,5,32)
w(285,2,5,32)
w(286,2,5,32)
r(208,1,5,32)
r(112,1,5,32)
w(262,2,5,32)
r(538,1,5,32)
r(266,1,5,32)
w(265,2,5,32)
w(244,3,5,32)
r(216,2,5,32)
r(62,1,5,32)
w(244,4,5,32)
w(256,3,5,32)
w(300,2,5,32)
r(392,2,5,32)
r(241,3,5,32)
r(89,1,6,33)
w(351,2,6,33)
r(267,4,6,33)
w(308,2,6,33)
r(346,1,6,33)
w(309,2,6,33)
r(352,1,6,33)
r(123,2,6,33)
r(303,2,6,33)
r(32,2,6,33)
r(57,1,6,33)
w(312,3,6,33)
w(345,2,6,33)
w(355,3,6,33)
r(428,2,6,33)
w(332,2,6,33)
w(337,2,6,33)
r(469,3,6,33)
w(323,4,6,33)
r(509,1,6,33)
w(410,2,7,34)
r(420,2,7,34)
w(384,2,7,34)
w(387,2,7,34)
w(392,2,7,34)
r(347,1,7,34)
w(401,2,7,34)
w(366,2,7,34)
w(389,3,7,34)
r(20,1,7,34)
w(406,3,7,34)
w(379,2,7,34)
w(399,3,7,34)
w(414,2,7,34)
r(443,4,7,34)
w(398,2,7,34)
r(122,1,7,34)
r(364,3,7,34)
w(410,3,7,34)
w(404,3,7,34)
w(443,5,8,35)
r(462,3,8,35)
w(461,2,8,35)
r(315,1,8,35)
w(464,2,8,35)
r(176,1,8,35)
r(303,1,8,35)
r(265,1,8,35)
w(472,3,8,35)
w(470,3,8,35)
w(439,2,8,35)
r(310,1,8,35)
w(427,2,8,35)
w(424,3,8,35)
r(110,1,8,35)
r(522,1,8,35)
w(472,4,8,35)
w(480,3,8,35)
w(457,3,8,35)
r(107,1,8,35)
w(511,5,9,36)
w(502,2,9,36)
r(520,2,9,36)
w(501,2,9,36)
w(537,3,9,36)
r(108,1,9,36)
r(304,1,9,36)
r(45,2,9,36)
w(490,2,9,36)
w(495,2,9,36)
r(43,1,9,36)
r(92,3,9,36)
r(82,2,9,36)
w(489,3,9,36)
r(517,1,9,36)
w(523,2,9,36)
r(415,1,9,36)
w(488,2,9,36)
r(173,1,9,36)
w(494,2,9,36)
w(8,2,1,37)
r(200,2,1,37)
w(51,3,1,37)
w(2,4,1,37)
w(56,3,1,37)
w(25,5,1,37)
w(16,4,1,37)
r(19,1,1,37)
w(17,2,1,37)
r(305,1,1,37)
r(417,1,1,37)
r(461,2,1,37)
w(49,3,1,37)
r(145,3,1,37)
w(32,3,1,37)
w(37,2,1,37)
r(353,1,1,37)
w(28,2,1,37)
r(207,3,1,37)
w(42,3,1,37)
w(70,3,2,38)
r(501,2,2,38)
r(59,2,2,38)
r(486,1,2,38)
r(474,1,2,38)
w(104,2,2,38)
r(124,1,2,38)
w(64,3,2,38)
r(19,1,2,38)
r(158,1,2,38)
w(86,2,2,38)
r(89,1,2,38)
w(77,3,2,38)
r(162,2,2,38)
r(33,2,2,38)
w(63,3,2,38)
w(104,3,2,38)
r(128,1,2,38)
w(84,4,2,38)
r(439,2,2,38)
r(134,1,3,39)
w(130,3,3,39)
w(177,2,3,39)
r(487,1,3,39)
r(238,1,3,39)
r(299,1,3,39)
r(200,2,3,39)
r(16,2,3,39)
r(153,2,3,39)
w(146,2,3,39)
w(167,2,3,39)
w(145,2,3,39)
r(163,1,3,39)
r(499,1,3,39)
r(371,2,3,39)
r(354,1,3,39)
w(125,3,3,39)
r(327,1,3,39)
r(320,1,3,39)
w(129,4,3,39)
r(55,3,4,40)
r(82,2,4,40)
r(410,4,4,40)
r(59,4,4,40)
w(207,4,4,40)
r(160,1,4,40)
w(219,3,4,40)
r(200,3,4,40)
r(452,3,4,40)
w(190,3,4,40)
w(215,2,4,40)
r(430,7,4,40)
r(440,1,4,40)
w(200,4,4,40)
w(224,3,4,40)
w(183,2,4,40)
r(532,2,4,40)
r(426,1,4,40)
w(188,3,4,40)
r(394,2,4,40)
w(279,2,5,41)
r(313,1,5,41)
r(167,2,5,41)
w(243,2,5,41)
w(269,2,5,41)
w(271,2,5,41)
r(148,2,5,41)
w(296,2,5,41)
r(222,1,5,41)
w(271,3,5,41)
w(296,3,5,41)
r(260,1,5,41)
w(287,2,5,41)
w(276,2,5,41)
r(486,1,5,41)
r(404,3,5,41)
w(259,2,5,41)
w(244,5,5,41)
r(7,3,5,41)
r(386,3,5,41)
r(394,1,6,42)
r(179,2,6,42)
r(139,1,6,42)
r(68,2,6,42)
r(412,1,7,43)
w(391,2,7,43)
r(43,1,7,43)
w(389,4,7,43)
r(332,1,7,43)
w(408,2,7,43)
r(282,1,7,43)
r(505,1,7,43)
r(165,2,7,43)
r(410,3,7,43)
w(380,3,7,43)
r(111,1,7,43)
w(395,2,7,43)
w(387,3,7,43)
w(386,2,7,43)
r(141,1,7,43)
w(378,3,7,43)
r(529,2,7,43)
r(55,1,7,43)
r(398,2,7,43)
r(209,2,8,44)
w(437,3,8,44)
w(460,2,8,44)
w(430,3,8,44)
r(442,1,8,44)
w(464,3,8,44)
w(437,4,8,44)
w(456,2,8,44)
w(453,3,8,44)
w(465,2,8,44)
r(330,3,8,44)
w(430,4,8,44)
r(237,1,8,44)
r(76,2,8,44)
w(423,2,8,44)
r(277,1,8,44)
r(249,1,8,44)
w(442,2,8,44)
w(447,2,8,44)
r(270,1,8,44)
r(378,3,9,45)
r(98,1,9,45)
w(540,3,9,45)
r(332,1,9,45)
w(505,2,9,45)
w(484,4,9,45)
w(493,3,9,45)
w(496,2,9,45)
r(35,1,9,45)
r(344,1,9,45)
w(523,3,9,45)
w(482,2,9,45)
w(484,5,9,45)
w(513,4,9,45)
r(309,1,9,45)
r(306,1,9,45)
w(491,2,9,45)
w(512,4,9,45)
r(380,3,9,45)
r(273,2,9,45)
w(8,3,1,46)
w(59,4,1,46)
r(396,1,1,46)
w(15,2,1,46)
r(211,1,1,46)
r(223,3,1,46)
w(28,3,1,46)
w(8,4,1,46)
w(32,4,1,46)
r(3,1,1,46)
r(498,1,1,46)
w(18,3,1,46)
w(52,3,1,46)
r(282,1,1,46)
r(275,1,1,46)
w(27,2,1,46)
w(36,2,1,46)
w(4,3,1,46)
r(88,1,1,46)
w(54,5,1,46)
w(86,3,2,47)
w(97,2,2,47)
r(456,2,2,47)
r(450,1,2,47)
r(320,1,2,47)
r(438,1,2,47)
w(97,3,2,47)
r(61,2,2,47)
r(90,2,2,47)
r(232,1,2,47)
r(397,1,2,47)
w(112,2,2,47)
r(503,1,2,47)
r(368,2,2,47)
w(103,2,2,47)
w(113,2,2,47)
r(505,2,2,47)
w(89,2,2,47)
w(115,2,2,47)
w(67,2,2,47)
r(171,1,3,48)
r(496,1,3,48)
r(247,1,3,48)
r(401,3,3,48)
r(343,1,3,48)
r(181,1,3,48)
r(65,3,3,48)
r(474,1,3,48)
r(405,1,3,48)
w(125,4,3,48)
w(141,2,3,48)
w(153,3,3,48)
r(290,2,3,48)
r(124,1,3,48)
w(138,2,3,48)
w(165,3,3,48)
w(145,3,3,48)
r(169,1,3,48)
r(111,1,3,48)
r(450,1,3,48)
r(497,1,4,49)
r(337,4,4,49)
r(177,2,4,49)
w(216,3,4,49)
w(206,3,4,49)
r(297,2,4,49)
w(213,2,4,49)
r(504,1,4,49)
w(214,2,4,49)
w(223,4,4,49)
r(116,2,4,49)
w(198,2,4,49)
w(200,5,4,49)
w(214,3,4,49)
w(184,2,4,49)
w(233,4,4,49)
r(143,4,4,49)
w(208,3,4,49)
r(375,1,4,49)
w(204,2,4,49)
w(255,3,5,50)
r(290,2,5,50)
w(254,3,5,50)
r(293,1,5,50)
w(285,3,5,50)
w(271,4,5,50)
r(262,2,5,50)
w(255,4,5,50)
w(283,2,5,50)
r(111,1,5,50)
r(303,2,5,50)
r(91,3,5,50)
w(278,3,5,50)
w(291,3,5,50)
w(245,2,5,50)
w(295,2,5,50)
r(76,2,5,50)
w(260,2,5,50)
r(443,5,5,50)
w(295,3,5,50)
w(335,2,6,51)
r(163,1,6,51)
w(339,4,6,51)
w(337,3,6,51)
r(526,2,6,51)
w(341,2,6,51)
r(236,1,6,51)
w(312,4,6,51)
r(517,1,6,51)
r(222,1,6,51)
w(352,3,6,51)
r(258,1,6,51)
r(247,1,6,51)
w(321,2,6,51)
w(336,4,6,51)
r(43,2,6,51)
r(402,1,6,51)
w(356,3,6,51)
r(428,2,6,51)
r(332,2,6,51)
w(403,3,7,52)
w(365,2,7,52)
w(401,3,7,52)
r(371,2,7,52)
r(540,1,7,52)
r(228,1,7,52)
r(405,1,7,52)
w(388,3,7,52)
r(74,3,7,52)
r(168,1,7,52)
w(363,4,7,52)
r(365,2,7,52)
r(224,1,7,52)
w(361,3,7,52)
w(419,3,7,52)
w(411,3,7,52)
r(258,1,7,52)
r(263,1,7,52)
r(40,1,7,52)
w(383,4,7,52)
r(237,1,8,53)
r(298,1,8,53)
w(436,3,8,53)
w(421,2,8,53)
r(494,1,8,53)
w(430,5,8,53)
r(518,1,8,53)
w(446,2,8,53)
w(442,3,8,53)
r(5,1,8,53)
w(434,2,8,53)
w(477,3,8,53)
r(363,4,8,53)
r(117,3,8,53)
w(442,4,8,53)
w(466,2,8,53)
r(442,4,8,53)
w(421,3,8,53)
r(521,2,8,53)
r(147,1,8,53)
w(518,2,9,54)
r(310,2,9,54)
r(539,1,9,54)
r(330,3,9,54)
w(503,3,9,54)
w(487,3,9,54)
w(485,2,9,54)
w(512,5,9,54)
w(512,6,9,54)
r(154,2,9,54)
r(477,3,9,54)
w(496,3,9,54)
r(96,3,9,54)
w(516,2,9,54)
r(261,1,9,54)
w(486,3,9,54)
r(317,1,9,54)
r(17,2,9,54)
r(470,3,9,54)
w(493,4,9,54)
w(23,3,1,55)
w(13,2,1,55)
w(19,2,1,55)
r(247,1,1,55)
w(53,2,1,55)
r(106,3,1,55)
w(35,4,1,55)
r(61,2,1,55)
r(509,1,1,55)
r(447,2,1,55)
r(453,3,1,55)
r(381,3,1,55)
r(217,1,1,55)
w(60,3,1,55)
w(43,3,1,55)
w(45,3,1,55)
w(7,4,1,55)
w(49,4,1,55)
r(204,1,1,55)
r(388,5,1,55)
r(99,3,2,56)
w(87,5,2,56)
w(65,4,2,56)
w(70,4,2,56)
r(169,2,2,56)
w(100,3,2,56)
w(100,4,2,56)
w(80,3,2,56)
r(382,2,2,56)
r(344,1,2,56)
w(72,2,2,56)
r(233,2,2,56)
r(309,2,2,56)
w(86,4,2,56)
r(178,1,2,56)
r(481,1,2,56)
w(69,5,2,56)
w(66,3,2,56)
w(119,3,2,56)
r(47,1,2,56)
r(463,1,3,57)
w(150,2,3,57)
w(121,3,3,57)
r(78,1,3,57)
w(142,2,3,57)
r(154,1,3,57)
r(418,1,3,57)
r(347,1,3,57)
w(129,5,3,57)
r(116,1,3,57)
r(336,3,3,57)
w(176,2,3,57)
r(112,1,3,57)
w(174,2,3,57)
w(152,2,3,57)
r(36,1,3,57)
r(18,2,3,57)
r(125,4,3,57)
r(518,1,3,57)
r(528,2,3,57)
r(323,5,4,58)
r(412,2,4,58)
r(69,5,4,58)
r(514,3,4,58)
w(198,3,4,58)
w(201,3,4,58)
w(222,3,4,58)
r(318,2,4,58)
w(218,2,4,58)
w(190,4,4,58)
r(503,3,4,58)
w(206,4,4,58)
w(234,5,4,58)
r(230,2,4,58)
w(214,4,4,58)
r(324,5,4,58)
w(211,2,4,58)
r(529,3,4,58)
w(214,5,4,58)
w(223,5,4,58)
w(277,2,5,59)
r(402,2,5,59)
r(52,3,5,59)
w(261,2,5,59)
w(276,3,5,59)
w(286,3,5,59)
r(214,1,5,59)
w(280,2,5,59)
r(394,2,5,59)
r(529,2,5,59)
r(115,2,5,59)
w(251,3,5,59)
r(501,2,5,59)
r(538,2,5,59)
w(277,3,5,59)
r(504,1,5,59)
r(61,2,5,59)
r(325,2,5,59)
w(287,3,5,59)
w(287,4,5,59)
r(321,2,6,60)
r(11,1,6,60)
r(102,3,6,60)
w(337,4,6,60)
w(356,4,6,60)
w(359,3,6,60)
r(46,3,6,60)
w(350,2,6,60)
w(346,2,6,60)
w(352,4,6,60)
w(306,2,6,60)
w(326,3,6,60)
r(368,2,6,60)
w(323,5,6,60)
r(497,1,6,60)
r(278,3,6,60)
w(332,3,6,60)
r(163,1,6,60)
w(358,3,6,60)
w(353,3,6,60)
r(354,1,7,61)
w(412,2,7,61)
w(364,4,7,61)
r(84,3,7,61)
w(367,3,7,61)
r(478,1,7,61)
r(254,2,7,61)
w(366,3,7,61)
w(415,2,7,61)
r(145,3,7,61)
r(422,2,7,61)
w(377,3,7,61)
r(392,2,7,61)
w(386,3,7,61)
w(368,2,7,61)
w(411,4,7,61)
w(400,2,7,61)
w(374,2,7,61)
w(399,4,7,61)
w(367,4,7,61)
w(439,3,8,62)
w(431,2,8,62)
r(402,1,8,62)
r(168,1,8,62)
w(448,3,8,62)
r(331,3,8,62)
w(458,2,8,62)
r(445,1,8,62)
w(468,2,8,62)
w(437,5,8,62)
r(457,3,8,62)
w(431,3,8,62)
r(375,1,8,62)
w(445,2,8,62)
r(284,1,8,62)
w(445,3,8,62)
r(34,3,8,62)
w(460,3,8,62)
w(452,3,8,62)
w(448,4,8,62)
w(506,3,9,63)
w(487,4,9,63)
r(98,1,9,63)
w(537,4,9,63)
r(292,3,9,63)
r(514,2,9,63)
w(492,2,9,63)
r(460,3,9,63)
w(523,4,9,63)
w(499,2,9,63)
w(515,2,9,63)
w(485,3,9,63)
w(485,4,9,63)
r(488,2,9,63)
w(528,3,9,63)
r(343,1,9,63)
w(538,2,9,63)
w(523,5,9,63)
w(505,3,9,63)
w(533,4,9,63)
w(55,4,1,64)
r(361,4,1,64)
r(81,2,1,64)
r(170,1,1,64)
w(28,4,1,64)
r(232,1,1,64)
w(28,5,1,64)
r(76,2,1,64)
w(60,4,1,64)
r(438,1,1,64)
r(256,3,1,64)
r(154,2,1,64)
r(387,4,1,64)
w(17,3,1,64)
r(300,2,1,64)
r(439,3,1,64)
r(436,3,1,64)
r(349,1,1,64)
w(50,3,1,64)
r(503,3,1,64)
w(90,3,2,65)
r(327,3,2,65)
w(108,2,2,65)
w(104,4,2,65)
w(73,2,2,65)
w(67,3,2,65)
r(389,5,2,65)
w(112,3,2,65)
r(89,2,2,65)
w(96,4,2,65)
w(116,2,2,65)
w(93,2,2,65)
w(104,5,2,65)
w(89,3,2,65)
w(97,4,2,65)
w(72,3,2,65)
w(106,4,2,65)
r(246,1,2,65)
w(71,2,2,65)
r(504,1,2,65)
r(257,4,3,66)
w(134,2,3,66)
w(138,3,3,66)
r(53,1,3,66)
w(150,3,3,66)
w(143,3,3,66)
w(151,2,3,66)
w(134,3,3,66)
w(146,3,3,66)
r(348,2,3,66)
w(179,3,3,66)
w(171,2,3,66)
w(176,3,3,66)
w(147,2,3,66)
w(154,2,3,66)
w(137,3,3,66)
r(442,4,3,66)
r(41,1,3,66)
r(199,1,3,66)
w(155,4,3,66)
w(223,6,4,67)
w(184,3,4,67)
w(226,2,4,67)
r(26,2,4,67)
w(231,2,4,67)
w(196,3,4,67)
w(205,3,4,67)
w(181,2,4,67)
r(339,6,4,67)
r(519,2,4,67)
r(538,4,4,67)
w(198,4,4,67)
r(285,3,4,67)
w(182,3,4,67)
w(201,4,4,67)
w(232,2,4,67)
w(233,5,4,67)
r(299,1,4,67)
r(58,2,4,67)
r(508,1,4,67)
w(245,3,5,68)
w(288,4,5,68)
r(84,4,5,68)
w(288,5,5,68)
w(264,2,5,68)
w(281,2,5,68)
r(8,4,5,68)
r(215,2,5,68)
w(287,5,5,68)
r(492,2,5,68)
r(495,3,5,68)
r(272,2,5,68)
r(521,2,5,68)
w(265,3,5,68)
r(149,1,5,68)
w(258,2,5,68)
r(501,2,5,68)
r(287,5,5,68)
w(287,6,5,68)
w(242,2,5,68)
r(373,1,6,69)
r(81,2,6,69)
r(94,1,6,69)
w(314,4,6,69)
r(470,3,6,69)
r(477,3,6,69)
w(324,2,6,69)
w(339,5,6,69)
r(482,2,6,69)
w(342,5,6,69)
r(145,3,6,69)
r(122,1,6,69)
w(324,3,6,69)
r(473,1,6,69)
w(346,3,6,69)
w(325,3,6,69)
w(352,5,6,69)
r(495,3,6,69)
r(528,3,6,69)
w(314,5,6,69)
r(496,2,7,70)
w(415,3,7,70)
r(306,1,7,70)
w(409,2,7,70)
r(313,1,7,70)
r(522,1,7,70)
w(410,4,7,70)
w(399,5,7,70)
w(387,4,7,70)
r(19,1,7,70)
w(388,4,7,70)
r(124,1,7,70)
r(30,4,7,70)
w(407,2,7,70)
r(338,1,7,70)
w(376,2,7,70)
w(401,4,7,70)
w(370,2,7,70)
r(484,5,7,70)
w(381,3,7,70)
r(190,1,8,71)
w(454,2,8,71)
r(474,1,8,71)
r(292,3,8,71)
w(450,2,8,71)
r(89,2,8,71)
r(172,5,8,71)
r(25,5,8,71)
r(232,1,8,71)
w(469,4,8,71)
r(536,3,8,71)
r(151,3,8,71)
w(430,6,8,71)
w(454,3,8,71)
w(430,7,8,71)
r(126,1,8,71)
r(428,2,8,71)
w(457,4,8,71)
w(450,3,8,71)
r(179,3,8,71)
w(498,2,9,72)
r(134,4,9,72)
w(536,4,9,72)
r(342,4,9,72)
w(495,3,9,72)
r(510,1,9,72)
w(513,5,9,72)
w(490,3,9,72)
w(529,3,9,72)
w(500,2,9,72)
r(39,1,9,72)
r(323,5,9,72)
w(487,5,9,72)
w(516,3,9,72)
r(124,2,9,72)
r(502,2,9,72)
w(481,2,9,72)
r(164,3,9,72)
w(533,5,9,72)
r(340,1,9,72)
r(194,2,1,73)
r(27,2,1,73)
w(19,3,1,73)
w(12,4,1,73)
w(50,4,1,73)
w(52,4,1,73)
r(16,4,1,73)
w(51,4,1,73)
r(71,2,1,73)
w(4,4,1,73)
w(26,2,1,73)
r(422,2,1,73)
r(29,1,1,73)
r(384,2,1,73)
w(53,3,1,73)
r(369,2,1,73)
r(371,3,1,73)
w(45,4,1,73)
w(14,4,1,73)
w(1,3,1,73)
w(66,4,2,74)
r(277,3,2,74)
r(429,2,2,74)
r(27,2,2,74)
w(63,4,2,74)
r(312,4,2,74)
w(120,2,2,74)
r(2,4,2,74)
w(75,2,2,74)
r(218,1,2,74)
r(180,2,2,74)
w(117,4,2,74)
w(111,2,2,74)
w(103,3,2,74)
w(86,5,2,74)
w(108,3,2,74)
r(326,3,2,74)
w(81,3,2,74)
r(119,3,2,74)
w(88,2,2,74)
r(244,5,3,75)
w(169,2,3,75)
w(124,2,3,75)
r(376,2,3,75)
r(51,3,3,75)
w(162,3,3,75)
w(162,4,3,75)
w(151,3,3,75)
r(427,2,3,75)
r(341,1,3,75)
r(293,1,3,75)
r(486,3,3,75)
w(139,2,3,75)
r(290,2,3,75)
w(143,4,3,75)
w(175,3,3,75)
r(316,1,3,75)
w(180,2,3,75)
r(217,1,3,75)
w(134,4,3,75)
w(223,7,4,76)
r(2,4,4,76)
r(525,2,4,76)
w(221,4,4,76)
r(91,3,4,76)
r(259,2,4,76)
w(230,3,4,76)
w(230,4,4,76)
r(3,1,4,76)
r(384,2,4,76)
w(232,3,4,76)
r(191,1,4,76)
w(232,4,4,76)
w(192,4,4,76)
w(228,2,4,76)
w(226,3,4,76)
w(188,4,4,76)
w(232,5,4,76)
w(229,2,4,76)
w(229,3,4,76)
w(265,4,5,77)
w(287,7,5,77)
r(375,1,5,77)
r(220,1,5,77)
r(371,3,5,77)
r(172,5,5,77)
w(247,2,5,77)
w(266,2,5,77)
w(275,2,5,77)
r(217,1,5,77)
r(349,1,5,77)
r(185,2,5,77)
r(35,4,5,77)
r(21,2,5,77)
r(425,2,5,77)
r(12,4,5,77)
w(273,3,5,77)
r(125,5,5,77)
r(357,1,5,77)
w(300,3,5,77)
r(493,4,6,78)
w(317,5,6,78)
r(309,2,6,78)
r(159,3,6,78)
w(345,3,6,78)
w(347,2,6,78)
r(237,1,6,78)
r(12,3,6,78)
r(488,2,6,78)
w(339,6,6,78)
w(338,2,6,78)
r(344,1,6,78)
w(324,4,6,78)
r(526,2,6,78)
w(345,4,6,78)
w(342,6,6,78)
r(200,4,6,78)
w(314,6,6,78)
w(324,5,6,78)
w(317,6,6,78)
w(362,2,7,79)
r(122,1,7,79)
r(62,1,7,79)
r(204,1,7,79)
w(371,3,7,79)
r(408,2,7,79)
w(418,2,7,79)
r(515,1,7,79)
r(394,1,7,79)
w(409,3,7,79)
r(296,3,7,79)
r(331,3,7,79)
r(484,5,7,79)
w(408,3,7,79)
r(451,1,7,79)
r(205,2,7,79)
r(242,1,7,79)
r(130,3,7,79)
w(398,3,7,79)
w(376,3,7,79)
r(253,1,8,80)
r(372,2,8,80)
r(141,4,8,80)
r(474,1,8,80)
r(315,1,8,80)
w(425,2,8,80)
w(423,3,8,80)
w(446,3,8,80)
w(424,4,8,80)
w(475,2,8,80)
r(91,3,8,80)
w(459,2,8,80)
w(444,2,8,80)
r(103,2,8,80)
w(458,3,8,80)
w(452,4,8,80)
r(324,3,8,80)
r(39,1,8,80)
r(491,2,8,80)
w(435,2,8,80)
w(514,3,9,81)
r(151,3,9,81)
r(53,2,9,81)
r(363,4,9,81)
r(131,1,9,81)
r(535,2,9,81)
w(532,3,9,81)
w(516,4,9,81)
r(359,3,9,81)
r(190,3,9,81)
r(129,5,9,81)
w(524,3,9,81)
w(496,4,9,81)
r(224,3,9,81)
w(512,7,9,81)
r(287,4,9,81)
w(509,2,9,81)
r(75,1,9,81)
w(486,4,9,81)
w(539,3,9,81)
w(56,4,1,82)
r(142,3,1,82)
r(91,3,1,82)
r(5,1,1,82)
w(39,2,1,82)
r(201,3,1,82)
r(194,2,1,82)
w(51,5,1,82)
r(28,5,1,82)
r(470,3,1,82)
r(475,2,1,82)
r(55,4,1,82)
w(9,3,1,82)
r(480,3,1,82)
r(219,3,1,82)
r(473,1,1,82)
r(110,2,1,82)
r(184,2,1,82)
r(477,3,1,82)
w(22,2,1,82)
r(211,1,2,83)
w(113,3,2,83)
r(362,2,2,83)
r(59,4,2,83)
w(105,4,2,83)
w(117,5,2,83)
w(83,4,2,83)
w(110,2,2,83)
r(132,3,2,83)
r(245,3,2,83)
r(97,4,2,83)
w(68,3,2,83)
r(463,1,2,83)
r(3,1,2,83)
w(72,4,2,83)
r(369,2,2,83)
r(507,1,2,83)
w(100,5,2,83)
w(95,2,2,83)
r(322,1,2,83)
w(134,5,3,84)
w(137,4,3,84)
w(165,4,3,84)
w(127,2,3,84)
r(241,3,3,84)
w(125,5,3,84)
w(168,2,3,84)
w(141,3,3,84)
w(174,3,3,84)
w(153,4,3,84)
r(2,4,3,84)
r(101,1,3,84)
r(370,2,3,84)
w(169,3,3,84)
r(77,3,3,84)
w(141,4,3,84)
w(148,3,3,84)
r(110,1,3,84)
r(288,3,3,84)
r(18,3,3,84)
r(211,2,4,85)
w(187,3,4,85)
r(341,2,4,85)
r(98,1,4,85)
r(527,2,4,85)
w(201,5,4,85)
w(204,3,4,85)
w(183,3,4,85)
w(209,4,4,85)
w(221,5,4,85)
w(207,5,4,85)
w(186,2,4,85)
w(196,4,4,85)
w(200,6,4,85)
r(178,1,4,85)
r(501,2,4,85)
r(288,5,4,85)
w(181,3,4,85)
w(223,8,4,85)
w(190,5,4,85)
r(35,4,5,86)
w(270,2,5,86)
w(256,4,5,86)
r(516,4,5,86)
r(200,5,5,86)
r(78,1,5,86)
r(225,1,5,86)
w(265,5,5,86)
w(270,3,5,86)
w(270,4,5,86)
w(274,3,5,86)
r(505,3,5,86)
r(490,3,5,86)
w(262,3,5,86)
r(86,5,5,86)
r(236,1,5,86)
w(289,2,5,86)
r(488,2,5,86)
r(135,4,5,86)
r(404,5,5,86)
r(176,4,6,87)
r(99,3,6,87)
w(316,3,6,87)
r(341,2,6,87)
r(111,2,6,87)
r(343,1,6,87)
r(32,4,6,87)
w(315,2,6,87)
r(157,2,6,87)
w(337,5,6,87)
r(476,1,6,87)
w(317,7,6,87)
r(415,3,6,87)
r(252,1,6,87)
w(346,4,6,87)
w(360,7,6,87)
w(350,3,6,87)
r(454,3,6,87)
r(17,3,6,87)
r(14,4,6,87)
w(397,2,7,88)
w(402,2,7,88)
r(46,3,7,88)
r(236,1,7,88)
w(407,3,7,88)
w(376,4,7,88)
w(389,5,7,88)
w(372,2,7,88)
r(474,1,7,88)
r(343,1,7,88)
w(417,2,7,88)
r(418,2,7,88)
r(353,3,7,88)
w(395,3,7,88)
r(259,2,7,88)
r(334,1,7,88)
r(356,4,7,88)
r(404,3,7,88)
w(388,5,7,88)
w(394,2,7,88)
r(488,2,8,89)
r(403,3,8,89)
r(172,5,8,89)
w(426,2,8,89)
w(428,3,8,89)
w(440,2,8,89)
r(350,2,8,89)
r(371,3,8,89)
r(12,3,8,89)
w(462,4,8,89)
r(456,2,8,89)
w(456,3,8,89)
r(143,4,8,89)
w(471,2,8,89)
r(136,2,8,89)
r(369,2,8,89)
r(494,2,8,89)
w(433,2,8,89)
w(432,2,8,89)
r(411,4,8,89)
w(499,3,9,90)
w(540,4,9,90)
r(303,2,9,90)
r(329,1,9,90)
r(351,2,9,90)
r(358,3,9,90)
w(536,5,9,90)
w(496,5,9,90)
r(526,2,9,90)
r(222,2,9,90)
w(510,2,9,90)
w(515,3,9,90)
w(512,8,9,90)
r(264,2,9,90)
r(537,4,9,90)
w(519,2,9,90)
r(422,2,9,90)
w(534,3,9,90)
w(483,2,9,90)
w(499,4,9,90)
r(227,2,1,91)
r(483,2,1,91)
r(478,1,1,91)
w(34,4,1,91)
w(29,2,1,91)
r(267,5,1,91)
w(46,4,1,91)
r(49,4,1,91)
r(8,4,1,91)
r(149,3,1,91)
r(532,4,1,91)
w(18,4,1,91)
w(47,2,1,91)
w(2,5,1,91)
w(36,3,1,91)
r(150,4,1,91)
r(177,2,1,91)
r(478,1,1,91)
w(8,5,1,91)
r(312,6,1,91)
r(290,2,2,92)
w(92,4,2,92)
r(443,5,2,92)
r(518,2,2,92)
r(56,4,2,92)
w(106,5,2,92)
w(68,4,2,92)
r(34,3,2,92)
r(526,2,2,92)
r(249,1,2,92)
w(99,4,2,92)
w(73,3,2,92)
r(277,3,2,92)
w(78,2,2,92)
w(115,3,2,92)
w(99,5,2,92)
w(90,4,2,92)
w(93,3,2,92)
r(250,1,2,92)
w(111,3,2,92)
w(148,4,3,93)
w(170,2,3,93)
w(133,3,3,93)
w(129,6,3,93)
r(5,1,3,93)
w(156,3,3,93)
w(124,3,3,93)
w(173,2,3,93)
r(362,2,3,93)
w(167,3,3,93)
w(173,3,3,93)
w(140,2,3,93)
w(176,4,3,93)
w(139,3,3,93)
r(535,2,3,93)
w(152,3,3,93)
w(126,2,3,93)
w(153,5,3,93)
r(259,2,3,93)
w(129,7,3,93)
r(471,2,4,94)
r(416,2,4,94)
r(365,3,4,94)
w(228,3,4,94)
r(39,2,4,94)
w(200,7,4,94)
w(209,5,4,94)
w(189,4,4,94)
w(223,9,4,94)
r(498,2,4,94)
w(196,5,4,94)
r(124,4,4,94)
r(533,5,4,94)
r(491,4,4,94)
w(195,3,4,94)
r(471,2,4,94)
w(206,5,4,94)
r(312,6,4,94)
w(222,4,4,94)
w(194,3,4,94)
r(69,5,5,95)
r(57,1,5,95)
r(460,3,5,95)
r(338,3,5,95)
w(296,4,5,95)
w(281,3,5,95)
w(241,4,5,95)
r(124,4,5,95)
w(300,4,5,95)
r(352,5,5,95)
r(234,5,5,95)
r(46,3,5,95)
w(267,5,5,95)
r(535,2,5,95)
r(197,1,5,95)
w(248,2,5,95)
w(260,3,5,95)
r(137,4,5,95)
w(257,5,5,95)
r(56,4,5,95)
r(207,4,6,96)
r(179,3,6,96)
r(282,1,6,96)
r(185,2,6,96)
r(449,2,6,96)
w(312,5,6,96)
r(183,2,6,96)
w(332,4,6,96)
w(307,4,6,96)
w(335,3,6,96)
w(338,3,6,96)
w(310,3,6,96)
w(355,5,6,96)
r(273,3,6,96)
r(13,2,6,96)
w(310,4,6,96)
r(505,3,6,96)
r(408,3,6,96)
w(334,2,6,96)
r(193,1,6,96)
w(368,3,7,97)
r(198,1,7,97)
r(464,3,7,97)
r(5,1,7,97)
w(401,5,7,97)
r(102,3,7,97)
r(110,1,7,97)
w(379,3,7,97)
w(420,3,7,97)
w(418,3,7,97)
w(398,4,7,97)
w(399,6,7,97)
r(42,3,7,97)
w(389,6,7,97)
w(361,4,7,97)
w(390,3,7,97)
w(393,2,7,97)
w(404,4,7,97)
r(41,1,7,97)
w(365,3,7,97)
r(320,1,8,98)
r(485,4,8,98)
w(461,3,8,98)
r(193,1,8,98)
w(424,5,8,98)
w(433,3,8,98)
r(526,2,8,98)
r(41,1,8,98)
w(463,2,8,98)
w(461,4,8,98)
w(435,3,8,98)
r(45,4,8,98)
w(442,5,8,98)
r(31,1,8,98)
r(530,3,8,98)
w(468,3,8,98)
r(445,3,8,98)
w(431,4,8,98)
w(462,5,8,98)
r(185,2,8,98)
w(481,3,9,99)
r(161,2,9,99)
r(448,4,9,99)
r(87,5,9,99)
w(532,4,9,99)
r(199,1,9,99)
w(538,3,9,99)
w(538,4,9,99)
w(514,4,9,99)
r(336,4,9,99)
r(75,2,9,99)
r(426,2,9,99)
r(327,3,9,99)
w(524,4,9,99)
w(517,2,9,99)
r(464,3,9,99)
w(531,2,9,99)
r(21,2,9,99)
w(497,2,9,99)
w(502,3,9,99)
w(46,5,1,100)
r(280,2,1,100)
r(134,5,1,100)
r(425,3,1,100)
r(185,2,1,100)
r(66,4,1,100)
r(278,3,1,100)
r(437,5,1,100)
r(110,2,1,100)
r(456,3,1,100)
w(19,4,1,100)
w(12,5,1,100)
w(31,2,1,100)
r(244,5,1,100)
w(45,5,1,100)
w(36,4,1,100)
r(6,2,1,100)
r(536,5,1,100)
r(182,3,1,100)
w(38,2,1,100)
w(94,2,2,101)
w(119,4,2,101)
r(5,1,2,101)
w(94,3,2,101)
w(108,4,2,101)
r(410,5,2,101)
r(181,2,2,101)
r(466,2,2,101)
w(118,3,2,101)
w(118,4,2,101)
w(97,5,2,101)
w(103,4,2,101)
r(98,1,2,101)
r(356,4,2,101)
r(348,2,2,101)
w(93,4,2,101)
w(81,4,2,101)
r(444,2,2,101)
w(69,6,2,101)
w(63,5,2,101)
r(521,2,3,102)
r(212,1,3,102)
w(151,4,3,102)
w(155,5,3,102)
r(133,3,3,102)
w(128,2,3,102)
r(492,2,3,102)
w(143,5,3,102)
w(169,4,3,102)
r(375,1,3,102)
r(462,4,3,102)
w(147,3,3,102)
r(240,2,3,102)
w(142,3,3,102)
r(221,3,3,102)
w(149,2,3,102)
w(176,5,3,102)
w(168,3,3,102)
w(162,5,3,102)
w(121,4,3,102)
r(168,3,4,103)
w(191,3,4,103)
w(217,2,4,103)
w(181,4,4,103)
r(279,2,4,103)
r(2,6,4,103)
w(196,6,4,103)
r(56,5,4,103)
w(208,4,4,103)
w(182,4,4,103)
w(226,4,4,103)
r(212,1,4,103)
w(190,6,4,103)
r(168,3,4,103)
r(100,6,4,103)
w(214,6,4,103)
w(199,2,4,103)
w(223,10,4,103)
w(204,4,4,103)
w(200,8,4,103)
w(294,5,5,104)
r(95,2,5,104)
r(386,3,5,104)
r(29,2,5,104)
w(257,6,5,104)
r(358,4,5,104)
r(522,1,5,104)
r(360,7,5,104)
r(168,3,5,104)
r(403,3,5,104)
w(272,3,5,104)
w(275,3,5,104)
w(265,6,5,104)
r(56,4,5,104)
r(138,3,5,104)
r(323,6,5,104)
r(44,1,5,104)
r(396,2,5,104)
r(429,2,5,104)
r(514,5,5,104)
r(299,1,6,105)
w(347,3,6,105)
r(189,3,6,105)
r(264,2,6,105)
r(251,3,6,105)
w(308,3,6,105)
w(320,2,6,105)
r(326,3,6,105)
r(441,1,6,105)
r(326,3,6,105)
w(350,4,6,105)
r(285,3,6,105)
w(334,3,6,105)
r(272,2,6,105)
w(353,4,6,105)
r(492,2,6,105)
w(320,3,6,105)
w(304,2,6,105)
r(217,1,6,105)
r(469,4,6,105)
r(359,3,7,106)
r(182,2,7,106)
w(404,5,7,106)
r(145,3,7,106)
r(122,1,7,106)
w(370,3,7,106)
w(383,5,7,106)
w(388,6,7,106)
w(361,5,7,106)
w(374,3,7,106)
r(202,2,7,106)
r(254,3,7,106)
w(392,3,7,106)
w(367,5,7,106)
w(382,3,7,106)
r(94,1,7,106)
w(381,4,7,106)
r(205,2,7,106)
w(387,5,7,106)
w(378,4,7,106)
r(36,2,8,107)
w(439,4,8,107)
r(370,3,8,107)
w(431,5,8,107)
w(468,4,8,107)
w(424,6,8,107)
r(236,1,8,107)
w(473,2,8,107)
w(480,4,8,107)
w(427,3,8,107)
r(359,3,8,107)
w(428,4,8,107)
w(439,5,8,107)
r(100,5,8,107)
r(141,4,8,107)
r(410,4,8,107)
w(433,4,8,107)
w(447,3,8,107)
w(421,4,8,107)
w(426,3,8,107)
r(362,2,9,108)
r(528,3,9,108)
r(466,2,9,108)
r(57,1,9,108)
w(525,2,9,108)
w(491,3,9,108)
r(155,5,9,108)
w(507,2,9,108)
w(519,3,9,108)
w(527,2,9,108)
r(224,3,9,108)
w(538,5,9,108)
w(494,3,9,108)
w(534,4,9,108)
r(431,5,9,108)
w(505,4,9,108)
r(477,3,9,108)
w(504,2,9,108)
r(349,1,9,108)
r(528,3,9,108)
r(95,2,1,109)
w(55,5,1,109)
r(186,1,1,109)
w(54,6,1,109)
w(25,6,1,109)
w(22,3,1,109)
r(383,5,1,109)
w(49,5,1,109)
w(41,2,1,109)
w(27,3,1,109)
r(91,3,1,109)
w(52,5,1,109)
w(8,6,1,109)
w(28,6,1,109)
r(95,2,1,109)
r(42,3,1,109)
w(16,5,1,109)
w(9,4,1,109)
r(202,2,1,109)
r(406,5,1,109)
r(131,2,2,110)
w(76,3,2,110)
r(201,4,2,110)
r(52,4,2,110)
w(106,6,2,110)
r(103,4,2,110)
w(100,6,2,110)
r(30,4,2,110)
w(65,5,2,110)
w(73,4,2,110)
w(76,4,2,110)
r(45,5,2,110)
r(119,4,2,110)
r(456,3,2,110)
w(97,6,2,110)
r(313,1,2,110)
r(227,2,2,110)
r(388,6,2,110)
w(77,4,2,110)
w(101,3,2,110)
w(145,4,3,111)
w(135,5,3,111)
r(212,1,3,111)
w(173,4,3,111)
r(113,3,3,111)
w(136,3,3,111)
w(126,3,3,111)
r(493,4,3,111)
r(350,3,3,111)
w(160,2,3,111)
r(215,2,3,111)
w(163,2,3,111)
r(401,5,3,111)
r(49,4,3,111)
w(139,4,3,111)
r(259,2,3,111)
r(367,5,3,111)
r(120,2,3,111)
r(529,3,3,111)
r(119,3,3,111)
w(219,4,4,112)
r(387,5,4,112)
w(205,4,4,112)
w(190,7,4,112)
r(127,3,4,112)
r(23,3,4,112)
r(419,4,4,112)
r(216,3,4,112)
w(197,2,4,112)
r(137,5,4,112)
w(205,5,4,112)
r(366,4,4,112)
w(220,2,4,112)
w(223,11,4,112)
r(429,2,4,112)
w(220,3,4,112)
r(52,5,4,112)
w(223,12,4,112)
w(192,5,4,112)
w(219,5,4,112)
r(311,1,5,113)
r(436,3,5,113)
r(91,3,5,113)
r(185,2,5,113)
r(502,3,5,113)
r(177,2,5,113)
w(252,2,5,113)
w(276,4,5,113)
r(459,3,5,113)
w(293,2,5,113)
r(431,5,5,113)
w(290,3,5,113)
w(259,3,5,113)
r(70,4,5,113)
w(281,4,5,113)
w(265,7,5,113)
r(419,4,5,113)
r(70,4,5,113)
r(57,1,5,113)
r(120,2,5,113)
w(357,2,6,114)
r(232,2,6,114)
r(9,3,6,114)
r(363,4,6,114)
r(472,4,6,114)
w(323,6,6,114)
r(143,5,6,114)
w(358,4,6,114)
w(346,5,6,114)
w(312,6,6,114)
w(333,3,6,114)
r(478,1,6,114)
r(145,4,6,114)
r(66,4,6,114)
r(326,3,6,114)
r(332,4,6,114)
r(290,2,6,114)
w(331,4,6,114)
w(349,2,6,114)
w(320,4,6,114)
r(210,3,7,115)
r(74,3,7,115)
w(392,4,7,115)
w(399,7,7,115)
w(409,4,7,115)
w(392,5,7,115)
r(54,5,7,115)
r(241,3,7,115)
w(397,3,7,115)
r(251,3,7,115)
w(418,4,7,115)
r(161,2,7,115)
w(409,5,7,115)
w(396,2,7,115)
r(373,1,7,115)
w(373,2,7,115)
r(376,4,7,115)
r(39,1,7,115)
w(364,5,7,115)
w(411,5,7,115)
r(494,3,8,116)
r(274,3,8,116)
w(425,3,8,116)
r(83,4,8,116)
w(440,3,8,116)
w(467,4,8,116)
r(67,3,8,116)
r(327,3,8,116)
r(233,5,8,116)
w(439,6,8,116)
r(469,4,8,116)
w(424,7,8,116)
w(455,3,8,116)
r(291,3,8,116)
w(424,8,8,116)
w(426,4,8,116)
w(470,4,8,116)
r(172,5,8,116)
w(422,3,8,116)
r(502,3,8,116)
w(526,3,9,117)
r(216,3,9,117)
w(489,4,9,117)
r(535,2,9,117)
r(303,2,9,117)
r(344,1,9,117)
w(510,3,9,117)
r(292,3,9,117)
w(514,5,9,117)
w(537,5,9,117)
w(529,4,9,117)
r(342,6,9,117)
r(484,5,9,117)
w(494,4,9,117)
r(275,2,9,117)
w(510,4,9,117)
w(495,4,9,117)
w(529,5,9,117)
r(232,2,9,117)
r(95,2,9,117)
w(40,3,1,118)
w(31,3,1,118)
r(279,2,1,118)
w(2,6,1,118)
r(71,2,1,118)
w(3,2,1,118)
r(405,2,1,118)
w(25,7,1,118)
r(426,5,1,118)
r(207,5,1,118)
w(22,4,1,118)
r(134,7,1,118)
w(49,6,1,118)
w(36,5,1,118)
w(55,6,1,118)
w(49,7,1,118)
w(18,5,1,118)
r(370,3,1,118)
r(10,2,1,118)
r(534,4,1,118)
r(359,4,2,119)
r(505,4,2,119)
r(117,5,2,119)
r(244,5,2,119)
r(525,2,2,119)
r(540,4,2,119)
r(178,1,2,119)
r(391,2,2,119)
r(487,5,2,119)
r(148,5,2,119)
r(95,2,2,119)
w(96,5,2,119)
w(116,3,2,119)
w(108,5,2,119)
r(205,3,2,119)
r(270,4,2,119)
w(61,3,2,119)
r(450,3,2,119)
r(99,5,2,119)
r(21,2,2,119)
r(297,2,3,120)
w(161,3,3,120)
r(105,4,3,120)
w(149,3,3,120)
r(57,1,3,120)
w(164,4,3,120)
r(347,2,3,120)
r(223,5,3,120)
r(505,3,3,120)
r(297,2,3,120)
r(486,4,3,120)
w(126,4,3,120)
r(86,5,3,120)
w(123,3,3,120)
r(337,5,3,120)
w(150,4,3,120)
w(162,6,3,120)
r(362,2,3,120)
w(124,4,3,120)
w(160,3,3,120)
w(196,7,4,121)
w(240,3,4,121)
w(236,3,4,121)
w(196,8,4,121)
r(298,1,4,121)
w(213,3,4,121)
r(419,4,4,121)
w(198,5,4,121)
r(498,3,4,121)
r(291,5,4,121)
w(192,6,4,121)
r(219,5,4,121)
r(23,4,4,121)
r(315,2,4,121)
r(110,2,4,121)
r(491,6,4,121)
w(209,6,4,121)
r(293,3,4,121)
w(210,4,4,121)
w(188,5,4,121)
w(274,4,5,122)
w(270,5,5,122)
w(284,2,5,122)
r(499,4,5,122)
r(320,5,5,122)
r(276,4,5,122)
w(300,5,5,122)
w(277,4,5,122)
w(243,3,5,122)
r(395,3,5,122)
r(327,3,5,122)
w(251,4,5,122)
w(275,4,5,122)
w(297,3,5,122)
r(435,4,5,122)
r(506,3,5,122)
w(241,5,5,122)
w(277,5,5,122)
r(235,1,5,122)
r(390,3,5,122)
w(322,2,6,123)
w(342,7,6,123)
w(317,8,6,123)
w(328,5,6,123)
r(251,3,6,123)
w(309,3,6,123)
w(349,3,6,123)
w(359,4,6,123)
r(164,4,6,123)
r(263,1,6,123)
r(447,3,6,123)
r(308,3,6,123)
r(110,2,6,123)
r(331,4,6,123)
w(310,5,6,123)
r(37,2,6,123)
w(336,5,6,123)
r(325,3,6,123)
w(345,5,6,123)
r(458,3,6,123)
w(397,4,7,124)
w(380,4,7,124)
r(496,5,7,124)
w(416,2,7,124)
r(467,3,7,124)
r(168,3,7,124)
r(211,2,7,124)
w(410,5,7,124)
w(412,3,7,124)
r(446,3,7,124)
r(327,3,7,124)
w(418,5,7,124)
w(406,4,7,124)
w(364,6,7,124)
r(7,4,7,124)
w(379,4,7,124)
w(368,4,7,124)
w(408,4,7,124)
w(419,4,7,124)
r(324,5,7,124)
r(361,5,8,125)
w(462,6,8,125)
w(479,3,8,125)
w(479,4,8,125)
r(167,3,8,125)
r(124,4,8,125)
w(480,5,8,125)
r(343,1,8,125)
w(459,3,8,125)
r(515,3,8,125)
r(175,3,8,125)
r(186,1,8,125)
w(432,3,8,125)
r(219,3,8,125)
w(424,9,8,125)
w(463,3,8,125)
w(454,4,8,125)
w(440,4,8,125)
w(462,7,8,125)
w(475,3,8,125)
r(444,2,9,126)
r(58,2,9,126)
r(291,3,9,126)
w(518,3,9,126)
r(254,3,9,126)
r(75,2,9,126)
w(528,4,9,126)
r(44,1,9,126)
r(396,2,9,126)
r(109,4,9,126)
w(481,4,9,126)
r(197,1,9,126)
r(419,4,9,126)
w(514,6,9,126)
w(514,7,9,126)
r(180,2,9,126)
w(491,4,9,126)
r(30,4,9,126)
w(537,6,9,126)
w(539,4,9,126)
w(27,4,1,127)
w(53,4,1,127)
w(56,5,1,127)
r(43,3,1,127)
r(481,4,1,127)
w(22,5,1,127)
w(51,6,1,127)
w(32,5,1,127)
w(59,5,1,127)
w(36,6,1,127)
r(248,2,1,127)
w(20,2,1,127)
r(288,5,1,127)
w(5,2,1,127)
w(9,5,1,127)
r(180,2,1,127)
r(218,2,1,127)
w(9,6,1,127)
w(34,5,1,127)
r(262,3,1,127)
w(81,5,2,128)
r(175,5,2,128)
r(415,3,2,128)
r(512,8,2,128)
r(81,5,2,128)
r(47,2,2,128)
r(420,3,2,128)
w(87,6,2,128)
r(117,5,2,128)
w(107,3,2,128)
w(61,4,2,128)
w(84,5,2,128)
w(89,4,2,128)
w(91,4,2,128)
r(481,4,2,128)
w(70,5,2,128)
w(69,7,2,128)
w(95,3,2,128)
r(267,5,2,128)
w(107,4,2,128)
w(131,2,3,129)
r(500,2,3,129)
r(256,4,3,129)
w(121,5,3,129)
w(165,5,3,129)
r(149,3,3,129)
r(520,2,3,129)
w(153,6,3,129)
r(216,3,3,129)
r(171,2,3,129)
w(142,4,3,129)
w(133,4,3,129)
r(356,4,3,129)
r(120,2,3,129)
r(463,2,3,129)
w(136,4,3,129)
w(152,4,3,129)
w(148,5,3,129)
w(145,5,3,129)
w(136,5,3,129)
r(276,4,4,130)
w(204,5,4,130)
w(203,3,4,130)
w(226,5,4,130)
w(233,6,4,130)
r(70,5,4,130)
w(230,5,4,130)
w(206,6,4,130)
r(198,5,4,130)
r(483,2,4,130)
w(230,6,4,130)
w(237,2,4,130)
w(203,4,4,130)
w(220,4,4,130)
r(140,2,4,130)
w(206,7,4,130)
w(228,4,4,130)
w(231,3,4,130)
r(79,2,4,130)
w(234,6,4,130)
w(275,5,5,131)
r(83,4,5,131)
w(259,4,5,131)
r(368,4,5,131)
r(382,4,5,131)
r(231,2,5,131)
w(241,6,5,131)
r(33,2,5,131)
r(84,5,5,131)
w(294,6,5,131)
r(46,5,5,131)
w(249,2,5,131)
w(277,6,5,131)
w(247,3,5,131)
w(291,4,5,131)
r(327,3,5,131)
r(515,3,5,131)
r(199,1,5,131)
w(283,3,5,131)
w(293,3,5,131)
r(171,2,6,132)
r(402,4,6,132)
w(320,5,6,132)
r(351,2,6,132)
w(340,2,6,132)
w(354,2,6,132)
w(329,3,6,132)
r(166,2,6,132)
r(363,5,6,132)
r(39,2,6,132)
w(301,2,6,132)
r(14,4,6,132)
r(42,3,6,132)
w(329,4,6,132)
w(353,5,6,132)
w(325,4,6,132)
w(332,5,6,132)
w(323,7,6,132)
r(296,4,6,132)
r(335,3,6,132)
r(119,3,7,133)
w(414,3,7,133)
r(417,2,7,133)
r(255,4,7,133)
w(417,3,7,133)
w(377,4,7,133)
w(402,3,7,133)
w(374,4,7,133)
r(112,3,7,133)
w(406,5,7,133)
r(263,1,7,133)
w(382,4,7,133)
w(389,7,7,133)
w(397,5,7,133)
w(407,4,7,133)
r(99,5,7,133)
r(110,2,7,133)
r(242,2,7,133)
w(407,5,7,133)
w(364,7,7,133)
w(467,5,8,134)
w(430,8,8,134)
w(455,4,8,134)
w(446,4,8,134)
w(423,4,8,134)
r(316,3,8,134)
w(469,5,8,134)
w(448,5,8,134)
w(435,4,8,134)
r(356,4,8,134)
w(442,6,8,134)
r(72,4,8,134)
w(426,5,8,134)
w(446,5,8,134)
r(527,2,8,134)
r(492,2,8,134)
w(452,5,8,134)
r(87,5,8,134)
w(427,4,8,134)
r(539,4,8,134)
r(156,3,9,135)
w(498,3,9,135)
w(495,6,9,135)
w(528,5,9,135)
w(520,3,9,135)
w(503,4,9,135)
r(61,4,9,135)
r(176,6,9,135)
w(510,5,9,135)
w(519,5,9,135)
w(495,7,9,135)
w(499,5,9,135)
w(489,5,9,135)
w(487,7,9,135)
w(516,5,9,135)
w(503,5,9,135)
w(491,5,9,135)
w(540,5,9,135)
w(517,4,9,135)
r(42,3,9,135)
r(385,1,1,136)
w(54,7,1,136)
w(21,3,1,136)
w(56,6,1,136)
r(101,3,1,136)
w(22,6,1,136)
w(15,3,1,136)
r(512,8,1,136)
r(144,3,1,136)
r(456,3,1,136)
w(59,6,1,136)
w(39,3,1,136)
w(10,3,1,136)
r(43,3,1,136)
r(56,6,1,136)
w(29,3,1,136)
r(282,1,1,136)
r(509,2,1,136)
r(257,6,1,136)
r(217,2,1,136)
r(413,2,2,137)
w(97,7,2,137)
w(114,3,2,137)
r(101,3,2,137)
w(79,2,2,137)
r(197,1,2,137)
r(299,1,2,137)
w(93,5,2,137)
w(81,6,2,137)
w(103,5,2,137)
r(50,4,2,137)
w(86,6,2,137)
r(363,7,2,137)
r(35,4,2,137)
w(98,2,2,137)
w(88,3,2,137)
w(117,6,2,137)
w(77,5,2,137)
r(302,2,2,137)
w(93,6,2,137)
w(150,5,3,138)
w(142,5,3,138)
r(382,4,3,138)
r(301,1,3,138)
r(428,4,3,138)
r(56,4,3,138)
r(44,1,3,138)
r(510,4,3,138)
r(537,5,3,138)
w(147,4,3,138)
w(134,6,3,138)
w(155,6,3,138)
w(134,7,3,138)
r(149,3,3,138)
r(486,4,3,138)
w(170,3,3,138)
w(147,5,3,138)
r(169,4,3,138)
w(135,6,3,138)
w(122,2,3,138)
w(194,4,4,139)
r(395,3,4,139)
w(188,6,4,139)
w(187,4,4,139)
w(238,3,4,139)
r(56,6,4,139)
w(239,3,4,139)
w(232,6,4,139)
r(322,2,4,139)
w(237,3,4,139)
w(191,4,4,139)
r(527,2,4,139)
w(232,7,4,139)
w(237,4,4,139)
r(325,4,4,139)
w(235,2,4,139)
w(184,4,4,139)
r(483,2,4,139)
w(220,5,4,139)
w(228,5,4,139)
w(247,4,5,140)
w(258,3,5,140)
r(126,5,5,140)
r(4,4,5,140)
r(29,2,5,140)
w(260,4,5,140)
w(260,5,5,140)
w(248,3,5,140)
r(210,3,5,140)
w(286,4,5,140)
w(270,6,5,140)
r(157,2,5,140)
w(291,5,5,140)
r(315,2,5,140)
w(248,4,5,140)
r(285,3,5,140)
w(292,4,5,140)
r(16,5,5,140)
w(277,7,5,140)
w(270,7,5,140)
w(303,3,6,141)
w(319,3,6,141)
w(342,8,6,141)
w(336,6,6,141)
w(333,6,6,141)
r(111,3,6,141)
w(359,6,6,141)
r(329,4,6,141)
w(354,3,6,141)
r(213,2,6,141)
w(360,8,6,141)
r(70,5,6,141)
r(74,3,6,141)
w(304,3,6,141)
r(278,3,6,141)
r(306,2,6,141)
r(536,5,6,141)
r(386,3,6,141)
w(306,3,6,141)
w(317,9,6,141)
r(446,3,7,142)
w(376,5,7,142)
r(384,2,7,142)
r(420,3,7,142)
r(403,3,7,142)
w(402,4,7,142)
r(528,3,7,142)
r(110,2,7,142)
r(19,3,7,142)
r(278,3,7,142)
r(250,1,7,142)
r(439,6,7,142)
w(362,3,7,142)
w(363,5,7,142)
r(456,3,7,142)
w(375,2,7,142)
w(364,8,7,142)
w(372,3,7,142)
w(394,3,7,142)
r(474,1,7,142)
w(458,4,8,143)
w(461,5,8,143)
w(444,3,8,143)
r(276,4,8,143)
r(330,3,8,143)
r(21,2,8,143)
r(294,5,8,143)
r(153,7,8,143)
r(330,3,8,143)
r(232,5,8,143)
w(430,9,8,143)
r(448,5,8,143)
r(471,2,8,143)
r(234,5,8,143)
r(505,4,8,143)
r(327,3,8,143)
r(142,5,8,143)
r(375,2,8,143)
w(434,3,8,143)
r(248,2,8,143)
r(454,5,9,144)
w(526,4,9,144)
w(491,6,9,144)
r(275,5,9,144)
w(510,6,9,144)
w(490,4,9,144)
r(258,3,9,144)
w(511,6,9,144)
r(294,6,9,144)
w(524,6,9,144)
r(60,4,9,144)
w(523,6,9,144)
w(505,5,9,144)
r(37,2,9,144)
w(496,6,9,144)
r(116,3,9,144)
w(508,3,9,144)
r(179,4,9,144)
w(490,5,9,144)
r(212,1,9,144)
r(167,3,1,145)
r(309,3,1,145)
w(52,6,1,145)
r(514,7,1,145)
w(50,5,1,145)
r(277,7,1,145)
w(32,6,1,145)
w(46,6,1,145)
w(55,7,1,145)
r(49,7,1,145)
w(26,3,1,145)
r(130,3,1,145)
r(280,2,1,145)
r(108,5,1,145)
r(205,5,1,145)
w(21,4,1,145)
w(23,4,1,145)
w(31,4,1,145)
w(60,5,1,145)
w(41,3,1,145)
r(341,2,2,146)
w(118,5,2,146)
w(78,3,2,146)
r(311,1,2,146)
r(287,7,2,146)
r(515,3,2,146)
w(87,7,2,146)
r(437,5,2,146)
w(105,5,2,146)
w(97,8,2,146)
r(243,3,2,146)
w(89,5,2,146)
w(74,4,2,146)
r(235,1,2,146)
r(531,2,2,146)
w(88,4,2,146)
w(61,5,2,146)
r(496,5,2,146)
w(109,5,2,146)
w(101,4,2,146)
w(137,5,3,147)
w(175,4,3,147)
w(170,4,3,147)
w(164,5,3,147)
w(147,6,3,147)
w(175,5,3,147)
r(354,2,3,147)
r(216,3,3,147)
w(150,6,3,147)
r(523,5,3,147)
r(62,1,3,147)
r(368,4,3,147)
w(153,7,3,147)
w(161,4,3,147)
r(197,1,3,147)
w(176,6,3,147)
r(85,2,3,147)
w(121,6,3,147)
r(388,6,3,147)
w(151,5,3,147)
r(204,5,4,148)
w(188,7,4,148)
r(73,4,4,148)
w(224,4,4,148)
r(293,3,4,148)
r(487,7,4,148)
r(448,5,4,148)
w(238,4,4,148)
w(210,5,4,148)
w(192,7,4,148)
w(216,4,4,148)
w(212,2,4,148)
w(211,3,4,148)
w(207,6,4,148)
w(234,7,4,148)
r(482,2,4,148)
w(239,4,4,148)
r(486,5,4,148)
r(256,5,4,148)
r(300,6,4,148)
r(88,4,5,149)
r(182,4,5,149)
r(373,4,5,149)
w(243,4,5,149)
w(254,4,5,149)
r(220,4,5,149)
r(133,5,5,149)
r(251,4,5,149)
r(90,4,5,149)
w(300,6,5,149)
w(273,4,5,149)
r(329,4,5,149)
r(105,5,5,149)
r(93,7,5,149)
r(451,1,5,149)
r(176,6,5,149)
w(256,5,5,149)
r(256,5,5,149)
w(263,3,5,149)
w(245,4,5,149)
w(318,3,6,150)
w(349,4,6,150)
r(101,3,6,150)
r(133,5,6,150)
w(344,2,6,150)
r(437,5,6,150)
r(249,2,6,150)
r(273,3,6,150)
w(307,5,6,150)
r(96,5,6,150)
w(330,4,6,150)
w(344,3,6,150)
r(457,4,6,150)
r(110,2,6,150)
w(338,4,6,150)
r(64,3,6,150)
r(122,3,6,150)
w(308,4,6,150)
w(323,8,6,150)
r(211,2,6,150)
w(404,6,7,151)
r(64,3,7,151)
w(398,5,7,151)
w(410,6,7,151)
r(194,2,7,151)
r(198,4,7,151)
w(373,3,7,151)
r(224,3,7,151)
r(115,3,7,151)
r(511,5,7,151)
r(497,2,7,151)
r(536,5,7,151)
r(280,2,7,151)
w(400,3,7,151)
r(1,3,7,151)
r(326,3,7,151)
w(372,4,7,151)
w(396,3,7,151)
w(405,2,7,151)
w(407,6,7,151)
w(454,5,8,152)
r(371,3,8,152)
w(471,3,8,152)
r(359,4,8,152)
w(423,5,8,152)
w(449,3,8,152)
w(467,6,8,152)
w(462,8,8,152)
w(421,5,8,152)
r(535,2,8,152)
w(442,7,8,152)
r(1,3,8,152)
w(430,10,8,152)
w(432,4,8,152)
w(432,5,8,152)
r(196,5,8,152)
w(427,5,8,152)
r(32,5,8,152)
w(449,4,8,152)
r(141,4,8,152)
w(528,6,9,153)
w(508,4,9,153)
w(517,5,9,153)
r(130,3,9,153)
w(493,6,9,153)
w(492,3,9,153)
r(357,2,9,153)
w(528,7,9,153)
r(5,2,9,153)
w(488,3,9,153)
r(534,4,9,153)
r(276,4,9,153)
w(515,4,9,153)
w(526,5,9,153)
r(153,8,9,153)
w(498,4,9,153)
w(497,3,9,153)
r(509,2,9,153)
w(514,9,9,153)
w(490,6,9,153)
r(324,6,1,154)
r(331,4,1,154)
r(446,5,1,154)
w(33,3,1,154)
w(42,4,1,154)
r(398,5,1,154)
w(46,7,1,154)
r(80,3,1,154)
r(108,5,1,154)
r(480,5,1,154)
r(290,3,1,154)
w(11,2,1,154)
r(328,5,1,154)
w(43,4,1,154)
r(483,2,1,154)
w(27,5,1,154)
r(219,5,1,154)
w(34,6,1,154)
r(145,6,1,154)
r(74,4,1,154)
r(313,1,2,155)
w(101,5,2,155)
w(119,5,2,155)
w(115,4,2,155)
r(262,3,2,155)
r(403,3,2,155)
w(77,6,2,155)
w(111,4,2,155)
r(491,6,2,155)
w(77,7,2,155)
r(161,4,2,155)
r(368,5,2,155)
w(93,7,2,155)
r(131,3,2,155)
r(479,4,2,155)
w(120,3,2,155)
r(383,5,2,155)
w(112,4,2,155)
w(81,7,2,155)
w(109,6,2,155)
w(126,5,3,156)
w(125,6,3,156)
w(124,5,3,156)
r(8,6,3,156)
w(179,4,3,156)
w(142,6,3,156)
r(264,2,3,156)
r(403,3,3,156)
r(258,2,3,156)
w(125,7,3,156)
w(123,4,3,156)
w(122,3,3,156)
w(124,6,3,156)
w(133,5,3,156)
r(301,2,3,156)
r(447,3,3,156)
w(159,4,3,156)
w(158,2,3,156)
r(299,1,3,156)
w(169,5,3,156)
w(224,5,4,157)
w(212,3,4,157)
r(423,5,4,157)
w(233,7,4,157)
r(117,6,4,157)
r(72,4,4,157)
r(448,5,4,157)
r(260,5,4,157)
w(193,2,4,157)
w(204,6,4,157)
w(181,5,4,157)
w(225,3,4,157)
w(227,3,4,157)
w(196,9,4,157)
w(239,5,4,157)
w(182,5,4,157)
w(239,6,4,157)
w(183,4,4,157)
r(12,5,4,157)
r(28,7,4,157)
w(242,3,5,158)
r(157,2,5,158)
w(299,2,5,158)
w(271,5,5,158)
w(276,5,5,158)
r(461,5,5,158)
w(272,4,5,158)
w(243,5,5,158)
w(264,3,5,158)
w(277,9,5,158)
r(198,5,5,158)
r(167,3,5,158)
r(162,6,5,158)
w(278,4,5,158)
w(298,3,5,158)
r(268,1,5,158)
r(13,3,5,158)
r(148,6,5,158)
r(520,4,5,158)
r(151,6,5,158)
r(54,7,6,159)
w(305,3,6,159)
r(138,3,6,159)
r(513,5,6,159)
w(313,3,6,159)
r(297,3,6,159)
w(336,7,6,159)
w(340,3,6,159)
w(359,7,6,159)
r(282,1,6,159)
w(339,7,6,159)
w(330,5,6,159)
w(306,4,6,159)
r(377,4,6,159)
w(324,6,6,159)
w(312,7,6,159)
r(314,6,6,159)
w(301,3,6,159)
r(114,3,6,159)
w(304,4,6,159)
w(394,4,7,160)
r(36,4,7,160)
w(384,3,7,160)
r(477,3,7,160)
w(417,4,7,160)
w(389,8,7,160)
r(123,3,7,160)
r(372,4,7,160)
r(460,3,7,160)
w(389,9,7,160)
r(112,3,7,160)
w(389,10,7,160)
w(384,4,7,160)
r(39,2,7,160)
r(508,1,7,160)
r(328,5,7,160)
w(364,9,7,160)
w(399,8,7,160)
r(447,3,7,160)
w(414,4,7,160)
r(318,3,8,161)
r(103,5,8,161)
r(102,3,8,161)
r(381,4,8,161)
r(12,5,8,161)
w(430,11,8,161)
w(421,6,8,161)
r(405,2,8,161)
r(38,2,8,161)
r(302,2,8,161)
w(432,6,8,161)
r(237,1,8,161)
r(191,3,8,161)
w(424,10,8,161)
w(470,5,8,161)
w(449,5,8,161)
w(433,5,8,161)
w(421,7,8,161)
w(442,8,8,161)
w(469,6,8,161)
w(511,7,9,162)
r(430,11,9,162)
w(538,6,9,162)
w(526,6,9,162)
r(517,5,9,162)
r(81,7,9,162)
r(120,3,9,162)
r(320,7,9,162)
w(486,5,9,162)
w(526,7,9,162)
r(192,6,9,162)
w(519,6,9,162)
r(90,4,9,162)
r(164,6,9,162)
r(190,7,9,162)
w(532,5,9,162)
w(520,4,9,162)
w(529,6,9,162)
w(494,5,9,162)
w(517,6,9,162)
r(512,8,1,163)
r(24,1,1,163)
w(20,3,1,163)
r(319,3,1,163)
r(16,5,1,163)
r(262,3,1,163)
w(40,4,1,163)
r(395,3,1,163)
r(69,7,1,163)
w(17,4,1,163)
r(538,5,1,163)
r(496,6,1,163)
r(93,7,1,163)
r(31,4,1,163)
r(112,4,1,163)
r(431,5,1,163)
w(7,5,1,163)
w(32,7,1,163)
w(18,6,1,163)
w(28,7,1,163)
w(75,3,2,164)
r(355,6,2,164)
r(329,4,2,164)
r(512,8,2,164)
w(108,6,2,164)
r(271,4,2,164)
w(79,3,2,164)
w(91,5,2,164)
r(167,3,2,164)
w(96,6,2,164)
r(316,3,2,164)
r(342,8,2,164)
r(332,5,2,164)
w(100,7,2,164)
w(85,3,2,164)
r(15,3,2,164)
r(429,2,2,164)
w(75,4,2,164)
r(349,4,2,164)
w(83,5,2,164)
r(11,1,3,165)
r(375,2,3,165)
r(181,4,3,165)
r(466,2,3,165)
w(168,4,3,165)
r(434,3,3,165)
r(306,3,3,165)
w(131,3,3,165)
w(145,6,3,165)
r(490,3,3,165)
r(510,5,3,165)
w(154,3,3,165)
r(52,5,3,165)
r(439,6,3,165)
w(142,7,3,165)
r(317,9,3,165)
r(356,4,3,165)
w(144,4,3,165)
w(127,3,3,165)
w(141,5,3,165)
w(189,5,4,166)
w(236,4,4,166)
r(184,4,4,166)
r(473,2,4,166)
w(218,3,4,166)
w(223,13,4,166)
w(182,6,4,166)
w(217,3,4,166)
r(473,2,4,166)
w(223,14,4,166)
r(25,7,4,166)
w(205,6,4,166)
w(184,5,4,166)
w(228,6,4,166)
w(238,5,4,166)
w(207,7,4,166)
r(75,5,4,166)
w(188,8,4,166)
w(193,3,4,166)
r(173,5,4,166)
w(280,3,5,167)
w(252,4,5,167)
w(255,7,5,167)
r(273,4,5,167)
r(435,4,5,167)
w(246,2,5,167)
w(271,6,5,167)
r(94,3,5,167)
r(286,4,5,167)
w(258,4,5,167)
r(408,6,5,167)
r(291,5,5,167)
r(191,4,5,167)
w(287,8,5,167)
r(338,5,5,167)
w(255,8,5,167)
w(269,3,5,167)
r(449,5,5,167)
r(376,6,5,167)
r(137,9,5,167)
r(113,3,6,168)
w(309,4,6,168)
w(317,10,6,168)
r(400,3,6,168)
r(235,1,6,168)
r(314,6,6,168)
r(71,2,6,168)
w(320,6,6,168)
r(210,4,6,168)
r(501,2,6,168)
r(269,2,6,168)
w(304,5,6,168)
r(219,5,6,168)
w(320,7,6,168)
r(235,1,6,168)
r(216,3,6,168)
r(353,5,6,168)
w(355,6,6,168)
w(311,2,6,168)
r(59,6,6,168)
r(485,4,7,169)
w(362,4,7,169)
r(350,4,7,169)
r(232,5,7,169)
w(363,6,7,169)
w(390,4,7,169)
w(380,5,7,169)
w(392,6,7,169)
w(415,4,7,169)
w(406,6,7,169)
r(9,4,7,169)
r(44,1,7,169)
w(368,5,7,169)
w(369,3,7,169)
w(365,4,7,169)
w(406,7,7,169)
r(192,4,7,169)
r(45,5,7,169)
r(279,2,7,169)
w(363,7,7,169)
r(139,4,8,170)
w(470,6,8,170)
w(442,9,8,170)
w(476,2,8,170)
w(459,4,8,170)
r(518,3,8,170)
r(319,3,8,170)
r(137,8,8,170)
r(68,4,8,170)
w(469,7,8,170)
r(436,3,8,170)
r(529,5,8,170)
r(254,3,8,170)
w(480,6,8,170)
w(463,4,8,170)
r(244,5,8,170)
w(456,4,8,170)
w(469,8,8,170)
w(445,4,8,170)
r(401,5,8,170)
w(483,3,9,171)
r(101,5,9,171)
w(532,6,9,171)
w(499,6,9,171)
r(55,7,9,171)
r(487,7,9,171)
w(501,3,9,171)
w(509,4,9,171)
w(503,6,9,171)
r(269,2,9,171)
r(457,4,9,171)
r(244,5,9,171)
w(501,4,9,171)
w(528,8,9,171)
r(303,3,9,171)
w(530,4,9,171)
r(13,2,9,171)
w(538,7,9,171)
r(506,3,9,171)
w(510,7,9,171)
r(101,5,1,172)
w(19,5,1,172)
w(13,3,1,172)
r(241,6,1,172)
w(33,4,1,172)
r(20,3,1,172)
r(392,8,1,172)
r(298,1,1,172)
w(42,5,1,172)
r(57,1,1,172)
r(231,3,1,172)
r(375,3,1,172)
w(22,7,1,172)
r(110,2,1,172)
r(272,3,1,172)
w(4,5,1,172)
r(80,3,1,172)
w(16,6,1,172)
w(2,7,1,172)
r(45,5,1,172)
w(114,4,2,173)
r(24,1,2,173)
w(75,5,2,173)
w(84,6,2,173)
r(151,6,2,173)
r(42,4,2,173)
w(105,6,2,173)
w(120,4,2,173)
w(79,4,2,173)
w(63,6,2,173)
w(63,7,2,173)
w(107,5,2,173)
w(84,7,2,173)
w(98,3,2,173)
r(503,5,2,173)
w(102,4,2,173)
w(107,6,2,173)
r(20,3,2,173)
w(76,5,2,173)
r(244,5,2,173)
r(370,3,3,174)
w(137,6,3,174)
w(153,8,3,174)
r(118,5,3,174)
w(135,7,3,174)
w(137,7,3,174)
r(37,2,3,174)
r(332,5,3,174)
r(456,3,3,174)
r(44,1,3,174)
r(207,5,3,174)
r(296,4,3,174)
w(166,3,3,174)
r(376,5,3,174)
w(159,5,3,174)
w(137,8,3,174)
w(138,4,3,174)
w(174,4,3,174)
w(164,6,3,174)
w(155,7,3,174)
r(469,8,4,175)
w(215,3,4,175)
r(220,5,4,175)
r(233,7,4,175)
w(231,4,4,175)
w(202,3,4,175)
r(377,6,4,175)
w(196,10,4,175)
w(237,5,4,175)
w(218,4,4,175)
w(220,6,4,175)
w(238,6,4,175)
r(8,8,4,175)
r(50,6,4,175)
r(419,5,4,175)
r(119,6,4,175)
w(205,7,4,175)
w(205,8,4,175)
r(481,5,4,175)
r(191,4,4,175)
r(372,5,5,176)
w(251,6,5,176)
w(266,3,5,176)
w(274,5,5,176)
r(1,3,5,176)
w(261,4,5,176)
r(143,5,5,176)
w(274,6,5,176)
w(256,6,5,176)
w(293,4,5,176)
w(244,6,5,176)
w(286,7,5,176)
r(200,8,5,176)
w(244,7,5,176)
r(461,5,5,176)
w(253,2,5,176)
r(371,5,5,176)
w(294,7,5,176)
r(365,6,5,176)
w(261,5,5,176)
w(320,8,6,177)
r(443,5,6,177)
r(9,6,6,177)
w(332,6,6,177)
w(334,4,6,177)
w(353,6,6,177)
w(353,7,6,177)
w(317,11,6,177)
r(376,5,6,177)
w(305,4,6,177)
w(346,7,6,177)
r(61,5,6,177)
r(98,2,6,177)
w(337,6,6,177)
r(313,3,6,177)
w(312,8,6,177)
w(331,5,6,177)
r(97,8,6,177)
w(319,4,6,177)
r(151,6,6,177)
w(364,10,7,178)
r(56,5,7,178)
r(447,3,7,178)
w(367,6,7,178)
w(367,7,7,178)
r(335,3,7,178)
w(362,5,7,178)
r(141,4,7,178)
w(371,4,7,178)
r(185,2,7,178)
r(128,2,7,178)
r(201,5,7,178)
w(415,5,7,178)
r(200,8,7,178)
w(411,6,7,178)
r(299,1,7,178)
w(410,7,7,178)
r(422,3,7,178)
w(412,4,7,178)
w(366,4,7,178)
r(249,2,8,179)
r(466,2,8,179)
r(228,4,8,179)
r(241,6,8,179)
r(404,7,8,179)
w(443,6,8,179)
w(422,4,8,179)
w(436,4,8,179)
w(472,5,8,179)
w(460,4,8,179)
r(250,1,8,179)
r(430,11,8,179)
w(426,6,8,179)
r(501,2,8,179)
w(471,4,8,179)
r(61,5,8,179)
r(283,3,8,179)
r(190,7,8,179)
r(386,3,8,179)
w(422,5,8,179)
r(468,4,9,180)
w(481,5,9,180)
w(499,7,9,180)
r(528,8,9,180)
w(498,5,9,180)
w(502,4,9,180)
w(534,5,9,180)
r(311,3,9,180)
r(211,3,9,180)
r(149,3,9,180)
w(537,7,9,180)
r(6,2,9,180)
w(519,7,9,180)
w(532,7,9,180)
w(482,3,9,180)
w(523,7,9,180)
w(537,8,9,180)
r(225,1,9,180)
w(497,4,9,180)
w(510,8,9,180)
r(362,6,1,181)
w(8,7,1,181)
r(445,4,1,181)
w(10,4,1,181)
r(375,3,1,181)
r(86,6,1,181)
w(31,5,1,181)
w(2,8,1,181)
r(13,3,1,181)
w(26,4,1,181)
r(428,4,1,181)
r(177,2,1,181)
w(35,5,1,181)
r(207,5,1,181)
r(175,5,1,181)
w(50,6,1,181)
r(316,3,1,181)
r(117,6,1,181)
r(468,4,1,181)
w(58,3,1,181)
r(303,3,2,182)
r(53,4,2,182)
w(64,4,2,182)
w(99,6,2,182)
w(82,3,2,182)
r(201,5,2,182)
r(276,4,2,182)
w(67,4,2,182)
w(97,9,2,182)
r(262,3,2,182)
w(92,5,2,182)
r(503,6,2,182)
r(354,3,2,182)
r(152,4,2,182)
w(97,10,2,182)
r(397,6,2,182)
w(86,7,2,182)
w(74,5,2,182)
r(125,7,2,182)
w(104,6,2,182)
w(153,9,3,183)
r(197,2,3,183)
w(158,3,3,183)
r(143,5,3,183)
r(29,3,3,183)
w(174,5,3,183)
r(221,5,3,183)
w(169,6,3,183)
w(124,7,3,183)
w(130,4,3,183)
w(171,3,3,183)
w(151,6,3,183)
r(526,5,3,183)
r(438,1,3,183)
w(171,4,3,183)
r(252,2,3,183)
r(287,7,3,183)
r(325,4,3,183)
w(142,8,3,183)
r(359,7,3,183)
r(239,6,4,184)
r(328,7,4,184)
w(225,4,4,184)
r(43,5,4,184)
w(192,8,4,184)
w(202,4,4,184)
r(331,5,4,184)
r(481,5,4,184)
w(225,5,4,184)
r(230,6,4,184)
w(200,9,4,184)
r(274,6,4,184)
w(191,5,4,184)
r(437,6,4,184)
w(235,3,4,184)
w(181,6,4,184)
w(191,6,4,184)
w(235,4,4,184)
r(147,6,4,184)
r(481,5,4,184)
w(249,4,5,185)
r(305,5,5,185)
w(283,4,5,185)
w(256,7,5,185)
r(346,7,5,185)
w(249,5,5,185)
w(286,8,5,185)
r(219,5,5,185)
r(520,6,5,185)
r(160,3,5,185)
r(478,1,5,185)
r(304,6,5,185)
r(525,2,5,185)
r(183,4,5,185)
w(290,4,5,185)
w(270,8,5,185)
r(493,6,5,185)
r(49,7,5,185)
r(76,6,5,185)
w(298,4,5,185)
r(221,5,6,186)
r(431,5,6,186)
w(312,9,6,186)
r(522,1,6,186)
r(70,5,6,186)
r(16,6,6,186)
w(337,7,6,186)
w(304,6,6,186)
w(320,9,6,186)
r(192,6,6,186)
r(139,4,6,186)
w(343,4,6,186)
r(463,4,6,186)
r(119,5,6,186)
w(333,7,6,186)
w(336,8,6,186)
w(311,3,6,186)
r(250,1,6,186)
r(533,5,6,186)
w(325,5,6,186)
w(373,4,7,187)
w(407,7,7,187)
r(281,4,7,187)
r(248,4,7,187)
w(361,6,7,187)
r(373,4,7,187)
w(362,6,7,187)
w(392,7,7,187)
r(351,2,7,187)
w(399,9,7,187)
r(421,7,7,187)
w(361,7,7,187)
r(403,3,7,187)
w(392,8,7,187)
r(479,4,7,187)
w(404,7,7,187)
w(365,5,7,187)
w(375,3,7,187)
w(406,8,7,187)
w(397,6,7,187)
w(450,4,8,188)
r(531,2,8,188)
w(445,5,8,188)
r(344,3,8,188)
w(457,5,8,188)
w(479,5,8,188)
w(422,6,8,188)
r(44,1,8,188)
r(494,5,8,188)
w(432,7,8,188)
r(312,9,8,188)
r(219,5,8,188)
w(438,2,8,188)
w(479,6,8,188)
w(454,6,8,188)
w(456,5,8,188)
r(247,4,8,188)
r(281,4,8,188)
r(211,3,8,188)
w(437,6,8,188)
w(486,6,9,189)
r(377,6,9,189)
r(352,5,9,189)
r(431,5,9,189)
r(537,8,9,189)
r(198,5,9,189)
r(230,6,9,189)
w(533,7,9,189)
r(527,2,9,189)
r(486,6,9,189)
w(508,5,9,189)
r(516,5,9,189)
w(523,8,9,189)
w(505,6,9,189)
w(516,6,9,189)
r(165,6,9,189)
w(529,7,9,189)
w(504,3,9,189)
r(525,2,9,189)
w(514,10,9,189)
w(18,7,1,190)
r(359,7,1,190)
w(33,5,1,190)
r(211,3,1,190)
w(48,2,1,190)
r(106,6,1,190)
r(263,3,1,190)
r(168,4,1,190)
w(33,6,1,190)
w(36,7,1,190)
w(37,3,1,190)
r(474,1,1,190)
r(320,9,1,190)
r(531,2,1,190)
r(180,3,1,190)
r(213,3,1,190)
r(367,7,1,190)
w(52,7,1,190)
r(161,4,1,190)
w(24,2,1,190)
w(63,8,2,191)
w(88,5,2,191)
r(214,6,2,191)
w(109,7,2,191)
w(115,5,2,191)
r(146,4,2,191)
w(110,3,2,191)
w(84,8,2,191)
w(119,6,2,191)
w(111,5,2,191)
r(3,2,2,191)
w(115,6,2,191)
w(101,6,2,191)
r(177,2,2,191)
r(226,5,2,191)
r(412,4,2,191)
w(82,4,2,191)
w(100,8,2,191)
w(113,4,2,191)
r(158,3,2,191)
w(159,6,3,192)
w(140,3,3,192)
r(363,7,3,192)
r(402,5,3,192)
w(127,4,3,192)
r(121,6,3,192)
w(179,5,3,192)
r(159,6,3,192)
r(526,7,3,192)
w(135,8,3,192)
r(5,2,3,192)
w(144,5,3,192)
r(417,4,3,192)
w(135,9,3,192)
r(457,4,3,192)
r(95,3,3,192)
r(16,5,3,192)
r(79,3,3,192)
r(138,4,3,192)
w(133,6,3,192)
w(201,6,4,193)
r(336,9,4,193)
r(33,6,4,193)
w(182,7,4,193)
w(194,5,4,193)
r(163,2,4,193)
w(188,9,4,193)
r(248,4,4,193)
w(211,4,4,193)
r(348,2,4,193)
r(359,9,4,193)
r(368,8,4,193)
w(181,7,4,193)
r(30,4,4,193)
w(217,4,4,193)
r(427,5,4,193)
r(76,6,4,193)
r(419,7,4,193)
w(202,5,4,193)
r(297,3,4,193)
w(294,8,5,194)
r(267,5,5,194)
w(299,3,5,194)
w(260,6,5,194)
w(276,6,5,194)
r(177,3,5,194)
r(321,3,5,194)
r(252,4,5,194)
r(117,6,5,194)
r(251,6,5,194)
r(493,6,5,194)
r(168,4,5,194)
w(289,4,5,194)
w(286,9,5,194)
w(267,7,5,194)
w(283,5,5,194)
r(267,7,5,194)
r(179,5,5,194)
w(256,8,5,194)
r(359,9,5,194)
w(320,10,6,195)
w(359,8,6,195)
w(330,6,6,195)
w(314,7,6,195)
w(325,6,6,195)
w(338,5,6,195)
r(18,7,6,195)
w(360,9,6,195)
r(372,5,6,195)
r(69,7,6,195)
w(359,9,6,195)
w(314,8,6,195)
w(321,3,6,195)
r(316,3,6,195)
w(314,9,6,195)
w(319,5,6,195)
r(127,4,6,195)
r(5,2,6,195)
w(305,5,6,195)
w(360,10,6,195)
r(537,6,7,196)
r(168,4,7,196)
w(377,5,7,196)
r(261,2,7,196)
w(384,5,7,196)
r(59,6,7,196)
r(79,2,7,196)
w(374,5,7,196)
r(337,5,7,196)
r(142,7,7,196)
w(408,5,7,196)
w(402,5,7,196)
w(377,6,7,196)
r(347,3,7,196)
r(494,4,7,196)
r(224,3,7,196)
r(24,1,7,196)
r(60,5,7,196)
r(478,1,7,196)
w(370,4,7,196)
w(434,4,8,197)
r(167,3,8,197)
r(39,3,8,197)
r(424,10,8,197)
w(446,6,8,197)
r(76,5,8,197)
w(449,6,8,197)
w(449,7,8,197)
r(209,6,8,197)
w(456,6,8,197)
r(377,6,8,197)
r(89,5,8,197)
w(442,10,8,197)
r(225,3,8,197)
w(442,11,8,197)
w(472,6,8,197)
r(497,4,8,197)
r(512,8,8,197)
r(307,5,8,197)
r(319,5,8,197)
r(119,6,9,198)
w(482,4,9,198)
w(530,5,9,198)
r(464,3,9,198)
r(42,6,9,198)
w(509,5,9,198)
w(528,9,9,198)
w(484,6,9,198)
w(538,8,9,198)
w(524,7,9,198)
w(508,6,9,198)
r(492,3,9,198)
w(520,5,9,198)
r(94,3,9,198)
r(508,6,9,198)
r(327,3,9,198)
r(48,3,9,198)
r(110,5,9,198)
w(527,3,9,198)
r(217,3,9,198)
r(227,3,1,199)
r(18,7,1,199)
r(54,7,1,199)
r(197,2,1,199)
r(165,6,1,199)
w(47,3,1,199)
w(20,4,1,199)
w(8,8,1,199)
w(12,6,1,199)
r(46,7,1,199)
r(233,7,1,199)
r(48,2,1,199)
r(532,7,1,199)
r(366,4,1,199)
r(23,4,1,199)
w(42,6,1,199)
w(35,6,1,199)
r(356,4,1,199)
w(11,3,1,199)
r(213,3,1,199)
r(325,6,2,200)
w(110,4,2,200)
r(292,4,2,200)
r(313,3,2,200)
w(102,5,2,200)
w(66,5,2,200)
w(77,8,2,200)
w(91,6,2,200)
w(61,6,2,200)
w(61,7,2,200)
r(128,2,2,200)
r(302,2,2,200)
w(110,5,2,200)
w(104,7,2,200)
r(263,3,2,200)
r(115,6,2,200)
w(116,4,2,200)
w(106,7,2,200)
w(92,6,2,200)
r(69,7,2,200)
r(59,6,3,201)
w(146,4,3,201)
r(522,1,3,201)
w(180,3,3,201)
r(310,5,3,201)
w(136,6,3,201)
w(173,5,3,201)
r(212,2,3,201)
w(129,8,3,201)
w(139,5,3,201)
r(382,4,3,201)
w(171,5,3,201)
w(139,6,3,201)
w(148,6,3,201)
r(299,1,3,201)
w(165,6,3,201)
w(137,9,3,201)
r(134,7,3,201)
w(121,7,3,201)
r(329,4,3,201)
r(11,3,4,202)
w(208,5,4,202)
r(502,5,4,202)
w(229,4,4,202)
r(63,9,4,202)
w(232,8,4,202)
r(299,3,4,202)
w(194,6,4,202)
r(53,4,4,202)
w(200,10,4,202)
r(116,4,4,202)
r(80,3,4,202)
r(43,6,4,202)
w(211,5,4,202)
r(392,8,4,202)
w(237,6,4,202)
w(214,7,4,202)
r(162,6,4,202)
r(178,4,4,202)
w(203,5,4,202)
w(278,5,5,203)
r(63,8,5,203)
r(537,9,5,203)
w(243,6,5,203)
w(247,5,5,203)
w(297,4,5,203)
w(273,5,5,203)
r(301,3,5,203)
w(249,6,5,203)
w(296,5,5,203)
r(153,9,5,203)
r(215,3,5,203)
w(273,6,5,203)
r(164,8,5,203)
w(276,7,5,203)
w(286,10,5,203)
r(184,5,5,203)
w(254,5,5,203)
r(219,5,5,203)
w(265,8,5,203)
w(322,3,6,204)
w(332,7,6,204)
w(310,6,6,204)
w(315,3,6,204)
r(277,9,6,204)
w(303,4,6,204)
w(324,7,6,204)
r(24,2,6,204)
w(352,6,6,204)
r(221,5,6,204)
w(338,6,6,204)
r(147,6,6,204)
r(532,7,6,204)
r(16,6,6,204)
r(266,2,6,204)
w(306,5,6,204)
w(302,3,6,204)
r(472,6,6,204)
r(503,6,6,204)
w(311,4,6,204)
w(409,6,7,205)
r(353,7,7,205)
r(338,4,7,205)
r(358,4,7,205)
w(387,6,7,205)
r(136,5,7,205)
r(64,3,7,205)
w(378,5,7,205)
r(327,3,7,205)
w(393,3,7,205)
w(380,6,7,205)
w(405,3,7,205)
r(99,5,7,205)
r(432,6,7,205)
r(436,4,7,205)
w(371,5,7,205)
w(380,7,7,205)
w(362,7,7,205)
w(395,4,7,205)
w(416,3,7,205)
r(303,4,8,206)
r(217,3,8,206)
r(42,6,8,206)
w(450,5,8,206)
r(87,7,8,206)
r(439,6,8,206)
r(535,2,8,206)
r(14,4,8,206)
r(24,3,8,206)
w(438,3,8,206)
r(304,6,8,206)
w(445,6,8,206)
w(444,4,8,206)
w(433,6,8,206)
w(445,7,8,206)
w(439,7,8,206)
r(429,2,8,206)
r(62,1,8,206)
w(458,5,8,206)
r(401,5,8,206)
w(532,8,9,207)
w(521,3,9,207)
r(467,6,9,207)
w(530,6,9,207)
r(378,5,9,207)
w(492,4,9,207)
w(502,5,9,207)
r(124,9,9,207)
w(510,9,9,207)
w(535,3,9,207)
w(538,9,9,207)
r(450,5,9,207)
w(507,3,9,207)
r(501,4,9,207)
r(2,8,9,207)
r(304,6,9,207)
w(520,6,9,207)
w(510,10,9,207)
r(128,3,9,207)
w(523,9,9,207)
r(131,3,1,208)
r(364,10,1,208)
r(243,5,1,208)
w(24,3,1,208)
r(111,5,1,208)
r(40,4,1,208)
r(397,7,1,208)
r(176,6,1,208)
r(32,7,1,208)
w(38,3,1,208)
r(203,4,1,208)
r(530,4,1,208)
r(347,3,1,208)
w(48,3,1,208)
w(10,5,1,208)
r(287,8,1,208)
r(31,5,1,208)
w(6,3,1,208)
w(23,5,1,208)
r(352,6,1,208)
w(85,4,2,209)
w(92,7,2,209)
r(405,3,2,209)
w(69,8,2,209)
w(83,6,2,209)
r(503,6,2,209)
w(95,4,2,209)
w(109,8,2,209)
w(92,8,2,209)
w(97,11,2,209)
w(106,8,2,209)
w(94,4,2,209)
r(193,3,2,209)
w(76,6,2,209)
w(104,8,2,209)
w(71,3,2,209)
w(70,6,2,209)
r(322,3,2,209)
w(93,8,2,209)
r(164,7,2,209)
r(372,5,3,210)
w(174,6,3,210)
r(122,3,3,210)
r(312,9,3,210)
r(136,6,3,210)
w(133,7,3,210)
r(503,6,3,210)
w(174,7,3,210)
r(436,4,3,210)
r(462,8,3,210)
w(158,4,3,210)
r(285,3,3,210)
w(159,7,3,210)
w(166,4,3,210)
r(238,4,3,210)
w(124,8,3,210)
r(312,9,3,210)
r(376,6,3,210)
r(454,6,3,210)
r(141,5,3,210)
r(102,5,4,211)
w(195,4,4,211)
w(219,6,4,211)
r(362,9,4,211)
r(348,2,4,211)
r(512,8,4,211)
w(215,4,4,211)
w(230,7,4,211)
r(181,7,4,211)
w(210,6,4,211)
w(206,8,4,211)
w(201,7,4,211)
w(187,5,4,211)
w(190,8,4,211)
r(470,6,4,211)
r(446,7,4,211)
w(239,7,4,211)
r(260,6,4,211)
w(186,3,4,211)
r(246,2,4,211)
w(266,4,5,212)
w(251,7,5,212)
r(240,3,5,212)
r(342,9,5,212)
w(294,9,5,212)
w(249,7,5,212)
r(151,6,5,212)
w(288,6,5,212)
r(190,7,5,212)
r(517,6,5,212)
w(261,6,5,212)
w(254,6,5,212)
w(285,4,5,212)
r(274,6,5,212)
r(209,6,5,212)
r(83,6,5,212)
r(522,1,5,212)
w(251,8,5,212)
w(269,4,5,212)
r(304,6,5,212)
r(534,5,6,213)
w(318,4,6,213)
w(319,6,6,213)
w(355,7,6,213)
w(339,8,6,213)
r(270,7,6,213)
w(312,10,6,213)
r(91,6,6,213)
w(328,7,6,213)
r(406,8,6,213)
r(362,8,6,213)
r(149,3,6,213)
r(388,6,6,213)
r(154,3,6,213)
w(333,8,6,213)
w(318,5,6,213)
w(342,9,6,213)
r(102,5,6,213)
w(336,9,6,213)
w(339,9,6,213)
r(383,5,7,214)
r(425,3,7,214)
w(370,5,7,214)
w(416,4,7,214)
r(77,7,7,214)
w(387,7,7,214)
w(372,5,7,214)
w(419,5,7,214)
w(407,8,7,214)
w(384,6,7,214)
r(194,4,7,214)
w(374,6,7,214)
r(23,4,7,214)
r(252,2,7,214)
w(376,6,7,214)
r(113,3,7,214)
r(70,5,7,214)
r(259,4,7,214)
r(196,8,7,214)
r(100,7,7,214)
r(177,3,8,215)
w(439,8,8,215)
r(221,5,8,215)
r(302,3,8,215)
r(266,3,8,215)
r(202,4,8,215)
r(335,3,8,215)
r(287,8,8,215)
w(453,4,8,215)
w(452,6,8,215)
w(471,5,8,215)
w(435,5,8,215)
w(466,3,8,215)
w(426,7,8,215)
r(330,6,8,215)
w(474,2,8,215)
r(158,4,8,215)
r(513,5,8,215)
w(466,4,8,215)
w(438,4,8,215)
r(468,4,9,216)
r(280,3,9,216)
w(485,5,9,216)
w(537,9,9,216)
w(525,3,9,216)
r(393,3,9,216)
r(137,9,9,216)
r(134,7,9,216)
w(508,7,9,216)
w(516,7,9,216)
w(523,10,9,216)
r(457,5,9,216)
r(20,6,9,216)
w(487,8,9,216)
w(488,4,9,216)
w(516,8,9,216)
r(100,8,9,216)
r(6,3,9,216)
r(325,6,9,216)
r(267,5,9,216)
w(19,6,1,217)
w(59,7,1,217)
w(13,4,1,217)
r(346,7,1,217)
r(145,6,1,217)
w(26,5,1,217)
r(511,7,1,217)
w(58,4,1,217)
w(57,2,1,217)
w(56,7,1,217)
w(48,4,1,217)
w(16,7,1,217)
w(8,9,1,217)
r(506,3,1,217)
w(20,5,1,217)
w(18,8,1,217)
w(50,7,1,217)
r(412,4,1,217)
w(43,5,1,217)
r(308,4,1,217)
w(84,9,2,218)
w(68,5,2,218)
w(99,8,2,218)
w(84,10,2,218)
r(330,6,2,218)
w(76,7,2,218)
w(99,9,2,218)
w(89,7,2,218)
w(75,6,2,218)
w(84,11,2,218)
w(104,9,2,218)
r(526,7,2,218)
r(122,4,2,218)
r(350,4,2,218)
w(118,6,2,218)
w(103,6,2,218)
r(437,6,2,218)
w(104,10,2,218)
r(399,9,2,218)
w(63,9,2,218)
r(388,6,3,219)
r(134,7,3,219)
r(2,8,3,219)
w(124,9,3,219)
w(128,3,3,219)
r(224,5,3,219)
r(485,4,3,219)
w(164,7,3,219)
r(286,4,3,219)
w(167,4,3,219)
w(170,5,3,219)
w(122,4,3,219)
r(143,5,3,219)
r(402,5,3,219)
r(57,1,3,219)
w(150,7,3,219)
r(357,2,3,219)
w(159,8,3,219)
r(475,3,3,219)
w(121,8,3,219)
w(216,5,4,220)
w(225,6,4,220)
w(181,8,4,220)
w(225,7,4,220)
r(320,11,4,220)
w(211,6,4,220)
r(325,6,4,220)
w(190,9,4,220)
r(34,8,4,220)
w(216,6,4,220)
r(375,4,4,220)
w(222,5,4,220)
r(94,4,4,220)
w(185,3,4,220)
w(209,7,4,220)
w(221,6,4,220)
r(4,6,4,220)
r(251,8,4,220)
r(115,6,4,220)
w(212,4,4,220)
w(273,7,5,221)
w(288,7,5,221)
r(295,3,5,221)
r(135,11,5,221)
w(290,5,5,221)
r(288,7,5,221)
r(261,6,5,221)
w(257,7,5,221)
w(272,5,5,221)
r(148,6,5,221)
w(287,9,5,221)
r(250,1,5,221)
w(297,5,5,221)
w(289,5,5,221)
r(212,3,5,221)
r(106,8,5,221)
r(288,7,5,221)
w(244,8,5,221)
w(262,5,5,221)
w(244,9,5,221)
r(59,7,6,222)
r(303,4,6,222)
r(241,6,6,222)
r(510,10,6,222)
w(351,3,6,222)
w(319,7,6,222)
w(328,8,6,222)
r(39,3,6,222)
r(379,4,6,222)
r(434,4,6,222)
r(532,8,6,222)
r(312,10,6,222)
r(199,2,6,222)
r(325,6,6,222)
r(538,9,6,222)
r(74,5,6,222)
r(515,4,6,222)
w(320,11,6,222)
w(343,5,6,222)
r(57,2,6,222)
r(455,4,7,223)
w(382,5,7,223)
w(368,6,7,223)
w(413,3,7,223)
r(94,3,7,223)
r(396,3,7,223)
r(242,3,7,223)
r(500,2,7,223)
w(408,6,7,223)
r(410,7,7,223)
r(536,5,7,223)
r(140,3,7,223)
r(17,4,7,223)
r(143,5,7,223)
w(387,8,7,223)
w(397,7,7,223)
w(382,6,7,223)
r(82,4,7,223)
r(157,2,7,223)
w(374,7,7,223)
r(127,4,8,224)
r(464,3,8,224)
w(462,9,8,224)
w(476,3,8,224)
r(405,3,8,224)
r(466,4,8,224)
w(459,5,8,224)
w(471,6,8,224)
r(49,7,8,224)
w(474,3,8,224)
r(9,6,8,224)
w(439,9,8,224)
w(442,12,8,224)
w(455,5,8,224)
w(437,7,8,224)
r(216,4,8,224)
w(459,6,8,224)
r(136,6,8,224)
w(425,4,8,224)
r(523,11,8,224)
w(492,5,9,225)
w(497,5,9,225)
r(69,8,9,225)
w(482,5,9,225)
w(519,8,9,225)
r(292,4,9,225)
w(491,7,9,225)
r(30,4,9,225)
w(496,7,9,225)
w(501,5,9,225)
r(393,3,9,225)
w(523,11,9,225)
w(521,4,9,225)
r(162,6,9,225)
w(513,6,9,225)
w(493,7,9,225)
w(534,6,9,225)
w(533,8,9,225)
r(427,5,9,225)
r(234,7,9,225)
r(514,10,1,226)
r(489,5,1,226)
r(444,4,1,226)
r(83,6,1,226)
w(36,8,1,226)
r(414,4,1,226)
r(162,6,1,226)
r(161,4,1,226)
r(160,3,1,226)
r(527,3,1,226)
w(58,5,1,226)
w(28,8,1,226)
w(20,6,1,226)
w(18,9,1,226)
r(139,6,1,226)
r(349,4,1,226)
r(115,6,1,226)
r(305,5,1,226)
w(56,8,1,226)
r(204,6,1,226)
w(119,7,2,227)
w(97,12,2,227)
r(313,3,2,227)
w(100,9,2,227)
r(222,4,2,227)
r(303,4,2,227)
r(482,5,2,227)
r(180,3,2,227)
w(75,7,2,227)
r(41,3,2,227)
r(140,6,2,227)
w(118,7,2,227)
w(119,8,2,227)
w(116,5,2,227)
w(100,10,2,227)
r(248,4,2,227)
r(460,4,2,227)
w(95,5,2,227)
w(106,10,2,227)
r(532,8,2,227)
r(24,3,3,228)
r(339,7,3,228)
w(135,10,3,228)
w(174,8,3,228)
w(178,2,3,228)
r(414,4,3,228)
r(313,3,3,228)
w(166,5,3,228)
r(13,3,3,228)
r(392,8,3,228)
r(20,4,3,228)
r(523,8,3,228)
w(171,6,3,228)
r(283,3,3,228)
w(129,9,3,228)
w(155,8,3,228)
w(177,3,3,228)
w(175,6,3,228)
w(140,4,3,228)
w(164,8,3,228)
r(260,6,4,229)
r(87,8,4,229)
r(396,3,4,229)
w(196,11,4,229)
w(209,8,4,229)
r(98,4,4,229)
r(108,7,4,229)
w(213,4,4,229)
w(205,9,4,229)
w(191,7,4,229)
r(72,5,4,229)
r(493,8,4,229)
r(329,4,4,229)
w(209,9,4,229)
r(313,4,4,229)
w(222,6,4,229)
r(513,6,4,229)
w(234,8,4,229)
w(206,9,4,229)
w(233,8,4,229)
r(163,2,5,230)
w(241,7,5,230)
w(279,3,5,230)
r(102,5,5,230)
w(280,4,5,230)
r(445,7,5,230)
w(268,2,5,230)
r(375,4,5,230)
w(264,4,5,230)
r(55,8,5,230)
w(262,6,5,230)
w(279,4,5,230)
r(76,7,5,230)
r(155,9,5,230)
w(265,9,5,230)
w(289,6,5,230)
r(43,6,5,230)
w(274,7,5,230)
r(150,8,5,230)
w(287,10,5,230)
w(357,3,6,231)
w(332,8,6,231)
r(282,1,6,231)
w(322,4,6,231)
r(1,3,6,231)
w(323,9,6,231)
w(321,4,6,231)
r(411,8,6,231)
r(430,11,6,231)
r(179,5,6,231)
r(518,3,6,231)
w(360,11,6,231)
w(360,12,6,231)
r(471,5,6,231)
w(338,7,6,231)
w(326,4,6,231)
w(357,4,6,231)
w(316,4,6,231)
r(453,4,6,231)
w(306,6,6,231)
w(373,5,7,232)
r(340,3,7,232)
r(234,7,7,232)
w(411,7,7,232)
w(369,4,7,232)
r(286,4,7,232)
w(375,4,7,232)
w(402,6,7,232)
w(380,8,7,232)
r(504,3,7,232)
w(411,8,7,232)
w(410,8,7,232)
r(438,2,7,232)
w(409,7,7,232)
w(362,8,7,232)
w(408,7,7,232)
w(365,6,7,232)
r(341,2,7,232)
w(368,7,7,232)
w(402,7,7,232)
r(32,7,8,233)
w(431,6,8,233)
r(396,3,8,233)
w(469,9,8,233)
w(429,3,8,233)
w(430,12,8,233)
r(223,14,8,233)
r(146,5,8,233)
r(88,5,8,233)
r(230,6,8,233)
r(529,7,8,233)
w(474,4,8,233)
r(343,5,8,233)
w(455,6,8,233)
w(440,5,8,233)
w(426,8,8,233)
w(430,13,8,233)
r(438,4,8,233)
w(446,7,8,233)
r(235,4,8,233)
r(233,7,9,234)
r(502,5,9,234)
r(334,4,9,234)
r(157,2,9,234)
r(307,5,9,234)
w(511,8,9,234)
w(497,6,9,234)
r(317,11,9,234)
w(495,8,9,234)
w(535,4,9,234)
r(413,3,9,234)
r(480,6,9,234)
r(142,8,9,234)
r(87,7,9,234)
w(509,6,9,234)
w(503,7,9,234)
r(103,6,9,234)
r(290,4,9,234)
w(524,8,9,234)
r(459,4,9,234)
r(525,3,1,235)
r(207,7,1,235)
r(408,8,1,235)
w(22,8,1,235)
w(5,3,1,235)
r(535,3,1,235)
r(291,5,1,235)
r(108,6,1,235)
w(23,6,1,235)
r(225,5,1,235)
w(13,5,1,235)
r(348,2,1,235)
r(33,6,1,235)
w(34,7,1,235)
w(52,8,1,235)
w(19,7,1,235)
w(43,6,1,235)
r(516,8,1,235)
w(38,4,1,235)
w(4,6,1,235)
w(87,8,2,236)
r(511,8,2,236)
r(26,5,2,236)
w(80,4,2,236)
w(95,6,2,236)
w(73,5,2,236)
r(90,4,2,236)
r(471,6,2,236)
r(155,9,2,236)
r(494,5,2,236)
w(100,11,2,236)
w(114,5,2,236)
r(29,3,2,236)
w(106,11,2,236)
r(384,7,2,236)
w(109,10,2,236)
r(183,4,2,236)
r(268,2,2,236)
r(271,6,2,236)
w(96,8,2,236)
w(175,7,3,237)
r(321,3,3,237)
w(125,8,3,237)
r(79,4,3,237)
r(390,4,3,237)
w(125,9,3,237)
w(158,5,3,237)
w(145,7,3,237)
r(36,8,3,237)
w(135,11,3,237)
w(154,4,3,237)
w(174,9,3,237)
w(133,8,3,237)
w(171,7,3,237)
r(178,2,3,237)
w(156,4,3,237)
w(167,5,3,237)
r(540,5,3,237)
w(130,5,3,237)
w(121,9,3,237)
w(237,7,4,238)
r(296,7,4,238)
r(27,6,4,238)
w(208,6,4,238)
w(218,5,4,238)
w(228,7,4,238)
r(456,8,4,238)
w(197,3,4,238)
r(45,5,4,238)
w(187,6,4,238)
w(227,4,4,238)
r(401,7,4,238)
r(369,5,4,238)
w(215,5,4,238)
w(233,9,4,238)
r(446,7,4,238)
w(215,6,4,238)
r(469,9,4,238)
r(488,4,4,238)
w(227,5,4,238)
w(270,9,5,239)
w(295,4,5,239)
w(272,6,5,239)
r(227,3,5,239)
w(282,2,5,239)
r(527,3,5,239)
r(51,6,5,239)
w(284,3,5,239)
r(463,4,5,239)
r(250,1,5,239)
w(252,5,5,239)
r(311,4,5,239)
r(406,8,5,239)
r(397,7,5,239)
w(273,8,5,239)
w(293,5,5,239)
r(297,5,5,239)
r(482,5,5,239)
w(241,8,5,239)
r(149,3,5,239)
r(97,12,6,240)
w(313,4,6,240)
w(357,5,6,240)
w(349,5,6,240)
r(268,1,6,240)
w(346,8,6,240)
w(355,8,6,240)
w(337,8,6,240)
r(443,6,6,240)
w(358,5,6,240)
w(312,11,6,240)
w(315,4,6,240)
w(339,10,6,240)
w(341,3,6,240)
w(341,4,6,240)
r(90,4,6,240)
w(343,6,6,240)
r(297,5,6,240)
w(337,9,6,240)
r(479,6,6,240)
w(400,4,7,241)
w(374,8,7,241)
r(137,9,7,241)
r(502,4,7,241)
w(395,5,7,241)
w(374,9,7,241)
w(401,6,7,241)
w(402,8,7,241)
w(419,6,7,241)
w(369,5,7,241)
w(401,7,7,241)
r(360,10,7,241)
r(283,3,7,241)
w(362,9,7,241)
w(419,7,7,241)
w(408,8,7,241)
w(400,5,7,241)
r(435,4,7,241)
w(384,7,7,241)
r(84,8,7,241)
w(450,6,8,242)
r(191,6,8,242)
r(333,8,8,242)
r(278,5,8,242)
w(472,7,8,242)
r(401,7,8,242)
w(480,7,8,242)
w(434,5,8,242)
r(489,5,8,242)
r(195,3,8,242)
r(514,10,8,242)
r(408,9,8,242)
w(453,5,8,242)
r(108,6,8,242)
w(472,8,8,242)
r(151,7,8,242)
w(453,6,8,242)
r(401,7,8,242)
w(456,7,8,242)
r(309,4,8,242)
w(496,8,9,243)
w(492,6,9,243)
r(80,3,9,243)
r(79,4,9,243)
w(508,8,9,243)
w(531,3,9,243)
w(525,4,9,243)
w(533,10,9,243)
r(442,12,9,243)
w(534,7,9,243)
r(334,4,9,243)
w(523,12,9,243)
w(493,8,9,243)
r(111,5,9,243)
w(498,6,9,243)
w(526,8,9,243)
r(297,5,9,243)
w(535,5,9,243)
w(536,6,9,243)
r(210,5,9,243)
w(48,5,1,244)
w(27,6,1,244)
w(53,5,1,244)
w(41,4,1,244)
w(16,8,1,244)
r(473,2,1,244)
r(267,7,1,244)
r(166,6,1,244)
w(53,6,1,244)
w(57,3,1,244)
r(368,9,1,244)
w(7,6,1,244)
w(16,9,1,244)
w(39,4,1,244)
w(55,8,1,244)
w(34,8,1,244)
w(14,5,1,244)
r(259,4,1,244)
r(45,5,1,244)
r(539,4,1,244)
r(55,8,2,245)
w(67,5,2,245)
r(461,6,2,245)
w(117,7,2,245)
w(98,4,2,245)
w(108,7,2,245)
w(120,5,2,245)
w(102,6,2,245)
w(105,9,2,245)
r(146,5,2,245)
r(446,7,2,245)
r(94,4,2,245)
w(72,5,2,245)
w(66,6,2,245)
r(295,4,2,245)
r(304,6,2,245)
r(85,4,2,245)
r(342,9,2,245)
r(530,6,2,245)
r(373,5,2,245)
w(150,8,3,246)
w(140,5,3,246)
w(172,6,3,246)
w(166,6,3,246)
w(146,5,3,246)
r(165,6,3,246)
w(158,6,3,246)
r(226,5,3,246)
w(133,9,3,246)
w(158,7,3,246)
w(133,10,3,246)
r(363,7,3,246)
r(425,3,3,246)
r(501,5,3,246)
r(77,8,3,246)
r(171,7,3,246)
w(154,5,3,246)
w(155,9,3,246)
r(4,6,3,246)
r(110,5,3,246)
w(192,9,4,247)
r(222,6,4,247)
w(210,7,4,247)
w(205,10,4,247)
w(188,10,4,247)
w(196,12,4,247)
r(405,3,4,247)
w(233,10,4,247)
w(186,4,4,247)
r(131,3,4,247)
r(288,7,4,247)
w(186,5,4,247)
w(207,8,4,247)
w(210,8,4,247)
w(215,7,4,247)
w(235,5,4,247)
w(216,7,4,247)
r(290,6,4,247)
w(238,7,4,247)
r(285,4,4,247)
w(245,5,5,248)
w(290,6,5,248)
w(257,8,5,248)
w(242,4,5,248)
w(253,3,5,248)
r(359,9,5,248)
w(252,6,5,248)
r(427,5,5,248)
r(353,7,5,248)
r(62,1,5,248)
w(255,9,5,248)
w(294,10,5,248)
w(296,6,5,248)
r(157,2,5,248)
r(393,3,5,248)
w(296,7,5,248)
w(300,7,5,248)
r(513,6,5,248)
r(43,6,5,248)
w(258,5,5,248)
r(493,6,7,249)
w(407,9,7,249)
w(378,6,7,249)
r(529,7,7,249)
r(484,6,7,249)
r(55,7,7,249)
r(136,6,7,249)
w(385,2,7,249)
w(417,5,7,249)
w(417,6,7,249)
w(372,6,7,249)
r(448,5,7,249)
w(361,8,7,249)
r(325,6,7,249)
r(132,3,7,249)
w(368,8,7,249)
r(197,2,7,249)
w(379,5,7,249)
r(287,8,7,249)
r(175,7,7,249)
w(451,2,8,250)
r(136,6,8,250)
w(454,7,8,250)
w(441,2,8,250)
r(43,6,8,250)
r(35,6,8,250)
r(417,6,8,250)
r(328,8,8,250)
r(326,4,8,250)
r(402,8,8,250)
w(453,7,8,250)
r(395,5,8,250)
w(467,7,8,250)
r(55,8,8,250)
r(86,7,8,250)
r(298,4,8,250)
r(6,3,8,250)
w(456,8,8,250)
r(164,8,8,250)
r(448,5,8,250)
w(158,8,3,251)
w(147,7,3,251)
r(406,8,3,251)
w(140,6,3,251)
w(178,3,3,251)
w(141,6,3,251)
r(135,11,3,251)
w(178,4,3,251)
r(377,7,3,251)
w(151,7,3,251)
r(387,9,3,251)
r(307,5,3,251)
r(402,8,3,251)
w(159,9,3,251)
w(172,7,3,251)
w(138,5,3,251)
w(173,6,3,251)
r(249,7,3,251)
w(132,4,3,251)
r(515,4,3,251)
w(182,8,4,252)
r(283,5,4,252)
r(196,12,4,252)
r(342,9,4,252)
w(190,10,4,252)
w(211,7,4,252)
w(220,7,4,252)
r(152,4,4,252)
r(343,6,4,252)
w(222,7,4,252)
w(217,5,4,252)
r(297,5,4,252)
r(45,5,4,252)
w(199,3,4,252)
w(197,4,4,252)
r(405,3,4,252)
w(227,6,4,252)
w(219,7,4,252)
r(216,7,4,252)
r(518,3,4,252)
w(419,8,7,253)
r(461,5,7,253)
r(466,4,7,253)
r(354,3,7,253)
w(380,9,7,253)
w(399,10,7,253)
w(390,5,7,253)
w(394,5,7,253)
r(116,4,7,253)
r(169,6,7,253)
w(377,7,7,253)
r(519,8,7,253)
r(32,7,7,253)
r(186,2,7,253)
r(290,4,7,253)
r(229,3,7,253)
w(408,9,7,253)
w(387,9,7,253)
r(97,11,7,253)
r(438,4,7,253)
w(433,7,8,254)
w(447,4,8,254)
r(275,5,8,254)
w(437,8,8,254)
w(435,6,8,254)
w(443,7,8,254)
r(326,4,8,254)
w(436,5,8,254)
r(368,9,8,254)
w(479,7,8,254)
r(333,8,8,254)
w(452,7,8,254)
r(303,4,8,254)
r(494,5,8,254)
r(265,9,8,254)
w(443,8,8,254)
r(540,5,8,254)
r(297,5,8,254)
w(461,6,8,254)
w(464,4,8,254)
w(129,10,3,255)
w(172,8,3,255)
r(164,8,3,255)
r(272,5,3,255)
w(142,9,3,255)
r(16,9,3,255)
r(381,4,3,255)
r(518,3,3,255)
r(497,6,3,255)
r(44,1,3,255)
r(63,9,3,255)
w(134,8,3,255)
r(437,7,3,255)
w(121,10,3,255)
r(57,3,3,255)
r(80,3,3,255)
r(69,8,3,255)
w(167,6,3,255)
w(132,5,3,255)
r(350,4,3,255)
w(370,6,7,256)
w(419,9,7,256)
w(368,9,7,256)
r(421,7,7,256)
w(372,7,7,256)
r(289,4,7,256)
r(283,5,7,256)
w(366,5,7,256)
r(20,6,7,256)
r(295,3,7,256)
r(296,5,7,256)
r(234,7,7,256)
w(370,7,7,256)
w(382,7,7,256)
r(184,5,7,256)
w(374,10,7,256)
r(282,1,7,256)
w(361,9,7,256)
r(243,6,7,256)
w(365,7,7,256)
r(453,7,8,257)
r(473,2,8,257)
r(206,8,8,257)
w(473,3,8,257)
r(216,6,8,257)
r(282,2,8,257)
r(333,8,8,257)
r(239,7,8,257)
w(458,6,8,257)
w(443,9,8,257)
r(120,5,8,257)
w(452,8,8,257)
w(441,3,8,257)
w(464,5,8,257)
w(432,8,8,257)
w(451,3,8,257)
w(455,7,8,257)
r(223,14,8,257)
r(64,4,8,257)
r(245,4,8,257)
