w(1,1,0,0)
w(2,1,0,0)
w(3,1,0,0)
w(4,1,0,0)
w(5,1,0,0)
w(6,1,0,0)
w(7,1,0,0)
w(8,1,0,0)
w(9,1,0,0)
w(10,1,0,0)
w(11,1,0,0)
w(12,1,0,0)
w(13,1,0,0)
w(14,1,0,0)
w(15,1,0,0)
w(16,1,0,0)
w(17,1,0,0)
w(18,1,0,0)
w(19,1,0,0)
w(20,1,0,0)
w(21,1,0,0)
w(22,1,0,0)
w(23,1,0,0)
w(24,1,0,0)
w(25,1,0,0)
w(26,1,0,0)
w(27,1,0,0)
w(28,1,0,0)
w(29,1,0,0)
w(30,1,0,0)
w(31,1,0,0)
w(32,1,0,0)
w(33,1,0,0)
w(34,1,0,0)
w(35,1,0,0)
w(36,1,0,0)
w(37,1,0,0)
w(38,1,0,0)
w(39,1,0,0)
w(40,1,0,0)
w(41,1,0,0)
w(42,1,0,0)
w(43,1,0,0)
w(44,1,0,0)
w(45,1,0,0)
w(46,1,0,0)
w(47,1,0,0)
w(48,1,0,0)
w(49,1,0,0)
w(50,1,0,0)
w(51,1,0,0)
w(52,1,0,0)
w(53,1,0,0)
w(54,1,0,0)
w(55,1,0,0)
w(56,1,0,0)
w(57,1,0,0)
w(58,1,0,0)
w(59,1,0,0)
w(60,1,0,0)
w(61,1,0,0)
w(62,1,0,0)
w(63,1,0,0)
w(64,1,0,0)
w(65,1,0,0)
w(66,1,0,0)
w(67,1,0,0)
w(68,1,0,0)
w(69,1,0,0)
w(70,1,0,0)
w(71,1,0,0)
w(72,1,0,0)
w(73,1,0,0)
w(74,1,0,0)
w(75,1,0,0)
w(76,1,0,0)
w(77,1,0,0)
w(78,1,0,0)
w(79,1,0,0)
w(80,1,0,0)
w(81,1,0,0)
w(82,1,0,0)
w(83,1,0,0)
w(84,1,0,0)
w(85,1,0,0)
w(86,1,0,0)
w(87,1,0,0)
w(88,1,0,0)
w(89,1,0,0)
w(90,1,0,0)
w(91,1,0,0)
w(92,1,0,0)
w(93,1,0,0)
w(94,1,0,0)
w(95,1,0,0)
w(96,1,0,0)
w(97,1,0,0)
w(98,1,0,0)
w(99,1,0,0)
w(100,1,0,0)
w(101,1,0,0)
w(102,1,0,0)
w(103,1,0,0)
w(104,1,0,0)
w(105,1,0,0)
w(106,1,0,0)
w(107,1,0,0)
w(108,1,0,0)
w(109,1,0,0)
w(110,1,0,0)
w(111,1,0,0)
w(112,1,0,0)
w(113,1,0,0)
w(114,1,0,0)
w(115,1,0,0)
w(116,1,0,0)
w(117,1,0,0)
w(118,1,0,0)
w(119,1,0,0)
w(120,1,0,0)
w(121,1,0,0)
w(122,1,0,0)
w(123,1,0,0)
w(124,1,0,0)
w(125,1,0,0)
w(126,1,0,0)
w(127,1,0,0)
w(128,1,0,0)
w(129,1,0,0)
w(130,1,0,0)
w(131,1,0,0)
w(132,1,0,0)
w(133,1,0,0)
w(134,1,0,0)
w(135,1,0,0)
w(136,1,0,0)
w(137,1,0,0)
w(138,1,0,0)
w(139,1,0,0)
w(140,1,0,0)
w(141,1,0,0)
w(142,1,0,0)
w(143,1,0,0)
w(144,1,0,0)
w(145,1,0,0)
w(146,1,0,0)
w(147,1,0,0)
w(148,1,0,0)
w(149,1,0,0)
w(150,1,0,0)
w(151,1,0,0)
w(152,1,0,0)
w(153,1,0,0)
w(154,1,0,0)
w(155,1,0,0)
w(156,1,0,0)
w(157,1,0,0)
w(158,1,0,0)
w(159,1,0,0)
w(160,1,0,0)
w(161,1,0,0)
w(162,1,0,0)
w(163,1,0,0)
w(164,1,0,0)
w(165,1,0,0)
w(166,1,0,0)
w(167,1,0,0)
w(168,1,0,0)
w(169,1,0,0)
w(170,1,0,0)
w(171,1,0,0)
w(172,1,0,0)
w(173,1,0,0)
w(174,1,0,0)
w(175,1,0,0)
w(176,1,0,0)
w(177,1,0,0)
w(178,1,0,0)
w(179,1,0,0)
w(180,1,0,0)
w(181,1,0,0)
w(182,1,0,0)
w(183,1,0,0)
w(184,1,0,0)
w(185,1,0,0)
w(186,1,0,0)
w(187,1,0,0)
w(188,1,0,0)
w(189,1,0,0)
w(190,1,0,0)
w(191,1,0,0)
w(192,1,0,0)
w(193,1,0,0)
w(194,1,0,0)
w(195,1,0,0)
w(196,1,0,0)
w(197,1,0,0)
w(198,1,0,0)
w(199,1,0,0)
w(200,1,0,0)
w(201,1,0,0)
w(202,1,0,0)
w(203,1,0,0)
w(204,1,0,0)
w(205,1,0,0)
w(206,1,0,0)
w(207,1,0,0)
w(208,1,0,0)
w(209,1,0,0)
w(210,1,0,0)
w(211,1,0,0)
w(212,1,0,0)
w(213,1,0,0)
w(214,1,0,0)
w(215,1,0,0)
w(216,1,0,0)
w(217,1,0,0)
w(218,1,0,0)
w(219,1,0,0)
w(220,1,0,0)
w(221,1,0,0)
w(222,1,0,0)
w(223,1,0,0)
w(224,1,0,0)
w(225,1,0,0)
w(226,1,0,0)
w(227,1,0,0)
w(228,1,0,0)
w(229,1,0,0)
w(230,1,0,0)
w(231,1,0,0)
w(232,1,0,0)
w(233,1,0,0)
w(234,1,0,0)
w(235,1,0,0)
w(236,1,0,0)
w(237,1,0,0)
w(238,1,0,0)
w(239,1,0,0)
w(240,1,0,0)
w(241,1,0,0)
w(242,1,0,0)
w(243,1,0,0)
w(244,1,0,0)
w(245,1,0,0)
w(246,1,0,0)
w(247,1,0,0)
w(248,1,0,0)
w(249,1,0,0)
w(250,1,0,0)
w(251,1,0,0)
w(252,1,0,0)
w(253,1,0,0)
w(254,1,0,0)
w(255,1,0,0)
w(256,1,0,0)
w(257,1,0,0)
w(258,1,0,0)
w(259,1,0,0)
w(260,1,0,0)
w(261,1,0,0)
w(262,1,0,0)
w(263,1,0,0)
w(264,1,0,0)
w(265,1,0,0)
w(266,1,0,0)
w(267,1,0,0)
w(268,1,0,0)
w(269,1,0,0)
w(270,1,0,0)
w(271,1,0,0)
w(272,1,0,0)
w(273,1,0,0)
w(274,1,0,0)
w(275,1,0,0)
w(276,1,0,0)
w(277,1,0,0)
w(278,1,0,0)
w(279,1,0,0)
w(280,1,0,0)
w(281,1,0,0)
w(282,1,0,0)
w(283,1,0,0)
w(284,1,0,0)
w(285,1,0,0)
w(286,1,0,0)
w(287,1,0,0)
w(288,1,0,0)
w(289,1,0,0)
w(290,1,0,0)
w(291,1,0,0)
w(292,1,0,0)
w(293,1,0,0)
w(294,1,0,0)
w(295,1,0,0)
w(296,1,0,0)
w(297,1,0,0)
w(298,1,0,0)
w(299,1,0,0)
w(300,1,0,0)
w(301,1,0,0)
w(302,1,0,0)
w(303,1,0,0)
w(304,1,0,0)
w(305,1,0,0)
w(306,1,0,0)
w(307,1,0,0)
w(308,1,0,0)
w(309,1,0,0)
w(310,1,0,0)
w(311,1,0,0)
w(312,1,0,0)
w(313,1,0,0)
w(314,1,0,0)
w(315,1,0,0)
w(316,1,0,0)
w(317,1,0,0)
w(318,1,0,0)
w(319,1,0,0)
w(320,1,0,0)
w(321,1,0,0)
w(322,1,0,0)
w(323,1,0,0)
w(324,1,0,0)
w(325,1,0,0)
w(326,1,0,0)
w(327,1,0,0)
w(328,1,0,0)
w(329,1,0,0)
w(330,1,0,0)
w(331,1,0,0)
w(332,1,0,0)
w(333,1,0,0)
w(334,1,0,0)
w(335,1,0,0)
w(336,1,0,0)
w(337,1,0,0)
w(338,1,0,0)
w(339,1,0,0)
w(340,1,0,0)
w(341,1,0,0)
w(342,1,0,0)
w(343,1,0,0)
w(344,1,0,0)
w(345,1,0,0)
w(346,1,0,0)
w(347,1,0,0)
w(348,1,0,0)
w(349,1,0,0)
w(350,1,0,0)
w(351,1,0,0)
w(352,1,0,0)
w(353,1,0,0)
w(354,1,0,0)
w(355,1,0,0)
w(356,1,0,0)
w(357,1,0,0)
w(358,1,0,0)
w(359,1,0,0)
w(360,1,0,0)
w(361,1,0,0)
w(362,1,0,0)
w(363,1,0,0)
w(364,1,0,0)
w(365,1,0,0)
w(366,1,0,0)
w(367,1,0,0)
w(368,1,0,0)
w(369,1,0,0)
w(370,1,0,0)
w(371,1,0,0)
w(372,1,0,0)
w(373,1,0,0)
w(374,1,0,0)
w(375,1,0,0)
w(376,1,0,0)
w(377,1,0,0)
w(378,1,0,0)
w(379,1,0,0)
w(380,1,0,0)
w(381,1,0,0)
w(382,1,0,0)
w(383,1,0,0)
w(384,1,0,0)
w(385,1,0,0)
w(386,1,0,0)
w(387,1,0,0)
w(388,1,0,0)
w(389,1,0,0)
w(390,1,0,0)
w(391,1,0,0)
w(392,1,0,0)
w(393,1,0,0)
w(394,1,0,0)
w(395,1,0,0)
w(396,1,0,0)
w(397,1,0,0)
w(398,1,0,0)
w(399,1,0,0)
w(400,1,0,0)
w(401,1,0,0)
w(402,1,0,0)
w(403,1,0,0)
w(404,1,0,0)
w(405,1,0,0)
w(406,1,0,0)
w(407,1,0,0)
w(408,1,0,0)
w(409,1,0,0)
w(410,1,0,0)
w(411,1,0,0)
w(412,1,0,0)
w(413,1,0,0)
w(414,1,0,0)
w(415,1,0,0)
w(416,1,0,0)
w(417,1,0,0)
w(418,1,0,0)
w(419,1,0,0)
w(420,1,0,0)
w(421,1,0,0)
w(422,1,0,0)
w(423,1,0,0)
w(424,1,0,0)
w(425,1,0,0)
w(426,1,0,0)
w(427,1,0,0)
w(428,1,0,0)
w(429,1,0,0)
w(430,1,0,0)
w(431,1,0,0)
w(432,1,0,0)
w(433,1,0,0)
w(434,1,0,0)
w(435,1,0,0)
w(436,1,0,0)
w(437,1,0,0)
w(438,1,0,0)
w(439,1,0,0)
w(440,1,0,0)
w(441,1,0,0)
w(442,1,0,0)
w(443,1,0,0)
w(444,1,0,0)
w(445,1,0,0)
w(446,1,0,0)
w(447,1,0,0)
w(448,1,0,0)
w(449,1,0,0)
w(450,1,0,0)
w(451,1,0,0)
w(452,1,0,0)
w(453,1,0,0)
w(454,1,0,0)
w(455,1,0,0)
w(456,1,0,0)
w(457,1,0,0)
w(458,1,0,0)
w(459,1,0,0)
w(460,1,0,0)
w(461,1,0,0)
w(462,1,0,0)
w(463,1,0,0)
w(464,1,0,0)
w(465,1,0,0)
w(466,1,0,0)
w(467,1,0,0)
w(468,1,0,0)
w(469,1,0,0)
w(470,1,0,0)
w(471,1,0,0)
w(472,1,0,0)
w(473,1,0,0)
w(474,1,0,0)
w(475,1,0,0)
w(476,1,0,0)
w(477,1,0,0)
w(478,1,0,0)
w(479,1,0,0)
w(480,1,0,0)
w(481,1,0,0)
w(482,1,0,0)
w(483,1,0,0)
w(484,1,0,0)
w(485,1,0,0)
w(486,1,0,0)
w(487,1,0,0)
w(488,1,0,0)
w(489,1,0,0)
w(490,1,0,0)
w(491,1,0,0)
w(492,1,0,0)
w(493,1,0,0)
w(494,1,0,0)
w(495,1,0,0)
w(496,1,0,0)
w(497,1,0,0)
w(498,1,0,0)
w(499,1,0,0)
w(500,1,0,0)
w(501,1,0,0)
w(502,1,0,0)
w(503,1,0,0)
w(504,1,0,0)
w(505,1,0,0)
w(506,1,0,0)
w(507,1,0,0)
w(508,1,0,0)
w(509,1,0,0)
w(510,1,0,0)
w(511,1,0,0)
w(512,1,0,0)
w(513,1,0,0)
w(514,1,0,0)
w(515,1,0,0)
w(516,1,0,0)
w(517,1,0,0)
w(518,1,0,0)
w(519,1,0,0)
w(520,1,0,0)
w(521,1,0,0)
w(522,1,0,0)
w(523,1,0,0)
w(524,1,0,0)
w(525,1,0,0)
w(526,1,0,0)
w(527,1,0,0)
w(528,1,0,0)
w(529,1,0,0)
w(530,1,0,0)
w(531,1,0,0)
w(532,1,0,0)
w(533,1,0,0)
w(534,1,0,0)
w(535,1,0,0)
w(536,1,0,0)
w(537,1,0,0)
w(538,1,0,0)
w(539,1,0,0)
w(540,1,0,0)
w(196,2,1,1)
r(516,1,1,1)
r(236,1,1,1)
w(497,2,1,1)
r(166,1,1,1)
r(35,1,1,1)
r(223,1,1,1)
r(286,1,1,1)
w(102,2,1,1)
r(332,1,1,1)
r(224,1,1,1)
r(127,1,1,1)
r(86,1,1,1)
w(140,2,1,1)
r(42,1,1,1)
w(391,2,1,1)
r(485,1,1,1)
r(492,1,1,1)
w(194,2,1,1)
r(358,1,1,1)
w(115,2,2,2)
w(26,7,2,2)
r(18,1,2,2)
r(474,1,2,2)
r(377,1,2,2)
r(376,1,2,2)
w(392,2,2,2)
r(201,1,2,2)
w(521,7,2,2)
r(392,2,2,2)
r(173,1,2,2)
w(2,2,2,2)
w(499,2,2,2)
r(348,1,2,2)
r(99,1,2,2)
w(75,7,2,2)
w(457,2,2,2)
r(339,1,2,2)
w(385,2,2,2)
r(265,1,2,2)
r(540,1,3,3)
r(439,5,3,3)
r(509,1,3,3)
w(183,7,3,3)
w(42,7,3,3)
r(424,1,3,3)
r(172,1,3,3)
r(398,1,3,3)
r(303,1,3,3)
r(81,1,3,3)
w(262,5,3,3)
w(31,7,3,3)
w(261,5,3,3)
r(538,1,3,3)
r(229,1,3,3)
w(263,3,3,3)
r(501,1,3,3)
w(224,3,3,3)
w(426,7,3,3)
w(112,2,3,3)
w(161,7,4,4)
r(212,1,4,4)
r(484,1,4,4)
r(228,1,4,4)
r(172,1,4,4)
w(496,3,4,4)
w(507,3,4,4)
r(374,1,4,4)
w(297,5,4,4)
r(201,1,4,4)
w(69,5,4,4)
w(235,5,4,4)
r(199,1,4,4)
w(450,5,4,4)
r(255,1,4,4)
w(369,7,4,4)
w(439,5,4,4)
r(529,1,4,4)
r(406,1,4,4)
r(422,1,4,4)
r(211,1,5,5)
w(111,5,5,5)
r(142,1,5,5)
r(321,1,5,5)
w(120,5,5,5)
w(76,5,5,5)
w(107,7,5,5)
r(54,1,5,5)
r(461,1,5,5)
r(221,1,5,5)
w(497,3,5,5)
r(418,1,5,5)
r(92,1,5,5)
r(208,1,5,5)
r(74,5,5,5)
r(527,1,5,5)
w(83,7,5,5)
r(486,1,5,5)
r(176,1,5,5)
w(507,6,5,5)
r(308,1,6,6)
r(100,1,6,6)
r(100,1,6,6)
w(19,2,6,6)
r(153,1,6,6)
w(540,8,6,6)
r(134,1,6,6)
w(74,5,6,6)
w(288,5,6,6)
w(458,5,6,6)
w(259,7,6,6)
r(469,1,6,6)
w(454,5,6,6)
w(525,3,6,6)
w(341,3,6,6)
r(14,1,6,6)
r(47,1,6,6)
r(509,1,6,6)
w(223,3,6,6)
w(4,4,6,6)
r(452,1,7,7)
w(387,2,7,7)
r(512,1,7,7)
r(337,1,7,7)
w(131,8,7,7)
r(484,1,7,7)
r(225,1,7,7)
w(531,11,7,7)
r(110,1,7,7)
r(222,1,7,7)
r(24,1,7,7)
r(448,1,7,7)
w(148,7,7,7)
w(254,2,7,7)
r(490,1,7,7)
r(356,1,7,7)
w(227,6,7,7)
w(468,6,7,7)
r(124,1,7,7)
r(324,1,7,7)
r(287,1,8,8)
w(99,4,8,8)
w(43,4,8,8)
r(337,1,8,8)
r(474,1,8,8)
r(39,1,8,8)
r(175,1,8,8)
r(96,1,8,8)
w(135,11,8,8)
r(228,1,8,8)
w(292,5,8,8)
r(520,1,8,8)
r(246,1,8,8)
r(320,1,8,8)
r(352,1,8,8)
r(28,1,8,8)
w(53,6,8,8)
w(473,3,8,8)
r(55,1,8,8)
r(304,1,8,8)
w(139,8,9,9)
w(300,5,9,9)
r(491,1,9,9)
r(351,1,9,9)
r(509,1,9,9)
r(355,1,9,9)
r(181,1,9,9)
w(278,5,9,9)
w(22,10,9,9)
r(481,1,9,9)
w(144,6,9,9)
r(285,1,9,9)
w(239,6,9,9)
w(31,10,9,9)
w(437,5,9,9)
w(113,8,9,9)
r(126,1,9,9)
w(136,4,9,9)
r(241,1,9,9)
r(281,1,9,9)
r(455,1,1,10)
r(497,3,1,10)
r(99,4,1,10)
w(507,2,1,10)
r(108,1,1,10)
w(261,2,1,10)
w(422,2,1,10)
w(288,2,1,10)
r(399,1,1,10)
r(43,4,1,10)
w(316,2,1,10)
r(518,1,1,10)
w(91,2,1,10)
r(23,1,1,10)
r(386,1,1,10)
r(300,5,1,10)
w(464,2,1,10)
w(290,2,1,10)
w(76,2,1,10)
w(503,2,1,10)
r(411,1,2,11)
r(435,1,2,11)
r(145,1,2,11)
w(420,7,2,11)
w(219,7,2,11)
r(15,1,2,11)
w(391,5,2,11)
r(439,5,2,11)
w(375,7,2,11)
r(214,1,2,11)
r(70,1,2,11)
r(476,1,2,11)
w(524,5,2,11)
w(203,2,2,11)
w(148,2,2,11)
r(476,1,2,11)
w(212,2,2,11)
r(540,8,2,11)
r(193,1,2,11)
w(367,7,2,11)
r(488,1,3,12)
w(538,7,3,12)
r(297,4,3,12)
r(504,1,3,12)
r(190,1,3,12)
w(384,2,3,12)
r(105,6,3,12)
r(283,4,3,12)
r(328,1,3,12)
r(364,3,3,12)
w(446,2,3,12)
w(244,2,3,12)
w(431,5,3,12)
w(230,2,3,12)
w(481,2,3,12)
w(127,2,3,12)
w(370,8,3,12)
r(148,2,3,12)
r(252,1,3,12)
r(236,1,3,12)
w(47,4,4,13)
w(284,5,4,13)
w(194,5,4,13)
w(342,7,4,13)
w(33,2,4,13)
r(506,1,4,13)
w(434,7,4,13)
w(502,3,4,13)
r(322,1,4,13)
r(264,1,4,13)
r(428,1,4,13)
w(539,5,4,13)
w(200,3,4,13)
r(199,1,4,13)
w(460,3,4,13)
r(454,5,4,13)
w(304,7,4,13)
r(180,1,4,13)
r(400,7,4,13)
r(154,1,4,13)
r(140,2,5,14)
w(218,4,5,14)
w(111,3,5,14)
w(363,7,5,14)
r(429,1,5,14)
w(327,11,5,14)
w(107,5,5,14)
r(82,1,5,14)
r(433,1,5,14)
w(211,3,5,14)
w(128,7,5,14)
r(460,1,5,14)
r(55,1,5,14)
w(91,5,5,14)
r(101,1,5,14)
w(35,3,5,14)
w(91,3,5,14)
w(385,3,5,14)
w(341,5,5,14)
w(536,5,5,14)
w(58,3,6,15)
w(445,7,6,15)
r(223,3,6,15)
w(513,5,6,15)
w(238,7,6,15)
r(318,4,6,15)
r(39,1,6,15)
w(500,5,6,15)
r(509,1,6,15)
w(84,2,6,15)
w(133,6,6,15)
w(10,4,6,15)
w(451,4,6,15)
w(436,4,6,15)
w(430,7,6,15)
w(229,3,6,15)
r(202,1,6,15)
r(515,5,6,15)
r(92,1,6,15)
r(490,1,6,15)
w(400,7,7,16)
w(227,8,7,16)
w(515,5,7,16)
r(207,1,7,16)
r(295,1,7,16)
w(121,7,7,16)
r(158,1,7,16)
r(334,1,7,16)
r(284,1,7,16)
r(36,1,7,16)
r(114,1,7,16)
w(463,5,7,16)
w(200,8,7,16)
r(208,1,7,16)
w(420,8,7,16)
w(406,8,7,16)
r(518,1,7,16)
r(193,1,7,16)
w(127,4,7,16)
r(469,1,7,16)
r(137,1,8,17)
r(31,7,8,17)
r(480,1,8,17)
r(235,5,8,17)
r(20,1,8,17)
w(30,8,8,17)
w(469,4,8,17)
r(358,1,8,17)
w(125,6,8,17)
r(303,1,8,17)
w(290,3,8,17)
w(249,5,8,17)
w(96,8,8,17)
w(128,3,8,17)
r(203,1,8,17)
r(392,2,8,17)
r(411,1,8,17)
w(492,6,8,17)
r(377,1,8,17)
r(125,6,8,17)
r(5,1,9,18)
w(379,5,9,18)
w(71,4,9,18)
w(7,5,9,18)
r(26,7,9,18)
r(341,3,9,18)
r(381,1,9,18)
r(55,1,9,18)
w(387,5,9,18)
w(266,3,9,18)
r(438,1,9,18)
r(86,1,9,18)
w(268,6,9,18)
r(323,1,9,18)
r(260,1,9,18)
r(226,1,9,18)
w(272,4,9,18)
r(74,5,9,18)
w(514,6,9,18)
r(40,1,9,18)
w(487,2,1,19)
w(408,7,2,20)
r(139,8,2,20)
r(506,1,2,20)
r(402,1,2,20)
w(146,7,2,20)
r(374,1,2,20)
r(174,1,2,20)
w(48,2,2,20)
w(462,5,2,20)
r(96,8,2,20)
r(373,4,2,20)
r(469,4,2,20)
r(36,1,2,20)
r(335,1,2,20)
w(440,7,2,20)
w(372,7,2,20)
w(346,2,2,20)
r(119,1,2,20)
w(512,2,2,20)
r(151,1,2,20)
w(270,2,3,21)
r(479,1,3,21)
w(492,5,3,21)
w(224,4,3,21)
w(364,2,3,21)
r(5,1,3,21)
r(172,1,3,21)
w(479,2,3,21)
w(319,7,3,21)
r(163,1,3,21)
r(350,1,3,21)
r(499,6,3,21)
r(156,8,3,21)
r(305,1,3,21)
w(374,5,3,21)
r(162,1,3,21)
w(164,5,3,21)
w(347,5,3,21)
r(14,1,3,21)
r(1,1,3,21)
r(84,7,4,22)
w(442,5,4,22)
r(377,1,4,22)
r(282,1,4,22)
r(160,1,4,22)
r(277,1,4,22)
r(35,3,4,22)
w(4,7,4,22)
r(31,7,4,22)
r(224,3,4,22)
w(386,2,4,22)
r(186,1,4,22)
w(65,2,4,22)
r(419,1,4,22)
w(384,7,4,22)
w(93,7,4,22)
r(256,1,4,22)
r(103,1,4,22)
r(426,7,4,22)
w(120,2,4,22)
w(390,3,5,23)
w(49,5,5,23)
r(343,1,5,23)
w(405,7,5,23)
r(291,1,5,23)
r(259,7,5,23)
w(539,4,5,23)
w(471,7,5,23)
r(416,1,5,23)
w(297,4,5,23)
w(173,5,5,23)
w(511,3,5,23)
r(44,1,5,23)
r(215,1,5,23)
r(21,1,5,23)
w(477,6,5,23)
w(382,7,5,23)
r(164,1,5,23)
w(181,4,5,23)
w(97,8,5,23)
r(256,1,6,24)
w(202,5,6,24)
w(52,5,6,24)
w(470,5,6,24)
w(45,3,6,24)
r(334,2,6,24)
r(79,1,6,24)
w(388,6,6,24)
r(10,4,6,24)
r(532,1,6,24)
w(211,6,6,24)
r(497,3,6,24)
r(209,1,6,24)
r(217,1,6,24)
w(117,4,6,24)
r(283,1,6,24)
r(400,7,6,24)
r(128,7,6,24)
w(69,3,6,24)
w(329,3,6,24)
r(147,1,7,25)
w(2,5,7,25)
w(116,3,7,25)
w(404,3,7,25)
r(474,1,7,25)
w(357,4,7,25)
w(127,6,7,25)
w(318,4,7,25)
r(140,2,7,25)
w(484,9,7,25)
r(346,1,7,25)
r(116,3,7,25)
w(213,5,7,25)
r(442,1,7,25)
r(47,1,7,25)
w(339,4,7,25)
w(260,4,7,25)
r(178,1,7,25)
w(487,4,7,25)
r(8,1,7,25)
w(487,11,8,26)
r(203,2,8,26)
r(429,1,8,26)
w(203,4,8,26)
r(95,1,8,26)
w(523,6,8,26)
r(70,1,8,26)
r(155,1,8,26)
r(76,2,8,26)
w(24,3,8,26)
r(54,1,8,26)
r(166,1,8,26)
r(176,1,8,26)
w(203,6,8,26)
r(345,1,8,26)
r(68,1,8,26)
w(30,11,8,26)
w(233,3,8,26)
w(373,4,8,26)
w(95,3,8,26)
w(64,5,9,27)
r(248,1,9,27)
r(63,1,9,27)
r(414,1,9,27)
r(205,1,9,27)
r(212,2,9,27)
r(181,1,9,27)
r(417,1,9,27)
w(183,3,9,27)
r(374,1,9,27)
r(84,1,9,27)
w(156,8,9,27)
r(377,1,9,27)
w(157,6,9,27)
w(210,4,9,27)
w(539,12,9,27)
r(464,2,9,27)
r(324,1,9,27)
r(268,6,9,27)
w(512,4,9,27)
w(420,2,1,28)
r(40,1,1,28)
r(361,1,1,28)
w(229,2,1,28)
w(176,2,1,28)
r(487,4,1,28)
r(270,1,1,28)
w(75,2,1,28)
r(282,1,1,28)
w(534,2,1,28)
r(176,2,1,28)
r(180,1,1,28)
w(235,2,1,28)
r(436,4,1,28)
r(174,1,1,28)
r(450,5,1,28)
r(461,1,1,28)
r(506,1,1,28)
w(263,2,1,28)
r(122,1,1,28)
r(355,1,2,29)
w(310,7,2,29)
r(80,1,2,29)
w(191,7,2,29)
w(271,2,2,29)
w(334,2,2,29)
r(528,1,2,29)
r(439,5,2,29)
r(296,1,2,29)
r(201,1,2,29)
w(237,7,2,29)
r(169,1,2,29)
w(525,2,2,29)
r(244,1,2,29)
w(96,7,2,29)
w(354,2,2,29)
r(207,1,2,29)
r(255,1,2,29)
w(70,2,2,29)
r(119,1,2,29)
r(432,1,3,30)
w(115,7,3,30)
r(346,7,3,30)
r(518,1,3,30)
r(235,2,3,30)
w(402,2,3,30)
w(234,2,3,30)
r(461,1,3,30)
r(163,1,3,30)
w(142,3,3,30)
w(97,7,3,30)
r(182,1,3,30)
r(426,5,3,30)
w(447,7,3,30)
r(51,1,3,30)
w(423,7,3,30)
r(175,1,3,30)
w(205,2,3,30)
r(68,6,3,30)
r(534,2,3,30)
r(313,1,4,31)
r(510,1,4,31)
r(531,11,4,31)
w(365,3,4,31)
r(230,2,4,31)
w(139,3,4,31)
w(238,2,4,31)
w(48,4,4,31)
r(228,8,4,31)
r(172,1,4,31)
r(381,1,4,31)
r(447,1,4,31)
w(323,7,4,31)
r(448,1,4,31)
r(195,1,4,31)
r(186,1,4,31)
r(386,2,4,31)
r(157,6,4,31)
r(528,1,4,31)
w(502,4,4,31)
r(468,6,5,32)
w(440,4,5,32)
w(340,5,5,32)
r(98,1,5,32)
r(252,1,5,32)
w(217,4,5,32)
r(254,2,5,32)
r(365,1,5,32)
r(221,1,5,32)
r(221,1,5,32)
w(383,7,5,32)
w(53,7,5,32)
w(4,3,5,32)
r(397,1,5,32)
w(176,6,5,32)
r(177,1,5,32)
w(169,7,5,32)
r(331,1,5,32)
w(126,3,5,32)
r(517,1,5,32)
r(229,2,6,33)
w(283,4,6,33)
w(35,6,6,33)
r(116,3,6,33)
r(408,7,6,33)
w(453,5,6,33)
w(68,6,6,33)
w(196,3,6,33)
w(245,7,6,33)
w(269,7,6,33)
w(287,3,6,33)
w(449,7,6,33)
w(514,3,6,33)
w(538,3,6,33)
r(39,1,6,33)
w(360,3,6,33)
r(348,1,6,33)
r(520,1,6,33)
r(474,1,6,33)
w(469,3,6,33)
w(18,5,7,34)
w(47,6,7,34)
r(1,1,7,34)
r(462,5,7,34)
r(336,1,7,34)
w(284,6,7,34)
r(8,1,7,34)
w(507,8,7,34)
r(270,1,7,34)
r(6,1,7,34)
w(454,6,7,34)
r(448,1,7,34)
r(137,1,7,34)
w(134,2,7,34)
r(102,8,7,34)
w(364,3,7,34)
w(444,2,7,34)
w(540,9,7,34)
w(494,3,7,34)
w(404,4,7,34)
w(105,6,8,35)
r(97,1,8,35)
w(353,6,8,35)
r(88,1,8,35)
r(369,7,8,35)
w(293,5,8,35)
r(228,1,8,35)
r(131,8,8,35)
r(326,1,8,35)
r(48,2,8,35)
w(276,3,8,35)
r(14,1,8,35)
w(144,4,8,35)
w(499,6,8,35)
w(84,7,8,35)
w(178,5,8,35)
r(443,1,8,35)
w(393,11,8,35)
r(231,1,8,35)
r(138,1,8,35)
r(534,2,9,36)
w(125,9,9,36)
w(60,5,9,36)
w(400,5,9,36)
w(325,3,9,36)
r(60,5,9,36)
r(179,1,9,36)
w(97,13,9,36)
r(159,1,9,36)
r(426,7,9,36)
r(350,1,9,36)
w(70,10,9,36)
w(440,11,9,36)
w(189,7,9,36)
r(380,1,9,36)
w(358,7,9,36)
w(53,8,9,36)
r(202,5,9,36)
w(180,3,9,36)
r(160,1,9,36)
r(87,1,1,37)
r(130,6,1,37)
r(5,1,1,37)
w(437,2,1,37)
r(345,1,1,37)
w(321,2,1,37)
w(71,2,1,37)
r(98,1,1,37)
w(167,2,1,37)
r(110,1,1,37)
r(117,4,1,37)
r(369,7,1,37)
w(500,2,1,37)
w(393,2,1,37)
w(431,2,1,37)
w(24,2,1,37)
w(311,2,1,37)
w(40,2,1,37)
r(358,7,1,37)
w(336,2,1,37)
r(350,1,2,38)
r(12,1,2,38)
r(95,3,2,38)
r(145,1,2,38)
r(422,6,2,38)
w(460,7,2,38)
w(75,5,2,38)
r(437,5,2,38)
w(15,2,2,38)
w(389,2,2,38)
r(428,1,2,38)
r(59,1,2,38)
w(428,5,2,38)
w(519,2,2,38)
r(241,1,2,38)
r(325,3,2,38)
w(183,2,2,38)
w(521,5,2,38)
w(375,5,2,38)
r(170,1,2,38)
r(158,1,3,39)
r(308,5,3,39)
r(196,3,3,39)
r(258,1,3,39)
w(97,5,3,39)
w(417,5,3,39)
r(261,11,3,39)
r(530,1,3,39)
r(234,2,3,39)
r(135,9,3,39)
w(390,7,3,39)
w(41,2,3,39)
r(88,5,3,39)
w(525,5,3,39)
r(39,1,3,39)
w(488,2,3,39)
w(449,2,3,39)
r(400,5,3,39)
r(324,3,3,39)
w(127,7,3,39)
w(327,4,4,40)
w(539,3,4,40)
r(45,6,4,40)
r(144,4,4,40)
r(248,7,4,40)
w(519,7,4,40)
w(399,2,4,40)
r(224,4,4,40)
r(489,1,5,41)
w(405,5,5,41)
r(215,1,5,41)
r(42,7,5,41)
w(371,3,5,41)
r(24,2,5,41)
w(133,4,5,41)
w(540,6,5,41)
w(287,7,5,41)
r(235,2,5,41)
r(354,2,5,41)
r(457,2,5,41)
r(190,1,5,41)
r(484,9,5,41)
r(394,1,5,41)
r(85,1,5,41)
w(151,2,5,41)
w(493,7,5,41)
w(428,4,5,41)
r(411,1,5,41)
r(10,4,6,42)
r(188,1,6,42)
w(482,5,6,42)
r(512,2,6,42)
r(526,1,6,42)
r(477,6,6,42)
r(139,8,6,42)
r(404,4,6,42)
r(42,7,6,42)
r(115,2,6,42)
w(272,5,6,42)
r(530,1,6,42)
w(83,3,6,42)
w(294,5,6,42)
r(512,2,6,42)
r(93,7,6,42)
w(57,7,6,42)
r(376,1,6,42)
w(141,5,6,42)
r(358,7,6,42)
r(381,1,7,43)
r(25,1,7,43)
r(488,1,7,43)
r(219,7,7,43)
r(180,3,7,43)
r(18,5,7,43)
w(273,6,7,43)
w(187,7,7,43)
w(151,5,7,43)
r(527,1,7,43)
w(440,8,7,43)
r(93,7,7,43)
r(40,2,7,43)
r(73,1,7,43)
r(516,1,7,43)
r(111,3,7,43)
r(237,7,7,43)
r(195,1,7,43)
w(62,3,7,43)
r(510,1,7,43)
w(422,6,8,44)
w(88,5,8,44)
r(106,1,8,44)
r(317,1,8,44)
r(101,1,8,44)
w(130,6,8,44)
w(395,7,8,44)
w(285,6,8,44)
r(291,1,8,44)
w(150,6,8,44)
w(209,5,8,44)
r(412,1,8,44)
w(102,8,8,44)
w(324,3,8,44)
r(101,1,8,44)
w(210,3,8,44)
r(91,3,8,44)
r(21,1,8,44)
r(99,4,8,44)
w(45,6,8,44)
r(161,7,9,45)
r(93,7,9,45)
r(118,1,9,45)
r(481,1,9,45)
r(78,1,9,45)
w(285,8,9,45)
r(190,1,9,45)
r(484,9,9,45)
w(491,4,9,45)
w(83,8,9,45)
w(431,15,9,45)
r(383,1,9,45)
w(245,6,9,45)
w(211,11,9,45)
w(319,6,9,45)
r(481,1,9,45)
w(511,4,9,45)
r(176,2,9,45)
r(421,1,9,45)
w(123,4,9,45)
w(370,2,1,46)
r(505,1,1,46)
w(338,2,1,46)
r(187,7,1,46)
w(314,2,1,46)
w(85,2,1,46)
w(45,2,1,46)
r(373,4,1,46)
w(157,2,1,46)
w(332,2,1,46)
w(428,2,1,46)
w(74,2,1,46)
r(333,1,1,46)
w(111,2,1,46)
w(173,2,1,46)
r(248,7,1,46)
w(466,2,1,46)
r(319,7,1,46)
r(28,1,1,46)
w(318,2,1,46)
w(413,2,2,47)
r(149,1,2,47)
w(97,2,2,47)
w(458,2,2,47)
r(99,2,2,47)
w(10,7,2,47)
r(454,6,2,47)
w(420,5,2,47)
r(364,2,2,47)
r(425,1,2,47)
r(174,1,2,47)
r(155,1,2,47)
r(346,2,2,47)
w(433,2,2,47)
w(346,7,2,47)
w(136,2,2,47)
r(321,2,2,47)
w(144,2,2,47)
r(379,5,2,47)
r(40,2,2,47)
w(295,7,3,48)
r(58,3,3,48)
r(87,1,3,48)
r(502,4,3,48)
r(520,1,3,48)
w(31,5,3,48)
r(172,1,3,48)
r(219,7,3,48)
r(50,1,3,48)
r(416,1,3,48)
r(441,3,3,48)
w(241,7,3,48)
w(242,5,3,48)
w(142,4,3,48)
r(330,7,3,48)
r(363,7,3,48)
w(531,7,3,48)
w(512,7,3,48)
r(529,1,3,48)
r(319,3,3,48)
r(486,1,4,49)
r(442,5,4,49)
w(321,5,4,49)
r(131,8,4,49)
w(423,5,4,49)
w(389,7,4,49)
w(328,3,4,49)
r(14,1,4,49)
w(156,5,4,49)
r(441,1,4,49)
w(7,2,4,49)
w(341,7,4,49)
w(4,5,4,49)
w(511,5,4,49)
r(425,1,4,49)
w(327,6,4,49)
w(68,5,4,49)
r(371,3,4,49)
w(302,2,4,49)
r(168,1,4,49)
w(157,3,5,50)
r(39,1,5,50)
r(220,1,5,50)
r(385,3,5,50)
r(539,4,5,50)
r(162,1,5,50)
w(95,7,5,50)
w(211,4,5,50)
r(331,1,5,50)
w(180,7,5,50)
r(278,5,5,50)
r(83,3,5,50)
r(390,3,5,50)
r(134,2,5,50)
r(118,1,5,50)
w(353,5,5,50)
r(503,2,5,50)
r(298,1,5,50)
w(451,5,5,50)
r(81,1,5,50)
r(260,4,6,51)
r(253,1,6,51)
r(382,7,6,51)
r(42,7,6,51)
w(247,3,6,51)
w(424,3,6,51)
w(289,8,6,51)
w(460,4,6,51)
w(257,3,6,51)
r(84,7,6,51)
r(464,2,6,51)
w(248,7,6,51)
w(99,2,6,51)
w(372,6,6,51)
w(94,3,6,51)
r(186,1,6,51)
w(423,4,6,51)
r(292,5,6,51)
r(170,1,6,51)
w(426,5,6,51)
w(95,5,7,52)
r(442,5,7,52)
r(360,3,7,52)
r(130,6,7,52)
r(200,3,7,52)
r(294,5,7,52)
r(535,1,7,52)
w(348,11,7,52)
w(370,12,7,52)
w(124,2,7,52)
r(3,1,7,52)
r(200,3,7,52)
r(487,4,7,52)
w(285,3,7,52)
r(14,1,7,52)
r(487,4,7,52)
r(388,6,7,52)
r(37,6,7,52)
w(49,4,7,52)
r(226,1,7,52)
r(60,5,8,53)
r(125,9,8,53)
r(18,5,8,53)
r(310,7,8,53)
r(441,1,8,53)
w(406,9,8,53)
r(412,1,8,53)
r(72,1,8,53)
r(368,1,8,53)
w(176,11,8,53)
r(375,5,8,53)
r(257,1,8,53)
r(153,1,8,53)
w(523,11,8,53)
w(52,4,8,53)
w(314,6,8,53)
r(360,3,8,53)
w(116,4,8,53)
r(207,1,8,53)
w(445,5,8,53)
w(128,4,9,54)
w(228,8,9,54)
r(260,4,9,54)
r(98,1,9,54)
r(381,1,9,54)
r(500,2,9,54)
w(311,4,9,54)
r(91,3,9,54)
w(63,6,9,54)
r(437,2,9,54)
r(270,1,9,54)
r(380,1,9,54)
r(67,1,9,54)
w(497,6,9,54)
r(124,1,9,54)
r(11,1,9,54)
r(258,1,9,54)
w(354,3,9,54)
r(220,1,9,54)
w(37,6,9,54)
r(359,1,1,55)
w(113,2,1,55)
w(91,7,1,55)
r(193,1,1,55)
w(72,2,1,55)
r(251,1,1,55)
r(63,8,1,55)
r(365,3,1,55)
w(496,2,1,55)
w(342,2,1,55)
r(505,1,1,55)
r(264,1,1,55)
r(109,1,1,55)
w(164,2,1,55)
r(101,1,1,55)
w(264,2,1,55)
w(153,2,1,55)
r(128,4,1,55)
r(475,7,1,55)
w(464,7,1,55)
r(424,3,2,56)
w(379,2,2,56)
w(106,2,2,56)
w(421,2,2,56)
r(516,1,2,56)
w(297,2,2,56)
r(437,2,2,56)
w(316,5,2,56)
r(480,1,2,56)
w(368,7,2,56)
w(487,7,2,56)
r(360,3,2,56)
r(26,7,2,56)
r(443,1,2,56)
w(388,2,2,56)
w(439,2,2,56)
r(537,1,2,56)
r(424,3,2,56)
r(450,5,2,56)
w(266,2,2,56)
w(355,5,3,57)
w(158,2,3,57)
r(288,3,3,57)
w(22,3,3,57)
w(314,7,3,57)
w(117,2,3,57)
w(268,7,3,57)
r(5,1,3,57)
r(387,7,3,57)
r(387,7,3,57)
w(391,3,3,57)
r(381,4,3,57)
w(218,5,3,57)
r(446,2,3,57)
w(246,7,3,57)
r(525,5,3,57)
w(446,7,3,57)
r(70,11,3,57)
w(249,2,3,57)
w(97,3,3,57)
w(350,2,4,58)
r(5,1,4,58)
w(216,5,4,58)
r(31,7,4,58)
w(213,7,4,58)
w(532,2,4,58)
w(226,2,4,58)
w(538,5,4,58)
r(398,4,4,58)
r(140,2,4,58)
r(116,4,4,58)
w(120,7,4,58)
r(402,2,4,58)
w(442,3,4,58)
w(507,4,4,58)
w(217,5,4,58)
w(179,7,4,58)
w(202,2,4,58)
w(401,3,4,58)
w(240,7,4,58)
w(370,10,5,59)
r(128,4,5,59)
r(516,1,5,59)
w(330,7,5,59)
w(320,5,5,59)
w(30,4,5,59)
w(351,7,5,59)
w(237,3,5,59)
w(168,3,5,59)
w(472,7,5,59)
w(476,3,5,59)
w(377,7,5,59)
w(494,2,5,59)
r(314,2,5,59)
w(174,7,5,59)
w(79,7,5,59)
w(489,2,5,59)
w(422,5,5,59)
r(97,7,5,59)
r(308,5,5,59)
r(420,2,6,60)
w(376,5,6,60)
w(440,6,6,60)
w(180,5,6,60)
w(241,4,6,60)
w(91,4,6,60)
r(331,1,6,60)
r(235,2,6,60)
w(288,3,6,60)
w(352,3,6,60)
r(17,1,6,60)
r(34,1,6,60)
r(225,1,6,60)
r(82,1,6,60)
r(147,1,6,60)
w(127,3,6,60)
r(169,7,6,60)
r(478,1,6,60)
w(262,8,6,60)
r(319,7,6,60)
w(536,3,7,61)
r(186,1,7,61)
r(102,8,7,61)
r(37,6,7,61)
w(129,5,7,61)
w(398,4,7,61)
r(18,5,7,61)
w(266,5,7,61)
r(380,1,7,61)
w(57,4,7,61)
w(475,7,7,61)
w(146,3,7,61)
r(369,7,7,61)
r(178,5,7,61)
w(460,6,7,61)
r(45,6,7,61)
w(47,8,7,61)
w(123,5,7,61)
w(355,3,7,61)
w(488,5,7,61)
r(104,1,8,62)
w(472,5,8,62)
w(135,9,8,62)
w(9,3,8,62)
r(538,7,8,62)
r(432,1,8,62)
w(156,6,8,62)
r(519,2,8,62)
r(102,8,8,62)
w(399,4,8,62)
r(12,1,8,62)
w(476,6,8,62)
w(461,6,8,62)
r(19,2,8,62)
w(308,5,8,62)
w(92,8,8,62)
r(133,4,8,62)
r(472,5,8,62)
w(239,4,8,62)
w(37,3,8,62)
w(430,3,9,63)
r(140,2,9,63)
w(316,8,9,63)
w(270,11,9,63)
w(63,8,9,63)
w(478,5,9,63)
w(231,3,9,63)
w(205,7,9,63)
w(390,6,9,63)
r(121,7,9,63)
r(397,1,9,63)
w(316,11,9,63)
r(88,5,9,63)
r(175,1,9,63)
w(393,9,9,63)
w(234,5,9,63)
w(59,6,9,63)
w(382,4,9,63)
r(526,1,9,63)
r(145,1,9,63)
w(310,2,1,64)
w(537,2,1,64)
w(476,2,1,64)
r(143,1,1,64)
w(77,2,1,64)
r(330,1,1,64)
r(406,9,1,64)
w(397,7,1,64)
r(313,5,1,64)
r(255,1,1,64)
r(422,6,1,64)
r(318,2,1,64)
w(210,2,1,64)
r(4,5,1,64)
r(288,3,1,64)
w(427,2,1,64)
r(402,2,1,64)
w(382,2,1,64)
w(173,7,1,64)
r(293,5,1,64)
w(218,7,2,65)
r(535,1,2,65)
r(260,4,2,65)
w(287,2,2,65)
r(93,7,2,65)
w(392,7,2,65)
r(121,5,2,65)
r(230,2,2,65)
r(352,3,2,65)
r(489,2,2,65)
r(232,1,2,65)
r(413,2,2,65)
w(285,7,2,65)
r(12,1,2,65)
r(522,1,2,65)
w(236,7,2,65)
r(253,1,2,65)
r(540,10,2,65)
r(135,9,2,65)
r(66,5,2,65)
w(31,3,3,66)
w(453,7,3,66)
r(125,11,3,66)
w(96,4,3,66)
w(398,7,3,66)
r(294,4,3,66)
w(484,3,3,66)
r(197,1,3,66)
r(437,7,3,66)
r(388,11,3,66)
r(363,7,3,66)
r(349,1,3,66)
r(77,2,3,66)
r(322,3,3,66)
w(208,5,3,66)
w(87,2,3,66)
r(98,5,3,66)
r(289,4,3,66)
r(228,11,3,66)
w(462,3,3,66)
w(402,7,4,67)
w(289,4,4,67)
r(184,1,4,67)
w(372,3,4,67)
w(365,4,4,67)
r(455,5,4,67)
w(217,3,4,67)
w(469,5,4,67)
w(68,3,4,67)
r(435,1,4,67)
w(420,4,4,67)
r(190,1,4,67)
w(476,5,4,67)
r(114,1,4,67)
w(75,6,4,67)
r(306,1,4,67)
r(349,1,4,67)
w(424,2,4,67)
r(109,1,4,67)
w(78,4,4,67)
r(37,3,5,68)
r(429,1,5,68)
r(191,7,5,68)
w(323,5,5,68)
w(236,3,5,68)
w(170,5,5,68)
w(178,7,5,68)
r(119,1,5,68)
r(242,1,5,68)
r(453,5,5,68)
w(266,7,5,68)
r(2,4,5,68)
r(540,10,5,68)
r(450,5,5,68)
w(406,5,5,68)
r(346,7,5,68)
w(40,7,5,68)
r(17,1,5,68)
w(150,5,5,68)
r(348,11,5,68)
r(194,5,6,69)
w(540,11,6,69)
r(19,2,6,69)
r(185,1,6,69)
r(446,2,6,69)
w(206,3,6,69)
w(238,5,6,69)
r(373,4,6,69)
r(496,3,6,69)
w(391,6,6,69)
r(274,1,6,69)
r(391,6,6,69)
w(22,4,6,69)
r(217,4,6,69)
w(155,5,6,69)
r(170,1,6,69)
w(313,5,6,69)
w(182,6,6,69)
r(470,5,6,69)
w(243,5,6,69)
r(130,6,7,70)
w(319,3,7,70)
w(523,4,7,70)
r(134,2,7,70)
r(259,7,7,70)
w(309,3,7,70)
r(120,2,7,70)
w(391,8,7,70)
r(522,1,7,70)
w(108,4,7,70)
r(101,1,7,70)
r(317,1,7,70)
w(347,3,7,70)
r(67,1,7,70)
w(399,5,7,70)
w(18,3,7,70)
w(121,5,7,70)
w(412,5,7,70)
r(521,5,7,70)
w(63,3,7,70)
r(221,1,8,71)
r(320,1,8,71)
r(171,1,8,71)
r(515,5,8,71)
r(26,7,8,71)
w(150,8,8,71)
w(90,3,8,71)
w(338,4,8,71)
w(117,8,8,71)
r(538,7,8,71)
w(441,3,8,71)
r(265,1,8,71)
w(371,4,8,71)
r(396,1,8,71)
w(455,5,8,71)
r(19,2,8,71)
w(364,4,8,71)
w(359,3,8,71)
w(376,4,8,71)
r(48,4,8,71)
w(513,6,9,72)
r(148,2,9,72)
r(133,4,9,72)
r(169,7,9,72)
r(538,7,9,72)
w(61,6,9,72)
r(451,5,9,72)
r(515,5,9,72)
r(292,5,9,72)
r(101,1,9,72)
r(296,1,9,72)
w(99,8,9,72)
w(355,8,9,72)
r(53,7,9,72)
r(369,7,9,72)
r(320,1,9,72)
w(454,8,9,72)
r(229,2,9,72)
r(146,3,9,72)
w(328,8,9,72)
r(43,4,1,73)
w(416,2,1,73)
r(483,1,1,73)
w(74,7,1,73)
r(59,6,1,73)
r(420,4,1,73)
w(366,2,1,73)
w(138,2,1,73)
r(336,2,1,73)
r(44,1,1,73)
w(132,2,1,73)
r(293,5,1,73)
w(227,2,1,73)
r(204,1,1,73)
r(367,7,2,74)
r(350,2,2,74)
r(496,2,2,74)
r(216,3,2,74)
r(103,1,2,74)
r(522,1,2,74)
r(278,3,2,74)
w(105,2,2,74)
r(88,5,2,74)
w(525,7,2,74)
w(465,7,2,74)
w(381,2,2,74)
r(111,6,2,74)
w(337,5,2,74)
r(170,5,2,74)
r(453,5,2,74)
w(109,2,2,74)
r(215,2,2,74)
w(514,7,2,74)
r(431,5,2,74)
r(134,2,3,75)
r(387,7,3,75)
r(324,5,3,75)
r(184,1,3,75)
r(350,6,3,75)
r(214,1,3,75)
w(413,7,3,75)
r(328,3,3,75)
w(200,5,3,75)
w(305,2,3,75)
w(540,3,3,75)
w(184,7,3,75)
r(246,7,3,75)
r(461,8,3,75)
w(509,7,3,75)
r(127,7,3,75)
r(324,5,3,75)
r(480,1,3,75)
r(440,6,3,75)
r(495,3,3,75)
w(270,5,4,76)
r(16,1,4,76)
w(49,2,4,76)
w(484,6,4,76)
w(212,7,4,76)
r(451,6,4,76)
r(92,8,4,76)
r(276,3,4,76)
r(145,1,4,76)
r(504,1,4,76)
w(85,5,4,76)
r(405,5,4,76)
r(463,5,4,76)
r(476,5,4,76)
w(29,7,4,76)
w(211,7,4,76)
w(108,3,4,76)
r(539,4,4,76)
w(206,7,4,76)
r(398,4,4,76)
w(384,5,5,77)
w(190,3,5,77)
r(506,1,5,77)
w(342,3,5,77)
r(169,7,5,77)
w(339,5,5,77)
r(262,8,5,77)
w(346,4,5,77)
r(523,4,5,77)
r(197,1,5,77)
r(205,2,5,77)
r(188,1,5,77)
w(382,5,5,77)
r(259,7,5,77)
w(428,6,5,77)
w(70,3,5,77)
w(296,7,5,77)
w(28,3,5,77)
r(273,6,5,77)
r(486,1,5,77)
w(41,3,6,78)
r(290,2,6,78)
w(237,4,6,78)
r(451,5,6,78)
r(187,7,6,78)
r(283,4,6,78)
r(283,4,6,78)
w(130,3,6,78)
r(107,5,6,78)
r(272,5,6,78)
w(377,5,6,78)
r(189,7,6,78)
w(388,8,6,78)
r(202,5,6,78)
r(489,1,6,78)
w(305,5,6,78)
r(466,2,6,78)
r(248,7,6,78)
r(78,1,6,78)
w(303,3,6,78)
w(192,7,7,79)
w(164,8,7,79)
w(267,7,7,79)
w(456,2,7,79)
r(380,1,7,79)
w(66,5,7,79)
r(76,2,7,79)
r(345,1,7,79)
w(173,6,7,79)
w(181,6,7,79)
r(452,1,7,79)
w(487,6,7,79)
r(411,1,7,79)
r(339,4,7,79)
w(309,4,7,79)
w(132,3,7,79)
r(103,1,7,79)
r(191,7,7,79)
w(464,6,7,79)
w(534,7,7,79)
r(418,1,8,80)
r(508,1,8,80)
w(255,9,8,80)
w(55,5,8,80)
r(86,1,8,80)
w(125,8,8,80)
w(337,6,8,80)
r(204,1,8,80)
w(207,4,8,80)
w(189,2,8,80)
r(127,3,8,80)
r(165,1,8,80)
r(260,4,8,80)
r(183,2,8,80)
w(107,4,8,80)
r(256,1,8,80)
w(52,6,8,80)
r(330,1,8,80)
r(395,7,8,80)
r(192,1,8,80)
w(388,11,9,81)
w(513,8,9,81)
r(450,5,9,81)
w(85,4,9,81)
w(490,6,9,81)
r(318,2,9,81)
w(455,3,9,81)
w(206,6,9,81)
w(152,7,9,81)
r(253,1,9,81)
w(278,3,9,81)
r(380,1,9,81)
w(399,6,9,81)
r(60,5,9,81)
w(188,5,9,81)
r(74,2,9,81)
w(301,7,9,81)
w(125,10,9,81)
w(238,3,9,81)
w(451,6,9,81)
w(528,2,1,82)
r(401,3,1,82)
r(352,3,1,82)
w(22,7,1,82)
w(465,2,1,82)
w(143,2,1,82)
r(356,1,1,82)
r(84,7,1,82)
w(255,2,1,82)
w(38,2,1,82)
r(442,4,1,82)
r(78,4,1,82)
r(349,1,1,82)
w(340,2,1,82)
r(306,1,1,82)
w(468,2,1,82)
r(278,3,1,82)
w(22,5,1,82)
w(224,7,1,82)
w(211,2,1,82)
w(306,2,2,83)
w(118,7,2,83)
w(469,2,2,83)
w(21,2,2,83)
r(520,1,2,83)
w(51,7,2,83)
w(487,5,2,83)
r(285,7,2,83)
r(190,4,2,83)
r(496,4,2,83)
w(368,5,2,83)
r(131,11,2,83)
w(470,2,2,83)
w(370,3,2,83)
r(484,7,2,83)
w(78,5,2,83)
r(150,2,2,83)
w(235,7,2,83)
w(48,5,2,83)
w(486,2,2,83)
w(139,7,3,84)
r(540,7,3,84)
w(539,7,3,84)
r(181,6,3,84)
r(271,8,3,84)
r(301,5,3,84)
w(18,7,3,84)
w(473,7,3,84)
r(114,5,3,84)
r(375,4,3,84)
w(454,2,3,84)
w(493,2,3,84)
r(194,5,3,84)
r(211,9,3,84)
w(352,5,3,84)
w(500,7,3,84)
w(497,5,3,84)
w(204,5,3,84)
r(363,7,3,84)
w(293,2,3,84)
r(39,3,4,85)
w(176,3,4,85)
r(127,7,4,85)
r(341,7,4,85)
r(347,3,4,85)
w(333,5,4,85)
w(38,3,4,85)
w(424,7,4,85)
r(489,2,4,85)
w(486,3,4,85)
r(215,2,4,85)
w(231,5,4,85)
r(271,6,4,85)
w(44,5,4,85)
r(62,3,4,85)
w(270,3,4,85)
w(380,2,4,85)
w(439,3,4,85)
w(318,3,4,85)
w(536,2,4,85)
r(414,1,5,86)
r(132,3,5,86)
w(337,4,5,86)
w(509,4,5,86)
w(182,4,5,86)
r(219,7,5,86)
w(462,9,5,86)
w(273,3,5,86)
w(97,11,5,86)
w(294,7,5,86)
w(267,2,5,86)
r(299,1,5,86)
w(38,4,5,86)
w(468,4,5,86)
w(378,5,5,86)
w(173,3,5,86)
w(322,4,5,86)
w(369,3,5,86)
w(122,2,5,86)
w(111,4,5,86)
w(271,5,6,87)
r(345,1,6,87)
r(254,2,6,87)
r(292,5,6,87)
r(390,6,6,87)
r(93,7,6,87)
w(281,5,6,87)
w(307,7,6,87)
r(426,5,6,87)
w(42,3,6,87)
w(99,7,6,87)
w(374,3,6,87)
r(25,1,6,87)
w(325,5,6,87)
r(160,1,6,87)
r(205,2,6,87)
r(103,1,6,87)
w(277,5,6,87)
w(90,7,6,87)
w(359,5,6,87)
r(365,4,7,88)
r(61,6,7,88)
w(115,4,7,88)
r(411,1,7,88)
w(261,8,7,88)
w(109,4,7,88)
w(271,6,7,88)
w(381,3,7,88)
r(416,1,7,88)
w(413,4,7,88)
w(264,3,7,88)
r(317,1,7,88)
r(351,7,7,88)
r(4,5,7,88)
w(534,5,7,88)
r(30,4,7,88)
r(101,1,7,88)
w(33,7,7,88)
r(267,7,7,88)
w(392,4,7,88)
w(51,4,8,89)
r(19,2,8,89)
w(540,10,8,89)
w(1,5,8,89)
r(98,1,8,89)
w(366,4,8,89)
w(245,4,8,89)
r(15,2,8,89)
w(387,7,8,89)
r(95,7,8,89)
w(290,4,8,89)
r(34,1,8,89)
r(485,1,8,89)
w(261,11,8,89)
r(443,1,8,89)
r(324,3,8,89)
w(2,4,8,89)
r(372,6,8,89)
w(228,6,8,89)
r(449,7,8,89)
r(259,7,9,90)
w(248,5,9,90)
w(93,3,9,90)
w(354,4,9,90)
w(206,8,9,90)
r(371,4,9,90)
w(442,6,9,90)
r(277,5,9,90)
r(273,3,9,90)
w(301,5,9,90)
w(422,8,9,90)
w(39,3,9,90)
r(538,5,9,90)
r(539,4,9,90)
r(279,1,9,90)
r(121,5,9,90)
r(102,8,9,90)
w(221,3,9,90)
w(262,11,9,90)
r(539,4,9,90)
w(231,2,1,91)
r(38,2,1,91)
w(153,7,1,91)
w(227,7,1,91)
w(161,2,1,91)
w(511,2,1,91)
r(532,2,1,91)
w(507,7,1,91)
r(304,7,1,91)
w(509,2,1,91)
w(133,2,1,91)
w(370,7,1,91)
w(524,2,1,91)
w(484,2,1,91)
w(94,2,1,91)
w(428,7,1,91)
r(55,5,1,91)
r(221,3,1,91)
w(474,2,1,91)
r(269,7,1,91)
w(101,5,2,92)
r(230,2,2,92)
w(58,7,2,92)
w(100,2,2,92)
w(273,2,2,92)
r(407,2,2,92)
r(214,1,2,92)
r(470,2,2,92)
w(451,2,2,92)
r(132,3,2,92)
w(325,7,2,92)
r(315,2,2,92)
r(356,1,2,92)
w(126,2,2,92)
w(47,2,2,92)
r(280,1,2,92)
w(376,2,2,92)
w(511,7,2,92)
r(453,7,2,92)
r(450,5,2,92)
r(540,4,3,93)
r(322,8,3,93)
w(431,3,3,93)
r(319,5,3,93)
r(386,2,3,93)
w(270,7,3,93)
w(44,7,3,93)
r(217,3,3,93)
w(197,7,3,93)
w(472,2,3,93)
r(467,1,3,93)
w(54,2,3,93)
w(119,2,3,93)
r(61,2,3,93)
w(174,2,3,93)
w(81,7,3,93)
r(498,3,3,93)
w(181,5,3,93)
r(367,7,3,93)
w(13,5,3,93)
r(464,6,4,94)
r(527,1,4,94)
r(416,1,4,94)
w(187,2,4,94)
r(345,1,4,94)
r(182,4,4,94)
r(486,3,4,94)
r(255,2,4,94)
r(110,1,4,94)
w(253,5,4,94)
w(510,2,4,94)
r(15,2,4,94)
r(299,1,4,94)
w(226,7,4,94)
w(322,3,4,94)
r(34,1,4,94)
w(21,7,4,94)
w(150,2,4,94)
w(168,5,4,94)
r(104,1,4,94)
w(216,3,5,95)
r(110,1,5,95)
r(73,1,5,95)
w(190,4,5,95)
r(170,5,5,95)
r(24,2,5,95)
r(469,5,5,95)
r(519,2,5,95)
r(45,2,5,95)
w(442,4,5,95)
w(270,4,5,95)
w(9,5,5,95)
r(96,7,5,95)
w(168,4,5,95)
w(283,5,5,95)
r(372,3,5,95)
r(76,2,5,95)
r(126,3,5,95)
r(110,1,5,95)
r(386,2,5,95)
w(65,5,6,96)
w(271,3,6,96)
w(35,8,6,96)
r(263,2,6,96)
w(156,4,6,96)
w(220,4,6,96)
w(208,4,6,96)
r(409,1,6,96)
r(510,1,6,96)
r(15,2,6,96)
w(154,7,6,96)
r(193,1,6,96)
r(318,2,6,96)
w(22,6,6,96)
r(74,2,6,96)
r(425,1,6,96)
r(308,5,6,96)
w(316,4,6,96)
r(115,7,6,96)
r(350,2,6,96)
w(539,11,7,97)
w(378,3,7,97)
r(187,7,7,97)
r(225,1,7,97)
r(105,6,7,97)
r(525,5,7,97)
r(363,7,7,97)
r(339,5,7,97)
r(479,2,7,97)
r(60,5,7,97)
r(197,1,7,97)
w(338,3,7,97)
r(74,2,7,97)
w(381,4,7,97)
w(169,5,7,97)
w(210,5,7,97)
r(518,1,7,97)
r(169,5,7,97)
r(455,3,7,97)
r(322,4,7,97)
r(509,1,8,98)
w(320,6,8,98)
w(415,5,8,98)
w(473,4,8,98)
w(50,3,8,98)
r(214,1,8,98)
r(500,2,8,98)
r(247,3,8,98)
r(68,3,8,98)
r(108,4,8,98)
r(281,5,8,98)
r(153,2,8,98)
w(373,6,8,98)
r(509,1,8,98)
w(254,7,8,98)
w(403,5,8,98)
w(334,6,8,98)
w(70,11,8,98)
w(292,3,8,98)
w(235,8,8,98)
w(303,11,9,99)
r(38,4,9,99)
w(228,11,9,99)
r(375,5,9,99)
r(505,1,9,99)
r(81,1,9,99)
r(462,9,9,99)
w(2,8,9,99)
w(30,10,9,99)
r(337,4,9,99)
w(406,10,9,99)
w(262,9,9,99)
r(167,2,9,99)
r(240,7,9,99)
r(231,3,9,99)
w(504,7,9,99)
r(478,5,9,99)
w(246,3,9,99)
w(502,8,9,99)
r(170,5,9,99)
r(84,7,1,100)
r(111,6,1,100)
r(364,4,1,100)
w(283,2,1,100)
w(484,7,1,100)
r(431,5,1,100)
r(169,5,1,100)
w(96,2,1,100)
r(45,2,1,100)
w(12,2,1,100)
w(374,7,1,100)
w(111,7,1,100)
r(86,2,1,100)
w(341,2,1,100)
w(129,2,1,100)
w(327,2,1,100)
w(92,2,1,100)
w(508,2,1,100)
w(62,2,1,100)
r(403,5,1,100)
w(118,5,2,101)
w(208,7,2,101)
r(367,7,2,101)
w(164,7,2,101)
r(104,1,2,101)
w(440,5,2,101)
w(405,2,2,101)
w(503,5,2,101)
r(540,3,2,101)
r(256,1,2,101)
r(9,5,2,101)
w(513,2,2,101)
w(312,2,2,101)
w(284,2,2,101)
r(499,6,2,101)
r(231,2,2,101)
w(501,2,2,101)
r(16,1,2,101)
w(312,7,2,101)
r(100,2,2,101)
r(93,5,3,102)
w(190,5,3,102)
w(435,7,3,102)
r(266,7,3,102)
w(11,7,3,102)
w(4,2,3,102)
r(117,3,3,102)
r(443,5,3,102)
w(345,7,3,102)
w(66,7,3,102)
r(359,7,3,102)
w(462,4,3,102)
w(371,5,3,102)
r(39,5,3,102)
r(244,2,3,102)
r(243,3,3,102)
r(205,5,3,102)
r(355,7,3,102)
w(443,7,3,102)
w(430,2,3,102)
r(280,1,4,103)
r(442,4,4,103)
w(125,3,4,103)
w(448,5,4,103)
w(386,7,4,103)
r(454,3,4,103)
r(340,2,4,103)
r(271,6,4,103)
r(347,3,4,103)
r(473,4,4,103)
r(221,3,4,103)
w(114,7,4,103)
w(211,5,4,103)
w(15,5,4,103)
w(370,9,4,103)
r(287,2,5,104)
r(403,5,5,104)
w(424,5,5,104)
w(208,3,5,104)
r(287,2,5,104)
r(298,1,5,104)
w(285,5,5,104)
w(130,7,5,104)
w(451,3,5,104)
w(445,2,5,104)
w(97,9,5,104)
w(407,2,5,104)
r(107,3,5,104)
w(311,5,5,104)
r(150,2,5,104)
w(135,8,5,104)
r(488,2,5,104)
r(323,5,5,104)
w(404,7,5,104)
r(471,7,5,104)
r(100,1,6,105)
w(470,3,6,105)
w(516,3,6,105)
r(178,7,6,105)
w(118,3,6,105)
w(203,5,6,105)
r(374,3,6,105)
r(425,1,6,105)
r(125,10,6,105)
r(94,3,6,105)
w(400,2,6,105)
w(82,7,6,105)
w(309,5,6,105)
r(238,3,6,105)
r(276,3,6,105)
w(397,3,6,105)
r(434,7,6,105)
w(185,3,6,105)
w(113,3,6,105)
w(215,2,6,105)
r(528,2,7,106)
w(55,7,7,106)
r(175,1,7,106)
w(402,5,7,106)
r(11,1,7,106)
w(130,4,7,106)
r(180,5,7,106)
w(258,5,7,106)
w(100,5,7,106)
r(170,5,7,106)
r(371,4,7,106)
w(80,2,7,106)
r(434,5,7,106)
w(40,5,7,106)
w(131,11,7,106)
r(489,2,7,106)
r(132,3,7,106)
w(277,4,7,106)
w(282,2,7,106)
w(114,5,7,106)
r(490,6,8,107)
w(54,3,8,107)
r(249,5,8,107)
w(407,7,8,107)
r(379,2,8,107)
r(411,1,8,107)
r(384,5,8,107)
w(495,3,8,107)
r(126,3,8,107)
w(63,4,8,107)
r(101,1,8,107)
w(448,4,8,107)
r(307,7,8,107)
w(37,4,8,107)
w(519,11,8,107)
r(275,1,8,107)
w(18,6,8,107)
w(342,6,8,107)
w(461,8,8,107)
r(390,7,8,107)
w(123,6,9,108)
r(215,2,9,108)
r(23,1,9,108)
r(49,2,9,108)
r(167,2,9,108)
w(36,2,9,108)
r(132,3,9,108)
r(155,5,9,108)
r(185,3,9,108)
r(236,7,9,108)
w(99,11,9,108)
r(56,6,9,108)
r(504,7,9,108)
r(166,1,9,108)
r(381,4,9,108)
r(35,8,9,108)
r(373,6,9,108)
w(151,3,9,108)
w(227,9,9,108)
r(185,3,9,108)
r(307,7,1,109)
r(52,3,1,109)
r(290,4,1,109)
r(420,4,1,109)
w(61,2,1,109)
w(179,2,1,109)
r(38,2,1,109)
r(423,5,1,109)
w(85,7,1,109)
w(72,7,1,109)
r(128,4,1,109)
r(497,6,1,109)
w(250,2,1,109)
r(304,7,1,109)
w(263,7,1,109)
w(318,7,1,109)
r(513,8,1,109)
w(196,7,1,109)
w(39,2,1,109)
r(61,2,1,109)
r(61,2,2,110)
w(251,2,2,110)
r(377,3,2,110)
r(511,7,2,110)
w(239,2,2,110)
w(262,7,2,110)
r(474,2,2,110)
r(186,1,2,110)
r(350,5,2,110)
r(39,2,2,110)
r(397,3,2,110)
r(177,1,2,110)
r(10,7,2,110)
w(355,2,2,110)
w(141,2,2,110)
w(105,7,2,110)
r(523,3,2,110)
r(364,4,2,110)
r(159,1,2,110)
r(278,3,2,110)
r(77,7,3,111)
w(197,5,3,111)
r(78,2,3,111)
w(257,5,3,111)
w(385,7,3,111)
w(431,4,3,111)
r(24,4,3,111)
r(254,7,3,111)
w(409,3,3,111)
r(24,4,3,111)
w(411,5,3,111)
w(289,3,3,111)
r(2,7,3,111)
w(64,2,3,111)
r(34,5,3,111)
r(348,7,3,111)
w(115,5,3,111)
w(441,2,3,111)
w(315,5,3,111)
r(162,7,3,111)
w(482,7,4,112)
w(299,5,4,112)
r(190,4,4,112)
w(35,5,4,112)
w(296,2,4,112)
w(207,5,4,112)
r(333,4,4,112)
w(247,7,4,112)
w(342,5,4,112)
r(424,5,4,112)
r(301,5,4,112)
r(266,7,4,112)
w(85,3,4,112)
w(253,3,4,112)
w(221,2,4,112)
r(161,2,4,112)
r(125,2,4,112)
w(79,2,4,112)
w(495,2,4,112)
r(10,7,4,112)
r(260,4,5,113)
w(372,4,5,113)
r(177,1,5,113)
r(277,4,5,113)
r(107,3,5,113)
r(49,2,5,113)
w(228,5,5,113)
w(130,5,5,113)
r(457,2,5,113)
w(1,2,5,113)
r(341,2,5,113)
r(214,1,5,113)
w(24,7,5,113)
w(348,4,5,113)
r(323,5,6,114)
r(376,4,6,114)
r(37,3,6,114)
r(452,1,6,114)
r(314,2,6,114)
r(135,9,6,114)
r(537,2,6,114)
r(27,1,6,114)
r(366,4,6,114)
r(444,2,6,114)
r(412,5,6,114)
w(111,6,6,114)
w(424,4,6,114)
r(269,7,6,114)
r(178,7,6,114)
r(89,1,6,114)
w(52,3,6,114)
w(324,5,6,114)
w(224,11,6,114)
r(384,5,6,114)
r(430,3,7,115)
r(309,5,7,115)
r(98,5,7,115)
w(90,5,7,115)
w(512,3,7,115)
w(369,4,7,115)
w(483,7,7,115)
w(220,11,7,115)
r(451,6,7,115)
w(100,3,7,115)
r(177,1,7,115)
w(493,3,7,115)
w(417,3,7,115)
w(417,4,7,115)
w(99,5,7,115)
w(522,7,7,115)
r(336,2,7,115)
r(41,2,7,115)
r(35,8,7,115)
w(198,3,7,115)
w(98,5,8,116)
r(278,3,8,116)
r(172,1,8,116)
w(521,4,8,116)
w(421,7,8,116)
w(212,8,8,116)
w(483,5,8,116)
r(429,1,8,116)
r(208,4,8,116)
w(125,11,8,116)
w(338,6,8,116)
r(441,3,8,116)
w(375,4,8,116)
w(294,4,8,116)
w(407,5,8,116)
w(333,4,8,116)
w(168,11,8,116)
r(205,2,8,116)
r(525,7,8,116)
r(14,1,8,116)
r(371,4,9,117)
w(360,11,9,117)
r(234,2,9,117)
w(24,4,9,117)
r(9,5,9,117)
r(190,4,9,117)
r(164,8,9,117)
r(529,1,9,117)
r(292,3,9,117)
w(350,6,9,117)
w(30,12,9,117)
r(454,3,9,117)
w(211,9,9,117)
r(428,6,9,117)
w(393,10,9,117)
w(70,12,9,117)
r(477,6,9,117)
r(418,1,9,117)
r(384,5,9,117)
w(358,5,9,117)
w(315,2,1,118)
w(468,7,1,118)
r(145,1,1,118)
r(174,7,1,118)
w(348,2,1,118)
r(413,7,1,118)
r(338,6,1,118)
w(391,7,1,118)
r(57,5,1,118)
w(60,2,1,118)
w(336,7,1,118)
r(18,6,1,118)
w(176,7,1,118)
w(167,7,1,118)
w(125,2,1,118)
w(524,7,1,118)
w(113,7,1,118)
w(362,2,1,118)
w(89,2,1,118)
w(393,7,1,118)
w(371,2,2,119)
w(96,3,2,119)
w(43,5,2,119)
w(355,7,2,119)
w(540,7,2,119)
r(45,2,2,119)
w(404,2,2,119)
w(475,2,2,119)
r(205,2,2,119)
r(485,1,2,119)
w(311,7,2,119)
r(473,4,2,119)
w(9,7,2,119)
w(51,5,2,119)
w(31,2,2,119)
w(412,2,2,119)
w(204,7,2,119)
r(175,1,2,119)
r(204,7,2,119)
r(428,7,2,119)
r(62,5,3,120)
w(473,5,3,120)
w(181,3,3,120)
w(501,5,3,120)
w(268,5,3,120)
w(163,5,3,120)
r(288,7,3,120)
w(144,7,3,120)
r(146,4,3,120)
w(482,2,3,120)
w(356,4,3,120)
w(484,4,3,120)
r(135,8,3,120)
w(93,2,3,120)
r(201,1,3,120)
r(491,5,3,120)
w(46,7,3,120)
w(71,7,3,120)
w(110,2,3,120)
r(518,1,3,120)
w(392,5,4,121)
w(492,3,4,121)
w(454,7,4,121)
w(42,5,4,121)
w(336,3,4,121)
w(381,7,4,121)
w(59,2,4,121)
w(125,4,4,121)
w(234,7,4,121)
r(241,8,4,121)
r(483,3,4,121)
w(56,3,4,121)
r(414,1,4,121)
r(404,7,4,121)
w(406,7,4,121)
w(223,5,4,121)
w(393,4,4,121)
w(503,4,4,121)
r(100,2,4,121)
r(173,3,4,121)
r(188,5,5,122)
w(488,7,5,122)
w(450,4,5,122)
w(458,7,5,122)
r(336,3,5,122)
r(3,1,5,122)
r(501,2,5,122)
w(335,7,5,122)
r(328,6,5,122)
r(39,2,5,122)
r(233,3,5,122)
w(197,3,5,122)
w(252,7,5,122)
r(153,7,5,122)
r(285,5,5,122)
r(276,3,5,122)
r(517,1,5,122)
r(81,2,5,122)
r(335,7,5,122)
w(353,3,5,122)
w(57,5,6,123)
w(434,5,6,123)
r(481,2,6,123)
w(56,6,6,123)
w(246,5,6,123)
w(500,3,6,123)
w(454,3,6,123)
w(168,8,6,123)
w(437,7,6,123)
r(286,1,6,123)
r(513,8,6,123)
w(79,5,6,123)
w(340,3,6,123)
w(283,6,6,123)
r(321,5,6,123)
r(36,1,6,123)
w(303,4,6,123)
r(165,1,6,123)
w(272,3,6,123)
w(86,2,6,123)
r(128,4,7,124)
w(61,4,7,124)
r(244,2,7,124)
w(212,4,7,124)
w(399,3,7,124)
r(44,5,7,124)
r(290,4,7,124)
w(7,7,7,124)
r(315,2,7,124)
w(131,9,7,124)
r(502,8,7,124)
r(354,4,7,124)
w(20,3,7,124)
r(193,1,7,124)
w(305,3,7,124)
w(539,9,7,124)
w(137,3,8,125)
r(88,5,8,125)
r(416,1,8,125)
r(271,6,8,125)
r(38,2,8,125)
r(514,7,8,125)
r(62,3,8,125)
r(263,2,8,125)
r(38,2,8,125)
r(145,1,8,125)
w(277,6,8,125)
w(340,6,8,125)
r(32,1,8,125)
w(294,6,8,125)
r(122,2,8,125)
r(86,2,9,126)
r(200,3,9,126)
r(257,3,9,126)
r(122,2,9,126)
w(217,8,9,126)
w(117,11,9,126)
w(399,8,9,126)
w(301,3,9,126)
r(484,2,9,126)
w(280,5,9,126)
r(380,2,9,126)
w(423,2,1,127)
w(159,2,1,127)
r(3,1,1,127)
w(409,2,1,127)
r(206,7,1,127)
w(35,2,1,127)
r(278,3,1,127)
r(255,8,1,127)
w(468,5,1,127)
w(328,2,1,127)
r(503,5,1,127)
r(441,3,1,127)
r(18,6,1,127)
r(269,7,1,127)
w(191,2,1,127)
w(200,2,1,127)
r(193,1,1,127)
w(165,2,1,127)
w(52,2,1,127)
r(291,1,1,127)
w(353,2,2,128)
r(217,3,2,128)
w(185,2,2,128)
r(181,6,2,128)
w(268,2,2,128)
r(342,5,2,128)
w(453,2,2,128)
w(81,2,2,128)
r(443,5,2,128)
w(417,2,2,128)
w(370,4,2,128)
w(83,2,2,128)
w(176,5,2,128)
w(133,7,2,128)
r(30,9,2,128)
w(278,7,2,128)
w(185,7,2,128)
w(5,2,2,128)
r(212,11,2,128)
w(307,2,2,128)
r(539,2,3,129)
w(75,3,3,129)
w(452,7,3,129)
w(318,5,3,129)
r(469,7,3,129)
w(53,2,3,129)
r(96,11,3,129)
w(297,7,3,129)
r(62,5,3,129)
w(229,5,3,129)
w(182,5,3,129)
r(304,3,3,129)
r(318,5,3,129)
w(164,3,3,129)
w(159,5,3,129)
w(509,5,3,129)
w(227,5,3,129)
r(506,7,3,129)
w(102,5,3,129)
r(248,5,3,129)
w(294,2,4,130)
r(432,1,4,130)
w(166,7,4,130)
r(457,2,4,130)
w(240,5,4,130)
r(263,6,4,130)
w(540,4,4,130)
r(294,2,4,130)
r(255,8,4,130)
r(380,2,4,130)
w(6,2,4,130)
w(65,7,4,130)
w(156,3,4,130)
w(289,6,4,130)
r(409,2,4,130)
w(72,4,4,130)
r(181,6,4,130)
r(148,5,4,130)
w(117,7,4,130)
r(443,5,4,130)
r(147,5,5,131)
w(316,3,5,131)
w(273,4,5,131)
r(292,7,5,131)
w(464,4,5,131)
r(237,3,5,131)
r(484,7,5,131)
w(142,6,5,131)
w(53,5,5,131)
w(174,5,5,131)
w(528,5,5,131)
r(103,4,5,131)
w(117,5,5,131)
w(516,7,5,131)
r(115,4,5,131)
r(196,7,5,131)
w(200,4,5,131)
w(344,2,5,131)
w(35,4,5,131)
r(302,2,5,131)
w(298,2,6,132)
w(486,6,6,132)
w(63,7,6,132)
w(220,6,6,132)
w(164,6,6,132)
r(287,2,6,132)
w(263,4,6,132)
r(465,7,6,132)
r(506,1,6,132)
w(318,8,7,133)
r(479,2,7,133)
w(530,2,7,133)
r(456,2,7,133)
w(305,4,7,133)
w(284,8,7,133)
r(14,1,7,133)
w(309,6,7,133)
r(221,3,7,133)
w(41,4,7,133)
w(216,6,7,133)
r(320,6,7,133)
r(501,1,7,133)
w(92,6,7,133)
r(158,6,7,133)
w(376,3,7,133)
r(28,3,7,133)
r(16,1,7,133)
w(347,4,7,133)
r(535,1,7,133)
r(109,2,8,134)
w(179,4,8,134)
r(77,2,8,134)
w(415,3,8,134)
w(200,9,8,134)
r(351,7,8,134)
w(532,3,8,134)
r(429,1,8,134)
w(321,4,8,134)
r(374,7,8,134)
w(263,6,8,134)
r(294,4,8,134)
r(348,2,8,134)
w(215,5,8,134)
w(142,9,8,134)
w(241,8,8,134)
r(443,1,8,134)
w(158,6,8,134)
r(471,7,8,134)
r(451,6,8,134)
w(507,11,9,135)
w(483,3,9,135)
w(41,8,9,135)
w(123,8,9,135)
r(133,2,9,135)
w(103,4,9,135)
w(55,3,9,135)
r(275,1,9,135)
w(198,6,9,135)
w(155,3,9,135)
r(374,7,9,135)
w(120,6,9,135)
w(212,11,9,135)
r(40,5,9,135)
w(90,4,9,135)
r(175,1,9,135)
r(25,1,9,135)
r(91,7,9,135)
w(369,8,9,135)
w(430,4,9,135)
w(508,7,1,136)
w(146,2,1,136)
w(431,7,1,136)
r(380,2,1,136)
r(192,7,1,136)
r(430,4,1,136)
r(16,1,1,136)
r(465,4,1,136)
r(253,3,1,136)
w(190,2,1,136)
r(55,4,1,136)
r(399,6,1,136)
r(530,2,1,136)
r(25,7,1,136)
w(327,5,1,136)
w(316,7,1,136)
w(533,2,1,136)
w(359,7,1,136)
w(414,2,1,136)
r(135,8,1,136)
r(497,5,2,137)
r(158,6,2,137)
w(470,7,2,137)
r(66,5,2,137)
w(289,7,2,137)
r(536,2,2,137)
w(490,2,2,137)
w(419,7,2,137)
r(486,8,2,137)
w(415,2,2,137)
r(499,6,2,137)
w(250,7,2,137)
w(354,7,2,137)
w(497,7,2,137)
w(492,7,2,137)
r(446,7,2,137)
r(232,1,2,137)
r(500,7,2,137)
w(414,7,2,137)
r(466,2,2,137)
r(160,7,3,138)
r(197,5,3,138)
w(194,7,3,138)
r(471,3,3,138)
r(117,6,3,138)
w(156,7,3,138)
r(313,5,3,138)
r(220,2,3,138)
r(284,7,3,138)
r(407,2,3,138)
w(94,5,3,138)
r(266,7,3,138)
w(137,7,3,138)
r(511,7,3,138)
w(503,3,3,138)
r(375,8,3,138)
w(109,5,3,138)
w(69,7,3,138)
r(327,3,3,138)
w(329,2,3,138)
w(492,4,4,139)
w(535,5,4,139)
r(476,5,4,139)
r(383,7,4,139)
r(467,1,4,139)
r(376,2,4,139)
w(436,5,4,139)
r(507,11,4,139)
w(292,7,4,139)
w(219,5,4,139)
r(304,7,4,139)
w(435,3,4,139)
w(378,7,4,139)
r(64,7,4,139)
w(220,7,4,139)
r(120,6,4,139)
r(85,3,4,139)
w(360,7,4,139)
r(256,1,4,139)
w(126,7,4,139)
w(49,3,5,140)
w(226,5,5,140)
w(247,5,5,140)
r(396,1,5,140)
w(139,4,5,140)
w(368,3,5,140)
w(284,4,5,140)
r(259,7,5,140)
w(256,7,5,140)
w(167,3,5,140)
w(206,5,5,140)
w(516,5,5,140)
r(415,2,5,140)
w(202,7,5,140)
w(147,7,5,140)
w(411,3,5,140)
w(164,4,5,140)
r(123,3,5,140)
w(384,3,5,140)
r(52,2,5,140)
r(493,3,6,141)
w(523,3,6,141)
r(360,11,6,141)
r(417,4,6,141)
w(406,3,6,141)
r(524,2,6,141)
r(49,2,6,141)
w(327,9,6,141)
r(531,7,6,141)
r(116,4,6,141)
w(63,5,6,141)
w(319,5,6,141)
r(462,3,6,141)
r(535,1,6,141)
w(496,4,6,141)
w(126,4,6,141)
w(377,3,6,141)
w(8,2,6,141)
r(482,5,6,141)
w(107,3,6,141)
r(183,2,7,142)
w(157,4,7,142)
w(431,12,7,142)
w(271,8,7,142)
w(198,4,7,142)
w(443,5,7,142)
r(122,2,7,142)
w(144,3,7,142)
r(251,1,7,142)
r(75,6,7,142)
w(1,7,7,142)
r(265,1,7,142)
r(299,5,7,142)
w(31,9,7,142)
w(431,13,7,142)
w(419,5,7,142)
w(228,4,7,142)
r(135,8,7,142)
w(287,4,7,142)
w(160,7,7,142)
r(232,1,8,143)
w(25,7,8,143)
w(443,4,8,143)
r(35,5,8,143)
w(141,3,8,143)
w(361,7,8,143)
r(372,3,8,143)
w(166,3,8,143)
r(39,2,8,143)
r(178,7,8,143)
r(506,1,8,143)
w(23,7,8,143)
r(162,1,8,143)
r(466,2,8,143)
r(14,1,8,143)
r(361,7,8,143)
w(195,3,8,143)
w(378,4,8,143)
r(225,1,8,143)
r(109,2,8,143)
w(55,4,9,144)
r(323,5,9,144)
r(311,5,9,144)
w(362,3,9,144)
r(98,5,9,144)
r(232,1,9,144)
r(81,1,9,144)
r(24,4,9,144)
r(36,2,9,144)
w(326,7,9,144)
r(461,8,9,144)
w(102,11,9,144)
r(421,7,9,144)
r(94,2,9,144)
w(352,4,9,144)
r(92,6,9,144)
r(368,5,9,144)
r(403,5,9,144)
w(84,5,9,144)
r(233,3,9,144)
w(92,7,1,145)
r(163,1,1,145)
w(138,7,1,145)
w(309,2,1,145)
w(360,2,1,145)
r(354,5,1,145)
r(76,2,1,145)
w(145,2,1,145)
w(264,7,1,145)
r(93,5,1,145)
w(279,7,1,145)
w(375,2,1,145)
r(49,6,1,145)
w(92,5,1,145)
r(538,6,1,145)
r(135,8,1,145)
r(40,5,1,145)
w(503,7,1,145)
w(373,2,1,145)
r(273,2,1,145)
w(276,7,2,146)
r(120,4,2,146)
w(319,2,2,146)
r(248,5,2,146)
w(477,7,2,146)
r(483,3,2,146)
r(210,8,2,146)
r(257,2,2,146)
w(72,3,2,146)
r(14,2,2,146)
w(269,2,2,146)
r(465,4,3,147)
w(37,7,3,147)
r(522,7,3,147)
w(214,2,3,147)
r(258,5,3,147)
w(27,2,3,147)
w(501,3,3,147)
r(452,7,3,147)
r(153,7,3,147)
w(329,7,3,147)
r(257,7,3,147)
w(136,5,3,147)
w(89,7,3,147)
r(251,7,3,147)
r(308,5,3,147)
r(120,8,3,147)
w(102,3,3,147)
w(204,3,3,147)
r(54,2,3,147)
r(75,3,3,147)
w(366,5,4,148)
r(211,9,4,148)
w(70,5,4,148)
w(317,7,4,148)
r(389,6,4,148)
w(490,7,4,148)
r(383,7,4,148)
w(350,7,4,148)
r(465,4,4,148)
w(501,4,4,148)
r(110,1,4,148)
w(524,3,4,148)
r(175,1,4,148)
w(327,8,4,148)
w(97,6,4,148)
r(379,2,4,148)
w(427,5,4,148)
r(472,4,4,148)
w(176,4,4,148)
r(248,5,4,148)
w(467,5,5,149)
w(392,3,5,149)
r(432,1,5,149)
w(523,5,5,149)
r(256,7,5,149)
r(38,11,5,149)
w(360,5,5,149)
w(501,6,5,149)
r(203,5,5,149)
w(323,3,5,149)
w(68,4,5,149)
r(103,5,5,149)
w(167,4,5,149)
w(509,6,5,149)
w(59,5,5,149)
w(531,6,5,149)
r(279,7,5,149)
r(354,7,5,149)
w(255,8,6,150)
r(16,1,6,150)
w(350,5,6,150)
r(131,11,6,150)
w(431,6,6,150)
r(485,1,6,150)
r(502,8,6,150)
r(186,1,6,150)
r(294,4,6,150)
r(332,2,6,150)
r(374,7,6,150)
w(344,7,6,150)
r(73,1,6,150)
w(290,7,6,150)
r(76,2,6,150)
w(21,5,6,150)
r(361,1,6,150)
w(385,4,6,150)
w(37,5,6,150)
w(531,8,6,150)
w(487,8,7,151)
r(324,5,7,151)
w(411,6,7,151)
r(198,4,7,151)
w(384,8,7,151)
r(395,7,7,151)
w(66,3,7,151)
r(405,4,7,151)
r(233,3,7,151)
w(146,4,7,151)
r(38,11,7,151)
w(131,10,7,151)
r(64,7,7,151)
r(182,4,7,151)
w(150,4,7,151)
r(94,2,7,151)
r(419,7,7,151)
r(11,11,7,151)
w(239,3,7,151)
r(530,2,7,151)
r(528,2,8,152)
r(106,2,8,152)
r(189,2,8,152)
w(122,4,8,152)
w(538,6,8,152)
w(354,5,8,152)
w(510,3,8,152)
r(453,7,8,152)
r(229,2,8,152)
r(417,4,8,152)
r(387,7,8,152)
w(23,5,8,152)
r(139,3,8,152)
w(346,11,8,152)
r(478,5,8,152)
r(455,3,8,152)
r(358,5,8,152)
w(49,6,8,152)
w(65,4,8,152)
r(536,2,8,152)
w(169,4,9,153)
r(292,4,9,153)
w(11,11,9,153)
r(268,7,9,153)
w(486,8,9,153)
r(431,13,9,153)
r(312,7,9,153)
w(119,4,9,153)
r(212,11,9,153)
w(275,3,9,153)
r(214,1,9,153)
r(125,4,9,153)
w(506,4,9,153)
w(405,4,9,153)
w(277,8,9,153)
r(216,6,9,153)
r(128,4,9,153)
w(344,5,9,153)
w(210,8,9,153)
w(38,11,9,153)
w(13,7,1,154)
w(257,2,1,154)
r(142,10,1,154)
w(403,7,1,154)
r(264,7,1,154)
w(125,7,1,154)
w(154,2,1,154)
w(373,7,1,154)
r(297,3,1,154)
r(342,5,1,154)
r(409,2,1,154)
r(83,6,1,154)
w(246,2,1,154)
r(103,5,1,154)
w(327,3,1,154)
w(368,2,1,154)
r(328,6,1,154)
r(418,1,1,154)
w(139,2,1,154)
w(533,7,1,154)
w(37,2,2,155)
w(284,7,2,155)
w(406,2,2,155)
w(105,3,2,155)
r(298,7,2,155)
w(461,7,2,155)
r(97,12,2,155)
r(230,2,2,155)
r(347,4,2,155)
w(137,2,2,155)
r(376,2,2,155)
w(484,5,2,155)
r(241,3,2,155)
r(109,3,2,155)
r(344,2,2,155)
w(259,2,2,155)
r(522,7,2,155)
r(198,5,2,155)
w(5,7,2,155)
r(192,7,2,155)
w(299,2,3,156)
w(255,3,3,156)
w(283,7,3,156)
w(439,7,3,156)
w(237,5,3,156)
r(81,5,3,156)
w(277,7,3,156)
w(255,4,3,156)
w(10,5,3,156)
w(130,2,3,156)
w(227,3,3,156)
r(199,7,3,156)
w(274,2,3,156)
w(323,2,3,156)
r(169,2,3,156)
w(57,2,3,156)
r(48,6,3,156)
w(123,7,3,156)
r(157,4,3,156)
r(160,7,3,156)
r(531,8,4,157)
w(297,3,4,157)
r(214,1,4,157)
w(334,5,4,157)
w(126,5,4,157)
r(68,8,4,157)
r(112,2,4,157)
r(1,7,4,157)
w(477,4,4,157)
w(149,2,4,157)
w(61,5,4,157)
w(225,2,4,157)
w(390,5,4,157)
r(3,1,4,157)
r(323,5,4,157)
w(158,7,4,157)
r(107,3,4,157)
w(375,3,4,157)
r(32,1,4,157)
w(236,5,4,157)
r(75,6,5,158)
w(110,7,5,158)
w(70,6,5,158)
r(94,2,5,158)
r(74,4,5,158)
w(159,4,5,158)
w(409,4,5,158)
w(416,7,5,158)
r(440,5,5,158)
w(499,3,5,158)
r(69,3,5,158)
r(343,1,5,158)
w(233,7,5,158)
w(301,2,5,158)
w(56,4,5,158)
w(499,4,5,158)
w(241,3,5,158)
w(117,3,5,158)
w(236,4,5,158)
r(408,3,5,158)
r(296,2,6,159)
r(442,4,6,159)
r(289,4,6,159)
w(422,3,6,159)
w(463,7,6,159)
r(284,2,6,159)
w(509,8,6,159)
w(243,3,6,159)
w(465,4,6,159)
w(86,7,6,159)
r(273,2,6,159)
w(29,6,6,159)
w(533,5,6,159)
r(60,2,6,159)
r(88,5,6,159)
w(97,10,6,159)
r(234,7,6,159)
w(151,7,6,159)
r(135,8,6,159)
r(121,5,6,159)
r(242,6,7,160)
w(139,6,7,160)
w(39,7,7,160)
r(177,1,7,160)
r(297,2,7,160)
w(314,4,7,160)
w(294,3,7,160)
r(524,7,7,160)
w(233,5,7,160)
r(470,7,7,160)
w(346,8,7,160)
r(323,5,7,160)
w(218,8,7,160)
r(441,3,7,160)
r(321,4,7,160)
w(83,6,7,160)
w(450,6,7,160)
r(189,2,7,160)
r(397,3,7,160)
w(300,7,7,160)
w(490,3,8,161)
r(410,1,8,161)
w(374,6,8,161)
w(147,5,8,161)
w(140,7,8,161)
r(193,1,8,161)
w(292,4,8,161)
w(528,3,8,161)
r(193,1,8,161)
w(495,4,8,161)
r(22,3,8,161)
w(322,8,8,161)
w(339,6,8,161)
w(309,8,8,161)
r(197,1,8,161)
r(314,7,8,161)
w(452,5,8,161)
w(65,6,8,161)
w(48,6,8,161)
r(214,1,8,161)
r(443,5,9,162)
w(472,4,9,162)
w(388,9,9,162)
w(375,6,9,162)
r(507,11,9,162)
r(517,1,9,162)
r(473,7,9,162)
w(461,9,9,162)
w(207,6,9,162)
w(142,12,9,162)
r(34,1,9,162)
r(473,7,9,162)
w(534,3,9,162)
r(129,2,9,162)
w(482,3,9,162)
w(480,3,9,162)
r(473,7,9,162)
w(461,10,9,162)
w(79,3,9,162)
w(72,9,9,162)
r(506,4,1,163)
r(493,2,1,163)
w(181,2,1,163)
w(337,7,1,163)
r(206,11,1,163)
r(164,4,1,163)
w(263,5,1,163)
w(288,7,1,163)
r(94,2,1,163)
w(462,2,1,163)
r(531,8,1,163)
w(14,2,1,163)
r(262,7,1,163)
w(155,2,1,163)
r(46,1,1,163)
r(59,2,1,163)
w(247,2,1,163)
w(276,2,1,163)
r(422,3,1,163)
r(150,4,1,163)
w(388,7,2,164)
r(46,1,2,164)
r(394,7,2,164)
w(353,7,2,164)
r(402,3,2,164)
r(30,9,2,164)
r(24,4,2,164)
r(432,1,2,164)
r(83,5,2,164)
r(162,7,2,164)
r(489,7,2,164)
r(362,7,2,164)
r(123,3,2,164)
r(355,7,2,164)
w(193,2,2,164)
r(368,2,2,164)
w(370,6,2,164)
w(30,7,2,164)
w(251,7,2,164)
r(274,1,2,164)
w(535,2,3,165)
r(38,11,3,165)
r(270,7,3,165)
r(364,7,3,165)
r(345,5,3,165)
w(127,5,3,165)
r(64,2,3,165)
w(526,2,3,165)
w(253,7,3,165)
w(299,7,3,165)
w(377,2,3,165)
w(432,7,3,165)
w(135,4,3,165)
w(446,5,3,165)
w(462,6,3,165)
w(104,7,3,165)
r(70,9,3,165)
w(73,2,3,165)
r(459,2,3,165)
w(73,7,3,165)
r(348,2,4,166)
w(284,3,4,166)
w(150,7,4,166)
w(28,5,4,166)
r(200,11,4,166)
r(150,7,4,166)
w(239,5,4,166)
r(200,11,4,166)
w(58,5,4,166)
r(308,5,4,166)
w(34,5,4,166)
r(486,8,4,166)
r(193,1,4,166)
w(147,2,4,166)
r(129,2,4,166)
r(302,2,4,166)
r(241,8,4,166)
w(167,5,4,166)
w(536,7,4,166)
w(349,2,4,166)
r(1,7,5,167)
r(298,7,5,167)
r(29,6,5,167)
w(174,3,5,167)
w(404,5,5,167)
w(411,4,5,167)
w(106,7,5,167)
w(362,7,5,167)
w(83,5,5,167)
w(198,5,5,167)
r(80,2,5,167)
w(122,7,5,167)
w(293,7,5,167)
w(260,3,5,167)
w(212,5,5,167)
r(501,4,5,167)
r(453,2,5,167)
w(62,5,5,167)
w(364,7,5,167)
w(397,5,5,167)
w(394,7,6,168)
r(59,2,6,168)
w(389,6,6,168)
r(273,2,6,168)
r(234,7,6,168)
r(181,6,6,168)
w(265,7,6,168)
w(51,3,6,168)
r(42,5,6,168)
w(363,3,6,168)
w(498,7,6,168)
w(431,8,6,168)
r(143,2,6,168)
w(22,8,6,168)
w(145,5,6,168)
r(484,7,6,168)
w(356,8,6,168)
w(144,5,6,168)
w(68,8,6,168)
r(166,7,6,168)
r(423,2,7,169)
r(466,2,7,169)
w(200,11,7,169)
r(216,6,7,169)
r(90,4,7,169)
r(259,7,7,169)
w(361,2,7,169)
w(386,5,7,169)
w(39,5,7,169)
r(328,6,7,169)
r(171,1,7,169)
r(212,11,7,169)
w(103,5,7,169)
r(312,7,7,169)
r(219,5,7,169)
r(444,2,7,169)
w(521,3,7,169)
w(285,4,7,169)
r(180,4,7,169)
w(251,3,7,169)
w(114,4,8,170)
r(121,5,8,170)
r(109,2,8,170)
r(96,3,8,170)
r(401,3,8,170)
w(64,7,8,170)
r(311,7,8,170)
w(148,5,8,170)
w(328,6,8,170)
r(84,5,8,170)
w(242,6,8,170)
r(346,11,8,170)
w(436,6,8,170)
w(30,9,8,170)
r(28,3,8,170)
r(123,8,8,170)
w(218,11,8,170)
r(108,3,8,170)
r(323,5,8,170)
w(92,11,8,170)
r(50,3,9,171)
r(369,8,9,171)
r(288,3,9,171)
w(361,5,9,171)
w(267,4,9,171)
w(205,5,9,171)
w(498,3,9,171)
w(180,4,9,171)
r(114,4,9,171)
r(232,1,9,171)
r(139,7,9,171)
r(235,7,9,171)
r(376,2,9,171)
r(444,2,9,171)
r(362,3,9,171)
r(466,2,9,171)
w(124,7,9,171)
r(163,1,9,171)
w(179,6,9,171)
r(277,8,9,171)
w(460,2,1,172)
r(456,2,1,172)
r(61,5,1,172)
r(287,4,1,172)
w(447,2,1,172)
w(322,2,1,172)
r(257,2,1,172)
r(238,3,1,172)
r(15,2,1,172)
r(101,5,1,172)
w(78,2,1,172)
w(204,2,1,172)
w(529,2,1,172)
r(351,2,1,172)
w(356,7,1,172)
r(318,11,1,172)
r(104,1,1,172)
r(134,7,1,172)
r(362,7,1,172)
w(289,2,1,172)
w(63,2,2,173)
r(134,7,2,173)
r(238,3,2,173)
r(394,7,2,173)
r(254,7,2,173)
w(15,7,2,173)
r(98,5,2,173)
w(348,7,2,173)
r(452,3,2,173)
r(444,2,2,173)
w(2,7,2,173)
r(93,5,2,173)
r(19,7,2,173)
w(459,2,2,173)
r(472,2,2,173)
w(335,2,2,173)
w(506,2,2,173)
w(502,7,2,173)
w(540,5,2,173)
r(142,10,2,173)
r(92,3,3,174)
w(14,7,3,174)
r(33,7,3,174)
w(116,5,3,174)
r(500,7,3,174)
w(515,2,3,174)
r(534,3,3,174)
r(267,4,3,174)
w(89,5,3,174)
r(500,7,3,174)
w(436,7,3,174)
r(186,1,3,174)
w(376,7,3,174)
w(23,2,3,174)
w(461,3,3,174)
w(462,8,3,174)
w(370,11,3,174)
r(383,5,3,174)
r(166,5,3,174)
r(193,2,3,174)
w(514,5,4,175)
w(357,3,4,175)
r(224,7,4,175)
r(532,3,4,175)
r(265,7,4,175)
w(462,11,4,175)
w(423,3,4,175)
w(141,7,4,175)
r(354,7,4,175)
w(161,5,4,175)
r(395,7,4,175)
r(149,2,4,175)
r(536,7,4,175)
w(49,7,4,175)
r(223,5,4,175)
w(388,3,4,175)
r(347,4,4,175)
r(146,4,4,175)
w(351,2,4,175)
w(109,3,4,175)
w(240,3,5,176)
w(304,5,5,176)
r(484,7,5,176)
w(356,6,5,176)
w(242,4,5,176)
r(201,1,5,176)
w(41,7,5,176)
w(389,4,5,176)
r(86,7,5,176)
r(361,2,5,176)
w(286,5,5,176)
w(45,7,5,176)
r(158,4,5,176)
r(433,2,5,176)
w(225,7,5,176)
r(494,2,5,176)
r(231,4,5,176)
r(281,4,5,176)
r(158,4,5,176)
r(464,4,5,176)
w(271,4,6,177)
r(303,4,6,177)
w(298,7,6,177)
w(406,4,6,177)
r(54,2,6,177)
w(338,7,6,177)
w(290,5,6,177)
w(172,2,6,177)
r(171,1,6,177)
w(122,3,6,177)
r(401,3,6,177)
r(28,3,6,177)
r(527,1,6,177)
r(51,3,6,177)
w(136,3,6,177)
r(135,8,6,177)
r(18,8,6,177)
w(513,3,6,177)
r(512,3,6,177)
w(338,5,6,177)
w(229,4,7,178)
w(245,3,7,178)
r(303,4,7,178)
w(97,12,7,178)
w(281,4,7,178)
w(530,7,7,178)
w(519,8,7,178)
w(504,2,7,178)
w(527,5,7,178)
r(324,5,7,178)
w(66,4,7,178)
w(318,11,7,178)
r(432,1,7,178)
w(22,11,7,178)
r(259,7,7,178)
r(147,7,7,178)
r(485,1,7,178)
w(334,4,7,178)
w(158,4,7,178)
w(67,7,7,178)
r(369,8,8,179)
r(264,3,8,179)
r(126,2,8,179)
r(340,2,8,179)
r(268,2,8,179)
r(77,2,8,179)
w(93,5,8,179)
w(162,7,8,179)
r(101,5,8,179)
r(30,9,8,179)
w(250,4,8,179)
w(41,6,8,179)
w(13,6,8,179)
w(18,8,8,179)
r(411,1,8,179)
r(183,2,8,179)
r(23,5,8,179)
w(106,5,8,179)
r(127,7,8,179)
w(267,5,8,179)
w(206,11,9,180)
r(492,7,9,180)
w(134,7,9,180)
w(175,7,9,180)
w(317,4,9,180)
w(74,4,9,180)
r(281,5,9,180)
w(257,4,9,180)
r(312,7,9,180)
w(380,5,9,180)
r(193,1,9,180)
w(388,10,9,180)
r(356,8,9,180)
r(16,1,9,180)
w(231,4,9,180)
r(317,4,9,180)
r(85,3,9,180)
r(74,4,9,180)
r(441,3,9,180)
r(291,1,9,180)
w(502,2,1,181)
r(236,4,1,181)
w(352,2,1,181)
r(514,5,1,181)
r(178,7,1,181)
r(339,8,1,181)
w(72,5,1,181)
w(252,2,1,181)
w(522,2,1,181)
r(299,5,1,181)
w(159,7,1,181)
w(11,2,1,181)
r(53,5,1,181)
w(320,2,1,181)
r(464,4,2,182)
r(344,2,2,182)
w(460,5,2,182)
w(260,2,2,182)
w(539,2,2,182)
r(253,3,2,182)
r(131,4,2,182)
w(328,7,2,182)
r(222,1,2,182)
w(243,2,2,182)
r(404,5,2,182)
r(146,4,2,182)
w(371,7,2,182)
r(18,4,2,182)
r(281,4,2,182)
r(200,11,2,182)
w(469,7,2,182)
w(367,5,2,182)
r(354,7,2,182)
w(506,7,2,182)
r(444,2,3,183)
r(252,7,3,183)
w(313,2,3,183)
w(333,7,3,183)
w(71,5,3,183)
r(341,2,3,183)
w(47,3,3,183)
w(30,3,3,183)
r(296,2,3,183)
r(429,5,3,183)
r(411,2,3,183)
r(402,3,3,183)
r(437,7,3,183)
w(224,6,3,183)
w(155,7,3,183)
w(101,3,3,183)
r(184,7,3,183)
w(28,7,3,183)
w(10,3,3,183)
r(222,2,3,183)
w(159,3,4,184)
w(516,2,4,184)
r(403,7,4,184)
w(60,7,4,184)
r(333,4,4,184)
r(289,7,4,184)
w(191,5,4,184)
w(105,4,4,184)
r(3,1,4,184)
w(11,3,4,184)
w(280,2,4,184)
r(170,5,4,184)
r(147,2,4,184)
r(497,7,4,184)
w(412,7,4,184)
w(451,7,4,184)
w(420,6,4,184)
r(255,11,4,184)
r(303,4,4,184)
w(531,5,4,184)
w(31,6,5,185)
r(449,2,5,185)
r(466,2,5,185)
w(185,5,5,185)
r(131,10,5,185)
r(212,5,5,185)
r(398,7,5,185)
r(336,6,5,185)
w(131,3,5,185)
r(68,8,5,185)
r(409,4,5,185)
w(487,3,5,185)
r(487,3,5,185)
r(120,4,5,185)
r(276,2,5,185)
r(248,5,5,185)
w(183,5,5,185)
r(214,1,5,185)
r(430,4,5,185)
r(174,3,5,185)
w(31,8,6,186)
r(360,2,6,186)
w(526,5,6,186)
w(4,6,6,186)
r(516,5,6,186)
r(210,8,6,186)
w(408,3,6,186)
r(314,4,6,186)
w(220,8,6,186)
w(297,8,6,186)
w(113,4,6,186)
w(76,3,6,186)
w(179,5,6,186)
r(230,2,6,186)
r(387,7,6,186)
r(349,1,6,186)
w(346,6,6,186)
r(503,7,6,186)
r(139,2,6,186)
r(445,2,6,186)
w(539,10,7,187)
r(509,8,7,187)
w(227,11,7,187)
r(484,7,7,187)
r(75,6,7,187)
w(429,5,7,187)
w(369,6,7,187)
r(487,8,7,187)
r(98,5,7,187)
r(517,1,7,187)
r(350,7,7,187)
w(236,6,7,187)
w(66,6,7,187)
r(275,3,7,187)
r(13,7,7,187)
w(255,11,7,187)
r(107,3,7,187)
w(87,7,7,187)
w(516,4,7,187)
r(42,5,7,187)
w(489,7,8,188)
r(492,7,8,188)
w(99,6,8,188)
w(169,3,8,188)
r(53,5,8,188)
w(293,3,8,188)
r(455,3,8,188)
w(414,5,8,188)
w(142,10,8,188)
w(439,4,8,188)
w(199,7,8,188)
r(357,4,8,188)
r(430,4,8,188)
r(122,4,8,188)
w(508,3,8,188)
w(123,3,8,188)
r(325,7,8,188)
w(229,6,8,188)
r(409,2,8,188)
r(306,2,8,188)
w(55,6,9,189)
w(539,13,9,189)
w(271,9,9,189)
r(491,4,9,189)
r(1,7,9,189)
r(345,1,9,189)
w(212,9,9,189)
w(346,9,9,189)
r(330,7,9,189)
r(463,7,9,189)
r(397,3,9,189)
w(479,7,9,189)
w(64,3,9,189)
r(430,4,9,189)
r(97,6,9,189)
r(214,1,9,189)
r(378,7,9,189)
w(159,8,9,189)
w(375,8,9,189)
w(221,4,9,189)
r(143,2,1,190)
w(113,5,1,190)
r(402,3,1,190)
r(315,5,1,190)
r(85,6,1,190)
w(17,2,1,190)
w(356,5,1,190)
r(328,6,1,190)
w(255,5,1,190)
w(419,2,1,190)
r(407,2,1,190)
w(491,2,1,190)
r(411,5,1,190)
r(78,11,1,190)
w(442,2,1,190)
w(455,2,1,190)
r(533,7,1,190)
w(116,2,1,190)
w(333,2,1,190)
w(303,7,1,190)
r(444,2,2,191)
r(39,5,2,191)
w(478,2,2,191)
r(109,3,2,191)
w(145,7,2,191)
w(275,7,2,191)
w(123,2,2,191)
w(25,2,2,191)
r(3,1,2,191)
r(233,7,2,191)
w(261,7,2,191)
r(353,4,2,191)
r(116,2,2,191)
r(196,7,2,191)
w(461,5,2,191)
w(169,2,2,191)
w(103,2,2,191)
r(269,7,2,191)
r(239,5,2,191)
w(168,2,2,191)
w(112,7,3,192)
w(12,5,3,192)
r(323,2,3,192)
w(401,5,3,192)
w(157,7,3,192)
w(16,2,3,192)
w(89,3,3,192)
r(126,5,3,192)
w(291,2,3,192)
w(75,4,3,192)
w(261,3,3,192)
w(334,7,3,192)
r(168,2,3,192)
r(165,7,3,192)
w(16,7,3,192)
r(5,7,3,192)
r(344,2,3,192)
r(117,6,3,192)
w(363,2,3,192)
r(157,7,3,192)
w(276,5,4,193)
r(535,5,4,193)
r(539,8,4,193)
w(14,5,4,193)
r(532,3,4,193)
r(378,7,4,193)
r(91,7,4,193)
w(59,7,4,193)
w(441,7,4,193)
r(185,5,4,193)
w(305,7,4,193)
w(330,2,4,193)
w(499,5,4,193)
r(21,3,4,193)
r(520,1,4,193)
w(271,7,4,193)
w(235,3,4,193)
w(369,5,4,193)
w(43,3,4,193)
r(127,7,4,193)
r(55,6,5,194)
r(341,2,5,194)
w(393,6,5,194)
r(51,3,5,194)
w(214,7,5,194)
w(348,6,5,194)
r(78,2,5,194)
r(9,7,5,194)
w(435,4,5,194)
w(262,6,5,194)
w(61,3,5,194)
w(490,5,5,194)
w(345,5,5,194)
r(69,3,5,194)
w(41,5,5,194)
r(503,7,5,194)
r(398,7,5,194)
r(525,7,5,194)
r(354,7,5,194)
w(295,3,5,194)
w(132,5,6,195)
w(173,4,6,195)
r(213,7,6,195)
r(400,2,6,195)
r(185,5,6,195)
r(72,11,6,195)
r(132,5,6,195)
w(401,4,6,195)
r(463,7,6,195)
w(81,5,6,195)
w(502,6,6,195)
w(381,5,6,195)
w(539,8,6,195)
r(136,3,6,195)
w(131,6,6,195)
r(19,7,6,195)
w(529,7,6,195)
w(384,6,6,195)
r(351,2,6,195)
r(1,7,6,195)
w(46,5,7,196)
w(430,5,7,196)
r(152,7,7,196)
r(451,7,7,196)
w(536,4,7,196)
r(36,2,7,196)
r(201,1,7,196)
r(457,2,7,196)
w(355,6,7,196)
r(269,7,7,196)
w(77,7,7,196)
w(59,3,7,196)
w(215,7,7,196)
r(128,4,7,196)
w(365,6,7,196)
r(295,4,7,196)
r(324,5,7,196)
r(297,8,7,196)
w(114,3,7,196)
r(490,4,7,196)
r(249,2,8,197)
r(209,5,8,197)
w(332,5,8,197)
w(461,11,8,197)
w(533,3,8,197)
w(362,5,8,197)
w(409,8,8,197)
w(280,7,8,197)
w(302,5,8,197)
w(106,3,8,197)
r(349,1,8,197)
r(241,8,8,197)
w(18,11,8,197)
w(137,4,8,197)
r(7,2,8,197)
r(535,5,8,197)
w(113,6,8,197)
w(357,6,8,197)
r(215,5,8,197)
w(339,8,9,198)
w(401,9,9,198)
r(115,4,9,198)
r(261,8,9,198)
r(154,2,9,198)
r(195,3,9,198)
r(53,5,9,198)
r(215,5,9,198)
w(382,6,9,198)
r(240,5,9,198)
w(480,4,9,198)
r(290,5,9,198)
w(251,4,9,198)
r(207,6,9,198)
w(37,8,9,198)
r(280,1,9,198)
w(402,3,9,198)
w(481,7,9,198)
r(387,7,9,198)
w(176,9,9,198)
r(79,3,1,199)
w(370,5,1,199)
r(178,7,1,199)
w(51,2,1,199)
w(257,7,1,199)
r(246,2,1,199)
w(142,7,1,199)
r(34,5,1,199)
r(528,5,1,199)
r(398,3,1,199)
w(35,7,1,199)
w(462,7,1,199)
w(220,2,1,199)
w(285,2,1,199)
r(293,7,1,199)
w(208,2,1,199)
w(12,7,1,199)
w(365,2,1,199)
r(517,1,1,199)
w(442,7,1,199)
r(179,5,2,200)
w(180,2,2,200)
w(411,7,2,200)
w(366,7,2,200)
r(451,7,2,200)
w(108,7,2,200)
w(491,7,2,200)
r(229,5,2,200)
w(352,7,2,200)
r(27,1,2,200)
w(94,7,2,200)
r(246,2,2,200)
w(417,7,2,200)
r(374,6,2,200)
r(109,5,2,200)
r(67,2,2,200)
r(175,2,2,200)
w(409,5,2,200)
r(516,2,2,200)
w(295,2,2,200)
w(448,3,4,201)
r(130,7,4,201)
r(194,5,4,201)
r(28,5,4,201)
r(191,5,4,201)
w(67,2,4,201)
r(433,2,4,201)
w(535,3,4,201)
r(81,5,4,201)
r(241,6,4,201)
w(152,2,4,201)
w(198,7,4,201)
w(509,3,4,201)
r(7,2,4,201)
r(73,5,4,201)
r(155,2,4,201)
w(394,2,4,201)
r(478,7,4,201)
w(55,2,4,201)
w(486,4,4,201)
r(69,3,5,202)
r(350,4,5,202)
w(101,4,5,202)
r(228,4,5,202)
w(103,7,5,202)
w(122,5,5,202)
r(18,8,5,202)
w(228,3,5,202)
r(410,1,5,202)
w(363,5,5,202)
r(214,7,5,202)
r(252,7,5,202)
w(73,5,5,202)
r(321,4,5,202)
r(458,3,5,202)
r(202,7,5,202)
r(206,11,5,202)
w(235,4,5,202)
r(200,11,5,202)
r(509,9,5,202)
r(139,2,6,203)
w(83,4,6,203)
r(535,5,6,203)
r(118,5,6,203)
w(102,6,6,203)
r(38,11,6,203)
w(241,6,6,203)
w(11,4,6,203)
r(45,7,6,203)
w(526,3,6,203)
w(78,11,6,203)
r(165,5,6,203)
w(494,5,6,203)
r(406,2,6,203)
r(63,2,6,203)
w(117,6,6,203)
w(408,4,6,203)
r(122,5,6,203)
w(491,5,6,203)
r(468,11,6,203)
r(215,7,7,204)
r(308,5,7,204)
r(396,1,7,204)
w(458,3,7,204)
w(176,8,7,204)
w(22,9,7,204)
w(195,5,7,204)
r(131,6,7,204)
r(539,8,7,204)
w(351,3,7,204)
w(509,9,7,204)
r(360,2,7,204)
w(317,5,7,204)
w(470,4,7,204)
w(393,8,7,204)
r(134,7,7,204)
w(190,6,7,204)
r(514,5,7,204)
w(244,7,7,204)
w(401,8,7,204)
w(471,3,8,205)
w(452,3,8,205)
w(19,7,8,205)
r(363,3,8,205)
w(165,5,8,205)
r(302,2,8,205)
r(69,3,8,205)
r(495,4,8,205)
w(137,6,8,205)
w(187,5,8,205)
w(120,4,8,205)
r(276,3,8,205)
w(475,5,8,205)
r(50,3,8,205)
r(192,7,8,205)
w(250,6,8,205)
r(2,8,8,205)
w(72,11,8,205)
w(490,4,8,205)
r(537,2,8,205)
w(166,4,9,206)
w(412,3,9,206)
r(243,3,9,206)
r(294,3,9,206)
r(308,5,9,206)
w(310,8,9,206)
w(119,6,9,206)
r(503,7,9,206)
r(3,1,9,206)
w(96,11,9,206)
r(175,7,9,206)
w(448,6,9,206)
r(499,6,9,206)
w(282,7,9,206)
r(202,7,9,206)
w(423,6,9,206)
r(122,3,9,206)
w(21,3,9,206)
w(336,6,9,206)
r(342,5,9,206)
w(92,3,1,207)
w(365,7,1,207)
r(405,4,1,207)
w(336,5,1,207)
w(90,2,1,207)
r(179,5,1,207)
w(443,2,1,207)
r(247,2,1,207)
r(448,3,1,207)
r(537,2,1,207)
w(222,2,1,207)
w(281,2,1,207)
w(206,2,1,207)
w(527,2,1,207)
r(86,7,1,207)
r(94,7,1,207)
r(309,2,1,207)
w(231,7,1,207)
w(315,7,1,207)
r(165,7,1,207)
w(413,5,4,208)
r(444,2,4,208)
w(389,5,4,208)
r(435,4,4,208)
r(58,5,4,208)
r(182,4,4,208)
r(517,1,4,208)
r(433,2,4,208)
r(312,5,4,208)
w(398,3,4,208)
r(493,2,4,208)
r(376,2,4,208)
w(161,3,4,208)
r(490,5,4,208)
r(27,1,4,208)
r(240,3,4,208)
w(241,5,4,208)
r(324,5,4,208)
w(29,5,4,208)
w(218,3,4,208)
r(23,5,5,209)
w(209,2,5,209)
w(390,4,5,209)
r(239,5,5,209)
w(45,5,5,209)
w(388,4,5,209)
r(428,7,5,209)
r(183,5,5,209)
r(433,2,5,209)
r(321,4,5,209)
w(14,3,5,209)
w(131,4,5,209)
r(197,5,5,209)
w(166,5,5,209)
r(130,7,5,209)
w(250,3,5,209)
w(137,5,5,209)
r(132,5,5,209)
r(303,4,5,209)
r(73,5,5,209)
r(441,2,7,210)
w(159,6,7,210)
w(101,6,7,210)
r(316,3,7,210)
w(271,11,7,210)
r(79,3,7,210)
r(519,9,7,210)
r(212,5,7,210)
w(18,4,7,210)
r(334,4,7,210)
w(99,3,7,210)
w(175,2,7,210)
r(91,7,7,210)
r(288,7,7,210)
w(165,7,7,210)
w(508,5,7,210)
r(340,2,7,210)
r(373,7,7,210)
w(128,5,7,210)
r(325,7,7,210)
r(257,2,8,211)
w(478,7,8,211)
r(73,1,8,211)
w(480,5,8,211)
r(237,3,8,211)
r(59,2,8,211)
r(181,2,8,211)
w(350,3,8,211)
w(519,9,8,211)
r(196,7,8,211)
r(369,6,8,211)
w(350,4,8,211)
r(22,11,8,211)
w(415,4,8,211)
r(204,5,8,211)
w(447,3,8,211)
r(278,7,8,211)
r(136,3,8,211)
r(246,2,8,211)
w(468,11,8,211)
r(110,7,9,212)
r(398,7,9,212)
r(15,2,9,212)
w(115,6,9,212)
r(225,7,9,212)
w(347,6,9,212)
r(214,1,9,212)
r(94,2,9,212)
r(440,5,9,212)
r(422,3,9,212)
r(208,7,9,212)
w(320,8,9,212)
w(211,10,9,212)
r(184,7,9,212)
r(291,1,9,212)
r(416,7,9,212)
r(35,4,9,212)
w(371,8,9,212)
w(294,8,9,212)
r(158,4,9,212)
r(286,5,1,213)
w(43,7,1,213)
r(291,1,1,213)
w(78,7,1,213)
r(309,2,1,213)
r(54,2,1,213)
r(49,7,1,213)
r(32,1,1,213)
r(403,7,1,213)
w(116,7,1,213)
w(121,2,1,213)
r(170,3,1,213)
w(434,2,1,213)
r(393,8,1,213)
w(192,2,1,213)
w(3,2,1,213)
r(45,5,1,213)
w(411,2,1,213)
w(262,2,1,213)
w(325,2,1,213)
r(303,7,7,214)
r(256,7,7,214)
w(353,4,7,214)
r(125,7,7,214)
r(13,7,7,214)
w(431,14,7,214)
w(225,5,7,214)
w(221,5,7,214)
w(119,3,7,214)
r(79,3,7,214)
r(415,4,7,214)
r(160,7,7,214)
r(334,4,7,214)
w(203,3,7,214)
r(516,2,7,214)
w(16,3,7,214)
r(356,5,7,214)
r(480,5,7,214)
w(319,4,7,214)
r(139,2,7,214)
r(420,6,8,215)
r(30,9,8,215)
r(318,11,8,215)
r(6,2,8,215)
r(203,5,8,215)
r(77,2,8,215)
r(235,7,8,215)
r(344,2,8,215)
w(470,6,8,215)
r(99,6,8,215)
w(380,7,8,215)
w(488,3,8,215)
r(82,7,8,215)
w(295,4,8,215)
w(70,9,8,215)
r(235,7,8,215)
w(505,7,8,215)
w(386,4,8,215)
w(371,6,8,215)
r(378,7,8,215)
r(269,7,9,216)
w(445,4,9,216)
w(85,6,9,216)
r(457,2,9,216)
r(515,5,9,216)
w(297,11,9,216)
r(475,5,9,216)
w(312,5,9,216)
r(279,7,9,216)
r(320,8,9,216)
w(338,8,9,216)
r(270,7,9,216)
r(362,7,9,216)
w(10,11,9,216)
r(46,5,9,216)
w(304,3,9,216)
r(68,8,9,216)
r(498,3,9,216)
r(123,3,9,216)
r(522,7,9,216)
w(120,8,9,217)
w(362,6,9,217)
r(110,7,9,217)
r(234,7,9,217)
r(214,7,9,217)
r(213,7,9,217)
w(367,3,9,217)
w(30,13,9,217)
w(170,3,9,217)
r(238,3,9,217)
w(223,4,9,217)
r(139,2,9,217)
w(21,4,9,217)
w(412,4,9,217)
r(258,5,9,217)
r(55,6,9,217)
w(114,6,9,217)
r(379,2,9,217)
w(383,5,9,217)
r(81,5,9,217)
