w(1,1,0,0)
w(2,1,0,0)
w(3,1,0,0)
w(4,1,0,0)
w(5,1,0,0)
w(6,1,0,0)
w(7,1,0,0)
w(8,1,0,0)
w(9,1,0,0)
w(10,1,0,0)
w(11,1,0,0)
w(12,1,0,0)
w(13,1,0,0)
w(14,1,0,0)
w(15,1,0,0)
w(16,1,0,0)
w(17,1,0,0)
w(18,1,0,0)
w(19,1,0,0)
w(20,1,0,0)
w(21,1,0,0)
w(22,1,0,0)
w(23,1,0,0)
w(24,1,0,0)
w(25,1,0,0)
w(26,1,0,0)
w(27,1,0,0)
w(28,1,0,0)
w(29,1,0,0)
w(30,1,0,0)
w(31,1,0,0)
w(32,1,0,0)
w(33,1,0,0)
w(34,1,0,0)
w(35,1,0,0)
w(36,1,0,0)
w(37,1,0,0)
w(38,1,0,0)
w(39,1,0,0)
w(40,1,0,0)
w(41,1,0,0)
w(42,1,0,0)
w(43,1,0,0)
w(44,1,0,0)
w(45,1,0,0)
w(46,1,0,0)
w(47,1,0,0)
w(48,1,0,0)
w(49,1,0,0)
w(50,1,0,0)
w(51,1,0,0)
w(52,1,0,0)
w(53,1,0,0)
w(54,1,0,0)
w(55,1,0,0)
w(56,1,0,0)
w(57,1,0,0)
w(58,1,0,0)
w(59,1,0,0)
w(60,1,0,0)
w(61,1,0,0)
w(62,1,0,0)
w(63,1,0,0)
w(64,1,0,0)
w(65,1,0,0)
w(66,1,0,0)
w(67,1,0,0)
w(68,1,0,0)
w(69,1,0,0)
w(70,1,0,0)
w(71,1,0,0)
w(72,1,0,0)
w(73,1,0,0)
w(74,1,0,0)
w(75,1,0,0)
w(76,1,0,0)
w(77,1,0,0)
w(78,1,0,0)
w(79,1,0,0)
w(80,1,0,0)
w(81,1,0,0)
w(82,1,0,0)
w(83,1,0,0)
w(84,1,0,0)
w(85,1,0,0)
w(86,1,0,0)
w(87,1,0,0)
w(88,1,0,0)
w(89,1,0,0)
w(90,1,0,0)
w(91,1,0,0)
w(92,1,0,0)
w(93,1,0,0)
w(94,1,0,0)
w(95,1,0,0)
w(96,1,0,0)
w(97,1,0,0)
w(98,1,0,0)
w(99,1,0,0)
w(100,1,0,0)
w(101,1,0,0)
w(102,1,0,0)
w(103,1,0,0)
w(104,1,0,0)
w(105,1,0,0)
w(106,1,0,0)
w(107,1,0,0)
w(108,1,0,0)
w(109,1,0,0)
w(110,1,0,0)
w(111,1,0,0)
w(112,1,0,0)
w(113,1,0,0)
w(114,1,0,0)
w(115,1,0,0)
w(116,1,0,0)
w(117,1,0,0)
w(118,1,0,0)
w(119,1,0,0)
w(120,1,0,0)
w(121,1,0,0)
w(122,1,0,0)
w(123,1,0,0)
w(124,1,0,0)
w(125,1,0,0)
w(126,1,0,0)
w(127,1,0,0)
w(128,1,0,0)
w(129,1,0,0)
w(130,1,0,0)
w(131,1,0,0)
w(132,1,0,0)
w(133,1,0,0)
w(134,1,0,0)
w(135,1,0,0)
w(136,1,0,0)
w(137,1,0,0)
w(138,1,0,0)
w(139,1,0,0)
w(140,1,0,0)
w(141,1,0,0)
w(142,1,0,0)
w(143,1,0,0)
w(144,1,0,0)
w(145,1,0,0)
w(146,1,0,0)
w(147,1,0,0)
w(148,1,0,0)
w(149,1,0,0)
w(150,1,0,0)
w(151,1,0,0)
w(152,1,0,0)
w(153,1,0,0)
w(154,1,0,0)
w(155,1,0,0)
w(156,1,0,0)
w(157,1,0,0)
w(158,1,0,0)
w(159,1,0,0)
w(160,1,0,0)
w(161,1,0,0)
w(162,1,0,0)
w(163,1,0,0)
w(164,1,0,0)
w(165,1,0,0)
w(166,1,0,0)
w(167,1,0,0)
w(168,1,0,0)
w(169,1,0,0)
w(170,1,0,0)
w(171,1,0,0)
w(172,1,0,0)
w(173,1,0,0)
w(174,1,0,0)
w(175,1,0,0)
w(176,1,0,0)
w(177,1,0,0)
w(178,1,0,0)
w(179,1,0,0)
w(180,1,0,0)
w(181,1,0,0)
w(182,1,0,0)
w(183,1,0,0)
w(184,1,0,0)
w(185,1,0,0)
w(186,1,0,0)
w(187,1,0,0)
w(188,1,0,0)
w(189,1,0,0)
w(190,1,0,0)
w(191,1,0,0)
w(192,1,0,0)
w(193,1,0,0)
w(194,1,0,0)
w(195,1,0,0)
w(196,1,0,0)
w(197,1,0,0)
w(198,1,0,0)
w(199,1,0,0)
w(200,1,0,0)
w(201,1,0,0)
w(202,1,0,0)
w(203,1,0,0)
w(204,1,0,0)
w(205,1,0,0)
w(206,1,0,0)
w(207,1,0,0)
w(208,1,0,0)
w(209,1,0,0)
w(210,1,0,0)
w(211,1,0,0)
w(212,1,0,0)
w(213,1,0,0)
w(214,1,0,0)
w(215,1,0,0)
w(216,1,0,0)
w(217,1,0,0)
w(218,1,0,0)
w(219,1,0,0)
w(220,1,0,0)
w(221,1,0,0)
w(222,1,0,0)
w(223,1,0,0)
w(224,1,0,0)
w(225,1,0,0)
w(226,1,0,0)
w(227,1,0,0)
w(228,1,0,0)
w(229,1,0,0)
w(230,1,0,0)
w(231,1,0,0)
w(232,1,0,0)
w(233,1,0,0)
w(234,1,0,0)
w(235,1,0,0)
w(236,1,0,0)
w(237,1,0,0)
w(238,1,0,0)
w(239,1,0,0)
w(240,1,0,0)
w(241,1,0,0)
w(242,1,0,0)
w(243,1,0,0)
w(244,1,0,0)
w(245,1,0,0)
w(246,1,0,0)
w(247,1,0,0)
w(248,1,0,0)
w(249,1,0,0)
w(250,1,0,0)
w(251,1,0,0)
w(252,1,0,0)
w(253,1,0,0)
w(254,1,0,0)
w(255,1,0,0)
w(256,1,0,0)
w(257,1,0,0)
w(258,1,0,0)
w(259,1,0,0)
w(260,1,0,0)
w(261,1,0,0)
w(262,1,0,0)
w(263,1,0,0)
w(264,1,0,0)
w(265,1,0,0)
w(266,1,0,0)
w(267,1,0,0)
w(268,1,0,0)
w(269,1,0,0)
w(270,1,0,0)
w(271,1,0,0)
w(272,1,0,0)
w(273,1,0,0)
w(274,1,0,0)
w(275,1,0,0)
w(276,1,0,0)
w(277,1,0,0)
w(278,1,0,0)
w(279,1,0,0)
w(280,1,0,0)
w(281,1,0,0)
w(282,1,0,0)
w(283,1,0,0)
w(284,1,0,0)
w(285,1,0,0)
w(286,1,0,0)
w(287,1,0,0)
w(288,1,0,0)
w(289,1,0,0)
w(290,1,0,0)
w(291,1,0,0)
w(292,1,0,0)
w(293,1,0,0)
w(294,1,0,0)
w(295,1,0,0)
w(296,1,0,0)
w(297,1,0,0)
w(298,1,0,0)
w(299,1,0,0)
w(300,1,0,0)
w(301,1,0,0)
w(302,1,0,0)
w(303,1,0,0)
w(304,1,0,0)
w(305,1,0,0)
w(306,1,0,0)
w(307,1,0,0)
w(308,1,0,0)
w(309,1,0,0)
w(310,1,0,0)
w(311,1,0,0)
w(312,1,0,0)
w(313,1,0,0)
w(314,1,0,0)
w(315,1,0,0)
w(316,1,0,0)
w(317,1,0,0)
w(318,1,0,0)
w(319,1,0,0)
w(320,1,0,0)
w(321,1,0,0)
w(322,1,0,0)
w(323,1,0,0)
w(324,1,0,0)
w(325,1,0,0)
w(326,1,0,0)
w(327,1,0,0)
w(328,1,0,0)
w(329,1,0,0)
w(330,1,0,0)
w(331,1,0,0)
w(332,1,0,0)
w(333,1,0,0)
w(334,1,0,0)
w(335,1,0,0)
w(336,1,0,0)
w(337,1,0,0)
w(338,1,0,0)
w(339,1,0,0)
w(340,1,0,0)
w(341,1,0,0)
w(342,1,0,0)
w(343,1,0,0)
w(344,1,0,0)
w(345,1,0,0)
w(346,1,0,0)
w(347,1,0,0)
w(348,1,0,0)
w(349,1,0,0)
w(350,1,0,0)
w(351,1,0,0)
w(352,1,0,0)
w(353,1,0,0)
w(354,1,0,0)
w(355,1,0,0)
w(356,1,0,0)
w(357,1,0,0)
w(358,1,0,0)
w(359,1,0,0)
w(360,1,0,0)
w(361,1,0,0)
w(362,1,0,0)
w(363,1,0,0)
w(364,1,0,0)
w(365,1,0,0)
w(366,1,0,0)
w(367,1,0,0)
w(368,1,0,0)
w(369,1,0,0)
w(370,1,0,0)
w(371,1,0,0)
w(372,1,0,0)
w(373,1,0,0)
w(374,1,0,0)
w(375,1,0,0)
w(376,1,0,0)
w(377,1,0,0)
w(378,1,0,0)
w(379,1,0,0)
w(380,1,0,0)
w(381,1,0,0)
w(382,1,0,0)
w(383,1,0,0)
w(384,1,0,0)
w(385,1,0,0)
w(386,1,0,0)
w(387,1,0,0)
w(388,1,0,0)
w(389,1,0,0)
w(390,1,0,0)
w(391,1,0,0)
w(392,1,0,0)
w(393,1,0,0)
w(394,1,0,0)
w(395,1,0,0)
w(396,1,0,0)
w(397,1,0,0)
w(398,1,0,0)
w(399,1,0,0)
w(400,1,0,0)
w(401,1,0,0)
w(402,1,0,0)
w(403,1,0,0)
w(404,1,0,0)
w(405,1,0,0)
w(406,1,0,0)
w(407,1,0,0)
w(408,1,0,0)
w(409,1,0,0)
w(410,1,0,0)
w(411,1,0,0)
w(412,1,0,0)
w(413,1,0,0)
w(414,1,0,0)
w(415,1,0,0)
w(416,1,0,0)
w(417,1,0,0)
w(418,1,0,0)
w(419,1,0,0)
w(420,1,0,0)
w(71,2,1,1)
r(207,1,1,1)
r(339,1,1,1)
r(155,1,1,1)
r(177,1,1,1)
r(175,1,1,1)
w(358,2,1,1)
w(199,2,1,1)
r(26,1,1,1)
w(336,2,1,1)
w(196,2,1,1)
r(360,1,1,1)
r(321,1,1,1)
w(97,2,1,1)
r(62,1,1,1)
r(378,1,1,1)
w(17,2,1,1)
r(150,1,1,1)
w(290,2,1,1)
w(280,2,1,1)
w(227,2,2,2)
r(413,1,2,2)
r(144,1,2,2)
w(81,2,2,2)
w(337,3,2,2)
w(272,2,2,2)
r(320,1,2,2)
w(393,2,2,2)
w(246,2,2,2)
w(398,3,2,2)
r(308,1,2,2)
r(86,1,2,2)
r(374,1,2,2)
w(385,2,2,2)
w(10,4,2,2)
w(115,8,2,2)
r(413,1,2,2)
r(52,1,2,2)
w(36,2,2,2)
w(100,2,2,2)
r(189,1,3,3)
w(290,3,3,3)
w(292,3,3,3)
r(89,1,3,3)
r(121,1,3,3)
w(144,2,3,3)
r(310,1,3,3)
r(206,1,3,3)
r(336,2,3,3)
w(13,3,3,3)
w(203,3,3,3)
r(342,1,3,3)
r(182,1,3,3)
r(44,1,3,3)
w(7,8,3,3)
w(123,4,3,3)
r(274,1,3,3)
w(32,8,3,3)
w(68,3,3,3)
r(390,1,3,3)
r(399,1,4,4)
w(157,7,4,4)
r(172,1,4,4)
r(288,1,4,4)
r(16,1,4,4)
r(163,1,4,4)
w(386,3,4,4)
w(51,2,4,4)
r(9,1,4,4)
r(163,1,4,4)
w(263,3,4,4)
w(190,3,4,4)
r(39,1,4,4)
w(4,3,4,4)
w(188,8,4,4)
w(256,8,4,4)
r(187,1,4,4)
w(194,3,4,4)
w(409,5,4,4)
w(301,4,4,4)
r(118,1,5,5)
w(41,5,5,5)
r(353,1,5,5)
r(411,1,5,5)
w(182,5,5,5)
w(38,8,5,5)
w(281,8,5,5)
w(59,5,5,5)
w(125,6,5,5)
r(31,1,5,5)
w(367,9,5,5)
r(157,7,5,5)
w(377,4,5,5)
w(295,4,5,5)
w(218,3,5,5)
r(202,1,5,5)
r(221,1,5,5)
r(215,1,5,5)
r(275,1,5,5)
r(36,2,5,5)
w(371,5,6,6)
r(234,1,6,6)
r(75,1,6,6)
r(2,1,6,6)
w(355,4,6,6)
w(37,8,6,6)
w(263,8,6,6)
w(356,8,6,6)
w(328,5,6,6)
r(183,1,6,6)
w(89,3,6,6)
w(81,5,6,6)
r(218,3,6,6)
r(17,2,6,6)
r(138,1,6,6)
r(282,1,6,6)
w(86,9,6,6)
w(51,4,6,6)
w(59,6,6,6)
w(102,8,6,6)
r(381,1,1,7)
w(107,2,1,7)
w(196,3,1,7)
w(195,2,1,7)
r(150,1,1,7)
r(104,1,1,7)
r(308,1,1,7)
r(154,1,1,7)
r(357,1,1,7)
w(70,2,1,7)
w(271,2,1,7)
r(174,1,1,7)
w(221,2,1,7)
w(367,2,1,7)
r(410,1,1,7)
r(375,1,1,7)
r(135,1,1,7)
w(256,2,1,7)
r(60,1,1,7)
w(192,2,1,7)
r(234,1,2,8)
r(351,1,2,8)
r(336,2,2,8)
w(311,2,2,8)
r(383,1,2,8)
r(68,3,2,8)
w(347,4,2,8)
r(288,1,2,8)
r(27,1,2,8)
r(203,3,2,8)
w(243,4,2,8)
w(240,3,2,8)
w(208,2,2,8)
r(11,1,2,8)
w(53,2,2,8)
r(164,1,2,8)
w(259,2,2,8)
r(107,2,2,8)
r(54,1,2,8)
w(11,2,2,8)
w(46,2,3,9)
r(42,2,3,9)
r(109,1,3,9)
r(314,1,3,9)
w(364,5,3,9)
w(74,4,3,9)
w(257,3,3,9)
r(160,1,3,9)
w(172,2,3,9)
r(309,4,3,9)
r(140,1,3,9)
w(83,3,3,9)
r(412,1,3,9)
r(355,4,3,9)
r(367,2,3,9)
r(346,1,3,9)
r(251,1,3,9)
r(272,2,3,9)
r(19,1,3,9)
w(215,8,3,9)
r(257,1,4,10)
w(203,8,4,10)
w(281,3,4,10)
r(131,1,4,10)
r(175,1,4,10)
w(271,8,4,10)
w(122,7,4,10)
w(299,9,4,10)
r(344,1,4,10)
r(198,1,4,10)
r(284,1,4,10)
w(279,2,4,10)
w(17,8,4,10)
w(305,2,4,10)
w(164,3,4,10)
w(143,8,4,10)
w(229,4,4,10)
w(401,4,4,10)
r(321,1,4,10)
r(288,1,4,10)
r(207,1,5,11)
r(40,1,5,11)
w(359,3,5,11)
r(202,1,5,11)
r(246,2,5,11)
r(40,1,5,11)
w(23,4,5,11)
r(286,1,5,11)
r(82,1,5,11)
r(291,1,5,11)
w(95,4,5,11)
w(8,9,5,11)
w(329,5,5,11)
w(239,3,5,11)
w(415,8,5,11)
r(279,1,5,11)
w(342,4,5,11)
w(70,8,5,11)
w(392,3,5,11)
r(229,1,5,11)
w(339,5,6,12)
r(77,1,6,12)
w(293,8,6,12)
r(404,1,6,12)
w(359,4,6,12)
r(166,1,6,12)
r(320,1,6,12)
r(21,1,6,12)
w(68,8,6,12)
r(108,1,6,12)
r(306,1,6,12)
w(153,4,6,12)
w(336,8,6,12)
w(248,6,6,12)
w(183,9,6,12)
w(141,4,6,12)
w(313,3,6,12)
r(240,3,6,12)
r(95,4,6,12)
r(334,1,6,12)
w(35,2,1,13)
w(236,2,1,13)
r(395,1,1,13)
r(376,1,1,13)
r(245,1,1,13)
r(16,1,1,13)
w(275,2,1,13)
r(258,1,1,13)
r(137,1,1,13)
w(376,2,1,13)
w(200,2,1,13)
r(410,1,1,13)
w(398,2,1,13)
w(115,2,1,13)
r(377,4,1,13)
r(152,1,1,13)
r(322,1,1,13)
w(349,2,1,13)
w(111,2,1,13)
r(41,5,1,13)
w(84,2,2,14)
r(33,1,2,14)
w(159,2,2,14)
r(84,2,2,14)
r(344,1,2,14)
w(352,3,2,14)
r(113,1,2,14)
w(143,2,2,14)
w(363,2,2,14)
w(319,2,2,14)
r(47,1,2,14)
r(264,1,2,14)
r(364,1,2,14)
r(83,1,2,14)
w(377,2,2,14)
r(136,1,2,14)
r(173,1,2,14)
r(258,1,2,14)
r(366,1,2,14)
w(256,3,2,14)
r(31,1,3,15)
w(118,3,3,15)
w(227,4,3,15)
w(348,2,3,15)
w(244,2,3,15)
r(225,1,3,15)
w(343,4,3,15)
w(183,3,3,15)
r(229,4,3,15)
w(369,3,3,15)
w(96,3,3,15)
w(227,8,3,15)
w(294,2,3,15)
w(223,3,3,15)
r(402,4,3,15)
r(349,8,3,15)
w(66,8,3,15)
r(364,5,3,15)
w(57,3,3,15)
w(92,3,3,15)
r(404,1,4,16)
w(371,2,4,16)
w(92,8,4,16)
r(204,1,4,16)
w(205,8,4,16)
w(12,3,4,16)
r(53,2,4,16)
r(66,1,4,16)
w(398,4,4,16)
w(326,3,4,16)
w(138,3,4,16)
w(41,4,4,16)
r(147,1,4,16)
r(151,1,4,16)
r(88,1,4,16)
w(24,9,4,16)
w(383,5,4,16)
r(261,1,4,16)
r(400,1,4,16)
r(107,2,4,16)
r(58,1,5,17)
r(356,1,5,17)
r(264,1,5,17)
r(129,1,5,17)
w(278,3,5,17)
w(8,7,5,17)
r(311,2,5,17)
r(200,1,5,17)
w(193,5,5,17)
w(394,3,5,17)
r(237,1,5,17)
w(227,7,5,17)
r(283,1,5,17)
r(84,1,5,17)
r(21,1,5,17)
r(61,1,5,17)
r(27,1,5,17)
r(304,1,5,17)
r(117,1,5,17)
r(378,1,5,17)
r(254,1,6,18)
r(332,1,6,18)
w(78,7,6,18)
w(372,5,6,18)
r(219,1,6,18)
r(149,1,6,18)
w(313,4,6,18)
r(259,2,6,18)
w(188,12,6,18)
w(7,11,6,18)
w(356,5,6,18)
r(100,2,6,18)
r(204,3,6,18)
w(362,5,6,18)
r(253,1,6,18)
w(260,9,6,18)
r(4,3,6,18)
r(48,1,6,18)
w(42,3,6,18)
r(323,1,6,18)
r(59,6,1,19)
r(261,1,1,19)
r(52,1,1,19)
w(360,2,1,19)
r(402,1,1,19)
w(78,2,1,19)
w(317,2,1,19)
r(46,1,1,19)
w(175,2,1,19)
r(219,1,1,19)
r(40,1,1,19)
r(234,1,1,19)
w(232,2,1,19)
r(238,1,1,19)
w(343,2,1,19)
r(55,1,1,19)
r(417,1,1,19)
r(31,1,1,19)
r(73,1,1,19)
w(55,2,1,19)
r(192,2,2,20)
r(170,1,2,20)
w(71,8,2,20)
r(387,1,2,20)
w(235,3,2,20)
w(403,2,2,20)
w(127,3,2,20)
w(39,5,2,20)
w(322,4,2,20)
w(366,3,2,20)
r(272,2,2,20)
r(410,1,2,20)
w(238,2,2,20)
r(175,2,2,20)
r(152,1,2,20)
w(277,2,2,20)
r(181,1,2,20)
w(411,2,2,20)
r(144,2,2,20)
w(361,2,2,20)
r(305,2,3,21)
w(202,8,3,21)
w(157,5,3,21)
r(265,1,3,21)
w(292,4,3,21)
w(150,4,3,21)
r(222,1,3,21)
r(145,2,3,21)
w(269,8,3,21)
r(122,2,3,21)
w(409,8,3,21)
r(378,2,3,21)
r(187,1,3,21)
r(313,2,3,21)
w(285,8,3,21)
r(309,4,3,21)
w(365,3,3,21)
w(75,2,3,21)
w(280,8,3,21)
r(275,2,3,21)
r(40,1,4,22)
w(399,3,4,22)
w(382,4,4,22)
w(328,3,4,22)
w(204,3,4,22)
w(113,8,4,22)
w(55,3,4,22)
w(402,4,4,22)
r(226,1,4,22)
w(267,5,4,22)
r(151,1,4,22)
r(232,2,4,22)
w(191,4,4,22)
r(344,1,4,22)
r(292,3,4,22)
r(213,1,4,22)
r(400,1,4,22)
r(391,1,4,22)
r(50,1,4,22)
w(226,4,4,22)
w(77,5,5,23)
w(309,4,5,23)
w(294,8,5,23)
r(392,3,5,23)
r(167,1,5,23)
r(130,1,5,23)
r(273,1,5,23)
r(202,1,5,23)
r(258,1,5,23)
r(383,5,5,23)
w(153,2,5,23)
w(375,4,5,23)
r(72,1,5,23)
r(384,1,5,23)
w(87,4,5,23)
w(241,2,5,23)
w(36,8,5,23)
r(309,4,5,23)
w(240,9,5,23)
r(326,3,5,23)
w(300,2,6,24)
r(407,1,6,24)
r(34,1,6,24)
r(279,2,6,24)
w(204,8,6,24)
r(394,3,6,24)
w(147,5,6,24)
r(83,1,6,24)
r(175,2,6,24)
w(243,7,6,24)
r(362,5,6,24)
r(312,1,6,24)
r(355,4,6,24)
r(171,1,6,24)
r(391,1,6,24)
w(304,5,6,24)
r(157,7,6,24)
r(215,1,6,24)
w(149,13,6,24)
w(177,3,6,24)
r(26,1,1,25)
w(44,2,1,25)
r(277,1,1,25)
r(105,1,1,25)
r(299,7,1,25)
w(289,2,1,25)
r(345,1,1,25)
w(71,3,1,25)
w(168,2,1,25)
r(256,3,1,25)
r(384,1,1,25)
w(39,2,1,25)
r(341,1,1,25)
r(288,1,1,25)
r(310,1,1,25)
w(126,2,1,25)
w(179,2,1,25)
r(116,1,1,25)
w(186,2,1,25)
r(408,1,1,25)
r(31,1,2,26)
w(231,2,2,26)
w(272,3,2,26)
w(315,3,2,26)
w(106,2,2,26)
r(7,11,2,26)
w(378,2,2,26)
r(258,1,2,26)
w(248,8,2,26)
w(269,3,2,26)
r(326,3,2,26)
r(229,4,2,26)
w(362,2,2,26)
w(394,2,2,26)
w(419,2,2,26)
w(208,3,2,26)
w(413,3,2,26)
w(145,2,2,26)
w(410,2,2,26)
r(117,1,2,26)
r(72,1,3,27)
r(199,2,3,27)
r(235,2,3,27)
r(270,1,3,27)
w(351,3,3,27)
r(183,8,3,27)
w(287,2,3,27)
w(257,4,3,27)
w(220,2,3,27)
r(344,1,3,27)
r(336,8,3,27)
w(59,8,3,27)
w(290,4,3,27)
r(251,1,3,27)
w(13,4,3,27)
w(31,2,3,27)
w(324,3,3,27)
w(152,3,3,27)
w(16,4,3,27)
w(28,2,3,27)
w(80,2,4,28)
r(361,1,4,28)
r(104,1,4,28)
w(299,7,4,28)
w(84,3,4,28)
w(42,2,4,28)
r(48,1,4,28)
r(11,2,4,28)
r(412,1,4,28)
r(16,1,4,28)
w(315,8,4,28)
w(321,4,4,28)
r(201,1,4,28)
w(43,8,4,28)
r(332,1,4,28)
r(186,1,4,28)
w(377,3,4,28)
r(82,1,4,28)
r(396,1,4,28)
w(398,8,4,28)
r(308,1,5,29)
w(122,6,5,29)
w(111,5,5,29)
w(97,3,5,29)
r(362,5,5,29)
r(88,1,5,29)
r(197,1,5,29)
r(161,1,5,29)
w(23,8,5,29)
w(137,8,5,29)
r(242,1,5,29)
r(227,7,5,29)
r(313,4,5,29)
w(110,4,5,29)
r(342,4,5,29)
r(266,1,5,29)
r(142,1,5,29)
r(127,1,5,29)
r(197,1,5,29)
r(323,1,5,29)
w(41,6,6,30)
w(126,9,6,30)
w(228,3,6,30)
r(337,2,6,30)
w(26,3,6,30)
w(18,9,6,30)
r(264,3,6,30)
w(342,8,6,30)
w(100,9,6,30)
w(166,5,6,30)
w(420,6,6,30)
r(260,9,6,30)
w(351,8,6,30)
w(147,9,6,30)
w(271,5,6,30)
w(28,9,6,30)
r(93,1,6,30)
w(329,6,6,30)
r(306,1,6,30)
r(192,2,6,30)
r(254,1,1,31)
r(195,8,1,31)
w(337,2,1,31)
r(28,1,1,31)
r(53,2,1,31)
w(310,2,1,31)
r(184,1,1,31)
w(313,2,1,31)
w(281,2,1,31)
w(248,2,1,31)
r(308,1,1,31)
w(383,2,1,31)
w(58,2,1,31)
r(224,1,1,31)
w(341,2,1,31)
w(122,2,1,31)
w(303,2,1,31)
r(277,1,1,31)
w(316,2,1,31)
w(322,2,1,31)
w(37,2,2,32)
w(66,3,2,32)
w(2,2,2,32)
w(198,3,2,32)
r(147,9,2,32)
r(168,2,2,32)
w(238,3,2,32)
r(132,1,2,32)
r(99,2,2,32)
r(23,8,2,32)
w(85,3,2,32)
r(305,2,2,32)
w(358,3,2,32)
w(212,2,2,32)
r(408,1,2,32)
r(75,2,2,32)
w(292,2,2,32)
r(143,2,2,32)
r(308,1,2,32)
w(151,2,2,32)
r(359,4,3,33)
r(183,8,3,33)
r(225,3,3,33)
r(162,1,3,33)
r(166,5,3,33)
w(288,3,3,33)
r(373,1,3,33)
r(274,1,3,33)
r(137,8,3,33)
r(152,4,3,33)
w(100,4,3,33)
r(90,5,3,33)
r(357,1,3,33)
w(62,4,3,33)
w(412,2,3,33)
r(129,1,3,33)
r(26,4,3,33)
r(92,5,3,33)
w(282,3,3,33)
r(203,2,3,33)
w(349,8,4,34)
r(146,1,4,34)
r(78,7,4,34)
r(191,4,4,34)
r(250,1,4,34)
r(285,1,4,34)
w(83,4,4,34)
w(99,2,4,34)
w(198,9,4,34)
w(420,9,4,34)
r(39,2,4,34)
w(400,2,4,34)
w(195,8,4,34)
r(178,1,4,34)
w(69,8,4,34)
w(304,4,4,34)
r(320,1,4,34)
r(63,1,4,34)
r(410,1,4,34)
w(5,8,4,34)
r(146,1,5,35)
w(30,4,5,35)
r(101,2,5,35)
w(44,5,5,35)
r(386,4,5,35)
w(308,3,5,35)
r(237,1,5,35)
r(135,1,5,35)
r(33,1,5,35)
r(355,4,5,35)
w(388,3,5,35)
w(189,4,5,35)
r(73,1,5,35)
w(70,5,5,35)
r(238,3,5,35)
w(128,5,5,35)
w(7,7,5,35)
r(92,5,5,35)
r(364,5,5,35)
w(171,4,5,35)
w(42,4,6,36)
w(238,4,6,36)
w(164,8,6,36)
r(277,2,6,36)
r(405,1,6,36)
w(16,9,6,36)
r(46,2,6,36)
r(259,2,6,36)
r(20,1,6,36)
w(332,7,6,36)
w(83,8,6,36)
r(401,4,6,36)
w(92,5,6,36)
r(174,1,6,36)
r(415,8,6,36)
r(254,1,6,36)
r(388,1,6,36)
w(358,8,6,36)
w(26,4,6,36)
w(176,8,6,36)
r(279,2,1,37)
w(59,2,1,37)
r(18,9,1,37)
w(86,2,1,37)
w(312,2,1,37)
w(29,2,1,37)
r(322,4,1,37)
w(43,2,1,37)
w(157,2,1,37)
w(125,2,1,37)
w(383,3,1,37)
w(322,3,1,37)
w(219,2,1,37)
r(120,1,1,37)
r(168,2,1,37)
r(183,3,1,37)
r(196,3,1,37)
w(320,2,1,37)
r(275,2,1,37)
w(82,2,1,37)
w(351,2,2,38)
w(132,3,2,38)
w(103,2,2,38)
w(349,3,2,38)
r(409,8,2,38)
w(195,4,2,38)
w(45,2,2,38)
w(101,2,2,38)
r(206,1,2,38)
r(174,3,2,38)
r(352,3,2,38)
r(298,1,2,38)
r(25,4,2,38)
w(406,2,2,38)
r(199,2,2,38)
r(208,3,2,38)
w(66,4,2,38)
w(189,2,2,38)
w(64,2,2,38)
r(400,2,2,38)
r(148,1,3,39)
r(337,4,3,39)
w(149,8,3,39)
w(223,4,3,39)
r(209,1,3,39)
w(233,4,3,39)
r(235,2,3,39)
w(203,4,3,39)
w(247,2,3,39)
r(96,3,3,39)
w(361,4,3,39)
w(375,3,3,39)
r(338,8,3,39)
r(6,1,3,39)
r(364,5,3,39)
w(292,8,3,39)
r(255,1,3,39)
w(46,3,3,39)
r(353,2,3,39)
w(338,3,3,39)
r(178,1,4,40)
w(54,5,4,40)
w(283,4,4,40)
w(343,8,4,40)
w(43,5,4,40)
r(319,2,4,40)
w(252,3,4,40)
w(63,8,4,40)
r(204,8,4,40)
w(125,5,4,40)
w(18,5,4,40)
r(331,1,4,40)
w(331,2,4,40)
r(6,1,4,40)
r(32,8,4,40)
w(264,3,4,40)
w(389,2,4,40)
r(59,6,4,40)
r(9,1,4,40)
r(353,1,4,40)
w(208,7,5,41)
w(40,4,5,41)
w(420,7,5,41)
r(5,8,5,41)
w(41,9,5,41)
w(169,4,5,41)
w(155,8,5,41)
r(67,1,5,41)
r(312,2,5,41)
w(119,4,5,41)
r(289,4,5,41)
w(195,5,5,41)
w(28,4,5,41)
w(61,3,5,41)
r(344,1,5,41)
r(4,3,5,41)
r(40,4,5,41)
w(357,2,5,41)
w(366,8,5,41)
r(284,1,5,41)
w(375,8,6,42)
w(192,5,6,42)
r(337,2,6,42)
r(232,2,6,42)
r(390,1,6,42)
w(94,8,6,42)
w(182,7,6,42)
r(36,8,6,42)
w(413,8,6,42)
w(180,3,6,42)
w(286,4,6,42)
r(24,9,6,42)
w(14,8,6,42)
w(358,5,6,42)
w(228,4,6,42)
r(228,4,6,42)
r(190,3,6,42)
w(35,4,6,42)
r(354,1,6,42)
w(332,6,6,42)
r(244,2,1,43)
w(203,2,1,43)
r(48,1,1,43)
r(362,2,1,43)
r(327,1,1,43)
r(396,1,1,43)
w(288,2,1,43)
r(402,4,1,43)
w(27,2,1,43)
r(404,1,1,43)
w(376,3,1,43)
w(235,2,1,43)
w(302,2,1,43)
w(338,2,1,43)
w(155,2,1,43)
w(87,2,1,43)
w(383,4,1,43)
r(224,1,1,43)
w(8,2,1,43)
r(343,4,1,43)
w(337,4,2,44)
r(350,1,2,44)
w(113,3,2,44)
w(150,3,2,44)
r(7,7,2,44)
w(356,2,2,44)
r(111,5,2,44)
r(92,5,2,44)
w(155,3,2,44)
r(222,1,2,44)
w(360,3,2,44)
w(81,3,2,44)
r(222,1,2,44)
w(94,3,2,44)
w(222,4,2,44)
r(1,3,2,44)
r(275,2,2,44)
w(332,8,2,44)
w(222,8,2,44)
r(130,7,2,44)
r(110,4,3,45)
w(69,4,3,45)
r(42,4,3,45)
r(266,1,3,45)
r(70,5,3,45)
r(229,4,3,45)
r(383,4,3,45)
r(206,1,3,45)
r(85,3,3,45)
w(262,4,3,45)
r(382,4,3,45)
r(229,4,3,45)
w(245,3,3,45)
w(209,3,3,45)
w(77,4,3,45)
w(160,5,3,45)
r(329,6,3,45)
w(100,8,3,45)
r(397,1,3,45)
w(274,2,3,45)
w(150,8,4,46)
r(281,2,4,46)
w(100,5,4,46)
r(299,7,4,46)
w(220,3,4,46)
r(279,2,4,46)
r(336,8,4,46)
w(25,4,4,46)
w(115,9,4,46)
r(232,2,4,46)
r(112,1,4,46)
r(65,1,4,46)
w(286,2,4,46)
w(217,2,4,46)
r(105,1,4,46)
w(75,3,4,46)
r(308,1,4,46)
w(128,4,4,46)
w(386,4,4,46)
w(124,8,4,46)
r(406,2,5,47)
r(152,4,5,47)
w(62,9,5,47)
w(325,8,5,47)
w(309,8,5,47)
r(61,3,5,47)
w(384,2,5,47)
w(197,3,5,47)
w(153,3,5,47)
r(122,2,5,47)
w(201,3,5,47)
r(129,1,5,47)
r(54,5,5,47)
w(7,6,5,47)
r(368,1,5,47)
r(134,1,5,47)
w(269,7,5,47)
r(151,2,5,47)
w(114,8,5,47)
r(6,5,5,47)
w(334,8,6,48)
w(378,5,6,48)
r(136,1,6,48)
r(274,1,6,48)
r(274,1,6,48)
r(222,1,6,48)
r(397,1,6,48)
r(239,3,6,48)
w(130,7,6,48)
r(358,5,6,48)
r(187,2,6,48)
w(348,5,6,48)
w(340,4,6,48)
w(316,3,6,48)
w(281,9,6,48)
r(281,9,6,48)
w(90,5,6,48)
w(227,10,6,48)
w(247,4,6,48)
w(171,5,6,48)
r(245,1,1,49)
r(228,4,1,49)
r(243,7,1,49)
r(79,1,1,49)
r(155,2,1,49)
w(12,2,1,49)
w(187,2,1,49)
w(163,2,1,49)
w(267,2,1,49)
w(332,2,1,49)
r(46,4,1,49)
r(297,1,1,49)
w(306,2,1,49)
w(207,2,1,49)
r(124,8,1,49)
r(274,1,1,49)
w(320,3,1,49)
r(163,2,1,49)
w(200,3,1,49)
r(46,4,1,49)
w(406,3,2,50)
w(69,2,2,50)
r(289,4,2,50)
r(177,2,2,50)
w(17,4,2,50)
w(240,4,2,50)
w(246,3,2,50)
r(80,2,2,50)
r(305,3,2,50)
r(138,3,2,50)
r(107,5,2,50)
r(150,3,2,50)
r(202,9,2,50)
r(276,1,2,50)
r(173,4,2,50)
r(268,1,2,50)
r(75,2,2,50)
w(219,4,2,50)
w(364,8,2,50)
r(395,1,2,50)
r(135,1,3,51)
r(114,1,3,51)
w(8,8,3,51)
w(109,3,3,51)
r(154,1,3,51)
w(284,4,3,51)
w(22,8,3,51)
r(383,4,3,51)
r(163,2,3,51)
r(120,1,3,51)
w(187,8,3,51)
w(196,8,3,51)
r(14,8,3,51)
w(86,4,3,51)
r(87,2,3,51)
r(121,1,3,51)
w(67,4,3,51)
r(92,5,3,51)
r(379,1,3,51)
w(405,4,3,51)
w(77,8,4,52)
r(277,2,4,52)
r(271,5,4,52)
w(174,3,4,52)
w(1,3,4,52)
w(44,3,4,52)
r(132,1,4,52)
w(319,3,4,52)
w(183,8,4,52)
w(173,4,4,52)
w(46,4,4,52)
r(409,8,4,52)
w(304,8,4,52)
w(15,2,4,52)
w(269,5,4,52)
w(219,5,4,52)
w(223,8,4,52)
r(356,5,4,52)
r(381,1,4,52)
r(30,1,4,52)
r(68,8,5,53)
r(91,1,5,53)
w(139,4,5,53)
r(90,5,5,53)
r(362,2,5,53)
w(28,8,5,53)
w(177,2,5,53)
r(341,2,5,53)
w(314,2,5,53)
w(216,8,5,53)
r(349,3,5,53)
w(299,6,5,53)
w(371,8,5,53)
r(94,3,5,53)
r(359,4,5,53)
r(102,8,5,53)
w(314,3,5,53)
r(310,2,5,53)
w(217,3,5,53)
r(316,3,5,53)
r(348,5,6,54)
w(6,9,6,54)
w(239,8,6,54)
w(32,2,1,55)
r(244,2,1,55)
w(82,3,1,55)
w(125,3,1,55)
w(27,3,1,55)
r(79,1,1,55)
w(191,3,1,55)
w(334,2,1,55)
r(167,1,1,55)
r(106,2,1,55)
w(293,2,1,55)
w(388,2,1,55)
r(21,1,1,55)
r(179,2,1,55)
w(154,2,1,55)
w(375,2,1,55)
w(285,2,1,55)
r(107,2,1,55)
r(328,3,1,55)
w(236,3,1,55)
r(381,1,2,56)
w(182,2,2,56)
w(359,2,2,56)
r(65,1,2,56)
r(321,4,2,56)
w(205,3,2,56)
w(219,8,2,56)
w(71,5,2,56)
r(351,4,2,56)
w(223,2,2,56)
w(148,3,2,56)
w(19,3,2,56)
r(2,2,2,56)
r(14,8,2,56)
r(404,3,2,56)
w(396,3,2,56)
r(245,3,2,56)
w(321,2,2,56)
w(402,2,2,56)
r(319,3,2,56)
w(87,3,3,57)
r(317,2,3,57)
w(109,4,3,57)
r(229,4,3,57)
w(213,9,3,57)
r(367,2,3,57)
w(210,4,3,57)
r(51,4,3,57)
r(109,4,3,57)
r(341,2,3,57)
r(311,2,3,57)
w(49,2,3,57)
w(129,4,3,57)
w(229,2,3,57)
w(304,3,3,57)
r(417,1,3,57)
w(419,3,3,57)
w(328,2,3,57)
w(294,3,3,57)
w(154,3,3,57)
r(248,8,4,58)
w(141,3,4,58)
w(234,4,4,58)
r(393,2,4,58)
r(43,2,4,58)
w(338,8,4,58)
w(356,3,4,58)
w(324,8,4,58)
r(54,5,4,58)
w(322,8,4,58)
w(225,3,4,58)
w(369,5,4,58)
r(52,1,4,58)
w(353,2,4,58)
w(152,4,4,58)
w(15,3,4,58)
w(53,3,4,58)
w(289,4,4,58)
r(37,2,4,58)
w(188,5,4,58)
r(200,3,5,59)
w(168,4,5,59)
r(373,1,5,59)
r(346,1,5,59)
w(22,9,5,59)
r(152,4,5,59)
r(136,1,5,59)
r(21,1,5,59)
r(185,1,5,59)
r(196,7,5,59)
r(399,8,5,59)
w(182,9,5,59)
w(170,2,5,59)
r(81,3,5,59)
r(186,2,5,59)
r(308,3,5,59)
w(107,5,5,59)
w(239,4,5,59)
r(296,1,5,59)
r(307,5,5,59)
r(173,4,6,60)
r(51,4,6,60)
r(203,4,6,60)
r(131,1,6,60)
w(411,5,6,60)
r(97,3,6,60)
r(350,1,6,60)
r(161,1,6,60)
r(328,3,6,60)
r(72,1,6,60)
w(76,3,6,60)
r(311,2,6,60)
w(355,8,6,60)
w(325,5,6,60)
r(246,2,6,60)
r(202,8,6,60)
w(248,10,6,60)
w(399,8,6,60)
r(212,2,6,60)
r(150,3,6,60)
w(298,2,1,61)
w(364,2,1,61)
w(18,2,1,61)
w(133,2,1,61)
r(308,3,1,61)
w(54,2,1,61)
r(13,4,1,61)
w(254,2,1,61)
w(293,3,1,61)
w(213,2,1,61)
w(222,2,1,61)
r(243,7,1,61)
r(417,1,1,61)
r(330,1,1,61)
r(184,1,1,61)
r(41,9,1,61)
r(228,4,1,61)
r(382,4,1,61)
w(160,2,1,61)
w(85,2,1,61)
w(405,3,2,62)
w(115,5,2,62)
w(409,2,2,62)
w(273,3,2,62)
w(213,8,2,62)
r(249,1,2,62)
w(22,4,2,62)
r(2,2,2,62)
r(253,1,2,62)
w(252,2,2,62)
w(131,2,2,62)
w(362,3,2,62)
r(90,5,2,62)
w(138,2,2,62)
r(360,3,2,62)
w(213,5,2,62)
w(16,3,2,62)
r(130,5,2,62)
r(311,2,2,62)
r(327,1,2,62)
r(266,1,3,63)
w(34,3,3,63)
w(383,8,3,63)
r(399,8,3,63)
w(194,2,3,63)
w(133,3,3,63)
r(239,3,3,63)
r(237,1,3,63)
w(124,3,3,63)
w(157,9,3,63)
w(208,5,3,63)
r(179,2,3,63)
w(420,8,3,63)
r(112,1,3,63)
r(370,1,3,63)
r(231,4,3,63)
w(280,5,3,63)
r(236,3,3,63)
r(174,3,3,63)
w(256,4,3,63)
r(30,4,4,64)
w(231,4,4,64)
r(393,2,4,64)
w(4,4,4,64)
w(409,9,4,64)
w(305,3,4,64)
r(194,3,4,64)
w(281,4,4,64)
w(285,9,4,64)
r(127,3,4,64)
w(188,9,4,64)
r(124,8,4,64)
w(109,5,4,64)
w(352,4,4,64)
r(110,4,4,64)
r(303,2,4,64)
r(362,2,4,64)
r(95,4,4,64)
w(6,5,4,64)
w(342,3,4,64)
w(237,4,5,65)
w(236,8,5,65)
r(11,2,5,65)
w(144,3,5,65)
w(337,5,5,65)
r(13,4,5,65)
w(130,5,5,65)
w(173,8,5,65)
w(93,2,5,65)
w(103,3,5,65)
w(47,2,5,65)
w(38,5,5,65)
r(336,8,5,65)
w(411,8,5,65)
w(262,5,5,65)
r(304,3,5,65)
r(11,2,5,65)
w(95,8,5,65)
w(27,9,5,65)
r(310,2,5,65)
r(286,4,6,66)
r(4,4,6,66)
w(215,9,6,66)
r(93,1,6,66)
r(356,2,6,66)
w(18,7,6,66)
w(307,8,6,66)
r(71,8,6,66)
w(58,7,6,66)
r(156,1,6,66)
r(192,5,6,66)
r(164,8,6,66)
w(56,8,6,66)
w(242,4,6,66)
w(238,8,6,66)
w(9,3,6,66)
w(291,4,6,66)
r(377,3,6,66)
w(196,7,6,66)
r(149,8,6,66)
w(198,2,1,67)
w(38,2,1,67)
r(51,4,1,67)
r(373,1,1,67)
r(50,1,1,67)
r(64,2,1,67)
w(122,3,1,67)
r(373,1,1,67)
w(260,2,1,67)
r(172,2,1,67)
w(148,2,1,67)
r(322,8,1,67)
w(396,2,1,67)
r(308,3,1,67)
r(226,4,1,67)
w(179,3,1,67)
w(298,3,1,67)
r(384,2,1,67)
w(24,2,1,67)
r(198,2,1,67)
r(354,8,2,68)
w(125,4,2,68)
w(261,2,2,68)
r(197,3,2,68)
r(188,9,2,68)
w(264,2,2,68)
w(159,4,3,69)
w(114,3,3,69)
w(372,4,3,69)
r(36,8,3,69)
w(183,4,3,69)
r(19,1,3,69)
w(122,5,3,69)
r(226,4,3,69)
w(354,4,3,69)
r(242,4,3,69)
r(413,8,3,69)
r(320,3,3,69)
w(128,3,3,69)
w(126,4,3,69)
w(125,8,3,69)
r(268,1,3,69)
r(8,8,3,69)
r(116,1,3,69)
r(169,4,3,69)
r(202,9,3,69)
r(247,2,4,70)
r(360,3,4,70)
w(264,4,4,70)
r(74,4,4,70)
w(187,9,4,70)
r(317,2,4,70)
r(158,1,4,70)
r(59,8,4,70)
r(234,4,4,70)
w(194,4,4,70)
r(290,4,4,70)
r(307,8,4,70)
w(119,3,4,70)
w(43,9,4,70)
w(135,2,4,70)
w(419,8,4,70)
r(113,3,4,70)
w(232,5,4,70)
r(173,4,4,70)
w(356,4,4,70)
r(73,1,5,71)
r(77,4,5,71)
r(76,3,5,71)
r(382,4,5,71)
r(107,5,5,71)
w(17,5,5,71)
r(417,4,5,71)
r(325,8,5,71)
w(320,5,5,71)
r(359,2,5,71)
r(323,1,5,71)
r(34,3,5,71)
w(32,7,5,71)
r(98,1,5,71)
w(236,5,5,71)
w(329,9,5,71)
w(45,3,5,71)
r(337,5,5,71)
w(138,8,5,71)
w(190,4,5,71)
w(402,9,6,72)
w(57,4,6,72)
r(395,1,6,72)
w(361,8,6,72)
w(352,9,6,72)
w(409,11,6,72)
r(22,8,6,72)
w(307,5,6,72)
r(168,2,6,72)
r(172,2,6,72)
r(282,3,6,72)
w(284,8,6,72)
r(371,8,6,72)
w(202,9,6,72)
r(327,1,6,72)
r(383,8,6,72)
w(218,8,6,72)
r(237,1,6,72)
r(376,3,6,72)
w(417,3,6,72)
w(66,2,1,73)
r(7,6,1,73)
w(329,2,1,73)
r(126,4,1,73)
r(191,3,1,73)
r(399,8,1,73)
w(104,2,1,73)
w(127,2,1,73)
w(240,2,1,73)
r(343,4,1,73)
r(268,1,1,73)
w(284,2,1,73)
r(143,2,1,73)
r(374,1,1,73)
r(54,2,1,73)
w(404,3,1,73)
w(123,2,1,73)
r(394,2,1,73)
r(390,1,1,73)
r(371,3,1,73)
w(396,4,2,74)
w(72,2,2,74)
r(383,8,2,74)
w(349,4,2,74)
w(3,2,2,74)
r(366,8,2,74)
w(343,3,2,74)
w(140,2,2,74)
w(157,3,2,74)
w(157,4,2,74)
r(366,8,2,74)
w(198,8,2,74)
r(417,4,2,74)
w(163,3,2,74)
w(54,3,2,74)
w(273,4,2,74)
r(115,5,2,74)
w(417,2,2,74)
w(337,8,2,74)
w(118,2,2,74)
w(126,8,3,75)
w(392,2,3,75)
r(258,1,3,75)
r(397,1,3,75)
r(288,3,3,75)
w(267,4,3,75)
w(231,3,3,75)
w(129,8,3,75)
r(101,2,3,75)
w(292,5,3,75)
r(185,1,3,75)
w(369,4,3,75)
r(375,2,3,75)
r(118,3,3,75)
w(292,9,3,75)
w(127,4,3,75)
r(160,2,3,75)
w(372,8,3,75)
w(210,8,3,75)
w(416,2,3,75)
r(322,8,4,76)
r(346,1,4,76)
w(403,3,4,76)
r(360,3,4,76)
r(346,1,4,76)
r(406,3,4,76)
w(371,3,4,76)
r(150,3,4,76)
w(351,4,4,76)
r(374,1,4,76)
r(391,1,4,76)
w(301,8,4,76)
w(317,4,4,76)
w(354,8,4,76)
r(72,1,4,76)
w(32,5,4,76)
r(88,1,4,76)
r(366,8,4,76)
w(164,4,4,76)
w(154,4,4,76)
w(222,9,5,77)
w(328,4,5,77)
r(36,8,5,77)
w(257,5,5,77)
r(162,1,5,77)
r(334,2,5,77)
w(215,5,5,77)
w(409,10,5,77)
r(212,2,5,77)
r(310,2,5,77)
w(276,8,5,77)
r(99,2,5,77)
w(350,3,5,77)
r(62,9,5,77)
w(22,7,5,77)
w(75,4,5,77)
w(415,5,5,77)
w(329,7,5,77)
w(386,8,5,77)
r(108,2,5,77)
r(363,2,6,78)
r(12,2,6,78)
w(297,2,6,78)
w(263,5,6,78)
r(149,8,6,78)
r(146,1,6,78)
w(166,9,6,78)
w(94,5,6,78)
w(348,9,6,78)
w(189,8,6,78)
r(327,1,6,78)
r(361,8,6,78)
w(125,11,6,78)
w(48,9,6,78)
r(188,9,6,78)
w(51,5,6,78)
w(178,3,6,78)
w(417,4,6,78)
r(76,3,6,78)
w(22,6,6,78)
r(261,9,1,79)
w(397,3,1,79)
r(385,2,1,79)
w(38,3,1,79)
r(404,9,1,79)
r(133,3,1,79)
r(6,5,1,79)
w(209,2,1,79)
w(39,3,1,79)
r(113,3,1,79)
w(346,2,1,79)
w(76,2,1,79)
r(275,2,1,79)
r(420,8,1,79)
r(155,8,1,79)
r(301,8,1,79)
w(347,2,1,79)
r(407,1,1,79)
r(376,3,1,79)
w(339,2,1,79)
w(387,2,2,80)
r(60,2,2,80)
r(328,4,2,80)
r(308,3,2,80)
w(266,2,2,80)
w(262,3,2,80)
w(202,3,2,80)
r(126,8,2,80)
w(74,2,2,80)
r(77,4,2,80)
r(73,1,2,80)
r(293,3,2,80)
w(38,4,2,80)
r(150,5,2,80)
r(272,3,2,80)
w(30,2,2,80)
w(276,2,2,80)
r(227,10,2,80)
w(227,3,2,80)
w(354,2,2,80)
r(44,5,3,81)
w(88,4,3,81)
w(27,5,3,81)
w(396,8,3,81)
r(230,1,3,81)
w(320,4,3,81)
w(301,3,3,81)
w(71,7,3,81)
w(61,2,3,81)
r(158,1,3,81)
r(413,8,3,81)
w(251,2,3,81)
r(196,7,3,81)
w(324,4,3,81)
w(243,5,3,81)
r(273,3,3,81)
w(82,8,3,81)
r(116,1,3,81)
w(182,4,3,81)
r(155,8,3,81)
w(188,7,4,82)
r(391,1,4,82)
r(60,1,4,82)
w(348,3,4,82)
r(362,3,4,82)
r(387,1,4,82)
r(371,9,4,82)
w(128,8,4,82)
w(32,9,4,82)
r(102,8,4,82)
w(149,6,4,82)
r(380,1,4,82)
w(15,4,4,82)
r(388,2,4,82)
w(290,8,4,82)
w(230,8,4,82)
r(231,3,4,82)
r(325,8,4,82)
r(229,2,4,82)
r(276,1,4,82)
w(221,8,5,83)
w(259,4,5,83)
w(362,8,5,83)
r(195,5,5,83)
w(368,2,5,83)
r(11,2,5,83)
w(296,4,5,83)
w(23,5,5,83)
r(26,8,5,83)
w(77,9,5,83)
r(169,4,5,83)
w(364,9,5,83)
w(28,5,5,83)
w(149,11,5,83)
w(11,9,5,83)
r(290,8,5,83)
w(385,4,5,83)
r(260,2,5,83)
w(192,3,5,83)
w(302,8,5,83)
w(261,9,6,84)
r(51,5,6,84)
w(330,4,6,84)
w(363,8,6,84)
w(404,9,6,84)
r(316,3,6,84)
r(174,3,6,84)
r(378,5,6,84)
w(347,5,6,84)
r(178,3,6,84)
w(369,6,6,84)
w(150,9,6,84)
r(163,2,6,84)
w(267,6,6,84)
w(297,3,6,84)
w(268,3,6,84)
w(341,5,6,84)
r(5,8,6,84)
r(271,5,6,84)
r(241,2,6,84)
w(299,2,1,85)
w(32,3,1,85)
r(343,4,1,85)
w(129,2,1,85)
w(395,2,1,85)
w(382,2,1,85)
r(268,3,1,85)
r(167,1,1,85)
w(78,3,1,85)
w(8,3,1,85)
r(39,3,1,85)
r(47,2,1,85)
w(390,2,1,85)
r(393,2,1,85)
w(374,2,1,85)
r(207,2,1,85)
w(40,2,1,85)
w(243,2,1,85)
r(172,2,1,85)
w(134,2,1,85)
r(92,5,2,86)
r(274,2,2,86)
r(266,2,2,86)
w(380,2,2,86)
w(176,2,2,86)
r(158,4,2,86)
r(57,4,2,86)
r(181,5,2,86)
r(107,3,2,86)
r(259,4,2,86)
r(335,1,2,86)
w(141,2,2,86)
w(36,3,2,86)
w(176,3,2,86)
r(241,2,2,86)
w(409,3,2,86)
w(70,3,2,86)
r(185,1,2,86)
w(117,2,2,86)
r(353,2,2,86)
r(31,2,3,87)
w(184,4,3,87)
r(239,4,3,87)
w(213,7,3,87)
w(207,4,3,87)
w(63,4,3,87)
w(414,2,3,87)
r(408,1,3,87)
r(286,4,3,87)
r(160,2,3,87)
r(39,3,3,87)
r(278,3,3,87)
w(242,3,3,87)
w(181,4,3,87)
w(294,4,3,87)
r(144,3,3,87)
r(122,5,3,87)
w(21,2,3,87)
r(308,3,3,87)
w(181,8,3,87)
w(139,2,4,88)
r(323,1,4,88)
w(111,8,4,88)
w(346,4,4,88)
w(78,5,4,88)
w(156,3,4,88)
r(81,3,4,88)
w(150,5,4,88)
w(355,3,4,88)
r(130,5,4,88)
w(221,4,4,88)
w(58,8,4,88)
r(136,1,4,88)
r(302,2,4,88)
r(251,2,4,88)
r(235,2,4,88)
w(121,4,4,88)
w(60,2,4,88)
r(380,1,4,88)
r(15,4,4,88)
w(145,4,5,89)
w(248,7,5,89)
r(275,2,5,89)
r(55,3,5,89)
r(16,2,5,89)
r(155,8,5,89)
r(248,7,5,89)
r(54,3,5,89)
r(320,4,5,89)
r(141,2,5,89)
r(17,5,5,89)
w(47,3,5,89)
r(222,9,5,89)
w(120,8,5,89)
w(346,8,5,89)
w(16,8,5,89)
r(363,8,5,89)
w(137,5,5,89)
w(87,8,5,89)
w(37,4,5,89)
w(214,3,6,90)
r(123,2,6,90)
w(285,6,6,90)
r(403,3,6,90)
w(371,9,6,90)
w(253,4,6,90)
r(355,8,6,90)
r(344,1,6,90)
w(158,3,6,90)
w(26,8,6,90)
r(288,3,6,90)
w(157,6,6,90)
r(157,6,6,90)
r(120,1,6,90)
w(158,4,6,90)
r(413,8,6,90)
r(409,2,6,90)
r(398,8,6,90)
w(79,8,6,90)
w(256,9,6,90)
r(407,1,1,91)
r(1,3,1,91)
w(7,2,1,91)
r(356,4,1,91)
w(181,2,1,91)
w(10,2,1,91)
r(347,2,1,91)
r(24,2,1,91)
w(129,3,1,91)
w(59,3,1,91)
r(226,4,1,91)
r(162,1,1,91)
r(339,2,1,91)
r(121,1,1,91)
w(116,2,1,91)
r(299,2,1,91)
w(150,2,1,91)
w(108,2,1,91)
w(149,2,1,91)
w(23,2,1,91)
r(344,1,2,92)
w(176,4,2,92)
w(163,4,2,92)
r(379,1,2,92)
r(156,3,2,92)
r(414,3,2,92)
r(247,2,2,92)
w(207,3,2,92)
r(78,5,2,92)
r(317,4,2,92)
r(408,1,2,92)
w(2,3,2,92)
r(90,5,2,92)
r(178,4,2,92)
r(116,2,2,92)
r(321,2,2,92)
w(387,3,2,92)
r(104,2,2,92)
w(13,2,2,92)
w(56,3,2,92)
r(378,5,3,93)
r(37,2,3,93)
r(291,4,3,93)
r(278,3,3,93)
r(27,5,3,93)
w(258,3,3,93)
r(42,4,3,93)
r(378,5,3,93)
r(403,3,3,93)
w(404,5,3,93)
r(384,2,3,93)
r(37,2,3,93)
r(402,2,3,93)
r(287,2,3,93)
r(412,2,3,93)
r(397,3,3,93)
w(370,2,3,93)
r(361,8,3,93)
w(142,2,3,93)
w(112,2,3,93)
w(255,2,4,94)
r(116,2,4,94)
w(240,5,4,94)
w(188,6,4,94)
r(57,4,4,94)
w(225,4,4,94)
w(198,6,4,94)
r(87,3,4,94)
r(410,2,4,94)
w(74,8,4,94)
r(304,3,4,94)
w(339,4,4,94)
w(14,4,4,94)
r(145,2,4,94)
w(181,5,4,94)
r(343,3,4,94)
w(325,4,4,94)
r(413,8,4,94)
r(183,4,4,94)
w(44,4,4,94)
w(346,5,5,95)
w(175,4,5,95)
r(94,5,5,95)
w(128,9,5,95)
w(7,10,5,95)
w(322,7,5,95)
w(210,7,5,95)
w(118,9,5,95)
r(159,4,5,95)
w(223,5,5,95)
w(171,8,5,95)
w(308,4,5,95)
w(137,9,5,95)
r(319,3,5,95)
w(336,4,5,95)
w(190,8,5,95)
r(189,8,5,95)
w(378,8,5,95)
r(70,3,5,95)
r(325,4,5,95)
r(112,1,6,96)
r(385,2,6,96)
r(58,7,6,96)
w(23,9,6,96)
w(197,4,6,96)
r(215,9,6,96)
r(5,8,6,96)
w(229,5,6,96)
w(405,5,6,96)
r(231,3,6,96)
w(414,3,6,96)
r(227,10,6,96)
w(395,8,6,96)
r(38,3,6,96)
w(311,3,6,96)
r(396,4,6,96)
w(124,9,6,96)
r(235,2,6,96)
w(178,4,6,96)
w(148,9,6,96)
r(218,8,1,97)
r(393,2,1,97)
r(259,2,1,97)
r(114,3,1,97)
w(82,4,1,97)
r(381,1,1,97)
w(115,3,1,97)
w(107,3,1,97)
w(201,2,1,97)
w(242,2,1,97)
r(223,2,1,97)
r(66,2,1,97)
w(174,2,1,97)
r(352,9,1,97)
r(250,1,1,97)
w(243,3,1,97)
w(269,2,1,97)
r(409,10,1,97)
w(16,2,1,97)
r(411,8,1,97)
r(396,4,2,98)
w(171,2,2,98)
w(301,2,2,98)
r(201,2,2,98)
w(136,2,2,98)
w(415,3,2,98)
w(77,3,2,98)
r(357,2,2,98)
r(254,8,2,98)
w(332,5,2,98)
w(404,8,2,98)
r(118,2,3,99)
w(114,4,3,99)
w(374,8,3,99)
r(261,9,3,99)
w(130,8,3,99)
r(385,4,3,99)
w(143,4,3,99)
r(355,3,3,99)
w(171,3,3,99)
w(180,2,3,99)
r(250,2,3,99)
w(168,3,3,99)
r(43,9,3,99)
w(109,8,3,99)
r(224,1,3,99)
r(346,8,3,99)
w(92,4,3,99)
w(407,3,3,99)
w(379,2,3,99)
r(247,2,3,99)
r(414,3,4,100)
r(69,2,4,100)
r(394,2,4,100)
w(419,5,4,100)
r(201,2,4,100)
w(136,3,4,100)
r(401,4,4,100)
w(272,8,4,100)
r(352,9,4,100)
r(236,5,4,100)
r(54,3,4,100)
w(397,8,4,100)
r(123,2,4,100)
w(315,5,4,100)
r(341,5,4,100)
w(322,5,4,100)
w(29,3,4,100)
w(200,4,4,100)
w(7,9,4,100)
w(358,4,4,100)
r(164,4,5,101)
w(149,12,5,101)
r(289,4,5,101)
w(350,4,5,101)
r(244,2,5,101)
r(377,8,5,101)
r(26,8,5,101)
r(21,2,5,101)
r(241,2,5,101)
r(80,2,5,101)
r(179,4,5,101)
w(34,4,5,101)
w(352,8,5,101)
r(373,1,5,101)
w(281,5,5,101)
w(369,9,5,101)
w(9,2,5,101)
r(259,4,5,101)
w(204,4,5,101)
w(392,4,5,101)
r(1,2,6,102)
r(32,9,6,102)
w(377,8,6,102)
w(235,8,6,102)
w(162,3,6,102)
w(76,4,6,102)
w(276,9,6,102)
r(256,9,6,102)
r(268,3,6,102)
r(236,5,6,102)
w(272,6,6,102)
w(92,9,6,102)
w(49,3,6,102)
w(51,9,6,102)
r(144,3,6,102)
w(125,12,6,102)
r(242,2,6,102)
r(205,3,6,102)
r(73,4,6,102)
r(155,8,6,102)
r(326,3,1,103)
w(230,2,1,103)
w(386,2,1,103)
r(402,2,1,103)
w(420,2,1,103)
r(50,1,1,103)
r(152,4,1,103)
w(115,4,1,103)
w(121,2,1,103)
r(65,1,1,103)
r(185,1,1,103)
w(10,3,1,103)
w(250,2,1,103)
w(312,3,1,103)
w(326,2,1,103)
w(233,2,1,103)
r(175,2,1,103)
w(1,2,1,103)
r(340,4,1,103)
r(73,1,1,103)
r(259,4,2,104)
w(91,2,2,104)
w(81,4,2,104)
r(156,3,2,104)
w(334,4,2,104)
w(215,3,2,104)
r(333,1,2,104)
w(315,4,2,104)
r(377,8,2,104)
w(71,9,2,104)
r(177,2,2,104)
w(399,2,2,104)
r(401,4,2,104)
w(14,2,2,104)
w(120,3,2,104)
w(56,4,2,104)
w(248,5,2,104)
r(211,2,2,104)
r(254,8,2,104)
w(317,3,2,104)
r(269,2,3,105)
r(260,2,3,105)
r(136,3,3,105)
w(254,4,3,105)
r(335,1,3,105)
r(405,2,3,105)
w(19,4,3,105)
r(404,4,3,105)
r(3,2,3,105)
w(363,3,3,105)
r(373,1,3,105)
r(307,5,3,105)
w(68,4,3,105)
w(90,4,3,105)
r(160,2,3,105)
r(217,3,3,105)
r(317,4,3,105)
r(79,8,3,105)
r(360,3,3,105)
w(261,3,3,105)
r(356,4,4,106)
w(226,8,4,106)
w(227,9,4,106)
w(19,5,4,106)
w(399,4,4,106)
r(360,3,4,106)
r(283,4,4,106)
w(127,8,4,106)
w(63,5,4,106)
w(11,5,4,106)
r(4,4,4,106)
w(208,9,4,106)
w(210,9,4,106)
r(404,5,4,106)
w(267,7,4,106)
w(382,8,4,106)
w(106,3,4,106)
r(42,4,4,106)
w(167,4,4,106)
r(29,3,4,106)
w(256,5,5,107)
w(40,8,5,107)
r(326,2,5,107)
w(81,8,5,107)
r(311,3,5,107)
w(124,5,5,107)
w(202,5,5,107)
w(16,5,5,107)
w(272,7,5,107)
r(400,2,5,107)
w(369,7,5,107)
w(303,8,5,107)
w(52,3,5,107)
r(285,7,5,107)
r(365,3,5,107)
r(30,2,5,107)
w(88,8,5,107)
r(196,7,5,107)
w(219,9,5,107)
w(110,8,5,107)
w(87,9,6,108)
r(398,8,6,108)
r(285,6,6,108)
r(9,3,6,108)
w(58,6,6,108)
r(344,1,6,108)
r(416,4,6,108)
w(182,6,6,108)
r(112,2,6,108)
w(249,4,6,108)
w(222,7,6,108)
w(214,4,6,108)
w(180,4,6,108)
r(88,4,6,108)
w(211,2,6,108)
w(393,4,6,108)
w(310,4,6,108)
w(32,10,6,108)
w(146,4,6,108)
r(202,3,6,108)
w(257,2,1,109)
w(57,2,1,109)
r(78,5,1,109)
w(413,2,1,109)
r(372,8,1,109)
r(50,1,1,109)
r(201,2,1,109)
r(173,8,1,109)
w(397,4,1,109)
w(62,2,1,109)
r(173,8,1,109)
r(242,2,1,109)
w(213,3,1,109)
r(217,3,1,109)
r(151,2,1,109)
r(1,2,1,109)
w(366,2,1,109)
w(248,3,1,109)
r(124,9,1,109)
w(165,2,1,109)
r(299,3,2,110)
w(161,3,2,110)
r(199,8,2,110)
r(368,2,2,110)
r(295,2,2,110)
w(372,3,2,110)
w(37,3,2,110)
r(391,1,2,110)
w(197,2,2,110)
r(136,3,2,110)
w(32,4,2,110)
r(284,3,2,110)
w(20,2,2,110)
r(19,2,2,110)
w(401,2,2,110)
w(85,4,2,110)
w(342,2,2,110)
w(285,4,2,110)
r(312,5,2,110)
w(187,3,2,110)
w(260,4,3,111)
r(32,10,3,111)
r(274,2,3,111)
r(45,3,3,111)
w(362,4,3,111)
w(262,8,3,111)
r(419,5,3,111)
r(379,2,3,111)
r(232,5,3,111)
r(403,3,3,111)
w(13,8,3,111)
r(357,2,3,111)
w(67,8,3,111)
w(271,4,3,111)
r(138,4,3,111)
w(90,8,3,111)
w(149,5,3,111)
w(293,4,3,111)
w(149,9,3,111)
r(83,8,4,112)
r(198,6,4,112)
w(383,9,4,112)
w(253,3,4,112)
r(384,2,4,112)
r(209,2,4,112)
r(124,9,4,112)
w(320,8,4,112)
r(126,8,4,112)
w(73,4,4,112)
w(415,4,4,112)
r(57,2,4,112)
w(44,8,4,112)
r(46,3,4,112)
w(48,4,4,112)
r(206,1,4,112)
r(169,4,4,112)
w(390,4,4,112)
r(3,2,4,112)
w(120,4,4,112)
w(87,5,5,113)
r(297,3,5,113)
w(147,8,5,113)
r(34,4,5,113)
r(296,3,5,113)
r(406,3,5,113)
w(290,5,5,113)
r(112,2,5,113)
r(171,8,5,113)
w(241,3,5,113)
w(220,4,5,113)
r(35,8,5,113)
w(192,4,5,113)
r(404,4,5,113)
r(299,3,5,113)
r(328,4,5,113)
w(360,4,5,113)
r(43,9,5,113)
w(345,2,5,113)
r(290,5,5,113)
w(200,8,6,114)
w(105,3,6,114)
r(310,4,6,114)
w(214,8,6,114)
r(138,4,6,114)
w(222,6,6,114)
r(385,4,6,114)
r(258,3,6,114)
w(35,8,6,114)
w(402,7,6,114)
r(167,4,6,114)
w(260,7,6,114)
r(315,5,6,114)
r(197,4,6,114)
r(220,2,6,114)
r(251,2,6,114)
r(250,2,6,114)
w(22,10,6,114)
w(189,5,6,114)
w(267,10,6,114)
w(98,2,1,115)
w(405,2,1,115)
w(179,4,1,115)
w(109,2,1,115)
r(97,3,1,115)
w(284,3,1,115)
r(361,8,1,115)
w(404,4,1,115)
r(255,2,1,115)
w(4,2,1,115)
w(166,2,1,115)
r(116,2,1,115)
r(364,9,1,115)
w(96,2,1,115)
r(172,2,1,115)
r(368,2,1,115)
r(210,9,1,115)
w(332,4,1,115)
r(201,2,1,115)
r(88,4,1,115)
w(395,3,2,116)
r(37,3,2,116)
w(208,4,2,116)
r(295,2,2,116)
r(379,2,2,116)
r(35,8,2,116)
w(230,3,2,116)
w(110,2,2,116)
w(354,3,2,116)
w(14,3,2,116)
w(156,2,2,116)
w(181,3,2,116)
r(357,2,2,116)
w(34,2,2,116)
w(8,4,2,116)
w(321,3,2,116)
r(8,4,2,116)
r(249,4,2,116)
w(11,3,2,116)
w(92,2,2,116)
r(314,3,3,117)
w(318,2,3,117)
r(171,3,3,117)
w(276,3,3,117)
r(124,9,3,117)
r(95,8,3,117)
r(325,4,3,117)
w(11,4,3,117)
r(242,2,3,117)
w(164,2,3,117)
w(66,5,3,117)
r(269,9,3,117)
w(230,4,3,117)
w(78,8,3,117)
r(420,2,4,118)
w(222,5,4,118)
r(394,2,4,118)
r(204,8,4,118)
w(138,4,4,118)
w(41,8,4,118)
w(178,2,4,118)
w(416,3,4,118)
r(174,2,4,118)
r(30,2,4,118)
w(260,8,4,118)
r(350,3,4,118)
w(312,5,4,118)
w(147,3,4,118)
r(265,1,4,118)
w(155,4,4,118)
w(416,4,4,118)
r(254,4,4,118)
r(295,4,4,118)
r(238,8,4,118)
w(227,6,5,119)
r(148,9,5,119)
r(169,3,5,119)
w(159,8,5,119)
w(402,5,5,119)
r(189,5,5,119)
r(156,3,5,119)
w(54,7,5,119)
r(257,2,5,119)
r(62,2,5,119)
w(145,8,5,119)
r(266,4,5,119)
r(72,2,5,119)
w(263,4,5,119)
r(219,9,5,119)
w(17,9,5,119)
w(184,5,5,119)
r(162,3,5,119)
r(12,2,5,119)
w(123,5,5,119)
r(90,4,6,120)
r(236,5,6,120)
w(88,5,6,120)
r(327,1,6,120)
r(318,1,6,120)
w(185,4,6,120)
w(230,6,6,120)
w(201,4,6,120)
w(128,7,6,120)
r(289,4,6,120)
r(349,4,6,120)
r(84,3,6,120)
r(137,9,6,120)
w(113,5,6,120)
r(217,3,6,120)
w(94,9,6,120)
r(19,2,6,120)
w(149,14,6,120)
r(133,3,6,120)
r(365,3,6,120)
w(295,2,1,121)
w(126,3,1,121)
r(316,3,1,121)
w(160,3,1,121)
r(154,4,1,121)
w(52,2,1,121)
r(259,4,1,121)
r(254,4,1,121)
w(25,2,1,121)
r(218,8,1,121)
r(105,1,1,121)
r(411,8,1,121)
w(120,2,1,121)
w(334,3,1,121)
r(306,2,1,121)
r(160,3,1,121)
r(19,4,1,121)
w(336,3,1,121)
w(225,2,1,121)
r(207,3,1,121)
r(353,2,2,122)
r(412,3,2,122)
r(233,2,2,122)
w(160,4,2,122)
r(98,2,2,122)
w(243,8,2,122)
r(13,5,2,122)
r(179,5,2,122)
w(302,4,2,122)
r(27,5,2,122)
w(407,2,2,122)
r(257,2,2,122)
r(364,3,2,122)
r(80,2,2,122)
w(378,3,2,122)
w(149,3,2,122)
w(74,3,2,122)
r(229,5,2,122)
w(7,4,2,122)
w(18,4,2,122)
w(24,8,3,123)
r(87,9,3,123)
w(118,8,3,123)
w(58,3,3,123)
r(418,1,3,123)
r(230,5,3,123)
r(407,3,3,123)
r(62,2,3,123)
w(187,5,3,123)
w(149,7,3,123)
w(209,4,3,123)
r(133,3,3,123)
r(331,2,3,123)
w(283,3,3,123)
r(259,4,3,123)
r(256,9,3,123)
r(157,4,3,123)
w(412,3,3,123)
w(234,2,3,123)
w(54,4,3,123)
w(341,4,4,124)
w(308,2,4,124)
r(373,1,4,124)
r(177,2,4,124)
w(230,5,4,124)
w(254,8,4,124)
w(22,5,4,124)
r(164,4,4,124)
r(144,3,4,124)
r(225,2,4,124)
w(269,9,4,124)
r(417,2,4,124)
w(296,3,4,124)
r(243,3,4,124)
r(156,3,4,124)
r(276,9,4,124)
w(264,8,4,124)
w(199,8,4,124)
w(264,5,4,124)
w(1,4,4,124)
w(79,4,5,125)
r(300,2,5,125)
r(69,2,5,125)
r(156,2,5,125)
r(344,2,5,125)
w(268,2,5,125)
w(38,9,5,125)
r(246,3,5,125)
r(179,5,5,125)
r(255,2,5,125)
r(402,8,5,125)
r(396,5,5,125)
w(274,4,5,125)
w(335,3,5,125)
r(171,8,5,125)
r(67,4,5,125)
w(86,5,5,125)
r(94,9,5,125)
w(330,3,5,125)
w(212,4,5,125)
w(66,6,6,126)
w(19,9,6,126)
w(30,5,6,126)
w(9,4,6,126)
w(298,5,6,126)
r(141,2,6,126)
r(162,3,6,126)
w(272,10,6,126)
r(79,8,6,126)
r(341,4,6,126)
w(55,8,6,126)
r(413,2,6,126)
w(179,5,6,126)
r(94,9,6,126)
w(145,9,6,126)
r(224,1,6,126)
r(128,7,6,126)
w(180,8,6,126)
w(180,5,6,126)
w(6,7,6,126)
w(123,3,1,127)
r(123,3,1,127)
r(55,3,1,127)
r(349,4,1,127)
w(260,3,1,127)
r(112,2,1,127)
w(280,3,1,127)
r(155,4,1,127)
r(419,5,1,127)
r(182,6,1,127)
r(171,3,1,127)
r(146,4,1,127)
w(48,2,1,127)
w(299,3,1,127)
r(408,1,1,127)
w(6,2,1,127)
w(329,3,1,127)
r(286,4,1,127)
r(370,2,1,127)
r(344,1,1,127)
r(293,3,2,128)
w(202,4,2,128)
w(63,3,2,128)
w(69,3,2,128)
w(267,3,2,128)
w(41,2,2,128)
w(299,8,2,128)
w(189,3,2,128)
w(248,9,2,128)
r(161,3,2,128)
w(182,3,2,128)
r(401,2,2,128)
w(299,5,2,128)
r(125,9,2,128)
r(359,2,2,128)
r(319,3,2,128)
w(258,2,2,128)
r(91,2,2,128)
w(235,4,2,128)
r(401,2,2,128)
r(133,3,3,129)
w(8,5,3,129)
w(13,5,3,129)
w(107,4,3,129)
w(199,3,3,129)
r(307,5,3,129)
w(312,8,3,129)
r(374,8,3,129)
w(329,8,3,129)
r(286,3,3,129)
w(86,8,3,129)
r(115,4,3,129)
w(237,2,3,129)
w(110,3,3,129)
w(267,8,3,129)
r(117,2,3,129)
w(355,2,3,129)
w(380,4,3,129)
r(109,2,3,129)
r(140,2,3,129)
r(8,3,4,130)
w(266,4,4,130)
w(3,3,4,130)
w(206,2,4,130)
w(292,6,4,130)
r(58,6,4,130)
w(367,8,4,130)
r(200,8,4,130)
r(99,2,4,130)
r(378,8,4,130)
w(285,7,4,130)
r(180,4,4,130)
w(288,8,4,130)
r(265,1,4,130)
r(132,3,4,130)
w(169,3,4,130)
w(324,5,4,130)
r(119,3,4,130)
r(76,4,4,130)
r(397,4,4,130)
r(414,3,5,131)
w(341,8,5,131)
r(219,9,5,131)
w(71,6,5,131)
w(71,10,5,131)
r(94,9,5,131)
r(419,5,5,131)
w(291,3,5,131)
w(58,5,5,131)
r(37,3,5,131)
r(403,4,5,131)
w(48,5,5,131)
r(276,9,5,131)
r(126,3,5,131)
w(278,4,5,131)
w(379,8,5,131)
w(165,4,5,131)
w(282,8,5,131)
r(236,5,5,131)
w(30,8,5,131)
r(24,3,6,132)
w(154,8,6,132)
w(391,8,6,132)
w(155,5,6,132)
w(15,8,6,132)
r(231,3,6,132)
r(223,5,6,132)
w(385,8,6,132)
r(266,4,6,132)
r(309,8,6,132)
w(394,4,6,132)
r(100,8,6,132)
w(416,9,6,132)
r(287,2,6,132)
r(382,8,6,132)
w(137,7,6,132)
r(118,8,6,132)
r(70,4,6,132)
w(396,5,6,132)
r(272,10,6,132)
r(385,4,1,133)
w(213,4,1,133)
r(87,9,1,133)
w(146,2,1,133)
w(5,2,1,133)
r(216,8,1,133)
r(158,4,1,133)
w(19,2,1,133)
r(395,8,1,133)
w(344,2,1,133)
r(168,3,1,133)
w(324,2,1,133)
w(132,2,1,133)
r(246,3,1,133)
w(214,2,1,133)
r(419,5,1,133)
r(377,8,1,133)
r(340,4,1,133)
w(303,3,1,133)
r(51,9,1,133)
r(226,7,2,134)
w(188,3,2,134)
w(280,4,2,134)
w(100,3,2,134)
r(120,3,2,134)
r(127,8,2,134)
w(346,3,2,134)
w(90,3,2,134)
w(48,3,2,134)
r(364,3,2,134)
w(296,2,2,134)
w(344,3,2,134)
w(409,4,2,134)
w(67,3,2,134)
r(46,8,2,134)
w(6,4,2,134)
r(65,1,2,134)
r(246,3,2,134)
w(111,4,2,134)
w(88,3,2,134)
r(74,8,3,135)
r(136,3,3,135)
r(314,3,3,135)
w(54,8,3,135)
w(107,8,3,135)
w(205,4,3,135)
r(292,6,3,135)
w(199,4,3,135)
w(137,3,3,135)
r(324,2,3,135)
r(361,8,3,135)
r(368,2,3,135)
w(5,4,3,135)
r(193,8,3,135)
r(389,2,3,135)
r(133,3,3,135)
w(369,8,3,135)
r(111,8,3,135)
r(368,2,3,135)
r(245,2,3,135)
r(311,3,4,136)
r(104,2,4,136)
r(343,3,4,136)
w(376,4,4,136)
r(182,6,4,136)
w(409,7,4,136)
r(303,3,4,136)
r(50,1,4,136)
w(322,9,4,136)
r(204,4,4,136)
w(286,3,4,136)
w(51,3,4,136)
r(257,2,4,136)
r(337,8,4,136)
r(51,3,4,136)
r(123,3,4,136)
r(32,10,4,136)
w(139,3,4,136)
w(70,4,4,136)
r(315,4,4,136)
w(226,7,5,137)
r(371,4,5,137)
r(158,2,5,137)
r(232,5,5,137)
r(96,2,5,137)
r(90,4,5,137)
w(32,6,5,137)
w(38,7,5,137)
w(343,5,5,137)
w(130,9,5,137)
w(365,4,5,137)
r(119,3,5,137)
w(121,5,5,137)
r(328,4,5,137)
w(78,9,5,137)
r(212,4,5,137)
w(151,4,5,137)
w(262,9,5,137)
r(158,2,5,137)
r(180,5,5,137)
w(46,8,6,138)
w(273,5,6,138)
w(402,6,6,138)
r(111,8,6,138)
w(356,9,6,138)
r(352,2,6,138)
w(44,9,6,138)
w(244,3,6,138)
w(130,6,6,138)
r(306,2,6,138)
w(206,3,6,138)
r(349,4,6,138)
r(80,2,6,138)
w(154,5,6,138)
r(67,4,6,138)
w(93,3,6,138)
w(245,8,6,138)
r(72,2,6,138)
r(232,5,6,138)
w(5,5,6,138)
w(193,2,1,139)
r(185,4,1,139)
r(206,2,1,139)
w(245,2,1,139)
w(83,2,1,139)
r(78,5,1,139)
w(304,2,1,139)
w(24,3,1,139)
w(124,2,1,139)
r(175,4,1,139)
w(222,3,1,139)
w(166,3,1,139)
w(289,3,1,139)
r(305,3,1,139)
r(36,3,1,139)
w(40,3,1,139)
r(87,9,1,139)
r(196,7,1,139)
r(297,3,1,139)
w(310,3,1,139)
r(234,2,2,140)
r(253,3,2,140)
r(204,4,2,140)
r(400,2,2,140)
r(87,5,2,140)
w(102,3,2,140)
w(361,3,2,140)
r(288,8,2,140)
r(193,8,2,140)
r(314,3,2,140)
w(374,4,2,140)
w(269,4,2,140)
w(187,4,2,140)
r(371,4,2,140)
r(234,2,2,140)
w(160,8,2,140)
r(157,4,2,140)
r(217,3,2,140)
r(286,3,2,140)
w(186,3,2,140)
w(179,8,3,141)
w(265,2,3,141)
r(407,2,3,141)
r(103,3,3,141)
w(24,5,3,141)
w(381,2,3,141)
r(394,4,3,141)
w(387,4,3,141)
w(378,4,3,141)
w(229,3,3,141)
w(282,4,3,141)
r(402,6,3,141)
w(287,3,3,141)
r(142,2,3,141)
r(58,5,3,141)
w(167,3,3,141)
r(344,2,3,141)
w(411,4,3,141)
r(367,4,3,141)
w(379,3,3,141)
r(266,4,4,142)
w(216,4,4,142)
r(279,2,4,142)
w(307,3,4,142)
r(102,8,4,142)
r(42,4,4,142)
r(166,3,4,142)
r(119,3,4,142)
w(395,4,4,142)
r(259,4,4,142)
w(332,9,4,142)
r(209,4,4,142)
r(358,4,4,142)
r(286,3,4,142)
w(63,9,4,142)
r(340,4,4,142)
w(183,5,4,142)
w(193,8,4,142)
r(91,2,4,142)
w(261,8,4,142)
w(59,9,5,143)
r(95,3,5,143)
r(105,3,5,143)
w(233,8,5,143)
r(411,4,5,143)
w(61,4,5,143)
w(339,8,5,143)
w(54,6,5,143)
r(98,2,5,143)
w(352,5,5,143)
w(138,5,5,143)
w(104,8,5,143)
r(4,2,5,143)
w(370,4,5,143)
r(34,2,5,143)
w(315,7,5,143)
w(145,5,5,143)
r(234,3,5,143)
r(370,4,5,143)
w(307,4,5,143)
r(360,4,6,144)
w(273,9,6,144)
w(216,9,6,144)
w(365,8,6,144)
r(295,2,6,144)
w(304,9,6,144)
w(115,7,6,144)
r(295,2,6,144)
w(208,6,6,144)
r(268,2,6,144)
w(235,5,6,144)
r(78,9,6,144)
w(153,8,6,144)
r(118,8,6,144)
r(240,5,6,144)
r(16,5,6,144)
w(101,3,6,144)
r(258,2,6,144)
w(53,8,6,144)
r(367,4,6,144)
r(174,2,1,145)
w(86,3,1,145)
r(109,2,1,145)
w(347,3,1,145)
w(22,2,1,145)
r(114,4,1,145)
w(283,2,1,145)
w(248,4,1,145)
r(135,2,1,145)
w(79,2,1,145)
w(63,2,1,145)
w(367,4,1,145)
r(77,9,1,145)
w(364,3,1,145)
w(352,2,1,145)
r(55,8,1,145)
r(228,4,1,145)
w(158,2,1,145)
r(297,3,1,145)
r(66,6,1,145)
r(210,7,2,146)
w(210,2,2,146)
w(366,4,2,146)
r(382,8,2,146)
w(128,2,2,146)
r(339,3,2,146)
w(159,3,2,146)
w(401,3,2,146)
w(341,3,2,146)
w(418,2,2,146)
w(390,3,2,146)
r(112,2,2,146)
w(380,3,2,146)
r(130,2,2,146)
r(315,2,2,146)
w(402,3,2,146)
w(216,2,2,146)
r(152,4,2,146)
r(93,3,2,146)
r(283,2,2,146)
r(154,5,3,147)
r(413,2,3,147)
r(15,8,3,147)
r(325,4,3,147)
w(232,4,3,147)
r(191,3,3,147)
w(292,7,3,147)
w(250,3,3,147)
r(339,4,3,147)
w(285,5,3,147)
w(330,2,3,147)
w(185,3,3,147)
w(216,3,3,147)
w(270,2,3,147)
r(39,3,3,147)
r(170,2,3,147)
r(293,3,3,147)
r(271,5,3,147)
w(126,5,3,147)
r(377,8,3,147)
w(403,4,4,148)
r(272,10,4,148)
w(95,3,4,148)
r(187,3,4,148)
r(117,2,4,148)
r(117,2,4,148)
w(146,3,4,148)
w(249,3,4,148)
w(402,8,4,148)
r(295,2,4,148)
w(239,2,4,148)
w(188,10,4,148)
r(311,3,4,148)
r(200,8,4,148)
r(119,3,4,148)
r(233,2,4,148)
w(230,9,4,148)
w(371,4,4,148)
r(380,4,4,148)
w(147,4,4,148)
r(289,3,5,149)
w(216,5,5,149)
w(24,7,5,149)
r(325,2,5,149)
w(217,4,5,149)
w(321,8,5,149)
r(279,2,5,149)
r(230,9,5,149)
w(243,9,5,149)
w(287,4,5,149)
r(10,3,5,149)
r(79,4,5,149)
w(192,8,5,149)
r(320,8,5,149)
r(122,5,5,149)
w(13,7,5,149)
w(328,8,5,149)
r(314,3,5,149)
r(249,3,5,149)
r(72,2,5,149)
w(54,10,6,150)
w(260,6,6,150)
r(270,2,6,150)
w(412,8,6,150)
r(117,2,6,150)
r(293,3,6,150)
w(361,5,6,150)
r(325,2,6,150)
r(44,9,6,150)
r(260,6,6,150)
w(21,4,6,150)
r(402,3,6,150)
w(344,4,6,150)
w(106,8,6,150)
r(333,1,6,150)
r(91,2,6,150)
r(392,4,6,150)
w(189,9,6,150)
w(44,7,6,150)
w(359,8,6,150)
r(328,4,1,151)
r(103,3,1,151)
w(27,4,1,151)
w(340,2,1,151)
r(298,5,1,151)
r(346,5,1,151)
w(285,3,1,151)
r(1,4,1,151)
r(63,3,1,151)
w(24,4,1,151)
r(320,8,1,151)
w(165,3,1,151)
r(285,3,1,151)
w(90,2,1,151)
r(124,2,1,151)
r(139,3,1,151)
w(188,2,1,151)
r(312,8,1,151)
r(154,5,1,151)
r(249,3,1,151)
w(196,5,3,152)
w(373,2,3,152)
r(406,3,3,152)
w(204,2,3,152)
w(6,8,3,152)
r(301,3,3,152)
r(137,4,3,152)
w(339,3,3,152)
w(227,5,3,152)
r(205,4,3,152)
w(31,3,3,152)
w(188,4,3,152)
w(124,4,3,152)
r(377,8,3,152)
r(360,4,3,152)
w(234,3,3,152)
w(261,4,3,152)
r(261,4,3,152)
w(133,4,3,152)
w(419,4,3,152)
r(259,4,4,153)
r(388,2,4,153)
r(268,2,4,153)
w(64,3,4,153)
w(137,4,4,153)
w(125,9,4,153)
w(315,9,4,153)
w(174,4,4,153)
w(148,4,4,153)
r(358,4,4,153)
r(371,4,4,153)
w(260,5,4,153)
w(187,7,4,153)
w(409,6,4,153)
w(237,3,4,153)
w(48,8,4,153)
w(84,4,4,153)
r(156,2,4,153)
w(28,3,4,153)
r(1,4,4,153)
r(350,4,6,154)
r(376,4,6,154)
w(74,5,6,154)
w(133,8,6,154)
r(305,3,6,154)
w(217,8,6,154)
r(43,9,6,154)
r(132,2,6,154)
r(21,4,6,154)
w(198,11,6,154)
r(180,5,6,154)
r(199,4,6,154)
w(243,6,6,154)
w(110,5,6,154)
w(164,5,6,154)
r(179,8,6,154)
r(286,3,6,154)
w(170,4,6,154)
w(195,9,6,154)
r(243,6,6,154)
r(213,4,1,155)
w(236,4,1,155)
r(410,2,1,155)
r(403,4,1,155)
r(220,4,1,155)
r(326,2,1,155)
w(315,2,1,155)
r(260,5,1,155)
r(156,2,1,155)
w(167,2,1,155)
w(39,4,1,155)
r(218,8,1,155)
w(130,2,1,155)
r(179,8,1,155)
w(302,3,1,155)
r(243,8,1,155)
w(25,3,1,155)
r(268,2,1,155)
w(325,2,1,155)
r(296,2,1,155)
w(420,5,3,156)
r(46,8,3,156)
r(81,8,3,156)
w(118,5,3,156)
w(21,3,3,156)
r(291,3,3,156)
r(341,3,3,156)
r(6,8,3,156)
r(231,3,3,156)
w(212,3,3,156)
w(347,8,3,156)
r(375,2,3,156)
r(39,4,3,156)
r(187,4,3,156)
r(216,2,3,156)
w(11,8,3,156)
r(364,3,3,156)
r(329,8,3,156)
w(257,8,3,156)
w(58,4,3,156)
w(71,11,6,157)
w(204,5,6,157)
w(112,4,6,157)
w(17,7,6,157)
w(285,10,6,157)
r(194,4,6,157)
r(127,8,6,157)
w(87,6,6,157)
w(252,4,6,157)
r(90,3,6,157)
r(387,4,6,157)
w(336,5,6,157)
r(212,3,6,157)
w(30,9,6,157)
r(212,3,6,157)
r(244,3,6,157)
w(362,9,6,157)
w(346,9,6,157)
r(397,4,6,157)
r(100,3,6,157)
