w(1,1,0,0)
w(2,1,0,0)
w(3,1,0,0)
w(4,1,0,0)
w(5,1,0,0)
w(6,1,0,0)
w(7,1,0,0)
w(8,1,0,0)
w(9,1,0,0)
w(10,1,0,0)
w(11,1,0,0)
w(12,1,0,0)
w(13,1,0,0)
w(14,1,0,0)
w(15,1,0,0)
w(16,1,0,0)
w(17,1,0,0)
w(18,1,0,0)
w(19,1,0,0)
w(20,1,0,0)
w(21,1,0,0)
w(22,1,0,0)
w(23,1,0,0)
w(24,1,0,0)
w(25,1,0,0)
w(26,1,0,0)
w(27,1,0,0)
w(28,1,0,0)
w(29,1,0,0)
w(30,1,0,0)
w(31,1,0,0)
w(32,1,0,0)
w(33,1,0,0)
w(34,1,0,0)
w(35,1,0,0)
w(36,1,0,0)
w(37,1,0,0)
w(38,1,0,0)
w(39,1,0,0)
w(40,1,0,0)
w(41,1,0,0)
w(42,1,0,0)
w(43,1,0,0)
w(44,1,0,0)
w(45,1,0,0)
w(46,1,0,0)
w(47,1,0,0)
w(48,1,0,0)
w(49,1,0,0)
w(50,1,0,0)
w(51,1,0,0)
w(52,1,0,0)
w(53,1,0,0)
w(54,1,0,0)
w(55,1,0,0)
w(56,1,0,0)
w(57,1,0,0)
w(58,1,0,0)
w(59,1,0,0)
w(60,1,0,0)
w(61,1,0,0)
w(62,1,0,0)
w(63,1,0,0)
w(64,1,0,0)
w(65,1,0,0)
w(66,1,0,0)
w(67,1,0,0)
w(68,1,0,0)
w(69,1,0,0)
w(70,1,0,0)
w(71,1,0,0)
w(72,1,0,0)
w(73,1,0,0)
w(74,1,0,0)
w(75,1,0,0)
w(76,1,0,0)
w(77,1,0,0)
w(78,1,0,0)
w(79,1,0,0)
w(80,1,0,0)
w(81,1,0,0)
w(82,1,0,0)
w(83,1,0,0)
w(84,1,0,0)
w(85,1,0,0)
w(86,1,0,0)
w(87,1,0,0)
w(88,1,0,0)
w(89,1,0,0)
w(90,1,0,0)
w(91,1,0,0)
w(92,1,0,0)
w(93,1,0,0)
w(94,1,0,0)
w(95,1,0,0)
w(96,1,0,0)
w(97,1,0,0)
w(98,1,0,0)
w(99,1,0,0)
w(100,1,0,0)
w(101,1,0,0)
w(102,1,0,0)
w(103,1,0,0)
w(104,1,0,0)
w(105,1,0,0)
w(106,1,0,0)
w(107,1,0,0)
w(108,1,0,0)
w(109,1,0,0)
w(110,1,0,0)
w(111,1,0,0)
w(112,1,0,0)
w(113,1,0,0)
w(114,1,0,0)
w(115,1,0,0)
w(116,1,0,0)
w(117,1,0,0)
w(118,1,0,0)
w(119,1,0,0)
w(120,1,0,0)
w(121,1,0,0)
w(122,1,0,0)
w(123,1,0,0)
w(124,1,0,0)
w(125,1,0,0)
w(126,1,0,0)
w(127,1,0,0)
w(128,1,0,0)
w(129,1,0,0)
w(130,1,0,0)
w(131,1,0,0)
w(132,1,0,0)
w(133,1,0,0)
w(134,1,0,0)
w(135,1,0,0)
w(136,1,0,0)
w(137,1,0,0)
w(138,1,0,0)
w(139,1,0,0)
w(140,1,0,0)
w(141,1,0,0)
w(142,1,0,0)
w(143,1,0,0)
w(144,1,0,0)
w(145,1,0,0)
w(146,1,0,0)
w(147,1,0,0)
w(148,1,0,0)
w(149,1,0,0)
w(150,1,0,0)
w(151,1,0,0)
w(152,1,0,0)
w(153,1,0,0)
w(154,1,0,0)
w(155,1,0,0)
w(156,1,0,0)
w(157,1,0,0)
w(158,1,0,0)
w(159,1,0,0)
w(160,1,0,0)
w(161,1,0,0)
w(162,1,0,0)
w(163,1,0,0)
w(164,1,0,0)
w(165,1,0,0)
w(166,1,0,0)
w(167,1,0,0)
w(168,1,0,0)
w(169,1,0,0)
w(170,1,0,0)
w(171,1,0,0)
w(172,1,0,0)
w(173,1,0,0)
w(174,1,0,0)
w(175,1,0,0)
w(176,1,0,0)
w(177,1,0,0)
w(178,1,0,0)
w(179,1,0,0)
w(180,1,0,0)
w(181,1,0,0)
w(182,1,0,0)
w(183,1,0,0)
w(184,1,0,0)
w(185,1,0,0)
w(186,1,0,0)
w(187,1,0,0)
w(188,1,0,0)
w(189,1,0,0)
w(190,1,0,0)
w(191,1,0,0)
w(192,1,0,0)
w(193,1,0,0)
w(194,1,0,0)
w(195,1,0,0)
w(196,1,0,0)
w(197,1,0,0)
w(198,1,0,0)
w(199,1,0,0)
w(200,1,0,0)
w(201,1,0,0)
w(202,1,0,0)
w(203,1,0,0)
w(204,1,0,0)
w(205,1,0,0)
w(206,1,0,0)
w(207,1,0,0)
w(208,1,0,0)
w(209,1,0,0)
w(210,1,0,0)
w(211,1,0,0)
w(212,1,0,0)
w(213,1,0,0)
w(214,1,0,0)
w(215,1,0,0)
w(216,1,0,0)
w(217,1,0,0)
w(218,1,0,0)
w(219,1,0,0)
w(220,1,0,0)
w(221,1,0,0)
w(222,1,0,0)
w(223,1,0,0)
w(224,1,0,0)
w(225,1,0,0)
w(226,1,0,0)
w(227,1,0,0)
w(228,1,0,0)
w(229,1,0,0)
w(230,1,0,0)
w(231,1,0,0)
w(232,1,0,0)
w(233,1,0,0)
w(234,1,0,0)
w(235,1,0,0)
w(236,1,0,0)
w(237,1,0,0)
w(238,1,0,0)
w(239,1,0,0)
w(240,1,0,0)
w(241,1,0,0)
w(242,1,0,0)
w(243,1,0,0)
w(244,1,0,0)
w(245,1,0,0)
w(246,1,0,0)
w(247,1,0,0)
w(248,1,0,0)
w(249,1,0,0)
w(250,1,0,0)
w(251,1,0,0)
w(252,1,0,0)
w(253,1,0,0)
w(254,1,0,0)
w(255,1,0,0)
w(256,1,0,0)
w(257,1,0,0)
w(258,1,0,0)
w(259,1,0,0)
w(260,1,0,0)
w(261,1,0,0)
w(262,1,0,0)
w(263,1,0,0)
w(264,1,0,0)
w(265,1,0,0)
w(266,1,0,0)
w(267,1,0,0)
w(268,1,0,0)
w(269,1,0,0)
w(270,1,0,0)
w(271,1,0,0)
w(272,1,0,0)
w(273,1,0,0)
w(274,1,0,0)
w(275,1,0,0)
w(276,1,0,0)
w(277,1,0,0)
w(278,1,0,0)
w(279,1,0,0)
w(280,1,0,0)
w(281,1,0,0)
w(282,1,0,0)
w(283,1,0,0)
w(284,1,0,0)
w(285,1,0,0)
w(286,1,0,0)
w(287,1,0,0)
w(288,1,0,0)
w(289,1,0,0)
w(290,1,0,0)
w(291,1,0,0)
w(292,1,0,0)
w(293,1,0,0)
w(294,1,0,0)
w(295,1,0,0)
w(296,1,0,0)
w(297,1,0,0)
w(298,1,0,0)
w(299,1,0,0)
w(300,1,0,0)
w(301,1,0,0)
w(302,1,0,0)
w(303,1,0,0)
w(304,1,0,0)
w(305,1,0,0)
w(306,1,0,0)
w(307,1,0,0)
w(308,1,0,0)
w(309,1,0,0)
w(310,1,0,0)
w(311,1,0,0)
w(312,1,0,0)
w(313,1,0,0)
w(314,1,0,0)
w(315,1,0,0)
w(316,1,0,0)
w(317,1,0,0)
w(318,1,0,0)
w(319,1,0,0)
w(320,1,0,0)
w(321,1,0,0)
w(322,1,0,0)
w(323,1,0,0)
w(324,1,0,0)
w(325,1,0,0)
w(326,1,0,0)
w(327,1,0,0)
w(328,1,0,0)
w(329,1,0,0)
w(330,1,0,0)
w(331,1,0,0)
w(332,1,0,0)
w(333,1,0,0)
w(334,1,0,0)
w(335,1,0,0)
w(336,1,0,0)
w(337,1,0,0)
w(338,1,0,0)
w(339,1,0,0)
w(340,1,0,0)
w(341,1,0,0)
w(342,1,0,0)
w(343,1,0,0)
w(344,1,0,0)
w(345,1,0,0)
w(346,1,0,0)
w(347,1,0,0)
w(348,1,0,0)
w(349,1,0,0)
w(350,1,0,0)
w(351,1,0,0)
w(352,1,0,0)
w(353,1,0,0)
w(354,1,0,0)
w(355,1,0,0)
w(356,1,0,0)
w(357,1,0,0)
w(358,1,0,0)
w(359,1,0,0)
w(360,1,0,0)
r(17,1,1,1)
r(109,1,1,1)
w(74,2,1,1)
r(189,1,1,1)
r(321,1,1,1)
r(328,1,1,1)
w(350,2,1,1)
w(252,2,1,1)
w(109,2,1,1)
r(85,1,1,1)
r(74,2,1,1)
w(26,2,1,1)
w(242,2,1,1)
w(247,2,1,1)
r(285,1,1,1)
r(59,1,1,1)
r(238,1,1,1)
r(266,1,1,1)
r(243,1,1,1)
r(306,1,1,1)
w(334,2,1,1)
r(55,1,1,1)
r(42,1,1,1)
w(171,2,1,1)
w(296,2,1,1)
w(24,2,1,1)
w(216,3,1,1)
r(205,1,1,1)
r(41,1,1,1)
w(147,2,1,1)
w(36,2,2,2)
w(34,3,2,2)
r(195,1,2,2)
r(59,1,2,2)
r(162,1,2,2)
w(178,2,2,2)
r(43,1,2,2)
w(102,3,2,2)
w(193,3,2,2)
w(300,2,2,2)
r(131,1,2,2)
w(316,5,2,2)
r(317,1,2,2)
w(239,2,2,2)
w(223,5,2,2)
w(179,2,2,2)
w(328,3,2,2)
w(109,3,2,2)
w(120,7,2,2)
w(257,3,2,2)
r(320,1,2,2)
w(4,3,2,2)
r(18,1,2,2)
w(148,3,2,2)
r(186,1,3,3)
r(355,1,3,3)
w(38,2,3,3)
w(208,3,3,3)
w(87,3,3,3)
w(139,9,3,3)
r(305,1,3,3)
w(278,2,3,3)
r(137,3,3,3)
r(104,11,3,3)
r(64,1,3,3)
w(13,5,3,3)
r(94,1,4,4)
r(261,1,4,4)
r(355,1,4,4)
r(267,1,4,4)
w(29,9,4,4)
r(89,1,4,4)
r(277,1,4,4)
w(76,3,4,4)
r(87,1,4,4)
w(53,10,4,4)
r(66,1,4,4)
w(118,10,4,4)
r(14,1,4,4)
w(144,9,4,4)
w(351,3,4,4)
r(355,1,4,4)
r(95,1,4,4)
w(156,5,4,4)
w(26,10,4,4)
r(296,1,4,4)
w(356,7,4,4)
w(245,9,4,4)
r(186,1,4,4)
r(357,1,4,4)
r(46,1,4,4)
r(120,1,4,4)
w(299,9,4,4)
r(328,1,4,4)
w(283,8,4,4)
r(123,1,4,4)
r(301,1,5,5)
r(355,1,5,5)
r(4,1,5,5)
w(234,5,5,5)
r(261,1,5,5)
w(255,13,5,5)
w(39,3,5,5)
w(187,9,5,5)
w(74,11,5,5)
w(176,8,5,5)
r(275,1,5,5)
r(63,1,5,5)
w(256,7,5,5)
w(52,10,5,5)
r(229,1,5,5)
w(63,8,5,5)
w(13,7,5,5)
r(290,1,5,5)
w(227,9,5,5)
r(42,1,5,5)
r(191,1,5,5)
w(53,12,5,5)
r(175,1,6,6)
r(167,1,6,6)
w(235,8,6,6)
r(72,1,6,6)
r(77,1,6,6)
r(266,1,6,6)
r(69,1,6,6)
w(353,6,6,6)
r(128,1,6,6)
r(187,1,6,6)
w(26,13,6,6)
w(322,11,6,6)
w(345,7,6,6)
w(271,9,6,6)
r(45,1,6,6)
w(12,10,6,6)
r(254,1,6,6)
r(314,1,6,6)
w(88,9,6,6)
r(258,1,6,6)
r(297,1,6,6)
w(191,10,6,6)
r(202,1,6,6)
r(65,1,6,6)
w(224,2,1,7)
r(293,1,1,7)
w(136,2,1,7)
w(90,2,1,7)
r(164,1,1,7)
r(3,1,1,7)
r(7,1,1,7)
w(317,2,1,7)
w(167,2,1,7)
r(324,1,1,7)
r(192,1,1,7)
w(326,2,1,7)
w(309,2,1,7)
r(106,1,1,7)
r(171,2,1,7)
w(322,2,1,7)
w(268,2,1,7)
r(213,1,1,7)
r(276,1,1,7)
r(82,1,1,7)
w(196,2,1,7)
r(56,4,1,7)
r(97,1,1,7)
r(162,5,1,7)
w(75,2,1,7)
w(275,2,1,7)
w(190,2,1,7)
r(153,1,1,7)
w(237,2,1,7)
w(44,2,1,7)
r(336,1,2,8)
w(61,3,2,8)
w(207,5,2,8)
w(347,7,2,8)
w(108,2,2,8)
r(340,1,2,8)
r(321,1,2,8)
r(353,1,2,8)
w(35,2,2,8)
r(17,1,2,8)
w(306,3,2,8)
w(349,9,2,8)
w(212,2,2,8)
r(241,1,2,8)
r(132,1,2,8)
r(52,1,2,8)
w(107,3,2,8)
w(335,5,2,8)
w(78,2,2,8)
w(220,2,3,9)
w(58,2,3,9)
w(47,2,3,9)
r(230,1,3,9)
w(283,9,3,9)
r(208,1,3,9)
w(251,7,3,9)
r(277,1,3,9)
w(199,3,3,9)
w(152,5,3,9)
w(210,7,3,9)
w(304,3,3,9)
r(116,1,3,9)
w(346,5,3,9)
w(317,8,3,9)
w(212,3,3,9)
r(331,1,3,9)
w(274,5,3,9)
r(252,2,3,9)
r(126,1,4,10)
w(180,10,4,10)
w(102,7,4,10)
w(72,7,4,10)
w(44,7,4,10)
w(252,9,4,10)
w(140,5,4,10)
r(184,1,4,10)
w(143,7,4,10)
r(255,1,4,10)
w(162,3,4,10)
w(16,7,4,10)
r(208,1,4,10)
r(198,1,4,10)
r(39,1,4,10)
w(81,9,4,10)
r(340,1,4,10)
w(125,7,4,10)
r(164,1,4,10)
w(162,5,4,10)
r(115,1,4,10)
w(344,9,4,10)
r(210,1,4,10)
r(240,1,4,10)
r(325,1,4,10)
r(273,1,4,10)
r(211,1,4,10)
r(225,1,4,10)
w(108,8,4,10)
w(148,9,4,10)
w(134,2,5,11)
w(267,8,5,11)
r(153,1,5,11)
r(312,3,5,11)
w(348,11,5,11)
w(101,12,5,11)
w(221,5,5,11)
r(212,12,5,11)
r(31,1,5,11)
r(206,1,5,11)
w(139,11,5,11)
r(167,2,5,11)
w(64,8,5,11)
r(110,1,5,11)
w(147,12,5,11)
w(129,8,5,11)
w(205,9,5,11)
r(69,1,5,11)
w(50,10,5,11)
w(21,5,5,11)
w(168,10,5,11)
w(275,11,5,11)
r(170,11,5,11)
r(249,1,5,11)
r(17,1,5,11)
r(113,1,5,11)
r(215,1,5,11)
w(204,12,5,11)
w(294,3,5,11)
w(1,10,5,11)
w(227,11,6,12)
w(224,13,6,12)
w(165,10,6,12)
r(189,1,6,12)
w(59,7,6,12)
r(245,9,6,12)
r(1,1,6,12)
r(354,1,6,12)
w(289,8,6,12)
w(338,6,6,12)
w(264,12,6,12)
r(211,1,6,12)
w(57,11,6,12)
r(260,1,6,12)
w(306,11,6,12)
r(49,1,6,12)
r(192,1,6,12)
r(312,3,6,12)
r(112,3,6,12)
w(36,10,6,12)
w(27,7,6,12)
w(104,11,6,12)
w(125,13,6,12)
w(170,11,6,12)
w(56,4,6,12)
w(72,10,6,12)
r(73,1,6,12)
w(212,12,6,12)
w(202,13,6,12)
w(114,13,6,12)
r(255,1,1,13)
r(338,6,1,13)
w(92,2,1,13)
r(20,1,1,13)
w(130,2,1,13)
r(354,1,1,13)
r(55,1,1,13)
r(308,1,1,13)
r(21,5,1,13)
w(86,2,1,13)
r(68,1,1,13)
w(84,2,1,13)
r(342,1,1,13)
r(337,1,1,13)
w(129,2,1,13)
r(60,1,1,13)
r(356,7,1,13)
r(29,8,1,13)
w(350,3,1,13)
w(182,3,1,13)
w(15,2,1,13)
r(203,1,1,13)
w(279,2,1,13)
r(256,1,1,13)
w(349,2,1,13)
w(272,2,1,13)
r(191,1,1,13)
r(95,1,1,13)
w(211,2,1,13)
r(74,2,1,13)
w(267,7,2,14)
w(236,2,2,14)
w(133,2,2,14)
w(51,3,2,14)
w(335,7,2,14)
w(281,3,2,14)
w(272,3,2,14)
w(112,3,2,14)
r(302,1,2,14)
r(113,1,2,14)
w(137,3,2,14)
w(312,3,2,14)
r(252,9,2,14)
w(295,9,2,14)
r(215,1,2,14)
w(25,5,2,14)
r(212,1,2,14)
w(147,3,2,14)
w(61,5,2,14)
r(292,1,2,14)
r(351,3,2,14)
w(53,5,2,14)
w(157,3,2,14)
w(121,2,2,14)
w(349,10,2,14)
w(332,5,2,14)
r(92,1,2,14)
r(275,1,2,14)
r(37,1,2,14)
r(5,1,2,14)
r(346,1,3,15)
w(1,5,3,15)
r(125,13,3,15)
w(25,10,3,15)
w(147,7,3,15)
r(202,3,3,15)
r(114,6,3,15)
r(66,12,3,15)
w(58,3,3,15)
r(111,1,3,15)
w(299,5,3,15)
w(309,10,3,15)
w(79,3,3,15)
w(224,3,3,15)
w(195,9,3,15)
w(299,7,3,15)
w(155,3,3,15)
r(280,1,3,15)
w(115,9,3,15)
w(166,9,3,15)
w(353,9,3,15)
w(73,11,4,16)
r(273,1,4,16)
w(82,12,4,16)
w(112,12,4,16)
r(21,5,4,16)
w(146,7,4,16)
w(77,8,4,16)
r(244,1,4,16)
r(263,10,4,16)
w(208,7,4,16)
r(36,10,4,16)
r(358,1,4,16)
w(65,5,4,16)
r(192,1,4,16)
w(2,9,4,16)
w(67,5,4,16)
w(345,2,4,16)
w(185,7,4,16)
r(359,1,4,16)
w(322,10,4,16)
r(69,1,4,16)
r(28,11,4,16)
w(323,3,4,16)
r(12,1,4,16)
w(119,9,4,16)
w(262,7,4,16)
w(335,8,4,16)
w(308,7,4,16)
r(23,1,4,16)
r(126,1,4,16)
w(336,8,5,17)
w(278,7,5,17)
r(245,9,5,17)
w(219,7,5,17)
r(145,1,5,17)
w(31,10,5,17)
w(329,8,5,17)
r(203,1,5,17)
w(53,11,5,17)
r(187,1,5,17)
r(218,1,5,17)
w(136,10,5,17)
w(246,9,5,17)
r(339,1,5,17)
r(20,1,5,17)
w(122,5,5,17)
r(121,2,5,17)
w(87,10,5,17)
r(83,1,5,17)
w(326,9,5,17)
w(302,10,5,17)
r(145,1,5,17)
r(119,1,5,17)
r(325,1,5,17)
r(75,12,5,17)
r(167,2,5,17)
r(84,2,5,17)
r(103,1,5,17)
r(148,9,5,17)
w(171,7,5,17)
r(323,1,6,18)
r(337,1,6,18)
w(67,9,6,18)
w(158,12,6,18)
r(66,1,6,18)
r(216,3,6,18)
w(112,13,6,18)
r(307,1,6,18)
r(160,1,6,18)
r(11,1,6,18)
r(336,1,6,18)
r(328,1,6,18)
w(62,11,6,18)
r(5,1,6,18)
w(196,8,6,18)
w(205,10,6,18)
r(260,1,6,18)
w(154,8,6,18)
w(75,12,6,18)
w(182,13,6,18)
r(313,1,6,18)
r(232,1,6,18)
r(323,1,6,18)
r(20,1,6,18)
w(65,8,6,18)
w(173,11,6,18)
r(196,8,6,18)
r(55,1,6,18)
w(44,8,6,18)
w(29,8,6,18)
r(119,1,1,19)
r(213,1,1,19)
r(98,1,1,19)
w(279,3,1,19)
r(326,9,1,19)
w(2,2,1,19)
w(311,2,1,19)
r(59,7,1,19)
w(191,2,1,19)
w(324,2,1,19)
r(235,1,1,19)
r(89,1,1,19)
w(329,2,1,19)
w(185,2,1,19)
w(266,2,1,19)
r(245,9,1,19)
r(1,10,1,19)
r(197,1,1,19)
r(278,7,1,19)
r(26,2,1,19)
r(62,11,1,19)
r(242,2,1,19)
w(102,2,1,19)
r(301,1,1,19)
w(225,2,1,19)
r(58,1,1,19)
w(204,2,1,19)
r(320,1,1,19)
r(237,2,1,19)
w(85,2,1,19)
r(135,1,2,20)
w(240,3,2,20)
w(243,3,2,20)
w(341,5,2,20)
r(26,2,2,20)
w(253,2,2,20)
r(125,13,2,20)
r(74,2,2,20)
w(97,7,2,20)
r(138,1,2,20)
w(333,3,2,20)
w(213,3,2,20)
r(65,8,2,20)
w(29,3,2,20)
r(320,1,2,20)
r(74,2,2,20)
r(304,1,2,20)
r(12,1,2,20)
w(131,2,2,20)
w(158,2,2,20)
w(255,5,2,20)
r(230,1,2,20)
w(346,2,2,20)
w(136,7,2,20)
w(174,5,2,20)
w(74,3,2,20)
r(227,11,2,20)
w(318,5,2,20)
r(317,2,3,21)
r(273,5,3,21)
r(226,1,3,21)
r(195,11,3,21)
r(68,2,3,21)
r(354,1,3,21)
r(156,5,3,21)
w(255,7,3,21)
r(186,1,3,21)
w(210,9,3,21)
w(117,11,3,21)
r(334,2,3,21)
w(241,3,3,21)
w(328,7,3,21)
w(75,10,3,21)
r(355,1,3,21)
w(240,7,3,21)
w(289,5,3,21)
r(247,2,3,21)
r(87,10,3,21)
r(288,1,3,21)
w(60,3,3,21)
w(105,7,3,21)
r(264,12,3,21)
r(8,1,3,21)
r(91,2,3,21)
w(126,5,3,21)
r(301,1,3,21)
w(237,10,3,21)
w(319,2,3,21)
w(53,8,4,22)
w(133,9,4,22)
r(45,1,4,22)
w(49,5,4,22)
r(325,2,4,22)
w(287,13,4,22)
w(50,9,4,22)
w(107,9,4,22)
r(39,1,4,22)
r(67,7,4,22)
w(156,7,4,22)
r(333,8,4,22)
w(142,3,4,22)
w(242,10,4,22)
w(191,9,5,23)
r(271,1,5,23)
r(128,1,5,23)
r(231,1,5,23)
r(271,1,5,23)
w(25,11,5,23)
w(340,2,5,23)
r(188,1,5,23)
r(120,1,5,23)
w(12,9,5,23)
w(125,8,5,23)
w(286,10,5,23)
w(280,10,5,23)
r(105,9,5,23)
w(39,5,5,23)
w(6,9,5,23)
r(160,1,5,23)
r(244,1,5,23)
r(71,1,5,23)
r(223,1,5,23)
r(360,1,5,23)
w(273,8,5,23)
r(144,9,5,23)
w(351,9,5,23)
r(60,1,6,24)
w(73,14,6,24)
w(195,11,6,24)
r(336,1,6,24)
r(120,1,6,24)
w(140,9,6,24)
r(313,1,6,24)
r(293,1,6,24)
w(266,10,6,24)
w(104,13,6,24)
w(258,10,6,24)
w(263,10,6,24)
r(287,1,6,24)
r(45,1,6,24)
w(239,8,6,24)
r(255,1,6,24)
w(230,11,6,24)
r(284,1,6,24)
r(44,8,6,24)
w(114,6,6,24)
r(32,1,6,24)
r(68,1,6,24)
w(259,12,6,24)
w(220,10,6,24)
r(171,2,6,24)
w(105,9,6,24)
w(48,11,6,24)
r(314,1,6,24)
r(204,12,6,24)
w(28,11,6,24)
r(287,1,1,25)
w(174,2,1,25)
r(313,1,1,25)
r(309,2,1,25)
r(12,1,1,25)
r(316,1,1,25)
r(138,1,1,25)
r(154,8,1,25)
w(274,2,1,25)
r(36,10,1,25)
r(270,1,1,25)
r(334,2,1,25)
w(157,2,1,25)
w(312,2,1,25)
r(129,2,1,25)
r(270,1,1,25)
r(212,12,1,25)
r(55,1,1,25)
r(110,1,1,25)
w(53,3,1,25)
w(352,2,1,25)
r(110,1,1,25)
w(258,2,1,25)
r(115,1,1,25)
w(117,7,2,26)
r(111,1,2,26)
r(202,13,2,26)
r(87,10,2,26)
r(326,9,2,26)
r(302,10,2,26)
r(281,3,2,26)
r(74,2,2,26)
w(243,5,2,26)
r(112,12,2,26)
r(232,1,2,26)
r(182,3,2,26)
w(308,2,2,26)
r(117,7,2,26)
r(110,1,2,26)
w(202,3,2,26)
r(51,3,2,26)
w(210,3,2,26)
r(223,1,2,26)
w(112,5,2,26)
r(359,1,2,26)
w(68,2,2,26)
w(349,8,2,26)
r(10,1,2,26)
w(296,3,2,26)
w(101,2,2,26)
r(154,8,2,26)
w(330,3,2,26)
r(178,1,2,26)
w(194,5,2,26)
r(33,1,3,27)
w(353,10,3,27)
r(253,1,3,27)
w(352,9,3,27)
w(82,10,3,27)
r(62,11,3,27)
r(268,2,3,27)
w(296,9,3,27)
r(47,1,3,27)
w(63,7,3,27)
w(338,12,3,27)
r(32,1,3,27)
w(198,5,3,27)
w(247,9,3,27)
r(350,6,3,27)
w(155,5,3,27)
w(22,3,3,27)
w(103,5,3,27)
r(74,6,3,27)
w(130,9,3,27)
r(75,10,3,27)
w(78,3,3,27)
r(208,12,3,27)
r(343,1,3,27)
r(107,1,3,27)
r(340,1,3,27)
r(55,1,3,27)
w(19,7,3,27)
w(147,9,3,27)
w(315,3,3,27)
w(234,3,4,28)
r(149,1,4,28)
w(86,7,4,28)
r(330,3,4,28)
w(225,10,4,28)
w(197,9,4,28)
r(40,1,4,28)
r(98,9,4,28)
w(305,10,4,28)
w(149,5,4,28)
r(342,1,4,28)
r(151,1,4,28)
w(217,3,4,28)
w(24,7,4,28)
r(135,1,5,29)
r(249,1,5,29)
w(238,7,5,29)
r(266,2,5,29)
r(81,12,5,29)
r(117,7,5,29)
r(328,1,5,29)
r(108,8,5,29)
r(209,1,5,29)
r(136,10,5,29)
w(214,12,5,29)
w(142,7,5,29)
r(35,1,5,29)
w(65,9,5,29)
w(11,8,5,29)
w(329,12,5,29)
w(169,10,5,29)
w(240,12,5,29)
w(4,7,5,29)
w(23,9,5,29)
r(196,8,5,29)
r(52,1,5,29)
r(275,11,5,29)
r(185,7,5,29)
w(74,6,5,29)
r(342,1,5,29)
r(289,8,5,29)
w(171,9,5,29)
w(333,8,5,29)
r(27,7,5,29)
w(271,10,6,30)
r(347,1,6,30)
r(201,1,6,30)
r(258,10,6,30)
r(85,2,6,30)
w(208,12,6,30)
w(215,10,6,30)
w(164,10,6,30)
w(274,10,6,30)
w(53,14,6,30)
w(126,10,6,30)
r(289,8,6,30)
r(73,11,6,30)
w(339,10,6,30)
r(186,1,6,30)
w(278,9,6,30)
w(345,9,6,30)
w(166,4,6,30)
r(101,2,6,30)
r(49,1,6,30)
w(192,12,6,30)
r(100,1,6,30)
w(66,12,6,30)
r(280,1,6,30)
r(142,1,6,30)
r(320,1,6,30)
r(49,1,6,30)
r(313,1,6,30)
w(283,12,6,30)
w(24,10,6,30)
w(19,3,1,31)
r(129,11,1,31)
w(136,3,1,31)
r(293,1,1,31)
w(123,2,1,31)
r(358,1,1,31)
r(147,12,1,31)
w(238,2,1,31)
r(44,8,1,31)
w(332,2,1,31)
r(146,7,1,31)
r(197,1,1,31)
w(223,2,1,31)
r(92,2,1,31)
w(331,2,1,31)
w(168,2,1,31)
r(157,3,1,31)
w(80,2,1,31)
w(273,2,1,31)
w(341,2,1,31)
w(5,2,1,31)
w(54,2,1,31)
r(212,12,1,31)
r(56,4,1,31)
w(267,2,1,31)
r(174,1,1,31)
w(241,2,1,31)
r(158,12,1,31)
r(157,3,1,31)
r(11,8,1,31)
r(250,1,2,32)
w(310,2,2,32)
r(101,2,2,32)
w(302,2,2,32)
r(57,11,2,32)
w(48,3,2,32)
w(144,5,2,32)
w(236,3,2,32)
r(8,1,2,32)
r(298,1,2,32)
r(276,1,2,32)
r(61,5,2,32)
w(273,5,2,32)
w(51,5,2,32)
r(246,9,2,32)
r(334,2,2,32)
w(21,2,2,32)
w(76,2,2,32)
w(91,2,2,32)
w(284,3,2,32)
w(279,7,2,32)
r(47,1,2,32)
w(90,5,2,32)
r(78,1,2,32)
w(300,3,2,32)
r(48,3,2,32)
w(111,2,2,32)
w(117,9,2,32)
r(181,1,2,32)
r(213,1,2,32)
r(312,3,3,33)
r(218,1,3,33)
r(205,9,3,33)
r(316,1,3,33)
r(160,9,3,33)
r(104,6,3,33)
r(49,1,3,33)
w(35,3,3,33)
r(164,10,3,33)
r(272,2,3,33)
r(281,3,3,33)
w(153,2,3,33)
r(292,1,3,33)
w(322,9,3,33)
w(24,5,3,33)
w(222,7,3,33)
r(329,12,3,33)
w(193,9,3,33)
w(216,9,3,33)
r(232,9,3,33)
r(207,1,3,33)
r(355,5,3,33)
w(240,9,3,33)
r(303,1,3,33)
r(310,2,3,33)
w(344,5,3,33)
w(26,5,3,33)
r(107,1,3,33)
r(252,2,3,33)
r(177,1,3,33)
w(35,9,4,34)
w(215,3,4,34)
w(350,13,4,34)
w(132,7,4,34)
r(150,13,4,34)
r(122,5,4,34)
r(66,12,4,34)
w(1,7,4,34)
r(130,9,4,34)
w(318,8,4,34)
r(305,1,4,34)
w(198,12,4,34)
r(359,1,5,35)
r(344,9,5,35)
r(141,1,5,35)
r(306,11,5,35)
r(97,1,5,35)
w(344,8,5,35)
w(83,11,5,35)
r(32,1,5,35)
r(176,1,5,35)
w(61,11,5,35)
r(119,9,5,35)
r(215,10,5,35)
r(24,8,5,35)
w(309,12,5,35)
r(279,7,5,35)
r(224,2,5,35)
r(322,10,5,35)
r(8,1,5,35)
w(67,7,5,35)
w(106,3,5,35)
r(245,9,5,35)
r(232,1,5,35)
r(101,2,5,35)
r(215,10,5,35)
r(166,4,5,35)
w(277,2,5,35)
w(133,8,5,35)
r(167,2,5,35)
w(301,8,5,35)
w(163,7,5,35)
r(93,1,6,36)
w(54,3,6,36)
w(351,8,6,36)
r(231,1,6,36)
r(216,3,6,36)
w(24,8,6,36)
w(82,13,6,36)
r(99,1,6,36)
w(311,12,6,36)
w(261,9,6,36)
r(63,1,6,36)
w(81,12,6,36)
r(14,1,6,36)
r(104,13,6,36)
r(82,13,6,36)
w(350,6,6,36)
w(182,6,6,36)
r(338,6,6,36)
w(129,11,6,36)
r(345,9,6,36)
r(350,6,6,36)
r(150,1,6,36)
r(191,2,6,36)
r(266,2,6,36)
r(19,1,6,36)
r(313,1,6,36)
r(257,1,6,36)
r(102,2,6,36)
r(190,2,6,36)
w(14,12,6,36)
r(244,1,1,37)
w(90,3,1,37)
r(160,1,1,37)
r(214,12,1,37)
r(355,1,1,37)
r(239,8,1,37)
r(340,1,1,37)
w(325,2,1,37)
w(11,2,1,37)
r(182,6,1,37)
w(204,3,1,37)
w(82,2,1,37)
w(137,2,1,37)
r(267,2,1,37)
w(297,2,1,37)
w(118,2,1,37)
r(19,3,1,37)
r(352,1,1,37)
r(357,1,1,37)
r(297,2,1,37)
w(335,2,1,37)
w(97,2,1,37)
w(282,2,1,37)
r(287,1,1,37)
w(80,3,1,37)
r(153,1,1,37)
r(162,5,1,37)
r(263,10,1,37)
r(166,4,1,37)
w(189,2,1,37)
r(110,1,2,38)
r(8,1,2,38)
w(59,3,2,38)
r(60,3,2,38)
w(202,5,2,38)
r(201,1,2,38)
r(267,2,2,38)
w(17,2,2,38)
w(336,2,2,38)
r(345,9,2,38)
w(211,10,2,38)
r(272,2,2,38)
r(237,10,2,38)
r(65,9,2,38)
w(17,3,2,38)
w(81,3,2,38)
r(97,2,2,38)
r(296,3,2,38)
w(251,5,2,38)
r(257,1,2,38)
r(104,13,2,38)
w(237,9,2,38)
w(177,3,2,38)
w(230,3,2,38)
r(161,1,2,38)
w(95,5,2,38)
r(268,2,2,38)
w(198,7,3,39)
w(64,9,3,39)
w(142,2,3,39)
w(17,5,3,39)
w(35,5,3,39)
w(63,9,3,39)
w(258,3,3,39)
w(239,5,3,39)
r(248,1,3,39)
r(76,5,3,39)
w(302,5,3,39)
r(187,1,3,39)
w(266,3,3,39)
r(86,2,3,39)
r(180,10,3,39)
r(357,1,3,39)
w(67,2,3,39)
r(332,2,3,39)
w(293,2,3,39)
w(83,10,3,39)
r(152,1,3,39)
r(43,1,3,39)
w(210,10,3,39)
w(62,9,3,39)
r(153,2,3,39)
w(195,10,3,39)
r(212,12,3,39)
w(129,3,3,39)
w(295,8,3,39)
w(164,3,3,39)
w(84,8,4,40)
w(250,5,4,40)
w(199,9,4,40)
w(255,12,4,40)
w(24,9,4,40)
r(183,1,4,40)
w(85,10,4,40)
r(103,3,4,40)
w(35,10,4,40)
w(104,7,4,40)
r(3,12,4,40)
r(222,7,4,40)
r(280,5,4,40)
w(81,8,4,40)
r(51,12,4,40)
w(332,11,4,40)
w(37,7,4,40)
r(219,3,4,40)
w(73,6,4,40)
w(192,3,4,40)
r(185,10,4,40)
w(205,7,4,40)
r(29,2,4,40)
r(89,1,4,40)
w(310,5,4,40)
w(16,9,4,40)
w(195,8,4,40)
w(215,9,5,41)
w(224,8,5,41)
w(206,5,5,41)
w(37,9,5,41)
r(120,1,5,41)
w(50,8,5,41)
w(148,10,5,41)
r(290,1,5,41)
r(116,1,5,41)
r(90,3,5,41)
w(36,7,5,41)
r(280,1,5,41)
r(213,1,5,41)
w(193,8,5,41)
w(164,7,5,41)
w(9,9,5,41)
r(116,1,5,41)
r(225,2,5,41)
r(323,3,5,41)
r(11,2,5,41)
r(347,1,5,41)
w(131,8,5,41)
w(302,8,5,41)
w(175,9,5,41)
r(114,6,5,41)
r(147,12,5,41)
r(41,1,5,41)
r(337,1,5,41)
r(306,11,6,42)
w(5,7,6,42)
w(154,12,6,42)
r(283,12,6,42)
r(139,11,6,42)
r(298,1,6,42)
w(295,11,6,42)
r(64,8,6,42)
w(80,7,6,42)
r(223,2,6,42)
w(226,2,6,42)
r(248,1,6,42)
w(257,10,6,42)
r(7,1,6,42)
w(336,13,6,42)
w(148,8,6,42)
r(336,13,6,42)
w(145,7,6,42)
r(34,1,6,42)
w(33,8,6,42)
w(266,8,6,42)
r(125,13,6,42)
w(314,8,6,42)
r(43,1,6,42)
r(36,10,6,42)
w(117,16,6,42)
w(142,9,6,42)
w(245,8,6,42)
r(356,7,6,42)
w(222,12,6,42)
r(198,5,1,43)
r(27,7,1,43)
w(348,2,1,43)
r(218,1,1,43)
r(2,9,1,43)
r(130,9,1,43)
w(9,2,1,43)
r(30,1,1,43)
r(315,3,1,43)
w(114,3,1,43)
w(324,3,1,43)
w(268,3,1,43)
r(271,10,1,43)
w(197,2,1,43)
r(160,9,1,43)
w(297,3,1,43)
r(83,11,1,43)
r(298,1,1,43)
w(288,2,1,43)
w(120,3,1,43)
r(143,7,1,43)
w(63,2,1,43)
r(270,1,1,43)
r(50,13,1,43)
r(35,1,1,43)
w(116,2,1,43)
r(30,1,1,43)
r(171,9,1,43)
r(24,8,1,43)
r(235,3,1,43)
w(14,2,2,44)
w(157,5,2,44)
w(243,7,2,44)
w(184,5,2,44)
r(131,1,2,44)
r(209,1,2,44)
w(146,2,2,44)
r(285,1,2,44)
r(173,11,2,44)
r(133,8,2,44)
w(204,5,2,44)
w(231,3,2,44)
w(62,5,2,44)
w(120,10,2,44)
r(171,9,2,44)
w(179,3,2,44)
r(7,1,2,44)
w(73,7,2,44)
r(135,1,2,44)
w(247,3,2,44)
w(45,2,2,44)
w(173,5,2,44)
w(91,3,2,44)
r(176,1,2,44)
r(24,8,2,44)
r(221,5,2,44)
w(125,2,2,44)
w(69,5,2,44)
r(253,1,2,44)
r(296,9,2,44)
r(4,7,3,45)
r(248,1,3,45)
r(64,9,3,45)
r(277,2,3,45)
w(58,5,3,45)
r(37,1,3,45)
r(77,7,3,45)
w(225,7,3,45)
w(349,13,3,45)
r(258,3,3,45)
r(251,1,3,45)
w(331,9,3,45)
w(302,7,3,45)
r(18,1,3,45)
r(49,1,3,45)
w(287,8,3,45)
w(33,3,3,45)
r(352,9,3,45)
w(291,3,3,45)
w(358,3,3,45)
w(118,7,3,45)
r(233,1,3,45)
r(278,9,3,45)
w(298,5,3,45)
r(171,9,3,45)
r(105,7,3,45)
r(216,9,3,45)
r(160,9,3,45)
w(325,5,3,45)
r(271,10,3,45)
r(80,7,4,46)
r(303,1,4,46)
r(43,1,4,46)
w(162,9,4,46)
r(12,1,4,46)
w(344,10,4,46)
w(229,7,4,46)
r(108,8,4,46)
r(117,3,4,46)
r(75,10,4,46)
w(246,5,4,46)
r(68,2,4,46)
r(173,5,4,46)
w(199,10,4,46)
r(283,12,4,46)
w(295,12,4,46)
w(33,7,4,46)
r(27,7,4,46)
r(352,9,4,46)
w(143,9,4,46)
w(163,5,4,46)
r(64,2,4,46)
w(232,5,4,46)
w(20,9,4,46)
w(138,5,4,46)
r(181,1,4,46)
r(181,1,4,46)
w(18,9,4,46)
w(26,8,4,46)
w(192,5,4,46)
r(120,3,5,47)
w(262,9,5,47)
w(30,5,5,47)
w(311,8,5,47)
r(189,2,5,47)
r(167,2,5,47)
r(57,11,5,47)
r(273,2,5,47)
r(22,3,5,47)
r(125,2,5,47)
r(50,13,5,47)
r(333,8,5,47)
r(19,7,5,47)
w(40,7,5,47)
w(43,7,5,47)
r(258,10,5,47)
r(284,7,5,47)
r(190,2,5,47)
w(255,6,5,47)
w(154,11,6,48)
r(323,3,6,48)
w(225,8,6,48)
r(244,1,6,48)
w(160,9,6,48)
r(161,1,6,48)
r(217,1,6,48)
w(44,12,6,48)
r(85,2,6,48)
r(96,1,6,48)
r(40,1,6,48)
w(95,13,6,48)
r(285,1,6,48)
w(50,13,6,48)
r(300,3,6,48)
w(84,4,6,48)
w(355,5,6,48)
w(135,9,6,48)
r(111,2,6,48)
r(329,12,6,48)
r(327,1,6,48)
r(138,1,6,48)
w(104,6,6,48)
r(200,1,6,48)
w(200,10,6,48)
w(98,9,6,48)
r(271,10,6,48)
w(232,9,6,48)
r(54,2,6,48)
w(36,8,6,48)
w(313,2,1,49)
w(29,2,1,49)
r(54,2,1,49)
r(323,3,1,49)
r(213,10,1,49)
w(117,3,1,49)
r(185,10,1,49)
w(73,2,1,49)
r(7,1,1,49)
r(120,3,1,49)
r(212,12,1,49)
r(87,8,1,49)
w(207,2,1,49)
r(322,9,1,49)
r(163,7,1,49)
r(305,1,1,49)
r(198,7,1,49)
w(124,5,1,49)
r(74,6,1,49)
r(338,12,1,49)
w(273,3,1,49)
r(320,1,1,49)
w(190,3,1,49)
r(209,10,1,49)
r(328,7,1,49)
w(282,3,1,49)
w(322,3,1,49)
r(81,12,1,49)
r(85,2,1,49)
w(149,3,1,49)
r(237,10,2,50)
w(235,3,2,50)
r(269,1,2,50)
w(44,3,2,50)
r(28,11,2,50)
w(284,5,2,50)
w(119,3,2,50)
r(249,1,2,50)
w(262,2,2,50)
w(15,3,2,50)
r(40,1,2,50)
r(268,2,2,50)
w(103,3,2,50)
r(120,10,2,50)
r(317,2,2,50)
w(132,3,2,50)
r(74,6,2,50)
r(200,10,2,50)
r(315,3,2,50)
r(188,1,2,50)
w(65,3,2,50)
r(75,10,2,50)
w(211,8,2,50)
w(196,3,2,50)
r(290,1,2,50)
w(284,7,2,50)
r(224,2,2,50)
w(42,3,2,50)
w(77,7,2,50)
w(219,3,2,50)
r(266,3,3,51)
r(322,9,3,51)
r(18,3,3,51)
w(254,9,3,51)
r(154,11,3,51)
r(350,6,3,51)
r(270,1,3,51)
w(314,7,3,51)
w(312,9,3,51)
w(108,10,3,51)
w(213,5,4,52)
w(100,10,4,52)
w(42,9,4,52)
w(70,7,4,52)
r(147,11,4,52)
w(113,5,4,52)
w(355,3,4,52)
r(159,1,4,52)
r(285,5,4,52)
r(192,5,4,52)
r(263,10,4,52)
w(36,5,4,52)
r(233,3,4,52)
w(242,11,4,52)
r(105,7,4,52)
r(314,3,4,52)
w(152,9,4,52)
r(180,10,4,52)
w(338,11,4,52)
r(316,1,4,52)
r(58,5,4,52)
r(128,10,4,52)
r(262,2,4,52)
r(235,2,4,52)
r(186,2,4,52)
r(87,8,4,52)
r(51,9,4,52)
r(121,2,4,52)
w(243,11,4,52)
w(336,10,4,52)
r(328,7,5,53)
w(275,13,5,53)
w(144,8,5,53)
w(76,5,5,53)
r(152,1,5,53)
w(301,12,5,53)
w(3,9,5,53)
r(224,2,5,53)
w(110,3,5,53)
r(190,2,5,53)
w(157,12,5,53)
r(359,1,5,53)
w(309,11,5,53)
w(128,10,5,53)
r(215,10,5,53)
w(25,13,5,53)
w(213,10,5,53)
w(259,8,5,53)
r(59,7,5,53)
w(1,12,5,53)
w(56,12,5,53)
r(227,11,5,53)
r(311,12,5,53)
w(336,12,5,53)
w(69,8,5,53)
r(24,5,5,53)
r(287,1,5,53)
r(91,3,5,53)
r(347,12,5,53)
w(204,11,5,53)
r(132,3,6,54)
w(347,12,6,54)
r(48,3,6,54)
w(319,9,6,54)
r(90,3,6,54)
w(124,6,6,54)
w(87,8,6,54)
w(174,12,6,54)
r(356,7,6,54)
w(41,7,6,54)
w(216,8,6,54)
r(290,1,6,54)
r(200,10,6,54)
r(169,10,6,54)
r(355,5,6,54)
w(71,10,6,54)
r(354,1,6,54)
r(275,11,6,54)
w(150,13,6,54)
r(209,1,6,54)
r(278,9,6,54)
w(247,11,6,54)
r(153,1,6,54)
r(274,10,6,54)
w(51,8,6,54)
w(358,7,6,54)
r(110,1,6,54)
r(233,1,6,54)
w(51,12,6,54)
r(166,4,6,54)
w(82,3,1,55)
r(106,3,1,55)
w(322,5,1,55)
w(56,2,1,55)
r(308,2,1,55)
w(222,2,1,55)
w(64,2,1,55)
r(61,11,1,55)
r(283,12,1,55)
w(314,2,1,55)
w(37,2,1,55)
r(204,11,1,55)
w(62,2,1,55)
w(22,2,1,55)
r(305,1,1,55)
r(2,9,1,55)
w(358,2,1,55)
r(30,1,1,55)
r(335,9,1,55)
w(274,3,1,55)
r(42,3,1,55)
w(155,2,1,55)
w(82,5,1,55)
w(123,3,1,55)
w(61,2,1,55)
r(209,10,1,55)
w(57,2,1,55)
w(311,3,1,55)
w(350,5,1,55)
w(77,2,1,55)
w(31,7,2,56)
w(334,3,2,56)
w(202,7,2,56)
w(187,2,2,56)
w(335,9,2,56)
w(18,3,2,56)
w(91,5,2,56)
w(112,9,2,56)
r(298,5,2,56)
r(360,1,2,56)
w(280,5,2,56)
r(219,3,2,56)
r(45,7,2,56)
w(157,7,2,56)
r(184,5,2,56)
r(231,3,2,56)
r(2,9,2,56)
w(253,3,2,56)
r(207,1,2,56)
w(182,9,2,56)
r(255,7,2,56)
w(349,12,2,56)
r(241,2,2,56)
r(47,1,2,56)
r(3,12,2,56)
w(131,5,2,56)
r(286,8,2,56)
w(166,5,2,56)
r(25,13,2,56)
w(139,2,2,56)
r(10,12,3,57)
r(268,3,3,57)
w(264,5,3,57)
r(30,1,3,57)
r(40,1,3,57)
r(252,2,3,57)
r(314,3,3,57)
r(325,5,3,57)
w(38,3,3,57)
r(82,5,3,57)
r(308,2,3,57)
w(313,9,3,57)
r(88,2,3,57)
w(35,7,3,57)
r(17,5,3,57)
w(45,5,3,57)
r(11,12,3,57)
r(49,1,3,57)
w(143,3,3,57)
r(256,1,3,57)
w(147,10,3,57)
w(112,10,3,57)
r(5,7,3,57)
r(13,1,3,57)
r(277,2,3,57)
r(133,8,3,57)
w(346,7,3,57)
r(360,8,3,57)
w(170,5,3,57)
r(149,10,3,57)
r(337,1,4,58)
r(142,2,4,58)
r(343,1,4,58)
r(268,3,4,58)
w(359,3,4,58)
r(107,2,4,58)
w(281,7,4,58)
w(192,7,4,58)
w(301,9,4,58)
w(255,11,4,58)
w(307,10,4,58)
r(354,1,4,58)
w(213,7,4,58)
r(252,2,4,58)
w(247,10,4,58)
w(342,8,4,58)
r(61,2,4,58)
w(22,5,4,58)
r(45,5,4,58)
r(25,13,4,58)
r(150,13,4,58)
r(278,9,4,58)
r(112,10,4,58)
r(9,2,4,58)
w(52,9,4,58)
w(177,5,4,58)
r(198,7,4,58)
w(339,5,4,58)
r(352,3,4,58)
r(103,3,4,58)
w(206,7,5,59)
r(179,3,5,59)
w(172,3,5,59)
w(112,11,5,59)
w(185,10,5,59)
r(254,1,5,59)
r(52,1,5,59)
r(191,2,5,59)
r(129,3,5,59)
w(345,5,5,59)
w(297,10,5,59)
w(20,10,5,59)
r(231,3,5,59)
r(341,2,5,59)
w(78,9,5,59)
w(286,8,5,59)
r(135,9,5,59)
w(244,9,5,59)
r(359,1,5,59)
r(293,2,5,59)
w(335,12,5,59)
w(45,7,5,59)
r(225,8,5,59)
r(101,2,5,59)
r(150,13,5,59)
r(123,2,5,59)
w(48,8,5,59)
w(92,9,5,59)
w(149,7,5,59)
w(166,13,5,59)
w(209,10,6,60)
w(55,8,6,60)
w(136,6,6,60)
w(10,12,6,60)
r(239,5,6,60)
r(54,2,6,60)
r(45,7,6,60)
w(69,11,6,60)
r(255,7,6,60)
r(219,3,6,60)
r(139,11,6,60)
r(59,7,6,60)
w(221,9,6,60)
w(191,8,6,60)
r(226,2,6,60)
r(15,3,6,60)
w(149,9,6,60)
w(6,8,6,60)
w(102,8,6,60)
r(295,8,6,60)
r(297,10,6,60)
r(247,11,6,60)
r(200,10,6,60)
w(276,10,6,60)
r(66,12,6,60)
w(249,5,6,60)
w(324,11,6,60)
r(111,2,6,60)
w(3,12,6,60)
r(78,9,6,60)
r(8,1,1,61)
w(126,2,1,61)
w(194,3,1,61)
r(36,8,1,61)
w(186,2,1,61)
r(266,3,1,61)
r(95,13,1,61)
w(314,3,1,61)
w(342,2,1,61)
r(300,3,1,61)
r(145,7,1,61)
r(234,1,1,61)
r(97,2,1,61)
r(281,3,1,61)
r(294,3,1,61)
r(154,11,1,61)
r(112,9,1,61)
r(128,10,1,61)
r(16,7,1,61)
r(51,12,1,61)
r(208,12,1,61)
w(107,2,1,61)
w(95,2,1,61)
w(237,5,1,61)
r(342,2,1,61)
w(23,3,1,61)
w(7,3,1,61)
r(54,2,1,61)
r(261,9,1,61)
w(242,3,1,61)
w(176,7,2,62)
r(213,10,2,62)
w(360,3,2,62)
w(260,3,2,62)
w(29,5,2,62)
w(50,5,2,62)
r(145,7,2,62)
w(201,2,2,62)
r(42,3,2,62)
r(97,2,2,62)
w(150,9,2,62)
w(73,9,2,62)
w(57,7,2,62)
w(326,3,2,62)
w(204,7,2,62)
r(268,3,2,62)
w(172,2,2,62)
r(335,9,2,62)
r(78,9,2,62)
w(118,5,2,62)
r(13,1,2,62)
w(335,10,2,62)
r(170,11,2,62)
r(145,9,3,63)
w(21,3,3,63)
w(323,2,3,63)
w(214,9,3,63)
w(157,10,3,63)
w(46,5,3,63)
w(43,3,3,63)
w(219,5,3,63)
w(278,5,3,63)
r(203,11,3,63)
r(200,8,3,63)
w(252,5,3,63)
r(341,2,3,63)
r(48,12,3,63)
r(225,7,3,63)
r(299,9,3,63)
r(196,12,3,63)
w(155,7,3,63)
r(23,11,3,63)
w(146,5,3,63)
r(173,2,3,63)
w(347,10,3,63)
w(282,9,3,63)
r(58,5,3,63)
r(207,2,3,63)
w(256,3,3,63)
w(87,5,3,63)
w(205,5,3,63)
r(331,9,3,63)
r(210,11,3,63)
w(215,5,4,64)
r(269,1,4,64)
r(294,3,4,64)
r(151,1,4,64)
w(79,5,4,64)
r(212,12,4,64)
r(351,8,4,64)
w(274,9,4,64)
w(209,5,4,64)
w(185,9,4,64)
w(135,3,4,64)
r(9,2,4,64)
r(309,11,4,64)
w(359,5,4,64)
r(305,5,4,64)
r(347,10,4,64)
r(197,2,4,64)
w(353,13,4,64)
r(177,2,4,64)
w(177,7,4,64)
w(86,9,4,64)
r(52,12,4,64)
w(35,8,4,64)
w(301,10,4,64)
r(189,2,4,64)
r(134,2,4,64)
r(223,2,4,64)
r(91,5,4,64)
w(250,7,4,64)
w(38,7,4,64)
w(74,4,5,65)
w(137,10,5,65)
r(313,2,5,65)
w(169,8,5,65)
r(148,8,5,65)
w(253,10,5,65)
w(203,12,5,65)
w(71,7,5,65)
w(285,3,5,65)
r(303,1,5,65)
r(21,2,5,65)
r(9,2,5,65)
w(342,12,5,65)
r(310,2,5,65)
w(28,7,5,65)
r(309,11,5,65)
w(38,9,5,65)
w(99,7,5,65)
w(336,11,5,65)
r(130,9,5,65)
w(193,12,5,65)
r(252,2,5,65)
w(31,8,5,65)
w(214,11,5,65)
w(276,9,5,65)
r(163,7,5,65)
r(12,1,5,65)
w(285,5,5,65)
r(205,9,5,65)
r(297,10,5,65)
w(206,10,6,66)
r(41,7,6,66)
r(113,1,6,66)
w(72,8,6,66)
r(240,9,6,66)
w(2,12,6,66)
w(297,12,6,66)
w(194,10,6,66)
w(98,10,6,66)
w(271,8,6,66)
w(145,9,6,66)
w(43,10,6,66)
r(183,1,6,66)
r(196,3,6,66)
w(327,3,6,66)
r(87,8,6,66)
w(127,8,6,66)
w(23,11,6,66)
r(191,8,6,66)
w(220,8,6,66)
r(35,5,6,66)
r(341,2,6,66)
w(149,10,6,66)
r(5,7,6,66)
w(210,11,6,66)
w(135,10,6,66)
w(206,8,6,66)
r(130,9,6,66)
r(61,2,6,66)
w(360,8,6,66)
w(94,2,1,67)
r(305,1,1,67)
r(346,1,1,67)
r(360,1,1,67)
w(88,2,1,67)
w(31,3,1,67)
w(347,3,1,67)
r(183,1,1,67)
r(138,5,1,67)
w(233,2,1,67)
w(118,3,1,67)
r(252,2,1,67)
w(352,3,1,67)
r(349,12,1,67)
r(82,5,1,67)
r(184,5,1,67)
w(333,2,1,67)
w(173,2,1,67)
w(235,2,1,67)
w(123,5,1,67)
w(233,3,1,67)
w(292,2,1,67)
w(350,7,1,67)
w(349,3,1,67)
w(154,2,1,67)
r(143,9,1,67)
w(295,2,1,67)
w(359,2,1,67)
w(286,3,1,67)
w(313,3,1,67)
w(74,5,2,68)
r(75,10,2,68)
r(303,1,2,68)
r(343,1,2,68)
r(73,2,2,68)
r(86,2,2,68)
r(238,2,2,68)
r(360,8,2,68)
r(331,9,2,68)
r(290,1,2,68)
r(46,1,2,68)
r(287,8,2,68)
r(263,10,2,68)
r(11,12,2,68)
w(329,5,2,68)
w(148,5,2,68)
r(93,1,2,68)
w(305,5,2,68)
w(317,10,2,68)
w(182,10,2,68)
r(87,8,2,68)
w(139,3,2,68)
r(80,7,2,68)
w(283,5,2,68)
w(7,5,2,68)
w(167,5,2,68)
r(50,13,2,68)
r(163,5,2,68)
w(218,5,2,68)
r(222,2,2,68)
w(167,9,3,69)
w(333,9,3,69)
r(202,12,3,69)
r(34,7,3,69)
r(43,3,3,69)
r(276,9,3,69)
r(232,7,3,69)
r(39,1,3,69)
w(329,7,3,69)
r(305,5,3,69)
r(250,1,3,69)
r(267,2,3,69)
w(180,5,3,69)
r(328,7,3,69)
r(271,8,3,69)
r(65,2,3,69)
w(222,9,3,69)
r(70,7,3,69)
r(153,2,3,69)
r(302,7,3,69)
r(249,5,3,69)
r(130,9,3,69)
r(207,3,3,69)
w(98,7,3,69)
w(348,7,3,69)
r(106,3,3,69)
r(341,2,3,69)
w(178,5,3,69)
r(189,2,3,69)
r(300,3,3,69)
r(49,1,4,70)
w(229,9,4,70)
w(253,7,4,70)
r(329,7,4,70)
r(301,10,4,70)
r(145,9,4,70)
r(235,2,4,70)
r(196,12,4,70)
w(220,7,4,70)
r(54,2,4,70)
r(18,9,4,70)
w(46,12,4,70)
r(34,7,4,70)
r(139,3,4,70)
w(7,9,4,70)
w(127,7,4,70)
r(163,5,4,70)
w(282,10,4,70)
r(346,7,4,70)
r(147,10,4,70)
r(293,2,4,70)
r(338,13,4,70)
w(48,10,4,70)
r(211,12,4,70)
w(202,8,4,70)
r(238,2,4,70)
r(52,12,4,70)
r(42,9,4,70)
r(176,12,4,70)
w(305,8,4,70)
w(11,12,5,71)
w(152,10,5,71)
r(122,5,5,71)
w(272,9,5,71)
w(147,11,5,71)
w(307,12,5,71)
w(34,7,5,71)
r(28,7,5,71)
r(137,10,5,71)
w(155,8,5,71)
w(178,10,5,71)
w(202,12,5,71)
r(320,1,5,71)
r(349,12,5,71)
w(53,13,5,71)
r(30,1,5,71)
r(131,5,5,71)
r(277,2,5,71)
r(48,8,5,71)
r(115,1,5,71)
w(135,5,5,71)
w(239,7,5,71)
w(48,12,5,71)
w(243,4,5,71)
r(36,8,5,71)
w(168,8,5,71)
w(136,8,5,71)
r(201,1,5,71)
r(276,9,5,71)
w(51,9,5,71)
w(200,8,6,72)
w(273,12,6,72)
r(276,9,6,72)
r(100,10,6,72)
r(138,5,6,72)
r(182,10,6,72)
w(330,7,6,72)
w(247,6,6,72)
r(44,3,6,72)
w(176,12,6,72)
w(35,14,6,72)
r(249,5,6,72)
r(131,5,6,72)
w(359,10,6,72)
r(57,2,6,72)
w(355,7,6,72)
r(209,10,6,72)
w(314,12,6,72)
r(232,7,6,72)
w(326,10,6,72)
r(38,3,6,72)
w(196,12,6,72)
w(72,11,6,72)
w(187,10,6,72)
w(265,8,6,72)
w(188,8,6,72)
w(52,12,6,72)
w(229,12,6,72)
w(120,14,6,72)
r(62,2,6,72)
w(211,3,1,73)
w(84,3,1,73)
r(295,2,1,73)
w(181,2,1,73)
r(265,8,1,73)
w(210,2,1,73)
w(207,3,1,73)
w(325,3,1,73)
w(214,2,1,73)
r(59,7,1,73)
w(343,3,1,73)
w(65,2,1,73)
r(158,5,1,73)
r(22,5,1,73)
r(160,5,1,73)
w(343,5,1,73)
r(153,2,1,73)
w(317,5,1,73)
r(102,8,1,73)
w(82,7,1,73)
r(100,10,1,73)
r(46,5,1,73)
w(177,2,1,73)
r(162,9,1,73)
r(343,5,1,73)
r(258,3,1,73)
w(182,5,1,73)
r(67,2,1,73)
w(56,5,1,73)
r(322,12,1,73)
r(77,2,2,74)
w(169,2,2,74)
r(272,9,2,74)
r(335,9,2,74)
r(167,5,2,74)
r(211,8,2,74)
r(105,7,2,74)
r(103,3,2,74)
w(158,5,2,74)
w(326,5,2,74)
r(270,1,2,74)
w(160,5,2,74)
w(72,2,2,74)
r(200,10,2,74)
r(332,2,2,74)
w(229,3,2,74)
r(47,1,2,74)
r(293,2,2,74)
w(83,5,2,74)
r(199,10,2,74)
r(22,2,2,74)
w(11,3,2,74)
w(121,5,2,74)
w(316,7,2,74)
w(169,3,2,74)
r(181,1,2,74)
w(1,3,2,74)
w(184,7,2,74)
w(338,8,2,74)
w(66,3,2,74)
r(43,3,3,75)
r(58,5,3,75)
r(68,2,3,75)
w(87,7,3,75)
w(123,7,3,75)
w(12,2,3,75)
w(198,9,3,75)
r(162,9,3,75)
w(20,3,3,75)
r(210,2,3,75)
r(194,10,3,75)
w(136,9,3,75)
r(88,2,3,75)
r(257,7,3,75)
w(77,9,3,75)
w(252,7,3,75)
w(240,10,3,75)
w(218,8,4,76)
r(30,9,4,76)
r(299,9,4,76)
r(304,7,4,76)
w(15,9,4,76)
w(137,7,4,76)
r(289,11,4,76)
r(75,6,4,76)
r(229,9,4,76)
w(18,10,4,76)
r(170,5,4,76)
r(274,9,4,76)
w(359,7,4,76)
w(287,6,4,76)
r(121,9,4,76)
r(211,12,4,76)
r(209,5,4,76)
r(113,5,4,76)
r(117,8,4,76)
w(254,12,4,76)
w(51,7,4,76)
r(85,2,4,76)
r(360,8,4,76)
w(323,7,5,77)
r(191,8,5,77)
w(270,7,5,77)
r(259,8,5,77)
w(161,5,5,77)
w(111,7,5,77)
w(352,13,5,77)
w(57,12,5,77)
w(198,11,5,77)
r(185,10,5,77)
w(322,8,5,77)
r(17,5,6,78)
w(198,6,6,78)
w(55,12,6,78)
w(71,8,6,78)
r(52,12,6,78)
r(176,12,6,78)
w(13,12,6,78)
r(250,1,6,78)
r(230,11,6,78)
r(39,1,6,78)
r(338,8,6,78)
r(123,5,6,78)
r(99,7,6,78)
r(167,12,6,78)
w(339,8,6,78)
r(102,8,6,78)
r(117,3,6,78)
r(93,1,6,78)
r(351,8,6,78)
r(214,2,6,78)
r(20,9,6,78)
w(244,10,6,78)
w(316,10,6,78)
w(289,11,6,78)
r(224,2,6,78)
r(148,5,6,78)
r(197,2,6,78)
r(276,9,6,78)
r(349,3,6,78)
r(270,1,6,78)
r(123,5,1,79)
w(195,3,1,79)
w(173,3,1,79)
r(318,7,1,79)
r(356,12,1,79)
r(33,7,1,79)
w(32,2,1,79)
w(8,2,1,79)
w(94,3,1,79)
w(128,2,1,79)
r(92,9,1,79)
r(201,1,1,79)
w(148,2,1,79)
w(81,2,1,79)
w(73,3,1,79)
r(327,3,1,79)
r(307,10,1,79)
r(213,7,1,79)
w(110,2,1,79)
r(67,2,1,79)
w(193,2,1,79)
w(348,3,1,79)
w(270,2,1,79)
r(349,11,1,79)
w(50,2,1,79)
w(152,2,1,79)
w(237,7,1,79)
w(32,3,1,79)
w(2,5,1,79)
r(239,9,1,79)
r(34,7,2,80)
r(271,8,2,80)
w(282,7,2,80)
r(303,1,2,80)
w(191,3,2,80)
w(109,5,2,80)
r(203,11,2,80)
w(165,3,2,80)
r(7,5,2,80)
w(190,5,2,80)
r(302,7,2,80)
r(302,7,2,80)
w(286,7,2,80)
w(11,5,2,80)
r(208,12,2,80)
r(231,3,2,80)
w(262,3,2,80)
r(262,3,2,80)
w(265,5,2,80)
r(219,3,2,80)
w(252,3,2,80)
r(286,7,2,80)
r(338,5,3,81)
w(152,7,3,81)
r(241,2,3,81)
w(82,8,3,81)
w(43,5,3,81)
r(52,12,3,81)
r(103,10,3,81)
w(200,2,3,81)
r(91,10,3,81)
w(218,9,3,81)
w(73,12,3,81)
w(354,9,3,81)
w(275,9,3,81)
r(195,3,3,81)
w(298,7,3,81)
r(230,6,3,81)
r(73,12,3,81)
r(46,12,3,81)
r(14,2,3,81)
w(101,3,3,81)
r(158,5,3,81)
r(351,8,3,81)
w(273,9,3,81)
w(48,9,3,81)
r(105,7,3,81)
r(274,9,3,81)
w(129,5,3,81)
r(183,1,3,81)
w(139,8,3,81)
r(234,1,3,81)
w(1,9,4,82)
w(246,7,4,82)
r(301,2,4,82)
r(262,2,4,82)
r(133,5,4,82)
w(147,8,4,82)
r(118,3,4,82)
r(128,2,4,82)
r(143,3,4,82)
r(59,7,4,82)
w(208,10,4,82)
w(333,10,4,82)
r(107,12,4,82)
w(74,12,4,82)
w(191,7,4,82)
w(60,5,4,82)
r(76,5,4,82)
r(174,8,4,82)
r(204,9,4,82)
w(179,5,4,82)
r(77,6,4,82)
r(223,10,4,82)
w(41,2,4,82)
r(281,5,4,82)
r(295,13,4,82)
w(151,9,4,82)
w(282,8,4,82)
r(252,10,4,82)
r(330,7,4,82)
w(104,10,4,82)
w(77,12,5,83)
r(82,5,5,83)
r(82,5,5,83)
w(140,7,5,83)
r(91,5,5,83)
r(247,11,5,83)
w(19,12,5,83)
w(126,9,5,83)
r(128,10,5,83)
w(77,11,5,83)
r(124,5,5,83)
w(232,7,5,83)
w(3,10,5,83)
r(57,2,5,83)
r(29,2,5,83)
w(203,11,5,83)
r(281,3,5,83)
w(95,8,5,83)
w(4,9,5,83)
r(261,9,5,83)
r(289,5,5,83)
w(275,6,5,83)
r(300,3,5,83)
r(302,7,5,83)
w(321,9,5,83)
r(124,5,5,83)
w(167,12,5,83)
w(6,10,5,83)
w(357,5,5,83)
w(322,12,5,83)
w(39,7,6,84)
w(295,13,6,84)
w(96,7,6,84)
w(277,7,6,84)
w(165,8,6,84)
r(104,6,6,84)
w(356,12,6,84)
w(75,13,6,84)
w(75,6,6,84)
w(27,9,6,84)
w(77,6,6,84)
w(30,9,6,84)
w(100,6,6,84)
r(130,9,6,84)
r(140,7,6,84)
w(347,11,6,84)
w(219,9,6,84)
r(22,5,6,84)
w(256,10,6,84)
w(86,11,6,84)
r(182,5,6,84)
w(81,11,6,84)
r(331,9,6,84)
r(124,5,6,84)
w(91,10,6,84)
r(111,2,6,84)
r(54,2,6,84)
w(230,6,6,84)
r(12,1,6,84)
r(148,5,6,84)
r(247,6,1,85)
r(167,9,1,85)
r(360,8,1,85)
w(96,2,1,85)
r(91,10,1,85)
r(18,9,1,85)
r(20,9,1,85)
r(305,8,1,85)
w(342,3,1,85)
w(338,5,1,85)
w(205,3,1,85)
w(40,2,1,85)
r(152,2,1,85)
r(87,5,1,85)
w(218,3,1,85)
r(175,1,1,85)
w(260,2,1,85)
w(28,2,1,85)
w(344,2,1,85)
r(212,12,1,85)
r(117,8,1,85)
w(150,2,1,85)
r(338,5,1,85)
r(283,5,1,85)
r(62,13,1,85)
w(216,5,1,85)
r(106,3,1,85)
w(349,5,1,85)
w(135,2,1,85)
r(354,1,1,85)
r(262,2,2,86)
r(207,3,2,86)
w(56,9,2,86)
w(300,5,2,86)
r(313,9,2,86)
r(267,2,2,86)
r(252,5,2,86)
r(84,3,2,86)
r(221,9,2,86)
w(287,9,2,86)
r(277,2,2,86)
w(122,2,2,86)
w(11,7,2,86)
r(196,12,2,86)
w(296,7,2,86)
r(242,11,2,86)
r(11,7,2,86)
w(140,2,2,86)
r(120,14,2,86)
w(56,10,2,86)
w(30,2,2,86)
w(217,2,3,87)
r(199,2,3,87)
r(337,1,3,87)
r(30,9,3,87)
r(112,10,3,87)
w(235,5,3,87)
r(172,3,3,87)
r(112,10,3,87)
w(93,3,3,87)
r(9,2,3,87)
w(26,7,3,87)
r(348,3,3,87)
w(266,5,3,87)
w(276,5,3,87)
r(285,5,3,87)
r(156,5,3,87)
r(315,3,3,87)
r(108,7,3,87)
w(259,7,3,87)
w(225,9,3,87)
w(227,7,3,87)
r(202,8,3,87)
r(179,3,3,87)
w(46,7,3,87)
w(173,10,3,87)
w(281,5,3,87)
r(214,2,3,87)
w(306,9,3,87)
r(126,9,3,87)
w(170,7,3,87)
r(32,3,4,88)
r(70,7,4,88)
w(291,7,4,88)
r(220,7,4,88)
r(25,6,4,88)
w(315,10,4,88)
w(176,10,4,88)
w(351,5,4,88)
r(337,1,4,88)
r(9,2,4,88)
w(308,9,4,88)
w(200,5,4,88)
w(70,9,4,88)
r(340,1,4,88)
r(190,3,4,88)
w(289,9,4,88)
w(263,7,4,88)
w(183,3,4,88)
w(275,8,4,88)
r(283,5,4,88)
r(171,3,4,88)
w(310,7,4,88)
w(72,9,4,88)
r(130,3,4,88)
w(162,10,4,88)
r(122,5,4,88)
r(155,7,4,88)
r(120,14,4,88)
r(60,5,4,88)
w(195,12,4,88)
w(254,6,5,89)
w(11,11,5,89)
r(38,3,5,89)
w(28,9,5,89)
r(134,2,5,89)
w(84,11,5,89)
r(290,1,5,89)
r(269,1,5,89)
w(239,9,5,89)
r(305,5,5,89)
w(338,13,5,89)
w(103,10,5,89)
w(62,8,5,89)
w(221,7,5,89)
r(22,5,5,89)
w(257,7,5,89)
r(183,1,5,89)
r(9,2,5,89)
r(138,5,5,89)
r(113,5,5,89)
r(285,5,5,89)
r(5,7,5,89)
r(179,3,5,89)
r(212,12,5,89)
r(164,3,5,89)
r(229,12,5,89)
w(107,12,5,89)
r(104,6,5,89)
r(226,2,5,89)
r(146,5,5,89)
r(80,7,6,90)
r(148,2,6,90)
r(169,5,6,90)
r(303,1,6,90)
r(341,2,6,90)
r(259,8,6,90)
r(337,1,6,90)
w(193,11,6,90)
r(13,12,6,90)
r(115,8,6,90)
w(191,12,6,90)
w(280,13,6,90)
r(333,9,6,90)
w(309,13,6,90)
w(62,13,6,90)
r(329,7,6,90)
r(168,8,6,90)
r(4,9,6,90)
r(325,3,6,90)
w(89,9,6,90)
r(22,5,6,90)
r(171,9,6,90)
w(78,8,6,90)
r(11,11,6,90)
r(80,7,6,90)
r(43,3,6,90)
w(136,4,6,90)
r(345,5,6,90)
r(347,11,6,90)
w(333,11,6,90)
w(52,2,1,91)
w(335,3,1,91)
w(279,5,1,91)
w(165,2,1,91)
r(9,2,1,91)
w(56,7,1,91)
r(92,10,1,91)
w(327,2,1,91)
r(216,5,1,91)
r(239,9,1,91)
r(107,12,1,91)
w(55,3,1,91)
w(92,3,1,91)
r(190,3,1,91)
w(181,3,1,91)
w(316,3,1,91)
w(151,2,1,91)
r(186,2,1,91)
r(89,9,1,91)
w(271,2,1,91)
w(344,3,1,91)
w(261,3,1,91)
r(347,11,1,91)
w(171,3,1,91)
w(254,3,1,91)
r(128,2,1,91)
r(291,3,1,91)
w(42,2,1,91)
r(324,11,1,91)
w(287,3,1,91)
w(349,11,2,92)
r(305,5,2,92)
r(24,5,2,92)
r(311,3,2,92)
w(138,2,2,92)
r(147,10,2,92)
w(130,3,2,92)
w(332,8,2,92)
w(318,7,2,92)
w(169,5,2,92)
r(312,3,2,92)
w(228,5,2,92)
r(266,3,2,92)
w(83,7,2,92)
w(71,3,2,92)
r(105,7,2,92)
r(166,5,2,92)
w(342,9,2,92)
r(220,8,2,92)
w(204,9,2,92)
r(287,8,2,92)
w(211,12,2,92)
w(131,7,2,92)
r(48,12,2,92)
r(330,7,2,92)
w(331,5,2,92)
r(252,5,2,92)
r(116,2,2,92)
r(151,1,2,92)
r(269,1,2,92)
w(3,5,3,93)
r(327,2,3,93)
r(204,9,3,93)
r(208,10,3,93)
r(220,7,3,93)
w(230,7,3,93)
r(197,5,3,93)
r(180,2,3,93)
r(243,11,3,93)
w(243,9,3,93)
r(297,12,3,93)
w(112,8,3,93)
r(345,5,3,93)
r(70,9,3,93)
r(244,3,3,93)
r(14,2,3,93)
r(265,3,3,93)
w(97,11,3,93)
r(124,12,3,93)
w(181,10,3,93)
r(264,5,3,93)
w(169,7,3,93)
r(136,5,3,93)
w(311,9,3,93)
r(109,2,3,93)
r(270,3,3,93)
r(120,14,3,93)
r(228,7,3,93)
w(241,5,3,93)
r(27,2,3,93)
w(9,5,4,94)
r(272,9,4,94)
w(10,7,4,94)
r(347,11,4,94)
r(20,9,4,94)
w(87,9,4,94)
r(208,10,4,94)
r(143,3,4,94)
w(15,10,4,94)
w(2,10,4,94)
w(128,9,4,94)
r(168,8,4,94)
r(215,5,4,94)
w(117,4,4,94)
w(26,11,4,94)
w(164,5,4,94)
r(149,10,4,94)
w(10,9,4,94)
w(117,14,4,94)
w(351,7,4,94)
r(1,9,4,94)
r(23,11,4,94)
r(135,7,4,94)
r(295,13,4,94)
w(123,9,4,94)
r(183,3,4,94)
r(223,10,4,94)
w(124,12,4,94)
w(348,8,4,94)
r(140,3,4,94)
r(347,11,5,95)
w(166,6,5,95)
w(100,11,5,95)
w(263,9,5,95)
w(279,12,5,95)
w(136,13,5,95)
w(174,8,5,95)
r(324,11,5,95)
w(304,7,5,95)
r(358,2,5,95)
r(219,9,5,95)
w(115,8,5,95)
w(84,13,5,95)
w(88,7,5,95)
w(313,8,5,95)
r(167,9,5,95)
r(13,12,5,95)
w(292,9,5,95)
w(64,12,5,95)
r(184,7,5,95)
w(246,8,5,95)
r(243,11,5,95)
r(121,5,5,95)
r(54,2,5,95)
r(240,9,5,95)
r(291,3,5,95)
w(252,10,5,95)
r(311,3,5,95)
r(69,11,5,95)
r(114,3,5,95)
r(176,12,6,96)
r(233,5,6,96)
r(22,5,6,96)
r(129,3,6,96)
r(326,7,6,96)
w(68,9,6,96)
r(240,9,6,96)
r(155,7,6,96)
r(133,8,6,96)
r(56,5,6,96)
w(51,2,1,97)
w(100,2,1,97)
r(201,8,1,97)
w(349,7,1,97)
r(173,10,1,97)
w(55,5,1,97)
r(49,1,1,97)
w(304,2,1,97)
r(43,5,1,97)
r(218,7,1,97)
r(249,5,1,97)
w(211,7,1,97)
w(97,5,1,97)
r(336,10,1,97)
w(311,5,1,97)
w(115,3,1,97)
r(113,5,1,97)
w(267,3,1,97)
r(185,8,1,97)
w(136,5,1,97)
r(74,5,1,97)
r(347,11,1,97)
r(309,13,1,97)
r(206,9,1,97)
w(313,5,1,97)
r(356,12,1,97)
r(318,9,1,97)
r(68,3,1,97)
w(229,2,1,97)
r(37,2,1,97)
r(239,9,2,98)
w(196,5,2,98)
r(96,7,2,98)
r(47,1,2,98)
r(114,3,2,98)
r(187,10,2,98)
r(305,8,2,98)
r(201,1,2,98)
w(121,7,2,98)
w(125,5,2,98)
w(10,2,2,98)
r(31,3,2,98)
w(117,8,2,98)
r(87,5,2,98)
r(48,10,2,98)
r(286,3,2,98)
w(68,3,2,98)
r(154,2,2,98)
r(282,10,2,98)
w(326,7,2,98)
w(259,2,2,98)
r(66,3,2,98)
r(291,3,2,98)
r(321,9,2,98)
w(121,9,2,98)
r(16,7,2,98)
r(73,3,2,98)
r(274,9,2,98)
r(345,5,2,98)
w(290,7,2,98)
w(158,9,3,99)
r(236,3,3,99)
w(305,7,3,99)
w(175,5,3,99)
r(202,8,3,99)
r(310,7,3,99)
w(101,5,3,99)
r(289,13,3,99)
r(235,5,3,99)
w(283,10,3,99)
w(344,7,3,99)
w(319,5,3,99)
r(304,9,3,99)
w(161,2,3,99)
r(124,12,3,99)
w(267,10,3,99)
r(128,9,3,99)
w(14,9,3,99)
w(95,9,3,99)
r(120,14,3,99)
w(297,7,3,99)
w(34,5,3,99)
r(271,2,3,99)
w(74,9,3,99)
r(188,8,3,99)
r(226,2,3,99)
r(320,1,3,99)
r(205,3,3,99)
r(307,10,3,99)
w(151,5,3,99)
r(161,1,4,100)
r(120,14,4,100)
w(82,11,4,100)
w(313,10,4,100)
r(360,5,4,100)
r(21,3,4,100)
r(1,9,4,100)
w(343,9,4,100)
w(121,6,4,100)
w(145,5,4,100)
r(65,2,4,100)
r(139,5,4,100)
w(331,10,4,100)
r(115,3,4,100)
r(178,12,4,100)
r(225,3,4,100)
w(292,7,4,100)
r(292,7,4,100)
w(101,10,4,100)
w(100,8,4,100)
w(199,8,4,100)
r(19,11,4,100)
w(231,9,4,100)
w(104,8,4,100)
r(52,2,4,100)
r(289,9,4,100)
r(284,7,4,100)
r(221,7,4,100)
r(350,7,4,100)
r(53,13,4,100)
w(25,6,5,101)
w(185,8,5,101)
w(97,13,5,101)
w(62,12,5,101)
w(206,9,5,101)
w(92,10,5,101)
r(318,7,5,101)
w(201,8,5,101)
w(61,13,5,101)
w(42,8,5,101)
w(277,3,5,101)
r(146,5,5,101)
w(301,11,5,101)
w(19,11,5,101)
w(16,10,5,101)
w(121,14,5,101)
w(178,12,5,101)
w(277,5,5,101)
w(194,9,5,101)
w(288,7,5,101)
w(18,11,5,101)
w(135,7,5,101)
w(34,9,5,101)
w(119,10,5,101)
r(312,3,5,101)
w(117,15,5,101)
w(314,10,5,101)
r(126,9,5,101)
r(59,7,5,101)
r(33,7,5,101)
r(50,2,6,102)
r(22,5,6,102)
w(59,10,6,102)
w(33,11,6,102)
w(316,8,6,102)
r(287,10,6,102)
w(150,6,6,102)
r(159,1,6,102)
w(162,8,6,102)
w(328,13,6,102)
r(250,7,6,102)
r(357,5,6,102)
w(231,8,6,102)
w(304,9,6,102)
w(123,10,6,102)
r(347,11,6,102)
r(35,8,6,102)
w(170,13,6,102)
w(160,8,6,102)
r(175,1,6,102)
r(187,5,6,102)
w(257,8,6,102)
w(186,12,6,102)
r(199,2,6,102)
w(87,12,6,102)
w(237,11,6,102)
r(178,12,6,102)
w(230,4,6,102)
r(156,5,6,102)
w(241,9,6,102)
r(303,1,1,103)
r(349,7,1,103)
w(4,2,1,103)
r(226,2,1,103)
r(16,10,1,103)
w(180,2,1,103)
r(299,9,1,103)
r(215,5,1,103)
r(189,2,1,103)
r(113,5,1,103)
w(265,3,1,103)
r(333,10,1,103)
w(353,3,1,103)
w(329,3,1,103)
w(150,3,1,103)
w(55,7,1,103)
r(58,5,1,103)
r(30,9,1,103)
r(322,12,1,103)
w(124,7,1,103)
r(17,5,1,103)
r(3,10,1,103)
r(33,7,1,103)
r(86,11,1,103)
w(280,3,1,103)
w(290,2,1,103)
w(285,2,1,103)
w(145,2,1,103)
w(174,3,1,103)
r(47,1,1,103)
w(233,5,2,104)
w(152,3,2,104)
r(109,2,2,104)
w(121,10,2,104)
w(332,12,2,104)
w(321,2,2,104)
r(52,12,2,104)
r(255,11,2,104)
w(19,5,2,104)
w(223,9,2,104)
w(16,2,2,104)
r(342,3,2,104)
r(190,3,2,104)
w(73,10,2,104)
r(240,9,2,104)
r(168,8,2,104)
w(36,3,2,104)
r(25,13,2,104)
r(200,8,2,104)
r(355,7,2,104)
r(245,8,2,104)
r(90,3,2,104)
r(300,3,2,104)
r(16,2,2,104)
w(256,2,2,104)
w(94,5,2,104)
w(199,2,2,104)
w(170,2,2,104)
r(103,10,2,104)
w(360,5,2,104)
r(256,5,3,105)
w(81,7,3,105)
w(317,12,3,105)
w(132,5,3,105)
w(46,9,3,105)
w(107,7,3,105)
w(250,3,3,105)
r(55,7,3,105)
r(295,7,3,105)
w(27,3,3,105)
w(325,7,3,105)
r(67,2,3,105)
r(265,10,3,105)
w(308,5,3,105)
w(32,9,3,105)
w(232,3,3,105)
w(71,5,3,105)
w(114,9,3,105)
w(185,5,3,105)
r(306,8,3,105)
w(8,3,3,105)
r(234,1,3,105)
w(69,9,3,105)
w(296,10,3,105)
w(289,7,3,105)
w(203,7,3,105)
w(201,5,3,105)
w(307,9,3,105)
w(19,9,3,105)
r(166,14,3,105)
r(11,6,4,106)
r(294,3,4,106)
w(230,9,4,106)
w(256,5,4,106)
r(66,5,4,106)
w(101,8,4,106)
r(307,10,4,106)
r(342,6,4,106)
w(35,12,4,106)
r(284,7,4,106)
r(174,3,4,106)
w(244,7,4,106)
w(131,10,4,106)
r(181,10,4,106)
r(342,6,4,106)
w(18,12,4,106)
w(157,8,4,106)
r(260,2,4,106)
r(103,8,4,106)
w(197,10,4,106)
r(311,9,4,106)
r(343,9,4,106)
r(28,2,4,106)
r(332,12,4,106)
w(214,8,4,106)
r(203,3,4,106)
r(106,3,4,106)
r(247,6,4,106)
r(256,5,4,106)
w(188,7,4,106)
r(230,9,5,107)
w(319,7,5,107)
w(189,9,5,107)
r(300,3,5,107)
w(170,12,5,107)
w(352,6,5,107)
w(28,10,5,107)
r(205,3,5,107)
w(324,8,5,107)
r(220,7,5,107)
r(2,10,5,107)
w(104,12,5,107)
r(23,11,5,107)
w(113,7,5,107)
w(31,12,5,107)
r(154,2,5,107)
w(265,10,5,107)
w(29,10,5,107)
r(227,5,5,107)
w(141,5,5,107)
r(168,8,5,107)
w(49,9,5,107)
r(170,12,5,107)
r(238,3,5,107)
w(86,8,5,107)
r(108,9,5,107)
r(156,10,5,107)
r(336,10,5,107)
r(240,2,5,107)
r(85,3,5,107)
w(100,4,6,108)
w(342,6,6,108)
r(182,5,6,108)
r(273,9,6,108)
r(6,3,6,108)
w(349,6,6,108)
w(289,13,6,108)
w(54,5,6,108)
w(43,8,6,108)
w(11,6,6,108)
r(120,14,6,108)
w(114,4,6,108)
r(35,8,6,108)
r(148,2,6,108)
w(206,12,6,108)
r(83,7,6,108)
w(103,8,6,108)
r(194,9,6,108)
r(230,7,6,108)
w(48,13,6,108)
r(282,8,6,108)
r(236,3,6,108)
w(99,9,6,108)
w(156,10,6,108)
r(207,3,6,108)
r(199,8,6,108)
w(50,14,6,108)
r(165,2,6,108)
w(83,4,6,108)
w(42,12,6,108)
r(334,3,1,109)
w(248,2,1,109)
r(88,7,1,109)
r(175,1,1,109)
r(356,12,1,109)
r(131,7,1,109)
w(132,2,1,109)
r(102,8,1,109)
w(354,2,1,109)
w(166,2,1,109)
w(261,5,1,109)
r(230,6,1,109)
r(323,2,1,109)
w(318,3,1,109)
r(331,7,1,109)
w(214,3,1,109)
w(324,5,1,109)
r(30,9,1,109)
w(203,3,1,109)
w(5,3,1,109)
w(166,3,1,109)
r(175,1,1,109)
w(181,5,1,109)
w(267,5,1,109)
w(141,3,1,109)
w(163,2,1,109)
r(344,3,1,109)
w(80,5,1,109)
w(275,3,1,109)
w(244,3,1,109)
r(1,3,2,110)
r(172,3,2,110)
w(117,12,2,110)
r(64,12,2,110)
r(45,5,2,110)
w(105,3,2,110)
r(290,7,2,110)
w(116,3,2,110)
w(108,5,2,110)
w(84,5,2,110)
w(44,5,2,110)
w(321,3,2,110)
w(72,3,2,110)
w(166,7,2,110)
w(198,3,2,110)
r(245,8,2,110)
r(324,11,2,110)
r(28,2,2,110)
r(27,9,2,110)
w(27,2,2,110)
w(187,3,2,110)
w(140,3,2,110)
w(108,7,2,110)
w(339,2,2,110)
w(218,7,2,110)
r(218,7,2,110)
w(318,9,2,110)
w(73,8,2,110)
w(301,2,2,110)
r(189,2,2,110)
w(119,7,3,111)
r(99,9,3,111)
w(306,10,3,111)
r(348,8,3,111)
r(226,2,3,111)
w(16,5,3,111)
w(229,5,3,111)
r(254,7,3,111)
r(123,10,3,111)
r(137,10,3,111)
r(19,9,3,111)
w(268,7,3,111)
w(352,12,3,111)
r(23,12,3,111)
w(206,3,3,111)
w(269,7,3,111)
w(131,9,3,111)
w(74,10,3,111)
w(287,12,3,111)
r(305,3,3,111)
w(66,9,3,111)
r(157,8,3,111)
r(334,5,3,111)
w(165,7,3,111)
r(173,10,3,111)
w(96,5,3,111)
r(129,5,3,111)
r(108,9,3,111)
r(282,8,3,111)
r(227,5,3,111)
r(343,9,4,112)
w(114,12,4,112)
w(253,9,4,112)
w(213,9,4,112)
r(315,10,4,112)
r(194,9,4,112)
w(56,8,4,112)
r(15,10,4,112)
r(160,8,4,112)
r(286,11,4,112)
r(51,2,4,112)
w(35,11,4,112)
r(168,8,4,112)
w(212,9,4,112)
w(276,7,4,112)
w(266,9,4,112)
w(42,10,4,112)
w(59,5,4,112)
w(169,9,4,112)
r(256,5,4,112)
w(10,10,4,112)
w(25,12,4,112)
w(323,5,4,112)
w(236,7,4,112)
w(269,10,4,112)
w(156,9,4,112)
w(192,9,4,112)
r(43,8,4,112)
r(56,8,4,112)
w(284,8,4,112)
w(254,4,5,113)
w(48,6,6,114)
r(296,9,6,114)
w(105,12,6,114)
r(97,9,6,114)
w(218,11,6,114)
r(278,5,6,114)
r(236,3,6,114)
r(185,8,6,114)
w(186,11,6,114)
r(324,5,6,114)
r(195,5,6,114)
w(309,6,6,114)
w(166,14,6,114)
r(150,6,6,114)
r(284,7,6,114)
w(36,12,6,114)
r(28,2,6,114)
r(234,1,6,114)
r(144,8,6,114)
r(60,5,6,114)
w(335,13,6,114)
w(272,12,6,114)
r(12,1,6,114)
w(311,11,6,114)
w(293,5,6,114)
r(222,9,6,114)
w(191,11,6,114)
w(329,11,6,114)
w(56,14,6,114)
w(283,11,6,114)
r(299,9,1,115)
r(130,3,1,115)
r(325,3,1,115)
w(276,2,1,115)
w(354,3,1,115)
w(331,3,1,115)
r(155,7,1,115)
w(317,7,1,115)
r(195,12,1,115)
r(93,3,1,115)
r(195,12,1,115)
w(330,2,1,115)
r(38,7,1,115)
w(240,2,1,115)
w(85,3,1,115)
w(245,3,1,115)
r(27,2,1,115)
w(286,5,1,115)
w(195,5,1,115)
r(144,8,1,115)
w(322,7,1,115)
r(49,1,1,115)
r(104,8,1,115)
r(233,5,1,115)
r(276,2,1,115)
r(312,5,1,115)
r(274,9,1,115)
r(119,10,1,115)
w(216,7,1,115)
r(159,1,1,115)
r(27,2,2,116)
r(208,12,2,116)
r(2,5,2,116)
r(86,11,2,116)
r(249,5,2,116)
w(257,5,2,116)
r(104,6,2,116)
r(193,11,2,116)
w(331,7,2,116)
r(279,5,2,116)
r(325,3,2,116)
r(165,2,2,116)
w(228,7,2,116)
w(133,5,2,116)
w(270,3,2,116)
w(84,7,2,116)
w(231,5,2,116)
w(139,5,2,116)
w(203,5,2,116)
r(273,9,2,116)
r(150,2,2,116)
w(187,5,2,116)
r(297,12,2,116)
w(225,3,2,116)
w(223,10,2,116)
w(157,9,2,116)
w(57,9,2,116)
r(300,3,2,116)
r(329,7,2,116)
w(6,3,2,116)
w(155,10,3,117)
r(156,9,3,117)
w(88,5,3,117)
w(196,7,3,117)
w(53,9,3,117)
r(204,9,3,117)
r(170,12,3,117)
w(168,7,3,117)
w(115,10,3,117)
r(359,5,3,117)
w(224,5,3,117)
r(289,7,3,117)
w(67,3,3,117)
w(245,7,3,117)
w(288,5,3,117)
w(161,3,3,117)
r(282,8,3,117)
r(114,5,3,117)
r(328,2,3,117)
r(257,8,3,117)
w(10,5,3,117)
r(227,5,3,117)
w(85,9,3,117)
w(180,9,3,117)
w(224,7,3,117)
r(68,10,3,117)
r(142,2,3,117)
w(52,7,3,117)
w(258,5,3,117)
r(238,3,3,117)
w(334,5,4,118)
w(241,7,4,118)
w(284,12,4,118)
r(310,7,4,118)
w(78,7,4,118)
r(44,5,4,118)
w(44,9,4,118)
r(358,2,4,118)
w(61,8,4,118)
r(89,9,4,118)
r(173,10,4,118)
r(173,10,4,118)
w(354,8,4,118)
r(275,3,4,118)
w(343,10,4,118)
r(323,5,4,118)
r(185,12,4,118)
w(307,8,4,118)
w(94,9,4,118)
r(64,12,4,118)
w(306,8,4,118)
w(346,9,4,118)
r(338,5,4,118)
r(77,6,4,118)
w(182,11,4,118)
w(9,7,4,118)
r(161,2,4,118)
r(219,9,4,118)
w(27,5,4,118)
r(40,2,4,118)
w(89,7,5,119)
w(115,12,5,119)
w(23,12,5,119)
w(242,13,5,119)
r(299,9,5,119)
r(264,5,5,119)
r(336,10,5,119)
w(312,12,5,119)
w(4,10,5,119)
w(271,7,5,119)
w(56,6,5,119)
r(262,2,5,119)
w(230,12,5,119)
r(69,11,5,119)
r(204,9,5,119)
r(48,6,5,119)
r(248,2,5,119)
r(6,3,5,119)
w(97,6,5,119)
w(224,11,5,119)
r(233,7,5,119)
r(57,10,5,119)
w(79,9,5,119)
w(235,10,5,119)
r(296,9,5,119)
w(40,10,5,119)
r(324,8,5,119)
r(338,5,5,119)
w(41,3,5,119)
w(20,8,5,119)
r(314,10,6,120)
w(286,12,6,120)
r(82,11,6,120)
r(192,7,6,120)
r(254,3,6,120)
r(327,2,6,120)
r(144,7,6,120)
r(357,5,6,120)
r(83,4,6,120)
w(182,4,6,120)
w(139,13,6,120)
r(194,9,6,120)
w(286,11,6,120)
w(228,10,6,120)
w(163,9,6,120)
w(327,5,6,120)
w(330,9,6,120)
w(333,13,6,120)
w(27,10,6,120)
w(284,11,6,120)
w(198,4,6,120)
w(36,11,6,120)
w(71,12,6,120)
w(68,10,6,120)
r(245,3,6,120)
r(135,7,6,120)
w(185,12,6,120)
w(321,8,6,120)
r(52,2,6,120)
w(147,4,6,120)
w(341,3,1,121)
w(202,2,1,121)
w(287,5,1,121)
r(28,10,1,121)
r(120,14,1,121)
w(87,2,1,121)
r(14,9,1,121)
r(289,13,1,121)
r(352,6,1,121)
r(345,5,1,121)
w(228,2,1,121)
r(354,8,1,121)
w(150,7,1,121)
w(295,7,1,121)
r(264,5,1,121)
w(31,5,1,121)
r(152,7,1,121)
w(124,9,1,121)
r(225,3,1,121)
r(150,7,1,121)
w(57,5,1,121)
w(328,2,1,121)
r(276,7,1,121)
r(86,8,1,121)
w(3,3,1,121)
r(289,13,1,121)
r(157,8,1,121)
w(77,5,1,121)
w(222,3,1,121)
w(314,5,1,121)
r(286,3,2,122)
r(277,5,2,122)
r(272,9,2,122)
r(39,7,2,122)
w(353,7,2,122)
r(79,5,2,122)
r(10,2,2,122)
w(209,2,2,122)
w(287,10,2,122)
w(312,5,2,122)
r(69,11,2,122)
w(66,5,2,122)
r(306,9,2,122)
r(206,9,2,122)
w(290,9,2,122)
w(197,5,2,122)
w(170,3,2,122)
r(289,11,2,122)
w(57,10,2,122)
w(309,9,2,122)
r(239,9,2,122)
r(307,10,2,122)
w(306,7,2,122)
r(300,3,2,122)
r(204,9,2,122)
w(167,7,2,122)
w(253,5,2,122)
r(249,5,2,122)
r(172,3,2,122)
r(14,2,2,122)
w(199,5,3,123)
r(1,9,3,123)
w(220,5,3,123)
r(264,5,3,123)
r(258,5,3,123)
r(167,7,3,123)
w(154,5,3,123)
r(23,12,3,123)
w(305,9,3,123)
r(98,7,3,123)
r(16,5,3,123)
r(141,5,3,123)
w(20,5,3,123)
w(358,5,3,123)
w(113,3,3,123)
r(150,7,3,123)
w(86,5,3,123)
r(199,5,3,123)
w(351,2,3,123)
w(182,8,3,123)
w(196,9,3,123)
r(29,10,3,123)
r(114,5,3,123)
r(246,7,3,123)
w(129,7,3,123)
r(261,7,3,123)
r(99,9,3,123)
r(332,3,3,123)
w(243,10,3,123)
w(100,5,3,123)
r(116,3,5,124)
r(300,3,5,124)
r(116,3,5,124)
r(55,7,5,124)
r(214,8,5,124)
r(289,13,5,124)
r(355,7,5,124)
r(104,12,5,124)
w(211,6,5,124)
r(326,7,5,124)
w(2,8,5,124)
w(95,12,5,124)
w(312,11,5,124)
w(344,12,5,124)
w(332,6,5,124)
r(354,8,5,124)
r(263,7,5,124)
r(72,5,5,124)
w(291,9,5,124)
r(87,2,5,124)
w(85,11,5,124)
r(288,7,5,124)
w(246,11,5,124)
w(53,4,5,124)
w(328,12,5,124)
w(120,13,5,124)
r(143,3,5,124)
w(125,11,5,124)
r(3,3,1,125)
w(114,5,1,125)
w(192,2,1,125)
r(35,11,1,125)
w(305,3,1,125)
r(71,5,1,125)
w(181,7,1,125)
r(212,9,1,125)
w(211,9,1,125)
r(91,10,1,125)
w(342,5,1,125)
r(88,7,1,125)
w(117,5,1,125)
r(192,2,1,125)
w(332,3,1,125)
r(348,8,1,125)
w(254,7,1,125)
w(354,5,1,125)
r(322,7,1,125)
w(294,2,1,125)
w(160,3,1,125)
r(312,12,1,125)
w(75,5,1,125)
w(105,2,1,125)
w(126,3,1,125)
w(62,3,1,125)
r(186,11,1,125)
r(206,12,1,125)
w(281,2,1,125)
w(64,3,1,125)
r(145,5,2,126)
w(268,5,2,126)
w(107,5,2,126)
w(105,5,2,126)
r(53,13,2,126)
w(121,12,2,126)
r(91,10,2,126)
w(130,5,2,126)
w(33,2,2,126)
w(238,3,2,126)
w(269,5,2,126)
w(230,5,2,126)
w(97,9,2,126)
w(20,2,2,126)
r(86,11,2,126)
r(218,7,2,126)
w(233,7,2,126)
r(150,6,2,126)
r(52,2,2,126)
r(67,2,2,126)
r(206,12,2,126)
w(189,3,2,126)
w(210,5,2,126)
r(157,9,2,126)
r(40,2,2,126)
w(108,9,2,126)
w(115,7,2,126)
r(47,1,2,126)
w(261,7,2,126)
r(192,7,2,126)
w(276,3,2,127)
r(247,6,2,127)
w(297,5,2,127)
w(313,7,2,127)
r(335,13,2,127)
r(32,3,2,127)
r(48,6,2,127)
w(223,8,2,127)
r(181,10,2,127)
w(227,5,2,127)
r(322,7,2,127)
w(181,9,2,127)
w(328,5,2,127)
w(53,7,2,127)
w(144,7,2,127)
r(222,9,2,127)
w(360,7,2,127)
r(58,5,2,127)
w(70,3,2,127)
r(248,2,2,127)
w(72,5,2,127)
w(25,7,2,127)
r(195,5,2,127)
r(76,5,2,127)
r(257,8,2,127)
r(329,11,2,127)
r(144,7,2,127)
r(147,8,2,127)
r(305,7,2,127)
r(21,3,2,127)
