w(1,1,0,0)
w(2,1,0,0)
w(3,1,0,0)
w(4,1,0,0)
w(5,1,0,0)
w(6,1,0,0)
w(7,1,0,0)
w(8,1,0,0)
w(9,1,0,0)
w(10,1,0,0)
w(11,1,0,0)
w(12,1,0,0)
w(13,1,0,0)
w(14,1,0,0)
w(15,1,0,0)
w(16,1,0,0)
w(17,1,0,0)
w(18,1,0,0)
w(19,1,0,0)
w(20,1,0,0)
w(21,1,0,0)
w(22,1,0,0)
w(23,1,0,0)
w(24,1,0,0)
w(25,1,0,0)
w(26,1,0,0)
w(27,1,0,0)
w(28,1,0,0)
w(29,1,0,0)
w(30,1,0,0)
w(31,1,0,0)
w(32,1,0,0)
w(33,1,0,0)
w(34,1,0,0)
w(35,1,0,0)
w(36,1,0,0)
w(37,1,0,0)
w(38,1,0,0)
w(39,1,0,0)
w(40,1,0,0)
w(41,1,0,0)
w(42,1,0,0)
w(43,1,0,0)
w(44,1,0,0)
w(45,1,0,0)
w(46,1,0,0)
w(47,1,0,0)
w(48,1,0,0)
w(49,1,0,0)
w(50,1,0,0)
w(51,1,0,0)
w(52,1,0,0)
w(53,1,0,0)
w(54,1,0,0)
w(55,1,0,0)
w(56,1,0,0)
w(57,1,0,0)
w(58,1,0,0)
w(59,1,0,0)
w(60,1,0,0)
w(61,1,0,0)
w(62,1,0,0)
w(63,1,0,0)
w(64,1,0,0)
w(65,1,0,0)
w(66,1,0,0)
w(67,1,0,0)
w(68,1,0,0)
w(69,1,0,0)
w(70,1,0,0)
w(71,1,0,0)
w(72,1,0,0)
w(73,1,0,0)
w(74,1,0,0)
w(75,1,0,0)
w(76,1,0,0)
w(77,1,0,0)
w(78,1,0,0)
w(79,1,0,0)
w(80,1,0,0)
w(81,1,0,0)
w(82,1,0,0)
w(83,1,0,0)
w(84,1,0,0)
w(85,1,0,0)
w(86,1,0,0)
w(87,1,0,0)
w(88,1,0,0)
w(89,1,0,0)
w(90,1,0,0)
w(91,1,0,0)
w(92,1,0,0)
w(93,1,0,0)
w(94,1,0,0)
w(95,1,0,0)
w(96,1,0,0)
w(97,1,0,0)
w(98,1,0,0)
w(99,1,0,0)
w(100,1,0,0)
w(101,1,0,0)
w(102,1,0,0)
w(103,1,0,0)
w(104,1,0,0)
w(105,1,0,0)
w(106,1,0,0)
w(107,1,0,0)
w(108,1,0,0)
w(109,1,0,0)
w(110,1,0,0)
w(111,1,0,0)
w(112,1,0,0)
w(113,1,0,0)
w(114,1,0,0)
w(115,1,0,0)
w(116,1,0,0)
w(117,1,0,0)
w(118,1,0,0)
w(119,1,0,0)
w(120,1,0,0)
w(121,1,0,0)
w(122,1,0,0)
w(123,1,0,0)
w(124,1,0,0)
w(125,1,0,0)
w(126,1,0,0)
w(127,1,0,0)
w(128,1,0,0)
w(129,1,0,0)
w(130,1,0,0)
w(131,1,0,0)
w(132,1,0,0)
w(133,1,0,0)
w(134,1,0,0)
w(135,1,0,0)
w(136,1,0,0)
w(137,1,0,0)
w(138,1,0,0)
w(139,1,0,0)
w(140,1,0,0)
w(141,1,0,0)
w(142,1,0,0)
w(143,1,0,0)
w(144,1,0,0)
w(145,1,0,0)
w(146,1,0,0)
w(147,1,0,0)
w(148,1,0,0)
w(149,1,0,0)
w(150,1,0,0)
w(151,1,0,0)
w(152,1,0,0)
w(153,1,0,0)
w(154,1,0,0)
w(155,1,0,0)
w(156,1,0,0)
w(157,1,0,0)
w(158,1,0,0)
w(159,1,0,0)
w(160,1,0,0)
w(161,1,0,0)
w(162,1,0,0)
w(163,1,0,0)
w(164,1,0,0)
w(165,1,0,0)
w(166,1,0,0)
w(167,1,0,0)
w(168,1,0,0)
w(169,1,0,0)
w(170,1,0,0)
w(171,1,0,0)
w(172,1,0,0)
w(173,1,0,0)
w(174,1,0,0)
w(175,1,0,0)
w(176,1,0,0)
w(177,1,0,0)
w(178,1,0,0)
w(179,1,0,0)
w(180,1,0,0)
w(181,1,0,0)
w(182,1,0,0)
w(183,1,0,0)
w(184,1,0,0)
w(185,1,0,0)
w(186,1,0,0)
w(187,1,0,0)
w(188,1,0,0)
w(189,1,0,0)
w(190,1,0,0)
w(191,1,0,0)
w(192,1,0,0)
w(193,1,0,0)
w(194,1,0,0)
w(195,1,0,0)
w(196,1,0,0)
w(197,1,0,0)
w(198,1,0,0)
w(199,1,0,0)
w(200,1,0,0)
w(201,1,0,0)
w(202,1,0,0)
w(203,1,0,0)
w(204,1,0,0)
w(205,1,0,0)
w(206,1,0,0)
w(207,1,0,0)
w(208,1,0,0)
w(209,1,0,0)
w(210,1,0,0)
w(211,1,0,0)
w(212,1,0,0)
w(213,1,0,0)
w(214,1,0,0)
w(215,1,0,0)
w(216,1,0,0)
w(217,1,0,0)
w(218,1,0,0)
w(219,1,0,0)
w(220,1,0,0)
w(221,1,0,0)
w(222,1,0,0)
w(223,1,0,0)
w(224,1,0,0)
w(225,1,0,0)
w(226,1,0,0)
w(227,1,0,0)
w(228,1,0,0)
w(229,1,0,0)
w(230,1,0,0)
w(231,1,0,0)
w(232,1,0,0)
w(233,1,0,0)
w(234,1,0,0)
w(235,1,0,0)
w(236,1,0,0)
w(237,1,0,0)
w(238,1,0,0)
w(239,1,0,0)
w(240,1,0,0)
w(241,1,0,0)
w(242,1,0,0)
w(243,1,0,0)
w(244,1,0,0)
w(245,1,0,0)
w(246,1,0,0)
w(247,1,0,0)
w(248,1,0,0)
w(249,1,0,0)
w(250,1,0,0)
w(251,1,0,0)
w(252,1,0,0)
w(253,1,0,0)
w(254,1,0,0)
w(255,1,0,0)
w(256,1,0,0)
w(257,1,0,0)
w(258,1,0,0)
w(259,1,0,0)
w(260,1,0,0)
w(261,1,0,0)
w(262,1,0,0)
w(263,1,0,0)
w(264,1,0,0)
w(265,1,0,0)
w(266,1,0,0)
w(267,1,0,0)
w(268,1,0,0)
w(269,1,0,0)
w(270,1,0,0)
w(271,1,0,0)
w(272,1,0,0)
w(273,1,0,0)
w(274,1,0,0)
w(275,1,0,0)
w(276,1,0,0)
w(277,1,0,0)
w(278,1,0,0)
w(279,1,0,0)
w(280,1,0,0)
w(281,1,0,0)
w(282,1,0,0)
w(283,1,0,0)
w(284,1,0,0)
w(285,1,0,0)
w(286,1,0,0)
w(287,1,0,0)
w(288,1,0,0)
w(289,1,0,0)
w(290,1,0,0)
w(291,1,0,0)
w(292,1,0,0)
w(293,1,0,0)
w(294,1,0,0)
w(295,1,0,0)
w(296,1,0,0)
w(297,1,0,0)
w(298,1,0,0)
w(299,1,0,0)
w(300,1,0,0)
w(301,1,0,0)
w(302,1,0,0)
w(303,1,0,0)
w(304,1,0,0)
w(305,1,0,0)
w(306,1,0,0)
w(307,1,0,0)
w(308,1,0,0)
w(309,1,0,0)
w(310,1,0,0)
w(311,1,0,0)
w(312,1,0,0)
w(313,1,0,0)
w(314,1,0,0)
w(315,1,0,0)
w(316,1,0,0)
w(317,1,0,0)
w(318,1,0,0)
w(319,1,0,0)
w(320,1,0,0)
w(321,1,0,0)
w(322,1,0,0)
w(323,1,0,0)
w(324,1,0,0)
w(325,1,0,0)
w(326,1,0,0)
w(327,1,0,0)
w(328,1,0,0)
w(329,1,0,0)
w(330,1,0,0)
w(331,1,0,0)
w(332,1,0,0)
w(333,1,0,0)
w(334,1,0,0)
w(335,1,0,0)
w(336,1,0,0)
w(337,1,0,0)
w(338,1,0,0)
w(339,1,0,0)
w(340,1,0,0)
w(341,1,0,0)
w(342,1,0,0)
w(343,1,0,0)
w(344,1,0,0)
w(345,1,0,0)
w(346,1,0,0)
w(347,1,0,0)
w(348,1,0,0)
w(349,1,0,0)
w(350,1,0,0)
w(351,1,0,0)
w(352,1,0,0)
w(353,1,0,0)
w(354,1,0,0)
w(355,1,0,0)
w(356,1,0,0)
w(357,1,0,0)
w(358,1,0,0)
w(359,1,0,0)
w(360,1,0,0)
w(361,1,0,0)
w(362,1,0,0)
w(363,1,0,0)
w(364,1,0,0)
w(365,1,0,0)
w(366,1,0,0)
w(367,1,0,0)
w(368,1,0,0)
w(369,1,0,0)
w(370,1,0,0)
w(371,1,0,0)
w(372,1,0,0)
w(373,1,0,0)
w(374,1,0,0)
w(375,1,0,0)
w(376,1,0,0)
w(377,1,0,0)
w(378,1,0,0)
w(379,1,0,0)
w(380,1,0,0)
w(381,1,0,0)
w(382,1,0,0)
w(383,1,0,0)
w(384,1,0,0)
w(385,1,0,0)
w(386,1,0,0)
w(387,1,0,0)
w(388,1,0,0)
w(389,1,0,0)
w(390,1,0,0)
w(391,1,0,0)
w(392,1,0,0)
w(393,1,0,0)
w(394,1,0,0)
w(395,1,0,0)
w(396,1,0,0)
w(397,1,0,0)
w(398,1,0,0)
w(399,1,0,0)
w(400,1,0,0)
w(401,1,0,0)
w(402,1,0,0)
w(403,1,0,0)
w(404,1,0,0)
w(405,1,0,0)
w(406,1,0,0)
w(407,1,0,0)
w(408,1,0,0)
w(409,1,0,0)
w(410,1,0,0)
w(411,1,0,0)
w(412,1,0,0)
w(413,1,0,0)
w(414,1,0,0)
w(415,1,0,0)
w(416,1,0,0)
w(417,1,0,0)
w(418,1,0,0)
w(419,1,0,0)
w(420,1,0,0)
w(421,1,0,0)
w(422,1,0,0)
w(423,1,0,0)
w(424,1,0,0)
w(425,1,0,0)
w(426,1,0,0)
w(427,1,0,0)
w(428,1,0,0)
w(429,1,0,0)
w(430,1,0,0)
w(431,1,0,0)
w(432,1,0,0)
w(433,1,0,0)
w(434,1,0,0)
w(435,1,0,0)
w(436,1,0,0)
w(437,1,0,0)
w(438,1,0,0)
w(439,1,0,0)
w(440,1,0,0)
w(441,1,0,0)
w(442,1,0,0)
w(443,1,0,0)
w(444,1,0,0)
w(445,1,0,0)
w(446,1,0,0)
w(447,1,0,0)
w(448,1,0,0)
w(449,1,0,0)
w(450,1,0,0)
w(451,1,0,0)
w(452,1,0,0)
w(453,1,0,0)
w(454,1,0,0)
w(455,1,0,0)
w(456,1,0,0)
w(457,1,0,0)
w(458,1,0,0)
w(459,1,0,0)
w(460,1,0,0)
w(461,1,0,0)
w(462,1,0,0)
w(463,1,0,0)
w(464,1,0,0)
w(465,1,0,0)
w(466,1,0,0)
w(467,1,0,0)
w(468,1,0,0)
w(469,1,0,0)
w(470,1,0,0)
w(471,1,0,0)
w(472,1,0,0)
w(473,1,0,0)
w(474,1,0,0)
w(475,1,0,0)
w(476,1,0,0)
w(477,1,0,0)
w(478,1,0,0)
w(479,1,0,0)
w(294,2,1,1)
w(370,2,1,1)
r(85,1,1,1)
r(36,3,1,1)
w(199,2,1,1)
r(431,1,1,1)
w(184,2,1,1)
r(347,1,1,1)
r(28,1,1,1)
w(236,2,1,1)
r(235,1,1,1)
r(349,1,1,1)
w(67,2,1,1)
r(269,1,1,1)
r(360,1,1,1)
r(278,1,1,1)
w(9,2,1,1)
w(476,2,1,1)
w(33,2,1,1)
w(29,4,1,1)
r(87,1,2,2)
r(97,1,2,2)
r(408,1,2,2)
r(55,1,2,2)
r(334,1,2,2)
r(371,1,2,2)
w(292,4,2,2)
r(113,1,2,2)
r(138,1,2,2)
r(455,1,2,2)
r(470,1,2,2)
r(101,1,2,2)
r(300,1,2,2)
w(456,4,2,2)
r(180,1,2,2)
r(335,1,2,2)
r(230,1,2,2)
w(418,2,2,2)
w(74,2,2,2)
w(443,2,2,2)
r(133,1,3,3)
w(279,6,3,3)
r(354,1,3,3)
w(49,4,3,3)
w(34,2,3,3)
r(176,1,3,3)
r(204,1,3,3)
r(165,1,3,3)
r(304,1,3,3)
w(50,2,3,3)
w(234,3,3,3)
w(468,2,3,3)
r(18,1,3,3)
r(187,1,3,3)
r(111,1,3,3)
r(139,1,3,3)
r(283,1,3,3)
r(87,1,3,3)
r(173,1,3,3)
w(313,4,3,3)
w(91,3,4,4)
w(369,4,4,4)
r(183,1,4,4)
r(373,1,4,4)
r(94,1,4,4)
w(209,3,4,4)
w(390,6,4,4)
w(477,6,4,4)
r(310,1,4,4)
r(234,1,4,4)
w(199,6,4,4)
r(393,1,4,4)
r(330,1,4,4)
w(466,5,4,4)
w(289,2,4,4)
r(101,1,4,4)
w(390,3,4,4)
w(336,4,4,4)
r(354,1,4,4)
r(140,1,4,4)
w(2,8,5,5)
r(126,1,5,5)
r(373,1,5,5)
w(133,4,5,5)
r(320,1,5,5)
r(1,1,5,5)
w(92,3,5,5)
w(178,5,5,5)
r(416,1,5,5)
r(274,1,5,5)
w(145,8,5,5)
w(415,2,5,5)
r(459,1,5,5)
w(151,4,5,5)
r(421,1,5,5)
r(68,1,5,5)
r(467,1,5,5)
w(41,4,5,5)
r(368,1,5,5)
r(181,1,5,5)
r(399,1,6,6)
w(96,3,6,6)
w(381,6,6,6)
r(133,1,6,6)
w(321,3,6,6)
w(325,6,6,6)
r(14,1,6,6)
w(167,5,6,6)
w(245,5,6,6)
w(434,4,6,6)
w(270,3,6,6)
r(277,1,6,6)
r(171,1,6,6)
w(36,3,6,6)
r(244,1,6,6)
r(131,1,6,6)
w(220,6,6,6)
r(45,1,6,6)
w(82,3,6,6)
w(461,5,6,6)
w(88,2,1,7)
w(310,2,1,7)
w(432,2,1,7)
w(456,2,1,7)
r(401,1,1,7)
r(479,1,1,7)
r(385,1,1,7)
r(262,1,1,7)
r(33,2,1,7)
r(421,1,1,7)
r(85,1,1,7)
w(475,2,1,7)
w(281,2,1,7)
r(29,4,1,7)
r(169,1,1,7)
r(401,1,1,7)
r(107,1,1,7)
w(122,2,1,7)
r(151,4,1,7)
w(319,2,1,7)
r(395,1,2,8)
r(196,1,2,8)
w(276,2,2,8)
r(141,1,2,8)
w(111,2,2,8)
w(363,2,2,8)
w(244,2,2,8)
r(167,5,2,8)
w(35,2,2,8)
w(450,2,2,8)
w(125,4,2,8)
w(333,2,2,8)
r(48,1,2,8)
w(466,4,2,8)
r(18,1,2,8)
w(202,2,2,8)
w(342,2,2,8)
w(446,2,2,8)
w(91,4,2,8)
w(49,2,2,8)
w(63,4,3,9)
r(430,1,3,9)
w(391,2,3,9)
r(208,1,3,9)
r(316,7,3,9)
r(158,1,3,9)
w(229,2,3,9)
w(143,2,3,9)
r(292,4,3,9)
r(375,1,3,9)
r(254,5,3,9)
r(390,3,3,9)
r(154,1,3,9)
r(123,1,3,9)
w(63,6,3,9)
w(174,4,3,9)
r(225,1,3,9)
r(96,3,3,9)
w(296,2,3,9)
w(286,6,3,9)
r(62,1,4,10)
r(121,1,4,10)
w(32,2,4,10)
r(311,1,4,10)
w(369,6,4,10)
w(42,6,4,10)
r(40,1,4,10)
w(164,3,4,10)
r(145,8,4,10)
r(65,1,4,10)
r(228,1,4,10)
w(243,6,4,10)
w(280,4,4,10)
w(77,2,4,10)
w(250,6,4,10)
r(80,1,4,10)
r(359,1,4,10)
r(319,1,4,10)
w(450,4,4,10)
w(305,6,4,10)
w(408,4,5,11)
r(157,1,5,11)
w(68,6,5,11)
w(148,7,5,11)
r(188,1,5,11)
r(126,1,5,11)
w(325,4,5,11)
w(242,5,5,11)
r(88,1,5,11)
w(111,6,5,11)
r(191,1,5,11)
w(351,4,5,11)
r(314,1,5,11)
w(81,6,5,11)
r(438,1,5,11)
w(173,3,5,11)
r(429,1,5,11)
w(333,7,5,11)
w(89,3,5,11)
w(423,3,5,11)
w(144,6,6,12)
w(254,5,6,12)
w(316,7,6,12)
r(190,1,6,12)
w(354,3,6,12)
r(100,1,6,12)
w(291,4,6,12)
r(2,8,6,12)
r(414,1,6,12)
w(427,8,6,12)
r(243,1,6,12)
r(413,1,6,12)
r(270,3,6,12)
w(45,11,6,12)
r(452,1,6,12)
r(382,1,6,12)
w(371,4,6,12)
r(202,1,6,12)
w(222,5,6,12)
r(394,1,6,12)
r(266,1,1,13)
r(326,1,1,13)
w(353,2,1,13)
r(60,1,1,13)
r(285,1,1,13)
r(227,1,1,13)
r(301,1,1,13)
r(166,1,1,13)
w(89,2,1,13)
r(464,5,1,13)
r(34,2,1,13)
w(47,2,1,13)
w(293,2,1,13)
w(153,2,1,13)
w(436,2,1,13)
r(309,1,1,13)
w(236,4,1,13)
w(236,6,1,13)
r(346,1,1,13)
w(149,2,1,13)
w(245,6,2,14)
r(425,1,2,14)
r(103,1,2,14)
r(292,4,2,14)
w(377,2,2,14)
w(15,4,2,14)
w(295,2,2,14)
w(254,2,2,14)
w(445,3,2,14)
r(419,2,2,14)
w(330,2,2,14)
r(390,3,2,14)
r(463,1,2,14)
w(191,4,2,14)
r(86,6,2,14)
r(213,1,2,14)
r(324,1,2,14)
w(469,2,2,14)
r(58,6,2,14)
w(215,6,2,14)
r(403,1,3,15)
w(276,3,3,15)
r(50,2,3,15)
w(179,2,3,15)
r(187,1,3,15)
r(393,1,3,15)
w(118,3,3,15)
r(88,2,3,15)
w(186,2,3,15)
r(185,1,3,15)
w(379,4,3,15)
w(55,2,3,15)
r(239,1,3,15)
w(207,2,3,15)
w(219,6,3,15)
r(286,6,3,15)
r(62,1,3,15)
w(451,6,3,15)
w(162,6,3,15)
r(356,1,3,15)
w(408,2,4,16)
w(116,3,4,16)
w(147,2,4,16)
w(65,5,4,16)
r(342,1,4,16)
w(39,4,4,16)
w(313,6,4,16)
w(2,5,4,16)
w(337,4,4,16)
w(336,6,4,16)
w(221,6,4,16)
w(88,4,4,16)
w(58,6,4,16)
w(82,2,4,16)
r(218,1,4,16)
r(118,1,4,16)
w(222,3,4,16)
r(18,1,4,16)
r(57,1,4,16)
r(28,1,4,16)
w(198,4,5,17)
r(387,1,5,17)
w(464,5,5,17)
w(318,3,5,17)
r(85,1,5,17)
w(113,6,5,17)
r(282,1,5,17)
w(410,3,5,17)
w(54,4,5,17)
r(261,1,5,17)
w(303,4,5,17)
w(471,6,5,17)
r(287,1,5,17)
w(321,4,5,17)
r(185,1,5,17)
r(179,1,5,17)
r(412,1,5,17)
r(228,1,5,17)
w(249,4,5,17)
r(216,1,5,17)
w(431,6,6,18)
r(401,4,6,18)
w(379,7,6,18)
r(340,1,6,18)
w(38,6,6,18)
r(93,1,6,18)
r(405,1,6,18)
w(330,6,6,18)
r(155,1,6,18)
w(68,3,6,18)
w(353,5,6,18)
r(413,1,6,18)
r(76,1,6,18)
w(117,6,6,18)
r(268,1,6,18)
r(267,1,6,18)
r(318,3,6,18)
r(279,6,6,18)
w(244,5,6,18)
w(82,5,6,18)
w(122,4,1,19)
w(18,2,1,19)
w(116,2,1,19)
w(430,2,1,19)
w(215,2,1,19)
w(316,2,1,19)
r(5,1,1,19)
w(158,2,1,19)
w(91,2,1,19)
w(427,2,1,19)
w(396,2,1,19)
w(137,2,1,19)
r(319,2,1,19)
w(350,2,1,19)
r(379,7,1,19)
w(162,2,1,19)
r(215,2,1,19)
w(16,2,1,19)
w(156,2,1,19)
w(99,2,1,19)
r(39,3,2,20)
r(68,5,2,20)
w(236,5,2,20)
w(456,6,2,20)
w(448,4,2,20)
r(442,2,2,20)
w(89,4,2,20)
w(371,2,2,20)
r(141,1,2,20)
w(355,2,2,20)
w(149,4,2,20)
w(445,5,2,20)
r(142,1,2,20)
r(234,8,2,20)
r(2,6,2,20)
w(196,6,2,20)
r(360,3,2,20)
r(129,1,2,20)
r(101,1,2,20)
w(350,4,2,20)
r(118,3,3,21)
r(473,1,3,21)
w(18,4,3,21)
w(355,6,3,21)
w(283,2,3,21)
w(237,6,3,21)
r(288,1,3,21)
r(457,1,3,21)
w(218,4,3,21)
w(145,5,3,21)
r(82,4,3,21)
r(133,4,3,21)
w(45,4,3,21)
w(302,3,3,21)
w(150,2,3,21)
w(171,2,3,21)
r(93,1,3,21)
w(417,2,3,21)
w(271,2,3,21)
w(419,2,3,21)
w(270,4,4,22)
w(378,6,4,22)
w(120,2,4,22)
r(63,6,4,22)
w(202,5,4,22)
w(234,7,4,22)
r(383,1,4,22)
w(378,3,4,22)
w(348,6,4,22)
w(169,4,4,22)
w(71,5,4,22)
r(79,1,4,22)
w(190,3,4,22)
w(273,7,4,22)
w(401,4,4,22)
w(307,3,4,22)
w(150,4,4,22)
w(476,5,4,22)
w(198,2,4,22)
r(66,1,4,22)
r(234,3,5,23)
w(35,6,5,23)
r(425,1,5,23)
r(475,1,5,23)
r(121,1,5,23)
w(117,4,5,23)
w(56,3,5,23)
w(19,3,5,23)
w(477,7,5,23)
w(15,11,5,23)
r(422,1,5,23)
w(283,4,5,23)
w(342,7,5,23)
w(145,11,5,23)
w(82,4,5,23)
r(211,1,5,23)
r(342,7,5,23)
r(440,1,5,23)
r(125,1,5,23)
r(468,2,5,23)
w(68,5,6,24)
r(100,1,6,24)
w(292,5,6,24)
r(132,6,6,24)
w(406,4,6,24)
w(90,3,6,24)
r(174,6,6,24)
w(61,3,6,24)
r(27,1,6,24)
w(270,5,6,24)
r(40,1,6,24)
w(470,2,6,24)
w(139,6,6,24)
r(410,3,6,24)
r(199,2,6,24)
w(277,4,6,24)
r(50,2,6,24)
w(423,7,6,24)
w(338,6,6,24)
w(8,4,6,24)
w(6,2,1,25)
w(339,2,1,25)
r(459,1,1,25)
r(223,1,1,25)
r(278,6,1,25)
w(298,2,1,25)
w(302,2,1,25)
r(366,2,1,25)
r(147,2,1,25)
r(201,1,1,25)
r(11,1,1,25)
w(422,2,1,25)
r(368,1,1,25)
w(259,2,1,25)
r(229,6,1,25)
r(243,4,1,25)
w(273,2,1,25)
w(344,2,1,25)
w(258,2,1,25)
r(413,1,1,25)
w(405,4,2,26)
w(414,2,2,26)
r(35,3,2,26)
w(236,7,2,26)
w(254,4,2,26)
w(203,4,2,26)
r(152,1,2,26)
w(115,6,2,26)
w(132,4,2,26)
r(449,3,2,26)
r(53,1,2,26)
w(156,4,2,26)
r(177,1,2,26)
r(31,1,2,26)
w(302,4,2,26)
r(47,3,2,26)
w(193,3,2,26)
r(306,1,2,26)
w(119,6,2,26)
w(257,4,2,26)
r(351,4,3,27)
r(461,5,3,27)
w(436,6,3,27)
w(278,4,3,27)
r(96,3,3,27)
r(248,1,3,27)
w(361,2,3,27)
w(124,4,3,27)
r(154,1,3,27)
r(348,6,3,27)
w(179,4,3,27)
w(366,2,3,27)
r(54,4,3,27)
r(281,2,3,27)
w(278,6,3,27)
w(2,6,3,27)
w(132,6,3,27)
w(317,6,3,27)
r(238,1,3,27)
w(7,6,3,27)
r(52,1,4,28)
r(299,1,4,28)
w(174,6,4,28)
w(164,5,4,28)
w(373,5,4,28)
r(266,1,4,28)
w(333,5,4,28)
w(442,2,4,28)
r(363,2,4,28)
r(196,1,4,28)
w(33,3,4,28)
r(352,1,4,28)
w(454,4,4,28)
r(342,2,4,28)
w(185,3,4,28)
r(281,2,4,28)
w(120,4,4,28)
w(216,3,4,28)
w(86,6,4,28)
r(213,1,4,28)
w(265,4,5,29)
r(100,1,5,29)
r(260,1,5,29)
r(215,1,5,29)
w(447,5,5,29)
r(168,1,5,29)
r(273,7,5,29)
w(138,3,5,29)
w(276,5,5,29)
r(231,1,5,29)
w(460,5,5,29)
w(104,2,5,29)
w(389,6,5,29)
r(33,2,5,29)
r(469,1,5,29)
w(445,7,5,29)
r(244,2,5,29)
w(314,4,5,29)
r(401,4,5,29)
r(80,1,5,29)
w(302,5,6,30)
w(425,3,6,30)
r(413,1,6,30)
w(405,3,6,30)
r(165,1,6,30)
r(156,1,6,30)
w(257,8,6,30)
r(189,1,6,30)
r(299,1,6,30)
w(434,6,6,30)
r(66,1,6,30)
r(357,1,6,30)
w(148,8,6,30)
w(374,5,6,30)
w(203,5,6,30)
w(408,6,6,30)
w(146,4,6,30)
w(1,5,6,30)
r(281,2,6,30)
r(278,6,6,30)
w(72,2,1,31)
r(342,2,1,31)
w(394,2,1,31)
w(16,4,1,31)
r(422,2,1,31)
r(5,1,1,31)
r(469,2,1,31)
w(459,2,1,31)
r(436,2,1,31)
w(125,2,1,31)
r(316,2,1,31)
w(245,2,1,31)
w(13,2,1,31)
r(438,3,1,31)
r(468,4,1,31)
w(221,2,1,31)
w(61,2,1,31)
r(306,1,1,31)
w(68,2,1,31)
w(25,2,1,31)
r(250,3,2,32)
w(447,2,2,32)
w(70,4,2,32)
w(137,4,2,32)
w(275,4,2,32)
w(390,4,2,32)
w(75,2,2,32)
r(467,4,2,32)
w(337,2,2,32)
w(86,2,2,32)
r(318,3,2,32)
w(204,2,2,32)
r(194,3,2,32)
w(116,4,2,32)
w(288,2,2,32)
w(131,4,2,32)
r(408,6,2,32)
r(143,4,2,32)
w(158,4,2,32)
r(408,6,2,32)
w(194,2,3,33)
w(161,4,3,33)
w(297,2,3,33)
r(378,3,3,33)
r(396,1,3,33)
w(471,4,3,33)
r(236,2,3,33)
r(261,1,3,33)
w(373,4,3,33)
r(145,5,3,33)
r(68,5,3,33)
w(381,4,3,33)
w(341,2,3,33)
r(71,5,3,33)
r(182,1,3,33)
w(202,4,3,33)
w(44,4,3,33)
r(112,1,3,33)
w(140,6,3,33)
w(136,2,3,33)
w(455,3,4,34)
r(22,1,4,34)
w(313,3,4,34)
w(421,4,4,34)
w(21,6,4,34)
r(343,1,4,34)
w(449,3,4,34)
r(341,1,4,34)
r(192,1,4,34)
w(175,4,4,34)
r(238,1,4,34)
w(475,5,4,34)
r(138,3,4,34)
w(116,5,4,34)
w(103,4,4,34)
r(157,1,4,34)
r(452,1,4,34)
w(477,3,4,34)
r(139,1,4,34)
r(378,3,4,34)
w(421,3,5,35)
r(435,1,5,35)
r(381,6,5,35)
r(324,1,5,35)
w(462,4,5,35)
r(41,4,5,35)
r(32,2,5,35)
r(97,1,5,35)
w(136,6,5,35)
w(35,3,5,35)
w(341,6,5,35)
w(229,6,5,35)
w(230,6,5,35)
r(456,2,5,35)
w(125,6,5,35)
r(152,1,5,35)
r(258,1,5,35)
w(33,5,5,35)
r(385,1,5,35)
r(402,1,5,35)
w(41,6,6,36)
r(331,1,6,36)
r(392,1,6,36)
w(24,5,6,36)
r(371,4,6,36)
w(197,2,6,36)
w(7,3,6,36)
w(309,4,6,36)
r(138,3,6,36)
w(365,4,6,36)
w(438,3,6,36)
r(288,1,6,36)
w(157,4,6,36)
r(52,1,6,36)
r(159,1,6,36)
r(73,1,6,36)
r(237,6,6,36)
w(235,6,6,36)
r(424,1,6,36)
r(191,4,6,36)
r(456,6,1,37)
w(315,2,1,37)
w(328,2,1,37)
r(441,1,1,37)
w(423,2,1,37)
w(445,2,1,37)
w(123,2,1,37)
w(436,4,1,37)
w(135,2,1,37)
w(73,2,1,37)
w(164,2,1,37)
w(380,2,1,37)
w(472,2,1,37)
r(25,2,1,37)
r(407,6,1,37)
r(391,2,1,37)
w(129,2,1,37)
r(306,1,1,37)
w(249,2,1,37)
r(8,4,1,37)
w(348,2,2,38)
r(126,4,2,38)
w(435,4,2,38)
w(440,2,2,38)
w(322,2,2,38)
w(316,4,2,38)
r(16,6,2,38)
r(386,1,2,38)
w(224,4,2,38)
r(21,5,2,38)
w(243,2,2,38)
w(236,8,2,38)
w(102,2,2,38)
w(188,4,2,38)
w(333,6,2,38)
r(465,2,2,38)
r(408,6,2,38)
w(348,4,2,38)
r(14,1,2,38)
w(355,4,2,38)
r(359,1,3,39)
w(81,2,3,39)
w(409,2,3,39)
r(217,1,3,39)
r(42,6,3,39)
w(243,4,3,39)
w(127,2,3,39)
r(279,6,3,39)
r(363,2,3,39)
w(467,4,3,39)
w(235,2,3,39)
w(314,2,3,39)
r(20,1,3,39)
w(158,5,3,39)
w(47,3,3,39)
r(79,1,3,39)
r(86,6,3,39)
w(476,6,3,39)
r(71,5,3,39)
r(140,6,3,39)
r(416,1,4,40)
r(291,4,4,40)
r(94,1,4,40)
w(196,5,4,40)
r(320,6,4,40)
r(456,6,4,40)
r(285,1,4,40)
r(243,4,4,40)
r(299,1,4,40)
r(36,3,4,40)
r(360,5,4,40)
r(254,3,4,40)
r(157,4,4,40)
r(139,6,4,40)
w(424,4,4,40)
r(322,6,4,40)
r(312,1,4,40)
w(39,6,4,40)
w(258,6,4,40)
w(156,3,4,40)
w(273,11,5,41)
r(322,1,5,41)
w(234,8,5,41)
r(68,5,5,41)
w(176,4,5,41)
w(274,2,5,41)
w(250,3,5,41)
r(234,8,5,41)
w(39,3,5,41)
w(206,4,5,41)
r(452,1,5,41)
r(450,2,5,41)
w(323,4,5,41)
w(390,5,5,41)
w(374,6,5,41)
r(310,2,5,41)
r(334,1,5,41)
w(407,6,5,41)
w(383,6,5,41)
r(127,1,5,41)
w(398,5,6,42)
w(30,4,6,42)
w(30,6,6,42)
r(309,4,6,42)
r(75,1,6,42)
w(297,4,6,42)
w(308,3,6,42)
r(97,1,6,42)
w(253,4,6,42)
w(293,3,6,42)
r(197,2,6,42)
r(8,4,6,42)
r(18,2,6,42)
w(69,5,6,42)
r(152,1,6,42)
w(351,3,6,42)
r(478,1,6,42)
w(281,6,6,42)
r(119,1,6,42)
r(322,6,6,42)
w(420,2,1,43)
r(180,1,1,43)
r(308,3,1,43)
r(345,6,1,43)
w(251,2,1,43)
w(145,2,1,43)
r(400,3,1,43)
w(290,2,1,43)
r(448,6,1,43)
w(148,4,1,43)
w(159,2,1,43)
w(215,4,1,43)
w(5,2,1,43)
r(234,8,1,43)
r(157,4,1,43)
w(191,2,1,43)
w(118,2,1,43)
w(241,2,1,43)
w(59,2,1,43)
r(250,3,1,43)
r(364,4,2,44)
r(270,6,2,44)
r(225,1,2,44)
w(48,4,2,44)
w(52,6,2,44)
r(375,6,2,44)
r(323,4,2,44)
r(450,6,2,44)
w(74,6,2,44)
w(397,6,2,44)
r(454,6,2,44)
w(96,2,2,44)
w(213,2,2,44)
w(162,4,2,44)
r(276,5,2,44)
w(461,2,2,44)
r(335,8,2,44)
w(14,2,2,44)
r(406,4,2,44)
r(377,2,2,44)
r(323,4,3,45)
w(232,4,3,45)
w(144,2,3,45)
r(393,1,3,45)
w(377,4,3,45)
w(50,4,3,45)
r(249,4,4,46)
r(6,2,4,46)
w(154,4,4,46)
w(253,2,4,46)
r(238,1,4,46)
r(407,6,4,46)
r(427,2,4,46)
w(298,6,4,46)
w(148,5,4,46)
w(217,4,4,46)
r(319,2,4,46)
w(431,4,4,46)
r(358,1,4,46)
w(182,2,4,46)
w(273,8,4,46)
r(391,2,4,46)
r(197,2,4,46)
r(180,1,4,46)
r(371,2,4,46)
w(420,6,4,46)
w(49,6,5,47)
r(355,6,5,47)
w(194,3,5,47)
w(305,3,5,47)
r(333,5,5,47)
w(322,6,5,47)
r(21,6,5,47)
r(409,2,5,47)
w(336,3,5,47)
w(111,3,5,47)
w(451,8,5,47)
r(420,1,5,47)
w(22,3,5,47)
r(186,2,5,47)
w(42,3,5,47)
w(232,5,5,47)
w(21,3,5,47)
r(172,1,5,47)
w(82,6,5,47)
r(72,1,5,47)
r(42,3,6,48)
w(220,3,6,48)
r(33,5,6,48)
r(91,6,6,48)
w(171,6,6,48)
r(152,1,6,48)
w(471,3,6,48)
w(388,3,6,48)
r(189,2,6,48)
w(103,5,6,48)
r(476,8,6,48)
w(439,4,6,48)
r(474,1,6,48)
w(472,6,6,48)
w(268,8,6,48)
w(198,6,6,48)
r(162,3,6,48)
r(31,1,6,48)
w(195,7,6,48)
r(453,1,6,48)
r(399,1,1,49)
w(52,2,1,49)
w(84,2,1,49)
w(435,2,1,49)
w(65,2,1,49)
w(416,2,1,49)
r(250,3,1,49)
r(90,4,1,49)
w(428,2,1,49)
r(76,1,1,49)
r(46,1,1,49)
r(475,7,1,49)
w(160,2,1,49)
w(73,4,1,49)
r(375,6,1,49)
r(457,1,1,49)
w(19,4,1,49)
w(115,2,1,49)
w(211,2,1,49)
r(392,1,1,49)
w(316,6,2,50)
w(423,4,2,50)
w(90,2,2,50)
w(279,4,2,50)
w(360,4,2,50)
r(258,2,2,50)
w(239,2,2,50)
r(273,9,2,50)
w(410,4,2,50)
r(160,5,2,50)
r(135,2,2,50)
r(364,4,2,50)
w(122,3,2,50)
r(414,6,2,50)
r(77,2,2,50)
r(42,3,2,50)
w(86,4,2,50)
r(312,2,2,50)
r(52,6,2,50)
w(299,2,2,50)
w(375,4,3,51)
w(329,2,3,51)
r(285,1,3,51)
w(195,4,3,51)
r(79,1,3,51)
r(166,1,3,51)
w(295,4,3,51)
r(410,3,3,51)
r(425,3,3,51)
r(345,1,3,51)
r(416,1,3,51)
r(85,1,3,51)
r(68,5,3,51)
r(32,2,3,51)
w(140,3,3,51)
r(33,5,3,51)
r(441,1,3,51)
w(293,4,3,51)
r(228,1,3,51)
r(13,1,3,51)
w(78,4,4,52)
w(12,4,4,52)
w(454,6,4,52)
r(75,1,4,52)
w(74,7,4,52)
r(352,1,4,52)
w(442,4,4,52)
w(15,7,4,52)
r(136,2,4,52)
w(307,5,4,52)
r(19,6,4,52)
w(383,4,4,52)
r(180,1,4,52)
w(268,5,4,52)
w(248,2,4,52)
r(165,6,4,52)
r(350,4,4,52)
r(336,3,4,52)
w(12,6,4,52)
r(241,1,4,52)
r(177,1,5,53)
r(159,1,5,53)
w(389,3,5,53)
w(111,5,5,53)
w(97,6,5,53)
r(265,4,5,53)
r(423,7,5,53)
w(122,5,5,53)
r(339,1,5,53)
r(298,1,5,53)
r(79,1,5,53)
r(179,4,5,53)
r(312,1,5,53)
w(116,7,5,53)
w(376,2,5,53)
r(451,8,5,53)
r(173,3,5,53)
w(105,4,5,53)
w(260,4,5,53)
w(360,3,5,53)
r(123,2,6,54)
r(189,2,6,54)
r(411,1,6,54)
w(366,3,6,54)
w(261,4,6,54)
r(320,6,6,54)
w(298,3,6,54)
r(249,2,6,54)
r(467,4,6,54)
w(446,7,6,54)
r(281,4,6,54)
r(240,1,6,54)
w(39,5,6,54)
w(128,6,6,54)
w(463,3,6,54)
w(282,3,6,54)
r(309,4,6,54)
w(343,3,6,54)
w(179,3,6,54)
r(3,1,6,54)
w(16,6,1,55)
r(441,2,1,55)
r(415,6,1,55)
w(411,2,1,55)
w(453,2,1,55)
w(445,4,1,55)
w(286,4,1,55)
r(415,6,1,55)
r(437,4,1,55)
r(51,4,1,55)
w(400,2,1,55)
w(87,2,1,55)
r(273,5,1,55)
r(322,6,1,55)
r(138,3,1,55)
w(305,2,1,55)
w(344,4,1,55)
r(264,1,1,55)
r(456,6,1,55)
w(465,2,1,55)
r(399,3,2,56)
w(378,2,2,56)
w(275,6,2,56)
w(187,4,2,56)
w(130,4,2,56)
r(400,5,2,56)
w(118,6,2,56)
r(414,6,2,56)
w(126,2,2,56)
w(228,2,2,56)
w(212,2,2,56)
w(42,4,2,56)
r(370,2,2,56)
r(219,3,2,56)
w(268,4,2,56)
r(398,3,2,56)
r(100,4,2,56)
r(266,1,2,56)
r(145,7,2,56)
w(411,3,2,56)
r(308,3,3,57)
r(357,1,3,57)
w(263,6,3,57)
r(360,3,3,57)
r(255,1,3,57)
r(298,1,3,57)
r(193,1,3,57)
w(262,2,3,57)
r(392,1,3,57)
w(273,6,3,57)
w(242,3,3,57)
w(417,4,3,57)
r(211,1,3,57)
w(165,6,3,57)
w(268,3,3,57)
w(15,5,3,57)
r(29,4,3,57)
r(158,2,3,57)
w(50,6,3,57)
w(454,2,3,57)
w(325,2,4,58)
w(366,4,4,58)
r(397,1,4,58)
r(215,4,4,58)
w(404,3,4,58)
r(1,3,4,58)
w(208,5,4,58)
r(1,3,4,58)
r(261,4,4,58)
w(145,7,4,58)
r(433,1,4,58)
r(317,7,4,58)
w(319,6,4,58)
r(334,1,4,58)
w(226,3,4,58)
w(354,6,4,58)
w(219,3,4,58)
w(56,6,4,58)
r(55,2,4,58)
r(12,6,4,58)
r(461,5,5,59)
r(208,1,5,59)
w(375,6,5,59)
w(213,3,5,59)
w(254,3,5,59)
r(288,1,5,59)
w(59,6,5,59)
w(66,4,5,59)
w(360,5,5,59)
r(202,4,5,59)
w(283,6,5,59)
w(134,2,5,59)
w(476,8,5,59)
w(134,4,5,59)
r(303,4,5,59)
w(293,6,5,59)
w(320,6,5,59)
w(415,4,5,59)
w(129,6,5,59)
w(279,5,5,59)
w(339,4,6,60)
w(178,7,6,60)
w(232,7,6,60)
r(295,4,6,60)
r(5,2,6,60)
r(67,4,6,60)
w(193,7,6,60)
w(445,8,6,60)
r(116,4,6,60)
r(154,4,6,60)
r(326,1,6,60)
w(129,5,6,60)
r(378,3,6,60)
r(219,6,6,60)
r(258,2,6,60)
w(237,5,6,60)
w(201,6,6,60)
r(17,1,6,60)
r(400,3,6,60)
w(150,5,6,60)
r(145,7,1,61)
w(226,2,1,61)
r(336,3,1,61)
w(477,2,1,61)
r(208,7,1,61)
w(151,2,1,61)
r(395,1,1,61)
w(353,4,1,61)
r(100,4,1,61)
r(32,3,1,61)
w(312,2,1,61)
w(25,4,1,61)
r(285,4,1,61)
r(359,1,1,61)
r(421,6,1,61)
r(163,6,1,61)
r(292,5,1,61)
w(203,2,1,61)
r(219,3,1,61)
r(36,3,1,61)
w(232,2,2,62)
w(257,6,2,62)
r(176,6,2,62)
w(141,4,2,62)
w(170,2,2,62)
r(255,6,2,62)
w(345,4,2,62)
w(114,2,2,62)
w(124,2,2,62)
w(350,6,2,62)
w(473,6,2,62)
w(326,4,2,62)
w(302,6,2,62)
r(327,6,2,62)
r(334,2,2,62)
w(178,6,2,62)
w(57,4,2,62)
r(9,4,2,62)
w(404,6,2,62)
r(237,7,2,62)
w(112,2,3,63)
w(91,6,3,63)
r(261,1,3,63)
r(146,4,3,63)
w(354,4,3,63)
w(272,2,3,63)
r(370,2,3,63)
w(164,6,3,63)
w(159,4,3,63)
w(216,6,3,63)
w(273,3,3,63)
w(373,6,3,63)
r(170,1,3,63)
r(75,1,3,63)
r(468,2,3,63)
r(428,1,3,63)
w(26,4,3,63)
r(53,1,3,63)
r(158,2,3,63)
r(176,4,3,63)
r(165,6,4,64)
r(458,4,4,64)
w(421,6,4,64)
r(144,6,4,64)
r(269,4,4,64)
w(208,7,4,64)
w(398,4,4,64)
r(460,5,4,64)
w(455,5,4,64)
w(427,5,4,64)
w(446,6,4,64)
r(453,5,4,64)
r(16,6,4,64)
r(251,2,4,64)
w(205,2,4,64)
w(102,6,4,64)
r(37,1,4,64)
w(172,3,4,64)
r(391,2,4,64)
w(67,3,4,64)
r(443,2,5,65)
w(345,6,5,65)
r(16,2,5,65)
w(188,3,5,65)
w(351,6,5,65)
w(285,3,5,65)
w(143,4,5,65)
w(242,7,5,65)
r(214,1,5,65)
r(461,5,5,65)
w(286,3,5,65)
w(52,3,5,65)
w(221,3,5,65)
w(218,6,5,65)
r(79,1,5,65)
w(102,3,5,65)
r(319,2,5,65)
r(193,1,5,65)
r(446,2,5,65)
w(32,4,5,65)
w(46,4,6,66)
w(357,4,6,66)
r(380,4,6,66)
r(334,1,6,66)
r(132,4,6,66)
w(407,3,6,66)
w(1,7,6,66)
w(162,8,6,66)
w(329,6,6,66)
w(175,3,6,66)
w(453,5,6,66)
r(221,2,6,66)
r(113,3,6,66)
r(54,4,6,66)
r(83,2,6,66)
w(232,8,6,66)
w(150,7,6,66)
r(182,2,6,66)
w(89,5,6,66)
r(100,4,6,66)
w(438,2,1,67)
w(53,2,1,67)
w(382,2,1,67)
r(202,4,1,67)
w(445,6,1,67)
w(166,2,1,67)
w(33,4,1,67)
r(244,5,1,67)
w(47,4,1,67)
r(248,2,1,67)
r(440,2,1,67)
w(53,4,1,67)
w(183,2,1,67)
r(471,3,1,67)
r(60,4,1,67)
r(184,2,1,67)
w(368,2,1,67)
r(126,4,1,67)
w(13,4,1,67)
w(395,2,1,67)
w(80,4,2,68)
r(173,3,2,68)
r(371,2,2,68)
r(426,1,2,68)
w(97,2,2,68)
r(255,6,2,68)
w(268,6,2,68)
r(88,2,2,68)
w(203,6,2,68)
r(86,4,2,68)
r(38,2,2,68)
r(362,4,2,68)
r(322,3,2,68)
w(219,4,2,68)
r(363,7,2,68)
w(233,6,2,68)
w(139,2,2,68)
r(45,3,2,68)
r(313,5,2,68)
r(374,2,2,68)
r(73,1,3,69)
w(468,4,3,69)
w(461,4,3,69)
r(231,1,3,69)
w(130,6,3,69)
r(478,1,3,69)
r(408,6,3,69)
r(420,1,3,69)
r(437,1,3,69)
r(86,6,3,69)
r(32,4,3,69)
r(40,1,3,69)
w(215,5,3,69)
r(436,2,3,69)
r(228,1,3,69)
w(206,2,3,69)
w(1,6,3,69)
w(412,4,3,69)
w(458,2,3,69)
r(448,4,3,69)
r(286,4,4,70)
r(337,2,4,70)
w(233,3,4,70)
r(128,6,4,70)
w(232,3,4,70)
w(45,5,4,70)
w(31,4,4,70)
w(137,5,4,70)
r(426,1,4,70)
w(190,5,4,70)
r(384,1,4,70)
w(199,3,4,70)
r(465,2,4,70)
w(237,3,4,70)
r(106,1,4,70)
w(330,4,4,70)
r(212,1,4,70)
w(231,2,4,70)
w(396,4,4,70)
w(326,6,4,70)
r(353,2,5,71)
w(355,3,5,71)
w(150,6,5,71)
r(314,2,5,71)
w(69,3,5,71)
w(337,6,5,71)
w(425,4,5,71)
r(176,4,5,71)
r(467,4,5,71)
r(3,1,5,71)
r(121,1,5,71)
w(459,3,5,71)
r(194,3,5,71)
w(388,4,5,71)
r(326,1,5,71)
w(153,4,5,71)
w(401,6,5,71)
r(99,2,5,71)
w(93,4,5,71)
w(364,4,5,71)
w(176,6,6,72)
r(137,4,6,72)
w(393,2,6,72)
w(437,7,6,72)
r(303,2,6,72)
r(14,1,6,72)
r(104,2,6,72)
w(137,7,6,72)
w(472,3,6,72)
w(335,8,6,72)
w(440,4,6,72)
w(317,8,6,72)
r(452,1,6,72)
r(118,2,6,72)
w(54,6,6,72)
r(125,2,6,72)
r(260,4,6,72)
w(35,5,6,72)
w(181,2,6,72)
r(65,2,6,72)
r(214,1,1,73)
r(462,6,1,73)
r(284,1,1,73)
r(169,4,1,73)
r(377,2,1,73)
r(199,7,1,73)
r(221,2,1,73)
r(122,5,1,73)
w(92,2,1,73)
r(102,2,1,73)
w(455,2,1,73)
w(211,4,1,73)
r(321,6,1,73)
r(411,2,1,73)
r(429,2,1,73)
r(136,4,1,73)
r(376,2,1,73)
r(333,6,1,73)
r(330,4,1,73)
r(190,5,1,73)
r(121,1,2,74)
w(74,3,2,74)
r(405,4,2,74)
r(259,4,2,74)
w(149,6,2,74)
r(244,3,2,74)
w(84,6,2,74)
w(321,2,2,74)
w(399,4,2,74)
r(460,6,2,74)
r(366,4,2,74)
r(10,2,2,74)
r(326,2,2,74)
w(214,2,2,74)
w(372,2,2,74)
r(288,3,2,74)
r(110,1,2,74)
r(278,3,2,74)
r(479,2,2,74)
r(329,4,2,74)
w(312,4,3,75)
w(400,3,3,75)
r(226,1,3,75)
r(393,1,3,75)
w(282,4,3,75)
r(159,4,3,75)
w(19,6,3,75)
r(219,6,3,75)
w(65,3,3,75)
r(173,3,3,75)
r(433,1,3,75)
w(252,2,3,75)
w(281,4,3,75)
r(179,4,3,75)
w(429,2,3,75)
w(448,6,3,75)
r(148,5,3,75)
w(437,4,3,75)
w(118,5,3,75)
r(338,6,3,75)
r(120,4,4,76)
r(27,1,4,76)
w(342,3,4,76)
w(136,4,4,76)
w(212,4,4,76)
r(300,1,4,76)
w(62,4,4,76)
r(383,4,4,76)
r(266,1,4,76)
w(171,4,4,76)
r(441,2,4,76)
w(387,2,4,76)
r(50,6,4,76)
r(229,6,4,76)
r(17,1,4,76)
r(281,4,4,76)
r(431,4,4,76)
r(51,4,4,76)
r(326,6,4,76)
r(359,2,4,76)
r(108,1,5,77)
r(331,1,5,77)
r(205,1,5,77)
w(379,3,5,77)
r(320,6,5,77)
r(249,4,5,77)
r(394,2,5,77)
r(52,3,5,77)
w(279,7,5,77)
w(296,6,5,77)
w(246,6,5,77)
w(327,6,5,77)
r(267,1,5,77)
r(355,3,5,77)
w(321,6,5,77)
w(134,6,5,77)
w(162,7,5,77)
r(315,1,5,77)
r(327,6,5,77)
w(44,6,5,77)
w(129,7,6,78)
r(381,4,6,78)
w(199,7,6,78)
r(195,7,6,78)
r(60,5,6,78)
r(28,1,6,78)
w(252,4,6,78)
w(200,7,6,78)
r(166,4,6,78)
w(359,2,6,78)
w(392,2,6,78)
w(5,4,6,78)
r(43,1,6,78)
r(2,3,6,78)
w(432,3,6,78)
r(267,1,6,78)
w(373,8,6,78)
r(263,3,6,78)
w(239,6,6,78)
w(341,5,6,78)
w(404,2,1,79)
w(24,2,1,79)
w(164,4,1,79)
r(121,1,1,79)
r(81,3,1,79)
r(347,1,1,79)
r(326,6,1,79)
w(107,2,1,79)
r(79,3,1,79)
r(135,2,1,79)
w(479,2,1,79)
w(412,2,1,79)
w(131,2,1,79)
r(156,4,1,79)
r(273,5,1,79)
w(234,2,1,79)
w(334,2,1,79)
w(140,4,1,79)
w(437,2,1,79)
r(405,4,1,79)
w(7,4,2,80)
r(227,1,2,80)
w(106,4,2,80)
w(173,6,2,80)
r(77,2,2,80)
w(324,2,2,80)
w(416,6,2,80)
w(439,2,2,80)
w(362,2,2,80)
r(467,2,2,80)
w(210,2,2,80)
w(403,4,2,80)
w(121,6,2,80)
w(460,4,2,80)
w(109,2,2,80)
r(364,2,2,80)
w(475,6,2,80)
r(418,2,2,80)
r(289,2,2,80)
w(69,2,2,80)
r(85,1,3,81)
w(2,3,3,81)
r(407,6,3,81)
r(85,1,3,81)
r(3,1,3,81)
r(84,1,3,81)
w(332,2,3,81)
w(432,4,3,81)
w(200,2,3,81)
w(236,11,3,81)
w(1,3,3,81)
r(10,1,3,81)
w(96,4,3,81)
r(97,6,3,81)
r(291,4,3,81)
r(294,2,3,81)
r(41,6,3,81)
w(232,6,3,81)
r(88,2,3,81)
r(63,6,3,81)
r(477,2,4,82)
w(363,3,4,82)
w(477,5,4,82)
w(398,6,4,82)
w(9,4,4,82)
r(249,2,4,82)
r(260,4,4,82)
w(313,5,4,82)
r(103,3,4,82)
r(410,6,4,82)
w(306,4,4,82)
w(450,6,4,82)
r(455,5,4,82)
r(414,2,4,82)
r(43,1,4,82)
w(84,3,4,82)
w(23,6,4,82)
w(350,5,4,82)
w(193,5,4,82)
r(268,8,4,82)
w(32,6,5,83)
r(466,4,5,83)
r(249,2,5,83)
r(333,5,5,83)
r(437,4,5,83)
w(303,6,5,83)
w(410,5,5,83)
w(328,3,5,83)
r(123,2,5,83)
w(263,3,5,83)
r(325,4,5,83)
r(68,2,5,83)
w(373,7,5,83)
w(124,3,5,83)
r(244,5,5,83)
r(80,1,5,83)
w(262,4,5,83)
r(86,6,5,83)
r(440,1,5,83)
r(221,2,5,83)
w(415,3,6,84)
r(274,2,6,84)
r(461,4,6,84)
w(79,3,6,84)
w(186,4,6,84)
w(311,4,6,84)
r(194,3,6,84)
w(197,4,6,84)
w(296,3,6,84)
r(231,2,6,84)
r(421,6,6,84)
w(469,4,6,84)
w(317,11,6,84)
r(452,1,6,84)
w(60,7,6,84)
r(353,4,6,84)
r(150,7,6,84)
w(104,6,6,84)
w(365,6,6,84)
r(424,2,6,84)
r(328,3,1,85)
w(403,2,1,85)
r(366,4,1,85)
w(448,2,1,85)
w(26,2,1,85)
w(449,2,1,85)
r(144,6,1,85)
w(328,4,1,85)
w(343,2,1,85)
w(195,2,1,85)
r(278,3,1,85)
r(115,2,1,85)
r(95,2,1,85)
w(208,2,1,85)
r(147,2,1,85)
w(16,3,1,85)
w(390,2,1,85)
r(224,3,1,85)
r(264,2,1,85)
w(466,2,1,85)
r(89,5,2,86)
r(180,2,2,86)
r(43,6,2,86)
r(166,2,2,86)
w(191,6,2,86)
w(383,2,2,86)
r(228,2,2,86)
r(445,6,2,86)
r(341,5,2,86)
r(168,4,2,86)
w(45,2,2,86)
r(80,4,2,86)
r(277,2,2,86)
w(145,6,2,86)
r(170,2,2,86)
r(197,6,2,86)
w(333,3,2,86)
w(158,3,2,86)
w(375,2,2,86)
r(31,4,2,86)
r(470,2,3,87)
w(475,3,3,87)
w(230,4,3,87)
r(65,3,3,87)
w(58,2,3,87)
w(53,6,3,87)
r(209,3,3,87)
w(285,4,3,87)
w(163,6,3,87)
w(67,4,3,87)
r(158,2,3,87)
w(22,2,3,87)
w(278,3,3,87)
w(273,5,3,87)
w(441,2,3,87)
w(45,6,3,87)
w(187,6,3,87)
w(255,4,3,87)
r(394,2,3,87)
r(176,4,3,87)
r(468,4,4,88)
r(197,6,4,88)
w(259,6,4,88)
w(182,4,4,88)
r(406,4,4,88)
r(264,1,4,88)
r(159,2,4,88)
w(433,2,4,88)
r(110,1,4,88)
w(43,6,4,88)
w(438,4,4,88)
w(224,3,4,88)
w(244,3,4,88)
w(24,3,4,88)
w(403,6,4,88)
r(360,5,4,88)
r(282,3,4,88)
w(235,4,4,88)
w(2,7,4,88)
r(329,6,4,88)
w(113,3,5,89)
w(434,2,5,89)
w(265,6,5,89)
r(313,3,5,89)
r(337,6,5,89)
w(21,5,5,89)
w(422,4,5,89)
w(223,3,5,89)
w(316,5,5,89)
r(84,1,5,89)
r(82,6,5,89)
w(100,4,5,89)
r(261,1,5,89)
r(212,1,5,89)
r(192,1,5,89)
r(446,2,5,89)
w(317,7,5,89)
r(186,2,5,89)
w(341,3,5,89)
r(362,4,5,89)
w(363,7,6,90)
w(70,3,6,90)
w(143,6,6,90)
r(35,5,6,90)
w(478,2,6,90)
w(380,3,6,90)
w(180,3,6,90)
r(125,2,6,90)
r(231,2,6,90)
w(375,5,6,90)
w(387,4,6,90)
r(159,2,6,90)
w(308,5,6,90)
r(171,4,6,90)
w(197,6,6,90)
w(354,5,6,90)
r(329,6,6,90)
r(164,2,6,90)
r(54,6,6,90)
w(160,5,6,90)
r(187,4,1,91)
w(20,4,1,91)
r(93,2,1,91)
w(399,2,1,91)
r(312,2,1,91)
r(167,6,1,91)
r(79,3,1,91)
w(7,2,1,91)
w(374,2,1,91)
w(118,4,1,91)
w(190,2,1,91)
r(311,4,1,91)
r(153,4,1,91)
r(391,4,1,91)
r(444,1,1,91)
r(127,4,1,91)
r(372,1,1,91)
w(145,4,1,91)
r(59,2,1,91)
w(379,2,1,91)
r(278,3,2,92)
r(347,1,2,92)
r(134,6,2,92)
r(353,3,2,92)
r(287,1,2,92)
w(89,6,2,92)
r(438,4,2,92)
w(398,2,2,92)
w(305,4,2,92)
r(476,3,2,92)
r(108,2,2,92)
w(161,2,2,92)
w(15,6,2,92)
w(328,6,2,92)
r(446,5,2,92)
w(209,4,2,92)
r(236,10,2,92)
r(197,3,2,92)
w(307,4,2,92)
w(156,6,2,92)
w(306,2,3,93)
w(162,3,3,93)
w(105,2,3,93)
r(317,6,3,93)
r(39,6,3,93)
w(47,5,3,93)
r(456,6,3,93)
w(58,4,3,93)
r(333,5,3,93)
w(168,2,3,93)
r(156,4,3,93)
w(107,4,3,93)
r(277,4,3,93)
r(253,2,3,93)
w(183,6,3,93)
w(362,4,3,93)
w(69,4,3,93)
w(189,2,3,93)
r(280,4,3,93)
w(389,4,3,93)
w(36,6,4,94)
r(23,6,4,94)
w(41,2,4,94)
w(62,6,4,94)
w(342,5,4,94)
r(330,4,4,94)
r(169,6,4,94)
w(364,2,4,94)
r(337,2,4,94)
w(190,7,4,94)
w(229,4,4,94)
r(78,6,4,94)
w(417,6,4,94)
r(81,3,4,94)
w(160,6,4,94)
r(66,4,4,94)
r(3,1,4,94)
r(268,8,4,94)
r(360,4,4,94)
w(159,3,4,94)
w(61,6,5,95)
w(200,3,5,95)
w(382,6,5,95)
w(475,7,5,95)
r(192,1,5,95)
r(122,5,5,95)
w(174,3,5,95)
w(13,8,5,95)
r(407,6,5,95)
w(103,3,5,95)
r(386,1,5,95)
w(83,2,5,95)
w(269,4,5,95)
w(415,6,5,95)
w(462,6,5,95)
w(417,5,5,95)
w(200,5,5,95)
w(367,4,5,95)
w(60,5,5,95)
r(223,3,5,95)
r(196,5,6,96)
r(13,4,6,96)
w(237,7,6,96)
w(434,3,6,96)
r(50,6,6,96)
r(89,5,6,96)
r(183,2,6,96)
w(25,5,6,96)
r(318,4,6,96)
w(21,7,6,96)
w(87,3,6,96)
w(26,6,6,96)
w(425,5,6,96)
w(25,7,6,96)
w(132,3,6,96)
r(250,3,6,96)
w(46,6,6,96)
r(109,1,6,96)
r(357,4,6,96)
r(2,7,6,96)
r(218,3,1,97)
w(65,4,1,97)
r(231,2,1,97)
r(441,2,1,97)
r(9,4,1,97)
r(342,5,1,97)
r(175,3,1,97)
w(70,2,1,97)
r(415,3,1,97)
w(246,2,1,97)
w(318,2,1,97)
r(187,4,1,97)
w(427,4,1,97)
r(114,2,1,97)
r(121,1,1,97)
w(326,2,1,97)
r(276,5,1,97)
r(203,2,1,97)
w(169,2,1,97)
w(187,2,1,97)
r(378,5,2,98)
w(308,2,2,98)
w(15,3,2,98)
r(459,2,2,98)
w(263,2,2,98)
r(236,10,2,98)
r(221,4,2,98)
w(21,2,2,98)
w(114,4,2,98)
r(393,2,2,98)
r(279,3,2,98)
r(339,4,2,98)
r(455,7,2,98)
r(269,4,2,98)
r(367,2,2,98)
r(402,2,2,98)
r(397,3,2,98)
r(95,2,2,98)
r(337,2,2,98)
r(140,4,2,98)
w(318,4,3,99)
r(284,1,3,99)
r(278,3,3,99)
w(200,4,3,99)
w(373,3,3,99)
w(458,4,3,99)
r(182,2,3,99)
w(161,6,3,99)
w(90,4,3,99)
r(436,4,3,99)
w(51,2,3,99)
r(35,3,3,99)
r(64,1,3,99)
w(424,2,3,99)
w(107,6,3,99)
w(275,3,3,99)
w(183,3,3,99)
r(281,4,3,99)
r(17,1,3,99)
r(436,4,3,99)
r(100,4,4,100)
r(121,1,4,100)
r(468,4,4,100)
r(340,1,4,100)
r(2,7,4,100)
w(211,6,4,100)
w(119,5,4,100)
r(31,4,4,100)
w(450,3,4,100)
r(402,1,4,100)
w(55,4,4,100)
w(11,6,4,100)
w(165,3,4,100)
w(279,3,4,100)
r(183,2,4,100)
r(312,2,4,100)
w(464,3,4,100)
r(417,6,4,100)
r(313,5,4,100)
r(338,2,4,100)
r(348,6,5,101)
w(270,6,5,101)
r(371,2,5,101)
w(343,6,5,101)
r(10,1,5,101)
w(126,4,5,101)
r(59,2,5,101)
r(220,3,5,101)
r(250,3,5,101)
w(87,6,5,101)
r(126,4,5,101)
r(78,4,5,101)
r(338,6,5,101)
w(218,3,5,101)
w(438,6,5,101)
r(337,2,5,101)
r(321,6,5,101)
r(220,3,5,101)
w(32,3,5,101)
w(81,3,5,101)
w(277,3,6,102)
w(384,2,6,102)
r(25,7,6,102)
w(58,3,6,102)
w(129,8,6,102)
r(116,6,6,102)
r(243,2,6,102)
w(286,5,6,102)
w(211,5,6,102)
w(400,5,6,102)
w(216,7,6,102)
w(376,4,6,102)
w(80,3,6,102)
w(174,7,6,102)
r(161,6,6,102)
r(415,3,6,102)
w(263,7,6,102)
r(300,1,6,102)
w(391,4,6,102)
w(92,7,6,102)
r(462,6,1,103)
w(173,4,1,103)
w(23,2,1,103)
r(252,4,1,103)
w(132,2,1,103)
r(361,4,1,103)
w(472,4,1,103)
w(242,4,1,103)
w(177,2,1,103)
w(467,2,1,103)
r(197,6,1,103)
r(135,2,1,103)
w(108,2,1,103)
r(201,6,1,103)
w(284,2,1,103)
w(268,2,1,103)
w(185,2,1,103)
w(407,2,1,103)
w(404,4,1,103)
w(245,4,1,103)
r(169,3,2,104)
r(330,4,2,104)
r(4,1,2,104)
r(393,2,2,104)
r(25,6,2,104)
r(470,4,2,104)
r(424,2,2,104)
r(355,4,2,104)
r(256,2,2,104)
r(283,6,2,104)
r(92,5,2,104)
w(70,6,2,104)
w(350,3,2,104)
r(309,4,2,104)
w(71,4,2,104)
w(427,3,2,104)
w(244,4,2,104)
w(357,2,2,104)
r(84,4,2,104)
r(214,2,2,104)
w(222,4,3,105)
r(219,6,3,105)
r(441,2,3,105)
r(140,3,3,105)
r(150,6,3,105)
r(312,4,3,105)
w(51,4,3,105)
r(380,2,3,105)
w(71,3,3,105)
r(430,2,3,105)
w(192,6,3,105)
w(30,2,3,105)
r(216,6,3,105)
r(6,2,3,105)
w(172,6,3,105)
w(435,6,3,105)
w(79,6,3,105)
w(380,4,3,105)
w(166,4,3,105)
r(284,1,3,105)
r(85,1,4,106)
r(427,4,4,106)
r(469,4,4,106)
w(239,4,4,106)
w(451,7,4,106)
r(447,2,4,106)
r(339,4,4,106)
r(452,1,4,106)
w(213,6,4,106)
w(205,4,4,106)
r(177,2,4,106)
r(183,5,4,106)
r(400,5,4,106)
w(179,6,4,106)
w(45,7,4,106)
w(334,6,4,106)
w(81,4,4,106)
r(138,4,4,106)
w(397,3,4,106)
r(442,4,4,106)
r(23,1,5,107)
w(425,6,5,107)
r(167,4,5,107)
r(311,2,5,107)
r(118,2,5,107)
r(120,4,5,107)
w(255,6,5,107)
w(25,3,5,107)
r(366,4,5,107)
r(351,6,5,107)
r(304,1,5,107)
r(311,2,5,107)
w(215,7,5,107)
r(405,4,5,107)
r(35,5,5,107)
r(339,4,5,107)
r(42,3,5,107)
r(422,4,5,107)
r(430,2,5,107)
r(267,1,5,107)
w(431,3,6,108)
w(207,4,6,108)
w(371,6,6,108)
w(3,2,6,108)
w(122,7,6,108)
w(414,3,6,108)
r(294,2,6,108)
w(412,5,6,108)
r(37,1,6,108)
w(133,6,6,108)
w(218,5,6,108)
w(470,4,6,108)
r(360,4,6,108)
r(395,2,6,108)
r(197,6,6,108)
w(316,8,6,108)
r(396,4,6,108)
w(118,7,6,108)
w(234,11,6,108)
w(261,6,6,108)
r(77,2,1,109)
w(79,2,1,109)
w(84,4,1,109)
r(426,1,1,109)
r(280,4,1,109)
r(342,5,1,109)
w(465,4,1,109)
w(354,2,1,109)
w(282,2,1,109)
r(177,2,1,109)
w(57,2,1,109)
r(318,2,1,109)
r(432,3,1,109)
r(224,3,1,109)
r(313,5,1,109)
w(257,2,1,109)
r(140,4,1,109)
w(172,2,1,109)
r(453,5,1,109)
r(139,2,1,109)
w(242,6,2,110)
w(288,4,2,110)
r(199,5,2,110)
r(350,3,2,110)
r(14,2,2,110)
w(466,6,2,110)
w(75,4,2,110)
w(280,2,2,110)
w(446,4,2,110)
w(190,4,2,110)
w(238,2,2,110)
w(261,2,2,110)
w(254,6,2,110)
w(4,2,2,110)
w(234,6,2,110)
r(72,2,2,110)
w(401,2,2,110)
r(431,3,2,110)
r(222,6,2,110)
r(60,3,2,110)
r(393,1,3,111)
r(335,1,3,111)
r(76,1,3,111)
r(37,1,3,111)
w(343,4,3,111)
w(466,3,3,111)
w(102,4,3,111)
w(167,4,3,111)
r(435,6,3,111)
w(311,2,3,111)
r(192,6,3,111)
w(224,6,3,111)
w(385,6,3,111)
r(144,6,3,111)
w(317,3,3,111)
w(303,2,3,111)
w(13,3,3,111)
w(111,4,3,111)
w(477,4,3,111)
w(116,6,3,111)
w(327,4,4,112)
w(184,4,4,112)
w(446,3,4,112)
r(466,2,4,112)
r(110,5,4,112)
r(156,7,4,112)
w(277,2,4,112)
w(436,3,4,112)
w(318,6,4,112)
w(236,10,4,112)
w(334,3,4,112)
w(379,6,4,112)
w(138,6,4,112)
w(340,2,4,112)
w(335,6,4,112)
w(322,4,4,112)
r(452,1,4,112)
w(299,4,4,112)
w(447,6,4,112)
w(160,3,4,112)
r(425,6,5,113)
w(169,6,5,113)
w(451,11,5,113)
r(343,4,5,113)
r(266,1,5,113)
w(390,7,5,113)
r(203,2,5,113)
r(421,6,5,113)
w(216,5,5,113)
r(441,2,5,113)
r(262,4,5,113)
w(399,3,5,113)
r(104,6,5,113)
r(132,4,5,113)
r(420,2,5,113)
r(44,6,5,113)
w(335,5,5,113)
w(152,6,5,113)
w(78,6,5,113)
r(474,1,5,113)
w(391,6,6,114)
r(288,3,6,114)
r(436,3,6,114)
w(370,3,6,114)
w(219,5,6,114)
r(314,2,6,114)
r(262,4,6,114)
r(196,3,6,114)
w(319,3,6,114)
w(250,7,6,114)
r(446,3,6,114)
r(47,4,6,114)
w(261,3,6,114)
w(87,5,6,114)
w(361,3,6,114)
w(402,2,6,114)
r(164,7,6,114)
w(435,5,6,114)
r(112,2,6,114)
w(411,8,6,114)
w(345,2,1,115)
r(223,3,1,115)
r(272,4,1,115)
r(78,6,1,115)
r(31,4,1,115)
w(201,2,1,115)
w(223,2,1,115)
r(94,1,1,115)
w(416,4,1,115)
r(438,4,1,115)
r(215,8,1,115)
w(284,4,1,115)
r(264,2,1,115)
r(162,4,1,115)
r(272,4,1,115)
r(63,6,1,115)
r(330,4,1,115)
r(83,2,1,115)
r(228,2,1,115)
r(38,2,1,115)
w(155,2,2,116)
r(7,4,2,116)
r(214,2,2,116)
w(190,6,2,116)
r(182,4,2,116)
w(33,6,2,116)
w(110,4,2,116)
r(258,4,2,116)
w(137,6,2,116)
w(79,4,2,116)
r(318,6,2,116)
w(176,2,2,116)
w(263,4,2,116)
w(223,4,2,116)
r(325,2,2,116)
w(13,6,2,116)
r(310,2,2,116)
r(23,4,2,116)
w(273,4,2,116)
r(429,4,2,116)
r(325,2,3,117)
r(167,4,3,117)
r(433,1,3,117)
w(168,4,3,117)
r(244,5,3,117)
r(18,2,3,117)
w(410,6,3,117)
w(428,4,3,117)
r(41,6,3,117)
w(342,6,3,117)
w(234,5,3,117)
r(179,3,3,117)
w(338,2,3,117)
w(209,6,3,117)
r(332,2,3,117)
w(75,3,3,117)
r(409,2,3,117)
r(145,7,3,117)
r(44,6,3,117)
w(13,5,3,117)
r(145,4,4,118)
w(67,5,4,118)
r(288,3,4,118)
w(243,3,4,118)
r(138,6,4,118)
r(40,1,4,118)
r(32,3,4,118)
r(423,4,4,118)
r(395,2,4,118)
r(160,3,4,118)
r(26,2,4,118)
r(291,4,4,118)
w(448,3,4,118)
r(181,2,4,118)
w(335,3,4,118)
w(60,3,4,118)
r(58,3,4,118)
r(395,2,4,118)
w(203,3,4,118)
w(460,3,4,118)
r(73,4,5,119)
w(456,5,5,119)
w(358,4,5,119)
w(226,5,5,119)
w(80,6,5,119)
w(414,6,5,119)
w(413,2,5,119)
w(416,3,5,119)
w(71,7,5,119)
w(398,3,5,119)
w(123,6,5,119)
w(273,9,5,119)
r(235,4,5,119)
r(264,1,5,119)
w(323,6,5,119)
w(172,7,5,119)
r(473,1,5,119)
w(335,7,5,119)
w(202,7,5,119)
w(260,6,5,119)
w(321,5,6,120)
w(78,5,6,120)
r(60,3,6,120)
r(243,3,6,120)
r(329,4,6,120)
w(75,5,6,120)
w(197,3,6,120)
r(44,6,6,120)
r(241,6,6,120)
r(162,4,6,120)
w(1,8,6,120)
w(471,5,6,120)
r(199,5,6,120)
w(83,4,6,120)
r(385,6,6,120)
r(430,2,6,120)
r(66,4,6,120)
r(380,6,6,120)
w(282,5,6,120)
r(293,6,6,120)
w(444,2,1,121)
w(180,2,1,121)
w(27,2,1,121)
r(408,6,1,121)
w(216,2,1,121)
r(445,6,1,121)
r(74,3,1,121)
r(351,6,1,121)
w(76,2,1,121)
w(292,2,1,121)
r(315,2,1,121)
r(126,2,1,121)
w(216,4,1,121)
w(1,2,1,121)
r(169,3,1,121)
w(8,2,1,121)
r(385,6,1,121)
r(52,6,1,121)
w(37,2,1,121)
r(461,3,1,121)
r(443,2,2,122)
w(323,2,2,122)
r(104,4,2,122)
r(314,6,2,122)
w(230,2,2,122)
r(88,6,2,122)
r(336,2,2,122)
w(237,4,2,122)
w(374,4,2,122)
w(452,2,2,122)
w(451,4,2,122)
r(260,3,2,122)
r(29,6,2,122)
w(167,2,2,122)
r(76,4,2,122)
w(163,2,2,122)
r(417,3,2,122)
r(69,6,2,122)
w(60,2,2,122)
r(252,4,2,122)
w(346,2,3,123)
w(308,6,3,123)
r(147,2,3,123)
w(295,6,3,123)
r(434,2,3,123)
w(476,3,3,123)
w(10,2,3,123)
w(195,6,3,123)
w(60,4,3,123)
r(469,2,3,123)
r(79,6,3,123)
w(399,6,3,123)
w(113,2,3,123)
w(163,3,3,123)
r(427,5,3,123)
r(272,2,3,123)
r(439,4,3,123)
w(185,6,3,123)
r(191,2,3,123)
r(340,1,3,123)
r(260,6,4,124)
r(15,7,4,124)
w(200,6,4,124)
r(38,2,4,124)
r(286,5,4,124)
w(338,4,4,124)
r(117,6,4,124)
w(447,3,4,124)
r(202,3,4,124)
w(380,6,4,124)
w(205,6,4,124)
w(220,4,4,124)
w(290,3,4,124)
r(463,6,4,124)
w(191,5,4,124)
w(57,6,4,124)
w(414,4,4,124)
r(400,5,4,124)
r(38,2,4,124)
r(471,3,4,124)
r(7,3,5,125)
w(460,7,5,125)
r(424,2,5,125)
w(238,4,5,125)
r(88,2,5,125)
r(237,7,5,125)
r(291,4,5,125)
w(215,8,5,125)
r(177,1,5,125)
w(417,7,5,125)
w(226,7,5,125)
w(73,7,5,125)
w(90,6,5,125)
w(257,5,5,125)
w(322,3,5,125)
w(164,7,5,125)
r(92,2,5,125)
r(191,2,5,125)
r(379,3,5,125)
w(199,5,5,125)
w(195,8,6,126)
w(242,8,6,126)
r(176,6,6,126)
r(325,2,6,126)
w(34,3,6,126)
w(44,3,6,126)
r(372,2,6,126)
w(415,5,6,126)
r(470,4,6,126)
r(72,2,6,126)
w(267,6,6,126)
w(413,6,6,126)
w(167,7,6,126)
r(476,3,6,126)
r(207,4,6,126)
r(162,4,6,126)
w(172,8,6,126)
r(349,4,6,126)
w(102,5,6,126)
r(72,2,6,126)
w(80,2,1,127)
w(196,2,1,127)
r(413,4,1,127)
w(315,4,1,127)
w(320,2,1,127)
r(461,3,1,127)
w(453,4,1,127)
w(336,2,1,127)
w(233,2,1,127)
r(351,6,1,127)
w(185,4,1,127)
w(73,6,1,127)
w(141,2,1,127)
r(432,3,1,127)
w(219,2,1,127)
w(410,2,1,127)
r(28,1,1,127)
w(24,4,1,127)
r(97,2,1,127)
w(15,2,1,127)
w(152,4,2,128)
r(403,4,2,128)
w(246,4,2,128)
w(308,4,2,128)
w(73,5,2,128)
r(154,6,2,128)
w(178,3,2,128)
w(192,2,2,128)
r(194,3,2,128)
w(47,6,2,128)
w(223,6,2,128)
r(420,4,2,128)
w(382,4,2,128)
w(270,2,2,128)
r(474,1,2,128)
r(159,5,2,128)
w(165,4,2,128)
w(373,2,2,128)
r(262,4,2,128)
r(278,5,2,128)
w(316,3,3,129)
r(352,1,3,129)
r(163,3,3,129)
r(393,2,3,129)
r(459,2,3,129)
w(12,2,3,129)
w(208,6,3,129)
w(93,2,3,129)
r(154,4,3,129)
w(455,6,3,129)
w(45,3,3,129)
w(256,2,3,129)
w(38,2,3,129)
w(127,4,3,129)
r(418,2,3,129)
w(141,6,3,129)
w(167,6,3,129)
w(78,2,3,129)
r(184,2,3,129)
w(56,4,3,129)
r(135,2,4,130)
r(464,6,4,130)
w(100,2,4,130)
w(154,6,4,130)
r(338,4,4,130)
r(351,6,4,130)
r(412,5,4,130)
w(161,3,4,130)
r(58,3,4,130)
w(29,6,4,130)
w(190,8,4,130)
r(114,6,4,130)
r(130,4,4,130)
w(378,5,4,130)
r(303,2,4,130)
w(456,3,4,130)
r(267,4,4,130)
r(305,4,4,130)
r(458,4,4,130)
r(397,3,4,130)
r(1,7,5,131)
r(298,3,5,131)
w(361,4,5,131)
r(333,6,5,131)
r(385,6,5,131)
r(282,6,5,131)
w(353,3,5,131)
r(453,5,5,131)
r(98,1,5,131)
r(442,4,5,131)
r(26,2,5,131)
w(206,6,5,131)
w(465,6,5,131)
r(104,6,5,131)
r(343,2,5,131)
w(156,5,5,131)
w(388,6,5,131)
r(99,2,5,131)
r(93,2,5,131)
r(414,6,5,131)
r(380,6,6,132)
r(427,3,6,132)
r(445,6,6,132)
w(245,8,6,132)
r(236,10,6,132)
w(260,3,6,132)
w(140,8,6,132)
w(115,7,6,132)
w(80,5,6,132)
w(95,6,6,132)
r(181,2,6,132)
w(155,3,6,132)
w(189,5,6,132)
w(102,7,6,132)
r(205,6,6,132)
w(4,6,6,132)
w(211,7,6,132)
r(326,2,6,132)
r(139,2,6,132)
w(62,7,6,132)
r(153,4,1,133)
r(465,4,1,133)
w(94,2,1,133)
w(193,6,1,133)
w(234,4,1,133)
w(2,2,1,133)
r(43,6,1,133)
w(201,4,1,133)
w(65,6,1,133)
w(115,4,1,133)
r(319,3,1,133)
w(407,4,1,133)
r(192,6,1,133)
r(436,3,1,133)
w(367,2,1,133)
w(335,2,1,133)
r(208,3,1,133)
r(365,6,1,133)
r(54,6,1,133)
r(416,4,1,133)
r(307,4,2,134)
r(260,3,2,134)
w(385,4,2,134)
r(30,2,2,134)
w(452,4,2,134)
w(145,3,2,134)
w(276,6,2,134)
w(449,4,2,134)
w(447,4,2,134)
r(145,3,2,134)
r(63,2,2,134)
w(163,4,2,134)
r(188,2,2,134)
w(192,4,2,134)
r(99,2,2,134)
w(115,3,2,134)
w(285,2,2,134)
r(61,6,2,134)
w(61,4,2,134)
w(240,2,2,134)
w(210,4,3,135)
r(168,4,3,135)
w(101,2,3,135)
r(211,4,3,135)
w(36,4,3,135)
r(56,4,3,135)
w(159,6,3,135)
w(95,2,3,135)
r(360,5,3,135)
r(391,2,3,135)
r(479,1,3,135)
r(8,4,3,135)
w(221,4,3,135)
r(307,5,3,135)
r(70,3,3,135)
w(282,6,3,135)
r(439,4,3,135)
w(222,6,3,135)
r(311,4,3,135)
r(50,6,3,135)
w(161,5,4,136)
r(366,4,4,136)
w(110,3,4,136)
r(80,2,4,136)
w(394,4,4,136)
r(320,2,4,136)
r(159,3,4,136)
w(140,5,4,136)
r(193,6,4,136)
w(344,6,4,136)
r(1,8,4,136)
w(69,6,4,136)
w(365,2,4,136)
r(260,6,4,136)
w(180,6,4,136)
r(27,2,4,136)
r(241,6,4,136)
w(423,6,4,136)
r(169,3,4,136)
w(6,4,4,136)
w(267,4,5,137)
w(169,3,5,137)
r(320,6,5,137)
w(128,4,5,137)
w(100,6,5,137)
r(136,4,5,137)
w(110,5,5,137)
r(449,2,5,137)
w(290,8,5,137)
r(121,1,5,137)
w(429,4,5,137)
r(203,6,5,137)
r(13,4,5,137)
w(463,6,5,137)
r(123,6,5,137)
w(101,3,5,137)
r(277,3,5,137)
w(156,7,5,137)
w(435,3,5,137)
r(80,4,5,137)
w(374,7,6,138)
r(434,3,6,138)
w(380,5,6,138)
r(419,4,6,138)
w(105,6,6,138)
r(119,5,6,138)
w(287,6,6,138)
r(261,2,6,138)
w(316,11,6,138)
r(69,6,6,138)
r(276,5,6,138)
r(247,1,6,138)
w(342,8,6,138)
w(171,3,6,138)
r(422,4,6,138)
w(266,5,6,138)
r(154,6,6,138)
w(216,8,6,138)
r(472,4,6,138)
r(398,2,6,138)
w(63,2,1,139)
r(477,8,1,139)
w(430,4,1,139)
w(460,2,1,139)
w(291,2,1,139)
w(349,2,1,139)
r(187,2,1,139)
w(25,6,1,139)
w(73,3,1,139)
r(439,2,1,139)
w(52,4,1,139)
r(213,6,1,139)
w(122,6,1,139)
r(443,2,1,139)
r(257,7,1,139)
r(363,6,1,139)
w(76,4,1,139)
w(196,4,1,139)
w(411,4,1,139)
w(121,4,1,139)
w(2,4,2,140)
w(97,4,2,140)
w(183,4,2,140)
r(135,2,2,140)
w(137,3,2,140)
w(309,2,2,140)
w(378,4,2,140)
r(65,6,2,140)
w(215,3,2,140)
r(467,2,2,140)
w(21,4,2,140)
w(381,2,2,140)
r(51,4,2,140)
r(183,4,2,140)
r(371,6,2,140)
r(395,2,2,140)
r(467,2,2,140)
r(146,4,2,140)
r(63,2,2,140)
w(11,4,2,140)
r(129,7,3,141)
w(421,2,3,141)
r(84,3,3,141)
r(246,6,3,141)
w(180,4,3,141)
r(383,4,3,141)
r(443,2,3,141)
w(449,6,3,141)
w(451,3,3,141)
w(264,2,3,141)
r(204,2,3,141)
w(288,6,3,141)
r(136,4,3,141)
r(308,5,3,141)
w(39,2,3,141)
r(404,2,3,141)
r(294,2,3,141)
r(131,2,3,141)
w(288,3,3,141)
w(22,4,3,141)
w(266,6,4,142)
r(57,6,4,142)
r(200,6,4,142)
r(90,6,4,142)
r(419,4,4,142)
r(144,6,4,142)
w(363,5,4,142)
r(277,2,4,142)
r(169,3,4,142)
r(409,2,4,142)
r(446,5,4,142)
r(185,4,4,142)
r(66,4,4,142)
w(437,3,4,142)
w(158,7,4,142)
r(143,6,4,142)
r(77,2,4,142)
w(128,2,4,142)
r(407,4,4,142)
w(101,6,4,142)
r(430,2,5,143)
r(170,2,5,143)
w(175,6,5,143)
w(227,2,5,143)
r(228,2,5,143)
r(122,3,5,143)
w(88,6,5,143)
r(113,2,5,143)
w(477,8,5,143)
r(58,3,5,143)
w(461,3,5,143)
w(420,3,5,143)
w(245,3,5,143)
w(361,6,5,143)
w(374,3,5,143)
r(404,4,5,143)
w(129,3,5,143)
w(195,3,5,143)
r(63,6,5,143)
w(189,4,5,143)
r(175,6,1,144)
w(178,4,1,144)
r(416,4,1,144)
w(267,2,1,144)
w(208,4,1,144)
r(403,4,1,144)
w(43,4,1,144)
r(38,2,1,144)
w(349,4,1,144)
r(369,6,1,144)
r(288,3,1,144)
r(81,4,1,144)
w(317,2,1,144)
w(48,2,1,144)
r(164,7,1,144)
r(409,2,1,144)
w(71,2,1,144)
r(330,4,1,144)
r(189,3,1,144)
w(420,4,1,144)
w(285,6,3,145)
w(307,6,3,145)
w(138,4,3,145)
r(236,8,3,145)
r(388,3,3,145)
r(409,2,3,145)
r(69,4,3,145)
w(202,6,3,145)
w(183,5,3,145)
r(386,1,3,145)
w(319,4,3,145)
r(201,6,3,145)
w(213,4,3,145)
r(231,2,3,145)
r(347,1,3,145)
r(310,2,3,145)
r(57,1,3,145)
r(442,4,3,145)
w(419,4,3,145)
w(74,5,3,145)
w(20,3,4,146)
r(112,2,4,146)
w(120,6,4,146)
w(162,5,4,146)
r(354,2,4,146)
w(296,4,4,146)
r(64,1,4,146)
w(54,2,4,146)
w(441,4,4,146)
r(273,9,4,146)
w(461,6,4,146)
r(282,5,4,146)
w(341,4,4,146)
r(220,2,4,146)
w(417,3,4,146)
w(187,3,4,146)
w(412,6,4,146)
w(404,5,4,146)
r(473,6,4,146)
r(272,4,4,146)
r(229,4,5,147)
r(92,6,5,147)
r(310,2,5,147)
w(460,8,5,147)
w(29,3,5,147)
w(411,5,5,147)
r(355,4,5,147)
w(104,4,5,147)
r(192,6,5,147)
r(336,3,5,147)
r(95,2,5,147)
r(339,4,5,147)
w(45,8,5,147)
w(96,6,5,147)
r(379,6,5,147)
r(321,2,5,147)
w(479,6,5,147)
r(338,2,5,147)
w(174,5,5,147)
w(241,6,5,147)
r(229,4,1,148)
r(254,4,1,148)
w(258,4,1,148)
r(59,2,1,148)
w(220,2,1,148)
r(373,8,1,148)
w(411,6,1,148)
w(451,2,1,148)
w(405,2,1,148)
w(92,4,1,148)
r(427,3,1,148)
w(23,4,1,148)
r(423,6,1,148)
r(326,2,1,148)
r(124,6,1,148)
w(172,4,1,148)
r(199,5,1,148)
r(479,6,1,148)
w(400,4,1,148)
r(391,6,1,148)
w(133,2,3,149)
r(216,7,3,149)
w(124,6,3,149)
w(236,9,3,149)
w(129,4,3,149)
w(196,3,3,149)
w(92,6,3,149)
r(337,2,3,149)
r(207,2,3,149)
r(355,4,3,149)
r(120,4,3,149)
r(355,4,3,149)
w(20,6,3,149)
r(383,4,3,149)
r(216,7,3,149)
r(252,4,3,149)
r(380,3,3,149)
w(356,4,3,149)
w(101,4,3,149)
r(395,2,3,149)
w(437,5,4,150)
w(15,8,4,150)
w(47,7,4,150)
r(157,2,4,150)
r(236,10,4,150)
w(331,2,4,150)
w(34,4,4,150)
r(357,2,4,150)
w(144,4,4,150)
r(403,4,4,150)
w(159,5,4,150)
r(57,6,4,150)
r(334,3,4,150)
r(241,6,4,150)
w(27,6,4,150)
r(73,3,4,150)
w(427,7,4,150)
w(453,6,4,150)
r(349,4,4,150)
r(142,1,4,150)
w(446,5,5,151)
w(177,4,5,151)
w(257,7,5,151)
r(30,2,5,151)
r(107,2,5,151)
w(413,4,5,151)
r(433,2,5,151)
r(215,8,5,151)
r(474,1,5,151)
w(466,7,5,151)
r(151,2,5,151)
r(365,6,5,151)
r(122,7,5,151)
r(339,4,5,151)
w(423,5,5,151)
r(239,4,5,151)
r(110,5,5,151)
w(195,5,5,151)
r(121,6,5,151)
r(111,4,5,151)
r(467,2,1,152)
w(218,2,1,152)
w(250,2,1,152)
w(68,4,1,152)
w(360,2,1,152)
r(229,4,1,152)
r(471,5,1,152)
r(72,2,1,152)
r(257,7,1,152)
r(129,3,1,152)
r(344,6,1,152)
r(410,2,1,152)
r(16,3,1,152)
w(317,4,1,152)
r(90,6,1,152)
w(110,2,1,152)
w(188,2,1,152)
w(103,2,1,152)
r(334,3,1,152)
w(108,4,1,152)
r(4,1,3,153)
r(350,6,3,153)
r(417,6,3,153)
w(377,6,3,153)
r(86,4,3,153)
r(262,4,3,153)
w(202,3,3,153)
r(304,1,3,153)
w(329,4,3,153)
w(460,6,3,153)
r(112,2,3,153)
w(148,6,3,153)
w(259,4,3,153)
w(464,6,3,153)
r(135,2,3,153)
r(440,2,3,153)
r(369,6,3,153)
w(386,2,3,153)
r(144,6,3,153)
r(257,6,3,153)
r(107,2,5,154)
w(411,7,5,154)
w(93,6,5,154)
w(189,6,5,154)
r(179,6,5,154)
w(263,5,5,154)
w(92,5,5,154)
r(165,3,5,154)
r(116,6,5,154)
r(174,5,5,154)
r(218,5,5,154)
r(264,2,5,154)
w(455,7,5,154)
r(121,6,5,154)
r(315,4,5,154)
r(171,4,5,154)
r(84,4,5,154)
w(290,11,5,154)
r(260,6,5,154)
w(238,6,5,154)
r(204,2,3,155)
w(157,2,3,155)
r(157,2,3,155)
r(191,2,3,155)
w(335,4,3,155)
r(375,5,3,155)
r(193,5,3,155)
r(478,2,3,155)
w(363,6,3,155)
w(272,4,3,155)
r(222,6,3,155)
r(402,1,3,155)
r(217,4,3,155)
w(250,4,3,155)
w(67,6,3,155)
r(65,4,3,155)
w(244,6,3,155)
r(395,2,3,155)
w(208,3,3,155)
w(114,6,3,155)
w(451,9,5,156)
r(466,7,5,156)
r(66,4,5,156)
r(147,2,5,156)
w(138,5,5,156)
w(278,5,5,156)
w(211,3,5,156)
r(445,6,5,156)
w(62,5,5,156)
r(276,5,5,156)
w(250,5,5,156)
w(314,6,5,156)
w(191,8,5,156)
r(348,4,5,156)
r(51,4,5,156)
r(271,2,5,156)
w(166,3,5,156)
w(405,6,5,156)
w(189,3,5,156)
w(305,5,5,156)
