w(1,1,0,0)
w(2,1,0,0)
w(3,1,0,0)
w(4,1,0,0)
w(5,1,0,0)
w(6,1,0,0)
w(7,1,0,0)
w(8,1,0,0)
w(9,1,0,0)
w(10,1,0,0)
w(11,1,0,0)
w(12,1,0,0)
w(13,1,0,0)
w(14,1,0,0)
w(15,1,0,0)
w(16,1,0,0)
w(17,1,0,0)
w(18,1,0,0)
w(19,1,0,0)
w(20,1,0,0)
w(21,1,0,0)
w(22,1,0,0)
w(23,1,0,0)
w(24,1,0,0)
w(25,1,0,0)
w(26,1,0,0)
w(27,1,0,0)
w(28,1,0,0)
w(29,1,0,0)
w(30,1,0,0)
w(31,1,0,0)
w(32,1,0,0)
w(33,1,0,0)
w(34,1,0,0)
w(35,1,0,0)
w(36,1,0,0)
w(37,1,0,0)
w(38,1,0,0)
w(39,1,0,0)
w(40,1,0,0)
w(41,1,0,0)
w(42,1,0,0)
w(43,1,0,0)
w(44,1,0,0)
w(45,1,0,0)
w(46,1,0,0)
w(47,1,0,0)
w(48,1,0,0)
w(49,1,0,0)
w(50,1,0,0)
w(51,1,0,0)
w(52,1,0,0)
w(53,1,0,0)
w(54,1,0,0)
w(55,1,0,0)
w(56,1,0,0)
w(57,1,0,0)
w(58,1,0,0)
w(59,1,0,0)
w(60,1,0,0)
w(61,1,0,0)
w(62,1,0,0)
w(63,1,0,0)
w(64,1,0,0)
w(65,1,0,0)
w(66,1,0,0)
w(67,1,0,0)
w(68,1,0,0)
w(69,1,0,0)
w(70,1,0,0)
w(71,1,0,0)
w(72,1,0,0)
w(73,1,0,0)
w(74,1,0,0)
w(75,1,0,0)
w(76,1,0,0)
w(77,1,0,0)
w(78,1,0,0)
w(79,1,0,0)
w(80,1,0,0)
w(81,1,0,0)
w(82,1,0,0)
w(83,1,0,0)
w(84,1,0,0)
w(85,1,0,0)
w(86,1,0,0)
w(87,1,0,0)
w(88,1,0,0)
w(89,1,0,0)
w(90,1,0,0)
w(91,1,0,0)
w(92,1,0,0)
w(93,1,0,0)
w(94,1,0,0)
w(95,1,0,0)
w(96,1,0,0)
w(97,1,0,0)
w(98,1,0,0)
w(99,1,0,0)
w(100,1,0,0)
w(101,1,0,0)
w(102,1,0,0)
w(103,1,0,0)
w(104,1,0,0)
w(105,1,0,0)
w(106,1,0,0)
w(107,1,0,0)
w(108,1,0,0)
w(109,1,0,0)
w(110,1,0,0)
w(111,1,0,0)
w(112,1,0,0)
w(113,1,0,0)
w(114,1,0,0)
w(115,1,0,0)
w(116,1,0,0)
w(117,1,0,0)
w(118,1,0,0)
w(119,1,0,0)
w(120,1,0,0)
w(121,1,0,0)
w(122,1,0,0)
w(123,1,0,0)
w(124,1,0,0)
w(125,1,0,0)
w(126,1,0,0)
w(127,1,0,0)
w(128,1,0,0)
w(129,1,0,0)
w(130,1,0,0)
w(131,1,0,0)
w(132,1,0,0)
w(133,1,0,0)
w(134,1,0,0)
w(135,1,0,0)
w(136,1,0,0)
w(137,1,0,0)
w(138,1,0,0)
w(139,1,0,0)
w(140,1,0,0)
w(141,1,0,0)
w(142,1,0,0)
w(143,1,0,0)
w(144,1,0,0)
w(145,1,0,0)
w(146,1,0,0)
w(147,1,0,0)
w(148,1,0,0)
w(149,1,0,0)
w(150,1,0,0)
w(151,1,0,0)
w(152,1,0,0)
w(153,1,0,0)
w(154,1,0,0)
w(155,1,0,0)
w(156,1,0,0)
w(157,1,0,0)
w(158,1,0,0)
w(159,1,0,0)
w(160,1,0,0)
w(161,1,0,0)
w(162,1,0,0)
w(163,1,0,0)
w(164,1,0,0)
w(165,1,0,0)
w(166,1,0,0)
w(167,1,0,0)
w(168,1,0,0)
w(169,1,0,0)
w(170,1,0,0)
w(171,1,0,0)
w(172,1,0,0)
w(173,1,0,0)
w(174,1,0,0)
w(175,1,0,0)
w(176,1,0,0)
w(177,1,0,0)
w(178,1,0,0)
w(179,1,0,0)
w(180,1,0,0)
w(181,1,0,0)
w(182,1,0,0)
w(183,1,0,0)
w(184,1,0,0)
w(185,1,0,0)
w(186,1,0,0)
w(187,1,0,0)
w(188,1,0,0)
w(189,1,0,0)
w(190,1,0,0)
w(191,1,0,0)
w(192,1,0,0)
w(193,1,0,0)
w(194,1,0,0)
w(195,1,0,0)
w(196,1,0,0)
w(197,1,0,0)
w(198,1,0,0)
w(199,1,0,0)
w(200,1,0,0)
w(201,1,0,0)
w(202,1,0,0)
w(203,1,0,0)
w(204,1,0,0)
w(205,1,0,0)
w(206,1,0,0)
w(207,1,0,0)
w(208,1,0,0)
w(209,1,0,0)
w(210,1,0,0)
w(211,1,0,0)
w(212,1,0,0)
w(213,1,0,0)
w(214,1,0,0)
w(215,1,0,0)
w(216,1,0,0)
w(217,1,0,0)
w(218,1,0,0)
w(219,1,0,0)
w(220,1,0,0)
w(221,1,0,0)
w(222,1,0,0)
w(223,1,0,0)
w(224,1,0,0)
w(225,1,0,0)
w(226,1,0,0)
w(227,1,0,0)
w(228,1,0,0)
w(229,1,0,0)
w(230,1,0,0)
w(231,1,0,0)
w(232,1,0,0)
w(233,1,0,0)
w(234,1,0,0)
w(235,1,0,0)
w(236,1,0,0)
w(237,1,0,0)
w(238,1,0,0)
w(239,1,0,0)
w(240,1,0,0)
w(241,1,0,0)
w(242,1,0,0)
w(243,1,0,0)
w(244,1,0,0)
w(245,1,0,0)
w(246,1,0,0)
w(247,1,0,0)
w(248,1,0,0)
w(249,1,0,0)
w(250,1,0,0)
w(251,1,0,0)
w(252,1,0,0)
w(253,1,0,0)
w(254,1,0,0)
w(255,1,0,0)
w(256,1,0,0)
w(257,1,0,0)
w(258,1,0,0)
w(259,1,0,0)
w(260,1,0,0)
w(261,1,0,0)
w(262,1,0,0)
w(263,1,0,0)
w(264,1,0,0)
w(265,1,0,0)
w(266,1,0,0)
w(267,1,0,0)
w(268,1,0,0)
w(269,1,0,0)
w(270,1,0,0)
w(271,1,0,0)
w(272,1,0,0)
w(273,1,0,0)
w(274,1,0,0)
w(275,1,0,0)
w(276,1,0,0)
w(277,1,0,0)
w(278,1,0,0)
w(279,1,0,0)
w(280,1,0,0)
w(281,1,0,0)
w(282,1,0,0)
w(283,1,0,0)
w(284,1,0,0)
w(285,1,0,0)
w(286,1,0,0)
w(287,1,0,0)
w(288,1,0,0)
w(289,1,0,0)
w(290,1,0,0)
w(291,1,0,0)
w(292,1,0,0)
w(293,1,0,0)
w(294,1,0,0)
w(295,1,0,0)
w(296,1,0,0)
w(297,1,0,0)
w(298,1,0,0)
w(299,1,0,0)
w(300,1,0,0)
w(301,1,0,0)
w(302,1,0,0)
w(303,1,0,0)
w(304,1,0,0)
w(305,1,0,0)
w(306,1,0,0)
w(307,1,0,0)
w(308,1,0,0)
w(309,1,0,0)
w(310,1,0,0)
w(311,1,0,0)
w(312,1,0,0)
w(313,1,0,0)
w(314,1,0,0)
w(315,1,0,0)
w(316,1,0,0)
w(317,1,0,0)
w(318,1,0,0)
w(319,1,0,0)
w(320,1,0,0)
w(321,1,0,0)
w(322,1,0,0)
w(323,1,0,0)
w(324,1,0,0)
w(325,1,0,0)
w(326,1,0,0)
w(327,1,0,0)
w(328,1,0,0)
w(329,1,0,0)
w(330,1,0,0)
w(331,1,0,0)
w(332,1,0,0)
w(333,1,0,0)
w(334,1,0,0)
w(335,1,0,0)
w(336,1,0,0)
w(337,1,0,0)
w(338,1,0,0)
w(339,1,0,0)
w(340,1,0,0)
w(341,1,0,0)
w(342,1,0,0)
w(343,1,0,0)
w(344,1,0,0)
w(345,1,0,0)
w(346,1,0,0)
w(347,1,0,0)
w(348,1,0,0)
w(349,1,0,0)
w(350,1,0,0)
w(351,1,0,0)
w(352,1,0,0)
w(353,1,0,0)
w(354,1,0,0)
w(355,1,0,0)
w(356,1,0,0)
w(357,1,0,0)
w(358,1,0,0)
w(359,1,0,0)
w(360,1,0,0)
w(361,1,0,0)
w(362,1,0,0)
w(363,1,0,0)
w(364,1,0,0)
w(365,1,0,0)
w(366,1,0,0)
w(367,1,0,0)
w(368,1,0,0)
w(369,1,0,0)
w(370,1,0,0)
w(371,1,0,0)
w(372,1,0,0)
w(373,1,0,0)
w(374,1,0,0)
w(375,1,0,0)
w(376,1,0,0)
w(377,1,0,0)
w(378,1,0,0)
w(379,1,0,0)
w(380,1,0,0)
w(381,1,0,0)
w(382,1,0,0)
w(383,1,0,0)
w(384,1,0,0)
w(385,1,0,0)
w(386,1,0,0)
w(387,1,0,0)
w(388,1,0,0)
w(389,1,0,0)
w(390,1,0,0)
w(391,1,0,0)
w(392,1,0,0)
w(393,1,0,0)
w(394,1,0,0)
w(395,1,0,0)
w(396,1,0,0)
w(397,1,0,0)
w(398,1,0,0)
w(399,1,0,0)
w(400,1,0,0)
w(401,1,0,0)
w(402,1,0,0)
w(403,1,0,0)
w(404,1,0,0)
w(405,1,0,0)
w(406,1,0,0)
w(407,1,0,0)
w(408,1,0,0)
w(409,1,0,0)
w(410,1,0,0)
w(411,1,0,0)
w(412,1,0,0)
w(413,1,0,0)
w(414,1,0,0)
w(415,1,0,0)
w(416,1,0,0)
w(417,1,0,0)
w(418,1,0,0)
w(419,1,0,0)
w(420,1,0,0)
w(421,1,0,0)
w(422,1,0,0)
w(423,1,0,0)
w(424,1,0,0)
w(425,1,0,0)
w(426,1,0,0)
w(427,1,0,0)
w(428,1,0,0)
w(429,1,0,0)
w(430,1,0,0)
w(431,1,0,0)
w(432,1,0,0)
w(433,1,0,0)
w(434,1,0,0)
w(435,1,0,0)
w(436,1,0,0)
w(437,1,0,0)
w(438,1,0,0)
w(439,1,0,0)
w(440,1,0,0)
w(441,1,0,0)
w(442,1,0,0)
w(443,1,0,0)
w(444,1,0,0)
w(445,1,0,0)
w(446,1,0,0)
w(447,1,0,0)
w(448,1,0,0)
w(449,1,0,0)
w(450,1,0,0)
w(451,1,0,0)
w(452,1,0,0)
w(453,1,0,0)
w(454,1,0,0)
w(455,1,0,0)
w(456,1,0,0)
w(457,1,0,0)
w(458,1,0,0)
w(459,1,0,0)
w(460,1,0,0)
w(461,1,0,0)
w(462,1,0,0)
w(463,1,0,0)
w(464,1,0,0)
w(465,1,0,0)
w(466,1,0,0)
w(467,1,0,0)
w(468,1,0,0)
w(469,1,0,0)
w(470,1,0,0)
w(471,1,0,0)
w(472,1,0,0)
w(473,1,0,0)
w(474,1,0,0)
w(475,1,0,0)
w(476,1,0,0)
w(477,1,0,0)
w(478,1,0,0)
w(479,1,0,0)
w(480,1,0,0)
w(481,1,0,0)
w(482,1,0,0)
w(483,1,0,0)
w(484,1,0,0)
w(485,1,0,0)
w(486,1,0,0)
w(487,1,0,0)
w(488,1,0,0)
w(489,1,0,0)
w(490,1,0,0)
w(491,1,0,0)
w(492,1,0,0)
w(493,1,0,0)
w(494,1,0,0)
w(495,1,0,0)
w(496,1,0,0)
w(497,1,0,0)
w(498,1,0,0)
w(499,1,0,0)
w(500,1,0,0)
w(501,1,0,0)
w(502,1,0,0)
w(503,1,0,0)
w(504,1,0,0)
w(505,1,0,0)
w(506,1,0,0)
w(507,1,0,0)
w(508,1,0,0)
w(509,1,0,0)
w(510,1,0,0)
w(511,1,0,0)
w(512,1,0,0)
w(513,1,0,0)
w(514,1,0,0)
w(515,1,0,0)
w(516,1,0,0)
w(517,1,0,0)
w(518,1,0,0)
w(519,1,0,0)
w(520,1,0,0)
w(521,1,0,0)
w(522,1,0,0)
w(523,1,0,0)
w(524,1,0,0)
w(525,1,0,0)
w(526,1,0,0)
w(527,1,0,0)
w(528,1,0,0)
w(529,1,0,0)
w(530,1,0,0)
w(531,1,0,0)
w(532,1,0,0)
w(533,1,0,0)
w(534,1,0,0)
w(535,1,0,0)
w(536,1,0,0)
w(537,1,0,0)
w(538,1,0,0)
r(387,1,1,1)
w(481,2,1,1)
r(402,1,1,1)
r(186,1,1,1)
r(443,1,1,1)
w(360,2,1,1)
w(71,2,1,1)
w(283,2,1,1)
w(87,2,1,1)
r(306,1,1,1)
w(472,2,1,1)
r(102,1,1,1)
r(289,1,1,1)
w(122,2,1,1)
r(184,1,1,1)
r(489,1,1,1)
r(166,1,1,1)
w(181,2,1,1)
r(192,1,1,1)
w(82,2,1,1)
r(497,1,2,2)
w(178,2,2,2)
w(69,5,2,2)
r(317,1,2,2)
r(331,1,2,2)
w(121,2,2,2)
w(324,2,2,2)
w(510,2,2,2)
w(423,2,2,2)
w(359,5,2,2)
r(182,1,2,2)
r(233,1,2,2)
r(68,1,2,2)
w(301,5,2,2)
r(395,1,2,2)
w(386,2,2,2)
r(326,1,2,2)
r(515,1,2,2)
w(258,5,3,3)
w(115,4,3,3)
w(201,2,3,3)
w(72,3,3,3)
w(190,5,3,3)
r(220,1,3,3)
r(165,4,3,3)
w(172,5,3,3)
r(519,1,3,3)
r(191,1,3,3)
r(246,1,3,3)
w(169,5,3,3)
w(221,5,3,3)
w(443,5,3,3)
w(26,2,3,3)
w(317,2,3,3)
r(161,2,3,3)
w(328,5,3,3)
r(71,2,3,3)
w(67,4,3,3)
r(448,1,4,4)
r(5,1,4,4)
r(511,1,4,4)
w(261,4,4,4)
w(118,4,4,4)
w(9,2,4,4)
w(451,4,4,4)
r(269,1,4,4)
w(359,6,4,4)
w(243,5,4,4)
w(209,4,4,4)
w(274,4,4,4)
w(207,5,4,4)
w(302,5,4,4)
r(516,1,4,4)
w(485,5,4,4)
r(17,1,4,4)
w(199,2,4,4)
w(340,5,4,4)
r(421,1,4,4)
w(166,6,5,5)
w(301,3,5,5)
r(365,1,5,5)
w(389,2,5,5)
r(330,1,5,5)
w(440,4,5,5)
w(498,5,5,5)
r(361,1,5,5)
r(485,5,5,5)
r(413,1,5,5)
r(381,1,5,5)
r(62,1,5,5)
w(281,5,5,5)
w(302,4,5,5)
r(51,1,5,5)
w(35,5,5,5)
w(100,5,5,5)
w(514,4,5,5)
w(199,5,5,5)
r(248,1,5,5)
w(52,3,6,6)
r(459,1,6,6)
w(495,5,6,6)
w(63,6,6,6)
w(403,2,6,6)
w(56,3,6,6)
w(130,4,6,6)
r(386,1,6,6)
w(236,6,6,6)
r(307,1,6,6)
r(427,1,6,6)
r(265,1,6,6)
r(433,1,6,6)
r(196,1,6,6)
w(508,7,6,6)
w(292,3,6,6)
r(514,1,6,6)
w(370,7,6,6)
w(289,4,6,6)
w(418,3,6,6)
r(250,1,1,7)
r(285,1,1,7)
r(427,1,1,7)
r(34,1,1,7)
r(418,3,1,7)
r(148,1,1,7)
r(429,1,1,7)
w(304,2,1,7)
w(337,2,1,7)
w(103,2,1,7)
r(273,1,1,7)
w(522,2,1,7)
r(209,4,1,7)
r(172,1,1,7)
w(161,2,1,7)
w(85,2,1,7)
r(138,1,1,7)
r(530,1,1,7)
w(301,2,1,7)
r(77,1,1,7)
w(236,2,2,8)
w(327,5,2,8)
w(14,2,2,8)
w(166,4,2,8)
w(381,2,2,8)
r(94,8,2,8)
r(21,1,2,8)
w(4,5,2,8)
r(283,2,2,8)
r(491,1,2,8)
w(480,2,2,8)
r(521,1,2,8)
r(499,1,2,8)
r(208,1,2,8)
r(486,1,2,8)
r(231,1,2,8)
w(354,2,2,8)
w(217,2,2,8)
w(315,5,2,8)
w(287,5,2,8)
w(40,2,3,9)
r(355,1,3,9)
r(504,1,3,9)
r(330,1,3,9)
w(495,2,3,9)
r(63,6,3,9)
r(50,1,3,9)
r(34,1,3,9)
r(455,1,3,9)
w(368,5,3,9)
w(5,3,3,9)
w(47,4,3,9)
r(521,1,3,9)
r(435,1,3,9)
w(67,3,3,9)
w(133,5,3,9)
r(391,2,3,9)
w(328,4,3,9)
w(400,5,3,9)
w(27,2,3,9)
w(348,2,4,10)
r(147,1,4,10)
r(443,5,4,10)
r(325,1,4,10)
r(438,1,4,10)
w(42,4,4,10)
r(169,5,4,10)
w(20,4,4,10)
r(19,1,4,10)
r(277,1,4,10)
r(247,1,4,10)
r(243,5,4,10)
r(276,1,4,10)
r(390,1,4,10)
r(22,1,4,10)
w(256,4,4,10)
w(114,5,4,10)
w(258,4,4,10)
r(181,2,4,10)
r(420,1,4,10)
r(207,5,5,11)
w(506,3,5,11)
w(347,5,5,11)
w(436,8,5,11)
r(237,1,5,11)
w(370,6,5,11)
r(207,5,5,11)
w(270,4,5,11)
r(402,1,5,11)
r(32,1,5,11)
w(291,2,5,11)
r(446,3,5,11)
r(398,1,5,11)
r(237,1,5,11)
r(407,1,5,11)
w(165,4,5,11)
r(197,1,5,11)
w(379,2,5,11)
r(126,1,5,11)
w(94,8,5,11)
w(411,6,6,12)
r(394,1,6,12)
r(267,1,6,12)
w(42,6,6,12)
r(266,1,6,12)
w(446,3,6,12)
w(47,8,6,12)
w(83,11,6,12)
r(103,1,6,12)
w(263,5,6,12)
r(90,1,6,12)
r(182,1,6,12)
w(451,7,6,12)
r(258,1,6,12)
r(74,1,6,12)
r(397,1,6,12)
r(220,1,6,12)
w(403,5,6,12)
w(441,5,6,12)
w(280,3,6,12)
w(104,2,1,13)
r(529,1,1,13)
r(245,1,1,13)
r(387,1,1,13)
r(217,2,1,13)
w(261,2,1,13)
w(391,2,1,13)
r(478,1,1,13)
w(232,2,1,13)
r(191,1,1,13)
r(246,1,1,13)
w(96,2,1,13)
r(197,1,1,13)
w(235,2,1,13)
w(254,2,1,13)
w(94,2,1,13)
w(171,2,1,13)
w(80,2,1,13)
r(439,1,1,13)
r(285,1,1,13)
r(522,2,2,14)
r(73,1,2,14)
r(254,2,2,14)
w(3,5,2,14)
r(183,1,2,14)
w(72,5,2,14)
w(79,2,2,14)
r(145,1,2,14)
w(265,2,2,14)
r(317,2,2,14)
w(315,4,2,14)
r(528,1,2,14)
w(531,2,2,14)
r(245,1,2,14)
w(5,5,2,14)
r(265,2,2,14)
w(315,3,2,14)
w(141,5,2,14)
r(466,1,2,14)
w(409,5,2,14)
w(42,5,3,15)
r(150,1,3,15)
w(437,2,3,15)
r(327,5,3,15)
w(41,3,3,15)
w(391,3,3,15)
r(85,2,3,15)
r(5,3,3,15)
r(306,1,3,15)
r(270,4,3,15)
r(372,1,3,15)
r(130,4,3,15)
w(8,5,3,15)
r(365,1,3,15)
r(364,1,3,15)
r(376,1,3,15)
w(174,2,3,15)
w(48,5,3,15)
w(473,2,3,15)
r(101,1,3,15)
w(316,2,4,16)
w(72,6,4,16)
r(483,1,4,16)
w(531,6,4,16)
r(159,1,4,16)
r(431,1,4,16)
w(502,2,4,16)
w(164,4,4,16)
w(318,4,4,16)
r(369,1,4,16)
r(76,1,4,16)
w(11,3,4,16)
w(12,8,4,16)
w(243,4,4,16)
w(366,2,4,16)
w(190,4,4,16)
w(16,5,4,16)
r(252,1,4,16)
r(455,1,4,16)
r(316,2,4,16)
w(286,4,5,17)
r(240,1,5,17)
w(190,6,5,17)
w(188,6,5,17)
r(121,1,5,17)
w(399,3,5,17)
w(275,6,5,17)
r(57,1,5,17)
w(275,8,5,17)
w(110,4,5,17)
r(265,1,5,17)
r(41,1,5,17)
w(432,6,5,17)
r(316,1,5,17)
r(15,1,5,17)
w(229,3,5,17)
r(349,1,5,17)
w(474,4,5,17)
w(17,2,5,17)
w(65,4,5,17)
r(233,1,6,18)
w(503,3,6,18)
w(340,3,6,18)
r(31,1,6,18)
w(163,5,6,18)
w(395,8,6,18)
r(64,1,6,18)
w(271,3,6,18)
w(51,2,6,18)
r(181,2,6,18)
r(27,1,6,18)
r(479,1,6,18)
w(102,7,6,18)
r(386,1,6,18)
w(282,3,6,18)
r(516,1,6,18)
w(314,4,6,18)
r(484,1,6,18)
w(175,4,6,18)
r(384,1,6,18)
w(128,2,1,19)
w(237,2,1,19)
r(330,1,1,19)
w(433,2,1,19)
w(58,2,1,19)
w(88,2,1,19)
r(499,1,1,19)
w(245,2,1,19)
w(162,2,1,19)
r(525,1,1,19)
r(364,1,1,19)
w(290,2,1,19)
r(533,1,1,19)
r(138,1,1,19)
w(243,2,1,19)
w(390,2,1,19)
r(402,1,1,19)
w(293,2,1,19)
r(466,1,1,19)
r(180,1,1,19)
r(376,1,2,20)
w(7,2,2,20)
w(138,4,2,20)
r(79,2,2,20)
r(163,5,2,20)
r(346,1,2,20)
r(252,1,2,20)
w(88,5,2,20)
w(19,2,2,20)
r(184,1,2,20)
w(359,4,2,20)
w(516,5,2,20)
w(522,5,2,20)
w(422,5,2,20)
r(197,1,2,20)
r(165,4,2,20)
r(41,1,2,20)
w(225,2,2,20)
r(15,1,2,20)
r(510,1,2,20)
r(281,5,3,21)
w(131,5,3,21)
r(367,1,3,21)
w(402,4,3,21)
w(22,2,3,21)
w(288,2,3,21)
r(69,1,3,21)
w(268,5,3,21)
w(139,5,3,21)
r(515,1,3,21)
r(100,5,3,21)
r(427,1,3,21)
w(468,2,3,21)
w(461,2,3,21)
r(12,7,3,21)
r(134,1,3,21)
w(509,2,3,21)
r(447,2,3,21)
w(237,4,3,21)
w(296,2,3,21)
r(297,1,4,22)
w(133,6,4,22)
w(59,5,4,22)
w(257,4,4,22)
r(385,1,4,22)
r(432,6,4,22)
w(330,2,4,22)
w(12,7,4,22)
r(400,5,4,22)
r(12,7,4,22)
r(138,1,4,22)
w(39,4,4,22)
r(329,1,4,22)
r(80,2,4,22)
w(435,2,4,22)
w(533,5,4,22)
w(211,5,4,22)
r(232,2,4,22)
w(377,2,4,22)
w(94,3,4,22)
r(261,2,5,23)
w(122,3,5,23)
r(382,1,5,23)
w(148,4,5,23)
w(109,2,5,23)
r(294,1,5,23)
r(526,1,5,23)
r(206,1,5,23)
w(10,3,5,23)
w(209,6,5,23)
r(31,1,5,23)
w(53,5,5,23)
w(147,5,5,23)
r(496,1,5,23)
r(324,1,5,23)
w(6,3,5,23)
w(160,6,5,23)
w(247,2,5,23)
r(12,1,5,23)
r(422,1,5,23)
r(10,1,6,24)
r(479,1,6,24)
w(257,3,6,24)
w(22,5,6,24)
r(224,1,6,24)
r(53,1,6,24)
r(320,1,6,24)
w(191,4,6,24)
r(27,1,6,24)
w(78,5,6,24)
r(275,8,6,24)
w(503,6,6,24)
r(3,5,6,24)
r(457,1,6,24)
w(279,5,6,24)
r(207,5,6,24)
r(400,1,6,24)
w(305,5,6,24)
r(183,1,6,24)
w(62,6,6,24)
w(422,2,1,25)
r(20,4,1,25)
w(92,2,1,25)
w(91,2,1,25)
r(9,2,1,25)
w(308,2,1,25)
r(118,4,1,25)
w(216,2,1,25)
r(51,2,1,25)
w(286,2,1,25)
r(310,1,1,25)
w(49,2,1,25)
r(349,1,1,25)
w(11,2,1,25)
w(271,2,1,25)
r(378,1,1,25)
w(111,2,1,25)
w(338,2,1,25)
w(23,2,1,25)
w(447,2,1,25)
w(269,2,2,26)
w(250,2,2,26)
r(80,2,2,26)
w(500,5,2,26)
r(247,2,2,26)
r(423,1,2,26)
w(15,2,2,26)
r(332,1,2,26)
w(83,2,2,26)
w(197,2,2,26)
w(500,4,2,26)
r(314,4,2,26)
w(221,2,2,26)
r(82,2,2,26)
r(183,1,2,26)
w(119,2,2,26)
w(58,5,2,26)
r(370,6,2,26)
r(527,1,2,26)
r(305,2,2,26)
w(143,2,3,27)
w(164,2,3,27)
w(353,2,3,27)
r(89,1,3,27)
r(113,1,3,27)
w(309,2,3,27)
r(26,2,3,27)
w(12,4,3,27)
w(310,2,3,27)
r(72,6,3,27)
w(349,5,3,27)
r(454,1,3,27)
r(536,3,3,27)
r(126,1,3,27)
r(162,2,3,27)
r(385,1,3,27)
r(315,3,3,27)
w(268,4,3,27)
w(101,2,3,27)
w(308,5,3,27)
w(538,5,4,28)
r(42,2,4,28)
r(53,5,4,28)
w(157,2,4,28)
r(209,6,4,28)
r(248,1,4,28)
w(391,6,4,28)
r(461,1,4,28)
w(474,2,4,28)
w(520,3,4,28)
r(20,4,4,28)
r(194,1,4,28)
w(490,5,4,28)
r(418,3,4,28)
w(230,5,4,28)
r(48,5,4,28)
w(174,3,4,28)
r(421,1,4,28)
r(373,1,4,28)
r(507,1,4,28)
w(327,3,5,29)
r(71,2,5,29)
r(131,1,5,29)
w(379,5,5,29)
w(400,6,5,29)
w(43,2,5,29)
w(158,5,5,29)
w(94,7,5,29)
w(61,5,5,29)
w(2,5,5,29)
r(411,6,5,29)
r(515,1,5,29)
w(496,4,5,29)
w(489,3,5,29)
w(216,4,5,29)
r(389,2,5,29)
w(25,2,5,29)
w(419,3,5,29)
w(305,2,5,29)
r(373,1,5,29)
w(215,3,6,30)
r(56,3,6,30)
r(112,1,6,30)
r(407,1,6,30)
r(213,1,6,30)
w(51,5,6,30)
w(398,4,6,30)
r(8,1,6,30)
r(394,1,6,30)
w(151,2,6,30)
w(249,3,6,30)
w(275,10,6,30)
r(370,6,6,30)
w(439,4,6,30)
w(377,4,6,30)
w(132,5,6,30)
w(157,4,6,30)
r(494,1,6,30)
w(259,4,6,30)
r(301,2,6,30)
r(318,4,1,31)
w(420,2,1,31)
r(376,1,1,31)
w(188,2,1,31)
r(316,2,1,31)
r(213,1,1,31)
r(217,2,1,31)
w(42,2,1,31)
r(390,2,1,31)
r(21,1,1,31)
w(398,2,1,31)
w(233,2,1,31)
r(52,3,1,31)
r(186,1,1,31)
r(287,5,1,31)
r(480,2,1,31)
w(333,2,1,31)
w(169,2,1,31)
r(113,1,1,31)
r(298,1,1,31)
w(54,2,2,32)
r(76,1,2,32)
r(44,1,2,32)
w(338,5,2,32)
r(350,1,2,32)
r(130,4,2,32)
w(194,2,2,32)
r(439,2,2,32)
r(198,1,2,32)
w(23,5,2,32)
r(8,5,2,32)
w(505,2,2,32)
w(440,2,2,32)
r(534,1,2,32)
w(38,5,2,32)
r(205,1,2,32)
w(62,2,2,32)
w(205,5,2,32)
w(134,2,2,32)
w(168,2,2,32)
w(427,4,3,33)
w(28,5,3,33)
r(185,1,3,33)
r(304,2,3,33)
w(174,5,3,33)
r(507,1,3,33)
w(226,2,3,33)
w(240,2,3,33)
r(230,5,3,33)
r(172,5,3,33)
w(58,4,3,33)
w(144,2,3,33)
r(350,1,3,33)
r(256,4,3,33)
w(276,2,3,33)
w(444,5,3,33)
r(74,1,3,33)
w(209,5,3,33)
w(335,5,3,33)
w(110,2,3,33)
w(536,3,4,34)
w(439,2,4,34)
r(177,1,4,34)
w(335,4,4,34)
w(39,3,4,34)
w(55,4,4,34)
w(483,4,4,34)
w(451,3,4,34)
w(318,3,4,34)
r(342,1,4,34)
w(102,3,4,34)
r(180,1,4,34)
w(326,4,4,34)
r(274,4,4,34)
w(382,2,4,34)
r(69,1,4,34)
r(203,1,4,34)
w(265,4,4,34)
w(467,5,4,34)
r(120,1,4,34)
w(416,5,5,35)
r(127,1,5,35)
w(108,5,5,35)
w(211,4,5,35)
r(73,1,5,35)
r(2,5,5,35)
r(336,1,5,35)
r(67,3,5,35)
w(6,6,5,35)
r(104,2,5,35)
r(191,4,5,35)
r(71,2,5,35)
r(202,1,5,35)
r(174,3,5,35)
r(382,2,5,35)
r(228,1,5,35)
r(466,1,5,35)
w(32,5,5,35)
r(212,1,5,35)
w(411,3,5,35)
r(405,1,6,36)
w(308,4,6,36)
w(200,5,6,36)
r(182,1,6,36)
w(423,5,6,36)
r(115,4,6,36)
w(530,3,6,36)
w(255,4,6,36)
r(49,2,6,36)
r(102,7,6,36)
r(232,2,6,36)
r(496,4,6,36)
w(312,6,6,36)
w(220,3,6,36)
r(186,1,6,36)
r(509,1,6,36)
r(139,1,6,36)
w(38,6,6,36)
r(457,1,6,36)
w(53,4,6,36)
r(201,2,1,37)
w(319,2,1,37)
w(409,2,1,37)
r(287,5,1,37)
r(373,1,1,37)
w(417,2,1,37)
r(227,1,1,37)
r(44,1,1,37)
w(297,2,1,37)
r(175,4,1,37)
r(218,1,1,37)
w(29,2,1,37)
r(408,1,1,37)
w(160,2,1,37)
w(196,2,1,37)
r(176,1,1,37)
r(9,2,1,37)
r(16,5,1,37)
r(310,1,1,37)
r(359,4,1,37)
w(406,2,2,38)
r(470,1,2,38)
r(487,1,2,38)
w(10,5,2,38)
r(472,2,2,38)
r(21,1,2,38)
r(448,1,2,38)
r(163,5,2,38)
r(475,1,2,38)
r(194,5,2,38)
w(489,2,2,38)
r(276,2,2,38)
r(363,5,2,38)
w(244,2,2,38)
r(501,1,2,38)
w(517,2,2,38)
r(403,5,2,38)
r(369,1,2,38)
r(94,7,2,38)
w(351,5,2,38)
w(161,5,3,39)
w(417,4,3,39)
w(18,2,3,39)
w(384,2,3,39)
w(432,5,3,39)
w(82,5,3,39)
r(186,1,3,39)
w(343,2,3,39)
w(331,4,3,39)
w(508,4,3,39)
w(65,2,3,39)
w(388,5,3,39)
r(410,1,3,39)
r(242,1,3,39)
w(385,2,3,39)
w(38,3,3,39)
w(399,5,3,39)
r(456,1,3,39)
r(242,1,3,39)
r(241,1,3,39)
w(193,5,4,40)
w(362,5,4,40)
r(91,2,4,40)
w(458,5,4,40)
r(254,2,4,40)
r(93,1,4,40)
r(411,3,4,40)
w(376,5,4,40)
w(55,3,4,40)
w(125,5,4,40)
w(30,2,4,40)
w(417,6,4,40)
r(374,1,4,40)
r(461,2,4,40)
r(14,2,4,40)
r(185,1,4,40)
w(412,4,4,40)
r(187,1,4,40)
r(59,5,4,40)
r(81,1,4,40)
r(247,2,5,41)
r(145,1,5,41)
w(194,5,5,41)
w(137,5,5,41)
w(48,6,5,41)
r(23,5,5,41)
w(213,5,5,41)
w(363,5,5,41)
r(77,1,5,41)
w(260,5,5,41)
r(193,5,5,41)
r(118,4,5,41)
w(108,4,5,41)
r(180,1,5,41)
w(498,4,5,41)
r(141,5,5,41)
w(185,5,5,41)
r(280,3,5,41)
r(275,10,5,41)
r(474,2,5,41)
w(140,4,6,42)
r(337,2,6,42)
r(116,1,6,42)
r(186,1,6,42)
r(454,1,6,42)
w(134,3,6,42)
w(345,2,6,42)
r(492,1,6,42)
r(160,2,6,42)
r(102,7,6,42)
r(11,2,6,42)
w(171,3,6,42)
r(307,1,6,42)
r(98,1,6,42)
w(284,5,6,42)
r(140,4,6,42)
w(190,8,6,42)
w(298,3,6,42)
r(298,3,6,42)
r(510,1,6,42)
w(419,2,1,43)
w(508,2,1,43)
w(45,2,1,43)
r(187,1,1,43)
w(198,2,1,43)
w(24,2,1,43)
w(167,2,1,43)
r(135,1,1,43)
w(314,2,1,43)
w(66,2,1,43)
w(131,2,1,43)
w(434,2,1,43)
r(145,1,1,43)
r(309,2,1,43)
r(244,1,1,43)
w(249,2,1,43)
r(360,2,1,43)
r(360,2,1,43)
r(398,2,1,43)
r(489,3,1,43)
r(440,2,2,44)
w(471,2,2,44)
w(132,2,2,44)
r(439,2,2,44)
w(438,2,2,44)
r(463,1,2,44)
w(262,2,2,44)
w(425,2,2,44)
r(240,2,2,44)
r(148,4,2,44)
w(335,2,2,44)
w(483,5,2,44)
w(401,2,2,44)
r(186,1,2,44)
r(266,1,2,44)
r(461,2,2,44)
r(99,1,2,44)
w(470,2,2,44)
r(186,1,2,44)
r(293,2,2,44)
r(441,5,3,45)
r(421,1,3,45)
r(63,6,3,45)
r(411,3,3,45)
w(205,4,3,45)
w(240,5,3,45)
w(236,4,3,45)
r(400,6,3,45)
r(415,2,3,45)
r(342,1,3,45)
r(433,2,3,45)
w(343,5,3,45)
w(323,5,3,45)
w(465,5,3,45)
w(67,6,3,45)
w(198,5,3,45)
r(4,5,3,45)
w(121,5,3,45)
r(449,1,3,45)
r(339,1,3,45)
r(345,2,4,46)
w(248,5,4,46)
r(207,5,4,46)
w(437,5,4,46)
w(2,2,4,46)
w(530,5,4,46)
r(164,2,4,46)
r(177,1,4,46)
r(502,2,4,46)
r(316,2,4,46)
w(409,4,4,46)
w(163,2,4,46)
w(19,4,4,46)
w(508,3,4,46)
w(47,3,4,46)
w(191,5,4,46)
r(534,2,4,46)
w(246,5,4,46)
r(175,4,4,46)
w(75,4,4,46)
r(215,2,5,47)
r(316,2,5,47)
w(156,3,5,47)
r(399,5,5,47)
w(83,6,5,47)
w(103,8,5,47)
r(376,5,5,47)
w(293,5,5,47)
w(466,2,5,47)
w(230,4,5,47)
w(193,4,5,47)
w(66,4,5,47)
r(323,5,5,47)
w(376,4,5,47)
w(94,10,5,47)
w(201,5,5,47)
w(321,2,5,47)
w(95,4,5,47)
w(258,6,5,47)
w(325,5,5,47)
w(108,6,6,48)
r(180,1,6,48)
w(168,5,6,48)
r(118,4,6,48)
r(338,5,6,48)
r(226,1,6,48)
r(63,6,6,48)
r(85,2,6,48)
r(286,2,6,48)
w(380,5,6,48)
r(283,2,6,48)
r(57,1,6,48)
r(321,1,6,48)
w(205,8,6,48)
w(420,4,6,48)
w(153,6,6,48)
r(407,1,6,48)
r(299,1,6,48)
w(89,4,6,48)
r(469,1,6,48)
w(139,2,1,49)
w(59,2,1,49)
w(402,2,1,49)
r(506,3,1,49)
r(418,3,1,49)
r(134,2,1,49)
r(427,1,1,49)
r(392,1,1,49)
w(534,2,1,49)
r(390,2,1,49)
r(11,2,1,49)
r(62,2,1,49)
w(530,2,1,49)
w(190,2,1,49)
w(215,2,1,49)
w(315,2,1,49)
r(347,5,1,49)
w(532,2,1,49)
w(306,2,1,49)
r(20,4,1,49)
r(110,2,2,50)
w(257,2,2,50)
r(257,2,2,50)
r(190,2,2,50)
w(265,5,2,50)
r(360,2,2,50)
r(405,1,2,50)
r(81,3,2,50)
r(417,4,2,50)
r(142,1,2,50)
w(372,2,2,50)
r(218,1,2,50)
w(76,2,2,50)
w(20,5,2,50)
w(167,5,2,50)
r(78,5,2,50)
w(166,3,2,50)
r(205,4,2,50)
r(282,3,2,50)
w(393,2,2,50)
r(524,1,3,51)
w(385,5,3,51)
w(497,2,3,51)
r(351,5,3,51)
r(224,1,3,51)
r(299,1,3,51)
r(377,4,3,51)
r(111,5,3,51)
w(76,5,3,51)
w(277,2,3,51)
r(437,4,3,51)
r(137,5,3,51)
w(97,4,3,51)
w(322,5,3,51)
w(256,5,3,51)
r(151,2,3,51)
r(306,2,3,51)
w(490,2,3,51)
r(302,4,3,51)
w(103,6,3,51)
w(363,2,4,52)
w(477,2,4,52)
r(279,5,4,52)
r(217,2,4,52)
r(449,1,4,52)
r(282,3,4,52)
w(473,4,4,52)
w(164,3,4,52)
w(48,3,4,52)
w(207,4,4,52)
w(297,5,4,52)
w(67,8,4,52)
w(97,6,4,52)
r(147,5,4,52)
w(62,4,4,52)
r(45,2,4,52)
w(111,5,4,52)
w(322,6,4,52)
r(265,4,4,52)
r(164,3,4,52)
w(476,4,5,53)
r(202,1,5,53)
r(355,1,5,53)
w(334,5,5,53)
w(475,5,5,53)
r(66,3,5,53)
r(349,5,5,53)
w(248,4,5,53)
w(207,3,5,53)
r(425,2,5,53)
w(275,7,5,53)
r(209,5,5,53)
w(449,5,5,53)
r(362,5,5,53)
r(298,2,5,53)
r(322,5,5,53)
w(307,2,5,53)
r(458,2,5,53)
r(125,5,5,53)
r(468,2,5,53)
r(137,5,6,54)
w(437,4,6,54)
w(93,8,6,54)
r(296,2,6,54)
w(80,4,6,54)
r(16,5,6,54)
w(280,6,6,54)
r(370,6,6,54)
r(252,1,6,54)
w(325,4,6,54)
w(200,4,6,54)
r(520,3,6,54)
w(504,4,6,54)
w(486,5,6,54)
r(169,2,6,54)
w(120,4,6,54)
w(311,6,6,54)
r(479,2,6,54)
r(499,1,6,54)
w(304,3,6,54)
w(358,2,1,55)
r(21,1,1,55)
r(388,1,1,55)
w(450,2,1,55)
r(23,5,1,55)
w(1,2,1,55)
r(91,2,1,55)
r(482,1,1,55)
w(39,2,1,55)
r(522,5,1,55)
r(419,2,1,55)
r(285,1,1,55)
r(106,1,1,55)
r(57,1,1,55)
r(90,1,1,55)
w(211,2,1,55)
r(362,5,1,55)
w(36,2,1,55)
r(531,6,1,55)
r(447,2,1,55)
w(506,5,2,56)
w(510,5,2,56)
r(205,4,2,56)
w(352,5,2,56)
r(400,6,2,56)
r(200,4,2,56)
r(20,5,2,56)
w(241,2,2,56)
w(513,5,2,56)
w(88,4,2,56)
r(170,2,2,56)
w(52,2,2,56)
r(5,6,2,56)
r(281,5,2,56)
r(211,2,2,56)
r(297,3,2,56)
w(186,2,2,56)
r(391,6,2,56)
r(384,2,2,56)
w(81,5,2,56)
w(29,5,3,57)
r(494,4,3,57)
r(110,2,3,57)
r(435,2,3,57)
w(411,5,3,57)
w(81,3,3,57)
w(344,4,3,57)
w(183,2,3,57)
r(405,1,3,57)
r(271,2,3,57)
w(269,5,3,57)
r(268,4,3,57)
w(509,5,3,57)
w(184,2,3,57)
r(192,1,3,57)
w(106,2,3,57)
w(95,2,3,57)
r(78,5,3,57)
r(418,3,3,57)
w(257,5,3,57)
r(288,2,4,58)
w(419,4,4,58)
r(268,4,4,58)
w(434,7,4,58)
r(490,2,4,58)
r(275,10,4,58)
w(55,6,4,58)
r(294,1,4,58)
w(16,4,4,58)
r(117,1,4,58)
r(464,1,4,58)
w(370,4,4,58)
r(232,2,4,58)
r(155,1,4,58)
r(191,5,4,58)
r(163,2,4,58)
r(384,2,4,58)
r(251,5,4,58)
r(385,5,4,58)
r(325,5,4,58)
r(403,5,5,59)
w(114,6,5,59)
w(162,3,5,59)
w(483,3,5,59)
w(247,5,5,59)
r(461,2,5,59)
r(45,7,5,59)
w(297,3,5,59)
r(382,2,5,59)
r(428,1,5,59)
w(278,4,5,59)
r(238,4,5,59)
r(130,2,5,59)
r(477,2,5,59)
r(410,1,5,59)
w(137,4,5,59)
r(355,2,5,59)
w(5,6,5,59)
w(198,4,5,59)
r(312,2,5,59)
w(432,8,6,60)
w(486,4,6,60)
r(423,5,6,60)
w(45,7,6,60)
w(26,5,6,60)
w(356,6,6,60)
r(399,5,6,60)
w(333,3,6,60)
w(251,5,6,60)
w(3,3,6,60)
w(130,3,6,60)
r(88,5,6,60)
r(437,4,6,60)
w(13,4,6,60)
w(263,4,6,60)
r(349,5,6,60)
w(44,4,6,60)
r(98,1,6,60)
w(494,4,6,60)
w(183,3,6,60)
w(123,2,1,61)
r(520,3,1,61)
r(122,3,1,61)
r(187,1,1,61)
w(479,2,1,61)
w(494,2,1,61)
w(188,5,1,61)
r(324,1,1,61)
r(402,2,1,61)
w(443,2,1,61)
w(347,2,1,61)
w(303,2,1,61)
w(6,2,1,61)
r(453,1,1,61)
w(259,2,1,61)
r(168,5,1,61)
w(415,2,1,61)
w(352,2,1,61)
r(300,1,1,61)
w(298,2,1,61)
r(384,2,2,62)
w(356,5,2,62)
w(272,2,2,62)
w(222,2,2,62)
r(227,5,2,62)
r(286,2,2,62)
w(251,2,2,62)
w(405,5,2,62)
r(49,2,2,62)
r(437,4,2,62)
w(417,5,2,62)
r(42,3,2,62)
r(288,3,2,62)
w(463,5,2,62)
w(97,2,2,62)
w(512,2,2,62)
r(123,3,2,62)
r(231,1,2,62)
r(26,5,2,62)
w(511,2,2,62)
w(148,5,3,63)
r(116,1,3,63)
w(203,2,3,63)
w(196,4,3,63)
r(218,1,3,63)
w(457,4,3,63)
w(311,4,3,63)
r(58,4,3,63)
w(29,4,3,63)
r(385,5,3,63)
r(460,1,3,63)
w(499,5,3,63)
w(18,5,3,63)
r(169,2,3,63)
w(63,3,3,63)
r(534,2,3,63)
r(334,5,3,63)
r(110,2,3,63)
r(120,4,3,63)
w(32,2,3,63)
w(36,5,4,64)
r(230,4,4,64)
w(422,3,4,64)
w(349,3,4,64)
r(185,5,4,64)
r(368,5,4,64)
r(314,2,4,64)
r(38,3,4,64)
w(8,3,4,64)
w(104,4,4,64)
r(457,1,4,64)
r(273,1,4,64)
r(351,5,4,64)
r(28,5,4,64)
r(187,1,4,64)
r(526,1,4,64)
w(64,4,4,64)
w(503,4,4,64)
w(160,4,4,64)
w(330,5,4,64)
r(489,2,5,65)
r(387,1,5,65)
w(271,4,5,65)
r(18,5,5,65)
r(504,4,5,65)
r(428,1,5,65)
r(419,4,5,65)
r(345,2,5,65)
w(170,2,5,65)
w(153,4,5,65)
r(493,1,5,65)
r(452,1,5,65)
w(317,5,5,65)
r(337,2,5,65)
w(17,5,5,65)
r(383,1,5,65)
r(337,2,5,65)
r(188,5,5,65)
w(42,3,5,65)
r(215,2,5,65)
r(145,1,6,66)
w(66,3,6,66)
r(142,1,6,66)
r(377,4,6,66)
w(220,6,6,66)
w(92,3,6,66)
r(45,7,6,66)
r(31,2,6,66)
w(180,2,6,66)
r(33,1,6,66)
w(114,8,6,66)
r(144,2,6,66)
w(41,6,6,66)
w(500,3,6,66)
w(25,4,6,66)
w(235,8,6,66)
w(332,5,6,66)
w(238,4,6,66)
w(102,11,6,66)
w(516,3,6,66)
r(297,2,1,67)
w(31,2,1,67)
r(206,1,1,67)
w(373,2,1,67)
r(354,2,1,67)
r(505,2,1,67)
r(256,4,1,67)
w(195,2,1,67)
w(261,5,1,67)
r(231,1,1,67)
w(513,2,1,67)
w(61,2,1,67)
r(141,5,1,67)
w(320,2,1,67)
w(46,2,1,67)
w(375,2,1,67)
r(339,1,1,67)
w(475,2,1,67)
r(38,3,1,67)
r(152,1,1,67)
w(64,2,2,68)
w(34,2,2,68)
w(103,3,2,68)
r(15,2,2,68)
w(440,5,2,68)
r(423,5,2,68)
r(516,3,2,68)
r(493,1,2,68)
r(285,1,2,68)
r(74,1,2,68)
w(23,4,2,68)
r(412,2,2,68)
r(433,2,2,68)
r(23,4,2,68)
r(532,2,2,68)
r(22,2,2,68)
r(69,2,2,68)
w(337,5,2,68)
w(14,5,2,68)
w(306,4,2,68)
w(33,5,3,69)
w(126,5,3,69)
r(237,5,3,69)
r(350,1,3,69)
r(205,4,3,69)
w(355,5,3,69)
w(133,4,3,69)
w(178,5,3,69)
w(468,5,3,69)
r(232,2,3,69)
r(348,2,3,69)
w(104,5,3,69)
r(427,4,3,69)
r(169,2,3,69)
r(524,1,3,69)
r(376,4,3,69)
w(282,2,3,69)
w(476,2,3,69)
w(311,3,3,69)
w(118,2,3,69)
r(509,5,4,70)
r(454,1,4,70)
w(110,5,4,70)
w(123,3,4,70)
w(508,6,4,70)
r(102,11,4,70)
r(326,4,4,70)
w(292,4,4,70)
r(85,2,4,70)
r(422,3,4,70)
w(120,5,4,70)
w(415,5,4,70)
w(39,6,4,70)
r(252,1,4,70)
r(407,1,4,70)
w(196,3,4,70)
w(227,5,4,70)
w(94,6,4,70)
w(99,5,4,70)
w(474,5,4,70)
r(226,2,5,71)
r(208,1,5,71)
r(477,2,5,71)
r(265,5,5,71)
w(327,6,5,71)
r(178,5,5,71)
r(247,5,5,71)
w(246,4,5,71)
r(352,5,5,71)
w(413,2,5,71)
r(359,2,5,71)
r(291,2,5,71)
r(58,4,5,71)
w(205,6,5,71)
r(361,1,5,71)
w(464,5,5,71)
w(47,6,5,71)
r(225,5,5,71)
r(228,1,5,71)
w(464,4,5,71)
r(153,6,6,72)
r(200,4,6,72)
r(328,4,6,72)
w(207,6,6,72)
w(468,3,6,72)
w(248,3,6,72)
w(302,3,6,72)
w(152,3,6,72)
r(527,1,6,72)
r(72,6,6,72)
r(59,2,6,72)
r(418,3,6,72)
r(33,1,6,72)
r(396,1,6,72)
r(128,2,6,72)
r(93,8,6,72)
r(290,2,6,72)
r(14,2,6,72)
r(452,1,6,72)
w(167,3,6,72)
r(206,1,1,73)
r(220,3,1,73)
w(237,5,1,73)
r(223,1,1,73)
r(513,2,1,73)
r(77,1,1,73)
w(138,2,1,73)
r(517,2,1,73)
w(375,5,1,73)
r(4,5,1,73)
r(534,2,1,73)
r(242,1,1,73)
w(458,2,1,73)
r(132,2,1,73)
r(154,1,1,73)
w(70,2,1,73)
w(436,2,1,73)
w(10,2,1,73)
w(364,2,1,73)
w(140,2,1,73)
r(170,2,2,74)
w(338,4,2,74)
r(64,2,2,74)
r(498,4,2,74)
r(164,3,2,74)
w(1,5,2,74)
r(271,4,2,74)
r(524,1,2,74)
w(395,5,2,74)
w(145,5,3,75)
r(88,5,3,75)
w(165,2,3,75)
w(12,3,3,75)
w(536,4,3,75)
w(127,4,3,75)
w(294,5,3,75)
w(418,5,3,75)
w(145,4,3,75)
r(297,3,3,75)
w(80,5,3,75)
w(362,2,3,75)
w(349,4,3,75)
w(105,5,3,75)
w(156,4,3,75)
w(504,2,3,75)
r(535,1,3,75)
r(87,2,3,75)
r(438,5,3,75)
r(328,4,3,75)
w(280,4,4,76)
r(101,5,4,76)
w(409,6,4,76)
w(494,5,4,76)
r(486,4,4,76)
r(434,7,4,76)
w(104,3,4,76)
r(506,5,4,76)
r(260,5,4,76)
w(410,4,4,76)
w(232,3,4,76)
r(11,2,4,76)
w(508,8,4,76)
w(446,5,4,76)
w(59,4,4,76)
w(330,4,4,76)
w(158,2,4,76)
r(320,5,4,76)
w(401,4,4,76)
w(208,3,4,76)
w(87,5,5,77)
w(174,8,5,77)
w(264,2,5,77)
w(269,4,5,77)
r(118,2,5,77)
w(409,8,5,77)
r(359,2,5,77)
w(402,8,5,77)
r(148,5,5,77)
w(157,5,5,77)
r(211,2,5,77)
w(3,4,5,77)
w(392,5,5,77)
r(176,1,5,77)
r(72,2,5,77)
w(513,3,5,77)
w(327,8,5,77)
w(147,4,5,77)
r(370,4,5,77)
w(158,4,5,77)
w(178,4,6,78)
w(109,3,6,78)
r(322,5,6,78)
r(271,2,6,78)
r(94,10,6,78)
r(116,1,6,78)
r(262,2,6,78)
w(151,5,6,78)
w(306,6,6,78)
w(500,6,6,78)
r(513,2,6,78)
r(455,1,6,78)
r(269,5,6,78)
r(492,1,6,78)
r(431,1,6,78)
w(141,4,6,78)
w(52,6,6,78)
r(49,2,6,78)
r(420,4,6,78)
r(329,1,6,78)
r(21,1,1,79)
r(143,2,1,79)
r(270,4,1,79)
w(312,2,1,79)
r(155,1,1,79)
r(343,5,1,79)
w(414,2,1,79)
w(356,2,1,79)
r(351,5,1,79)
r(125,5,1,79)
r(443,2,1,79)
w(8,2,1,79)
r(343,5,1,79)
r(177,1,1,79)
r(310,2,1,79)
r(198,5,1,79)
w(160,5,1,79)
w(327,2,1,79)
r(192,1,1,79)
w(5,2,1,79)
r(474,5,2,80)
r(361,1,2,80)
w(456,2,2,80)
r(200,4,2,80)
r(56,3,2,80)
r(476,2,2,80)
w(457,2,2,80)
w(105,2,2,80)
r(301,2,2,80)
w(427,5,2,80)
w(134,5,2,80)
w(274,2,2,80)
w(289,2,2,80)
w(67,5,2,80)
r(372,2,2,80)
w(522,4,2,80)
r(441,5,2,80)
w(148,2,2,80)
w(484,5,2,80)
w(245,5,2,80)
r(280,6,3,81)
w(225,5,3,81)
r(82,5,3,81)
r(499,5,3,81)
w(282,5,3,81)
w(319,4,3,81)
r(320,5,3,81)
r(492,1,3,81)
r(454,1,3,81)
w(294,4,3,81)
r(479,2,3,81)
r(265,5,3,81)
w(408,5,3,81)
r(193,4,3,81)
r(78,5,3,81)
w(73,5,3,81)
w(70,5,3,81)
r(95,2,3,81)
r(110,2,3,81)
w(468,4,3,81)
w(290,4,4,82)
w(95,5,4,82)
r(432,8,4,82)
r(207,6,4,82)
r(266,2,4,82)
r(5,6,4,82)
w(76,3,4,82)
r(394,1,4,82)
r(369,1,4,82)
w(484,4,4,82)
w(221,4,4,82)
w(39,8,4,82)
w(68,2,4,82)
r(387,1,4,82)
r(377,4,4,82)
w(330,3,4,82)
r(120,5,4,82)
r(80,5,4,82)
r(335,2,4,82)
r(353,2,4,82)
w(435,5,5,83)
r(361,1,5,83)
w(269,3,5,83)
r(479,2,5,83)
w(106,5,5,83)
r(325,5,5,83)
w(195,4,5,83)
r(101,5,5,83)
w(256,3,5,83)
w(400,8,5,83)
w(122,6,5,83)
r(475,5,5,83)
w(270,6,5,83)
w(195,3,5,83)
r(220,6,5,83)
w(118,3,5,83)
r(207,6,5,83)
r(94,6,5,83)
w(156,6,5,83)
r(507,1,5,83)
r(293,5,6,84)
r(266,2,6,84)
r(391,6,6,84)
w(445,2,6,84)
w(478,2,6,84)
r(32,2,6,84)
w(463,8,6,84)
r(276,2,6,84)
w(392,3,6,84)
w(168,4,6,84)
r(414,2,6,84)
r(165,4,6,84)
r(446,3,6,84)
w(182,4,6,84)
w(136,2,6,84)
w(45,11,6,84)
r(251,5,6,84)
w(75,3,6,84)
w(438,5,6,84)
r(318,3,6,84)
r(369,1,1,85)
r(529,1,1,85)
r(221,2,1,85)
r(419,4,1,85)
r(351,5,1,85)
w(320,5,1,85)
r(503,6,1,85)
w(122,5,1,85)
r(153,6,1,85)
r(414,2,1,85)
w(355,2,1,85)
r(39,2,1,85)
r(80,4,1,85)
r(264,1,1,85)
w(130,2,1,85)
w(306,5,1,85)
w(451,2,1,85)
w(266,2,1,85)
r(6,2,1,85)
r(31,2,1,85)
r(265,5,2,86)
w(229,2,2,86)
w(28,2,2,86)
w(410,2,2,86)
w(125,2,2,86)
w(536,5,2,86)
w(238,2,2,86)
r(377,4,2,86)
w(92,5,2,86)
w(126,2,2,86)
w(64,5,2,86)
r(354,2,2,86)
w(140,5,2,86)
w(361,2,2,86)
w(367,2,2,86)
w(434,3,2,86)
r(32,4,2,86)
w(424,2,2,86)
r(496,5,2,86)
w(19,5,2,86)
w(346,4,3,87)
w(442,5,3,87)
w(374,4,3,87)
r(240,5,3,87)
w(266,5,3,87)
r(364,2,3,87)
w(120,2,3,87)
w(169,4,3,87)
w(451,5,3,87)
r(375,5,3,87)
w(514,5,3,87)
r(432,8,3,87)
r(472,2,3,87)
r(329,1,3,87)
r(214,1,3,87)
r(338,5,3,87)
r(502,2,3,87)
w(147,2,3,87)
r(12,3,3,87)
r(446,5,3,87)
w(14,3,4,88)
r(210,2,4,88)
w(535,2,4,88)
w(165,5,4,88)
r(162,6,4,88)
w(450,3,4,88)
w(383,5,4,88)
r(95,5,4,88)
w(234,5,4,88)
r(521,1,4,88)
w(107,5,4,88)
w(102,6,4,88)
w(408,4,4,88)
w(515,2,4,88)
w(88,8,4,88)
w(399,4,4,88)
w(228,4,4,88)
w(186,5,4,88)
w(373,4,4,88)
w(30,5,4,88)
r(122,6,5,89)
w(241,3,5,89)
w(83,7,5,89)
r(326,4,5,89)
r(34,2,5,89)
w(79,3,5,89)
r(136,2,5,89)
w(456,5,5,89)
w(189,5,5,89)
r(122,6,5,89)
r(350,1,5,89)
r(342,1,5,89)
r(523,1,5,89)
w(143,4,5,89)
r(295,1,5,89)
r(382,2,5,89)
w(295,5,5,89)
r(77,1,5,89)
w(227,4,5,89)
r(319,4,5,89)
r(524,1,6,90)
w(179,5,6,90)
w(296,5,6,90)
w(462,5,6,90)
r(219,1,6,90)
w(456,4,6,90)
r(408,1,6,90)
w(177,5,6,90)
r(210,1,6,90)
r(504,2,6,90)
r(78,5,6,90)
w(445,5,6,90)
r(334,5,6,90)
r(525,1,6,90)
w(96,5,6,90)
w(397,4,6,90)
r(487,1,6,90)
r(57,1,6,90)
r(267,1,6,90)
r(504,2,6,90)
w(319,5,1,91)
r(518,1,1,91)
r(364,2,1,91)
r(482,1,1,91)
r(45,7,1,91)
w(187,2,1,91)
r(347,2,1,91)
r(421,1,1,91)
r(123,2,1,91)
r(316,2,1,91)
r(125,5,1,91)
w(374,2,1,91)
r(223,1,1,91)
r(326,4,1,91)
w(72,2,1,91)
w(249,5,1,91)
r(432,8,1,91)
r(101,2,1,91)
w(181,5,1,91)
r(438,2,1,91)
w(228,2,2,92)
r(64,5,2,92)
w(534,4,2,92)
r(407,5,2,92)
r(224,2,2,92)
r(29,8,2,92)
w(351,4,2,92)
w(189,2,2,92)
r(268,4,2,92)
r(473,4,2,92)
w(268,2,2,92)
r(151,5,2,92)
r(58,4,2,92)
r(217,2,2,92)
w(219,2,2,92)
r(202,1,2,92)
r(3,4,2,92)
r(281,4,2,92)
w(230,2,2,92)
r(315,2,2,92)
w(6,5,3,93)
w(436,3,3,93)
w(401,5,3,93)
w(444,4,3,93)
w(520,4,3,93)
r(128,2,3,93)
r(35,5,3,93)
w(119,5,3,93)
r(120,2,3,93)
w(489,5,3,93)
w(97,3,3,93)
r(106,5,3,93)
w(310,5,3,93)
w(164,5,3,93)
r(95,5,3,93)
r(178,5,3,93)
w(288,5,3,93)
w(522,6,3,93)
w(8,4,3,93)
r(365,1,3,93)
w(485,4,4,94)
w(262,4,4,94)
w(446,4,4,94)
w(395,3,4,94)
w(324,4,4,94)
r(217,2,4,94)
w(498,2,4,94)
r(519,1,4,94)
r(125,2,4,94)
r(100,5,4,94)
r(467,5,4,94)
w(425,5,4,94)
r(467,5,4,94)
r(486,2,4,94)
r(220,6,4,94)
w(461,5,4,94)
w(518,5,4,94)
r(499,4,4,94)
w(93,4,4,94)
r(354,2,4,94)
r(457,2,5,95)
w(387,5,5,95)
w(418,4,5,95)
w(395,6,5,95)
w(281,4,5,95)
w(70,8,5,95)
r(441,5,5,95)
r(451,5,5,95)
w(392,4,5,95)
r(431,1,5,95)
r(232,3,5,95)
r(389,2,5,95)
w(238,5,5,95)
w(371,6,5,95)
r(195,3,5,95)
w(95,3,5,95)
w(357,5,5,95)
r(50,1,5,95)
w(290,3,5,95)
w(532,4,5,95)
w(101,5,6,96)
r(460,1,6,96)
r(481,2,6,96)
r(483,3,6,96)
r(234,1,6,96)
r(407,1,6,96)
w(522,8,6,96)
r(181,5,6,96)
r(219,1,6,96)
w(137,3,6,96)
w(288,3,6,96)
w(32,4,6,96)
r(312,2,6,96)
r(522,8,6,96)
r(74,1,6,96)
w(213,4,6,96)
r(440,2,6,96)
w(418,6,6,96)
w(380,4,6,96)
r(444,5,6,96)
r(193,4,1,97)
w(206,2,1,97)
w(280,2,1,97)
w(185,2,1,97)
r(312,2,1,97)
r(155,1,1,97)
w(402,5,1,97)
w(287,2,1,97)
r(79,2,1,97)
r(443,2,1,97)
w(192,2,1,97)
r(528,2,2,98)
r(409,8,2,98)
w(98,2,2,98)
w(436,5,2,98)
w(83,4,2,98)
r(164,8,2,98)
r(293,5,2,98)
w(349,2,2,98)
w(99,2,2,98)
w(231,2,2,98)
w(188,4,2,98)
r(320,5,2,98)
w(232,5,2,98)
r(396,2,2,98)
r(419,4,2,98)
r(265,3,2,98)
w(481,5,2,98)
r(403,5,2,98)
r(462,2,2,98)
r(471,2,2,98)
r(330,3,3,99)
r(48,3,3,99)
r(118,3,3,99)
w(81,6,3,99)
w(287,3,3,99)
w(210,2,3,99)
w(385,4,3,99)
w(183,5,3,99)
w(486,2,3,99)
w(506,4,3,99)
w(89,2,3,99)
w(304,5,3,99)
w(150,2,3,99)
w(396,2,3,99)
w(6,4,3,99)
w(496,5,3,99)
w(464,2,3,99)
r(387,1,3,99)
r(285,1,3,99)
r(504,2,3,99)
r(288,5,4,100)
w(394,5,4,100)
w(209,3,4,100)
r(6,4,4,100)
w(429,2,4,100)
w(461,4,4,100)
r(235,4,4,100)
r(299,1,4,100)
r(505,2,4,100)
r(78,5,4,100)
w(297,4,4,100)
w(370,3,4,100)
r(385,4,4,100)
w(529,2,4,100)
w(218,2,4,100)
w(29,3,4,100)
w(241,5,4,100)
w(114,4,4,100)
w(162,4,4,100)
r(218,2,4,100)
w(177,2,5,101)
r(51,5,5,101)
r(31,5,5,101)
r(172,2,5,101)
w(404,4,5,101)
w(169,3,5,101)
r(319,4,5,101)
r(9,2,5,101)
r(350,1,5,101)
w(133,8,5,101)
w(135,4,5,101)
r(80,5,5,101)
r(360,2,5,101)
w(509,4,5,101)
w(440,3,5,101)
r(69,2,5,101)
w(44,5,5,101)
w(62,3,5,101)
r(142,1,5,101)
w(265,3,5,101)
r(296,5,6,102)
r(114,6,6,102)
w(177,4,6,102)
r(319,4,6,102)
r(452,1,6,102)
r(52,2,6,102)
r(514,2,6,102)
r(533,5,6,102)
r(278,4,6,102)
w(194,4,6,102)
w(155,5,6,102)
r(500,6,6,102)
w(418,8,6,102)
r(448,1,6,102)
r(477,2,6,102)
w(44,3,6,102)
w(65,3,6,102)
w(219,3,6,102)
w(346,8,6,102)
r(94,6,6,102)
w(69,2,1,103)
w(171,5,1,103)
r(92,3,1,103)
r(522,5,1,103)
w(292,2,1,103)
r(438,5,1,103)
w(344,2,1,103)
r(43,2,1,103)
r(141,4,1,103)
r(183,2,1,103)
w(514,2,1,103)
w(359,2,1,103)
r(345,2,1,103)
r(261,5,1,103)
r(333,3,1,103)
r(65,2,1,103)
w(55,2,1,103)
r(335,2,1,103)
w(41,2,1,103)
w(427,2,1,103)
r(245,5,2,104)
r(51,5,2,104)
r(509,4,2,104)
r(315,2,2,104)
w(391,4,2,104)
w(47,5,2,104)
r(466,2,2,104)
w(262,5,2,104)
r(116,1,2,104)
r(68,2,2,104)
w(397,2,2,104)
w(333,5,2,104)
w(216,5,2,104)
w(98,5,2,104)
w(215,5,2,104)
w(74,4,2,104)
w(503,5,2,104)
w(388,2,2,104)
w(460,2,2,104)
r(463,4,2,104)
w(412,5,3,105)
r(262,2,3,105)
w(31,5,3,105)
r(25,4,3,105)
r(124,1,3,105)
w(410,5,3,105)
w(497,5,3,105)
w(94,4,3,105)
w(533,2,3,105)
w(453,2,3,105)
r(214,1,3,105)
w(118,5,3,105)
w(407,5,3,105)
r(494,5,3,105)
w(383,2,3,105)
w(167,4,3,105)
w(499,4,3,105)
w(526,2,3,105)
w(482,2,3,105)
r(274,2,3,105)
r(340,3,4,106)
w(268,3,4,106)
r(274,2,4,106)
r(86,1,4,106)
w(146,3,4,106)
w(258,3,4,106)
r(441,5,4,106)
w(45,3,4,106)
r(89,2,4,106)
r(16,2,4,106)
r(328,4,4,106)
r(284,3,4,106)
w(415,4,4,106)
w(231,5,4,106)
w(346,3,4,106)
r(55,8,4,106)
r(306,4,4,106)
w(487,5,4,106)
w(288,4,4,106)
w(463,6,4,106)
r(69,2,5,107)
w(384,4,5,107)
w(480,5,5,107)
r(478,2,5,107)
w(459,5,5,107)
r(446,4,5,107)
r(196,3,5,107)
r(212,1,5,107)
w(164,6,5,107)
w(370,8,5,107)
r(517,2,5,107)
r(233,2,5,107)
r(334,5,5,107)
r(395,3,5,107)
r(408,2,5,107)
w(493,5,5,107)
r(315,2,5,107)
r(371,6,5,107)
r(260,5,5,107)
r(450,3,5,107)
w(333,6,6,108)
r(35,5,6,108)
r(263,4,6,108)
w(453,5,6,108)
r(338,5,6,108)
r(188,5,6,108)
r(71,2,6,108)
w(245,4,6,108)
w(88,7,6,108)
r(492,1,6,108)
r(477,2,6,108)
w(520,6,6,108)
w(530,6,6,108)
r(328,4,6,108)
w(239,4,6,108)
w(224,2,6,108)
r(342,1,6,108)
r(445,5,6,108)
r(191,5,6,108)
r(397,4,6,108)
w(67,2,1,109)
r(390,2,1,109)
w(412,2,1,109)
w(129,2,1,109)
w(520,2,1,109)
r(258,6,1,109)
w(273,2,1,109)
w(205,2,1,109)
w(187,5,1,109)
r(524,1,1,109)
w(234,2,1,109)
r(472,2,1,109)
r(20,5,1,109)
r(218,1,1,109)
r(220,6,1,109)
w(420,5,1,109)
r(37,1,1,109)
r(263,4,1,109)
w(331,2,1,109)
r(345,2,1,109)
r(417,5,2,110)
w(242,2,2,110)
w(418,2,2,110)
w(182,5,2,110)
r(80,5,2,110)
w(365,2,2,110)
w(146,2,2,110)
r(14,3,2,110)
r(135,4,2,110)
w(531,5,2,110)
r(408,2,2,110)
r(414,2,2,110)
r(130,2,2,110)
r(107,5,2,110)
r(257,2,2,110)
r(88,8,2,110)
r(95,6,2,110)
r(443,2,2,110)
w(337,4,2,110)
r(447,2,2,110)
r(42,3,3,111)
w(513,4,3,111)
w(472,5,3,111)
r(510,5,3,111)
w(405,4,3,111)
w(220,5,3,111)
w(527,2,3,111)
w(327,4,3,111)
r(419,4,3,111)
r(275,7,3,111)
r(357,5,3,111)
w(62,5,3,111)
w(303,5,3,111)
r(530,6,3,111)
w(424,5,3,111)
w(135,2,3,111)
r(52,2,3,111)
r(16,4,3,111)
w(45,4,3,111)
w(381,5,3,111)
r(28,2,4,112)
r(292,4,4,112)
w(70,4,4,112)
w(324,3,4,112)
w(29,6,4,112)
r(1,2,4,112)
w(66,5,4,112)
w(325,2,4,112)
w(485,3,4,112)
r(103,3,4,112)
w(402,3,4,112)
r(252,1,4,112)
w(388,4,4,112)
w(235,3,4,112)
w(489,4,4,112)
w(380,2,4,112)
w(366,5,4,112)
w(249,4,4,112)
r(291,2,4,112)
r(153,7,4,112)
r(25,4,5,113)
r(283,2,5,113)
r(102,6,5,113)
r(291,2,5,113)
w(263,2,5,113)
w(52,4,5,113)
r(58,4,5,113)
r(291,2,5,113)
r(231,2,5,113)
w(506,6,5,113)
r(249,6,5,113)
r(226,2,5,113)
r(213,4,5,113)
w(220,4,5,113)
r(358,2,5,113)
w(61,4,5,113)
w(488,4,5,113)
w(18,6,5,113)
w(426,2,5,113)
r(216,4,5,113)
w(280,8,6,114)
w(33,6,6,114)
r(387,1,6,114)
w(322,8,6,114)
w(346,7,6,114)
r(465,5,6,114)
w(385,3,6,114)
w(59,6,6,114)
w(284,4,6,114)
r(359,2,6,114)
w(536,8,6,114)
w(185,4,6,114)
w(249,6,6,114)
w(536,7,6,114)
r(4,2,6,114)
r(435,5,6,114)
r(124,1,6,114)
r(500,6,6,114)
w(162,6,6,114)
r(244,2,6,114)
w(279,2,1,115)
r(15,2,1,115)
w(138,5,1,115)
r(464,4,1,115)
r(203,2,1,115)
w(24,5,1,115)
r(231,1,1,115)
w(371,2,1,115)
r(199,5,1,115)
r(181,5,1,115)
w(107,2,1,115)
r(532,2,1,115)
w(483,2,1,115)
r(19,4,1,115)
w(182,2,1,115)
r(407,1,1,115)
r(75,3,1,115)
r(434,7,1,115)
w(255,2,1,115)
r(36,5,1,115)
r(492,1,2,116)
r(522,4,2,116)
w(197,5,2,116)
r(375,5,2,116)
w(197,4,2,116)
w(53,2,2,116)
w(311,5,2,116)
w(159,2,2,116)
r(449,5,2,116)
r(421,3,2,116)
r(373,4,2,116)
w(292,5,2,116)
r(341,1,2,116)
w(428,4,2,116)
r(371,6,2,116)
r(76,3,2,116)
r(377,5,2,116)
r(203,2,2,116)
w(117,2,2,116)
w(79,5,2,116)
r(308,5,3,117)
r(15,2,3,117)
r(496,5,3,117)
r(415,5,3,117)
w(210,5,3,117)
r(500,2,3,117)
r(191,2,3,117)
w(526,5,3,117)
r(61,2,3,117)
r(80,5,3,117)
w(129,5,3,117)
w(133,3,3,117)
w(278,5,3,117)
w(501,2,3,117)
w(275,4,3,117)
w(235,4,3,117)
r(175,4,3,117)
r(202,2,3,117)
r(77,1,3,117)
w(467,2,3,117)
r(179,2,4,118)
w(233,5,4,118)
r(514,5,4,118)
r(403,5,4,118)
w(398,5,4,118)
r(371,6,4,118)
w(236,3,4,118)
w(73,4,4,118)
w(184,5,4,118)
r(481,5,4,118)
w(213,2,4,118)
w(334,2,4,118)
r(518,5,4,118)
w(328,3,4,118)
r(524,1,4,118)
w(125,4,4,118)
r(272,2,4,118)
r(158,3,4,118)
w(451,8,4,118)
w(190,3,4,118)
r(505,2,5,119)
r(411,2,5,119)
w(119,3,5,119)
r(250,2,5,119)
w(369,2,5,119)
w(537,5,5,119)
r(29,3,5,119)
w(225,4,5,119)
w(94,12,5,119)
w(153,3,5,119)
r(500,2,5,119)
w(314,5,5,119)
w(218,5,5,119)
w(260,4,5,119)
w(529,5,5,119)
w(109,4,5,119)
r(168,4,5,119)
r(467,2,5,119)
w(297,6,5,119)
r(214,1,5,119)
w(125,6,6,120)
r(429,1,6,120)
w(491,2,6,120)
w(4,4,6,120)
w(280,7,6,120)
r(170,2,6,120)
r(531,6,6,120)
w(173,2,6,120)
r(507,1,6,120)
r(345,2,6,120)
r(223,1,6,120)
w(522,7,6,120)
w(538,4,6,120)
r(212,1,6,120)
r(336,1,6,120)
w(317,4,6,120)
w(393,3,6,120)
w(515,4,6,120)
w(240,4,6,120)
r(136,2,6,120)
r(299,1,1,121)
r(283,2,1,121)
w(392,2,1,121)
w(4,2,1,121)
r(225,5,1,121)
w(390,5,1,121)
r(86,1,1,121)
r(165,2,1,121)
r(229,3,1,121)
r(214,1,1,121)
r(507,1,1,121)
r(51,5,1,121)
w(463,2,1,121)
r(186,2,1,121)
r(164,3,1,121)
r(155,5,1,121)
r(464,4,1,121)
w(94,5,1,121)
r(309,2,1,121)
r(4,2,1,121)
r(340,3,2,122)
r(309,4,2,122)
r(491,2,2,122)
r(165,5,2,122)
w(301,4,2,122)
w(209,2,2,122)
w(359,3,2,122)
r(517,5,2,122)
r(242,2,2,122)
w(229,4,2,122)
r(442,5,2,122)
r(94,9,2,122)
w(11,4,2,122)
r(343,5,2,122)
r(27,2,2,122)
w(258,2,2,122)
r(336,1,2,122)
r(86,2,2,122)
r(374,3,2,122)
r(414,2,2,122)
w(255,5,3,123)
r(285,2,3,123)
r(224,2,3,123)
w(174,4,3,123)
r(322,7,3,123)
w(329,2,3,123)
r(114,4,3,123)
w(208,4,3,123)
r(181,3,3,123)
w(446,2,3,123)
w(463,4,3,123)
r(535,5,3,123)
w(98,4,3,123)
r(267,1,3,123)
w(39,5,3,123)
r(134,5,3,123)
r(83,4,3,123)
w(473,5,3,123)
r(489,5,3,123)
r(531,6,3,123)
w(400,3,4,124)
r(403,5,4,124)
r(265,3,4,124)
w(134,4,4,124)
w(65,5,4,124)
w(152,4,4,124)
r(493,5,4,124)
w(517,5,4,124)
r(252,5,4,124)
r(245,5,4,124)
r(259,5,4,124)
w(77,2,4,124)
w(430,3,4,124)
r(431,2,4,124)
w(393,4,4,124)
w(515,5,4,124)
w(160,3,4,124)
w(33,4,4,124)
r(378,1,4,124)
w(309,4,4,124)
w(142,2,5,125)
w(215,4,5,125)
r(51,5,5,125)
r(298,2,5,125)
w(469,2,5,125)
r(292,4,5,125)
r(399,4,5,125)
r(450,3,5,125)
w(457,3,5,125)
w(45,6,5,125)
r(257,2,5,125)
r(283,2,5,125)
w(358,6,5,125)
w(193,3,5,125)
r(255,5,5,125)
r(160,8,5,125)
r(318,3,5,125)
r(321,2,5,125)
r(416,5,5,125)
r(32,4,5,125)
r(41,5,6,126)
w(95,6,6,126)
r(173,2,6,126)
w(387,4,6,126)
w(339,5,6,126)
r(183,5,6,126)
r(289,2,6,126)
r(261,5,6,126)
w(231,4,6,126)
r(234,5,6,126)
w(162,8,6,126)
r(454,1,6,126)
w(178,3,6,126)
w(97,8,6,126)
w(29,8,6,126)
w(160,8,6,126)
w(512,5,6,126)
r(394,2,6,126)
w(359,8,6,126)
r(262,2,6,126)
r(265,5,1,127)
r(380,4,1,127)
r(419,4,1,127)
r(189,1,1,127)
r(247,5,1,127)
r(53,4,1,127)
r(468,4,1,127)
r(272,2,1,127)
r(324,1,1,127)
w(20,2,1,127)
r(292,4,1,127)
r(262,2,1,127)
w(500,2,1,127)
r(53,4,1,127)
w(155,2,1,127)
r(315,2,1,127)
r(123,3,1,127)
r(425,2,1,127)
r(487,1,1,127)
r(478,2,1,127)
w(5,4,2,128)
r(153,7,2,128)
w(133,2,2,128)
r(507,1,2,128)
r(68,2,2,128)
w(370,5,2,128)
r(17,5,2,128)
r(332,5,2,128)
r(265,3,2,128)
r(375,3,2,128)
r(255,5,2,128)
w(272,5,2,128)
r(252,5,2,128)
r(33,3,2,128)
r(32,4,2,128)
w(246,2,2,128)
r(105,2,2,128)
w(323,2,2,128)
w(416,2,2,128)
r(147,2,2,128)
r(7,2,3,129)
r(34,2,3,129)
r(244,2,3,129)
r(253,1,3,129)
r(58,4,3,129)
w(309,5,3,129)
r(401,5,3,129)
r(35,5,3,129)
w(71,5,3,129)
w(516,4,3,129)
r(13,4,3,129)
w(283,4,3,129)
w(302,2,3,129)
w(48,4,3,129)
w(259,5,3,129)
w(260,2,3,129)
w(324,5,3,129)
r(491,2,3,129)
r(497,5,3,129)
r(57,1,3,129)
r(501,2,4,130)
r(188,4,4,130)
w(339,2,4,130)
r(160,3,4,130)
r(386,1,4,130)
r(330,3,4,130)
w(239,5,4,130)
r(20,2,4,130)
r(61,4,4,130)
r(272,2,4,130)
w(333,4,4,130)
r(175,4,4,130)
w(210,4,4,130)
r(367,2,4,130)
w(525,5,4,130)
r(328,3,4,130)
r(194,4,4,130)
w(313,5,4,130)
w(99,4,4,130)
r(177,2,4,130)
r(177,2,5,131)
w(94,9,5,131)
w(534,3,5,131)
r(517,2,5,131)
r(187,5,5,131)
r(337,5,5,131)
r(349,2,5,131)
r(108,4,5,131)
r(65,3,5,131)
w(326,6,5,131)
r(527,2,5,131)
r(187,5,5,131)
r(232,5,5,131)
w(377,5,5,131)
w(102,8,5,131)
w(459,4,5,131)
r(104,3,5,131)
r(253,1,5,131)
w(430,6,5,131)
r(125,2,5,131)
r(452,1,6,132)
r(525,1,6,132)
w(164,8,6,132)
r(292,4,6,132)
w(296,4,6,132)
r(127,4,6,132)
r(417,5,6,132)
w(55,8,6,132)
r(327,4,6,132)
w(192,5,6,132)
w(21,2,6,132)
w(284,3,6,132)
w(202,2,6,132)
r(137,3,6,132)
r(369,1,6,132)
w(64,6,6,132)
r(493,1,6,132)
r(285,1,6,132)
w(369,5,6,132)
r(165,5,6,132)
r(419,4,1,133)
r(535,1,1,133)
r(207,6,1,133)
w(516,2,1,133)
r(375,5,1,133)
r(86,1,1,133)
r(508,8,1,133)
w(47,2,1,133)
r(463,2,1,133)
w(41,5,1,133)
r(328,4,1,133)
w(528,2,1,133)
w(462,2,1,133)
r(154,1,1,133)
w(191,2,1,133)
r(266,5,1,133)
w(364,5,1,133)
w(485,2,1,133)
r(315,2,1,133)
w(141,2,1,133)
w(14,4,2,134)
r(531,8,2,134)
r(405,6,2,134)
r(97,8,2,134)
w(442,2,2,134)
w(450,5,2,134)
r(366,5,2,134)
r(493,5,2,134)
w(399,2,2,134)
r(428,4,2,134)
r(491,2,2,134)
r(124,1,2,134)
w(336,2,2,134)
w(433,5,2,134)
w(123,5,2,134)
w(338,3,2,134)
r(326,6,2,134)
w(83,3,2,134)
w(108,2,2,134)
w(204,2,2,134)
r(330,3,3,135)
r(250,2,3,135)
r(100,5,3,135)
w(78,2,3,135)
r(102,8,3,135)
w(270,5,3,135)
w(7,5,3,135)
r(525,5,3,135)
w(27,5,3,135)
r(28,2,3,135)
w(27,4,3,135)
w(505,4,3,135)
w(282,4,3,135)
w(326,5,3,135)
w(1,4,3,135)
w(153,5,3,135)
r(286,5,3,135)
w(161,4,3,135)
w(450,4,3,135)
w(138,3,3,135)
r(225,4,4,136)
w(203,4,4,136)
w(161,3,4,136)
r(229,2,4,136)
r(140,5,4,136)
r(341,1,4,136)
r(406,2,4,136)
r(120,2,4,136)
r(497,5,4,136)
w(128,5,4,136)
r(229,2,4,136)
w(222,6,4,136)
r(533,2,4,136)
w(402,6,4,136)
r(216,5,4,136)
r(351,4,4,136)
r(309,4,4,136)
r(355,5,4,136)
w(13,2,4,136)
w(13,5,4,136)
w(489,6,5,137)
w(352,4,5,137)
r(257,2,5,137)
w(421,3,5,137)
w(127,3,5,137)
r(121,5,5,137)
r(103,3,5,137)
w(273,4,5,137)
r(320,5,5,137)
w(524,2,5,137)
w(439,5,5,137)
r(155,2,5,137)
r(373,4,5,137)
r(293,5,5,137)
r(386,1,5,137)
r(211,2,5,137)
w(360,5,5,137)
r(297,6,5,137)
r(490,2,5,137)
r(396,2,5,137)
w(339,4,6,138)
r(208,2,6,138)
w(153,8,6,138)
r(210,5,6,138)
r(185,4,6,138)
r(336,1,6,138)
r(275,4,6,138)
r(404,4,6,138)
r(37,1,6,138)
w(162,7,6,138)
w(273,3,6,138)
r(528,2,6,138)
w(210,3,6,138)
w(173,5,6,138)
r(257,2,6,138)
r(387,4,6,138)
w(521,2,6,138)
r(141,2,6,138)
w(286,3,6,138)
r(263,4,6,138)
r(31,5,1,139)
w(278,2,1,139)
w(48,2,1,139)
w(171,4,1,139)
r(152,3,1,139)
w(208,2,1,139)
w(166,2,1,139)
w(81,2,1,139)
r(504,2,1,139)
r(3,4,1,139)
w(63,2,1,139)
r(402,8,1,139)
w(172,2,1,139)
w(518,2,1,139)
r(437,4,1,139)
r(46,2,1,139)
w(394,2,1,139)
r(347,2,1,139)
w(376,2,1,139)
r(264,2,1,139)
w(538,2,2,140)
w(127,2,2,140)
w(69,4,2,140)
r(345,2,2,140)
w(196,5,2,140)
w(146,5,2,140)
r(494,5,2,140)
w(212,2,2,140)
r(363,4,2,140)
w(523,2,2,140)
w(10,4,2,140)
w(222,5,2,140)
r(110,5,2,140)
w(436,4,2,140)
r(231,5,2,140)
r(535,5,2,140)
w(81,4,2,140)
w(326,2,2,140)
r(122,6,2,140)
w(86,5,2,140)
w(340,4,4,141)
w(107,4,4,141)
w(175,2,4,141)
w(33,3,4,141)
r(196,3,4,141)
w(27,3,4,141)
r(441,5,4,141)
r(259,5,4,141)
w(117,5,4,141)
w(16,3,4,141)
r(122,6,4,141)
r(326,6,4,141)
w(421,4,4,141)
r(267,1,4,141)
r(80,5,4,141)
w(424,4,4,141)
r(57,1,4,141)
r(353,2,4,141)
r(207,6,4,141)
w(401,3,4,141)
r(418,2,5,142)
r(330,3,5,142)
r(310,5,5,142)
r(246,4,5,142)
r(398,5,5,142)
w(458,4,5,142)
w(510,6,5,142)
w(531,8,5,142)
r(28,2,5,142)
w(181,4,5,142)
r(362,2,5,142)
w(371,8,5,142)
r(217,2,5,142)
r(342,1,5,142)
r(335,2,5,142)
w(455,5,5,142)
r(47,5,5,142)
r(444,4,5,142)
w(297,8,5,142)
r(463,4,5,142)
r(36,5,6,143)
w(535,5,6,143)
w(473,3,6,143)
w(33,8,6,143)
r(308,5,6,143)
w(460,4,6,143)
w(285,2,6,143)
r(127,4,6,143)
r(64,6,6,143)
r(151,5,6,143)
w(420,3,6,143)
r(433,2,6,143)
w(425,4,6,143)
w(181,3,6,143)
r(29,3,6,143)
w(106,4,6,143)
r(186,5,6,143)
r(223,1,6,143)
w(226,5,6,143)
w(308,3,6,143)
w(63,5,1,144)
r(37,1,1,144)
r(9,2,1,144)
w(12,2,1,144)
w(84,2,1,144)
r(240,4,1,144)
r(64,5,1,144)
w(411,2,1,144)
w(506,2,1,144)
w(408,2,1,144)
w(56,2,1,144)
r(533,2,1,144)
w(145,2,1,144)
r(109,3,1,144)
w(166,5,1,144)
w(454,2,1,144)
r(128,2,1,144)
w(508,5,1,144)
r(290,3,1,144)
r(123,3,1,144)
w(127,5,2,145)
r(378,1,2,145)
w(421,5,2,145)
r(96,5,2,145)
r(446,2,2,145)
r(53,2,2,145)
w(395,4,2,145)
w(220,2,2,145)
r(4,4,2,145)
r(447,2,2,145)
r(336,2,2,145)
w(208,5,2,145)
r(296,4,2,145)
w(358,5,2,145)
w(38,4,2,145)
w(407,2,2,145)
w(122,4,2,145)
r(394,5,2,145)
r(490,2,2,145)
w(274,5,2,145)
r(500,2,4,146)
w(405,6,4,146)
r(407,5,4,146)
w(150,5,4,146)
w(397,5,4,146)
r(271,5,4,146)
w(346,6,4,146)
r(312,2,4,146)
r(411,2,4,146)
w(328,6,4,146)
w(174,6,4,146)
r(516,4,4,146)
r(278,5,4,146)
w(197,3,4,146)
r(260,2,4,146)
w(329,5,4,146)
w(504,5,4,146)
r(433,2,4,146)
w(200,2,4,146)
r(254,2,4,146)
w(116,2,5,147)
r(529,5,5,147)
w(175,5,5,147)
r(140,5,5,147)
r(244,2,5,147)
w(25,5,5,147)
w(108,3,5,147)
w(57,5,5,147)
w(275,11,5,147)
w(410,6,5,147)
w(363,4,5,147)
w(362,4,5,147)
w(331,6,5,147)
r(498,2,5,147)
r(52,4,5,147)
r(89,2,5,147)
w(312,3,5,147)
r(351,4,5,147)
r(148,2,5,147)
w(479,3,5,147)
r(26,5,6,148)
r(470,2,6,148)
w(55,7,6,148)
r(232,5,6,148)
r(123,3,6,148)
w(322,7,6,148)
w(38,8,6,148)
r(372,2,6,148)
w(338,6,6,148)
r(33,8,6,148)
w(268,8,6,148)
w(295,4,6,148)
r(100,5,6,148)
w(432,7,6,148)
w(153,7,6,148)
r(438,5,6,148)
r(292,4,6,148)
r(98,2,6,148)
r(498,2,6,148)
w(158,3,6,148)
r(37,1,1,149)
r(429,1,1,149)
r(108,4,1,149)
w(179,2,1,149)
r(479,2,1,149)
r(432,8,1,149)
r(311,3,1,149)
r(530,6,1,149)
r(166,5,1,149)
r(226,2,1,149)
r(323,5,1,149)
w(537,2,1,149)
w(455,2,1,149)
r(15,2,1,149)
w(91,5,1,149)
r(110,5,1,149)
r(378,1,1,149)
r(472,5,1,149)
r(93,4,1,149)
w(154,2,1,149)
w(79,4,2,150)
r(368,5,2,150)
w(356,4,2,150)
r(377,5,2,150)
r(21,2,2,150)
r(349,2,2,150)
w(496,2,2,150)
w(346,5,2,150)
w(510,4,2,150)
w(24,4,2,150)
w(228,5,2,150)
w(487,2,2,150)
r(479,3,2,150)
r(27,4,2,150)
w(344,5,2,150)
r(177,2,2,150)
r(462,2,2,150)
r(203,4,2,150)
r(416,2,2,150)
r(518,5,2,150)
w(18,3,4,151)
r(208,4,4,151)
r(303,5,4,151)
w(241,4,4,151)
w(286,5,4,151)
w(276,5,4,151)
r(158,3,4,151)
r(284,3,4,151)
r(453,2,4,151)
w(205,3,4,151)
r(60,1,4,151)
r(150,5,4,151)
w(432,3,4,151)
w(476,5,4,151)
w(56,4,4,151)
w(114,3,4,151)
w(19,3,4,151)
w(371,4,4,151)
w(422,6,4,151)
w(433,4,4,151)
r(87,5,6,152)
r(280,5,6,152)
r(160,8,6,152)
r(179,2,6,152)
w(325,3,6,152)
w(530,8,6,152)
r(233,2,6,152)
w(258,8,6,152)
r(515,2,6,152)
w(357,4,6,152)
w(319,3,6,152)
r(182,2,6,152)
r(143,4,6,152)
w(78,4,6,152)
r(53,4,6,152)
w(459,3,6,152)
w(37,2,6,152)
w(431,2,6,152)
w(259,3,6,152)
r(212,1,6,152)
r(467,2,1,153)
w(275,2,1,153)
w(56,5,1,153)
w(16,2,1,153)
r(461,4,1,153)
w(322,2,1,153)
w(115,2,1,153)
r(346,7,1,153)
r(216,4,1,153)
w(459,2,1,153)
r(44,5,1,153)
w(405,2,1,153)
w(280,5,1,153)
r(323,5,1,153)
r(397,4,1,153)
w(102,2,1,153)
r(523,1,1,153)
r(6,4,1,153)
w(102,5,1,153)
w(235,5,1,153)
w(488,3,6,154)
w(252,5,6,154)
r(122,6,6,154)
r(495,2,6,154)
w(295,3,6,154)
w(302,6,6,154)
w(98,3,6,154)
w(26,4,6,154)
r(330,3,6,154)
w(528,5,6,154)
r(198,4,6,154)
w(405,8,6,154)
r(103,3,6,154)
r(347,2,6,154)
w(132,4,6,154)
r(488,3,6,154)
r(318,3,6,154)
w(415,3,6,154)
w(512,4,6,154)
w(374,3,6,154)
w(519,2,1,155)
r(179,2,1,155)
w(484,2,1,155)
r(283,4,1,155)
w(271,5,1,155)
w(84,5,1,155)
w(395,2,1,155)
w(536,2,1,155)
w(152,2,1,155)
r(512,4,1,155)
w(156,5,1,155)
r(107,5,1,155)
w(41,4,1,155)
r(465,5,1,155)
w(357,2,1,155)
r(375,5,1,155)
r(38,8,1,155)
r(419,4,1,155)
w(86,2,1,155)
w(38,2,1,155)
w(62,8,6,156)
w(512,3,6,156)
w(76,8,6,156)
w(375,3,6,156)
w(113,5,6,156)
r(203,4,6,156)
w(497,4,6,156)
r(525,5,6,156)
w(293,3,6,156)
r(321,2,6,156)
w(460,3,6,156)
w(143,3,6,156)
w(341,4,6,156)
r(217,2,6,156)
r(485,3,6,156)
w(168,6,6,156)
w(1,3,6,156)
r(368,5,6,156)
w(169,6,6,156)
r(94,9,6,156)
