w(1,1,0,0)
w(13,1,0,1)
r(9,10,0,2)
r(12,0,0,3)
r(2,0,0,4)
w(2,1,0,5)
w(6,1,0,6)
w(7,1,0,7)
w(8,1,0,8)
w(13,2,0,9)
w(8,2,0,10)
r(0,0,0,11)
w(0,1,0,12)
w(1,2,0,13)
w(5,1,0,14)
w(4,1,0,15)
r(11,4,0,16)
w(3,1,0,17)
r(3,1,0,18)
r(3,1,0,19)
r(11,4,0,20)
r(7,6,0,21)
r(5,9,0,22)
r(13,7,0,23)
w(12,1,0,24)
r(7,6,0,25)
r(12,1,0,26)
r(1,2,0,27)
r(1,2,0,28)
r(13,7,0,29)
r(0,12,0,30)
r(3,1,0,31)
w(3,2,0,32)
r(5,9,0,33)
r(10,9,0,34)
r(4,4,0,35)
r(7,7,0,36)
w(9,1,0,37)
w(11,1,0,38)
w(14,1,0,39)
r(0,13,0,40)
w(13,3,0,41)
r(3,2,0,42)
w(9,2,0,43)
w(2,3,0,44)
r(11,8,0,45)
r(11,8,0,46)
w(12,2,0,47)
r(11,8,0,48)
r(8,15,0,49)
w(8,3,0,50)
w(10,1,0,51)
w(2,4,0,52)
r(9,7,0,53)
r(2,4,0,54)
r(5,11,0,55)
w(0,2,0,56)
r(13,12,0,57)
w(13,4,0,58)
w(7,3,0,59)
r(1,3,0,60)
w(5,2,0,61)
w(13,5,0,62)
r(12,7,0,63)
w(9,3,0,64)
r(6,6,0,65)
r(1,3,0,66)
w(11,2,0,67)
w(0,3,0,68)
w(0,4,0,69)
r(12,10,0,70)
w(0,5,0,71)
r(3,7,0,72)
w(5,3,0,73)
w(2,5,0,74)
w(8,4,0,75)
r(7,8,0,76)
w(3,3,0,77)
r(11,11,0,78)
r(1,4,0,79)
r(0,16,0,80)
r(1,4,0,81)
r(4,7,0,82)
w(7,4,0,83)
r(2,5,0,84)
r(4,7,0,85)
r(7,4,0,86)
r(3,3,0,87)
r(7,4,0,88)
w(11,3,0,89)
w(7,5,0,90)
w(10,2,0,91)
w(6,3,0,92)
w(4,2,0,93)
r(8,16,0,94)
w(9,4,0,95)
r(10,4,0,96)
w(10,3,1,97)
r(6,0,1,98)
r(1,1,1,99)
w(11,4,1,100)
r(9,10,1,101)
w(8,5,1,102)
r(14,3,1,103)
w(6,4,1,104)
r(11,4,1,105)
r(9,10,1,106)
w(7,6,1,107)
r(9,10,1,108)
w(4,3,1,109)
w(2,7,1,110)
w(9,5,1,111)
r(1,2,1,112)
w(13,7,1,113)
w(2,8,1,114)
w(12,3,1,115)
w(8,6,1,116)
w(3,4,1,117)
r(13,7,1,118)
r(2,8,1,119)
w(1,3,1,120)
w(7,7,1,121)
r(6,10,1,122)
r(2,13,1,123)
r(14,4,1,124)
r(4,7,1,125)
r(9,1,1,126)
w(0,6,1,127)
r(14,5,1,128)
w(11,5,1,129)
r(12,1,1,130)
r(12,1,1,131)
w(6,5,1,132)
r(13,3,1,133)
r(9,2,1,134)
r(6,5,1,135)
r(5,10,1,136)
r(0,13,1,137)
r(4,7,1,138)
w(2,9,1,139)
w(2,10,1,140)
w(0,7,1,141)
r(4,7,1,142)
r(8,3,1,143)
r(2,10,1,144)
r(14,6,1,145)
w(0,8,1,146)
w(3,5,1,147)
r(1,3,1,148)
r(0,8,1,149)
r(5,12,1,150)
r(13,12,1,151)
r(2,4,1,152)
w(3,6,1,153)
w(5,4,1,154)
r(4,7,1,155)
r(4,7,1,156)
w(6,6,1,157)
r(3,9,1,158)
w(5,5,1,159)
w(11,7,1,160)
w(1,4,1,161)
w(3,7,1,162)
r(11,2,1,163)
r(14,7,1,164)
w(0,9,1,165)
w(8,8,1,166)
r(1,4,1,167)
w(7,8,1,168)
r(10,1,1,169)
w(14,2,1,170)
r(2,5,1,171)
r(2,5,1,172)
w(5,6,1,173)
r(9,9,1,174)
r(4,7,1,175)
r(10,1,1,176)
r(5,6,1,177)
w(6,7,1,178)
r(0,16,1,179)
r(11,9,1,180)
w(3,8,1,181)
w(9,6,1,182)
w(1,5,1,183)
w(12,4,1,184)
r(11,3,1,185)
w(10,4,1,186)
w(12,5,1,187)
w(8,9,1,188)
w(0,10,1,189)
r(13,0,2,190)
r(6,0,2,191)
w(14,3,2,192)
r(0,0,2,193)
w(13,8,2,194)
r(4,0,2,195)
w(14,4,2,196)
w(10,5,2,197)
w(13,10,2,198)
r(14,4,2,199)
w(10,6,2,200)
w(0,11,2,201)
w(6,8,2,202)
r(2,7,2,203)
r(8,13,2,204)
w(4,4,2,205)
r(13,7,2,206)
w(0,12,2,207)
w(10,7,2,208)
r(0,12,2,209)
r(9,11,2,210)
w(10,8,2,211)
w(10,9,2,212)
w(2,13,2,213)
r(14,4,2,214)
w(8,10,2,215)
r(5,9,2,216)
r(2,13,2,217)
w(14,5,2,218)
w(0,13,2,219)
r(3,2,2,220)
r(8,15,2,221)
w(11,8,2,222)
r(11,8,2,223)
r(12,1,2,224)
r(5,10,2,225)
r(5,10,2,226)
w(9,7,2,227)
r(9,7,2,228)
r(5,10,2,229)
r(12,2,2,230)
w(14,6,2,231)
w(12,6,2,232)
r(2,10,2,233)
r(11,8,2,234)
r(9,7,2,235)
w(0,14,2,236)
r(6,5,2,237)
r(14,6,2,238)
w(13,11,2,239)
r(9,7,2,240)
w(13,12,2,241)
r(7,13,2,242)
r(9,7,2,243)
w(13,14,2,244)
w(12,7,2,245)
r(5,2,2,246)
r(10,1,2,247)
w(5,7,2,248)
r(3,9,2,249)
w(9,8,2,250)
r(13,16,2,251)
w(2,14,2,252)
r(1,4,2,253)
w(9,9,2,254)
r(1,4,2,255)
w(8,11,2,256)
r(12,10,2,257)
r(8,11,2,258)
r(12,10,2,259)
r(5,3,2,260)
w(0,16,2,261)
w(12,8,2,262)
r(5,3,2,263)
r(0,16,2,264)
r(8,16,2,265)
w(11,9,2,266)
r(9,9,2,267)
r(11,9,2,268)
r(6,13,2,269)
w(11,10,2,270)
r(11,10,2,271)
r(6,7,2,272)
w(2,15,2,273)
r(4,7,2,274)
r(3,8,2,275)
w(12,9,2,276)
w(4,5,2,277)
w(0,17,2,278)
w(7,11,2,279)
r(0,17,2,280)
w(5,8,2,281)
r(6,15,2,282)
w(8,12,2,283)
w(7,12,2,284)
r(14,0,3,285)
w(9,10,3,286)
w(10,10,3,287)
r(4,0,3,288)
w(10,11,3,289)
r(13,8,3,290)
w(13,15,3,291)
w(1,6,3,292)
r(1,6,3,293)
w(4,6,3,294)
w(8,13,3,295)
r(1,6,3,296)
w(2,16,3,297)
w(6,9,3,298)
w(0,18,3,299)
w(5,9,3,300)
w(9,11,3,301)
r(4,4,3,302)
r(11,4,3,303)
r(12,3,3,304)
r(14,4,3,305)
r(6,8,3,306)
w(8,14,3,307)
r(14,4,3,308)
r(11,4,3,309)
w(6,10,3,310)
w(9,12,3,311)
w(4,7,3,312)
w(8,15,3,313)
r(1,3,3,314)
r(8,15,3,315)
r(3,2,3,316)
w(5,10,3,317)
r(9,1,3,318)
r(11,1,3,319)
w(6,11,3,320)
r(10,9,3,321)
w(10,12,3,322)
r(6,11,3,323)
r(14,1,3,324)
r(1,3,3,325)
r(14,1,3,326)
r(14,1,3,327)
w(7,13,3,328)
w(5,11,3,329)
r(14,6,3,330)
w(6,12,3,331)
r(1,3,3,332)
w(5,12,3,333)
w(9,13,3,334)
r(8,3,3,335)
r(7,13,3,336)
w(3,9,3,337)
r(2,4,3,338)
w(14,7,3,339)
w(13,16,3,340)
w(3,10,3,341)
w(12,10,3,342)
w(5,13,3,343)
r(3,7,3,344)
r(11,2,3,345)
w(13,17,3,346)
w(11,11,3,347)
r(12,10,3,348)
r(4,7,3,349)
w(12,11,3,350)
r(3,7,3,351)
r(1,4,3,352)
w(8,16,3,353)
w(10,13,3,354)
w(6,13,3,355)
r(11,9,3,356)
r(8,16,3,357)
r(8,16,3,358)
w(0,21,3,359)
w(7,14,3,360)
r(11,3,3,361)
w(6,14,3,362)
r(2,15,3,363)
w(6,15,3,364)
w(3,11,3,365)
w(14,8,3,366)
r(14,8,3,367)
w(14,9,3,368)
r(12,5,3,369)
w(11,12,3,370)
w(11,13,3,371)
r(11,13,3,372)
w(11,14,3,373)
r(3,11,3,374)
w(7,16,3,375)
r(7,16,3,376)
w(12,12,3,377)
r(13,17,3,378)
w(3,12,3,379)
r(10,4,3,380)
