w(7,1,0,0)
w(13,1,0,1)
w(3,1,0,2)
r(10,0,0,3)
r(7,1,0,4)
w(6,1,0,5)
r(12,0,0,6)
w(9,1,0,7)
w(10,1,0,8)
r(3,1,0,9)
r(7,1,0,10)
w(14,1,0,11)
w(10,2,0,12)
w(9,2,0,13)
r(13,15,0,14)
r(14,10,0,15)
w(6,2,0,16)
r(9,2,0,17)
w(9,3,0,18)
r(13,15,0,19)
w(10,3,0,20)
r(3,5,0,21)
r(8,9,0,22)
w(1,1,0,23)
w(13,2,0,24)
w(13,3,0,25)
r(0,5,0,26)
w(2,1,0,27)
w(3,2,0,28)
w(7,2,0,29)
r(10,10,0,30)
r(10,10,0,31)
r(4,7,0,32)
r(10,10,0,33)
r(14,7,0,34)
r(14,7,0,35)
r(1,6,0,36)
w(10,4,0,37)
r(6,2,0,38)
r(3,2,0,39)
w(9,4,0,40)
r(0,9,0,41)
r(3,12,0,42)
w(3,3,0,43)
w(5,1,0,44)
r(2,7,0,45)
w(13,4,0,46)
r(13,4,0,47)
w(12,1,0,48)
r(0,9,0,49)
r(0,9,0,50)
r(12,1,0,51)
w(14,2,0,52)
w(14,3,0,53)
r(10,12,0,54)
r(4,9,0,55)
w(10,5,0,56)
w(9,5,0,57)
w(14,4,0,58)
r(12,1,0,59)
r(0,10,0,60)
r(14,4,0,61)
r(5,7,0,62)
w(1,2,0,63)
r(10,5,0,64)
r(4,3,0,65)
r(10,5,0,66)
r(0,10,0,67)
w(7,3,0,68)
r(1,2,0,69)
w(12,2,0,70)
r(12,2,0,71)
w(8,2,0,72)
r(1,2,0,73)
r(1,2,0,74)
r(2,14,0,75)
r(1,2,0,76)
r(6,7,0,77)
r(9,10,0,78)
r(1,2,0,79)
w(4,1,0,80)
w(2,2,0,81)
r(13,12,0,82)
r(12,17,0,83)
r(9,10,0,84)
w(14,6,0,85)
w(4,2,0,86)
r(6,9,0,87)
w(0,1,0,88)
w(0,2,0,89)
w(9,6,0,90)
w(2,4,0,91)
w(2,5,0,92)
w(1,3,0,93)
w(10,6,0,94)
r(8,8,0,95)
w(1,4,1,96)
r(6,0,1,97)
r(10,0,1,98)
r(10,0,1,99)
r(6,0,1,100)
r(4,0,1,101)
r(11,0,1,102)
w(10,7,1,103)
w(5,2,1,104)
r(9,1,1,105)
r(0,0,1,106)
r(2,11,1,107)
w(6,3,1,108)
r(10,1,1,109)
w(0,3,1,110)
r(12,11,1,111)
w(6,4,1,112)
w(12,3,1,113)
r(2,11,1,114)
w(1,5,1,115)
w(3,5,1,116)
r(7,7,1,117)
r(6,2,1,118)
r(5,2,1,119)
r(10,14,1,120)
r(4,5,1,121)
w(10,9,1,122)
w(2,6,1,123)
r(5,2,1,124)
w(10,10,1,125)
r(5,2,1,126)
r(0,5,1,127)
w(1,6,1,128)
w(9,7,1,129)
r(11,0,1,130)
r(10,10,1,131)
w(2,7,1,132)
r(9,7,1,133)
r(10,10,1,134)
w(9,8,1,135)
w(14,7,1,136)
w(12,4,1,137)
w(5,3,1,138)
w(5,4,1,139)
r(13,3,1,140)
r(12,4,1,141)
w(14,8,1,142)
w(7,5,1,143)
r(12,4,1,144)
r(7,5,1,145)
w(10,11,1,146)
r(9,4,1,147)
w(6,5,1,148)
w(13,5,1,149)
w(3,6,1,150)
r(14,12,1,151)
w(10,12,1,152)
r(3,15,1,153)
w(1,7,1,154)
w(13,6,1,155)
w(3,7,1,156)
r(14,3,1,157)
r(7,10,1,158)
w(4,3,1,159)
w(2,8,1,160)
r(3,13,1,161)
w(6,6,1,162)
w(3,8,1,163)
w(11,1,1,164)
w(6,7,1,165)
r(7,3,1,166)
r(11,1,1,167)
w(11,2,1,168)
r(1,2,1,169)
r(10,5,1,170)
w(14,9,1,171)
r(1,2,1,172)
w(3,9,1,173)
r(12,16,1,174)
r(9,10,1,175)
w(7,6,1,176)
r(11,2,1,177)
r(3,9,1,178)
w(0,4,1,179)
w(4,4,1,180)
w(11,3,1,181)
w(5,5,1,182)
w(9,9,1,183)
w(11,4,1,184)
r(10,5,1,185)
w(2,9,1,186)
r(9,9,1,187)
r(12,17,1,188)
w(2,10,1,189)
r(5,5,1,190)
r(7,11,1,191)
w(1,8,1,192)
r(0,2,1,193)
r(5,0,2,194)
r(4,0,2,195)
w(3,10,2,196)
w(2,11,2,197)
w(4,5,2,198)
r(4,5,2,199)
w(12,5,2,200)
w(8,3,2,201)
r(6,1,2,202)
r(0,0,2,203)
r(1,11,2,204)
w(3,11,2,205)
w(14,10,2,206)
r(13,15,2,207)
w(10,14,2,208)
r(7,7,2,209)
r(6,2,2,210)
w(13,7,2,211)
w(12,6,2,212)
w(0,5,2,213)
r(8,9,2,214)
r(0,5,2,215)
w(4,6,2,216)
r(13,7,2,217)
w(8,4,2,218)
r(11,0,2,219)
w(2,12,2,220)
r(3,5,2,221)
w(0,6,2,222)
w(4,7,2,223)
r(9,8,2,224)
w(13,8,2,225)
w(3,12,2,226)
w(4,8,2,227)
r(10,4,2,228)
r(14,8,2,229)
w(14,12,2,230)
w(4,9,2,231)
r(2,7,2,232)
r(10,11,2,233)
w(5,6,2,234)
w(13,9,2,235)
r(10,12,2,236)
w(1,9,2,237)
r(10,5,2,238)
w(3,13,2,239)
w(5,7,2,240)
w(1,10,2,241)
w(11,5,2,242)
w(9,10,2,243)
r(14,4,2,244)
r(12,15,2,245)
w(12,8,2,246)
w(8,6,2,247)
r(7,3,2,248)
w(13,10,2,249)
r(14,15,2,250)
r(7,3,2,251)
r(0,10,2,252)
r(12,2,2,253)
w(4,10,2,254)
w(13,11,2,255)
w(4,11,2,256)
r(5,7,2,257)
w(8,7,2,258)
r(8,7,2,259)
w(13,12,2,260)
w(8,8,2,261)
w(0,7,2,262)
r(13,12,2,263)
r(2,2,2,264)
r(3,9,2,265)
r(10,5,2,266)
w(13,13,2,267)
r(2,2,2,268)
r(10,18,2,269)
w(10,16,2,270)
r(14,6,2,271)
w(5,8,2,272)
w(11,6,2,273)
w(13,14,2,274)
w(12,9,2,275)
w(5,9,2,276)
r(4,2,2,277)
r(10,6,2,278)
w(12,10,2,279)
r(9,6,2,280)
r(11,6,2,281)
r(12,10,2,282)
r(8,8,2,283)
w(0,8,2,284)
w(11,7,2,285)
w(6,8,2,286)
r(8,8,2,287)
r(4,0,3,288)
r(3,0,3,289)
w(1,11,3,290)
w(5,10,3,291)
r(2,11,3,292)
r(10,0,3,293)
r(2,11,3,294)
r(5,10,3,295)
r(1,11,3,296)
w(12,11,3,297)
w(13,15,3,298)
r(9,1,3,299)
w(8,9,3,300)
w(1,12,3,301)
r(5,2,3,302)
r(2,11,3,303)
r(8,9,3,304)
r(4,5,3,305)
w(7,7,3,306)
r(9,2,3,307)
w(12,13,3,308)
r(13,7,3,309)
r(0,3,3,310)
r(13,7,3,311)
r(10,9,3,312)
r(6,2,3,313)
w(14,13,3,314)
w(12,14,3,315)
w(8,10,3,316)
r(11,0,3,317)
w(8,11,3,318)
r(6,2,3,319)
r(7,7,3,320)
r(3,5,3,321)
r(1,6,3,322)
r(7,7,3,323)
r(4,6,3,324)
r(2,7,3,325)
r(0,5,3,326)
r(5,2,3,327)
w(0,9,3,328)
r(5,2,3,329)
r(2,7,3,330)
w(14,14,3,331)
w(7,8,3,332)
r(2,7,3,333)
w(4,12,3,334)
r(8,11,3,335)
r(14,8,3,336)
r(6,2,3,337)
r(14,8,3,338)
r(1,6,3,339)
w(3,14,3,340)
w(4,13,3,341)
r(3,14,3,342)
w(7,9,3,343)
r(14,12,3,344)
w(3,15,3,345)
r(0,9,3,346)
r(0,9,3,347)
w(7,10,3,348)
r(11,0,3,349)
r(7,10,3,350)
w(0,10,3,351)
r(10,5,3,352)
r(14,4,3,353)
w(12,15,3,354)
r(2,8,3,355)
w(14,15,3,356)
w(3,18,3,357)
r(6,7,3,358)
r(6,7,3,359)
r(12,2,3,360)
w(12,16,3,361)
w(2,14,3,362)
r(6,7,3,363)
r(14,9,3,364)
r(4,10,3,365)
r(6,7,3,366)
r(13,11,3,367)
w(12,17,3,368)
r(2,14,3,369)
w(7,11,3,370)
w(6,9,3,371)
r(11,2,3,372)
w(11,8,3,373)
r(7,11,3,374)
r(1,2,3,375)
w(10,18,3,376)
r(13,13,3,377)
w(13,18,3,378)
