r(14,0,0,0)
w(7,1,0,1)
w(8,1,0,2)
r(13,14,0,3)
r(1,8,0,4)
r(5,0,0,5)
r(1,8,0,6)
w(3,1,0,7)
r(3,1,0,8)
r(6,5,0,9)
w(8,2,0,10)
w(4,1,0,11)
r(8,2,0,12)
w(5,1,0,13)
r(9,0,0,14)
r(1,8,0,15)
r(7,10,0,16)
r(6,3,0,17)
w(7,2,0,18)
r(6,3,0,19)
r(7,2,0,20)
w(7,3,0,21)
r(5,11,0,22)
r(0,4,0,23)
w(2,1,0,24)
w(10,1,0,25)
r(6,3,0,26)
w(7,4,0,27)
r(1,8,0,28)
w(3,2,0,29)
r(14,3,0,30)
r(6,6,0,31)
w(7,5,0,32)
r(13,9,0,33)
r(8,6,0,34)
w(13,1,0,35)
r(5,16,0,36)
w(3,3,0,37)
r(14,3,0,38)
w(12,1,0,39)
w(5,3,0,40)
r(4,8,0,41)
r(10,8,0,42)
w(3,4,0,43)
r(10,8,0,44)
r(1,9,0,45)
r(0,6,0,46)
w(13,2,0,47)
r(3,4,0,48)
w(13,3,0,49)
r(14,4,0,50)
r(1,9,0,51)
r(13,3,0,52)
w(10,2,0,53)
r(0,7,0,54)
w(8,3,0,55)
w(14,1,0,56)
w(12,2,0,57)
w(2,2,0,58)
r(10,2,0,59)
w(14,2,0,60)
r(1,11,0,61)
r(1,11,0,62)
r(10,9,0,63)
r(12,10,0,64)
w(13,4,0,65)
r(5,6,0,66)
w(8,4,0,67)
w(1,4,0,68)
w(11,1,0,69)
r(13,4,0,70)
r(8,4,0,71)
w(5,4,0,72)
r(9,5,0,73)
r(12,10,0,74)
w(10,3,0,75)
r(10,3,0,76)
w(2,3,0,77)
r(1,4,0,78)
r(8,4,0,79)
r(5,4,0,80)
w(10,4,0,81)
r(10,4,0,82)
w(1,5,0,83)
w(0,2,0,84)
r(14,7,0,85)
w(7,6,0,86)
w(7,7,0,87)
r(10,4,0,88)
r(0,13,0,89)
r(10,4,0,90)
r(12,10,0,91)
w(9,1,0,92)
w(3,5,0,93)
w(13,5,0,94)
w(3,6,1,95)
r(9,0,1,96)
w(14,3,1,97)
w(13,6,1,98)
w(4,2,1,99)
r(8,1,1,100)
w(5,5,1,101)
w(13,7,1,102)
r(12,0,1,103)
r(6,5,1,104)
w(0,3,1,105)
r(1,8,1,106)
w(11,2,1,107)
w(11,3,1,108)
w(0,4,1,109)
r(8,2,1,110)
w(0,5,1,111)
r(5,11,1,112)
r(5,11,1,113)
r(12,6,1,114)
w(13,9,1,115)
r(8,6,1,116)
r(9,0,1,117)
w(0,6,1,118)
w(6,1,1,119)
r(12,4,1,120)
r(10,8,1,121)
r(13,1,1,122)
r(4,1,1,123)
w(14,4,1,124)
w(13,10,1,125)
r(2,8,1,126)
r(13,10,1,127)
w(9,3,1,128)
w(4,3,1,129)
r(11,7,1,130)
w(0,7,1,131)
r(3,10,1,132)
r(0,7,1,133)
w(8,5,1,134)
r(13,3,1,135)
w(11,4,1,136)
w(9,4,1,137)
r(5,12,1,138)
w(13,11,1,139)
w(5,6,1,140)
w(11,5,1,141)
w(1,6,1,142)
r(14,2,1,143)
w(0,8,1,144)
w(4,4,1,145)
w(10,6,1,146)
r(8,4,1,147)
w(9,5,1,148)
r(9,5,1,149)
w(13,13,1,150)
r(9,5,1,151)
r(7,9,1,152)
w(4,5,1,153)
r(4,5,1,154)
r(3,12,1,155)
w(3,8,1,156)
w(9,6,1,157)
w(4,6,1,158)
r(3,8,1,159)
w(5,7,1,160)
w(14,5,1,161)
r(7,7,1,162)
r(4,6,1,163)
w(5,8,1,164)
w(0,9,1,165)
w(4,7,1,166)
w(14,6,1,167)
w(7,8,1,168)
r(13,5,1,169)
r(11,1,1,170)
r(3,5,1,171)
w(6,2,1,172)
r(14,6,1,173)
r(6,2,1,174)
r(14,6,1,175)
r(11,1,1,176)
w(12,3,1,177)
w(0,10,1,178)
w(0,11,1,179)
w(5,9,1,180)
w(5,10,1,181)
r(2,9,1,182)
r(0,11,1,183)
r(0,11,1,184)
w(10,7,1,185)
w(2,4,1,186)
r(10,7,1,187)
r(0,11,1,188)
w(1,8,2,189)
w(13,14,2,190)
w(0,12,2,191)
r(12,0,2,192)
w(2,5,2,193)
w(2,6,2,194)
w(2,7,2,195)
r(5,5,2,196)
w(6,3,2,197)
w(5,11,2,198)
r(5,11,2,199)
r(7,2,2,200)
r(14,3,2,201)
r(2,7,2,202)
w(8,6,2,203)
w(11,6,2,204)
r(12,6,2,205)
r(6,3,2,206)
w(1,9,2,207)
r(12,6,2,208)
r(0,5,2,209)
w(12,4,2,210)
w(11,7,2,211)
r(8,6,2,212)
r(14,3,2,213)
r(0,6,2,214)
r(14,3,2,215)
r(13,9,2,216)
w(2,8,2,217)
w(10,8,2,218)
w(13,15,2,219)
w(4,8,2,220)
w(4,9,2,221)
w(8,7,2,222)
w(11,8,2,223)
r(4,3,2,224)
r(1,9,2,225)
r(12,1,2,226)
r(4,3,2,227)
r(12,1,2,228)
r(0,7,2,229)
r(7,5,2,230)
r(1,9,2,231)
r(8,5,2,232)
w(5,12,2,233)
w(7,9,2,234)
r(4,3,2,235)
r(6,8,2,236)
r(13,3,2,237)
w(10,9,2,238)
r(1,11,2,239)
w(4,10,2,240)
r(9,4,2,241)
r(6,8,2,242)
w(13,17,2,243)
r(14,2,2,244)
r(9,4,2,245)
w(11,9,2,246)
w(9,7,2,247)
r(0,8,2,248)
r(8,3,2,249)
r(8,3,2,250)
r(5,6,2,251)
r(9,11,2,252)
r(11,1,2,253)
r(2,11,2,254)
w(14,7,2,255)
r(2,11,2,256)
r(11,1,2,257)
r(1,4,2,258)
w(9,8,2,259)
r(1,4,2,260)
r(0,15,2,261)
r(1,4,2,262)
w(2,9,2,263)
r(4,6,2,264)
w(14,8,2,265)
r(14,8,2,266)
w(0,13,2,267)
r(1,5,2,268)
r(7,7,2,269)
r(12,10,2,270)
r(3,8,2,271)
w(14,9,2,272)
w(5,14,2,273)
r(11,1,2,274)
w(1,10,2,275)
w(10,10,2,276)
r(0,16,2,277)
w(12,5,2,278)
r(3,5,2,279)
r(9,13,2,280)
w(10,11,2,281)
w(5,15,2,282)
r(12,3,2,283)
r(3,0,3,284)
w(6,4,3,285)
r(6,4,3,286)
w(7,10,3,287)
r(9,0,3,288)
r(7,10,3,289)
w(6,5,3,290)
r(6,5,3,291)
r(7,10,3,292)
r(14,3,3,293)
w(3,9,3,294)
r(7,10,3,295)
w(10,12,3,296)
r(10,12,3,297)
w(10,13,3,298)
w(13,18,3,299)
w(11,12,3,300)
r(6,3,3,301)
r(5,11,3,302)
r(11,12,3,303)
w(12,6,3,304)
r(6,3,3,305)
w(6,6,3,306)
w(12,7,3,307)
w(5,16,3,308)
r(5,16,3,309)
r(7,4,3,310)
w(9,9,3,311)
r(8,6,3,312)
r(2,1,3,313)
w(6,7,3,314)
r(8,6,3,315)
w(8,9,3,316)
r(11,7,3,317)
r(1,9,3,318)
w(9,10,3,319)
r(14,4,3,320)
w(5,17,3,321)
w(6,8,3,322)
w(2,10,3,323)
r(1,9,3,324)
r(6,8,3,325)
r(9,3,3,326)
w(3,10,3,327)
r(11,8,3,328)
r(10,8,3,329)
r(5,17,3,330)
w(3,11,3,331)
r(2,10,3,332)
w(3,12,3,333)
w(0,14,3,334)
r(1,9,3,335)
w(11,13,3,336)
w(1,11,3,337)
w(12,8,3,338)
r(11,13,3,339)
w(12,9,3,340)
w(12,10,3,341)
r(10,9,3,342)
r(13,17,3,343)
r(9,4,3,344)
r(12,10,3,345)
w(2,11,3,346)
w(11,14,3,347)
w(9,11,3,348)
r(6,8,3,349)
r(5,6,3,350)
r(11,1,3,351)
w(13,19,3,352)
r(12,10,3,353)
r(5,4,3,354)
w(6,9,3,355)
r(0,8,3,356)
r(0,8,3,357)
w(0,15,3,358)
w(4,12,3,359)
r(11,1,3,360)
w(6,10,3,361)
r(11,1,3,362)
r(3,8,3,363)
r(3,8,3,364)
r(4,6,3,365)
r(2,9,3,366)
r(14,5,3,367)
w(13,20,3,368)
r(11,1,3,369)
w(7,11,3,370)
r(0,9,3,371)
w(0,16,3,372)
w(9,12,3,373)
r(14,6,3,374)
w(9,13,3,375)
r(5,14,3,376)
w(10,14,3,377)
w(12,11,3,378)
r(11,1,3,379)
r(2,9,3,380)
