r(1,0,0,0)
r(1,0,0,1)
r(7,0,0,2)
r(5,0,0,3)
r(12,0,0,4)
w(2,1,0,5)
r(4,0,0,6)
r(11,7,0,7)
w(0,1,0,8)
w(2,2,0,9)
r(2,2,0,10)
w(12,1,0,11)
w(7,1,0,12)
r(5,0,0,13)
r(7,1,0,14)
w(13,1,0,15)
w(11,1,0,16)
w(3,1,0,17)
w(0,2,0,18)
r(13,12,0,19)
w(1,1,0,20)
r(10,4,0,21)
w(5,1,0,22)
r(2,12,0,23)
r(1,1,0,24)
r(14,10,0,25)
r(6,5,0,26)
r(9,7,0,27)
w(13,2,0,28)
w(6,1,0,29)
r(9,7,0,30)
w(6,2,0,31)
r(7,3,0,32)
w(1,2,0,33)
w(13,3,0,34)
r(6,2,0,35)
r(11,9,0,36)
r(9,7,0,37)
r(13,3,0,38)
w(0,3,0,39)
r(8,10,0,40)
r(8,10,0,41)
w(8,1,0,42)
r(7,3,0,43)
w(8,2,0,44)
r(12,6,0,45)
r(3,10,0,46)
r(13,3,0,47)
r(0,9,0,48)
w(2,3,0,49)
w(8,3,0,50)
w(1,3,0,51)
w(6,3,0,52)
r(5,1,0,53)
w(4,1,0,54)
r(14,7,0,55)
r(6,3,0,56)
r(13,3,0,57)
w(9,1,0,58)
w(4,2,0,59)
w(2,4,0,60)
r(12,17,0,61)
w(6,4,0,62)
r(1,12,0,63)
w(9,2,0,64)
w(3,2,0,65)
w(5,2,0,66)
r(0,10,0,67)
r(11,11,0,68)
w(8,4,0,69)
w(12,2,0,70)
r(2,4,0,71)
r(2,4,0,72)
r(3,2,0,73)
r(6,8,0,74)
w(9,3,0,75)
r(0,10,0,76)
r(14,11,0,77)
r(9,3,0,78)
w(5,3,0,79)
r(10,16,0,80)
w(4,4,0,81)
w(12,3,0,82)
w(3,3,0,83)
w(2,5,0,84)
r(1,16,0,85)
w(5,4,0,86)
w(10,1,0,87)
r(9,9,0,88)
r(12,3,0,89)
r(4,4,0,90)
r(2,15,0,91)
r(13,10,0,92)
r(12,3,0,93)
w(0,4,0,94)
w(1,4,0,95)
r(8,6,0,96)
r(0,0,1,97)
r(11,0,1,98)
w(9,4,1,99)
r(3,0,1,100)
w(12,4,1,101)
w(14,1,1,102)
r(0,1,1,103)
w(3,4,1,104)
r(13,0,1,105)
w(13,4,1,106)
r(6,0,1,107)
w(8,5,1,108)
w(6,5,1,109)
w(9,5,1,110)
r(1,0,1,111)
w(13,5,1,112)
r(6,5,1,113)
w(12,5,1,114)
w(13,6,1,115)
w(12,6,1,116)
w(4,5,1,117)
w(14,2,1,118)
w(13,7,1,119)
r(9,7,1,120)
r(3,1,1,121)
r(11,8,1,122)
r(4,13,1,123)
r(0,2,1,124)
w(11,3,1,125)
r(14,6,1,126)
w(12,7,1,127)
w(3,5,1,128)
r(6,4,1,129)
w(13,8,1,130)
r(5,8,1,131)
r(12,18,1,132)
w(4,7,1,133)
r(11,11,1,134)
w(1,7,1,135)
w(12,8,1,136)
r(7,6,1,137)
r(7,6,1,138)
r(6,8,1,139)
w(8,6,1,140)
w(11,4,1,141)
w(12,10,1,142)
w(13,9,1,143)
r(10,16,1,144)
w(13,10,1,145)
r(6,10,1,146)
w(7,2,1,147)
w(10,2,1,148)
w(0,5,1,149)
r(12,3,1,150)
w(9,6,1,151)
w(5,7,1,152)
r(9,6,1,153)
w(11,5,1,154)
r(10,1,1,155)
w(2,6,1,156)
w(2,7,1,157)
r(11,5,1,158)
w(0,6,1,159)
r(11,5,1,160)
r(5,7,1,161)
r(13,10,1,162)
w(0,7,1,163)
r(10,1,1,164)
w(14,3,1,165)
r(4,15,1,166)
r(7,5,1,167)
r(1,4,1,168)
w(3,6,1,169)
r(13,10,1,170)
w(2,8,1,171)
w(14,4,1,172)
r(13,10,1,173)
r(3,6,1,174)
w(4,8,1,175)
r(12,3,1,176)
w(1,8,1,177)
w(13,11,1,178)
w(11,6,1,179)
w(12,11,1,180)
r(13,11,1,181)
w(8,7,1,182)
w(14,5,1,183)
w(2,9,1,184)
w(12,12,1,185)
r(3,6,1,186)
r(11,6,1,187)
r(13,11,1,188)
r(13,0,2,189)
r(4,0,2,190)
w(11,7,2,191)
r(13,0,2,192)
w(10,3,2,193)
r(9,4,2,194)
r(9,4,2,195)
r(0,1,2,196)
r(4,0,2,197)
r(10,3,2,198)
r(12,4,2,199)
r(0,1,2,200)
r(6,0,2,201)
r(13,0,2,202)
w(0,8,2,203)
r(14,10,2,204)
r(11,7,2,205)
w(2,10,2,206)
w(10,4,2,207)
r(8,5,2,208)
r(10,4,2,209)
w(8,8,2,210)
r(0,2,2,211)
r(6,5,2,212)
r(13,5,2,213)
r(0,2,2,214)
w(9,7,2,215)
r(1,1,2,216)
r(4,0,2,217)
r(1,1,2,218)
r(1,1,2,219)
w(11,8,2,220)
w(1,10,2,221)
r(13,2,2,222)
w(7,3,2,223)
r(4,13,2,224)
w(8,9,2,225)
r(14,2,2,226)
r(1,2,2,227)
r(13,7,2,228)
w(11,9,2,229)
w(8,10,2,230)
w(3,7,2,231)
w(14,6,2,232)
r(1,2,2,233)
w(0,9,2,234)
w(11,10,2,235)
w(0,10,2,236)
r(10,11,2,237)
w(7,4,2,238)
r(1,14,2,239)
w(14,7,2,240)
r(3,10,2,241)
w(10,5,2,242)
w(1,11,2,243)
w(1,12,2,244)
r(11,13,2,245)
w(9,8,2,246)
w(5,8,2,247)
w(11,11,2,248)
r(4,2,2,249)
w(12,13,2,250)
r(8,3,2,251)
r(11,11,2,252)
r(5,8,2,253)
w(12,14,2,254)
r(5,8,2,255)
r(12,14,2,256)
r(5,8,2,257)
w(12,15,2,258)
r(1,12,2,259)
r(4,7,2,260)
w(4,9,2,261)
r(5,2,2,262)
r(0,10,2,263)
r(5,2,2,264)
r(2,4,2,265)
r(9,2,2,266)
r(3,2,2,267)
w(1,13,2,268)
w(3,8,2,269)
w(4,10,2,270)
r(8,6,2,271)
r(9,3,2,272)
w(2,11,2,273)
w(11,12,2,274)
w(14,8,2,275)
r(8,6,2,276)
w(10,6,2,277)
r(11,12,2,278)
r(2,11,2,279)
w(9,9,2,280)
w(7,5,2,281)
w(14,9,2,282)
r(1,17,2,283)
r(14,9,2,284)
r(3,0,3,285)
r(5,0,3,286)
r(3,0,3,287)
r(5,0,3,288)
w(8,12,3,289)
r(13,0,3,290)
w(14,10,3,291)
r(8,12,3,292)
r(12,4,3,293)
w(3,9,3,294)
r(14,10,3,295)
w(5,9,3,296)
r(0,8,3,297)
w(12,16,3,298)
w(13,12,3,299)
r(10,4,3,300)
r(8,8,3,301)
w(2,12,3,302)
r(13,5,3,303)
w(10,9,3,304)
w(4,11,3,305)
r(13,6,3,306)
r(12,6,3,307)
w(4,13,3,308)
r(4,13,3,309)
w(10,10,3,310)
r(8,9,3,311)
w(6,7,3,312)
r(13,3,3,313)
r(8,10,3,314)
w(1,14,3,315)
w(3,10,3,316)
w(10,11,3,317)
w(12,17,3,318)
r(2,12,3,319)
w(11,13,3,320)
r(0,10,3,321)
r(13,3,3,322)
r(0,10,3,323)
w(10,12,3,324)
w(14,11,3,325)
w(2,13,3,326)
r(7,4,3,327)
w(10,13,3,328)
r(6,3,3,329)
r(14,11,3,330)
r(4,2,3,331)
r(0,10,3,332)
r(5,8,3,333)
r(3,10,3,334)
r(2,4,3,335)
w(12,18,3,336)
w(10,14,3,337)
w(7,6,3,338)
w(6,8,3,339)
r(9,2,3,340)
r(12,15,3,341)
w(11,14,3,342)
w(4,14,3,343)
w(10,15,3,344)
r(10,15,3,345)
r(0,10,3,346)
w(6,9,3,347)
w(1,16,3,348)
w(10,16,3,349)
r(5,3,3,350)
w(6,10,3,351)
r(9,3,3,352)
r(3,8,3,353)
r(5,3,3,354)
w(5,10,3,355)
r(13,10,3,356)
w(1,17,3,357)
r(10,6,3,358)
w(2,15,3,359)
r(7,5,3,360)
w(6,11,3,361)
w(3,11,3,362)
w(4,15,3,363)
r(9,6,3,364)
r(14,9,3,365)
r(10,1,3,366)
r(9,6,3,367)
w(3,12,3,368)
r(10,1,3,369)
w(2,17,3,370)
w(5,11,3,371)
r(0,6,3,372)
r(6,11,3,373)
r(12,3,3,374)
r(10,1,3,375)
