r(7,0,0,0)
r(8,0,0,1)
r(9,0,0,2)
r(13,0,0,3)
w(10,1,0,4)
w(10,2,0,5)
r(4,12,0,6)
w(13,1,0,7)
r(13,1,0,8)
r(13,1,0,9)
r(12,14,0,10)
r(2,12,0,11)
w(12,1,0,12)
w(2,1,0,13)
w(7,1,0,14)
w(12,2,0,15)
w(4,1,0,16)
r(3,4,0,17)
r(0,3,0,18)
r(12,2,0,19)
w(0,1,0,20)
r(10,6,0,21)
w(11,1,0,22)
r(11,1,0,23)
w(9,1,0,24)
w(3,1,0,25)
w(14,1,0,26)
r(6,10,0,27)
r(13,5,0,28)
w(11,2,0,29)
w(1,1,0,30)
r(3,1,0,31)
r(14,8,0,32)
w(8,1,0,33)
r(8,1,0,34)
w(13,2,0,35)
r(12,10,0,36)
w(2,2,0,37)
r(5,3,0,38)
w(8,3,0,39)
w(13,3,0,40)
w(1,2,0,41)
r(5,11,0,42)
r(7,7,0,43)
w(3,2,0,44)
w(1,3,0,45)
r(14,9,0,46)
r(9,8,0,47)
r(5,11,0,48)
w(7,3,0,49)
w(12,3,0,50)
w(8,4,0,51)
w(11,3,0,52)
r(12,3,0,53)
r(2,10,0,54)
w(2,3,0,55)
w(11,4,0,56)
w(11,5,0,57)
w(12,4,0,58)
r(4,8,0,59)
r(8,12,0,60)
r(0,6,0,61)
r(12,4,0,62)
w(11,6,0,63)
w(2,4,0,64)
w(11,7,0,65)
r(8,13,0,66)
r(10,3,0,67)
r(1,8,0,68)
w(4,2,0,69)
r(0,7,0,70)
w(1,4,0,71)
w(2,5,0,72)
r(11,9,0,73)
w(4,3,0,74)
r(7,11,0,75)
w(13,4,0,76)
r(8,13,0,77)
w(7,4,0,78)
r(5,9,0,79)
r(14,14,0,80)
r(1,13,0,81)
w(2,6,0,82)
w(12,5,0,83)
w(6,1,0,84)
r(8,14,0,85)
r(8,14,0,86)
w(6,2,0,87)
r(11,15,0,88)
w(12,6,0,89)
r(10,3,0,90)
r(10,3,0,91)
w(0,2,0,92)
r(4,16,0,93)
w(1,5,0,94)
r(12,6,0,95)
w(6,3,1,96)
r(2,0,1,97)
w(0,3,1,98)
w(1,6,1,99)
w(5,1,1,100)
r(5,1,1,101)
w(6,4,1,102)
w(3,3,1,103)
r(7,12,1,104)
w(8,5,1,105)
r(8,5,1,106)
w(3,4,1,107)
w(1,7,1,108)
r(4,1,1,109)
r(7,9,1,110)
w(12,7,1,111)
r(7,9,1,112)
w(4,5,1,113)
r(2,1,1,114)
w(13,5,1,115)
r(8,7,1,116)
r(7,13,1,117)
w(12,8,1,118)
r(12,8,1,119)
r(8,8,1,120)
r(12,8,1,121)
w(9,3,1,122)
w(9,4,1,123)
w(5,2,1,124)
r(10,7,1,125)
w(7,5,1,126)
r(1,1,1,127)
w(7,6,1,128)
w(5,3,1,129)
w(7,7,1,130)
w(11,8,1,131)
r(9,11,1,132)
r(2,2,1,133)
w(6,5,1,134)
r(10,7,1,135)
r(13,3,1,136)
r(14,9,1,137)
w(3,5,1,138)
w(13,6,1,139)
r(12,11,1,140)
r(2,10,1,141)
w(6,6,1,142)
r(10,7,1,143)
r(5,6,1,144)
w(5,4,1,145)
w(14,4,1,146)
w(1,8,1,147)
w(13,7,1,148)
r(0,6,1,149)
r(3,12,1,150)
r(14,4,1,151)
w(6,7,1,152)
r(10,7,1,153)
w(13,8,1,154)
w(10,3,1,155)
w(6,8,1,156)
w(2,7,1,157)
r(8,13,1,158)
r(0,7,1,159)
w(11,9,1,160)
w(0,4,1,161)
r(14,14,1,162)
r(0,4,1,163)
r(11,9,1,164)
r(13,8,1,165)
w(2,8,1,166)
r(6,8,1,167)
r(0,4,1,168)
w(9,5,1,169)
r(12,12,1,170)
w(1,9,1,171)
w(9,6,1,172)
r(9,6,1,173)
w(3,6,1,174)
r(3,6,1,175)
w(13,9,1,176)
r(10,3,1,177)
w(8,6,1,178)
r(5,13,1,179)
w(11,11,1,180)
w(7,8,1,181)
w(14,5,1,182)
r(14,5,1,183)
r(14,5,1,184)
r(6,2,1,185)
r(12,6,1,186)
w(13,10,1,187)
r(2,6,1,188)
r(4,11,1,189)
r(4,11,1,190)
r(10,0,2,191)
w(13,11,2,192)
w(11,12,2,193)
r(9,0,2,194)
r(12,14,2,195)
r(9,0,2,196)
w(14,6,2,197)
r(4,12,2,198)
r(12,1,2,199)
r(3,3,2,200)
w(1,10,2,201)
w(7,9,2,202)
r(2,1,2,203)
r(0,3,2,204)
r(3,4,2,205)
r(1,10,2,206)
w(9,7,2,207)
w(8,7,2,208)
r(14,12,2,209)
r(1,7,2,210)
r(11,16,2,211)
w(6,10,2,212)
w(3,7,2,213)
w(3,8,2,214)
r(3,8,2,215)
r(13,5,2,216)
w(14,7,2,217)
w(8,8,2,218)
w(14,8,2,219)
r(14,8,2,220)
w(12,10,2,221)
r(3,1,2,222)
r(3,1,2,223)
w(14,9,2,224)
w(2,9,2,225)
w(1,11,2,226)
w(4,6,2,227)
r(2,2,2,228)
w(3,10,2,229)
w(12,11,2,230)
w(9,8,2,231)
w(2,10,2,232)
r(12,11,2,233)
r(10,7,2,234)
w(1,12,2,235)
r(1,12,2,236)
r(1,12,2,237)
r(10,7,2,238)
w(5,6,2,239)
r(10,7,2,240)
w(9,9,2,241)
w(14,10,2,242)
w(11,14,2,243)
r(3,11,2,244)
w(4,7,2,245)
w(7,10,2,246)
r(9,9,2,247)
r(8,4,2,248)
w(4,8,2,249)
r(5,4,2,250)
w(12,12,2,251)
w(5,7,2,252)
r(9,9,2,253)
r(2,4,2,254)
w(9,10,2,255)
r(5,7,2,256)
w(5,8,2,257)
w(5,9,2,258)
w(7,11,2,259)
r(9,12,2,260)
r(6,8,2,261)
w(11,15,2,262)
r(10,3,2,263)
w(1,13,2,264)
r(6,8,2,265)
r(0,4,2,266)
r(3,12,2,267)
r(12,12,2,268)
w(4,9,2,269)
r(4,9,2,270)
r(0,4,2,271)
r(1,9,2,272)
r(4,9,2,273)
r(4,9,2,274)
r(1,9,2,275)
w(12,13,2,276)
r(10,3,2,277)
w(1,14,2,278)
r(10,3,2,279)
r(14,14,2,280)
r(13,9,2,281)
r(4,15,2,282)
r(1,14,2,283)
w(4,11,2,284)
w(12,14,3,285)
w(2,12,3,286)
w(4,12,3,287)
w(7,12,3,288)
r(13,11,3,289)
r(10,2,3,290)
w(11,16,3,291)
w(13,12,3,292)
w(10,4,3,293)
w(10,5,3,294)
r(9,0,3,295)
w(6,11,3,296)
w(14,12,3,297)
w(0,5,3,298)
w(10,6,3,299)
w(1,15,3,300)
r(2,1,3,301)
r(13,12,3,302)
w(7,13,3,303)
w(10,7,3,304)
r(9,1,3,305)
r(13,5,3,306)
r(2,1,3,307)
r(3,1,3,308)
w(1,16,3,309)
r(13,5,3,310)
r(12,8,3,311)
r(3,1,3,312)
w(11,17,3,313)
r(0,1,3,314)
r(3,1,3,315)
w(11,18,3,316)
r(2,1,3,317)
r(7,13,3,318)
w(9,11,3,319)
w(8,9,3,320)
w(6,12,3,321)
w(11,19,3,322)
r(11,19,3,323)
w(5,10,3,324)
w(5,11,3,325)
w(8,10,3,326)
r(5,11,3,327)
w(7,14,3,328)
w(0,6,3,329)
w(4,13,3,330)
w(3,11,3,331)
w(3,12,3,332)
r(9,9,3,333)
w(12,16,3,334)
r(0,6,3,335)
r(8,4,3,336)
w(8,11,3,337)
w(8,12,3,338)
w(5,12,3,339)
r(2,3,3,340)
r(13,8,3,341)
r(3,12,3,342)
w(14,14,3,343)
w(8,13,3,344)
w(0,7,3,345)
r(1,8,3,346)
r(13,8,3,347)
w(9,12,3,348)
w(9,13,3,349)
r(11,15,3,350)
w(8,14,3,351)
r(5,9,3,352)
r(7,4,3,353)
r(8,14,3,354)
r(6,8,3,355)
r(3,12,3,356)
r(4,9,3,357)
w(7,15,3,358)
r(2,6,3,359)
w(4,15,3,360)
r(10,3,3,361)
w(5,13,3,362)
r(11,15,3,363)
r(5,13,3,364)
w(4,16,3,365)
r(1,14,3,366)
w(7,16,3,367)
r(13,9,3,368)
r(1,5,3,369)
r(8,6,3,370)
r(2,6,3,371)
r(2,6,3,372)
r(12,6,3,373)
w(8,15,3,374)
w(9,15,3,375)
w(9,16,3,376)
r(0,2,3,377)
w(3,13,3,378)
