r(11,0,0,0)
w(1,1,0,1)
r(10,0,0,2)
r(6,0,0,3)
r(6,0,0,4)
w(10,1,0,5)
r(3,0,0,6)
w(10,2,0,7)
r(11,0,0,8)
r(2,0,0,9)
r(3,0,0,10)
r(8,13,0,11)
w(0,1,0,12)
r(5,7,0,13)
w(9,1,0,14)
r(13,5,0,15)
r(11,0,0,16)
w(12,1,0,17)
w(3,1,0,18)
r(14,10,0,19)
w(8,2,0,20)
r(7,4,0,21)
r(12,1,0,22)
w(6,1,0,23)
w(13,1,0,24)
r(8,9,0,25)
w(3,2,0,26)
w(2,1,0,27)
r(12,9,0,28)
w(9,2,0,29)
r(12,9,0,30)
r(2,4,0,31)
r(7,12,0,32)
w(7,1,0,33)
r(4,0,0,34)
w(4,1,0,35)
w(8,3,0,36)
w(9,3,0,37)
w(6,2,0,38)
w(14,1,0,39)
w(0,2,0,40)
w(13,2,0,41)
r(9,16,0,42)
w(0,3,0,43)
r(3,9,0,44)
w(9,4,0,45)
r(8,10,0,46)
w(8,4,0,47)
w(7,2,0,48)
r(4,5,0,49)
w(1,2,0,50)
r(8,11,0,51)
w(12,2,0,52)
r(8,11,0,53)
r(9,4,0,54)
w(6,3,0,55)
w(3,3,0,56)
r(14,14,0,57)
r(2,13,0,58)
w(12,3,0,59)
w(8,5,0,60)
r(6,3,0,61)
w(9,5,0,62)
w(14,2,0,63)
r(11,8,0,64)
r(7,7,0,65)
r(14,2,0,66)
w(11,2,0,67)
r(6,4,0,68)
w(14,3,0,69)
w(2,2,0,70)
r(7,8,0,71)
r(6,5,0,72)
w(1,3,0,73)
w(4,2,0,74)
w(8,6,0,75)
w(7,3,0,76)
r(14,6,0,77)
r(14,6,0,78)
r(9,20,0,79)
r(7,3,0,80)
w(8,7,0,81)
r(13,8,0,82)
w(12,4,0,83)
w(13,3,0,84)
r(1,7,0,85)
w(10,3,0,86)
r(10,3,0,87)
r(2,7,0,88)
w(9,6,0,89)
w(11,3,0,90)
r(3,18,0,91)
w(0,4,0,92)
w(12,5,0,93)
w(3,4,0,94)
r(2,7,0,95)
r(13,9,0,96)
r(2,0,1,97)
w(8,8,1,98)
w(9,7,1,99)
r(0,0,1,100)
r(5,7,1,101)
r(4,0,1,102)
w(9,8,1,103)
r(11,0,1,104)
w(3,5,1,105)
r(10,2,1,106)
r(12,13,1,107)
w(1,4,1,108)
r(11,0,1,109)
w(3,6,1,110)
r(6,9,1,111)
r(0,1,1,112)
r(14,9,1,113)
w(7,4,1,114)
r(7,4,1,115)
r(0,11,1,116)
r(10,7,1,117)
r(11,5,1,118)
r(3,1,1,119)
w(0,5,1,120)
w(11,4,1,121)
r(2,10,1,122)
w(8,9,1,123)
w(9,9,1,124)
w(14,4,1,125)
r(11,7,1,126)
r(7,4,1,127)
r(11,7,1,128)
w(10,4,1,129)
r(8,9,1,130)
w(13,4,1,131)
r(5,7,1,132)
w(0,6,1,133)
w(1,5,1,134)
r(12,9,1,135)
r(14,11,1,136)
r(7,13,1,137)
w(0,7,1,138)
r(8,3,1,139)
w(12,7,1,140)
r(6,2,1,141)
w(8,10,1,142)
r(2,12,1,143)
w(1,6,1,144)
r(1,6,1,145)
r(2,12,1,146)
r(12,7,1,147)
r(6,2,1,148)
r(4,9,1,149)
r(11,8,1,150)
w(5,3,1,151)
r(0,3,1,152)
r(1,6,1,153)
r(5,3,1,154)
w(8,11,1,155)
w(2,3,1,156)
w(5,4,1,157)
r(10,6,1,158)
r(8,11,1,159)
w(4,3,1,160)
w(3,7,1,161)
r(13,7,1,162)
r(0,3,1,163)
r(5,8,1,164)
r(0,3,1,165)
r(14,14,1,166)
w(14,5,1,167)
r(7,6,1,168)
r(10,6,1,169)
r(9,5,1,170)
w(6,4,1,171)
w(0,10,1,172)
r(6,4,1,173)
r(6,4,1,174)
w(3,8,1,175)
w(6,5,1,176)
w(6,6,1,177)
w(14,6,1,178)
w(9,11,1,179)
w(6,7,1,180)
w(1,7,1,181)
w(4,4,1,182)
r(2,7,1,183)
r(7,9,1,184)
r(13,3,1,185)
r(8,7,1,186)
r(12,4,1,187)
r(12,4,1,188)
w(12,8,1,189)
w(9,12,2,190)
r(3,0,2,191)
r(7,0,2,192)
w(7,5,2,193)
w(6,8,2,194)
r(6,8,2,195)
w(13,5,2,196)
w(8,13,2,197)
r(8,13,2,198)
r(4,0,2,199)
w(6,9,2,200)
w(8,14,2,201)
r(11,0,2,202)
r(1,4,2,203)
r(6,9,2,204)
w(9,13,2,205)
w(0,11,2,206)
w(9,14,2,207)
r(14,9,2,208)
w(11,5,2,209)
r(1,4,2,210)
w(11,6,2,211)
r(2,9,2,212)
w(8,15,2,213)
w(11,7,2,214)
r(6,1,2,215)
r(4,0,2,216)
w(12,9,2,217)
r(5,7,2,218)
r(8,9,2,219)
r(6,1,2,220)
r(1,4,2,221)
r(3,2,2,222)
w(2,4,2,223)
w(2,5,2,224)
w(9,15,2,225)
r(5,7,2,226)
w(11,8,2,227)
r(0,7,2,228)
w(8,16,2,229)
r(10,8,2,230)
r(7,13,2,231)
w(9,16,2,232)
r(9,16,2,233)
r(10,8,2,234)
w(3,9,2,235)
r(5,7,2,236)
w(10,5,2,237)
r(10,5,2,238)
r(7,13,2,239)
w(4,5,2,240)
w(10,6,2,241)
r(8,11,2,242)
r(7,2,2,243)
r(6,2,2,244)
w(13,6,2,245)
w(4,6,2,246)
w(13,7,2,247)
r(0,3,2,248)
r(6,3,2,249)
w(7,6,2,250)
w(12,11,2,251)
r(14,14,2,252)
r(2,13,2,253)
r(13,7,2,254)
r(4,3,2,255)
w(6,10,2,256)
w(7,7,2,257)
r(3,13,2,258)
w(12,12,2,259)
w(2,6,2,260)
w(7,8,2,261)
w(3,10,2,262)
w(3,11,2,263)
w(2,7,2,264)
w(13,8,2,265)
r(13,8,2,266)
r(9,20,2,267)
w(7,9,2,268)
r(11,2,2,269)
r(3,16,2,270)
r(4,2,2,271)
w(3,12,2,272)
r(11,2,2,273)
w(5,5,2,274)
r(8,7,2,275)
r(4,4,2,276)
w(14,7,2,277)
w(9,18,2,278)
r(0,10,2,279)
w(5,6,2,280)
w(4,7,2,281)
r(9,18,2,282)
r(8,7,2,283)
r(4,7,2,284)
r(12,0,3,285)
r(12,0,3,286)
r(4,0,3,287)
w(5,7,3,288)
w(14,8,3,289)
r(14,8,3,290)
r(13,0,3,291)
w(7,10,3,292)
r(11,0,3,293)
r(7,10,3,294)
w(12,13,3,295)
r(7,10,3,296)
r(0,0,3,297)
w(14,9,3,298)
w(7,11,3,299)
w(2,8,3,300)
w(12,14,3,301)
w(10,7,3,302)
r(14,9,3,303)
r(1,4,3,304)
r(5,7,3,305)
r(5,7,3,306)
r(8,14,3,307)
w(14,10,3,308)
r(0,11,3,309)
w(2,9,3,310)
r(3,1,3,311)
w(2,10,3,312)
w(2,11,3,313)
r(4,0,3,314)
r(3,1,3,315)
r(10,7,3,316)
r(5,7,3,317)
w(14,11,3,318)
r(4,0,3,319)
r(4,0,3,320)
w(7,12,3,321)
r(14,11,3,322)
w(10,8,3,323)
w(2,12,3,324)
w(7,13,3,325)
r(11,7,3,326)
r(6,1,3,327)
w(14,12,3,328)
w(4,8,3,329)
r(9,3,3,330)
r(5,7,3,331)
r(12,7,3,332)
r(0,2,3,333)
r(3,2,3,334)
w(4,9,3,335)
r(9,16,3,336)
r(13,2,3,337)
r(11,8,3,338)
r(13,2,3,339)
r(6,2,3,340)
r(1,6,3,341)
r(13,2,3,342)
r(3,9,3,343)
w(1,9,3,344)
r(7,2,3,345)
r(8,11,3,346)
w(14,13,3,347)
w(2,13,3,348)
w(14,14,3,349)
w(5,8,3,350)
w(9,19,3,351)
w(3,13,3,352)
w(8,18,3,353)
w(7,14,3,354)
r(6,4,3,355)
r(14,2,3,356)
r(9,5,3,357)
r(5,8,3,358)
w(7,15,3,359)
r(14,6,3,360)
r(14,6,3,361)
w(3,16,3,362)
w(9,20,3,363)
w(10,11,3,364)
r(8,7,3,365)
w(3,18,3,366)
w(1,11,3,367)
w(14,16,3,368)
w(13,9,3,369)
w(13,10,3,370)
w(2,14,3,371)
