w(1,1,0,0)
w(2,1,0,0)
w(3,1,0,0)
w(4,1,0,0)
w(5,1,0,0)
w(6,1,0,0)
w(7,1,0,0)
w(8,1,0,0)
w(9,1,0,0)
w(10,1,0,0)
w(11,1,0,0)
w(12,1,0,0)
w(13,1,0,0)
w(14,1,0,0)
w(15,1,0,0)
w(16,1,0,0)
w(17,1,0,0)
w(18,1,0,0)
w(19,1,0,0)
w(20,1,0,0)
w(21,1,0,0)
w(22,1,0,0)
w(23,1,0,0)
w(24,1,0,0)
w(25,1,0,0)
w(26,1,0,0)
w(27,1,0,0)
w(28,1,0,0)
w(29,1,0,0)
w(30,1,0,0)
w(31,1,0,0)
w(32,1,0,0)
w(33,1,0,0)
w(34,1,0,0)
w(35,1,0,0)
w(36,1,0,0)
w(37,1,0,0)
w(38,1,0,0)
w(39,1,0,0)
w(40,1,0,0)
w(41,1,0,0)
w(42,1,0,0)
w(43,1,0,0)
w(44,1,0,0)
w(45,1,0,0)
w(46,1,0,0)
w(47,1,0,0)
w(48,1,0,0)
w(49,1,0,0)
w(50,1,0,0)
w(51,1,0,0)
w(52,1,0,0)
w(53,1,0,0)
w(54,1,0,0)
w(55,1,0,0)
w(56,1,0,0)
w(57,1,0,0)
w(58,1,0,0)
w(59,1,0,0)
w(60,1,0,0)
w(61,1,0,0)
w(62,1,0,0)
w(63,1,0,0)
w(64,1,0,0)
w(65,1,0,0)
w(66,1,0,0)
w(67,1,0,0)
w(68,1,0,0)
w(69,1,0,0)
w(70,1,0,0)
w(71,1,0,0)
w(72,1,0,0)
w(73,1,0,0)
w(74,1,0,0)
w(75,1,0,0)
w(76,1,0,0)
w(77,1,0,0)
w(78,1,0,0)
w(79,1,0,0)
w(80,1,0,0)
w(81,1,0,0)
w(82,1,0,0)
w(83,1,0,0)
w(84,1,0,0)
w(85,1,0,0)
w(86,1,0,0)
w(87,1,0,0)
w(88,1,0,0)
w(89,1,0,0)
w(90,1,0,0)
w(91,1,0,0)
w(92,1,0,0)
w(93,1,0,0)
w(94,1,0,0)
w(95,1,0,0)
w(96,1,0,0)
w(97,1,0,0)
w(98,1,0,0)
w(99,1,0,0)
w(100,1,0,0)
w(101,1,0,0)
w(102,1,0,0)
w(103,1,0,0)
w(104,1,0,0)
w(105,1,0,0)
w(106,1,0,0)
w(107,1,0,0)
w(108,1,0,0)
w(109,1,0,0)
w(110,1,0,0)
w(111,1,0,0)
w(112,1,0,0)
w(113,1,0,0)
w(114,1,0,0)
w(115,1,0,0)
w(116,1,0,0)
w(117,1,0,0)
w(118,1,0,0)
w(119,1,0,0)
w(120,1,0,0)
w(121,1,0,0)
w(122,1,0,0)
w(123,1,0,0)
w(124,1,0,0)
w(125,1,0,0)
w(126,1,0,0)
w(127,1,0,0)
w(128,1,0,0)
w(129,1,0,0)
w(130,1,0,0)
w(131,1,0,0)
w(132,1,0,0)
w(133,1,0,0)
w(134,1,0,0)
w(135,1,0,0)
w(136,1,0,0)
w(137,1,0,0)
w(138,1,0,0)
w(139,1,0,0)
w(140,1,0,0)
w(141,1,0,0)
w(142,1,0,0)
w(143,1,0,0)
w(144,1,0,0)
w(145,1,0,0)
w(146,1,0,0)
w(147,1,0,0)
w(148,1,0,0)
w(149,1,0,0)
w(150,1,0,0)
w(151,1,0,0)
w(152,1,0,0)
w(153,1,0,0)
w(154,1,0,0)
w(155,1,0,0)
w(156,1,0,0)
w(157,1,0,0)
w(158,1,0,0)
w(159,1,0,0)
w(160,1,0,0)
w(161,1,0,0)
w(162,1,0,0)
w(163,1,0,0)
w(164,1,0,0)
w(165,1,0,0)
w(166,1,0,0)
w(167,1,0,0)
w(168,1,0,0)
w(169,1,0,0)
w(170,1,0,0)
w(171,1,0,0)
w(172,1,0,0)
w(173,1,0,0)
w(174,1,0,0)
w(175,1,0,0)
w(176,1,0,0)
w(177,1,0,0)
w(178,1,0,0)
w(179,1,0,0)
w(180,1,0,0)
w(181,1,0,0)
w(182,1,0,0)
w(183,1,0,0)
w(184,1,0,0)
w(185,1,0,0)
w(186,1,0,0)
w(187,1,0,0)
w(188,1,0,0)
w(189,1,0,0)
w(190,1,0,0)
w(191,1,0,0)
w(192,1,0,0)
w(193,1,0,0)
w(194,1,0,0)
w(195,1,0,0)
w(196,1,0,0)
w(197,1,0,0)
w(198,1,0,0)
w(199,1,0,0)
w(200,1,0,0)
w(201,1,0,0)
w(202,1,0,0)
w(203,1,0,0)
w(204,1,0,0)
w(205,1,0,0)
w(206,1,0,0)
w(207,1,0,0)
w(208,1,0,0)
w(209,1,0,0)
w(210,1,0,0)
w(211,1,0,0)
w(212,1,0,0)
w(213,1,0,0)
w(214,1,0,0)
w(215,1,0,0)
w(216,1,0,0)
w(217,1,0,0)
w(218,1,0,0)
w(219,1,0,0)
w(220,1,0,0)
w(221,1,0,0)
w(222,1,0,0)
w(223,1,0,0)
w(224,1,0,0)
w(225,1,0,0)
w(226,1,0,0)
w(227,1,0,0)
w(228,1,0,0)
w(229,1,0,0)
w(230,1,0,0)
w(231,1,0,0)
w(232,1,0,0)
w(233,1,0,0)
w(234,1,0,0)
w(235,1,0,0)
w(236,1,0,0)
w(237,1,0,0)
w(238,1,0,0)
w(239,1,0,0)
w(240,1,0,0)
w(241,1,0,0)
w(242,1,0,0)
w(243,1,0,0)
w(244,1,0,0)
w(245,1,0,0)
w(246,1,0,0)
w(247,1,0,0)
w(248,1,0,0)
w(249,1,0,0)
w(250,1,0,0)
w(251,1,0,0)
w(252,1,0,0)
w(253,1,0,0)
w(254,1,0,0)
w(255,1,0,0)
w(256,1,0,0)
w(257,1,0,0)
w(258,1,0,0)
w(259,1,0,0)
w(260,1,0,0)
w(261,1,0,0)
w(262,1,0,0)
w(263,1,0,0)
w(264,1,0,0)
w(265,1,0,0)
w(266,1,0,0)
w(267,1,0,0)
w(268,1,0,0)
w(269,1,0,0)
w(270,1,0,0)
w(271,1,0,0)
w(272,1,0,0)
w(273,1,0,0)
w(274,1,0,0)
w(275,1,0,0)
w(276,1,0,0)
w(277,1,0,0)
w(278,1,0,0)
w(279,1,0,0)
w(280,1,0,0)
w(281,1,0,0)
w(282,1,0,0)
w(283,1,0,0)
w(284,1,0,0)
w(285,1,0,0)
w(286,1,0,0)
w(287,1,0,0)
w(288,1,0,0)
w(289,1,0,0)
w(290,1,0,0)
w(291,1,0,0)
w(292,1,0,0)
w(293,1,0,0)
w(294,1,0,0)
w(295,1,0,0)
w(296,1,0,0)
w(297,1,0,0)
w(298,1,0,0)
w(299,1,0,0)
w(300,1,0,0)
w(301,1,0,0)
w(302,1,0,0)
w(303,1,0,0)
w(304,1,0,0)
w(305,1,0,0)
w(306,1,0,0)
w(307,1,0,0)
w(308,1,0,0)
w(309,1,0,0)
w(310,1,0,0)
w(311,1,0,0)
w(312,1,0,0)
w(313,1,0,0)
w(314,1,0,0)
w(315,1,0,0)
w(316,1,0,0)
w(317,1,0,0)
w(318,1,0,0)
w(319,1,0,0)
w(320,1,0,0)
w(321,1,0,0)
w(322,1,0,0)
w(323,1,0,0)
w(324,1,0,0)
w(325,1,0,0)
w(326,1,0,0)
w(327,1,0,0)
w(328,1,0,0)
w(329,1,0,0)
w(330,1,0,0)
w(331,1,0,0)
w(332,1,0,0)
w(333,1,0,0)
w(334,1,0,0)
w(335,1,0,0)
w(336,1,0,0)
w(337,1,0,0)
w(338,1,0,0)
w(339,1,0,0)
w(340,1,0,0)
w(341,1,0,0)
w(342,1,0,0)
w(343,1,0,0)
w(344,1,0,0)
w(345,1,0,0)
w(346,1,0,0)
w(347,1,0,0)
w(348,1,0,0)
w(349,1,0,0)
w(350,1,0,0)
w(351,1,0,0)
w(352,1,0,0)
w(353,1,0,0)
w(354,1,0,0)
w(355,1,0,0)
w(356,1,0,0)
w(357,1,0,0)
w(358,1,0,0)
w(359,1,0,0)
w(360,1,0,0)
w(361,1,0,0)
w(362,1,0,0)
w(363,1,0,0)
w(364,1,0,0)
w(365,1,0,0)
w(366,1,0,0)
w(367,1,0,0)
w(368,1,0,0)
w(369,1,0,0)
w(370,1,0,0)
w(371,1,0,0)
w(372,1,0,0)
w(373,1,0,0)
w(374,1,0,0)
w(375,1,0,0)
w(376,1,0,0)
w(377,1,0,0)
w(378,1,0,0)
w(379,1,0,0)
w(380,1,0,0)
w(381,1,0,0)
w(382,1,0,0)
w(383,1,0,0)
w(384,1,0,0)
w(385,1,0,0)
w(386,1,0,0)
w(387,1,0,0)
w(388,1,0,0)
w(389,1,0,0)
w(390,1,0,0)
w(391,1,0,0)
w(392,1,0,0)
w(393,1,0,0)
w(394,1,0,0)
w(395,1,0,0)
w(396,1,0,0)
w(397,1,0,0)
w(398,1,0,0)
w(399,1,0,0)
w(400,1,0,0)
w(401,1,0,0)
w(402,1,0,0)
w(403,1,0,0)
w(404,1,0,0)
w(405,1,0,0)
w(406,1,0,0)
w(407,1,0,0)
w(408,1,0,0)
w(409,1,0,0)
w(410,1,0,0)
w(411,1,0,0)
w(412,1,0,0)
w(413,1,0,0)
w(414,1,0,0)
w(415,1,0,0)
w(416,1,0,0)
w(417,1,0,0)
w(418,1,0,0)
w(419,1,0,0)
w(420,1,0,0)
w(421,1,0,0)
w(422,1,0,0)
w(423,1,0,0)
w(424,1,0,0)
w(425,1,0,0)
w(426,1,0,0)
w(427,1,0,0)
w(428,1,0,0)
w(429,1,0,0)
w(430,1,0,0)
w(431,1,0,0)
w(432,1,0,0)
w(433,1,0,0)
w(434,1,0,0)
w(435,1,0,0)
w(436,1,0,0)
w(437,1,0,0)
w(438,1,0,0)
w(439,1,0,0)
w(440,1,0,0)
w(441,1,0,0)
w(442,1,0,0)
w(443,1,0,0)
w(444,1,0,0)
w(445,1,0,0)
w(446,1,0,0)
w(447,1,0,0)
w(448,1,0,0)
w(449,1,0,0)
w(450,1,0,0)
w(451,1,0,0)
w(452,1,0,0)
w(453,1,0,0)
w(454,1,0,0)
w(455,1,0,0)
w(456,1,0,0)
w(457,1,0,0)
w(458,1,0,0)
w(459,1,0,0)
w(460,1,0,0)
w(461,1,0,0)
w(462,1,0,0)
w(463,1,0,0)
w(464,1,0,0)
w(465,1,0,0)
w(466,1,0,0)
w(467,1,0,0)
w(468,1,0,0)
w(469,1,0,0)
w(470,1,0,0)
w(471,1,0,0)
w(472,1,0,0)
w(473,1,0,0)
w(474,1,0,0)
w(475,1,0,0)
w(476,1,0,0)
w(477,1,0,0)
w(478,1,0,0)
w(479,1,0,0)
w(480,1,0,0)
w(481,1,0,0)
w(482,1,0,0)
w(483,1,0,0)
w(484,1,0,0)
w(485,1,0,0)
w(486,1,0,0)
w(487,1,0,0)
w(488,1,0,0)
w(489,1,0,0)
w(490,1,0,0)
w(491,1,0,0)
w(492,1,0,0)
w(493,1,0,0)
w(494,1,0,0)
w(495,1,0,0)
w(496,1,0,0)
w(497,1,0,0)
w(498,1,0,0)
w(499,1,0,0)
w(500,1,0,0)
w(501,1,0,0)
w(502,1,0,0)
w(503,1,0,0)
w(504,1,0,0)
w(505,1,0,0)
w(506,1,0,0)
w(507,1,0,0)
w(508,1,0,0)
w(509,1,0,0)
w(510,1,0,0)
w(511,1,0,0)
w(512,1,0,0)
w(513,1,0,0)
w(514,1,0,0)
w(515,1,0,0)
w(516,1,0,0)
w(517,1,0,0)
w(518,1,0,0)
w(519,1,0,0)
w(520,1,0,0)
w(521,1,0,0)
w(522,1,0,0)
w(523,1,0,0)
w(524,1,0,0)
w(525,1,0,0)
w(526,1,0,0)
w(527,1,0,0)
w(528,1,0,0)
w(529,1,0,0)
w(530,1,0,0)
w(531,1,0,0)
w(532,1,0,0)
w(533,1,0,0)
w(534,1,0,0)
w(535,1,0,0)
w(536,1,0,0)
w(537,1,0,0)
w(538,1,0,0)
w(539,1,0,0)
w(540,1,0,0)
w(233,2,1,1)
r(290,1,1,1)
r(489,1,1,1)
r(524,1,1,1)
r(503,1,1,1)
r(249,1,1,1)
r(186,1,1,1)
w(205,2,1,1)
r(402,1,1,1)
w(178,2,1,1)
r(328,1,1,1)
w(199,2,1,1)
r(148,1,1,1)
r(393,1,1,1)
r(305,1,1,1)
w(394,2,1,1)
w(489,2,1,1)
r(156,1,1,1)
r(346,1,1,1)
w(536,2,1,1)
w(367,4,2,2)
r(100,1,2,2)
w(299,4,2,2)
w(44,2,2,2)
w(435,4,2,2)
r(95,1,2,2)
r(9,1,2,2)
w(349,4,2,2)
r(146,1,2,2)
w(33,7,2,2)
w(5,7,2,2)
w(207,2,2,2)
r(152,1,2,2)
w(464,2,2,2)
w(202,2,2,2)
r(238,1,2,2)
r(63,1,2,2)
w(91,2,2,2)
r(490,1,2,2)
w(88,2,2,2)
w(356,8,3,3)
r(105,1,3,3)
w(124,7,3,3)
w(448,4,3,3)
r(213,1,3,3)
w(448,7,3,3)
r(368,1,3,3)
r(477,1,3,3)
r(453,1,3,3)
w(30,2,3,3)
w(166,4,3,3)
w(474,8,3,3)
r(3,1,3,3)
r(131,1,4,4)
r(23,1,4,4)
w(228,4,4,4)
w(376,5,4,4)
w(62,4,4,4)
w(506,7,4,4)
r(19,1,4,4)
r(446,1,4,4)
w(430,2,4,4)
w(478,5,4,4)
w(481,2,4,4)
w(16,7,4,4)
r(480,1,4,4)
r(377,1,4,4)
r(220,1,4,4)
w(159,8,4,4)
r(119,1,4,4)
w(405,8,4,4)
r(198,1,4,4)
w(383,2,4,4)
r(292,1,5,5)
w(454,5,5,5)
w(457,4,5,5)
r(269,1,5,5)
w(217,4,5,5)
r(343,1,5,5)
w(447,7,5,5)
w(324,7,5,5)
w(165,8,5,5)
r(248,7,5,5)
r(71,1,5,5)
w(168,7,5,5)
w(254,4,5,5)
r(306,1,5,5)
r(498,1,5,5)
r(378,1,5,5)
w(313,7,5,5)
r(481,2,5,5)
w(25,5,5,5)
w(89,7,5,5)
w(504,2,6,6)
w(492,4,6,6)
r(218,1,6,6)
w(47,5,6,6)
r(499,1,6,6)
w(372,4,6,6)
w(151,7,6,6)
r(498,1,6,6)
r(336,1,6,6)
w(238,5,6,6)
w(221,9,6,6)
w(535,3,6,6)
r(334,1,6,6)
r(294,1,6,6)
w(191,5,6,6)
w(293,4,6,6)
r(531,1,6,6)
w(68,2,6,6)
r(172,1,6,6)
w(345,4,6,6)
r(86,1,7,7)
r(130,1,7,7)
w(74,8,7,7)
w(38,8,7,7)
w(110,7,7,7)
w(256,8,7,7)
r(439,1,7,7)
r(110,7,7,7)
w(370,7,7,7)
w(331,4,7,7)
w(180,10,7,7)
r(530,1,7,7)
r(179,1,7,7)
w(417,4,7,7)
w(460,5,7,7)
r(420,1,7,7)
w(400,6,7,7)
r(531,1,7,7)
w(190,8,7,7)
r(469,1,7,7)
w(90,3,8,8)
w(256,5,8,8)
r(75,1,8,8)
r(493,1,8,8)
w(263,8,8,8)
w(439,4,8,8)
w(265,5,8,8)
w(309,2,8,8)
w(48,7,8,8)
w(224,9,8,8)
w(224,6,8,8)
r(214,1,8,8)
w(289,3,8,8)
r(237,1,8,8)
w(234,8,8,8)
r(454,1,8,8)
w(183,9,8,8)
w(341,5,8,8)
r(157,1,8,8)
r(472,1,8,8)
r(6,1,9,9)
w(457,8,9,9)
w(385,14,9,9)
r(322,1,9,9)
w(184,6,9,9)
w(67,6,9,9)
w(398,4,9,9)
w(436,5,9,9)
w(274,5,9,9)
w(181,3,9,9)
w(170,5,9,9)
r(226,1,9,9)
r(486,1,9,9)
r(200,1,9,9)
w(22,8,9,9)
w(108,4,9,9)
w(368,3,9,9)
r(529,1,9,9)
w(470,3,9,9)
w(96,5,9,9)
w(76,2,1,10)
w(388,2,1,10)
w(158,2,1,10)
r(393,1,1,10)
w(501,2,1,10)
w(259,2,1,10)
r(373,1,1,10)
r(51,1,1,10)
w(407,2,1,10)
r(475,1,1,10)
w(435,2,1,10)
w(182,2,1,10)
r(518,1,1,10)
w(507,2,1,10)
w(256,2,1,10)
w(284,2,1,10)
w(375,2,1,10)
w(281,2,1,10)
r(398,1,1,10)
w(462,2,1,10)
w(257,4,2,11)
r(21,1,2,11)
r(343,1,2,11)
w(484,2,2,11)
w(475,2,2,11)
r(302,1,2,11)
r(314,1,2,11)
w(399,4,2,11)
w(90,4,2,11)
w(145,2,2,11)
w(21,4,2,11)
r(492,4,2,11)
r(418,1,2,11)
w(327,2,2,11)
w(319,2,2,11)
w(74,2,2,11)
r(64,1,2,11)
r(396,1,2,11)
r(108,4,2,11)
r(73,1,2,11)
r(255,1,3,12)
r(160,1,3,12)
w(467,4,3,12)
r(308,1,3,12)
r(457,4,3,12)
r(38,8,3,12)
r(175,1,3,12)
r(516,1,3,12)
w(56,2,3,12)
w(470,4,3,12)
w(150,2,3,12)
w(78,2,3,12)
r(318,1,3,12)
w(449,2,3,12)
r(127,1,3,12)
w(101,4,3,12)
r(221,6,3,12)
r(209,1,3,12)
r(506,7,3,12)
w(272,2,3,12)
r(116,1,4,13)
r(211,1,4,13)
r(304,1,4,13)
r(248,7,4,13)
w(128,2,4,13)
w(331,2,4,13)
r(160,1,4,13)
r(272,1,4,13)
w(215,4,4,13)
r(338,1,4,13)
r(226,1,4,13)
w(305,7,4,13)
w(47,4,4,13)
w(25,8,4,13)
r(135,1,4,13)
w(234,4,4,13)
r(150,1,4,13)
w(47,7,4,13)
w(97,4,4,13)
r(164,1,4,13)
r(186,5,5,14)
w(360,7,5,14)
w(199,3,5,14)
r(292,1,5,14)
w(328,3,5,14)
w(371,7,5,14)
r(247,1,5,14)
r(60,1,5,14)
r(364,1,5,14)
w(246,4,5,14)
w(167,7,6,15)
w(276,8,6,15)
r(34,1,6,15)
w(315,4,6,15)
w(324,8,6,15)
r(455,1,6,15)
w(219,8,6,15)
w(482,7,6,15)
r(47,5,6,15)
w(421,7,6,15)
r(499,1,6,15)
w(248,7,6,15)
r(303,1,6,15)
r(94,1,6,15)
w(367,3,6,15)
w(363,4,6,15)
r(494,1,6,15)
r(222,1,6,15)
r(111,1,6,15)
w(31,8,6,15)
r(184,6,7,16)
r(526,1,7,16)
w(186,5,7,16)
r(89,1,7,16)
r(358,1,7,16)
r(168,1,7,16)
w(325,8,7,16)
r(237,1,7,16)
r(387,1,7,16)
w(195,5,7,16)
w(106,3,7,16)
w(10,8,7,16)
r(293,4,7,16)
r(443,1,7,16)
w(174,7,7,16)
w(34,5,7,16)
r(343,1,7,16)
w(143,5,7,16)
r(110,7,7,16)
r(183,9,7,16)
w(66,4,8,17)
r(382,1,8,17)
r(21,4,8,17)
r(529,1,8,17)
w(3,6,8,17)
r(20,1,8,17)
r(355,1,8,17)
w(504,4,8,17)
r(456,1,8,17)
w(151,5,8,17)
w(394,8,8,17)
r(109,1,8,17)
w(452,4,8,17)
w(256,3,8,17)
r(34,5,8,17)
w(89,3,8,17)
r(104,1,8,17)
w(365,9,8,17)
w(208,7,8,17)
w(211,7,8,17)
r(309,2,9,18)
r(165,1,9,18)
w(128,3,9,18)
r(269,1,9,18)
w(429,7,9,18)
r(88,2,9,18)
r(259,2,9,18)
w(94,3,9,18)
w(221,6,9,18)
r(154,1,9,18)
w(286,7,9,18)
w(235,4,9,18)
w(496,10,9,18)
w(508,3,9,18)
w(172,5,9,18)
w(406,10,9,18)
r(287,1,9,18)
r(464,2,9,18)
w(372,5,9,18)
w(275,7,9,18)
r(369,1,1,19)
w(4,2,1,19)
r(531,1,1,19)
w(291,2,1,19)
r(122,1,1,19)
w(75,2,1,19)
w(351,2,1,19)
r(356,1,1,19)
w(18,2,1,19)
w(190,2,1,19)
r(288,1,1,19)
r(538,1,1,19)
w(303,2,1,19)
r(386,3,1,19)
r(85,1,1,19)
w(521,2,1,19)
w(521,4,1,19)
r(232,1,1,19)
w(337,2,1,19)
r(141,1,1,19)
r(362,1,2,20)
w(335,2,2,20)
w(537,7,2,20)
r(182,2,2,20)
r(370,7,2,20)
r(58,1,2,20)
w(269,2,2,20)
r(194,1,2,20)
w(8,2,2,20)
r(206,1,2,20)
r(244,4,2,20)
r(210,2,2,20)
w(195,2,2,20)
w(4,7,2,20)
r(449,2,2,20)
w(162,2,2,20)
r(187,1,2,20)
r(85,1,2,20)
w(135,2,2,20)
w(182,7,2,20)
r(128,3,3,21)
w(347,7,3,21)
r(123,1,3,21)
w(15,4,3,21)
r(167,7,3,21)
w(473,4,3,21)
r(229,7,3,21)
r(126,1,3,21)
r(173,1,3,21)
w(242,8,3,21)
r(360,1,3,21)
w(179,4,3,21)
r(343,1,3,21)
r(278,1,3,21)
w(499,2,3,21)
w(497,4,3,21)
w(313,4,3,21)
w(12,8,3,21)
r(243,1,3,21)
r(537,2,3,21)
r(273,1,4,22)
w(340,5,4,22)
w(41,8,4,22)
w(17,4,4,22)
w(344,7,4,22)
w(438,2,4,22)
r(100,1,4,22)
w(420,4,4,22)
w(431,7,4,22)
r(198,1,4,22)
r(491,2,4,22)
w(523,8,4,22)
w(397,9,4,22)
r(376,5,4,22)
r(219,8,4,22)
w(443,4,4,22)
r(383,2,4,22)
w(122,4,4,22)
w(75,8,4,22)
w(100,4,4,22)
w(484,4,5,23)
r(289,9,5,23)
w(451,2,5,23)
w(527,2,5,23)
w(385,8,5,23)
r(375,2,5,23)
r(247,1,5,23)
w(539,4,5,23)
w(189,3,5,23)
r(139,1,5,23)
r(76,2,5,23)
r(138,1,5,23)
r(69,1,5,23)
r(59,1,5,23)
r(298,1,5,23)
r(450,1,5,23)
w(117,8,5,23)
w(53,7,5,23)
w(284,7,5,23)
r(373,1,5,23)
w(401,8,6,24)
r(382,1,6,24)
w(255,5,6,24)
w(244,4,6,24)
w(155,2,6,24)
w(102,4,6,24)
r(157,1,6,24)
w(386,3,6,24)
w(534,7,6,24)
r(104,1,6,24)
w(36,3,6,24)
r(282,1,6,24)
r(179,1,6,24)
w(378,7,6,24)
w(453,7,6,24)
w(455,8,6,24)
w(357,8,6,24)
r(396,1,6,24)
w(491,2,6,24)
w(133,5,6,24)
r(182,7,7,25)
r(283,1,7,25)
w(356,9,7,25)
w(330,5,7,25)
w(60,7,7,25)
w(93,5,7,25)
w(69,4,7,25)
w(379,7,7,25)
w(104,2,7,25)
w(455,5,7,25)
r(127,1,7,25)
r(238,6,7,25)
w(386,6,7,25)
r(16,7,7,25)
w(259,5,7,25)
r(149,1,7,25)
r(236,7,7,25)
r(129,1,7,25)
w(471,3,7,25)
w(95,8,7,25)
r(380,1,8,26)
r(40,1,8,26)
r(174,7,8,26)
w(37,3,8,26)
r(510,1,8,26)
w(308,7,8,26)
w(294,9,8,26)
w(203,7,8,26)
r(233,2,8,26)
r(334,1,8,26)
r(144,1,8,26)
w(470,8,8,26)
w(447,3,8,26)
w(75,9,8,26)
w(381,3,8,26)
r(87,1,8,26)
r(430,2,8,26)
w(412,6,8,26)
r(198,1,8,26)
r(137,1,8,26)
r(191,5,9,27)
r(168,7,9,27)
w(20,5,9,27)
w(289,9,9,27)
r(282,1,9,27)
r(268,3,9,27)
r(390,1,9,27)
w(309,7,9,27)
r(171,1,9,27)
w(452,8,9,27)
w(538,9,9,27)
r(414,1,9,27)
w(389,3,9,27)
w(86,9,9,27)
w(45,3,9,27)
w(236,7,9,27)
w(89,9,9,27)
r(414,1,9,27)
w(332,3,9,27)
r(237,1,9,27)
r(185,1,1,28)
w(337,4,1,28)
w(263,2,1,28)
w(143,2,1,28)
r(420,4,1,28)
w(21,2,1,28)
r(65,1,1,28)
r(367,3,1,28)
r(262,1,1,28)
w(181,2,1,28)
w(210,2,1,28)
w(117,2,1,28)
r(192,1,1,28)
r(524,1,1,28)
w(537,2,1,28)
r(384,1,1,28)
r(303,2,1,28)
w(514,2,1,28)
r(321,1,1,28)
r(349,4,1,28)
w(475,4,2,29)
w(494,2,2,29)
w(279,4,2,29)
w(180,7,2,29)
w(159,7,2,29)
r(104,2,2,29)
r(461,1,2,29)
r(225,4,2,29)
r(391,1,2,29)
r(495,1,2,29)
r(361,1,2,29)
w(356,2,2,29)
w(226,2,2,29)
w(375,7,2,29)
r(288,1,2,29)
w(498,2,2,29)
r(54,1,2,29)
w(98,2,2,29)
r(47,7,2,29)
r(1,1,2,29)
r(412,6,3,30)
w(225,4,3,30)
r(414,1,3,30)
r(229,7,3,30)
r(171,1,3,30)
r(190,2,3,30)
w(291,4,3,30)
w(406,8,3,30)
w(492,2,3,30)
r(483,7,3,30)
r(4,2,3,30)
w(138,4,3,30)
w(221,2,3,30)
w(517,7,3,30)
r(324,7,3,30)
r(386,3,3,30)
w(366,7,3,30)
w(408,7,3,30)
r(322,1,3,30)
r(396,1,3,30)
r(392,1,4,31)
w(366,8,4,31)
r(483,1,4,31)
r(344,7,4,31)
w(94,7,4,31)
r(524,1,4,31)
w(207,8,4,31)
w(10,4,4,31)
r(3,6,4,31)
r(301,1,5,32)
r(109,1,5,32)
r(457,4,5,32)
w(338,4,5,32)
r(55,2,5,32)
r(451,2,5,32)
r(41,8,5,32)
w(433,4,5,32)
w(9,8,5,32)
w(271,7,5,32)
w(385,5,5,32)
r(5,2,5,32)
r(32,1,5,32)
w(306,5,5,32)
w(31,7,5,32)
w(365,8,5,32)
r(116,1,5,32)
r(140,1,5,32)
w(354,3,5,32)
w(265,4,5,32)
r(282,1,6,33)
w(220,4,6,33)
r(82,1,6,33)
r(136,1,6,33)
w(381,7,6,33)
r(30,1,6,33)
r(145,2,6,33)
r(212,1,6,33)
w(268,3,6,33)
r(513,1,6,33)
w(55,5,6,33)
w(39,8,6,33)
r(297,1,6,33)
w(532,7,6,33)
w(195,7,6,33)
r(388,2,6,33)
w(235,2,6,33)
w(291,3,6,33)
w(290,4,6,33)
w(229,7,6,33)
r(371,8,7,34)
w(91,6,7,34)
r(273,1,7,34)
w(379,8,7,34)
w(319,8,7,34)
r(249,1,7,34)
r(524,1,7,34)
w(232,7,7,34)
r(417,4,7,34)
w(195,3,7,34)
w(241,4,7,34)
r(52,5,7,34)
r(465,1,7,34)
w(520,8,7,34)
w(450,5,7,34)
w(226,3,7,34)
w(297,5,7,34)
r(257,4,7,34)
w(174,8,7,34)
r(378,7,7,34)
w(122,8,8,35)
r(62,4,8,35)
w(525,8,8,35)
w(415,9,8,35)
w(18,3,8,35)
r(480,1,8,35)
r(425,1,8,35)
r(166,1,8,35)
w(379,5,8,35)
w(264,5,8,35)
r(48,7,8,35)
w(13,4,8,35)
w(343,7,8,35)
w(254,5,8,35)
w(153,8,8,35)
w(483,7,8,35)
w(45,5,8,35)
r(456,1,8,35)
w(492,5,8,35)
w(535,6,8,35)
w(119,3,9,36)
r(309,7,9,36)
w(154,8,9,36)
r(161,1,9,36)
w(101,6,9,36)
r(205,2,9,36)
w(238,6,9,36)
r(161,1,9,36)
r(320,1,9,36)
w(377,5,9,36)
w(447,9,9,36)
r(20,5,9,36)
w(446,3,9,36)
r(538,9,9,36)
r(44,2,9,36)
w(68,4,9,36)
r(236,7,9,36)
w(327,9,9,36)
w(19,6,9,36)
r(224,6,9,36)
w(55,2,1,37)
w(497,2,1,37)
r(521,4,1,37)
w(158,4,1,37)
w(5,2,1,37)
r(460,5,1,37)
w(480,2,1,37)
r(127,1,1,37)
w(501,4,1,37)
r(314,1,1,37)
r(287,1,1,37)
w(124,2,1,37)
w(90,2,1,37)
w(480,4,1,37)
w(213,2,1,37)
w(468,2,1,37)
r(157,1,1,37)
w(442,2,1,37)
w(538,2,1,37)
w(507,4,1,37)
w(453,4,2,38)
w(388,4,2,38)
r(371,1,2,38)
w(505,2,2,38)
r(341,5,2,38)
w(138,2,2,38)
w(474,4,2,38)
w(177,4,2,38)
w(44,4,2,38)
r(428,1,2,38)
w(467,2,2,38)
w(296,4,2,38)
r(354,9,2,38)
r(142,1,2,38)
w(375,8,2,38)
w(207,4,2,38)
w(153,4,2,38)
w(116,2,2,38)
r(285,1,2,38)
r(379,7,2,38)
r(45,5,3,39)
w(299,8,3,39)
r(342,1,3,39)
r(251,1,3,39)
r(420,4,3,39)
r(298,1,3,39)
r(534,7,3,39)
r(485,1,3,39)
r(24,1,3,39)
r(186,5,3,39)
r(115,1,3,39)
w(209,2,3,39)
w(280,4,3,39)
r(459,1,3,39)
r(390,1,3,39)
w(241,2,3,39)
w(290,2,3,39)
r(239,1,3,39)
w(125,7,3,39)
w(200,4,3,39)
r(536,2,4,40)
w(380,2,4,40)
r(474,1,4,40)
r(344,7,4,40)
r(498,1,4,40)
r(278,1,4,40)
w(57,8,4,40)
r(527,2,4,40)
r(449,2,4,40)
w(19,7,4,40)
w(400,3,4,40)
w(536,4,4,40)
w(128,4,4,40)
w(396,2,4,40)
w(487,8,4,40)
w(333,7,4,40)
r(294,9,4,40)
r(266,1,4,40)
r(100,4,4,40)
w(320,2,4,40)
r(181,2,5,41)
w(239,4,5,41)
r(512,1,5,41)
w(258,4,5,41)
r(328,1,5,41)
w(455,7,5,41)
w(537,5,5,41)
r(196,1,5,41)
r(97,4,5,41)
w(268,7,5,41)
r(441,1,5,41)
r(391,1,5,41)
w(354,9,5,41)
r(391,1,5,41)
r(283,1,5,41)
r(528,1,5,41)
w(136,5,5,41)
r(443,4,5,41)
w(320,4,5,41)
w(178,3,5,41)
r(105,1,6,42)
r(216,1,6,42)
r(34,5,6,42)
w(489,4,6,42)
w(434,7,6,42)
r(397,9,6,42)
r(362,1,6,42)
r(164,1,6,42)
r(501,4,6,42)
r(172,5,6,42)
r(479,1,6,42)
w(442,7,6,42)
r(205,2,6,42)
r(46,1,6,42)
w(203,4,6,42)
w(231,2,6,42)
r(443,4,6,42)
w(240,4,6,42)
r(92,1,6,42)
w(227,7,6,42)
w(174,5,7,43)
r(199,2,7,43)
w(460,3,7,43)
w(224,3,7,43)
r(46,1,7,43)
r(429,7,7,43)
r(423,1,7,43)
w(313,5,7,43)
w(52,4,7,43)
w(285,5,7,43)
w(427,7,7,43)
w(34,9,7,43)
w(87,8,7,43)
r(497,2,7,43)
w(320,8,7,43)
r(494,8,7,43)
w(486,7,7,43)
w(216,4,7,43)
w(111,7,7,43)
w(92,5,7,43)
w(375,10,8,44)
r(100,4,8,44)
r(432,1,8,44)
w(174,3,8,44)
r(509,1,8,44)
r(245,1,8,44)
w(158,9,8,44)
r(431,3,8,44)
w(516,5,8,44)
r(504,4,8,44)
w(262,4,8,44)
w(389,7,8,44)
r(275,7,8,44)
w(231,7,8,44)
r(505,8,8,44)
r(151,5,8,44)
r(146,1,8,44)
w(470,5,8,44)
r(325,8,8,44)
r(194,1,8,44)
r(342,1,9,45)
r(229,7,9,45)
w(88,7,9,45)
w(483,5,9,45)
r(3,6,9,45)
r(198,1,9,45)
w(345,7,9,45)
w(402,4,9,45)
r(479,1,9,45)
w(159,9,9,45)
r(71,1,9,45)
r(1,1,9,45)
w(52,5,9,45)
w(430,9,9,45)
r(324,7,9,45)
w(272,7,9,45)
r(374,1,9,45)
r(58,1,9,45)
r(516,1,9,45)
r(422,1,9,45)
w(105,2,1,46)
w(186,2,1,46)
r(340,5,1,46)
r(314,1,1,46)
w(26,2,1,46)
r(430,2,1,46)
w(86,2,1,46)
w(361,2,1,46)
r(6,2,1,46)
r(8,2,1,46)
r(400,5,1,46)
r(146,1,1,46)
r(476,1,1,46)
r(296,1,1,46)
r(412,6,1,46)
w(4,4,1,46)
w(523,2,1,46)
w(42,2,1,46)
w(11,2,1,46)
w(299,2,1,46)
r(272,7,2,47)
w(360,2,2,47)
r(303,2,2,47)
r(247,1,2,47)
r(382,1,2,47)
w(165,2,2,47)
r(522,1,2,47)
w(354,2,2,47)
r(81,1,2,47)
r(352,1,2,47)
r(193,1,2,47)
w(2,2,2,47)
w(256,4,2,47)
w(368,2,2,47)
w(51,4,2,47)
r(245,1,2,47)
w(495,2,2,47)
r(180,7,2,47)
r(113,1,2,47)
r(287,1,2,47)
r(112,1,3,48)
r(65,1,3,48)
r(519,1,3,48)
r(421,7,3,48)
w(169,2,3,48)
r(294,9,3,48)
w(6,2,3,48)
r(292,1,3,48)
w(499,4,3,48)
r(28,1,3,48)
w(400,5,3,48)
w(537,8,3,48)
w(381,4,3,48)
r(425,1,3,48)
w(33,8,3,48)
r(115,1,3,48)
w(89,4,3,48)
w(165,4,3,48)
r(536,4,3,48)
w(305,4,3,48)
w(505,8,4,49)
w(11,5,4,49)
w(141,4,4,49)
w(118,2,4,49)
r(379,7,4,49)
r(45,5,4,49)
r(409,1,4,49)
r(451,2,4,49)
w(208,2,4,49)
w(476,4,4,49)
w(215,7,4,49)
r(47,7,4,49)
w(471,8,4,49)
r(60,7,4,49)
r(467,2,4,49)
r(266,1,4,49)
r(248,7,4,49)
r(334,1,4,49)
w(56,4,4,49)
r(304,1,4,49)
r(97,4,5,50)
r(510,1,5,50)
r(408,7,5,50)
w(442,4,5,50)
r(225,4,5,50)
r(6,2,5,50)
w(95,7,5,50)
w(332,7,5,50)
w(96,7,5,50)
r(333,2,5,50)
r(96,7,5,50)
w(112,7,5,50)
w(115,4,5,50)
r(378,7,5,50)
r(503,1,5,50)
r(392,1,5,50)
w(371,8,5,50)
w(466,2,5,50)
r(74,2,5,50)
r(415,9,5,50)
r(418,1,6,51)
w(229,8,6,51)
r(125,7,6,51)
r(205,2,6,51)
w(127,8,6,51)
r(66,4,6,51)
w(290,7,6,51)
w(50,8,6,51)
w(442,8,6,51)
w(155,4,6,51)
r(463,1,6,51)
w(401,5,6,51)
w(494,8,6,51)
r(132,1,6,51)
r(50,8,6,51)
r(168,7,6,51)
w(290,8,6,51)
r(303,2,6,51)
r(334,1,6,51)
r(191,5,6,51)
r(248,7,7,52)
w(479,4,7,52)
r(495,2,7,52)
r(277,1,7,52)
r(447,9,7,52)
r(531,1,7,52)
r(328,1,7,52)
r(230,1,7,52)
r(82,1,7,52)
r(327,9,7,52)
r(316,1,7,52)
r(247,1,7,52)
w(245,5,7,52)
w(43,4,7,52)
r(481,2,7,52)
w(290,3,7,52)
r(139,1,7,52)
w(488,4,7,52)
w(443,8,7,52)
w(338,7,7,52)
r(452,8,8,53)
r(278,1,8,53)
r(177,4,8,53)
r(325,8,8,53)
r(105,2,8,53)
r(102,4,8,53)
r(15,4,8,53)
r(110,7,8,53)
r(109,1,8,53)
r(489,4,8,53)
r(513,1,8,53)
w(298,5,8,53)
r(237,2,8,53)
r(411,1,8,53)
w(8,8,8,53)
w(302,8,8,53)
r(342,7,8,53)
w(431,5,8,53)
w(101,3,8,53)
r(135,2,8,53)
w(61,8,9,54)
r(233,2,9,54)
r(265,4,9,54)
r(421,7,9,54)
r(416,1,9,54)
r(290,8,9,54)
w(479,8,9,54)
w(175,5,9,54)
w(295,8,9,54)
w(211,8,9,54)
r(209,2,9,54)
r(503,1,9,54)
w(538,6,9,54)
w(265,3,9,54)
r(517,7,9,54)
r(503,1,9,54)
w(208,8,9,54)
w(78,6,9,54)
w(90,6,9,54)
w(342,7,9,54)
w(313,2,1,55)
w(361,4,1,55)
w(20,2,1,55)
r(333,7,1,55)
w(496,2,1,55)
w(333,2,1,55)
r(152,2,1,55)
r(221,2,1,55)
w(261,2,1,55)
w(502,2,1,55)
r(417,4,1,55)
r(356,2,1,55)
w(324,2,1,55)
r(284,7,1,55)
r(472,1,1,55)
r(309,7,1,55)
r(206,1,1,55)
r(38,8,1,55)
r(337,4,1,55)
w(355,2,1,55)
w(228,2,2,56)
w(190,4,2,56)
r(13,4,2,56)
w(519,2,2,56)
r(410,1,2,56)
w(5,8,2,56)
r(446,3,2,56)
r(412,6,2,56)
w(124,4,2,56)
r(431,5,2,56)
w(294,2,2,56)
w(259,4,2,56)
r(159,9,2,56)
r(469,1,2,56)
r(161,1,2,56)
w(362,4,2,56)
w(172,4,2,56)
w(357,2,2,56)
w(297,4,2,56)
w(24,2,2,56)
r(322,1,3,57)
w(237,2,3,57)
w(28,4,3,57)
w(340,8,3,57)
w(361,9,3,57)
r(45,5,3,57)
r(269,2,3,57)
w(90,5,3,57)
r(303,2,3,57)
w(471,7,3,57)
r(85,1,3,57)
r(323,1,3,57)
r(130,1,3,57)
w(160,7,3,57)
r(69,4,3,57)
r(438,2,3,57)
w(114,7,3,57)
w(222,4,3,57)
w(152,2,3,57)
r(447,9,3,57)
r(230,1,4,58)
w(526,8,4,58)
r(165,2,4,58)
w(12,5,4,58)
r(203,4,4,58)
r(285,1,4,58)
w(382,2,4,58)
r(331,2,4,58)
w(49,7,4,58)
r(200,4,4,58)
r(383,2,4,58)
r(72,1,4,58)
r(44,4,4,58)
w(152,4,4,58)
w(72,4,4,58)
w(173,5,4,58)
w(83,4,4,58)
r(5,2,4,58)
w(93,8,4,58)
w(191,8,4,58)
w(511,2,5,59)
w(109,8,5,59)
w(234,7,5,59)
r(493,1,5,59)
w(2,8,5,59)
r(350,1,5,59)
r(128,4,5,59)
w(388,8,5,59)
w(471,5,5,59)
r(369,1,5,59)
w(371,5,5,59)
r(248,7,5,59)
w(363,2,5,59)
r(357,8,5,59)
r(290,8,5,59)
w(29,7,5,59)
w(268,8,5,59)
w(303,7,5,59)
w(496,5,5,59)
w(51,7,5,59)
r(422,1,6,60)
r(46,1,6,60)
w(424,5,6,60)
r(442,4,6,60)
w(539,7,6,60)
r(294,9,6,60)
r(271,7,6,60)
r(370,7,6,60)
w(212,2,6,60)
r(90,6,6,60)
r(535,6,6,60)
r(294,9,6,60)
w(305,5,6,60)
r(397,9,6,60)
w(23,4,6,60)
r(504,4,6,60)
r(43,1,6,60)
w(436,4,6,60)
r(8,8,6,60)
w(283,4,6,60)
w(492,8,7,61)
r(95,7,7,61)
w(98,8,7,61)
w(268,9,7,61)
r(432,1,7,61)
w(460,9,7,61)
w(356,6,7,61)
r(247,1,7,61)
r(341,5,7,61)
r(232,7,7,61)
r(529,1,7,61)
r(75,9,7,61)
w(385,12,7,61)
w(361,13,7,61)
r(377,5,7,61)
r(347,7,7,61)
w(45,8,7,61)
r(333,2,7,61)
r(482,7,7,61)
r(127,8,7,61)
w(277,7,8,62)
w(73,7,8,62)
w(67,3,8,62)
r(240,4,8,62)
r(3,6,8,62)
w(367,9,8,62)
w(182,9,8,62)
r(149,1,8,62)
w(293,5,8,62)
w(195,6,8,62)
r(67,3,8,62)
w(62,8,8,62)
r(499,4,8,62)
r(314,1,8,62)
w(125,9,8,62)
w(407,5,8,62)
r(368,2,8,62)
w(469,7,8,62)
w(195,10,8,62)
w(258,8,8,62)
w(24,8,9,63)
r(519,1,9,63)
w(455,3,9,63)
w(390,8,9,63)
r(516,1,9,63)
r(43,1,9,63)
w(472,7,9,63)
r(32,1,9,63)
r(206,1,9,63)
w(431,3,9,63)
w(125,6,9,63)
w(453,9,9,63)
r(414,1,9,63)
r(228,4,9,63)
w(152,5,9,63)
r(292,1,9,63)
r(44,4,9,63)
r(530,1,9,63)
r(9,8,9,63)
w(358,7,9,63)
w(117,4,1,64)
r(345,8,1,64)
r(477,1,1,64)
r(327,9,1,64)
w(377,2,1,64)
r(473,4,1,64)
r(36,3,1,64)
w(361,7,1,64)
w(397,4,1,64)
r(161,1,1,64)
r(201,1,1,64)
r(178,3,1,64)
r(225,4,1,64)
w(253,2,1,64)
w(366,2,1,64)
r(269,2,1,64)
r(146,1,1,64)
w(280,2,1,64)
r(148,1,1,64)
w(413,2,1,64)
w(206,4,2,65)
w(494,4,2,65)
r(312,1,2,65)
w(366,4,2,65)
r(459,1,2,65)
w(161,7,2,65)
r(127,5,2,65)
w(381,2,2,65)
w(385,4,2,65)
w(342,2,2,65)
r(30,5,2,65)
w(400,4,2,65)
r(202,2,2,65)
w(92,2,2,65)
r(175,3,2,65)
w(294,4,2,65)
r(495,2,2,65)
w(264,7,2,65)
r(65,1,2,65)
r(402,4,2,65)
w(66,2,3,66)
r(13,8,3,66)
w(500,2,3,66)
r(424,5,3,66)
w(476,2,3,66)
w(379,2,3,66)
r(469,4,3,66)
w(328,8,3,66)
r(108,4,3,66)
r(130,1,3,66)
r(528,2,3,66)
r(461,1,3,66)
r(4,4,3,66)
r(53,7,3,66)
r(146,1,3,66)
r(531,1,3,66)
w(72,2,3,66)
w(506,4,3,66)
r(175,3,3,66)
r(366,2,3,66)
r(480,4,4,67)
w(208,4,4,67)
w(11,3,4,67)
r(122,8,4,67)
r(335,2,4,67)
w(410,2,4,67)
w(380,4,4,67)
r(11,3,4,67)
w(271,4,4,67)
r(275,7,4,67)
w(437,4,4,67)
w(118,4,4,67)
w(525,2,4,67)
r(345,8,4,67)
w(226,7,4,67)
w(448,8,4,67)
r(105,2,4,67)
r(327,9,4,67)
w(539,2,4,67)
w(9,7,4,67)
w(415,8,5,68)
w(32,4,5,68)
w(479,2,5,68)
w(452,2,5,68)
w(160,5,5,68)
w(344,8,5,68)
w(19,8,5,68)
r(427,1,5,68)
w(30,7,5,68)
w(470,7,5,68)
w(236,2,5,68)
r(477,1,5,68)
w(462,3,5,68)
w(21,8,5,68)
r(193,1,5,68)
r(230,1,5,68)
r(171,1,5,68)
w(511,4,5,68)
w(252,2,5,68)
w(365,5,5,68)
w(73,4,6,69)
r(513,1,6,69)
w(508,7,6,69)
r(468,2,6,69)
w(15,8,6,69)
w(294,5,6,69)
r(319,8,6,69)
w(49,3,6,69)
w(180,6,6,69)
w(15,5,6,69)
r(14,1,6,69)
r(175,5,6,69)
r(420,4,6,69)
r(200,4,6,69)
r(366,7,6,69)
r(78,6,6,69)
r(46,1,6,69)
w(224,4,6,69)
w(285,8,6,69)
r(372,5,6,69)
w(91,10,7,70)
r(424,5,7,70)
w(451,4,7,70)
r(213,2,7,70)
w(343,4,7,70)
r(517,7,7,70)
r(207,4,7,70)
r(347,7,7,70)
w(87,5,7,70)
r(119,3,7,70)
r(207,4,7,70)
w(423,8,7,70)
w(466,5,7,70)
r(139,7,7,70)
r(425,1,7,70)
w(375,6,7,70)
w(180,12,7,70)
r(347,7,7,70)
r(477,1,7,70)
w(283,8,7,70)
r(253,1,8,71)
w(98,3,8,71)
w(346,8,8,71)
r(509,1,8,71)
w(506,5,8,71)
r(276,8,8,71)
w(314,7,8,71)
w(144,7,8,71)
w(10,3,8,71)
w(248,5,8,71)
w(10,9,8,71)
r(500,1,8,71)
r(43,4,8,71)
w(210,5,8,71)
r(431,5,8,71)
w(277,8,8,71)
r(185,3,8,71)
w(42,5,8,71)
w(140,4,8,71)
r(208,4,8,71)
w(476,9,9,72)
r(131,1,9,72)
r(93,5,9,72)
r(399,4,9,72)
r(523,2,9,72)
w(300,7,9,72)
w(184,10,9,72)
w(303,3,9,72)
r(178,3,9,72)
r(392,1,9,72)
r(79,1,9,72)
w(313,10,9,72)
w(449,8,9,72)
r(354,2,9,72)
r(285,1,9,72)
w(180,14,9,72)
w(521,9,9,72)
w(416,4,9,72)
r(372,5,9,72)
w(267,3,9,72)
r(89,4,1,73)
w(425,2,1,73)
r(61,8,1,73)
w(258,2,1,73)
r(145,2,1,73)
r(122,8,1,73)
w(448,2,1,73)
w(3,2,1,73)
r(455,3,1,73)
w(301,2,1,73)
w(45,2,1,73)
r(333,8,1,73)
w(437,2,1,73)
w(340,2,1,73)
w(279,2,1,73)
w(332,2,1,73)
w(106,2,1,73)
w(392,2,1,73)
w(5,4,1,73)
r(360,2,1,73)
w(87,2,2,74)
w(190,7,2,74)
w(178,8,2,74)
r(5,4,2,74)
w(299,7,2,74)
w(397,8,2,74)
w(12,7,2,74)
w(91,4,2,74)
w(191,4,2,74)
r(9,7,2,74)
w(400,7,2,74)
r(446,3,2,74)
w(487,4,2,74)
r(338,7,2,74)
w(462,4,2,74)
r(185,4,2,74)
r(330,5,2,74)
w(445,2,2,74)
r(198,1,2,74)
w(57,2,2,74)
r(125,5,3,75)
w(80,4,3,75)
w(185,2,3,75)
w(113,4,3,75)
r(511,4,3,75)
r(450,5,3,75)
r(40,1,3,75)
w(91,7,3,75)
r(370,7,3,75)
w(204,2,3,75)
w(464,7,3,75)
w(291,7,3,75)
r(1,1,3,75)
r(529,1,3,75)
r(133,5,3,75)
r(424,7,3,75)
w(247,2,3,75)
r(501,7,3,75)
w(371,4,3,75)
r(283,8,3,75)
r(139,7,4,76)
w(462,8,4,76)
w(137,7,4,76)
w(131,2,4,76)
w(185,4,4,76)
r(192,8,4,76)
w(180,5,4,76)
r(80,1,4,76)
w(41,5,4,76)
r(286,7,4,76)
r(416,4,4,76)
w(125,5,4,76)
r(539,8,4,76)
r(248,5,4,76)
w(496,8,4,76)
w(182,5,4,76)
r(36,3,4,76)
r(506,5,4,76)
r(240,4,4,76)
w(115,2,4,76)
r(130,1,5,77)
r(381,4,5,77)
r(140,1,5,77)
r(349,4,5,77)
r(390,8,5,77)
r(334,1,5,77)
r(53,7,5,77)
w(37,8,5,77)
r(6,2,5,77)
r(516,5,5,77)
r(29,7,5,77)
r(501,4,5,77)
r(499,4,5,77)
r(192,1,5,77)
w(96,8,5,77)
w(254,7,5,77)
r(437,1,5,77)
w(507,8,5,77)
r(1,1,5,77)
r(302,8,5,77)
r(100,4,6,78)
r(115,4,6,78)
w(393,4,6,78)
w(92,8,6,78)
w(447,5,6,78)
r(442,4,6,78)
r(432,1,6,78)
r(241,4,6,78)
r(377,5,6,78)
w(51,3,6,78)
r(31,7,6,78)
r(222,4,6,78)
w(332,8,6,78)
r(23,4,6,78)
w(435,5,6,78)
r(231,7,6,78)
w(184,5,6,78)
r(276,8,6,78)
w(363,7,6,78)
w(185,3,6,78)
w(196,8,7,79)
w(399,8,7,79)
w(397,10,7,79)
r(24,2,7,79)
w(7,7,7,79)
w(67,7,7,79)
w(458,4,7,79)
w(489,5,7,79)
r(436,4,7,79)
r(509,1,7,79)
r(422,1,7,79)
w(273,2,7,79)
r(181,2,7,79)
w(18,5,7,79)
w(411,4,7,79)
r(463,9,7,79)
r(65,1,7,79)
r(383,2,7,79)
w(30,5,7,79)
r(360,2,7,79)
w(242,3,8,80)
w(464,6,8,80)
w(378,5,8,80)
w(386,10,8,80)
w(539,8,8,80)
w(297,3,8,80)
w(351,3,8,80)
r(379,8,8,80)
r(181,2,8,80)
r(327,9,8,80)
r(289,9,8,80)
r(292,1,8,80)
r(170,5,8,80)
r(305,5,8,80)
r(34,9,8,80)
r(503,1,8,80)
r(274,5,8,80)
w(54,5,8,80)
r(468,2,8,80)
w(439,7,8,80)
r(454,5,9,81)
r(103,1,9,81)
r(212,2,9,81)
w(211,5,9,81)
w(99,7,9,81)
w(75,4,1,82)
w(180,2,1,82)
w(47,2,1,82)
w(136,2,1,82)
r(367,9,1,82)
r(18,5,1,82)
w(455,2,1,82)
r(38,3,1,82)
w(71,2,1,82)
w(129,2,1,82)
w(427,2,1,82)
w(179,2,1,82)
w(282,2,1,82)
w(523,4,1,82)
r(453,6,1,82)
w(409,2,1,82)
w(70,2,1,82)
w(134,2,1,82)
w(414,2,1,82)
r(89,4,1,82)
w(181,4,2,83)
w(532,2,2,83)
r(404,1,2,83)
r(196,4,2,83)
w(531,2,2,83)
w(332,4,2,83)
r(4,4,2,83)
w(506,2,2,83)
r(90,6,2,83)
w(520,4,2,83)
r(493,1,2,83)
w(406,4,2,83)
w(15,2,2,83)
r(44,7,2,83)
w(187,2,2,83)
w(37,2,2,83)
w(397,5,2,83)
w(2,4,2,83)
w(364,7,2,83)
w(302,4,2,83)
r(211,2,3,84)
r(33,5,3,84)
w(16,2,3,84)
w(279,8,3,84)
w(260,7,3,84)
w(446,4,3,84)
w(202,7,3,84)
w(168,4,3,84)
r(96,8,3,84)
r(155,4,3,84)
r(505,9,3,84)
w(157,2,3,84)
r(384,1,3,84)
r(499,7,3,84)
r(79,1,3,84)
w(317,7,3,84)
r(436,4,3,84)
w(46,2,3,84)
r(41,5,3,84)
w(513,4,3,84)
w(365,4,4,85)
r(55,2,4,85)
r(182,3,4,85)
r(226,7,4,85)
r(49,3,4,85)
w(196,4,4,85)
r(23,3,4,85)
r(256,4,4,85)
w(355,7,4,85)
w(3,7,4,85)
r(68,4,4,85)
w(300,2,4,85)
w(226,8,4,85)
w(478,3,4,85)
w(24,4,4,85)
w(125,3,4,85)
w(443,7,4,85)
w(362,8,4,85)
r(429,7,4,85)
r(169,2,4,85)
r(378,7,5,86)
r(14,1,5,86)
r(515,1,5,86)
w(141,7,5,86)
r(302,8,5,86)
r(259,4,5,86)
r(170,5,5,86)
w(528,2,5,86)
w(160,3,5,86)
r(391,1,5,86)
r(335,2,5,86)
r(282,1,5,86)
w(142,2,5,86)
r(246,1,5,86)
w(430,4,5,86)
w(469,4,5,86)
r(480,4,5,86)
w(211,2,5,86)
r(346,8,5,86)
r(528,2,5,86)
r(417,4,6,87)
r(194,1,6,87)
w(406,3,6,87)
w(527,7,6,87)
w(423,4,6,87)
r(274,5,6,87)
r(462,3,6,87)
w(200,8,6,87)
w(137,3,6,87)
r(75,9,6,87)
w(127,5,6,87)
r(461,1,6,87)
r(352,1,6,87)
r(289,9,6,87)
r(220,4,6,87)
w(246,5,6,87)
w(224,7,6,87)
r(534,7,6,87)
w(192,8,6,87)
w(363,8,6,87)
w(365,3,7,88)
w(182,3,7,88)
r(467,2,7,88)
w(250,7,7,88)
w(276,5,7,88)
w(206,8,7,88)
w(439,2,7,88)
r(412,8,7,88)
w(304,3,7,88)
w(31,9,7,88)
r(323,8,7,88)
w(313,3,7,88)
r(103,1,7,88)
w(486,8,7,88)
r(532,7,7,88)
r(520,7,7,88)
w(298,7,7,88)
w(255,3,7,88)
r(406,3,7,88)
r(382,2,7,88)
r(149,1,8,89)
r(157,1,8,89)
w(284,8,8,89)
w(337,3,8,89)
r(312,1,8,89)
w(22,7,8,89)
w(12,3,8,89)
w(36,6,8,89)
r(286,7,8,89)
r(189,3,8,89)
r(94,3,8,89)
r(258,8,8,89)
r(230,4,8,89)
w(359,4,8,89)
r(168,7,8,89)
r(354,2,8,89)
r(91,10,8,89)
r(507,8,8,89)
r(80,1,8,89)
w(474,9,8,89)
w(25,9,9,90)
r(253,1,9,90)
w(139,7,9,90)
r(84,1,9,90)
r(25,9,9,90)
w(505,9,9,90)
r(173,5,9,90)
r(381,4,9,90)
w(336,8,9,90)
r(7,1,9,90)
w(523,6,9,90)
w(28,9,9,90)
r(340,8,9,90)
r(185,1,9,90)
r(81,1,9,90)
w(321,4,9,90)
r(293,4,9,90)
w(463,9,9,90)
r(528,1,9,90)
w(453,6,9,90)
w(323,2,1,91)
r(127,5,1,91)
w(501,7,1,91)
w(52,2,1,91)
r(140,4,1,91)
w(18,4,1,91)
w(275,2,1,91)
r(230,4,1,91)
r(37,8,1,91)
w(326,2,1,91)
w(463,2,1,91)
w(296,2,1,91)
r(314,7,1,91)
w(385,2,1,91)
r(260,1,1,91)
r(188,1,1,91)
r(475,4,1,91)
r(323,2,1,91)
w(36,2,1,91)
w(513,2,1,91)
r(233,2,2,92)
w(125,4,2,92)
w(136,4,2,92)
w(180,8,2,92)
r(137,7,2,92)
r(358,7,2,92)
r(359,4,2,92)
r(259,4,2,92)
w(415,2,2,92)
r(250,7,2,92)
w(25,2,2,92)
r(344,4,2,92)
r(492,8,2,92)
w(227,2,2,92)
w(428,4,2,92)
r(68,4,2,92)
r(264,3,2,92)
r(332,5,2,92)
w(407,4,2,92)
w(521,7,2,92)
r(255,7,3,93)
w(100,2,3,93)
w(41,7,3,93)
w(221,4,3,93)
r(428,1,3,93)
w(364,8,3,93)
r(24,4,3,93)
w(14,2,3,93)
r(403,2,3,93)
w(456,2,3,93)
r(531,1,3,93)
r(25,9,3,93)
w(189,8,3,93)
r(340,2,3,93)
r(498,2,3,93)
w(344,4,3,93)
w(296,8,3,93)
r(379,2,3,93)
r(498,2,3,93)
w(295,2,3,93)
r(285,8,4,94)
w(353,4,4,94)
r(352,1,4,94)
r(426,1,4,94)
r(95,7,4,94)
r(217,4,4,94)
r(240,4,4,94)
r(439,2,4,94)
w(388,7,4,94)
r(113,2,4,94)
r(199,2,4,94)
w(337,8,4,94)
r(104,7,4,94)
r(268,9,4,94)
r(528,2,4,94)
r(382,2,4,94)
r(414,2,4,94)
r(514,2,4,94)
w(91,5,4,94)
r(8,4,4,94)
w(534,4,5,95)
w(118,7,5,95)
r(508,7,5,95)
r(160,3,5,95)
w(415,5,5,95)
w(487,5,5,95)
w(445,8,5,95)
r(474,4,5,95)
r(104,7,5,95)
w(137,5,5,95)
r(301,1,5,95)
w(75,5,5,95)
r(144,7,5,95)
r(511,4,5,95)
r(22,8,5,95)
r(284,7,5,95)
w(266,8,5,95)
w(225,7,5,95)
w(357,7,5,95)
w(333,8,5,95)
w(385,9,6,96)
r(197,1,6,96)
w(412,8,6,96)
w(403,2,6,96)
w(520,7,6,96)
r(447,5,6,96)
r(92,2,6,96)
w(183,5,6,96)
w(139,2,6,96)
w(271,5,6,96)
r(392,2,6,96)
w(167,8,6,96)
r(422,1,6,96)
r(335,2,6,96)
w(503,4,6,96)
r(189,3,6,96)
r(155,4,6,96)
r(139,2,6,96)
r(150,2,6,96)
w(536,7,6,96)
r(364,1,7,97)
w(183,3,7,97)
r(120,1,7,97)
r(540,1,7,97)
r(480,4,7,97)
w(3,3,7,97)
r(253,2,7,97)
r(465,1,7,97)
r(354,2,7,97)
w(102,7,7,97)
w(143,3,7,97)
r(157,1,7,97)
w(401,3,7,97)
r(220,4,7,97)
r(54,5,7,97)
r(527,7,7,97)
r(486,8,7,97)
w(139,4,7,97)
w(40,10,7,97)
w(420,5,7,97)
w(104,4,8,98)
w(527,8,8,98)
r(396,2,8,98)
r(91,5,8,98)
r(472,7,8,98)
r(27,1,8,98)
w(226,6,8,98)
w(478,13,8,98)
w(191,6,8,98)
r(32,7,8,98)
r(344,4,8,98)
r(327,9,8,98)
w(18,9,8,98)
r(54,5,8,98)
w(475,5,8,98)
w(19,9,8,98)
r(472,7,8,98)
r(163,7,8,98)
r(169,4,8,98)
r(366,4,8,98)
r(75,9,9,99)
r(441,1,9,99)
w(456,6,9,99)
w(171,5,9,99)
w(102,8,9,99)
w(32,7,9,99)
w(154,5,9,99)
r(292,1,9,99)
r(448,1,9,99)
w(345,8,9,99)
r(274,5,9,99)
w(387,8,9,99)
w(230,4,9,99)
r(498,2,9,99)
w(78,10,9,99)
r(262,4,9,99)
r(246,1,9,99)
w(303,9,9,99)
w(50,5,9,99)
w(323,8,9,99)
r(419,1,1,100)
w(361,8,1,100)
w(248,2,1,100)
w(395,2,1,100)
w(406,2,1,100)
r(160,3,1,100)
w(113,2,1,100)
w(270,2,1,100)
r(281,2,1,100)
r(225,7,1,100)
w(188,2,1,100)
w(119,4,1,100)
w(297,2,1,100)
w(386,2,1,100)
w(109,2,1,100)
w(408,2,1,100)
w(328,2,1,100)
r(247,2,1,100)
w(376,2,1,100)
w(318,2,1,100)
r(507,5,2,101)
r(105,2,2,101)
r(528,2,2,101)
r(496,8,2,101)
w(121,7,2,101)
r(261,2,2,101)
r(463,2,2,101)
r(27,1,2,101)
w(186,4,2,101)
w(412,7,2,101)
w(326,8,2,101)
w(424,4,2,101)
r(461,1,2,101)
w(512,4,2,101)
r(205,2,2,101)
r(365,4,2,101)
w(90,7,2,101)
r(373,1,2,101)
r(139,4,2,101)
r(433,4,2,101)
w(514,4,3,102)
r(299,3,3,102)
r(48,7,3,102)
w(307,4,3,102)
r(96,8,3,102)
r(424,7,3,102)
w(304,4,3,102)
r(406,4,3,102)
r(529,1,3,102)
r(285,8,3,102)
r(440,1,3,102)
w(345,2,3,102)
w(217,2,3,102)
w(531,4,3,102)
r(472,8,3,102)
r(258,2,3,102)
w(129,4,3,102)
w(440,7,3,102)
w(48,2,3,102)
w(500,4,3,102)
w(526,5,4,103)
r(258,2,4,103)
w(87,4,4,103)
r(317,7,4,103)
w(364,5,4,103)
w(319,7,4,103)
r(146,1,4,103)
r(46,2,4,103)
r(25,9,4,103)
r(157,2,4,103)
w(84,8,4,103)
w(389,2,4,103)
w(120,7,4,103)
r(328,8,5,104)
r(17,4,5,104)
r(398,4,5,104)
r(307,8,5,104)
w(109,5,5,104)
r(151,9,5,104)
r(265,3,5,104)
w(183,8,5,104)
r(289,9,5,104)
r(512,1,5,104)
r(440,1,5,104)
w(107,2,5,104)
w(349,7,5,104)
r(184,5,5,104)
w(519,4,5,104)
r(446,3,5,104)
r(149,1,5,104)
w(424,7,5,104)
w(463,8,5,104)
r(172,3,5,104)
r(221,2,6,105)
r(260,1,6,105)
w(42,4,6,105)
r(460,9,6,105)
w(8,4,6,105)
r(253,2,6,105)
w(500,7,6,105)
w(141,8,6,105)
w(159,5,6,105)
w(18,8,6,105)
r(152,4,6,105)
w(507,5,6,105)
r(163,7,6,105)
w(88,4,6,105)
r(313,3,6,105)
r(374,1,6,105)
r(201,1,6,105)
r(380,4,6,105)
w(468,7,6,105)
w(23,7,6,105)
r(304,3,7,106)
w(169,4,7,106)
r(9,7,7,106)
r(8,4,7,106)
r(251,1,7,106)
w(80,8,7,106)
r(487,4,7,106)
r(153,4,7,106)
w(228,7,7,106)
r(382,2,7,106)
r(144,7,7,106)
r(393,4,7,106)
r(309,7,7,106)
r(70,2,7,106)
r(504,4,7,106)
r(96,8,7,106)
r(347,7,7,106)
w(21,6,7,106)
r(116,2,7,106)
w(144,4,7,106)
r(255,7,8,107)
r(136,2,8,107)
r(256,4,8,107)
r(427,2,8,107)
w(421,8,8,107)
r(44,7,8,107)
r(288,1,8,107)
w(44,5,8,107)
r(47,2,8,107)
r(36,10,8,107)
w(267,5,8,107)
r(215,7,8,107)
r(348,1,8,107)
w(54,3,8,107)
w(443,5,8,107)
w(464,10,8,107)
w(311,4,8,107)
w(337,9,8,107)
w(94,5,8,107)
w(491,4,8,107)
w(163,7,9,108)
r(60,7,9,108)
r(56,4,9,108)
r(24,2,9,108)
w(180,11,9,108)
r(358,7,9,108)
r(258,8,9,108)
w(104,7,9,108)
r(517,7,9,108)
r(480,4,9,108)
r(437,4,9,108)
r(165,2,9,108)
w(229,9,9,108)
w(209,7,9,108)
w(109,12,9,108)
r(338,7,9,108)
r(145,2,9,108)
w(386,12,9,108)
w(175,3,9,108)
r(265,3,9,108)
w(170,2,1,109)
w(51,2,1,109)
w(358,2,1,109)
r(473,4,1,109)
w(178,4,1,109)
r(195,10,1,109)
r(351,9,1,109)
r(481,4,1,109)
w(526,2,1,109)
w(161,2,1,109)
w(189,4,1,109)
r(128,4,1,109)
r(116,2,1,109)
w(458,2,1,109)
r(526,2,1,109)
w(176,2,1,109)
r(463,2,1,109)
r(418,1,1,109)
w(289,2,1,109)
r(473,4,1,109)
r(506,3,2,110)
r(125,4,2,110)
w(400,8,2,110)
r(526,2,2,110)
r(226,6,2,110)
w(327,4,2,110)
w(173,4,2,110)
r(382,2,2,110)
w(264,8,2,110)
w(378,2,2,110)
r(167,8,2,110)
w(462,7,2,110)
w(361,3,2,110)
r(513,3,2,110)
r(381,9,2,110)
r(35,1,2,110)
r(45,2,2,110)
r(369,4,2,110)
w(413,4,2,110)
r(58,1,2,110)
w(431,4,3,111)
r(110,7,3,111)
r(145,2,3,111)
r(450,5,3,111)
w(31,2,3,111)
w(421,2,3,111)
r(67,7,3,111)
w(263,4,3,111)
w(16,4,3,111)
w(78,4,3,111)
w(319,4,3,111)
w(253,4,3,111)
w(532,4,3,111)
w(92,7,3,111)
r(502,4,3,111)
w(483,4,3,111)
w(464,8,3,111)
r(64,1,3,111)
w(103,2,3,111)
w(435,7,3,111)
w(177,7,4,112)
r(370,7,4,112)
w(82,2,4,112)
w(274,4,4,112)
r(509,1,4,112)
w(186,8,4,112)
w(120,8,4,112)
w(122,7,4,112)
r(54,5,4,112)
w(282,5,4,112)
r(527,8,4,112)
r(293,5,4,112)
r(515,1,4,112)
r(436,4,4,112)
r(112,7,4,112)
w(74,4,4,112)
w(334,4,4,112)
w(347,8,4,112)
w(162,8,4,112)
r(507,5,4,112)
w(386,5,5,113)
r(30,5,5,113)
r(292,1,5,113)
r(51,3,5,113)
r(132,1,5,113)
r(534,4,5,113)
w(385,3,5,113)
r(286,7,5,113)
w(33,5,5,113)
r(386,5,5,113)
r(194,1,5,113)
r(484,4,5,113)
w(246,7,5,113)
w(430,7,5,113)
r(148,1,5,113)
w(119,5,5,113)
w(121,8,5,113)
w(85,4,5,113)
r(474,9,5,113)
r(407,5,5,113)
r(68,4,6,114)
r(15,2,6,114)
w(109,9,6,114)
w(355,8,6,114)
r(97,4,6,114)
r(462,4,6,114)
w(181,5,6,114)
w(2,5,6,114)
r(520,4,6,114)
w(341,7,6,114)
w(237,8,6,114)
r(495,2,6,114)
r(40,10,6,114)
w(332,5,6,114)
w(142,4,6,114)
w(8,7,6,114)
r(337,8,6,114)
w(34,7,6,114)
w(298,4,6,114)
r(123,1,6,114)
w(390,2,7,115)
w(180,13,7,115)
w(376,3,7,115)
r(323,7,7,115)
r(421,7,7,115)
w(193,4,7,115)
r(134,2,7,115)
w(265,8,7,115)
w(281,9,7,115)
r(84,1,7,115)
w(65,8,7,115)
r(466,5,7,115)
r(271,5,7,115)
w(338,8,7,115)
w(518,2,7,115)
r(98,3,7,115)
w(292,7,7,115)
w(225,8,7,115)
r(363,8,7,115)
w(42,7,7,115)
w(427,8,8,116)
r(534,4,8,116)
w(535,10,8,116)
w(144,8,8,116)
r(432,1,8,116)
r(308,7,8,116)
w(421,5,8,116)
r(154,5,8,116)
r(529,1,8,116)
r(32,7,8,116)
r(345,8,8,116)
r(66,2,8,116)
w(197,8,8,116)
r(217,4,8,116)
w(506,3,8,116)
w(390,4,8,116)
w(442,5,8,116)
r(270,2,8,116)
w(426,4,8,116)
w(38,5,8,116)
w(13,8,9,117)
r(208,4,9,117)
w(92,3,9,117)
r(474,4,9,117)
r(180,12,9,117)
r(348,1,9,117)
r(364,1,9,117)
w(172,3,9,117)
w(38,3,9,117)
w(525,3,9,117)
r(3,6,9,117)
w(186,6,9,117)
w(307,8,9,117)
r(74,2,9,117)
w(151,9,9,117)
r(238,6,9,117)
r(12,5,9,117)
w(435,3,9,117)
w(57,5,9,117)
r(260,1,9,117)
w(122,2,1,118)
r(469,4,1,118)
w(412,2,1,118)
w(516,2,1,118)
w(170,4,1,118)
r(224,7,1,118)
w(12,2,1,118)
w(80,2,1,118)
r(249,1,1,118)
r(6,2,1,118)
w(394,4,1,118)
w(534,2,1,118)
w(412,4,1,118)
w(264,4,1,118)
r(184,7,1,118)
w(529,2,1,118)
r(158,6,1,118)
w(535,2,1,118)
w(223,2,1,118)
r(268,9,1,118)
w(335,7,2,119)
r(342,8,2,119)
r(540,5,2,119)
w(183,4,2,119)
r(315,4,2,119)
w(94,2,2,119)
w(137,2,2,119)
r(430,7,2,119)
r(428,3,2,119)
w(399,7,2,119)
w(464,4,2,119)
w(306,2,2,119)
w(132,4,2,119)
w(57,4,2,119)
w(535,7,2,119)
w(478,4,2,119)
w(25,4,2,119)
r(229,4,2,119)
r(538,8,2,119)
w(314,2,2,119)
r(128,4,3,120)
w(49,4,3,120)
w(278,2,3,120)
w(485,2,3,120)
w(478,8,3,120)
w(294,7,3,120)
w(218,2,3,120)
w(440,8,3,120)
w(469,2,3,120)
r(212,7,3,120)
w(65,4,3,120)
w(434,2,3,120)
r(392,2,3,120)
r(508,7,3,120)
w(203,2,3,120)
r(269,2,3,120)
r(98,3,3,120)
w(260,8,3,120)
r(245,5,3,120)
r(193,4,3,120)
r(85,7,4,121)
w(116,7,4,121)
w(372,2,4,121)
r(98,5,4,121)
w(409,8,4,121)
w(327,8,4,121)
w(464,5,4,121)
r(279,8,4,121)
w(146,2,4,121)
r(203,2,4,121)
w(346,4,4,121)
w(505,5,4,121)
w(387,2,4,121)
r(439,2,4,121)
r(125,8,4,121)
r(441,1,4,121)
w(197,7,4,121)
r(400,8,4,121)
r(118,7,4,121)
r(523,3,4,121)
w(360,8,5,122)
w(188,7,5,122)
r(4,4,5,122)
w(255,7,5,122)
w(445,5,5,122)
w(184,4,5,122)
w(339,4,5,122)
r(246,7,5,122)
r(69,4,5,122)
r(38,3,5,122)
r(408,2,5,122)
r(99,8,5,122)
w(120,3,5,122)
r(262,4,5,122)
r(92,2,5,122)
r(16,2,5,122)
r(292,1,5,122)
w(482,4,5,122)
w(207,5,5,122)
r(159,5,5,122)
r(253,4,6,123)
r(360,8,6,123)
r(329,1,6,123)
r(292,7,6,123)
r(321,7,6,123)
r(93,8,6,123)
r(176,2,6,123)
r(339,4,6,123)
r(131,2,6,123)
r(114,7,6,123)
r(520,4,6,123)
r(380,4,6,123)
r(469,4,6,123)
w(238,3,6,123)
r(115,2,6,123)
w(174,4,6,123)
r(343,4,6,123)
w(117,5,6,123)
r(401,3,6,123)
r(393,4,6,123)
w(370,8,7,124)
r(98,3,7,124)
r(197,5,7,124)
w(372,8,7,124)
w(202,5,7,124)
r(126,1,7,124)
r(272,7,7,124)
r(420,5,7,124)
r(409,2,7,124)
r(52,2,7,124)
r(115,2,7,124)
w(493,4,7,124)
r(390,2,7,124)
r(3,3,7,124)
w(254,8,7,124)
r(401,3,7,124)
w(3,9,7,124)
r(485,1,7,124)
w(103,7,7,124)
w(238,9,7,124)
r(133,5,8,125)
r(325,8,8,125)
r(54,3,8,125)
r(354,2,8,125)
r(525,3,8,125)
r(505,9,8,125)
w(350,7,8,125)
w(222,7,8,125)
r(471,5,8,125)
r(42,7,8,125)
r(258,2,8,125)
w(273,4,8,125)
w(491,7,8,125)
r(30,5,8,125)
r(59,1,8,125)
r(201,3,8,125)
r(311,4,8,125)
r(445,5,8,125)
r(32,7,8,125)
w(293,3,8,125)
r(200,8,9,126)
w(158,6,9,126)
w(47,9,9,126)
r(295,8,9,126)
r(403,1,9,126)
r(419,1,9,126)
w(11,10,9,126)
w(248,3,9,126)
r(106,3,9,126)
w(78,12,9,126)
r(310,1,9,126)
r(222,4,9,126)
r(264,5,9,126)
r(171,5,9,126)
w(502,4,9,126)
r(486,7,9,126)
r(29,7,9,126)
w(351,9,9,126)
w(499,7,9,126)
r(332,8,9,126)
r(3,10,1,127)
r(239,4,1,127)
r(397,5,1,127)
w(86,4,1,127)
r(94,2,1,127)
r(166,7,1,127)
r(336,7,1,127)
r(378,2,1,127)
w(132,2,1,127)
r(145,2,1,127)
r(207,5,1,127)
w(11,4,1,127)
w(440,2,1,127)
r(355,8,1,127)
r(404,8,1,127)
w(267,2,1,127)
r(437,7,1,127)
w(487,2,1,127)
w(49,2,1,127)
w(428,2,1,127)
w(370,2,2,128)
r(381,8,2,128)
w(186,7,2,128)
r(86,4,2,128)
r(238,3,2,128)
w(36,4,2,128)
w(251,2,2,128)
r(178,4,2,128)
w(482,2,2,128)
w(377,4,2,128)
w(508,2,2,128)
r(309,7,2,128)
w(41,4,2,128)
w(465,4,2,128)
r(366,4,2,128)
r(110,7,2,128)
r(409,7,2,128)
r(291,7,2,128)
w(242,4,2,128)
r(161,2,2,128)
r(369,2,3,129)
w(398,2,3,129)
w(351,8,3,129)
r(10,9,3,129)
w(204,4,3,129)
w(432,4,3,129)
w(414,7,3,129)
w(509,2,3,129)
r(336,7,3,129)
r(70,8,3,129)
r(126,1,3,129)
r(475,5,3,129)
r(392,2,3,129)
r(322,8,3,129)
r(219,8,3,129)
r(176,2,3,129)
r(338,8,3,129)
w(275,4,3,129)
w(218,4,3,129)
w(84,4,3,129)
r(182,10,4,130)
r(398,2,4,130)
w(294,8,4,130)
r(204,4,4,130)
r(174,2,4,130)
r(434,2,4,130)
r(307,4,4,130)
r(458,2,4,130)
r(289,4,4,130)
w(49,8,4,130)
r(125,8,4,130)
w(94,8,4,130)
w(339,2,4,130)
w(194,4,4,130)
w(176,8,4,130)
r(46,2,4,130)
r(5,6,4,130)
w(3,8,4,130)
r(68,4,4,130)
w(137,8,4,130)
w(44,7,5,131)
w(151,4,5,131)
w(60,4,5,131)
r(259,4,5,131)
r(87,2,5,131)
w(132,7,5,131)
r(238,6,5,131)
w(103,4,5,131)
w(152,7,5,131)
r(245,5,5,131)
r(428,1,5,131)
w(89,8,5,131)
w(204,7,5,131)
w(323,7,5,131)
r(454,6,5,131)
r(422,1,5,131)
r(336,8,5,131)
r(363,8,5,131)
r(177,4,5,131)
w(184,7,5,131)
w(266,5,6,132)
w(450,8,6,132)
w(535,9,6,132)
w(287,7,6,132)
r(196,4,6,132)
r(258,2,6,132)
r(369,4,6,132)
w(488,2,6,132)
r(240,4,6,132)
w(29,5,6,132)
r(164,1,6,132)
w(301,7,6,132)
r(278,2,6,132)
w(288,4,6,132)
w(71,5,6,132)
w(127,3,6,132)
r(36,10,6,132)
w(22,2,6,132)
r(12,2,6,132)
r(413,2,6,132)
w(253,8,7,133)
r(316,1,7,133)
r(65,8,7,133)
r(187,2,7,133)
w(369,4,7,133)
w(86,5,7,133)
r(164,1,7,133)
w(456,3,7,133)
w(2,3,7,133)
r(325,8,7,133)
r(393,4,7,133)
r(216,4,7,133)
r(317,7,7,133)
r(28,9,7,133)
w(290,9,7,133)
r(258,2,7,133)
r(49,3,7,133)
w(288,7,7,133)
r(324,2,7,133)
w(186,9,7,133)
w(39,5,8,134)
w(262,7,8,134)
w(268,6,8,134)
w(242,9,8,134)
w(15,3,8,134)
r(46,2,8,134)
w(39,3,8,134)
r(115,2,8,134)
r(382,2,8,134)
w(336,7,8,134)
w(368,8,8,134)
r(296,8,8,134)
w(389,8,8,134)
w(452,7,8,134)
w(529,7,8,134)
r(98,3,8,134)
r(119,4,8,134)
r(488,2,8,134)
w(90,9,8,134)
r(177,7,8,134)
r(221,2,9,135)
r(483,5,9,135)
w(23,3,9,135)
r(513,1,9,135)
r(395,1,9,135)
r(219,8,9,135)
w(26,7,9,135)
w(34,10,9,135)
w(444,8,9,135)
w(333,3,9,135)
w(435,9,9,135)
r(280,2,9,135)
r(470,7,9,135)
w(438,8,9,135)
r(290,3,9,135)
r(87,5,9,135)
r(537,5,9,135)
r(31,7,9,135)
w(99,8,9,135)
r(408,7,9,135)
w(19,2,1,136)
r(73,7,1,136)
w(206,2,1,136)
r(392,2,1,136)
w(317,4,1,136)
r(41,4,1,136)
r(412,3,1,136)
r(440,2,1,136)
r(78,4,1,136)
r(431,4,1,136)
w(289,4,1,136)
w(64,2,1,136)
w(111,2,1,136)
r(71,8,1,136)
r(349,7,1,136)
r(409,7,1,136)
w(349,2,1,136)
w(102,2,1,136)
w(173,2,1,136)
r(158,3,1,136)
r(150,8,2,137)
w(354,4,2,137)
w(90,8,2,137)
r(323,7,2,137)
w(191,7,2,137)
w(67,2,2,137)
w(279,7,2,137)
w(483,2,2,137)
w(391,7,2,137)
w(207,7,2,137)
r(284,4,2,137)
r(226,9,2,137)
r(126,1,2,137)
w(206,7,2,137)
r(394,7,2,137)
w(282,7,2,137)
r(160,9,2,137)
r(290,10,2,137)
w(501,5,2,137)
r(125,8,2,137)
r(448,2,3,138)
r(443,3,3,138)
w(153,7,3,138)
w(94,4,3,138)
r(401,3,3,138)
r(205,8,3,138)
r(393,4,3,138)
w(445,7,3,138)
w(54,4,3,138)
w(20,7,3,138)
w(415,7,3,138)
r(234,7,3,138)
r(506,3,3,138)
w(125,8,3,138)
r(140,4,3,138)
w(409,7,3,138)
r(79,1,3,138)
r(408,5,3,138)
w(60,2,3,138)
r(372,3,3,138)
w(377,7,4,139)
r(98,5,4,139)
r(71,3,4,139)
r(497,7,4,139)
r(79,1,4,139)
r(194,4,4,139)
r(343,4,4,139)
r(69,7,4,139)
w(202,8,4,139)
w(131,4,4,139)
w(387,4,4,139)
w(288,2,4,139)
w(6,4,4,139)
w(172,8,4,139)
r(454,8,4,139)
w(360,4,4,139)
r(217,2,4,139)
r(352,8,4,139)
r(128,7,4,139)
r(457,4,4,139)
r(236,2,5,140)
r(341,7,5,140)
r(1,1,5,140)
w(250,4,5,140)
w(490,4,5,140)
r(17,4,5,140)
r(515,1,5,140)
r(419,1,5,140)
w(213,4,5,140)
r(472,8,5,140)
r(188,7,5,140)
r(372,3,5,140)
r(58,1,5,140)
w(538,8,5,140)
r(442,5,5,140)
r(119,4,5,140)
w(29,8,5,140)
r(211,2,5,140)
r(466,5,5,140)
r(333,3,5,140)
w(356,3,6,141)
r(198,1,6,141)
r(305,5,6,141)
w(157,5,6,141)
r(341,7,6,141)
r(196,4,6,141)
r(101,3,6,141)
r(61,8,6,141)
w(5,5,6,141)
w(420,7,6,141)
w(168,8,6,141)
w(150,4,6,141)
w(503,7,6,141)
w(138,7,6,141)
w(320,7,6,141)
w(168,5,6,141)
w(245,8,6,141)
r(88,4,6,141)
w(484,8,6,141)
r(131,2,6,141)
w(507,6,7,142)
w(430,5,7,142)
w(526,3,7,142)
r(251,1,7,142)
r(71,2,7,142)
r(208,4,7,142)
w(500,8,7,142)
r(15,2,7,142)
r(283,8,7,142)
r(490,4,7,142)
w(538,5,7,142)
r(474,9,7,142)
w(87,3,7,142)
w(176,3,7,142)
w(52,8,8,143)
w(451,8,8,143)
w(540,5,8,143)
r(258,2,8,143)
r(104,4,8,143)
w(5,6,8,143)
r(231,7,8,143)
w(261,8,8,143)
r(409,2,8,143)
w(525,5,8,143)
r(336,7,8,143)
r(332,5,8,143)
w(213,5,8,143)
r(185,2,8,143)
r(256,4,8,143)
r(296,6,8,143)
r(429,7,8,143)
r(33,5,8,143)
r(501,7,8,143)
w(11,6,8,143)
r(379,2,9,144)
r(101,3,9,144)
w(264,3,9,144)
r(511,4,9,144)
w(69,8,9,144)
r(385,3,9,144)
w(41,10,9,144)
w(36,10,9,144)
r(536,7,9,144)
w(182,6,9,144)
w(299,3,9,144)
w(368,9,9,144)
w(523,10,9,144)
r(203,4,9,144)
w(322,8,9,144)
w(226,10,9,144)
r(444,8,9,144)
r(31,9,9,144)
w(173,3,9,144)
r(321,4,9,144)
r(366,4,1,145)
r(271,5,1,145)
r(93,8,1,145)
w(298,2,1,145)
r(179,2,1,145)
r(514,4,1,145)
r(180,8,1,145)
r(277,8,1,145)
w(399,2,1,145)
w(177,2,1,145)
w(270,4,1,145)
w(61,2,1,145)
w(7,2,1,145)
r(133,5,1,145)
r(414,7,1,145)
w(130,2,1,145)
r(239,4,1,145)
r(168,3,1,145)
r(209,4,1,145)
r(113,2,1,145)
r(512,4,2,146)
r(240,4,2,146)
r(326,4,2,146)
w(114,4,2,146)
r(411,4,2,146)
w(130,4,2,146)
r(399,2,2,146)
r(452,5,2,146)
w(232,4,2,146)
r(183,4,2,146)
w(245,2,2,146)
w(356,7,2,146)
r(488,8,2,146)
w(474,7,2,146)
r(82,4,2,146)
r(513,3,2,146)
r(480,7,2,146)
r(118,7,2,146)
w(141,2,2,146)
w(233,4,3,147)
r(38,9,3,147)
r(15,3,3,147)
r(523,3,3,147)
w(109,7,3,147)
r(357,7,3,147)
r(214,1,3,147)
w(401,2,3,147)
w(285,4,3,147)
r(483,4,3,147)
w(276,2,3,147)
w(162,7,3,147)
w(2,7,3,147)
w(57,7,3,147)
w(405,7,3,147)
r(64,1,3,147)
r(289,10,3,147)
r(127,9,3,147)
r(285,4,3,147)
w(538,4,3,147)
r(250,8,4,148)
w(462,5,4,148)
w(31,4,4,148)
r(367,6,4,148)
r(248,8,4,148)
r(199,4,4,148)
r(331,2,4,148)
r(293,8,4,148)
w(49,5,4,148)
r(284,4,4,148)
w(476,7,4,148)
w(336,2,4,148)
r(528,2,4,148)
r(97,5,4,148)
w(143,8,4,148)
r(124,3,4,148)
w(352,2,4,148)
r(370,2,4,148)
w(336,4,4,148)
r(76,2,4,148)
w(289,8,5,149)
w(423,2,5,149)
w(128,7,5,149)
r(525,3,5,149)
r(121,7,5,149)
w(149,4,5,149)
w(37,5,5,149)
w(71,8,5,149)
w(192,7,5,149)
r(98,3,5,149)
w(44,8,5,149)
r(25,2,5,149)
r(410,2,5,149)
r(128,7,5,149)
r(66,2,5,149)
r(413,2,5,149)
w(87,7,5,149)
w(408,5,5,149)
w(523,3,5,149)
r(321,7,5,149)
w(116,8,6,150)
r(172,3,6,150)
w(463,5,6,150)
w(188,8,6,150)
w(381,8,6,150)
r(510,1,6,150)
w(466,4,6,150)
w(158,3,6,150)
w(75,3,6,150)
r(386,2,6,150)
r(492,8,6,150)
w(82,7,6,150)
w(70,8,6,150)
w(429,2,6,150)
w(369,2,6,150)
r(409,2,6,150)
r(130,1,6,150)
w(108,2,6,150)
r(298,4,6,150)
w(114,5,6,150)
w(313,9,7,151)
w(280,5,7,151)
w(515,4,7,151)
r(181,5,7,151)
r(498,2,7,151)
w(27,5,7,151)
r(7,7,7,151)
w(9,5,7,151)
w(143,9,7,151)
r(308,7,7,151)
w(340,9,7,151)
r(205,2,7,151)
r(351,9,7,151)
r(404,8,7,151)
r(530,1,7,151)
w(191,3,7,151)
r(356,3,7,151)
r(38,5,7,151)
r(322,8,7,151)
r(228,7,7,151)
r(336,7,8,152)
r(377,2,8,152)
w(534,8,8,152)
r(18,9,8,152)
r(523,3,8,152)
r(371,4,8,152)
r(522,1,8,152)
r(206,8,8,152)
r(472,8,8,152)
r(526,2,8,152)
w(67,9,8,152)
r(28,9,8,152)
r(158,3,8,152)
w(368,5,8,152)
w(233,7,8,152)
w(406,6,8,152)
r(539,3,8,152)
w(363,5,8,152)
r(476,2,8,152)
w(292,5,8,152)
w(86,6,9,153)
w(454,6,9,153)
w(437,7,9,153)
r(386,2,9,153)
w(117,10,9,153)
w(352,8,9,153)
r(484,4,9,153)
w(197,5,9,153)
w(342,8,9,153)
w(472,8,9,153)
r(272,7,9,153)
w(464,12,9,153)
r(262,4,9,153)
r(383,2,9,153)
w(265,9,9,153)
r(114,7,9,153)
r(360,8,9,153)
w(311,7,9,153)
r(9,7,9,153)
r(211,2,9,153)
r(53,7,1,154)
w(199,4,1,154)
r(498,2,1,154)
r(536,7,1,154)
w(371,2,1,154)
r(172,3,1,154)
r(111,4,1,154)
w(197,2,1,154)
r(167,4,1,154)
r(523,3,1,154)
w(284,4,1,154)
r(38,9,1,154)
r(36,4,1,154)
r(521,7,1,154)
r(392,2,1,154)
r(292,8,1,154)
r(490,4,1,154)
w(63,2,1,154)
r(245,8,1,154)
r(413,4,1,154)
r(419,2,2,155)
r(496,9,2,155)
w(358,4,2,155)
r(398,2,2,155)
r(322,8,2,155)
r(236,4,2,155)
r(39,3,2,155)
r(116,7,2,155)
r(175,8,2,155)
r(507,9,2,155)
r(507,9,2,155)
r(329,1,2,155)
r(514,4,2,155)
w(20,4,2,155)
w(505,4,2,155)
r(398,2,2,155)
w(251,4,2,155)
r(290,10,2,155)
w(338,2,2,155)
w(145,7,2,155)
w(229,2,3,156)
w(314,4,3,156)
r(291,7,3,156)
w(174,2,3,156)
w(318,7,3,156)
w(25,7,3,156)
r(208,4,3,156)
w(170,7,3,156)
w(111,4,3,156)
w(237,4,3,156)
r(296,6,3,156)
w(134,7,3,156)
w(449,4,3,156)
r(116,5,3,156)
r(269,2,3,156)
w(454,8,3,156)
w(487,7,3,156)
r(378,2,3,156)
r(114,5,3,156)
r(12,2,3,156)
w(97,8,4,157)
r(533,1,4,157)
r(481,4,4,157)
r(183,4,4,157)
r(333,4,4,157)
w(465,5,4,157)
w(460,7,4,157)
w(178,5,4,157)
w(189,5,4,157)
w(522,4,4,157)
w(218,7,4,157)
r(434,2,4,157)
w(279,5,4,157)
w(495,4,4,157)
w(96,2,4,157)
w(538,7,4,157)
w(185,7,4,157)
w(289,7,4,157)
w(76,7,4,157)
r(86,4,4,157)
r(272,8,5,158)
w(295,4,5,158)
r(536,7,5,158)
w(135,4,5,158)
w(446,8,5,158)
r(322,8,5,158)
r(32,7,5,158)
r(162,8,5,158)
w(185,8,5,158)
w(166,7,5,158)
w(185,5,5,158)
w(105,7,5,158)
r(252,2,5,158)
w(6,7,5,158)
r(429,7,5,158)
w(21,5,5,158)
w(229,4,5,158)
r(44,8,5,158)
r(64,1,5,158)
r(310,4,5,158)
r(466,4,6,159)
w(21,3,6,159)
w(537,3,6,159)
r(90,9,6,159)
r(231,7,6,159)
r(171,5,6,159)
r(494,4,6,159)
w(34,8,6,159)
r(65,4,6,159)
w(54,8,6,159)
r(367,9,6,159)
w(31,3,6,159)
r(34,8,6,159)
w(224,8,6,159)
w(124,3,6,159)
r(350,7,6,159)
r(484,8,6,159)
r(280,5,6,159)
w(209,4,6,159)
w(144,2,6,159)
r(87,7,7,160)
w(356,10,7,160)
r(24,4,7,160)
r(81,2,7,160)
w(412,3,7,160)
w(497,7,7,160)
w(148,7,7,160)
w(454,3,7,160)
r(81,2,7,160)
w(141,9,7,160)
w(52,7,7,160)
r(176,2,7,160)
r(347,8,7,160)
w(205,8,7,160)
r(511,4,7,160)
w(454,9,7,160)
r(37,5,7,160)
w(446,5,7,160)
w(101,8,7,160)
r(37,5,7,160)
w(34,6,8,161)
w(408,9,8,161)
w(367,6,8,161)
w(391,5,8,161)
w(97,3,8,161)
r(251,1,8,161)
r(116,8,8,161)
w(42,3,8,161)
w(415,10,8,161)
w(505,3,8,161)
r(160,9,8,161)
w(284,5,8,161)
w(539,5,8,161)
w(175,7,8,161)
r(35,1,8,161)
r(248,2,8,161)
r(302,4,8,161)
r(84,4,8,161)
r(178,4,8,161)
r(67,9,8,161)
w(458,7,9,162)
r(383,2,9,162)
r(95,7,9,162)
w(185,6,9,162)
w(267,9,9,162)
w(53,5,9,162)
w(497,5,9,162)
r(168,4,9,162)
r(316,1,9,162)
w(373,4,9,162)
r(107,2,9,162)
r(445,5,9,162)
r(301,2,9,162)
r(473,4,9,162)
w(76,5,9,162)
w(176,9,9,162)
w(501,9,9,162)
w(52,3,9,162)
r(112,7,1,163)
r(528,2,1,163)
r(262,7,1,163)
r(397,5,1,163)
w(143,4,1,163)
r(167,4,1,163)
w(302,2,1,163)
w(325,2,1,163)
w(271,2,1,163)
r(136,4,1,163)
r(183,4,1,163)
w(376,4,1,163)
r(286,4,1,163)
w(225,2,1,163)
r(151,8,1,163)
w(205,4,1,163)
w(45,4,1,163)
r(61,2,1,163)
w(123,2,1,163)
w(172,2,1,163)
r(450,6,2,164)
w(262,2,2,164)
r(343,4,2,164)
r(11,9,2,164)
w(55,7,2,164)
r(213,5,2,164)
r(422,1,2,164)
r(63,2,2,164)
r(110,4,2,164)
r(115,2,2,164)
w(162,4,2,164)
r(15,3,2,164)
w(23,2,2,164)
r(480,7,2,164)
r(407,4,2,164)
r(391,7,2,164)
w(529,4,2,164)
r(529,4,2,164)
r(86,4,2,164)
w(384,7,2,164)
r(353,4,3,165)
w(306,4,3,165)
w(45,7,3,165)
w(446,7,3,165)
r(69,8,3,165)
r(232,8,3,165)
r(530,2,3,165)
w(333,4,3,165)
w(253,7,3,165)
r(181,5,3,165)
w(376,8,3,165)
w(406,5,3,165)
w(321,2,3,165)
w(55,8,3,165)
w(78,7,3,165)
r(65,4,3,165)
r(185,5,3,165)
r(268,10,3,165)
w(36,5,3,165)
w(80,7,3,165)
r(54,4,4,166)
r(338,5,4,166)
w(380,7,4,166)
w(269,4,4,166)
w(28,8,4,166)
w(341,2,4,166)
w(95,4,4,166)
w(341,4,4,166)
w(117,7,4,166)
r(248,8,4,166)
w(246,2,4,166)
r(190,7,4,166)
w(467,7,4,166)
w(171,4,4,166)
w(199,5,4,166)
r(153,2,4,166)
w(361,10,4,166)
w(37,7,4,166)
r(398,2,4,166)
r(71,3,4,166)
w(40,9,5,167)
w(109,3,5,167)
r(71,8,5,167)
r(508,7,5,167)
r(219,8,5,167)
w(259,8,5,167)
r(51,2,5,167)
r(311,4,5,167)
w(167,4,5,167)
r(352,8,5,167)
w(160,9,5,167)
w(503,2,5,167)
w(91,9,5,167)
r(64,1,5,167)
r(355,8,5,167)
w(456,7,5,167)
r(389,8,5,167)
w(373,2,5,167)
r(431,4,5,167)
w(444,4,5,167)
w(201,8,6,168)
r(161,2,6,168)
w(74,7,6,168)
r(192,7,6,168)
r(431,4,6,168)
w(72,7,6,168)
r(474,9,6,168)
w(100,7,6,168)
w(385,6,6,168)
w(260,5,6,168)
r(158,3,6,168)
r(36,10,6,168)
w(168,3,6,168)
r(31,3,6,168)
r(129,4,6,168)
r(351,8,6,168)
w(532,8,6,168)
r(73,7,6,168)
r(398,2,6,168)
r(423,2,6,168)
r(156,1,7,169)
r(455,2,7,169)
w(355,5,7,169)
r(534,8,7,169)
w(98,5,7,169)
w(451,7,7,169)
r(388,5,7,169)
w(48,4,7,169)
r(199,2,7,169)
w(226,9,7,169)
w(394,7,7,169)
r(48,4,7,169)
w(292,8,7,169)
r(494,4,7,169)
w(162,9,7,169)
r(250,4,7,169)
w(22,4,7,169)
r(324,2,7,169)
w(117,9,7,169)
w(229,5,7,169)
w(479,7,8,170)
w(140,7,8,170)
w(160,6,8,170)
w(383,7,8,170)
r(229,2,8,170)
w(371,9,8,170)
w(126,4,8,170)
w(442,3,8,170)
w(177,8,8,170)
w(537,10,8,170)
w(376,9,8,170)
r(131,2,8,170)
r(286,4,8,170)
w(390,7,8,170)
w(308,8,8,170)
w(304,9,8,170)
w(201,3,9,171)
r(455,2,9,171)
r(427,2,9,171)
w(321,7,9,171)
r(64,1,9,171)
r(207,5,9,171)
w(106,9,9,171)
r(424,7,9,171)
w(212,4,9,171)
r(26,7,9,171)
r(61,8,9,171)
r(454,6,9,171)
w(81,2,9,171)
w(481,4,9,171)
r(295,2,9,171)
w(60,8,9,171)
r(373,1,9,171)
r(43,4,9,171)
r(29,7,9,171)
r(288,1,9,171)
r(322,8,1,172)
r(303,9,1,172)
w(461,4,1,172)
w(454,4,1,172)
w(282,4,1,172)
w(347,2,1,172)
r(337,9,1,172)
w(201,2,1,172)
r(441,1,1,172)
w(326,4,1,172)
r(535,5,1,172)
r(248,8,1,172)
w(463,4,1,172)
r(72,7,1,172)
r(352,8,1,172)
w(351,7,1,172)
w(260,2,1,172)
r(161,2,1,172)
w(285,2,1,172)
w(154,2,1,172)
w(119,8,2,173)
r(442,9,2,173)
w(343,2,2,173)
r(372,2,2,173)
r(399,2,2,173)
r(333,5,2,173)
r(3,8,2,173)
w(455,4,2,173)
r(357,7,2,173)
w(32,2,2,173)
r(27,3,2,173)
w(202,4,2,173)
w(277,2,2,173)
r(247,2,2,173)
w(160,4,2,173)
r(306,7,2,173)
w(308,4,2,173)
r(481,4,2,173)
w(425,4,2,173)
r(193,7,2,173)
r(365,4,3,174)
r(262,2,3,174)
w(401,4,3,174)
w(38,4,3,174)
w(316,2,3,174)
r(225,2,3,174)
r(250,2,3,174)
w(129,7,3,174)
r(324,2,3,174)
r(436,7,3,174)
w(276,4,3,174)
r(511,7,3,174)
w(251,7,3,174)
r(376,4,3,174)
w(105,4,3,174)
r(421,2,3,174)
w(268,2,3,174)
w(354,5,3,174)
r(263,7,3,174)
r(378,8,3,174)
w(157,4,4,175)
r(258,7,4,175)
r(448,5,4,175)
r(113,8,4,175)
r(154,2,4,175)
w(486,4,4,175)
r(6,4,4,175)
w(196,7,4,175)
r(406,9,4,175)
r(70,8,4,175)
r(373,2,4,175)
w(306,7,4,175)
w(476,8,4,175)
r(73,7,4,175)
w(136,8,4,175)
w(323,4,4,175)
r(311,2,4,175)
r(159,5,4,175)
w(77,2,4,175)
r(111,4,4,175)
w(535,5,5,176)
r(135,4,5,176)
w(464,3,5,176)
r(445,7,5,176)
w(286,4,5,176)
w(475,7,5,176)
r(110,7,5,176)
r(244,7,5,176)
w(467,8,5,176)
r(161,2,5,176)
r(129,4,5,176)
r(152,7,5,176)
w(101,7,5,176)
r(138,7,5,176)
w(207,3,5,176)
r(249,1,5,176)
r(328,2,5,176)
r(25,4,5,176)
r(313,9,5,176)
w(361,12,5,176)
w(282,3,6,177)
w(109,6,6,177)
w(472,2,6,177)
r(273,4,6,177)
w(495,7,6,177)
r(102,2,6,177)
r(377,4,6,177)
w(496,3,6,177)
r(142,7,6,177)
w(444,7,6,177)
r(36,4,6,177)
w(110,4,6,177)
r(387,5,6,177)
r(158,3,6,177)
w(489,7,6,177)
r(427,8,6,177)
w(170,8,6,177)
w(385,10,6,177)
r(539,5,6,177)
r(121,7,6,177)
w(11,9,7,178)
w(456,9,7,178)
r(222,7,7,178)
w(508,5,7,178)
r(307,4,7,178)
w(430,3,7,178)
r(113,2,7,178)
w(236,4,7,178)
r(229,5,7,178)
r(298,4,7,178)
r(456,9,7,178)
w(263,7,7,178)
r(303,9,7,178)
w(187,4,7,178)
r(215,3,7,178)
w(116,5,7,178)
r(262,7,7,178)
w(142,7,7,178)
r(371,4,7,178)
w(232,8,7,178)
w(367,10,8,179)
r(69,7,8,179)
w(175,8,8,179)
r(452,5,8,179)
r(388,5,8,179)
w(313,6,8,179)
w(133,9,8,179)
r(284,4,8,179)
w(14,7,8,179)
r(239,4,8,179)
w(270,5,8,179)
w(128,5,8,179)
w(214,7,8,179)
w(469,8,8,179)
r(23,7,8,179)
r(103,2,8,179)
w(284,3,8,179)
w(403,4,8,179)
r(114,5,8,179)
w(75,6,8,179)
w(3,10,9,180)
w(60,5,9,180)
r(435,9,9,180)
r(301,2,9,180)
w(372,3,9,180)
r(144,4,9,180)
w(388,5,9,180)
w(304,6,9,180)
w(272,8,9,180)
r(13,8,9,180)
r(398,4,9,180)
r(210,5,9,180)
r(192,8,9,180)
w(504,7,9,180)
r(118,7,9,180)
r(289,9,9,180)
w(212,7,9,180)
r(349,7,9,180)
r(105,2,9,180)
w(383,3,9,180)
w(474,2,1,181)
r(533,1,1,181)
r(127,9,1,181)
w(304,2,1,181)
r(406,9,1,181)
w(222,2,1,181)
r(493,2,1,181)
r(171,5,1,181)
r(37,5,1,181)
w(440,4,1,181)
w(471,2,1,181)
r(22,4,1,181)
r(32,7,1,181)
r(199,4,1,181)
w(405,2,1,181)
w(219,2,1,181)
r(244,7,1,181)
w(374,2,1,181)
r(185,5,1,181)
r(230,4,1,181)
r(262,2,2,182)
r(147,1,2,182)
r(64,7,2,182)
w(18,7,2,182)
w(357,4,2,182)
w(473,2,2,182)
r(68,4,2,182)
r(424,2,2,182)
w(71,4,2,182)
w(214,2,2,182)
r(28,5,2,182)
w(328,7,2,182)
r(222,2,2,182)
w(130,7,2,182)
r(13,7,2,182)
r(160,4,2,182)
r(12,2,2,182)
r(270,7,2,182)
w(11,7,2,182)
r(511,7,2,182)
w(120,2,3,183)
w(420,2,3,183)
r(521,5,3,183)
r(178,7,3,183)
w(1,4,3,183)
r(91,9,3,183)
w(486,2,3,183)
r(432,4,3,183)
w(120,4,3,183)
r(137,8,3,183)
r(384,7,3,183)
w(434,4,3,183)
w(522,2,3,183)
r(209,4,3,183)
w(428,7,3,183)
r(134,4,3,183)
r(509,2,3,183)
w(325,4,3,183)
w(255,4,3,183)
w(474,5,3,183)
w(221,5,4,184)
w(405,5,4,184)
w(280,7,4,184)
w(28,5,4,184)
w(397,6,4,184)
r(444,7,4,184)
w(270,7,4,184)
r(103,2,4,184)
w(368,4,4,184)
w(64,7,4,184)
w(96,4,4,184)
r(337,9,4,184)
w(285,7,4,184)
w(401,7,4,184)
w(337,5,4,184)
r(435,7,4,184)
w(316,4,4,184)
w(86,8,4,184)
r(91,9,4,184)
w(71,7,4,184)
r(120,8,5,185)
w(473,7,5,185)
r(253,4,5,185)
w(360,5,5,185)
w(51,8,5,185)
r(538,4,5,185)
w(383,4,5,185)
w(283,2,5,185)
w(527,4,5,185)
r(160,9,5,185)
r(86,4,5,185)
w(287,4,5,185)
r(150,8,5,185)
w(276,7,5,185)
r(323,7,5,185)
w(493,2,5,185)
r(363,5,5,185)
w(530,2,5,185)
r(440,2,5,185)
r(274,4,5,185)
w(151,8,6,186)
r(40,9,6,186)
r(82,7,6,186)
w(413,8,6,186)
w(379,4,6,186)
w(507,9,6,186)
w(71,3,6,186)
r(318,7,6,186)
w(386,9,6,186)
w(381,5,6,186)
r(281,9,6,186)
w(506,8,6,186)
w(184,3,6,186)
w(113,8,6,186)
r(299,5,6,186)
w(419,2,6,186)
r(498,2,6,186)
r(453,6,6,186)
w(97,5,6,186)
w(248,8,6,186)
r(343,4,7,187)
w(476,5,7,187)
r(219,8,7,187)
r(461,1,7,187)
r(384,5,7,187)
r(485,2,7,187)
w(310,2,7,187)
w(518,4,7,187)
w(299,5,7,187)
w(157,9,7,187)
w(301,5,7,187)
r(188,8,7,187)
r(207,3,7,187)
r(388,5,7,187)
w(436,7,7,187)
r(195,10,7,187)
w(145,5,7,187)
w(175,4,7,187)
w(334,7,7,187)
w(250,8,7,187)
r(498,8,8,188)
r(514,4,8,188)
w(309,4,8,188)
r(384,5,8,188)
w(13,7,8,188)
w(28,3,8,188)
w(144,5,8,188)
w(491,8,8,188)
w(483,8,8,188)
r(77,1,8,188)
w(129,8,8,188)
r(8,7,8,188)
r(317,4,8,188)
w(245,3,8,188)
w(520,5,8,188)
w(355,9,8,188)
r(514,4,8,188)
r(227,2,8,188)
r(463,7,8,188)
r(205,4,8,188)
r(27,1,9,189)
w(460,10,9,189)
r(75,4,9,189)
r(295,2,9,189)
r(306,5,9,189)
r(430,7,9,189)
w(154,3,9,189)
r(316,1,9,189)
w(21,10,9,189)
w(289,6,9,189)
r(523,10,9,189)
r(519,4,9,189)
r(130,1,9,189)
w(310,4,9,189)
w(493,7,9,189)
w(160,10,9,189)
r(354,2,9,189)
w(67,10,9,189)
w(89,6,9,189)
w(41,12,9,189)
w(200,2,1,190)
r(191,7,1,190)
w(183,2,1,190)
w(199,7,1,190)
w(17,2,1,190)
r(501,5,1,190)
w(153,2,1,190)
r(236,4,1,190)
w(250,2,1,190)
w(171,2,1,190)
w(41,2,1,190)
w(166,2,1,190)
w(121,2,1,190)
r(477,7,1,190)
r(303,9,1,190)
w(361,5,1,190)
r(88,4,1,190)
r(240,4,1,190)
r(172,8,1,190)
w(55,4,1,190)
r(177,2,2,191)
r(498,7,2,191)
r(501,8,2,191)
w(101,2,2,191)
w(109,4,2,191)
w(406,7,2,191)
r(458,2,2,191)
r(15,3,2,191)
r(42,3,2,191)
w(508,4,2,191)
w(535,8,2,191)
w(167,2,2,191)
w(347,4,2,191)
r(374,4,2,191)
r(397,6,2,191)
w(395,8,2,191)
r(254,8,2,191)
r(16,8,2,191)
w(445,4,2,191)
w(168,2,2,191)
w(137,4,3,192)
r(18,7,3,192)
w(256,7,3,192)
r(24,4,3,192)
r(512,4,3,192)
w(496,7,3,192)
w(395,5,3,192)
r(299,5,3,192)
r(308,4,3,192)
r(174,2,3,192)
r(231,4,3,192)
w(334,2,3,192)
r(387,4,3,192)
r(440,4,3,192)
r(201,2,3,192)
w(312,2,3,192)
w(375,5,3,192)
w(53,2,3,192)
r(212,7,3,192)
r(437,7,3,192)
r(150,8,4,193)
w(365,7,4,193)
r(365,7,4,193)
r(432,4,4,193)
r(491,8,4,193)
r(507,9,4,193)
w(183,7,4,193)
w(367,5,4,193)
r(99,8,4,193)
w(540,4,4,193)
r(56,4,4,193)
r(203,2,4,193)
w(498,7,4,193)
w(362,5,4,193)
r(517,7,4,193)
w(386,7,4,193)
r(280,7,4,193)
w(239,2,4,193)
w(459,2,4,193)
r(191,2,4,193)
w(13,2,5,194)
w(10,7,5,194)
r(54,4,5,194)
r(499,7,5,194)
r(123,2,5,194)
r(425,2,5,194)
w(19,5,5,194)
w(396,7,5,194)
w(356,5,5,194)
r(181,5,5,194)
w(82,4,5,194)
w(255,8,5,194)
r(504,7,5,194)
r(114,5,5,194)
w(523,9,5,194)
w(152,8,5,194)
w(62,7,5,194)
r(471,5,5,194)
r(386,9,5,194)
w(498,8,5,194)
w(342,4,6,195)
w(21,9,6,195)
w(141,5,6,195)
w(270,8,6,195)
r(479,5,6,195)
w(487,3,6,195)
w(201,5,6,195)
w(61,7,6,195)
w(466,7,6,195)
r(423,2,6,195)
w(466,8,6,195)
w(258,7,6,195)
r(14,2,6,195)
w(313,8,6,195)
r(499,7,6,195)
w(283,7,6,195)
w(210,7,6,195)
r(79,1,6,195)
r(143,4,6,195)
w(301,8,6,195)
r(301,5,7,196)
w(65,5,7,196)
w(453,8,7,196)
w(259,3,7,196)
w(69,7,7,196)
w(488,7,7,196)
w(101,5,7,196)
w(351,5,7,196)
w(415,3,7,196)
w(368,7,7,196)
r(383,4,7,196)
w(58,4,7,196)
r(185,5,7,196)
r(109,6,7,196)
w(476,3,7,196)
w(496,9,7,196)
r(321,2,7,196)
w(433,7,7,196)
w(429,4,7,196)
w(291,9,7,196)
w(283,5,8,197)
r(390,4,8,197)
r(30,5,8,197)
w(296,9,8,197)
r(185,7,8,197)
w(204,8,8,197)
r(15,3,8,197)
w(297,9,8,197)
r(224,5,8,197)
w(253,5,8,197)
w(112,5,8,197)
r(443,3,8,197)
w(349,8,8,197)
w(155,7,8,197)
w(413,5,8,197)
w(171,8,8,197)
w(383,8,8,197)
w(420,3,8,197)
w(101,9,8,197)
r(127,7,8,197)
r(534,2,9,198)
r(417,4,9,198)
r(278,2,9,198)
w(215,3,9,198)
r(94,5,9,198)
w(317,3,9,198)
w(116,3,9,198)
w(479,5,9,198)
r(203,2,9,198)
r(123,1,9,198)
r(194,1,9,198)
r(283,8,9,198)
r(163,7,9,198)
w(404,8,9,198)
r(233,2,9,198)
w(334,8,9,198)
r(37,2,9,198)
w(381,9,9,198)
w(539,3,9,198)
r(393,4,9,198)
r(103,2,1,199)
r(173,2,1,199)
r(251,2,1,199)
w(33,4,1,199)
w(50,2,1,199)
r(212,7,1,199)
w(50,4,1,199)
r(373,2,1,199)
w(501,8,1,199)
w(540,2,1,199)
r(339,2,1,199)
w(416,2,1,199)
w(431,2,1,199)
r(287,5,1,199)
r(339,2,1,199)
w(463,7,1,199)
w(326,7,1,199)
w(134,4,1,199)
w(424,2,1,199)
r(274,7,1,199)
r(80,7,2,200)
r(439,2,2,200)
w(426,2,2,200)
w(92,4,2,200)
w(517,4,2,200)
w(36,7,2,200)
w(143,7,2,200)
w(297,7,2,200)
w(408,4,2,200)
w(158,8,2,200)
r(350,4,2,200)
w(182,8,2,200)
w(184,2,2,200)
r(455,4,2,200)
w(478,7,2,200)
r(334,2,2,200)
r(377,7,2,200)
r(403,4,2,200)
w(9,4,2,200)
w(242,7,2,200)
r(273,4,5,201)
w(181,8,5,201)
w(281,3,5,201)
r(279,7,5,201)
r(342,4,5,201)
r(61,7,5,201)
r(293,8,5,201)
r(291,9,5,201)
w(267,7,5,201)
r(422,1,5,201)
r(511,4,5,201)
r(344,4,5,201)
r(169,4,5,201)
r(435,7,5,201)
r(42,3,5,201)
r(430,3,5,201)
w(330,8,5,201)
w(274,7,5,201)
r(181,8,5,201)
w(402,2,5,201)
w(406,9,6,202)
w(287,5,6,202)
w(16,8,6,202)
w(477,7,6,202)
w(121,5,6,202)
w(51,9,6,202)
r(365,4,6,202)
r(168,3,6,202)
w(224,5,6,202)
w(211,4,6,202)
r(389,8,6,202)
w(100,8,6,202)
w(131,7,6,202)
w(157,3,6,202)
r(188,8,6,202)
r(39,3,6,202)
w(195,8,6,202)
w(128,8,6,202)
r(526,2,6,202)
r(480,7,6,202)
w(417,7,7,203)
w(338,5,7,203)
w(249,2,7,203)
r(43,7,7,203)
w(5,9,7,203)
w(27,3,7,203)
w(385,13,7,203)
r(460,10,7,203)
r(156,1,7,203)
r(436,7,7,203)
r(43,7,7,203)
r(303,9,7,203)
r(88,4,7,203)
w(320,5,7,203)
r(126,1,7,203)
w(89,5,7,203)
r(350,7,7,203)
w(109,10,7,203)
r(287,4,7,203)
w(215,5,7,203)
r(538,7,8,204)
r(387,4,8,204)
r(301,8,8,204)
r(209,4,8,204)
w(360,9,8,204)
w(327,3,8,204)
w(126,7,8,204)
r(83,4,8,204)
r(344,4,8,204)
r(524,2,8,204)
r(373,2,8,204)
r(192,7,8,204)
w(497,8,8,204)
r(50,4,8,204)
r(203,2,8,204)
w(73,8,8,204)
w(7,5,8,204)
r(15,3,8,204)
w(120,6,8,204)
r(159,5,8,204)
w(442,9,9,205)
r(392,2,9,205)
r(495,2,9,205)
r(154,3,9,205)
w(166,8,9,205)
w(182,10,9,205)
w(158,10,9,205)
w(513,3,9,205)
r(499,7,9,205)
r(32,7,9,205)
w(288,5,9,205)
r(304,4,9,205)
w(384,5,9,205)
w(204,5,9,205)
w(85,7,9,205)
r(23,7,9,205)
w(2,9,9,205)
r(393,4,9,205)
w(296,6,9,205)
w(412,10,9,205)
r(455,2,1,206)
w(112,2,1,206)
w(40,4,1,206)
w(364,2,1,206)
w(375,4,1,206)
w(119,7,1,206)
w(178,7,1,206)
r(75,6,1,206)
w(322,2,1,206)
r(59,1,1,206)
w(386,4,1,206)
w(182,4,1,206)
w(362,2,1,206)
w(453,2,1,206)
w(191,2,1,206)
w(374,4,1,206)
w(367,2,1,206)
r(311,2,1,206)
r(236,4,1,206)
r(285,2,1,206)
w(498,4,2,207)
r(179,2,2,207)
w(93,4,2,207)
w(27,4,2,207)
r(214,2,2,207)
w(4,8,2,207)
r(526,2,2,207)
w(136,7,2,207)
w(97,2,2,207)
r(223,2,2,207)
r(209,4,2,207)
r(434,4,2,207)
r(436,7,2,207)
r(294,8,2,207)
w(164,4,2,207)
w(173,7,2,207)
w(84,2,2,207)
r(196,7,2,207)
r(449,4,2,207)
r(339,2,2,207)
w(350,4,5,208)
r(165,2,5,208)
w(311,2,5,208)
w(333,5,5,208)
w(277,4,5,208)
w(447,8,5,208)
w(271,8,5,208)
w(118,8,5,208)
r(273,4,5,208)
r(486,8,5,208)
r(348,1,5,208)
r(484,8,5,208)
r(449,4,5,208)
r(304,2,5,208)
w(58,2,5,208)
r(205,4,5,208)
w(524,2,5,208)
r(159,5,5,208)
r(306,4,5,208)
w(424,8,5,208)
r(446,7,6,209)
r(304,4,6,209)
w(404,7,6,209)
w(231,4,6,209)
w(327,5,6,209)
w(420,8,6,209)
w(463,3,6,209)
r(480,7,6,209)
w(400,9,6,209)
w(293,7,6,209)
w(315,7,6,209)
w(521,5,6,209)
r(117,9,6,209)
r(318,7,6,209)
r(321,2,6,209)
r(401,2,6,209)
w(280,8,6,209)
w(53,8,6,209)
r(517,7,6,209)
w(508,8,6,209)
r(222,7,7,210)
r(110,4,7,210)
r(416,4,7,210)
r(327,8,7,210)
w(346,7,7,210)
w(293,8,7,210)
r(296,6,7,210)
w(500,5,7,210)
w(500,3,7,210)
w(540,8,7,210)
r(42,3,7,210)
w(488,8,7,210)
r(486,8,7,210)
w(355,3,7,210)
w(464,9,7,210)
w(405,3,7,210)
r(424,4,7,210)
w(35,2,7,210)
w(468,8,7,210)
w(78,9,7,210)
r(498,2,9,211)
w(86,10,9,211)
r(229,9,9,211)
r(209,7,9,211)
w(268,10,9,211)
w(66,7,9,211)
r(122,2,9,211)
r(299,3,9,211)
w(443,3,9,211)
w(428,3,9,211)
w(1,7,9,211)
w(4,5,9,211)
w(193,7,9,211)
w(38,9,9,211)
w(290,10,9,211)
r(362,8,9,211)
r(484,8,9,211)
r(469,2,9,211)
w(264,9,9,211)
r(35,1,9,211)
r(254,8,1,212)
w(330,4,1,212)
w(248,4,1,212)
r(133,9,1,212)
r(308,4,1,212)
w(159,2,1,212)
w(106,4,1,212)
r(226,9,1,212)
r(256,4,1,212)
w(274,2,1,212)
r(312,1,1,212)
r(478,11,1,212)
w(537,4,1,212)
w(414,4,1,212)
r(534,8,1,212)
w(471,4,1,212)
r(358,4,1,212)
w(89,2,1,212)
r(314,4,1,212)
w(364,4,1,212)
r(427,8,5,213)
w(484,7,5,213)
r(319,4,5,213)
r(177,2,5,213)
w(127,7,5,213)
r(135,4,5,213)
r(409,8,5,213)
r(95,4,5,213)
r(497,7,5,213)
w(340,3,5,213)
r(129,4,5,213)
r(306,4,5,213)
w(293,2,5,213)
r(202,8,5,213)
r(438,8,5,213)
r(132,2,5,213)
r(194,4,5,213)
r(229,2,5,213)
r(100,8,5,213)
w(78,5,5,213)
w(417,2,6,214)
r(463,3,6,214)
w(290,5,6,214)
r(180,8,6,214)
r(46,2,6,214)
w(428,8,6,214)
r(203,2,6,214)
r(213,5,6,214)
w(371,3,6,214)
w(141,3,6,214)
r(457,4,6,214)
r(512,4,6,214)
r(493,2,7,215)
w(217,7,7,215)
r(43,7,7,215)
w(117,6,7,215)
r(345,2,7,215)
w(378,8,7,215)
w(448,3,7,215)
w(23,8,7,215)
r(281,3,7,215)
r(275,4,7,215)
r(249,2,7,215)
w(67,8,7,215)
w(41,6,7,215)
r(121,5,7,215)
w(10,5,7,215)
r(199,4,7,215)
w(298,8,7,215)
r(220,4,7,215)
r(47,2,7,215)
w(408,3,7,215)
r(152,7,9,216)
r(3,10,9,216)
r(406,4,9,216)
w(318,5,9,216)
r(434,2,9,216)
w(317,9,9,216)
r(315,4,9,216)
w(244,7,9,216)
r(105,7,9,216)
r(119,4,9,216)
w(21,12,9,216)
r(269,2,9,216)
w(450,9,9,216)
r(325,8,9,216)
r(147,1,9,216)
r(20,2,9,216)
w(150,8,9,216)
r(311,4,9,216)
w(266,3,9,216)
w(184,12,9,216)
w(54,2,1,217)
r(175,2,1,217)
r(503,2,1,217)
r(30,5,1,217)
w(19,4,1,217)
r(223,2,1,217)
r(170,8,1,217)
r(123,2,1,217)
r(426,4,1,217)
r(283,5,1,217)
w(133,2,1,217)
r(39,3,1,217)
w(159,4,1,217)
w(337,7,1,217)
w(427,4,1,217)
r(167,4,1,217)
w(255,2,1,217)
w(40,7,1,217)
w(224,2,1,217)
w(238,2,1,217)
w(525,4,5,218)
w(184,8,5,218)
r(415,3,5,218)
r(273,4,5,218)
w(511,7,5,218)
r(311,2,5,218)
r(58,2,5,218)
w(360,3,5,218)
w(494,7,5,218)
w(157,7,5,218)
w(384,8,5,218)
w(19,3,5,218)
w(448,5,5,218)
r(392,2,5,218)
r(87,7,5,218)
w(47,8,5,218)
r(483,8,5,218)
w(374,7,5,218)
r(51,9,5,218)
r(433,7,5,218)
r(299,5,7,219)
w(412,9,7,219)
w(537,6,7,219)
w(243,2,7,219)
w(195,9,7,219)
r(330,8,7,219)
r(377,7,7,219)
r(329,1,7,219)
r(148,7,7,219)
r(252,2,7,219)
r(529,7,7,219)
r(453,8,7,219)
r(245,8,7,219)
r(516,2,7,219)
r(302,2,7,219)
r(446,7,7,219)
r(376,4,7,219)
r(403,4,7,219)
r(299,5,7,219)
r(352,2,7,219)
r(479,5,9,220)
r(224,8,9,220)
w(278,4,9,220)
r(152,7,9,220)
r(207,5,9,220)
r(15,3,9,220)
r(380,4,9,220)
w(452,5,9,220)
w(480,7,9,220)
r(241,4,9,220)
w(433,8,9,220)
w(289,10,9,220)
w(127,9,9,220)
r(308,7,9,220)
w(429,8,9,220)
r(44,8,9,220)
w(450,6,9,220)
r(340,9,9,220)
w(106,6,9,220)
w(470,9,9,220)
w(41,3,5,221)
w(238,8,5,221)
r(304,2,5,221)
w(257,8,5,221)
w(175,2,5,221)
r(216,4,5,221)
r(49,5,5,221)
r(51,9,5,221)
r(351,7,5,221)
r(479,5,5,221)
r(405,2,5,221)
w(194,7,5,221)
r(500,3,5,221)
r(62,7,5,221)
w(292,4,5,221)
r(183,2,5,221)
w(245,7,5,221)
r(459,1,5,221)
w(43,2,5,221)
r(500,3,5,221)
r(377,4,9,222)
w(92,9,9,222)
w(152,3,9,222)
r(137,2,9,222)
w(84,5,9,222)
w(538,12,9,222)
w(75,10,9,222)
w(298,3,9,222)
r(327,4,9,222)
r(374,1,9,222)
w(43,7,9,222)
r(71,8,9,222)
r(95,7,9,222)
w(196,5,9,222)
r(232,8,9,222)
w(478,11,9,222)
r(372,3,9,222)
w(387,5,9,222)
r(190,7,9,222)
r(398,2,9,222)
