w(1,1,0,0)
w(2,1,0,0)
w(3,1,0,0)
w(4,1,0,0)
w(5,1,0,0)
w(6,1,0,0)
w(7,1,0,0)
w(8,1,0,0)
w(9,1,0,0)
w(10,1,0,0)
w(11,1,0,0)
w(12,1,0,0)
w(13,1,0,0)
w(14,1,0,0)
w(15,1,0,0)
w(16,1,0,0)
w(17,1,0,0)
w(18,1,0,0)
w(19,1,0,0)
w(20,1,0,0)
w(21,1,0,0)
w(22,1,0,0)
w(23,1,0,0)
w(24,1,0,0)
w(25,1,0,0)
w(26,1,0,0)
w(27,1,0,0)
w(28,1,0,0)
w(29,1,0,0)
w(30,1,0,0)
w(31,1,0,0)
w(32,1,0,0)
w(33,1,0,0)
w(34,1,0,0)
w(35,1,0,0)
w(36,1,0,0)
w(37,1,0,0)
w(38,1,0,0)
w(39,1,0,0)
w(40,1,0,0)
w(41,1,0,0)
w(42,1,0,0)
w(43,1,0,0)
w(44,1,0,0)
w(45,1,0,0)
w(46,1,0,0)
w(47,1,0,0)
w(48,1,0,0)
w(49,1,0,0)
w(50,1,0,0)
w(51,1,0,0)
w(52,1,0,0)
w(53,1,0,0)
w(54,1,0,0)
w(55,1,0,0)
w(56,1,0,0)
w(57,1,0,0)
w(58,1,0,0)
w(59,1,0,0)
w(60,1,0,0)
w(61,1,0,0)
w(62,1,0,0)
w(63,1,0,0)
w(64,1,0,0)
w(65,1,0,0)
w(66,1,0,0)
w(67,1,0,0)
w(68,1,0,0)
w(69,1,0,0)
w(70,1,0,0)
w(71,1,0,0)
w(72,1,0,0)
w(73,1,0,0)
w(74,1,0,0)
w(75,1,0,0)
w(76,1,0,0)
w(77,1,0,0)
w(78,1,0,0)
w(79,1,0,0)
w(80,1,0,0)
w(81,1,0,0)
w(82,1,0,0)
w(83,1,0,0)
w(84,1,0,0)
w(85,1,0,0)
w(86,1,0,0)
w(87,1,0,0)
w(88,1,0,0)
w(89,1,0,0)
w(90,1,0,0)
w(91,1,0,0)
w(92,1,0,0)
w(93,1,0,0)
w(94,1,0,0)
w(95,1,0,0)
w(96,1,0,0)
w(97,1,0,0)
w(98,1,0,0)
w(99,1,0,0)
w(100,1,0,0)
w(101,1,0,0)
w(102,1,0,0)
w(103,1,0,0)
w(104,1,0,0)
w(105,1,0,0)
w(106,1,0,0)
w(107,1,0,0)
w(108,1,0,0)
w(109,1,0,0)
w(110,1,0,0)
w(111,1,0,0)
w(112,1,0,0)
w(113,1,0,0)
w(114,1,0,0)
w(115,1,0,0)
w(116,1,0,0)
w(117,1,0,0)
w(118,1,0,0)
w(119,1,0,0)
w(120,1,0,0)
w(121,1,0,0)
w(122,1,0,0)
w(123,1,0,0)
w(124,1,0,0)
w(125,1,0,0)
w(126,1,0,0)
w(127,1,0,0)
w(128,1,0,0)
w(129,1,0,0)
w(130,1,0,0)
w(131,1,0,0)
w(132,1,0,0)
w(133,1,0,0)
w(134,1,0,0)
w(135,1,0,0)
w(136,1,0,0)
w(137,1,0,0)
w(138,1,0,0)
w(139,1,0,0)
w(140,1,0,0)
w(141,1,0,0)
w(142,1,0,0)
w(143,1,0,0)
w(144,1,0,0)
w(145,1,0,0)
w(146,1,0,0)
w(147,1,0,0)
w(148,1,0,0)
w(149,1,0,0)
w(150,1,0,0)
w(151,1,0,0)
w(152,1,0,0)
w(153,1,0,0)
w(154,1,0,0)
w(155,1,0,0)
w(156,1,0,0)
w(157,1,0,0)
w(158,1,0,0)
w(159,1,0,0)
w(160,1,0,0)
w(161,1,0,0)
w(162,1,0,0)
w(163,1,0,0)
w(164,1,0,0)
w(165,1,0,0)
w(166,1,0,0)
w(167,1,0,0)
w(168,1,0,0)
w(169,1,0,0)
w(170,1,0,0)
w(171,1,0,0)
w(172,1,0,0)
w(173,1,0,0)
w(174,1,0,0)
w(175,1,0,0)
w(176,1,0,0)
w(177,1,0,0)
w(178,1,0,0)
w(179,1,0,0)
w(180,1,0,0)
w(181,1,0,0)
w(182,1,0,0)
w(183,1,0,0)
w(184,1,0,0)
w(185,1,0,0)
w(186,1,0,0)
w(187,1,0,0)
w(188,1,0,0)
w(189,1,0,0)
w(190,1,0,0)
w(191,1,0,0)
w(192,1,0,0)
w(193,1,0,0)
w(194,1,0,0)
w(195,1,0,0)
w(196,1,0,0)
w(197,1,0,0)
w(198,1,0,0)
w(199,1,0,0)
w(200,1,0,0)
w(201,1,0,0)
w(202,1,0,0)
w(203,1,0,0)
w(204,1,0,0)
w(205,1,0,0)
w(206,1,0,0)
w(207,1,0,0)
w(208,1,0,0)
w(209,1,0,0)
w(210,1,0,0)
w(211,1,0,0)
w(212,1,0,0)
w(213,1,0,0)
w(214,1,0,0)
w(215,1,0,0)
w(216,1,0,0)
w(217,1,0,0)
w(218,1,0,0)
w(219,1,0,0)
w(220,1,0,0)
w(221,1,0,0)
w(222,1,0,0)
w(223,1,0,0)
w(224,1,0,0)
w(225,1,0,0)
w(226,1,0,0)
w(227,1,0,0)
w(228,1,0,0)
w(229,1,0,0)
w(230,1,0,0)
w(231,1,0,0)
w(232,1,0,0)
w(233,1,0,0)
w(234,1,0,0)
w(235,1,0,0)
w(236,1,0,0)
w(237,1,0,0)
w(238,1,0,0)
w(239,1,0,0)
w(240,1,0,0)
w(241,1,0,0)
w(242,1,0,0)
w(243,1,0,0)
w(244,1,0,0)
w(245,1,0,0)
w(246,1,0,0)
w(247,1,0,0)
w(248,1,0,0)
w(249,1,0,0)
w(250,1,0,0)
w(251,1,0,0)
w(252,1,0,0)
w(253,1,0,0)
w(254,1,0,0)
w(255,1,0,0)
w(256,1,0,0)
w(257,1,0,0)
w(258,1,0,0)
w(259,1,0,0)
w(260,1,0,0)
w(261,1,0,0)
w(262,1,0,0)
w(263,1,0,0)
w(264,1,0,0)
w(265,1,0,0)
w(266,1,0,0)
w(267,1,0,0)
w(268,1,0,0)
w(269,1,0,0)
w(270,1,0,0)
w(271,1,0,0)
w(272,1,0,0)
w(273,1,0,0)
w(274,1,0,0)
w(275,1,0,0)
w(276,1,0,0)
w(277,1,0,0)
w(278,1,0,0)
w(279,1,0,0)
w(280,1,0,0)
w(281,1,0,0)
w(282,1,0,0)
w(283,1,0,0)
w(284,1,0,0)
w(285,1,0,0)
w(286,1,0,0)
w(287,1,0,0)
w(288,1,0,0)
w(289,1,0,0)
w(290,1,0,0)
w(291,1,0,0)
w(292,1,0,0)
w(293,1,0,0)
w(294,1,0,0)
w(295,1,0,0)
w(296,1,0,0)
w(297,1,0,0)
w(298,1,0,0)
w(299,1,0,0)
w(300,1,0,0)
w(301,1,0,0)
w(302,1,0,0)
w(303,1,0,0)
w(304,1,0,0)
w(305,1,0,0)
w(306,1,0,0)
w(307,1,0,0)
w(308,1,0,0)
w(309,1,0,0)
w(310,1,0,0)
w(311,1,0,0)
w(312,1,0,0)
w(313,1,0,0)
w(314,1,0,0)
w(315,1,0,0)
w(316,1,0,0)
w(317,1,0,0)
w(318,1,0,0)
w(319,1,0,0)
w(320,1,0,0)
w(321,1,0,0)
w(322,1,0,0)
w(323,1,0,0)
w(324,1,0,0)
w(325,1,0,0)
w(326,1,0,0)
w(327,1,0,0)
w(328,1,0,0)
w(329,1,0,0)
w(330,1,0,0)
w(331,1,0,0)
w(332,1,0,0)
w(333,1,0,0)
w(334,1,0,0)
w(335,1,0,0)
w(336,1,0,0)
w(337,1,0,0)
w(338,1,0,0)
w(339,1,0,0)
w(340,1,0,0)
w(341,1,0,0)
w(342,1,0,0)
w(343,1,0,0)
w(344,1,0,0)
w(345,1,0,0)
w(346,1,0,0)
w(347,1,0,0)
w(348,1,0,0)
w(349,1,0,0)
w(350,1,0,0)
w(351,1,0,0)
w(352,1,0,0)
w(353,1,0,0)
w(354,1,0,0)
w(355,1,0,0)
w(356,1,0,0)
w(357,1,0,0)
w(358,1,0,0)
w(359,1,0,0)
w(360,1,0,0)
w(361,1,0,0)
w(362,1,0,0)
w(363,1,0,0)
w(364,1,0,0)
w(365,1,0,0)
w(366,1,0,0)
w(367,1,0,0)
w(368,1,0,0)
w(369,1,0,0)
w(370,1,0,0)
w(371,1,0,0)
w(372,1,0,0)
w(373,1,0,0)
w(374,1,0,0)
w(375,1,0,0)
w(376,1,0,0)
w(377,1,0,0)
w(378,1,0,0)
w(379,1,0,0)
w(380,1,0,0)
w(381,1,0,0)
w(382,1,0,0)
w(383,1,0,0)
w(384,1,0,0)
w(385,1,0,0)
w(386,1,0,0)
w(387,1,0,0)
w(388,1,0,0)
w(389,1,0,0)
w(390,1,0,0)
w(391,1,0,0)
w(392,1,0,0)
w(393,1,0,0)
w(394,1,0,0)
w(395,1,0,0)
w(396,1,0,0)
w(397,1,0,0)
w(398,1,0,0)
w(399,1,0,0)
w(400,1,0,0)
w(401,1,0,0)
w(402,1,0,0)
w(403,1,0,0)
w(404,1,0,0)
w(405,1,0,0)
w(406,1,0,0)
w(407,1,0,0)
w(408,1,0,0)
w(409,1,0,0)
w(410,1,0,0)
w(411,1,0,0)
w(412,1,0,0)
w(413,1,0,0)
w(414,1,0,0)
w(415,1,0,0)
w(416,1,0,0)
w(417,1,0,0)
w(418,1,0,0)
w(419,1,0,0)
w(420,1,0,0)
w(421,1,0,0)
w(422,1,0,0)
w(423,1,0,0)
w(424,1,0,0)
w(425,1,0,0)
w(426,1,0,0)
w(427,1,0,0)
w(428,1,0,0)
w(429,1,0,0)
w(430,1,0,0)
w(431,1,0,0)
w(432,1,0,0)
w(433,1,0,0)
w(434,1,0,0)
w(435,1,0,0)
w(436,1,0,0)
w(437,1,0,0)
w(438,1,0,0)
w(439,1,0,0)
w(440,1,0,0)
w(441,1,0,0)
w(442,1,0,0)
w(443,1,0,0)
w(444,1,0,0)
w(445,1,0,0)
w(446,1,0,0)
w(447,1,0,0)
w(448,1,0,0)
w(449,1,0,0)
w(450,1,0,0)
w(451,1,0,0)
w(452,1,0,0)
w(453,1,0,0)
w(454,1,0,0)
w(455,1,0,0)
w(456,1,0,0)
w(457,1,0,0)
w(458,1,0,0)
w(459,1,0,0)
w(460,1,0,0)
w(461,1,0,0)
w(462,1,0,0)
w(463,1,0,0)
w(464,1,0,0)
w(465,1,0,0)
w(466,1,0,0)
w(467,1,0,0)
w(468,1,0,0)
w(469,1,0,0)
w(470,1,0,0)
w(471,1,0,0)
w(472,1,0,0)
w(473,1,0,0)
w(474,1,0,0)
w(475,1,0,0)
w(476,1,0,0)
w(477,1,0,0)
w(478,1,0,0)
w(479,1,0,0)
w(480,1,0,0)
w(481,1,0,0)
w(482,1,0,0)
w(483,1,0,0)
w(484,1,0,0)
w(485,1,0,0)
w(486,1,0,0)
w(487,1,0,0)
w(488,1,0,0)
w(489,1,0,0)
w(490,1,0,0)
w(491,1,0,0)
w(492,1,0,0)
w(493,1,0,0)
w(494,1,0,0)
w(495,1,0,0)
w(496,1,0,0)
w(497,1,0,0)
w(498,1,0,0)
w(499,1,0,0)
w(500,1,0,0)
w(501,1,0,0)
w(502,1,0,0)
w(503,1,0,0)
w(504,1,0,0)
w(505,1,0,0)
w(506,1,0,0)
w(507,1,0,0)
w(508,1,0,0)
w(509,1,0,0)
w(510,1,0,0)
w(511,1,0,0)
w(512,1,0,0)
w(513,1,0,0)
w(514,1,0,0)
w(515,1,0,0)
w(516,1,0,0)
w(517,1,0,0)
w(518,1,0,0)
w(519,1,0,0)
w(520,1,0,0)
w(521,1,0,0)
w(522,1,0,0)
w(523,1,0,0)
w(524,1,0,0)
w(525,1,0,0)
w(526,1,0,0)
w(527,1,0,0)
w(528,1,0,0)
w(529,1,0,0)
w(530,1,0,0)
w(531,1,0,0)
w(532,1,0,0)
w(533,1,0,0)
w(534,1,0,0)
w(535,1,0,0)
w(536,1,0,0)
w(537,1,0,0)
w(538,1,0,0)
w(539,1,0,0)
w(540,1,0,0)
w(541,1,0,0)
w(542,1,0,0)
w(543,1,0,0)
w(544,1,0,0)
w(545,1,0,0)
w(546,1,0,0)
w(547,1,0,0)
w(548,1,0,0)
w(549,1,0,0)
w(550,1,0,0)
w(551,1,0,0)
w(552,1,0,0)
w(553,1,0,0)
w(554,1,0,0)
w(555,1,0,0)
w(556,1,0,0)
w(557,1,0,0)
w(558,1,0,0)
w(559,1,0,0)
w(560,1,0,0)
w(561,1,0,0)
w(562,1,0,0)
w(563,1,0,0)
w(564,1,0,0)
w(565,1,0,0)
w(566,1,0,0)
w(567,1,0,0)
w(568,1,0,0)
w(569,1,0,0)
w(570,1,0,0)
w(571,1,0,0)
w(572,1,0,0)
w(573,1,0,0)
w(574,1,0,0)
w(575,1,0,0)
w(576,1,0,0)
w(577,1,0,0)
w(578,1,0,0)
w(579,1,0,0)
w(580,1,0,0)
w(581,1,0,0)
w(582,1,0,0)
w(583,1,0,0)
w(584,1,0,0)
w(585,1,0,0)
w(586,1,0,0)
w(587,1,0,0)
w(588,1,0,0)
w(589,1,0,0)
w(590,1,0,0)
w(591,1,0,0)
w(592,1,0,0)
w(593,1,0,0)
w(594,1,0,0)
w(595,1,0,0)
w(596,1,0,0)
w(597,1,0,0)
w(598,1,0,0)
w(599,1,0,0)
w(600,1,0,0)
w(601,1,0,0)
w(602,1,0,0)
w(603,1,0,0)
w(604,1,0,0)
w(605,1,0,0)
w(606,1,0,0)
w(607,1,0,0)
w(608,1,0,0)
w(609,1,0,0)
w(610,1,0,0)
w(611,1,0,0)
w(612,1,0,0)
w(613,1,0,0)
w(614,1,0,0)
w(615,1,0,0)
w(616,1,0,0)
w(617,1,0,0)
w(618,1,0,0)
w(619,1,0,0)
w(620,1,0,0)
w(621,1,0,0)
w(622,1,0,0)
w(623,1,0,0)
w(624,1,0,0)
w(625,1,0,0)
w(626,1,0,0)
w(627,1,0,0)
w(628,1,0,0)
w(629,1,0,0)
w(630,1,0,0)
w(631,1,0,0)
w(632,1,0,0)
w(633,1,0,0)
w(634,1,0,0)
w(635,1,0,0)
w(636,1,0,0)
w(637,1,0,0)
w(638,1,0,0)
w(639,1,0,0)
w(640,1,0,0)
w(641,1,0,0)
w(642,1,0,0)
w(643,1,0,0)
w(644,1,0,0)
w(645,1,0,0)
w(646,1,0,0)
w(647,1,0,0)
w(648,1,0,0)
w(649,1,0,0)
w(650,1,0,0)
w(651,1,0,0)
w(652,1,0,0)
w(653,1,0,0)
w(654,1,0,0)
w(655,1,0,0)
w(656,1,0,0)
w(657,1,0,0)
w(658,1,0,0)
w(659,1,0,0)
w(660,1,0,0)
w(661,1,0,0)
w(662,1,0,0)
w(663,1,0,0)
w(664,1,0,0)
w(665,1,0,0)
w(666,1,0,0)
w(667,1,0,0)
w(668,1,0,0)
w(669,1,0,0)
w(670,1,0,0)
w(671,1,0,0)
w(672,1,0,0)
w(673,1,0,0)
w(674,1,0,0)
w(675,1,0,0)
w(676,1,0,0)
w(677,1,0,0)
w(678,1,0,0)
w(679,1,0,0)
w(680,1,0,0)
w(681,1,0,0)
w(682,1,0,0)
w(683,1,0,0)
w(684,1,0,0)
w(685,1,0,0)
w(686,1,0,0)
w(687,1,0,0)
w(688,1,0,0)
w(689,1,0,0)
w(690,1,0,0)
w(691,1,0,0)
w(692,1,0,0)
w(693,1,0,0)
w(694,1,0,0)
w(695,1,0,0)
w(696,1,0,0)
w(697,1,0,0)
w(698,1,0,0)
w(699,1,0,0)
w(700,1,0,0)
w(701,1,0,0)
w(702,1,0,0)
w(703,1,0,0)
w(704,1,0,0)
w(705,1,0,0)
w(706,1,0,0)
w(707,1,0,0)
w(708,1,0,0)
w(709,1,0,0)
w(710,1,0,0)
w(711,1,0,0)
w(712,1,0,0)
w(713,1,0,0)
w(714,1,0,0)
w(715,1,0,0)
w(716,1,0,0)
w(717,1,0,0)
w(718,1,0,0)
w(719,1,0,0)
w(720,1,0,0)
w(83,2,1,1)
r(248,1,1,1)
r(329,1,1,1)
r(159,1,1,1)
w(518,2,1,1)
r(213,1,1,1)
w(520,2,1,1)
w(397,2,1,1)
w(372,2,1,1)
r(593,1,1,1)
r(517,1,1,1)
r(346,1,1,1)
r(124,1,1,1)
r(583,1,1,1)
w(590,2,1,1)
w(240,2,1,1)
r(447,1,1,1)
r(72,1,1,1)
w(508,2,1,1)
w(679,2,1,1)
w(225,3,2,2)
r(40,1,2,2)
r(183,1,2,2)
r(315,6,2,2)
w(357,2,2,2)
r(67,1,2,2)
w(552,2,2,2)
r(326,1,2,2)
r(361,1,2,2)
r(117,1,2,2)
r(318,7,2,2)
r(586,1,2,2)
r(534,1,2,2)
w(282,3,2,2)
w(82,2,2,2)
r(202,1,2,2)
r(361,1,2,2)
r(125,1,2,2)
w(582,2,2,2)
w(23,2,2,2)
r(49,1,3,3)
w(288,6,3,3)
r(28,1,3,3)
r(445,1,3,3)
r(538,1,3,3)
w(405,2,3,3)
r(32,1,3,3)
r(481,1,3,3)
w(70,6,3,3)
r(247,1,3,3)
r(676,1,3,3)
r(505,1,3,3)
r(299,1,3,3)
w(214,2,3,3)
r(504,1,3,3)
w(273,2,3,3)
w(579,2,3,3)
w(130,2,3,3)
w(336,2,3,3)
w(640,2,3,3)
w(321,3,4,4)
w(687,3,4,4)
r(228,1,4,4)
w(218,3,4,4)
r(82,1,4,4)
w(660,3,4,4)
r(111,1,4,4)
w(506,3,4,4)
r(536,1,4,4)
r(134,1,4,4)
w(7,6,4,4)
w(86,6,4,4)
r(192,1,4,4)
w(194,6,4,4)
w(36,3,4,4)
r(163,1,5,5)
w(44,3,5,5)
w(148,4,5,5)
w(353,6,5,5)
r(413,1,5,5)
r(684,1,5,5)
r(206,1,5,5)
r(182,1,5,5)
w(230,7,5,5)
r(48,1,5,5)
r(584,1,5,5)
w(710,3,5,5)
r(213,1,5,5)
w(8,6,5,5)
r(317,1,5,5)
w(484,4,5,5)
w(172,2,5,5)
w(163,3,5,5)
w(538,5,5,5)
w(706,3,5,5)
r(613,1,6,6)
r(335,1,6,6)
w(304,6,6,6)
r(397,1,6,6)
r(193,1,6,6)
r(73,1,6,6)
r(340,5,6,6)
r(231,1,6,6)
r(385,1,6,6)
w(50,3,6,6)
w(221,5,6,6)
r(114,1,6,6)
r(662,1,6,6)
r(714,1,6,6)
w(319,2,6,6)
r(352,1,6,6)
r(576,1,6,6)
r(543,1,6,6)
w(388,5,6,6)
w(548,5,7,7)
r(419,1,7,7)
w(525,6,7,7)
w(329,6,7,7)
r(719,1,7,7)
w(430,7,7,7)
r(348,1,7,7)
r(502,1,7,7)
r(550,1,7,7)
w(301,6,7,7)
w(173,5,7,7)
w(27,6,7,7)
w(259,3,7,7)
r(6,1,7,7)
w(252,3,7,7)
r(621,1,7,7)
w(395,3,7,7)
w(712,3,7,7)
w(378,6,7,7)
r(56,1,7,7)
r(421,1,8,8)
r(150,1,8,8)
w(659,5,8,8)
r(682,1,8,8)
w(710,7,8,8)
w(622,7,8,8)
r(135,1,8,8)
w(135,2,8,8)
r(560,1,8,8)
w(553,3,8,8)
r(221,1,8,8)
r(446,7,8,8)
r(289,1,8,8)
r(100,1,8,8)
r(621,1,8,8)
w(501,7,8,8)
r(549,7,8,8)
r(695,9,8,8)
r(636,6,8,8)
w(163,7,8,8)
r(352,1,9,9)
r(142,1,9,9)
w(340,5,9,9)
r(694,1,9,9)
w(274,2,9,9)
r(154,1,9,9)
r(238,1,9,9)
r(219,1,9,9)
w(284,5,9,9)
w(628,7,9,9)
r(348,1,9,9)
r(674,1,9,9)
w(523,4,9,9)
w(549,7,9,9)
w(626,11,9,9)
r(160,1,9,9)
r(289,1,9,9)
w(636,6,9,9)
w(293,6,9,9)
r(586,1,9,9)
r(678,1,10,10)
w(86,4,10,10)
w(287,9,10,10)
w(454,10,10,10)
r(375,1,10,10)
r(614,1,10,10)
r(311,1,10,10)
w(86,11,10,10)
r(250,1,10,10)
r(585,1,10,10)
r(68,1,10,10)
w(695,9,10,10)
w(169,6,10,10)
r(55,1,10,10)
w(545,4,10,10)
w(359,9,10,10)
w(239,4,10,10)
w(234,7,10,10)
w(51,3,10,10)
r(273,1,10,10)
r(446,1,11,11)
w(650,5,11,11)
r(472,1,11,11)
r(495,1,11,11)
r(174,1,11,11)
w(462,4,11,11)
r(110,1,11,11)
r(53,1,11,11)
r(56,1,11,11)
w(707,7,11,11)
r(59,1,11,11)
w(200,11,11,11)
w(527,11,11,11)
r(570,1,11,11)
r(464,1,11,11)
w(73,9,11,11)
w(639,4,11,11)
w(238,6,11,11)
w(711,7,11,11)
r(93,1,11,11)
w(79,4,12,12)
w(592,6,12,12)
r(561,1,12,12)
r(69,1,12,12)
w(434,7,12,12)
w(382,3,12,12)
r(655,1,12,12)
r(474,1,12,12)
r(7,1,12,12)
r(427,1,12,12)
w(95,4,12,12)
w(359,13,12,12)
w(619,5,12,12)
r(339,1,12,12)
w(52,4,12,12)
w(61,6,12,12)
w(284,4,12,12)
w(28,5,12,12)
w(239,10,12,12)
r(695,9,12,12)
r(278,1,1,13)
w(8,2,1,13)
w(561,2,1,13)
w(343,2,1,13)
w(612,2,1,13)
w(118,2,1,13)
w(49,2,1,13)
r(429,1,1,13)
r(348,1,1,13)
w(271,2,1,13)
w(492,2,1,13)
r(546,1,1,13)
r(89,1,1,13)
r(467,1,1,13)
r(20,1,1,13)
r(258,1,1,13)
w(394,2,1,13)
w(652,2,1,13)
w(307,2,1,13)
w(585,3,1,13)
r(233,1,2,14)
r(349,1,2,14)
w(669,6,2,14)
w(538,3,2,14)
w(656,7,2,14)
w(286,2,2,14)
r(717,5,2,14)
w(632,3,2,14)
r(422,1,2,14)
w(416,3,2,14)
r(599,1,2,14)
r(555,1,2,14)
r(18,1,2,14)
w(639,2,2,14)
w(304,2,2,14)
w(349,3,2,14)
r(485,3,2,14)
w(548,3,2,14)
w(4,3,2,14)
w(459,2,2,14)
r(112,1,3,15)
r(215,1,3,15)
r(186,1,3,15)
r(523,4,3,15)
r(602,1,3,15)
w(247,6,3,15)
r(76,1,3,15)
w(666,3,3,15)
w(491,2,3,15)
r(545,4,3,15)
w(156,2,3,15)
w(219,3,3,15)
r(26,1,3,15)
w(465,3,3,15)
r(73,9,3,15)
w(291,2,3,15)
r(338,1,3,15)
r(589,3,3,15)
w(485,3,3,15)
w(381,2,3,15)
r(213,1,4,16)
r(437,1,4,16)
r(363,5,4,16)
r(278,1,4,16)
r(379,1,4,16)
r(362,1,4,16)
r(147,1,4,16)
r(229,1,4,16)
w(29,3,4,16)
r(17,1,4,16)
w(93,3,4,16)
r(475,1,4,16)
w(561,3,4,16)
r(506,1,4,16)
r(574,1,4,16)
w(490,3,4,16)
r(385,1,4,16)
w(66,6,4,16)
r(361,1,4,16)
r(210,1,4,16)
r(403,1,5,17)
w(75,3,5,17)
w(6,2,5,17)
w(711,6,5,17)
w(4,5,5,17)
r(474,1,5,17)
r(436,1,5,17)
r(247,6,5,17)
w(174,5,5,17)
r(626,11,5,17)
w(65,7,5,17)
r(68,1,5,17)
w(647,5,5,17)
r(132,1,5,17)
r(260,1,5,17)
r(476,1,5,17)
r(575,1,5,17)
w(42,2,5,17)
r(328,5,5,17)
r(270,1,5,17)
w(75,6,6,18)
w(23,4,6,18)
w(568,6,6,18)
w(288,7,6,18)
r(625,1,6,18)
r(437,1,6,18)
r(432,1,6,18)
w(250,5,6,18)
r(241,1,6,18)
r(204,1,6,18)
w(481,6,6,18)
w(204,5,6,18)
w(708,3,6,18)
r(96,1,6,18)
w(344,7,6,18)
w(622,6,6,18)
r(159,1,6,18)
r(359,13,6,18)
w(677,5,6,18)
w(129,5,6,18)
r(14,1,7,19)
r(238,6,7,19)
w(320,2,7,19)
r(572,1,7,19)
r(562,1,7,19)
w(671,3,7,19)
w(520,7,7,19)
w(271,3,7,19)
w(398,3,7,19)
r(421,1,7,19)
r(259,3,7,19)
w(364,6,7,19)
r(226,1,7,19)
r(594,1,7,19)
w(699,3,7,19)
w(308,6,7,19)
w(508,7,7,19)
w(589,3,7,19)
w(717,5,7,19)
w(493,3,7,19)
w(444,6,8,20)
r(689,1,8,20)
r(517,1,8,20)
r(510,1,8,20)
w(97,9,8,20)
r(6,1,8,20)
w(189,6,8,20)
w(79,6,8,20)
w(165,5,8,20)
w(483,4,8,20)
w(393,5,8,20)
w(162,4,8,20)
w(435,6,8,20)
r(36,1,8,20)
r(403,1,8,20)
r(474,1,8,20)
w(482,6,8,20)
r(356,1,8,20)
r(452,1,8,20)
r(304,1,8,20)
w(446,7,9,21)
w(29,7,9,21)
w(103,3,9,21)
r(582,1,9,21)
r(468,1,9,21)
w(88,3,9,21)
r(167,1,9,21)
w(16,6,9,21)
r(546,1,9,21)
w(363,5,9,21)
w(328,5,9,21)
w(393,7,9,21)
r(118,1,9,21)
w(70,7,9,21)
w(315,6,9,21)
w(318,7,9,21)
w(78,2,9,21)
w(424,4,9,21)
w(295,11,9,21)
r(246,1,9,21)
r(405,2,10,22)
r(478,1,10,22)
r(213,1,10,22)
r(701,10,10,22)
r(116,1,10,22)
r(332,1,10,22)
r(342,1,10,22)
w(209,5,10,22)
w(370,6,10,22)
r(596,1,10,22)
w(173,4,10,22)
r(321,1,10,22)
r(603,2,10,22)
r(523,4,10,22)
w(662,5,10,22)
r(134,1,10,22)
w(601,7,10,22)
r(479,1,10,22)
r(391,1,10,22)
r(197,1,10,22)
w(376,7,11,23)
w(701,10,11,23)
w(182,6,11,23)
r(304,2,11,23)
w(86,10,11,23)
r(371,1,11,23)
r(459,2,11,23)
r(308,3,11,23)
w(713,4,11,23)
r(675,1,11,23)
r(585,3,11,23)
w(522,6,11,23)
w(376,4,11,23)
r(241,1,11,23)
r(205,1,11,23)
r(579,2,11,23)
r(579,2,11,23)
w(91,9,11,23)
w(703,5,11,23)
r(558,1,11,23)
r(575,1,12,24)
w(505,7,12,24)
w(266,4,12,24)
r(244,1,12,24)
w(341,11,12,24)
w(284,11,12,24)
w(147,7,12,24)
w(390,7,12,24)
r(388,1,12,24)
w(447,11,12,24)
r(174,1,12,24)
w(267,5,12,24)
r(557,1,12,24)
w(674,3,12,24)
r(629,1,12,24)
w(446,4,12,24)
r(163,7,12,24)
w(483,9,12,24)
w(40,9,12,24)
r(648,1,12,24)
r(401,1,1,25)
w(27,2,1,25)
r(81,1,1,25)
r(64,1,1,25)
w(252,2,1,25)
r(576,1,1,25)
w(695,2,1,25)
w(411,2,1,25)
r(632,3,1,25)
r(261,1,1,25)
r(376,4,1,25)
w(444,2,1,25)
w(632,2,1,25)
r(427,1,1,25)
w(345,2,1,25)
w(55,2,1,25)
r(640,2,1,25)
r(161,1,1,25)
r(369,1,1,25)
r(123,1,1,25)
r(177,1,2,26)
r(155,1,2,26)
w(669,5,2,26)
w(200,2,2,26)
r(621,1,2,26)
w(277,2,2,26)
w(465,2,2,26)
r(589,3,2,26)
r(65,1,2,26)
w(719,3,2,26)
w(317,2,2,26)
r(531,1,2,26)
w(22,2,2,26)
r(474,1,2,26)
w(181,2,2,26)
w(528,3,2,26)
w(222,2,2,26)
r(718,1,2,26)
w(570,6,2,26)
r(150,1,2,26)
w(175,2,3,27)
w(595,2,3,27)
r(197,1,3,27)
r(703,1,3,27)
r(656,1,3,27)
w(308,3,3,27)
w(227,2,3,27)
w(230,6,3,27)
w(411,7,3,27)
w(48,2,3,27)
w(346,2,3,27)
r(264,1,3,27)
w(181,3,3,27)
r(686,1,3,27)
r(549,7,3,27)
r(149,1,3,27)
r(33,1,3,27)
w(127,3,3,27)
r(350,1,3,27)
w(553,2,3,27)
w(448,2,4,28)
r(515,1,4,28)
w(522,2,4,28)
w(29,6,4,28)
w(120,3,4,28)
r(665,1,4,28)
w(539,3,4,28)
r(557,1,4,28)
r(323,1,4,28)
w(615,2,4,28)
r(636,6,4,28)
w(333,2,4,28)
r(551,1,4,28)
w(216,2,4,28)
r(464,1,4,28)
r(401,1,4,28)
r(357,2,4,28)
r(590,2,4,28)
r(231,1,4,28)
r(712,3,4,28)
w(66,5,5,29)
w(396,5,5,29)
r(220,1,5,29)
w(607,2,5,29)
w(214,5,5,29)
r(51,3,5,29)
w(371,2,5,29)
w(584,3,5,29)
r(393,5,5,29)
r(437,1,5,29)
w(359,5,5,29)
r(241,1,5,29)
w(429,6,5,29)
r(59,1,5,29)
r(249,1,5,29)
r(31,1,5,29)
r(573,1,5,29)
r(405,2,5,29)
w(495,3,5,29)
r(612,2,5,29)
w(468,6,6,30)
r(55,1,6,30)
r(483,4,6,30)
r(228,1,6,30)
w(137,5,6,30)
w(39,5,6,30)
r(377,3,6,30)
w(184,2,6,30)
w(472,3,6,30)
w(116,2,6,30)
r(232,1,6,30)
w(40,3,6,30)
r(268,1,6,30)
w(186,3,6,30)
r(716,1,6,30)
w(412,3,6,30)
r(70,7,6,30)
r(666,3,6,30)
w(325,5,6,30)
w(190,7,6,30)
w(58,4,7,31)
w(143,2,7,31)
w(717,7,7,31)
w(661,2,7,31)
r(654,1,7,31)
r(116,2,7,31)
r(604,1,7,31)
r(134,1,7,31)
w(640,6,7,31)
w(348,2,7,31)
r(213,1,7,31)
r(136,3,7,31)
w(719,6,7,31)
r(469,1,7,31)
r(666,3,7,31)
r(12,1,7,31)
w(547,2,7,31)
r(372,2,7,31)
r(400,5,7,31)
w(688,5,7,31)
r(257,1,8,32)
r(635,1,8,32)
w(204,7,8,32)
r(548,3,8,32)
w(337,4,8,32)
r(248,1,8,32)
w(448,7,8,32)
w(536,6,8,32)
w(136,3,8,32)
r(93,3,8,32)
w(341,5,8,32)
w(223,6,8,32)
w(613,5,8,32)
r(551,1,8,32)
r(548,3,8,32)
r(286,2,8,32)
r(200,11,8,32)
r(474,1,8,32)
w(674,2,8,32)
r(532,1,8,32)
r(703,5,9,33)
w(184,6,9,33)
w(444,7,9,33)
w(173,7,9,33)
w(700,7,9,33)
r(172,2,9,33)
w(470,3,9,33)
w(249,5,9,33)
r(199,2,9,33)
r(267,5,9,33)
r(188,5,9,33)
w(314,5,9,33)
r(605,1,9,33)
r(713,7,9,33)
w(40,4,9,33)
r(489,5,9,33)
w(160,3,9,33)
w(488,6,9,33)
w(456,4,9,33)
r(541,1,9,33)
w(539,7,10,34)
r(59,2,10,34)
w(70,4,10,34)
r(51,3,10,34)
w(439,7,10,34)
w(317,11,10,34)
w(152,6,10,34)
r(494,1,10,34)
w(16,5,10,34)
r(634,2,10,34)
r(281,1,10,34)
w(58,9,10,34)
w(390,5,10,34)
r(704,1,10,34)
r(33,1,10,34)
r(169,6,10,34)
w(380,6,10,34)
r(650,5,10,34)
w(73,11,10,34)
r(394,7,10,34)
w(105,4,11,35)
w(458,2,11,35)
r(477,1,11,35)
r(35,1,11,35)
r(481,6,11,35)
r(289,1,11,35)
w(60,4,11,35)
r(669,5,11,35)
r(602,1,11,35)
r(126,6,11,35)
w(57,4,11,35)
w(570,9,11,35)
w(294,6,11,35)
w(310,4,11,35)
w(323,6,11,35)
r(203,1,11,35)
r(631,1,11,35)
r(414,1,11,35)
w(85,5,11,35)
w(419,7,11,35)
r(689,1,12,36)
w(342,9,12,36)
r(32,1,12,36)
w(674,6,12,36)
w(493,11,12,36)
w(375,6,12,36)
r(530,1,12,36)
w(74,10,12,36)
r(205,1,12,36)
w(415,7,12,36)
r(641,1,12,36)
w(170,11,12,36)
w(366,5,12,36)
w(38,7,12,36)
w(517,7,12,36)
r(719,6,12,36)
r(188,1,12,36)
r(281,1,12,36)
r(571,1,12,36)
r(280,1,12,36)
w(341,2,1,37)
w(266,2,1,37)
w(634,2,1,37)
r(659,5,1,37)
r(308,3,1,37)
w(255,2,1,37)
r(266,2,1,37)
r(631,1,1,37)
r(690,1,1,37)
w(154,2,1,37)
r(159,6,1,37)
w(231,2,1,37)
r(203,1,1,37)
r(521,1,1,37)
w(379,2,1,37)
r(374,3,1,37)
r(195,1,1,37)
r(374,3,1,37)
r(293,6,1,37)
w(76,2,1,37)
r(563,1,2,38)
r(122,6,2,38)
r(304,4,2,38)
w(177,3,2,38)
r(406,1,2,38)
w(322,2,2,38)
w(98,3,2,38)
r(147,6,2,38)
w(34,3,2,38)
r(154,2,2,38)
r(432,1,2,38)
r(155,1,2,38)
r(357,2,2,38)
r(221,1,2,38)
w(671,2,2,38)
w(598,2,2,38)
w(179,3,2,38)
r(24,3,2,38)
r(164,1,2,38)
r(221,1,2,38)
w(60,3,3,39)
r(32,1,3,39)
r(699,3,3,39)
r(633,1,3,39)
r(170,1,3,39)
w(245,3,3,39)
w(404,3,3,39)
w(91,3,3,39)
w(400,5,3,39)
r(664,1,3,39)
r(158,1,3,39)
r(452,1,3,39)
r(407,1,3,39)
w(556,2,3,39)
w(325,3,3,39)
w(30,2,3,39)
r(451,1,3,39)
r(91,3,3,39)
w(199,2,3,39)
r(517,1,3,39)
w(515,5,4,40)
w(603,2,4,40)
w(374,3,4,40)
r(140,1,4,40)
r(700,1,4,40)
w(377,3,4,40)
r(616,1,4,40)
r(670,1,4,40)
r(713,1,4,40)
w(115,3,4,40)
r(598,1,4,40)
r(96,1,4,40)
w(434,5,4,40)
r(382,3,4,40)
w(97,7,4,40)
r(338,1,4,40)
r(712,3,4,40)
w(349,6,4,40)
r(326,1,4,40)
r(225,3,4,40)
r(713,4,5,41)
w(495,6,5,41)
w(371,3,5,41)
r(434,5,5,41)
w(489,5,5,41)
w(498,3,5,41)
r(481,6,5,41)
r(639,2,5,41)
w(426,5,5,41)
w(366,3,5,41)
r(630,1,5,41)
w(542,5,5,41)
r(55,2,5,41)
r(230,6,5,41)
r(51,3,5,41)
r(119,1,5,41)
w(191,6,5,41)
r(384,1,5,41)
r(602,1,5,41)
w(607,3,5,41)
w(24,3,6,42)
r(432,1,6,42)
r(557,1,6,42)
w(513,5,6,42)
w(363,2,6,42)
r(585,3,6,42)
w(612,6,6,42)
r(602,1,6,42)
r(68,1,6,42)
r(581,1,6,42)
r(675,1,6,42)
r(210,1,6,42)
w(105,6,6,42)
r(443,1,6,42)
r(554,1,6,42)
w(152,2,6,42)
w(122,3,6,42)
w(52,5,6,42)
r(461,1,6,42)
w(675,5,6,42)
w(481,5,7,43)
r(342,9,7,43)
r(471,9,7,43)
w(464,6,7,43)
r(138,1,7,43)
r(408,1,7,43)
w(621,5,7,43)
r(571,1,7,43)
r(229,1,7,43)
w(291,6,7,43)
w(598,3,7,43)
w(254,6,7,43)
w(685,6,7,43)
r(698,1,7,43)
r(292,5,7,43)
w(639,5,7,43)
r(481,5,7,43)
r(35,1,7,43)
r(171,1,7,43)
w(551,5,7,43)
r(174,5,8,44)
w(672,3,8,44)
r(168,1,8,44)
w(159,5,8,44)
w(623,3,8,44)
r(445,1,8,44)
w(295,4,8,44)
w(288,11,8,44)
w(676,2,8,44)
w(498,7,8,44)
w(43,5,8,44)
r(635,1,8,44)
r(533,1,8,44)
w(342,7,8,44)
r(47,1,8,44)
r(60,3,8,44)
r(713,4,8,44)
r(314,1,8,44)
r(480,1,8,44)
w(141,3,8,44)
r(445,1,9,45)
w(415,3,9,45)
w(399,6,9,45)
r(389,2,9,45)
r(641,1,9,45)
r(34,3,9,45)
w(603,4,9,45)
w(72,3,9,45)
w(222,7,9,45)
r(29,6,9,45)
w(72,6,9,45)
r(240,2,9,45)
w(552,11,9,45)
r(335,1,9,45)
w(685,5,9,45)
w(339,3,9,45)
r(54,2,9,45)
r(527,11,9,45)
w(685,7,9,45)
r(159,6,9,45)
w(132,6,10,46)
r(679,2,10,46)
w(477,4,10,46)
r(137,6,10,46)
w(589,7,10,46)
r(65,3,10,46)
w(493,7,10,46)
w(699,7,10,46)
r(30,3,10,46)
r(715,5,10,46)
r(598,2,10,46)
w(129,4,10,46)
r(199,2,10,46)
r(701,12,10,46)
r(196,1,10,46)
w(45,5,10,46)
w(481,7,10,46)
r(117,4,10,46)
r(719,6,10,46)
w(320,6,10,46)
w(574,3,11,47)
w(621,11,11,47)
r(176,1,11,47)
w(651,5,11,47)
r(681,1,11,47)
r(688,5,11,47)
r(347,1,11,47)
r(527,11,11,47)
r(589,3,11,47)
w(471,9,11,47)
w(275,4,11,47)
w(15,4,11,47)
w(519,10,11,47)
w(5,2,11,47)
r(674,6,11,47)
r(400,5,11,47)
w(304,4,11,47)
r(78,2,11,47)
r(550,1,11,47)
w(455,6,11,47)
w(80,4,12,48)
w(46,5,12,48)
r(657,1,12,48)
w(301,7,12,48)
r(635,1,12,48)
w(717,9,12,48)
w(211,11,12,48)
r(456,1,12,48)
r(323,6,12,48)
w(54,6,12,48)
r(678,3,12,48)
w(107,5,12,48)
r(15,4,12,48)
w(415,4,12,48)
w(704,11,12,48)
r(259,3,12,48)
r(292,1,12,48)
w(93,6,12,48)
w(377,9,12,48)
w(709,11,12,48)
w(210,2,1,49)
r(169,6,1,49)
r(372,2,1,49)
w(680,2,1,49)
r(109,1,1,49)
r(425,1,1,49)
w(696,2,1,49)
w(645,2,1,49)
w(653,2,1,49)
r(710,7,1,49)
w(501,2,1,49)
r(629,1,1,49)
r(463,1,1,49)
r(132,1,1,49)
r(494,1,1,49)
w(278,2,1,49)
r(116,2,1,49)
w(101,2,1,49)
r(541,1,1,49)
r(495,6,1,49)
r(128,1,2,50)
r(613,5,2,50)
r(227,2,2,50)
r(17,1,2,50)
w(103,2,2,50)
w(334,3,2,50)
r(409,1,2,50)
w(530,2,2,50)
r(251,1,2,50)
w(677,3,2,50)
r(380,6,2,50)
w(55,3,2,50)
w(650,2,2,50)
w(593,2,2,50)
r(119,1,2,50)
w(9,6,2,50)
r(639,5,2,50)
r(703,5,2,50)
r(344,7,2,50)
w(234,2,2,50)
r(502,1,3,51)
w(404,6,3,51)
r(314,1,3,51)
r(288,11,3,51)
w(264,3,3,51)
r(326,1,3,51)
r(18,1,3,51)
w(30,3,3,51)
w(609,3,3,51)
r(278,1,3,51)
r(520,7,3,51)
w(500,2,3,51)
w(433,2,3,51)
w(167,6,3,51)
r(200,2,3,51)
r(48,2,3,51)
r(161,1,3,51)
r(688,1,3,51)
w(59,2,3,51)
w(159,6,3,51)
w(126,6,4,52)
r(42,2,4,52)
r(138,1,4,52)
r(495,1,4,52)
r(138,1,4,52)
w(717,6,4,52)
w(652,6,4,52)
r(6,2,4,52)
r(551,1,4,52)
r(431,1,4,52)
r(242,1,4,52)
w(610,5,4,52)
w(67,3,4,52)
w(218,6,4,52)
w(683,3,4,52)
w(411,4,4,52)
r(245,3,4,52)
r(660,1,4,52)
r(589,3,4,52)
w(401,2,4,52)
r(679,2,5,53)
w(368,6,5,53)
w(565,6,5,53)
r(296,1,5,53)
r(144,1,5,53)
w(364,3,5,53)
r(251,1,5,53)
r(269,1,5,53)
r(177,1,5,53)
w(137,6,5,53)
w(597,2,5,53)
w(188,5,5,53)
w(586,6,5,53)
r(665,1,5,53)
r(299,1,5,53)
r(122,1,5,53)
r(442,1,5,53)
r(130,2,5,53)
r(401,2,5,53)
w(678,3,5,53)
r(64,1,6,54)
w(336,6,6,54)
r(642,1,6,54)
w(319,3,6,54)
w(555,5,6,54)
w(139,3,6,54)
w(467,2,6,54)
w(695,4,6,54)
r(709,11,6,54)
r(440,1,6,54)
w(79,3,6,54)
r(659,5,6,54)
r(357,2,6,54)
r(171,1,6,54)
w(575,6,6,54)
w(637,5,6,54)
r(120,3,6,54)
r(50,1,6,54)
r(91,9,6,54)
w(654,7,6,54)
r(8,2,7,55)
r(13,6,7,55)
w(133,5,7,55)
w(58,11,7,55)
w(116,3,7,55)
r(701,12,7,55)
w(454,3,7,55)
r(602,1,7,55)
w(141,2,7,55)
w(604,6,7,55)
r(444,2,7,55)
w(234,6,7,55)
r(614,1,7,55)
w(554,3,7,55)
w(507,3,7,55)
w(287,7,7,55)
r(506,2,7,55)
w(175,6,7,55)
w(340,6,7,55)
r(399,1,7,55)
w(106,6,8,56)
r(653,1,8,56)
w(394,7,8,56)
r(662,5,8,56)
w(49,4,8,56)
r(52,4,8,56)
w(189,5,8,56)
w(362,3,8,56)
r(678,1,8,56)
r(507,1,8,56)
r(228,1,8,56)
w(713,7,8,56)
r(472,3,8,56)
w(691,5,8,56)
r(191,6,8,56)
w(206,2,8,56)
w(208,3,8,56)
w(40,5,8,56)
r(225,3,8,56)
w(131,3,8,56)
w(186,5,9,57)
r(323,7,9,57)
w(421,4,9,57)
w(636,5,9,57)
w(450,6,9,57)
r(333,2,9,57)
r(66,5,9,57)
w(276,5,9,57)
w(515,4,9,57)
r(180,2,9,57)
w(3,6,9,57)
w(668,2,9,57)
w(247,13,9,57)
w(212,5,9,57)
w(264,4,9,57)
r(19,6,9,57)
r(390,3,9,57)
r(250,6,9,57)
w(513,11,9,57)
r(476,4,9,57)
r(673,1,10,58)
r(86,10,10,58)
w(604,7,10,58)
w(509,6,10,58)
w(44,5,10,58)
w(566,5,10,58)
w(628,11,10,58)
w(395,7,10,58)
w(391,7,10,58)
r(349,6,10,58)
r(464,6,10,58)
w(462,7,10,58)
r(209,5,10,58)
r(245,3,10,58)
w(546,5,10,58)
r(41,1,10,58)
r(445,1,10,58)
w(606,7,10,58)
w(125,6,10,58)
r(688,5,10,58)
r(648,1,11,59)
w(647,11,11,59)
r(37,1,11,59)
r(459,2,11,59)
r(649,1,11,59)
w(464,5,11,59)
r(235,1,11,59)
r(305,1,11,59)
w(715,5,11,59)
w(187,4,11,59)
w(552,8,11,59)
r(212,1,11,59)
w(2,5,11,59)
w(454,8,11,59)
r(391,1,11,59)
r(253,1,11,59)
r(75,3,11,59)
r(197,1,11,59)
r(168,1,11,59)
r(272,1,11,59)
w(520,9,12,60)
w(393,9,12,60)
w(483,10,12,60)
r(347,1,12,60)
w(411,9,12,60)
w(488,7,12,60)
w(105,9,12,60)
w(706,4,12,60)
r(138,1,12,60)
w(386,7,12,60)
r(65,7,12,60)
r(299,5,12,60)
r(114,1,12,60)
w(498,11,12,60)
r(247,6,12,60)
r(298,1,12,60)
r(242,1,12,60)
w(476,4,12,60)
r(560,1,12,60)
w(701,8,12,60)
w(269,2,1,61)
r(622,6,1,61)
w(237,2,1,61)
r(510,1,1,61)
r(678,3,1,61)
w(311,2,1,61)
w(473,2,1,61)
r(702,1,1,61)
w(590,3,1,61)
w(230,2,1,61)
w(275,2,1,61)
r(552,8,1,61)
r(272,1,1,61)
w(543,2,1,61)
r(324,1,1,61)
r(115,3,1,61)
w(150,2,1,61)
r(477,3,1,61)
r(297,1,1,61)
w(484,2,1,61)
r(176,1,2,62)
r(640,6,2,62)
w(451,2,2,62)
r(698,1,2,62)
w(126,3,2,62)
r(529,1,2,62)
r(197,3,2,62)
r(534,1,2,62)
w(662,3,2,62)
r(141,2,2,62)
r(685,6,2,62)
w(13,2,2,62)
r(200,2,2,62)
r(368,6,2,62)
r(701,12,2,62)
r(453,3,2,62)
r(244,1,2,62)
r(194,1,2,62)
r(414,1,2,62)
r(80,4,2,62)
w(486,3,3,63)
r(233,1,3,63)
r(251,1,3,63)
r(398,3,3,63)
r(284,6,3,63)
w(377,2,3,63)
w(249,3,3,63)
r(717,9,3,63)
r(376,4,3,63)
w(477,3,3,63)
r(202,6,3,63)
r(516,1,3,63)
r(647,11,3,63)
r(313,1,3,63)
r(207,1,3,63)
w(151,2,3,63)
r(556,2,3,63)
w(214,3,3,63)
w(442,3,3,63)
w(642,2,3,63)
w(54,2,4,64)
w(427,2,4,64)
w(675,6,4,64)
r(501,2,4,64)
w(627,3,4,64)
r(80,4,4,64)
w(13,6,4,64)
w(81,5,4,64)
w(603,3,4,64)
r(619,3,4,64)
r(720,1,4,64)
w(37,7,4,64)
r(6,2,4,64)
r(69,1,4,64)
w(198,3,4,64)
r(589,3,4,64)
w(65,2,4,64)
r(350,1,4,64)
r(674,6,4,64)
r(252,2,4,64)
r(72,1,5,65)
r(402,1,5,65)
w(339,2,5,65)
r(41,1,5,65)
r(169,6,5,65)
r(304,4,5,65)
w(299,5,5,65)
r(26,1,5,65)
r(649,1,5,65)
w(39,6,5,65)
w(637,6,5,65)
r(56,1,5,65)
w(619,3,5,65)
r(642,1,5,65)
r(498,3,5,65)
r(695,2,5,65)
w(202,6,5,65)
r(682,1,5,65)
w(100,4,5,65)
r(178,1,5,65)
r(210,3,6,66)
w(669,7,6,66)
r(268,1,6,66)
r(601,7,6,66)
w(177,6,6,66)
r(116,2,6,66)
w(36,6,6,66)
w(1,5,6,66)
r(348,2,6,66)
w(667,6,6,66)
r(115,3,6,66)
w(147,6,6,66)
w(416,6,6,66)
r(435,6,6,66)
w(192,6,6,66)
w(309,6,6,66)
w(670,4,6,66)
w(525,3,6,66)
w(122,6,6,66)
w(25,6,6,66)
r(530,2,7,67)
w(308,5,7,67)
r(683,3,7,67)
r(163,7,7,67)
w(558,6,7,67)
w(667,7,7,67)
w(105,5,7,67)
r(376,11,7,67)
w(681,6,7,67)
r(165,3,7,67)
w(335,3,7,67)
w(534,7,7,67)
r(537,1,7,67)
w(523,3,7,67)
w(567,2,7,67)
r(149,1,7,67)
r(217,2,7,67)
w(404,4,7,67)
w(209,3,7,67)
r(59,2,7,67)
w(292,5,8,68)
r(541,1,8,68)
w(121,5,8,68)
w(161,7,8,68)
r(511,1,8,68)
r(475,1,8,68)
r(29,6,8,68)
w(91,4,8,68)
r(376,4,8,68)
r(116,2,8,68)
r(494,1,8,68)
r(162,4,8,68)
r(582,2,8,68)
w(385,6,8,68)
r(510,1,8,68)
w(624,6,8,68)
r(714,1,8,68)
r(288,11,8,68)
w(133,7,8,68)
w(623,6,8,68)
w(221,11,9,69)
r(456,7,9,69)
w(110,2,9,69)
w(252,6,9,69)
w(57,5,9,69)
r(269,2,9,69)
r(70,4,9,69)
w(514,6,9,69)
w(138,5,9,69)
w(248,6,9,69)
w(216,7,9,69)
w(145,2,9,69)
r(528,4,9,69)
r(305,3,9,69)
w(666,5,9,69)
w(280,6,9,69)
w(391,5,9,69)
r(486,6,9,69)
r(186,5,9,69)
r(399,6,9,69)
w(519,9,10,70)
r(130,3,10,70)
r(289,2,10,70)
w(488,5,10,70)
r(283,1,10,70)
w(270,5,10,70)
r(453,3,10,70)
r(556,2,10,70)
w(302,7,10,70)
w(392,6,10,70)
w(680,5,10,70)
w(109,3,10,70)
r(3,4,10,70)
w(402,2,10,70)
r(130,3,10,70)
w(660,5,10,70)
r(573,1,10,70)
r(636,6,10,70)
r(311,2,10,70)
r(532,1,10,70)
r(498,11,11,71)
w(584,11,11,71)
r(22,2,11,71)
w(323,5,11,71)
w(117,7,11,71)
r(149,1,11,71)
w(254,4,11,71)
r(675,6,11,71)
w(705,5,11,71)
r(709,11,11,71)
w(43,11,11,71)
r(571,1,11,71)
w(117,4,11,71)
r(65,2,11,71)
r(695,4,11,71)
r(380,6,11,71)
r(623,6,11,71)
r(208,3,11,71)
r(489,5,11,71)
r(337,4,11,71)
w(112,2,12,72)
w(246,4,12,72)
w(478,5,12,72)
w(100,11,12,72)
r(287,9,12,72)
r(419,7,12,72)
w(162,9,12,72)
w(592,5,12,72)
w(637,9,12,72)
w(383,10,12,72)
w(514,11,12,72)
w(574,6,12,72)
r(543,1,12,72)
w(257,11,12,72)
w(377,10,12,72)
r(132,1,12,72)
r(542,5,12,72)
w(400,8,12,72)
w(432,10,12,72)
w(3,4,12,72)
w(217,2,1,73)
r(471,6,1,73)
r(660,1,1,73)
r(207,1,1,73)
r(467,2,1,73)
r(611,1,1,73)
r(614,1,1,73)
r(148,4,1,73)
r(365,1,1,73)
r(221,1,1,73)
w(220,2,1,73)
w(659,2,1,73)
r(294,6,1,73)
w(691,2,1,73)
w(479,2,1,73)
r(8,2,1,73)
w(396,2,1,73)
r(124,2,1,73)
r(627,3,1,73)
w(177,2,1,73)
w(276,2,2,74)
r(75,2,2,74)
w(11,2,2,74)
r(506,2,2,74)
w(616,2,2,74)
r(436,1,2,74)
w(347,2,2,74)
r(720,1,2,74)
w(326,3,2,74)
w(95,2,2,74)
w(682,2,2,74)
w(36,2,2,74)
w(512,2,2,74)
w(666,2,2,74)
r(224,2,2,74)
r(90,1,2,74)
r(229,1,2,74)
r(517,7,2,74)
w(165,3,2,74)
r(624,6,2,74)
w(257,6,3,75)
r(329,6,3,75)
r(529,1,3,75)
w(239,2,3,75)
w(709,3,3,75)
r(86,10,3,75)
w(506,2,3,75)
w(453,3,3,75)
w(185,6,3,75)
w(40,2,3,75)
w(10,3,3,75)
r(178,1,3,75)
w(574,2,3,75)
r(189,5,3,75)
r(290,1,3,75)
r(274,2,3,75)
w(327,2,3,75)
r(271,2,3,75)
w(255,7,3,75)
w(96,2,3,75)
w(89,2,4,76)
w(26,6,4,76)
r(695,4,4,76)
r(507,1,4,76)
r(675,6,4,76)
w(68,3,4,76)
r(503,1,4,76)
w(561,6,4,76)
r(311,1,4,76)
r(379,2,4,76)
w(106,2,4,76)
w(147,3,4,76)
w(350,3,4,76)
w(710,2,4,76)
w(328,6,4,76)
r(521,1,4,76)
w(65,3,4,76)
w(452,6,4,76)
w(389,2,4,76)
w(123,2,4,76)
r(216,2,5,77)
r(434,5,5,77)
r(324,1,5,77)
w(665,3,5,77)
r(272,1,5,77)
w(285,6,5,77)
w(204,6,5,77)
w(652,4,5,77)
w(210,3,5,77)
r(436,1,5,77)
r(280,1,5,77)
w(124,2,5,77)
r(678,3,5,77)
w(691,6,5,77)
w(284,6,5,77)
w(635,3,5,77)
w(456,6,5,77)
w(185,5,5,77)
w(279,2,5,77)
w(448,6,5,77)
r(582,2,6,78)
w(714,3,6,78)
r(573,1,6,78)
r(561,6,6,78)
w(658,2,6,78)
r(506,2,6,78)
w(541,2,6,78)
r(315,6,6,78)
w(124,3,6,78)
w(60,5,6,78)
w(673,3,6,78)
w(120,6,6,78)
r(480,1,6,78)
r(115,3,6,78)
w(516,2,6,78)
w(393,6,6,78)
w(424,6,6,78)
r(377,10,6,78)
r(635,3,6,78)
r(79,2,6,78)
r(604,7,7,79)
w(500,3,7,79)
w(715,6,7,79)
r(69,1,7,79)
r(227,2,7,79)
w(294,3,7,79)
w(701,7,7,79)
w(327,6,7,79)
r(574,2,7,79)
r(711,5,7,79)
r(336,7,7,79)
w(456,7,7,79)
r(100,6,7,79)
w(97,11,7,79)
r(92,3,7,79)
w(700,6,7,79)
w(379,6,7,79)
r(96,2,7,79)
r(231,2,7,79)
r(684,2,7,79)
r(258,1,8,80)
w(357,4,8,80)
r(174,5,8,80)
w(270,6,8,80)
w(167,5,8,80)
w(424,7,8,80)
r(717,9,8,80)
r(655,1,8,80)
w(238,3,8,80)
r(521,1,8,80)
w(446,6,8,80)
r(550,1,8,80)
w(569,7,8,80)
r(330,1,8,80)
w(192,7,8,80)
r(372,2,8,80)
r(274,2,8,80)
w(495,4,8,80)
w(441,3,8,80)
w(197,3,8,80)
w(388,7,9,81)
r(596,2,9,81)
w(73,4,9,81)
r(205,5,9,81)
r(220,3,9,81)
r(375,3,9,81)
r(692,3,9,81)
r(544,2,9,81)
r(433,2,9,81)
w(626,10,9,81)
w(29,4,9,81)
w(699,5,9,81)
w(262,11,9,81)
r(9,3,9,81)
r(567,6,9,81)
r(54,2,9,81)
w(11,6,9,81)
w(537,5,9,81)
w(550,3,9,81)
w(602,5,10,82)
w(520,11,10,82)
w(421,11,10,82)
r(702,1,10,82)
w(137,4,10,82)
r(277,5,10,82)
w(461,7,10,82)
w(36,5,10,82)
w(212,7,10,82)
w(560,4,10,82)
r(230,2,10,82)
r(260,1,10,82)
r(273,2,10,82)
w(15,7,10,82)
r(587,1,10,82)
r(142,3,10,82)
r(185,9,10,82)
r(286,2,10,82)
r(120,3,10,82)
w(120,4,10,82)
r(394,7,11,83)
w(180,11,11,83)
r(704,11,11,83)
w(473,5,11,83)
w(182,5,11,83)
w(623,7,11,83)
w(135,6,11,83)
w(403,7,11,83)
w(406,2,11,83)
w(216,4,11,83)
r(497,1,11,83)
w(420,3,11,83)
r(586,6,11,83)
r(499,1,11,83)
w(705,7,11,83)
w(419,4,11,83)
r(512,5,11,83)
r(418,1,11,83)
w(572,3,11,83)
w(469,3,11,83)
w(402,3,12,84)
r(148,4,12,84)
r(385,6,12,84)
w(170,9,12,84)
w(224,2,12,84)
w(589,9,12,84)
r(10,1,12,84)
w(701,13,12,84)
w(284,9,12,84)
w(701,12,12,84)
r(167,5,12,84)
w(84,6,12,84)
r(270,6,12,84)
w(500,6,12,84)
w(419,11,12,84)
r(669,7,12,84)
w(520,10,12,84)
w(677,10,12,84)
r(105,9,12,84)
w(33,7,12,84)
w(171,2,1,85)
r(216,4,1,85)
r(342,9,1,85)
w(255,3,1,85)
r(86,10,1,85)
w(2,2,1,85)
r(270,6,1,85)
w(610,2,1,85)
w(58,2,1,85)
w(126,2,1,85)
w(190,2,1,85)
w(312,2,1,85)
r(570,9,1,85)
w(203,2,1,85)
r(444,2,1,85)
r(357,4,1,85)
r(594,1,1,85)
w(37,2,1,85)
w(265,2,1,85)
r(654,7,1,85)
r(326,3,2,86)
r(453,3,2,86)
r(171,2,2,86)
w(508,6,2,86)
r(547,2,2,86)
r(710,2,2,86)
w(316,2,2,86)
w(187,2,2,86)
w(484,3,2,86)
r(114,1,2,86)
w(204,2,2,86)
r(244,2,2,86)
r(594,1,2,86)
r(297,1,2,86)
r(229,1,2,86)
r(151,3,2,86)
r(266,2,2,86)
w(122,2,2,86)
r(268,1,2,86)
w(617,3,2,86)
w(139,2,3,87)
r(155,1,3,87)
r(694,1,3,87)
w(430,2,3,87)
r(574,2,3,87)
r(369,1,3,87)
w(242,2,3,87)
w(158,3,3,87)
w(37,3,3,87)
r(183,1,3,87)
w(63,2,3,87)
r(373,1,3,87)
r(389,2,3,87)
w(242,3,3,87)
r(693,1,3,87)
r(18,1,3,87)
r(194,1,3,87)
r(353,6,3,87)
r(599,1,3,87)
w(158,6,3,87)
r(349,6,4,88)
r(79,2,4,88)
r(36,6,4,88)
r(342,9,4,88)
r(656,7,4,88)
w(695,3,4,88)
w(542,3,4,88)
r(202,6,4,88)
w(280,2,4,88)
r(204,6,4,88)
w(652,5,4,88)
r(525,3,4,88)
r(245,3,4,88)
r(470,3,4,88)
w(502,3,4,88)
r(68,3,4,88)
w(509,3,4,88)
r(663,1,4,88)
r(200,2,4,88)
r(513,5,4,88)
r(165,5,5,89)
w(12,3,5,89)
w(471,6,5,89)
r(139,3,5,89)
w(91,5,5,89)
w(512,5,5,89)
w(447,5,5,89)
w(449,2,5,89)
r(668,1,5,89)
r(693,1,5,89)
r(351,1,5,89)
w(505,2,5,89)
r(77,1,5,89)
r(67,3,5,89)
w(175,3,5,89)
r(546,1,5,89)
w(278,5,5,89)
w(132,2,5,89)
r(46,5,5,89)
r(357,4,5,89)
w(247,9,6,90)
r(117,4,6,90)
r(566,5,6,90)
r(91,5,6,90)
w(410,3,6,90)
r(511,1,6,90)
r(368,6,6,90)
r(654,7,6,90)
r(645,2,6,90)
w(554,2,6,90)
w(587,3,6,90)
w(148,11,6,90)
w(522,3,6,90)
w(19,6,6,90)
w(25,5,6,90)
w(67,6,6,90)
w(210,6,6,90)
w(383,3,6,90)
w(233,5,6,90)
r(8,2,6,90)
r(326,2,7,91)
w(168,5,7,91)
w(432,7,7,91)
w(698,7,7,91)
r(367,1,7,91)
w(9,5,7,91)
w(493,6,7,91)
r(668,2,7,91)
w(699,6,7,91)
r(496,2,7,91)
w(200,4,7,91)
r(369,6,7,91)
w(209,6,7,91)
w(447,7,7,91)
w(196,6,7,91)
r(248,1,7,91)
w(225,7,7,91)
r(556,2,7,91)
w(107,6,7,91)
w(694,2,7,91)
w(99,2,8,92)
r(141,3,8,92)
r(137,6,8,92)
w(678,7,8,92)
w(634,3,8,92)
w(77,5,8,92)
w(642,3,8,92)
r(75,3,8,92)
w(638,3,8,92)
w(198,7,8,92)
r(176,1,8,92)
w(562,6,8,92)
w(615,7,8,92)
w(528,4,8,92)
w(338,10,8,92)
w(626,7,8,92)
w(314,6,8,92)
w(462,6,8,92)
w(261,5,8,92)
w(125,3,8,92)
w(205,6,9,93)
r(97,3,9,93)
w(412,5,9,93)
r(115,2,9,93)
w(476,7,9,93)
r(253,2,9,93)
w(564,5,9,93)
w(510,5,9,93)
w(550,6,9,93)
r(457,1,9,93)
w(25,4,9,93)
w(578,4,9,93)
w(714,5,9,93)
r(441,6,9,93)
r(9,3,9,93)
w(394,4,9,93)
w(221,9,9,93)
r(570,2,9,93)
r(589,4,9,93)
w(268,5,9,93)
w(252,5,10,94)
r(190,2,10,94)
r(10,3,10,94)
w(279,3,10,94)
w(33,5,10,94)
w(103,6,10,94)
r(451,2,10,94)
r(198,6,10,94)
r(561,6,10,94)
r(543,2,10,94)
w(438,6,10,94)
w(159,7,10,94)
r(629,1,10,94)
r(144,2,10,94)
r(42,2,10,94)
r(195,1,10,94)
r(237,2,10,94)
w(86,9,10,94)
r(65,3,10,94)
w(517,6,10,94)
w(220,5,11,95)
w(467,6,11,95)
w(203,7,11,95)
w(243,4,11,95)
r(262,1,11,95)
r(670,7,11,95)
w(298,8,11,95)
r(677,3,11,95)
r(577,1,11,95)
r(662,2,11,95)
w(359,8,11,95)
w(709,4,11,95)
r(407,1,11,95)
w(411,11,11,95)
r(441,3,11,95)
r(44,5,11,95)
w(51,5,11,95)
r(316,1,11,95)
w(376,11,11,95)
w(162,11,11,95)
w(533,7,12,96)
r(430,2,12,96)
w(18,3,12,96)
r(69,1,12,96)
r(424,7,12,96)
r(664,1,12,96)
r(424,7,12,96)
r(146,1,12,96)
w(615,4,12,96)
r(292,5,12,96)
w(277,13,12,96)
w(74,8,12,96)
r(210,3,12,96)
w(179,10,12,96)
w(559,6,12,96)
r(577,1,12,96)
w(82,5,12,96)
w(193,7,12,96)
r(668,1,12,96)
r(665,3,12,96)
w(468,3,1,97)
r(105,9,1,97)
r(45,5,1,97)
r(485,3,1,97)
w(596,2,1,97)
w(684,2,1,97)
r(52,5,1,97)
w(620,2,1,97)
r(684,2,1,97)
w(496,2,1,97)
r(680,2,1,97)
r(221,1,1,97)
r(637,9,1,97)
w(662,2,1,97)
w(232,2,1,97)
r(204,6,1,97)
r(231,2,1,97)
w(75,2,1,97)
w(180,2,1,97)
w(502,2,1,97)
w(144,2,2,98)
w(439,2,2,98)
w(584,2,2,98)
w(154,6,2,98)
w(471,2,2,98)
w(599,6,2,98)
w(265,6,2,98)
r(624,6,2,98)
w(551,3,2,98)
w(585,7,2,98)
r(236,1,2,98)
r(168,1,2,98)
w(497,2,2,98)
r(114,1,2,98)
w(706,2,2,98)
r(1,11,2,98)
r(352,1,2,98)
w(565,3,2,98)
w(243,3,2,98)
w(576,2,2,98)
r(36,6,3,99)
w(395,2,3,99)
r(704,11,3,99)
w(250,3,3,99)
r(498,11,3,99)
w(550,2,3,99)
r(535,1,3,99)
r(442,3,3,99)
r(530,1,3,99)
r(79,3,3,99)
w(130,3,3,99)
r(544,1,3,99)
w(81,6,3,99)
r(213,1,3,99)
r(5,2,3,99)
w(253,2,3,99)
w(578,2,3,99)
r(372,6,3,99)
w(256,2,3,99)
r(440,1,3,99)
r(150,2,4,100)
w(557,3,4,100)
r(252,2,4,100)
r(77,5,4,100)
r(511,1,4,100)
w(563,6,4,100)
r(272,1,4,100)
w(146,2,4,100)
r(90,1,4,100)
r(412,3,4,100)
w(214,6,4,100)
w(347,3,4,100)
r(196,1,4,100)
r(317,11,4,100)
r(466,1,4,100)
w(284,3,4,100)
w(232,6,4,100)
r(118,4,4,100)
r(225,3,4,100)
r(130,3,4,100)
r(293,6,5,101)
w(502,6,5,101)
r(468,6,5,101)
r(87,1,5,101)
w(429,5,5,101)
r(367,1,5,101)
r(444,2,5,101)
w(243,6,5,101)
r(176,1,5,101)
r(675,6,5,101)
r(27,2,5,101)
w(83,3,5,101)
w(456,5,5,101)
w(504,6,5,101)
w(118,4,5,101)
w(626,3,5,101)
w(222,6,5,101)
r(506,2,5,101)
w(372,6,5,101)
r(250,5,5,101)
r(449,2,6,102)
r(128,6,6,102)
w(391,3,6,102)
w(502,5,6,102)
r(139,2,6,102)
r(196,1,6,102)
r(439,2,6,102)
r(178,2,6,102)
r(410,2,6,102)
w(647,7,6,102)
r(20,1,6,102)
w(692,3,6,102)
r(463,5,6,102)
w(57,3,6,102)
w(111,6,6,102)
r(586,6,6,102)
r(333,2,6,102)
w(291,3,6,102)
r(320,6,6,102)
r(4,2,6,102)
r(608,1,7,103)
r(538,4,7,103)
r(500,3,7,103)
r(219,3,7,103)
w(663,6,7,103)
r(712,2,7,103)
w(187,5,7,103)
r(699,6,7,103)
w(696,6,7,103)
r(554,2,7,103)
r(541,2,7,103)
w(372,5,7,103)
w(30,7,7,103)
w(239,5,7,103)
r(674,6,7,103)
r(526,1,7,103)
w(656,9,7,103)
w(191,5,7,103)
r(260,1,7,103)
w(65,4,7,103)
w(318,5,8,104)
r(329,6,8,104)
r(590,3,8,104)
r(240,2,8,104)
w(711,5,8,104)
r(374,3,8,104)
r(295,4,8,104)
r(268,1,8,104)
w(67,7,8,104)
w(549,5,8,104)
w(185,9,8,104)
r(11,1,8,104)
w(555,7,8,104)
r(9,6,8,104)
w(430,11,8,104)
w(555,4,8,104)
w(617,7,8,104)
r(437,1,8,104)
w(288,9,8,104)
r(551,5,8,104)
w(636,7,9,105)
w(413,2,9,105)
r(349,2,9,105)
w(625,3,9,105)
r(37,4,9,105)
r(332,3,9,105)
r(351,3,9,105)
r(718,2,9,105)
w(424,11,9,105)
w(282,7,9,105)
r(53,4,9,105)
r(439,6,9,105)
w(551,4,9,105)
r(54,2,9,105)
w(651,6,9,105)
r(580,3,9,105)
w(454,9,9,105)
r(312,2,9,105)
w(91,11,9,105)
r(569,4,9,105)
r(415,3,10,106)
r(201,1,10,106)
w(665,5,10,106)
r(66,5,10,106)
r(175,6,10,106)
w(639,7,10,106)
w(205,5,10,106)
r(643,1,10,106)
w(611,5,10,106)
r(628,11,10,106)
w(53,5,10,106)
w(317,9,10,106)
w(463,5,10,106)
w(92,7,10,106)
r(17,1,10,106)
r(705,7,10,106)
r(282,5,10,106)
r(219,3,10,106)
r(31,1,10,106)
w(643,4,10,106)
r(633,1,11,107)
w(138,11,11,107)
w(94,7,11,107)
w(336,7,11,107)
w(668,3,11,107)
r(434,5,11,107)
r(82,5,11,107)
w(105,11,11,107)
r(416,6,11,107)
w(590,5,11,107)
w(27,5,11,107)
w(168,11,11,107)
r(361,1,11,107)
w(148,13,11,107)
r(108,1,11,107)
r(24,3,11,107)
r(199,2,11,107)
r(367,1,11,107)
w(323,7,11,107)
r(419,4,11,107)
r(71,1,12,108)
r(148,4,12,108)
r(390,3,12,108)
w(715,7,12,108)
w(161,9,12,108)
r(22,2,12,108)
r(125,6,12,108)
w(288,13,12,108)
w(517,4,12,108)
r(20,1,12,108)
r(250,3,12,108)
w(585,4,12,108)
r(160,3,12,108)
w(659,11,12,108)
r(418,1,12,108)
w(278,7,12,108)
r(340,6,12,108)
r(357,4,12,108)
w(13,4,12,108)
w(1,11,12,108)
w(148,2,1,109)
w(355,2,1,109)
w(521,2,1,109)
w(50,2,1,109)
w(170,2,1,109)
r(423,1,1,109)
w(34,2,1,109)
w(147,2,1,109)
w(221,2,1,109)
r(559,2,1,109)
r(577,1,1,109)
w(489,2,1,109)
w(577,2,1,109)
w(349,2,1,109)
r(410,1,1,109)
r(176,1,1,109)
r(10,3,1,109)
w(165,2,1,109)
w(118,3,1,109)
r(707,7,1,109)
w(716,3,2,110)
w(8,3,2,110)
w(250,2,2,110)
w(357,3,2,110)
w(520,3,2,110)
r(465,2,2,110)
w(311,3,2,110)
r(602,5,2,110)
r(188,5,2,110)
r(131,2,2,110)
r(196,1,2,110)
w(376,2,2,110)
w(582,3,2,110)
r(269,2,2,110)
w(512,3,2,110)
r(237,3,2,110)
r(483,6,2,110)
r(126,3,2,110)
r(154,6,2,110)
w(548,6,2,110)
w(370,2,3,111)
r(506,2,3,111)
r(578,2,3,111)
r(433,2,3,111)
r(255,3,3,111)
w(429,2,3,111)
w(79,2,3,111)
w(421,3,3,111)
r(595,2,3,111)
r(174,5,3,111)
w(46,2,3,111)
w(86,3,3,111)
w(162,3,3,111)
w(13,3,3,111)
w(277,5,3,111)
r(432,10,3,111)
w(100,6,3,111)
w(142,3,3,111)
w(442,6,3,111)
r(435,6,3,111)
r(630,1,4,112)
r(466,1,4,112)
w(546,3,4,112)
w(599,4,4,112)
r(316,2,4,112)
r(330,1,4,112)
w(650,3,4,112)
r(455,6,4,112)
r(175,6,4,112)
w(448,3,4,112)
w(137,2,4,112)
r(370,2,4,112)
w(718,3,4,112)
w(218,5,4,112)
w(250,6,4,112)
r(654,7,4,112)
r(673,3,4,112)
w(440,2,4,112)
w(445,2,4,112)
w(295,3,4,112)
w(62,3,5,113)
r(404,6,5,113)
r(564,1,5,113)
w(606,3,5,113)
r(213,1,5,113)
w(25,3,5,113)
r(451,1,5,113)
r(374,3,5,113)
r(621,5,5,113)
r(664,1,5,113)
r(646,1,5,113)
w(56,2,5,113)
r(480,1,5,113)
r(409,1,5,113)
w(21,2,5,113)
w(344,3,5,113)
r(313,1,5,113)
r(216,4,5,113)
r(203,1,5,113)
w(157,5,5,113)
w(683,5,6,114)
r(169,6,6,114)
w(560,7,6,114)
w(471,5,6,114)
w(356,2,6,114)
w(638,2,6,114)
w(581,2,6,114)
w(62,6,6,114)
r(472,5,6,114)
r(588,2,6,114)
r(476,4,6,114)
r(335,2,6,114)
r(375,2,6,114)
w(43,6,6,114)
r(543,2,6,114)
w(702,6,6,114)
r(269,2,6,114)
r(311,3,6,114)
r(627,3,6,114)
w(620,7,6,114)
r(228,3,7,115)
r(289,2,7,115)
w(696,5,7,115)
w(352,7,7,115)
w(154,4,7,115)
w(596,7,7,115)
w(696,7,7,115)
w(593,5,7,115)
w(40,6,7,115)
w(492,6,7,115)
w(473,3,7,115)
r(598,2,7,115)
r(484,11,7,115)
r(218,5,7,115)
w(398,6,7,115)
r(267,5,7,115)
w(46,6,7,115)
r(261,5,8,116)
w(43,7,8,116)
r(491,2,8,116)
w(603,7,8,116)
w(421,7,8,116)
w(570,4,8,116)
w(83,7,8,116)
w(717,11,8,116)
w(589,6,8,116)
r(435,6,8,116)
r(690,1,8,116)
w(669,4,8,116)
r(381,2,8,116)
w(123,5,8,116)
r(16,5,8,116)
r(77,5,8,116)
r(234,2,8,116)
w(292,7,8,116)
r(366,5,8,116)
r(636,6,8,116)
w(75,4,9,117)
r(550,6,9,117)
r(597,2,9,117)
r(449,6,9,117)
w(208,6,9,117)
r(136,3,9,117)
r(706,2,9,117)
r(354,2,9,117)
r(664,1,9,117)
r(281,2,9,117)
w(427,6,9,117)
w(384,6,9,117)
r(704,5,9,117)
r(695,6,9,117)
r(130,6,9,117)
w(667,4,9,117)
r(22,2,9,117)
w(237,5,9,117)
w(311,7,9,117)
r(685,2,9,117)
w(3,7,10,118)
r(351,2,10,118)
w(616,4,10,118)
w(48,6,10,118)
r(8,2,10,118)
w(148,10,10,118)
r(364,3,10,118)
r(439,2,10,118)
w(582,4,10,118)
w(137,11,10,118)
w(485,11,10,118)
r(558,6,10,118)
w(589,4,10,118)
r(506,2,10,118)
w(45,7,10,118)
r(569,7,10,118)
w(249,4,10,118)
w(361,11,10,118)
r(485,11,10,118)
w(538,4,10,118)
r(593,2,11,119)
r(11,2,11,119)
w(530,7,11,119)
w(472,5,11,119)
r(684,2,11,119)
r(352,1,11,119)
r(156,2,11,119)
w(686,6,11,119)
r(267,5,11,119)
r(236,1,11,119)
w(199,6,11,119)
w(221,10,11,119)
r(422,1,11,119)
w(334,9,11,119)
r(95,2,11,119)
w(41,3,11,119)
w(80,7,11,119)
w(538,11,11,119)
w(672,5,11,119)
w(231,5,11,119)
w(710,11,12,120)
w(301,4,12,120)
r(714,3,12,120)
r(567,2,12,120)
r(287,7,12,120)
w(191,7,12,120)
w(68,5,12,120)
r(513,5,12,120)
r(590,5,12,120)
r(174,5,12,120)
r(558,6,12,120)
r(63,2,12,120)
w(670,11,12,120)
r(700,7,12,120)
r(155,1,12,120)
w(523,2,1,121)
r(577,2,1,121)
r(498,11,1,121)
w(588,2,1,121)
r(15,7,1,121)
r(688,5,1,121)
r(432,10,1,121)
w(621,2,1,121)
r(585,7,1,121)
w(455,2,1,121)
w(198,2,1,121)
r(339,3,1,121)
r(579,2,1,121)
w(669,2,1,121)
w(1,2,1,121)
r(599,4,1,121)
w(620,3,1,121)
r(67,7,1,121)
r(202,6,1,121)
w(434,2,1,121)
r(642,3,2,122)
r(310,4,2,122)
w(481,2,2,122)
r(29,6,2,122)
w(464,2,2,122)
w(679,3,2,122)
w(185,3,2,122)
w(270,2,2,122)
w(23,3,2,122)
r(2,2,2,122)
r(508,5,2,122)
r(369,6,2,122)
w(159,2,2,122)
r(91,5,2,122)
w(718,2,2,122)
r(500,3,2,122)
w(39,2,2,122)
r(508,5,2,122)
w(400,3,2,122)
r(90,2,2,122)
w(570,5,3,123)
r(536,6,3,123)
r(262,1,3,123)
r(690,1,3,123)
w(652,3,3,123)
r(653,2,3,123)
w(231,3,3,123)
r(514,11,3,123)
r(646,1,3,123)
w(571,3,3,123)
w(563,2,3,123)
w(105,2,3,123)
r(614,1,3,123)
r(92,3,4,124)
w(576,5,4,124)
r(250,6,4,124)
w(580,3,4,124)
w(519,6,4,124)
r(139,2,4,124)
w(654,6,4,124)
w(549,3,4,124)
r(588,2,4,124)
w(536,2,4,124)
w(601,6,4,124)
r(399,6,4,124)
r(113,1,4,124)
w(331,2,4,124)
w(155,2,4,124)
r(152,6,4,124)
w(483,6,4,124)
w(542,6,4,124)
w(720,5,4,124)
r(714,3,4,124)
r(249,3,5,125)
w(131,2,5,125)
r(272,1,5,125)
r(243,6,5,125)
r(363,2,5,125)
r(96,2,5,125)
w(657,6,5,125)
w(390,3,5,125)
r(479,2,5,125)
r(591,1,5,125)
r(98,3,5,125)
w(670,5,5,125)
w(289,2,5,125)
w(344,6,5,125)
r(92,1,5,125)
r(127,3,5,125)
r(704,11,5,125)
r(536,6,5,125)
w(151,3,5,125)
r(342,9,5,125)
w(44,6,6,126)
w(617,6,6,126)
r(404,4,6,126)
w(514,3,6,126)
w(293,2,6,126)
r(474,1,6,126)
r(147,2,6,126)
r(400,8,6,126)
r(465,2,6,126)
w(243,5,6,126)
r(514,3,6,126)
w(171,6,6,126)
w(338,4,6,126)
r(112,2,6,126)
w(551,6,6,126)
r(202,6,6,126)
r(302,7,6,126)
w(477,5,6,126)
w(698,6,6,126)
r(177,2,6,126)
r(718,11,7,127)
w(57,6,7,127)
w(641,5,7,127)
w(127,5,7,127)
w(192,5,7,127)
w(719,5,7,127)
w(705,6,7,127)
w(454,5,7,127)
w(116,6,7,127)
w(320,3,7,127)
r(568,6,7,127)
r(698,6,7,127)
w(492,5,7,127)
r(486,6,7,127)
w(198,5,7,127)
r(121,5,7,127)
w(547,3,7,127)
r(662,2,7,127)
w(542,4,7,127)
w(426,4,7,127)
w(128,6,8,128)
w(616,5,8,128)
w(595,6,8,128)
w(704,6,8,128)
w(523,7,8,128)
r(281,1,8,128)
w(415,2,8,128)
w(220,6,8,128)
w(237,3,8,128)
r(692,1,8,128)
r(485,3,8,128)
w(214,7,8,128)
r(347,3,8,128)
w(704,5,8,128)
w(214,4,8,128)
r(346,2,8,128)
r(24,3,8,128)
w(293,3,8,128)
r(114,1,8,128)
w(377,7,8,128)
r(559,2,9,129)
w(250,11,9,129)
w(618,3,9,129)
r(557,7,9,129)
r(423,3,9,129)
r(641,5,9,129)
w(542,11,9,129)
w(337,9,9,129)
r(572,6,9,129)
w(485,7,9,129)
w(138,7,9,129)
r(92,6,9,129)
r(502,5,9,129)
r(521,3,9,129)
r(133,4,9,129)
w(537,7,9,129)
r(707,7,9,129)
w(413,3,9,129)
w(148,9,9,129)
r(537,7,9,129)
r(691,2,10,130)
r(260,1,10,130)
r(682,2,10,130)
w(505,5,10,130)
r(688,5,10,130)
w(700,4,10,130)
w(643,11,10,130)
w(304,7,10,130)
r(305,3,10,130)
w(492,4,10,130)
w(563,5,10,130)
r(1,2,10,130)
r(18,3,10,130)
r(181,2,10,130)
w(379,7,10,130)
w(718,11,10,130)
w(172,6,10,130)
r(497,3,10,130)
w(496,11,10,130)
r(366,5,10,130)
w(599,10,11,131)
w(632,5,11,131)
w(667,11,11,131)
w(587,7,11,131)
r(303,1,11,131)
w(648,6,11,131)
r(418,1,11,131)
r(137,7,11,131)
w(645,7,11,131)
r(649,1,11,131)
r(467,6,11,131)
w(40,11,11,131)
r(138,11,11,131)
w(490,6,11,131)
r(379,5,11,131)
r(349,2,11,131)
r(398,3,11,131)
w(499,7,11,131)
r(21,2,11,131)
w(714,7,11,131)
w(128,11,12,132)
w(414,3,12,132)
r(256,3,12,132)
r(52,5,12,132)
r(464,6,12,132)
r(528,4,12,132)
r(484,11,12,132)
r(226,1,12,132)
r(207,1,12,132)
r(689,1,12,132)
w(572,6,12,132)
r(352,1,12,132)
w(534,4,12,132)
w(509,5,12,132)
w(97,10,12,132)
w(31,7,12,132)
r(593,2,12,132)
w(158,8,12,132)
w(321,7,12,132)
w(180,9,12,132)
w(211,2,1,133)
r(203,7,1,133)
r(189,5,1,133)
w(551,2,1,133)
w(388,2,1,133)
r(96,2,1,133)
w(368,2,1,133)
w(599,2,1,133)
w(654,2,1,133)
w(343,3,1,133)
w(656,2,1,133)
r(346,2,1,133)
r(316,2,1,133)
w(225,2,1,133)
r(364,3,1,133)
r(533,7,1,133)
r(599,2,1,133)
w(254,2,1,133)
r(54,2,1,133)
w(254,3,1,133)
w(189,2,2,134)
r(259,2,2,134)
w(43,2,2,134)
w(49,3,2,134)
r(109,2,2,134)
r(349,2,2,134)
w(439,3,2,134)
w(260,2,2,134)
w(180,3,2,134)
w(98,6,2,134)
r(335,7,2,134)
w(601,2,2,134)
w(531,2,2,134)
r(645,7,2,134)
r(343,5,2,134)
r(224,2,2,134)
w(288,3,2,134)
r(538,4,2,134)
r(351,3,2,134)
r(21,2,2,134)
w(31,2,3,135)
r(664,1,3,135)
w(354,2,3,135)
w(667,3,3,135)
r(698,1,3,135)
r(71,1,3,135)
w(609,6,3,135)
w(678,2,3,135)
r(53,5,3,135)
r(430,11,3,135)
w(519,3,3,135)
w(300,3,3,135)
r(230,2,3,135)
w(497,3,3,135)
r(143,2,3,135)
r(457,1,3,135)
r(283,6,3,135)
w(49,6,3,135)
w(287,6,3,135)
w(410,2,3,135)
w(142,5,4,136)
w(609,7,4,136)
w(130,6,4,136)
r(105,11,4,136)
w(178,2,4,136)
r(404,4,4,136)
w(157,3,4,136)
r(473,5,4,136)
r(167,5,4,136)
w(545,3,4,136)
w(624,2,4,136)
w(369,6,4,136)
r(362,3,4,136)
r(409,1,4,136)
w(278,6,4,136)
r(529,1,4,136)
r(24,3,4,136)
r(713,7,4,136)
w(221,6,4,136)
r(605,1,4,136)
w(365,3,5,137)
r(410,1,5,137)
r(348,2,5,137)
w(378,2,5,137)
r(578,2,5,137)
r(553,2,5,137)
r(469,3,5,137)
r(205,1,5,137)
w(331,3,5,137)
r(702,1,5,137)
w(142,7,5,137)
w(386,6,5,137)
r(250,3,5,137)
r(394,7,5,137)
r(715,5,5,137)
w(564,2,5,137)
w(19,3,5,137)
r(419,4,5,137)
w(670,7,5,137)
r(545,4,5,137)
r(380,6,6,138)
r(705,7,6,138)
r(363,2,6,138)
w(677,7,6,138)
w(557,7,6,138)
r(309,4,6,138)
r(156,2,6,138)
w(476,6,6,138)
r(543,2,6,138)
r(697,1,6,138)
r(443,6,6,138)
r(348,2,6,138)
r(232,6,6,138)
r(332,1,6,138)
w(269,5,6,138)
w(168,6,6,138)
w(656,11,6,138)
w(226,6,6,138)
r(703,2,6,138)
r(2,2,6,138)
w(226,7,7,139)
r(93,6,7,139)
r(219,3,7,139)
w(329,5,7,139)
w(217,7,7,139)
r(212,5,7,139)
r(449,6,7,139)
w(164,5,7,139)
r(528,4,7,139)
w(193,6,7,139)
r(398,3,7,139)
r(117,4,7,139)
r(87,1,7,139)
w(76,6,7,139)
r(58,6,7,139)
w(250,4,7,139)
w(549,6,7,139)
r(416,6,7,139)
w(303,6,7,139)
r(651,5,7,139)
r(596,2,8,140)
w(73,5,8,140)
w(486,6,8,140)
r(175,6,8,140)
w(286,4,8,140)
r(8,2,8,140)
r(586,6,8,140)
r(143,2,8,140)
w(306,2,8,140)
r(146,2,8,140)
w(137,7,8,140)
r(704,5,8,140)
w(569,4,8,140)
w(379,5,8,140)
w(606,5,8,140)
r(701,7,8,140)
w(164,7,8,140)
r(375,2,8,140)
r(472,5,8,140)
w(695,11,8,140)
w(267,6,9,141)
r(234,2,9,141)
r(115,5,9,141)
w(579,5,9,141)
w(310,6,9,141)
r(125,2,9,141)
r(556,3,9,141)
w(26,7,9,141)
r(130,6,9,141)
w(456,11,9,141)
r(717,3,9,141)
r(491,2,9,141)
w(638,5,9,141)
w(136,5,9,141)
w(30,11,9,141)
w(151,6,9,141)
w(448,4,9,141)
r(512,3,9,141)
w(545,7,9,141)
r(213,1,9,141)
r(155,2,10,142)
r(599,10,10,142)
r(615,4,10,142)
r(703,2,10,142)
r(193,6,10,142)
r(219,2,10,142)
r(32,1,10,142)
w(136,7,10,142)
r(679,3,10,142)
r(403,7,10,142)
w(28,6,10,142)
w(704,7,10,142)
w(589,11,10,142)
w(348,3,10,142)
w(174,7,10,142)
w(56,7,10,142)
r(698,6,10,142)
w(383,9,10,142)
r(43,4,10,142)
w(400,10,10,142)
w(192,11,11,143)
r(719,6,11,143)
w(423,3,11,143)
r(520,4,11,143)
w(24,7,11,143)
r(647,7,11,143)
r(257,6,11,143)
r(272,1,11,143)
w(656,8,11,143)
w(277,10,11,143)
r(270,5,11,143)
r(345,2,11,143)
w(57,11,11,143)
w(291,5,11,143)
r(310,4,11,143)
r(417,1,11,143)
r(159,7,11,143)
w(309,4,11,143)
r(719,6,11,143)
r(390,3,11,143)
w(650,7,12,144)
r(685,2,12,144)
r(192,5,12,144)
w(570,10,12,144)
w(585,11,12,144)
w(55,6,12,144)
w(303,7,12,144)
r(218,2,12,144)
w(562,7,12,144)
r(561,6,12,144)
w(404,11,12,144)
r(570,10,12,144)
r(308,7,12,144)
r(617,6,12,144)
r(680,5,12,144)
w(677,8,12,144)
w(542,10,12,144)
r(137,3,12,144)
w(309,11,12,144)
w(218,7,12,144)
r(197,3,1,145)
r(448,3,1,145)
w(338,2,1,145)
w(4,2,1,145)
w(71,2,1,145)
w(353,2,1,145)
w(375,2,1,145)
r(440,2,1,145)
r(80,7,1,145)
w(386,2,1,145)
w(281,2,1,145)
w(179,2,1,145)
w(326,2,1,145)
w(599,3,1,145)
w(635,2,1,145)
w(525,2,1,145)
w(656,3,1,145)
w(62,2,1,145)
w(570,2,1,145)
r(125,6,1,145)
w(313,2,2,146)
r(449,6,2,146)
r(169,7,2,146)
r(502,5,2,146)
w(369,2,2,146)
r(373,3,2,146)
r(280,6,2,146)
r(176,1,2,146)
w(372,3,2,146)
r(129,7,2,146)
r(664,1,2,146)
w(314,2,2,146)
w(412,2,2,146)
r(474,1,2,146)
w(268,3,2,146)
r(316,2,2,146)
r(717,3,2,146)
w(193,3,2,146)
r(148,9,2,146)
r(283,3,2,146)
r(705,7,3,147)
w(16,2,3,147)
r(78,2,3,147)
r(466,1,3,147)
r(631,1,3,147)
r(632,2,3,147)
w(236,2,3,147)
w(430,3,3,147)
r(527,5,3,147)
w(256,3,3,147)
r(615,4,3,147)
w(23,5,3,147)
r(539,7,3,147)
w(359,6,3,147)
w(599,7,3,147)
w(712,2,3,147)
w(299,3,3,147)
r(109,3,3,147)
r(152,6,3,147)
r(414,1,3,147)
r(627,3,4,148)
w(648,2,4,148)
w(283,3,4,148)
w(235,2,4,148)
r(118,3,4,148)
w(388,3,4,148)
r(650,3,4,148)
r(135,3,4,148)
w(318,2,4,148)
r(208,3,4,148)
w(510,2,4,148)
w(586,3,4,148)
w(337,6,4,148)
r(682,2,4,148)
w(695,6,4,148)
r(58,6,4,148)
r(638,2,4,148)
w(17,3,4,148)
w(643,2,4,148)
r(39,6,4,148)
r(48,2,5,149)
r(606,7,5,149)
r(236,1,5,149)
r(80,4,5,149)
r(146,1,5,149)
w(324,2,5,149)
w(388,6,5,149)
w(718,5,5,149)
w(58,3,5,149)
r(377,10,5,149)
w(555,3,5,149)
r(383,10,5,149)
r(234,2,5,149)
w(247,4,5,149)
w(244,2,5,149)
w(559,2,5,149)
r(255,3,5,149)
w(92,3,5,149)
w(534,5,5,149)
r(40,4,5,149)
w(80,6,6,150)
w(450,3,6,150)
r(194,7,6,150)
w(259,2,6,150)
r(536,2,6,150)
r(156,2,6,150)
r(108,1,6,150)
r(114,1,6,150)
w(295,5,6,150)
r(265,6,6,150)
w(359,7,6,150)
w(185,11,6,150)
r(679,2,6,150)
r(18,3,6,150)
r(443,6,6,150)
r(356,2,6,150)
w(640,3,6,150)
r(658,2,6,150)
w(544,3,6,150)
r(687,1,6,150)
w(172,3,7,151)
r(164,5,7,151)
r(251,1,7,151)
r(539,7,7,151)
w(397,4,7,151)
w(207,6,7,151)
r(48,6,7,151)
w(678,6,7,151)
w(675,4,7,151)
w(459,6,7,151)
w(513,4,7,151)
w(346,3,7,151)
r(410,2,7,151)
w(273,5,7,151)
r(331,2,7,151)
w(587,6,7,151)
r(320,3,7,151)
r(266,6,7,151)
w(440,3,7,151)
r(358,1,7,151)
r(136,3,8,152)
r(225,2,8,152)
w(477,7,8,152)
w(631,3,8,152)
w(298,4,8,152)
r(407,1,8,152)
w(135,3,8,152)
r(130,6,8,152)
w(211,3,8,152)
w(443,6,8,152)
w(693,3,8,152)
w(194,7,8,152)
w(374,6,8,152)
w(520,4,8,152)
w(153,6,8,152)
w(303,5,8,152)
w(298,11,8,152)
w(305,3,8,152)
w(453,5,8,152)
r(289,2,8,152)
r(437,1,9,153)
r(317,7,9,153)
w(627,6,9,153)
r(196,7,9,153)
r(679,6,9,153)
r(41,3,9,153)
r(34,2,9,153)
r(127,5,9,153)
r(405,3,9,153)
w(431,2,9,153)
w(374,5,9,153)
w(472,6,9,153)
w(607,6,9,153)
r(703,2,9,153)
w(54,3,9,153)
w(551,11,9,153)
r(692,2,9,153)
r(215,3,9,153)
w(249,7,9,153)
w(328,7,9,153)
r(663,6,10,154)
r(453,5,10,154)
w(51,6,10,154)
r(508,5,10,154)
w(656,10,10,154)
r(552,5,10,154)
r(104,1,10,154)
w(320,5,10,154)
r(97,3,10,154)
w(315,7,10,154)
w(228,6,10,154)
r(158,8,10,154)
r(645,7,10,154)
w(378,5,10,154)
w(630,7,10,154)
w(475,11,10,154)
r(281,6,10,154)
r(58,6,10,154)
w(496,9,10,154)
r(539,7,10,154)
w(317,10,11,155)
w(449,6,11,155)
r(349,2,11,155)
w(342,11,11,155)
w(61,3,11,155)
r(378,2,11,155)
w(626,8,11,155)
w(169,5,11,155)
r(382,3,11,155)
r(617,6,11,155)
w(74,9,11,155)
r(43,6,11,155)
r(713,7,11,155)
w(554,7,11,155)
w(535,5,11,155)
r(586,3,11,155)
r(609,7,11,155)
r(401,6,11,155)
w(308,7,11,155)
r(621,2,11,155)
w(643,9,12,156)
r(323,7,12,156)
r(70,4,12,156)
r(642,3,12,156)
r(582,3,12,156)
r(240,2,12,156)
w(393,10,12,156)
r(706,2,12,156)
w(711,11,12,156)
w(211,10,12,156)
w(169,7,12,156)
r(149,3,12,156)
w(216,11,12,156)
r(702,3,12,156)
w(281,6,12,156)
w(426,9,12,156)
w(91,10,12,156)
r(56,7,12,156)
w(657,7,12,156)
r(671,2,12,156)
r(42,2,1,157)
r(336,7,1,157)
r(279,3,1,157)
r(557,3,1,157)
r(672,5,1,157)
r(385,6,1,157)
r(90,1,1,157)
w(453,2,1,157)
r(484,11,1,157)
w(359,2,1,157)
w(432,2,1,157)
r(396,2,1,157)
r(333,2,1,157)
w(60,2,1,157)
w(604,2,1,157)
r(484,11,1,157)
r(112,2,1,157)
w(617,2,1,157)
w(295,2,1,157)
w(703,2,1,157)
w(593,3,2,158)
w(261,2,2,158)
w(138,2,2,158)
w(546,2,2,158)
w(33,2,2,158)
w(592,2,2,158)
w(97,6,2,158)
w(95,3,2,158)
w(81,3,2,158)
r(457,2,2,158)
r(557,2,2,158)
r(347,6,2,158)
r(620,5,2,158)
r(2,2,2,158)
r(58,13,2,158)
r(456,11,2,158)
r(327,3,2,158)
r(511,1,2,158)
w(535,2,2,158)
w(599,5,2,158)
r(354,2,3,159)
r(538,4,3,159)
w(138,6,3,159)
w(628,2,3,159)
w(563,3,3,159)
w(90,2,3,159)
w(493,2,3,159)
w(425,3,3,159)
r(266,3,3,159)
r(126,7,3,159)
w(38,3,3,159)
r(252,5,3,159)
r(491,2,3,159)
r(383,2,3,159)
r(404,4,3,159)
r(645,7,3,159)
r(194,7,3,159)
r(552,11,3,159)
r(229,1,3,159)
w(264,6,3,159)
r(119,1,4,160)
w(714,2,4,160)
r(462,7,4,160)
w(189,3,4,160)
w(74,6,4,160)
w(575,3,4,160)
r(680,5,4,160)
r(703,2,4,160)
r(623,7,4,160)
w(220,3,4,160)
r(599,10,4,160)
r(42,2,4,160)
r(449,2,4,160)
r(251,1,4,160)
r(548,6,4,160)
w(397,3,4,160)
r(266,3,4,160)
w(534,3,4,160)
w(508,5,4,160)
r(471,5,4,160)
w(501,5,5,161)
w(200,5,5,161)
r(579,2,5,161)
w(134,2,5,161)
r(312,2,5,161)
r(273,2,5,161)
w(584,6,5,161)
r(3,4,5,161)
w(614,3,5,161)
r(109,3,5,161)
w(595,3,5,161)
w(389,3,5,161)
w(282,5,5,161)
w(64,6,5,161)
w(686,2,5,161)
r(407,1,5,161)
r(307,2,5,161)
w(445,3,5,161)
w(247,11,5,161)
r(157,5,5,161)
r(569,4,6,162)
r(59,2,6,162)
r(112,2,6,162)
w(338,11,6,162)
r(717,3,6,162)
r(282,7,6,162)
w(261,6,6,162)
w(313,6,6,162)
w(535,3,6,162)
w(94,6,6,162)
w(471,4,6,162)
r(263,1,6,162)
r(243,5,6,162)
r(104,1,6,162)
r(562,7,6,162)
w(334,7,6,162)
r(52,2,6,162)
w(318,6,6,162)
w(424,5,6,162)
w(298,7,6,162)
r(594,1,7,163)
r(123,5,7,163)
w(247,10,7,163)
w(447,4,7,163)
r(399,4,7,163)
r(513,4,7,163)
r(561,6,7,163)
r(54,2,7,163)
w(152,3,7,163)
r(659,11,7,163)
w(696,4,7,163)
r(67,6,7,163)
w(302,6,7,163)
r(401,3,7,163)
w(92,6,7,163)
w(163,5,7,163)
w(122,5,7,163)
r(274,2,7,163)
w(678,5,7,163)
w(94,5,7,163)
w(653,6,8,164)
r(562,6,8,164)
r(346,2,8,164)
w(441,6,8,164)
r(85,5,8,164)
r(172,2,8,164)
w(629,2,8,164)
r(596,2,8,164)
w(217,4,8,164)
r(163,7,8,164)
w(126,7,8,164)
r(622,6,8,164)
w(601,5,8,164)
w(183,3,8,164)
w(168,7,8,164)
r(326,2,8,164)
r(201,1,8,164)
r(137,7,8,164)
r(671,2,8,164)
r(437,1,8,164)
w(158,10,9,165)
r(330,2,9,165)
w(664,3,9,165)
r(471,4,9,165)
w(659,7,9,165)
w(190,9,9,165)
r(189,2,9,165)
r(416,6,9,165)
r(60,2,9,165)
w(335,5,9,165)
r(43,2,9,165)
r(226,7,9,165)
w(561,5,9,165)
w(470,6,9,165)
r(718,6,9,165)
w(453,7,9,165)
w(684,7,9,165)
w(322,3,9,165)
r(379,3,9,165)
w(361,5,9,165)
w(612,7,10,166)
w(102,6,10,166)
w(471,11,10,166)
r(437,1,10,166)
w(706,5,10,166)
r(139,2,10,166)
w(494,7,10,166)
r(624,3,10,166)
r(130,6,10,166)
w(336,5,10,166)
r(202,6,10,166)
r(379,3,10,166)
w(296,2,10,166)
r(70,4,10,166)
r(286,4,10,166)
w(677,4,10,166)
r(467,6,10,166)
w(463,7,10,166)
r(298,6,10,166)
w(122,4,10,166)
w(299,4,11,167)
w(477,11,11,167)
w(69,5,11,167)
w(196,7,11,167)
r(399,6,11,167)
r(714,2,11,167)
w(277,8,11,167)
r(194,7,11,167)
w(575,7,11,167)
w(553,5,11,167)
w(53,4,11,167)
r(123,5,11,167)
w(171,5,11,167)
r(236,2,11,167)
r(437,1,11,167)
w(394,11,11,167)
w(399,4,11,167)
w(393,11,11,167)
r(320,6,11,167)
w(477,9,11,167)
r(547,3,12,168)
w(265,9,12,168)
w(533,4,12,168)
w(657,4,12,168)
r(500,3,12,168)
w(83,9,12,168)
r(155,2,12,168)
w(207,5,12,168)
w(533,11,12,168)
w(447,9,12,168)
r(215,3,12,168)
r(605,1,12,168)
w(532,5,12,168)
w(589,10,12,168)
w(126,4,12,168)
r(285,5,12,168)
w(58,8,12,168)
w(336,4,12,168)
r(552,5,12,168)
w(111,4,12,168)
r(391,2,1,169)
r(641,3,1,169)
r(364,3,1,169)
w(115,2,1,169)
r(502,5,1,169)
w(364,2,1,169)
r(385,6,1,169)
r(164,7,1,169)
r(423,3,1,169)
w(119,2,1,169)
w(513,2,1,169)
w(9,3,1,169)
w(521,3,1,169)
r(716,3,1,169)
r(549,3,1,169)
w(524,3,1,169)
w(490,2,1,169)
r(52,5,1,169)
w(384,2,1,169)
r(494,1,1,169)
r(708,6,2,170)
r(552,7,2,170)
r(659,7,2,170)
r(439,5,2,170)
w(311,6,2,170)
r(33,2,2,170)
w(53,2,2,170)
r(68,3,3,171)
r(170,2,3,171)
r(688,5,3,171)
r(71,2,3,171)
r(153,6,3,171)
w(496,5,3,171)
w(80,2,3,171)
w(330,2,3,171)
w(478,2,3,171)
r(114,1,3,171)
r(267,5,3,171)
r(103,6,3,171)
w(685,2,3,171)
w(552,3,3,171)
r(107,6,3,171)
w(203,3,3,171)
r(190,5,3,171)
w(439,6,3,171)
w(77,3,3,171)
r(592,5,3,171)
r(607,3,4,172)
w(305,2,4,172)
r(16,2,4,172)
r(3,6,4,172)
r(282,5,4,172)
r(716,3,4,172)
r(159,7,4,172)
w(396,6,4,172)
r(207,1,4,172)
w(510,3,4,172)
w(111,3,4,172)
w(51,2,4,172)
r(236,2,4,172)
r(44,6,4,172)
w(401,3,4,172)
r(710,2,4,172)
r(15,7,4,172)
r(104,1,4,172)
w(65,6,4,172)
w(191,3,4,172)
w(527,5,5,173)
w(228,3,5,173)
r(411,11,5,173)
w(335,2,5,173)
r(318,5,5,173)
w(641,3,5,173)
r(392,6,5,173)
w(58,6,5,173)
w(351,2,5,173)
r(332,1,5,173)
w(342,2,5,173)
r(196,1,5,173)
w(283,6,5,173)
w(198,6,5,173)
r(18,3,5,173)
r(708,3,5,173)
w(633,5,5,173)
r(585,7,5,173)
w(344,5,5,173)
w(709,6,5,173)
w(77,6,6,174)
w(150,5,6,174)
w(494,3,6,174)
r(346,3,6,174)
w(120,5,6,174)
r(204,2,6,174)
w(672,2,6,174)
r(123,5,6,174)
r(606,5,6,174)
r(481,2,6,174)
w(566,3,6,174)
w(4,7,6,174)
r(31,7,6,174)
w(427,3,6,174)
r(605,1,6,174)
w(539,5,6,174)
w(326,6,6,174)
r(577,2,6,174)
r(67,6,6,174)
r(30,7,6,174)
r(263,1,7,175)
r(402,2,7,175)
w(193,5,7,175)
w(257,5,7,175)
w(624,3,7,175)
w(338,9,7,175)
r(257,5,7,175)
r(426,4,7,175)
w(66,7,7,175)
w(290,3,7,175)
r(453,5,7,175)
r(104,1,7,175)
r(273,3,7,175)
w(459,5,7,175)
r(434,2,7,175)
w(530,6,7,175)
r(4,2,7,175)
w(683,7,7,175)
w(697,2,7,175)
r(536,2,7,175)
w(245,5,8,176)
w(309,5,8,176)
w(578,7,8,176)
w(390,6,8,176)
r(464,2,8,176)
r(242,3,8,176)
r(582,3,8,176)
r(109,3,8,176)
w(380,2,8,176)
r(133,2,8,176)
w(517,2,8,176)
w(267,3,8,176)
w(395,6,8,176)
r(363,2,8,176)
r(274,2,8,176)
w(531,6,8,176)
r(601,5,8,176)
r(579,2,8,176)
r(157,3,8,176)
w(307,7,8,176)
w(269,7,9,177)
w(632,6,9,177)
r(382,3,9,177)
w(557,11,9,177)
r(653,6,9,177)
r(154,3,9,177)
r(457,2,9,177)
w(596,4,9,177)
r(469,6,9,177)
w(645,5,9,177)
w(133,11,9,177)
w(123,7,9,177)
w(316,7,9,177)
w(701,9,9,177)
r(493,2,9,177)
w(385,7,9,177)
w(426,11,9,177)
w(302,5,9,177)
r(224,2,9,177)
w(494,5,9,177)
w(393,4,10,178)
w(180,7,10,178)
r(590,5,10,178)
w(16,7,10,178)
r(198,11,10,178)
w(691,7,10,178)
r(484,5,10,178)
w(706,7,10,178)
r(432,6,10,178)
w(423,2,10,178)
r(469,6,10,178)
w(678,4,10,178)
w(397,11,10,178)
r(230,4,10,178)
r(323,3,10,178)
r(86,9,10,178)
w(504,7,10,178)
w(165,4,10,178)
r(334,7,10,178)
w(283,5,10,178)
w(397,9,11,179)
w(612,4,11,179)
r(202,6,11,179)
r(683,5,11,179)
w(351,3,11,179)
w(567,6,11,179)
w(244,7,11,179)
r(273,2,11,179)
r(533,7,11,179)
r(504,6,11,179)
w(132,5,11,179)
w(314,4,11,179)
w(413,5,11,179)
r(679,2,11,179)
r(639,7,11,179)
r(596,2,11,179)
r(438,6,11,179)
w(335,7,11,179)
w(515,11,11,179)
r(708,3,11,179)
w(155,5,12,180)
r(537,7,12,180)
r(35,1,12,180)
w(662,4,12,180)
w(29,10,12,180)
r(658,2,12,180)
w(550,5,12,180)
r(478,2,12,180)
w(594,3,12,180)
r(407,1,12,180)
w(194,4,12,180)
r(712,2,12,180)
r(622,6,12,180)
w(583,7,12,180)
r(60,2,12,180)
r(574,2,12,180)
w(13,11,12,180)
r(485,7,12,180)
r(356,2,12,180)
r(420,3,12,180)
w(669,3,1,181)
w(257,2,1,181)
r(597,2,1,181)
w(255,6,1,181)
w(302,2,1,181)
w(15,2,1,181)
r(38,3,1,181)
w(366,2,1,181)
r(370,2,1,181)
r(507,3,1,181)
w(52,2,1,181)
r(330,1,1,181)
r(583,1,1,181)
w(677,2,1,181)
r(311,3,1,181)
w(154,3,1,181)
r(112,2,1,181)
r(511,1,1,181)
w(341,3,1,181)
r(19,6,1,181)
r(34,2,2,182)
r(362,3,2,182)
w(282,6,2,182)
w(434,3,2,182)
w(100,3,2,182)
r(514,6,2,182)
r(111,5,2,182)
r(701,9,2,182)
w(257,3,2,182)
w(452,3,2,182)
r(699,6,2,182)
w(521,5,2,182)
r(543,2,2,182)
w(230,3,2,182)
w(421,2,2,182)
w(95,6,2,182)
r(545,7,2,182)
r(475,11,2,182)
w(133,3,2,182)
w(705,3,2,182)
w(385,2,3,183)
w(163,2,3,183)
r(118,3,3,183)
r(641,5,3,183)
r(582,3,3,183)
w(101,3,3,183)
r(88,3,3,183)
w(294,2,3,183)
w(45,2,3,183)
r(582,3,3,183)
r(56,2,3,183)
r(328,6,3,183)
w(109,2,3,183)
r(696,6,3,183)
r(112,2,3,183)
w(273,3,3,183)
r(169,5,3,183)
w(654,3,3,183)
r(548,6,3,183)
r(152,6,3,183)
w(277,4,4,184)
r(624,2,4,184)
r(602,5,4,184)
r(416,6,4,184)
w(37,4,4,184)
w(229,2,4,184)
r(25,5,4,184)
r(376,2,4,184)
w(140,6,4,184)
r(485,11,4,184)
w(715,3,4,184)
w(262,6,4,184)
w(404,7,4,184)
w(620,5,4,184)
w(101,6,4,184)
r(480,1,4,184)
w(317,5,4,184)
w(129,6,4,184)
w(472,2,4,184)
r(689,1,4,184)
r(543,2,5,185)
w(149,3,5,185)
w(190,5,5,185)
r(160,3,5,185)
w(478,6,5,185)
r(116,3,5,185)
r(541,2,5,185)
w(168,3,5,185)
r(672,3,5,185)
w(484,11,5,185)
w(266,3,5,185)
r(72,6,5,185)
w(178,6,5,185)
r(445,2,5,185)
r(485,3,5,185)
r(191,6,5,185)
r(682,2,5,185)
w(383,2,5,185)
r(168,3,5,185)
w(555,6,5,185)
r(644,1,6,186)
r(124,3,6,186)
r(272,1,6,186)
w(391,6,6,186)
r(386,2,6,186)
r(434,2,6,186)
w(201,3,6,186)
w(667,5,6,186)
r(224,2,6,186)
w(37,11,6,186)
w(675,7,6,186)
w(516,3,6,186)
r(473,5,6,186)
w(50,6,6,186)
w(222,5,6,186)
r(500,3,6,186)
w(422,3,6,186)
w(383,6,6,186)
w(495,5,6,186)
w(578,6,6,186)
w(161,5,7,187)
w(129,7,7,187)
r(267,3,7,187)
r(6,2,7,187)
w(32,3,7,187)
r(62,6,7,187)
r(501,5,7,187)
r(217,7,7,187)
w(177,5,7,187)
r(295,5,7,187)
r(459,5,7,187)
r(280,6,7,187)
w(384,3,7,187)
r(364,2,7,187)
w(547,6,7,187)
r(627,3,7,187)
w(701,4,7,187)
w(569,5,7,187)
w(242,5,7,187)
w(125,2,7,187)
r(261,5,8,188)
w(43,4,8,188)
r(355,2,8,188)
w(190,4,8,188)
w(133,4,8,188)
w(16,3,8,188)
r(360,1,8,188)
w(530,5,8,188)
r(387,1,8,188)
r(430,3,8,188)
r(603,7,8,188)
w(251,2,8,188)
r(695,6,8,188)
w(535,6,8,188)
r(137,3,8,188)
w(684,5,8,188)
w(405,3,8,188)
r(325,5,8,188)
w(537,6,8,188)
w(614,6,8,188)
w(353,5,9,189)
r(41,3,9,189)
w(56,5,9,189)
r(586,7,9,189)
w(245,7,9,189)
r(470,6,9,189)
w(482,5,9,189)
w(39,7,9,189)
r(242,5,9,189)
w(315,5,9,189)
r(595,6,9,189)
w(80,5,9,189)
w(710,4,9,189)
w(186,7,9,189)
r(129,7,9,189)
w(627,5,9,189)
w(558,5,9,189)
r(409,1,9,189)
w(328,4,9,189)
r(47,1,9,189)
w(583,6,10,190)
r(677,4,10,190)
w(521,11,10,190)
w(533,5,10,190)
w(584,4,10,190)
w(429,7,10,190)
w(174,11,10,190)
r(468,3,10,190)
r(621,6,10,190)
w(368,7,10,190)
r(460,1,10,190)
r(55,6,10,190)
w(250,9,10,190)
r(267,6,10,190)
w(568,5,10,190)
w(302,4,10,190)
w(148,8,10,190)
w(334,11,10,190)
w(12,7,10,190)
r(96,2,10,190)
w(128,5,11,191)
w(81,7,11,191)
r(109,3,11,191)
r(565,3,11,191)
w(273,7,11,191)
r(341,3,11,191)
w(69,7,11,191)
r(594,1,11,191)
w(632,7,11,191)
r(156,2,11,191)
w(98,11,11,191)
w(229,3,11,191)
r(252,6,11,191)
r(719,2,11,191)
r(437,1,11,191)
w(626,13,11,191)
r(385,6,11,191)
r(334,9,11,191)
r(135,3,11,191)
r(625,2,11,191)
r(81,7,12,192)
w(505,11,12,192)
r(114,1,12,192)
w(349,4,12,192)
w(403,4,12,192)
w(719,4,12,192)
r(96,2,12,192)
r(230,4,12,192)
r(204,3,12,192)
r(581,2,12,192)
w(370,7,12,192)
w(440,6,12,192)
r(397,6,12,192)
r(492,5,12,192)
r(112,2,12,192)
r(609,7,12,192)
r(252,6,12,192)
r(666,5,12,192)
w(58,13,12,192)
w(198,11,12,192)
r(52,2,1,193)
r(523,7,1,193)
r(260,1,1,193)
w(162,2,1,193)
w(719,2,1,193)
w(97,3,1,193)
w(282,2,1,193)
w(218,2,1,193)
r(437,1,1,193)
w(292,2,1,193)
w(219,2,1,193)
r(608,1,1,193)
w(701,2,1,193)
r(90,2,1,193)
w(332,3,1,193)
r(373,1,1,193)
r(581,2,1,193)
w(117,2,1,193)
w(133,2,1,193)
w(504,2,1,193)
r(419,3,2,194)
w(504,3,2,194)
r(462,7,2,194)
w(411,5,2,194)
w(338,6,2,194)
w(26,2,2,194)
r(205,2,2,194)
r(696,11,2,194)
r(472,6,2,194)
r(373,6,2,194)
w(221,3,2,194)
w(537,2,2,194)
w(343,6,2,194)
w(524,6,2,194)
w(255,5,2,194)
r(374,7,2,194)
r(667,5,2,194)
r(153,3,2,194)
r(323,3,2,194)
r(714,5,2,194)
w(66,3,3,195)
w(201,2,3,195)
w(28,3,3,195)
r(546,3,3,195)
r(699,6,3,195)
r(511,1,3,195)
w(515,6,3,195)
r(55,6,3,195)
w(399,3,3,195)
w(720,6,3,195)
w(33,3,3,195)
w(717,3,3,195)
r(339,3,3,195)
w(108,2,3,195)
w(340,3,3,195)
w(307,3,3,195)
w(207,3,3,195)
w(121,2,3,195)
r(210,6,3,195)
w(352,2,3,195)
w(137,3,4,196)
r(564,5,4,196)
r(172,3,4,196)
r(661,2,4,196)
r(21,2,4,196)
w(527,3,4,196)
w(519,5,4,196)
r(323,7,4,196)
r(578,4,4,196)
w(365,2,4,196)
w(443,3,4,196)
w(488,3,4,196)
r(372,5,4,196)
w(608,2,4,196)
r(173,7,4,196)
r(358,1,4,196)
w(352,3,4,196)
r(376,2,4,196)
r(485,11,4,196)
r(597,2,4,196)
r(111,6,5,197)
w(421,6,5,197)
w(45,6,5,197)
w(588,6,5,197)
r(502,5,5,197)
w(391,2,5,197)
r(473,5,5,197)
w(297,6,5,197)
r(593,2,5,197)
w(542,7,5,197)
w(215,6,5,197)
w(625,2,5,197)
w(544,2,5,197)
w(476,3,5,197)
w(179,6,5,197)
r(387,1,5,197)
r(435,6,5,197)
w(613,6,5,197)
w(375,3,5,197)
w(105,3,5,197)
r(578,6,6,198)
r(557,11,6,198)
w(217,5,6,198)
w(25,7,6,198)
r(98,4,6,198)
r(628,3,6,198)
r(630,7,6,198)
w(419,3,6,198)
r(292,6,6,198)
w(666,6,6,198)
w(600,3,6,198)
r(577,2,6,198)
r(349,4,6,198)
r(2,2,6,198)
w(511,2,6,198)
w(527,7,6,198)
r(583,6,6,198)
w(545,5,6,198)
r(517,3,6,198)
r(489,2,6,198)
w(258,3,7,199)
w(377,6,7,199)
r(568,7,7,199)
w(232,5,7,199)
r(601,2,7,199)
w(646,3,7,199)
w(466,3,7,199)
r(101,3,7,199)
w(531,3,7,199)
r(394,3,7,199)
r(284,7,7,199)
r(424,5,7,199)
r(165,2,7,199)
w(241,2,7,199)
r(406,2,7,199)
w(706,6,7,199)
r(597,2,7,199)
r(594,1,7,199)
w(169,3,7,199)
w(349,5,7,199)
w(136,6,8,200)
r(626,13,8,200)
w(258,6,8,200)
r(20,1,8,200)
w(287,4,8,200)
w(446,5,8,200)
r(450,3,8,200)
r(361,11,8,200)
w(342,4,8,200)
r(415,2,8,200)
w(68,6,8,200)
w(564,6,8,200)
w(350,6,8,200)
r(673,3,8,200)
w(247,8,8,200)
w(626,4,8,200)
r(73,5,8,200)
r(190,4,8,200)
w(115,6,8,200)
w(343,5,8,200)
w(657,5,9,201)
w(119,3,9,201)
r(620,11,9,201)
w(716,7,9,201)
r(521,5,9,201)
w(317,4,9,201)
r(485,6,9,201)
r(458,2,9,201)
w(496,7,9,201)
w(332,5,9,201)
r(291,5,9,201)
w(617,4,9,201)
r(303,7,9,201)
w(468,5,9,201)
r(443,3,9,201)
w(190,10,9,201)
r(31,5,10,202)
w(427,7,10,202)
w(252,7,10,202)
r(455,2,10,202)
w(309,7,10,202)
w(29,9,10,202)
r(693,3,10,202)
w(348,6,10,202)
w(582,11,10,202)
w(396,11,10,202)
w(70,11,10,202)
w(328,11,10,202)
w(151,5,10,202)
w(620,11,10,202)
r(493,2,10,202)
w(681,5,10,202)
r(256,3,10,202)
r(693,3,10,202)
r(661,2,10,202)
w(676,6,10,202)
w(454,13,11,203)
w(586,7,11,203)
r(95,2,11,203)
w(469,6,11,203)
r(104,1,11,203)
r(660,5,11,203)
w(128,7,11,203)
w(230,11,11,203)
w(384,5,11,203)
w(621,9,11,203)
r(275,2,11,203)
r(54,2,11,203)
w(656,13,11,203)
w(553,7,11,203)
r(470,3,11,203)
w(161,11,11,203)
w(284,7,11,203)
w(560,11,11,203)
r(354,2,11,203)
r(703,2,11,203)
w(109,6,12,204)
w(394,9,12,204)
w(281,5,12,204)
w(361,10,12,204)
r(686,6,12,204)
w(204,4,12,204)
r(97,4,12,204)
r(401,4,12,204)
w(332,7,12,204)
r(681,3,12,204)
r(126,4,12,204)
r(321,5,12,204)
r(113,1,12,204)
w(459,7,12,204)
r(696,4,12,204)
r(663,6,12,204)
r(410,2,12,204)
w(65,9,12,204)
r(622,11,12,204)
r(537,3,12,204)
r(630,7,1,205)
r(622,6,1,205)
w(557,2,1,205)
r(80,6,1,205)
r(525,2,1,205)
w(73,2,1,205)
r(391,5,1,205)
r(63,2,1,205)
r(127,5,1,205)
w(647,2,1,205)
r(294,2,1,205)
w(548,2,1,205)
r(147,2,1,205)
r(394,4,1,205)
r(317,7,1,205)
r(117,2,1,205)
w(205,2,1,205)
w(394,3,1,205)
w(446,2,1,205)
w(486,2,1,205)
r(408,1,2,206)
r(401,4,2,206)
w(447,6,2,206)
w(93,2,2,206)
w(361,2,2,206)
w(562,2,2,206)
w(23,6,2,206)
r(230,3,2,206)
w(44,2,2,206)
w(496,6,2,206)
w(583,2,2,206)
w(85,2,2,206)
w(272,2,2,206)
w(528,6,2,206)
r(97,6,2,206)
w(168,2,2,206)
w(605,2,2,206)
w(28,2,2,206)
w(7,3,2,206)
r(489,2,2,206)
w(337,3,3,207)
r(567,3,3,207)
r(591,1,3,207)
w(1,6,3,207)
w(195,2,3,207)
r(423,3,3,207)
r(105,3,3,207)
r(226,7,3,207)
r(409,1,3,207)
r(561,6,3,207)
r(600,1,3,207)
r(436,1,3,207)
w(484,5,3,207)
w(610,6,3,207)
w(204,3,3,207)
w(498,2,3,207)
r(288,3,3,207)
w(704,2,3,207)
w(169,2,3,207)
r(461,6,3,207)
w(573,3,4,208)
r(530,7,4,208)
r(515,11,4,208)
r(89,2,4,208)
r(78,2,4,208)
w(337,5,4,208)
r(503,1,4,208)
w(87,2,4,208)
w(65,5,4,208)
w(552,5,4,208)
r(259,2,4,208)
w(227,6,4,208)
w(329,2,4,208)
r(471,5,4,208)
r(704,5,4,208)
w(332,6,4,208)
w(288,5,4,208)
w(628,3,4,208)
r(7,1,4,208)
w(100,5,4,208)
r(324,2,5,209)
r(133,5,5,209)
r(672,5,5,209)
r(341,2,5,209)
r(180,2,5,209)
w(266,6,5,209)
w(199,3,5,209)
r(303,5,5,209)
w(401,6,5,209)
r(548,6,5,209)
r(683,5,5,209)
w(482,3,5,209)
r(107,6,5,209)
r(424,6,5,209)
r(530,7,5,209)
r(531,1,5,209)
r(301,7,5,209)
r(594,1,5,209)
w(303,3,5,209)
w(702,3,5,209)
r(427,7,6,210)
w(485,6,6,210)
w(495,7,6,210)
r(376,2,6,210)
w(250,7,6,210)
w(272,3,6,210)
w(267,2,6,210)
r(86,9,6,210)
r(352,5,6,210)
w(653,3,6,210)
r(112,2,6,210)
r(53,9,6,210)
r(299,6,6,210)
r(438,5,6,210)
w(157,7,6,210)
w(95,7,6,210)
r(487,1,6,210)
r(177,5,6,210)
w(689,6,6,210)
r(566,3,6,210)
w(598,6,7,211)
r(204,2,7,211)
r(150,5,7,211)
r(206,2,7,211)
w(551,7,7,211)
w(230,4,7,211)
r(164,6,7,211)
r(320,5,7,211)
w(4,4,7,211)
w(567,3,7,211)
w(704,3,7,211)
r(500,3,7,211)
r(654,5,7,211)
r(179,6,7,211)
w(708,6,7,211)
w(266,5,7,211)
w(615,5,7,211)
r(145,2,7,211)
w(188,7,7,211)
r(99,2,7,211)
w(264,7,8,212)
r(209,6,8,212)
r(575,7,8,212)
w(246,5,8,212)
r(496,9,8,212)
r(583,1,8,212)
w(629,3,8,212)
w(432,4,8,212)
w(702,5,8,212)
r(232,6,8,212)
w(519,4,8,212)
r(194,7,8,212)
r(404,11,8,212)
w(325,7,8,212)
r(627,3,8,212)
w(15,5,8,212)
w(115,5,8,212)
r(705,6,8,212)
r(432,4,8,212)
r(17,3,8,212)
r(678,4,9,213)
r(133,3,9,213)
w(468,7,9,213)
w(83,4,9,213)
w(355,5,9,213)
w(29,11,9,213)
r(244,7,9,213)
r(631,6,9,213)
r(4,11,9,213)
r(365,7,9,213)
r(695,10,9,213)
w(120,7,9,213)
w(661,6,9,213)
w(190,8,9,213)
w(658,3,9,213)
r(56,4,9,213)
w(340,7,9,213)
w(403,5,9,213)
r(420,2,9,213)
w(12,5,9,213)
r(237,5,10,214)
r(236,6,10,214)
w(117,5,10,214)
w(695,10,10,214)
r(133,3,10,214)
r(711,3,10,214)
w(559,3,10,214)
w(374,7,10,214)
r(240,5,10,214)
r(273,3,10,214)
r(499,3,10,214)
w(58,10,10,214)
r(710,4,10,214)
r(648,2,10,214)
w(114,3,10,214)
w(108,6,10,214)
r(49,11,10,214)
r(54,3,10,214)
w(432,11,10,214)
r(717,3,10,214)
r(396,6,11,215)
r(291,5,11,215)
w(569,11,11,215)
r(377,7,11,215)
r(396,6,11,215)
w(647,9,11,215)
r(597,2,11,215)
r(550,6,11,215)
w(718,9,11,215)
r(716,3,11,215)
w(31,3,11,215)
w(435,7,11,215)
r(637,9,11,215)
w(423,6,11,215)
w(123,4,11,215)
r(644,2,12,216)
r(489,2,12,216)
r(496,9,12,216)
w(84,5,12,216)
r(81,3,12,216)
r(589,10,12,216)
r(656,6,12,216)
w(646,7,12,216)
w(414,6,12,216)
r(346,6,12,216)
w(206,3,12,216)
r(292,6,12,216)
w(513,9,12,216)
r(223,6,12,216)
r(33,2,12,216)
w(4,11,12,216)
w(180,10,12,216)
w(554,4,12,216)
r(60,2,12,216)
r(455,2,12,216)
r(553,7,1,217)
w(142,2,1,217)
w(188,2,1,217)
w(167,2,1,217)
r(114,1,1,217)
r(152,3,1,217)
r(62,6,1,217)
w(691,3,1,217)
w(400,2,1,217)
r(438,6,1,217)
w(246,2,1,217)
w(100,2,1,217)
w(190,3,1,217)
r(579,2,1,217)
r(505,5,1,217)
r(181,2,1,217)
r(661,2,1,217)
w(74,2,1,217)
r(596,2,1,217)
w(621,3,1,217)
w(264,5,3,218)
r(138,7,3,218)
w(73,6,3,218)
w(474,3,3,218)
r(30,11,3,218)
r(688,5,3,218)
r(234,3,3,218)
w(687,2,3,218)
w(438,2,3,218)
r(179,4,3,218)
r(483,6,3,218)
r(469,6,3,218)
w(369,3,3,218)
w(374,2,3,218)
r(504,2,3,218)
r(390,6,3,218)
r(486,2,3,218)
r(444,7,3,218)
w(301,3,3,218)
w(670,3,3,218)
r(586,7,4,219)
w(161,2,4,219)
r(450,3,4,219)
w(419,2,4,219)
r(595,6,4,219)
r(637,9,4,219)
r(294,2,4,219)
r(381,2,4,219)
w(318,3,4,219)
w(558,2,4,219)
w(23,7,4,219)
r(651,2,4,219)
r(306,2,4,219)
w(379,3,4,219)
w(461,6,4,219)
r(547,3,4,219)
w(344,2,4,219)
r(720,5,4,219)
w(615,3,4,219)
w(215,3,4,219)
w(701,6,5,220)
w(285,5,5,220)
r(402,2,5,220)
r(356,2,5,220)
r(709,6,5,220)
w(85,3,5,220)
w(400,7,5,220)
w(121,3,5,220)
r(114,1,5,220)
r(561,6,5,220)
r(570,2,5,220)
r(389,3,5,220)
w(94,3,5,220)
r(228,3,5,220)
r(60,2,5,220)
w(651,2,5,220)
r(134,2,5,220)
w(276,3,5,220)
w(46,3,5,220)
w(317,7,5,220)
w(357,5,6,221)
w(685,3,6,221)
r(711,3,6,221)
r(128,2,6,221)
w(24,5,6,221)
w(682,3,6,221)
r(572,6,6,221)
r(213,1,6,221)
r(293,2,6,221)
r(59,7,6,221)
w(688,6,6,221)
r(182,2,6,221)
w(170,5,6,221)
r(407,1,6,221)
r(468,3,6,221)
w(84,3,6,221)
r(542,11,6,221)
w(465,5,6,221)
r(186,7,6,221)
w(240,6,6,221)
w(346,6,7,222)
r(151,6,7,222)
w(13,7,7,222)
w(59,6,7,222)
w(361,6,7,222)
r(418,1,7,222)
r(141,2,7,222)
r(25,4,7,222)
w(243,7,7,222)
r(606,5,7,222)
r(361,6,7,222)
w(626,5,7,222)
r(387,1,7,222)
w(179,4,7,222)
r(398,3,7,222)
r(419,2,7,222)
r(517,2,7,222)
w(505,3,7,222)
r(704,2,7,222)
w(132,3,7,222)
w(672,6,8,223)
w(582,7,8,223)
w(111,5,8,223)
r(433,2,8,223)
r(300,3,8,223)
w(380,3,8,223)
r(571,1,8,223)
r(550,5,8,223)
w(554,6,8,223)
w(401,4,8,223)
r(180,6,8,223)
w(662,6,8,223)
r(184,6,8,223)
r(500,3,8,223)
w(179,11,8,223)
r(69,7,8,223)
r(400,4,8,223)
r(142,2,8,223)
r(341,3,8,223)
w(355,6,8,223)
w(616,7,9,224)
w(82,6,9,224)
w(288,8,9,224)
w(3,5,9,224)
r(273,3,9,224)
w(175,5,9,224)
w(154,11,9,224)
r(352,6,9,224)
w(709,5,9,224)
w(466,6,9,224)
w(334,4,9,224)
w(579,4,9,224)
r(3,5,9,224)
r(538,2,9,224)
r(287,4,9,224)
w(30,9,9,224)
w(111,7,9,224)
r(283,5,9,224)
r(686,3,9,224)
r(295,5,9,224)
r(358,1,10,225)
w(481,4,10,225)
r(623,5,10,225)
w(161,4,10,225)
w(363,7,10,225)
w(211,5,10,225)
r(537,2,10,225)
w(686,3,10,225)
w(422,6,10,225)
w(418,5,10,225)
r(263,5,10,225)
r(579,5,10,225)
w(35,5,10,225)
r(197,3,10,225)
w(341,4,10,225)
r(704,2,10,225)
r(348,6,10,225)
r(450,3,10,225)
w(357,11,10,225)
w(45,4,10,225)
w(568,7,11,226)
r(625,3,11,226)
r(509,5,11,226)
r(674,6,11,226)
r(626,4,11,226)
w(314,11,11,226)
w(239,11,11,226)
r(32,3,11,226)
r(338,11,11,226)
r(575,7,11,226)
w(53,11,11,226)
w(37,10,11,226)
w(290,5,11,226)
w(556,3,11,226)
w(637,4,11,226)
r(315,7,11,226)
r(496,9,11,226)
r(216,11,11,226)
r(484,11,11,226)
r(410,2,11,226)
w(316,9,12,227)
w(368,4,12,227)
r(124,3,12,227)
w(88,7,12,227)
w(719,11,12,227)
w(72,5,12,227)
w(519,8,12,227)
w(221,8,12,227)
w(669,9,12,227)
w(161,10,12,227)
r(694,2,12,227)
w(412,7,12,227)
r(54,3,12,227)
r(292,2,1,228)
r(337,3,1,228)
w(611,2,1,228)
w(247,3,1,228)
w(528,2,1,228)
r(650,7,1,228)
w(185,2,1,228)
r(305,2,1,228)
r(557,2,1,228)
r(553,7,1,228)
r(583,7,1,228)
r(553,7,1,228)
r(530,6,1,228)
r(585,11,1,228)
r(548,2,1,228)
w(422,2,1,228)
r(111,5,1,228)
w(644,2,1,228)
r(80,6,1,228)
w(633,2,1,228)
w(621,6,3,229)
r(381,2,3,229)
r(66,3,3,229)
r(578,6,3,229)
w(173,2,3,229)
w(513,3,3,229)
r(432,6,3,229)
w(30,6,3,229)
r(560,11,3,229)
r(431,2,3,229)
w(245,6,3,229)
w(436,2,3,229)
r(409,1,3,229)
w(285,2,3,229)
r(557,2,3,229)
r(609,2,3,229)
r(251,2,3,229)
r(537,3,3,229)
r(211,10,3,229)
r(621,6,3,229)
r(255,4,4,230)
w(57,2,4,230)
w(180,6,4,230)
w(711,3,4,230)
w(689,3,4,230)
w(588,3,4,230)
w(285,3,4,230)
w(222,3,4,230)
r(655,1,4,230)
r(114,1,4,230)
r(386,2,4,230)
w(718,6,4,230)
w(463,3,4,230)
r(410,2,4,230)
r(186,5,4,230)
r(440,3,4,230)
r(632,7,4,230)
w(49,5,4,230)
w(369,5,4,230)
w(61,2,4,230)
r(117,2,5,231)
r(562,7,5,231)
r(690,1,5,231)
w(12,6,5,231)
r(588,6,5,231)
r(449,6,5,231)
w(163,6,5,231)
r(415,2,5,231)
r(508,5,5,231)
r(502,5,5,231)
w(393,3,5,231)
r(261,5,5,231)
r(406,2,5,231)
w(146,3,5,231)
w(587,2,5,231)
r(156,2,5,231)
r(391,5,5,231)
w(401,5,5,231)
w(464,3,5,231)
w(584,5,5,231)
r(308,7,6,232)
w(701,5,6,232)
r(690,1,6,232)
r(95,7,6,232)
r(356,2,6,232)
r(208,2,6,232)
r(574,2,6,232)
r(204,4,6,232)
w(181,5,6,232)
w(342,5,6,232)
w(263,3,6,232)
w(611,6,6,232)
r(130,6,6,232)
w(718,4,6,232)
r(702,5,6,232)
w(416,5,6,232)
r(512,7,6,232)
r(504,3,6,232)
r(169,2,6,232)
w(430,5,6,232)
r(122,5,7,233)
w(260,5,7,233)
w(32,6,7,233)
r(474,6,7,233)
r(292,6,7,233)
w(118,9,7,233)
r(77,6,7,233)
r(558,2,7,233)
r(610,6,7,233)
r(496,9,7,233)
r(264,7,7,233)
r(392,6,7,233)
w(720,7,7,233)
r(363,2,7,233)
r(297,6,7,233)
r(296,1,7,233)
w(636,2,7,233)
w(83,5,7,233)
r(409,1,7,233)
r(222,5,7,233)
r(552,7,8,234)
w(276,6,8,234)
r(115,5,8,234)
r(338,11,8,234)
r(400,4,8,234)
r(105,3,8,234)
w(622,4,8,234)
r(303,7,8,234)
r(439,5,8,234)
r(96,2,8,234)
w(454,4,8,234)
w(189,7,8,234)
w(49,11,8,234)
r(462,7,8,234)
w(210,5,8,234)
w(623,5,8,234)
w(323,3,8,234)
r(232,5,8,234)
w(599,9,8,234)
w(517,3,8,234)
w(463,6,9,235)
r(197,2,9,235)
w(113,5,9,235)
w(364,7,9,235)
w(435,5,9,235)
w(709,7,9,235)
r(474,7,9,235)
w(245,4,9,235)
r(139,7,9,235)
r(527,6,9,235)
w(527,4,9,235)
r(184,6,9,235)
w(676,3,9,235)
r(680,6,9,235)
r(251,2,9,235)
r(485,9,9,235)
w(256,6,9,235)
r(407,1,9,235)
r(109,6,9,235)
r(247,3,9,235)
r(332,7,10,236)
r(287,4,10,236)
w(691,4,10,236)
w(114,6,10,236)
w(591,5,10,236)
w(704,4,10,236)
r(521,9,10,236)
w(677,11,10,236)
w(371,7,10,236)
w(638,7,10,236)
w(514,7,10,236)
r(276,6,10,236)
w(616,11,10,236)
w(692,6,10,236)
r(56,4,10,236)
w(386,5,10,236)
r(194,4,10,236)
r(137,3,10,236)
r(717,3,10,236)
r(559,3,10,236)
r(320,5,11,237)
r(76,6,11,237)
w(587,4,11,237)
w(1,4,11,237)
r(14,1,11,237)
r(253,2,11,237)
r(253,2,11,237)
w(31,5,11,237)
w(211,7,11,237)
w(538,9,11,237)
r(672,6,11,237)
w(140,4,11,237)
w(266,7,11,237)
w(300,7,11,237)
w(720,4,11,237)
r(669,3,11,237)
w(720,11,11,237)
w(310,11,11,237)
w(611,7,11,237)
w(622,11,11,237)
w(236,6,12,238)
w(56,4,12,238)
r(147,2,12,238)
r(590,5,12,238)
w(286,11,12,238)
r(182,2,12,238)
w(7,5,12,238)
w(80,11,12,238)
w(479,6,12,238)
r(607,6,12,238)
w(349,11,12,238)
r(598,6,12,238)
w(548,7,12,238)
r(580,2,12,238)
w(505,9,12,238)
w(234,4,12,238)
r(80,11,12,238)
w(29,8,12,238)
w(129,9,12,238)
w(118,10,12,238)
r(581,2,1,239)
r(544,3,1,239)
r(95,2,1,239)
r(119,2,1,239)
r(451,3,1,239)
r(7,1,1,239)
w(72,2,1,239)
w(689,2,1,239)
r(469,6,1,239)
w(265,3,1,239)
w(580,2,1,239)
r(162,5,1,239)
w(1,3,1,239)
w(183,2,1,239)
r(379,3,1,239)
w(596,3,1,239)
w(609,2,1,239)
r(53,11,1,239)
r(649,1,1,239)
r(145,2,1,239)
r(8,5,3,240)
r(72,2,3,240)
w(212,2,3,240)
r(619,3,3,240)
w(613,3,3,240)
w(22,3,3,240)
r(514,6,3,240)
w(3,2,3,240)
w(165,6,3,240)
r(503,1,3,240)
r(212,2,3,240)
r(510,6,3,240)
r(64,6,3,240)
w(94,2,3,240)
r(210,5,3,240)
r(632,7,3,240)
w(573,2,3,240)
r(181,2,3,240)
w(300,6,3,240)
r(254,3,3,240)
w(393,2,4,241)
w(170,3,4,241)
w(178,3,4,241)
w(234,3,4,241)
r(442,6,4,241)
r(337,9,4,241)
r(292,2,4,241)
r(137,3,4,241)
r(461,6,4,241)
w(298,6,4,241)
r(453,5,4,241)
w(552,7,4,241)
r(39,2,4,241)
w(327,3,4,241)
w(474,6,4,241)
r(159,2,4,241)
w(90,3,4,241)
w(439,5,4,241)
r(450,3,4,241)
r(574,2,4,241)
w(255,4,5,242)
r(148,9,5,242)
r(614,6,5,242)
r(507,3,5,242)
r(373,1,5,242)
r(238,3,5,242)
r(280,6,5,242)
r(141,2,5,242)
w(158,5,5,242)
w(180,5,5,242)
w(654,5,5,242)
r(105,3,5,242)
r(559,2,5,242)
w(373,2,5,242)
r(571,1,5,242)
r(558,2,5,242)
w(83,6,5,242)
r(92,6,5,242)
w(338,7,5,242)
w(373,3,5,242)
w(483,7,7,243)
r(513,9,7,243)
r(325,11,7,243)
r(383,6,7,243)
w(701,11,7,243)
r(279,3,7,243)
w(67,5,7,243)
r(327,3,7,243)
w(240,5,7,243)
w(680,6,7,243)
r(423,2,7,243)
w(621,7,7,243)
r(111,5,7,243)
w(454,7,7,243)
w(98,7,7,243)
w(311,5,7,243)
r(303,7,7,243)
r(556,3,7,243)
r(536,2,7,243)
w(357,7,7,243)
r(244,7,8,244)
w(510,6,8,244)
w(638,6,8,244)
r(597,2,8,244)
r(213,1,8,244)
w(359,4,8,244)
w(392,3,8,244)
r(152,3,8,244)
w(79,5,8,244)
w(98,4,8,244)
w(631,6,8,244)
r(599,9,8,244)
w(396,4,8,244)
w(377,4,8,244)
w(554,5,8,244)
w(221,4,8,244)
w(525,5,8,244)
r(547,6,8,244)
w(365,7,8,244)
w(359,11,8,244)
w(180,4,10,245)
r(711,3,10,245)
w(260,4,10,245)
r(230,3,10,245)
r(435,2,10,245)
w(678,11,10,245)
r(290,5,10,245)
w(146,5,10,245)
w(272,6,10,245)
w(222,4,10,245)
w(540,3,11,246)
w(307,4,11,246)
w(139,7,11,246)
w(438,5,11,246)
w(265,11,11,246)
w(677,9,11,246)
w(369,7,11,246)
r(266,7,11,246)
r(355,6,11,246)
r(159,2,11,246)
w(673,5,11,246)
w(707,4,11,246)
w(638,4,11,246)
r(452,6,11,246)
r(128,3,11,246)
w(166,6,11,246)
w(325,11,11,246)
w(346,7,11,246)
w(640,7,11,246)
w(53,9,11,246)
r(488,3,12,247)
w(572,5,12,247)
w(43,9,12,247)
w(430,9,12,247)
w(285,11,12,247)
w(364,4,12,247)
w(148,14,12,247)
w(201,5,12,247)
r(316,7,12,247)
w(209,4,12,247)
r(505,9,12,247)
w(630,4,12,247)
w(456,10,12,247)
w(439,4,12,247)
r(96,2,12,247)
r(69,7,12,247)
r(636,2,12,247)
r(82,5,12,247)
r(10,2,12,247)
r(202,5,12,247)
w(404,2,1,248)
w(299,2,1,248)
r(412,2,1,248)
w(17,2,1,248)
r(394,3,1,248)
w(171,3,1,248)
r(135,3,1,248)
w(656,6,1,248)
r(52,2,1,248)
w(67,2,1,248)
w(649,2,1,248)
w(10,2,1,248)
r(418,1,1,248)
r(565,3,1,248)
r(355,6,1,248)
w(515,2,1,248)
w(670,2,1,248)
r(4,4,1,248)
w(411,3,1,248)
r(479,2,1,248)
w(612,3,3,249)
r(439,5,3,249)
w(655,3,3,249)
r(633,6,3,249)
r(326,6,3,249)
r(621,6,3,249)
r(664,3,3,249)
w(187,3,3,249)
r(512,3,3,249)
r(479,2,3,249)
r(15,6,3,249)
w(104,2,3,249)
w(655,6,3,249)
r(606,5,3,249)
w(424,2,3,249)
w(299,6,3,249)
w(456,3,3,249)
r(283,5,3,249)
r(114,1,3,249)
w(45,3,3,249)
r(178,3,4,250)
w(652,7,4,250)
w(679,6,4,250)
w(19,2,4,250)
w(173,3,4,250)
w(39,3,4,250)
r(324,2,4,250)
r(45,2,4,250)
r(311,7,4,250)
w(615,6,4,250)
w(692,2,4,250)
w(208,2,4,250)
w(591,3,4,250)
r(323,7,4,250)
w(233,2,4,250)
r(202,6,4,250)
r(423,3,4,250)
w(681,3,4,250)
r(25,4,4,250)
r(500,3,4,250)
r(126,4,5,251)
w(695,5,5,251)
r(327,6,5,251)
w(161,3,5,251)
r(718,6,5,251)
r(541,2,5,251)
r(84,6,5,251)
r(235,2,5,251)
r(250,11,5,251)
r(615,3,5,251)
w(592,3,5,251)
w(321,5,5,251)
r(587,2,5,251)
r(105,3,5,251)
w(233,6,5,251)
r(290,5,5,251)
w(298,5,5,251)
w(164,6,5,251)
w(533,3,5,251)
r(541,2,5,251)
r(124,3,7,252)
w(603,5,7,252)
r(438,5,7,252)
r(154,3,7,252)
r(37,11,7,252)
w(708,5,7,252)
r(165,6,7,252)
r(575,7,7,252)
r(596,4,7,252)
w(300,5,7,252)
r(570,10,7,252)
w(570,7,7,252)
r(576,5,7,252)
r(38,3,7,252)
r(477,9,7,252)
w(88,2,7,252)
w(512,7,7,252)
r(292,3,7,252)
r(551,11,7,252)
w(643,6,7,252)
r(84,5,8,253)
w(420,2,8,253)
r(53,9,8,253)
w(202,5,8,253)
r(554,4,8,253)
w(160,2,8,253)
w(144,3,8,253)
w(395,5,8,253)
w(696,11,8,253)
r(440,6,8,253)
r(653,3,8,253)
r(203,3,8,253)
w(170,4,8,253)
w(573,6,8,253)
w(620,4,8,253)
r(325,11,8,253)
w(239,7,8,253)
r(358,1,8,253)
r(185,2,8,253)
w(373,6,8,253)
w(35,7,10,254)
r(326,6,10,254)
w(552,10,10,254)
w(467,3,10,254)
w(39,4,10,254)
r(291,5,10,254)
w(210,7,10,254)
r(19,2,10,254)
w(89,5,10,254)
w(156,6,10,254)
w(429,4,10,254)
w(432,9,10,254)
r(21,2,10,254)
r(603,5,10,254)
r(271,2,10,254)
r(635,2,10,254)
w(203,5,10,254)
w(514,4,10,254)
w(310,7,10,254)
w(14,2,10,254)
w(59,7,11,255)
r(612,3,11,255)
w(209,7,11,255)
r(617,6,11,255)
r(371,3,11,255)
w(223,5,11,255)
r(527,7,11,255)
r(100,3,11,255)
w(656,12,11,255)
r(499,5,11,255)
w(329,7,11,255)
w(584,9,11,255)
r(187,3,11,255)
w(42,6,11,255)
w(568,4,11,255)
w(637,11,11,255)
r(563,5,11,255)
w(583,5,11,255)
w(415,5,11,255)
r(668,2,11,255)
r(224,2,12,256)
w(674,5,12,256)
r(615,6,12,256)
r(336,3,12,256)
r(720,11,12,256)
w(623,4,12,256)
w(35,4,12,256)
w(301,11,12,256)
w(190,13,12,256)
w(435,4,12,256)
w(389,5,12,256)
r(190,13,12,256)
r(635,2,12,256)
r(326,6,12,256)
w(669,10,12,256)
w(566,7,12,256)
w(24,4,12,256)
w(309,9,12,256)
w(359,14,12,256)
r(496,6,12,256)
r(234,3,1,257)
r(35,6,1,257)
w(302,3,1,257)
r(401,4,1,257)
r(654,5,1,257)
r(479,2,1,257)
r(544,3,1,257)
r(590,5,1,257)
r(231,5,1,257)
w(300,2,1,257)
w(292,3,1,257)
r(515,2,1,257)
r(207,5,1,257)
r(494,5,1,257)
r(624,3,1,257)
w(663,2,1,257)
r(218,7,1,257)
r(386,2,1,257)
r(301,3,1,257)
w(353,3,1,257)
r(453,5,4,258)
r(141,2,4,258)
r(456,11,4,258)
w(438,3,4,258)
r(115,5,4,258)
w(260,6,4,258)
w(228,2,4,258)
w(97,4,4,258)
w(162,5,4,258)
w(494,2,4,258)
r(469,6,4,258)
r(660,5,4,258)
w(100,7,4,258)
w(341,6,4,258)
w(262,5,4,258)
w(582,6,4,258)
r(266,5,4,258)
w(182,2,4,258)
w(432,6,4,258)
w(633,6,4,258)
w(695,7,5,259)
r(52,2,5,259)
w(352,5,5,259)
w(499,5,5,259)
r(8,3,5,259)
r(658,2,5,259)
r(593,2,5,259)
w(347,6,5,259)
w(216,3,5,259)
r(90,2,5,259)
r(512,3,5,259)
w(108,3,5,259)
w(520,6,5,259)
r(54,2,5,259)
r(706,6,5,259)
r(433,2,5,259)
w(400,4,5,259)
r(18,3,5,259)
r(153,6,5,259)
r(515,6,5,259)
w(557,4,7,260)
r(129,9,7,260)
w(421,5,7,260)
w(114,2,7,260)
w(363,3,7,260)
r(239,9,7,260)
w(523,6,7,260)
w(3,3,7,260)
w(268,6,7,260)
w(383,4,7,260)
w(371,6,7,260)
r(564,6,7,260)
r(348,6,7,260)
w(70,5,7,260)
r(528,6,7,260)
w(337,7,7,260)
w(38,6,7,260)
r(273,3,7,260)
w(37,9,7,260)
r(420,2,7,260)
w(398,5,8,261)
w(304,5,8,261)
w(376,5,8,261)
w(315,3,8,261)
r(430,9,8,261)
r(548,7,8,261)
w(418,6,8,261)
r(36,5,8,261)
r(672,6,8,261)
r(174,11,8,261)
r(550,5,8,261)
r(295,5,8,261)
r(600,3,8,261)
r(52,6,8,261)
r(530,6,8,261)
w(366,6,8,261)
r(314,2,8,261)
w(347,7,8,261)
r(606,5,8,261)
r(172,3,8,261)
w(345,6,11,262)
w(148,12,11,262)
r(297,6,11,262)
r(517,3,11,262)
w(257,4,11,262)
r(310,11,11,262)
w(211,4,11,262)
r(329,7,11,262)
w(712,6,11,262)
r(64,6,11,262)
r(334,11,11,262)
r(166,6,11,262)
r(614,6,11,262)
r(353,3,11,262)
w(382,2,11,262)
w(263,5,11,262)
w(502,7,11,262)
w(83,11,11,262)
r(569,5,11,262)
r(244,7,11,262)
w(519,13,12,263)
r(94,2,12,263)
w(421,9,12,263)
r(422,6,12,263)
w(331,5,12,263)
r(672,6,12,263)
w(597,6,12,263)
r(209,4,12,263)
r(578,6,12,263)
r(681,5,12,263)
r(464,3,12,263)
r(32,5,12,263)
w(639,11,12,263)
r(624,3,12,263)
r(387,1,12,263)
w(254,11,12,263)
r(715,3,12,263)
w(641,7,12,263)
r(167,2,12,263)
w(260,11,12,263)
r(171,3,1,264)
r(662,6,1,264)
r(588,3,1,264)
r(600,3,1,264)
r(23,7,1,264)
w(675,2,1,264)
w(698,2,1,264)
r(285,2,1,264)
r(569,5,1,264)
r(280,6,1,264)
w(310,2,1,264)
r(667,5,1,264)
w(91,2,1,264)
r(67,5,1,264)
w(665,2,1,264)
w(538,2,1,264)
w(77,2,1,264)
r(388,3,1,264)
r(41,3,1,264)
r(215,3,1,264)
r(110,2,4,265)
r(646,3,4,265)
w(101,5,4,265)
r(171,5,4,265)
w(398,2,4,265)
r(170,3,4,265)
r(105,3,4,265)
w(286,6,4,265)
r(586,7,4,265)
w(217,3,4,265)
w(233,3,4,265)
w(71,3,4,265)
r(508,5,4,265)
w(35,6,4,265)
w(248,3,4,265)
r(450,3,4,265)
r(637,4,4,265)
r(676,2,4,265)
r(476,7,4,265)
r(297,6,4,265)
w(368,5,5,266)
r(609,7,5,266)
r(105,3,5,266)
w(397,6,5,266)
r(609,7,5,266)
r(151,6,5,266)
r(638,5,5,266)
w(153,3,5,266)
w(128,3,5,266)
w(537,3,5,266)
w(521,7,5,266)
r(490,2,5,266)
w(292,6,5,266)
w(659,6,5,266)
w(15,6,5,266)
w(8,5,5,266)
r(25,4,5,266)
w(451,3,5,266)
r(597,2,5,266)
r(253,2,5,266)
r(715,3,7,267)
w(32,5,7,267)
r(71,3,7,267)
r(647,2,7,267)
w(90,5,7,267)
w(476,5,7,267)
r(307,4,7,267)
r(682,3,7,267)
w(433,3,7,267)
w(528,7,7,267)
w(149,5,7,267)
r(501,5,7,267)
r(468,7,7,267)
r(661,6,7,267)
w(122,7,7,267)
r(335,5,7,267)
r(718,6,7,267)
w(644,3,7,267)
r(156,2,7,267)
w(166,3,7,267)
w(521,9,11,268)
w(239,9,11,268)
w(617,9,11,268)
r(71,3,11,268)
r(161,3,11,268)
r(538,2,11,268)
r(485,6,11,268)
r(274,2,11,268)
r(287,4,11,268)
r(659,7,11,268)
r(291,5,11,268)
w(697,3,11,268)
w(662,7,11,268)
r(139,7,11,268)
w(296,6,11,268)
r(623,5,11,268)
r(446,2,11,268)
r(696,11,11,268)
r(667,5,11,268)
w(474,7,11,268)
w(382,6,12,269)
r(631,6,12,269)
r(257,4,12,269)
r(508,5,12,269)
r(393,4,12,269)
w(420,5,12,269)
r(260,11,12,269)
w(714,4,12,269)
r(56,4,12,269)
w(605,6,12,269)
w(485,9,12,269)
w(677,12,12,269)
w(6,3,12,269)
w(512,4,12,269)
w(148,15,12,269)
r(451,3,12,269)
w(12,4,12,269)
r(619,3,12,269)
w(224,3,12,269)
w(469,5,12,269)
r(235,2,4,270)
r(489,2,4,270)
w(650,6,4,270)
w(484,7,4,270)
r(709,6,4,270)
r(489,2,4,270)
r(497,3,4,270)
w(571,6,4,270)
w(558,3,4,270)
r(389,3,4,270)
w(430,6,4,270)
w(515,7,4,270)
w(707,6,4,270)
r(138,2,4,270)
w(225,5,4,270)
r(215,3,4,270)
w(527,6,4,270)
w(499,3,4,270)
w(128,2,4,270)
w(286,5,4,270)
w(424,3,5,271)
w(582,5,5,271)
r(345,2,5,271)
w(713,6,5,271)
r(9,3,5,271)
w(173,6,5,271)
w(58,5,5,271)
w(58,7,5,271)
r(627,6,5,271)
r(434,2,5,271)
w(710,6,5,271)
w(687,6,5,271)
w(684,6,5,271)
w(457,2,5,271)
r(515,6,5,271)
r(167,2,5,271)
r(58,7,5,271)
w(149,6,5,271)
r(8,5,5,271)
r(107,6,5,271)
w(419,6,7,272)
r(626,5,7,272)
w(186,6,7,272)
r(545,5,7,272)
r(390,6,7,272)
r(391,6,7,272)
w(307,5,7,272)
w(197,2,7,272)
r(646,7,7,272)
w(643,5,7,272)
w(442,5,7,272)
r(53,9,7,272)
r(104,2,7,272)
r(328,4,7,272)
r(136,5,7,272)
w(717,4,7,272)
r(284,7,7,272)
w(616,6,7,272)
r(350,6,7,272)
w(400,11,7,272)
r(371,3,4,273)
w(52,6,4,273)
w(106,3,4,273)
w(352,6,4,273)
w(118,7,4,273)
r(226,7,4,273)
r(32,6,4,273)
r(371,3,4,273)
r(374,7,4,273)
r(386,2,4,273)
r(661,2,4,273)
w(534,6,4,273)
r(236,6,4,273)
w(336,3,4,273)
r(652,7,4,273)
w(469,2,4,273)
w(590,6,4,273)
w(304,3,4,273)
r(374,7,4,273)
w(435,2,4,273)
