w(1,1,0,0)
w(2,1,0,0)
w(3,1,0,0)
w(4,1,0,0)
w(5,1,0,0)
w(6,1,0,0)
w(7,1,0,0)
w(8,1,0,0)
w(9,1,0,0)
w(10,1,0,0)
w(11,1,0,0)
w(12,1,0,0)
w(13,1,0,0)
w(14,1,0,0)
w(15,1,0,0)
w(16,1,0,0)
w(17,1,0,0)
w(18,1,0,0)
w(19,1,0,0)
w(20,1,0,0)
w(21,1,0,0)
w(22,1,0,0)
w(23,1,0,0)
w(24,1,0,0)
w(25,1,0,0)
w(26,1,0,0)
w(27,1,0,0)
w(28,1,0,0)
w(29,1,0,0)
w(30,1,0,0)
w(31,1,0,0)
w(32,1,0,0)
w(33,1,0,0)
w(34,1,0,0)
w(35,1,0,0)
w(36,1,0,0)
w(37,1,0,0)
w(38,1,0,0)
w(39,1,0,0)
w(40,1,0,0)
w(41,1,0,0)
w(42,1,0,0)
w(43,1,0,0)
w(44,1,0,0)
w(45,1,0,0)
w(46,1,0,0)
w(47,1,0,0)
w(48,1,0,0)
w(49,1,0,0)
w(50,1,0,0)
w(51,1,0,0)
w(52,1,0,0)
w(53,1,0,0)
w(54,1,0,0)
w(55,1,0,0)
w(56,1,0,0)
w(57,1,0,0)
w(58,1,0,0)
w(59,1,0,0)
w(60,1,0,0)
w(61,1,0,0)
w(62,1,0,0)
w(63,1,0,0)
w(64,1,0,0)
w(65,1,0,0)
w(66,1,0,0)
w(67,1,0,0)
w(68,1,0,0)
w(69,1,0,0)
w(70,1,0,0)
w(71,1,0,0)
w(72,1,0,0)
w(73,1,0,0)
w(74,1,0,0)
w(75,1,0,0)
w(76,1,0,0)
w(77,1,0,0)
w(78,1,0,0)
w(79,1,0,0)
w(80,1,0,0)
w(81,1,0,0)
w(82,1,0,0)
w(83,1,0,0)
w(84,1,0,0)
w(85,1,0,0)
w(86,1,0,0)
w(87,1,0,0)
w(88,1,0,0)
w(89,1,0,0)
w(90,1,0,0)
w(91,1,0,0)
w(92,1,0,0)
w(93,1,0,0)
w(94,1,0,0)
w(95,1,0,0)
w(96,1,0,0)
w(97,1,0,0)
w(98,1,0,0)
w(99,1,0,0)
w(100,1,0,0)
w(101,1,0,0)
w(102,1,0,0)
w(103,1,0,0)
w(104,1,0,0)
w(105,1,0,0)
w(106,1,0,0)
w(107,1,0,0)
w(108,1,0,0)
w(109,1,0,0)
w(110,1,0,0)
w(111,1,0,0)
w(112,1,0,0)
w(113,1,0,0)
w(114,1,0,0)
w(115,1,0,0)
w(116,1,0,0)
w(117,1,0,0)
w(118,1,0,0)
w(119,1,0,0)
w(120,1,0,0)
w(121,1,0,0)
w(122,1,0,0)
w(123,1,0,0)
w(124,1,0,0)
w(125,1,0,0)
w(126,1,0,0)
w(127,1,0,0)
w(128,1,0,0)
w(129,1,0,0)
w(130,1,0,0)
w(131,1,0,0)
w(132,1,0,0)
w(133,1,0,0)
w(134,1,0,0)
w(135,1,0,0)
w(136,1,0,0)
w(137,1,0,0)
w(138,1,0,0)
w(139,1,0,0)
w(140,1,0,0)
w(141,1,0,0)
w(142,1,0,0)
w(143,1,0,0)
w(144,1,0,0)
w(145,1,0,0)
w(146,1,0,0)
w(147,1,0,0)
w(148,1,0,0)
w(149,1,0,0)
w(150,1,0,0)
w(151,1,0,0)
w(152,1,0,0)
w(153,1,0,0)
w(154,1,0,0)
w(155,1,0,0)
w(156,1,0,0)
w(157,1,0,0)
w(158,1,0,0)
w(159,1,0,0)
w(160,1,0,0)
w(161,1,0,0)
w(162,1,0,0)
w(163,1,0,0)
w(164,1,0,0)
w(165,1,0,0)
w(166,1,0,0)
w(167,1,0,0)
w(168,1,0,0)
w(169,1,0,0)
w(170,1,0,0)
w(171,1,0,0)
w(172,1,0,0)
w(173,1,0,0)
w(174,1,0,0)
w(175,1,0,0)
w(176,1,0,0)
w(177,1,0,0)
w(178,1,0,0)
w(179,1,0,0)
w(180,1,0,0)
w(181,1,0,0)
w(182,1,0,0)
w(183,1,0,0)
w(184,1,0,0)
w(185,1,0,0)
w(186,1,0,0)
w(187,1,0,0)
w(188,1,0,0)
w(189,1,0,0)
w(190,1,0,0)
w(191,1,0,0)
w(192,1,0,0)
w(193,1,0,0)
w(194,1,0,0)
w(195,1,0,0)
w(196,1,0,0)
w(197,1,0,0)
w(198,1,0,0)
w(199,1,0,0)
w(200,1,0,0)
w(201,1,0,0)
w(202,1,0,0)
w(203,1,0,0)
w(204,1,0,0)
w(205,1,0,0)
w(206,1,0,0)
w(207,1,0,0)
w(208,1,0,0)
w(209,1,0,0)
w(210,1,0,0)
w(211,1,0,0)
w(212,1,0,0)
w(213,1,0,0)
w(214,1,0,0)
w(215,1,0,0)
w(216,1,0,0)
w(217,1,0,0)
w(218,1,0,0)
w(219,1,0,0)
w(220,1,0,0)
w(221,1,0,0)
w(222,1,0,0)
w(223,1,0,0)
w(224,1,0,0)
w(225,1,0,0)
w(226,1,0,0)
w(227,1,0,0)
w(228,1,0,0)
w(229,1,0,0)
w(230,1,0,0)
w(231,1,0,0)
w(232,1,0,0)
w(233,1,0,0)
w(234,1,0,0)
w(235,1,0,0)
w(236,1,0,0)
w(237,1,0,0)
w(238,1,0,0)
w(239,1,0,0)
w(240,1,0,0)
w(241,1,0,0)
w(242,1,0,0)
w(243,1,0,0)
w(244,1,0,0)
w(245,1,0,0)
w(246,1,0,0)
w(247,1,0,0)
w(248,1,0,0)
w(249,1,0,0)
w(250,1,0,0)
w(251,1,0,0)
w(252,1,0,0)
w(253,1,0,0)
w(254,1,0,0)
w(255,1,0,0)
w(256,1,0,0)
w(257,1,0,0)
w(258,1,0,0)
w(259,1,0,0)
w(260,1,0,0)
w(261,1,0,0)
w(262,1,0,0)
w(263,1,0,0)
w(264,1,0,0)
w(265,1,0,0)
w(266,1,0,0)
w(267,1,0,0)
w(268,1,0,0)
w(269,1,0,0)
w(270,1,0,0)
w(271,1,0,0)
w(272,1,0,0)
w(273,1,0,0)
w(274,1,0,0)
w(275,1,0,0)
w(276,1,0,0)
w(277,1,0,0)
w(278,1,0,0)
w(279,1,0,0)
w(280,1,0,0)
w(281,1,0,0)
w(282,1,0,0)
w(283,1,0,0)
w(284,1,0,0)
w(285,1,0,0)
w(286,1,0,0)
w(287,1,0,0)
w(288,1,0,0)
w(289,1,0,0)
w(290,1,0,0)
w(291,1,0,0)
w(292,1,0,0)
w(293,1,0,0)
w(294,1,0,0)
w(295,1,0,0)
w(296,1,0,0)
w(297,1,0,0)
w(298,1,0,0)
w(299,1,0,0)
w(300,1,0,0)
w(301,1,0,0)
w(302,1,0,0)
w(303,1,0,0)
w(304,1,0,0)
w(305,1,0,0)
w(306,1,0,0)
w(307,1,0,0)
w(308,1,0,0)
w(309,1,0,0)
w(310,1,0,0)
w(311,1,0,0)
w(312,1,0,0)
w(313,1,0,0)
w(314,1,0,0)
w(315,1,0,0)
w(316,1,0,0)
w(317,1,0,0)
w(318,1,0,0)
w(319,1,0,0)
w(320,1,0,0)
w(321,1,0,0)
w(322,1,0,0)
w(323,1,0,0)
w(324,1,0,0)
w(325,1,0,0)
w(326,1,0,0)
w(327,1,0,0)
w(328,1,0,0)
w(329,1,0,0)
w(330,1,0,0)
w(331,1,0,0)
w(332,1,0,0)
w(333,1,0,0)
w(334,1,0,0)
w(335,1,0,0)
w(336,1,0,0)
w(337,1,0,0)
w(338,1,0,0)
w(339,1,0,0)
w(340,1,0,0)
w(341,1,0,0)
w(342,1,0,0)
w(343,1,0,0)
w(344,1,0,0)
w(345,1,0,0)
w(346,1,0,0)
w(347,1,0,0)
w(348,1,0,0)
w(349,1,0,0)
w(350,1,0,0)
w(351,1,0,0)
w(352,1,0,0)
w(353,1,0,0)
w(354,1,0,0)
w(355,1,0,0)
w(356,1,0,0)
w(357,1,0,0)
w(358,1,0,0)
w(359,1,0,0)
w(360,1,0,0)
r(163,1,1,1)
r(348,1,1,1)
r(187,1,1,1)
w(21,2,1,1)
w(228,2,1,1)
r(349,1,1,1)
r(156,1,1,1)
w(284,2,1,1)
r(306,1,1,1)
w(232,2,1,1)
w(225,2,1,1)
r(312,1,1,1)
r(259,1,1,1)
r(291,1,1,1)
r(159,1,1,1)
r(254,1,1,1)
w(336,2,1,1)
r(271,1,1,1)
w(243,2,1,1)
w(108,2,1,1)
w(274,2,1,1)
r(216,1,1,1)
w(347,2,1,1)
w(56,2,1,1)
r(290,1,1,1)
r(24,1,1,1)
w(127,2,1,1)
w(214,3,2,2)
w(61,3,2,2)
w(336,11,2,2)
r(320,1,2,2)
r(147,1,2,2)
r(212,1,2,2)
w(144,9,2,2)
r(354,1,2,2)
r(130,1,2,2)
r(147,1,2,2)
w(331,2,2,2)
r(17,1,2,2)
r(33,1,2,2)
r(192,1,2,2)
r(292,1,2,2)
w(257,6,2,2)
w(42,6,2,2)
w(154,11,2,2)
w(18,6,2,2)
w(246,3,2,2)
w(281,2,2,2)
r(203,1,2,2)
w(244,3,2,2)
w(15,11,2,2)
r(353,1,2,2)
w(220,3,2,2)
r(24,1,2,2)
r(73,1,2,2)
r(220,3,2,2)
r(150,1,2,2)
r(182,1,3,3)
w(101,13,3,3)
r(302,1,3,3)
r(81,1,3,3)
r(332,1,3,3)
w(95,6,3,3)
r(94,1,3,3)
w(30,13,3,3)
w(297,4,3,3)
w(258,9,3,3)
w(247,2,3,3)
w(249,3,3,3)
w(283,8,3,3)
w(233,9,3,3)
r(32,1,3,3)
r(312,1,3,3)
w(64,11,3,3)
w(2,11,3,3)
w(147,4,3,3)
r(96,1,3,3)
r(206,1,3,3)
r(44,1,3,3)
r(92,1,3,3)
r(80,1,3,3)
w(315,4,3,3)
r(79,1,3,3)
w(37,6,3,3)
w(81,13,3,3)
w(290,9,3,3)
w(183,13,3,3)
w(88,4,3,3)
r(200,1,3,3)
w(52,4,4,4)
w(142,13,4,4)
r(97,1,4,4)
r(14,1,4,4)
r(303,1,4,4)
w(351,8,4,4)
w(245,13,4,4)
w(129,4,4,4)
w(154,12,4,4)
w(256,9,4,4)
r(101,1,4,4)
w(234,13,4,4)
w(316,7,4,4)
r(200,1,4,4)
r(157,1,4,4)
w(39,11,4,4)
w(252,9,4,4)
w(281,11,4,4)
w(41,14,4,4)
w(360,5,4,4)
r(196,1,4,4)
r(251,1,4,4)
w(20,15,4,4)
w(309,13,4,4)
r(200,1,4,4)
w(159,13,4,4)
r(337,1,4,4)
w(164,8,4,4)
w(204,17,4,4)
w(205,4,4,4)
w(355,9,4,4)
r(233,1,4,4)
w(50,4,4,4)
w(317,4,4,4)
w(232,13,4,4)
w(286,7,4,4)
r(132,1,4,4)
r(115,1,4,4)
r(304,1,4,4)
r(248,1,4,4)
w(246,8,4,4)
w(343,13,4,4)
r(79,1,4,4)
w(131,13,4,4)
r(19,1,4,4)
r(122,1,4,4)
r(11,1,4,4)
r(45,1,4,4)
r(292,1,4,4)
w(341,9,4,4)
w(262,8,5,5)
r(302,1,5,5)
r(260,1,5,5)
r(220,1,5,5)
w(144,15,6,6)
r(129,4,6,6)
w(245,5,6,6)
w(88,18,6,6)
w(207,18,6,6)
w(89,15,6,6)
w(342,7,6,6)
r(108,1,6,6)
w(314,7,6,6)
r(352,1,6,6)
w(77,16,6,6)
r(281,11,6,6)
r(263,1,6,6)
w(185,16,6,6)
w(81,14,6,6)
r(42,1,6,6)
r(267,1,6,6)
r(86,1,6,6)
w(169,17,6,6)
w(156,14,6,6)
w(58,17,6,6)
w(356,17,6,6)
w(23,15,6,6)
w(168,12,6,6)
w(332,14,6,6)
w(234,5,6,6)
w(339,13,6,6)
r(313,1,6,6)
w(203,7,6,6)
w(104,8,6,6)
w(127,20,6,6)
r(125,1,6,6)
w(257,14,6,6)
r(207,18,6,6)
w(61,5,6,6)
r(260,1,6,6)
w(272,19,6,6)
w(35,5,6,6)
r(145,1,6,6)
r(250,1,1,7)
r(104,1,1,7)
r(42,1,1,7)
r(23,1,1,7)
w(41,2,1,7)
r(115,1,1,7)
w(113,2,1,7)
w(332,2,1,7)
w(299,2,1,7)
w(300,2,1,7)
w(249,2,1,7)
w(29,2,1,7)
r(92,1,1,7)
r(102,1,1,7)
r(210,1,1,7)
r(53,1,1,7)
r(78,1,1,7)
w(316,2,1,7)
w(115,2,1,7)
w(195,3,2,8)
r(95,2,2,8)
w(131,3,2,8)
w(328,9,2,8)
r(269,1,2,8)
r(26,1,2,8)
w(46,3,2,8)
r(139,2,2,8)
w(291,6,2,8)
r(17,1,2,8)
r(210,1,2,8)
w(13,9,2,8)
w(134,2,2,8)
w(51,6,2,8)
r(106,1,2,8)
r(70,1,2,8)
r(27,1,2,8)
w(293,9,2,8)
w(65,3,2,8)
r(77,1,2,8)
w(221,2,2,8)
r(312,1,2,8)
r(147,1,2,8)
r(275,1,2,8)
w(285,3,2,8)
r(21,1,2,8)
r(343,13,2,8)
r(252,9,2,8)
w(181,2,2,8)
w(309,6,2,8)
w(319,6,2,8)
w(285,6,2,8)
r(76,1,2,8)
r(243,1,2,8)
r(301,1,2,8)
r(141,1,2,8)
r(215,2,2,8)
w(138,11,2,8)
r(7,1,2,8)
w(278,3,2,8)
w(133,2,2,8)
r(230,1,2,8)
w(167,11,2,8)
r(55,1,2,8)
w(34,11,2,8)
w(251,3,2,8)
r(158,1,2,8)
r(274,1,2,8)
w(318,3,2,8)
w(239,2,2,8)
w(245,9,3,9)
r(87,1,3,9)
r(252,9,3,9)
r(154,12,3,9)
w(121,9,3,9)
r(335,1,3,9)
r(129,4,3,9)
w(23,13,3,9)
r(43,1,3,9)
w(72,4,3,9)
w(99,11,3,9)
r(67,1,3,9)
r(122,1,3,9)
r(100,1,3,9)
r(107,1,3,9)
r(53,1,3,9)
w(224,6,3,9)
w(7,3,3,9)
r(85,1,3,9)
w(254,18,4,10)
w(9,6,4,10)
w(212,5,4,10)
r(98,1,4,10)
r(212,5,4,10)
r(126,1,4,10)
w(353,8,4,10)
w(313,8,4,10)
w(6,11,4,10)
w(171,13,4,10)
r(88,1,4,10)
w(11,5,4,10)
w(263,9,4,10)
w(50,7,5,11)
r(70,1,5,11)
w(169,14,5,11)
w(98,7,5,11)
r(243,1,5,11)
w(219,12,5,11)
w(91,8,5,11)
r(146,1,5,11)
r(8,1,5,11)
w(84,12,5,11)
r(274,1,5,11)
r(49,1,5,11)
w(186,5,5,11)
r(20,2,5,11)
r(273,1,5,11)
w(297,14,5,11)
r(184,1,5,11)
r(37,1,5,11)
r(65,1,5,11)
w(250,8,5,11)
w(125,9,5,11)
w(29,8,5,11)
r(194,1,5,11)
w(305,14,5,11)
r(101,1,5,11)
w(281,13,5,11)
w(240,7,5,11)
r(138,1,5,11)
r(131,13,5,11)
r(284,1,5,11)
w(223,5,5,11)
w(270,9,5,11)
r(122,1,5,11)
r(186,5,5,11)
w(93,13,5,11)
w(120,13,5,11)
r(224,1,5,11)
w(340,5,5,11)
w(281,4,5,11)
r(238,1,5,11)
r(72,1,5,11)
w(299,8,5,11)
r(85,1,5,11)
r(27,1,5,11)
w(320,15,5,11)
r(244,1,5,11)
r(224,1,5,11)
w(182,8,5,11)
r(50,7,5,11)
r(146,1,5,11)
r(280,1,6,12)
w(85,12,6,12)
r(45,1,6,12)
w(324,12,6,12)
w(19,12,6,12)
w(241,4,6,12)
r(173,1,6,12)
r(286,7,6,12)
w(40,14,6,12)
w(20,16,6,12)
r(184,1,6,12)
r(212,1,6,12)
w(312,5,6,12)
w(64,20,6,12)
r(255,1,6,12)
w(245,7,6,12)
r(14,1,6,12)
r(269,1,6,12)
r(146,1,6,12)
r(153,1,6,12)
w(73,7,6,12)
w(2,8,6,12)
w(265,5,6,12)
w(197,15,6,12)
r(185,1,6,12)
r(311,1,6,12)
w(99,20,6,12)
w(281,12,6,12)
w(20,2,1,13)
r(325,1,1,13)
w(315,2,1,13)
w(215,2,1,13)
w(189,2,1,13)
r(2,1,1,13)
r(148,1,1,13)
w(95,2,1,13)
w(87,2,1,13)
w(25,2,1,13)
r(182,1,1,13)
r(180,1,1,13)
w(188,2,1,13)
r(127,1,1,13)
w(272,2,1,13)
w(307,2,1,13)
r(168,1,1,13)
w(166,2,1,13)
r(9,1,1,13)
w(41,3,1,13)
w(103,2,1,13)
w(97,3,1,13)
w(226,2,1,13)
w(52,3,1,13)
r(188,2,1,13)
r(24,1,1,13)
w(180,2,1,13)
r(100,1,1,13)
w(196,2,1,13)
r(2,1,1,13)
w(336,3,1,13)
w(153,2,1,13)
w(242,2,1,13)
r(113,1,1,13)
r(244,1,1,13)
w(211,3,1,13)
r(192,1,1,13)
r(289,1,1,13)
r(127,1,1,13)
w(100,2,1,13)
w(139,2,1,13)
w(24,2,1,13)
r(21,1,1,13)
r(126,1,1,13)
w(107,2,1,13)
r(160,1,1,13)
w(23,2,1,13)
r(328,1,1,13)
w(277,2,1,13)
r(50,4,1,13)
w(226,13,2,14)
w(91,3,2,14)
r(106,1,2,14)
w(97,9,2,14)
w(239,3,2,14)
w(248,6,2,14)
r(269,1,2,14)
w(47,3,2,14)
r(243,1,2,14)
w(360,11,2,14)
w(264,11,2,14)
w(173,3,2,14)
w(167,9,2,14)
w(114,11,2,14)
w(82,13,2,14)
r(299,8,2,14)
w(162,11,2,14)
r(332,1,2,14)
r(52,3,2,14)
w(100,4,2,14)
w(356,11,2,14)
w(1,3,2,14)
w(311,2,2,14)
w(254,6,2,14)
r(116,1,2,14)
w(216,11,2,14)
w(60,3,2,14)
w(290,3,2,14)
r(86,1,2,14)
r(105,1,2,14)
r(352,1,2,14)
w(119,11,2,14)
w(358,11,2,14)
r(256,9,2,14)
r(260,1,3,15)
w(313,9,3,15)
w(136,9,3,15)
r(81,1,3,15)
r(123,1,3,15)
w(283,12,3,15)
w(191,11,3,15)
w(96,6,3,15)
w(292,3,3,15)
w(44,3,3,15)
r(218,1,3,15)
r(80,1,3,15)
w(238,13,3,15)
r(325,1,3,15)
w(176,9,3,15)
r(119,1,3,15)
r(301,1,3,15)
w(258,13,3,15)
w(250,9,3,15)
w(25,9,3,15)
r(229,1,3,15)
w(233,13,3,15)
r(93,1,3,15)
r(159,13,3,15)
r(350,1,3,15)
w(182,11,3,15)
w(251,6,3,15)
r(33,1,3,15)
r(99,1,4,16)
w(101,8,4,16)
r(101,8,4,16)
r(288,1,4,16)
r(187,1,4,16)
r(12,1,4,16)
w(331,13,4,16)
w(72,12,4,16)
r(297,14,4,16)
r(237,1,4,16)
r(162,1,4,16)
w(306,15,4,16)
w(217,6,4,16)
w(202,8,4,16)
w(103,8,4,16)
r(108,1,4,16)
w(133,9,4,16)
w(355,13,4,16)
w(9,11,4,16)
r(350,1,4,16)
r(245,13,4,16)
w(85,8,4,16)
w(88,5,4,16)
w(28,8,4,16)
w(356,5,4,16)
w(192,13,4,16)
r(264,1,4,16)
r(258,1,4,16)
w(125,3,4,16)
r(343,13,4,16)
r(112,1,4,16)
w(52,8,4,16)
w(98,4,4,16)
w(152,4,4,16)
r(29,8,4,16)
w(161,3,4,16)
r(129,4,4,16)
r(218,1,4,16)
w(149,7,4,16)
w(312,4,4,16)
w(196,12,4,16)
w(144,5,4,16)
r(298,1,4,16)
r(4,1,4,16)
r(326,1,4,16)
w(360,7,4,16)
r(192,1,5,17)
w(219,5,5,17)
r(227,1,5,17)
r(331,1,5,17)
r(260,1,5,17)
w(247,13,5,17)
w(152,7,5,17)
r(181,2,5,17)
w(222,4,5,17)
w(224,8,5,17)
r(222,4,5,17)
r(50,7,5,17)
r(98,7,5,17)
r(121,1,5,17)
r(129,4,5,17)
w(115,5,5,17)
r(133,2,5,17)
r(254,1,5,17)
r(125,9,5,17)
r(88,1,5,17)
r(202,1,5,17)
w(203,5,5,17)
r(33,1,5,17)
w(136,13,5,17)
r(219,5,5,17)
w(104,13,5,17)
r(136,13,5,17)
w(332,15,5,17)
r(234,13,5,17)
r(85,1,5,17)
w(102,4,5,17)
w(118,15,5,17)
w(111,4,5,17)
w(273,8,5,17)
r(127,1,5,17)
r(226,2,5,17)
w(9,8,5,17)
r(84,12,5,17)
r(118,1,6,18)
w(46,17,6,18)
r(307,2,6,18)
r(95,2,6,18)
w(43,17,6,18)
w(138,14,6,18)
w(297,20,6,18)
r(257,1,6,18)
r(175,1,6,18)
w(105,12,6,18)
w(136,4,6,18)
r(290,1,6,18)
r(141,1,6,18)
r(314,1,6,18)
r(202,1,6,18)
r(138,14,6,18)
r(322,1,6,18)
w(67,14,6,18)
w(274,10,6,18)
w(120,5,6,18)
r(41,3,6,18)
r(12,1,6,18)
r(165,1,6,18)
r(266,1,6,18)
r(301,1,6,18)
r(209,1,6,18)
r(134,2,6,18)
w(201,15,6,18)
r(157,1,6,18)
r(303,1,6,18)
w(49,3,1,19)
r(22,1,1,19)
w(17,2,1,19)
r(272,2,1,19)
w(213,2,1,19)
r(304,1,1,19)
w(223,2,1,19)
w(229,2,1,19)
r(323,1,1,19)
r(96,1,1,19)
r(333,1,1,19)
r(268,1,1,19)
r(278,1,1,19)
r(31,1,1,19)
r(301,1,1,19)
w(103,3,1,19)
w(198,2,1,19)
w(15,3,1,19)
r(344,1,1,19)
r(25,2,1,19)
w(116,2,1,19)
r(172,1,1,19)
w(253,2,1,19)
w(312,2,1,19)
w(276,2,1,19)
w(48,2,1,19)
r(181,1,1,19)
r(225,1,1,19)
w(11,2,1,19)
r(283,1,1,19)
w(157,2,1,19)
r(345,1,1,19)
w(317,2,1,19)
w(82,2,1,19)
r(101,1,1,19)
w(143,2,1,19)
r(56,1,1,19)
w(37,2,1,19)
w(356,2,1,19)
r(177,1,1,19)
w(228,13,2,20)
w(340,2,2,20)
r(329,1,2,20)
r(128,1,2,20)
w(335,3,2,20)
w(216,9,2,20)
w(149,6,2,20)
w(319,11,2,20)
r(80,1,2,20)
w(338,3,2,20)
w(268,6,2,20)
r(165,1,2,20)
r(324,1,2,20)
w(348,6,2,20)
w(250,6,2,20)
w(65,6,2,20)
r(321,1,2,20)
r(176,1,2,20)
w(99,3,2,20)
r(295,1,2,20)
r(76,1,2,20)
w(175,3,2,20)
r(351,8,2,20)
w(290,6,2,20)
r(224,1,2,20)
r(103,2,2,20)
w(75,13,2,20)
r(131,3,2,20)
w(348,11,2,20)
w(201,6,2,20)
w(129,6,2,20)
w(282,9,2,20)
w(5,6,2,20)
r(68,1,2,20)
w(33,9,2,20)
w(278,6,2,20)
r(11,1,2,20)
r(88,1,2,20)
w(207,6,2,20)
r(81,3,2,20)
w(356,9,2,20)
r(335,3,2,20)
w(156,6,2,20)
w(329,9,2,20)
w(341,2,2,20)
w(278,11,2,20)
w(149,11,2,20)
r(7,1,2,20)
w(323,2,2,20)
r(208,1,2,20)
r(214,1,3,21)
w(212,13,3,21)
w(87,11,3,21)
r(68,1,3,21)
r(138,1,3,21)
r(124,1,3,21)
r(106,1,3,21)
r(94,1,3,21)
w(14,4,3,21)
w(203,11,3,21)
r(331,1,3,21)
w(144,4,3,21)
w(14,8,3,21)
w(15,13,3,21)
w(84,3,3,21)
w(193,6,3,21)
r(75,1,3,21)
w(329,8,3,21)
w(114,13,3,21)
r(329,8,3,21)
w(137,13,3,21)
w(271,13,3,21)
w(60,9,3,21)
w(43,9,3,21)
w(231,8,3,21)
r(87,11,3,21)
r(312,1,3,21)
r(166,2,3,21)
r(136,1,3,21)
r(262,1,3,21)
r(38,1,3,21)
w(236,11,3,21)
r(24,2,3,21)
r(350,1,3,21)
w(130,4,3,21)
r(303,1,3,21)
w(240,4,3,21)
r(147,1,3,21)
r(345,1,3,21)
w(358,12,3,21)
r(265,1,3,21)
w(41,12,3,21)
r(191,1,3,21)
w(339,3,3,21)
r(287,1,3,21)
r(56,1,3,21)
r(48,1,4,22)
r(126,1,4,22)
w(281,9,4,22)
w(75,7,4,22)
r(37,1,4,22)
r(257,1,4,22)
w(174,11,4,22)
w(223,4,4,22)
r(274,1,4,22)
w(106,9,4,22)
w(96,13,4,22)
w(333,8,4,22)
r(90,1,4,22)
r(195,3,4,22)
w(277,9,4,22)
w(354,4,4,22)
r(155,1,4,22)
w(171,4,4,22)
r(29,8,4,22)
r(200,1,4,22)
r(57,1,4,22)
r(179,1,4,22)
r(111,1,5,23)
w(142,12,5,23)
r(330,1,5,23)
w(197,8,5,23)
r(252,9,5,23)
w(73,12,5,23)
r(64,2,5,23)
r(260,2,5,23)
r(154,12,5,23)
w(22,5,5,23)
w(233,5,5,23)
r(265,1,5,23)
r(6,1,5,23)
r(233,5,5,23)
r(355,9,5,23)
r(351,8,5,23)
r(129,6,5,23)
r(98,7,5,23)
w(265,13,5,23)
w(72,15,5,23)
r(196,2,5,23)
r(304,1,5,23)
r(357,1,5,23)
r(13,3,5,23)
r(77,1,5,23)
r(76,1,5,23)
r(208,1,5,23)
w(75,17,5,23)
w(100,15,5,23)
w(272,10,5,23)
r(87,2,5,23)
w(216,14,5,23)
r(244,1,5,23)
r(67,1,5,23)
w(231,15,5,23)
r(274,1,5,23)
w(323,7,5,23)
r(293,9,5,23)
r(189,2,5,23)
r(91,8,5,23)
w(344,9,5,23)
r(168,1,5,23)
r(32,1,5,23)
r(125,9,5,23)
r(173,1,5,23)
w(86,13,5,23)
w(200,4,5,23)
r(45,1,5,23)
r(204,2,5,23)
r(285,6,5,23)
r(92,1,6,24)
w(116,7,6,24)
r(40,1,6,24)
r(37,1,6,24)
w(343,7,6,24)
r(114,1,6,24)
w(62,20,6,24)
r(172,1,6,24)
r(1,1,6,24)
w(31,14,6,24)
w(55,14,6,24)
w(79,7,6,24)
w(31,20,6,24)
w(122,5,6,24)
w(161,9,6,24)
r(10,1,6,24)
w(300,8,6,24)
w(153,7,6,24)
w(48,15,6,24)
w(318,12,6,24)
r(346,1,6,24)
r(84,12,6,24)
w(228,14,6,24)
r(304,1,6,24)
w(325,4,6,24)
r(237,1,6,24)
r(151,1,6,24)
w(232,3,1,25)
r(102,1,1,25)
w(260,2,1,25)
r(235,1,1,25)
r(81,1,1,25)
w(74,2,1,25)
w(64,2,1,25)
r(335,1,1,25)
w(73,2,1,25)
r(223,5,1,25)
r(199,1,1,25)
w(13,2,1,25)
r(11,1,1,25)
w(13,3,1,25)
w(204,2,1,25)
w(81,2,1,25)
w(75,2,1,25)
w(34,2,1,25)
r(155,1,1,25)
w(296,2,1,25)
r(287,1,1,25)
r(43,1,1,25)
r(205,4,1,25)
r(44,1,1,25)
r(87,2,1,25)
w(348,2,1,25)
w(81,3,1,25)
w(273,2,1,25)
w(82,3,1,25)
w(95,3,1,25)
w(136,3,1,25)
r(194,1,1,25)
w(82,6,1,25)
w(306,2,1,25)
r(94,1,1,25)
r(148,1,1,25)
r(340,5,1,25)
w(314,3,1,25)
r(257,1,1,25)
w(246,2,1,25)
r(316,7,1,25)
r(144,1,1,25)
r(346,1,1,25)
w(69,2,1,25)
w(33,2,1,25)
r(29,8,1,25)
r(336,3,1,25)
w(112,2,1,25)
r(293,9,1,25)
w(75,3,1,25)
w(322,6,2,26)
w(316,11,2,26)
w(26,6,2,26)
w(334,9,2,26)
r(73,12,2,26)
w(74,6,2,26)
r(9,1,2,26)
r(171,1,2,26)
r(235,1,2,26)
w(98,11,2,26)
w(139,6,2,26)
w(240,3,2,26)
w(336,9,2,26)
w(311,3,2,26)
w(146,11,2,26)
r(314,3,2,26)
w(183,11,2,26)
w(313,11,2,26)
w(61,6,2,26)
w(257,11,2,26)
w(68,3,2,26)
w(216,13,2,26)
r(3,1,2,26)
r(8,1,2,26)
w(237,6,2,26)
r(90,1,2,26)
w(360,9,2,26)
w(166,11,2,26)
r(33,9,2,26)
r(214,1,2,26)
w(66,9,2,26)
r(323,15,2,26)
r(252,9,2,26)
r(153,2,2,26)
w(284,11,2,26)
r(24,2,2,26)
r(203,1,2,26)
r(9,1,2,26)
r(244,2,2,26)
r(84,12,2,26)
w(16,2,2,26)
r(272,10,2,26)
r(71,1,2,26)
w(337,13,2,26)
r(120,13,2,26)
r(139,6,2,26)
r(349,1,2,26)
w(166,9,2,26)
r(268,6,2,26)
r(294,1,2,26)
w(57,9,3,27)
w(41,5,3,27)
w(191,9,3,27)
r(89,1,3,27)
w(319,4,3,27)
r(277,2,3,27)
w(63,12,3,27)
r(251,3,3,27)
w(54,11,4,28)
w(99,13,4,28)
r(339,1,4,28)
r(223,5,4,28)
r(244,1,4,28)
r(192,1,4,28)
r(162,1,4,28)
r(270,9,4,28)
r(211,3,4,28)
r(73,2,4,28)
r(189,2,4,28)
r(299,8,4,28)
r(298,1,4,28)
r(260,2,4,28)
w(148,4,4,28)
w(141,4,4,28)
w(297,12,4,28)
r(29,8,4,28)
w(32,9,4,28)
r(253,1,4,28)
w(297,5,4,28)
w(345,13,4,28)
w(190,13,4,28)
r(1,1,4,28)
w(50,8,4,28)
r(34,2,4,28)
w(220,12,4,28)
r(178,1,4,28)
w(8,8,4,28)
w(259,12,4,28)
w(254,16,4,28)
r(176,1,4,28)
w(76,11,4,28)
w(115,12,4,28)
r(360,5,4,28)
w(102,9,4,28)
w(138,8,4,28)
r(52,3,4,28)
r(297,14,5,29)
w(97,7,5,29)
w(132,8,5,29)
w(81,7,5,29)
r(15,1,5,29)
w(341,13,5,29)
w(341,4,5,29)
r(317,4,5,29)
w(228,15,5,29)
r(296,2,5,29)
r(327,1,5,29)
r(193,1,5,29)
r(337,1,5,29)
w(280,4,5,29)
r(293,3,5,29)
w(17,8,5,29)
w(323,15,5,29)
r(113,1,5,29)
w(27,4,5,29)
r(309,6,5,29)
w(31,5,5,29)
r(172,1,5,29)
r(119,1,5,29)
r(138,11,5,29)
r(285,6,5,29)
w(348,12,5,29)
w(93,8,5,29)
r(271,1,5,29)
r(204,6,5,29)
r(43,1,5,29)
w(308,20,5,29)
w(94,11,5,29)
r(248,1,5,29)
r(275,2,5,29)
w(352,4,5,29)
r(201,6,5,29)
w(114,5,5,29)
r(61,1,5,29)
r(2,1,5,29)
w(158,4,5,29)
w(80,15,5,29)
r(272,10,5,29)
w(22,7,5,29)
w(186,15,5,29)
w(250,12,5,29)
r(333,1,5,29)
r(104,1,5,29)
r(172,1,5,29)
r(268,6,5,29)
w(169,20,5,29)
w(242,7,6,30)
w(342,15,6,30)
r(200,1,6,30)
r(344,1,6,30)
w(108,16,6,30)
w(328,8,6,30)
w(23,14,6,30)
r(95,3,6,30)
r(24,2,6,30)
w(232,15,6,30)
r(231,1,1,31)
r(223,5,1,31)
w(282,2,1,31)
w(231,2,1,31)
w(295,2,1,31)
w(18,2,1,31)
r(225,1,2,32)
r(327,1,2,32)
r(106,1,2,32)
r(32,1,2,32)
r(139,6,2,32)
w(40,3,2,32)
r(175,3,2,32)
w(273,9,2,32)
w(336,13,2,32)
r(182,8,2,32)
r(144,1,2,32)
r(341,6,2,32)
w(238,9,2,32)
w(267,9,2,32)
r(207,3,2,32)
w(137,11,2,32)
w(202,11,3,33)
r(52,3,3,33)
w(145,9,3,33)
r(45,1,3,33)
w(124,11,3,33)
r(293,3,3,33)
r(10,1,3,33)
r(281,4,3,33)
r(255,1,3,33)
w(7,11,3,33)
r(238,2,3,33)
w(173,13,3,33)
r(236,1,3,33)
w(268,9,3,33)
w(222,11,3,33)
w(358,5,3,33)
w(252,11,3,33)
w(191,13,3,33)
r(353,1,3,33)
r(1,1,3,33)
w(34,9,3,33)
r(73,12,3,33)
w(111,6,3,33)
w(71,3,3,33)
w(338,9,3,33)
r(227,1,3,33)
r(27,1,3,33)
r(178,1,3,33)
w(194,9,3,33)
r(178,1,3,33)
w(62,4,3,33)
w(282,12,3,33)
r(232,3,3,33)
w(218,11,3,33)
w(290,13,3,33)
w(285,4,3,33)
w(288,11,3,33)
w(242,8,3,33)
r(130,6,3,33)
r(283,1,4,34)
r(115,1,4,34)
r(27,1,4,34)
w(29,13,4,34)
w(47,13,4,34)
r(309,6,4,34)
w(321,13,4,34)
r(137,1,4,34)
r(223,5,4,34)
w(246,12,4,34)
w(28,12,4,34)
w(3,6,4,34)
w(302,5,4,34)
r(199,1,4,34)
r(261,1,4,34)
r(137,1,4,34)
r(321,13,4,34)
r(110,1,4,34)
w(180,5,4,34)
r(112,2,4,34)
w(190,4,4,34)
w(160,9,4,34)
w(357,6,4,34)
w(336,14,4,34)
w(304,8,4,34)
w(44,13,4,34)
r(219,12,4,34)
r(233,5,4,34)
w(169,12,4,34)
r(201,6,4,34)
r(171,1,4,34)
r(82,6,4,34)
w(62,15,4,34)
w(74,4,4,34)
r(12,1,4,34)
w(121,4,5,35)
w(89,5,5,35)
r(310,1,5,35)
w(6,4,5,35)
r(8,1,5,35)
r(326,1,5,35)
r(52,3,5,35)
r(76,1,6,36)
r(293,9,6,36)
r(25,2,6,36)
w(73,15,6,36)
w(145,5,6,36)
r(70,1,6,36)
r(204,2,6,36)
w(43,18,6,36)
r(322,1,6,36)
r(74,2,6,36)
w(147,18,6,36)
w(1,7,6,36)
r(196,2,6,36)
w(254,21,6,36)
w(112,8,6,36)
r(198,1,6,36)
r(348,11,6,36)
w(333,5,6,36)
w(166,20,6,36)
r(359,1,6,36)
r(316,7,6,36)
w(331,7,6,36)
w(325,8,6,36)
w(286,17,6,36)
w(289,20,6,36)
r(175,3,6,36)
w(358,18,6,36)
r(160,1,6,36)
w(284,5,6,36)
r(83,1,6,36)
r(318,3,6,36)
w(11,20,6,36)
w(324,5,6,36)
r(87,2,6,36)
w(252,5,6,36)
r(277,2,6,36)
r(262,1,6,36)
r(313,1,1,37)
w(244,2,1,37)
w(55,2,1,37)
w(293,3,1,37)
w(207,2,1,37)
r(272,10,1,37)
r(119,1,1,37)
w(238,2,1,37)
r(67,1,1,37)
r(221,2,1,37)
w(157,3,1,37)
w(130,3,1,37)
r(26,1,1,37)
r(292,1,1,37)
r(95,3,1,37)
w(31,2,1,37)
r(304,1,1,37)
w(39,2,1,37)
w(82,11,1,37)
r(90,1,1,37)
w(116,3,1,37)
w(160,2,1,37)
w(308,2,1,37)
r(192,1,1,37)
r(132,1,1,37)
r(155,1,1,37)
r(214,1,1,37)
w(204,6,1,37)
w(315,3,1,37)
w(49,6,1,37)
r(309,6,1,37)
r(287,1,1,37)
r(188,2,1,37)
w(167,2,1,37)
r(177,1,1,37)
r(254,1,1,37)
r(88,1,1,37)
w(160,3,1,37)
w(207,3,1,37)
w(86,3,1,37)
r(303,1,1,37)
w(275,2,1,37)
r(83,1,1,37)
r(56,1,1,37)
r(30,1,1,37)
w(114,2,1,37)
w(197,2,1,37)
w(130,6,1,37)
w(253,3,1,37)
r(355,9,1,37)
w(72,11,2,38)
r(71,1,2,38)
w(219,3,2,38)
w(320,11,2,38)
r(88,8,2,38)
r(128,1,2,38)
r(171,9,2,38)
r(213,1,2,38)
w(115,3,2,38)
r(76,2,2,38)
w(263,2,2,38)
w(246,6,2,38)
r(228,15,2,38)
r(74,6,2,38)
w(47,6,2,38)
w(70,3,2,38)
r(150,4,2,38)
w(90,6,2,38)
w(77,11,2,38)
w(33,13,2,38)
r(297,3,2,38)
w(335,13,3,39)
w(314,13,3,39)
r(28,1,3,39)
w(48,13,3,39)
r(167,2,3,39)
w(177,3,3,39)
w(63,5,3,39)
w(170,13,3,39)
w(71,6,3,39)
r(8,1,3,39)
r(91,8,3,39)
r(343,13,3,39)
w(211,13,3,39)
r(238,2,3,39)
r(84,12,3,39)
w(55,13,3,39)
w(81,4,3,39)
w(190,11,3,39)
r(119,1,3,39)
r(323,15,3,39)
w(14,12,3,39)
r(85,1,3,39)
r(42,1,3,39)
w(229,13,3,39)
r(66,9,3,39)
w(215,6,3,39)
r(49,6,3,39)
w(63,7,3,39)
r(12,1,3,39)
r(179,1,3,39)
w(353,11,3,39)
w(41,7,3,39)
r(218,1,3,39)
w(52,13,3,39)
r(205,4,3,39)
w(242,12,3,39)
w(320,4,3,39)
w(292,6,3,39)
r(151,1,3,39)
r(309,6,4,40)
w(287,9,4,40)
r(313,1,4,40)
r(127,1,4,40)
r(95,3,4,40)
r(192,1,4,40)
w(228,12,4,40)
r(149,11,4,40)
w(329,7,4,40)
w(17,9,4,40)
w(303,4,4,40)
r(96,1,4,40)
w(219,8,4,40)
w(152,8,4,40)
w(1,8,4,40)
r(8,1,4,40)
r(177,1,4,40)
w(51,8,4,40)
w(48,8,4,40)
r(266,1,4,40)
w(353,12,4,40)
w(272,20,4,40)
r(39,2,4,40)
w(235,8,4,40)
r(180,2,4,40)
r(49,6,4,40)
r(200,4,4,40)
r(321,1,5,41)
w(58,5,5,41)
w(210,13,5,41)
r(210,13,5,41)
r(66,9,5,41)
r(17,8,5,41)
r(105,1,5,41)
w(177,9,5,41)
w(231,14,5,41)
w(168,4,5,41)
w(292,5,5,41)
w(224,12,5,41)
r(111,1,5,41)
r(187,1,5,41)
w(305,20,5,41)
r(197,2,5,41)
r(189,2,5,41)
r(292,5,5,41)
w(106,4,5,41)
r(47,1,5,41)
w(17,12,5,41)
r(27,4,5,41)
w(152,15,5,41)
r(115,11,5,41)
r(281,4,5,41)
w(93,12,5,41)
w(279,4,5,41)
w(30,7,5,41)
w(200,8,5,41)
w(292,7,5,41)
w(253,13,5,41)
r(89,3,5,41)
r(309,6,5,41)
r(336,9,5,41)
w(186,14,5,41)
r(71,1,5,41)
r(152,15,5,41)
r(142,12,5,41)
r(347,1,5,41)
r(169,2,5,41)
w(348,5,5,41)
r(65,9,5,41)
w(207,12,5,41)
r(6,1,5,41)
w(274,18,5,41)
w(212,20,5,41)
w(322,7,5,41)
w(162,12,5,41)
w(263,7,6,42)
r(37,1,6,42)
r(44,1,6,42)
w(74,7,6,42)
r(318,3,6,42)
r(56,1,6,42)
w(233,7,6,42)
r(116,3,6,42)
w(101,7,6,42)
r(331,1,6,42)
r(68,1,6,42)
w(3,9,6,42)
r(217,1,6,42)
r(272,10,6,42)
r(294,1,6,42)
w(358,16,6,42)
w(215,7,6,42)
w(215,15,6,42)
w(185,10,6,42)
w(283,15,6,42)
r(235,1,1,43)
r(73,12,1,43)
w(45,2,1,43)
w(142,2,1,43)
w(66,3,1,43)
r(245,13,1,43)
r(67,1,1,43)
w(38,2,1,43)
w(30,2,1,43)
r(132,8,1,43)
w(164,2,1,43)
r(295,1,1,43)
r(133,2,1,43)
w(153,3,1,43)
r(330,1,1,43)
w(172,2,1,43)
r(175,3,1,43)
r(274,1,1,43)
w(243,3,1,43)
r(38,2,1,43)
w(24,3,1,43)
w(302,2,1,43)
r(170,1,1,43)
r(145,1,1,43)
w(80,2,1,43)
r(343,13,1,43)
w(31,3,1,43)
w(179,2,1,43)
r(52,3,1,43)
w(346,2,1,43)
w(231,3,1,43)
w(100,3,1,43)
w(103,6,1,43)
w(36,2,1,43)
r(215,2,1,43)
w(230,2,1,43)
r(184,1,1,43)
r(225,1,1,43)
w(260,3,1,43)
w(306,3,1,43)
r(159,13,1,43)
w(106,2,1,43)
r(162,1,1,43)
w(32,2,1,43)
w(22,2,1,43)
w(20,3,1,43)
r(299,8,1,43)
w(56,6,2,44)
w(279,2,2,44)
r(163,1,2,44)
r(285,15,2,44)
w(338,6,2,44)
w(224,3,2,44)
w(289,9,2,44)
r(204,15,2,44)
r(273,4,2,44)
r(241,1,2,44)
r(287,5,2,44)
w(269,13,2,44)
r(76,2,2,44)
w(254,9,2,44)
w(234,3,2,44)
w(357,2,2,44)
r(319,11,2,44)
r(228,15,3,45)
w(317,9,3,45)
w(141,13,3,45)
w(118,11,3,45)
r(217,1,3,45)
w(115,11,3,45)
r(221,2,3,45)
w(246,9,3,45)
w(204,15,3,45)
w(344,3,3,45)
w(65,9,3,45)
w(224,11,3,45)
r(181,2,3,45)
r(226,2,3,45)
r(95,3,3,45)
w(43,13,3,45)
r(127,1,3,45)
w(43,4,3,45)
w(95,11,3,45)
r(17,8,3,45)
r(94,11,3,45)
w(4,3,3,45)
r(29,8,3,45)
r(87,2,3,45)
r(169,2,3,45)
w(86,9,3,45)
r(200,4,3,45)
w(44,6,3,45)
r(252,9,3,45)
w(162,13,3,45)
r(66,9,3,45)
r(139,6,3,45)
r(40,1,3,45)
w(244,6,3,45)
w(300,9,3,45)
r(284,11,3,45)
r(211,3,3,45)
w(67,8,3,45)
w(227,3,3,45)
w(303,11,3,45)
w(176,13,3,45)
r(163,1,3,45)
w(295,3,3,45)
w(44,11,3,45)
r(235,1,3,45)
w(148,13,3,45)
r(298,1,3,45)
r(22,7,3,45)
w(311,6,3,45)
w(215,11,3,45)
w(206,11,4,46)
w(357,11,4,46)
r(16,2,4,46)
w(126,5,4,46)
r(114,5,4,46)
r(70,1,4,46)
w(275,8,4,46)
w(69,12,4,46)
w(255,11,4,46)
r(41,3,4,46)
r(349,1,4,46)
w(288,9,4,46)
r(16,2,4,46)
w(200,9,4,46)
w(342,13,4,46)
w(255,9,4,46)
r(181,2,4,46)
w(9,9,4,46)
w(120,11,4,46)
r(279,1,4,46)
w(82,18,4,46)
w(147,15,5,47)
w(223,7,5,47)
r(49,6,5,47)
w(18,4,5,47)
w(353,7,5,47)
r(152,1,5,47)
w(324,4,5,47)
r(348,12,5,47)
w(20,17,5,47)
w(99,5,5,47)
w(17,5,5,47)
r(239,2,5,47)
w(323,14,5,47)
w(287,5,5,47)
w(142,5,5,47)
w(86,4,5,47)
r(19,1,5,47)
r(252,15,5,47)
w(235,7,5,47)
r(194,1,5,47)
w(150,15,5,47)
r(269,1,5,47)
r(229,1,5,47)
w(206,9,5,47)
r(273,4,5,47)
r(145,1,5,47)
w(46,7,5,47)
w(18,8,5,47)
r(39,8,5,47)
r(130,11,5,47)
r(221,2,5,47)
r(357,1,5,47)
w(81,15,5,47)
r(346,1,5,47)
w(152,14,5,47)
r(261,17,5,47)
r(228,15,5,47)
w(312,8,5,47)
r(271,5,5,47)
w(106,8,5,47)
w(127,7,5,47)
w(247,4,5,47)
r(40,1,5,47)
r(253,3,5,47)
r(320,15,5,47)
r(358,2,5,47)
w(107,12,5,47)
w(247,8,5,47)
r(256,4,5,47)
w(48,7,5,47)
r(287,1,6,48)
r(218,1,6,48)
r(346,1,6,48)
w(301,8,6,48)
r(174,1,6,48)
r(10,1,6,48)
w(280,15,6,48)
w(299,7,6,48)
r(109,1,6,48)
w(327,5,6,48)
r(331,1,6,48)
w(175,13,6,48)
w(116,15,6,48)
r(135,1,6,48)
r(209,1,6,48)
r(290,6,6,48)
w(249,5,6,48)
r(74,6,6,48)
w(325,12,6,48)
r(65,6,6,48)
w(204,19,6,48)
w(202,15,6,48)
w(97,14,6,48)
r(254,1,6,48)
w(143,18,6,48)
w(336,10,6,48)
r(216,13,6,48)
w(162,7,6,48)
w(234,7,6,48)
r(132,8,6,48)
w(180,20,6,48)
r(211,3,6,48)
w(294,8,6,48)
r(357,1,6,48)
r(250,12,6,48)
r(23,2,6,48)
w(209,2,1,49)
r(5,6,1,49)
w(143,6,1,49)
r(22,7,1,49)
r(270,9,1,49)
w(31,6,1,49)
r(313,11,1,49)
w(176,2,1,49)
w(88,2,1,49)
w(210,2,1,49)
w(34,3,1,49)
r(64,2,2,50)
w(211,11,2,50)
w(204,13,2,50)
r(87,2,2,50)
w(88,13,2,50)
w(278,9,2,50)
w(80,13,2,50)
w(67,11,2,50)
w(52,9,2,50)
w(272,11,2,50)
r(126,1,2,50)
r(73,12,2,50)
w(89,9,2,50)
w(73,13,2,50)
w(173,6,2,50)
r(307,2,2,50)
w(207,11,2,50)
w(228,4,2,50)
r(159,13,2,50)
w(19,3,2,50)
w(70,6,2,50)
w(220,11,2,50)
w(150,3,2,50)
r(17,5,2,50)
w(140,11,2,50)
r(91,8,2,50)
r(111,1,2,50)
r(191,1,2,50)
w(92,3,2,50)
r(277,2,2,50)
w(261,6,2,50)
r(151,13,2,50)
r(172,3,2,50)
w(101,9,2,50)
r(43,4,2,50)
w(10,6,2,50)
r(75,6,3,51)
r(182,8,3,51)
w(88,8,3,51)
w(292,11,3,51)
r(327,1,3,51)
r(126,1,3,51)
w(61,9,3,51)
w(293,5,3,51)
r(243,1,3,51)
r(327,1,3,51)
r(186,11,3,51)
r(95,11,3,51)
r(17,8,3,51)
w(341,6,3,51)
w(151,13,3,51)
r(103,11,3,51)
r(173,1,3,51)
w(214,4,3,51)
w(75,4,3,51)
w(206,6,3,51)
w(120,6,3,51)
w(29,11,3,51)
w(296,12,3,51)
r(261,1,3,51)
w(215,9,3,51)
w(171,9,3,51)
r(18,1,3,51)
r(306,2,3,51)
w(147,8,3,51)
r(343,13,3,51)
w(276,11,3,51)
r(17,8,3,51)
r(78,3,3,51)
w(95,9,3,51)
r(243,1,3,51)
w(266,11,3,51)
r(218,1,3,51)
r(310,1,3,51)
r(242,2,3,51)
w(222,9,3,51)
r(260,2,3,51)
r(117,1,3,51)
r(349,1,3,51)
w(268,4,3,51)
r(124,1,3,51)
w(150,13,3,51)
r(88,8,3,51)
r(28,1,3,51)
r(97,7,3,51)
w(150,4,3,51)
w(176,5,4,52)
w(215,8,4,52)
r(216,13,4,52)
w(107,4,4,52)
w(5,13,4,52)
r(113,1,4,52)
r(358,2,4,52)
w(332,4,4,52)
r(346,1,4,52)
r(351,8,4,52)
r(223,5,4,52)
w(17,13,4,52)
w(256,4,4,52)
r(288,1,4,52)
r(187,1,4,52)
w(271,5,4,52)
w(334,8,4,52)
w(83,4,4,52)
w(313,12,4,52)
r(269,1,4,52)
r(306,10,4,52)
r(211,3,4,52)
w(296,14,4,52)
r(182,8,4,52)
r(126,1,4,52)
r(311,6,4,52)
r(31,5,4,52)
r(248,1,4,52)
r(259,1,4,52)
w(223,8,4,52)
r(306,10,4,52)
w(315,12,4,52)
w(185,5,4,52)
w(24,5,4,52)
w(99,4,4,52)
r(246,9,4,52)
r(45,1,4,52)
w(125,6,4,52)
r(125,6,4,52)
r(54,1,4,52)
w(95,8,4,52)
r(185,5,4,52)
w(83,8,4,52)
w(174,9,4,52)
r(111,1,4,52)
r(245,13,4,52)
r(97,7,4,52)
r(254,1,4,52)
r(117,1,4,52)
w(273,4,4,52)
r(279,1,5,53)
w(181,12,5,53)
w(288,13,5,53)
w(162,5,5,53)
w(330,5,5,53)
r(193,1,5,53)
r(1,15,5,53)
w(153,12,5,53)
r(165,1,5,53)
r(344,3,5,53)
r(167,2,5,53)
r(245,13,5,53)
w(83,5,5,53)
w(356,20,5,53)
r(214,4,5,53)
w(122,13,5,53)
r(99,5,5,53)
r(175,3,5,53)
r(165,1,5,53)
w(217,13,5,53)
w(16,11,5,53)
r(73,12,5,53)
r(352,4,5,53)
w(64,5,5,53)
w(294,4,5,53)
w(23,7,5,53)
r(141,13,5,53)
w(40,7,5,53)
r(310,1,5,53)
r(162,5,5,53)
w(314,12,5,53)
r(220,1,5,53)
w(165,12,5,53)
r(16,11,5,53)
r(70,1,5,53)
w(129,12,5,53)
r(240,3,5,53)
r(189,2,5,53)
w(347,4,5,53)
r(143,1,6,54)
w(151,7,6,54)
w(326,12,6,54)
w(269,7,6,54)
w(108,10,6,54)
w(251,12,6,54)
w(51,17,6,54)
w(302,22,6,54)
w(110,8,6,54)
w(143,16,6,54)
w(78,12,6,54)
r(326,12,6,54)
r(68,3,6,54)
r(127,1,6,54)
w(356,10,6,54)
w(274,19,6,54)
r(120,13,6,54)
w(172,14,6,54)
w(202,14,6,54)
w(203,15,6,54)
w(308,18,6,54)
w(265,7,6,54)
r(18,1,6,54)
r(92,1,6,54)
w(203,14,6,54)
r(42,1,6,54)
w(189,12,6,54)
r(266,1,6,54)
w(102,8,6,54)
r(189,2,1,55)
r(311,3,1,55)
r(334,9,1,55)
r(145,1,1,55)
r(354,1,1,55)
w(183,3,1,55)
w(136,6,1,55)
w(183,6,1,55)
w(172,3,1,55)
r(4,1,1,55)
r(196,2,1,55)
w(130,11,1,55)
r(119,1,1,55)
w(78,3,1,55)
w(26,2,1,55)
w(8,2,1,55)
w(76,2,1,55)
r(51,6,1,55)
w(262,2,1,55)
r(29,8,1,55)
r(198,1,1,55)
w(75,6,1,55)
r(235,1,1,55)
r(247,1,1,55)
w(190,2,1,55)
r(356,9,1,55)
w(257,2,1,55)
w(103,11,1,55)
w(169,2,1,55)
w(358,2,1,55)
r(120,13,1,55)
r(87,2,1,55)
w(186,6,1,55)
w(267,2,1,55)
w(186,11,1,55)
w(122,2,1,55)
w(164,3,1,55)
r(17,8,1,55)
w(196,3,1,55)
w(297,3,1,55)
r(63,1,1,55)
r(184,1,1,55)
w(177,2,1,55)
r(185,1,1,55)
w(188,3,1,55)
r(38,1,1,55)
w(289,2,1,55)
w(89,3,1,55)
r(81,7,1,55)
w(209,3,1,55)
w(58,6,2,56)
w(194,6,2,56)
r(358,7,2,56)
w(281,6,2,56)
r(93,6,2,56)
w(286,9,2,56)
r(60,1,2,56)
r(52,3,2,56)
r(131,7,2,56)
r(12,3,2,56)
r(268,4,2,56)
r(12,3,2,56)
w(166,8,2,56)
w(264,13,2,56)
w(301,2,2,56)
r(322,6,2,56)
r(67,8,2,56)
w(82,4,2,56)
r(112,13,2,56)
r(312,8,2,56)
w(11,4,2,56)
r(269,1,2,56)
r(351,8,2,56)
r(242,2,2,56)
w(265,6,2,56)
w(148,6,2,56)
w(84,2,2,56)
r(150,15,2,56)
r(214,4,2,56)
w(206,3,2,56)
r(63,1,2,56)
r(122,4,2,56)
r(198,1,2,56)
w(55,11,2,56)
w(342,11,2,56)
w(282,4,2,56)
w(13,4,2,56)
r(107,12,2,56)
w(47,11,2,56)
w(181,3,2,56)
r(209,3,2,56)
w(240,11,2,56)
r(339,12,2,56)
r(73,12,2,56)
w(189,6,2,56)
r(73,12,2,56)
r(18,9,2,56)
w(42,13,2,56)
w(219,6,2,56)
w(285,9,2,56)
r(318,3,3,57)
r(252,15,3,57)
w(165,11,3,57)
r(56,1,3,57)
r(355,12,3,57)
w(110,11,3,57)
r(98,11,3,57)
w(88,12,3,57)
w(235,12,4,58)
w(13,17,4,58)
w(68,13,4,58)
w(91,9,4,58)
r(283,1,4,58)
r(146,11,4,58)
w(260,9,4,58)
w(11,7,4,58)
w(97,8,4,58)
w(307,8,4,58)
r(187,1,4,58)
r(244,6,4,58)
r(328,9,4,58)
w(46,8,4,58)
r(293,5,4,58)
r(39,8,4,58)
r(329,9,4,58)
w(295,4,4,58)
w(342,4,4,58)
w(92,9,4,58)
r(271,5,4,58)
r(141,13,4,58)
w(117,8,4,58)
w(58,12,4,58)
r(13,17,4,58)
w(287,13,4,58)
w(311,13,4,58)
r(273,4,4,58)
r(236,1,4,58)
w(218,13,4,58)
w(289,5,4,58)
w(158,9,4,58)
w(8,5,4,58)
r(51,6,4,58)
w(149,14,4,58)
r(214,4,4,58)
w(132,13,4,58)
r(117,1,5,59)
w(126,17,5,59)
r(353,7,5,59)
w(83,7,5,59)
r(134,7,5,59)
w(304,5,5,59)
r(135,1,5,59)
r(163,1,5,59)
w(341,8,5,59)
r(165,8,5,59)
w(41,19,5,59)
r(251,3,5,59)
w(348,7,5,59)
w(18,12,5,59)
r(139,6,5,59)
r(265,13,5,59)
r(135,1,5,59)
w(284,12,5,59)
w(160,7,5,59)
r(115,14,5,59)
r(270,9,5,59)
r(359,1,5,59)
r(106,8,5,59)
r(360,9,5,59)
w(200,12,5,59)
w(9,12,5,59)
r(321,1,5,59)
r(277,2,5,59)
r(178,1,5,59)
w(15,7,5,59)
r(313,12,5,59)
w(342,12,5,59)
w(216,20,5,59)
w(354,8,5,59)
r(196,3,5,59)
w(316,14,5,59)
r(283,1,5,59)
r(245,13,5,59)
r(233,5,5,59)
w(237,15,5,59)
r(306,10,5,59)
r(20,14,5,59)
r(163,1,5,59)
w(173,5,5,59)
w(273,12,5,59)
r(20,14,5,59)
r(63,1,5,59)
r(298,4,5,59)
w(56,12,5,59)
w(57,4,5,59)
r(93,8,6,60)
r(27,4,6,60)
w(39,8,6,60)
w(133,12,6,60)
w(168,5,6,60)
r(28,1,6,60)
r(45,1,6,60)
r(131,3,6,60)
w(261,17,6,60)
w(72,18,6,60)
r(217,1,6,60)
w(280,14,6,60)
w(309,5,6,60)
r(170,1,6,60)
w(290,20,6,60)
r(87,2,6,60)
r(278,11,6,60)
w(179,12,6,60)
r(255,1,6,60)
r(192,1,6,60)
r(303,11,6,60)
r(249,1,6,60)
r(273,2,6,60)
r(37,1,6,60)
r(105,1,6,60)
r(30,1,6,60)
w(306,10,6,60)
w(355,12,6,60)
w(1,15,6,60)
w(285,15,6,60)
w(252,15,6,60)
w(15,14,6,60)
r(249,1,6,60)
w(215,14,6,60)
r(56,1,6,60)
r(336,9,6,60)
r(5,6,6,60)
r(83,1,6,60)
r(227,3,6,60)
r(343,13,6,60)
w(32,5,6,60)
w(342,14,6,60)
r(3,1,6,60)
w(123,20,6,60)
r(113,1,6,60)
r(319,11,6,60)
w(296,18,6,60)
r(270,9,6,60)
r(321,1,6,60)
w(155,8,6,60)
w(113,3,1,61)
r(178,1,1,61)
r(151,13,1,61)
w(353,6,1,61)
r(211,3,1,61)
w(69,6,1,61)
w(251,2,1,61)
w(113,6,1,61)
w(32,3,1,61)
r(323,14,1,61)
r(239,2,1,61)
w(138,6,1,61)
w(36,3,1,61)
w(312,3,1,61)
w(145,2,1,61)
r(32,3,1,61)
w(173,2,1,61)
w(66,6,1,61)
w(63,3,1,61)
w(93,2,1,61)
r(80,15,1,61)
r(311,11,1,61)
w(39,3,1,61)
r(293,5,1,61)
w(283,3,1,61)
w(14,2,1,61)
w(289,3,1,61)
w(130,9,1,61)
w(321,2,1,61)
w(196,6,1,61)
r(49,6,1,61)
r(340,2,1,61)
r(328,9,1,61)
w(172,6,1,61)
r(291,6,1,61)
r(141,13,1,61)
w(273,6,1,61)
w(87,3,1,61)
w(119,2,1,61)
r(40,1,1,61)
r(218,1,1,61)
w(142,3,1,61)
w(75,11,1,61)
w(114,3,1,61)
w(19,2,1,61)
w(328,2,1,61)
r(10,13,2,62)
r(81,15,2,62)
w(242,13,2,62)
r(13,4,2,62)
r(40,1,2,62)
w(38,6,2,62)
w(212,6,2,62)
r(281,6,2,62)
w(250,11,2,62)
r(354,8,2,62)
w(99,6,2,62)
r(160,7,2,62)
w(284,4,2,62)
w(8,11,2,62)
w(60,11,2,62)
w(274,13,2,62)
w(13,8,2,62)
r(49,6,2,62)
w(203,3,2,62)
r(298,18,2,62)
w(223,6,2,62)
r(184,1,2,62)
r(256,5,2,62)
w(285,13,2,62)
r(218,1,2,62)
w(205,9,2,62)
r(336,12,2,62)
w(10,11,2,62)
w(271,6,2,62)
r(222,9,2,62)
r(16,2,2,62)
w(170,4,3,63)
w(311,11,3,63)
r(50,7,3,63)
r(18,8,3,63)
w(302,8,3,63)
r(352,4,3,63)
w(146,4,3,63)
r(53,1,3,63)
r(324,4,3,63)
r(290,20,3,63)
r(37,1,3,63)
r(194,1,3,63)
r(141,13,3,63)
w(10,13,3,63)
w(93,6,3,63)
r(53,1,3,63)
w(339,6,3,63)
w(249,6,3,63)
r(225,1,3,63)
w(266,9,3,63)
w(272,12,3,63)
r(215,8,3,63)
r(8,2,3,63)
w(90,13,3,63)
w(358,7,3,63)
w(144,8,3,63)
w(54,2,3,63)
w(156,11,3,63)
r(243,1,3,63)
r(295,3,3,63)
w(292,9,3,63)
r(300,9,3,63)
w(202,9,3,63)
w(188,9,3,63)
r(289,2,3,63)
r(196,3,3,63)
w(272,5,3,63)
w(318,11,3,63)
w(274,7,3,63)
w(137,4,3,63)
r(29,11,3,63)
r(18,8,3,63)
r(265,13,3,63)
r(295,3,3,63)
w(257,4,3,63)
w(112,13,3,63)
r(295,3,3,63)
w(261,11,3,63)
r(245,13,3,63)
w(271,4,3,63)
r(347,1,4,64)
r(171,9,4,64)
w(315,5,4,64)
w(174,13,4,64)
r(350,1,4,64)
w(46,12,4,64)
w(4,4,4,64)
w(146,7,5,65)
r(339,6,5,65)
w(79,5,5,65)
r(7,1,5,65)
r(41,19,5,65)
r(19,1,5,65)
r(102,1,5,65)
w(235,15,5,65)
r(221,2,5,65)
w(127,15,5,65)
r(224,11,6,66)
r(88,8,6,66)
w(234,15,6,66)
r(355,12,6,66)
w(320,17,6,66)
r(112,13,6,66)
w(298,17,6,66)
r(129,6,6,66)
w(77,10,6,66)
r(210,1,6,66)
w(282,20,6,66)
r(2,1,6,66)
r(159,13,6,66)
w(203,20,6,66)
r(311,11,6,66)
w(82,19,6,66)
r(161,1,6,66)
w(238,12,6,66)
r(117,1,6,66)
w(275,3,1,67)
w(330,2,1,67)
w(47,2,1,67)
r(12,1,1,67)
w(334,3,1,67)
w(306,9,1,67)
r(283,1,1,67)
w(154,2,1,67)
r(24,5,1,67)
r(99,5,1,67)
r(220,1,1,67)
r(180,2,1,67)
r(110,1,1,67)
r(214,4,1,67)
r(346,1,1,67)
w(28,2,1,67)
w(242,3,1,67)
w(49,11,1,67)
r(126,1,1,67)
r(50,7,1,67)
w(81,11,1,67)
w(83,3,1,67)
w(101,3,1,67)
r(107,12,1,67)
w(245,3,1,67)
w(303,2,1,67)
r(340,2,1,67)
r(64,2,1,67)
w(58,2,1,67)
w(123,11,2,68)
r(91,6,2,68)
w(304,11,2,68)
w(248,9,2,68)
r(293,15,2,68)
w(185,2,2,68)
w(335,11,2,68)
w(105,3,2,68)
r(119,1,2,68)
w(286,13,2,68)
w(149,9,2,68)
r(217,1,3,69)
w(323,13,3,69)
r(238,2,3,69)
r(78,3,3,69)
w(335,4,3,69)
w(327,3,3,69)
w(235,4,3,69)
w(166,5,3,69)
w(335,8,3,69)
w(77,8,3,69)
r(277,2,3,69)
w(46,6,3,69)
r(3,1,3,69)
w(304,9,3,69)
w(230,8,3,69)
w(279,3,3,69)
w(128,11,3,69)
w(1,9,3,69)
r(313,12,3,69)
w(169,4,3,69)
r(252,15,3,69)
w(77,12,3,69)
r(155,8,3,69)
r(334,8,3,69)
r(100,15,4,70)
w(286,15,4,70)
r(113,1,4,70)
r(357,1,4,70)
r(287,5,4,70)
w(263,13,4,70)
w(349,12,4,70)
w(129,8,4,70)
w(102,13,4,70)
r(196,3,4,70)
w(140,12,4,70)
r(4,3,4,70)
w(197,13,4,70)
w(78,8,5,71)
r(143,1,5,71)
w(28,7,5,71)
r(310,1,5,71)
r(87,2,5,71)
w(307,12,5,71)
w(340,15,5,71)
w(186,17,5,71)
r(205,4,5,71)
w(95,12,5,71)
w(164,15,5,71)
r(138,11,5,71)
w(346,13,5,71)
r(124,7,5,71)
r(8,2,5,71)
r(251,3,5,71)
r(264,1,5,71)
r(68,3,5,71)
w(143,14,5,71)
r(321,1,5,71)
r(27,4,5,71)
w(50,15,5,71)
r(218,1,5,71)
w(122,4,5,71)
w(194,12,5,71)
w(27,12,5,71)
w(13,18,5,71)
r(167,2,5,71)
r(126,17,5,71)
w(182,5,5,71)
w(62,14,5,71)
r(221,2,5,71)
r(266,9,5,71)
w(288,4,5,71)
w(123,5,5,71)
r(83,14,5,71)
w(12,3,5,71)
w(126,18,5,71)
w(201,12,5,71)
r(212,1,5,71)
w(124,8,5,71)
r(72,18,5,71)
w(128,8,5,71)
r(27,12,5,71)
r(27,12,5,71)
w(336,18,5,71)
w(176,20,5,71)
w(271,17,5,71)
r(9,12,5,71)
w(98,15,5,71)
w(256,5,6,72)
w(343,15,6,72)
r(147,15,6,72)
r(356,9,6,72)
w(124,7,6,72)
r(273,4,6,72)
w(338,8,6,72)
r(12,1,6,72)
w(206,12,6,72)
w(175,4,6,72)
w(247,5,6,72)
r(342,14,6,72)
w(9,15,6,72)
r(95,8,6,72)
w(220,14,6,72)
w(134,7,6,72)
w(115,14,6,72)
r(322,6,6,72)
w(193,13,6,72)
r(335,3,6,72)
r(227,3,6,72)
w(234,14,6,72)
w(223,14,6,72)
r(31,5,6,72)
r(341,6,6,72)
r(245,13,6,72)
w(195,4,6,72)
r(295,3,6,72)
r(52,3,6,72)
r(290,20,6,72)
r(72,18,6,72)
r(26,2,6,72)
r(194,1,6,72)
r(66,9,6,72)
w(131,5,6,72)
r(328,9,6,72)
w(182,15,6,72)
w(56,15,6,72)
w(57,8,6,72)
r(141,13,6,72)
w(21,8,6,72)
w(290,17,6,72)
r(166,9,6,72)
r(139,6,6,72)
r(91,8,6,72)
r(124,7,6,72)
w(37,5,6,72)
w(92,4,6,72)
r(302,8,6,72)
r(173,1,6,72)
w(33,3,1,73)
w(225,3,1,73)
r(259,1,1,73)
w(77,9,2,74)
r(326,1,2,74)
r(116,3,2,74)
w(274,4,2,74)
r(91,6,2,74)
w(347,11,2,74)
w(200,3,2,74)
w(321,11,2,74)
w(77,13,2,74)
r(193,13,2,74)
w(127,13,2,74)
r(154,12,2,74)
w(297,13,2,74)
w(50,11,2,74)
w(107,11,2,74)
r(221,2,2,74)
r(219,6,2,74)
w(79,3,2,74)
w(106,6,2,74)
r(152,14,2,74)
w(171,3,2,74)
w(220,9,2,74)
w(178,9,2,74)
w(20,9,2,74)
w(93,3,2,74)
r(19,7,2,74)
r(243,1,2,74)
r(84,2,2,74)
r(261,9,2,74)
w(147,9,2,74)
w(103,13,2,74)
r(70,13,2,74)
w(141,11,2,74)
r(248,1,2,74)
r(69,2,2,74)
w(107,9,2,74)
w(301,3,2,74)
r(324,11,2,74)
w(299,9,2,74)
w(182,6,2,74)
r(122,4,2,74)
r(309,5,2,74)
r(70,13,2,74)
r(76,2,2,74)
w(293,4,2,74)
r(117,1,2,74)
w(291,11,2,74)
r(70,13,2,74)
r(302,12,2,74)
w(112,11,2,74)
w(70,9,3,75)
r(231,15,3,75)
r(55,2,3,75)
w(166,7,3,75)
r(137,4,4,76)
r(235,7,4,76)
r(25,2,4,76)
w(173,8,4,76)
r(71,1,4,76)
w(20,14,4,76)
w(336,20,4,76)
r(23,2,4,76)
w(77,14,4,76)
r(224,11,4,76)
w(237,5,4,76)
r(346,1,4,76)
r(211,3,4,76)
r(100,15,4,76)
r(142,5,4,76)
r(237,5,4,76)
w(82,16,4,76)
r(178,1,4,76)
w(213,6,4,76)
w(173,12,4,76)
w(78,13,4,76)
w(165,8,4,76)
r(281,4,4,76)
r(58,1,4,76)
w(190,8,4,76)
w(298,4,4,76)
w(113,5,4,76)
w(295,8,4,76)
r(117,1,4,76)
w(31,4,4,76)
w(43,15,4,76)
r(149,11,4,76)
r(291,6,4,76)
w(140,5,4,76)
w(48,5,4,76)
r(138,11,4,76)
r(317,9,4,76)
w(252,13,4,76)
r(308,20,4,76)
r(231,15,4,76)
w(236,4,4,76)
r(203,1,4,76)
r(124,7,4,76)
w(216,5,4,76)
w(160,4,4,76)
w(156,8,4,76)
r(140,5,4,76)
w(65,4,4,76)
r(124,7,4,76)
r(144,8,4,76)
w(302,16,5,77)
w(343,8,5,77)
r(284,12,5,77)
w(330,7,5,77)
r(135,1,5,77)
r(213,6,5,77)
w(164,14,5,77)
r(42,1,5,77)
r(347,1,5,77)
w(91,12,6,78)
w(77,19,6,78)
r(209,3,6,78)
r(48,7,6,78)
r(309,5,6,78)
r(42,1,6,78)
r(355,12,6,78)
r(35,1,6,78)
w(73,14,6,78)
r(58,1,6,78)
r(140,1,6,78)
w(320,18,6,78)
w(15,20,6,78)
w(157,4,6,78)
w(41,23,6,78)
r(82,16,1,79)
r(39,8,1,79)
r(128,1,1,79)
w(308,6,1,79)
w(282,6,1,79)
r(332,4,1,79)
w(192,2,1,79)
w(13,6,1,79)
r(338,8,1,79)
r(264,1,1,79)
w(1,2,1,79)
w(65,2,1,79)
w(129,3,1,79)
w(296,3,1,79)
r(88,8,1,79)
w(90,3,1,79)
r(136,6,1,79)
w(64,3,1,79)
r(48,14,1,79)
r(168,5,1,79)
w(111,2,1,79)
w(127,4,2,80)
w(118,6,2,80)
r(291,11,2,80)
w(306,8,2,80)
r(62,5,2,80)
w(308,8,2,80)
w(149,13,2,80)
r(118,6,2,80)
r(247,3,2,80)
w(72,13,2,80)
w(41,8,2,80)
w(263,3,2,80)
w(170,6,2,80)
r(65,4,2,80)
r(346,13,2,80)
w(158,6,2,80)
w(30,11,2,80)
r(112,11,2,80)
r(237,14,2,80)
r(345,8,2,80)
r(162,2,2,80)
w(133,3,2,80)
w(2,3,2,80)
w(85,3,2,80)
w(208,2,2,80)
w(36,6,2,80)
r(114,5,2,80)
r(187,1,2,80)
w(223,11,2,80)
w(359,3,2,80)
w(201,9,2,80)
r(89,3,2,80)
w(229,11,2,80)
r(177,2,2,80)
r(16,2,3,81)
r(345,1,3,81)
w(198,13,3,81)
r(323,14,3,81)
r(90,13,3,81)
r(245,13,3,81)
r(276,11,3,81)
w(59,6,3,81)
r(176,5,3,81)
w(224,9,3,81)
r(95,8,3,81)
r(163,1,3,81)
r(131,5,3,81)
w(26,9,3,81)
r(310,1,3,81)
w(8,13,3,81)
r(104,1,3,81)
r(136,6,3,81)
r(336,20,4,82)
r(337,13,4,82)
w(104,11,4,82)
r(199,1,5,83)
w(180,14,5,83)
w(109,4,5,83)
r(114,5,5,83)
r(264,12,5,83)
r(276,11,5,83)
r(192,1,5,83)
r(350,1,5,83)
w(261,15,5,83)
r(231,15,5,83)
r(46,11,5,83)
r(305,9,5,83)
w(100,14,5,83)
w(217,4,5,83)
w(154,14,5,83)
w(54,13,5,83)
w(123,7,5,83)
r(243,1,5,83)
r(132,8,5,83)
w(87,13,5,83)
r(286,9,5,83)
r(151,13,5,83)
r(244,13,5,83)
r(195,8,5,83)
w(302,10,5,83)
r(217,4,5,83)
r(15,14,6,84)
w(58,18,6,84)
w(85,7,6,84)
r(176,5,6,84)
r(170,4,6,84)
w(44,14,6,84)
r(52,3,6,84)
w(128,7,6,84)
w(11,17,6,84)
r(117,1,6,84)
r(294,1,6,84)
r(265,13,6,84)
r(291,6,6,84)
w(61,7,6,84)
w(319,5,6,84)
r(186,11,6,84)
r(324,4,6,84)
r(269,1,6,84)
r(244,6,6,84)
r(138,11,6,84)
r(144,8,6,84)
r(298,4,6,84)
r(246,9,6,84)
w(330,20,6,84)
r(257,4,6,84)
r(115,14,6,84)
r(223,14,6,84)
w(64,18,6,84)
r(74,6,6,84)
r(146,4,6,84)
r(1,15,6,84)
w(152,10,6,84)
w(144,14,6,84)
w(173,20,6,84)
w(71,12,6,84)
r(159,13,6,84)
w(38,7,6,84)
r(100,15,6,84)
w(309,7,6,84)
r(217,1,1,85)
w(100,6,1,85)
r(18,12,1,85)
r(138,11,1,85)
r(33,9,1,85)
r(62,1,1,85)
r(61,9,1,85)
r(57,4,1,85)
w(148,2,1,85)
r(156,3,2,86)
r(223,14,2,86)
w(233,3,2,86)
w(204,8,2,86)
r(152,18,2,86)
w(113,4,2,86)
r(121,8,2,86)
r(137,4,2,86)
r(214,2,2,86)
w(204,12,2,86)
r(176,20,2,86)
r(318,11,2,86)
w(85,6,2,86)
r(227,12,2,86)
w(186,13,2,86)
w(269,8,2,86)
r(101,1,3,87)
r(268,4,3,87)
w(72,8,3,87)
r(185,5,3,87)
r(56,12,3,87)
w(257,12,3,87)
w(149,8,3,87)
r(327,1,3,87)
r(73,12,3,87)
r(138,11,3,87)
r(42,1,3,87)
r(61,9,3,87)
w(64,13,3,87)
r(32,5,3,87)
w(338,13,3,87)
r(22,7,3,87)
r(117,1,3,87)
w(101,4,3,87)
w(310,3,3,87)
r(9,12,3,87)
r(247,5,3,87)
w(325,6,3,87)
r(189,2,3,87)
w(241,9,3,87)
r(223,14,4,88)
w(296,20,4,88)
r(105,1,4,88)
r(82,16,4,88)
r(167,2,4,88)
r(227,3,4,88)
r(92,4,4,88)
w(31,8,4,88)
w(237,7,4,88)
w(53,13,4,88)
r(6,1,4,88)
w(214,7,4,88)
r(109,1,4,88)
r(56,12,4,88)
w(251,13,4,88)
w(55,12,4,88)
r(222,9,4,88)
r(119,1,4,88)
r(15,7,4,88)
w(88,7,4,88)
r(353,7,4,88)
w(268,5,4,88)
r(315,12,4,88)
w(221,6,4,88)
r(350,1,4,88)
w(44,8,4,88)
r(41,19,4,88)
w(43,20,5,89)
r(231,15,5,89)
w(218,4,5,89)
w(245,8,5,89)
r(137,4,5,89)
w(138,7,5,89)
r(330,1,5,89)
r(72,18,5,89)
w(251,4,5,89)
w(192,12,5,89)
w(322,15,5,89)
w(114,15,5,89)
w(354,12,5,89)
w(276,8,5,89)
w(26,8,5,89)
w(38,8,5,89)
r(72,18,5,89)
r(179,12,5,89)
r(221,2,5,89)
r(62,5,5,89)
w(148,15,5,89)
w(24,7,5,89)
w(74,5,5,89)
r(271,17,5,89)
r(248,1,5,89)
r(353,7,5,89)
r(88,8,5,89)
r(237,15,5,89)
w(152,17,5,89)
w(358,20,5,89)
r(140,13,5,89)
w(344,13,5,89)
w(208,11,5,89)
r(23,2,5,89)
r(249,6,5,89)
w(360,16,5,89)
w(147,20,5,89)
r(198,1,5,89)
r(192,12,5,89)
r(7,1,5,89)
r(357,1,5,89)
r(41,19,5,89)
w(285,7,5,89)
w(109,8,5,89)
r(243,1,5,89)
r(354,12,5,89)
r(150,15,5,89)
w(239,8,6,90)
w(359,8,6,90)
r(170,4,6,90)
r(179,12,6,90)
r(192,1,6,90)
r(215,8,6,90)
w(53,4,6,90)
r(349,1,6,90)
w(306,19,6,90)
w(298,18,6,90)
w(204,21,6,90)
w(186,18,6,90)
w(201,14,6,90)
w(197,14,6,90)
r(134,7,6,90)
r(44,11,6,90)
w(13,10,6,90)
w(359,12,6,90)
r(27,4,6,90)
r(117,1,6,90)
r(185,5,6,90)
w(339,8,6,90)
r(164,3,6,90)
r(355,12,6,90)
w(194,5,6,90)
r(285,15,6,90)
w(275,5,6,90)
r(99,5,6,90)
r(9,12,6,90)
w(355,5,6,90)
w(185,19,6,90)
r(133,12,6,90)
w(283,14,6,90)
w(294,12,6,90)
w(302,23,6,90)
w(260,5,6,90)
r(143,1,6,90)
r(179,12,6,90)
w(48,14,6,90)
w(75,10,6,90)
w(279,8,6,90)
w(263,14,6,90)
w(232,14,6,90)
w(83,14,6,90)
r(306,19,6,90)
w(244,13,6,90)
w(133,5,6,90)
w(79,15,6,90)
w(236,5,6,90)
r(301,1,6,90)
w(110,6,1,91)
w(312,6,1,91)
w(132,2,1,91)
r(293,15,1,91)
w(149,2,1,91)
w(256,3,1,91)
w(144,2,1,91)
r(154,12,1,91)
w(225,6,1,91)
r(32,5,1,91)
r(194,12,1,91)
r(87,2,1,91)
r(232,14,1,91)
w(175,2,1,91)
r(158,4,1,91)
r(94,11,1,91)
r(31,4,1,91)
w(139,3,1,91)
r(360,9,1,91)
r(314,3,1,91)
r(173,5,1,91)
w(12,2,1,91)
w(40,11,2,92)
r(136,6,2,92)
r(320,15,2,92)
w(53,11,2,92)
r(341,8,2,92)
r(95,12,2,92)
r(339,12,2,92)
r(301,3,2,92)
w(155,6,2,92)
w(274,8,2,92)
w(56,13,2,92)
r(142,7,2,92)
w(74,11,2,92)
r(164,13,2,92)
w(14,13,2,92)
r(135,12,2,92)
r(135,12,2,92)
r(12,6,2,92)
r(22,6,2,92)
r(155,6,2,92)
r(232,7,2,92)
r(178,6,2,92)
w(150,9,2,92)
w(1,6,2,92)
w(167,13,2,92)
r(114,8,2,92)
r(234,8,2,92)
r(7,13,2,92)
w(330,13,2,92)
w(315,9,2,92)
r(141,11,2,92)
w(231,13,2,92)
w(108,13,2,92)
r(337,11,2,92)
r(285,2,2,92)
r(264,12,2,92)
w(355,11,2,92)
r(211,3,2,92)
w(358,8,2,92)
r(299,9,2,92)
w(173,9,2,92)
r(325,11,2,92)
r(73,11,2,92)
r(59,1,2,92)
w(345,11,2,92)
w(165,6,2,92)
r(35,3,2,92)
r(349,1,2,92)
w(159,3,2,92)
w(221,3,2,92)
r(149,11,3,93)
r(81,15,3,93)
w(228,8,3,93)
r(336,18,3,93)
w(327,11,3,93)
r(209,3,3,93)
w(62,5,3,93)
r(96,1,3,93)
w(289,13,3,93)
w(345,9,3,93)
w(155,9,3,93)
w(247,3,3,93)
r(54,2,3,93)
r(306,19,3,93)
w(273,13,3,93)
w(97,4,3,93)
w(279,6,3,93)
r(214,4,3,93)
w(18,9,3,93)
r(163,1,3,93)
w(251,9,3,93)
r(257,4,3,93)
r(5,13,3,93)
r(322,6,3,93)
w(305,9,3,93)
r(85,1,3,93)
w(46,11,3,93)
r(199,1,3,93)
w(352,11,3,93)
w(270,11,3,93)
w(313,4,3,93)
w(109,9,3,93)
w(262,11,3,93)
w(53,9,3,93)
r(4,3,3,93)
r(11,1,3,93)
r(138,11,3,93)
r(1,15,3,93)
w(293,15,3,93)
r(98,15,3,93)
w(70,13,3,93)
w(325,11,3,93)
w(336,12,3,93)
w(311,9,3,93)
w(289,4,3,93)
w(28,4,3,93)
w(68,6,3,93)
w(3,3,3,93)
r(255,1,3,93)
r(342,12,3,93)
w(88,15,4,94)
r(274,7,4,94)
w(118,12,4,94)
r(277,2,4,94)
w(79,4,4,94)
w(201,4,4,94)
r(74,6,4,94)
w(203,12,4,94)
w(41,10,4,94)
r(107,12,4,94)
r(191,1,4,94)
r(104,1,4,94)
r(252,13,4,94)
r(212,1,4,94)
w(27,13,4,94)
r(147,15,4,94)
w(267,4,4,94)
w(143,5,4,94)
w(84,13,4,94)
w(33,5,4,94)
r(147,15,4,94)
r(217,1,4,94)
r(94,11,4,94)
w(33,7,4,94)
r(351,8,4,94)
w(1,12,4,94)
w(159,12,4,94)
r(170,4,4,94)
w(194,4,4,94)
w(189,4,4,94)
w(305,7,4,94)
w(197,4,4,94)
w(236,8,4,94)
r(223,14,4,94)
r(67,8,4,94)
w(59,9,4,94)
r(34,2,4,94)
w(117,5,4,94)
w(147,7,4,94)
r(262,11,4,94)
r(350,1,4,94)
w(9,4,4,94)
w(180,15,4,94)
w(43,14,4,94)
r(218,1,5,95)
w(237,14,5,95)
w(243,12,5,95)
r(156,17,5,95)
w(19,4,5,95)
w(275,12,5,95)
r(145,1,5,95)
w(253,4,5,95)
w(4,8,5,95)
r(294,12,5,95)
r(28,20,5,95)
w(44,12,5,95)
w(271,18,5,95)
r(18,9,5,95)
r(178,9,5,95)
r(198,1,5,95)
r(117,1,5,95)
r(196,3,5,95)
w(168,8,5,95)
r(92,4,5,95)
w(30,15,5,95)
w(22,14,5,95)
r(135,1,5,95)
w(152,18,5,95)
r(18,9,5,95)
r(42,13,5,95)
w(173,15,5,95)
r(25,2,5,95)
r(99,5,5,95)
w(121,8,5,95)
w(249,12,5,95)
r(104,1,5,95)
w(234,8,5,95)
w(348,14,5,95)
w(119,12,5,95)
r(266,9,5,95)
r(241,1,5,95)
w(298,15,5,95)
w(345,8,5,95)
w(164,20,5,95)
r(300,13,5,95)
r(186,17,5,95)
r(140,13,5,95)
w(250,5,5,95)
r(46,11,5,95)
r(283,14,5,95)
r(106,6,5,95)
r(134,7,5,95)
r(158,4,5,95)
r(316,14,5,95)
r(190,8,6,96)
r(215,8,6,96)
w(128,15,6,96)
w(339,12,6,96)
w(138,20,6,96)
w(109,7,6,96)
r(208,1,6,96)
r(74,6,6,96)
r(343,15,6,96)
r(30,1,6,96)
r(308,20,6,96)
r(138,20,6,96)
r(104,1,6,96)
r(342,12,6,96)
w(131,7,6,96)
r(341,8,6,96)
w(302,24,6,96)
r(309,5,6,96)
w(257,20,6,96)
r(107,12,6,96)
w(337,14,6,96)
r(234,14,6,96)
w(344,4,6,96)
r(32,5,6,96)
r(206,12,6,96)
r(103,11,6,96)
w(77,21,6,96)
w(278,14,6,96)
w(156,17,6,96)
w(8,16,6,96)
r(348,7,6,96)
w(202,20,6,96)
w(313,20,6,96)
r(111,1,6,96)
w(28,20,6,96)
w(227,14,6,96)
w(301,12,6,96)
r(230,1,6,96)
w(19,7,6,96)
r(223,14,6,96)
r(196,3,6,96)
w(287,20,6,96)
r(61,9,6,96)
r(30,1,6,96)
r(254,1,6,96)
w(86,15,6,96)
w(34,5,6,96)
r(236,5,6,96)
w(195,8,6,96)
w(216,17,6,96)
w(67,3,1,97)
r(216,17,1,97)
r(39,8,1,97)
r(243,1,1,97)
w(14,3,1,97)
w(201,2,1,97)
w(78,6,1,97)
r(322,6,1,97)
w(33,11,1,97)
r(309,5,1,97)
w(291,3,1,97)
r(72,18,1,97)
r(102,1,1,97)
w(329,6,1,97)
w(179,3,1,97)
w(228,11,1,97)
w(254,3,1,97)
w(200,2,1,97)
w(126,6,1,97)
w(314,9,1,97)
w(152,3,1,97)
r(29,11,1,97)
r(219,6,1,97)
r(285,9,1,97)
r(224,11,1,97)
r(52,3,1,97)
r(254,3,1,97)
r(266,9,1,97)
r(71,1,1,97)
w(105,2,1,97)
r(294,12,1,97)
r(159,13,1,97)
w(186,9,1,97)
w(50,3,1,97)
r(312,8,1,97)
r(295,8,1,97)
w(269,11,1,97)
r(254,3,1,97)
r(10,13,1,97)
w(231,4,2,98)
r(8,16,2,98)
w(207,9,2,98)
w(204,5,2,98)
r(47,5,2,98)
r(114,8,2,98)
r(169,2,2,98)
r(101,1,2,98)
w(308,5,2,98)
w(225,12,2,98)
r(177,2,2,98)
w(226,7,2,98)
r(147,9,2,98)
r(146,4,2,98)
w(254,12,2,98)
r(257,17,2,98)
r(42,13,2,98)
r(310,1,2,98)
r(294,12,2,98)
w(2,6,2,98)
r(191,1,2,98)
r(7,13,2,98)
r(40,11,2,98)
w(340,11,2,98)
w(240,13,2,98)
w(218,6,2,98)
w(274,12,2,98)
r(89,3,2,98)
w(336,4,2,98)
w(61,11,2,98)
r(252,13,2,98)
r(235,7,2,98)
w(198,9,2,98)
w(164,4,2,98)
r(360,6,2,98)
w(63,8,2,98)
r(139,11,2,98)
r(130,11,2,98)
r(186,17,2,98)
w(135,6,2,98)
r(230,5,2,98)
w(138,13,2,98)
r(35,3,2,98)
w(241,11,2,98)
r(250,5,2,98)
w(20,8,2,98)
w(30,9,2,98)
r(329,9,2,98)
w(287,6,2,98)
w(235,13,2,98)
w(316,4,3,99)
w(196,9,3,99)
w(298,9,3,99)
r(257,20,3,99)
w(1,13,3,99)
r(285,9,3,99)
r(343,15,3,99)
w(18,13,3,99)
w(11,12,3,99)
w(13,15,3,99)
w(185,4,3,99)
r(309,5,3,99)
w(232,9,3,99)
w(128,9,3,99)
w(172,13,3,99)
r(20,14,4,100)
w(241,13,4,100)
r(126,18,4,100)
w(360,14,4,100)
r(346,13,4,100)
r(220,14,4,100)
w(291,4,4,100)
r(86,15,4,100)
r(169,2,4,100)
w(65,8,4,100)
r(55,2,4,100)
w(271,15,4,100)
w(342,8,4,100)
w(260,4,4,100)
w(303,8,4,100)
w(285,5,4,100)
r(31,4,4,100)
r(117,1,4,100)
w(126,15,4,100)
r(172,3,4,100)
r(186,17,4,100)
w(50,12,4,100)
r(49,6,4,100)
r(271,15,4,100)
w(172,7,4,100)
r(210,1,4,100)
w(213,11,4,100)
r(208,1,4,100)
r(17,5,4,100)
w(174,8,4,100)
w(213,9,4,100)
r(95,12,4,100)
w(199,13,4,100)
w(244,11,4,100)
r(51,6,4,100)
w(289,15,4,100)
r(15,7,4,100)
w(359,11,4,100)
r(211,3,4,100)
r(14,1,4,100)
r(255,1,4,100)
r(197,14,4,100)
r(69,2,5,101)
w(345,12,5,101)
r(174,9,5,101)
r(137,4,5,101)
r(197,9,5,101)
w(252,12,5,101)
w(125,4,5,101)
w(273,5,5,101)
r(113,5,5,101)
w(58,14,5,101)
w(40,15,5,101)
r(40,15,5,101)
r(130,11,5,101)
w(273,7,5,101)
r(349,1,5,101)
r(103,13,5,101)
w(179,4,5,101)
r(27,12,5,101)
w(301,9,5,101)
r(324,11,5,101)
w(250,7,5,101)
r(289,12,5,101)
w(280,7,5,101)
r(289,12,5,101)
w(350,4,5,101)
r(360,9,5,101)
w(141,8,6,102)
w(137,5,6,102)
w(262,7,6,102)
w(54,4,6,102)
r(16,2,6,102)
r(122,4,6,102)
r(43,15,6,102)
w(337,20,6,102)
r(108,1,6,102)
r(268,4,6,102)
w(141,12,6,102)
w(220,20,6,102)
w(289,18,6,102)
r(283,14,6,102)
r(302,24,6,102)
r(275,5,6,102)
r(222,9,6,102)
w(326,5,6,102)
w(16,9,6,102)
w(264,14,6,102)
w(220,17,6,102)
w(77,22,6,102)
r(35,1,6,102)
r(237,15,6,102)
r(109,7,6,102)
w(324,7,6,102)
r(163,1,6,102)
w(169,18,6,102)
w(249,7,6,102)
r(69,2,6,102)
r(199,1,6,102)
w(133,7,6,102)
r(134,7,1,103)
w(358,3,1,103)
w(161,2,1,103)
r(295,11,1,103)
w(303,3,1,103)
r(131,7,1,103)
w(126,11,1,103)
w(137,2,1,103)
w(258,3,1,103)
w(317,6,1,103)
r(177,2,1,103)
r(106,8,1,103)
r(5,13,1,103)
r(349,1,1,103)
w(209,6,1,103)
r(307,12,1,103)
w(319,2,1,103)
r(133,5,1,103)
w(63,9,1,103)
w(238,3,1,103)
r(146,4,1,103)
r(306,19,1,103)
w(113,13,1,103)
r(130,11,1,103)
w(293,11,1,103)
w(42,3,1,103)
r(214,4,1,103)
w(199,3,1,103)
r(149,11,1,103)
r(36,1,1,103)
r(16,2,1,103)
w(328,6,1,103)
r(253,3,1,103)
w(225,11,1,103)
w(354,3,1,103)
r(320,15,1,103)
r(356,9,1,103)
r(246,9,1,103)
r(204,5,2,104)
r(340,11,2,104)
r(224,2,2,104)
r(294,12,2,104)
w(347,9,2,104)
r(7,13,2,104)
r(148,6,2,104)
r(259,8,2,104)
r(183,15,2,104)
r(96,12,2,104)
r(174,9,2,104)
r(322,6,2,104)
w(248,13,2,104)
w(9,3,2,104)
w(18,11,2,104)
w(69,4,2,104)
r(347,9,2,104)
r(131,11,2,104)
w(10,9,2,104)
w(22,13,2,104)
r(342,3,2,104)
r(237,20,2,104)
r(243,12,2,104)
r(332,20,2,104)
r(351,8,2,104)
r(259,8,2,104)
w(5,11,2,104)
w(146,13,2,104)
r(335,2,2,104)
r(344,11,2,104)
r(119,12,2,104)
w(233,6,2,104)
r(62,17,2,104)
w(197,6,2,104)
w(220,13,2,104)
r(343,14,2,104)
r(59,1,2,104)
r(55,11,2,104)
w(288,3,2,104)
w(283,4,2,104)
r(290,14,2,104)
r(39,8,2,104)
w(180,9,2,104)
r(103,5,2,104)
w(233,11,2,104)
r(77,18,2,104)
w(212,9,2,104)
r(111,1,2,104)
r(341,5,2,104)
w(260,6,2,104)
r(156,17,3,105)
r(120,6,3,105)
w(264,8,3,105)
r(28,20,3,105)
w(259,9,3,105)
w(324,11,3,105)
r(150,15,3,105)
w(300,13,3,105)
w(289,12,3,105)
w(331,11,3,105)
r(258,1,3,105)
r(241,1,3,105)
w(302,12,3,105)
w(261,9,3,105)
r(85,1,3,105)
w(85,13,3,105)
w(292,4,3,105)
r(49,6,3,105)
r(7,1,3,105)
w(344,6,3,105)
w(140,13,3,105)
w(334,4,3,105)
w(139,11,3,105)
w(13,20,3,105)
w(197,9,3,105)
r(58,6,3,105)
r(266,9,3,105)
r(215,8,3,105)
w(263,11,3,105)
w(312,13,3,105)
r(42,13,3,105)
w(333,13,3,105)
w(264,12,3,105)
w(91,6,3,105)
r(4,3,3,105)
w(292,8,3,105)
w(274,15,3,105)
w(202,13,3,105)
r(187,1,3,105)
w(359,6,3,105)
r(295,8,3,105)
r(86,15,3,105)
w(212,8,3,105)
r(254,1,3,105)
r(1,15,3,105)
r(325,11,3,105)
r(306,19,3,105)
r(174,9,3,105)
r(10,13,3,105)
w(295,11,3,105)
w(84,4,4,106)
w(282,15,4,106)
r(281,6,4,106)
r(104,1,4,106)
r(58,6,4,106)
w(126,20,4,106)
r(210,1,4,106)
r(272,5,4,106)
w(302,20,4,106)
w(6,13,4,106)
r(322,6,4,106)
w(67,7,4,106)
r(337,14,4,106)
r(253,3,4,106)
w(88,14,4,106)
r(44,11,4,106)
r(176,20,4,106)
r(169,2,4,106)
r(23,2,4,106)
w(15,5,4,106)
w(47,8,4,106)
r(20,9,4,106)
r(209,3,4,106)
w(331,12,5,107)
w(311,4,5,107)
r(248,1,5,107)
r(58,6,5,107)
w(185,18,5,107)
w(1,5,5,107)
w(218,8,5,107)
r(114,5,5,107)
r(236,5,5,107)
w(201,5,5,107)
r(299,9,5,107)
r(176,20,5,107)
w(19,8,5,107)
w(132,7,5,107)
w(12,6,5,107)
w(227,12,5,107)
w(98,14,5,107)
r(254,1,5,107)
r(63,1,5,107)
w(330,15,5,107)
w(116,12,5,107)
r(75,10,5,107)
w(124,12,5,107)
r(334,4,5,107)
w(77,18,5,107)
r(354,8,5,107)
w(103,5,5,107)
r(238,2,5,107)
r(22,3,5,107)
r(260,5,5,107)
r(78,8,5,107)
r(227,12,5,107)
w(106,12,5,107)
w(86,8,5,107)
r(177,2,5,107)
w(167,15,5,107)
w(260,8,5,107)
w(305,17,5,107)
r(265,6,5,107)
w(128,12,5,107)
r(311,4,5,107)
w(167,14,5,107)
w(201,7,5,107)
r(24,5,5,107)
r(147,9,5,107)
w(5,12,5,107)
r(95,12,5,107)
w(218,12,5,107)
w(20,18,5,107)
w(198,15,5,107)
w(158,12,6,108)
r(226,2,6,108)
r(273,13,6,108)
r(4,3,6,108)
w(245,14,6,108)
r(237,15,6,108)
r(54,2,6,108)
w(240,14,6,108)
w(63,16,6,108)
r(52,3,6,108)
r(339,12,1,109)
w(296,6,1,109)
r(34,5,1,109)
w(264,3,1,109)
w(127,6,1,109)
r(141,11,1,109)
r(101,1,1,109)
w(190,3,1,109)
r(279,6,1,109)
w(164,9,1,109)
w(140,3,1,109)
r(117,1,1,109)
r(42,13,1,109)
r(115,14,1,109)
w(118,2,1,109)
w(332,6,1,109)
r(35,1,1,109)
r(75,10,1,109)
w(144,3,1,109)
w(320,6,1,109)
w(313,6,1,109)
w(77,2,1,109)
r(193,13,1,109)
r(234,14,1,109)
r(322,6,1,109)
r(98,15,1,109)
r(117,1,1,109)
w(270,2,1,109)
r(260,5,1,109)
w(158,3,1,109)
r(274,4,1,109)
w(126,8,2,110)
w(354,9,2,110)
r(178,6,2,110)
w(106,11,2,110)
r(269,9,2,110)
w(51,9,2,110)
r(201,3,2,110)
r(332,20,2,110)
w(349,9,2,110)
w(326,6,2,110)
w(62,13,2,110)
r(316,14,2,110)
w(326,11,2,110)
r(67,20,2,110)
w(186,4,2,110)
w(170,11,2,110)
w(257,9,2,110)
r(21,12,2,110)
r(115,13,2,110)
r(311,4,2,110)
w(312,11,2,110)
r(241,11,2,110)
r(191,1,2,110)
w(94,2,2,110)
r(79,3,2,110)
r(329,9,2,110)
r(153,20,2,110)
w(16,3,2,110)
r(238,2,2,110)
r(231,4,2,110)
r(295,11,2,110)
r(351,8,2,110)
w(196,11,2,110)
w(214,13,2,110)
r(266,9,2,110)
w(315,13,2,110)
w(57,11,2,110)
w(204,7,2,110)
r(90,13,2,110)
w(109,11,2,110)
w(272,8,2,110)
r(153,20,2,110)
w(197,11,2,110)
w(20,12,2,110)
w(151,9,2,110)
w(120,3,2,110)
w(121,11,2,110)
r(81,18,2,110)
r(244,13,2,110)
r(334,4,2,110)
r(120,6,3,111)
r(360,9,3,111)
r(284,12,3,111)
r(116,3,3,111)
r(329,9,3,111)
w(66,5,3,111)
r(297,13,3,111)
w(254,20,3,111)
r(301,3,3,111)
w(44,9,3,111)
w(128,13,3,111)
w(185,8,3,111)
w(165,9,3,111)
w(14,7,3,111)
r(249,12,4,112)
r(164,20,4,112)
w(315,15,4,112)
r(344,6,4,112)
w(320,5,4,112)
r(89,3,4,112)
w(232,12,4,112)
w(167,5,4,112)
r(138,20,4,112)
w(188,12,4,112)
w(209,5,4,112)
w(171,5,4,112)
r(352,11,4,112)
w(263,4,4,112)
r(304,5,4,112)
r(168,8,4,112)
w(277,8,4,112)
r(209,5,4,112)
w(298,14,5,113)
r(350,1,5,113)
w(55,7,5,113)
r(142,5,5,113)
r(165,8,5,113)
r(18,9,5,113)
r(95,12,5,113)
r(77,18,5,113)
w(64,14,5,113)
w(30,14,5,113)
w(307,5,5,113)
w(179,8,5,113)
w(138,15,5,113)
r(117,1,5,113)
w(318,4,5,113)
r(359,6,5,113)
r(202,13,5,113)
w(330,14,5,113)
w(116,5,5,113)
r(155,9,5,113)
w(42,15,5,113)
w(230,16,5,113)
w(348,20,5,113)
r(253,4,5,113)
w(46,20,5,113)
r(347,11,5,113)
w(58,20,5,113)
w(21,4,5,113)
r(32,5,5,113)
r(116,5,5,113)
w(208,9,5,113)
r(51,6,5,113)
r(326,1,5,113)
w(160,15,5,113)
r(262,11,5,113)
r(16,2,5,113)
r(282,4,5,113)
w(31,7,5,113)
r(6,1,5,113)
w(35,12,5,113)
r(203,1,5,113)
w(234,12,5,113)
r(9,12,5,113)
w(111,12,6,114)
r(176,20,6,114)
r(136,6,6,114)
r(67,8,6,114)
r(29,11,6,114)
w(39,12,6,114)
r(35,1,6,114)
r(245,13,6,114)
w(77,25,6,114)
w(205,5,6,114)
r(181,3,6,114)
w(20,10,6,114)
r(242,2,6,114)
r(353,7,6,114)
w(267,8,6,114)
r(35,1,6,114)
w(158,5,6,114)
w(100,17,6,114)
r(121,1,6,114)
r(150,15,6,114)
w(73,20,6,114)
r(25,2,6,114)
r(129,6,6,114)
r(104,1,1,115)
r(342,11,1,115)
w(22,3,1,115)
w(258,6,1,115)
w(57,3,1,115)
r(14,1,1,115)
w(272,3,1,115)
r(275,12,1,115)
w(222,3,1,115)
r(193,13,1,115)
r(100,15,1,115)
w(178,6,1,115)
w(44,2,1,115)
w(298,3,1,115)
r(153,2,1,115)
w(214,2,1,115)
w(149,3,1,115)
r(255,1,1,115)
r(293,4,1,115)
r(172,3,1,115)
w(205,6,1,115)
r(89,3,1,115)
r(29,11,1,115)
w(28,11,1,115)
w(77,3,1,115)
w(83,9,1,115)
w(360,2,1,115)
r(123,5,1,115)
r(8,16,1,115)
r(187,1,1,115)
w(7,2,1,115)
w(273,11,1,115)
r(253,4,1,115)
w(307,11,1,115)
r(323,14,1,115)
r(88,8,1,115)
r(257,20,1,115)
w(333,2,1,115)
r(221,2,1,115)
r(224,11,1,115)
w(337,6,1,115)
r(55,11,1,115)
r(340,15,1,115)
r(68,6,1,115)
r(304,5,1,115)
r(232,14,1,115)
r(260,5,1,115)
w(224,2,1,115)
r(203,1,1,115)
w(35,2,1,115)
w(187,3,3,116)
w(284,8,3,116)
r(222,3,3,116)
r(285,9,3,116)
w(210,6,3,116)
w(62,7,3,116)
w(79,13,3,116)
r(204,21,3,116)
r(342,11,3,116)
w(172,12,3,116)
r(180,2,3,116)
w(299,4,3,116)
r(245,13,3,116)
w(8,4,3,116)
r(46,11,3,116)
w(322,4,3,116)
r(187,3,3,116)
r(90,13,3,116)
r(323,14,5,117)
w(99,15,5,117)
r(145,1,5,117)
r(132,7,5,117)
r(120,6,5,117)
w(293,16,5,117)
w(191,7,5,117)
r(286,9,5,117)
r(66,9,5,117)
r(274,4,5,117)
w(239,13,5,117)
w(355,8,5,117)
r(107,9,5,117)
w(288,8,5,117)
r(157,3,5,117)
r(307,11,5,117)
r(314,3,5,117)
r(235,7,5,117)
r(336,12,5,117)
w(18,5,5,117)
r(132,7,5,117)
w(183,12,5,117)
r(219,6,5,117)
w(152,16,5,117)
w(63,17,5,117)
w(148,14,5,117)
w(326,8,5,117)
r(291,11,5,117)
w(44,5,5,117)
w(287,7,5,117)
w(349,15,6,118)
r(311,9,6,118)
r(48,14,6,118)
r(143,14,6,118)
r(244,13,6,118)
r(5,13,6,118)
r(148,6,6,118)
w(88,19,6,118)
w(331,15,6,118)
w(139,12,6,118)
w(307,15,6,118)
r(106,6,6,118)
w(311,5,6,118)
w(261,18,6,118)
r(60,1,6,118)
r(203,1,6,118)
w(261,16,6,118)
w(344,8,6,118)
r(12,3,6,118)
w(146,14,6,118)
w(125,5,6,118)
r(126,18,6,118)
r(315,12,6,118)
r(56,12,6,118)
w(40,17,6,118)
w(177,13,6,118)
r(37,5,6,118)
r(332,4,1,119)
w(270,3,1,119)
w(117,11,1,119)
r(138,20,1,119)
w(146,2,1,119)
w(351,11,1,119)
w(89,11,1,119)
w(153,11,1,119)
r(148,6,1,119)
w(13,11,1,119)
r(60,1,1,119)
r(226,2,1,119)
w(41,11,1,119)
r(151,13,1,119)
r(69,2,3,120)
r(8,16,3,120)
r(8,16,3,120)
w(119,4,3,120)
w(177,6,3,120)
r(267,2,3,120)
r(161,1,3,120)
r(332,4,3,120)
r(122,4,3,120)
r(76,2,3,120)
w(173,4,3,120)
w(318,9,3,120)
r(285,9,3,120)
w(82,14,3,120)
r(183,6,3,120)
r(176,20,3,120)
r(235,7,3,120)
w(316,5,3,120)
w(356,12,3,120)
r(59,1,3,120)
r(4,8,3,120)
w(340,13,3,120)
r(227,12,5,121)
r(329,9,5,121)
w(335,7,5,121)
w(88,17,5,121)
w(97,15,5,121)
w(153,5,5,121)
r(353,7,5,121)
w(150,14,5,121)
w(178,12,5,121)
r(209,11,5,121)
r(278,14,5,121)
w(193,9,5,121)
r(175,4,5,121)
w(245,12,5,121)
w(312,12,5,121)
w(29,12,5,121)
r(263,11,5,121)
r(28,11,5,121)
r(95,12,5,121)
w(55,15,5,121)
w(165,15,5,121)
r(147,9,5,121)
w(331,5,5,121)
r(260,8,5,121)
w(114,14,5,121)
r(140,13,5,121)
r(219,6,5,121)
w(42,14,5,121)
r(60,1,5,121)
r(96,1,5,121)
w(265,12,5,121)
r(129,6,5,121)
r(41,9,5,121)
r(230,5,5,121)
w(184,5,5,121)
r(104,1,5,121)
r(1,4,5,121)
r(171,3,5,121)
r(94,11,5,121)
w(7,5,5,121)
r(294,12,5,121)
w(263,12,5,121)
r(94,11,5,121)
w(194,15,6,122)
w(32,7,6,122)
r(334,4,6,122)
r(48,14,6,122)
w(328,5,6,122)
r(69,2,6,122)
r(108,1,6,122)
w(282,17,6,122)
w(49,12,6,122)
r(96,1,6,122)
r(81,15,6,122)
w(98,20,6,122)
w(300,12,6,122)
w(74,14,6,122)
r(106,6,6,122)
r(227,14,6,122)
r(143,14,6,122)
w(229,12,6,122)
w(5,5,6,122)
w(278,20,6,122)
r(118,11,6,122)
w(166,17,6,122)
w(243,7,6,122)
r(190,8,6,122)
w(344,12,6,122)
r(179,12,6,122)
w(98,17,6,122)
r(239,8,6,122)
r(181,3,6,122)
w(130,20,6,122)
r(182,6,6,122)
w(73,17,6,122)
r(274,4,6,122)
r(322,6,6,122)
r(266,9,6,122)
w(211,14,6,122)
r(152,18,6,122)
w(319,7,6,122)
w(86,14,6,122)
r(21,8,6,122)
w(109,14,6,122)
w(244,4,6,122)
r(123,5,6,122)
w(24,15,6,122)
w(287,3,1,123)
r(331,12,1,123)
w(335,2,1,123)
r(122,4,1,123)
r(237,14,1,123)
w(34,6,1,123)
w(201,3,1,123)
w(22,6,1,123)
w(170,2,1,123)
r(117,1,1,123)
r(225,1,1,123)
w(197,3,1,123)
r(159,13,1,123)
w(156,3,1,123)
w(116,11,1,123)
w(352,3,1,123)
w(151,2,1,123)
w(25,3,1,123)
r(134,7,1,123)
r(293,4,1,123)
r(230,1,1,123)
w(337,11,1,123)
r(312,13,1,123)
w(162,2,1,123)
w(126,13,1,123)
r(187,1,1,123)
w(92,2,1,123)
r(23,2,1,123)
r(187,1,1,123)
r(340,15,1,123)
w(228,9,1,123)
r(349,1,1,123)
r(210,1,1,123)
r(233,5,1,123)
r(42,13,1,123)
w(269,9,1,123)
r(78,8,1,123)
r(192,1,1,123)
r(59,1,1,123)
r(135,1,1,123)
r(98,14,1,123)
w(355,2,1,123)
r(303,11,1,123)
w(354,6,1,123)
w(209,11,1,123)
w(109,2,1,123)
w(20,6,1,123)
r(41,19,1,123)
w(319,3,1,123)
r(165,8,1,123)
r(203,1,3,124)
w(305,4,3,124)
r(69,2,3,124)
w(230,12,3,124)
w(277,11,3,124)
r(222,3,3,124)
r(135,1,3,124)
w(105,9,3,124)
w(36,9,3,124)
r(212,8,3,124)
w(330,4,3,124)
r(150,15,3,124)
w(2,13,3,124)
w(43,12,3,124)
r(133,5,3,124)
w(115,13,3,124)
r(348,14,3,124)
r(208,1,3,124)
r(250,5,3,124)
r(221,2,3,124)
w(17,11,3,124)
w(275,13,3,124)
w(1,4,3,124)
w(305,8,3,124)
w(293,14,3,124)
r(316,14,3,124)
w(343,9,3,124)
r(242,6,3,124)
w(230,5,3,124)
r(129,6,3,124)
r(1,4,3,124)
w(114,8,3,124)
r(96,1,3,124)
r(342,3,3,124)
w(259,8,3,124)
r(208,1,3,124)
r(199,1,3,124)
w(38,9,3,124)
r(88,8,3,124)
r(307,11,3,124)
r(202,13,3,124)
w(344,11,3,124)
r(94,11,3,124)
w(7,13,3,124)
w(131,11,3,124)
r(118,11,3,124)
r(220,9,3,124)
r(85,13,3,124)
r(80,15,3,124)
r(190,8,3,124)
w(146,15,5,125)
r(33,9,5,125)
w(301,13,5,125)
r(93,3,5,125)
w(270,4,5,125)
r(246,9,5,125)
r(248,1,5,125)
r(261,9,5,125)
w(213,4,5,125)
r(210,1,5,125)
w(33,14,5,125)
r(3,3,5,125)
w(339,9,5,125)
r(117,1,5,125)
r(112,11,5,125)
w(115,15,5,125)
w(183,5,5,125)
w(189,8,5,125)
r(99,5,5,125)
w(342,5,5,125)
w(122,12,5,125)
w(86,12,5,125)
r(165,8,5,125)
w(131,12,5,125)
r(279,6,5,125)
r(118,11,5,125)
r(154,12,5,125)
w(151,5,5,125)
w(147,17,5,125)
w(321,5,5,125)
r(341,8,5,125)
w(318,8,5,125)
r(27,6,5,125)
w(249,14,6,126)
r(37,5,6,126)
r(270,11,6,126)
r(301,3,6,126)
r(233,5,6,126)
w(152,19,6,126)
w(13,19,6,126)
w(236,15,6,126)
w(110,12,6,126)
r(181,3,6,126)
w(27,15,6,126)
w(177,4,6,126)
r(199,1,6,126)
w(342,3,1,127)
w(290,2,1,127)
r(68,6,1,127)
w(144,6,1,127)
w(236,2,1,127)
w(237,3,1,127)
w(35,3,1,127)
w(67,6,1,127)
w(360,6,1,127)
w(17,3,1,127)
r(227,12,1,127)
r(165,8,1,127)
w(9,2,1,127)
r(346,13,1,127)
w(81,9,1,127)
w(73,11,1,127)
w(180,3,1,127)
w(296,11,1,127)
w(6,2,1,127)
w(255,3,1,127)
r(210,1,1,127)
r(114,5,1,127)
r(189,6,1,127)
w(242,6,1,127)
w(11,9,1,127)
r(155,9,1,127)
r(337,11,1,127)
r(109,2,1,127)
r(229,1,1,127)
w(17,6,1,127)
r(54,2,1,127)
w(284,3,1,127)
r(319,3,1,127)
r(53,9,1,127)
w(164,13,1,127)
r(52,3,1,127)
w(41,9,1,127)
w(285,2,1,127)
w(100,11,1,127)
r(220,9,1,127)
r(132,7,1,127)
w(215,3,1,127)
r(249,12,1,127)
w(162,3,1,127)
r(53,9,1,127)
w(100,9,1,127)
r(225,1,1,127)
r(85,13,1,127)
w(27,6,1,127)
w(57,6,1,127)
w(215,4,3,128)
w(139,9,3,128)
w(133,11,3,128)
r(351,8,3,128)
r(194,6,3,128)
w(177,11,3,128)
w(149,5,3,128)
w(40,8,3,128)
w(154,8,3,128)
w(66,15,3,128)
r(259,8,3,128)
r(105,9,3,128)
w(196,4,3,128)
w(227,9,3,128)
w(103,4,3,128)
w(115,8,3,128)
r(254,1,3,128)
w(129,13,3,128)
w(225,7,3,128)
w(276,9,3,128)
r(193,13,3,128)
w(276,13,3,128)
w(4,6,3,128)
r(278,14,3,128)
w(10,8,3,128)
r(350,1,3,128)
r(231,15,3,128)
r(211,3,3,128)
r(227,9,3,128)
r(28,11,3,128)
w(323,8,3,128)
w(353,4,3,128)
r(76,2,3,128)
w(348,4,3,128)
w(45,13,3,128)
r(258,6,3,128)
r(276,13,3,128)
r(288,4,3,128)
w(219,4,3,128)
w(84,9,3,128)
w(131,9,3,128)
w(22,4,3,128)
r(314,3,3,128)
r(334,4,3,128)
r(164,13,5,129)
r(68,6,5,129)
w(15,15,5,129)
r(318,11,5,129)
r(255,3,5,129)
r(275,13,5,129)
w(232,7,5,129)
r(248,1,5,129)
r(96,1,5,129)
r(74,6,5,129)
r(170,2,5,129)
w(44,7,5,129)
w(123,15,5,129)
w(104,4,5,129)
r(300,13,5,129)
r(215,3,5,129)
w(237,20,5,129)
w(290,15,5,129)
w(268,15,5,129)
w(96,12,5,129)
w(108,18,5,129)
r(84,2,5,129)
w(173,14,5,129)
w(188,7,5,129)
w(45,8,5,129)
w(348,17,5,129)
r(236,2,5,129)
w(222,7,5,129)
w(271,16,5,129)
w(226,20,5,129)
w(268,14,5,129)
w(142,7,5,129)
r(63,1,5,129)
w(317,12,5,129)
w(343,5,5,129)
w(38,12,5,129)
w(176,17,5,129)
w(287,15,5,129)
w(190,7,5,129)
r(211,3,5,129)
w(72,14,5,129)
w(290,14,5,129)
w(99,14,5,129)
w(257,15,5,129)
r(350,1,5,129)
r(138,20,5,129)
w(255,8,5,129)
r(111,1,5,129)
w(262,5,5,129)
w(195,9,5,129)
r(114,8,6,130)
w(323,18,6,130)
w(305,18,6,130)
r(333,2,6,130)
w(155,12,6,130)
w(244,8,6,130)
w(228,17,6,130)
w(337,17,6,130)
w(351,7,6,130)
w(300,5,6,130)
r(37,5,6,130)
r(218,12,6,130)
r(290,2,6,130)
w(53,8,6,130)
r(277,11,6,130)
w(137,7,6,130)
w(17,15,6,130)
w(45,15,6,130)
r(162,3,6,130)
r(121,8,6,130)
r(211,3,6,130)
r(92,2,6,130)
w(219,14,6,130)
w(6,8,6,130)
w(183,7,6,130)
r(351,7,6,130)
w(62,3,1,131)
w(59,2,1,131)
w(333,3,1,131)
r(61,9,5,132)
w(240,15,5,132)
r(276,11,5,132)
r(290,14,5,132)
r(233,5,5,132)
r(295,11,5,132)
r(3,3,5,132)
r(148,6,5,132)
r(359,6,5,132)
r(156,3,5,132)
w(106,5,5,132)
r(73,11,5,132)
w(31,15,5,132)
w(206,4,5,132)
w(73,5,5,132)
r(337,11,5,132)
w(311,8,5,132)
r(345,8,5,132)
w(261,20,5,132)
r(184,1,5,132)
w(207,17,5,132)
r(359,6,5,132)
w(86,5,5,132)
w(127,14,5,132)
w(51,20,5,132)
w(310,9,5,132)
w(263,5,5,132)
r(32,5,5,132)
r(153,2,6,133)
w(159,15,6,133)
r(308,20,6,133)
w(309,15,6,133)
w(125,7,6,133)
r(246,9,6,133)
r(336,12,6,133)
r(302,12,6,133)
r(355,2,6,133)
w(142,20,6,133)
w(45,14,6,133)
w(333,7,6,133)
w(216,18,6,133)
w(189,5,6,133)
w(321,7,6,133)
w(22,17,6,133)
w(308,10,6,133)
w(264,17,6,133)
w(14,22,6,133)
w(309,14,6,133)
r(92,2,6,133)
r(190,7,6,133)
r(348,17,6,133)
r(169,2,6,133)
r(260,8,6,133)
w(47,12,6,133)
w(291,8,6,133)
r(274,4,6,133)
w(349,14,6,133)
w(338,12,6,133)
w(134,20,6,133)
w(148,20,6,133)
w(26,12,6,133)
w(7,7,6,133)
w(314,14,6,133)
r(255,8,6,133)
r(4,8,6,133)
r(131,11,6,133)
r(129,6,6,133)
w(140,20,6,133)
r(164,13,6,133)
r(298,3,6,133)
w(56,14,6,133)
w(197,20,6,133)
w(239,12,6,133)
r(269,9,6,134)
r(317,12,6,134)
r(79,3,6,134)
w(274,25,6,134)
w(163,9,6,134)
r(91,6,6,134)
r(319,3,6,134)
w(18,7,6,134)
w(80,20,6,134)
w(97,20,6,134)
r(195,9,6,134)
r(147,9,6,134)
w(57,12,6,134)
w(182,20,6,134)
w(162,15,6,134)
w(135,12,6,134)
w(217,12,6,134)
r(193,13,6,134)
w(240,20,6,134)
r(287,15,6,134)
r(271,16,6,134)
r(129,6,6,134)
w(288,5,6,134)
r(13,20,6,134)
w(181,7,6,134)
r(161,1,6,134)
w(134,17,6,134)
r(304,5,6,134)
w(248,15,6,134)
w(18,15,6,134)
w(23,20,6,134)
w(312,17,6,134)
r(3,3,6,134)
w(306,21,6,134)
w(173,10,6,134)
r(27,6,6,134)
w(324,15,6,134)
w(354,5,6,134)
w(288,7,6,134)
r(85,13,6,134)
r(336,12,6,134)
r(253,4,6,134)
w(121,12,6,134)
w(62,17,6,134)
r(111,1,6,134)
w(1,17,6,134)
r(33,9,6,134)
r(167,14,6,134)
w(185,21,6,134)
w(72,16,6,134)
r(60,1,6,135)
w(21,12,6,135)
r(158,4,6,135)
r(216,17,6,135)
w(185,22,6,135)
r(194,6,6,135)
r(351,8,6,135)
w(67,20,6,135)
r(96,12,6,135)
r(307,11,6,135)
r(259,8,6,135)
r(234,8,6,135)
w(153,20,6,135)
r(107,9,6,135)
w(212,18,6,135)
r(14,13,6,135)
r(66,9,6,135)
r(130,11,6,135)
w(11,18,6,135)
w(47,5,6,135)
w(309,20,6,135)
w(332,20,6,135)
w(154,16,6,135)
w(175,12,6,135)
w(280,17,6,135)
w(20,19,6,135)
w(348,18,6,135)
r(186,17,6,135)
r(257,15,6,135)
r(231,13,6,135)
r(248,15,6,135)
w(306,22,6,135)
r(153,20,6,135)
w(65,7,6,135)
r(280,17,6,135)
w(141,7,6,135)
w(58,10,6,135)
w(107,5,6,135)
w(227,20,6,135)
r(312,17,6,135)
w(183,15,6,135)
r(221,3,6,135)
r(283,14,6,135)
w(171,7,6,135)
w(164,18,6,135)
w(98,18,6,135)
w(257,17,6,135)
r(305,8,6,135)
w(9,20,6,135)
w(97,17,6,135)
w(263,18,6,136)
w(113,17,6,136)
r(194,6,6,136)
w(203,17,6,136)
r(176,17,6,136)
r(297,13,6,136)
w(341,5,6,136)
w(333,15,6,136)
r(257,17,6,136)
r(306,22,6,136)
r(65,7,6,136)
w(250,15,6,136)
w(193,8,6,136)
w(128,20,6,136)
w(359,7,6,136)
r(212,18,6,136)
w(317,5,6,136)
r(275,13,6,136)
w(228,16,6,136)
r(112,11,6,136)
r(68,6,6,136)
r(184,1,6,136)
r(206,3,6,136)
r(3,3,6,136)
r(39,8,6,136)
w(275,15,6,136)
r(90,13,6,136)
w(81,18,6,136)
r(238,2,6,136)
r(81,18,6,136)
r(128,20,6,136)
r(16,2,6,136)
r(310,1,6,136)
w(15,17,6,136)
r(90,13,6,136)
r(161,1,6,136)
r(194,6,6,136)
w(47,7,6,136)
w(134,18,6,136)
w(20,21,6,136)
w(189,7,6,136)
w(313,17,6,136)
r(191,1,6,136)
r(166,8,6,136)
r(115,13,6,136)
w(343,14,6,136)
r(78,8,6,136)
w(2,12,6,136)
r(30,9,6,136)
w(232,17,6,136)
