w(1,1,0,0)
w(2,1,0,0)
w(3,1,0,0)
w(4,1,0,0)
w(5,1,0,0)
w(6,1,0,0)
w(7,1,0,0)
w(8,1,0,0)
w(9,1,0,0)
w(10,1,0,0)
w(11,1,0,0)
w(12,1,0,0)
w(13,1,0,0)
w(14,1,0,0)
w(15,1,0,0)
w(16,1,0,0)
w(17,1,0,0)
w(18,1,0,0)
w(19,1,0,0)
w(20,1,0,0)
w(21,1,0,0)
w(22,1,0,0)
w(23,1,0,0)
w(24,1,0,0)
w(25,1,0,0)
w(26,1,0,0)
w(27,1,0,0)
w(28,1,0,0)
w(29,1,0,0)
w(30,1,0,0)
w(31,1,0,0)
w(32,1,0,0)
w(33,1,0,0)
w(34,1,0,0)
w(35,1,0,0)
w(36,1,0,0)
w(37,1,0,0)
w(38,1,0,0)
w(39,1,0,0)
w(40,1,0,0)
w(41,1,0,0)
w(42,1,0,0)
w(43,1,0,0)
w(44,1,0,0)
w(45,1,0,0)
w(46,1,0,0)
w(47,1,0,0)
w(48,1,0,0)
w(49,1,0,0)
w(50,1,0,0)
w(51,1,0,0)
w(52,1,0,0)
w(53,1,0,0)
w(54,1,0,0)
w(55,1,0,0)
w(56,1,0,0)
w(57,1,0,0)
w(58,1,0,0)
w(59,1,0,0)
w(60,1,0,0)
w(61,1,0,0)
w(62,1,0,0)
w(63,1,0,0)
w(64,1,0,0)
w(65,1,0,0)
w(66,1,0,0)
w(67,1,0,0)
w(68,1,0,0)
w(69,1,0,0)
w(70,1,0,0)
w(71,1,0,0)
w(72,1,0,0)
w(73,1,0,0)
w(74,1,0,0)
w(75,1,0,0)
w(76,1,0,0)
w(77,1,0,0)
w(78,1,0,0)
w(79,1,0,0)
w(80,1,0,0)
w(81,1,0,0)
w(82,1,0,0)
w(83,1,0,0)
w(84,1,0,0)
w(85,1,0,0)
w(86,1,0,0)
w(87,1,0,0)
w(88,1,0,0)
w(89,1,0,0)
w(90,1,0,0)
w(91,1,0,0)
w(92,1,0,0)
w(93,1,0,0)
w(94,1,0,0)
w(95,1,0,0)
w(96,1,0,0)
w(97,1,0,0)
w(98,1,0,0)
w(99,1,0,0)
w(100,1,0,0)
w(101,1,0,0)
w(102,1,0,0)
w(103,1,0,0)
w(104,1,0,0)
w(105,1,0,0)
w(106,1,0,0)
w(107,1,0,0)
w(108,1,0,0)
w(109,1,0,0)
w(110,1,0,0)
w(111,1,0,0)
w(112,1,0,0)
w(113,1,0,0)
w(114,1,0,0)
w(115,1,0,0)
w(116,1,0,0)
w(117,1,0,0)
w(118,1,0,0)
w(119,1,0,0)
w(120,1,0,0)
w(121,1,0,0)
w(122,1,0,0)
w(123,1,0,0)
w(124,1,0,0)
w(125,1,0,0)
w(126,1,0,0)
w(127,1,0,0)
w(128,1,0,0)
w(129,1,0,0)
w(130,1,0,0)
w(131,1,0,0)
w(132,1,0,0)
w(133,1,0,0)
w(134,1,0,0)
w(135,1,0,0)
w(136,1,0,0)
w(137,1,0,0)
w(138,1,0,0)
w(139,1,0,0)
w(140,1,0,0)
w(141,1,0,0)
w(142,1,0,0)
w(143,1,0,0)
w(144,1,0,0)
w(145,1,0,0)
w(146,1,0,0)
w(147,1,0,0)
w(148,1,0,0)
w(149,1,0,0)
w(150,1,0,0)
w(151,1,0,0)
w(152,1,0,0)
w(153,1,0,0)
w(154,1,0,0)
w(155,1,0,0)
w(156,1,0,0)
w(157,1,0,0)
w(158,1,0,0)
w(159,1,0,0)
w(160,1,0,0)
w(161,1,0,0)
w(162,1,0,0)
w(163,1,0,0)
w(164,1,0,0)
w(165,1,0,0)
w(166,1,0,0)
w(167,1,0,0)
w(168,1,0,0)
w(169,1,0,0)
w(170,1,0,0)
w(171,1,0,0)
w(172,1,0,0)
w(173,1,0,0)
w(174,1,0,0)
w(175,1,0,0)
w(176,1,0,0)
w(177,1,0,0)
w(178,1,0,0)
w(179,1,0,0)
w(180,1,0,0)
w(181,1,0,0)
w(182,1,0,0)
w(183,1,0,0)
w(184,1,0,0)
w(185,1,0,0)
w(186,1,0,0)
w(187,1,0,0)
w(188,1,0,0)
w(189,1,0,0)
w(190,1,0,0)
w(191,1,0,0)
w(192,1,0,0)
w(193,1,0,0)
w(194,1,0,0)
w(195,1,0,0)
w(196,1,0,0)
w(197,1,0,0)
w(198,1,0,0)
w(199,1,0,0)
w(200,1,0,0)
w(201,1,0,0)
w(202,1,0,0)
w(203,1,0,0)
w(204,1,0,0)
w(205,1,0,0)
w(206,1,0,0)
w(207,1,0,0)
w(208,1,0,0)
w(209,1,0,0)
w(210,1,0,0)
w(211,1,0,0)
w(212,1,0,0)
w(213,1,0,0)
w(214,1,0,0)
w(215,1,0,0)
w(216,1,0,0)
w(217,1,0,0)
w(218,1,0,0)
w(219,1,0,0)
w(220,1,0,0)
w(221,1,0,0)
w(222,1,0,0)
w(223,1,0,0)
w(224,1,0,0)
w(225,1,0,0)
w(226,1,0,0)
w(227,1,0,0)
w(228,1,0,0)
w(229,1,0,0)
w(230,1,0,0)
w(231,1,0,0)
w(232,1,0,0)
w(233,1,0,0)
w(234,1,0,0)
w(235,1,0,0)
w(236,1,0,0)
w(237,1,0,0)
w(238,1,0,0)
w(239,1,0,0)
w(240,1,0,0)
w(241,1,0,0)
w(242,1,0,0)
w(243,1,0,0)
w(244,1,0,0)
w(245,1,0,0)
w(246,1,0,0)
w(247,1,0,0)
w(248,1,0,0)
w(249,1,0,0)
w(250,1,0,0)
w(251,1,0,0)
w(252,1,0,0)
w(253,1,0,0)
w(254,1,0,0)
w(255,1,0,0)
w(256,1,0,0)
w(257,1,0,0)
w(258,1,0,0)
w(259,1,0,0)
w(260,1,0,0)
w(261,1,0,0)
w(262,1,0,0)
w(263,1,0,0)
w(264,1,0,0)
w(265,1,0,0)
w(266,1,0,0)
w(267,1,0,0)
w(268,1,0,0)
w(269,1,0,0)
w(270,1,0,0)
w(271,1,0,0)
w(272,1,0,0)
w(273,1,0,0)
w(274,1,0,0)
w(275,1,0,0)
w(276,1,0,0)
w(277,1,0,0)
w(278,1,0,0)
w(279,1,0,0)
w(280,1,0,0)
w(281,1,0,0)
w(282,1,0,0)
w(283,1,0,0)
w(284,1,0,0)
w(285,1,0,0)
w(286,1,0,0)
w(287,1,0,0)
w(288,1,0,0)
w(289,1,0,0)
w(290,1,0,0)
w(291,1,0,0)
w(292,1,0,0)
w(293,1,0,0)
w(294,1,0,0)
w(295,1,0,0)
w(296,1,0,0)
w(297,1,0,0)
w(298,1,0,0)
w(299,1,0,0)
w(300,1,0,0)
w(301,1,0,0)
w(302,1,0,0)
w(303,1,0,0)
w(304,1,0,0)
w(305,1,0,0)
w(306,1,0,0)
w(307,1,0,0)
w(308,1,0,0)
w(309,1,0,0)
w(310,1,0,0)
w(311,1,0,0)
w(312,1,0,0)
w(313,1,0,0)
w(314,1,0,0)
w(315,1,0,0)
w(316,1,0,0)
w(317,1,0,0)
w(318,1,0,0)
w(319,1,0,0)
w(320,1,0,0)
w(321,1,0,0)
w(322,1,0,0)
w(323,1,0,0)
w(324,1,0,0)
w(325,1,0,0)
w(326,1,0,0)
w(327,1,0,0)
w(328,1,0,0)
w(329,1,0,0)
w(330,1,0,0)
w(331,1,0,0)
w(332,1,0,0)
w(333,1,0,0)
w(334,1,0,0)
w(335,1,0,0)
w(336,1,0,0)
w(337,1,0,0)
w(338,1,0,0)
w(339,1,0,0)
w(340,1,0,0)
w(341,1,0,0)
w(342,1,0,0)
w(343,1,0,0)
w(344,1,0,0)
w(345,1,0,0)
w(346,1,0,0)
w(347,1,0,0)
w(348,1,0,0)
w(349,1,0,0)
w(350,1,0,0)
w(351,1,0,0)
w(352,1,0,0)
w(353,1,0,0)
w(354,1,0,0)
w(355,1,0,0)
w(356,1,0,0)
w(357,1,0,0)
w(358,1,0,0)
w(359,1,0,0)
w(360,1,0,0)
w(318,2,1,1)
w(284,2,1,1)
r(80,1,1,1)
r(93,1,1,1)
w(335,2,1,1)
r(339,1,1,1)
w(351,2,1,1)
r(235,1,1,1)
r(201,1,1,1)
w(237,2,1,1)
w(42,2,1,1)
r(237,2,1,1)
w(319,2,1,1)
r(261,1,1,1)
r(114,1,1,1)
r(107,1,1,1)
w(266,2,1,1)
w(204,2,1,1)
r(85,1,1,1)
w(293,2,1,1)
w(355,2,1,1)
w(244,2,1,1)
w(341,2,1,1)
r(142,1,1,1)
r(190,1,1,1)
w(251,2,1,1)
w(265,2,1,1)
r(185,1,1,1)
r(197,1,1,1)
w(125,2,1,1)
r(178,1,2,2)
w(259,6,2,2)
r(24,1,2,2)
w(129,7,2,2)
w(102,7,2,2)
w(311,7,2,2)
w(348,2,2,2)
w(111,2,2,2)
r(235,1,2,2)
r(136,1,2,2)
r(155,1,2,2)
r(305,1,2,2)
w(298,4,2,2)
r(15,1,2,2)
w(245,8,2,2)
w(313,2,2,2)
w(327,2,2,2)
w(67,2,2,2)
r(187,1,2,2)
w(352,4,2,2)
r(11,1,2,2)
w(322,7,2,2)
r(208,1,2,2)
w(127,8,2,2)
w(254,7,2,2)
r(109,1,2,2)
w(80,4,2,2)
r(33,4,2,2)
r(146,1,2,2)
w(336,2,2,2)
w(66,4,3,3)
r(142,1,3,3)
r(105,1,3,3)
r(224,1,3,3)
w(54,8,3,3)
r(72,1,3,3)
w(240,8,3,3)
r(251,2,3,3)
w(56,2,3,3)
r(222,1,3,3)
w(338,4,3,3)
w(341,6,3,3)
r(360,1,3,3)
r(208,1,3,3)
r(284,2,3,3)
w(203,5,4,4)
r(252,1,4,4)
r(178,1,4,4)
r(274,1,4,4)
w(298,5,4,4)
r(64,1,4,4)
r(103,1,4,4)
r(288,1,4,4)
r(105,1,4,4)
w(231,2,4,4)
r(183,1,4,4)
w(209,8,4,4)
r(134,1,4,4)
w(81,8,4,4)
w(96,8,4,4)
r(41,1,4,4)
r(110,1,4,4)
r(160,1,4,4)
r(331,1,4,4)
w(67,6,4,4)
w(294,2,4,4)
w(149,4,4,4)
w(67,3,4,4)
w(33,4,4,4)
w(339,8,4,4)
w(31,3,4,4)
w(271,6,4,4)
w(57,3,4,4)
r(327,1,4,4)
r(176,1,4,4)
r(205,1,5,5)
w(317,6,5,5)
w(152,3,5,5)
w(67,9,5,5)
r(307,1,5,5)
r(270,1,5,5)
w(182,8,5,5)
r(345,1,5,5)
r(1,1,5,5)
w(278,6,5,5)
r(116,1,5,5)
r(176,1,6,6)
w(150,11,6,6)
r(85,1,6,6)
w(56,7,6,6)
r(235,1,6,6)
r(45,1,6,6)
r(221,1,6,6)
w(285,3,6,6)
r(352,1,6,6)
r(274,1,6,6)
w(206,2,1,7)
w(243,2,1,7)
w(199,2,1,7)
w(62,2,1,7)
r(57,3,1,7)
w(169,2,1,7)
w(117,2,1,7)
r(222,1,1,7)
r(83,1,1,7)
w(14,2,1,7)
w(17,4,1,7)
r(294,2,1,7)
w(232,2,1,7)
r(97,1,1,7)
w(245,2,1,7)
r(203,5,1,7)
r(256,1,1,7)
w(113,2,1,7)
r(161,1,1,7)
w(13,2,1,7)
w(104,2,1,7)
r(265,2,1,7)
w(4,2,1,7)
w(311,2,1,7)
w(46,2,1,7)
r(244,2,1,7)
w(32,2,1,7)
r(265,2,1,7)
w(162,2,1,7)
r(215,1,1,7)
r(316,1,2,8)
w(254,8,2,8)
r(102,7,2,8)
r(112,1,2,8)
w(331,4,2,8)
r(142,9,2,8)
w(196,6,2,8)
r(322,7,2,8)
w(342,2,2,8)
w(247,4,2,8)
w(163,7,2,8)
w(57,4,2,8)
w(166,3,2,8)
w(142,2,2,8)
r(253,1,2,8)
w(193,8,2,8)
r(46,2,2,8)
r(288,1,2,8)
w(54,4,2,8)
r(28,9,2,8)
w(314,8,2,8)
w(118,4,2,8)
r(186,1,2,8)
r(18,1,2,8)
w(324,8,2,8)
w(23,4,2,8)
w(325,2,2,8)
r(173,1,2,8)
r(70,1,2,8)
r(311,2,2,8)
w(309,8,3,9)
r(268,1,3,9)
w(140,2,3,9)
w(229,4,3,9)
r(29,1,3,9)
w(304,6,3,9)
w(21,8,3,9)
r(328,1,3,9)
r(229,4,3,9)
w(87,4,3,9)
w(304,3,3,9)
r(231,2,3,9)
r(219,1,3,9)
w(125,3,3,9)
w(53,7,3,9)
w(183,4,3,9)
w(69,7,3,9)
r(75,1,3,9)
r(34,1,3,9)
r(49,1,3,9)
w(224,6,3,9)
w(106,4,3,9)
r(236,1,3,9)
w(71,8,3,9)
r(182,1,3,9)
w(227,8,3,9)
r(323,1,3,9)
w(150,7,3,9)
w(178,4,3,9)
w(17,5,3,9)
w(172,7,4,10)
w(125,5,4,10)
r(56,1,4,10)
r(15,1,4,10)
w(195,6,4,10)
w(84,8,4,10)
w(27,6,4,10)
r(20,1,4,10)
r(347,1,4,10)
w(189,4,4,10)
r(286,1,4,10)
r(211,1,4,10)
r(112,1,4,10)
w(296,6,4,10)
w(237,8,4,10)
r(312,1,5,11)
w(234,7,5,11)
w(56,4,5,11)
r(308,1,5,11)
w(297,8,5,11)
w(337,3,5,11)
w(66,3,5,11)
w(148,7,5,11)
r(282,1,5,11)
w(95,7,5,11)
r(251,2,5,11)
r(281,1,5,11)
w(201,3,5,11)
w(17,9,5,11)
r(78,1,5,11)
w(245,5,5,11)
w(40,8,5,11)
w(357,9,5,11)
w(202,5,5,11)
r(263,1,5,11)
w(74,6,5,11)
r(303,1,5,11)
r(126,1,5,11)
w(54,3,5,11)
w(285,8,5,11)
r(275,1,5,11)
w(87,3,5,11)
w(196,10,5,11)
r(185,1,5,11)
w(11,3,6,12)
r(96,8,6,12)
w(212,3,6,12)
r(177,1,6,12)
r(53,1,6,12)
w(246,8,6,12)
w(143,12,6,12)
w(142,9,6,12)
w(58,13,6,12)
r(265,2,6,12)
w(165,6,6,12)
w(9,15,6,12)
r(153,1,6,12)
r(19,1,6,12)
w(332,8,6,12)
r(80,4,6,12)
w(125,13,6,12)
w(274,5,6,12)
w(28,9,6,12)
r(37,1,6,12)
r(168,13,6,12)
w(346,13,6,12)
r(160,1,6,12)
r(321,1,6,12)
r(44,1,6,12)
r(120,1,6,12)
w(330,3,6,12)
r(99,1,6,12)
w(98,13,6,12)
w(42,15,6,12)
r(212,3,1,13)
w(47,2,1,13)
w(300,2,1,13)
w(120,2,1,13)
r(64,1,1,13)
w(296,2,1,13)
w(77,2,1,13)
r(191,6,1,13)
r(139,4,1,13)
w(306,2,1,13)
w(97,2,1,13)
w(168,2,1,13)
w(103,2,1,13)
w(359,2,1,13)
r(186,4,1,13)
w(6,4,1,13)
r(255,1,1,13)
w(35,2,1,13)
w(253,2,1,13)
w(196,4,1,13)
w(9,2,1,13)
r(162,3,1,13)
w(350,7,1,13)
r(40,6,1,13)
r(197,3,1,13)
r(208,6,1,13)
r(53,3,1,13)
w(307,4,1,13)
w(338,2,1,13)
w(68,8,2,14)
w(263,4,2,14)
r(265,2,2,14)
r(131,3,2,14)
r(349,1,2,14)
w(72,2,2,14)
w(275,4,2,14)
r(221,1,2,14)
r(96,8,2,14)
r(120,8,2,14)
w(343,7,2,14)
r(142,2,2,14)
w(290,2,2,14)
r(109,4,2,14)
w(5,4,2,14)
w(299,7,2,14)
r(40,6,2,14)
r(12,1,2,14)
w(112,2,2,14)
r(340,1,2,14)
r(107,1,2,14)
r(154,1,2,14)
w(110,8,2,14)
w(134,7,2,14)
r(62,2,2,14)
w(96,2,2,14)
r(250,1,2,14)
r(40,6,2,14)
r(275,4,2,14)
w(60,7,2,14)
w(334,8,3,15)
r(166,3,3,15)
r(43,1,3,15)
w(167,2,3,15)
r(15,1,3,15)
w(328,8,3,15)
w(59,2,3,15)
w(267,6,3,15)
r(33,4,3,15)
r(116,6,3,15)
r(338,1,3,15)
w(232,7,3,15)
w(158,4,3,15)
r(155,1,3,15)
w(306,3,3,15)
r(47,6,3,15)
r(258,1,3,15)
w(232,8,3,15)
r(287,1,3,15)
r(279,1,3,15)
w(73,6,3,15)
r(16,1,3,15)
r(209,8,3,15)
r(31,3,3,15)
w(167,4,3,15)
w(92,7,3,15)
r(306,3,3,15)
w(354,7,3,15)
w(287,6,3,15)
r(46,2,3,15)
r(42,15,4,16)
w(126,6,4,16)
r(261,1,4,16)
w(291,13,4,16)
r(8,1,4,16)
w(120,8,4,16)
r(358,1,4,16)
r(7,1,4,16)
r(333,1,4,16)
w(102,10,4,16)
w(98,7,4,16)
r(203,5,4,16)
r(195,1,4,16)
w(9,3,4,16)
w(236,8,4,16)
w(169,6,4,16)
w(4,5,4,16)
r(323,1,4,16)
r(167,1,4,16)
r(258,1,4,16)
w(109,4,4,16)
r(63,1,4,16)
w(60,9,4,16)
r(197,1,4,16)
r(280,1,4,16)
r(49,1,4,16)
r(305,1,4,16)
r(210,1,4,16)
w(293,6,4,16)
w(335,9,4,16)
w(40,6,5,17)
w(238,6,5,17)
w(24,7,5,17)
r(250,1,5,17)
w(90,8,5,17)
w(283,13,5,17)
r(180,1,5,17)
w(9,5,5,17)
w(259,9,5,17)
r(37,1,5,17)
w(158,3,5,17)
w(314,5,5,17)
r(106,1,5,17)
w(168,13,5,17)
r(53,1,5,17)
w(47,6,5,17)
w(115,13,5,17)
w(144,6,5,17)
r(116,1,5,17)
w(131,3,5,17)
w(244,8,5,17)
r(271,6,5,17)
w(234,8,5,17)
r(357,1,5,17)
r(112,1,5,17)
w(122,8,5,17)
r(41,1,5,17)
w(116,6,5,17)
w(200,5,5,17)
w(346,5,5,17)
w(59,8,6,18)
w(80,3,6,18)
w(159,3,6,18)
r(108,1,6,18)
w(353,6,6,18)
w(106,8,6,18)
r(280,1,6,18)
w(321,6,6,18)
r(203,5,6,18)
r(193,8,6,18)
r(27,1,6,18)
r(114,5,6,18)
r(317,1,6,18)
r(39,7,6,18)
w(297,3,6,18)
r(322,7,6,18)
r(313,5,6,18)
r(247,4,6,18)
w(68,11,6,18)
r(128,1,6,18)
w(86,10,6,18)
r(161,6,6,18)
r(128,1,6,18)
w(233,8,6,18)
w(39,6,6,18)
w(130,6,6,18)
w(272,7,6,18)
w(127,11,6,18)
r(167,4,6,18)
w(286,8,6,18)
r(116,4,1,19)
w(214,2,1,19)
r(109,7,1,19)
w(95,2,1,19)
r(8,7,1,19)
r(290,7,1,19)
w(224,4,1,19)
w(337,4,1,19)
w(350,8,1,19)
r(303,6,1,19)
r(306,3,1,19)
w(270,2,1,19)
w(246,2,1,19)
r(228,3,1,19)
r(183,2,1,19)
r(51,4,1,19)
w(23,2,1,19)
w(157,4,1,19)
r(38,1,1,19)
w(14,4,1,19)
w(175,2,1,19)
r(208,6,1,19)
w(339,2,1,19)
r(235,1,1,19)
r(295,2,1,19)
r(256,6,1,19)
r(328,3,1,19)
w(214,4,1,19)
r(359,6,1,19)
w(259,4,1,19)
w(28,8,2,20)
r(121,1,2,20)
r(10,1,2,20)
w(44,2,2,20)
r(296,1,2,20)
w(26,2,2,20)
r(104,2,2,20)
r(257,1,2,20)
w(298,7,2,20)
w(31,7,2,20)
r(155,1,2,20)
w(29,4,2,20)
r(273,1,2,20)
w(254,6,2,20)
r(62,2,2,20)
r(68,8,2,20)
w(42,3,2,20)
r(129,7,2,20)
w(51,2,2,20)
r(94,1,2,20)
w(119,2,2,20)
r(342,2,2,20)
r(84,1,2,20)
w(260,2,2,20)
r(354,7,2,20)
w(52,4,2,20)
r(160,1,2,20)
w(123,2,2,20)
w(137,4,2,20)
w(304,4,2,20)
w(166,5,3,21)
w(208,7,3,21)
r(305,1,3,21)
r(331,4,3,21)
w(179,7,3,21)
w(287,3,3,21)
r(323,1,3,21)
r(334,8,3,21)
r(109,4,3,21)
w(150,8,3,21)
r(342,2,3,21)
w(117,8,3,21)
r(46,2,3,21)
r(211,1,3,21)
r(318,2,3,21)
w(296,7,3,21)
r(130,1,3,21)
r(118,4,3,21)
w(102,3,3,21)
w(318,6,3,21)
r(297,1,3,21)
w(206,7,3,21)
r(154,1,3,21)
r(10,1,3,21)
w(183,7,3,21)
w(180,5,3,21)
w(132,4,3,21)
r(188,1,3,21)
r(329,1,3,21)
w(131,7,3,21)
w(81,6,4,22)
r(32,2,4,22)
r(246,8,4,22)
r(93,1,4,22)
r(294,2,4,22)
w(136,6,4,22)
w(171,6,4,22)
r(220,1,4,22)
w(313,8,4,22)
w(170,4,4,22)
r(185,1,4,22)
r(315,1,4,22)
r(115,13,4,22)
w(53,6,4,22)
w(311,6,4,22)
r(85,1,4,22)
r(337,1,4,22)
w(88,8,4,22)
r(275,4,4,22)
w(356,7,4,22)
w(103,6,4,22)
r(66,1,4,22)
w(184,5,4,22)
r(165,6,4,22)
r(346,13,4,22)
r(10,1,4,22)
w(205,3,4,22)
w(221,4,4,22)
w(290,6,4,22)
r(65,1,4,22)
w(95,8,5,23)
r(125,2,5,23)
w(258,6,5,23)
r(263,1,5,23)
r(222,1,5,23)
r(253,1,5,23)
r(338,1,5,23)
r(312,1,5,23)
r(268,1,5,23)
r(234,8,5,23)
w(282,7,5,23)
w(17,13,5,23)
w(345,4,5,23)
w(102,12,5,23)
r(78,1,5,23)
r(26,1,5,23)
r(190,2,6,24)
w(190,5,6,24)
r(52,3,6,24)
w(330,5,6,24)
w(58,10,6,24)
w(37,4,6,24)
r(231,2,6,24)
r(6,1,6,24)
r(266,2,6,24)
r(9,13,6,24)
w(188,8,6,24)
w(97,9,6,24)
w(181,6,6,24)
w(284,5,6,24)
r(138,6,6,24)
r(100,5,6,24)
r(17,5,6,24)
w(343,11,6,24)
w(145,17,6,24)
r(243,6,6,24)
w(169,13,6,24)
w(128,8,6,24)
r(342,4,6,24)
w(213,11,6,24)
w(342,8,6,24)
w(145,18,6,24)
w(356,8,6,24)
r(152,6,6,24)
w(197,13,6,24)
r(103,3,6,24)
r(282,4,1,25)
r(336,7,1,25)
r(104,9,1,25)
w(145,2,1,25)
w(156,2,1,25)
w(99,2,1,25)
r(225,1,1,25)
w(319,4,1,25)
w(229,2,1,25)
w(204,4,1,25)
w(160,7,1,25)
r(165,6,1,25)
w(278,2,1,25)
r(349,1,1,25)
w(5,2,1,25)
r(95,2,1,25)
w(331,2,1,25)
r(45,6,1,25)
r(230,3,1,25)
w(240,2,1,25)
w(287,2,1,25)
w(263,2,1,25)
w(53,2,1,25)
r(174,1,1,25)
r(164,1,1,25)
r(348,7,1,25)
r(125,3,1,25)
w(318,4,1,25)
w(184,4,1,25)
w(127,2,1,25)
r(181,1,2,26)
w(134,8,2,26)
r(187,1,2,26)
w(215,8,2,26)
w(32,8,2,26)
r(223,1,2,26)
w(228,7,2,26)
w(255,4,2,26)
r(338,1,2,26)
r(202,1,2,26)
w(355,8,2,26)
w(343,8,2,26)
w(198,4,2,26)
w(202,2,2,26)
r(261,7,2,26)
w(182,4,2,26)
r(319,2,2,26)
r(280,1,2,26)
w(205,4,2,26)
r(196,6,2,26)
w(289,4,2,26)
w(137,7,2,26)
r(158,4,2,26)
w(202,4,2,26)
w(135,2,2,26)
w(325,4,2,26)
r(304,4,2,26)
w(58,7,2,26)
w(176,2,2,26)
r(77,1,3,27)
w(85,5,3,27)
r(139,4,3,27)
w(285,4,3,27)
r(344,1,3,27)
r(230,5,3,27)
w(42,9,3,27)
w(305,6,3,27)
w(11,7,3,27)
w(91,6,3,27)
w(51,4,3,27)
w(226,8,3,27)
w(290,7,3,27)
w(110,5,3,27)
w(45,6,3,27)
r(6,1,3,27)
r(124,1,3,27)
w(105,2,3,27)
w(1,2,3,27)
w(29,7,3,27)
w(342,4,3,27)
w(332,4,3,27)
r(329,9,3,27)
r(189,6,3,27)
w(284,8,3,27)
w(263,8,3,27)
w(276,6,3,27)
w(192,3,3,27)
w(347,7,3,27)
r(227,8,3,27)
r(110,8,4,28)
r(131,3,4,28)
w(99,5,4,28)
w(271,3,4,28)
w(150,3,4,28)
r(246,8,4,28)
r(183,4,4,28)
w(198,6,4,28)
r(256,1,4,28)
r(332,8,4,28)
r(326,1,4,28)
r(60,7,4,28)
w(269,8,4,28)
w(185,8,4,28)
w(90,4,4,28)
w(146,7,4,28)
w(67,5,4,28)
r(353,1,4,28)
r(305,1,4,28)
w(261,7,4,28)
r(180,1,4,28)
w(359,6,4,28)
w(256,8,4,28)
r(273,1,4,28)
r(114,1,4,28)
r(192,1,4,28)
w(8,7,4,28)
w(89,8,4,28)
r(324,8,4,28)
r(181,1,4,28)
w(111,8,5,29)
w(22,8,5,29)
w(352,6,5,29)
w(252,3,5,29)
r(212,3,5,29)
r(229,4,5,29)
w(222,5,5,29)
r(246,8,5,29)
r(124,1,5,29)
w(251,5,5,29)
w(145,16,5,29)
w(295,3,5,29)
w(79,7,5,29)
r(213,1,5,29)
r(76,1,5,29)
r(89,1,5,29)
r(74,1,5,29)
w(36,3,5,29)
r(105,1,5,29)
w(97,8,5,29)
w(156,6,5,29)
r(110,1,5,29)
w(239,7,5,29)
r(77,1,5,29)
r(71,8,5,29)
w(269,5,5,29)
r(149,4,5,29)
w(243,6,5,29)
r(19,1,5,29)
w(119,3,5,29)
w(330,9,6,30)
r(324,4,6,30)
w(174,8,6,30)
r(230,3,6,30)
w(288,5,6,30)
w(154,5,6,30)
w(203,10,6,30)
w(7,13,6,30)
w(122,6,6,30)
w(222,9,6,30)
r(160,7,6,30)
w(202,9,6,30)
w(164,16,6,30)
r(187,7,6,30)
r(303,6,6,30)
r(7,13,6,30)
w(326,3,6,30)
w(288,9,6,30)
r(297,3,6,30)
w(255,9,6,30)
w(33,10,6,30)
w(80,2,1,31)
w(175,4,1,31)
w(21,2,1,31)
w(259,7,1,31)
w(85,2,1,31)
r(247,4,1,31)
w(360,2,1,31)
r(105,2,1,31)
w(264,2,1,31)
r(338,7,1,31)
r(325,2,1,31)
r(100,5,1,31)
w(85,4,1,31)
r(187,7,1,31)
r(248,1,1,31)
w(168,4,1,31)
w(68,2,1,31)
r(218,1,1,31)
w(12,4,1,31)
w(315,2,1,31)
w(139,2,1,31)
r(111,6,1,31)
w(360,4,1,31)
w(324,2,1,31)
r(150,8,1,31)
w(38,4,1,31)
r(345,7,1,31)
r(37,1,1,31)
r(269,6,1,31)
w(113,4,1,31)
w(268,4,2,32)
r(48,1,2,32)
r(289,1,2,32)
w(132,2,2,32)
r(207,1,2,32)
w(210,4,2,32)
w(123,4,2,32)
r(99,5,2,32)
r(350,1,2,32)
r(45,1,2,32)
r(185,8,2,32)
w(269,2,2,32)
r(140,2,2,32)
r(170,7,3,33)
r(307,10,3,33)
w(184,6,3,33)
w(335,6,3,33)
w(93,4,3,33)
w(335,3,3,33)
r(6,1,3,33)
r(19,2,3,33)
r(96,5,3,33)
w(5,3,3,33)
w(186,8,3,33)
r(116,4,3,33)
w(222,8,3,33)
w(230,3,3,33)
r(301,5,3,33)
w(271,7,3,33)
r(78,1,3,33)
w(144,7,3,33)
r(21,9,3,33)
w(98,2,3,33)
w(84,7,3,33)
w(268,8,3,33)
r(39,6,3,33)
r(66,1,3,33)
r(212,4,3,33)
w(118,7,3,33)
w(203,7,3,33)
r(99,9,3,33)
w(337,7,3,33)
r(184,6,3,33)
w(281,6,4,34)
r(270,1,4,34)
w(146,8,4,34)
r(70,1,4,34)
w(169,3,4,34)
r(200,5,4,34)
r(268,1,4,34)
w(33,7,4,34)
w(142,6,4,34)
r(38,1,4,34)
w(301,8,4,34)
w(283,5,4,34)
r(315,5,4,34)
r(88,8,4,34)
r(227,8,4,34)
r(345,1,4,34)
r(236,8,4,34)
w(330,7,4,34)
r(260,2,4,34)
r(234,8,4,34)
r(121,1,4,34)
r(141,1,4,34)
w(81,3,4,34)
w(294,4,4,34)
r(134,7,4,34)
r(183,7,4,34)
w(346,8,4,34)
r(50,1,4,34)
w(282,4,4,34)
r(255,1,4,34)
r(128,1,5,35)
w(315,5,5,35)
w(314,9,5,35)
w(305,5,5,35)
r(268,1,5,35)
r(156,6,5,35)
w(101,8,5,35)
r(340,1,5,35)
r(114,1,5,35)
w(288,8,5,35)
w(84,5,5,35)
w(107,6,5,35)
w(98,6,5,35)
r(210,1,5,35)
w(331,6,5,35)
w(111,6,5,35)
w(228,3,5,35)
w(120,3,5,35)
w(36,5,5,35)
w(25,8,5,35)
r(231,2,5,35)
w(191,6,5,35)
r(219,1,5,35)
r(92,7,5,35)
w(52,6,5,35)
w(161,6,5,35)
w(159,7,5,35)
w(175,3,5,35)
r(10,1,5,35)
w(308,6,5,35)
r(105,2,6,36)
w(334,9,6,36)
r(151,1,6,36)
w(154,9,6,36)
w(44,6,6,36)
w(334,2,1,37)
r(250,1,1,37)
w(324,4,1,37)
r(275,4,1,37)
w(189,2,1,37)
w(3,2,1,37)
w(7,2,1,37)
r(156,2,1,37)
r(120,6,1,37)
r(163,8,1,37)
w(301,2,1,37)
r(112,2,1,37)
r(147,1,1,37)
r(194,3,1,37)
w(304,2,1,37)
w(168,7,1,37)
w(314,4,1,37)
w(280,2,1,37)
w(197,4,1,37)
w(343,2,1,37)
w(268,2,1,37)
r(242,1,1,37)
r(175,4,1,37)
w(305,4,1,37)
r(182,1,1,37)
w(253,4,1,37)
w(335,4,1,37)
r(321,6,1,37)
w(322,2,1,37)
w(354,2,1,37)
w(307,7,2,38)
w(120,4,2,38)
w(207,2,2,38)
w(68,6,2,38)
w(184,8,2,38)
r(182,1,2,38)
r(327,2,2,38)
r(209,8,2,38)
r(334,8,2,38)
r(59,2,2,38)
w(183,2,2,38)
w(186,4,2,38)
r(10,1,2,38)
w(19,2,2,38)
w(276,7,2,38)
r(61,1,2,38)
w(7,4,2,38)
w(192,7,2,38)
r(211,1,2,38)
w(93,2,2,38)
w(346,2,2,38)
r(99,5,2,38)
r(141,1,2,38)
r(16,1,2,38)
w(87,2,2,38)
w(46,4,2,38)
r(205,3,2,38)
r(302,1,2,38)
r(38,1,2,38)
w(309,4,2,38)
w(350,3,3,39)
w(324,3,3,39)
r(318,4,3,39)
w(280,7,3,39)
r(188,1,3,39)
w(195,7,3,39)
r(123,8,3,39)
r(200,5,3,39)
r(252,3,3,39)
w(190,2,3,39)
r(293,3,3,39)
r(62,2,3,39)
w(338,7,3,39)
r(225,1,3,39)
r(312,1,3,39)
r(337,7,3,39)
r(172,6,3,39)
r(27,1,3,39)
w(290,8,3,39)
r(357,1,3,39)
w(347,8,3,39)
w(281,4,3,39)
r(100,5,3,39)
r(106,8,3,39)
w(165,7,3,39)
w(235,4,3,39)
r(244,8,3,39)
w(168,3,3,39)
r(292,3,3,39)
w(89,7,3,39)
w(177,8,4,40)
r(234,8,4,40)
w(75,8,4,40)
w(173,8,4,40)
w(103,3,4,40)
w(261,8,4,40)
w(208,6,4,40)
w(330,8,4,40)
r(141,1,4,40)
r(26,2,4,40)
r(93,1,4,40)
w(336,7,4,40)
r(95,1,4,40)
w(100,3,4,40)
w(83,6,4,40)
r(298,7,4,40)
w(87,8,4,40)
w(145,15,4,40)
w(152,6,4,40)
r(248,1,4,40)
w(256,6,4,40)
r(246,8,4,40)
r(227,8,4,40)
w(113,5,4,40)
w(265,8,4,40)
w(269,6,4,40)
r(245,2,4,40)
r(178,4,4,40)
r(330,8,4,40)
w(229,8,4,40)
r(196,6,5,41)
r(275,4,5,41)
w(283,10,5,41)
w(150,13,5,41)
w(123,6,5,41)
w(131,5,5,41)
r(116,6,5,41)
r(17,5,5,41)
w(310,5,5,41)
r(52,6,5,41)
r(160,1,5,41)
w(57,9,5,41)
w(17,10,5,41)
w(74,3,5,41)
r(148,1,5,41)
w(63,8,5,41)
w(305,9,5,41)
w(277,6,5,41)
w(208,5,5,41)
w(98,3,5,41)
r(31,7,5,41)
r(176,1,5,41)
w(44,7,5,41)
w(263,3,5,41)
r(344,1,6,42)
w(24,3,6,42)
r(81,2,6,42)
w(170,3,6,42)
w(207,8,6,42)
r(220,1,6,42)
w(126,9,6,42)
r(157,8,6,42)
w(101,9,6,42)
w(20,8,6,42)
w(134,13,6,42)
w(291,12,6,42)
w(128,6,6,42)
r(99,10,6,42)
w(11,5,6,42)
w(136,3,6,42)
r(112,2,6,42)
r(184,4,6,42)
r(298,7,6,42)
w(218,5,6,42)
w(239,5,6,42)
w(182,3,6,42)
w(90,9,6,42)
w(350,15,6,42)
w(83,13,6,42)
w(356,6,6,42)
r(32,2,6,42)
r(281,2,6,42)
r(135,8,6,42)
w(75,5,6,42)
w(303,2,1,43)
w(68,4,1,43)
w(108,2,1,43)
r(279,7,1,43)
w(212,2,1,43)
w(185,2,1,43)
r(29,7,1,43)
r(184,4,1,43)
r(242,1,1,43)
w(38,7,1,43)
w(193,7,1,43)
w(155,2,1,43)
r(304,2,1,43)
w(42,8,1,43)
w(230,4,1,43)
w(42,6,1,43)
w(85,7,1,43)
r(174,1,1,43)
w(90,2,1,43)
w(66,2,1,43)
w(131,2,1,43)
w(315,4,1,43)
r(190,1,2,44)
w(274,4,2,44)
r(157,1,2,44)
r(262,1,2,44)
r(22,8,2,44)
w(290,4,2,44)
w(206,4,2,44)
w(224,8,2,44)
w(204,8,2,44)
r(316,1,2,44)
w(328,7,2,44)
w(295,2,2,44)
r(350,1,2,44)
r(156,6,2,44)
r(38,1,2,44)
r(341,2,2,44)
w(222,2,2,44)
w(226,2,2,44)
r(266,2,2,44)
r(130,1,2,44)
r(77,1,2,44)
r(216,1,2,44)
w(2,4,2,44)
r(293,6,2,44)
r(354,7,2,44)
r(251,5,2,44)
w(259,3,2,44)
w(61,7,2,44)
r(74,1,2,44)
w(316,7,2,44)
r(158,7,3,45)
r(38,4,3,45)
w(240,6,3,45)
w(124,7,3,45)
r(24,7,3,45)
r(209,6,3,45)
w(195,8,3,45)
r(68,2,3,45)
w(201,7,3,45)
w(113,8,3,45)
r(52,3,3,45)
r(237,2,3,45)
r(214,4,3,45)
r(112,2,3,45)
w(13,6,3,45)
r(62,2,3,45)
w(53,8,3,45)
r(123,8,3,45)
w(164,3,3,45)
r(61,7,3,45)
w(359,8,3,45)
w(336,4,3,45)
r(298,7,3,45)
w(214,6,3,45)
w(302,6,3,45)
w(117,6,3,45)
r(96,5,3,45)
w(135,8,3,45)
w(161,8,3,45)
r(103,3,3,45)
r(169,3,4,46)
w(4,9,4,46)
r(50,1,4,46)
w(223,7,4,46)
w(175,8,4,46)
w(263,6,4,46)
r(326,1,4,46)
r(65,1,4,46)
r(18,1,4,46)
r(131,7,4,46)
r(256,6,4,46)
r(209,8,4,46)
w(281,3,4,46)
w(114,5,4,46)
w(53,3,4,46)
w(99,9,4,46)
r(266,2,4,46)
w(120,6,4,46)
r(279,13,4,46)
w(123,8,4,46)
w(116,4,4,46)
w(307,10,4,46)
w(139,4,4,46)
w(230,5,4,46)
w(10,4,4,46)
w(39,7,4,46)
w(73,9,4,46)
r(14,2,4,46)
r(147,1,4,46)
r(246,8,4,46)
w(139,7,5,47)
r(190,1,5,47)
r(268,1,5,47)
w(267,10,5,47)
w(348,7,5,47)
r(40,6,5,47)
w(314,13,5,47)
r(171,6,5,47)
w(119,5,5,47)
r(124,1,5,47)
r(278,1,5,47)
w(236,3,5,47)
w(76,7,5,47)
w(158,5,5,47)
w(351,3,5,47)
r(175,3,5,47)
w(292,3,5,47)
w(329,9,5,47)
r(9,3,5,47)
r(220,1,5,47)
w(311,9,5,47)
w(197,6,5,47)
w(331,3,5,47)
w(143,9,5,47)
r(325,2,5,47)
w(279,13,5,47)
w(303,6,5,47)
r(85,1,5,47)
w(281,5,5,47)
w(327,7,5,47)
r(189,2,6,48)
r(14,8,6,48)
r(146,4,6,48)
w(132,6,6,48)
w(243,3,6,48)
w(254,3,6,48)
w(236,10,6,48)
w(52,10,6,48)
r(351,3,6,48)
r(164,11,6,48)
r(225,1,6,48)
r(356,6,6,48)
r(273,6,6,48)
w(35,5,6,48)
w(26,3,6,48)
r(308,6,6,48)
w(94,10,6,48)
r(133,6,6,48)
w(283,12,6,48)
w(64,6,6,48)
w(315,9,6,48)
w(209,5,6,48)
w(50,7,6,48)
r(326,1,6,48)
w(260,6,6,48)
w(177,5,6,48)
r(105,2,6,48)
r(153,2,6,48)
r(152,4,6,48)
r(202,1,6,48)
r(281,8,1,49)
w(303,4,1,49)
w(241,2,1,49)
r(51,8,1,49)
w(213,2,1,49)
w(164,4,1,49)
w(41,2,1,49)
r(61,7,1,49)
w(166,4,1,49)
r(112,2,1,49)
w(219,2,1,49)
r(59,7,1,49)
r(23,6,1,49)
w(34,8,1,49)
w(92,2,1,49)
w(228,2,1,49)
r(227,6,1,49)
w(281,2,1,49)
r(204,3,1,49)
w(163,4,1,49)
w(195,2,1,49)
w(61,4,1,49)
w(218,2,1,49)
r(209,6,1,49)
r(144,7,1,49)
r(10,3,1,49)
w(283,2,1,49)
w(153,2,1,49)
r(96,5,1,49)
r(129,5,1,49)
r(355,2,2,50)
w(279,4,2,50)
w(195,4,2,50)
w(180,3,2,50)
w(262,2,2,50)
w(323,8,2,50)
w(146,4,2,50)
w(310,8,2,50)
r(40,6,2,50)
r(232,8,2,50)
w(320,2,2,50)
r(61,7,2,50)
r(167,4,2,50)
r(7,4,2,50)
r(264,1,2,50)
w(291,7,2,50)
r(328,3,2,50)
r(190,1,2,50)
r(180,3,2,50)
r(352,6,2,50)
r(189,6,2,50)
w(279,7,2,50)
r(6,1,2,50)
r(294,4,2,50)
r(199,2,2,50)
w(71,7,2,50)
r(227,8,2,50)
w(314,6,2,50)
w(193,6,2,50)
r(306,3,2,50)
w(119,8,3,51)
r(156,2,3,51)
r(258,3,3,51)
r(212,4,3,51)
w(21,6,3,51)
w(329,8,3,51)
r(241,1,3,51)
r(255,1,3,51)
w(227,6,3,51)
w(204,3,3,51)
r(251,5,3,51)
w(60,5,3,51)
r(133,1,3,51)
r(238,7,3,51)
r(198,6,3,51)
r(234,8,3,51)
w(102,5,3,51)
r(330,5,3,51)
r(189,2,3,51)
r(38,4,3,51)
r(3,2,3,51)
w(206,8,3,51)
r(292,3,3,51)
w(281,7,3,51)
r(236,3,3,51)
w(186,3,3,51)
r(146,4,3,51)
r(282,4,3,51)
w(22,7,3,51)
w(48,2,3,51)
w(322,5,4,52)
w(1,4,4,52)
r(332,8,4,52)
w(346,6,4,52)
w(214,5,4,52)
w(86,6,4,52)
r(341,9,4,52)
r(248,1,4,52)
r(140,2,4,52)
r(356,7,4,52)
w(158,7,4,52)
w(50,2,4,52)
w(317,7,4,52)
w(97,7,4,52)
w(268,6,4,52)
w(129,11,4,52)
r(42,3,4,52)
r(117,8,4,52)
r(183,2,4,52)
r(298,7,4,52)
r(36,5,4,52)
r(184,8,4,52)
r(318,6,4,52)
r(261,8,4,52)
r(310,1,4,52)
r(112,2,4,52)
w(267,9,4,52)
w(82,6,4,52)
r(48,1,4,52)
w(212,4,4,52)
r(2,4,5,53)
r(182,1,5,53)
w(341,9,5,53)
r(138,1,5,53)
r(111,6,5,53)
w(197,3,5,53)
w(86,5,5,53)
r(57,4,5,53)
w(328,3,5,53)
r(108,1,5,53)
r(285,1,5,53)
r(262,1,5,53)
w(189,6,5,53)
w(172,6,5,53)
w(107,3,5,53)
w(270,3,5,53)
w(146,6,5,53)
w(288,6,5,53)
r(355,2,5,53)
r(239,7,5,53)
w(44,8,5,53)
w(148,8,5,53)
w(301,5,5,53)
r(7,4,5,53)
r(23,4,5,53)
w(187,7,5,53)
w(163,8,5,53)
w(143,13,5,53)
w(313,5,5,53)
r(211,1,5,53)
r(331,7,6,54)
r(171,7,6,54)
w(127,12,6,54)
w(184,13,6,54)
w(56,6,6,54)
r(38,4,6,54)
r(50,7,6,54)
w(159,5,6,54)
w(38,13,6,54)
r(138,6,6,54)
r(130,6,6,54)
r(319,7,6,54)
r(166,7,6,54)
w(182,5,6,54)
w(24,5,6,54)
w(345,6,6,54)
w(9,16,6,54)
r(309,9,6,54)
w(356,3,6,54)
w(315,13,6,54)
w(127,16,6,54)
r(245,4,6,54)
r(35,5,6,54)
w(288,13,6,54)
r(200,7,6,54)
w(159,2,1,55)
r(331,7,1,55)
w(347,2,1,55)
w(356,2,1,55)
r(113,6,1,55)
w(299,4,1,55)
w(278,4,1,55)
r(91,10,1,55)
r(269,6,1,55)
w(27,2,1,55)
r(77,1,1,55)
r(130,6,1,55)
w(102,2,1,55)
r(252,3,1,55)
r(224,4,1,55)
w(17,6,1,55)
w(31,2,1,55)
r(196,6,1,55)
r(179,4,1,55)
r(108,7,1,55)
r(156,2,1,55)
w(194,4,1,55)
r(46,4,1,55)
w(79,2,1,55)
w(218,4,1,55)
w(302,2,1,55)
w(152,2,1,55)
w(198,2,1,55)
r(304,7,1,55)
r(167,4,1,55)
w(218,8,2,56)
w(202,7,2,56)
r(205,3,2,56)
r(319,5,2,56)
w(125,7,2,56)
r(217,1,2,56)
r(20,1,2,56)
w(69,4,2,56)
w(171,4,2,56)
r(184,6,2,56)
r(62,2,2,56)
w(300,8,2,56)
r(180,3,2,56)
w(154,2,2,56)
w(350,6,2,56)
r(88,8,2,56)
r(289,1,2,56)
w(292,4,2,56)
r(250,1,2,56)
r(243,6,2,56)
w(166,9,3,57)
r(250,1,3,57)
r(232,8,3,57)
w(300,3,3,57)
w(283,7,3,57)
w(202,6,3,57)
r(138,6,3,57)
r(263,2,3,57)
r(207,2,3,57)
r(29,7,3,57)
r(264,6,3,57)
w(211,4,3,57)
r(127,2,3,57)
r(106,8,3,57)
r(280,2,3,57)
w(12,8,3,57)
r(254,6,3,57)
w(87,7,3,57)
r(221,4,3,57)
w(250,4,3,57)
w(317,4,3,57)
r(118,7,3,57)
w(38,6,3,57)
w(27,7,3,57)
r(248,3,3,57)
w(26,4,3,57)
w(153,4,3,57)
r(228,3,3,57)
w(205,8,3,57)
w(153,7,4,58)
r(241,1,4,58)
w(250,8,4,58)
r(252,3,4,58)
w(103,5,4,58)
w(84,6,4,58)
r(35,1,4,58)
w(182,7,4,58)
w(332,7,4,58)
r(320,2,4,58)
r(111,6,4,58)
r(103,5,4,58)
w(91,5,4,58)
w(247,6,4,58)
w(158,8,4,58)
r(292,3,4,58)
r(238,6,4,58)
w(296,3,4,58)
w(344,9,4,58)
r(112,2,4,58)
w(248,8,4,58)
r(321,6,4,58)
w(177,6,4,58)
w(150,5,4,58)
r(143,13,4,58)
r(358,1,4,58)
r(31,7,4,58)
r(180,3,4,58)
r(324,13,4,58)
w(13,5,5,59)
r(82,1,5,59)
w(129,12,5,59)
r(166,5,5,59)
w(2,6,5,59)
w(131,9,5,59)
r(68,6,5,59)
w(21,9,5,59)
r(112,2,5,59)
r(278,1,5,59)
r(340,1,5,59)
w(293,3,5,59)
w(194,3,5,59)
w(9,13,5,59)
r(167,4,5,59)
r(166,5,5,59)
r(308,6,5,59)
r(217,1,5,59)
r(301,5,5,59)
w(302,3,5,59)
r(294,4,5,59)
r(257,1,5,59)
w(206,3,5,59)
r(346,2,5,59)
w(345,7,5,59)
w(13,9,5,59)
w(33,5,5,59)
w(324,13,5,59)
r(130,1,5,59)
w(162,3,5,59)
w(3,8,6,60)
r(217,4,6,60)
r(85,6,6,60)
r(322,3,6,60)
r(349,1,6,60)
r(149,2,6,60)
r(57,2,6,60)
w(83,10,6,60)
w(46,8,6,60)
r(184,4,6,60)
r(146,4,6,60)
w(115,15,6,60)
r(263,2,6,60)
r(323,10,6,60)
r(247,5,6,60)
w(60,10,6,60)
w(130,3,6,60)
r(183,2,6,60)
w(245,9,6,60)
w(234,6,6,60)
w(132,3,6,60)
w(353,3,6,60)
w(153,6,6,60)
w(266,9,6,60)
r(66,7,6,60)
w(140,8,6,60)
w(177,9,6,60)
r(311,5,6,60)
r(23,3,6,60)
r(160,13,6,60)
w(360,7,1,61)
w(131,4,1,61)
r(260,4,1,61)
w(328,2,1,61)
r(46,4,1,61)
r(14,8,1,61)
w(343,4,1,61)
w(54,2,1,61)
w(204,7,1,61)
w(127,4,1,61)
r(130,6,1,61)
w(310,4,1,61)
w(200,4,1,61)
r(232,8,1,61)
r(40,6,1,61)
w(258,2,1,61)
r(201,7,1,61)
w(103,4,1,61)
w(328,4,1,61)
w(177,2,1,61)
w(94,7,1,61)
r(211,1,1,61)
r(84,3,1,61)
r(85,6,1,61)
w(309,2,1,61)
r(6,6,1,61)
w(73,7,1,61)
r(195,2,1,61)
r(223,6,1,61)
w(9,7,1,61)
r(55,1,2,62)
r(27,1,2,62)
r(143,13,2,62)
w(7,7,2,62)
w(64,7,2,62)
w(278,7,2,62)
w(352,8,2,62)
w(340,4,2,62)
w(360,3,2,62)
w(238,7,2,62)
w(293,4,2,62)
w(143,7,2,62)
r(180,9,2,62)
r(174,1,2,62)
r(359,6,2,62)
w(13,8,2,62)
w(293,7,2,62)
w(334,4,2,62)
r(345,7,2,62)
r(257,1,2,62)
r(199,2,2,62)
w(55,8,2,62)
w(157,7,2,62)
r(146,4,2,62)
r(332,4,2,62)
w(322,8,2,62)
r(109,7,2,62)
w(110,6,2,62)
r(39,6,2,62)
w(114,4,2,62)
r(277,1,3,63)
w(177,4,3,63)
w(136,4,3,63)
r(202,1,3,63)
r(174,1,3,63)
w(274,7,3,63)
w(281,8,3,63)
r(233,8,3,63)
r(347,8,3,63)
w(85,13,3,63)
r(47,6,3,63)
r(183,2,3,63)
w(129,5,3,63)
r(346,3,3,63)
r(262,2,3,63)
w(65,8,3,63)
r(279,7,3,63)
w(103,7,3,63)
r(242,1,3,63)
w(115,7,3,63)
r(263,2,3,63)
r(116,7,3,63)
w(337,8,3,63)
r(146,4,3,63)
r(101,6,3,63)
w(113,6,3,63)
r(75,8,3,63)
r(221,4,3,63)
w(41,4,3,63)
r(168,7,3,63)
w(25,4,4,64)
w(34,11,4,64)
w(138,6,4,64)
w(240,9,4,64)
r(94,1,4,64)
w(117,5,4,64)
r(77,1,4,64)
r(54,4,4,64)
r(148,8,4,64)
w(51,8,4,64)
r(150,8,4,64)
w(33,8,4,64)
r(143,7,4,64)
r(124,6,4,64)
r(57,4,4,64)
r(319,4,4,64)
r(324,3,4,64)
r(32,2,4,64)
r(261,8,4,64)
w(319,6,4,64)
w(84,3,4,64)
w(313,6,4,64)
w(25,7,4,64)
w(58,3,4,64)
r(142,6,4,64)
w(346,3,4,64)
r(256,6,4,64)
r(210,1,4,64)
w(14,5,4,64)
r(345,7,4,64)
r(211,1,5,65)
w(13,13,5,65)
r(81,3,5,65)
w(352,3,5,65)
w(101,6,5,65)
w(224,3,5,65)
w(48,7,5,65)
w(12,5,5,65)
r(292,3,5,65)
w(330,6,5,65)
w(31,5,5,65)
r(359,6,5,65)
r(236,3,5,65)
w(258,3,5,65)
w(291,11,5,65)
r(183,2,5,65)
r(31,5,5,65)
w(35,6,5,65)
w(135,3,5,65)
w(26,6,5,65)
r(9,13,5,65)
w(319,5,5,65)
r(64,1,5,65)
w(358,4,5,65)
w(10,3,5,65)
w(170,7,5,65)
w(127,9,5,65)
w(67,13,5,65)
r(104,2,5,65)
r(1,4,5,65)
r(222,7,6,66)
w(139,6,6,66)
w(40,3,6,66)
w(358,8,6,66)
w(105,3,6,66)
r(240,15,6,66)
w(302,13,6,66)
r(353,4,6,66)
w(1,8,6,66)
w(125,10,6,66)
r(333,1,6,66)
r(55,8,6,66)
r(4,4,6,66)
r(199,4,6,66)
r(50,7,6,66)
r(331,13,6,66)
w(255,13,6,66)
w(278,3,6,66)
r(329,6,6,66)
w(172,5,6,66)
r(1,8,6,66)
w(147,3,6,66)
r(36,4,6,66)
r(135,8,6,66)
r(52,9,6,66)
r(228,4,6,66)
w(79,6,6,66)
r(305,4,6,66)
w(220,5,6,66)
w(360,14,6,66)
r(333,1,1,67)
w(238,4,1,67)
r(240,6,1,67)
r(121,1,1,67)
r(297,6,1,67)
w(246,4,1,67)
r(175,4,1,67)
r(47,6,1,67)
w(228,4,1,67)
r(151,1,1,67)
r(300,6,1,67)
w(355,7,1,67)
w(45,2,1,67)
r(110,6,1,67)
r(201,7,1,67)
r(327,7,1,67)
w(107,2,1,67)
r(234,8,1,67)
r(337,8,1,67)
r(192,3,1,67)
w(166,7,1,67)
w(341,4,1,67)
r(124,4,1,67)
w(271,2,1,67)
r(168,11,1,67)
w(252,2,1,67)
r(7,5,1,67)
r(205,3,1,67)
w(88,2,1,67)
r(258,2,1,67)
r(192,3,2,68)
w(247,7,2,68)
w(23,8,2,68)
w(214,8,2,68)
r(18,1,2,68)
r(88,8,2,68)
w(14,8,2,68)
r(32,2,2,68)
r(208,6,2,68)
r(277,1,2,68)
w(23,6,2,68)
w(323,6,2,68)
r(29,7,2,68)
r(172,6,2,68)
w(113,7,2,68)
w(261,4,2,68)
r(89,7,2,68)
r(290,8,2,68)
r(144,7,2,68)
w(73,8,2,68)
r(45,6,2,68)
w(164,8,2,68)
w(304,7,2,68)
r(159,3,2,68)
r(146,4,2,68)
r(359,8,2,68)
w(36,4,2,68)
w(64,8,2,68)
r(347,8,2,68)
r(226,3,2,68)
r(215,1,3,69)
w(132,7,3,69)
r(358,4,3,69)
w(108,8,3,69)
r(138,6,3,69)
r(83,7,3,69)
w(104,3,3,69)
r(132,7,3,69)
r(7,5,3,69)
r(331,7,3,69)
r(123,8,3,69)
w(34,13,3,69)
w(243,8,3,69)
w(34,10,3,69)
r(12,7,3,69)
r(229,6,3,69)
r(7,5,3,69)
r(60,5,3,69)
r(165,7,3,69)
w(68,5,3,69)
r(247,5,3,69)
r(256,5,3,69)
w(110,9,3,69)
w(66,7,3,69)
w(296,8,3,69)
w(150,6,3,69)
r(133,6,3,69)
r(351,3,3,69)
r(286,8,3,69)
r(153,2,3,69)
w(323,9,4,70)
r(265,8,4,70)
r(197,4,4,70)
w(131,6,4,70)
r(81,13,4,70)
r(5,12,4,70)
r(302,3,4,70)
w(196,9,4,70)
r(161,6,5,71)
w(273,6,5,71)
w(52,3,5,71)
w(304,9,5,71)
w(189,3,5,71)
r(94,1,5,71)
r(300,1,5,71)
r(206,3,5,71)
r(324,13,5,71)
w(23,5,5,71)
w(30,7,5,71)
r(64,1,5,71)
r(141,1,5,71)
r(331,3,5,71)
r(93,2,5,71)
r(178,4,5,71)
w(96,5,5,71)
r(213,1,5,71)
w(115,10,5,71)
w(201,5,5,71)
r(280,1,5,71)
w(109,7,5,71)
r(319,5,5,71)
r(157,1,5,71)
w(100,5,5,71)
w(5,15,5,71)
r(9,13,5,71)
w(104,9,5,71)
w(291,15,5,71)
w(59,4,5,71)
w(269,13,6,72)
r(233,2,6,72)
w(235,5,6,72)
w(202,10,6,72)
w(167,5,6,72)
w(313,10,6,72)
w(306,5,6,72)
r(2,8,6,72)
w(56,3,6,72)
r(86,3,6,72)
w(151,5,6,72)
w(27,10,6,72)
r(244,7,6,72)
r(77,4,6,72)
w(276,15,6,72)
r(340,8,6,72)
r(43,2,6,72)
r(339,3,6,72)
w(43,8,6,72)
r(21,3,6,72)
r(65,8,6,72)
w(226,10,6,72)
w(108,5,6,72)
w(126,13,6,72)
w(272,6,6,72)
r(165,7,6,72)
r(18,7,6,72)
r(215,7,6,72)
r(101,7,6,72)
r(255,13,6,72)
w(220,2,1,73)
w(91,4,1,73)
r(178,7,1,73)
r(245,2,1,73)
r(319,7,1,73)
w(360,8,1,73)
w(78,2,1,73)
r(65,8,1,73)
r(95,2,1,73)
w(276,2,1,73)
w(57,2,1,73)
r(341,4,1,73)
w(128,4,1,73)
r(57,2,1,73)
r(221,4,1,73)
w(200,7,1,73)
r(138,6,1,73)
w(152,4,1,73)
w(21,4,1,73)
w(233,2,1,73)
w(31,4,1,73)
w(301,4,1,73)
w(245,4,1,73)
w(347,4,1,73)
r(354,2,1,73)
w(102,4,1,73)
r(342,8,1,73)
r(137,4,1,73)
w(16,2,1,73)
w(186,2,1,73)
r(243,6,2,74)
w(276,8,2,74)
w(252,7,2,74)
w(333,4,2,74)
r(265,8,2,74)
w(285,2,2,74)
w(102,8,2,74)
r(86,6,2,74)
r(59,7,3,75)
r(295,2,3,75)
r(14,8,3,75)
r(76,8,3,75)
r(47,6,3,75)
w(213,8,3,75)
r(187,7,3,75)
w(297,4,3,75)
w(47,7,3,75)
r(164,11,3,75)
w(110,13,3,75)
r(14,8,3,75)
w(171,7,3,75)
r(313,6,3,75)
r(164,11,3,75)
r(163,4,3,75)
w(216,2,3,75)
w(188,7,3,75)
r(128,4,3,75)
r(46,4,3,75)
r(40,6,3,75)
r(7,5,3,75)
w(129,13,3,75)
r(321,6,3,75)
r(191,2,3,75)
w(102,13,3,75)
r(50,7,3,75)
r(106,8,3,75)
w(54,6,3,75)
w(351,8,3,75)
w(340,8,4,76)
w(122,7,4,76)
r(124,7,4,76)
w(213,6,4,76)
r(9,13,4,76)
r(104,9,4,76)
r(354,2,4,76)
r(70,1,4,76)
r(137,4,4,76)
r(327,7,4,76)
w(315,3,4,76)
r(180,9,4,76)
w(41,6,4,76)
r(193,6,4,76)
w(229,6,4,76)
w(264,6,4,76)
r(111,6,4,76)
r(241,1,4,76)
w(116,7,4,76)
r(289,1,4,76)
r(300,1,4,76)
r(157,7,4,76)
r(73,8,4,76)
r(288,6,4,76)
w(260,4,4,76)
r(49,1,4,76)
r(174,1,4,76)
w(256,5,4,76)
r(171,3,4,76)
r(5,12,4,76)
w(209,6,5,77)
r(133,1,5,77)
w(260,8,5,77)
r(331,3,5,77)
w(124,6,5,77)
w(173,3,5,77)
w(179,8,5,77)
w(21,13,5,77)
w(126,3,5,77)
r(296,7,5,77)
r(40,6,5,77)
r(31,5,5,77)
r(77,1,5,77)
w(281,9,5,77)
w(313,9,5,77)
w(185,6,5,77)
w(74,5,5,77)
w(81,13,5,77)
w(283,11,5,77)
r(246,2,5,77)
w(87,5,5,77)
w(176,6,5,77)
r(307,10,5,77)
w(239,8,5,77)
w(320,8,5,77)
w(219,7,5,77)
w(203,9,5,77)
w(79,8,5,77)
r(192,3,5,77)
w(180,9,5,77)
r(273,4,6,78)
r(57,2,6,78)
r(337,6,6,78)
w(299,8,6,78)
r(101,7,6,78)
w(157,3,6,78)
w(284,9,6,78)
w(76,6,6,78)
w(338,3,6,78)
w(300,9,6,78)
w(68,15,6,78)
w(244,3,6,78)
w(77,9,6,78)
r(63,1,6,78)
r(309,6,6,78)
w(258,13,6,78)
r(232,8,6,78)
w(38,10,6,78)
r(169,13,6,78)
w(56,5,6,78)
r(283,4,6,78)
w(293,9,6,78)
r(73,3,6,78)
w(115,12,6,78)
w(260,3,6,78)
r(271,2,6,78)
r(202,10,6,78)
w(293,13,6,78)
r(308,6,6,78)
w(304,10,6,78)
r(257,1,1,79)
r(230,3,1,79)
r(256,5,1,79)
r(104,3,1,79)
r(315,9,1,79)
w(243,4,1,79)
r(360,8,1,79)
w(171,2,1,79)
w(352,2,1,79)
r(45,2,1,79)
r(210,1,1,79)
r(28,3,1,79)
r(245,4,1,79)
w(356,4,1,79)
r(116,7,1,79)
r(291,12,1,79)
w(218,7,1,79)
w(71,2,1,79)
r(181,6,1,79)
r(46,4,1,79)
w(199,4,1,79)
r(244,8,1,79)
r(33,8,1,79)
r(313,6,1,79)
r(348,8,1,79)
r(13,3,1,79)
r(208,6,1,79)
w(77,4,1,79)
r(102,13,1,79)
w(314,7,1,79)
r(270,2,2,80)
r(139,2,2,80)
r(75,8,2,80)
r(202,1,2,80)
w(179,4,2,80)
w(319,7,2,80)
r(246,2,2,80)
w(242,2,2,80)
w(27,4,2,80)
w(191,2,2,80)
r(288,6,2,80)
w(86,8,2,80)
r(14,8,2,80)
w(124,4,2,80)
r(18,1,2,80)
r(34,8,2,80)
w(300,6,2,80)
w(331,7,2,80)
w(108,7,2,80)
w(228,8,2,80)
r(47,6,2,80)
w(267,7,2,80)
r(7,5,2,80)
w(222,7,2,80)
w(262,7,2,80)
w(193,3,2,80)
r(261,4,2,80)
r(45,6,2,80)
r(119,8,2,80)
r(248,3,2,80)
r(272,7,3,81)
w(130,7,3,81)
r(84,3,3,81)
w(5,5,3,81)
r(13,3,3,81)
w(144,8,3,81)
r(168,11,3,81)
w(110,10,3,81)
w(322,3,3,81)
r(24,3,3,81)
w(168,5,3,81)
r(303,3,3,81)
w(149,2,3,81)
r(298,7,3,81)
w(48,4,3,81)
w(148,4,3,81)
r(359,8,3,81)
w(191,7,3,81)
r(341,4,3,81)
r(48,4,3,81)
w(167,7,3,81)
r(167,7,3,81)
w(20,2,3,81)
r(149,2,3,81)
r(204,7,3,81)
w(270,8,3,81)
w(9,6,3,81)
r(200,7,3,81)
w(319,8,3,81)
r(280,4,3,81)
r(62,2,4,82)
w(37,2,4,82)
w(261,3,4,82)
r(270,2,4,82)
r(246,2,4,82)
w(317,8,4,82)
r(118,7,4,82)
w(189,7,4,82)
r(157,8,4,82)
w(280,8,4,82)
r(45,6,4,82)
r(151,1,4,82)
r(114,4,4,82)
w(350,13,4,82)
r(53,5,4,82)
r(254,6,4,82)
w(350,10,4,82)
w(88,6,4,82)
r(310,8,4,82)
w(36,6,4,82)
r(114,4,4,82)
w(340,6,4,82)
w(220,7,4,82)
r(189,7,4,82)
w(10,8,4,82)
r(150,8,4,82)
r(295,2,4,82)
w(221,7,4,82)
r(259,7,4,82)
w(310,9,5,83)
r(196,6,5,83)
r(208,6,5,83)
w(80,8,5,83)
r(206,3,5,83)
w(275,7,5,83)
w(168,10,5,83)
w(236,5,5,83)
r(159,3,5,83)
r(199,2,5,83)
w(160,3,5,83)
w(144,3,5,83)
r(93,4,5,83)
r(345,7,5,83)
r(93,4,5,83)
w(219,8,5,83)
w(151,9,6,84)
w(331,12,6,84)
r(49,6,6,84)
r(250,1,6,84)
w(281,10,6,84)
w(305,10,6,84)
w(313,11,6,84)
r(173,3,6,84)
w(218,9,6,84)
w(284,13,6,84)
r(291,4,6,84)
w(211,8,6,84)
w(97,13,6,84)
w(271,9,6,84)
w(39,3,6,84)
r(152,8,6,84)
r(193,3,6,84)
w(100,13,6,84)
r(166,7,6,84)
w(219,6,6,84)
r(343,4,6,84)
w(59,6,6,84)
r(154,3,6,84)
w(7,10,6,84)
r(61,4,6,84)
w(26,5,6,84)
r(92,3,6,84)
r(98,2,1,85)
w(43,2,1,85)
w(289,2,1,85)
w(223,2,1,85)
r(136,3,1,85)
r(138,6,1,85)
w(259,8,1,85)
w(266,7,1,85)
w(124,2,1,85)
w(230,7,1,85)
w(236,2,1,85)
w(188,2,1,85)
r(234,8,1,85)
r(11,5,1,85)
r(100,5,1,85)
w(261,2,1,85)
w(127,7,1,85)
r(270,7,1,85)
r(353,6,1,85)
w(215,7,1,85)
r(80,6,1,85)
r(161,8,1,85)
r(68,5,1,85)
w(4,4,1,85)
r(289,2,1,85)
w(28,4,1,85)
r(220,2,1,85)
r(177,5,1,85)
w(180,7,1,85)
w(64,2,1,85)
r(344,1,2,86)
r(192,3,2,86)
w(270,4,2,86)
w(306,7,2,86)
r(203,9,2,86)
r(230,3,2,86)
w(236,4,2,86)
w(264,7,2,86)
w(18,7,2,86)
r(115,7,2,86)
r(88,8,2,86)
w(53,4,2,86)
w(270,7,2,86)
w(81,2,2,86)
r(348,8,2,86)
w(141,2,2,86)
r(352,8,2,86)
w(83,7,2,86)
r(347,2,2,86)
w(85,6,2,86)
w(199,8,2,86)
w(196,3,2,86)
w(145,6,2,86)
r(343,9,2,86)
r(2,6,2,86)
w(150,2,2,86)
w(126,4,2,86)
r(51,8,2,86)
r(140,2,2,86)
r(227,6,2,86)
w(325,8,3,87)
w(49,8,3,87)
w(101,7,3,87)
r(105,2,3,87)
w(307,5,3,87)
r(145,6,3,87)
w(205,6,3,87)
r(203,9,3,87)
w(329,6,3,87)
w(152,8,3,87)
r(342,8,3,87)
w(68,9,3,87)
w(309,6,3,87)
r(190,5,3,87)
w(21,3,3,87)
w(291,5,3,87)
w(244,7,3,87)
w(145,11,3,87)
r(349,1,3,87)
r(285,4,3,87)
r(69,7,3,87)
w(49,6,3,87)
w(73,3,3,87)
w(354,8,3,87)
r(328,4,3,87)
w(210,6,3,87)
r(199,4,3,87)
w(108,6,3,87)
r(292,3,3,87)
w(198,8,3,87)
r(339,3,4,88)
w(193,9,4,88)
w(238,8,4,88)
r(224,4,4,88)
r(136,4,4,88)
w(68,13,4,88)
w(199,3,4,88)
w(273,7,4,88)
r(137,4,4,88)
w(323,13,5,89)
r(24,7,5,89)
r(216,1,5,89)
w(67,10,5,89)
w(248,3,5,89)
w(5,12,5,89)
r(162,3,5,89)
r(268,8,5,89)
w(99,10,5,89)
r(149,4,5,89)
w(171,3,5,89)
r(129,11,5,89)
w(149,8,5,89)
w(235,6,5,89)
w(76,8,5,89)
r(299,7,5,89)
r(134,7,5,89)
r(170,7,5,89)
r(28,8,5,89)
r(359,6,5,89)
w(226,3,5,89)
r(279,7,5,89)
r(360,4,5,89)
w(80,6,5,89)
r(285,4,5,89)
r(9,13,5,89)
r(270,2,5,89)
r(217,1,5,89)
w(181,7,5,89)
w(170,8,5,89)
r(177,9,6,90)
w(13,11,6,90)
r(352,2,6,90)
r(209,4,6,90)
r(332,4,6,90)
w(289,5,6,90)
w(67,15,6,90)
w(47,3,6,90)
w(109,5,6,90)
r(299,8,6,90)
w(162,5,6,90)
w(114,11,6,90)
r(349,7,6,90)
w(314,11,6,90)
r(292,8,6,90)
w(205,13,6,90)
r(319,13,6,90)
r(250,1,6,90)
w(58,15,6,90)
w(129,14,6,90)
r(338,3,6,90)
w(96,10,6,90)
r(210,2,6,90)
r(35,3,6,90)
r(122,7,6,90)
w(324,15,6,90)
r(161,5,6,90)
r(145,7,6,90)
r(93,4,6,90)
w(351,13,6,90)
w(322,4,1,91)
r(187,7,1,91)
r(52,9,1,91)
r(343,4,1,91)
w(84,2,1,91)
r(89,7,1,91)
w(310,7,1,91)
r(212,8,1,91)
w(274,2,1,91)
r(256,9,1,91)
r(288,6,1,91)
w(210,2,1,91)
r(258,2,1,91)
w(245,7,1,91)
r(32,2,1,91)
r(77,4,1,91)
w(267,2,1,91)
w(159,4,1,91)
r(251,5,1,91)
w(265,7,1,91)
w(21,7,1,91)
w(24,2,1,91)
r(345,7,1,91)
w(291,4,1,91)
r(137,4,1,91)
w(252,4,1,91)
r(310,7,1,91)
r(296,13,1,91)
w(197,7,1,91)
r(305,4,1,91)
r(92,2,2,92)
w(341,8,2,92)
w(316,8,2,92)
r(355,2,2,92)
w(226,4,2,92)
r(130,6,2,92)
w(12,7,2,92)
r(121,1,2,92)
r(343,4,2,92)
r(29,7,2,92)
r(185,6,2,92)
r(79,2,2,92)
w(271,4,2,92)
w(45,8,2,92)
r(87,5,2,92)
r(179,4,2,92)
w(217,4,2,92)
w(287,7,2,92)
w(302,4,2,92)
r(52,3,2,92)
w(200,8,2,92)
r(36,4,2,92)
r(2,6,2,92)
r(71,7,2,92)
w(23,3,2,92)
r(245,2,2,92)
r(227,6,2,92)
r(262,7,2,92)
w(136,2,2,92)
w(330,4,2,92)
r(5,5,3,93)
w(291,9,3,93)
w(183,8,3,93)
w(264,8,3,93)
r(226,5,3,93)
r(294,7,3,93)
w(292,8,3,93)
r(306,7,3,93)
w(337,6,3,93)
w(143,6,3,93)
w(105,4,3,93)
w(130,8,3,93)
w(269,7,3,93)
w(66,8,3,93)
w(347,6,3,93)
w(70,4,3,93)
r(202,1,3,93)
r(173,3,3,93)
r(209,4,3,93)
w(316,3,3,93)
r(101,7,3,93)
r(114,4,3,93)
w(353,4,3,93)
w(357,7,3,93)
r(145,14,3,93)
w(91,3,3,93)
w(107,7,3,93)
w(229,7,3,93)
w(171,8,3,93)
r(343,4,3,93)
w(311,5,4,94)
r(151,1,4,94)
r(178,7,4,94)
r(24,3,4,94)
r(240,6,4,94)
w(274,6,4,94)
w(294,7,4,94)
r(26,3,4,94)
r(132,6,4,94)
r(159,2,4,94)
r(295,2,4,94)
w(86,3,4,94)
w(324,9,4,94)
w(13,3,4,94)
r(294,7,4,94)
w(309,9,4,94)
r(99,10,4,94)
r(240,6,4,94)
r(323,10,4,94)
w(2,8,4,94)
w(276,10,4,94)
w(156,8,4,94)
w(88,5,4,94)
r(56,1,4,94)
w(162,8,4,94)
w(252,6,4,94)
r(126,9,4,94)
r(88,5,4,94)
r(181,6,4,94)
w(198,3,4,94)
w(97,6,5,95)
w(24,8,5,95)
w(137,6,5,95)
r(25,7,5,95)
w(214,9,5,95)
r(134,7,5,95)
r(21,6,5,95)
w(200,9,5,95)
w(198,9,5,95)
w(88,9,5,95)
r(13,6,5,95)
r(87,5,5,95)
r(35,6,5,95)
r(348,7,5,95)
w(351,5,5,95)
w(116,3,5,95)
r(248,3,5,95)
r(342,8,5,95)
r(73,3,6,96)
r(77,9,6,96)
w(283,16,6,96)
w(218,13,6,96)
r(168,15,6,96)
w(134,10,6,96)
w(191,5,6,96)
r(228,4,6,96)
w(10,15,6,96)
w(178,6,6,96)
r(190,5,6,96)
r(43,8,6,96)
w(258,10,6,96)
w(245,13,6,96)
r(223,2,6,96)
w(81,10,6,96)
w(290,11,6,96)
w(136,5,6,96)
w(79,3,6,96)
r(59,7,6,96)
r(204,7,6,96)
w(111,5,6,96)
r(257,4,6,96)
r(47,3,6,96)
w(300,13,6,96)
r(184,4,6,96)
w(135,5,6,96)
r(337,6,6,96)
w(129,17,6,96)
w(142,13,6,96)
w(91,7,1,97)
w(349,7,1,97)
r(191,7,1,97)
r(37,4,1,97)
r(38,4,1,97)
w(4,7,1,97)
r(146,4,1,97)
w(164,7,1,97)
w(272,2,1,97)
w(323,7,1,97)
r(330,4,1,97)
r(254,3,1,97)
w(162,4,1,97)
r(239,5,1,97)
w(145,7,1,97)
r(263,5,1,97)
r(85,3,1,97)
w(194,8,1,97)
w(58,4,1,97)
w(118,2,1,97)
r(151,5,1,97)
r(311,5,1,97)
w(110,7,1,97)
r(332,4,1,97)
r(299,4,1,97)
w(329,4,1,97)
w(60,4,1,97)
w(251,7,1,97)
w(276,4,1,97)
r(76,8,1,97)
r(161,8,2,98)
w(255,7,2,98)
w(92,4,2,98)
r(44,8,2,98)
r(235,6,2,98)
w(280,4,2,98)
w(125,8,2,98)
w(191,4,2,98)
r(264,7,2,98)
r(244,8,2,98)
r(170,3,2,98)
r(146,4,2,98)
r(295,2,2,98)
r(165,7,2,98)
w(110,3,2,98)
w(160,8,2,98)
r(227,6,2,98)
w(266,8,2,98)
r(96,5,2,98)
r(208,6,2,98)
w(273,4,2,98)
w(302,7,2,98)
w(304,8,2,98)
r(308,6,2,98)
r(161,8,2,98)
r(148,8,2,98)
w(209,4,2,98)
r(271,2,2,98)
r(359,8,2,98)
w(256,4,2,98)
w(143,5,3,99)
r(83,10,3,99)
w(267,5,3,99)
w(112,4,3,99)
r(123,8,3,99)
w(353,7,3,99)
w(283,8,3,99)
w(4,6,3,99)
r(315,9,3,99)
r(337,6,3,99)
w(19,4,3,99)
r(302,13,3,99)
w(233,7,3,99)
r(337,6,3,99)
w(36,7,3,99)
w(114,3,3,99)
r(211,1,3,99)
r(50,8,3,99)
r(163,4,3,99)
w(135,6,3,99)
w(98,4,3,99)
w(93,8,3,99)
w(100,8,3,99)
w(40,4,3,99)
w(138,8,3,99)
w(160,6,3,99)
w(96,7,3,99)
r(278,9,3,99)
w(77,6,3,99)
w(40,7,3,99)
w(192,5,4,100)
w(33,6,4,100)
r(338,3,4,100)
w(12,3,4,100)
w(162,6,4,100)
r(42,9,4,100)
w(257,4,4,100)
r(251,7,4,100)
r(124,2,4,100)
r(360,14,4,100)
w(270,6,4,100)
r(67,10,4,100)
w(119,6,4,100)
r(145,7,4,100)
w(279,9,4,100)
r(258,13,4,100)
w(360,10,4,100)
w(285,7,4,100)
r(86,3,4,100)
r(257,4,4,100)
w(173,6,4,100)
w(81,9,4,100)
r(212,8,4,100)
r(99,10,4,100)
w(265,6,4,100)
r(318,4,4,100)
w(201,6,4,100)
r(311,5,4,100)
w(322,9,4,100)
r(19,2,4,100)
w(331,5,5,101)
w(319,9,5,101)
r(97,9,5,101)
w(348,8,5,101)
w(293,5,5,101)
r(114,4,5,101)
w(339,3,5,101)
r(298,7,5,101)
r(22,7,5,101)
r(334,2,5,101)
w(20,7,5,101)
w(223,6,5,101)
w(157,8,5,101)
w(6,6,5,101)
w(297,6,5,101)
w(147,8,5,101)
r(252,3,5,101)
w(7,5,5,101)
w(331,9,5,101)
w(59,7,5,101)
r(332,4,5,101)
w(328,5,5,101)
r(22,7,5,101)
w(343,9,5,101)
r(327,7,5,101)
r(313,6,5,101)
w(294,8,5,101)
w(53,5,5,101)
r(307,10,5,101)
w(323,10,5,101)
w(70,8,6,102)
w(287,15,6,102)
r(282,8,6,102)
w(50,8,6,102)
w(242,13,6,102)
w(318,9,6,102)
w(284,10,6,102)
w(273,9,6,102)
r(68,15,6,102)
w(220,9,6,102)
w(22,3,6,102)
w(23,10,6,102)
w(103,9,6,102)
r(223,2,6,102)
w(301,13,6,102)
w(329,11,6,102)
w(160,10,6,102)
w(194,9,6,102)
w(278,5,6,102)
r(28,4,6,102)
r(285,7,6,102)
w(266,13,6,102)
r(304,10,6,102)
w(214,10,6,102)
w(101,13,6,102)
w(73,13,6,102)
r(69,7,6,102)
w(257,8,6,102)
w(103,13,6,102)
w(278,9,6,102)
r(170,3,2,103)
r(340,8,2,103)
w(245,3,2,103)
w(147,4,2,103)
r(136,3,2,103)
w(15,4,2,103)
r(238,4,2,103)
r(16,2,2,103)
r(85,6,2,103)
w(35,4,2,103)
w(174,2,2,103)
w(34,3,2,103)
w(133,2,2,103)
r(209,4,2,103)
w(81,4,2,103)
r(159,2,2,103)
w(309,7,2,103)
r(318,4,2,103)
r(88,5,2,103)
r(302,7,2,103)
r(165,7,2,103)
w(44,4,2,103)
w(169,7,2,103)
r(122,7,2,103)
w(120,7,2,103)
w(236,7,2,103)
r(302,7,2,103)
w(27,8,3,104)
w(134,3,3,104)
w(235,7,3,104)
w(176,7,3,104)
r(229,7,3,104)
w(239,2,3,104)
r(228,5,3,104)
w(340,7,3,104)
r(147,3,3,104)
r(347,6,3,104)
r(260,3,3,104)
r(74,5,3,104)
r(350,11,3,104)
w(214,3,3,104)
r(338,5,3,104)
r(359,9,3,104)
r(89,7,3,104)
r(164,7,3,104)
r(35,3,3,104)
r(187,7,3,104)
r(208,6,3,104)
w(311,8,3,104)
w(240,5,3,104)
r(333,1,3,104)
r(257,8,3,104)
w(283,6,3,104)
r(35,3,3,104)
r(23,10,3,104)
r(243,4,3,104)
r(297,4,3,104)
r(141,2,4,105)
w(27,9,4,105)
r(23,3,4,105)
r(164,7,4,105)
w(248,6,4,105)
w(298,10,4,105)
w(327,4,4,105)
w(16,7,4,105)
r(93,4,4,105)
r(196,3,4,105)
r(71,2,4,105)
w(255,5,4,105)
w(34,15,4,105)
r(164,7,4,105)
w(76,4,4,105)
r(138,6,4,105)
r(36,4,4,105)
w(108,3,4,105)
r(158,9,4,105)
w(138,5,4,105)
w(231,4,4,105)
w(336,8,4,105)
r(123,8,4,105)
r(242,2,4,105)
r(194,8,4,105)
r(265,6,4,105)
r(94,10,4,105)
w(258,8,4,105)
r(315,9,4,105)
w(338,6,4,105)
r(75,8,5,106)
r(292,3,5,106)
r(287,2,5,106)
r(334,2,5,106)
w(95,6,5,106)
r(355,2,5,106)
w(127,13,5,106)
w(257,7,5,106)
r(350,3,5,106)
w(22,6,5,106)
w(182,6,5,106)
r(156,2,5,106)
w(8,8,5,106)
r(90,4,5,106)
r(91,6,5,106)
r(35,6,5,106)
w(323,11,5,106)
w(74,13,5,106)
w(45,3,5,106)
r(14,8,6,107)
w(75,9,6,107)
r(330,4,6,107)
w(232,5,6,107)
w(338,5,6,107)
r(196,3,6,107)
r(327,4,6,107)
r(52,9,6,107)
w(228,5,6,107)
w(27,11,6,107)
r(264,8,6,107)
w(140,6,6,107)
r(196,3,6,107)
w(314,15,6,107)
w(85,12,6,107)
r(1,7,6,107)
r(329,11,6,107)
w(283,14,6,107)
r(357,4,6,107)
r(72,2,6,107)
r(69,7,6,107)
r(85,12,6,107)
w(327,3,6,107)
r(104,3,6,107)
w(141,6,6,107)
w(349,3,6,107)
r(335,10,6,107)
w(307,17,6,107)
r(179,6,6,107)
r(308,6,6,107)
w(85,3,2,108)
r(99,10,2,108)
w(142,4,2,108)
r(69,7,2,108)
w(283,4,2,108)
w(307,6,2,108)
r(178,7,2,108)
r(143,6,2,108)
w(62,6,2,108)
r(269,13,2,108)
w(344,6,2,108)
w(237,7,2,108)
w(325,7,2,108)
r(114,4,2,108)
r(237,7,2,108)
r(182,3,2,108)
w(11,4,2,108)
r(283,4,2,108)
w(185,4,2,108)
r(227,6,2,108)
r(167,5,2,108)
r(290,10,2,108)
r(44,8,2,108)
r(315,9,2,108)
w(58,8,2,108)
w(357,4,2,108)
w(7,8,2,108)
w(65,4,2,108)
r(360,14,2,108)
w(334,7,2,108)
w(360,9,3,109)
w(26,7,3,109)
r(358,8,3,109)
r(48,4,3,109)
r(163,4,3,109)
w(172,4,3,109)
r(148,6,3,109)
w(353,8,3,109)
w(235,8,3,109)
r(82,6,3,109)
r(33,13,3,109)
r(40,7,3,109)
r(120,5,3,109)
w(309,3,3,109)
r(228,5,3,109)
w(335,5,3,109)
w(8,4,3,109)
r(198,8,3,109)
r(251,13,3,109)
r(167,5,3,109)
w(271,8,3,109)
w(85,10,3,109)
w(223,4,3,109)
w(6,8,3,109)
r(251,13,3,109)
r(355,7,3,109)
w(42,13,3,109)
r(204,7,3,109)
r(236,11,3,109)
w(166,13,3,109)
r(214,8,5,110)
w(296,5,5,110)
w(91,10,5,110)
r(206,8,5,110)
w(28,3,5,110)
r(21,6,5,110)
w(320,6,5,110)
w(199,5,5,110)
r(87,5,5,110)
w(247,3,5,110)
r(284,5,5,110)
w(204,5,5,110)
w(160,9,5,110)
w(168,11,5,110)
w(247,5,5,110)
w(164,11,5,110)
r(186,3,5,110)
r(356,8,5,110)
w(328,9,5,110)
r(236,3,5,110)
r(30,7,5,110)
r(256,5,5,110)
r(93,4,5,110)
r(35,6,5,110)
r(31,5,5,110)
r(18,1,5,110)
r(153,2,5,110)
w(172,3,5,110)
w(133,6,5,110)
w(178,7,5,110)
w(236,11,6,111)
r(185,4,6,111)
w(340,3,6,111)
w(304,11,6,111)
w(66,13,6,111)
r(192,5,6,111)
w(20,6,6,111)
w(119,9,6,111)
w(317,13,6,111)
r(268,2,6,111)
w(11,9,6,111)
w(104,11,6,111)
w(298,15,6,111)
w(211,6,6,111)
w(7,11,6,111)
w(288,10,6,111)
w(88,13,6,111)
w(113,10,6,111)
r(12,3,6,111)
w(83,11,6,111)
w(272,3,6,111)
r(24,2,6,111)
w(213,15,6,111)
r(35,3,6,111)
w(133,3,6,111)
r(217,7,6,111)
w(359,13,6,111)
r(338,5,6,111)
r(149,2,6,111)
r(44,8,6,111)
w(81,7,2,112)
r(256,9,2,112)
w(35,7,2,112)
w(227,7,2,112)
w(35,8,2,112)
r(30,7,2,112)
r(171,5,2,112)
w(242,4,2,112)
r(173,3,2,112)
r(149,2,2,112)
r(192,3,2,112)
r(169,13,2,112)
r(269,13,2,112)
w(256,7,2,112)
r(97,9,5,113)
w(83,5,5,113)
w(226,5,5,113)
w(154,3,5,113)
r(186,2,5,113)
w(331,13,5,113)
r(341,4,5,113)
w(313,13,5,113)
w(326,8,5,113)
r(292,3,5,113)
w(158,9,5,113)
w(45,5,5,113)
w(212,8,5,113)
w(266,5,5,113)
r(147,8,5,113)
w(8,6,5,113)
w(120,5,5,113)
w(221,8,5,113)
r(88,5,5,113)
w(287,10,5,113)
w(303,3,5,113)
w(52,9,5,113)
w(164,12,5,113)
w(354,6,5,113)
w(335,10,5,113)
w(176,3,5,113)
w(160,13,5,113)
r(184,4,5,113)
w(334,5,5,113)
w(337,5,5,113)
w(8,3,5,114)
r(136,3,5,114)
w(148,6,5,114)
w(109,8,5,114)
r(136,3,5,114)
r(184,4,5,114)
r(21,4,5,114)
w(282,8,5,114)
r(43,2,5,114)
w(256,9,5,114)
w(240,15,5,114)
w(296,13,5,114)
w(358,7,5,114)
r(121,1,5,114)
r(41,2,5,114)
r(73,7,5,114)
w(263,5,5,114)
r(76,8,5,114)
w(161,3,5,114)
w(35,3,5,114)
r(239,5,5,114)
w(84,9,5,114)
r(178,7,5,114)
r(261,2,5,114)
w(100,9,5,114)
r(32,2,5,114)
r(37,4,5,114)
w(144,5,5,114)
r(324,9,5,114)
r(133,6,5,114)
w(150,10,5,115)
w(127,10,5,115)
w(276,11,5,115)
w(359,5,5,115)
w(261,5,5,115)
r(307,5,5,115)
w(349,8,5,115)
w(145,14,5,115)
r(244,7,5,115)
r(261,5,5,115)
w(217,7,5,115)
w(155,8,5,115)
r(35,3,5,115)
r(33,8,5,115)
r(76,8,5,115)
w(175,9,5,115)
r(358,7,5,115)
w(225,8,5,115)
r(73,3,5,115)
w(220,8,5,115)
w(267,11,5,115)
w(161,5,5,115)
w(319,13,5,115)
w(168,15,5,115)
w(290,10,5,115)
r(130,3,5,115)
r(240,15,5,115)
r(116,7,5,115)
w(25,6,5,115)
w(235,3,5,115)
r(234,6,5,116)
w(277,3,5,116)
r(140,8,5,116)
r(234,6,5,116)
r(350,15,5,116)
w(171,5,5,116)
w(25,3,5,116)
r(32,2,5,116)
w(321,8,5,116)
r(336,4,5,116)
r(295,2,5,116)
r(68,9,5,116)
w(107,5,5,116)
r(187,7,5,116)
r(208,6,5,116)
r(228,4,5,116)
r(68,9,5,116)
r(31,4,5,116)
w(317,5,5,116)
w(1,7,5,116)
w(33,9,5,116)
r(64,2,5,116)
r(168,15,5,116)
r(253,4,5,116)
r(270,8,5,116)
r(64,2,5,116)
w(287,11,5,116)
r(305,4,5,116)
w(350,11,5,116)
w(125,9,5,116)
w(329,13,5,117)
w(61,3,5,117)
w(197,5,5,118)
w(143,15,5,118)
r(354,8,5,118)
r(311,5,5,118)
w(9,11,5,118)
r(356,4,5,118)
w(16,8,5,118)
w(244,6,5,118)
w(139,8,5,118)
r(141,2,5,118)
w(359,9,5,118)
r(119,8,5,118)
w(348,6,5,118)
r(109,8,5,118)
w(207,4,5,118)
w(87,9,5,118)
w(179,6,5,118)
r(123,8,5,118)
r(191,7,5,118)
r(284,9,5,118)
w(351,9,5,118)
w(92,3,5,118)
w(267,15,5,118)
r(86,3,5,118)
w(199,9,5,118)
w(38,9,5,118)
w(111,3,5,118)
r(317,5,5,118)
r(188,2,5,118)
w(214,13,5,118)
r(309,6,5,119)
r(311,5,5,119)
w(98,5,5,119)
w(112,8,5,119)
w(159,8,5,119)
w(246,7,5,119)
w(199,13,5,119)
r(358,8,5,119)
w(226,9,5,119)
w(112,6,5,119)
w(360,11,5,119)
r(275,4,5,119)
w(181,8,5,119)
r(295,2,5,119)
w(32,3,5,119)
r(226,9,5,119)
r(245,7,5,119)
w(360,15,5,119)
r(25,3,5,119)
w(251,13,5,119)
r(320,6,5,119)
w(142,3,5,119)
w(84,13,5,119)
r(163,4,5,119)
r(209,4,5,119)
r(346,3,5,119)
r(321,8,5,119)
w(239,6,5,119)
w(33,13,5,119)
w(220,6,5,119)
