w(1,1,0,0)
w(2,1,0,0)
w(3,1,0,0)
w(4,1,0,0)
w(5,1,0,0)
w(6,1,0,0)
w(7,1,0,0)
w(8,1,0,0)
w(9,1,0,0)
w(10,1,0,0)
w(11,1,0,0)
w(12,1,0,0)
w(13,1,0,0)
w(14,1,0,0)
w(15,1,0,0)
w(16,1,0,0)
w(17,1,0,0)
w(18,1,0,0)
w(19,1,0,0)
w(20,1,0,0)
w(21,1,0,0)
w(22,1,0,0)
w(23,1,0,0)
w(24,1,0,0)
w(25,1,0,0)
w(26,1,0,0)
w(27,1,0,0)
w(28,1,0,0)
w(29,1,0,0)
w(30,1,0,0)
w(31,1,0,0)
w(32,1,0,0)
w(33,1,0,0)
w(34,1,0,0)
w(35,1,0,0)
w(36,1,0,0)
w(37,1,0,0)
w(38,1,0,0)
w(39,1,0,0)
w(40,1,0,0)
w(41,1,0,0)
w(42,1,0,0)
w(43,1,0,0)
w(44,1,0,0)
w(45,1,0,0)
w(46,1,0,0)
w(47,1,0,0)
w(48,1,0,0)
w(49,1,0,0)
w(50,1,0,0)
w(51,1,0,0)
w(52,1,0,0)
w(53,1,0,0)
w(54,1,0,0)
w(55,1,0,0)
w(56,1,0,0)
w(57,1,0,0)
w(58,1,0,0)
w(59,1,0,0)
w(60,1,0,0)
w(61,1,0,0)
w(62,1,0,0)
w(63,1,0,0)
w(64,1,0,0)
w(65,1,0,0)
w(66,1,0,0)
w(67,1,0,0)
w(68,1,0,0)
w(69,1,0,0)
w(70,1,0,0)
w(71,1,0,0)
w(72,1,0,0)
w(73,1,0,0)
w(74,1,0,0)
w(75,1,0,0)
w(76,1,0,0)
w(77,1,0,0)
w(78,1,0,0)
w(79,1,0,0)
w(80,1,0,0)
w(81,1,0,0)
w(82,1,0,0)
w(83,1,0,0)
w(84,1,0,0)
w(85,1,0,0)
w(86,1,0,0)
w(87,1,0,0)
w(88,1,0,0)
w(89,1,0,0)
w(90,1,0,0)
w(91,1,0,0)
w(92,1,0,0)
w(93,1,0,0)
w(94,1,0,0)
w(95,1,0,0)
w(96,1,0,0)
w(97,1,0,0)
w(98,1,0,0)
w(99,1,0,0)
w(100,1,0,0)
w(101,1,0,0)
w(102,1,0,0)
w(103,1,0,0)
w(104,1,0,0)
w(105,1,0,0)
w(106,1,0,0)
w(107,1,0,0)
w(108,1,0,0)
w(109,1,0,0)
w(110,1,0,0)
w(111,1,0,0)
w(112,1,0,0)
w(113,1,0,0)
w(114,1,0,0)
w(115,1,0,0)
w(116,1,0,0)
w(117,1,0,0)
w(118,1,0,0)
w(119,1,0,0)
w(120,1,0,0)
w(121,1,0,0)
w(122,1,0,0)
w(123,1,0,0)
w(124,1,0,0)
w(125,1,0,0)
w(126,1,0,0)
w(127,1,0,0)
w(128,1,0,0)
w(129,1,0,0)
w(130,1,0,0)
w(131,1,0,0)
w(132,1,0,0)
w(133,1,0,0)
w(134,1,0,0)
w(135,1,0,0)
w(136,1,0,0)
w(137,1,0,0)
w(138,1,0,0)
w(139,1,0,0)
w(140,1,0,0)
w(141,1,0,0)
w(142,1,0,0)
w(143,1,0,0)
w(144,1,0,0)
w(145,1,0,0)
w(146,1,0,0)
w(147,1,0,0)
w(148,1,0,0)
w(149,1,0,0)
w(150,1,0,0)
w(151,1,0,0)
w(152,1,0,0)
w(153,1,0,0)
w(154,1,0,0)
w(155,1,0,0)
w(156,1,0,0)
w(157,1,0,0)
w(158,1,0,0)
w(159,1,0,0)
w(160,1,0,0)
w(161,1,0,0)
w(162,1,0,0)
w(163,1,0,0)
w(164,1,0,0)
w(165,1,0,0)
w(166,1,0,0)
w(167,1,0,0)
w(168,1,0,0)
w(169,1,0,0)
w(170,1,0,0)
w(171,1,0,0)
w(172,1,0,0)
w(173,1,0,0)
w(174,1,0,0)
w(175,1,0,0)
w(176,1,0,0)
w(177,1,0,0)
w(178,1,0,0)
w(179,1,0,0)
w(180,1,0,0)
w(181,1,0,0)
w(182,1,0,0)
w(183,1,0,0)
w(184,1,0,0)
w(185,1,0,0)
w(186,1,0,0)
w(187,1,0,0)
w(188,1,0,0)
w(189,1,0,0)
w(190,1,0,0)
w(191,1,0,0)
w(192,1,0,0)
w(193,1,0,0)
w(194,1,0,0)
w(195,1,0,0)
w(196,1,0,0)
w(197,1,0,0)
w(198,1,0,0)
w(199,1,0,0)
w(200,1,0,0)
w(201,1,0,0)
w(202,1,0,0)
w(203,1,0,0)
w(204,1,0,0)
w(205,1,0,0)
w(206,1,0,0)
w(207,1,0,0)
w(208,1,0,0)
w(209,1,0,0)
w(210,1,0,0)
w(211,1,0,0)
w(212,1,0,0)
w(213,1,0,0)
w(214,1,0,0)
w(215,1,0,0)
w(216,1,0,0)
w(217,1,0,0)
w(218,1,0,0)
w(219,1,0,0)
w(220,1,0,0)
w(221,1,0,0)
w(222,1,0,0)
w(223,1,0,0)
w(224,1,0,0)
w(225,1,0,0)
w(226,1,0,0)
w(227,1,0,0)
w(228,1,0,0)
w(229,1,0,0)
w(230,1,0,0)
w(231,1,0,0)
w(232,1,0,0)
w(233,1,0,0)
w(234,1,0,0)
w(235,1,0,0)
w(236,1,0,0)
w(237,1,0,0)
w(238,1,0,0)
w(239,1,0,0)
w(240,1,0,0)
w(241,1,0,0)
w(242,1,0,0)
w(243,1,0,0)
w(244,1,0,0)
w(245,1,0,0)
w(246,1,0,0)
w(247,1,0,0)
w(248,1,0,0)
w(249,1,0,0)
w(250,1,0,0)
w(251,1,0,0)
w(252,1,0,0)
w(253,1,0,0)
w(254,1,0,0)
w(255,1,0,0)
w(256,1,0,0)
w(257,1,0,0)
w(258,1,0,0)
w(259,1,0,0)
w(260,1,0,0)
w(261,1,0,0)
w(262,1,0,0)
w(263,1,0,0)
w(264,1,0,0)
w(265,1,0,0)
w(266,1,0,0)
w(267,1,0,0)
w(268,1,0,0)
w(269,1,0,0)
w(270,1,0,0)
w(271,1,0,0)
w(272,1,0,0)
w(273,1,0,0)
w(274,1,0,0)
w(275,1,0,0)
w(276,1,0,0)
w(277,1,0,0)
w(278,1,0,0)
w(279,1,0,0)
w(280,1,0,0)
w(281,1,0,0)
w(282,1,0,0)
w(283,1,0,0)
w(284,1,0,0)
w(285,1,0,0)
w(286,1,0,0)
w(287,1,0,0)
w(288,1,0,0)
w(289,1,0,0)
w(290,1,0,0)
w(291,1,0,0)
w(292,1,0,0)
w(293,1,0,0)
w(294,1,0,0)
w(295,1,0,0)
w(296,1,0,0)
w(297,1,0,0)
w(298,1,0,0)
w(299,1,0,0)
w(300,1,0,0)
w(301,1,0,0)
w(302,1,0,0)
w(303,1,0,0)
w(304,1,0,0)
w(305,1,0,0)
w(306,1,0,0)
w(307,1,0,0)
w(308,1,0,0)
w(309,1,0,0)
w(310,1,0,0)
w(311,1,0,0)
w(312,1,0,0)
w(313,1,0,0)
w(314,1,0,0)
w(315,1,0,0)
w(316,1,0,0)
w(317,1,0,0)
w(318,1,0,0)
w(319,1,0,0)
w(320,1,0,0)
w(321,1,0,0)
w(322,1,0,0)
w(323,1,0,0)
w(324,1,0,0)
w(325,1,0,0)
w(326,1,0,0)
w(327,1,0,0)
w(328,1,0,0)
w(329,1,0,0)
w(330,1,0,0)
w(331,1,0,0)
w(332,1,0,0)
w(333,1,0,0)
w(334,1,0,0)
w(335,1,0,0)
w(336,1,0,0)
w(337,1,0,0)
w(338,1,0,0)
w(339,1,0,0)
w(340,1,0,0)
w(341,1,0,0)
w(342,1,0,0)
w(343,1,0,0)
w(344,1,0,0)
w(345,1,0,0)
w(346,1,0,0)
w(347,1,0,0)
w(348,1,0,0)
w(349,1,0,0)
w(350,1,0,0)
w(351,1,0,0)
w(352,1,0,0)
w(353,1,0,0)
w(354,1,0,0)
w(355,1,0,0)
w(356,1,0,0)
w(357,1,0,0)
w(358,1,0,0)
w(359,1,0,0)
w(360,1,0,0)
w(361,1,0,0)
w(362,1,0,0)
w(363,1,0,0)
w(364,1,0,0)
w(365,1,0,0)
w(366,1,0,0)
w(367,1,0,0)
w(368,1,0,0)
w(369,1,0,0)
w(370,1,0,0)
w(371,1,0,0)
w(372,1,0,0)
w(373,1,0,0)
w(374,1,0,0)
w(375,1,0,0)
w(376,1,0,0)
w(377,1,0,0)
w(378,1,0,0)
w(379,1,0,0)
w(380,1,0,0)
w(381,1,0,0)
w(382,1,0,0)
w(383,1,0,0)
w(384,1,0,0)
w(385,1,0,0)
w(386,1,0,0)
w(387,1,0,0)
w(388,1,0,0)
w(389,1,0,0)
w(390,1,0,0)
w(391,1,0,0)
w(392,1,0,0)
w(393,1,0,0)
w(394,1,0,0)
w(395,1,0,0)
w(396,1,0,0)
w(397,1,0,0)
w(398,1,0,0)
w(399,1,0,0)
w(400,1,0,0)
w(401,1,0,0)
w(402,1,0,0)
w(403,1,0,0)
w(404,1,0,0)
w(405,1,0,0)
w(406,1,0,0)
w(407,1,0,0)
w(408,1,0,0)
w(409,1,0,0)
w(410,1,0,0)
w(411,1,0,0)
w(412,1,0,0)
w(413,1,0,0)
w(414,1,0,0)
w(415,1,0,0)
w(416,1,0,0)
w(417,1,0,0)
w(418,1,0,0)
w(419,1,0,0)
w(420,1,0,0)
w(421,1,0,0)
w(422,1,0,0)
w(423,1,0,0)
w(424,1,0,0)
w(425,1,0,0)
w(426,1,0,0)
w(427,1,0,0)
w(428,1,0,0)
w(429,1,0,0)
w(430,1,0,0)
w(431,1,0,0)
w(432,1,0,0)
w(433,1,0,0)
w(434,1,0,0)
w(435,1,0,0)
w(436,1,0,0)
w(437,1,0,0)
w(438,1,0,0)
w(439,1,0,0)
w(440,1,0,0)
w(441,1,0,0)
w(442,1,0,0)
w(443,1,0,0)
w(444,1,0,0)
w(445,1,0,0)
w(446,1,0,0)
w(447,1,0,0)
w(448,1,0,0)
w(449,1,0,0)
w(450,1,0,0)
w(451,1,0,0)
w(452,1,0,0)
w(453,1,0,0)
w(454,1,0,0)
w(455,1,0,0)
w(456,1,0,0)
w(457,1,0,0)
w(458,1,0,0)
w(459,1,0,0)
w(460,1,0,0)
w(461,1,0,0)
w(462,1,0,0)
w(463,1,0,0)
w(464,1,0,0)
w(465,1,0,0)
w(466,1,0,0)
w(467,1,0,0)
w(468,1,0,0)
w(469,1,0,0)
w(470,1,0,0)
w(471,1,0,0)
w(472,1,0,0)
w(473,1,0,0)
w(474,1,0,0)
w(475,1,0,0)
w(476,1,0,0)
w(477,1,0,0)
w(478,1,0,0)
w(479,1,0,0)
w(480,1,0,0)
w(481,1,0,0)
w(482,1,0,0)
w(483,1,0,0)
w(484,1,0,0)
w(485,1,0,0)
w(486,1,0,0)
w(487,1,0,0)
w(488,1,0,0)
w(489,1,0,0)
w(490,1,0,0)
w(491,1,0,0)
w(492,1,0,0)
w(493,1,0,0)
w(494,1,0,0)
w(495,1,0,0)
w(496,1,0,0)
w(497,1,0,0)
w(498,1,0,0)
w(499,1,0,0)
w(500,1,0,0)
w(501,1,0,0)
w(502,1,0,0)
w(503,1,0,0)
w(504,1,0,0)
w(505,1,0,0)
w(506,1,0,0)
w(507,1,0,0)
w(508,1,0,0)
w(509,1,0,0)
w(510,1,0,0)
w(511,1,0,0)
w(512,1,0,0)
w(513,1,0,0)
w(514,1,0,0)
w(515,1,0,0)
w(516,1,0,0)
w(517,1,0,0)
w(518,1,0,0)
w(519,1,0,0)
w(520,1,0,0)
w(521,1,0,0)
w(522,1,0,0)
w(523,1,0,0)
w(524,1,0,0)
w(525,1,0,0)
w(526,1,0,0)
w(527,1,0,0)
w(528,1,0,0)
w(529,1,0,0)
w(530,1,0,0)
w(531,1,0,0)
w(532,1,0,0)
w(533,1,0,0)
w(534,1,0,0)
w(535,1,0,0)
w(536,1,0,0)
w(537,1,0,0)
w(538,1,0,0)
w(539,1,0,0)
w(540,1,0,0)
w(268,2,1,1)
w(252,2,1,1)
w(539,2,1,1)
w(247,2,1,1)
r(510,1,1,1)
w(412,2,1,1)
w(4,2,1,1)
r(6,1,1,1)
r(45,1,1,1)
r(207,1,1,1)
w(288,2,1,1)
r(213,1,1,1)
r(447,1,1,1)
r(231,1,1,1)
w(13,2,1,1)
w(12,2,1,1)
r(433,3,1,1)
r(285,1,1,1)
r(394,1,1,1)
r(248,1,1,1)
w(303,2,2,2)
r(182,1,2,2)
r(441,1,2,2)
r(203,1,2,2)
r(274,1,2,2)
w(317,2,2,2)
r(370,1,2,2)
r(487,1,2,2)
r(426,1,2,2)
r(2,1,2,2)
w(505,2,2,2)
w(348,5,2,2)
r(255,1,2,2)
r(112,1,2,2)
w(341,2,2,2)
r(36,1,2,2)
w(320,5,2,2)
w(406,5,2,2)
r(391,1,2,2)
w(117,5,2,2)
w(364,2,3,3)
r(483,1,3,3)
w(270,5,3,3)
r(291,1,3,3)
r(490,1,3,3)
r(311,1,3,3)
r(108,1,3,3)
r(285,1,3,3)
w(197,2,3,3)
w(252,5,3,3)
w(341,5,3,3)
r(379,1,3,3)
w(474,2,3,3)
r(156,1,3,3)
r(248,1,3,3)
w(17,3,3,3)
r(466,1,3,3)
w(396,5,3,3)
w(477,5,3,3)
r(176,1,3,3)
w(86,2,4,4)
r(55,1,4,4)
w(58,8,4,4)
r(496,1,4,4)
r(146,1,4,4)
w(7,2,4,4)
r(358,1,4,4)
w(290,3,4,4)
r(55,1,4,4)
r(418,1,4,4)
w(527,5,4,4)
r(20,1,4,4)
w(462,8,4,4)
w(498,3,4,4)
w(400,4,4,4)
w(423,3,4,4)
w(357,4,4,4)
w(226,4,4,4)
w(169,5,4,4)
w(494,3,4,4)
r(241,1,5,5)
r(203,2,5,5)
r(30,1,5,5)
w(344,4,5,5)
r(69,1,5,5)
r(171,1,5,5)
w(33,5,5,5)
r(27,1,5,5)
r(62,1,5,5)
r(240,1,5,5)
r(385,1,5,5)
w(473,4,5,5)
r(46,1,5,5)
w(374,5,5,5)
w(249,2,5,5)
r(498,2,5,5)
w(17,8,5,5)
r(524,1,5,5)
w(78,3,5,5)
w(315,3,5,5)
w(211,5,6,6)
r(344,1,6,6)
w(509,3,6,6)
w(123,2,6,6)
w(263,5,6,6)
r(19,1,6,6)
w(90,8,6,6)
r(67,1,6,6)
r(310,1,6,6)
w(238,6,6,6)
w(150,5,6,6)
r(527,5,6,6)
w(454,3,6,6)
r(237,1,6,6)
w(362,6,6,6)
r(243,1,6,6)
w(186,8,6,6)
w(191,11,6,6)
r(328,1,6,6)
r(451,1,6,6)
r(333,1,7,7)
w(503,2,7,7)
w(449,8,7,7)
r(253,1,7,7)
w(41,6,7,7)
w(126,6,7,7)
w(151,5,7,7)
w(381,4,7,7)
r(438,1,7,7)
r(79,1,7,7)
w(5,4,7,7)
r(2,1,7,7)
r(508,1,7,7)
r(123,2,7,7)
w(8,5,7,7)
r(451,1,7,7)
r(24,1,7,7)
w(259,3,7,7)
r(435,1,7,7)
r(390,1,7,7)
w(213,3,8,8)
w(521,8,8,8)
r(324,1,8,8)
r(295,2,8,8)
r(458,1,8,8)
w(138,4,8,8)
w(41,9,8,8)
w(205,9,8,8)
w(513,4,8,8)
w(345,4,8,8)
r(211,5,8,8)
r(49,1,8,8)
r(304,1,8,8)
w(217,8,8,8)
w(185,6,8,8)
r(278,1,8,8)
r(261,1,8,8)
r(3,1,8,8)
w(328,9,8,8)
r(402,4,8,8)
r(74,1,9,9)
r(155,1,9,9)
w(398,3,9,9)
w(133,3,9,9)
w(496,4,9,9)
w(74,11,9,9)
w(433,3,9,9)
w(163,7,9,9)
w(297,3,9,9)
r(68,1,9,9)
r(121,1,9,9)
r(441,1,9,9)
w(68,6,9,9)
r(370,1,9,9)
r(26,1,9,9)
r(488,1,9,9)
r(265,1,9,9)
w(369,8,9,9)
w(338,9,9,9)
r(36,1,9,9)
w(140,2,1,10)
w(93,2,1,10)
r(409,1,1,10)
r(66,1,1,10)
w(479,2,1,10)
w(463,2,1,10)
r(457,1,1,10)
r(339,1,1,10)
w(347,2,1,10)
w(295,2,1,10)
r(512,1,1,10)
w(66,2,1,10)
w(74,2,1,10)
r(207,1,1,10)
r(300,1,1,10)
r(496,4,1,10)
w(210,2,1,10)
w(88,2,1,10)
r(285,1,1,10)
r(488,1,1,10)
r(538,1,2,11)
w(199,2,2,11)
w(365,2,2,11)
w(470,2,2,11)
r(280,1,2,11)
w(528,5,2,11)
w(481,2,2,11)
r(445,1,2,11)
r(388,1,2,11)
w(279,2,2,11)
r(461,1,2,11)
w(276,2,2,11)
r(357,4,2,11)
r(64,1,2,11)
r(91,1,2,11)
r(233,1,2,11)
r(167,1,2,11)
r(497,1,2,11)
w(9,5,2,11)
r(356,8,2,11)
r(364,2,3,12)
r(130,1,3,12)
r(427,1,3,12)
w(193,5,3,12)
w(489,2,3,12)
w(22,3,3,12)
w(97,5,3,12)
r(466,1,3,12)
r(501,1,3,12)
w(28,3,3,12)
w(288,4,3,12)
r(54,1,3,12)
r(437,7,3,12)
w(418,2,3,12)
r(32,1,3,12)
r(87,1,3,12)
r(257,1,3,12)
r(378,1,3,12)
w(462,3,3,12)
w(361,2,3,12)
r(359,1,4,13)
r(2,1,4,13)
r(322,1,4,13)
r(428,1,4,13)
w(203,2,4,13)
r(471,1,4,13)
r(62,1,4,13)
w(342,4,4,13)
r(28,1,4,13)
w(389,5,4,13)
w(188,8,4,13)
w(460,8,4,13)
r(391,1,4,13)
r(228,1,4,13)
w(151,2,4,13)
w(529,3,4,13)
w(159,6,4,13)
r(530,1,4,13)
w(18,5,4,13)
r(233,1,4,13)
w(282,8,5,14)
r(16,8,5,14)
w(18,8,5,14)
r(447,1,5,14)
w(357,8,5,14)
w(367,3,5,14)
r(502,1,5,14)
w(214,8,5,14)
r(274,1,5,14)
r(98,1,5,14)
r(84,1,5,14)
r(430,2,5,14)
w(474,5,5,14)
w(69,2,5,14)
r(53,1,5,14)
w(317,3,5,14)
r(436,1,5,14)
r(113,1,5,14)
r(194,1,5,14)
r(62,1,5,14)
r(310,1,6,15)
w(319,4,6,15)
w(313,7,6,15)
r(293,1,6,15)
w(65,3,6,15)
r(326,1,6,15)
w(172,8,6,15)
r(296,1,6,15)
r(277,1,6,15)
r(257,1,6,15)
r(446,1,6,15)
w(383,3,6,15)
w(234,6,6,15)
w(100,4,6,15)
r(538,1,6,15)
w(199,4,6,15)
w(238,9,6,15)
w(64,5,6,15)
w(175,4,6,15)
w(372,4,6,15)
r(211,5,7,16)
w(475,2,7,16)
r(188,11,7,16)
r(122,1,7,16)
w(331,3,7,16)
r(443,1,7,16)
w(104,6,7,16)
w(365,4,7,16)
w(107,4,7,16)
w(87,5,7,16)
r(287,1,7,16)
w(446,2,7,16)
r(142,1,7,16)
w(279,4,7,16)
r(430,1,7,16)
w(276,4,7,16)
w(496,5,7,16)
r(45,1,7,16)
w(49,8,7,16)
r(368,1,7,16)
r(411,1,8,17)
w(150,8,8,17)
w(515,5,8,17)
w(418,9,8,17)
r(296,1,8,17)
w(105,8,8,17)
r(60,4,8,17)
w(407,6,8,17)
w(233,3,8,17)
r(95,1,8,17)
r(33,5,8,17)
r(72,1,8,17)
r(109,1,8,17)
r(519,1,8,17)
w(497,7,8,17)
r(55,1,8,17)
r(356,8,8,17)
w(110,4,8,17)
w(230,8,8,17)
r(314,5,8,17)
w(184,11,9,18)
w(356,8,9,18)
w(221,4,9,18)
w(441,6,9,18)
r(119,1,9,18)
w(505,7,9,18)
w(188,11,9,18)
r(317,2,9,18)
w(21,10,9,18)
r(432,1,9,18)
w(522,6,9,18)
w(401,9,9,18)
w(318,4,9,18)
r(101,1,9,18)
r(416,1,9,18)
w(40,5,9,18)
w(437,7,9,18)
w(402,4,9,18)
r(95,1,9,18)
r(105,1,9,18)
r(331,1,1,19)
w(106,2,1,19)
w(381,2,1,19)
w(227,2,1,19)
r(502,1,1,19)
w(379,2,1,19)
r(231,1,1,19)
r(377,1,1,19)
w(15,2,1,19)
w(216,2,1,19)
w(51,2,1,19)
w(243,2,1,19)
r(344,1,1,19)
r(344,1,1,19)
w(248,2,1,19)
w(137,2,1,19)
w(312,2,1,19)
r(61,1,1,19)
r(463,2,1,19)
r(481,2,1,19)
r(372,4,2,20)
w(166,5,2,20)
w(61,2,2,20)
w(534,2,2,20)
w(58,5,2,20)
w(423,2,2,20)
r(143,1,2,20)
w(313,3,2,20)
r(514,1,2,20)
w(41,5,2,20)
w(400,5,2,20)
w(41,3,2,20)
w(439,2,2,20)
r(115,1,2,20)
w(512,2,2,20)
r(140,2,2,20)
r(395,1,2,20)
r(528,5,2,20)
r(523,2,2,20)
r(71,1,2,20)
r(24,2,3,21)
r(350,1,3,21)
r(25,1,3,21)
w(189,4,3,21)
r(414,1,3,21)
r(397,1,3,21)
r(151,5,3,21)
r(173,1,3,21)
r(119,1,3,21)
r(42,1,3,21)
w(104,3,3,21)
r(137,2,3,21)
w(24,3,3,21)
w(145,5,3,21)
r(370,1,3,21)
r(200,1,3,21)
w(384,5,3,21)
w(183,2,3,21)
w(17,4,3,21)
w(324,3,3,21)
r(407,1,4,22)
r(188,11,4,22)
r(87,1,4,22)
w(201,5,4,22)
r(101,1,4,22)
r(207,1,4,22)
w(412,4,4,22)
r(165,1,4,22)
w(530,5,4,22)
w(362,8,4,22)
r(239,1,4,22)
w(377,5,4,22)
r(347,2,4,22)
w(341,4,4,22)
w(63,4,4,22)
w(351,5,4,22)
r(461,1,4,22)
r(63,4,4,22)
w(132,5,4,22)
w(470,3,4,22)
r(218,2,5,23)
w(441,5,5,23)
w(264,3,5,23)
r(335,1,5,23)
r(432,1,5,23)
r(23,1,5,23)
r(89,8,5,23)
w(472,2,5,23)
r(194,6,5,23)
w(347,4,5,23)
w(172,3,5,23)
w(207,3,5,23)
r(90,8,5,23)
r(449,8,5,23)
w(518,8,5,23)
r(195,3,5,23)
w(254,3,5,23)
w(232,3,5,23)
r(70,5,5,23)
r(237,1,5,23)
r(497,2,6,24)
r(219,1,6,24)
w(242,3,6,24)
w(51,8,6,24)
w(70,5,6,24)
r(171,1,6,24)
w(16,8,6,24)
r(353,1,6,24)
w(267,2,6,24)
r(179,1,6,24)
r(432,1,6,24)
r(499,1,6,24)
w(497,6,6,24)
r(263,5,6,24)
r(303,2,6,24)
r(527,5,6,24)
r(8,5,6,24)
r(27,1,6,24)
r(231,1,6,24)
w(314,5,6,24)
r(148,1,7,25)
r(181,1,7,25)
w(539,3,7,25)
w(209,5,7,25)
r(239,1,7,25)
w(231,8,7,25)
r(161,1,7,25)
r(5,4,7,25)
w(227,3,7,25)
r(385,1,7,25)
r(328,9,7,25)
r(142,1,7,25)
r(389,5,7,25)
r(351,5,7,25)
w(195,3,7,25)
r(223,1,7,25)
w(202,2,7,25)
r(206,1,7,25)
w(376,4,7,25)
r(286,1,7,25)
r(27,5,8,26)
w(407,9,8,26)
r(387,5,8,26)
r(354,2,8,26)
r(192,5,8,26)
w(158,3,8,26)
w(156,3,8,26)
w(247,8,8,26)
r(84,1,8,26)
w(212,8,8,26)
w(110,8,8,26)
r(450,2,8,26)
w(342,11,8,26)
w(14,6,8,26)
w(336,5,8,26)
w(361,8,8,26)
r(382,1,8,26)
w(379,5,8,26)
r(354,2,8,26)
w(412,7,8,26)
r(97,5,9,27)
r(235,1,9,27)
w(267,5,9,27)
w(26,7,9,27)
r(297,3,9,27)
r(374,1,9,27)
w(439,6,9,27)
w(11,7,9,27)
r(459,1,9,27)
r(523,1,9,27)
w(261,7,9,27)
w(112,4,9,27)
r(433,3,9,27)
r(213,3,9,27)
r(356,8,9,27)
r(96,1,9,27)
r(401,9,9,27)
w(60,4,9,27)
r(280,1,9,27)
w(89,8,9,27)
w(338,2,1,28)
r(511,1,1,28)
r(408,1,1,28)
r(427,1,1,28)
w(457,2,1,28)
r(342,4,1,28)
w(24,2,1,28)
r(515,1,1,28)
r(247,2,1,28)
r(271,1,1,28)
w(498,2,1,28)
w(417,2,1,28)
w(419,2,1,28)
r(80,1,1,28)
w(497,2,1,28)
w(153,2,1,28)
w(523,2,1,28)
r(433,3,1,28)
r(506,1,1,28)
r(152,1,1,28)
w(300,4,2,29)
w(188,3,2,29)
w(258,5,2,29)
r(33,5,2,29)
w(184,5,2,29)
r(174,1,2,29)
w(115,2,2,29)
w(445,2,2,29)
w(265,5,2,29)
w(309,3,2,29)
w(259,2,2,29)
r(189,4,2,29)
w(527,2,2,29)
r(442,1,2,29)
w(368,5,2,29)
w(323,3,2,29)
w(349,2,2,29)
r(343,1,2,29)
r(266,1,2,29)
w(37,2,2,29)
w(352,2,3,30)
r(222,3,3,30)
r(94,1,3,30)
r(475,2,3,30)
w(427,3,3,30)
r(170,1,3,30)
r(53,1,3,30)
r(344,4,3,30)
r(295,3,3,30)
w(125,5,3,30)
w(205,4,3,30)
r(273,1,3,30)
w(251,2,3,30)
w(189,8,3,30)
w(399,5,3,30)
w(83,5,3,30)
r(353,1,3,30)
w(358,3,3,30)
r(35,1,3,30)
w(375,2,3,30)
w(222,3,4,31)
r(20,1,4,31)
w(295,3,4,31)
w(185,5,4,31)
w(407,5,4,31)
w(76,2,4,31)
w(423,4,4,31)
w(407,3,4,31)
w(193,3,4,31)
r(128,1,4,31)
r(410,1,4,31)
w(317,5,4,31)
r(423,4,4,31)
w(12,3,4,31)
r(143,1,4,31)
w(367,5,4,31)
w(337,5,4,31)
r(194,1,4,31)
w(1,2,4,31)
r(64,5,4,31)
w(383,5,5,32)
w(494,4,5,32)
w(343,5,5,32)
w(332,4,5,32)
r(311,1,5,32)
r(229,1,5,32)
r(243,2,5,32)
r(351,5,5,32)
w(440,8,5,32)
r(244,1,5,32)
r(71,1,5,32)
r(328,6,5,32)
r(158,1,5,32)
w(185,3,5,32)
w(346,3,5,32)
w(135,6,5,32)
r(315,3,5,32)
r(360,1,5,32)
r(194,6,5,32)
r(197,2,5,32)
w(526,4,6,33)
w(299,4,6,33)
w(328,6,6,33)
w(194,6,6,33)
r(132,5,6,33)
r(54,1,6,33)
r(337,5,6,33)
r(32,1,6,33)
r(161,1,6,33)
r(372,4,6,33)
w(269,5,6,33)
r(73,1,6,33)
w(62,8,6,33)
w(448,5,6,33)
r(172,8,6,33)
w(196,5,6,33)
r(62,8,6,33)
r(10,1,6,33)
w(291,4,6,33)
r(38,1,6,33)
r(104,3,7,34)
w(253,4,7,34)
r(524,1,7,34)
w(441,4,7,34)
w(102,3,7,34)
w(183,3,7,34)
r(346,1,7,34)
r(413,1,7,34)
w(249,3,7,34)
w(57,4,7,34)
w(140,8,7,34)
w(266,8,7,34)
w(10,8,7,34)
w(205,6,7,34)
r(80,1,7,34)
r(538,1,7,34)
w(95,8,7,34)
w(301,4,7,34)
w(393,6,7,34)
w(318,5,7,34)
r(203,4,8,35)
r(220,2,8,35)
r(178,1,8,35)
w(435,3,8,35)
r(376,4,8,35)
w(68,4,8,35)
r(260,1,8,35)
w(35,3,8,35)
w(74,7,8,35)
w(229,5,8,35)
w(77,6,8,35)
r(151,5,8,35)
r(135,5,8,35)
r(526,4,8,35)
r(127,5,8,35)
r(310,1,8,35)
w(169,6,8,35)
w(421,9,8,35)
r(337,5,8,35)
r(204,5,8,35)
r(82,1,9,36)
r(540,1,9,36)
w(123,8,9,36)
r(22,3,9,36)
r(96,1,9,36)
r(407,3,9,36)
w(162,9,9,36)
r(147,1,9,36)
r(125,1,9,36)
w(304,7,9,36)
w(272,6,9,36)
r(151,5,9,36)
w(199,7,9,36)
r(257,1,9,36)
w(469,2,1,37)
w(342,2,1,37)
r(38,1,1,37)
w(430,2,1,37)
w(107,2,1,37)
w(117,2,1,37)
w(167,2,1,37)
w(184,2,1,37)
r(489,2,1,37)
r(383,3,1,37)
r(525,1,1,37)
w(454,2,1,37)
w(427,2,1,37)
r(427,2,1,37)
w(525,2,1,37)
w(416,2,1,37)
w(384,2,1,37)
r(216,2,1,37)
w(218,2,1,37)
r(20,1,1,37)
w(135,2,2,38)
w(131,3,2,38)
w(255,3,2,38)
r(53,1,2,38)
w(189,3,2,38)
w(514,2,2,38)
w(15,5,2,38)
r(161,1,2,38)
w(295,5,2,38)
r(117,2,2,38)
w(130,5,2,38)
w(224,2,2,38)
r(306,1,2,38)
w(49,5,2,38)
r(506,1,2,38)
w(22,5,2,38)
r(87,5,2,38)
w(294,2,2,38)
w(16,2,2,38)
r(393,1,2,38)
r(159,6,3,39)
w(186,5,3,39)
r(324,3,3,39)
w(164,3,3,39)
w(525,5,3,39)
w(347,3,3,39)
w(375,5,3,39)
w(271,2,3,39)
r(399,5,3,39)
r(298,1,3,39)
w(192,5,3,39)
r(120,1,3,39)
w(88,4,3,39)
w(320,3,3,39)
w(357,5,3,39)
r(415,1,3,39)
r(539,3,3,39)
r(252,5,3,39)
w(185,2,3,39)
w(438,2,3,39)
r(74,2,4,40)
w(19,5,4,40)
r(509,3,4,40)
r(286,1,4,40)
r(206,1,4,40)
w(413,2,4,40)
w(252,4,4,40)
r(115,2,4,40)
w(101,4,4,40)
w(464,5,4,40)
r(488,1,4,40)
w(342,8,4,40)
w(465,5,4,40)
r(350,1,4,40)
w(101,8,4,40)
w(504,6,4,40)
r(45,1,4,40)
r(93,2,4,40)
r(513,4,4,40)
r(161,1,4,40)
r(218,2,5,41)
w(163,5,5,41)
w(1,3,5,41)
r(72,1,5,41)
w(540,2,5,41)
r(208,1,5,41)
r(60,4,5,41)
w(306,5,5,41)
r(57,4,5,41)
w(477,3,5,41)
r(247,2,5,41)
w(110,5,5,41)
w(115,3,5,41)
w(474,3,5,41)
r(94,1,5,41)
r(75,1,5,41)
r(436,1,5,41)
w(196,2,5,41)
r(182,1,5,41)
w(259,5,5,41)
r(530,5,6,42)
w(504,11,6,42)
r(344,4,6,42)
w(250,3,6,42)
r(402,4,6,42)
w(43,4,6,42)
r(468,1,6,42)
r(12,3,6,42)
r(233,3,6,42)
w(430,3,6,42)
r(34,1,6,42)
w(273,3,6,42)
w(16,6,6,42)
r(452,1,6,42)
w(235,5,6,42)
r(92,1,6,42)
r(45,1,6,42)
w(323,7,6,42)
w(299,8,6,42)
w(510,8,6,42)
r(277,1,7,43)
w(2,3,7,43)
w(171,4,7,43)
r(260,1,7,43)
r(162,1,7,43)
w(396,8,7,43)
w(42,3,7,43)
r(296,1,7,43)
w(247,3,7,43)
w(252,6,7,43)
w(284,8,7,43)
r(283,1,7,43)
r(423,2,7,43)
w(240,8,7,43)
r(184,5,7,43)
w(261,8,7,43)
r(44,8,7,43)
w(279,8,7,43)
w(244,4,7,43)
w(235,3,7,43)
r(156,3,8,44)
r(414,1,8,44)
w(119,3,8,44)
w(302,4,8,44)
w(213,4,8,44)
r(29,1,8,44)
r(187,1,8,44)
r(302,4,8,44)
w(472,3,8,44)
r(398,5,8,44)
r(40,5,8,44)
r(334,2,8,44)
w(116,5,8,44)
w(199,6,8,44)
r(248,2,8,44)
w(332,8,8,44)
r(87,5,8,44)
r(506,4,8,44)
w(67,2,8,44)
w(382,3,8,44)
r(323,2,9,45)
w(231,9,9,45)
r(443,3,9,45)
w(99,6,9,45)
w(400,9,9,45)
w(380,3,9,45)
r(13,2,9,45)
r(486,1,9,45)
w(7,6,9,45)
r(114,1,9,45)
w(140,9,9,45)
w(203,4,9,45)
r(522,6,9,45)
r(260,1,9,45)
w(522,9,9,45)
w(257,8,9,45)
r(229,1,9,45)
r(518,8,9,45)
w(331,4,9,45)
w(315,8,9,45)
w(485,2,1,46)
w(238,2,1,46)
r(395,1,1,46)
r(24,3,1,46)
r(2,1,1,46)
r(125,5,1,46)
r(171,1,1,46)
w(478,2,1,46)
w(323,2,1,46)
r(513,4,1,46)
w(21,2,1,46)
r(80,1,1,46)
r(352,2,1,46)
r(520,1,1,46)
r(470,3,1,46)
r(91,1,1,46)
w(433,2,1,46)
w(65,2,1,46)
r(198,1,1,46)
w(466,2,1,46)
r(488,1,2,47)
w(95,3,2,47)
w(335,5,2,47)
r(42,1,2,47)
w(396,2,2,47)
w(289,2,2,47)
w(264,2,2,47)
r(253,4,2,47)
r(49,5,2,47)
r(100,4,2,47)
r(249,3,2,47)
r(93,2,2,47)
w(133,2,2,47)
w(539,5,2,47)
w(275,2,2,47)
r(522,6,2,47)
r(434,1,2,47)
r(514,2,2,47)
w(21,3,2,47)
r(439,2,2,47)
r(534,2,3,48)
w(266,5,3,48)
w(25,5,3,48)
r(335,1,3,48)
r(430,3,3,48)
w(199,5,3,48)
r(471,1,3,48)
r(539,3,3,48)
w(71,5,3,48)
w(362,3,3,48)
r(461,1,3,48)
r(372,4,3,48)
r(536,1,3,48)
r(436,1,3,48)
r(514,2,3,48)
w(134,5,3,48)
r(339,1,3,48)
r(514,2,3,48)
w(276,5,3,48)
r(18,8,3,48)
w(351,3,4,49)
w(149,2,4,49)
w(425,8,4,49)
r(489,2,4,49)
w(294,3,4,49)
r(142,1,4,49)
r(257,1,4,49)
r(245,1,4,49)
r(48,1,4,49)
r(262,1,4,49)
r(402,5,4,49)
r(538,1,4,49)
w(511,3,4,49)
r(447,1,4,49)
r(357,5,4,49)
r(103,1,4,49)
w(348,4,4,49)
w(16,4,4,49)
w(290,4,4,49)
r(104,3,5,50)
r(126,6,5,50)
r(446,2,5,50)
r(164,3,5,50)
r(146,2,5,50)
w(364,5,5,50)
r(336,1,5,50)
r(203,2,5,50)
r(113,1,5,50)
r(53,1,5,50)
r(407,6,5,50)
w(443,3,5,50)
w(140,4,5,50)
w(345,5,5,50)
w(360,5,5,50)
w(139,4,5,50)
w(388,4,5,50)
r(484,1,5,50)
r(453,1,5,50)
w(172,4,5,50)
r(168,1,6,51)
r(59,1,6,51)
w(402,5,6,51)
r(16,2,6,51)
w(466,4,6,51)
w(146,2,6,51)
r(389,5,6,51)
w(377,4,6,51)
r(278,1,6,51)
r(151,5,6,51)
w(387,5,6,51)
w(56,5,6,51)
w(150,3,6,51)
r(297,3,6,51)
r(386,1,6,51)
r(123,2,6,51)
r(287,1,6,51)
w(180,5,6,51)
w(501,3,6,51)
r(525,5,6,51)
r(117,2,7,52)
r(267,2,7,52)
r(317,3,7,52)
r(413,2,7,52)
w(429,3,7,52)
r(376,4,7,52)
r(500,1,7,52)
r(55,1,7,52)
w(478,4,7,52)
r(142,1,7,52)
w(376,8,7,52)
r(195,3,7,52)
r(78,3,7,52)
r(457,2,7,52)
w(241,8,7,52)
w(399,4,7,52)
r(529,3,7,52)
w(215,4,7,52)
r(14,6,7,52)
w(219,4,7,52)
w(491,3,8,53)
r(105,8,8,53)
r(454,2,8,53)
r(403,1,8,53)
r(395,1,8,53)
w(342,10,8,53)
r(306,5,8,53)
r(454,2,8,53)
r(181,1,8,53)
r(277,1,8,53)
w(9,6,8,53)
w(527,7,8,53)
w(493,6,8,53)
w(93,6,8,53)
r(105,8,8,53)
r(234,6,8,53)
w(418,7,8,53)
r(522,9,8,53)
r(31,3,8,53)
w(48,4,8,53)
r(405,1,9,54)
r(145,5,9,54)
w(321,4,9,54)
r(409,1,9,54)
w(244,8,9,54)
w(230,6,9,54)
r(292,1,9,54)
r(303,2,9,54)
w(387,3,9,54)
r(416,2,9,54)
r(445,5,9,54)
w(460,9,9,54)
w(80,8,9,54)
w(512,8,9,54)
r(137,2,9,54)
w(6,8,9,54)
w(254,8,9,54)
w(69,8,9,54)
w(67,5,9,54)
r(57,4,9,54)
w(77,2,1,55)
r(205,6,1,55)
w(494,2,1,55)
w(416,5,1,55)
r(443,3,1,55)
r(88,4,1,55)
w(99,5,1,55)
r(469,3,1,55)
r(477,3,1,55)
r(74,7,1,55)
r(94,1,1,55)
r(306,5,1,55)
r(254,8,1,55)
w(101,2,1,55)
r(502,1,1,55)
r(444,1,1,55)
r(92,1,1,55)
w(18,2,1,55)
w(152,2,1,55)
r(49,3,1,55)
r(376,4,2,56)
w(83,2,2,56)
r(389,5,2,56)
w(411,2,2,56)
w(272,2,2,56)
r(191,11,2,56)
r(361,2,2,56)
r(218,2,2,56)
r(323,2,2,56)
r(148,1,2,56)
r(352,2,2,56)
w(507,2,2,56)
r(414,1,2,56)
r(320,3,2,56)
w(509,2,2,56)
w(339,2,2,56)
w(31,5,2,56)
w(157,2,2,56)
r(281,1,2,56)
r(387,5,2,56)
w(341,3,3,57)
w(161,2,3,57)
r(473,4,3,57)
r(241,1,3,57)
w(438,5,3,57)
r(374,5,3,57)
w(121,5,3,57)
w(510,4,3,57)
r(131,3,3,57)
r(126,6,3,57)
w(456,2,3,57)
w(214,3,3,57)
r(296,1,3,57)
w(354,2,3,57)
r(407,6,3,57)
w(156,2,3,57)
r(182,3,3,57)
w(197,5,3,57)
w(439,5,3,57)
r(367,3,3,57)
w(506,3,4,58)
w(396,3,4,58)
w(65,5,4,58)
w(370,2,4,58)
w(106,4,4,58)
w(334,4,4,58)
w(167,3,4,58)
w(131,4,4,58)
r(234,6,4,58)
r(445,5,4,58)
w(236,5,4,58)
r(166,5,4,58)
r(14,1,4,58)
w(165,2,4,58)
w(134,3,4,58)
w(437,5,4,58)
w(398,5,4,58)
r(240,8,4,58)
r(472,2,4,58)
r(287,1,4,58)
r(29,1,5,59)
r(191,11,5,59)
r(249,3,5,59)
w(33,3,5,59)
r(152,1,5,59)
r(43,4,5,59)
r(138,4,5,59)
r(526,4,5,59)
w(313,6,5,59)
r(264,2,5,59)
w(45,3,5,59)
r(70,5,5,59)
w(27,5,5,59)
w(31,3,5,59)
r(340,1,5,59)
w(445,5,5,59)
r(512,2,5,59)
r(116,1,5,59)
r(208,1,5,59)
w(345,3,5,59)
w(76,5,6,60)
w(44,8,6,60)
w(182,3,6,60)
w(270,4,6,60)
r(181,1,6,60)
r(509,3,6,60)
w(450,2,6,60)
r(522,6,6,60)
w(25,4,6,60)
w(402,3,6,60)
w(293,4,6,60)
w(468,8,6,60)
w(100,8,6,60)
r(270,4,6,60)
w(313,11,6,60)
r(312,2,6,60)
w(351,4,6,60)
r(110,5,6,60)
w(25,8,6,60)
w(279,5,6,60)
r(374,5,7,61)
w(11,8,7,61)
r(88,4,7,61)
w(228,5,7,61)
r(241,8,7,61)
w(271,5,7,61)
r(13,5,7,61)
w(175,6,7,61)
r(216,2,7,61)
r(115,3,7,61)
w(336,2,7,61)
w(374,4,7,61)
r(423,2,7,61)
r(140,9,7,61)
r(529,3,7,61)
r(370,2,7,61)
r(352,2,7,61)
w(156,5,7,61)
r(169,6,7,61)
w(489,4,7,61)
r(388,9,8,62)
r(105,8,8,62)
r(92,1,8,62)
w(259,8,8,62)
r(8,2,8,62)
r(213,4,8,62)
r(281,1,8,62)
r(421,4,8,62)
r(137,2,8,62)
w(263,4,8,62)
r(438,5,8,62)
r(225,1,8,62)
w(520,3,8,62)
w(70,3,8,62)
w(138,8,8,62)
r(11,8,8,62)
r(172,4,8,62)
w(422,8,8,62)
r(467,5,8,62)
r(362,3,8,62)
w(247,9,9,63)
w(292,9,9,63)
r(253,3,9,63)
w(471,8,9,63)
r(192,5,9,63)
w(258,8,9,63)
w(384,8,9,63)
w(33,8,9,63)
w(261,11,9,63)
w(525,6,9,63)
r(90,4,1,64)
w(12,5,1,64)
w(13,5,1,64)
w(262,2,1,64)
r(374,5,1,64)
w(273,2,1,64)
r(475,2,1,64)
w(60,2,1,64)
w(71,2,1,64)
r(113,1,1,64)
w(188,2,1,64)
w(330,2,1,64)
w(124,2,1,64)
r(430,3,1,64)
w(58,2,1,64)
w(104,5,1,64)
r(148,2,1,64)
w(290,2,1,64)
w(378,2,1,64)
w(463,5,1,64)
r(254,3,2,65)
w(372,3,2,65)
w(304,3,2,65)
r(236,1,2,65)
w(312,5,2,65)
r(104,3,2,65)
r(534,2,2,65)
r(414,1,2,65)
r(13,2,2,65)
w(381,5,2,65)
r(334,1,2,65)
r(207,3,2,65)
w(282,2,2,65)
w(510,3,2,65)
r(157,2,2,65)
w(6,2,2,65)
r(53,1,2,65)
r(120,1,2,65)
r(36,1,2,65)
r(238,2,2,65)
r(470,4,3,66)
w(282,5,3,66)
r(204,1,3,66)
r(284,8,3,66)
w(177,5,3,66)
w(101,3,3,66)
r(336,1,3,66)
w(285,2,3,66)
w(4,5,3,66)
w(41,4,3,66)
w(132,2,3,66)
w(533,2,3,66)
w(199,3,3,66)
r(26,7,3,66)
r(83,2,3,66)
r(402,3,3,66)
r(173,1,3,66)
r(234,6,3,66)
r(455,1,3,66)
r(43,4,3,66)
r(464,5,4,67)
r(484,1,4,67)
r(30,1,4,67)
w(207,5,4,67)
w(467,8,4,67)
r(378,1,4,67)
w(404,3,4,67)
r(488,1,4,67)
w(244,2,4,67)
w(148,2,4,67)
w(265,3,4,67)
w(21,8,4,67)
r(253,4,4,67)
r(178,1,4,67)
r(365,4,4,67)
r(65,5,4,67)
w(521,5,4,67)
w(141,5,4,67)
w(243,5,4,67)
w(74,8,4,67)
w(108,8,5,68)
r(224,2,5,68)
w(470,4,5,68)
r(206,1,5,68)
r(525,5,5,68)
w(243,3,5,68)
r(422,1,5,68)
w(486,4,5,68)
w(18,6,5,68)
w(135,9,5,68)
w(517,2,5,68)
r(425,1,5,68)
r(515,5,5,68)
w(69,5,5,68)
w(241,5,5,68)
w(425,9,5,68)
w(300,6,5,68)
w(149,5,5,68)
r(63,4,5,68)
w(447,2,5,68)
w(164,9,6,69)
w(32,2,6,69)
r(75,1,6,69)
w(257,3,6,69)
w(492,7,6,69)
r(496,5,6,69)
w(129,8,6,69)
w(285,5,6,69)
r(471,1,6,69)
w(428,5,6,69)
r(381,5,6,69)
r(320,3,6,69)
r(358,3,6,69)
w(274,2,6,69)
r(468,8,6,69)
w(201,8,6,69)
w(499,8,6,69)
r(28,3,6,69)
w(241,4,6,69)
r(376,4,6,69)
w(454,8,7,70)
w(396,6,7,70)
r(514,3,7,70)
r(43,4,7,70)
w(178,3,7,70)
w(170,6,7,70)
r(99,5,7,70)
w(28,9,7,70)
r(121,4,7,70)
r(170,6,7,70)
r(100,8,7,70)
r(480,1,7,70)
r(45,9,7,70)
w(230,4,7,70)
w(171,8,7,70)
r(367,3,7,70)
r(93,6,7,70)
r(20,1,7,70)
w(425,7,7,70)
w(113,6,7,70)
w(450,5,8,71)
r(370,2,8,71)
r(302,5,8,71)
w(222,6,8,71)
r(197,5,8,71)
r(13,5,8,71)
w(304,9,8,71)
r(450,5,8,71)
w(190,4,8,71)
w(76,4,8,71)
w(119,4,8,71)
w(293,8,8,71)
r(138,8,8,71)
r(243,5,8,71)
w(33,4,8,71)
w(167,6,8,71)
w(471,5,8,71)
r(101,2,8,71)
r(8,2,8,71)
r(293,8,8,71)
r(183,5,9,72)
r(19,2,9,72)
r(79,1,9,72)
w(32,3,9,72)
w(503,5,9,72)
w(30,5,9,72)
w(207,9,9,72)
w(291,8,9,72)
r(225,1,9,72)
w(45,9,9,72)
r(453,4,9,72)
w(240,6,9,72)
w(104,10,9,72)
w(83,4,9,72)
w(388,9,9,72)
w(399,6,9,72)
r(486,4,9,72)
w(176,4,9,72)
r(480,1,9,72)
r(205,6,9,72)
r(211,5,1,73)
r(503,5,1,73)
w(433,5,1,73)
w(130,2,1,73)
r(404,3,1,73)
w(63,2,1,73)
r(424,2,1,73)
r(299,5,1,73)
w(255,2,1,73)
w(186,2,1,73)
w(492,2,1,73)
w(188,5,1,73)
w(307,2,1,73)
w(504,2,1,73)
r(345,3,1,73)
r(31,3,1,73)
w(362,2,1,73)
w(326,5,1,73)
w(111,2,1,73)
r(170,7,1,73)
r(264,2,2,74)
r(418,9,2,74)
w(330,5,2,74)
w(261,5,2,74)
r(165,2,2,74)
w(304,4,2,74)
w(204,5,2,74)
w(17,5,2,74)
w(334,2,2,74)
r(431,1,2,74)
r(202,2,2,74)
r(362,3,2,74)
w(412,3,2,74)
w(82,2,2,74)
w(74,3,2,74)
w(49,3,2,74)
r(322,1,2,74)
r(486,4,2,74)
r(295,5,2,74)
w(424,2,2,74)
w(213,5,3,75)
r(183,3,3,75)
w(13,4,3,75)
r(46,1,3,75)
r(428,1,3,75)
r(423,2,3,75)
w(432,5,3,75)
w(19,2,3,75)
w(324,4,3,75)
w(135,5,3,75)
r(276,5,3,75)
w(129,2,3,75)
w(299,5,3,75)
w(58,3,3,75)
r(42,3,3,75)
r(55,1,3,75)
r(57,4,3,75)
w(61,3,3,75)
w(26,3,3,75)
r(86,2,3,75)
r(520,1,4,76)
w(335,4,4,76)
w(152,3,4,76)
r(326,1,4,76)
w(436,5,4,76)
r(89,8,4,76)
r(450,2,4,76)
r(254,8,4,76)
w(129,5,4,76)
r(47,1,4,76)
w(233,2,4,76)
w(28,8,4,76)
w(418,5,4,76)
r(206,5,4,76)
r(238,2,4,76)
r(209,5,4,76)
r(347,3,4,76)
w(37,3,4,76)
w(502,2,4,76)
r(312,5,4,76)
w(90,4,5,77)
r(457,2,5,77)
r(284,8,5,77)
r(433,2,5,77)
w(52,5,5,77)
w(505,4,5,77)
r(430,3,5,77)
r(447,2,5,77)
w(412,6,5,77)
r(3,1,5,77)
r(411,2,5,77)
r(387,5,5,77)
r(524,1,5,77)
r(136,1,5,77)
w(350,5,5,77)
r(261,5,5,77)
w(266,3,5,77)
w(469,3,5,77)
w(494,8,5,77)
w(508,2,5,77)
r(183,5,6,78)
w(85,3,6,78)
w(393,8,6,78)
r(350,5,6,78)
w(253,3,6,78)
w(535,3,6,78)
w(280,5,6,78)
w(139,8,6,78)
r(35,3,6,78)
w(190,3,6,78)
w(365,5,6,78)
w(9,8,6,78)
r(453,4,6,78)
r(27,5,6,78)
r(410,1,6,78)
r(459,1,6,78)
w(527,4,6,78)
r(69,8,6,78)
w(121,4,6,78)
r(66,2,6,78)
r(80,8,7,79)
r(421,4,7,79)
r(371,1,7,79)
w(304,6,7,79)
r(91,1,7,79)
w(366,5,7,79)
w(282,9,7,79)
r(308,4,7,79)
w(318,3,7,79)
r(125,5,7,79)
r(297,3,7,79)
w(482,2,7,79)
r(203,5,7,79)
r(16,2,7,79)
w(393,9,7,79)
r(26,6,7,79)
w(108,9,7,79)
w(462,7,7,79)
r(112,4,7,79)
w(46,9,7,79)
r(83,4,8,80)
r(411,2,8,80)
w(273,7,8,80)
w(68,8,8,80)
w(396,9,8,80)
w(421,7,8,80)
w(150,6,8,80)
r(390,1,8,80)
w(392,8,8,80)
r(409,3,8,80)
r(355,1,8,80)
r(382,3,8,80)
r(47,3,8,80)
w(534,4,8,80)
r(35,4,8,80)
r(44,5,8,80)
w(369,3,8,80)
w(88,9,8,80)
w(106,6,8,80)
r(497,7,8,80)
r(225,1,9,81)
w(217,9,9,81)
w(287,5,9,81)
r(257,3,9,81)
w(245,4,9,81)
r(91,1,9,81)
w(170,7,9,81)
r(394,1,9,81)
w(168,3,9,81)
w(394,8,9,81)
r(329,3,9,81)
w(72,8,9,81)
r(506,4,9,81)
r(333,5,9,81)
r(396,3,9,81)
w(146,3,9,81)
r(160,1,9,81)
w(261,10,9,81)
w(180,4,9,81)
w(534,6,9,81)
w(111,5,1,82)
r(68,4,1,82)
w(262,5,1,82)
r(287,5,1,82)
w(219,2,1,82)
r(388,9,1,82)
r(344,3,1,82)
r(102,3,1,82)
r(278,1,1,82)
w(106,5,1,82)
w(460,2,1,82)
w(362,5,1,82)
w(192,2,1,82)
r(506,2,1,82)
r(225,1,1,82)
r(155,1,1,82)
r(130,2,1,82)
r(52,5,1,82)
w(313,2,1,82)
w(326,3,1,82)
w(440,5,2,83)
w(329,5,2,83)
w(275,5,2,83)
r(33,3,2,83)
w(300,8,2,83)
w(11,3,2,83)
w(442,2,2,83)
r(76,5,2,83)
r(112,4,2,83)
r(58,5,2,83)
w(127,5,2,83)
r(22,5,2,83)
w(290,5,2,83)
w(220,2,2,83)
w(421,3,2,83)
r(381,5,2,83)
r(60,4,2,83)
w(504,5,2,83)
r(156,2,2,83)
r(104,3,2,83)
r(395,1,3,84)
w(263,2,3,84)
r(69,8,3,84)
r(390,1,3,84)
w(316,3,3,84)
r(120,1,3,84)
w(71,3,3,84)
r(56,5,3,84)
w(184,4,3,84)
r(271,2,3,84)
r(300,8,3,84)
r(504,5,3,84)
w(511,2,3,84)
w(467,5,3,84)
r(188,2,3,84)
w(250,5,3,84)
r(134,3,3,84)
r(197,5,3,84)
r(258,5,3,84)
w(269,2,3,84)
w(320,8,4,85)
r(82,2,4,85)
r(237,1,4,85)
r(194,6,4,85)
r(221,4,4,85)
w(410,5,4,85)
r(57,4,4,85)
w(203,5,4,85)
w(184,8,4,85)
r(164,8,4,85)
w(18,3,4,85)
w(217,5,4,85)
w(139,3,4,85)
r(208,1,4,85)
r(151,5,4,85)
w(509,5,4,85)
r(529,3,4,85)
r(398,5,4,85)
r(532,1,4,85)
r(294,2,4,85)
w(373,2,5,86)
r(114,1,5,86)
w(501,2,5,86)
r(70,5,5,86)
w(183,5,5,86)
w(453,4,5,86)
w(147,5,5,86)
r(408,1,5,86)
r(466,2,5,86)
w(506,4,5,86)
r(436,1,5,86)
r(216,2,5,86)
r(259,5,5,86)
w(333,5,5,86)
w(161,5,5,86)
w(344,8,5,86)
w(206,5,5,86)
r(267,2,5,86)
w(184,6,5,86)
w(108,6,5,86)
r(269,2,6,87)
w(455,2,6,87)
w(428,3,6,87)
w(279,3,6,87)
w(414,5,6,87)
r(419,2,6,87)
w(105,4,6,87)
r(93,6,6,87)
r(515,5,6,87)
r(176,4,6,87)
w(334,7,6,87)
r(173,1,6,87)
w(168,2,6,87)
r(206,5,6,87)
w(163,3,6,87)
w(136,4,6,87)
r(523,2,6,87)
w(145,3,6,87)
r(98,1,6,87)
r(365,5,6,87)
w(512,4,7,88)
r(198,3,7,88)
w(338,4,7,88)
r(358,3,7,88)
w(7,3,7,88)
r(526,8,7,88)
w(200,3,7,88)
r(63,2,7,88)
r(352,2,7,88)
r(414,5,7,88)
r(405,1,7,88)
r(434,5,7,88)
r(16,2,7,88)
w(6,4,7,88)
w(388,6,7,88)
r(133,5,7,88)
w(338,8,7,88)
r(33,4,7,88)
w(141,4,7,88)
r(52,2,7,88)
r(235,3,8,89)
r(154,1,8,89)
w(184,7,8,89)
w(407,7,8,89)
w(120,3,8,89)
r(98,1,8,89)
r(263,4,8,89)
r(391,1,8,89)
r(86,2,8,89)
r(139,2,8,89)
r(203,5,8,89)
w(418,11,8,89)
w(378,5,8,89)
w(495,2,8,89)
r(350,5,8,89)
w(453,6,8,89)
r(63,2,8,89)
w(151,3,8,89)
r(158,3,8,89)
w(277,3,8,89)
w(359,3,9,90)
r(139,8,9,90)
w(466,6,9,90)
w(240,9,9,90)
w(313,10,9,90)
r(507,2,9,90)
w(122,9,9,90)
r(262,2,9,90)
r(204,5,9,90)
w(434,9,9,90)
w(133,4,9,90)
r(344,3,9,90)
r(281,1,9,90)
w(350,6,9,90)
w(513,8,9,90)
w(141,2,1,91)
w(66,5,1,91)
w(260,2,1,91)
w(344,5,1,91)
w(297,2,1,91)
r(175,6,1,91)
w(484,2,1,91)
r(44,5,1,91)
r(376,8,1,91)
w(421,2,1,91)
w(410,2,1,91)
r(500,4,1,91)
w(523,5,1,91)
w(13,3,1,91)
w(173,2,1,91)
r(239,1,1,91)
r(105,4,1,91)
w(152,5,1,91)
r(394,8,1,91)
w(443,2,1,91)
r(232,3,2,92)
w(191,2,2,92)
w(94,2,2,92)
w(34,2,2,92)
r(462,3,2,92)
w(272,5,2,92)
r(103,1,2,92)
r(73,1,2,92)
w(344,3,2,92)
w(303,5,2,92)
r(137,2,2,92)
w(118,2,2,92)
w(385,2,2,92)
r(299,5,2,92)
r(52,5,2,92)
w(306,2,2,92)
w(329,3,2,92)
w(214,2,2,92)
w(234,2,2,92)
r(59,1,2,92)
w(337,2,3,93)
r(209,5,3,93)
r(420,1,3,93)
r(120,1,3,93)
w(288,8,3,93)
r(57,4,3,93)
r(484,1,3,93)
w(504,8,3,93)
w(232,5,3,93)
r(211,5,3,93)
w(14,3,3,93)
w(223,2,3,93)
w(85,2,3,93)
w(522,5,3,93)
r(78,3,3,93)
w(293,2,3,93)
r(374,4,3,93)
r(78,3,3,93)
r(118,2,3,93)
r(104,10,3,93)
r(321,4,4,94)
r(244,8,4,94)
w(282,4,4,94)
r(117,2,4,94)
w(434,5,4,94)
r(120,1,4,94)
w(29,2,4,94)
r(444,1,4,94)
w(334,8,4,94)
r(25,8,4,94)
w(172,5,4,94)
w(310,4,4,94)
r(32,3,4,94)
w(30,2,4,94)
w(191,6,4,94)
r(165,2,4,94)
r(45,9,4,94)
w(298,5,4,94)
w(527,3,4,94)
r(237,1,4,94)
r(397,1,5,95)
w(302,5,5,95)
r(127,5,5,95)
w(505,8,5,95)
w(177,4,5,95)
r(391,1,5,95)
w(292,4,5,95)
r(539,5,5,95)
r(100,8,5,95)
r(472,3,5,95)
r(527,4,5,95)
w(268,8,5,95)
r(274,2,5,95)
w(308,4,5,95)
r(96,1,5,95)
r(349,2,5,95)
w(514,3,5,95)
r(17,5,5,95)
r(358,3,5,95)
w(26,6,5,95)
r(411,2,6,96)
w(99,4,6,96)
w(57,3,6,96)
w(198,3,6,96)
w(47,3,6,96)
w(401,6,6,96)
r(90,4,6,96)
r(396,6,6,96)
w(462,9,6,96)
w(217,4,6,96)
r(16,2,6,96)
r(486,4,6,96)
w(354,8,6,96)
r(248,2,6,96)
w(532,5,6,96)
r(138,8,6,96)
r(407,9,6,96)
r(337,2,6,96)
r(177,4,6,96)
w(77,4,6,96)
r(4,5,7,97)
r(74,7,7,97)
r(515,5,7,97)
r(18,3,7,97)
r(225,1,7,97)
w(424,5,7,97)
w(479,4,7,97)
w(43,6,7,97)
r(110,2,7,97)
r(211,5,7,97)
w(95,6,7,97)
r(22,4,7,97)
w(110,3,7,97)
r(422,2,7,97)
w(225,5,7,97)
w(104,9,7,97)
r(540,2,7,97)
r(454,8,7,97)
w(473,6,7,97)
r(388,6,7,97)
r(125,5,8,98)
r(179,5,8,98)
w(520,4,8,98)
w(509,8,8,98)
r(165,2,8,98)
w(471,3,8,98)
r(38,2,8,98)
w(480,8,8,98)
w(340,4,8,98)
w(540,6,8,98)
r(522,2,8,98)
r(355,1,8,98)
r(7,3,8,98)
w(270,7,8,98)
r(259,6,8,98)
w(187,5,8,98)
r(299,5,8,98)
r(391,1,8,98)
w(393,7,8,98)
r(194,2,8,98)
w(453,9,9,99)
w(503,3,9,99)
w(196,8,9,99)
w(222,9,9,99)
w(57,6,9,99)
w(232,9,9,99)
r(204,5,9,99)
r(495,1,9,99)
r(35,3,9,99)
r(331,4,9,99)
w(35,4,9,99)
r(103,2,9,99)
r(500,1,9,99)
r(443,5,9,99)
r(396,6,9,99)
r(116,5,9,99)
w(57,9,9,99)
r(301,5,9,99)
w(259,6,9,99)
r(116,5,9,99)
w(377,2,1,100)
r(375,5,1,100)
r(102,3,1,100)
w(496,2,1,100)
r(40,5,1,100)
r(469,3,1,100)
r(34,2,1,100)
r(2,3,1,100)
w(270,2,1,100)
w(469,5,1,100)
r(386,1,1,100)
w(24,5,1,100)
r(129,5,1,100)
r(181,1,1,100)
r(203,5,1,100)
w(207,2,1,100)
r(521,5,1,100)
r(81,1,1,100)
w(17,2,1,100)
w(127,2,1,100)
r(343,5,2,101)
w(106,3,2,101)
w(325,5,2,101)
r(377,4,2,101)
r(330,2,2,101)
w(46,2,2,101)
r(444,1,2,101)
w(436,2,2,101)
w(334,5,2,101)
r(512,8,2,101)
r(251,2,2,101)
w(313,4,2,101)
w(464,2,2,101)
r(322,1,2,101)
w(174,2,2,101)
r(53,1,2,101)
w(166,3,2,101)
w(428,2,2,101)
w(103,2,2,101)
w(421,4,2,101)
r(106,5,3,102)
r(427,3,3,102)
w(444,2,3,102)
r(290,2,3,102)
w(422,3,3,102)
w(166,4,3,102)
r(254,8,3,102)
r(62,8,3,102)
r(167,6,3,102)
r(383,5,3,102)
w(321,2,3,102)
r(113,6,3,102)
w(252,3,3,102)
w(162,4,3,102)
r(355,1,3,102)
r(533,2,3,102)
w(440,4,3,102)
r(86,2,3,102)
w(286,2,3,102)
r(51,8,3,102)
r(92,1,4,103)
r(299,5,4,103)
w(467,6,4,103)
r(431,1,4,103)
w(328,4,4,103)
w(55,3,4,103)
r(143,1,4,103)
r(406,5,4,103)
w(309,8,4,103)
r(2,3,4,103)
w(399,3,4,103)
r(283,1,4,103)
r(38,2,4,103)
r(133,5,4,103)
r(439,5,4,103)
r(245,4,4,103)
r(339,2,4,103)
r(74,7,4,103)
w(485,5,4,103)
r(160,1,4,103)
w(118,4,5,104)
r(90,4,5,104)
w(164,8,5,104)
r(81,1,5,104)
w(44,5,5,104)
w(265,8,5,104)
r(179,1,5,104)
r(181,1,5,104)
r(142,1,5,104)
w(426,3,5,104)
r(365,5,5,104)
r(84,1,5,104)
r(195,3,5,104)
w(8,2,5,104)
w(423,6,5,104)
w(470,8,5,104)
w(528,6,5,104)
w(72,5,5,104)
w(522,4,5,104)
r(442,2,5,104)
r(171,8,6,105)
w(354,6,6,105)
w(321,3,6,105)
w(418,3,6,105)
r(208,1,6,105)
r(141,5,6,105)
w(408,3,6,105)
w(24,9,6,105)
w(123,5,6,105)
w(500,4,6,105)
w(130,8,6,105)
w(38,2,6,105)
w(159,9,6,105)
r(225,1,6,105)
r(210,2,6,105)
w(360,3,6,105)
r(248,2,6,105)
r(460,2,6,105)
r(255,2,6,105)
w(322,3,6,105)
w(283,5,7,106)
w(69,3,7,106)
w(104,7,7,106)
w(189,7,7,106)
r(267,2,7,106)
r(361,8,7,106)
r(229,5,7,106)
r(86,5,7,106)
w(82,3,7,106)
w(252,9,7,106)
r(394,3,7,106)
r(424,5,7,106)
r(75,1,7,106)
r(189,7,7,106)
r(215,4,7,106)
w(505,9,7,106)
r(122,2,7,106)
w(148,5,7,106)
r(229,5,7,106)
r(284,4,7,106)
w(509,6,8,107)
r(405,5,8,107)
r(222,2,8,107)
w(117,4,8,107)
w(392,6,8,107)
w(193,6,8,107)
w(80,4,8,107)
w(92,4,8,107)
w(379,3,8,107)
w(483,5,8,107)
r(437,5,8,107)
w(4,8,8,107)
w(4,6,8,107)
r(31,3,8,107)
w(404,4,8,107)
r(245,5,8,107)
r(105,2,8,107)
w(465,6,8,107)
w(138,6,8,107)
r(334,8,8,107)
r(137,2,9,108)
w(298,3,9,108)
r(382,3,9,108)
w(28,7,9,108)
w(416,3,9,108)
r(22,5,9,108)
r(416,3,9,108)
w(8,3,9,108)
w(310,6,9,108)
r(531,1,9,108)
r(439,5,9,108)
r(470,5,9,108)
r(474,3,9,108)
r(157,2,9,108)
r(495,1,9,108)
w(169,9,9,108)
r(194,6,9,108)
w(212,6,9,108)
r(485,5,9,108)
r(449,8,9,108)
r(178,3,1,109)
r(202,2,1,109)
r(152,5,1,109)
w(95,5,1,109)
r(277,1,1,109)
w(401,2,1,109)
r(509,5,1,109)
w(43,2,1,109)
r(20,1,1,109)
w(110,2,1,109)
w(300,2,1,109)
w(139,2,1,109)
w(122,2,1,109)
w(3,2,1,109)
r(297,2,1,109)
r(20,1,1,109)
w(520,2,1,109)
r(311,1,1,109)
r(40,5,1,109)
w(393,2,1,109)
r(434,1,2,110)
w(133,5,2,110)
r(52,5,2,110)
r(228,5,2,110)
w(53,3,2,110)
r(316,3,2,110)
r(309,3,2,110)
w(108,5,2,110)
w(275,3,2,110)
w(440,3,2,110)
r(253,3,2,110)
w(488,2,2,110)
w(381,3,2,110)
r(300,8,2,110)
w(470,5,2,110)
r(197,5,2,110)
w(140,5,2,110)
r(329,3,2,110)
r(153,2,2,110)
w(506,2,2,110)
r(162,4,3,111)
r(461,1,3,111)
w(519,5,3,111)
w(194,2,3,111)
r(81,1,3,111)
w(104,4,3,111)
r(149,5,3,111)
r(144,1,3,111)
w(21,4,3,111)
r(31,3,3,111)
w(212,5,3,111)
r(536,1,3,111)
r(153,2,3,111)
r(63,2,3,111)
r(494,2,3,111)
r(172,5,3,111)
w(486,3,3,111)
w(118,3,3,111)
r(136,4,3,111)
r(17,5,3,111)
w(188,6,4,112)
w(523,3,4,112)
r(312,5,4,112)
w(505,5,4,112)
w(45,5,4,112)
r(240,6,4,112)
w(480,5,4,112)
r(216,5,4,112)
r(453,9,4,112)
w(439,3,4,112)
w(338,5,4,112)
r(512,8,4,112)
r(137,2,4,112)
r(332,8,4,112)
w(293,5,4,112)
w(338,3,4,112)
w(331,5,4,112)
w(397,2,4,112)
r(189,3,4,112)
r(28,7,4,112)
r(89,8,5,113)
r(15,5,5,113)
w(60,5,5,113)
r(307,2,5,113)
r(379,5,5,113)
w(234,4,5,113)
w(340,3,5,113)
r(399,3,5,113)
w(339,4,5,113)
r(137,2,5,113)
r(476,1,5,113)
w(169,3,5,113)
r(244,3,5,113)
w(438,3,5,113)
r(158,5,5,113)
r(206,5,5,113)
r(303,3,5,113)
r(228,5,5,113)
r(139,6,5,113)
w(520,5,5,113)
r(254,8,6,114)
w(238,11,6,114)
r(323,2,6,114)
r(450,5,6,114)
r(312,5,6,114)
w(273,4,6,114)
r(335,4,6,114)
w(265,9,6,114)
r(67,5,6,114)
w(498,8,6,114)
w(46,8,6,114)
r(243,5,6,114)
w(146,5,6,114)
r(478,4,6,114)
r(158,3,6,114)
r(385,2,6,114)
w(395,8,6,114)
r(260,2,6,114)
w(435,5,6,114)
r(354,6,6,114)
r(131,5,7,115)
w(101,9,7,115)
r(389,9,7,115)
r(278,2,7,115)
r(333,5,7,115)
w(237,3,7,115)
w(64,3,7,115)
w(198,8,7,115)
w(474,4,7,115)
w(314,3,7,115)
w(263,3,7,115)
r(200,2,7,115)
r(32,3,7,115)
w(420,4,7,115)
r(134,3,7,115)
r(434,5,7,115)
r(348,2,7,115)
r(419,5,7,115)
r(255,2,7,115)
r(90,4,7,115)
r(269,6,8,116)
w(355,2,8,116)
w(154,8,8,116)
r(126,8,8,116)
w(11,6,8,116)
w(261,6,8,116)
w(138,9,8,116)
w(461,4,8,116)
r(333,2,8,116)
w(271,4,8,116)
w(446,5,8,116)
r(41,2,8,116)
w(493,7,8,116)
r(202,2,8,116)
w(306,4,8,116)
r(289,3,8,116)
w(43,7,8,116)
r(79,5,8,116)
w(148,3,8,116)
w(455,3,8,116)
w(151,4,9,117)
r(196,8,9,117)
w(222,7,9,117)
w(11,11,9,117)
w(69,6,9,117)
r(490,1,9,117)
r(259,6,9,117)
w(341,7,9,117)
r(380,2,9,117)
w(308,8,9,117)
w(486,9,9,117)
w(266,6,9,117)
w(356,6,9,117)
w(1,8,9,117)
r(115,3,9,117)
r(537,1,9,117)
w(80,6,9,117)
r(337,2,9,117)
w(166,6,9,117)
r(339,2,9,117)
w(21,5,1,118)
w(226,2,1,118)
w(528,2,1,118)
r(385,2,1,118)
w(9,2,1,118)
w(309,5,1,118)
w(42,2,1,118)
r(16,2,1,118)
r(399,3,1,118)
w(324,2,1,118)
w(189,2,1,118)
w(311,5,1,118)
w(179,5,1,118)
w(170,2,1,118)
w(347,5,1,118)
r(126,6,1,118)
r(420,1,1,118)
w(340,2,1,118)
w(350,2,1,118)
w(250,2,1,118)
w(26,5,2,119)
r(306,2,2,119)
w(145,2,2,119)
r(270,4,2,119)
w(348,3,2,119)
r(63,2,2,119)
r(309,3,2,119)
w(528,3,2,119)
r(263,4,2,119)
r(293,2,2,119)
r(20,1,2,119)
w(380,2,2,119)
w(301,5,2,119)
w(443,5,2,119)
w(291,2,2,119)
w(275,4,2,119)
r(430,3,2,119)
r(150,3,2,119)
w(216,5,2,119)
r(83,4,2,119)
w(170,5,3,120)
r(509,5,3,120)
r(314,5,3,120)
r(413,2,3,120)
w(219,3,3,120)
r(3,1,3,120)
r(217,2,3,120)
w(303,3,3,120)
r(411,2,3,120)
r(21,4,3,120)
w(451,3,3,120)
w(536,2,3,120)
w(513,2,3,120)
w(59,5,3,120)
w(272,3,3,120)
r(154,1,3,120)
w(429,2,3,120)
w(105,3,3,120)
r(292,4,3,120)
r(446,2,3,120)
r(163,3,4,121)
r(405,1,4,121)
w(50,2,4,121)
w(22,4,4,121)
r(446,2,4,121)
r(456,2,4,121)
r(58,2,4,121)
w(163,2,4,121)
r(166,6,4,121)
w(91,3,4,121)
w(395,5,4,121)
r(80,6,4,121)
w(487,5,4,121)
r(400,9,4,121)
r(57,9,4,121)
w(244,5,4,121)
w(500,5,4,121)
w(328,8,4,121)
w(292,3,4,121)
w(497,4,4,121)
w(24,8,5,122)
w(511,4,5,122)
r(230,5,5,122)
r(139,6,5,122)
r(27,5,5,122)
r(430,3,5,122)
w(322,5,5,122)
w(22,6,5,122)
r(176,8,5,122)
w(339,8,5,122)
r(275,4,5,122)
w(377,3,5,122)
r(105,2,5,122)
r(411,2,5,122)
w(18,7,5,122)
r(256,1,5,122)
r(21,6,5,122)
w(512,5,5,122)
w(350,3,5,122)
r(166,6,5,122)
r(290,2,6,123)
r(70,3,6,123)
r(515,5,6,123)
w(273,8,6,123)
w(243,4,6,123)
r(195,3,6,123)
r(234,2,6,123)
w(282,6,6,123)
w(111,6,6,123)
w(441,3,6,123)
r(383,5,6,123)
w(526,8,6,123)
w(389,8,6,123)
r(335,4,6,123)
r(445,5,6,123)
r(9,8,6,123)
w(164,7,6,123)
w(129,6,6,123)
r(196,8,6,123)
w(145,4,6,123)
w(523,4,7,124)
r(109,3,7,124)
r(103,5,7,124)
w(43,9,7,124)
w(39,3,7,124)
r(117,4,7,124)
r(235,2,7,124)
w(470,6,7,124)
w(196,3,7,124)
w(344,9,7,124)
r(456,2,7,124)
r(386,1,7,124)
r(112,4,7,124)
w(413,4,7,124)
r(489,4,7,124)
w(323,12,7,124)
w(449,6,7,124)
w(182,4,7,124)
r(240,6,7,124)
w(414,3,7,124)
w(11,9,8,125)
r(443,2,8,125)
r(165,2,8,125)
r(520,8,8,125)
w(375,3,8,125)
w(115,4,8,125)
w(332,6,8,125)
r(163,4,8,125)
w(399,8,8,125)
r(460,2,8,125)
r(368,2,8,125)
r(157,2,8,125)
r(532,2,8,125)
w(189,11,8,125)
r(335,6,8,125)
w(72,4,8,125)
r(166,2,8,125)
r(157,2,8,125)
r(297,2,8,125)
w(147,3,8,125)
w(473,11,9,126)
r(450,5,9,126)
r(72,5,9,126)
w(119,8,9,126)
w(369,6,9,126)
w(302,6,9,126)
w(114,3,9,126)
r(419,2,9,126)
r(92,1,9,126)
w(426,4,9,126)
r(476,1,9,126)
r(194,2,9,126)
w(503,4,9,126)
w(60,8,9,126)
r(199,6,9,126)
w(204,3,9,126)
w(513,6,9,126)
w(169,7,9,126)
r(111,6,9,126)
r(20,1,9,126)
r(394,8,1,127)
w(131,5,1,127)
w(422,2,1,127)
r(22,4,1,127)
r(140,5,1,127)
r(361,8,1,127)
w(70,2,1,127)
r(49,3,1,127)
w(175,2,1,127)
r(367,3,1,127)
w(332,2,1,127)
r(403,1,1,127)
w(348,2,1,127)
w(316,2,1,127)
r(538,1,1,127)
r(255,2,1,127)
w(491,2,1,127)
w(258,2,1,127)
w(257,2,1,127)
w(453,2,1,127)
w(230,2,2,128)
w(409,3,2,128)
w(205,5,2,128)
r(237,1,2,128)
w(108,3,2,128)
w(205,3,2,128)
w(182,2,2,128)
w(301,3,2,128)
w(91,5,2,128)
r(109,1,2,128)
r(55,1,2,128)
w(111,3,2,128)
r(362,5,2,128)
w(159,4,2,128)
r(69,8,2,128)
w(28,5,2,128)
w(281,2,2,128)
r(37,3,2,128)
w(80,2,2,128)
w(191,5,2,128)
w(120,2,3,129)
r(452,1,3,129)
w(11,4,3,129)
r(373,2,3,129)
r(452,1,3,129)
r(108,3,3,129)
w(453,3,3,129)
r(314,5,3,129)
w(310,3,3,129)
r(428,3,3,129)
r(20,1,3,129)
w(425,2,3,129)
w(395,2,3,129)
w(268,5,3,129)
r(60,8,3,129)
r(375,5,3,129)
r(289,2,3,129)
w(524,4,3,129)
w(426,5,3,129)
r(259,6,3,129)
w(383,2,4,130)
r(57,9,4,130)
r(279,3,4,130)
r(25,8,4,130)
w(235,2,4,130)
r(29,2,4,130)
r(110,2,4,130)
r(151,3,4,130)
w(390,5,4,130)
r(469,5,4,130)
r(267,2,4,130)
w(339,3,4,130)
r(246,1,4,130)
r(58,2,4,130)
w(341,8,4,130)
w(291,5,4,130)
w(502,5,4,130)
w(221,5,4,130)
r(473,11,4,130)
r(317,3,4,130)
w(130,3,5,131)
w(35,2,5,131)
r(78,2,5,131)
r(294,2,5,131)
r(312,4,5,131)
r(4,5,5,131)
r(74,5,5,131)
r(438,3,5,131)
r(355,1,5,131)
w(121,3,5,131)
w(327,5,5,131)
w(185,4,5,131)
w(329,4,5,131)
r(256,1,5,131)
w(241,3,5,131)
r(144,1,5,131)
w(68,3,5,131)
r(473,6,5,131)
w(445,3,5,131)
w(78,4,5,131)
w(493,5,6,132)
r(187,1,6,132)
r(85,2,6,132)
r(242,3,6,132)
w(447,5,6,132)
w(162,8,6,132)
r(350,2,6,132)
r(347,5,6,132)
w(472,5,6,132)
r(136,4,6,132)
r(213,4,6,132)
w(284,4,6,132)
r(231,9,6,132)
r(400,9,6,132)
r(373,2,6,132)
r(55,3,6,132)
r(337,2,6,132)
w(139,6,6,132)
r(519,5,6,132)
w(277,2,6,132)
w(255,7,7,133)
w(253,8,7,133)
r(150,4,7,133)
w(507,3,7,133)
r(474,4,7,133)
w(239,6,7,133)
w(473,9,7,133)
r(200,2,7,133)
w(502,3,7,133)
r(407,7,7,133)
w(354,9,7,133)
r(29,5,7,133)
w(339,9,7,133)
w(53,8,7,133)
r(260,2,7,133)
w(64,4,7,133)
w(437,9,7,133)
r(286,2,7,133)
r(408,2,7,133)
r(292,5,7,133)
r(13,3,8,134)
r(215,5,8,134)
r(30,2,8,134)
r(281,5,8,134)
w(312,8,8,134)
w(446,3,8,134)
r(180,3,8,134)
w(164,10,8,134)
r(157,2,8,134)
w(37,8,8,134)
w(406,6,8,134)
r(220,2,8,134)
w(444,8,8,134)
w(188,7,8,134)
r(230,5,8,134)
w(525,8,8,134)
r(197,5,8,134)
r(526,3,8,134)
r(43,7,8,134)
w(219,8,8,134)
w(245,8,9,135)
r(288,8,9,135)
r(269,2,9,135)
w(385,4,9,135)
r(525,5,9,135)
r(503,4,9,135)
r(362,5,9,135)
w(421,11,9,135)
r(97,5,9,135)
r(418,11,9,135)
r(311,5,9,135)
w(249,4,9,135)
r(448,5,9,135)
r(40,5,9,135)
r(26,5,9,135)
w(61,8,9,135)
r(4,5,9,135)
w(106,9,9,135)
w(176,8,9,135)
w(421,10,9,135)
w(322,2,1,136)
w(305,2,1,136)
r(302,6,1,136)
r(297,2,1,136)
w(516,2,1,136)
r(396,9,1,136)
r(528,2,1,136)
r(35,4,1,136)
w(147,2,1,136)
r(153,2,1,136)
r(378,3,1,136)
r(243,4,1,136)
w(102,2,1,136)
w(398,2,1,136)
w(189,5,1,136)
w(45,2,1,136)
w(74,5,1,136)
w(167,5,1,136)
w(406,2,1,136)
w(368,2,1,136)
w(534,5,2,137)
r(380,2,2,137)
r(370,2,2,137)
r(113,6,2,137)
r(314,5,2,137)
r(288,8,2,137)
w(401,5,2,137)
r(286,2,2,137)
r(321,2,2,137)
w(504,3,2,137)
r(494,2,2,137)
w(479,5,2,137)
r(243,5,2,137)
w(93,5,2,137)
r(151,5,2,137)
r(381,3,2,137)
r(407,9,2,137)
r(256,1,2,137)
r(214,2,2,137)
w(232,2,2,137)
r(434,5,3,138)
w(511,5,3,138)
w(429,5,3,138)
r(512,4,3,138)
r(75,1,3,138)
r(531,1,3,138)
w(221,2,3,138)
r(499,8,3,138)
r(343,5,3,138)
w(48,2,3,138)
r(521,5,3,138)
w(37,5,3,138)
r(303,3,3,138)
w(330,3,3,138)
w(230,5,3,138)
r(355,1,3,138)
r(435,5,3,138)
r(393,7,3,138)
w(95,4,3,138)
r(147,5,3,138)
r(93,5,4,139)
w(244,3,4,139)
r(478,4,4,139)
r(513,6,4,139)
r(218,2,4,139)
w(518,4,4,139)
r(454,8,4,139)
w(371,2,4,139)
w(459,5,4,139)
w(73,3,4,139)
r(489,4,4,139)
r(173,2,4,139)
w(26,4,4,139)
w(78,2,4,139)
r(100,8,4,139)
w(505,3,4,139)
r(68,8,4,139)
r(74,7,4,139)
r(320,8,4,139)
w(191,9,4,139)
w(143,5,5,140)
w(5,3,5,140)
r(140,3,5,140)
r(113,6,5,140)
w(533,3,5,140)
w(193,4,5,140)
r(507,2,5,140)
r(105,5,5,140)
w(124,4,5,140)
w(395,4,5,140)
r(294,2,5,140)
w(497,8,5,140)
w(526,3,5,140)
r(337,2,5,140)
w(409,6,5,140)
w(437,8,5,140)
w(296,2,5,140)
w(234,8,5,140)
r(540,6,5,140)
w(524,8,5,140)
w(304,8,6,141)
w(158,5,6,141)
r(406,5,6,141)
r(238,11,6,141)
r(379,5,6,141)
w(266,4,6,141)
w(251,5,6,141)
r(61,8,6,141)
w(418,4,6,141)
w(335,6,6,141)
w(21,6,6,141)
r(117,2,6,141)
r(358,3,6,141)
w(49,4,6,141)
w(25,6,6,141)
r(371,2,6,141)
w(364,3,6,141)
w(24,7,6,141)
r(420,1,6,141)
w(126,8,6,141)
r(277,2,7,142)
w(432,4,7,142)
r(427,4,7,142)
r(365,5,7,142)
w(319,8,7,142)
r(24,8,7,142)
w(1,4,7,142)
w(390,8,7,142)
r(179,5,7,142)
r(20,1,7,142)
r(96,4,7,142)
r(463,5,7,142)
r(81,1,7,142)
w(127,4,7,142)
w(38,5,7,142)
r(283,5,7,142)
r(347,6,7,142)
r(12,5,7,142)
w(356,3,7,142)
r(418,4,7,142)
r(267,2,8,143)
r(153,2,8,143)
w(303,4,8,143)
r(352,2,8,143)
w(48,9,8,143)
w(467,10,8,143)
w(484,8,8,143)
r(254,2,8,143)
w(341,9,8,143)
r(518,2,8,143)
w(158,4,8,143)
r(415,2,8,143)
w(65,6,8,143)
r(510,3,8,143)
w(213,8,8,143)
r(133,5,8,143)
w(495,5,8,143)
w(187,3,8,143)
r(61,5,8,143)
r(480,4,8,143)
w(96,4,9,144)
r(246,1,9,144)
r(427,3,9,144)
r(534,4,9,144)
r(260,2,9,144)
w(135,11,9,144)
r(419,2,9,144)
w(378,3,9,144)
w(185,9,9,144)
r(62,8,9,144)
r(457,2,9,144)
w(11,10,9,144)
r(30,2,9,144)
w(207,7,9,144)
w(466,9,9,144)
r(31,3,9,144)
r(216,5,9,144)
r(463,5,9,144)
w(363,8,9,144)
w(532,3,9,144)
r(96,4,1,145)
w(329,2,1,145)
r(26,4,1,145)
r(319,4,1,145)
r(365,5,1,145)
r(75,1,1,145)
w(22,2,1,145)
w(159,2,1,145)
r(56,5,1,145)
w(28,2,1,145)
w(353,2,1,145)
w(328,2,1,145)
r(526,2,1,145)
r(103,5,1,145)
r(302,6,1,145)
r(114,3,1,145)
w(159,5,1,145)
w(231,5,1,145)
w(55,2,1,145)
w(2,2,1,145)
w(164,2,2,146)
r(535,3,2,146)
r(266,3,2,146)
r(343,5,2,146)
r(33,4,2,146)
w(217,2,2,146)
r(489,4,2,146)
w(52,2,2,146)
r(489,4,2,146)
r(153,2,2,146)
w(389,2,2,146)
w(310,2,2,146)
w(73,2,2,146)
r(211,5,2,146)
r(211,5,2,146)
w(14,2,2,146)
r(57,9,2,146)
r(297,2,2,146)
w(39,2,2,146)
r(234,2,2,146)
w(140,3,3,147)
w(342,5,3,147)
r(103,5,3,147)
w(323,4,3,147)
r(5,4,3,147)
w(226,3,3,147)
w(526,2,3,147)
w(92,2,3,147)
r(532,2,3,147)
w(385,5,3,147)
r(358,3,3,147)
w(390,2,3,147)
w(388,2,3,147)
w(363,5,3,147)
w(237,5,3,147)
w(415,2,3,147)
w(419,5,3,147)
r(74,5,3,147)
r(282,6,3,147)
w(425,5,3,147)
r(525,5,4,148)
w(532,2,4,148)
r(468,8,4,148)
w(98,5,4,148)
r(109,1,4,148)
w(394,3,4,148)
r(153,2,4,148)
r(76,4,4,148)
w(1,5,4,148)
r(245,5,4,148)
r(33,4,4,148)
r(152,5,4,148)
w(203,3,4,148)
r(517,2,4,148)
w(535,5,4,148)
w(315,2,4,148)
r(322,3,4,148)
w(270,3,4,148)
w(7,5,4,148)
r(514,3,4,148)
r(528,8,5,149)
r(259,6,5,149)
r(87,5,5,149)
w(409,9,5,149)
w(354,4,5,149)
w(72,3,5,149)
w(24,6,5,149)
w(94,3,5,149)
w(389,4,5,149)
r(494,5,5,149)
w(171,3,5,149)
w(249,5,5,149)
r(256,1,5,149)
r(433,4,5,149)
w(435,2,5,149)
w(104,8,5,149)
w(367,4,5,149)
r(219,8,5,149)
r(472,5,5,149)
r(152,5,5,149)
w(99,8,6,150)
r(431,1,6,150)
r(290,2,6,150)
w(79,3,6,150)
w(65,4,6,150)
w(103,5,6,150)
w(392,3,6,150)
r(528,2,6,150)
w(106,8,6,150)
w(248,5,6,150)
r(480,8,6,150)
w(43,8,6,150)
r(15,5,6,150)
r(98,5,6,150)
r(524,4,6,150)
r(273,8,6,150)
w(454,4,6,150)
w(447,3,6,150)
w(449,4,6,150)
w(269,3,6,150)
r(412,7,7,151)
w(540,4,7,151)
r(294,2,7,151)
r(418,4,7,151)
r(424,5,7,151)
r(139,6,7,151)
r(242,2,7,151)
r(421,8,7,151)
r(434,5,7,151)
w(390,6,7,151)
w(493,8,7,151)
w(45,8,7,151)
w(315,4,7,151)
r(298,2,7,151)
r(64,4,7,151)
r(390,6,7,151)
w(271,3,7,151)
r(466,5,7,151)
w(257,4,7,151)
r(501,2,7,151)
w(43,11,8,152)
w(383,8,8,152)
w(359,5,8,152)
w(241,6,8,152)
r(158,4,8,152)
r(438,3,8,152)
w(369,4,8,152)
w(69,4,8,152)
r(54,2,8,152)
w(189,10,8,152)
r(194,3,8,152)
w(290,8,8,152)
w(207,8,8,152)
r(227,5,8,152)
w(189,12,8,152)
r(337,2,8,152)
w(122,8,8,152)
w(153,3,8,152)
w(142,3,8,152)
r(362,4,8,152)
w(238,10,9,153)
w(520,8,9,153)
w(86,5,9,153)
w(379,4,9,153)
w(108,7,9,153)
r(286,2,9,153)
r(324,2,9,153)
w(347,6,9,153)
r(325,5,9,153)
w(58,11,9,153)
r(436,5,9,153)
w(421,12,9,153)
w(462,11,9,153)
r(120,2,9,153)
w(109,3,9,153)
w(250,4,9,153)
w(101,7,9,153)
r(34,2,9,153)
r(119,8,9,153)
r(535,5,9,153)
w(400,2,1,154)
r(276,5,1,154)
w(166,2,1,154)
w(49,2,1,154)
r(8,3,1,154)
r(155,1,1,154)
w(242,2,1,154)
r(188,6,1,154)
r(262,5,1,154)
w(288,3,1,154)
r(311,5,1,154)
w(519,2,1,154)
w(41,2,1,154)
w(473,2,1,154)
r(522,2,1,154)
w(351,2,1,154)
w(372,2,1,154)
w(181,2,1,154)
w(466,5,1,154)
r(368,2,1,154)
r(106,6,2,155)
w(201,2,2,155)
w(239,2,2,155)
r(376,8,2,155)
w(466,3,2,155)
r(290,2,2,155)
r(412,7,2,155)
w(404,2,2,155)
r(523,3,2,155)
r(146,5,2,155)
r(518,8,2,155)
r(207,2,2,155)
w(239,5,2,155)
w(522,2,2,155)
r(399,3,2,155)
r(325,5,2,155)
w(359,2,2,155)
r(32,3,2,155)
r(341,7,2,155)
w(181,5,2,155)
r(61,8,3,156)
w(127,3,3,156)
w(332,3,3,156)
w(529,2,3,156)
w(392,2,3,156)
r(450,5,3,156)
r(428,3,3,156)
r(18,7,3,156)
r(105,5,3,156)
r(178,3,3,156)
r(429,5,3,156)
w(16,5,3,156)
w(62,5,3,156)
r(127,3,3,156)
r(16,5,3,156)
w(189,6,3,156)
w(258,3,3,156)
r(422,2,3,156)
r(334,8,3,156)
w(449,5,3,156)
r(484,2,4,157)
r(428,3,4,157)
w(363,3,4,157)
w(115,5,4,157)
w(135,3,4,157)
w(212,3,4,157)
w(312,4,4,157)
r(503,4,4,157)
r(465,5,4,157)
w(111,4,4,157)
r(141,4,4,157)
r(430,3,4,157)
w(323,6,4,157)
w(182,5,4,157)
w(349,5,4,157)
w(408,5,4,157)
w(528,8,4,157)
r(518,4,4,157)
r(31,3,4,157)
w(194,5,4,157)
w(397,5,5,158)
r(69,3,5,158)
w(468,3,5,158)
r(126,9,5,158)
r(173,2,5,158)
r(340,5,5,158)
r(197,5,5,158)
w(504,7,5,158)
r(76,8,5,158)
r(519,2,5,158)
w(74,9,5,158)
w(468,4,5,158)
w(324,8,5,158)
r(436,3,5,158)
r(49,2,5,158)
r(277,5,5,158)
r(195,3,5,158)
w(513,3,5,158)
r(114,5,5,158)
w(223,5,5,158)
w(58,9,6,159)
w(210,6,6,159)
w(480,3,6,159)
w(150,4,6,159)
w(423,7,6,159)
w(388,8,6,159)
r(216,5,6,159)
w(300,9,6,159)
r(208,1,6,159)
w(75,3,6,159)
r(500,5,6,159)
r(460,2,6,159)
r(192,2,6,159)
w(390,4,6,159)
r(149,5,6,159)
r(120,2,6,159)
w(94,4,6,159)
w(444,3,6,159)
w(6,3,6,159)
r(193,4,6,159)
r(263,3,7,160)
w(77,8,7,160)
w(494,6,7,160)
r(101,5,7,160)
w(170,9,7,160)
r(475,3,7,160)
r(511,8,7,160)
r(318,3,7,160)
w(418,8,7,160)
w(361,4,7,160)
w(169,8,7,160)
r(201,4,7,160)
r(431,1,7,160)
w(480,4,7,160)
r(502,3,7,160)
w(2,4,7,160)
w(434,4,7,160)
w(243,6,7,160)
w(461,5,7,160)
r(530,2,7,160)
w(171,6,8,161)
r(508,2,8,161)
w(123,4,8,161)
w(84,3,8,161)
w(481,4,8,161)
r(478,3,8,161)
w(195,4,8,161)
w(501,4,8,161)
w(309,10,8,161)
r(205,3,8,161)
r(12,4,8,161)
w(158,8,8,161)
r(535,2,8,161)
w(508,5,8,161)
r(68,3,8,161)
r(163,4,8,161)
w(470,7,8,161)
w(122,6,8,161)
w(163,9,8,161)
r(396,9,8,161)
w(433,4,9,162)
r(62,8,9,162)
w(379,8,9,162)
r(281,2,9,162)
w(183,8,9,162)
r(192,2,9,162)
w(116,4,9,162)
w(534,9,9,162)
w(203,8,9,162)
w(101,11,9,162)
w(389,9,9,162)
w(331,8,9,162)
w(330,4,9,162)
r(523,3,9,162)
r(231,9,9,162)
w(11,12,9,162)
r(269,3,9,162)
w(316,8,9,162)
r(291,5,9,162)
w(115,8,9,162)
w(298,2,1,163)
r(139,6,1,163)
r(415,2,1,163)
w(26,2,1,163)
r(199,6,1,163)
r(457,2,1,163)
w(122,5,1,163)
w(323,5,1,163)
w(451,2,1,163)
r(216,5,1,163)
r(418,4,1,163)
w(215,5,1,163)
r(239,3,1,163)
w(175,5,1,163)
w(427,5,1,163)
w(498,5,1,163)
w(494,5,1,163)
w(300,5,1,163)
r(42,2,1,163)
r(285,5,1,163)
r(380,2,2,164)
w(105,2,2,164)
w(254,2,2,164)
w(462,2,2,164)
w(237,2,2,164)
w(46,5,2,164)
w(360,2,2,164)
r(50,2,2,164)
r(254,2,2,164)
r(132,2,2,164)
w(98,2,2,164)
r(225,1,2,164)
w(164,5,2,164)
w(432,2,2,164)
r(88,9,2,164)
w(405,2,2,164)
w(538,2,2,164)
w(222,2,2,164)
w(73,5,2,164)
w(261,4,2,164)
w(191,8,3,165)
r(427,3,3,165)
w(63,3,3,165)
r(138,6,3,165)
r(109,3,3,165)
r(402,3,3,165)
r(447,3,3,165)
w(238,4,3,165)
r(441,2,3,165)
r(458,1,3,165)
r(163,2,3,165)
w(497,3,3,165)
r(131,5,3,165)
r(283,5,3,165)
w(456,5,3,165)
r(379,3,3,165)
w(331,2,3,165)
r(30,2,3,165)
w(154,3,3,165)
r(446,2,3,165)
w(441,2,4,166)
r(431,1,4,166)
r(232,2,4,166)
r(386,1,4,166)
r(278,2,4,166)
w(346,5,4,166)
r(455,2,4,166)
w(289,3,4,166)
r(234,4,4,166)
w(487,3,4,166)
w(504,9,4,166)
w(380,5,4,166)
r(480,8,4,166)
r(329,4,4,166)
w(100,5,4,166)
w(79,5,4,166)
r(267,2,4,166)
r(80,4,4,166)
r(366,5,4,166)
r(235,2,4,166)
w(536,5,5,167)
w(465,3,5,167)
w(335,8,5,167)
r(65,6,5,167)
r(161,5,5,167)
w(262,4,5,167)
r(175,3,5,167)
r(528,8,5,167)
w(467,7,5,167)
r(63,8,5,167)
w(323,9,5,167)
w(265,6,5,167)
w(284,3,5,167)
w(46,4,5,167)
r(462,4,5,167)
r(508,2,5,167)
r(271,3,5,167)
w(153,5,5,167)
r(74,9,5,167)
w(457,3,5,167)
w(511,8,6,168)
w(18,11,6,168)
w(89,4,6,168)
r(445,3,6,168)
w(163,4,6,168)
r(332,3,6,168)
r(237,3,6,168)
w(29,5,6,168)
r(29,5,6,168)
w(265,7,6,168)
r(342,5,6,168)
r(487,3,6,168)
r(369,6,6,168)
w(478,3,6,168)
r(149,5,6,168)
w(309,9,6,168)
w(180,3,6,168)
w(35,5,6,168)
w(405,4,6,168)
w(79,4,6,168)
w(193,8,7,169)
r(214,5,7,169)
r(536,2,7,169)
r(260,2,7,169)
r(149,5,7,169)
w(273,6,7,169)
w(432,8,7,169)
r(383,2,7,169)
w(63,8,7,169)
w(507,4,7,169)
r(385,5,7,169)
w(514,8,7,169)
w(52,3,7,169)
w(289,4,7,169)
r(327,5,7,169)
r(375,3,7,169)
w(288,6,7,169)
w(270,6,7,169)
w(394,4,7,169)
w(228,3,7,169)
r(111,9,8,170)
w(61,4,8,170)
r(228,2,8,170)
r(289,4,8,170)
w(534,8,8,170)
r(106,8,8,170)
w(502,8,8,170)
r(105,5,8,170)
w(502,6,8,170)
w(518,6,8,170)
w(20,5,8,170)
w(338,6,8,170)
r(233,5,8,170)
r(359,5,8,170)
w(3,3,8,170)
r(113,6,8,170)
w(451,8,8,170)
r(403,1,8,170)
w(317,6,8,170)
r(57,7,8,170)
r(81,1,9,171)
w(91,8,9,171)
r(209,5,9,171)
w(136,6,9,171)
w(269,6,9,171)
w(406,9,9,171)
r(450,5,9,171)
r(93,5,9,171)
w(315,6,9,171)
w(420,8,9,171)
w(393,11,9,171)
w(273,11,9,171)
w(475,3,9,171)
r(252,9,9,171)
w(5,6,9,171)
w(199,10,9,171)
r(248,5,9,171)
r(502,5,9,171)
r(6,3,9,171)
w(320,11,9,171)
r(166,2,1,172)
r(447,3,1,172)
w(521,2,1,172)
w(172,2,1,172)
r(23,1,1,172)
r(152,5,1,172)
r(111,4,1,172)
r(136,6,1,172)
r(163,4,1,172)
r(507,2,1,172)
w(53,2,1,172)
w(245,2,1,172)
r(52,2,1,172)
r(136,6,1,172)
r(284,4,1,172)
w(154,2,1,172)
r(464,2,1,172)
w(320,2,1,172)
r(135,3,1,172)
w(36,2,1,172)
w(53,4,2,173)
w(239,3,2,173)
w(245,5,2,173)
w(200,2,2,173)
w(107,5,2,173)
r(404,2,2,173)
r(136,4,2,173)
r(161,5,2,173)
w(218,5,2,173)
r(209,5,2,173)
r(218,5,2,173)
w(84,2,2,173)
r(125,5,2,173)
w(100,2,2,173)
w(394,2,2,173)
w(74,4,2,173)
w(278,2,2,173)
w(426,2,2,173)
r(142,1,2,173)
r(372,3,2,173)
w(188,4,3,174)
w(458,5,3,174)
r(14,2,3,174)
r(241,3,3,174)
r(195,3,3,174)
w(80,5,3,174)
w(454,5,3,174)
w(515,2,3,174)
r(112,4,3,174)
w(281,5,3,174)
r(396,9,3,174)
w(159,8,3,174)
w(57,2,3,174)
r(411,5,3,174)
r(331,2,3,174)
w(108,4,3,174)
r(288,3,3,174)
w(93,4,3,174)
r(540,6,3,174)
w(334,3,3,174)
w(531,2,4,175)
r(165,2,4,175)
w(201,4,4,175)
r(88,3,4,175)
w(476,2,4,175)
r(526,3,4,175)
w(366,2,4,175)
w(252,8,4,175)
w(302,2,4,175)
r(365,5,4,175)
r(375,5,4,175)
w(135,4,4,175)
r(301,3,4,175)
r(469,5,4,175)
r(108,7,4,175)
r(29,5,4,175)
r(79,4,4,175)
w(417,5,4,175)
r(352,2,4,175)
w(402,2,4,175)
w(222,4,5,176)
r(196,3,5,176)
w(166,8,5,176)
r(413,5,5,176)
w(256,2,5,176)
w(177,8,5,176)
r(440,4,5,176)
w(529,4,5,176)
w(456,4,5,176)
r(416,3,5,176)
r(393,5,5,176)
w(319,3,5,176)
w(293,3,5,176)
r(359,5,5,176)
r(461,5,5,176)
w(460,6,5,176)
r(313,2,5,176)
w(458,4,5,176)
r(469,5,5,176)
r(131,5,5,176)
w(516,4,6,177)
w(111,9,6,177)
w(233,5,6,177)
r(472,5,6,177)
r(199,10,6,177)
r(205,3,6,177)
w(405,8,6,177)
r(477,3,6,177)
w(436,3,6,177)
w(245,3,6,177)
w(232,4,6,177)
r(497,3,6,177)
r(221,2,6,177)
w(509,4,6,177)
w(10,4,6,177)
w(406,8,6,177)
w(427,4,6,177)
r(91,8,6,177)
r(365,5,6,177)
w(75,4,6,177)
w(320,9,7,178)
r(249,5,7,178)
w(138,3,7,178)
r(424,5,7,178)
r(421,8,7,178)
r(362,5,7,178)
w(197,3,7,178)
r(192,2,7,178)
r(126,9,7,178)
w(443,4,7,178)
r(430,3,7,178)
w(354,7,7,178)
w(535,4,7,178)
w(260,3,7,178)
r(50,2,7,178)
r(465,6,7,178)
r(140,3,7,178)
w(407,8,7,178)
w(369,5,7,178)
w(45,6,7,178)
r(272,8,8,179)
r(71,8,8,179)
r(338,6,8,179)
r(327,2,8,179)
w(472,4,8,179)
w(261,9,8,179)
w(432,9,8,179)
w(424,3,8,179)
w(226,8,8,179)
r(446,3,8,179)
w(10,6,8,179)
r(150,4,8,179)
w(24,11,8,179)
w(19,4,8,179)
w(98,4,8,179)
r(363,5,8,179)
w(157,3,8,179)
w(7,8,8,179)
r(85,2,8,179)
w(471,4,8,179)
w(329,6,9,180)
w(71,8,9,180)
r(52,2,9,180)
w(25,7,9,180)
w(492,12,9,180)
r(436,5,9,180)
r(336,2,9,180)
w(76,8,9,180)
w(186,9,9,180)
r(356,2,9,180)
w(535,8,9,180)
w(202,3,9,180)
w(355,5,9,180)
r(53,4,9,180)
r(477,3,9,180)
w(266,9,9,180)
r(273,11,9,180)
r(498,5,9,180)
r(377,3,9,180)
w(360,4,9,180)
r(199,10,1,181)
r(276,5,1,181)
w(518,2,1,181)
w(340,5,1,181)
r(355,5,1,181)
r(6,3,1,181)
w(240,2,1,181)
w(372,5,1,181)
w(437,2,1,181)
w(63,5,1,181)
w(316,5,1,181)
w(451,5,1,181)
w(473,5,1,181)
w(314,2,1,181)
r(336,2,1,181)
w(292,2,1,181)
w(409,2,1,181)
r(100,5,1,181)
w(292,5,1,181)
r(435,5,1,181)
r(415,1,2,182)
r(242,3,2,182)
r(362,5,2,182)
w(405,5,2,182)
r(539,5,2,182)
r(221,2,2,182)
w(399,2,2,182)
r(373,2,2,182)
r(327,1,2,182)
r(140,5,2,182)
w(289,5,2,182)
w(421,8,2,182)
w(191,3,2,182)
w(308,2,2,182)
r(302,6,2,182)
w(483,2,2,182)
r(38,2,2,182)
r(3,2,2,182)
w(493,2,2,182)
w(310,5,2,182)
r(245,3,3,183)
w(507,5,3,183)
w(175,3,3,183)
w(214,4,3,183)
w(529,5,3,183)
r(337,2,3,183)
r(329,6,3,183)
r(97,5,3,183)
r(499,8,3,183)
w(423,5,3,183)
r(366,2,3,183)
r(385,5,3,183)
r(422,2,3,183)
w(77,3,3,183)
r(31,3,3,183)
r(415,2,3,183)
r(338,8,3,183)
r(241,3,3,183)
r(155,1,3,183)
w(43,5,3,183)
w(164,4,4,184)
r(493,3,4,184)
r(188,7,4,184)
w(384,3,4,184)
w(476,5,4,184)
r(64,4,4,184)
r(332,5,4,184)
w(272,8,4,184)
r(399,8,4,184)
w(100,3,4,184)
w(255,4,4,184)
w(46,3,4,184)
w(89,3,4,184)
w(425,6,4,184)
w(265,4,4,184)
r(306,4,4,184)
w(401,4,4,184)
w(498,4,4,184)
w(117,3,4,184)
w(194,3,4,184)
r(494,6,5,185)
r(470,7,5,185)
w(218,3,5,185)
r(527,9,5,185)
w(129,3,5,185)
w(66,8,5,185)
w(129,4,5,185)
r(348,2,5,185)
r(238,8,5,185)
w(164,6,5,185)
r(538,5,5,185)
w(256,5,5,185)
w(44,4,5,185)
w(440,6,5,185)
w(291,3,5,185)
r(308,2,5,185)
r(416,3,5,185)
w(242,5,5,185)
r(143,3,5,185)
r(139,6,5,185)
w(369,2,6,186)
r(34,2,6,186)
w(178,5,6,186)
w(240,4,6,186)
w(343,3,6,186)
w(442,4,6,186)
r(512,5,6,186)
w(40,2,6,186)
w(260,5,6,186)
r(71,8,6,186)
w(524,9,6,186)
r(457,4,7,187)
r(505,9,7,187)
r(452,1,7,187)
w(202,5,7,187)
r(206,5,7,187)
r(461,5,7,187)
w(32,5,7,187)
r(37,8,7,187)
w(212,4,7,187)
w(208,5,7,187)
r(407,8,7,187)
r(329,6,7,187)
r(260,3,7,187)
w(527,9,7,187)
r(419,5,7,187)
r(398,2,7,187)
w(270,9,7,187)
r(142,1,7,187)
r(83,4,7,187)
r(471,2,7,187)
r(383,2,9,188)
r(192,2,9,188)
r(376,8,9,188)
w(77,9,9,188)
r(443,2,9,188)
w(480,6,9,188)
w(326,6,9,188)
w(490,5,9,188)
w(171,9,9,188)
r(87,5,9,188)
w(401,7,9,188)
w(126,9,9,188)
r(531,2,9,188)
w(349,3,9,188)
w(94,6,9,188)
w(525,9,9,188)
r(245,3,9,188)
w(539,4,9,188)
w(330,8,9,188)
r(344,9,9,188)
r(424,5,1,189)
w(31,2,1,189)
r(238,4,1,189)
r(83,4,1,189)
w(10,2,1,189)
r(130,3,1,189)
r(402,2,1,189)
r(373,2,1,189)
r(197,5,1,189)
w(255,5,1,189)
w(240,5,1,189)
r(380,5,1,189)
r(500,5,1,189)
r(458,5,1,189)
w(227,5,1,189)
w(460,5,1,189)
r(464,2,1,189)
r(265,7,1,189)
r(351,2,1,189)
r(103,5,1,189)
w(401,3,2,190)
r(415,2,2,190)
w(356,2,2,190)
w(481,5,2,190)
w(333,2,2,190)
r(13,3,2,190)
r(306,2,2,190)
r(94,2,2,190)
r(165,2,2,190)
r(291,5,2,190)
w(105,5,2,190)
r(84,2,2,190)
r(143,1,2,190)
w(530,2,2,190)
r(357,5,2,190)
r(415,2,2,190)
w(411,5,2,190)
r(323,4,2,190)
w(459,2,2,190)
w(328,5,2,190)
w(114,5,3,191)
w(406,3,3,191)
w(357,3,3,191)
w(467,4,3,191)
w(236,2,3,191)
w(538,5,3,191)
r(531,2,3,191)
r(469,5,3,191)
w(400,3,3,191)
w(176,2,3,191)
r(416,3,3,191)
w(462,4,3,191)
r(244,3,3,191)
r(447,3,3,191)
r(333,2,3,191)
w(392,5,3,191)
r(390,6,3,191)
w(374,2,3,191)
w(346,2,3,191)
w(311,4,3,191)
w(268,4,4,192)
w(13,8,4,192)
r(148,3,4,192)
w(66,4,4,192)
w(405,3,4,192)
w(283,2,4,192)
r(63,8,4,192)
w(78,5,4,192)
r(332,5,4,192)
r(325,3,4,192)
w(234,5,4,192)
w(171,5,4,192)
r(346,2,4,192)
w(37,4,4,192)
r(535,2,4,192)
r(153,2,4,192)
r(153,2,4,192)
w(413,5,4,192)
r(236,2,4,192)
r(437,9,4,192)
w(239,4,5,193)
w(60,3,5,193)
w(62,4,5,193)
r(345,3,5,193)
w(476,3,5,193)
w(437,6,5,193)
w(255,8,5,193)
w(13,9,5,193)
w(158,2,5,193)
w(501,5,5,193)
r(127,6,5,193)
r(51,4,5,193)
r(214,5,5,193)
r(419,3,5,193)
w(476,4,5,193)
r(81,1,5,193)
w(26,9,5,193)
r(20,5,5,193)
r(54,2,5,193)
r(391,1,5,193)
r(25,7,6,194)
w(365,3,6,194)
w(342,9,6,194)
w(169,4,6,194)
r(331,2,6,194)
w(376,5,6,194)
r(232,4,6,194)
w(224,5,6,194)
r(413,4,6,194)
r(200,2,6,194)
w(15,8,6,194)
r(20,1,6,194)
r(472,5,6,194)
w(179,3,6,194)
w(405,6,6,194)
r(497,3,6,194)
w(107,3,6,194)
r(282,6,6,194)
r(310,5,6,194)
w(527,6,6,194)
w(434,8,7,195)
r(227,5,7,195)
r(304,8,7,195)
r(245,3,7,195)
r(533,4,7,195)
w(95,9,7,195)
r(230,3,7,195)
r(243,8,7,195)
w(530,3,7,195)
r(393,5,7,195)
r(346,2,7,195)
r(369,4,7,195)
w(210,9,7,195)
r(217,2,7,195)
r(226,5,7,195)
r(271,3,7,195)
w(104,11,7,195)
w(470,9,7,195)
r(519,2,7,195)
r(304,8,7,195)
w(220,4,9,196)
w(127,6,9,196)
r(18,11,9,196)
r(355,5,9,196)
r(343,5,9,196)
r(177,4,9,196)
w(458,6,9,196)
r(308,2,9,196)
r(120,2,9,196)
r(522,3,9,196)
w(423,12,9,196)
r(323,9,9,196)
w(6,9,9,196)
r(90,3,9,196)
w(380,8,9,196)
w(57,7,9,196)
w(184,10,9,196)
w(465,9,9,196)
w(337,3,9,196)
w(1,6,9,196)
r(525,8,1,197)
r(177,4,1,197)
w(535,2,1,197)
r(351,2,1,197)
r(254,2,1,197)
r(369,5,1,197)
r(415,2,1,197)
r(306,4,1,197)
w(91,2,1,197)
r(411,5,1,197)
w(226,5,1,197)
w(284,2,1,197)
w(138,2,1,197)
r(525,8,1,197)
w(486,2,1,197)
w(11,5,1,197)
w(195,2,1,197)
r(162,3,1,197)
r(379,3,1,197)
r(64,4,1,197)
r(203,8,2,198)
w(101,5,2,198)
w(210,3,2,198)
r(85,2,2,198)
r(462,11,2,198)
r(169,3,2,198)
w(88,3,2,198)
w(47,2,2,198)
r(480,8,2,198)
r(461,1,2,198)
w(537,2,2,198)
r(143,1,2,198)
r(298,3,2,198)
r(15,5,2,198)
r(296,1,2,198)
w(84,5,2,198)
w(524,3,2,198)
r(412,7,2,198)
w(307,5,2,198)
w(280,2,2,198)
w(189,9,3,199)
w(58,4,3,199)
r(454,5,3,199)
r(257,4,3,199)
r(491,2,3,199)
w(220,5,3,199)
r(392,5,3,199)
r(29,5,3,199)
r(185,4,3,199)
w(309,4,3,199)
r(77,8,3,199)
r(15,8,3,199)
w(458,3,3,199)
r(524,8,3,199)
w(4,3,3,199)
r(533,4,3,199)
r(533,4,3,199)
w(362,4,3,199)
w(72,2,3,199)
w(492,4,3,199)
w(492,6,4,200)
r(334,3,4,200)
r(322,5,4,200)
w(315,5,4,200)
w(75,2,4,200)
r(132,2,4,200)
r(500,5,4,200)
r(131,5,4,200)
r(191,8,4,200)
r(124,3,4,200)
w(492,9,4,200)
w(234,3,4,200)
w(194,4,4,200)
w(228,2,4,200)
w(356,5,4,200)
r(148,3,4,200)
r(34,2,4,200)
r(376,3,4,200)
r(123,5,4,200)
w(384,4,4,200)
r(517,2,5,201)
r(44,4,5,201)
w(98,3,5,201)
r(42,2,5,201)
w(194,8,5,201)
r(372,5,5,201)
r(211,2,5,201)
w(353,4,5,201)
r(273,6,5,201)
w(152,8,5,201)
r(16,3,5,201)
w(489,3,5,201)
w(48,3,5,201)
w(71,4,5,201)
w(178,2,5,201)
r(516,4,5,201)
w(190,5,5,201)
w(309,6,5,201)
r(91,2,5,201)
r(323,8,5,201)
w(270,8,6,202)
w(361,3,6,202)
w(302,3,6,202)
r(319,8,6,202)
w(234,9,6,202)
w(17,6,6,202)
r(499,8,6,202)
w(277,5,6,202)
w(157,5,6,202)
w(486,6,6,202)
w(307,4,6,202)
w(451,4,6,202)
w(125,4,6,202)
r(438,3,6,202)
w(439,4,6,202)
w(65,8,6,202)
w(439,8,6,202)
r(449,6,6,202)
r(477,3,6,202)
r(51,8,6,202)
w(224,4,7,203)
r(307,4,7,203)
r(450,5,7,203)
w(50,5,7,203)
r(357,3,7,203)
w(419,3,7,203)
w(58,7,7,203)
r(290,8,7,203)
r(44,5,7,203)
w(251,3,7,203)
w(350,8,7,203)
w(463,3,7,203)
w(482,5,7,203)
w(427,8,7,203)
w(36,3,7,203)
r(176,2,7,203)
w(247,4,7,203)
r(345,3,7,203)
r(51,4,7,203)
w(333,3,7,203)
r(22,2,9,204)
w(70,4,9,204)
w(404,8,9,204)
w(524,7,9,204)
r(39,3,9,204)
w(347,9,9,204)
w(405,9,9,204)
r(354,7,9,204)
w(286,5,9,204)
w(255,11,9,204)
r(70,4,9,204)
w(454,6,9,204)
r(48,9,9,204)
r(204,3,9,204)
w(280,3,9,204)
r(231,3,9,204)
r(297,2,9,204)
r(115,4,9,204)
r(338,8,9,204)
w(458,9,9,204)
w(332,5,2,205)
w(408,2,2,205)
w(61,5,2,205)
w(358,5,2,205)
w(504,4,2,205)
w(393,5,2,205)
r(3,2,2,205)
r(200,2,2,205)
r(453,2,2,205)
r(536,2,2,205)
w(222,5,2,205)
r(45,2,2,205)
w(324,5,2,205)
r(440,4,2,205)
r(421,8,2,205)
w(462,5,2,205)
r(217,2,2,205)
r(233,5,2,205)
w(420,5,2,205)
r(405,8,2,205)
w(10,3,3,206)
w(327,2,3,206)
r(194,3,3,206)
r(241,3,3,206)
w(238,8,3,206)
r(399,8,3,206)
r(486,2,3,206)
w(448,2,3,206)
r(63,8,3,206)
w(282,3,3,206)
w(231,3,3,206)
w(489,5,3,206)
w(404,5,3,206)
r(298,2,3,206)
w(526,5,3,206)
w(90,5,3,206)
w(51,4,3,206)
r(419,5,3,206)
r(349,3,3,206)
r(343,5,3,206)
r(468,6,4,207)
w(376,2,4,207)
r(74,9,4,207)
w(456,3,4,207)
r(137,2,4,207)
w(278,5,4,207)
r(139,6,4,207)
r(418,8,4,207)
w(382,2,4,207)
w(284,5,4,207)
w(13,6,4,207)
r(407,8,4,207)
w(15,3,4,207)
r(433,4,4,207)
r(312,8,4,207)
r(278,5,4,207)
w(401,8,4,207)
w(94,5,4,207)
r(84,3,4,207)
w(276,3,4,207)
w(400,8,6,208)
w(377,8,6,208)
w(325,3,6,208)
r(147,3,6,208)
w(309,7,6,208)
r(287,5,6,208)
w(145,8,6,208)
w(473,8,6,208)
w(143,3,6,208)
r(264,2,6,208)
r(189,11,6,208)
w(412,9,6,208)
w(533,4,6,208)
w(320,6,6,208)
r(73,3,6,208)
w(268,9,6,208)
w(493,3,6,208)
w(12,4,6,208)
r(156,5,6,208)
r(234,9,6,208)
w(290,6,9,209)
w(33,6,9,209)
r(289,4,9,209)
w(128,5,9,209)
r(193,8,9,209)
w(467,12,9,209)
r(194,4,9,209)
r(341,9,9,209)
r(364,3,9,209)
w(405,7,9,209)
w(374,8,9,209)
r(333,3,9,209)
w(470,10,9,209)
w(400,7,9,209)
w(393,10,9,209)
r(395,4,9,209)
r(83,4,9,209)
w(483,3,9,209)
w(141,8,9,209)
r(275,4,9,209)
r(496,2,2,210)
w(118,5,2,210)
r(196,3,2,210)
r(342,5,2,210)
w(471,2,2,210)
r(99,8,2,210)
r(73,3,2,210)
r(212,3,2,210)
w(162,3,2,210)
w(211,2,2,210)
r(198,8,2,210)
r(51,8,2,210)
r(15,5,2,210)
r(91,8,2,210)
r(262,5,2,210)
w(154,5,2,210)
r(402,2,2,210)
w(214,5,2,210)
r(399,8,2,210)
w(124,3,2,210)
w(126,5,3,211)
w(9,4,3,211)
w(518,5,3,211)
w(16,3,3,211)
r(158,4,3,211)
w(490,2,3,211)
w(4,4,3,211)
w(174,5,3,211)
w(425,4,3,211)
w(90,3,3,211)
w(491,5,3,211)
r(189,12,3,211)
r(519,2,3,211)
w(154,4,3,211)
w(522,3,3,211)
w(434,2,3,211)
r(478,3,3,211)
w(518,3,3,211)
r(496,2,3,211)
r(91,2,3,211)
r(124,3,6,212)
w(374,3,6,212)
r(74,9,6,212)
r(323,5,6,212)
w(243,8,6,212)
w(122,3,6,212)
w(540,5,6,212)
r(118,5,6,212)
r(422,2,6,212)
w(54,2,6,212)
w(468,6,6,212)
r(199,10,6,212)
w(318,2,6,212)
w(247,5,6,212)
w(230,3,6,212)
r(91,8,6,212)
r(7,5,6,212)
r(8,3,6,212)
w(457,4,6,212)
r(247,5,6,212)
w(186,3,3,213)
r(399,8,3,213)
w(109,2,3,213)
r(460,6,3,213)
w(43,3,3,213)
w(499,3,3,213)
w(514,5,3,213)
r(460,6,3,213)
r(339,9,3,213)
w(79,2,3,213)
w(170,3,3,213)
r(75,2,3,213)
w(47,5,3,213)
r(409,9,3,213)
r(115,4,3,213)
r(80,5,3,213)
w(169,2,3,213)
w(465,2,3,213)
r(84,3,3,213)
w(44,2,3,213)
w(376,3,6,214)
w(21,9,6,214)
r(506,2,6,214)
r(303,4,6,214)
r(475,3,6,214)
w(23,5,6,214)
w(20,2,6,214)
w(465,4,6,214)
w(239,8,6,214)
w(222,8,6,214)
r(5,6,6,214)
r(143,3,6,214)
w(323,10,6,214)
r(184,7,6,214)
w(410,3,6,214)
r(165,2,6,214)
w(514,4,6,214)
w(537,5,6,214)
r(122,3,6,214)
r(394,4,6,214)
w(116,2,3,215)
w(506,5,3,215)
r(129,4,3,215)
r(231,3,3,215)
w(533,5,3,215)
r(266,9,3,215)
w(368,3,3,215)
w(321,5,3,215)
w(339,5,3,215)
r(44,4,3,215)
w(126,3,3,215)
w(468,5,3,215)
r(94,5,3,215)
w(323,8,3,215)
r(403,1,3,215)
r(315,5,3,215)
r(447,3,3,215)
r(251,3,3,215)
w(442,5,3,215)
w(328,3,3,215)
