w(1,1,0,0)
w(2,1,0,0)
w(3,1,0,0)
w(4,1,0,0)
w(5,1,0,0)
w(6,1,0,0)
w(7,1,0,0)
w(8,1,0,0)
w(9,1,0,0)
w(10,1,0,0)
w(11,1,0,0)
w(12,1,0,0)
w(13,1,0,0)
w(14,1,0,0)
w(15,1,0,0)
w(16,1,0,0)
w(17,1,0,0)
w(18,1,0,0)
w(19,1,0,0)
w(20,1,0,0)
w(21,1,0,0)
w(22,1,0,0)
w(23,1,0,0)
w(24,1,0,0)
w(25,1,0,0)
w(26,1,0,0)
w(27,1,0,0)
w(28,1,0,0)
w(29,1,0,0)
w(30,1,0,0)
w(31,1,0,0)
w(32,1,0,0)
w(33,1,0,0)
w(34,1,0,0)
w(35,1,0,0)
w(36,1,0,0)
w(37,1,0,0)
w(38,1,0,0)
w(39,1,0,0)
w(40,1,0,0)
w(41,1,0,0)
w(42,1,0,0)
w(43,1,0,0)
w(44,1,0,0)
w(45,1,0,0)
w(46,1,0,0)
w(47,1,0,0)
w(48,1,0,0)
w(49,1,0,0)
w(50,1,0,0)
w(51,1,0,0)
w(52,1,0,0)
w(53,1,0,0)
w(54,1,0,0)
w(55,1,0,0)
w(56,1,0,0)
w(57,1,0,0)
w(58,1,0,0)
w(59,1,0,0)
w(60,1,0,0)
w(61,1,0,0)
w(62,1,0,0)
w(63,1,0,0)
w(64,1,0,0)
w(65,1,0,0)
w(66,1,0,0)
w(67,1,0,0)
w(68,1,0,0)
w(69,1,0,0)
w(70,1,0,0)
w(71,1,0,0)
w(72,1,0,0)
w(73,1,0,0)
w(74,1,0,0)
w(75,1,0,0)
w(76,1,0,0)
w(77,1,0,0)
w(78,1,0,0)
w(79,1,0,0)
w(80,1,0,0)
w(81,1,0,0)
w(82,1,0,0)
w(83,1,0,0)
w(84,1,0,0)
w(85,1,0,0)
w(86,1,0,0)
w(87,1,0,0)
w(88,1,0,0)
w(89,1,0,0)
w(90,1,0,0)
w(91,1,0,0)
w(92,1,0,0)
w(93,1,0,0)
w(94,1,0,0)
w(95,1,0,0)
w(96,1,0,0)
w(97,1,0,0)
w(98,1,0,0)
w(99,1,0,0)
w(100,1,0,0)
w(101,1,0,0)
w(102,1,0,0)
w(103,1,0,0)
w(104,1,0,0)
w(105,1,0,0)
w(106,1,0,0)
w(107,1,0,0)
w(108,1,0,0)
w(109,1,0,0)
w(110,1,0,0)
w(111,1,0,0)
w(112,1,0,0)
w(113,1,0,0)
w(114,1,0,0)
w(115,1,0,0)
w(116,1,0,0)
w(117,1,0,0)
w(118,1,0,0)
w(119,1,0,0)
w(120,1,0,0)
w(121,1,0,0)
w(122,1,0,0)
w(123,1,0,0)
w(124,1,0,0)
w(125,1,0,0)
w(126,1,0,0)
w(127,1,0,0)
w(128,1,0,0)
w(129,1,0,0)
w(130,1,0,0)
w(131,1,0,0)
w(132,1,0,0)
w(133,1,0,0)
w(134,1,0,0)
w(135,1,0,0)
w(136,1,0,0)
w(137,1,0,0)
w(138,1,0,0)
w(139,1,0,0)
w(140,1,0,0)
w(141,1,0,0)
w(142,1,0,0)
w(143,1,0,0)
w(144,1,0,0)
w(145,1,0,0)
w(146,1,0,0)
w(147,1,0,0)
w(148,1,0,0)
w(149,1,0,0)
w(150,1,0,0)
w(151,1,0,0)
w(152,1,0,0)
w(153,1,0,0)
w(154,1,0,0)
w(155,1,0,0)
w(156,1,0,0)
w(157,1,0,0)
w(158,1,0,0)
w(159,1,0,0)
w(160,1,0,0)
w(161,1,0,0)
w(162,1,0,0)
w(163,1,0,0)
w(164,1,0,0)
w(165,1,0,0)
w(166,1,0,0)
w(167,1,0,0)
w(168,1,0,0)
w(169,1,0,0)
w(170,1,0,0)
w(171,1,0,0)
w(172,1,0,0)
w(173,1,0,0)
w(174,1,0,0)
w(175,1,0,0)
w(176,1,0,0)
w(177,1,0,0)
w(178,1,0,0)
w(179,1,0,0)
w(180,1,0,0)
w(73,2,1,1)
r(135,1,1,1)
r(150,1,1,1)
w(137,2,1,1)
w(105,2,1,1)
w(169,2,1,1)
w(43,2,1,1)
w(152,2,1,1)
w(57,2,1,1)
w(53,2,1,1)
r(101,1,1,1)
r(89,1,1,1)
w(51,2,1,1)
r(83,1,1,1)
w(159,2,1,1)
w(91,2,1,1)
w(15,2,1,1)
r(86,1,1,1)
r(162,1,1,1)
r(153,1,1,1)
w(176,2,2,2)
w(77,6,2,2)
r(127,1,2,2)
r(115,1,2,2)
r(24,1,2,2)
w(71,4,2,2)
w(95,2,2,2)
r(119,1,2,2)
r(98,1,2,2)
w(105,5,2,2)
w(44,3,2,2)
w(132,2,2,2)
r(179,1,2,2)
w(128,4,2,2)
r(78,1,2,2)
w(41,4,2,2)
r(174,1,2,2)
r(55,1,2,2)
w(137,3,2,2)
w(133,4,2,2)
r(165,1,3,3)
r(75,1,3,3)
w(66,7,3,3)
r(159,2,3,3)
r(92,1,3,3)
w(73,8,3,3)
r(34,1,3,3)
r(142,1,3,3)
r(107,1,3,3)
w(158,5,3,3)
r(155,1,3,3)
r(106,1,3,3)
r(19,1,3,3)
r(171,1,3,3)
r(167,1,3,3)
r(3,1,3,3)
w(74,8,3,3)
w(81,11,3,3)
r(63,1,3,3)
r(62,1,3,3)
r(6,1,1,4)
w(81,2,1,4)
w(87,2,1,4)
w(138,2,1,4)
r(61,1,1,4)
r(110,1,1,4)
r(119,1,1,4)
w(124,2,1,4)
r(98,1,1,4)
w(88,2,1,4)
w(20,2,1,4)
r(168,1,1,4)
w(61,2,1,4)
r(30,1,1,4)
r(174,1,1,4)
w(73,3,1,4)
r(14,1,1,4)
w(73,4,1,4)
w(98,2,1,4)
r(108,1,1,4)
w(102,3,2,5)
w(143,3,2,5)
r(74,8,2,5)
r(153,1,2,5)
r(43,2,2,5)
w(127,3,2,5)
w(105,6,2,5)
r(62,1,2,5)
w(96,3,2,5)
r(75,1,2,5)
r(153,1,2,5)
r(94,1,2,5)
w(132,3,2,5)
w(173,4,2,5)
w(43,4,2,5)
w(25,4,2,5)
r(53,2,2,5)
r(35,1,2,5)
w(37,2,2,5)
w(78,3,2,5)
r(88,2,3,6)
w(169,8,3,6)
w(45,4,3,6)
w(173,5,3,6)
w(128,6,3,6)
r(87,2,3,6)
r(143,3,3,6)
w(75,5,3,6)
r(121,1,3,6)
w(92,5,3,6)
w(41,5,3,6)
w(18,6,3,6)
r(171,1,3,6)
r(98,2,3,6)
r(24,1,3,6)
w(112,7,3,6)
w(165,5,3,6)
r(12,1,3,6)
w(106,5,3,6)
w(139,4,3,6)
r(179,1,1,7)
r(43,4,1,7)
w(41,2,1,7)
w(113,2,1,7)
r(73,4,1,7)
r(170,1,1,7)
r(119,1,1,7)
r(97,1,1,7)
w(145,2,1,7)
w(77,2,1,7)
r(44,3,1,7)
r(75,5,1,7)
w(170,2,1,7)
r(95,2,1,7)
r(53,2,1,7)
r(77,2,1,7)
w(159,3,1,7)
w(31,2,1,7)
w(56,2,1,7)
r(10,1,1,7)
w(44,4,2,8)
r(117,1,2,8)
w(12,4,2,8)
r(7,1,2,8)
r(42,1,2,8)
r(102,3,2,8)
r(166,1,2,8)
w(19,4,2,8)
w(30,4,2,8)
w(2,7,2,8)
w(134,2,2,8)
r(179,1,2,8)
r(96,3,2,8)
r(150,1,2,8)
w(26,2,2,8)
r(109,1,2,8)
r(120,1,2,8)
r(21,1,2,8)
r(128,6,2,8)
w(169,6,2,8)
r(82,1,3,9)
w(69,5,3,9)
w(121,6,3,9)
r(158,5,3,9)
w(131,3,3,9)
w(8,4,3,9)
r(119,1,3,9)
w(46,3,3,9)
w(156,5,3,9)
r(117,1,3,9)
w(180,6,3,9)
r(170,2,3,9)
r(172,1,3,9)
r(60,1,3,9)
r(76,1,3,9)
w(30,8,3,9)
r(40,1,3,9)
r(99,1,3,9)
r(175,1,3,9)
r(116,1,3,9)
r(104,1,1,10)
r(123,1,1,10)
r(152,2,1,10)
r(36,1,1,10)
r(142,1,1,10)
r(93,1,1,10)
r(166,1,1,10)
w(125,2,1,10)
w(104,2,1,10)
r(55,1,1,10)
r(159,3,1,10)
r(49,1,1,10)
w(44,2,1,10)
r(67,1,1,10)
r(41,2,1,10)
r(142,1,1,10)
r(132,3,1,10)
w(139,2,1,10)
r(155,1,1,10)
r(28,1,1,10)
r(92,5,2,11)
r(45,4,2,11)
w(110,4,2,11)
w(6,4,2,11)
r(121,6,2,11)
r(115,1,2,11)
w(60,6,2,11)
w(37,3,2,11)
w(63,3,2,11)
w(61,3,2,11)
r(120,1,2,11)
r(95,2,2,11)
w(145,5,2,11)
w(91,3,2,11)
r(141,1,2,11)
r(82,1,2,11)
w(75,4,2,11)
r(84,1,2,11)
w(110,5,2,11)
r(14,1,2,11)
r(9,1,3,12)
r(179,1,3,12)
r(165,5,3,12)
r(102,3,3,12)
w(53,5,3,12)
r(17,1,3,12)
w(152,8,3,12)
w(72,6,3,12)
r(64,1,3,12)
r(6,4,3,12)
r(25,4,3,12)
w(75,6,3,12)
w(12,7,3,12)
w(78,5,3,12)
r(107,1,3,12)
r(105,6,3,12)
w(87,7,3,12)
r(150,1,3,12)
r(162,1,3,12)
r(130,1,3,12)
r(51,2,1,13)
w(120,2,1,13)
w(93,2,1,13)
r(164,1,1,13)
r(52,1,1,13)
w(90,2,1,13)
r(144,1,1,13)
r(123,1,1,13)
r(164,1,1,13)
r(13,1,1,13)
r(23,1,1,13)
r(162,1,1,13)
w(11,2,1,13)
w(2,2,1,13)
w(76,2,1,13)
r(180,6,1,13)
r(31,2,1,13)
w(69,2,1,13)
r(58,1,1,13)
w(165,2,1,13)
r(66,7,2,14)
w(87,4,2,14)
w(128,5,2,14)
r(78,5,2,14)
w(21,3,2,14)
w(3,3,2,14)
r(17,1,2,14)
w(11,4,2,14)
w(167,3,2,14)
r(147,1,3,15)
w(157,5,3,15)
w(29,6,3,15)
w(1,7,3,15)
r(149,7,3,15)
r(131,3,3,15)
r(156,2,3,15)
w(59,6,3,15)
r(49,1,3,15)
w(139,5,3,15)
w(60,7,3,15)
w(5,4,3,15)
r(157,5,3,15)
r(39,1,3,15)
w(10,3,3,15)
r(25,5,3,15)
r(99,1,3,15)
r(121,6,3,15)
r(7,2,3,15)
r(87,3,3,15)
r(97,1,1,16)
w(156,2,1,16)
w(43,3,1,16)
r(22,1,1,16)
r(15,2,1,16)
w(86,2,1,16)
w(7,2,1,16)
w(149,2,1,16)
r(61,3,1,16)
w(114,2,1,16)
r(127,3,1,16)
r(64,1,1,16)
r(153,1,1,16)
w(115,2,1,16)
r(164,1,1,16)
w(161,2,1,16)
w(87,3,1,16)
r(98,2,1,16)
w(77,3,1,16)
r(117,1,1,16)
r(150,1,2,17)
w(61,4,2,17)
w(133,5,2,17)
r(130,1,2,17)
r(13,1,2,17)
w(25,5,2,17)
r(22,1,2,17)
w(167,4,2,17)
r(23,1,2,17)
w(55,4,2,17)
w(63,4,2,17)
r(146,1,2,17)
w(82,4,2,17)
w(30,5,2,17)
w(119,3,2,17)
r(73,4,2,17)
r(62,1,2,17)
r(52,1,2,17)
w(63,5,2,17)
r(107,1,2,17)
r(76,2,3,18)
r(114,2,3,18)
w(103,3,3,18)
r(138,2,3,18)
w(126,4,3,18)
w(54,7,3,18)
r(125,2,3,18)
r(78,4,3,18)
r(37,3,3,18)
r(80,1,3,18)
r(110,5,3,18)
r(19,4,3,18)
r(139,5,3,18)
r(55,4,3,18)
r(82,2,3,18)
r(123,1,3,18)
r(78,4,3,18)
w(1,8,3,18)
r(87,3,3,18)
r(85,1,3,18)
w(81,3,1,19)
r(72,4,1,19)
w(75,2,1,19)
r(96,3,1,19)
r(115,2,1,19)
w(71,2,1,19)
w(128,2,1,19)
r(169,6,1,19)
w(2,3,1,19)
r(95,2,1,19)
r(130,1,1,19)
w(14,2,1,19)
r(128,2,1,19)
w(4,2,1,19)
w(94,2,1,19)
w(48,2,1,19)
r(121,6,1,19)
r(120,2,1,19)
w(163,2,1,19)
w(82,2,1,19)
r(6,4,2,20)
r(79,1,2,20)
w(78,4,2,20)
w(93,6,2,20)
w(132,4,2,20)
w(143,4,2,20)
w(32,3,2,20)
r(119,3,2,20)
w(116,3,2,20)
w(152,6,2,20)
w(81,7,2,20)
w(149,7,2,20)
r(7,2,2,20)
r(98,2,2,20)
r(43,3,2,20)
w(171,3,2,20)
w(56,4,2,20)
w(124,3,2,20)
w(69,4,2,20)
w(72,4,2,20)
r(151,1,3,21)
r(152,6,3,21)
w(170,9,3,21)
w(78,6,3,21)
r(134,2,3,21)
w(82,7,3,21)
w(39,5,3,21)
r(88,2,3,21)
w(129,4,3,21)
w(83,4,3,21)
w(146,3,3,21)
r(5,4,3,21)
r(43,3,3,21)
r(140,1,3,21)
r(51,2,3,21)
w(46,4,3,21)
r(120,2,3,21)
w(33,3,3,21)
r(159,3,1,22)
w(173,2,1,22)
w(66,2,1,22)
w(117,2,1,22)
w(14,3,1,22)
r(162,1,1,22)
r(27,1,1,22)
w(36,2,1,22)
r(60,7,1,22)
r(93,6,1,22)
r(125,2,1,22)
w(15,3,1,22)
r(20,2,1,22)
w(166,2,1,22)
r(40,1,1,22)
w(180,2,1,22)
w(34,2,1,22)
r(37,3,1,22)
w(5,2,1,22)
w(68,2,1,22)
r(160,1,2,23)
r(30,5,2,23)
w(143,5,2,23)
w(55,5,2,23)
w(44,5,2,23)
w(18,4,2,23)
r(44,5,2,23)
r(173,5,2,23)
r(2,3,2,23)
w(48,3,2,23)
r(13,1,2,23)
r(152,6,2,23)
r(108,1,2,23)
r(57,2,2,23)
w(30,6,2,23)
r(6,4,2,23)
w(165,4,2,23)
r(97,1,2,23)
w(177,5,2,23)
r(77,3,2,23)
w(164,5,3,24)
r(113,2,3,24)
w(96,5,3,24)
w(26,4,3,24)
r(141,1,3,24)
w(115,6,3,24)
r(66,2,3,24)
r(54,2,3,24)
w(25,7,3,24)
w(24,5,3,24)
r(38,1,3,24)
r(146,1,3,24)
r(68,2,3,24)
r(72,4,3,24)
w(107,4,3,24)
w(153,5,3,24)
w(132,5,3,24)
w(48,4,3,24)
r(178,1,3,24)
r(23,3,3,24)
r(111,1,1,25)
r(113,2,1,25)
r(147,1,1,25)
w(54,2,1,25)
r(9,1,1,25)
w(79,2,1,25)
r(165,4,1,25)
r(173,2,1,25)
w(49,2,1,25)
r(100,1,1,25)
w(52,2,1,25)
r(153,2,1,25)
w(84,2,1,25)
w(152,3,1,25)
w(60,2,1,25)
r(147,1,1,25)
r(136,1,1,25)
w(6,2,1,25)
r(141,1,1,25)
r(51,2,1,25)
w(87,5,2,26)
w(45,3,2,26)
w(158,3,2,26)
r(178,1,2,26)
r(113,2,2,26)
w(153,2,2,26)
r(138,2,2,26)
w(74,4,2,26)
w(6,5,2,26)
w(70,4,2,26)
w(23,3,2,26)
w(44,6,2,26)
r(168,1,2,26)
w(145,6,2,26)
r(81,3,2,26)
r(122,1,2,26)
r(120,2,2,26)
r(84,1,2,26)
w(170,5,2,26)
r(168,1,2,26)
w(8,5,3,27)
w(91,5,3,27)
r(37,3,3,27)
w(30,9,3,27)
w(87,8,3,27)
r(7,2,3,27)
w(151,3,3,27)
w(71,6,3,27)
r(53,5,3,27)
r(150,1,3,27)
r(50,1,3,27)
w(119,6,3,27)
r(47,1,3,27)
r(65,1,3,27)
w(116,5,3,27)
w(82,8,3,27)
r(27,3,3,27)
r(92,2,3,27)
w(158,6,3,27)
r(155,3,3,27)
r(72,4,1,28)
r(24,5,1,28)
w(90,3,1,28)
w(25,2,1,28)
w(15,4,1,28)
r(171,3,1,28)
w(82,3,1,28)
w(175,2,1,28)
w(160,2,1,28)
w(92,2,1,28)
w(125,3,1,28)
r(57,2,1,28)
w(84,3,1,28)
w(152,4,1,28)
w(163,3,1,28)
w(169,3,1,28)
r(27,3,1,28)
r(174,1,1,28)
w(142,2,1,28)
r(5,2,1,28)
r(162,1,2,29)
w(30,7,2,29)
w(74,5,2,29)
r(18,4,2,29)
w(155,3,2,29)
r(125,2,2,29)
r(62,1,2,29)
w(96,4,2,29)
w(27,3,2,29)
r(10,3,2,29)
r(20,2,2,29)
r(132,5,2,29)
r(58,1,2,29)
r(8,4,2,29)
w(101,3,2,29)
r(69,4,2,29)
r(57,2,2,29)
w(28,3,2,29)
w(52,5,2,29)
w(59,3,2,29)
w(131,4,3,30)
w(57,5,3,30)
w(140,4,3,30)
w(161,8,3,30)
r(25,2,3,30)
r(86,2,3,30)
w(25,8,3,30)
w(171,6,3,30)
r(174,2,3,30)
r(67,1,3,30)
w(53,6,3,30)
r(143,6,3,30)
r(4,2,3,30)
w(71,7,3,30)
w(130,3,3,30)
w(150,5,3,30)
r(42,1,3,30)
w(136,5,3,30)
r(38,1,3,30)
r(120,2,3,30)
r(160,2,1,31)
r(130,1,1,31)
w(75,3,1,31)
r(81,3,1,31)
r(71,6,1,31)
r(19,4,1,31)
r(89,1,1,31)
w(174,2,1,31)
w(129,2,1,31)
r(84,3,1,31)
r(177,5,1,31)
r(38,1,1,31)
r(10,3,1,31)
w(23,2,1,31)
w(101,2,1,31)
r(149,7,1,31)
w(16,2,1,31)
r(170,5,1,31)
r(174,2,1,31)
w(155,2,1,31)
w(157,2,2,32)
w(55,6,2,32)
w(34,4,2,32)
r(178,1,2,32)
w(109,3,2,32)
r(149,7,2,32)
w(101,4,2,32)
w(52,6,2,32)
r(20,2,2,32)
w(146,2,2,32)
r(142,2,2,32)
r(179,1,2,32)
w(113,4,2,32)
r(79,2,2,32)
w(118,4,2,32)
r(168,1,2,32)
w(145,7,2,32)
r(21,1,2,32)
r(101,4,2,32)
r(165,4,2,32)
w(33,4,3,33)
w(78,7,3,33)
w(50,3,3,33)
r(27,3,3,33)
w(86,5,3,33)
w(2,8,3,33)
r(114,2,3,33)
w(32,5,3,33)
w(56,6,3,33)
r(65,1,3,33)
r(153,5,3,33)
w(153,6,3,33)
r(140,3,3,33)
r(128,2,3,33)
w(45,6,3,33)
r(171,6,3,33)
w(99,4,3,33)
r(56,6,3,33)
r(134,2,3,33)
w(69,6,3,33)
w(50,2,1,34)
r(54,2,1,34)
w(145,3,1,34)
w(147,2,1,34)
w(58,2,1,34)
r(121,6,1,34)
w(22,2,1,34)
r(178,1,1,34)
r(119,6,1,34)
w(110,2,1,34)
w(163,4,1,34)
r(81,8,1,34)
r(9,1,1,34)
w(13,2,1,34)
r(24,5,1,34)
w(118,2,1,34)
w(18,2,1,34)
r(63,5,1,34)
w(144,2,1,34)
w(118,3,1,34)
w(160,3,2,35)
w(143,6,2,35)
r(42,1,2,35)
r(126,4,2,35)
w(159,4,2,35)
r(103,3,2,35)
r(19,4,2,35)
w(3,4,2,35)
r(150,1,2,35)
w(88,3,2,35)
r(132,5,2,35)
w(81,8,2,35)
r(6,2,2,35)
r(78,4,2,35)
w(161,6,2,35)
r(61,4,2,35)
r(69,4,2,35)
r(52,6,2,35)
r(102,3,2,35)
w(62,3,2,35)
r(14,3,3,36)
w(142,5,3,36)
w(83,5,3,36)
w(92,6,3,36)
w(94,7,3,36)
w(151,5,3,36)
r(129,2,3,36)
w(136,6,3,36)
w(175,3,1,37)
r(57,5,1,37)
r(91,4,1,37)
r(30,9,1,37)
w(39,2,1,37)
r(133,5,1,37)
w(25,3,1,37)
r(169,3,1,37)
w(30,2,1,37)
w(97,2,1,37)
r(41,2,1,37)
w(148,2,1,37)
w(90,4,1,37)
r(135,1,1,37)
r(66,2,1,37)
r(153,6,1,37)
w(158,2,1,37)
w(77,4,1,37)
w(120,3,1,37)
r(70,4,1,37)
r(103,3,2,38)
w(94,6,2,38)
r(24,5,2,38)
w(127,4,2,38)
r(129,2,2,38)
r(8,5,2,38)
w(102,4,2,38)
w(47,2,2,38)
r(146,2,2,38)
r(125,3,2,38)
r(116,5,2,38)
w(49,6,2,38)
r(171,6,2,38)
w(91,4,2,38)
w(179,4,2,38)
w(11,5,2,38)
r(97,1,2,38)
w(74,6,2,38)
w(140,3,2,38)
r(80,1,2,38)
r(31,2,3,39)
r(110,2,3,39)
r(92,4,3,39)
r(162,2,3,39)
w(88,6,3,39)
r(67,2,3,39)
w(107,6,3,39)
w(23,8,3,39)
w(35,3,3,39)
r(161,3,3,39)
r(78,7,3,39)
r(46,3,3,39)
r(91,4,3,39)
w(51,4,3,39)
w(180,7,3,39)
w(172,3,3,39)
w(179,6,3,39)
r(160,3,3,39)
w(30,10,3,39)
w(142,6,3,39)
w(142,3,1,40)
r(6,2,1,40)
w(148,3,1,40)
w(70,2,1,40)
r(21,1,1,40)
w(180,3,1,40)
r(23,2,1,40)
w(112,2,1,40)
r(155,2,1,40)
w(125,4,1,40)
w(121,2,1,40)
w(179,2,1,40)
r(139,5,1,40)
w(125,5,1,40)
w(19,2,1,40)
w(54,3,1,40)
w(121,3,1,40)
r(116,5,1,40)
r(61,4,1,40)
r(114,2,1,40)
r(27,3,2,41)
w(88,4,2,41)
r(82,8,2,41)
r(26,4,2,41)
w(7,5,2,41)
r(175,3,2,41)
w(130,2,2,41)
r(171,6,2,41)
r(72,4,2,41)
r(33,4,2,41)
r(99,4,2,41)
r(139,5,2,41)
r(67,1,2,41)
w(66,5,2,41)
w(82,5,2,41)
w(64,2,2,41)
w(29,3,2,41)
r(85,1,2,41)
w(145,8,2,41)
w(99,3,2,41)
r(154,1,3,42)
w(149,9,3,42)
r(27,4,3,42)
r(139,5,3,42)
r(101,2,3,42)
r(167,4,3,42)
w(127,5,3,42)
w(121,8,3,42)
w(133,7,3,42)
r(3,4,3,42)
r(60,3,3,42)
r(154,1,3,42)
w(166,9,3,42)
w(82,10,3,42)
w(144,4,3,42)
r(56,6,3,42)
w(145,12,3,42)
w(29,7,3,42)
w(97,4,3,42)
r(129,2,3,42)
r(72,4,1,43)
r(12,5,1,43)
w(168,2,1,43)
w(79,3,1,43)
r(102,4,1,43)
w(109,2,1,43)
r(33,4,1,43)
r(173,2,1,43)
r(57,5,1,43)
r(67,1,1,43)
w(19,3,1,43)
w(24,2,1,43)
w(179,3,1,43)
w(125,6,1,43)
w(13,3,1,43)
r(127,4,1,43)
w(21,2,1,43)
w(83,2,1,43)
w(94,3,1,43)
r(142,3,1,43)
r(52,6,2,44)
r(102,4,2,44)
w(12,5,2,44)
w(29,4,2,44)
r(40,1,2,44)
r(26,4,2,44)
w(166,4,2,44)
w(177,6,2,44)
r(54,3,2,44)
r(23,2,2,44)
r(103,3,2,44)
r(34,4,2,44)
w(112,4,2,44)
w(54,4,2,44)
w(105,8,2,44)
w(176,3,2,44)
r(39,2,2,44)
w(63,6,2,44)
r(49,6,2,44)
r(111,1,2,44)
w(87,9,3,45)
r(88,6,3,45)
w(22,7,3,45)
r(178,1,3,45)
w(83,6,3,45)
w(95,3,3,45)
w(144,5,3,45)
w(123,5,3,45)
r(29,7,3,45)
w(118,6,3,45)
w(40,6,3,45)
r(32,4,3,45)
w(16,5,3,45)
w(65,5,3,45)
w(171,7,3,45)
w(126,5,3,45)
r(121,8,3,45)
r(134,2,3,45)
w(177,9,3,45)
r(51,4,3,45)
w(80,2,1,46)
w(53,3,1,46)
w(79,4,1,46)
r(162,1,1,46)
w(177,2,1,46)
w(60,3,1,46)
r(76,2,1,46)
w(67,2,1,46)
r(91,4,1,46)
r(18,2,1,46)
w(143,2,1,46)
w(94,4,1,46)
w(161,3,1,46)
r(116,5,1,46)
w(16,3,1,46)
r(115,6,1,46)
r(163,4,1,46)
r(61,4,1,46)
r(69,6,1,46)
w(135,2,1,46)
r(147,2,2,47)
w(106,3,2,47)
r(40,1,2,47)
w(1,3,2,47)
w(72,5,2,47)
r(154,1,2,47)
r(61,4,2,47)
r(148,3,2,47)
w(107,3,2,47)
w(52,7,2,47)
w(117,4,2,47)
w(32,4,2,47)
w(25,6,2,47)
w(121,5,2,47)
w(20,3,2,47)
w(8,3,2,47)
r(90,4,2,47)
w(102,5,2,47)
w(1,4,2,47)
w(141,4,2,47)
w(48,5,3,48)
r(101,2,3,48)
w(152,9,3,48)
w(32,6,3,48)
w(40,7,3,48)
r(43,6,3,48)
r(64,3,3,48)
r(143,2,3,48)
r(73,4,3,48)
r(18,3,3,48)
w(75,7,3,48)
w(61,6,3,48)
r(162,2,3,48)
r(121,8,3,48)
r(35,2,3,48)
r(83,6,3,48)
w(107,7,3,48)
r(91,4,3,48)
r(29,7,3,48)
w(119,7,3,48)
w(12,2,1,49)
r(90,4,1,49)
r(9,3,1,49)
r(131,4,1,49)
r(104,2,1,49)
r(83,2,1,49)
r(177,2,1,49)
r(86,5,1,49)
r(36,2,1,49)
r(103,3,1,49)
r(173,2,2,50)
w(54,5,2,50)
w(84,4,2,50)
w(34,5,2,50)
w(42,3,2,50)
w(5,3,2,50)
w(156,4,2,50)
r(161,8,2,50)
r(178,1,2,50)
w(29,5,2,50)
r(116,5,2,50)
r(106,3,2,50)
w(9,3,2,50)
w(106,4,2,50)
w(145,9,2,50)
r(50,3,2,50)
r(162,1,2,50)
w(7,6,2,50)
w(152,7,2,50)
w(145,10,2,50)
r(143,2,3,51)
r(13,3,3,51)
w(4,3,3,51)
r(81,9,3,51)
r(99,3,3,51)
w(171,8,3,51)
w(126,6,3,51)
r(115,4,3,51)
r(47,2,3,51)
r(14,3,3,51)
w(58,4,3,51)
w(108,3,3,51)
w(6,8,3,51)
r(17,3,3,51)
r(62,3,3,51)
w(101,6,3,51)
r(84,4,3,51)
r(121,8,3,51)
w(177,10,3,51)
w(157,7,3,51)
w(17,2,1,52)
r(119,5,1,52)
r(43,5,1,52)
r(177,2,1,52)
w(18,3,1,52)
w(161,4,1,52)
w(76,3,1,52)
r(131,2,1,52)
r(142,6,1,52)
r(50,3,1,52)
r(68,2,1,52)
r(137,3,1,52)
w(17,3,1,52)
w(105,3,1,52)
r(176,4,1,52)
r(67,2,1,52)
r(51,4,1,52)
w(177,3,1,52)
w(49,3,1,52)
w(164,3,1,52)
w(164,4,2,53)
r(163,4,2,53)
r(12,5,2,53)
r(2,8,2,53)
w(115,4,2,53)
w(126,2,2,53)
w(26,3,2,53)
r(139,5,2,53)
w(54,6,2,53)
r(167,4,2,53)
r(116,5,2,53)
w(10,2,2,53)
r(171,6,2,53)
r(10,2,2,53)
r(124,3,2,53)
r(172,1,2,53)
w(21,4,2,53)
w(118,5,2,53)
w(174,3,2,53)
r(168,2,2,53)
w(36,3,3,54)
w(152,10,3,54)
w(96,6,3,54)
w(144,6,3,54)
r(65,5,3,54)
r(166,5,3,54)
w(158,8,3,54)
r(62,3,3,54)
w(77,7,3,54)
r(44,6,3,54)
r(10,2,3,54)
w(174,5,3,54)
r(141,5,3,54)
w(119,8,3,54)
w(34,8,3,54)
r(165,4,3,54)
w(173,6,3,54)
r(88,6,3,54)
w(136,7,3,54)
w(72,8,3,54)
w(58,3,1,55)
r(112,4,1,55)
r(19,3,1,55)
w(93,4,1,55)
w(2,4,1,55)
r(166,5,1,55)
w(57,3,1,55)
r(24,2,1,55)
r(14,3,1,55)
w(128,3,1,55)
r(158,2,1,55)
r(44,6,1,55)
r(154,1,1,55)
w(12,3,1,55)
w(8,2,1,55)
w(76,4,1,55)
r(90,4,1,55)
w(74,2,1,55)
r(76,4,1,55)
w(1,2,1,55)
r(103,3,2,56)
r(81,8,2,56)
r(68,2,2,56)
r(112,4,2,56)
r(148,3,2,56)
w(92,4,2,56)
r(39,2,2,56)
r(90,4,2,56)
w(1,5,2,56)
w(176,4,2,56)
r(58,2,2,56)
w(42,4,2,56)
r(77,4,2,56)
r(131,4,2,56)
w(150,2,2,56)
w(65,3,2,56)
w(162,2,2,56)
w(43,5,2,56)
w(170,6,2,56)
w(23,4,2,56)
r(169,3,3,57)
r(140,3,3,57)
r(59,4,3,57)
r(129,2,3,57)
r(22,7,3,57)
r(17,3,3,57)
w(79,5,3,57)
w(79,6,3,57)
w(169,9,3,57)
r(121,8,3,57)
w(35,4,3,57)
w(135,5,3,57)
w(159,5,3,57)
w(117,5,3,57)
r(13,5,3,57)
w(147,5,3,57)
w(45,7,3,57)
w(169,10,3,57)
r(104,2,3,57)
w(100,3,3,57)
w(31,3,1,58)
r(150,3,1,58)
r(127,5,1,58)
w(28,2,1,58)
r(131,2,1,58)
r(176,4,1,58)
r(113,5,1,58)
r(98,2,1,58)
r(160,3,1,58)
r(55,6,1,58)
w(55,2,1,58)
r(48,5,1,58)
r(14,3,1,58)
w(6,3,1,58)
w(156,3,1,58)
r(138,2,1,58)
r(40,5,1,58)
r(152,10,1,58)
w(149,3,1,58)
w(40,2,1,58)
w(145,11,2,59)
w(113,5,2,59)
r(56,6,2,59)
w(22,5,2,59)
w(119,4,2,59)
r(113,5,2,59)
w(174,4,2,59)
r(121,5,2,59)
w(81,9,2,59)
r(161,3,2,59)
w(119,5,2,59)
r(112,4,2,59)
r(108,1,2,59)
w(27,4,2,59)
r(81,9,2,59)
r(146,2,2,59)
r(18,2,2,59)
w(131,2,2,59)
r(51,4,2,59)
w(86,4,2,59)
w(172,4,3,60)
r(29,7,3,60)
w(113,6,3,60)
r(111,2,3,60)
r(59,4,3,60)
r(12,3,3,60)
w(130,4,3,60)
r(130,4,3,60)
r(170,6,3,60)
w(40,8,3,60)
r(11,7,3,60)
r(107,7,3,60)
r(142,6,3,60)
r(41,2,3,60)
r(27,4,3,60)
r(118,6,3,60)
r(97,4,3,60)
w(55,8,3,60)
r(103,3,3,60)
r(37,3,3,60)
w(40,3,1,61)
w(112,3,1,61)
r(6,3,1,61)
w(149,4,1,61)
w(83,3,1,61)
w(65,2,1,61)
w(110,3,1,61)
r(36,3,1,61)
r(160,3,1,61)
w(166,3,1,61)
w(96,2,1,61)
r(36,3,1,61)
w(81,5,1,61)
r(151,3,1,61)
r(75,7,1,61)
w(111,2,1,61)
r(151,3,1,61)
r(91,4,1,61)
w(42,2,1,61)
w(129,3,1,61)
w(16,4,2,62)
r(160,3,2,62)
w(35,2,2,62)
r(31,2,2,62)
r(23,8,2,62)
r(76,3,2,62)
w(120,4,2,62)
r(29,7,2,62)
r(113,5,2,62)
w(136,3,2,62)
r(36,2,2,62)
r(112,4,2,62)
r(6,2,2,62)
r(75,3,2,62)
r(162,2,2,62)
r(162,2,2,62)
r(97,4,2,62)
r(179,6,2,62)
w(23,5,2,62)
r(41,2,2,62)
r(118,6,3,63)
w(97,5,3,63)
r(19,5,3,63)
r(83,3,3,63)
w(96,7,3,63)
w(173,7,3,63)
w(98,7,3,63)
w(172,5,3,63)
w(6,9,3,63)
r(108,2,3,63)
r(169,10,3,63)
w(21,6,3,63)
r(83,3,3,63)
r(105,3,3,63)
w(16,6,3,63)
w(148,6,3,63)
w(19,6,3,63)
r(92,3,3,63)
r(63,7,3,63)
w(19,7,3,63)
w(62,2,1,64)
w(38,2,1,64)
w(108,2,1,64)
r(177,10,1,64)
w(7,3,1,64)
w(123,3,1,64)
w(117,3,1,64)
w(72,2,1,64)
r(125,6,1,64)
r(180,7,1,64)
r(152,10,1,64)
w(92,3,1,64)
r(16,5,1,64)
w(133,2,1,64)
r(10,2,1,64)
r(162,2,1,64)
r(95,3,1,64)
w(140,2,1,64)
w(133,3,1,64)
w(121,4,1,64)
w(63,7,2,65)
r(43,5,2,65)
w(40,4,2,65)
w(11,6,2,65)
r(20,3,2,65)
r(75,3,2,65)
r(1,5,2,65)
w(171,4,2,65)
r(116,5,2,65)
w(43,6,2,65)
w(11,7,2,65)
w(64,3,2,65)
r(177,9,2,65)
r(169,3,2,65)
r(110,2,2,65)
w(82,6,2,65)
w(141,5,2,65)
r(138,2,2,65)
r(29,7,2,65)
w(157,3,2,65)
r(15,4,3,66)
r(178,1,3,66)
r(165,4,3,66)
r(139,3,3,66)
r(74,3,3,66)
w(162,4,3,66)
w(167,7,3,66)
r(36,3,3,66)
r(22,7,3,66)
w(5,5,3,66)
r(120,4,3,66)
w(122,2,3,66)
w(28,5,3,66)
w(28,6,3,66)
r(13,5,3,66)
w(71,8,3,66)
w(101,7,3,66)
r(17,3,3,66)
w(79,7,3,66)
r(49,7,3,66)
w(74,3,1,67)
w(170,3,1,67)
r(163,4,1,67)
r(139,5,1,67)
w(100,2,1,67)
r(168,2,1,67)
r(62,2,1,67)
r(59,4,1,67)
r(21,6,1,67)
w(169,4,1,67)
r(142,4,1,67)
r(170,3,1,67)
w(168,4,1,67)
r(97,5,1,67)
r(111,2,1,67)
r(165,4,1,67)
w(51,3,1,67)
w(41,3,1,67)
r(119,8,1,67)
r(161,4,1,67)
r(22,7,2,68)
r(166,9,2,68)
r(20,3,2,68)
r(174,4,2,68)
r(47,2,2,68)
r(80,2,2,68)
w(23,6,2,68)
w(73,6,2,68)
r(102,5,2,68)
w(40,5,2,68)
r(8,3,2,68)
r(135,2,2,68)
r(88,6,2,68)
r(34,5,2,68)
r(46,3,2,68)
w(166,5,2,68)
r(172,3,2,68)
r(156,4,2,68)
w(57,4,2,68)
r(63,7,2,68)
w(51,5,3,69)
r(138,4,3,69)
r(180,4,3,69)
w(44,8,3,69)
w(29,8,3,69)
w(2,9,3,69)
w(149,10,3,69)
r(34,7,3,69)
w(11,8,3,69)
w(132,6,3,69)
r(25,6,3,69)
r(168,4,3,69)
w(32,7,3,69)
r(89,1,3,69)
r(44,8,3,69)
r(14,3,3,69)
r(169,7,3,69)
r(93,4,3,69)
r(26,3,3,69)
r(11,8,3,69)
w(149,5,1,70)
w(30,3,1,70)
r(171,5,1,70)
r(171,5,1,70)
w(103,2,1,70)
r(112,5,1,70)
w(111,3,1,70)
w(70,3,1,70)
w(107,2,1,70)
w(29,2,1,70)
r(120,4,1,70)
w(161,5,1,70)
r(164,3,1,70)
w(149,6,1,70)
w(77,5,1,70)
w(72,3,1,70)
r(62,2,1,70)
w(66,3,1,70)
w(76,5,1,70)
r(107,2,1,70)
r(95,3,2,71)
w(150,3,2,71)
r(158,2,2,71)
w(116,4,2,71)
w(24,3,2,71)
r(21,4,2,71)
r(116,4,2,71)
w(19,5,2,71)
r(89,1,2,71)
w(59,4,2,71)
w(134,3,2,71)
r(143,2,2,71)
w(13,5,2,71)
r(95,3,2,71)
r(130,2,2,71)
r(59,4,2,71)
r(85,1,2,71)
w(153,3,2,71)
r(89,1,2,71)
r(14,3,2,71)
r(92,3,3,72)
w(134,4,3,72)
w(28,7,3,72)
w(135,6,3,72)
r(86,4,3,72)
w(34,9,3,72)
r(129,3,3,72)
w(106,7,3,72)
w(62,4,3,72)
w(143,8,3,72)
w(163,5,3,72)
r(26,3,3,72)
r(5,5,3,72)
r(141,5,3,72)
r(119,2,3,72)
r(23,7,3,72)
w(74,10,3,72)
w(158,9,3,72)
w(18,7,3,72)
r(34,9,3,72)
r(157,7,1,73)
r(94,4,1,73)
w(169,5,1,73)
r(6,6,1,73)
w(99,2,1,73)
r(45,7,1,73)
w(45,2,1,73)
w(63,2,1,73)
r(83,3,1,73)
w(85,2,1,73)
w(34,3,1,73)
w(119,2,1,73)
r(102,6,1,73)
r(116,4,1,73)
w(111,4,1,73)
r(152,10,1,73)
r(87,9,1,73)
w(49,4,1,73)
w(98,3,1,73)
r(178,1,1,73)
r(127,5,2,74)
r(99,3,2,74)
r(113,6,2,74)
r(93,4,2,74)
w(177,7,2,74)
r(17,3,2,74)
r(1,2,2,74)
w(147,4,2,74)
r(171,8,2,74)
w(166,7,2,74)
w(52,8,2,74)
w(27,5,2,74)
w(142,4,2,74)
w(64,4,2,74)
r(165,4,2,74)
w(180,4,2,74)
w(136,4,2,74)
r(21,4,2,74)
w(49,7,2,74)
w(101,5,2,74)
r(120,4,3,75)
w(167,8,3,75)
w(97,6,3,75)
r(179,5,3,75)
r(93,5,3,75)
r(77,5,3,75)
w(77,8,3,75)
r(84,4,3,75)
w(157,8,3,75)
r(70,3,3,75)
r(83,3,3,75)
w(83,7,3,75)
w(106,8,3,75)
r(87,6,3,75)
w(59,7,3,75)
w(90,5,3,75)
w(69,7,3,75)
r(40,8,3,75)
r(67,4,3,75)
r(13,5,3,75)
w(66,4,1,76)
w(49,5,1,76)
r(166,7,1,76)
r(143,7,1,76)
r(85,2,1,76)
w(148,4,1,76)
w(27,2,1,76)
w(175,4,1,76)
r(125,6,1,76)
w(39,3,1,76)
r(152,10,1,76)
r(60,3,1,76)
r(170,7,1,76)
w(112,5,2,77)
w(56,5,2,77)
w(171,5,2,77)
w(28,4,2,77)
r(173,7,2,77)
w(6,6,2,77)
r(36,3,2,77)
w(139,3,2,77)
r(111,2,2,77)
w(98,4,2,77)
w(98,5,2,77)
w(149,8,2,77)
w(43,7,2,77)
w(33,2,2,77)
w(34,6,2,77)
w(61,5,2,77)
r(105,3,2,77)
w(138,4,2,77)
w(34,7,2,77)
w(179,5,2,77)
w(145,13,3,78)
w(13,6,3,78)
w(164,6,3,78)
r(169,5,3,78)
r(23,7,3,78)
w(139,6,3,78)
w(132,7,3,78)
w(125,7,3,78)
r(8,2,3,78)
r(97,6,3,78)
w(6,10,3,78)
r(178,2,3,78)
w(127,6,3,78)
r(24,3,3,78)
w(151,6,3,78)
r(53,3,3,78)
w(15,6,3,78)
r(49,4,3,78)
w(131,5,3,78)
r(76,5,3,78)
r(6,6,1,79)
r(104,2,1,79)
w(73,5,1,79)
w(165,3,1,79)
r(103,2,1,79)
r(137,3,1,79)
w(113,3,1,79)
r(161,5,1,79)
w(102,2,1,79)
w(56,3,1,79)
w(93,5,1,79)
w(105,4,1,79)
r(56,3,1,79)
w(135,3,1,79)
w(141,3,1,79)
r(172,5,1,79)
r(136,4,1,79)
w(81,6,1,79)
r(102,2,1,79)
r(80,2,1,79)
w(65,4,2,80)
w(18,5,2,80)
w(1,6,2,80)
r(64,4,2,80)
w(98,6,2,80)
w(67,4,2,80)
w(102,6,2,80)
w(112,6,2,80)
r(52,8,2,80)
r(46,3,2,80)
r(109,2,2,80)
r(1,6,2,80)
r(1,6,2,80)
r(79,7,2,80)
w(23,7,2,80)
r(104,2,2,80)
r(67,4,2,80)
w(15,5,2,80)
w(73,7,2,80)
w(170,7,2,80)
w(16,7,3,81)
r(146,2,3,81)
w(51,6,3,81)
r(132,7,3,81)
w(143,9,3,81)
w(63,8,3,81)
w(4,4,3,81)
w(53,7,3,81)
r(147,4,3,81)
r(142,4,3,81)
r(15,6,3,81)
w(117,6,3,81)
w(178,5,3,81)
w(32,8,3,81)
r(60,5,3,81)
r(77,8,3,81)
r(20,3,3,81)
r(26,3,3,81)
w(56,7,3,81)
w(84,5,3,81)
r(173,7,1,82)
r(33,2,1,82)
w(60,5,1,82)
w(111,5,1,82)
w(2,5,1,82)
w(9,2,1,82)
w(138,3,1,82)
r(8,2,1,82)
w(32,2,1,82)
w(2,6,1,82)
r(27,6,1,82)
w(106,2,1,82)
w(52,3,1,82)
r(123,4,1,82)
w(111,6,1,82)
w(11,3,1,82)
w(178,2,1,82)
w(52,4,1,82)
w(145,4,1,82)
w(151,2,1,82)
w(133,6,2,83)
r(14,3,2,83)
r(172,5,2,83)
w(66,6,2,83)
r(139,3,2,83)
r(173,7,2,83)
w(123,4,2,83)
r(170,7,2,83)
r(148,6,2,83)
w(169,7,2,83)
r(168,4,2,83)
r(135,5,2,83)
w(153,4,2,83)
r(9,3,2,83)
r(120,4,2,83)
r(139,3,2,83)
r(35,4,2,83)
w(42,5,2,83)
r(86,4,2,83)
w(143,7,2,83)
r(93,5,1,84)
r(59,7,1,84)
r(65,4,1,84)
r(122,2,1,84)
r(25,6,1,84)
w(136,2,1,84)
w(3,2,1,84)
w(111,7,1,84)
r(132,7,1,84)
r(85,2,1,84)
r(31,3,1,84)
r(116,4,1,84)
w(22,3,1,84)
r(75,7,1,84)
r(65,4,1,84)
r(175,3,1,84)
r(2,6,1,84)
r(29,8,1,84)
r(180,5,1,84)
r(98,3,1,84)
w(124,5,2,85)
w(42,6,2,85)
r(32,7,2,85)
r(124,5,2,85)
w(27,6,2,85)
r(31,3,2,85)
w(178,3,2,85)
w(55,7,2,85)
w(87,6,2,85)
w(148,5,2,85)
w(157,4,2,85)
r(118,6,2,85)
w(180,5,2,85)
w(144,3,2,85)
w(71,5,2,85)
r(164,3,2,85)
r(136,4,2,85)
w(12,6,2,85)
r(134,3,2,85)
w(158,4,2,85)
