w(1,1,0,0)
w(2,1,0,0)
w(3,1,0,0)
w(4,1,0,0)
w(5,1,0,0)
w(6,1,0,0)
w(7,1,0,0)
w(8,1,0,0)
w(9,1,0,0)
w(10,1,0,0)
w(11,1,0,0)
w(12,1,0,0)
w(13,1,0,0)
w(14,1,0,0)
w(15,1,0,0)
w(16,1,0,0)
w(17,1,0,0)
w(18,1,0,0)
w(19,1,0,0)
w(20,1,0,0)
w(21,1,0,0)
w(22,1,0,0)
w(23,1,0,0)
w(24,1,0,0)
w(25,1,0,0)
w(26,1,0,0)
w(27,1,0,0)
w(28,1,0,0)
w(29,1,0,0)
w(30,1,0,0)
w(31,1,0,0)
w(32,1,0,0)
w(33,1,0,0)
w(34,1,0,0)
w(35,1,0,0)
w(36,1,0,0)
w(37,1,0,0)
w(38,1,0,0)
w(39,1,0,0)
w(40,1,0,0)
w(41,1,0,0)
w(42,1,0,0)
w(43,1,0,0)
w(44,1,0,0)
w(45,1,0,0)
w(46,1,0,0)
w(47,1,0,0)
w(48,1,0,0)
w(49,1,0,0)
w(50,1,0,0)
w(51,1,0,0)
w(52,1,0,0)
w(53,1,0,0)
w(54,1,0,0)
w(55,1,0,0)
w(56,1,0,0)
w(57,1,0,0)
w(58,1,0,0)
w(59,1,0,0)
w(60,1,0,0)
w(61,1,0,0)
w(62,1,0,0)
w(63,1,0,0)
w(64,1,0,0)
w(65,1,0,0)
w(66,1,0,0)
w(67,1,0,0)
w(68,1,0,0)
w(69,1,0,0)
w(70,1,0,0)
w(71,1,0,0)
w(72,1,0,0)
w(73,1,0,0)
w(74,1,0,0)
w(75,1,0,0)
w(76,1,0,0)
w(77,1,0,0)
w(78,1,0,0)
w(79,1,0,0)
w(80,1,0,0)
w(81,1,0,0)
w(82,1,0,0)
w(83,1,0,0)
w(84,1,0,0)
w(85,1,0,0)
w(86,1,0,0)
w(87,1,0,0)
w(88,1,0,0)
w(89,1,0,0)
w(90,1,0,0)
w(91,1,0,0)
w(92,1,0,0)
w(93,1,0,0)
w(94,1,0,0)
w(95,1,0,0)
w(96,1,0,0)
w(97,1,0,0)
w(98,1,0,0)
w(99,1,0,0)
w(100,1,0,0)
w(101,1,0,0)
w(102,1,0,0)
w(103,1,0,0)
w(104,1,0,0)
w(105,1,0,0)
w(106,1,0,0)
w(107,1,0,0)
w(108,1,0,0)
w(109,1,0,0)
w(110,1,0,0)
w(111,1,0,0)
w(112,1,0,0)
w(113,1,0,0)
w(114,1,0,0)
w(115,1,0,0)
w(116,1,0,0)
w(117,1,0,0)
w(118,1,0,0)
w(119,1,0,0)
w(120,1,0,0)
w(121,1,0,0)
w(122,1,0,0)
w(123,1,0,0)
w(124,1,0,0)
w(125,1,0,0)
w(126,1,0,0)
w(127,1,0,0)
w(128,1,0,0)
w(129,1,0,0)
w(130,1,0,0)
w(131,1,0,0)
w(132,1,0,0)
w(133,1,0,0)
w(134,1,0,0)
w(135,1,0,0)
w(136,1,0,0)
w(137,1,0,0)
w(138,1,0,0)
w(139,1,0,0)
w(140,1,0,0)
w(141,1,0,0)
w(142,1,0,0)
w(143,1,0,0)
w(144,1,0,0)
w(145,1,0,0)
w(146,1,0,0)
w(147,1,0,0)
w(148,1,0,0)
w(149,1,0,0)
w(150,1,0,0)
w(151,1,0,0)
w(152,1,0,0)
w(153,1,0,0)
w(154,1,0,0)
w(155,1,0,0)
w(156,1,0,0)
w(157,1,0,0)
w(158,1,0,0)
w(159,1,0,0)
w(160,1,0,0)
w(161,1,0,0)
w(162,1,0,0)
w(163,1,0,0)
w(164,1,0,0)
w(165,1,0,0)
w(166,1,0,0)
w(167,1,0,0)
w(168,1,0,0)
w(169,1,0,0)
w(170,1,0,0)
w(171,1,0,0)
w(172,1,0,0)
w(173,1,0,0)
w(174,1,0,0)
w(175,1,0,0)
w(176,1,0,0)
w(177,1,0,0)
w(178,1,0,0)
w(179,1,0,0)
w(180,1,0,0)
w(181,1,0,0)
w(182,1,0,0)
w(183,1,0,0)
w(184,1,0,0)
w(185,1,0,0)
w(186,1,0,0)
w(187,1,0,0)
w(188,1,0,0)
w(189,1,0,0)
w(190,1,0,0)
w(191,1,0,0)
w(192,1,0,0)
w(193,1,0,0)
w(194,1,0,0)
w(195,1,0,0)
w(196,1,0,0)
w(197,1,0,0)
w(198,1,0,0)
w(199,1,0,0)
w(200,1,0,0)
w(201,1,0,0)
w(202,1,0,0)
w(203,1,0,0)
w(204,1,0,0)
w(205,1,0,0)
w(206,1,0,0)
w(207,1,0,0)
w(208,1,0,0)
w(209,1,0,0)
w(210,1,0,0)
w(211,1,0,0)
w(212,1,0,0)
w(213,1,0,0)
w(214,1,0,0)
w(215,1,0,0)
w(216,1,0,0)
w(217,1,0,0)
w(218,1,0,0)
w(219,1,0,0)
w(220,1,0,0)
w(221,1,0,0)
w(222,1,0,0)
w(223,1,0,0)
w(224,1,0,0)
w(225,1,0,0)
w(226,1,0,0)
w(227,1,0,0)
w(228,1,0,0)
w(229,1,0,0)
w(230,1,0,0)
w(231,1,0,0)
w(232,1,0,0)
w(233,1,0,0)
w(234,1,0,0)
w(235,1,0,0)
w(236,1,0,0)
w(237,1,0,0)
w(238,1,0,0)
w(239,1,0,0)
w(240,1,0,0)
w(241,1,0,0)
w(242,1,0,0)
w(243,1,0,0)
w(244,1,0,0)
w(245,1,0,0)
w(246,1,0,0)
w(247,1,0,0)
w(248,1,0,0)
w(249,1,0,0)
w(250,1,0,0)
w(251,1,0,0)
w(252,1,0,0)
w(253,1,0,0)
w(254,1,0,0)
w(255,1,0,0)
w(256,1,0,0)
w(257,1,0,0)
w(258,1,0,0)
w(259,1,0,0)
w(260,1,0,0)
w(261,1,0,0)
w(262,1,0,0)
w(263,1,0,0)
w(264,1,0,0)
w(265,1,0,0)
w(266,1,0,0)
w(267,1,0,0)
w(268,1,0,0)
w(269,1,0,0)
w(270,1,0,0)
w(271,1,0,0)
w(272,1,0,0)
w(273,1,0,0)
w(274,1,0,0)
w(275,1,0,0)
w(276,1,0,0)
w(277,1,0,0)
w(278,1,0,0)
w(279,1,0,0)
w(280,1,0,0)
w(281,1,0,0)
w(282,1,0,0)
w(283,1,0,0)
w(284,1,0,0)
w(285,1,0,0)
w(286,1,0,0)
w(287,1,0,0)
w(288,1,0,0)
w(289,1,0,0)
w(290,1,0,0)
w(291,1,0,0)
w(292,1,0,0)
w(293,1,0,0)
w(294,1,0,0)
w(295,1,0,0)
w(296,1,0,0)
w(297,1,0,0)
w(298,1,0,0)
w(299,1,0,0)
w(300,1,0,0)
w(301,1,0,0)
w(302,1,0,0)
w(303,1,0,0)
w(304,1,0,0)
w(305,1,0,0)
w(306,1,0,0)
w(307,1,0,0)
w(308,1,0,0)
w(309,1,0,0)
w(310,1,0,0)
w(311,1,0,0)
w(312,1,0,0)
w(313,1,0,0)
w(314,1,0,0)
w(315,1,0,0)
w(316,1,0,0)
w(317,1,0,0)
w(318,1,0,0)
w(319,1,0,0)
w(320,1,0,0)
w(321,1,0,0)
w(322,1,0,0)
w(323,1,0,0)
w(324,1,0,0)
w(325,1,0,0)
w(326,1,0,0)
w(327,1,0,0)
w(328,1,0,0)
w(329,1,0,0)
w(330,1,0,0)
w(331,1,0,0)
w(332,1,0,0)
w(333,1,0,0)
w(334,1,0,0)
w(335,1,0,0)
w(336,1,0,0)
w(337,1,0,0)
w(338,1,0,0)
w(339,1,0,0)
w(340,1,0,0)
w(341,1,0,0)
w(342,1,0,0)
w(343,1,0,0)
w(344,1,0,0)
w(345,1,0,0)
w(346,1,0,0)
w(347,1,0,0)
w(348,1,0,0)
w(349,1,0,0)
w(350,1,0,0)
w(351,1,0,0)
w(352,1,0,0)
w(353,1,0,0)
w(354,1,0,0)
w(355,1,0,0)
w(356,1,0,0)
w(357,1,0,0)
w(358,1,0,0)
w(359,1,0,0)
w(360,1,0,0)
w(361,1,0,0)
w(362,1,0,0)
w(363,1,0,0)
w(364,1,0,0)
w(365,1,0,0)
w(366,1,0,0)
w(367,1,0,0)
w(368,1,0,0)
w(369,1,0,0)
w(370,1,0,0)
w(371,1,0,0)
w(372,1,0,0)
w(373,1,0,0)
w(374,1,0,0)
w(375,1,0,0)
w(376,1,0,0)
w(377,1,0,0)
w(378,1,0,0)
w(379,1,0,0)
w(380,1,0,0)
w(381,1,0,0)
w(382,1,0,0)
w(383,1,0,0)
w(384,1,0,0)
w(385,1,0,0)
w(386,1,0,0)
w(387,1,0,0)
w(388,1,0,0)
w(389,1,0,0)
w(390,1,0,0)
w(391,1,0,0)
w(392,1,0,0)
w(393,1,0,0)
w(394,1,0,0)
w(395,1,0,0)
w(396,1,0,0)
w(397,1,0,0)
w(398,1,0,0)
w(399,1,0,0)
w(400,1,0,0)
w(401,1,0,0)
w(402,1,0,0)
w(403,1,0,0)
w(404,1,0,0)
w(405,1,0,0)
w(406,1,0,0)
w(407,1,0,0)
w(408,1,0,0)
w(409,1,0,0)
w(410,1,0,0)
w(411,1,0,0)
w(412,1,0,0)
w(413,1,0,0)
w(414,1,0,0)
w(415,1,0,0)
w(416,1,0,0)
w(417,1,0,0)
w(418,1,0,0)
w(419,1,0,0)
w(420,1,0,0)
w(421,1,0,0)
w(422,1,0,0)
w(423,1,0,0)
w(424,1,0,0)
w(425,1,0,0)
w(426,1,0,0)
w(427,1,0,0)
w(428,1,0,0)
w(429,1,0,0)
w(430,1,0,0)
w(431,1,0,0)
w(432,1,0,0)
w(433,1,0,0)
w(434,1,0,0)
w(435,1,0,0)
w(436,1,0,0)
w(437,1,0,0)
w(438,1,0,0)
w(439,1,0,0)
w(440,1,0,0)
w(441,1,0,0)
w(442,1,0,0)
w(443,1,0,0)
w(444,1,0,0)
w(445,1,0,0)
w(446,1,0,0)
w(447,1,0,0)
w(448,1,0,0)
w(449,1,0,0)
w(450,1,0,0)
w(451,1,0,0)
w(452,1,0,0)
w(453,1,0,0)
w(454,1,0,0)
w(455,1,0,0)
w(456,1,0,0)
w(457,1,0,0)
w(458,1,0,0)
w(459,1,0,0)
w(460,1,0,0)
w(461,1,0,0)
w(462,1,0,0)
w(463,1,0,0)
w(464,1,0,0)
w(465,1,0,0)
w(466,1,0,0)
w(467,1,0,0)
w(468,1,0,0)
w(469,1,0,0)
w(470,1,0,0)
w(471,1,0,0)
w(472,1,0,0)
w(473,1,0,0)
w(474,1,0,0)
w(475,1,0,0)
w(476,1,0,0)
w(477,1,0,0)
w(478,1,0,0)
w(479,1,0,0)
w(480,1,0,0)
r(249,1,1,1)
w(40,2,1,1)
w(14,2,1,1)
w(31,2,1,1)
w(48,2,1,1)
r(270,1,1,1)
r(215,1,1,1)
w(39,2,1,1)
w(25,2,1,1)
r(385,1,1,1)
w(7,2,1,1)
r(18,1,1,1)
w(18,2,1,1)
w(47,2,1,1)
w(45,2,1,1)
w(45,3,1,1)
w(50,2,1,1)
r(83,1,1,1)
r(150,1,1,1)
r(316,1,1,1)
w(104,2,2,2)
w(144,2,2,2)
r(291,1,2,2)
r(428,1,2,2)
w(113,2,2,2)
r(302,1,2,2)
w(128,2,2,2)
r(76,1,2,2)
w(155,2,2,2)
w(100,2,2,2)
r(388,1,2,2)
w(137,2,2,2)
r(98,1,2,2)
w(158,2,2,2)
r(326,1,2,2)
w(97,2,2,2)
r(87,1,2,2)
r(392,1,2,2)
r(382,1,2,2)
r(240,1,2,2)
w(197,2,3,3)
r(363,1,3,3)
r(354,1,3,3)
r(94,1,3,3)
r(146,1,3,3)
w(187,2,3,3)
r(157,1,3,3)
w(189,2,3,3)
r(3,1,3,3)
r(340,1,3,3)
r(335,1,3,3)
w(236,2,3,3)
r(174,1,3,3)
w(233,2,3,3)
w(222,2,3,3)
w(223,2,3,3)
r(111,1,3,3)
r(367,1,3,3)
r(411,1,3,3)
r(10,1,3,3)
r(167,1,4,4)
r(156,1,4,4)
w(259,2,4,4)
w(289,2,4,4)
w(241,2,4,4)
w(260,2,4,4)
w(251,2,4,4)
w(319,2,4,4)
w(284,2,4,4)
w(255,2,4,4)
r(21,1,4,4)
w(249,2,4,4)
w(247,2,4,4)
r(174,1,4,4)
w(275,2,4,4)
w(306,2,4,4)
r(86,1,4,4)
w(298,2,4,4)
r(229,1,4,4)
w(243,2,4,4)
r(120,1,5,5)
w(374,2,5,5)
w(328,2,5,5)
w(333,2,5,5)
w(360,2,5,5)
r(93,1,5,5)
w(398,2,5,5)
r(87,1,5,5)
r(257,1,5,5)
r(81,1,5,5)
w(323,2,5,5)
r(80,1,5,5)
w(351,2,5,5)
r(277,1,5,5)
r(319,1,5,5)
w(358,2,5,5)
w(336,2,5,5)
r(183,1,5,5)
w(374,3,5,5)
w(344,2,5,5)
w(441,2,6,6)
w(427,2,6,6)
r(367,1,6,6)
r(400,1,6,6)
w(479,2,6,6)
r(390,1,6,6)
r(437,1,6,6)
r(19,1,6,6)
r(338,1,6,6)
w(406,2,6,6)
w(429,2,6,6)
r(328,2,6,6)
r(128,2,6,6)
w(441,3,6,6)
r(120,1,6,6)
w(453,2,6,6)
w(470,2,6,6)
r(475,1,6,6)
r(85,1,6,6)
r(76,1,6,6)
w(15,2,1,7)
r(68,1,1,7)
w(50,3,1,7)
r(396,1,1,7)
w(40,3,1,7)
r(94,1,1,7)
r(101,1,1,7)
r(442,1,1,7)
r(224,1,1,7)
w(78,2,1,7)
w(63,2,1,7)
w(55,2,1,7)
r(228,1,1,7)
r(50,3,1,7)
r(326,1,1,7)
w(3,2,1,7)
r(211,1,1,7)
r(260,2,1,7)
r(414,1,1,7)
r(416,1,1,7)
w(147,2,2,8)
w(128,3,2,8)
w(91,2,2,8)
w(120,2,2,8)
w(109,2,2,8)
w(144,3,2,8)
w(102,2,2,8)
r(241,2,2,8)
r(178,1,2,8)
w(138,2,2,8)
r(377,1,2,8)
r(268,2,2,8)
r(305,1,2,8)
r(208,1,2,8)
w(115,2,2,8)
w(101,2,2,8)
r(92,1,2,8)
w(121,2,2,8)
w(132,2,2,8)
w(101,3,2,8)
w(220,2,3,9)
r(123,1,3,9)
r(175,1,3,9)
r(192,1,3,9)
w(199,2,3,9)
w(182,2,3,9)
r(436,1,3,9)
w(205,2,3,9)
r(71,1,3,9)
r(261,1,3,9)
w(220,3,3,9)
r(46,1,3,9)
r(101,1,3,9)
w(180,2,3,9)
r(285,1,3,9)
r(91,1,3,9)
w(225,2,3,9)
r(242,1,3,9)
r(267,1,3,9)
r(451,1,3,9)
w(314,2,4,10)
w(268,2,4,10)
w(290,2,4,10)
w(319,3,4,10)
r(374,3,4,10)
r(393,1,4,10)
w(291,2,4,10)
r(128,2,4,10)
r(400,1,4,10)
w(257,2,4,10)
r(191,1,4,10)
w(284,3,4,10)
r(283,1,4,10)
w(254,2,4,10)
r(70,1,4,10)
w(297,2,4,10)
r(185,1,4,10)
w(252,2,4,10)
w(300,2,4,10)
r(199,1,4,10)
r(90,1,5,11)
w(346,2,5,11)
r(456,1,5,11)
r(281,1,5,11)
r(262,1,5,11)
r(345,1,5,11)
r(387,1,5,11)
r(205,2,5,11)
r(156,1,5,11)
r(231,1,5,11)
w(332,2,5,11)
w(390,2,5,11)
w(321,2,5,11)
r(39,2,5,11)
r(441,3,5,11)
w(390,3,5,11)
w(382,2,5,11)
r(299,1,5,11)
r(128,3,5,11)
w(346,3,5,11)
r(129,1,6,12)
r(264,1,6,12)
r(160,1,6,12)
w(457,2,6,12)
r(100,2,6,12)
r(111,1,6,12)
w(408,2,6,12)
r(472,1,6,12)
r(359,1,6,12)
w(402,2,6,12)
r(174,1,6,12)
r(314,2,6,12)
w(407,2,6,12)
r(68,1,6,12)
r(196,1,6,12)
r(8,1,6,12)
r(397,1,6,12)
w(425,2,6,12)
r(5,1,6,12)
r(243,2,6,12)
w(66,2,1,13)
r(176,1,1,13)
w(33,2,1,13)
w(59,2,1,13)
r(291,2,1,13)
r(371,1,1,13)
w(71,2,1,13)
w(67,2,1,13)
w(61,2,1,13)
r(474,1,1,13)
w(41,2,1,13)
w(61,3,1,13)
r(209,1,1,13)
r(418,1,1,13)
r(408,2,1,13)
w(79,2,1,13)
r(388,1,1,13)
r(26,1,1,13)
w(59,3,1,13)
w(34,2,1,13)
r(474,1,2,14)
w(90,2,2,14)
r(173,1,2,14)
w(87,2,2,14)
r(10,1,2,14)
w(87,3,2,14)
w(135,2,2,14)
w(110,2,2,14)
w(148,2,2,14)
r(227,1,2,14)
w(160,2,2,14)
r(268,3,2,14)
w(114,2,2,14)
w(133,2,2,14)
r(26,1,2,14)
w(132,3,2,14)
r(469,1,2,14)
r(33,2,2,14)
w(84,2,2,14)
r(91,2,2,14)
r(44,1,3,15)
r(279,1,3,15)
r(31,2,3,15)
r(367,1,3,15)
r(269,1,3,15)
w(168,2,3,15)
w(233,3,3,15)
r(203,1,3,15)
r(275,2,3,15)
w(199,3,3,15)
r(66,1,3,15)
w(194,2,3,15)
w(166,2,3,15)
r(46,1,3,15)
r(460,1,3,15)
r(252,2,3,15)
w(240,2,3,15)
r(437,1,3,15)
r(447,1,3,15)
w(172,2,3,15)
w(316,2,4,16)
r(58,1,4,16)
w(309,2,4,16)
r(104,2,4,16)
w(319,4,4,16)
r(118,1,4,16)
w(254,3,4,16)
w(248,2,4,16)
r(254,3,4,16)
r(225,2,4,16)
w(248,3,4,16)
r(351,2,4,16)
w(296,2,4,16)
w(249,3,4,16)
r(155,2,4,16)
w(293,2,4,16)
r(286,1,4,16)
w(301,2,4,16)
w(252,3,4,16)
w(279,2,4,16)
w(392,2,5,17)
r(53,1,5,17)
r(123,1,5,17)
r(340,1,5,17)
r(59,3,5,17)
r(272,1,5,17)
w(358,3,5,17)
w(390,4,5,17)
w(321,3,5,17)
w(369,2,5,17)
w(352,2,5,17)
w(357,2,5,17)
w(355,2,5,17)
r(121,2,5,17)
r(152,1,5,17)
r(76,2,5,17)
r(266,1,5,17)
w(336,3,5,17)
w(367,2,5,17)
w(396,2,5,17)
r(273,1,6,18)
w(409,2,6,18)
r(49,1,6,18)
r(106,1,6,18)
r(175,1,6,18)
r(367,1,6,18)
r(159,1,6,18)
w(457,3,6,18)
r(74,1,6,18)
r(139,1,6,18)
w(446,2,6,18)
r(344,2,6,18)
w(468,2,6,18)
r(395,1,6,18)
w(474,2,6,18)
w(402,3,6,18)
r(267,1,6,18)
w(432,2,6,18)
w(456,2,6,18)
r(327,1,6,18)
r(233,3,1,19)
w(27,2,1,19)
r(154,1,1,19)
w(76,2,1,19)
w(31,3,1,19)
r(339,1,1,19)
r(324,1,1,19)
r(246,1,1,19)
r(331,1,1,19)
r(349,1,1,19)
w(19,2,1,19)
r(275,2,1,19)
w(18,3,1,19)
w(18,4,1,19)
r(444,1,1,19)
w(80,2,1,19)
r(45,3,1,19)
r(103,1,1,19)
w(37,2,1,19)
r(134,1,1,19)
r(319,4,2,20)
r(298,3,2,20)
r(23,1,2,20)
r(99,1,2,20)
w(156,2,2,20)
w(152,2,2,20)
r(364,1,2,20)
w(107,2,2,20)
r(90,2,2,20)
w(143,2,2,20)
r(224,1,2,20)
w(154,2,2,20)
r(307,1,2,20)
w(98,2,2,20)
w(141,2,2,20)
r(201,1,2,20)
r(343,1,2,20)
w(82,2,2,20)
w(138,3,2,20)
r(19,3,2,20)
w(183,2,3,21)
r(283,1,3,21)
w(237,2,3,21)
w(197,3,3,21)
r(328,2,3,21)
w(203,2,3,21)
w(176,2,3,21)
w(230,2,3,21)
r(284,3,3,21)
w(176,3,3,21)
w(233,4,3,21)
w(187,3,3,21)
r(119,1,3,21)
r(296,2,3,21)
w(162,2,3,21)
r(239,1,3,21)
r(285,1,3,21)
w(171,2,3,21)
r(281,1,3,21)
r(445,1,3,21)
w(286,2,4,22)
w(289,3,4,22)
w(244,2,4,22)
r(448,1,4,22)
r(60,1,4,22)
w(305,2,4,22)
r(9,1,4,22)
r(128,3,4,22)
r(140,1,4,22)
w(280,2,4,22)
w(280,3,4,22)
w(270,2,4,22)
w(300,3,4,22)
w(293,3,4,22)
w(298,3,4,22)
w(268,3,4,22)
r(177,1,4,22)
r(205,2,4,22)
w(300,4,4,22)
w(316,3,4,22)
w(374,4,5,23)
w(371,2,5,23)
w(334,2,5,23)
w(334,3,5,23)
w(333,3,5,23)
w(350,2,5,23)
r(447,2,5,23)
r(51,1,5,23)
r(23,1,5,23)
w(363,2,5,23)
r(42,1,5,23)
r(12,1,5,23)
w(346,4,5,23)
w(388,2,5,23)
r(255,2,5,23)
r(358,3,5,23)
r(471,1,5,23)
r(1,1,5,23)
w(337,2,5,23)
r(390,4,5,23)
r(121,2,6,24)
r(401,1,6,24)
w(451,2,6,24)
r(438,1,6,24)
w(406,3,6,24)
w(428,2,6,24)
w(429,3,6,24)
w(447,2,6,24)
r(172,2,6,24)
r(452,1,6,24)
w(458,2,6,24)
r(233,4,6,24)
r(105,1,6,24)
w(418,2,6,24)
r(458,2,6,24)
r(201,1,6,24)
w(401,2,6,24)
w(468,3,6,24)
w(463,2,6,24)
r(444,1,6,24)
w(72,2,1,25)
r(442,1,1,25)
w(61,4,1,25)
w(72,3,1,25)
w(3,3,1,25)
r(72,3,1,25)
w(31,4,1,25)
r(447,2,1,25)
r(369,2,1,25)
w(36,2,1,25)
r(410,1,1,25)
r(317,1,1,25)
r(475,1,1,25)
r(258,1,1,25)
w(19,3,1,25)
w(61,5,1,25)
r(370,1,1,25)
r(229,1,1,25)
w(41,3,1,25)
r(254,3,1,25)
r(268,5,2,26)
w(148,3,2,26)
r(374,4,2,26)
w(86,2,2,26)
r(199,4,2,26)
w(99,2,2,26)
r(65,1,2,26)
r(126,1,2,26)
w(126,2,2,26)
w(129,2,2,26)
r(431,2,2,26)
w(105,2,2,26)
w(97,3,2,26)
r(446,2,2,26)
r(155,2,2,26)
w(108,2,2,26)
w(116,2,2,26)
r(83,1,2,26)
w(88,2,2,26)
w(125,2,2,26)
r(88,1,3,27)
r(246,1,3,27)
r(444,1,3,27)
w(204,2,3,27)
r(345,1,3,27)
r(28,1,3,27)
w(169,2,3,27)
r(146,1,3,27)
w(199,4,3,27)
r(220,3,3,27)
w(197,4,3,27)
r(374,3,3,27)
r(140,1,3,27)
r(224,1,3,27)
w(204,3,3,27)
w(178,2,3,27)
r(104,2,3,27)
r(297,2,3,27)
w(169,3,3,27)
w(163,2,3,27)
w(314,3,4,28)
r(355,2,4,28)
w(295,2,4,28)
w(259,3,4,28)
r(229,1,4,28)
w(300,5,4,28)
r(211,1,4,28)
w(279,3,4,28)
w(258,2,4,28)
w(256,2,4,28)
w(261,2,4,28)
r(336,3,4,28)
r(350,1,4,28)
r(234,1,4,28)
w(320,2,4,28)
r(432,2,4,28)
r(33,2,4,28)
w(268,4,4,28)
w(262,2,4,28)
r(462,1,4,28)
r(81,1,5,29)
r(374,4,5,29)
r(1,1,5,29)
w(380,2,5,29)
w(349,2,5,29)
w(386,2,5,29)
w(373,2,5,29)
r(336,3,5,29)
w(356,2,5,29)
r(121,2,5,29)
r(164,1,5,29)
w(361,2,5,29)
w(344,3,5,29)
r(192,1,5,29)
r(244,2,5,29)
r(182,2,5,29)
r(65,1,5,29)
w(369,3,5,29)
r(42,1,5,29)
r(122,1,5,29)
w(406,4,6,30)
r(177,1,6,30)
w(431,2,6,30)
r(19,3,6,30)
r(208,1,6,30)
r(187,3,6,30)
r(143,2,6,30)
r(368,1,6,30)
w(416,2,6,30)
w(430,2,6,30)
w(420,2,6,30)
r(429,3,6,30)
w(455,2,6,30)
r(468,3,6,30)
w(416,3,6,30)
w(401,3,6,30)
w(478,2,6,30)
r(92,1,6,30)
r(41,3,6,30)
r(251,2,6,30)
w(22,2,1,31)
w(21,2,1,31)
w(39,3,1,31)
r(131,1,1,31)
w(75,2,1,31)
w(3,4,1,31)
w(34,3,1,31)
w(59,4,1,31)
w(2,2,1,31)
w(79,3,1,31)
r(305,2,1,31)
w(15,3,1,31)
w(47,3,1,31)
r(224,1,1,31)
r(290,2,1,31)
r(317,1,1,31)
w(70,2,1,31)
r(446,2,1,31)
w(25,3,1,31)
r(393,1,1,31)
w(149,2,2,32)
w(151,2,2,32)
w(82,3,2,32)
w(136,2,2,32)
r(157,1,2,32)
w(81,2,2,32)
r(207,1,2,32)
w(138,4,2,32)
w(91,3,2,32)
w(119,2,2,32)
w(127,2,2,32)
r(290,2,2,32)
r(101,3,2,32)
w(159,2,2,32)
r(289,3,2,32)
w(146,2,2,32)
r(156,2,2,32)
r(376,1,2,32)
w(99,3,2,32)
w(114,3,2,32)
r(437,1,3,33)
w(206,2,3,33)
r(193,1,3,33)
r(407,2,3,33)
w(221,2,3,33)
r(59,3,3,33)
r(376,1,3,33)
r(414,1,3,33)
r(369,2,3,33)
r(109,2,3,33)
r(90,2,3,33)
r(16,1,3,33)
r(105,1,3,33)
r(398,2,3,33)
w(235,2,3,33)
r(341,1,3,33)
r(188,1,3,33)
w(183,3,3,33)
w(216,2,3,33)
r(461,1,3,33)
w(288,2,4,34)
w(247,3,4,34)
r(377,1,4,34)
w(256,3,4,34)
r(414,1,4,34)
r(454,1,4,34)
w(296,3,4,34)
r(48,2,4,34)
w(260,3,4,34)
r(419,1,4,34)
w(270,3,4,34)
w(241,3,4,34)
w(253,2,4,34)
r(129,1,4,34)
r(298,3,4,34)
w(285,2,4,34)
r(390,4,4,34)
r(85,1,4,34)
w(268,5,4,34)
w(283,2,4,34)
r(409,2,5,35)
w(328,3,5,35)
r(60,1,5,35)
w(400,2,5,35)
r(434,1,5,35)
r(86,2,5,35)
r(264,1,5,35)
r(59,5,5,35)
w(347,2,5,35)
w(323,3,5,35)
r(33,2,5,35)
r(290,2,5,35)
w(377,2,5,35)
w(366,2,5,35)
r(367,2,5,35)
w(368,2,5,35)
r(314,3,5,35)
r(67,2,5,35)
r(171,2,5,35)
r(479,2,5,35)
r(426,1,6,36)
r(356,2,6,36)
r(172,2,6,36)
r(445,1,6,36)
r(421,1,6,36)
r(12,1,6,36)
w(468,4,6,36)
r(313,1,6,36)
w(421,2,6,36)
r(83,1,6,36)
w(480,2,6,36)
w(453,3,6,36)
r(334,3,6,36)
r(128,3,6,36)
r(406,4,6,36)
w(438,2,6,36)
r(236,2,6,36)
r(229,1,6,36)
w(415,2,6,36)
r(441,3,6,36)
w(59,5,1,37)
r(50,3,1,37)
r(411,1,1,37)
w(65,2,1,37)
w(10,2,1,37)
w(50,4,1,37)
r(86,2,1,37)
r(140,1,1,37)
r(348,1,1,37)
r(171,2,1,37)
r(10,2,1,37)
w(35,2,1,37)
r(48,2,1,37)
r(134,1,1,37)
w(57,2,1,37)
w(55,3,1,37)
w(10,3,1,37)
w(65,3,1,37)
w(73,2,1,37)
w(18,5,1,37)
w(151,3,2,38)
w(157,2,2,38)
r(297,2,2,38)
r(298,3,2,38)
w(91,4,2,38)
w(111,2,2,38)
w(154,3,2,38)
w(85,2,2,38)
r(28,1,2,38)
w(88,3,2,38)
r(315,1,2,38)
r(114,3,2,38)
w(99,4,2,38)
r(450,1,2,38)
r(468,4,2,38)
r(151,3,2,38)
r(424,1,2,38)
w(134,2,2,38)
r(217,1,2,38)
w(132,4,2,38)
w(173,2,3,39)
w(187,4,3,39)
r(159,1,3,39)
r(256,3,3,39)
r(147,2,3,39)
r(116,1,3,39)
r(271,1,3,39)
r(22,2,3,39)
r(400,1,3,39)
r(417,1,3,39)
w(230,3,3,39)
r(90,2,3,39)
w(239,2,3,39)
r(192,1,3,39)
r(145,1,3,39)
w(208,2,3,39)
r(13,1,3,39)
r(189,2,3,39)
r(345,1,3,39)
r(313,1,3,39)
w(288,3,4,40)
w(272,2,4,40)
r(85,1,4,40)
w(303,2,4,40)
r(178,2,4,40)
r(135,2,4,40)
r(363,2,4,40)
r(332,2,4,40)
r(449,1,4,40)
w(270,4,4,40)
w(255,3,4,40)
r(194,2,4,40)
r(412,1,4,40)
r(397,1,4,40)
w(286,3,4,40)
r(188,1,4,40)
w(293,4,4,40)
r(247,3,4,40)
r(310,1,4,40)
r(38,1,4,40)
r(460,1,5,41)
w(328,4,5,41)
r(480,2,5,41)
r(50,4,5,41)
w(395,2,5,41)
w(373,3,5,41)
r(30,1,5,41)
r(418,2,5,41)
w(324,2,5,41)
r(87,3,5,41)
r(207,1,5,41)
r(41,3,5,41)
w(369,4,5,41)
w(361,3,5,41)
w(364,2,5,41)
w(396,3,5,41)
r(267,1,5,41)
w(361,4,5,41)
w(341,2,5,41)
w(364,3,5,41)
r(242,1,6,42)
w(479,3,6,42)
w(443,2,6,42)
w(446,3,6,42)
w(404,2,6,42)
w(445,2,6,42)
w(451,3,6,42)
w(404,3,6,42)
w(426,2,6,42)
w(462,2,6,42)
w(477,2,6,42)
w(464,2,6,42)
r(424,1,6,42)
r(347,2,6,42)
w(470,3,6,42)
r(195,1,6,42)
r(188,3,6,42)
w(440,2,6,42)
w(415,3,6,42)
r(379,1,6,42)
r(394,1,1,43)
r(262,2,1,43)
r(9,1,1,43)
w(40,4,1,43)
r(372,1,1,43)
r(323,3,1,43)
r(44,1,1,43)
r(264,2,1,43)
r(200,1,1,43)
r(10,3,1,43)
r(404,3,1,43)
r(322,1,1,43)
r(132,3,1,43)
r(80,2,1,43)
r(163,2,1,43)
w(21,3,1,43)
r(265,1,1,43)
w(67,3,1,43)
w(74,2,1,43)
r(239,2,1,43)
w(81,3,2,44)
w(130,2,2,44)
w(88,4,2,44)
w(115,3,2,44)
r(382,2,2,44)
r(398,2,2,44)
w(90,3,2,44)
w(133,3,2,44)
r(329,1,2,44)
w(146,3,2,44)
w(129,3,2,44)
r(395,2,2,44)
w(121,3,2,44)
r(236,2,2,44)
r(449,1,2,44)
w(91,5,2,44)
w(153,2,2,44)
r(129,3,2,44)
w(154,4,2,44)
w(144,4,2,44)
w(188,2,3,45)
w(167,2,3,45)
r(359,1,3,45)
w(212,2,3,45)
w(181,2,3,45)
r(155,2,3,45)
r(297,2,3,45)
r(25,3,3,45)
w(185,2,3,45)
r(344,3,3,45)
w(230,4,3,45)
w(206,3,3,45)
r(145,1,3,45)
w(188,3,3,45)
r(423,1,3,45)
r(355,2,3,45)
w(206,4,3,45)
w(218,2,3,45)
r(160,2,3,45)
r(93,1,3,45)
w(301,3,4,46)
w(246,2,4,46)
w(264,2,4,46)
r(423,1,4,46)
w(316,4,4,46)
w(282,2,4,46)
r(426,1,4,46)
r(293,4,4,46)
r(294,1,4,46)
w(276,2,4,46)
r(388,2,4,46)
w(268,6,4,46)
r(177,1,4,46)
r(309,2,4,46)
r(467,1,4,46)
r(400,2,4,46)
r(419,1,4,46)
r(198,1,4,46)
w(317,2,4,46)
r(52,1,4,46)
r(314,3,5,47)
w(357,3,5,47)
r(327,1,5,47)
r(384,1,5,47)
r(361,4,5,47)
r(171,2,5,47)
r(167,3,5,47)
r(235,2,5,47)
w(370,2,5,47)
r(328,4,5,47)
r(391,1,5,47)
w(326,2,5,47)
r(5,1,5,47)
r(391,1,5,47)
r(78,2,5,47)
r(141,2,5,47)
r(167,3,5,47)
w(390,5,5,47)
w(369,5,5,47)
w(368,3,5,47)
r(368,2,6,48)
r(436,1,6,48)
w(463,3,6,48)
w(466,2,6,48)
w(457,4,6,48)
w(450,2,6,48)
r(128,3,6,48)
r(130,1,6,48)
r(179,1,6,48)
r(244,2,6,48)
w(473,2,6,48)
w(479,4,6,48)
r(24,1,6,48)
w(455,3,6,48)
r(146,2,6,48)
r(202,1,6,48)
r(37,2,6,48)
w(477,3,6,48)
r(286,3,6,48)
w(472,2,6,48)
w(54,2,1,49)
w(11,2,1,49)
r(323,3,1,49)
r(125,2,1,49)
r(141,2,1,49)
r(67,3,1,49)
r(183,3,1,49)
r(468,4,1,49)
w(36,3,1,49)
r(399,1,1,49)
w(47,4,1,49)
r(86,2,1,49)
r(177,1,1,49)
r(290,2,1,49)
w(6,2,1,49)
r(96,1,1,49)
w(49,2,1,49)
w(29,2,1,49)
w(63,3,1,49)
w(39,4,1,49)
w(108,3,2,50)
w(150,2,2,50)
w(93,2,2,50)
r(433,1,2,50)
w(160,3,2,50)
r(248,3,2,50)
w(105,3,2,50)
r(198,2,2,50)
r(398,2,2,50)
r(372,1,2,50)
r(229,1,2,50)
r(3,4,2,50)
w(157,3,2,50)
r(480,2,2,50)
r(84,2,2,50)
w(139,2,2,50)
r(264,2,2,50)
w(115,4,2,50)
w(160,4,2,50)
r(268,7,2,50)
r(29,1,3,51)
r(256,3,3,51)
r(359,1,3,51)
r(341,1,3,51)
r(287,1,3,51)
r(56,1,3,51)
r(1,1,3,51)
w(238,2,3,51)
w(193,2,3,51)
w(186,2,3,51)
w(166,3,3,51)
r(442,1,3,51)
r(301,3,3,51)
w(167,3,3,51)
r(59,5,3,51)
r(436,1,3,51)
r(126,2,3,51)
r(327,1,3,51)
w(228,2,3,51)
w(190,2,3,51)
r(145,1,4,52)
w(249,4,4,52)
w(283,3,4,52)
r(30,1,4,52)
w(246,3,4,52)
r(113,2,4,52)
w(273,2,4,52)
r(81,2,4,52)
w(246,4,4,52)
w(311,2,4,52)
r(467,1,4,52)
w(295,3,4,52)
r(124,1,4,52)
r(72,3,4,52)
r(373,3,4,52)
r(154,3,4,52)
r(236,2,4,52)
w(257,3,4,52)
w(317,3,4,52)
w(268,7,4,52)
r(149,2,5,53)
w(377,3,5,53)
w(327,2,5,53)
r(414,1,5,53)
r(91,5,5,53)
w(351,3,5,53)
w(373,4,5,53)
r(327,2,5,53)
w(324,3,5,53)
r(478,3,5,53)
r(117,1,5,53)
w(327,3,5,53)
r(157,2,5,53)
r(12,1,5,53)
r(57,2,5,53)
r(282,2,5,53)
r(416,3,5,53)
r(397,1,5,53)
r(403,1,5,53)
r(392,2,5,53)
w(408,3,6,54)
w(477,4,6,54)
w(436,2,6,54)
r(379,1,6,54)
r(273,2,6,54)
r(464,2,6,54)
w(439,2,6,54)
r(459,1,6,54)
w(468,5,6,54)
r(313,1,6,54)
r(125,2,6,54)
r(84,2,6,54)
w(452,2,6,54)
r(100,2,6,54)
w(428,3,6,54)
w(449,2,6,54)
w(462,3,6,54)
w(478,3,6,54)
w(470,4,6,54)
r(475,1,6,54)
w(41,4,1,55)
r(347,2,1,55)
r(7,2,1,55)
r(424,1,1,55)
r(59,5,1,55)
r(391,1,1,55)
w(39,5,1,55)
r(288,3,1,55)
w(55,4,1,55)
r(417,1,1,55)
r(46,1,1,55)
r(236,2,1,55)
r(193,2,1,55)
w(35,3,1,55)
w(46,2,1,55)
w(50,5,1,55)
r(176,3,1,55)
r(368,3,1,55)
w(24,2,1,55)
r(412,1,1,55)
r(312,1,2,56)
w(108,4,2,56)
r(253,3,2,56)
w(92,2,2,56)
r(40,4,2,56)
w(121,4,2,56)
w(119,3,2,56)
r(90,3,2,56)
w(89,2,2,56)
r(188,3,2,56)
w(125,3,2,56)
w(97,4,2,56)
r(245,1,2,56)
r(86,2,2,56)
r(62,3,2,56)
r(360,2,2,56)
w(140,2,2,56)
w(141,3,2,56)
w(114,4,2,56)
r(419,2,2,56)
w(212,3,3,57)
r(404,3,3,57)
r(410,1,3,57)
w(181,3,3,57)
r(13,1,3,57)
r(300,5,3,57)
w(237,3,3,57)
r(460,1,3,57)
w(210,2,3,57)
w(232,2,3,57)
w(168,3,3,57)
w(198,2,3,57)
r(205,2,3,57)
w(174,2,3,57)
r(203,2,3,57)
r(262,2,3,57)
w(200,2,3,57)
w(237,4,3,57)
r(73,2,3,57)
r(398,2,3,57)
r(390,5,4,58)
w(314,4,4,58)
r(259,3,4,58)
w(272,3,4,58)
w(259,4,4,58)
r(231,1,4,58)
w(242,2,4,58)
w(266,2,4,58)
r(238,2,4,58)
w(314,5,4,58)
w(267,2,4,58)
r(254,3,4,58)
w(262,3,4,58)
w(295,4,4,58)
r(32,1,4,58)
w(288,4,4,58)
r(247,3,4,58)
w(319,5,4,58)
w(257,4,4,58)
r(66,2,4,58)
r(31,5,5,59)
w(382,3,5,59)
r(136,2,5,59)
r(52,1,5,59)
w(357,4,5,59)
w(321,4,5,59)
r(151,3,5,59)
w(352,3,5,59)
r(21,3,5,59)
r(321,4,5,59)
w(374,5,5,59)
r(431,2,5,59)
w(325,2,5,59)
w(345,2,5,59)
r(196,2,5,59)
w(358,4,5,59)
r(132,4,5,59)
w(348,2,5,59)
r(467,1,5,59)
w(381,2,5,59)
r(328,4,6,60)
w(421,3,6,60)
w(456,3,6,60)
r(209,1,6,60)
w(433,2,6,60)
r(412,1,6,60)
r(329,1,6,60)
r(268,7,6,60)
w(417,2,6,60)
r(38,1,6,60)
w(418,3,6,60)
r(123,1,6,60)
w(468,6,6,60)
w(419,2,6,60)
r(242,2,6,60)
w(429,4,6,60)
w(401,4,6,60)
w(463,4,6,60)
w(474,3,6,60)
r(125,2,6,60)
w(29,3,1,61)
w(62,2,1,61)
r(27,2,1,61)
w(57,3,1,61)
r(468,5,1,61)
r(208,2,1,61)
w(41,5,1,61)
w(59,6,1,61)
r(46,2,1,61)
w(31,5,1,61)
w(59,7,1,61)
w(42,2,1,61)
w(66,3,1,61)
r(249,4,1,61)
r(216,2,1,61)
w(12,2,1,61)
w(22,3,1,61)
w(62,3,1,61)
w(7,3,1,61)
w(2,3,1,61)
w(143,3,2,62)
r(297,3,2,62)
r(215,1,2,62)
w(106,2,2,62)
w(136,3,2,62)
w(144,5,2,62)
w(85,3,2,62)
w(118,2,2,62)
r(355,2,2,62)
r(429,4,2,62)
r(9,1,2,62)
r(203,2,2,62)
r(10,3,2,62)
w(100,3,2,62)
r(6,3,2,62)
w(84,3,2,62)
w(101,4,2,62)
r(460,1,2,62)
w(143,4,2,62)
r(453,3,2,62)
w(172,3,3,63)
r(51,1,3,63)
r(329,1,3,63)
w(192,2,3,63)
w(186,3,3,63)
r(293,4,3,63)
w(240,3,3,63)
r(217,1,3,63)
w(201,2,3,63)
r(338,1,3,63)
w(214,2,3,63)
r(150,1,3,63)
w(233,5,3,63)
w(233,6,3,63)
w(212,4,3,63)
r(366,2,3,63)
w(183,4,3,63)
w(206,5,3,63)
w(226,2,3,63)
r(143,2,3,63)
w(271,2,4,64)
w(270,5,4,64)
w(259,5,4,64)
r(308,1,4,64)
w(253,3,4,64)
w(287,2,4,64)
w(246,5,4,64)
r(351,3,4,64)
w(255,4,4,64)
w(249,5,4,64)
w(295,5,4,64)
r(203,2,4,64)
r(273,2,4,64)
r(289,3,4,64)
w(257,5,4,64)
r(444,1,4,64)
w(291,3,4,64)
w(297,3,4,64)
w(285,3,4,64)
r(445,2,4,64)
w(372,2,5,65)
w(340,2,5,65)
r(12,2,5,65)
r(120,2,5,65)
w(336,4,5,65)
r(65,4,5,65)
r(242,2,5,65)
r(204,3,5,65)
w(321,5,5,65)
w(365,2,5,65)
w(393,2,5,65)
r(12,2,5,65)
r(46,2,5,65)
w(323,4,5,65)
w(348,3,5,65)
r(20,1,5,65)
r(447,2,5,65)
w(366,3,5,65)
w(386,3,5,65)
w(347,3,5,65)
w(430,3,6,66)
w(448,2,6,66)
r(326,2,6,66)
w(413,2,6,66)
w(437,2,6,66)
w(424,2,6,66)
r(470,4,6,66)
r(335,1,6,66)
w(435,2,6,66)
w(461,2,6,66)
r(128,3,6,66)
r(238,2,6,66)
w(446,4,6,66)
r(71,2,6,66)
r(113,2,6,66)
w(461,3,6,66)
w(475,2,6,66)
w(471,2,6,66)
w(439,3,6,66)
w(475,3,6,66)
r(43,1,1,67)
w(53,2,1,67)
r(451,3,1,67)
r(311,2,1,67)
w(69,2,1,67)
w(77,2,1,67)
w(34,4,1,67)
r(114,3,1,67)
w(68,2,1,67)
r(427,2,1,67)
w(65,4,1,67)
w(70,3,1,67)
w(45,4,1,67)
r(8,1,1,67)
r(412,1,1,67)
w(50,6,1,67)
r(417,2,1,67)
r(93,2,1,67)
r(272,3,1,67)
w(63,4,1,67)
r(312,1,2,68)
r(147,2,2,68)
r(380,2,2,68)
w(145,2,2,68)
w(105,4,2,68)
r(5,1,2,68)
w(153,3,2,68)
w(154,5,2,68)
w(147,3,2,68)
r(434,1,2,68)
w(155,3,2,68)
r(471,2,2,68)
w(84,4,2,68)
w(119,4,2,68)
r(366,3,2,68)
w(154,6,2,68)
r(304,1,2,68)
w(142,2,2,68)
r(223,3,2,68)
w(144,6,2,68)
r(121,3,3,69)
r(195,1,3,69)
r(141,2,3,69)
w(195,2,3,69)
w(196,2,3,69)
w(187,5,3,69)
r(133,3,3,69)
r(93,2,3,69)
r(353,1,3,69)
r(395,2,3,69)
r(417,2,3,69)
r(410,1,3,69)
w(217,2,3,69)
w(227,2,3,69)
w(223,3,3,69)
r(347,2,3,69)
r(6,2,3,69)
r(386,2,3,69)
w(228,3,3,69)
w(167,4,3,69)
r(292,1,4,70)
r(151,3,4,70)
r(126,2,4,70)
r(288,4,4,70)
w(307,2,4,70)
w(305,3,4,70)
w(279,4,4,70)
r(265,1,4,70)
r(262,3,4,70)
r(36,3,4,70)
w(318,2,4,70)
r(314,5,4,70)
r(17,1,4,70)
r(173,2,4,70)
r(97,4,4,70)
r(78,2,4,70)
r(404,3,4,70)
r(169,4,4,70)
r(288,4,4,70)
w(311,3,4,70)
w(335,2,5,71)
r(214,3,5,71)
w(391,2,5,71)
r(83,1,5,71)
w(334,4,5,71)
r(336,4,5,71)
r(116,2,5,71)
r(132,4,5,71)
r(198,3,5,71)
r(386,3,5,71)
r(357,4,5,71)
w(363,3,5,71)
r(366,3,5,71)
r(110,2,5,71)
r(418,3,5,71)
w(327,4,5,71)
r(419,2,5,71)
r(287,2,5,71)
w(326,3,5,71)
w(327,5,5,71)
w(407,3,6,72)
r(73,2,6,72)
w(439,4,6,72)
w(442,2,6,72)
r(129,3,6,72)
r(466,2,6,72)
r(196,2,6,72)
w(414,2,6,72)
w(479,5,6,72)
w(460,2,6,72)
w(429,5,6,72)
w(445,3,6,72)
w(414,3,6,72)
w(438,3,6,72)
r(299,1,6,72)
r(267,2,6,72)
r(391,1,6,72)
r(298,3,6,72)
r(394,1,6,72)
r(334,3,6,72)
w(75,3,1,73)
r(260,3,1,73)
r(451,3,1,73)
r(47,4,1,73)
r(275,2,1,73)
r(341,2,1,73)
r(464,2,1,73)
w(44,2,1,73)
w(57,4,1,73)
r(256,3,1,73)
r(257,5,1,73)
w(14,3,1,73)
w(49,3,1,73)
w(51,2,1,73)
r(66,3,1,73)
r(308,1,1,73)
r(2,3,1,73)
r(73,2,1,73)
r(120,2,1,73)
w(6,3,1,73)
w(100,4,2,74)
w(102,3,2,74)
w(150,3,2,74)
r(14,3,2,74)
r(137,2,2,74)
r(47,4,2,74)
r(167,4,2,74)
r(270,5,2,74)
w(82,4,2,74)
w(104,3,2,74)
w(112,2,2,74)
w(91,6,2,74)
w(133,4,2,74)
w(160,5,2,74)
r(434,1,2,74)
w(149,3,2,74)
r(178,3,2,74)
w(153,4,2,74)
w(110,3,2,74)
r(383,1,2,74)
w(185,3,3,75)
r(399,1,3,75)
r(334,3,3,75)
r(257,5,3,75)
w(198,3,3,75)
r(10,3,3,75)
w(219,2,3,75)
w(228,4,3,75)
r(354,1,3,75)
w(235,3,3,75)
r(405,1,3,75)
r(139,2,3,75)
w(240,4,3,75)
w(237,5,3,75)
w(184,2,3,75)
w(194,3,3,75)
r(405,1,3,75)
r(469,1,3,75)
w(169,4,3,75)
w(182,3,3,75)
r(248,3,4,76)
r(375,1,4,76)
r(352,3,4,76)
r(100,3,4,76)
w(285,4,4,76)
w(299,2,4,76)
w(281,2,4,76)
r(447,2,4,76)
r(321,5,4,76)
r(29,3,4,76)
r(301,3,4,76)
w(292,2,4,76)
w(259,6,4,76)
r(337,2,4,76)
r(410,1,4,76)
w(248,4,4,76)
r(255,4,4,76)
w(295,6,4,76)
w(278,2,4,76)
r(186,3,4,76)
w(351,4,5,77)
r(367,2,5,77)
w(383,2,5,77)
w(379,2,5,77)
w(395,3,5,77)
w(388,3,5,77)
w(350,3,5,77)
r(43,2,5,77)
r(76,2,5,77)
w(354,2,5,77)
r(49,3,5,77)
w(385,2,5,77)
r(404,3,5,77)
r(434,1,5,77)
w(359,2,5,77)
w(351,5,5,77)
w(365,3,5,77)
r(278,2,5,77)
w(397,2,5,77)
w(328,5,5,77)
w(477,5,6,78)
r(390,5,6,78)
r(161,1,6,78)
r(252,3,6,78)
r(211,1,6,78)
r(353,1,6,78)
w(464,3,6,78)
w(458,3,6,78)
r(438,3,6,78)
w(478,4,6,78)
w(463,5,6,78)
r(474,3,6,78)
w(433,3,6,78)
w(433,4,6,78)
r(254,3,6,78)
w(420,3,6,78)
r(178,3,6,78)
w(409,3,6,78)
r(74,2,6,78)
w(439,5,6,78)
w(40,5,1,79)
w(11,3,1,79)
w(12,3,1,79)
w(24,3,1,79)
w(46,3,1,79)
r(359,1,1,79)
r(429,4,1,79)
w(60,2,1,79)
w(43,2,1,79)
r(268,7,1,79)
w(10,4,1,79)
r(233,6,1,79)
r(286,3,1,79)
r(257,5,1,79)
r(106,2,1,79)
w(48,3,1,79)
w(63,5,1,79)
w(80,3,1,79)
w(10,5,1,79)
r(329,1,1,79)
w(123,2,2,80)
r(325,2,2,80)
r(1,1,2,80)
r(86,2,2,80)
w(109,3,2,80)
w(83,2,2,80)
w(112,3,2,80)
r(5,2,2,80)
r(139,2,2,80)
w(116,3,2,80)
w(142,3,2,80)
r(107,2,2,80)
r(62,3,2,80)
r(208,2,2,80)
r(31,5,2,80)
r(1,1,2,80)
w(113,3,2,80)
r(265,1,2,80)
r(36,3,2,80)
w(154,7,2,80)
r(122,1,3,81)
w(191,2,3,81)
r(416,3,3,81)
w(210,3,3,81)
w(218,3,3,81)
r(23,1,3,81)
w(221,3,3,81)
r(259,5,3,81)
w(178,3,3,81)
r(441,3,3,81)
r(132,4,3,81)
r(253,3,3,81)
r(218,3,3,81)
r(19,3,3,81)
r(187,5,3,81)
w(219,3,3,81)
w(205,3,3,81)
r(436,2,3,81)
w(214,3,3,81)
w(234,2,3,81)
r(85,3,4,82)
r(324,3,4,82)
r(344,3,4,82)
w(264,3,4,82)
w(320,3,4,82)
w(282,3,4,82)
w(283,5,4,82)
r(316,4,4,82)
w(268,8,4,82)
r(438,3,4,82)
r(91,6,4,82)
w(261,3,4,82)
w(279,5,4,82)
w(248,5,4,82)
r(447,2,4,82)
w(245,2,4,82)
r(410,1,4,82)
w(246,6,4,82)
r(304,1,4,82)
w(315,2,4,82)
r(100,4,5,83)
r(44,2,5,83)
r(389,1,5,83)
r(381,2,5,83)
r(337,2,5,83)
w(325,3,5,83)
w(381,3,5,83)
w(382,4,5,83)
w(400,3,5,83)
w(367,3,5,83)
r(336,4,5,83)
w(327,6,5,83)
w(377,4,5,83)
r(217,2,5,83)
w(333,4,5,83)
r(145,2,5,83)
w(380,3,5,83)
r(86,2,5,83)
r(52,1,5,83)
r(335,2,5,83)
w(480,3,6,84)
r(316,4,6,84)
w(419,3,6,84)
r(453,3,6,84)
r(333,3,6,84)
w(422,2,6,84)
w(451,4,6,84)
w(429,6,6,84)
w(475,4,6,84)
r(430,3,6,84)
r(137,2,6,84)
r(440,2,6,84)
w(432,3,6,84)
r(356,2,6,84)
w(444,2,6,84)
w(466,3,6,84)
w(402,4,6,84)
w(402,5,6,84)
w(428,4,6,84)
r(225,2,6,84)
r(346,4,1,85)
w(5,2,1,85)
w(48,4,1,85)
w(60,3,1,85)
r(268,7,1,85)
w(9,2,1,85)
w(79,4,1,85)
w(67,4,1,85)
r(48,4,1,85)
w(4,2,1,85)
w(57,5,1,85)
r(442,2,1,85)
r(199,4,1,85)
w(23,2,1,85)
r(300,5,1,85)
r(174,2,1,85)
w(40,6,1,85)
r(319,5,1,85)
w(16,2,1,85)
w(2,4,1,85)
r(291,3,2,86)
w(97,5,2,86)
r(168,4,2,86)
r(90,3,2,86)
r(407,3,2,86)
w(150,4,2,86)
r(7,5,2,86)
r(145,2,2,86)
w(93,3,2,86)
w(102,4,2,86)
w(111,3,2,86)
w(91,7,2,86)
r(28,1,2,86)
r(410,1,2,86)
r(322,1,2,86)
r(71,2,2,86)
w(149,4,2,86)
w(147,4,2,86)
w(148,4,2,86)
r(312,1,2,86)
w(162,3,3,87)
w(168,4,3,87)
w(206,6,3,87)
w(195,3,3,87)
r(366,3,3,87)
r(98,2,3,87)
w(197,5,3,87)
r(146,3,3,87)
r(208,2,3,87)
r(98,2,3,87)
r(186,3,3,87)
r(386,3,3,87)
r(251,2,3,87)
w(239,3,3,87)
r(316,4,3,87)
w(192,3,3,87)
w(207,2,3,87)
r(478,4,3,87)
w(233,7,3,87)
w(164,2,3,87)
r(18,6,4,88)
r(125,3,4,88)
w(282,4,4,88)
r(186,3,4,88)
w(246,7,4,88)
w(292,3,4,88)
w(318,3,4,88)
w(290,3,4,88)
r(177,1,4,88)
r(335,2,4,88)
w(309,3,4,88)
w(257,6,4,88)
r(130,2,4,88)
w(310,2,4,88)
r(480,3,4,88)
w(287,3,4,88)
r(227,2,4,88)
w(262,4,4,88)
w(278,3,4,88)
w(280,4,4,88)
r(313,1,5,89)
r(269,1,5,89)
w(327,7,5,89)
r(43,2,5,89)
w(347,4,5,89)
w(350,4,5,89)
r(458,3,5,89)
r(275,2,5,89)
r(235,3,5,89)
w(394,2,5,89)
w(340,3,5,89)
r(316,4,5,89)
w(388,4,5,89)
w(399,2,5,89)
w(323,5,5,89)
r(172,3,5,89)
w(365,4,5,89)
w(378,2,5,89)
w(366,4,5,89)
r(391,2,5,89)
r(11,3,6,90)
r(225,2,6,90)
w(442,3,6,90)
r(479,5,6,90)
r(4,2,6,90)
w(427,3,6,90)
w(416,4,6,90)
r(279,5,6,90)
r(374,5,6,90)
r(126,2,6,90)
r(161,1,6,90)
r(172,3,6,90)
r(173,2,6,90)
w(467,2,6,90)
r(354,2,6,90)
w(474,4,6,90)
r(327,6,6,90)
r(397,2,6,90)
w(405,2,6,90)
w(478,5,6,90)
w(41,6,1,91)
r(224,1,1,91)
r(453,3,1,91)
w(7,4,1,91)
r(377,3,1,91)
r(351,3,1,91)
w(8,2,1,91)
w(17,2,1,91)
r(55,4,1,91)
w(2,5,1,91)
r(299,2,1,91)
w(59,8,1,91)
r(8,2,1,91)
w(74,3,1,91)
w(18,6,1,91)
r(61,5,1,91)
w(78,3,1,91)
r(94,1,1,91)
w(74,4,1,91)
r(406,4,1,91)
w(121,5,2,92)
r(6,3,2,92)
w(114,5,2,92)
r(158,2,2,92)
r(102,4,2,92)
r(248,5,2,92)
w(118,3,2,92)
w(87,4,2,92)
r(397,2,2,92)
w(100,5,2,92)
r(320,3,2,92)
r(362,1,2,92)
r(240,4,2,92)
w(111,4,2,92)
w(107,3,2,92)
r(315,3,2,92)
r(265,1,2,92)
r(182,3,2,92)
w(138,5,2,92)
r(274,1,2,92)
w(211,2,3,93)
r(276,2,3,93)
r(69,3,3,93)
w(226,3,3,93)
r(115,4,3,93)
r(275,2,3,93)
r(440,2,3,93)
r(220,3,3,93)
w(199,5,3,93)
w(214,4,3,93)
r(141,3,3,93)
w(163,3,3,93)
r(402,5,3,93)
w(238,3,3,93)
w(189,3,3,93)
r(306,2,3,93)
w(227,3,3,93)
r(133,4,3,93)
r(480,3,3,93)
w(197,6,3,93)
w(252,4,4,94)
r(371,2,4,94)
w(292,4,4,94)
w(256,4,4,94)
r(307,2,4,94)
r(108,4,4,94)
w(260,4,4,94)
w(279,6,4,94)
r(440,2,4,94)
r(239,3,4,94)
r(403,1,4,94)
w(241,4,4,94)
r(429,6,4,94)
r(218,3,4,94)
w(246,8,4,94)
w(299,3,4,94)
r(8,2,4,94)
r(296,3,4,94)
w(261,4,4,94)
r(467,2,4,94)
w(379,3,5,95)
w(392,3,5,95)
r(290,3,5,95)
w(397,3,5,95)
r(460,2,5,95)
w(338,2,5,95)
r(436,2,5,95)
r(103,1,5,95)
w(372,3,5,95)
r(309,3,5,95)
r(200,2,5,95)
r(453,3,5,95)
r(206,6,5,95)
w(332,3,5,95)
r(327,7,5,95)
w(399,3,5,95)
w(338,3,5,95)
w(323,6,5,95)
r(401,4,5,95)
r(404,3,5,95)
r(362,1,6,96)
w(431,3,6,96)
w(450,3,6,96)
r(417,2,6,96)
r(462,3,6,96)
r(235,3,6,96)
r(55,4,6,96)
r(2,6,6,96)
r(404,3,6,96)
r(393,2,6,96)
w(474,5,6,96)
w(408,5,6,96)
w(402,6,6,96)
r(418,3,6,96)
w(410,2,6,96)
r(253,3,6,96)
r(44,4,6,96)
w(468,7,6,96)
r(166,4,6,96)
r(245,2,6,96)
r(10,5,1,97)
w(74,5,1,97)
w(32,2,1,97)
w(36,4,1,97)
r(78,3,1,97)
w(20,2,1,97)
r(306,2,1,97)
w(31,6,1,97)
r(254,3,1,97)
w(69,3,1,97)
r(391,2,1,97)
w(30,2,1,97)
w(7,5,1,97)
r(369,5,1,97)
w(9,3,1,97)
w(9,4,1,97)
w(2,6,1,97)
r(303,2,1,97)
r(293,4,1,97)
w(79,5,1,97)
r(62,3,2,98)
w(97,6,2,98)
r(58,1,2,98)
r(189,3,2,98)
w(142,4,2,98)
w(129,4,2,98)
w(84,5,2,98)
w(119,5,2,98)
r(199,5,2,98)
w(132,5,2,98)
r(273,2,2,98)
r(202,1,2,98)
w(146,4,2,98)
r(266,2,2,98)
w(101,5,2,98)
r(425,2,2,98)
r(357,4,2,98)
w(139,3,2,98)
w(104,4,2,98)
r(451,4,2,98)
w(166,4,3,99)
r(297,3,3,99)
r(117,1,3,99)
w(213,2,3,99)
w(232,3,3,99)
w(217,3,3,99)
r(433,4,3,99)
r(11,3,3,99)
r(52,1,3,99)
w(217,4,3,99)
w(212,5,3,99)
r(474,4,3,99)
r(442,3,3,99)
r(139,2,3,99)
r(106,2,3,99)
r(308,1,3,99)
w(217,5,3,99)
r(222,2,3,99)
r(60,3,3,99)
w(217,6,3,99)
w(287,4,4,100)
w(258,3,4,100)
w(301,4,4,100)
r(109,3,4,100)
w(315,3,4,100)
r(389,1,4,100)
r(333,4,4,100)
w(283,6,4,100)
r(454,1,4,100)
w(313,2,4,100)
r(248,5,4,100)
r(243,2,4,100)
r(427,3,4,100)
w(285,5,4,100)
w(294,2,4,100)
r(210,3,4,100)
r(254,3,4,100)
w(269,2,4,100)
r(26,1,4,100)
w(252,5,4,100)
r(355,2,5,101)
w(377,5,5,101)
w(384,2,5,101)
w(352,4,5,101)
r(187,5,5,101)
r(444,2,5,101)
w(379,4,5,101)
r(394,2,5,101)
r(423,1,5,101)
r(145,2,5,101)
r(228,4,5,101)
w(361,5,5,101)
r(241,4,5,101)
w(387,2,5,101)
r(90,3,5,101)
w(346,5,5,101)
r(93,3,5,101)
r(18,6,5,101)
w(368,4,5,101)
w(396,4,5,101)
w(466,5,6,102)
r(474,5,6,102)
r(327,7,6,102)
w(459,2,6,102)
r(252,5,6,102)
w(412,2,6,102)
r(130,2,6,102)
w(479,6,6,102)
w(429,7,6,102)
w(407,4,6,102)
r(113,3,6,102)
w(480,4,6,102)
r(361,5,6,102)
w(458,5,6,102)
w(430,4,6,102)
w(474,6,6,102)
r(293,4,6,102)
r(319,5,6,102)
w(480,5,6,102)
r(135,2,6,102)
r(204,3,1,103)
w(44,3,1,103)
r(336,4,1,103)
r(271,2,1,103)
r(5,2,1,103)
w(44,4,1,103)
w(46,4,1,103)
w(15,4,1,103)
w(65,5,1,103)
w(57,6,1,103)
w(17,3,1,103)
w(53,3,1,103)
r(203,2,1,103)
w(27,3,1,103)
w(46,5,1,103)
r(422,2,1,103)
r(175,1,1,103)
w(57,7,1,103)
r(101,4,1,103)
r(114,4,1,103)
r(204,3,2,104)
r(345,3,2,104)
r(225,2,2,104)
r(17,3,2,104)
r(119,5,2,104)
w(111,6,2,104)
r(127,2,2,104)
r(158,2,2,104)
r(177,1,2,104)
r(301,4,2,104)
r(387,2,2,104)
r(398,2,2,104)
r(454,1,2,104)
r(240,5,2,104)
r(279,7,2,104)
w(92,3,2,104)
w(158,3,2,104)
w(81,4,2,104)
w(106,3,2,104)
r(288,4,2,104)
r(340,3,3,105)
w(232,4,3,105)
r(196,2,3,105)
r(149,4,3,105)
w(210,4,3,105)
w(240,5,3,105)
w(190,3,3,105)
w(229,2,3,105)
r(40,6,3,105)
r(61,5,3,105)
w(231,2,3,105)
w(175,2,3,105)
r(185,3,3,105)
w(175,3,3,105)
r(463,5,3,105)
r(180,2,3,105)
r(215,1,3,105)
r(145,2,3,105)
r(148,4,3,105)
r(89,2,3,105)
w(305,4,4,106)
w(276,3,4,106)
r(307,2,4,106)
w(299,4,4,106)
r(379,4,4,106)
w(249,6,4,106)
w(261,5,4,106)
w(279,7,4,106)
w(277,2,4,106)
w(286,4,4,106)
r(240,5,4,106)
w(302,2,4,106)
r(105,4,4,106)
r(224,1,4,106)
r(291,3,4,106)
r(318,3,4,106)
r(362,1,4,106)
w(312,2,4,106)
r(451,4,4,106)
w(305,5,4,106)
r(268,8,5,107)
w(331,2,5,107)
w(378,3,5,107)
w(352,5,5,107)
w(323,7,5,107)
w(340,4,5,107)
r(144,6,5,107)
w(394,3,5,107)
r(62,3,5,107)
w(350,5,5,107)
r(245,2,5,107)
r(53,3,5,107)
r(357,4,5,107)
r(131,1,5,107)
w(394,4,5,107)
w(397,4,5,107)
r(331,2,5,107)
r(186,3,5,107)
w(331,3,5,107)
r(52,2,5,107)
r(139,3,6,108)
w(401,5,6,108)
r(420,3,6,108)
w(409,4,6,108)
w(422,3,6,108)
w(446,5,6,108)
w(439,6,6,108)
r(75,3,6,108)
w(465,2,6,108)
w(429,8,6,108)
r(415,3,6,108)
w(443,3,6,108)
w(433,6,6,108)
r(420,3,6,108)
w(460,3,6,108)
r(181,3,6,108)
w(469,2,6,108)
w(402,7,6,108)
w(425,3,6,108)
w(438,4,6,108)
r(258,3,1,109)
r(43,2,1,109)
r(9,4,1,109)
w(36,5,1,109)
w(31,7,1,109)
w(14,4,1,109)
r(351,5,1,109)
w(31,8,1,109)
w(64,2,1,109)
w(80,4,1,109)
r(320,3,1,109)
r(146,3,1,109)
r(424,2,1,109)
w(73,3,1,109)
w(36,6,1,109)
w(68,3,1,109)
w(52,2,1,109)
r(445,3,1,109)
w(2,7,1,109)
w(79,6,1,109)
w(124,2,2,110)
r(269,2,2,110)
r(122,1,2,110)
w(135,3,2,110)
r(435,2,2,110)
r(315,3,2,110)
r(74,6,2,110)
r(329,1,2,110)
r(104,4,2,110)
w(85,4,2,110)
w(92,4,2,110)
w(160,6,2,110)
r(140,2,2,110)
w(111,7,2,110)
w(116,4,2,110)
r(476,1,2,110)
w(147,5,2,110)
w(135,4,2,110)
r(358,4,2,110)
r(54,4,2,110)
w(162,4,3,111)
w(215,2,3,111)
r(38,1,3,111)
r(285,5,3,111)
w(174,3,3,111)
w(165,2,3,111)
w(231,3,3,111)
w(164,3,3,111)
r(467,2,3,111)
r(112,3,3,111)
r(60,3,3,111)
w(176,4,3,111)
r(92,2,3,111)
r(245,2,3,111)
r(193,2,3,111)
w(168,5,3,111)
r(413,2,3,111)
w(237,6,3,111)
r(275,2,3,111)
r(327,7,3,111)
r(104,4,4,112)
r(29,3,4,112)
r(300,5,4,112)
w(287,5,4,112)
w(296,4,4,112)
w(289,4,4,112)
w(317,4,4,112)
r(478,5,4,112)
r(399,3,4,112)
w(261,6,4,112)
r(307,2,4,112)
w(260,5,4,112)
w(292,5,4,112)
r(465,1,4,112)
w(275,3,4,112)
w(247,4,4,112)
w(267,3,4,112)
r(192,3,4,112)
w(286,5,4,112)
r(386,3,4,112)
w(347,5,5,113)
w(343,2,5,113)
w(345,3,5,113)
w(370,3,5,113)
r(31,8,5,113)
r(367,3,5,113)
r(472,2,5,113)
w(343,3,5,113)
w(367,4,5,113)
r(414,3,5,113)
w(399,4,5,113)
w(340,5,5,113)
w(372,4,5,113)
r(287,5,5,113)
w(347,6,5,113)
r(175,3,5,113)
r(253,3,5,113)
r(402,6,5,113)
w(371,3,5,113)
w(392,4,5,113)
w(470,5,6,114)
r(277,2,6,114)
w(405,3,6,114)
w(469,3,6,114)
w(455,4,6,114)
r(311,3,6,114)
r(37,2,6,114)
r(126,2,6,114)
w(440,3,6,114)
r(467,2,6,114)
r(252,5,6,114)
r(232,4,6,114)
w(415,4,6,114)
r(426,2,6,114)
w(426,3,6,114)
w(413,3,6,114)
r(328,5,6,114)
r(450,3,6,114)
r(330,1,6,114)
r(401,5,6,114)
r(341,2,1,115)
r(69,3,1,115)
w(18,7,1,115)
r(390,5,1,115)
r(87,4,1,115)
r(336,4,1,115)
w(34,5,1,115)
r(41,6,1,115)
w(30,3,1,115)
w(54,3,1,115)
r(188,3,1,115)
w(11,4,1,115)
r(37,2,1,115)
w(16,3,1,115)
r(72,3,1,115)
r(128,3,1,115)
w(73,4,1,115)
w(66,4,1,115)
w(63,6,1,115)
r(229,2,1,115)
w(86,3,2,116)
w(143,5,2,116)
r(404,3,2,116)
w(114,6,2,116)
r(143,5,2,116)
w(121,6,2,116)
w(134,3,2,116)
w(85,5,2,116)
r(224,2,2,116)
w(115,5,2,116)
w(152,3,2,116)
w(110,4,2,116)
w(114,7,2,116)
r(136,3,2,116)
w(157,4,2,116)
w(148,5,2,116)
r(139,3,2,116)
r(369,5,2,116)
r(123,2,2,116)
w(114,8,2,116)
w(190,4,3,117)
w(196,3,3,117)
w(173,3,3,117)
w(182,4,3,117)
r(247,4,3,117)
w(218,4,3,117)
w(206,7,3,117)
r(309,3,3,117)
r(189,3,3,117)
r(84,5,3,117)
w(222,3,3,117)
r(318,3,3,117)
w(187,6,3,117)
r(266,2,3,117)
w(186,4,3,117)
r(207,2,3,117)
r(89,2,3,117)
w(207,3,3,117)
r(214,4,3,117)
r(194,3,3,117)
r(38,1,4,118)
r(41,6,4,118)
w(256,5,4,118)
w(287,6,4,118)
r(471,2,4,118)
r(475,4,4,118)
w(258,4,4,118)
w(263,2,4,118)
w(284,4,4,118)
w(251,3,4,118)
w(289,5,4,118)
r(255,4,4,118)
r(260,5,4,118)
w(300,7,4,118)
r(143,4,4,118)
w(284,5,4,118)
w(314,6,4,118)
w(280,5,4,118)
w(263,3,4,118)
r(127,2,4,118)
w(336,5,5,119)
w(385,3,5,119)
w(389,2,5,119)
r(93,3,5,119)
r(409,4,5,119)
r(109,3,5,119)
w(395,4,5,119)
w(343,4,5,119)
w(343,5,5,119)
r(247,4,5,119)
w(380,4,5,119)
r(327,7,5,119)
r(221,3,5,119)
w(390,6,5,119)
w(374,6,5,119)
w(380,5,5,119)
r(374,6,5,119)
w(391,3,5,119)
r(300,7,5,119)
w(392,5,5,119)
r(472,2,6,120)
r(196,3,6,120)
w(467,3,6,120)
w(417,3,6,120)
r(265,1,6,120)
r(194,3,6,120)
w(439,7,6,120)
r(87,4,6,120)
r(434,1,6,120)
w(439,8,6,120)
r(70,3,6,120)
r(144,6,6,120)
r(409,4,6,120)
w(440,4,6,120)
w(419,4,6,120)
r(451,4,6,120)
w(460,4,6,120)
w(431,4,6,120)
r(461,3,6,120)
w(434,2,6,120)
r(480,5,1,121)
r(478,5,1,121)
r(285,5,1,121)
w(21,4,1,121)
w(13,2,1,121)
r(194,3,1,121)
w(14,5,1,121)
w(42,3,1,121)
r(479,6,1,121)
r(91,7,1,121)
r(215,2,1,121)
w(54,4,1,121)
r(166,4,1,121)
w(12,4,1,121)
r(139,3,1,121)
w(13,3,1,121)
r(87,4,1,121)
w(10,6,1,121)
r(161,1,1,121)
r(76,2,1,121)
w(83,3,2,122)
w(128,5,2,122)
w(119,6,2,122)
r(20,2,2,122)
w(127,3,2,122)
r(214,4,2,122)
r(63,6,2,122)
w(119,7,2,122)
r(107,3,2,122)
w(143,6,2,122)
r(70,3,2,122)
w(145,3,2,122)
w(127,4,2,122)
w(141,4,2,122)
w(155,4,2,122)
w(91,8,2,122)
w(126,3,2,122)
w(90,4,2,122)
r(434,2,2,122)
w(135,5,2,122)
r(469,2,3,123)
r(210,4,3,123)
w(182,5,3,123)
w(211,3,3,123)
w(227,4,3,123)
w(203,3,3,123)
r(47,5,3,123)
w(229,3,3,123)
w(184,3,3,123)
r(281,2,3,123)
r(270,5,3,123)
r(276,3,3,123)
w(178,4,3,123)
r(125,3,3,123)
w(236,3,3,123)
w(198,4,3,123)
r(471,2,3,123)
r(382,4,3,123)
w(219,4,3,123)
r(323,7,3,123)
r(354,2,4,124)
r(199,5,4,124)
r(275,3,4,124)
r(322,1,4,124)
r(256,5,4,124)
w(305,6,4,124)
r(227,4,4,124)
r(263,3,4,124)
w(266,3,4,124)
w(279,8,4,124)
w(243,3,4,124)
w(259,7,4,124)
w(304,2,4,124)
r(175,3,4,124)
r(256,5,4,124)
w(290,4,4,124)
w(298,5,4,124)
r(147,4,4,124)
w(293,5,4,124)
r(346,5,4,124)
w(348,4,5,125)
w(367,5,5,125)
r(168,5,5,125)
r(181,3,5,125)
r(252,5,5,125)
w(386,4,5,125)
r(352,5,5,125)
r(140,2,5,125)
r(335,2,5,125)
w(361,6,5,125)
w(371,4,5,125)
r(222,4,5,125)
r(201,2,5,125)
w(344,4,5,125)
w(361,7,5,125)
w(400,4,5,125)
r(381,3,5,125)
w(326,4,5,125)
w(333,5,5,125)
r(124,2,5,125)
r(468,7,6,126)
w(402,8,6,126)
r(247,4,6,126)
w(442,4,6,126)
r(237,6,6,126)
w(460,5,6,126)
w(479,7,6,126)
w(417,4,6,126)
r(206,8,6,126)
w(409,5,6,126)
r(232,5,6,126)
w(454,3,6,126)
r(460,5,6,126)
w(477,6,6,126)
w(454,4,6,126)
w(440,5,6,126)
w(438,5,6,126)
w(435,3,6,126)
r(82,4,6,126)
r(452,2,6,126)
r(372,4,1,127)
r(431,3,1,127)
w(7,6,1,127)
r(51,2,1,127)
r(346,5,1,127)
r(301,4,1,127)
w(36,7,1,127)
r(244,2,1,127)
r(107,3,1,127)
w(6,4,1,127)
w(44,5,1,127)
w(80,5,1,127)
w(76,3,1,127)
w(29,4,1,127)
r(258,4,1,127)
r(198,3,1,127)
w(15,5,1,127)
w(9,5,1,127)
w(47,5,1,127)
r(452,2,1,127)
w(144,7,2,128)
w(102,5,2,128)
r(258,4,2,128)
w(157,5,2,128)
r(288,4,2,128)
r(260,5,2,128)
w(154,8,2,128)
r(385,3,2,128)
w(96,2,2,128)
w(91,9,2,128)
w(113,4,2,128)
w(88,5,2,128)
r(340,5,2,128)
w(106,4,2,128)
w(127,5,2,128)
w(136,4,2,128)
w(133,5,2,128)
r(237,6,2,128)
r(64,2,2,128)
r(396,4,2,128)
r(344,3,3,129)
w(210,5,3,129)
r(475,4,3,129)
w(231,4,3,129)
w(220,4,3,129)
w(213,3,3,129)
r(27,3,3,129)
w(230,5,3,129)
r(233,7,3,129)
r(462,3,3,129)
w(197,7,3,129)
w(177,2,3,129)
w(222,4,3,129)
w(170,2,3,129)
w(170,3,3,129)
r(215,2,3,129)
r(156,2,3,129)
r(465,2,3,129)
r(358,4,3,129)
r(135,2,3,129)
w(315,4,4,130)
w(265,2,4,130)
r(226,3,4,130)
r(141,3,4,130)
w(275,4,4,130)
r(393,2,4,130)
r(73,4,4,130)
w(311,4,4,130)
w(307,3,4,130)
w(274,2,4,130)
w(296,5,4,130)
r(176,4,4,130)
w(252,6,4,130)
w(261,7,4,130)
w(279,9,4,130)
w(318,4,4,130)
r(252,6,4,130)
w(292,6,4,130)
r(65,5,4,130)
r(378,3,4,130)
w(357,5,5,131)
w(400,5,5,131)
r(308,1,5,131)
r(57,7,5,131)
r(342,1,5,131)
r(91,7,5,131)
r(38,1,5,131)
w(342,2,5,131)
w(400,6,5,131)
w(336,6,5,131)
w(393,3,5,131)
w(387,3,5,131)
w(336,7,5,131)
w(388,5,5,131)
r(256,5,5,131)
w(391,4,5,131)
w(349,3,5,131)
r(348,4,5,131)
w(357,6,5,131)
r(240,5,5,131)
r(394,4,6,132)
w(412,3,6,132)
w(436,3,6,132)
w(411,2,6,132)
r(299,4,6,132)
w(401,6,6,132)
r(188,3,6,132)
r(120,2,6,132)
w(429,9,6,132)
w(464,4,6,132)
w(429,10,6,132)
w(438,6,6,132)
r(442,4,6,132)
r(468,7,6,132)
r(404,3,6,132)
r(101,5,6,132)
r(223,3,6,132)
r(194,3,6,132)
w(441,4,6,132)
r(241,4,6,132)
w(9,6,1,133)
w(10,7,1,133)
w(29,5,1,133)
r(462,3,1,133)
r(31,8,1,133)
r(102,4,1,133)
r(457,4,1,133)
w(52,3,1,133)
r(62,3,1,133)
r(154,7,1,133)
w(1,2,1,133)
w(18,8,1,133)
w(74,6,1,133)
w(32,3,1,133)
w(58,2,1,133)
r(156,2,1,133)
w(7,7,1,133)
r(71,2,1,133)
w(51,3,1,133)
w(34,6,1,133)
r(368,5,2,134)
r(180,4,2,134)
r(144,7,2,134)
r(447,2,2,134)
w(91,10,2,134)
w(153,5,2,134)
r(17,3,2,134)
r(479,7,2,134)
w(85,6,2,134)
r(49,3,2,134)
r(79,6,2,134)
r(439,9,2,134)
r(45,4,2,134)
w(148,6,2,134)
r(371,4,2,134)
r(457,4,2,134)
w(102,6,2,134)
w(158,4,2,134)
w(143,7,2,134)
r(191,3,2,134)
w(202,2,3,135)
w(180,3,3,135)
r(310,2,3,135)
w(181,4,3,135)
r(314,6,3,135)
w(232,5,3,135)
w(208,3,3,135)
r(239,3,3,135)
w(177,3,3,135)
r(190,4,3,135)
w(180,4,3,135)
w(206,8,3,135)
r(202,2,3,135)
w(224,2,3,135)
w(186,5,3,135)
r(130,2,3,135)
w(231,5,3,135)
r(269,2,3,135)
r(447,2,3,135)
r(470,5,3,135)
r(63,6,4,136)
w(282,5,4,136)
r(261,7,4,136)
r(54,4,4,136)
r(229,3,4,136)
w(262,5,4,136)
w(270,6,4,136)
w(313,3,4,136)
w(262,6,4,136)
w(319,6,4,136)
w(273,3,4,136)
r(408,5,4,136)
r(279,9,4,136)
r(244,2,4,136)
w(274,3,4,136)
r(344,4,4,136)
r(461,3,4,136)
w(297,4,4,136)
w(291,4,4,136)
w(250,2,4,136)
r(36,7,5,137)
w(398,3,5,137)
r(177,4,5,137)
r(464,3,5,137)
w(345,4,5,137)
w(326,5,5,137)
r(232,5,5,137)
w(364,4,5,137)
r(303,2,5,137)
w(392,6,5,137)
w(322,2,5,137)
r(456,3,5,137)
r(159,2,5,137)
r(158,3,5,137)
r(179,2,5,137)
w(343,6,5,137)
w(350,6,5,137)
r(84,5,5,137)
r(385,3,5,137)
r(43,2,5,137)
r(425,3,6,138)
w(434,3,6,138)
r(28,1,6,138)
w(425,4,6,138)
r(134,3,6,138)
w(418,4,6,138)
w(443,4,6,138)
r(9,6,6,138)
w(439,9,6,138)
r(438,6,6,138)
r(95,1,6,138)
w(460,6,6,138)
r(383,2,6,138)
r(36,7,6,138)
r(409,5,6,138)
w(438,7,6,138)
r(138,5,6,138)
r(192,4,6,138)
w(402,9,6,138)
r(349,3,6,138)
r(466,5,1,139)
r(381,3,1,139)
r(384,2,1,139)
r(458,5,1,139)
r(445,3,1,139)
r(34,6,1,139)
r(298,5,1,139)
r(49,3,1,139)
w(24,5,1,139)
w(13,4,1,139)
w(53,4,1,139)
w(44,6,1,139)
w(13,5,1,139)
r(422,3,1,139)
r(365,4,1,139)
w(72,4,1,139)
r(337,2,1,139)
r(89,2,1,139)
w(5,3,1,139)
w(31,9,1,139)
r(428,4,2,140)
r(42,4,2,140)
w(113,5,2,140)
r(84,5,2,140)
r(412,3,2,140)
w(108,5,2,140)
w(109,4,2,140)
w(111,8,2,140)
w(100,6,2,140)
w(120,4,2,140)
w(84,6,2,140)
w(122,2,2,140)
w(103,2,2,140)
w(124,3,2,140)
w(117,2,2,140)
w(119,8,2,140)
r(110,4,2,140)
w(96,3,2,140)
r(137,2,2,140)
r(479,7,2,140)
w(196,4,3,141)
w(220,5,3,141)
w(182,6,3,141)
w(190,5,3,141)
r(431,4,3,141)
w(211,4,3,141)
w(233,8,3,141)
w(238,4,3,141)
r(127,2,3,141)
r(216,2,3,141)
r(320,3,3,141)
w(177,4,3,141)
r(251,3,3,141)
r(196,4,3,141)
w(183,5,3,141)
w(192,4,3,141)
w(179,2,3,141)
w(211,5,3,141)
r(309,3,3,141)
w(213,4,3,141)
r(113,3,4,142)
r(461,3,4,142)
w(305,7,4,142)
r(147,5,4,142)
r(101,5,4,142)
r(117,1,4,142)
r(162,4,4,142)
r(342,2,4,142)
w(283,7,4,142)
w(295,7,4,142)
r(94,1,4,142)
r(391,4,4,142)
r(239,3,4,142)
w(281,3,4,142)
r(381,3,4,142)
r(180,4,4,142)
w(284,6,4,142)
w(278,4,4,142)
w(315,5,4,142)
w(256,6,4,142)
r(121,6,5,143)
w(397,5,5,143)
w(376,2,5,143)
r(446,5,5,143)
r(180,4,5,143)
r(178,4,5,143)
w(343,7,5,143)
r(331,3,5,143)
r(306,2,5,143)
w(336,8,5,143)
r(455,4,5,143)
w(325,4,5,143)
r(430,4,5,143)
w(354,3,5,143)
w(368,5,5,143)
r(43,2,5,143)
w(335,3,5,143)
r(66,7,5,143)
w(366,5,5,143)
r(24,7,5,143)
w(402,10,6,144)
w(414,4,6,144)
w(406,5,6,144)
w(402,11,6,144)
r(101,5,6,144)
w(478,6,6,144)
r(317,4,6,144)
w(480,6,6,144)
r(422,3,6,144)
r(393,3,6,144)
r(37,2,6,144)
r(54,5,6,144)
r(267,3,6,144)
r(370,3,6,144)
w(433,7,6,144)
w(469,4,6,144)
w(473,4,6,144)
r(191,3,6,144)
r(247,4,6,144)
w(454,5,6,144)
w(15,6,1,145)
r(219,4,1,145)
w(66,5,1,145)
r(356,2,1,145)
w(63,7,1,145)
r(304,2,1,145)
w(61,6,1,145)
r(425,3,1,145)
w(74,7,1,145)
r(372,4,1,145)
w(51,5,1,145)
r(406,4,1,145)
w(66,6,1,145)
w(31,10,1,145)
w(5,4,1,145)
r(359,2,1,145)
r(341,2,1,145)
r(301,4,1,145)
r(113,3,1,145)
r(409,5,1,145)
w(142,5,2,146)
w(136,5,2,146)
w(127,6,2,146)
r(309,4,2,146)
r(309,4,2,146)
r(383,2,2,146)
w(114,9,2,146)
w(111,9,2,146)
r(21,4,2,146)
r(287,7,2,146)
r(226,3,2,146)
r(296,5,2,146)
w(115,6,2,146)
w(127,7,2,146)
r(223,3,2,146)
w(83,4,2,146)
r(475,4,2,146)
r(294,2,2,146)
r(401,6,2,146)
r(204,3,2,146)
w(206,9,3,147)
r(53,4,3,147)
r(371,4,3,147)
r(371,4,3,147)
r(394,4,3,147)
w(232,6,3,147)
r(118,3,3,147)
r(58,2,3,147)
w(230,6,3,147)
w(209,2,3,147)
w(173,4,3,147)
r(131,1,3,147)
r(347,6,3,147)
w(239,4,3,147)
r(196,4,3,147)
w(195,4,3,147)
r(272,3,3,147)
r(354,2,3,147)
r(166,4,3,147)
w(222,5,3,147)
w(315,6,4,148)
w(246,9,4,148)
r(359,2,4,148)
r(183,5,4,148)
r(123,2,4,148)
r(124,2,4,148)
r(94,1,4,148)
r(152,3,4,148)
w(297,5,4,148)
w(293,6,4,148)
w(276,4,4,148)
w(289,6,4,148)
w(292,7,4,148)
w(277,3,4,148)
r(310,2,4,148)
w(269,3,4,148)
r(20,2,4,148)
r(217,6,4,148)
w(259,8,4,148)
w(287,7,4,148)
r(407,4,5,149)
w(336,9,5,149)
w(321,6,5,149)
w(388,6,5,149)
w(337,3,5,149)
w(376,3,5,149)
r(139,3,5,149)
r(270,6,5,149)
w(354,4,5,149)
r(76,3,5,149)
w(331,4,5,149)
w(350,7,5,149)
r(261,9,5,149)
w(330,2,5,149)
r(34,6,5,149)
r(351,5,5,149)
r(124,2,5,149)
r(91,10,5,149)
w(396,5,5,149)
r(96,2,5,149)
w(467,4,6,150)
r(148,6,6,150)
r(174,4,6,150)
w(406,6,6,150)
w(425,5,6,150)
w(466,6,6,150)
w(474,7,6,150)
r(446,5,6,150)
r(265,2,6,150)
w(430,5,6,150)
w(423,2,6,150)
r(394,4,6,150)
w(427,4,6,150)
r(189,4,6,150)
w(434,4,6,150)
w(406,7,6,150)
r(38,1,6,150)
r(13,5,6,150)
r(35,3,6,150)
w(421,4,6,150)
w(23,3,1,151)
w(65,7,1,151)
r(194,3,1,151)
r(15,6,1,151)
r(18,8,1,151)
w(46,6,1,151)
w(12,5,1,151)
r(435,3,1,151)
w(24,6,1,151)
r(179,2,1,151)
w(55,5,1,151)
r(78,3,1,151)
r(142,4,1,151)
w(66,7,1,151)
r(331,3,1,151)
w(58,3,1,151)
w(25,4,1,151)
w(24,7,1,151)
w(54,5,1,151)
w(12,6,1,151)
w(121,7,2,152)
w(98,5,2,152)
r(229,3,2,152)
r(315,6,2,152)
r(152,3,2,152)
w(150,5,2,152)
r(286,5,2,152)
r(28,3,2,152)
w(143,8,2,152)
r(139,3,2,152)
r(327,7,2,152)
w(107,4,2,152)
r(64,3,2,152)
w(134,4,2,152)
w(82,5,2,152)
r(342,2,2,152)
r(271,2,2,152)
w(134,5,2,152)
w(152,4,2,152)
w(146,6,2,152)
r(74,7,3,153)
r(147,5,3,153)
r(166,4,3,153)
w(177,5,3,153)
r(446,5,3,153)
r(199,5,3,153)
r(42,3,3,153)
w(220,6,3,153)
w(217,7,3,153)
r(158,3,3,153)
r(147,5,3,153)
w(189,4,3,153)
w(203,4,3,153)
w(239,5,3,153)
w(214,5,3,153)
w(191,3,3,153)
w(234,3,3,153)
r(127,5,3,153)
r(389,2,3,153)
r(400,6,3,153)
w(264,4,4,154)
w(246,10,4,154)
w(291,5,4,154)
w(261,8,4,154)
r(226,3,4,154)
w(307,4,4,154)
r(8,2,4,154)
w(309,4,4,154)
r(426,3,4,154)
r(156,2,4,154)
r(11,4,4,154)
w(273,4,4,154)
w(261,9,4,154)
r(297,5,4,154)
r(84,5,4,154)
r(388,5,4,154)
r(440,5,4,154)
r(367,5,4,154)
w(274,4,4,154)
r(85,5,4,154)
r(40,6,5,155)
r(437,2,5,155)
r(274,4,5,155)
r(455,4,5,155)
r(190,5,5,155)
r(448,2,5,155)
w(353,2,5,155)
r(275,4,5,155)
w(324,4,5,155)
w(387,4,5,155)
r(131,1,5,155)
w(343,8,5,155)
w(381,4,5,155)
r(361,7,5,155)
r(220,6,5,155)
w(338,4,5,155)
r(373,4,5,155)
r(183,5,5,155)
r(164,3,5,155)
r(274,4,5,155)
r(364,4,6,156)
r(409,5,6,156)
r(273,4,6,156)
r(59,8,6,156)
r(364,4,6,156)
w(429,11,6,156)
r(252,6,6,156)
r(236,4,6,156)
r(232,6,6,156)
w(421,5,6,156)
r(60,3,6,156)
w(439,10,6,156)
r(42,4,6,156)
r(358,4,6,156)
r(374,6,6,156)
r(142,5,6,156)
r(59,8,6,156)
w(407,5,6,156)
r(53,4,6,156)
w(425,6,6,156)
r(472,2,1,157)
w(67,5,1,157)
w(36,9,1,157)
w(17,4,1,157)
r(207,3,1,157)
w(69,4,1,157)
r(316,4,1,157)
w(74,8,1,157)
w(64,3,1,157)
w(4,3,1,157)
w(80,6,1,157)
w(17,5,1,157)
w(2,8,1,157)
r(345,4,1,157)
w(6,6,1,157)
r(282,5,1,157)
r(362,1,1,157)
w(42,4,1,157)
r(235,3,1,157)
w(12,7,1,157)
r(455,4,2,158)
r(456,3,2,158)
r(191,4,2,158)
w(152,5,2,158)
r(65,7,2,158)
w(84,7,2,158)
r(359,3,2,158)
w(129,5,2,158)
r(174,4,2,158)
w(160,7,2,158)
r(88,5,2,158)
w(133,6,2,158)
r(70,4,2,158)
w(97,7,2,158)
w(117,3,2,158)
w(131,2,2,158)
r(118,3,2,158)
r(229,3,2,158)
w(102,7,2,158)
w(108,6,2,158)
w(168,6,3,159)
r(271,2,3,159)
w(174,4,3,159)
w(171,3,3,159)
r(12,6,3,159)
r(353,1,3,159)
r(389,2,3,159)
r(370,3,3,159)
w(239,6,3,159)
w(176,5,3,159)
w(168,7,3,159)
w(165,3,3,159)
w(199,6,3,159)
r(464,4,3,159)
r(473,4,3,159)
r(283,7,3,159)
w(162,5,3,159)
w(210,6,3,159)
w(208,4,3,159)
r(360,2,3,159)
w(242,3,4,160)
w(318,5,4,160)
r(446,5,4,160)
w(281,4,4,160)
r(250,2,4,160)
r(278,4,4,160)
w(272,4,4,160)
w(262,7,4,160)
w(282,6,4,160)
w(267,4,4,160)
w(253,4,4,160)
r(23,3,4,160)
r(172,3,4,160)
w(307,5,4,160)
r(375,1,4,160)
w(307,6,4,160)
r(435,3,4,160)
r(362,1,4,160)
w(256,7,4,160)
r(305,7,4,160)
w(386,5,5,161)
r(54,5,5,161)
w(372,5,5,161)
r(444,2,5,161)
w(378,4,5,161)
r(148,6,5,161)
r(254,3,5,161)
w(331,5,5,161)
r(69,4,5,161)
r(307,6,5,161)
r(103,2,5,161)
r(155,4,5,161)
r(434,4,5,161)
w(388,7,5,161)
r(25,4,5,161)
r(39,5,5,161)
w(367,6,5,161)
w(341,3,5,161)
r(416,4,5,161)
w(334,5,5,161)
w(451,5,6,162)
w(444,3,6,162)
r(197,8,6,162)
w(443,5,6,162)
r(476,1,6,162)
r(439,10,6,162)
r(225,3,6,162)
r(324,4,6,162)
w(469,5,6,162)
r(410,2,6,162)
r(236,5,6,162)
r(166,5,6,162)
r(235,3,6,162)
w(444,4,6,162)
w(425,7,6,162)
r(126,3,6,162)
r(229,3,6,162)
w(432,4,6,162)
w(475,5,6,162)
w(417,5,6,162)
r(73,4,1,163)
w(13,6,1,163)
w(56,2,1,163)
w(28,2,1,163)
r(427,4,1,163)
w(43,3,1,163)
r(194,3,1,163)
w(24,8,1,163)
w(50,7,1,163)
r(158,4,1,163)
r(370,3,1,163)
w(61,7,1,163)
w(45,5,1,163)
r(155,4,1,163)
r(251,3,1,163)
w(75,4,1,163)
w(32,4,1,163)
w(58,4,1,163)
r(338,3,1,163)
w(35,4,1,163)
w(93,4,2,164)
r(254,3,2,164)
w(98,6,2,164)
w(104,5,2,164)
w(100,7,2,164)
w(156,3,2,164)
w(123,3,2,164)
w(116,5,2,164)
r(81,4,2,164)
r(271,2,2,164)
r(315,6,2,164)
w(137,3,2,164)
w(119,9,2,164)
r(7,7,2,164)
w(119,10,2,164)
w(111,10,2,164)
w(124,4,2,164)
r(318,5,2,164)
r(167,4,2,164)
w(133,7,2,164)
w(166,5,3,165)
w(182,7,3,165)
w(240,6,3,165)
w(182,8,3,165)
r(249,6,3,165)
w(224,3,3,165)
r(391,4,3,165)
r(68,3,3,165)
w(177,6,3,165)
w(176,6,3,165)
r(308,1,3,165)
r(197,7,3,165)
r(459,2,3,165)
w(224,4,3,165)
w(239,7,3,165)
w(230,7,3,165)
r(59,8,3,165)
w(236,4,3,165)
r(235,3,3,165)
r(62,3,3,165)
r(18,8,4,166)
r(173,4,4,166)
w(248,6,4,166)
w(276,5,4,166)
r(353,2,4,166)
w(301,5,4,166)
w(316,5,4,166)
w(303,3,4,166)
w(320,4,4,166)
r(249,6,4,166)
r(28,2,4,166)
r(416,4,4,166)
w(310,3,4,166)
r(303,3,4,166)
w(256,8,4,166)
w(302,3,4,166)
w(241,5,4,166)
w(249,7,4,166)
r(304,2,4,166)
r(69,4,4,166)
r(5,4,5,167)
w(380,6,5,167)
r(51,5,5,167)
w(388,8,5,167)
w(355,3,5,167)
w(385,4,5,167)
r(408,5,5,167)
r(92,4,5,167)
r(68,3,5,167)
w(351,6,5,167)
w(331,6,5,167)
w(375,2,5,167)
w(379,5,5,167)
w(359,3,5,167)
r(401,6,5,167)
w(353,3,5,167)
w(391,5,5,167)
w(398,4,5,167)
w(387,5,5,167)
r(431,4,5,167)
w(415,5,6,168)
w(476,2,6,168)
r(431,4,6,168)
r(118,3,6,168)
r(159,2,6,168)
w(455,5,6,168)
r(232,7,6,168)
w(451,6,6,168)
w(433,8,6,168)
w(454,6,6,168)
w(443,6,6,168)
r(330,2,6,168)
r(246,10,6,168)
w(443,7,6,168)
w(457,5,6,168)
w(423,3,6,168)
w(454,7,6,168)
r(33,3,6,168)
r(431,4,6,168)
w(428,5,6,168)
w(16,4,1,169)
w(47,6,1,169)
r(8,2,1,169)
w(70,4,1,169)
w(21,5,1,169)
r(377,5,1,169)
r(148,6,1,169)
r(219,4,1,169)
r(109,4,1,169)
w(4,4,1,169)
w(28,3,1,169)
r(191,4,1,169)
w(54,6,1,169)
r(124,3,1,169)
r(297,5,1,169)
w(42,5,1,169)
w(12,8,1,169)
r(419,4,1,169)
w(33,3,1,169)
w(73,6,1,169)
w(94,2,2,170)
r(385,4,2,170)
w(110,5,2,170)
w(138,6,2,170)
r(399,5,2,170)
w(108,7,2,170)
r(479,7,2,170)
w(136,6,2,170)
w(143,9,2,170)
r(186,5,2,170)
w(91,11,2,170)
w(139,5,2,170)
r(206,10,2,170)
r(76,3,2,170)
r(315,6,2,170)
w(154,9,2,170)
w(135,6,2,170)
r(155,4,2,170)
r(375,2,2,170)
r(8,2,2,170)
w(231,6,3,171)
w(237,7,3,171)
w(215,3,3,171)
w(238,5,3,171)
w(172,4,3,171)
r(230,7,3,171)
r(37,2,3,171)
r(282,6,3,171)
r(298,5,3,171)
w(205,4,3,171)
r(453,3,3,171)
w(230,8,3,171)
w(191,4,3,171)
w(232,7,3,171)
r(170,3,3,171)
w(197,8,3,171)
r(117,2,3,171)
w(206,10,3,171)
w(182,9,3,171)
w(164,4,3,171)
w(296,6,4,172)
w(285,6,4,172)
r(222,5,4,172)
w(316,6,4,172)
r(348,4,4,172)
w(290,5,4,172)
w(273,5,4,172)
w(309,5,4,172)
w(243,4,4,172)
w(256,9,4,172)
r(317,4,4,172)
w(249,8,4,172)
r(143,7,4,172)
r(125,3,4,172)
r(173,4,4,172)
w(282,7,4,172)
r(294,2,4,172)
r(370,3,4,172)
r(140,2,4,172)
r(167,4,4,172)
w(332,4,5,173)
w(378,5,5,173)
r(84,6,5,173)
r(445,3,5,173)
r(459,2,5,173)
r(274,4,5,173)
w(389,3,5,173)
w(349,4,5,173)
r(379,5,5,173)
w(337,4,5,173)
r(363,3,5,173)
r(128,5,5,173)
r(382,4,5,173)
w(400,7,5,173)
r(366,5,5,173)
w(391,6,5,173)
r(47,6,5,173)
w(365,5,5,173)
w(366,6,5,173)
r(116,4,5,173)
w(453,4,6,174)
r(459,2,6,174)
w(463,6,6,174)
w(455,6,6,174)
r(140,2,6,174)
r(225,3,6,174)
w(472,3,6,174)
w(422,4,6,174)
r(387,5,6,174)
w(425,8,6,174)
r(431,4,6,174)
w(455,7,6,174)
w(419,5,6,174)
w(427,5,6,174)
r(143,8,6,174)
r(73,6,6,174)
w(419,6,6,174)
r(445,3,6,174)
r(458,5,6,174)
r(451,6,6,174)
r(259,8,3,175)
w(193,3,3,175)
w(200,3,3,175)
r(133,5,3,175)
r(452,2,3,175)
w(239,8,3,175)
r(357,6,3,175)
w(228,5,3,175)
w(202,3,3,175)
w(225,3,3,175)
w(207,4,3,175)
r(309,4,3,175)
w(205,5,3,175)
r(327,7,3,175)
r(235,3,3,175)
w(199,7,3,175)
r(33,3,3,175)
w(236,5,3,175)
w(223,4,3,175)
r(256,8,3,175)
w(341,4,5,176)
r(170,3,5,176)
w(382,5,5,176)
r(58,4,5,176)
r(314,6,5,176)
r(74,8,5,176)
w(399,5,5,176)
w(329,2,5,176)
r(292,7,5,176)
w(326,6,5,176)
w(349,5,5,176)
w(392,7,5,176)
r(461,3,5,176)
w(341,5,5,176)
r(76,3,5,176)
r(291,5,5,176)
w(325,5,5,176)
r(404,3,5,176)
w(390,7,5,176)
r(477,6,5,176)
