w(1,1,0,0)
w(2,1,0,0)
w(3,1,0,0)
w(4,1,0,0)
w(5,1,0,0)
w(6,1,0,0)
w(7,1,0,0)
w(8,1,0,0)
w(9,1,0,0)
w(10,1,0,0)
w(11,1,0,0)
w(12,1,0,0)
w(13,1,0,0)
w(14,1,0,0)
w(15,1,0,0)
w(16,1,0,0)
w(17,1,0,0)
w(18,1,0,0)
w(19,1,0,0)
w(20,1,0,0)
w(21,1,0,0)
w(22,1,0,0)
w(23,1,0,0)
w(24,1,0,0)
w(25,1,0,0)
w(26,1,0,0)
w(27,1,0,0)
w(28,1,0,0)
w(29,1,0,0)
w(30,1,0,0)
w(31,1,0,0)
w(32,1,0,0)
w(33,1,0,0)
w(34,1,0,0)
w(35,1,0,0)
w(36,1,0,0)
w(37,1,0,0)
w(38,1,0,0)
w(39,1,0,0)
w(40,1,0,0)
w(41,1,0,0)
w(42,1,0,0)
w(43,1,0,0)
w(44,1,0,0)
w(45,1,0,0)
w(46,1,0,0)
w(47,1,0,0)
w(48,1,0,0)
w(49,1,0,0)
w(50,1,0,0)
w(51,1,0,0)
w(52,1,0,0)
w(53,1,0,0)
w(54,1,0,0)
w(55,1,0,0)
w(56,1,0,0)
w(57,1,0,0)
w(58,1,0,0)
w(59,1,0,0)
w(60,1,0,0)
w(61,1,0,0)
w(62,1,0,0)
w(63,1,0,0)
w(64,1,0,0)
w(65,1,0,0)
w(66,1,0,0)
w(67,1,0,0)
w(68,1,0,0)
w(69,1,0,0)
w(70,1,0,0)
w(71,1,0,0)
w(72,1,0,0)
w(73,1,0,0)
w(74,1,0,0)
w(75,1,0,0)
w(76,1,0,0)
w(77,1,0,0)
w(78,1,0,0)
w(79,1,0,0)
w(80,1,0,0)
w(81,1,0,0)
w(82,1,0,0)
w(83,1,0,0)
w(84,1,0,0)
w(85,1,0,0)
w(86,1,0,0)
w(87,1,0,0)
w(88,1,0,0)
w(89,1,0,0)
w(90,1,0,0)
w(91,1,0,0)
w(92,1,0,0)
w(93,1,0,0)
w(94,1,0,0)
w(95,1,0,0)
w(96,1,0,0)
w(97,1,0,0)
w(98,1,0,0)
w(99,1,0,0)
w(100,1,0,0)
w(101,1,0,0)
w(102,1,0,0)
w(103,1,0,0)
w(104,1,0,0)
w(105,1,0,0)
w(106,1,0,0)
w(107,1,0,0)
w(108,1,0,0)
w(109,1,0,0)
w(110,1,0,0)
w(111,1,0,0)
w(112,1,0,0)
w(113,1,0,0)
w(114,1,0,0)
w(115,1,0,0)
w(116,1,0,0)
w(117,1,0,0)
w(118,1,0,0)
w(119,1,0,0)
w(120,1,0,0)
w(121,1,0,0)
w(122,1,0,0)
w(123,1,0,0)
w(124,1,0,0)
w(125,1,0,0)
w(126,1,0,0)
w(127,1,0,0)
w(128,1,0,0)
w(129,1,0,0)
w(130,1,0,0)
w(131,1,0,0)
w(132,1,0,0)
w(133,1,0,0)
w(134,1,0,0)
w(135,1,0,0)
w(136,1,0,0)
w(137,1,0,0)
w(138,1,0,0)
w(139,1,0,0)
w(140,1,0,0)
w(141,1,0,0)
w(142,1,0,0)
w(143,1,0,0)
w(144,1,0,0)
w(145,1,0,0)
w(146,1,0,0)
w(147,1,0,0)
w(148,1,0,0)
w(149,1,0,0)
w(150,1,0,0)
w(151,1,0,0)
w(152,1,0,0)
w(153,1,0,0)
w(154,1,0,0)
w(155,1,0,0)
w(156,1,0,0)
w(157,1,0,0)
w(158,1,0,0)
w(159,1,0,0)
w(160,1,0,0)
w(161,1,0,0)
w(162,1,0,0)
w(163,1,0,0)
w(164,1,0,0)
w(165,1,0,0)
w(166,1,0,0)
w(167,1,0,0)
w(168,1,0,0)
w(169,1,0,0)
w(170,1,0,0)
w(171,1,0,0)
w(172,1,0,0)
w(173,1,0,0)
w(174,1,0,0)
w(175,1,0,0)
w(176,1,0,0)
w(177,1,0,0)
w(178,1,0,0)
w(179,1,0,0)
w(180,1,0,0)
w(181,1,0,0)
w(182,1,0,0)
w(183,1,0,0)
w(184,1,0,0)
w(185,1,0,0)
w(186,1,0,0)
w(187,1,0,0)
w(188,1,0,0)
w(189,1,0,0)
w(190,1,0,0)
w(191,1,0,0)
w(192,1,0,0)
w(193,1,0,0)
w(194,1,0,0)
w(195,1,0,0)
w(196,1,0,0)
w(197,1,0,0)
w(198,1,0,0)
w(199,1,0,0)
w(200,1,0,0)
w(201,1,0,0)
w(202,1,0,0)
w(203,1,0,0)
w(204,1,0,0)
w(205,1,0,0)
w(206,1,0,0)
w(207,1,0,0)
w(208,1,0,0)
w(209,1,0,0)
w(210,1,0,0)
w(211,1,0,0)
w(212,1,0,0)
w(213,1,0,0)
w(214,1,0,0)
w(215,1,0,0)
w(216,1,0,0)
w(217,1,0,0)
w(218,1,0,0)
w(219,1,0,0)
w(220,1,0,0)
w(221,1,0,0)
w(222,1,0,0)
w(223,1,0,0)
w(224,1,0,0)
w(225,1,0,0)
w(226,1,0,0)
w(227,1,0,0)
w(228,1,0,0)
w(229,1,0,0)
w(230,1,0,0)
w(231,1,0,0)
w(232,1,0,0)
w(233,1,0,0)
w(234,1,0,0)
w(235,1,0,0)
w(236,1,0,0)
w(237,1,0,0)
w(238,1,0,0)
w(239,1,0,0)
w(240,1,0,0)
w(241,1,0,0)
w(242,1,0,0)
w(243,1,0,0)
w(244,1,0,0)
w(245,1,0,0)
w(246,1,0,0)
w(247,1,0,0)
w(248,1,0,0)
w(249,1,0,0)
w(250,1,0,0)
w(251,1,0,0)
w(252,1,0,0)
w(253,1,0,0)
w(254,1,0,0)
w(255,1,0,0)
w(256,1,0,0)
w(257,1,0,0)
w(258,1,0,0)
w(259,1,0,0)
w(260,1,0,0)
w(261,1,0,0)
w(262,1,0,0)
w(263,1,0,0)
w(264,1,0,0)
w(265,1,0,0)
w(266,1,0,0)
w(267,1,0,0)
w(268,1,0,0)
w(269,1,0,0)
w(270,1,0,0)
w(271,1,0,0)
w(272,1,0,0)
w(273,1,0,0)
w(274,1,0,0)
w(275,1,0,0)
w(276,1,0,0)
w(277,1,0,0)
w(278,1,0,0)
w(279,1,0,0)
w(280,1,0,0)
w(281,1,0,0)
w(282,1,0,0)
w(283,1,0,0)
w(284,1,0,0)
w(285,1,0,0)
w(286,1,0,0)
w(287,1,0,0)
w(288,1,0,0)
w(289,1,0,0)
w(290,1,0,0)
w(291,1,0,0)
w(292,1,0,0)
w(293,1,0,0)
w(294,1,0,0)
w(295,1,0,0)
w(296,1,0,0)
w(297,1,0,0)
w(298,1,0,0)
w(299,1,0,0)
w(300,1,0,0)
w(301,1,0,0)
w(302,1,0,0)
w(303,1,0,0)
w(304,1,0,0)
w(305,1,0,0)
w(306,1,0,0)
w(307,1,0,0)
w(308,1,0,0)
w(309,1,0,0)
w(310,1,0,0)
w(311,1,0,0)
w(312,1,0,0)
w(313,1,0,0)
w(314,1,0,0)
w(315,1,0,0)
w(316,1,0,0)
w(317,1,0,0)
w(318,1,0,0)
w(319,1,0,0)
w(320,1,0,0)
w(321,1,0,0)
w(322,1,0,0)
w(323,1,0,0)
w(324,1,0,0)
w(325,1,0,0)
w(326,1,0,0)
w(327,1,0,0)
w(328,1,0,0)
w(329,1,0,0)
w(330,1,0,0)
w(331,1,0,0)
w(332,1,0,0)
w(333,1,0,0)
w(334,1,0,0)
w(335,1,0,0)
w(336,1,0,0)
w(337,1,0,0)
w(338,1,0,0)
w(339,1,0,0)
w(340,1,0,0)
w(341,1,0,0)
w(342,1,0,0)
w(343,1,0,0)
w(344,1,0,0)
w(345,1,0,0)
w(346,1,0,0)
w(347,1,0,0)
w(348,1,0,0)
w(349,1,0,0)
w(350,1,0,0)
w(351,1,0,0)
w(352,1,0,0)
w(353,1,0,0)
w(354,1,0,0)
w(355,1,0,0)
w(356,1,0,0)
w(357,1,0,0)
w(358,1,0,0)
w(81,2,1,1)
w(170,2,1,1)
w(43,2,1,1)
w(108,2,1,1)
w(226,2,1,1)
w(168,2,1,1)
w(130,2,1,1)
r(139,1,1,1)
w(5,2,1,1)
w(254,2,1,1)
w(30,2,1,1)
w(327,2,1,1)
w(271,2,1,1)
r(155,1,1,1)
r(251,1,1,1)
r(335,1,1,1)
w(325,2,1,1)
w(111,2,1,1)
r(161,1,1,1)
r(59,1,1,1)
r(296,1,2,2)
w(194,4,2,2)
r(130,2,2,2)
r(257,1,2,2)
r(341,1,2,2)
w(145,2,2,2)
w(257,4,2,2)
r(120,1,2,2)
w(155,4,2,2)
r(8,1,2,2)
w(42,2,2,2)
r(356,1,3,3)
w(41,2,3,3)
r(144,1,3,3)
w(60,2,3,3)
w(115,6,3,3)
w(263,4,3,3)
r(112,1,3,3)
w(94,5,3,3)
w(13,2,3,3)
w(70,4,3,3)
r(163,1,3,3)
w(62,2,3,3)
w(152,2,3,3)
r(116,1,3,3)
r(94,5,3,3)
w(222,4,3,3)
w(257,5,3,3)
w(207,5,3,3)
r(129,2,3,3)
w(7,2,3,3)
w(62,8,4,4)
w(355,4,4,4)
w(146,5,4,4)
w(326,4,4,4)
r(173,1,4,4)
w(165,4,4,4)
w(107,4,4,4)
w(147,2,4,4)
w(218,4,4,4)
w(125,5,4,4)
w(279,2,4,4)
r(285,1,4,4)
r(28,1,4,4)
r(182,1,4,4)
r(154,1,4,4)
w(190,4,4,4)
w(52,5,4,4)
w(260,2,4,4)
w(277,5,4,4)
r(153,1,4,4)
r(165,1,5,5)
r(334,1,5,5)
w(115,3,5,5)
w(114,2,5,5)
w(334,4,5,5)
w(114,4,5,5)
r(230,1,5,5)
r(54,1,5,5)
w(46,6,5,5)
r(118,1,5,5)
r(328,1,5,5)
r(245,1,5,5)
w(133,6,5,5)
r(23,1,5,5)
r(77,1,5,5)
w(194,5,5,5)
r(279,1,5,5)
r(158,1,5,5)
w(84,4,5,5)
w(95,5,5,5)
r(175,1,6,6)
w(184,5,6,6)
r(126,1,6,6)
r(294,1,6,6)
r(6,1,6,6)
w(228,3,6,6)
r(131,1,6,6)
w(75,6,6,6)
w(47,6,6,6)
w(321,6,6,6)
r(348,1,6,6)
w(320,4,6,6)
w(293,3,6,6)
r(229,1,6,6)
w(327,8,6,6)
w(265,5,6,6)
w(45,6,6,6)
w(311,5,6,6)
w(19,5,6,6)
w(321,3,6,6)
r(330,1,1,7)
r(278,1,1,7)
r(24,1,1,7)
r(234,1,1,7)
w(228,2,1,7)
r(128,1,1,7)
r(193,1,1,7)
r(220,1,1,7)
w(291,2,1,7)
w(174,2,1,7)
w(129,2,1,7)
r(348,1,1,7)
r(279,2,1,7)
w(120,2,1,7)
r(162,1,1,7)
w(199,2,1,7)
r(297,1,1,7)
w(94,2,1,7)
w(347,2,1,7)
r(343,1,1,7)
r(17,1,2,8)
r(284,1,2,8)
r(24,1,2,8)
w(29,4,2,8)
w(124,2,2,8)
r(261,3,2,8)
r(83,1,2,8)
r(339,1,2,8)
r(327,8,2,8)
w(133,4,2,8)
w(68,2,2,8)
w(214,2,2,8)
r(18,1,2,8)
w(274,2,2,8)
w(220,2,2,8)
w(188,4,2,8)
w(149,6,2,8)
w(90,2,2,8)
r(37,1,2,8)
r(114,4,2,8)
r(236,1,3,9)
w(113,4,3,9)
w(295,4,3,9)
r(94,5,3,9)
w(149,7,3,9)
w(169,2,3,9)
r(314,1,3,9)
r(58,1,3,9)
r(124,1,3,9)
w(127,4,3,9)
w(11,2,3,9)
r(74,1,3,9)
w(97,4,3,9)
r(285,1,3,9)
r(58,1,3,9)
r(178,1,3,9)
r(117,6,3,9)
w(204,4,3,9)
w(120,5,3,9)
r(1,1,3,9)
r(269,1,4,10)
w(235,3,4,10)
r(351,1,4,10)
w(281,6,4,10)
r(160,1,4,10)
r(77,1,4,10)
w(342,6,4,10)
r(19,5,4,10)
r(279,2,4,10)
r(169,1,4,10)
w(63,7,4,10)
w(292,5,4,10)
w(181,4,4,10)
w(311,4,4,10)
w(286,4,4,10)
w(165,5,4,10)
w(230,2,4,10)
w(43,3,4,10)
r(149,1,4,10)
r(78,1,4,10)
w(161,5,5,11)
w(193,5,5,11)
r(203,1,5,11)
r(244,1,5,11)
w(168,5,5,11)
w(93,4,5,11)
r(212,1,5,11)
r(318,1,5,11)
r(24,1,5,11)
w(135,4,5,11)
w(92,6,5,11)
r(329,1,5,11)
w(112,2,5,11)
r(314,1,5,11)
w(346,5,5,11)
w(313,6,5,11)
r(176,1,5,11)
r(86,1,5,11)
r(160,1,5,11)
r(266,1,5,11)
w(118,3,6,12)
r(219,1,6,12)
r(240,1,6,12)
w(190,8,6,12)
r(338,1,6,12)
r(144,1,6,12)
r(194,5,6,12)
w(166,2,6,12)
w(221,2,6,12)
w(352,5,6,12)
r(56,1,6,12)
w(261,3,6,12)
r(118,3,6,12)
w(175,4,6,12)
r(266,1,6,12)
r(348,1,6,12)
r(20,1,6,12)
w(117,6,6,12)
r(82,1,6,12)
r(4,1,6,12)
r(220,1,1,13)
w(318,2,1,13)
r(129,2,1,13)
r(340,1,1,13)
w(353,2,1,13)
r(145,1,1,13)
w(298,2,1,13)
r(40,1,1,13)
r(323,1,1,13)
r(353,2,1,13)
r(166,2,1,13)
w(118,2,1,13)
r(331,1,1,13)
w(32,2,1,13)
r(274,1,1,13)
w(92,2,1,13)
r(42,1,1,13)
w(348,2,1,13)
w(9,2,1,13)
w(148,2,1,13)
w(134,5,2,14)
w(342,5,2,14)
r(256,1,2,14)
w(164,5,2,14)
r(261,3,2,14)
w(39,2,2,14)
w(357,2,2,14)
r(234,1,2,14)
r(258,1,2,14)
w(137,2,2,14)
w(94,4,2,14)
r(256,1,2,14)
r(126,1,2,14)
w(149,3,2,14)
r(170,2,2,14)
w(295,2,2,14)
r(134,5,2,14)
r(77,1,2,14)
w(293,2,2,14)
w(202,2,2,14)
w(328,2,3,15)
r(155,1,3,15)
r(344,1,3,15)
w(62,4,3,15)
w(343,5,3,15)
w(251,4,3,15)
w(333,4,3,15)
w(292,4,3,15)
w(237,4,3,15)
w(4,4,3,15)
r(160,1,3,15)
r(13,2,3,15)
r(232,1,3,15)
r(64,1,3,15)
r(312,1,3,15)
w(228,5,3,15)
r(120,5,3,15)
w(9,5,3,15)
w(272,2,3,15)
w(16,4,3,15)
w(92,5,4,16)
w(137,4,4,16)
r(101,1,4,16)
r(152,2,4,16)
r(187,1,4,16)
w(218,5,4,16)
w(299,4,4,16)
r(183,1,4,16)
w(171,2,4,16)
r(224,1,4,16)
r(141,1,4,16)
r(345,1,4,16)
r(183,1,4,16)
r(125,5,4,16)
r(201,1,4,16)
w(231,6,4,16)
w(4,6,4,16)
w(26,5,4,16)
r(325,2,4,16)
r(245,1,4,16)
w(67,5,5,17)
r(232,1,5,17)
r(189,1,5,17)
r(297,1,5,17)
w(307,4,5,17)
r(154,1,5,17)
w(12,4,5,17)
r(41,2,5,17)
r(293,3,5,17)
r(348,2,5,17)
r(179,1,5,17)
w(316,2,5,17)
r(294,1,5,17)
w(163,2,5,17)
r(5,2,5,17)
r(108,2,5,17)
w(299,5,5,17)
r(113,4,5,17)
r(162,1,5,17)
w(316,4,5,17)
w(54,7,6,18)
r(106,1,6,18)
w(180,4,6,18)
w(28,2,6,18)
w(90,6,6,18)
w(109,4,6,18)
r(55,1,6,18)
r(135,4,6,18)
w(140,3,6,18)
r(206,1,6,18)
r(294,6,6,18)
r(356,1,6,18)
r(249,1,6,18)
w(310,4,6,18)
r(306,1,6,18)
w(169,5,6,18)
r(287,1,6,18)
w(1,2,6,18)
w(232,5,6,18)
w(231,3,6,18)
r(96,1,1,19)
r(21,1,1,19)
w(187,2,1,19)
w(203,2,1,19)
w(44,2,1,19)
r(49,1,1,19)
r(235,3,1,19)
r(230,2,1,19)
r(256,1,1,19)
w(4,2,1,19)
w(187,4,1,19)
r(346,5,1,19)
w(33,2,1,19)
w(61,2,1,19)
r(142,1,1,19)
r(241,1,1,19)
w(345,2,1,19)
w(172,2,1,19)
w(257,2,1,19)
r(242,6,1,19)
r(244,1,2,20)
w(178,4,2,20)
r(189,1,2,20)
w(40,4,2,20)
r(75,6,2,20)
r(297,1,2,20)
r(129,2,2,20)
r(34,2,2,20)
r(23,1,2,20)
w(155,5,2,20)
r(245,1,2,20)
w(350,2,2,20)
w(145,4,2,20)
w(327,4,2,20)
r(341,1,2,20)
w(242,4,2,20)
r(334,4,2,20)
r(145,4,2,20)
w(210,2,2,20)
w(141,2,2,20)
r(184,5,3,21)
r(15,1,3,21)
w(91,2,3,21)
w(222,5,3,21)
r(30,2,3,21)
w(9,6,3,21)
w(294,5,3,21)
w(41,4,3,21)
w(228,6,3,21)
r(306,1,3,21)
r(122,1,3,21)
w(264,5,3,21)
w(63,5,3,21)
w(162,5,3,21)
r(236,1,3,21)
w(76,2,3,21)
r(18,1,3,21)
r(136,1,3,21)
r(286,4,3,21)
r(55,1,3,21)
r(36,1,4,22)
r(290,1,4,22)
r(74,1,4,22)
w(345,5,4,22)
w(190,5,4,22)
w(213,2,4,22)
r(240,1,4,22)
w(239,3,4,22)
r(40,1,4,22)
w(242,6,4,22)
r(156,1,4,22)
r(151,1,4,22)
w(195,4,4,22)
r(311,4,4,22)
r(119,1,4,22)
w(31,5,4,22)
r(5,2,4,22)
r(149,7,4,22)
r(192,1,4,22)
w(47,4,4,22)
r(127,4,5,23)
w(253,6,5,23)
r(97,4,5,23)
r(34,2,5,23)
r(326,4,5,23)
r(217,1,5,23)
r(356,1,5,23)
w(53,4,5,23)
r(69,4,5,23)
r(348,2,5,23)
w(229,2,5,23)
w(119,4,5,23)
r(53,4,5,23)
r(84,4,5,23)
w(102,4,5,23)
r(344,1,5,23)
r(121,1,5,23)
r(239,3,5,23)
r(307,4,5,23)
w(190,3,5,23)
r(293,2,6,24)
r(95,5,6,24)
r(42,1,6,24)
r(314,1,6,24)
r(239,2,6,24)
w(212,6,6,24)
w(225,3,6,24)
w(120,8,6,24)
r(115,6,6,24)
r(243,1,6,24)
w(24,3,6,24)
r(34,2,6,24)
w(117,3,6,24)
r(315,1,6,24)
w(2,4,6,24)
w(199,4,1,25)
r(75,6,1,25)
r(106,1,1,25)
w(354,2,1,25)
w(89,2,1,25)
r(223,6,1,25)
r(167,1,1,25)
r(234,1,1,25)
w(140,2,1,25)
r(162,5,1,25)
w(150,2,1,25)
w(172,4,1,25)
w(86,2,1,25)
r(184,5,1,25)
r(122,1,1,25)
w(87,2,1,25)
r(211,1,1,25)
r(180,4,1,25)
r(266,1,1,25)
r(295,2,1,25)
w(43,4,2,26)
r(174,2,2,26)
w(296,2,2,26)
r(338,1,2,26)
w(204,2,2,26)
r(240,1,2,26)
w(203,3,2,26)
w(158,2,2,26)
r(82,1,2,26)
w(239,2,2,26)
w(36,2,2,26)
w(167,2,2,26)
w(103,2,2,26)
w(65,4,2,26)
w(35,2,2,26)
r(358,1,2,26)
r(349,1,2,26)
r(152,2,2,26)
w(17,2,2,26)
w(71,2,2,26)
r(224,1,3,27)
w(324,2,3,27)
r(203,3,3,27)
w(296,5,3,27)
r(261,3,3,27)
w(198,4,3,27)
r(6,1,3,27)
w(62,5,3,27)
r(207,5,3,27)
w(70,5,3,27)
w(127,5,3,27)
r(131,1,3,27)
r(122,1,3,27)
r(308,1,3,27)
r(272,2,3,27)
r(156,1,3,27)
w(248,4,3,27)
r(185,1,3,27)
w(239,6,3,27)
r(57,1,3,27)
w(59,2,4,28)
r(313,6,4,28)
r(250,1,4,28)
r(1,1,4,28)
r(250,1,4,28)
w(223,6,4,28)
w(130,4,4,28)
w(69,4,4,28)
w(34,2,4,28)
w(283,5,4,28)
w(263,5,4,28)
w(294,6,4,28)
w(191,2,4,28)
r(11,2,4,28)
w(124,4,4,28)
r(218,5,4,28)
w(85,2,4,28)
w(196,4,4,28)
w(323,2,4,28)
r(102,1,4,28)
w(300,5,5,29)
w(292,6,5,29)
r(348,2,5,29)
r(140,2,5,29)
r(132,1,5,29)
w(230,4,5,29)
w(5,6,5,29)
r(185,1,5,29)
r(91,2,5,29)
w(252,5,5,29)
w(78,5,5,29)
r(276,1,5,29)
w(297,5,5,29)
w(57,6,5,29)
r(204,2,5,29)
w(90,5,5,29)
w(206,6,5,29)
w(73,5,5,29)
w(288,5,5,29)
r(150,2,5,29)
r(179,1,6,30)
w(224,5,6,30)
r(112,2,6,30)
r(67,5,6,30)
r(23,1,6,30)
r(84,4,6,30)
w(38,4,6,30)
w(91,6,6,30)
w(41,6,6,30)
w(131,4,6,30)
w(56,6,6,30)
r(121,1,6,30)
w(204,8,6,30)
r(286,4,6,30)
w(176,2,6,30)
r(252,5,6,30)
w(6,4,6,30)
r(267,1,6,30)
r(11,2,6,30)
w(170,7,6,30)
r(103,2,1,31)
r(265,5,1,31)
r(332,1,1,31)
r(126,1,1,31)
r(144,1,1,31)
r(172,4,1,31)
w(205,2,1,31)
w(284,2,1,31)
w(342,2,1,31)
w(75,2,1,31)
w(353,4,1,31)
w(195,2,1,31)
r(105,1,1,31)
w(40,2,1,31)
w(262,2,1,31)
r(68,2,1,31)
r(91,2,1,31)
r(329,1,1,31)
w(95,2,1,31)
r(222,5,1,31)
w(143,2,2,32)
r(86,2,2,32)
w(338,2,2,32)
r(144,1,2,32)
r(134,5,2,32)
r(69,4,2,32)
r(136,1,2,32)
w(83,4,2,32)
w(239,4,2,32)
w(132,2,2,32)
r(1,2,2,32)
r(249,1,2,32)
w(95,4,2,32)
w(225,2,2,32)
w(22,4,2,32)
w(236,4,2,32)
r(299,5,2,32)
w(54,2,2,32)
r(351,1,2,32)
r(59,2,2,32)
w(293,4,3,33)
r(16,4,3,33)
w(135,2,3,33)
r(175,4,3,33)
r(67,5,3,33)
r(225,2,3,33)
w(198,5,3,33)
r(226,2,3,33)
r(197,1,3,33)
r(207,5,3,33)
r(264,5,3,33)
w(105,5,3,33)
r(253,6,3,33)
w(161,2,3,33)
r(348,2,3,33)
w(256,2,3,33)
r(111,2,3,33)
r(37,1,3,33)
w(63,6,3,33)
w(309,5,3,33)
w(71,5,4,34)
r(76,2,4,34)
r(337,1,4,34)
r(210,2,4,34)
w(142,2,4,34)
r(316,4,4,34)
r(57,6,4,34)
r(231,3,4,34)
w(238,4,4,34)
w(91,4,4,34)
r(329,1,4,34)
w(293,5,4,34)
r(321,3,4,34)
w(188,5,4,34)
r(125,5,4,34)
r(130,4,4,34)
r(300,5,4,34)
r(76,2,4,34)
r(286,4,4,34)
r(20,1,4,34)
r(81,2,5,35)
r(197,1,5,35)
w(193,6,5,35)
r(175,4,5,35)
w(290,3,5,35)
w(193,3,5,35)
r(116,1,5,35)
r(76,2,5,35)
w(153,6,5,35)
w(61,3,5,35)
r(199,4,5,35)
w(338,6,5,35)
r(201,1,5,35)
w(243,5,5,35)
w(4,3,5,35)
w(115,7,5,35)
r(156,1,5,35)
w(11,3,5,35)
w(242,3,5,35)
w(64,2,5,35)
r(205,5,6,36)
w(173,6,6,36)
w(240,5,6,36)
w(136,4,6,36)
w(298,5,6,36)
w(284,7,6,36)
w(308,7,6,36)
w(128,5,6,36)
w(221,4,6,36)
w(60,7,6,36)
r(165,5,6,36)
w(351,6,6,36)
r(295,2,6,36)
w(273,6,6,36)
r(9,6,6,36)
r(154,1,6,36)
r(173,6,6,36)
r(207,5,6,36)
r(58,1,6,36)
w(26,3,6,36)
w(197,2,1,37)
r(156,1,1,37)
w(51,2,1,37)
r(320,4,1,37)
w(170,4,1,37)
w(343,2,1,37)
w(346,2,1,37)
w(123,2,1,37)
r(97,4,1,37)
r(351,1,1,37)
w(173,2,1,37)
r(49,1,1,37)
r(315,1,1,37)
w(287,2,1,37)
w(106,2,1,37)
w(194,2,1,37)
w(284,4,1,37)
w(217,2,1,37)
r(5,6,1,37)
r(69,4,1,37)
r(134,5,2,38)
w(304,2,2,38)
w(331,2,2,38)
w(96,2,2,38)
w(19,2,2,38)
r(190,3,2,38)
r(205,5,2,38)
w(75,4,2,38)
w(63,4,2,38)
w(319,2,2,38)
r(107,4,2,38)
r(136,1,2,38)
r(188,5,2,38)
w(276,4,2,38)
r(22,4,2,38)
w(184,2,2,38)
r(39,2,2,38)
r(198,5,2,38)
r(159,1,2,38)
r(119,4,2,38)
r(229,4,3,39)
r(30,2,3,39)
r(253,6,3,39)
w(287,4,3,39)
r(42,4,3,39)
r(172,4,3,39)
w(301,5,3,39)
r(159,1,3,39)
w(184,4,3,39)
r(10,1,3,39)
r(30,2,3,39)
w(57,4,3,39)
w(318,6,3,39)
w(190,2,3,39)
r(120,5,3,39)
w(327,6,3,39)
w(290,2,3,39)
r(23,1,3,39)
r(72,1,3,39)
r(74,1,3,39)
w(308,4,4,40)
r(213,2,4,40)
w(147,4,4,40)
r(358,1,4,40)
r(77,1,4,40)
r(96,1,4,40)
w(35,4,4,40)
w(141,5,4,40)
r(162,5,4,40)
w(340,2,4,40)
r(279,2,4,40)
r(139,1,4,40)
w(349,4,4,40)
w(233,5,4,40)
r(326,4,4,40)
r(347,2,4,40)
r(226,2,4,40)
w(35,5,4,40)
r(61,3,4,40)
w(257,6,4,40)
r(57,6,5,41)
w(42,4,5,41)
r(238,4,5,41)
r(299,5,5,41)
r(119,4,5,41)
r(204,8,5,41)
w(205,5,5,41)
r(175,4,5,41)
w(265,4,5,41)
r(347,2,5,41)
w(61,7,5,41)
w(53,5,5,41)
w(66,2,5,41)
w(229,4,5,41)
w(88,4,5,41)
w(273,4,5,41)
w(225,6,5,41)
r(169,5,5,41)
r(264,5,5,41)
r(58,1,5,41)
r(286,4,6,42)
r(335,1,6,42)
r(109,4,6,42)
r(321,3,6,42)
w(126,2,6,42)
r(344,1,6,42)
r(263,5,6,42)
w(240,6,6,42)
r(40,2,6,42)
r(118,2,6,42)
r(84,4,6,42)
r(54,2,6,42)
w(59,5,6,42)
r(67,4,6,42)
r(15,1,6,42)
r(10,1,6,42)
w(280,4,6,42)
w(71,3,6,42)
r(336,1,6,42)
w(126,4,6,42)
r(274,2,1,43)
w(140,4,1,43)
w(203,4,1,43)
r(250,1,1,43)
w(106,4,1,43)
r(260,2,1,43)
w(31,2,1,43)
r(356,4,1,43)
r(236,4,1,43)
r(297,5,1,43)
w(343,4,1,43)
r(111,2,1,43)
r(87,2,1,43)
w(155,2,1,43)
w(277,2,1,43)
r(78,5,1,43)
w(20,2,1,43)
w(228,4,1,43)
w(156,2,1,43)
w(3,2,1,43)
w(33,4,2,44)
r(112,2,2,44)
r(321,3,2,44)
w(327,5,2,44)
r(309,5,2,44)
w(357,4,2,44)
w(106,6,2,44)
w(276,5,2,44)
w(239,5,2,44)
w(108,4,2,44)
w(266,4,2,44)
r(92,2,2,44)
w(264,4,2,44)
w(201,2,2,44)
w(115,4,2,44)
r(98,1,2,44)
r(301,5,2,44)
w(5,5,2,44)
w(307,2,2,44)
r(291,2,2,44)
w(341,4,3,45)
w(278,2,3,45)
r(81,2,3,45)
r(187,4,3,45)
w(57,5,3,45)
r(344,1,3,45)
r(353,4,3,45)
r(347,2,3,45)
r(47,4,3,45)
r(113,4,3,45)
w(315,2,3,45)
r(176,2,3,45)
r(38,4,3,45)
r(87,2,3,45)
r(10,1,3,45)
w(105,6,3,45)
w(225,4,3,45)
r(167,2,3,45)
r(165,5,3,45)
w(351,4,3,45)
r(167,2,4,46)
r(31,5,4,46)
r(220,2,4,46)
w(37,2,4,46)
r(112,2,4,46)
w(255,6,4,46)
w(67,4,4,46)
r(148,2,4,46)
w(22,5,4,46)
w(356,2,4,46)
w(6,2,4,46)
w(185,4,4,46)
w(22,6,4,46)
w(275,2,4,46)
w(225,5,4,46)
r(179,1,4,46)
r(199,4,4,46)
r(112,2,4,46)
r(76,2,4,46)
w(26,6,4,46)
r(322,1,5,47)
w(63,8,5,47)
r(172,4,5,47)
w(332,5,5,47)
r(141,5,5,47)
r(120,5,5,47)
r(177,1,5,47)
r(17,2,5,47)
w(329,2,5,47)
w(218,6,5,47)
w(181,5,5,47)
w(79,2,5,47)
r(283,5,5,47)
r(47,4,5,47)
r(93,4,5,47)
w(82,6,5,47)
r(43,4,5,47)
r(36,2,5,47)
r(212,1,5,47)
r(99,1,5,47)
w(52,3,6,48)
r(152,2,6,48)
r(256,2,6,48)
w(332,3,6,48)
r(282,1,6,48)
w(293,7,6,48)
w(299,6,6,48)
r(357,4,6,48)
r(47,4,6,48)
w(311,6,6,48)
r(76,2,6,48)
r(39,2,6,48)
r(348,2,6,48)
w(184,6,6,48)
w(190,9,6,48)
r(211,1,6,48)
w(265,6,6,48)
w(241,4,6,48)
w(219,2,6,48)
r(329,2,6,48)
w(106,5,1,49)
w(300,2,1,49)
r(111,2,1,49)
r(96,2,1,49)
r(293,7,1,49)
r(131,4,1,49)
w(264,2,1,49)
w(291,4,1,49)
w(38,2,1,49)
w(231,2,1,49)
w(138,2,1,49)
w(250,2,1,49)
w(48,2,1,49)
w(291,5,1,49)
r(115,4,1,49)
r(164,5,1,49)
w(29,2,1,49)
w(233,2,1,49)
r(356,4,1,49)
w(187,5,1,49)
r(123,2,2,50)
r(346,2,2,50)
w(322,2,2,50)
r(133,4,2,50)
r(145,4,2,50)
w(335,2,2,50)
r(4,3,2,50)
w(125,2,2,50)
w(227,2,2,50)
r(310,4,2,50)
r(336,1,2,50)
w(337,2,2,50)
w(110,5,2,50)
r(205,5,2,50)
r(321,3,2,50)
r(269,1,2,50)
r(95,6,2,50)
w(243,2,2,50)
r(67,4,2,50)
w(193,2,2,50)
w(296,6,3,51)
w(165,2,3,51)
r(140,4,3,51)
r(200,1,3,51)
r(263,5,3,51)
r(68,2,3,51)
r(106,4,3,51)
r(337,2,3,51)
w(358,2,3,51)
w(62,6,3,51)
r(198,5,3,51)
w(251,5,3,51)
r(213,2,3,51)
w(298,4,3,51)
r(35,5,3,51)
w(209,4,3,51)
r(320,4,3,51)
w(10,2,3,51)
r(230,4,3,51)
r(122,1,3,51)
w(30,6,4,52)
r(276,4,4,52)
r(15,1,4,52)
w(189,4,4,52)
w(213,4,4,52)
r(209,1,4,52)
w(107,5,4,52)
w(267,4,4,52)
w(73,2,4,52)
w(197,5,4,52)
r(137,2,4,52)
w(300,4,4,52)
w(142,4,4,52)
w(11,5,4,52)
r(214,2,4,52)
w(191,4,4,52)
r(122,1,5,53)
r(307,4,5,53)
r(275,2,5,53)
r(127,5,5,53)
w(22,7,5,53)
w(158,4,5,53)
r(225,5,5,53)
w(54,5,5,53)
w(157,4,5,53)
r(225,5,5,53)
r(106,2,5,53)
w(95,6,5,53)
r(179,1,5,53)
w(356,4,5,53)
w(316,5,5,53)
r(70,5,5,53)
w(322,5,5,53)
w(308,6,5,53)
w(217,6,5,53)
r(348,2,5,53)
r(66,2,6,54)
r(20,2,6,54)
w(31,7,6,54)
w(350,4,6,54)
r(303,1,6,54)
r(47,4,6,54)
w(11,7,6,54)
w(212,3,6,54)
r(175,4,6,54)
r(326,4,6,54)
r(347,2,6,54)
r(337,2,6,54)
w(105,7,6,54)
r(259,1,6,54)
r(308,6,6,54)
w(63,10,6,54)
w(148,6,6,54)
w(323,4,6,54)
r(242,3,6,54)
r(220,2,6,54)
w(65,2,1,55)
r(110,5,1,55)
r(176,2,1,55)
r(157,4,1,55)
r(259,3,1,55)
r(336,1,1,55)
r(248,4,1,55)
r(169,5,1,55)
r(159,1,1,55)
w(207,2,1,55)
w(16,2,1,55)
r(20,2,1,55)
r(173,6,1,55)
w(231,4,1,55)
w(301,2,1,55)
w(224,2,1,55)
w(174,4,1,55)
w(52,2,1,55)
w(321,2,1,55)
w(151,2,1,55)
r(189,1,2,56)
w(338,4,2,56)
r(340,2,2,56)
r(292,6,2,56)
r(190,9,2,56)
w(305,2,2,56)
r(354,2,2,56)
r(179,1,2,56)
r(82,6,2,56)
w(26,4,2,56)
w(218,2,2,56)
r(100,1,2,56)
r(185,4,2,56)
w(313,2,2,56)
w(345,4,2,56)
w(9,4,2,56)
w(268,4,2,56)
w(289,2,2,56)
r(214,2,2,56)
w(294,4,2,56)
r(15,1,3,57)
w(40,5,3,57)
w(347,4,3,57)
r(269,1,3,57)
r(310,4,3,57)
r(125,2,3,57)
w(54,4,3,57)
w(335,5,3,57)
w(24,5,3,57)
w(234,2,3,57)
r(131,2,3,57)
r(186,1,3,57)
r(141,5,3,57)
r(281,6,3,57)
w(74,2,3,57)
r(54,4,3,57)
w(67,2,3,57)
r(346,3,3,57)
r(180,4,3,57)
r(294,4,3,57)
w(8,4,4,58)
w(278,5,4,58)
r(222,5,4,58)
r(343,4,4,58)
w(119,2,4,58)
r(337,2,4,58)
w(161,4,4,58)
w(89,4,4,58)
r(153,6,4,58)
r(172,4,4,58)
r(303,1,4,58)
r(114,4,4,58)
w(215,2,4,58)
w(32,5,4,58)
w(21,2,4,58)
r(199,3,4,58)
r(176,2,4,58)
r(19,2,4,58)
w(331,5,4,58)
w(239,7,4,58)
w(321,5,5,59)
w(309,6,5,59)
r(303,1,5,59)
w(278,6,5,59)
w(200,2,5,59)
r(97,6,5,59)
r(135,2,5,59)
r(77,1,5,59)
r(112,2,5,59)
r(326,4,5,59)
r(214,2,5,59)
r(245,1,5,59)
w(212,5,5,59)
w(305,5,5,59)
w(17,5,5,59)
r(310,4,5,59)
r(169,5,5,59)
r(269,1,5,59)
r(269,1,5,59)
r(195,2,5,59)
r(278,2,6,60)
w(104,2,6,60)
r(261,3,6,60)
w(355,5,6,60)
w(22,8,6,60)
w(318,9,6,60)
r(27,1,6,60)
w(1,4,6,60)
w(97,6,6,60)
r(306,1,6,60)
r(168,5,6,60)
r(159,1,6,60)
w(288,6,6,60)
r(74,1,6,60)
r(50,1,6,60)
r(191,2,6,60)
w(103,5,6,60)
w(346,3,6,60)
w(259,3,6,60)
w(207,6,6,60)
r(83,4,1,61)
w(203,5,1,61)
w(77,2,1,61)
w(110,4,1,61)
w(314,2,1,61)
r(185,4,1,61)
r(345,4,1,61)
r(119,2,1,61)
r(173,6,1,61)
w(269,2,1,61)
w(27,2,1,61)
r(244,1,1,61)
r(15,1,1,61)
r(209,4,1,61)
r(342,7,1,61)
r(339,1,1,61)
w(354,4,1,61)
r(298,4,1,61)
w(70,2,1,61)
w(2,2,1,61)
w(17,4,2,62)
r(199,3,2,62)
r(277,2,2,62)
r(143,2,2,62)
r(231,4,2,62)
w(56,4,2,62)
w(299,2,2,62)
r(244,1,2,62)
r(184,6,2,62)
w(271,5,2,62)
r(252,5,2,62)
r(51,2,2,62)
r(213,2,2,62)
w(71,4,2,62)
w(77,4,2,62)
r(352,5,2,62)
w(333,2,2,62)
r(154,1,2,62)
w(68,4,2,62)
w(105,4,2,62)
r(280,4,3,63)
w(220,4,3,63)
r(55,1,3,63)
w(264,6,3,63)
r(12,5,3,63)
w(39,4,3,63)
r(138,2,3,63)
w(46,4,3,63)
w(193,4,3,63)
w(280,2,3,63)
w(233,4,3,63)
w(11,4,3,63)
r(131,2,3,63)
w(117,4,3,63)
r(222,5,3,63)
w(273,2,3,63)
r(118,5,3,63)
w(203,7,3,63)
w(305,4,3,63)
w(283,4,3,63)
r(334,4,4,64)
r(209,4,4,64)
w(315,4,4,64)
w(240,4,4,64)
r(174,4,4,64)
r(301,3,4,64)
r(110,6,4,64)
w(72,4,4,64)
w(74,4,4,64)
r(321,7,4,64)
r(137,2,4,64)
r(131,2,4,64)
w(27,4,4,64)
w(267,5,4,64)
r(358,2,4,64)
r(227,2,4,64)
w(46,5,4,64)
r(318,9,4,64)
w(257,3,4,64)
r(183,1,4,64)
r(123,6,5,65)
w(110,6,5,65)
w(347,5,5,65)
w(12,5,5,65)
w(256,6,5,65)
w(20,4,5,65)
r(142,2,5,65)
w(352,2,5,65)
w(196,5,5,65)
w(65,3,5,65)
r(290,7,5,65)
w(17,6,5,65)
r(39,2,5,65)
w(272,4,5,65)
r(239,5,5,65)
w(76,4,5,65)
w(284,3,5,65)
r(248,4,5,65)
w(131,2,5,65)
w(217,3,5,65)
r(330,1,6,66)
r(125,2,6,66)
r(340,2,6,66)
w(290,7,6,66)
w(166,4,6,66)
r(63,10,6,66)
r(239,5,6,66)
w(199,3,6,66)
r(22,8,6,66)
w(50,5,6,66)
r(316,5,6,66)
w(123,6,6,66)
r(315,2,6,66)
r(124,4,6,66)
r(35,5,6,66)
w(149,12,6,66)
r(297,5,6,66)
r(286,4,6,66)
w(314,5,6,66)
w(235,7,6,66)
w(348,4,1,67)
r(18,1,1,67)
w(30,4,1,67)
r(282,6,1,67)
r(354,4,1,67)
r(50,5,1,67)
r(82,6,1,67)
w(237,2,1,67)
w(179,2,1,67)
r(138,2,1,67)
w(153,2,1,67)
r(229,4,1,67)
r(317,1,1,67)
w(223,2,1,67)
w(284,5,1,67)
w(164,2,1,67)
w(266,2,1,67)
r(143,2,1,67)
w(318,4,1,67)
r(1,4,1,67)
w(140,5,2,68)
r(14,6,2,68)
r(19,2,2,68)
w(100,2,2,68)
r(64,2,2,68)
r(61,7,2,68)
r(242,3,2,68)
r(10,2,2,68)
r(38,2,2,68)
w(115,5,2,68)
w(123,5,2,68)
w(86,5,2,68)
w(297,4,2,68)
r(47,4,2,68)
r(121,1,2,68)
w(247,2,2,68)
r(165,2,2,68)
w(277,4,2,68)
r(139,1,2,68)
r(234,1,2,68)
w(169,4,3,69)
r(215,2,3,69)
w(226,5,3,69)
w(120,6,3,69)
w(93,2,3,69)
w(254,4,3,69)
r(308,3,3,69)
r(174,6,3,69)
r(236,4,3,69)
r(289,2,3,69)
w(133,5,3,69)
w(332,4,3,69)
r(147,4,3,69)
w(72,2,3,69)
w(303,2,3,69)
w(212,4,3,69)
w(322,4,3,69)
r(169,4,3,69)
w(49,2,3,69)
r(146,5,3,69)
r(75,4,4,70)
w(11,6,4,70)
w(59,4,4,70)
w(124,5,4,70)
w(108,5,4,70)
r(29,3,4,70)
w(8,5,4,70)
w(118,5,4,70)
w(357,5,4,70)
r(314,2,4,70)
r(45,6,4,70)
r(238,4,4,70)
w(151,5,4,70)
w(149,9,4,70)
r(100,2,4,70)
w(144,4,4,70)
r(178,4,4,70)
r(57,5,4,70)
r(278,5,4,70)
w(87,4,4,70)
w(182,4,5,71)
r(92,2,5,71)
w(9,3,5,71)
w(249,4,5,71)
w(342,7,5,71)
r(118,2,5,71)
w(160,5,5,71)
r(340,2,5,71)
w(310,2,5,71)
w(329,4,5,71)
r(105,4,5,71)
w(137,5,5,71)
w(313,3,5,71)
r(266,4,5,71)
w(140,6,5,71)
r(248,4,5,71)
r(300,2,5,71)
w(226,6,5,71)
w(277,6,5,71)
r(225,7,5,71)
w(322,6,6,72)
r(283,5,6,72)
w(126,5,6,72)
r(87,2,6,72)
w(85,5,6,72)
w(301,3,6,72)
w(250,5,6,72)
w(140,7,6,72)
w(259,7,6,72)
w(282,6,6,72)
w(230,5,6,72)
w(354,5,6,72)
w(66,4,6,72)
r(74,1,6,72)
r(345,4,6,72)
r(9,4,6,72)
w(231,7,6,72)
w(321,7,6,72)
w(84,5,6,72)
r(225,4,6,72)
w(26,2,1,73)
r(32,3,1,73)
w(78,4,1,73)
w(250,4,1,73)
r(71,4,1,73)
r(283,6,1,73)
w(276,2,1,73)
r(300,2,1,73)
w(255,2,1,73)
w(14,2,1,73)
r(220,4,1,73)
w(115,2,1,73)
r(302,1,1,73)
w(346,4,1,73)
w(134,4,1,73)
r(59,4,1,73)
r(105,4,1,73)
w(82,2,1,73)
r(163,2,1,73)
r(358,2,1,73)
w(262,5,2,74)
r(30,4,2,74)
r(320,4,2,74)
w(24,4,2,74)
w(355,2,2,74)
w(240,2,2,74)
w(235,5,2,74)
w(174,6,2,74)
r(318,4,2,74)
w(187,6,2,74)
r(148,6,2,74)
r(79,2,2,74)
r(228,4,2,74)
r(16,2,2,74)
r(117,4,2,74)
w(231,5,2,74)
w(281,4,2,74)
r(2,2,2,74)
w(243,4,2,74)
r(230,5,2,74)
r(80,1,3,75)
r(326,4,3,75)
w(55,2,3,75)
r(133,5,3,75)
r(13,2,3,75)
r(268,4,3,75)
r(98,1,3,75)
r(299,2,3,75)
r(99,1,3,75)
w(327,3,3,75)
w(62,7,3,75)
w(24,6,3,75)
w(253,4,3,75)
r(236,5,3,75)
w(285,2,3,75)
w(111,5,3,75)
r(104,2,3,75)
w(44,4,3,75)
r(245,1,3,75)
w(143,4,3,75)
w(247,4,4,76)
w(335,6,4,76)
w(32,6,4,76)
w(154,2,4,76)
w(29,6,4,76)
w(236,5,4,76)
r(206,6,4,76)
r(234,2,4,76)
r(91,6,4,76)
w(296,3,4,76)
r(82,4,4,76)
r(82,4,4,76)
w(342,3,4,76)
w(306,5,4,76)
w(185,5,4,76)
r(48,4,4,76)
w(264,3,4,76)
w(351,5,4,76)
r(224,2,4,76)
r(35,5,4,76)
w(249,5,5,77)
r(314,2,5,77)
w(259,6,5,77)
w(153,3,5,77)
r(77,2,5,77)
w(275,5,5,77)
w(308,3,5,77)
w(137,6,5,77)
w(88,5,5,77)
w(60,3,5,77)
w(237,6,5,77)
r(40,5,5,77)
r(37,2,5,77)
w(252,6,5,77)
r(124,5,5,77)
w(283,6,5,77)
r(252,6,5,77)
w(327,7,5,77)
w(42,5,5,77)
r(357,5,5,77)
w(288,3,6,78)
r(53,5,6,78)
w(81,5,6,78)
r(310,4,6,78)
w(4,7,6,78)
r(142,2,6,78)
r(285,1,6,78)
r(56,4,6,78)
r(188,5,6,78)
r(342,2,6,78)
r(1,4,6,78)
r(169,5,6,78)
w(225,7,6,78)
r(50,5,6,78)
w(14,6,6,78)
r(166,4,6,78)
w(212,7,6,78)
r(276,5,6,78)
r(293,7,6,78)
w(29,3,6,78)
w(109,2,1,79)
w(111,4,1,79)
w(212,2,1,79)
w(238,2,1,79)
r(66,5,1,79)
w(157,2,1,79)
r(306,1,1,79)
w(308,2,1,79)
r(165,2,1,79)
r(188,5,1,79)
w(123,4,1,79)
w(258,2,1,79)
w(83,2,1,79)
r(30,8,1,79)
w(281,2,1,79)
r(197,2,1,79)
w(117,2,1,79)
w(217,4,1,79)
r(289,2,1,79)
r(253,6,1,79)
r(56,4,2,80)
r(103,5,2,80)
r(356,4,2,80)
w(351,2,2,80)
w(29,5,2,80)
w(127,2,2,80)
w(196,2,2,80)
w(353,5,2,80)
r(203,7,2,80)
r(199,3,2,80)
w(82,4,2,80)
w(48,4,2,80)
r(56,4,2,80)
r(149,9,2,80)
w(138,4,2,80)
w(259,4,2,80)
r(209,4,2,80)
w(45,2,2,80)
w(222,2,2,80)
r(344,1,2,80)
w(290,4,3,81)
w(3,4,3,81)
w(337,5,3,81)
w(63,3,3,81)
w(271,6,3,81)
w(261,6,3,81)
w(180,2,3,81)
w(285,4,3,81)
w(206,5,3,81)
w(282,5,3,81)
r(39,4,3,81)
w(69,2,3,81)
r(196,2,3,81)
r(20,5,3,81)
r(319,2,3,81)
w(235,6,3,81)
r(40,5,3,81)
r(111,5,3,81)
r(191,2,3,81)
w(105,3,3,81)
r(111,5,4,82)
r(340,4,4,82)
w(306,6,4,82)
r(56,5,4,82)
w(8,6,4,82)
w(61,6,4,82)
r(73,5,4,82)
r(67,2,4,82)
w(308,5,4,82)
r(252,3,4,82)
w(265,2,4,82)
w(120,7,4,82)
w(65,6,4,82)
r(91,6,4,82)
r(128,5,4,82)
r(94,4,4,82)
r(332,2,4,82)
w(102,2,4,82)
r(247,4,4,82)
r(92,4,4,82)
r(266,2,5,83)
w(295,5,5,83)
w(121,2,5,83)
r(111,2,5,83)
r(172,4,5,83)
r(99,1,5,83)
r(351,4,5,83)
r(357,5,5,83)
r(277,6,5,83)
r(312,1,5,83)
r(258,1,5,83)
w(189,5,5,83)
w(254,3,5,83)
w(61,8,5,83)
r(266,2,5,83)
w(61,9,5,83)
w(263,6,5,83)
w(64,5,5,83)
r(110,4,5,83)
w(18,2,5,83)
w(304,4,6,84)
r(338,4,6,84)
r(47,4,6,84)
r(253,6,6,84)
w(270,4,6,84)
w(177,2,6,84)
r(187,5,6,84)
w(303,4,6,84)
w(287,6,6,84)
w(192,2,6,84)
r(304,4,6,84)
r(245,1,6,84)
w(292,7,6,84)
w(180,5,6,84)
r(201,2,6,84)
w(52,7,6,84)
w(32,3,6,84)
w(63,11,6,84)
r(302,1,6,84)
w(161,6,6,84)
r(346,4,1,85)
r(86,5,1,85)
w(144,2,1,85)
r(185,5,1,85)
w(30,5,1,85)
r(194,2,1,85)
w(149,4,1,85)
w(116,2,1,85)
w(168,4,1,85)
w(223,4,1,85)
r(67,2,1,85)
w(332,2,1,85)
r(331,5,1,85)
r(240,2,1,85)
w(32,4,1,85)
r(137,6,1,85)
w(164,4,1,85)
r(99,1,1,85)
r(264,3,1,85)
w(174,5,1,85)
r(350,4,2,86)
r(62,6,2,86)
r(293,7,2,86)
w(92,4,2,86)
w(232,2,2,86)
w(50,2,2,86)
w(325,5,2,86)
r(99,1,2,86)
w(262,6,2,86)
r(14,2,2,86)
r(124,5,2,86)
w(33,5,2,86)
r(121,2,2,86)
r(254,4,2,86)
w(261,4,2,86)
w(242,5,2,86)
w(223,5,2,86)
r(136,4,2,86)
r(124,5,2,86)
w(167,4,2,86)
r(216,1,3,87)
r(52,7,3,87)
r(143,4,3,87)
w(269,6,3,87)
r(109,2,3,87)
r(38,2,3,87)
w(31,4,3,87)
w(162,6,3,87)
r(131,2,3,87)
r(304,4,3,87)
w(45,4,3,87)
r(191,2,3,87)
r(248,4,3,87)
r(315,4,3,87)
r(13,2,3,87)
r(241,2,3,87)
w(14,4,3,87)
w(252,2,3,87)
w(302,2,3,87)
r(223,4,3,87)
w(160,4,4,88)
w(214,4,4,88)
r(126,6,4,88)
w(313,5,4,88)
w(187,7,4,88)
w(288,4,4,88)
r(176,2,4,88)
r(75,4,4,88)
w(130,5,4,88)
r(81,4,4,88)
w(16,5,4,88)
r(19,2,4,88)
r(152,2,4,88)
w(255,3,4,88)
w(31,6,4,88)
w(136,2,4,88)
r(88,5,4,88)
r(207,4,4,88)
w(60,5,4,88)
r(36,2,4,88)
r(204,9,5,89)
w(135,5,5,89)
w(340,4,5,89)
r(196,2,5,89)
r(291,5,5,89)
r(70,2,5,89)
w(324,4,5,89)
r(303,2,5,89)
w(14,5,5,89)
w(118,6,5,89)
r(123,4,5,89)
r(234,2,5,89)
w(318,7,5,89)
w(89,5,5,89)
w(147,5,5,89)
r(276,2,5,89)
w(209,5,5,89)
w(149,10,5,89)
r(95,6,5,89)
r(175,4,5,89)
w(210,4,6,90)
r(332,3,6,90)
r(132,2,6,90)
w(79,4,6,90)
w(212,8,6,90)
r(344,1,6,90)
r(102,4,6,90)
r(203,7,6,90)
w(287,3,6,90)
r(40,5,6,90)
w(30,8,6,90)
r(29,3,6,90)
w(66,5,6,90)
w(119,5,6,90)
r(131,2,6,90)
w(60,8,6,90)
r(188,5,6,90)
w(42,6,6,90)
r(149,9,6,90)
r(69,4,6,90)
r(353,5,1,91)
w(203,6,1,91)
r(170,4,1,91)
r(152,2,1,91)
r(306,5,1,91)
r(352,2,1,91)
w(211,2,1,91)
r(297,4,1,91)
w(22,2,1,91)
r(273,2,1,91)
w(282,2,1,91)
w(306,2,1,91)
w(24,2,1,91)
w(61,4,1,91)
w(118,4,1,91)
w(61,5,1,91)
r(208,1,1,91)
r(86,5,1,91)
r(123,4,1,91)
w(188,2,1,91)
r(288,3,2,92)
r(65,6,2,92)
w(90,4,2,92)
w(120,4,2,92)
w(317,2,2,92)
w(208,4,2,92)
w(82,5,2,92)
r(116,2,2,92)
r(339,1,2,92)
w(309,4,2,92)
r(143,4,2,92)
r(278,5,2,92)
w(23,2,2,92)
w(58,2,2,92)
w(198,2,2,92)
w(263,2,2,92)
w(301,4,2,92)
r(7,4,2,92)
w(146,2,2,92)
r(96,2,2,92)
r(144,2,3,93)
w(274,5,3,93)
r(182,4,3,93)
r(67,2,3,93)
w(141,4,3,93)
r(270,4,3,93)
w(117,5,3,93)
r(72,2,3,93)
r(113,4,3,93)
r(109,2,3,93)
r(26,2,3,93)
r(312,1,3,93)
r(244,2,3,93)
r(250,4,3,93)
w(266,6,3,93)
w(172,5,3,93)
r(351,5,3,93)
r(225,7,3,93)
r(144,2,3,93)
r(339,1,3,93)
w(62,9,5,94)
r(80,1,5,94)
r(98,1,5,94)
w(63,9,5,94)
w(31,3,5,94)
r(81,5,5,94)
w(295,6,5,94)
r(150,2,5,94)
r(198,5,5,94)
w(277,3,5,94)
w(335,3,5,94)
w(227,6,5,94)
w(54,3,5,94)
r(316,5,5,94)
w(274,6,5,94)
w(187,8,5,94)
w(56,5,5,94)
r(339,1,5,94)
r(328,2,5,94)
w(186,2,5,94)
r(261,3,6,95)
w(340,5,6,95)
w(298,6,6,95)
w(7,4,6,95)
w(125,6,6,95)
w(100,4,6,95)
r(162,5,6,95)
r(26,2,6,95)
w(204,9,6,95)
r(247,2,6,95)
r(245,1,6,95)
r(166,4,6,95)
w(330,5,6,95)
r(352,2,6,95)
w(214,5,6,95)
r(158,4,6,95)
r(15,1,6,95)
r(254,4,6,95)
r(331,5,6,95)
w(47,3,6,95)
w(209,2,1,96)
r(130,4,1,96)
r(123,4,1,96)
w(148,4,1,96)
w(207,4,1,96)
w(162,2,1,96)
w(151,4,1,96)
r(86,5,1,96)
r(324,4,1,96)
r(148,4,1,96)
r(176,2,1,96)
w(241,2,1,96)
w(97,2,1,96)
r(105,4,1,96)
w(244,2,1,96)
w(206,4,1,96)
r(250,4,1,96)
w(63,2,1,96)
r(162,2,1,96)
r(282,2,1,96)
w(162,4,2,97)
w(107,2,2,97)
w(267,2,2,97)
r(342,3,2,97)
w(205,4,2,97)
w(43,5,2,97)
r(61,6,2,97)
r(129,2,2,97)
w(292,2,2,97)
r(236,5,2,97)
w(134,6,2,97)
w(226,4,2,97)
r(116,2,2,97)
w(160,2,2,97)
r(147,5,2,97)
w(269,4,2,97)
w(269,5,2,97)
r(222,2,2,97)
r(297,4,2,97)
w(282,4,2,97)
w(256,3,5,98)
r(21,2,5,98)
r(181,5,5,98)
w(20,5,5,98)
r(292,7,5,98)
w(25,2,5,98)
r(196,2,5,98)
w(103,4,5,98)
w(81,4,5,98)
r(311,6,5,98)
w(204,7,5,98)
r(190,9,5,98)
r(76,4,5,98)
w(96,4,5,98)
r(123,4,5,98)
r(88,5,5,98)
r(262,6,5,98)
w(276,6,5,98)
w(85,4,5,98)
w(149,11,5,98)
r(211,1,6,99)
w(252,3,6,99)
r(184,6,6,99)
r(286,4,6,99)
w(287,7,6,99)
w(327,9,6,99)
w(126,6,6,99)
r(197,2,6,99)
w(356,5,6,99)
w(148,3,6,99)
r(342,7,6,99)
w(290,8,6,99)
r(233,4,6,99)
w(43,7,6,99)
r(83,2,6,99)
r(324,4,6,99)
w(204,10,6,99)
w(266,7,6,99)
r(308,2,6,99)
r(146,5,6,99)
r(328,2,6,100)
w(189,6,6,100)
w(221,5,6,100)
r(49,2,6,100)
w(185,6,6,100)
w(161,3,6,100)
w(255,7,6,100)
w(265,3,6,100)
r(143,2,6,100)
r(236,5,6,100)
w(33,6,6,100)
w(313,7,6,100)
r(19,2,6,100)
w(275,6,6,100)
r(100,4,6,100)
r(262,6,6,100)
r(189,6,6,100)
w(70,6,6,100)
w(172,6,6,100)
w(120,9,6,100)
