w(1,1,0,0)
w(2,1,0,0)
w(3,1,0,0)
w(4,1,0,0)
w(5,1,0,0)
w(6,1,0,0)
w(7,1,0,0)
w(8,1,0,0)
w(9,1,0,0)
w(10,1,0,0)
w(11,1,0,0)
w(12,1,0,0)
w(13,1,0,0)
w(14,1,0,0)
w(15,1,0,0)
w(16,1,0,0)
w(17,1,0,0)
w(18,1,0,0)
w(19,1,0,0)
w(20,1,0,0)
w(21,1,0,0)
w(22,1,0,0)
w(23,1,0,0)
w(24,1,0,0)
w(25,1,0,0)
w(26,1,0,0)
w(27,1,0,0)
w(28,1,0,0)
w(29,1,0,0)
w(30,1,0,0)
w(31,1,0,0)
w(32,1,0,0)
w(33,1,0,0)
w(34,1,0,0)
w(35,1,0,0)
w(36,1,0,0)
w(37,1,0,0)
w(38,1,0,0)
w(39,1,0,0)
w(40,1,0,0)
w(41,1,0,0)
w(42,1,0,0)
w(43,1,0,0)
w(44,1,0,0)
w(45,1,0,0)
w(46,1,0,0)
w(47,1,0,0)
w(48,1,0,0)
w(49,1,0,0)
w(50,1,0,0)
w(51,1,0,0)
w(52,1,0,0)
w(53,1,0,0)
w(54,1,0,0)
w(55,1,0,0)
w(56,1,0,0)
w(57,1,0,0)
w(58,1,0,0)
w(59,1,0,0)
w(60,1,0,0)
w(61,1,0,0)
w(62,1,0,0)
w(63,1,0,0)
w(64,1,0,0)
w(65,1,0,0)
w(66,1,0,0)
w(67,1,0,0)
w(68,1,0,0)
w(69,1,0,0)
w(70,1,0,0)
w(71,1,0,0)
w(72,1,0,0)
w(73,1,0,0)
w(74,1,0,0)
w(75,1,0,0)
w(76,1,0,0)
w(77,1,0,0)
w(78,1,0,0)
w(79,1,0,0)
w(80,1,0,0)
w(81,1,0,0)
w(82,1,0,0)
w(83,1,0,0)
w(84,1,0,0)
w(85,1,0,0)
w(86,1,0,0)
w(87,1,0,0)
w(88,1,0,0)
w(89,1,0,0)
w(90,1,0,0)
w(91,1,0,0)
w(92,1,0,0)
w(93,1,0,0)
w(94,1,0,0)
w(95,1,0,0)
w(96,1,0,0)
w(97,1,0,0)
w(98,1,0,0)
w(99,1,0,0)
w(100,1,0,0)
w(101,1,0,0)
w(102,1,0,0)
w(103,1,0,0)
w(104,1,0,0)
w(105,1,0,0)
w(106,1,0,0)
w(107,1,0,0)
w(108,1,0,0)
w(109,1,0,0)
w(110,1,0,0)
w(111,1,0,0)
w(112,1,0,0)
w(113,1,0,0)
w(114,1,0,0)
w(115,1,0,0)
w(116,1,0,0)
w(117,1,0,0)
w(118,1,0,0)
w(119,1,0,0)
w(120,1,0,0)
w(121,1,0,0)
w(122,1,0,0)
w(123,1,0,0)
w(124,1,0,0)
w(125,1,0,0)
w(126,1,0,0)
w(127,1,0,0)
w(128,1,0,0)
w(129,1,0,0)
w(130,1,0,0)
w(131,1,0,0)
w(132,1,0,0)
w(133,1,0,0)
w(134,1,0,0)
w(135,1,0,0)
w(136,1,0,0)
w(137,1,0,0)
w(138,1,0,0)
w(139,1,0,0)
w(140,1,0,0)
w(141,1,0,0)
w(142,1,0,0)
w(143,1,0,0)
w(144,1,0,0)
w(145,1,0,0)
w(146,1,0,0)
w(147,1,0,0)
w(148,1,0,0)
w(149,1,0,0)
w(150,1,0,0)
w(151,1,0,0)
w(152,1,0,0)
w(153,1,0,0)
w(154,1,0,0)
w(155,1,0,0)
w(156,1,0,0)
w(157,1,0,0)
w(158,1,0,0)
w(159,1,0,0)
w(160,1,0,0)
w(161,1,0,0)
w(162,1,0,0)
w(163,1,0,0)
w(164,1,0,0)
w(165,1,0,0)
w(166,1,0,0)
w(167,1,0,0)
w(168,1,0,0)
w(169,1,0,0)
w(170,1,0,0)
w(171,1,0,0)
w(172,1,0,0)
w(173,1,0,0)
w(174,1,0,0)
w(175,1,0,0)
w(176,1,0,0)
w(177,1,0,0)
w(178,1,0,0)
w(179,1,0,0)
w(180,1,0,0)
w(181,1,0,0)
w(182,1,0,0)
w(183,1,0,0)
w(184,1,0,0)
w(185,1,0,0)
w(186,1,0,0)
w(187,1,0,0)
w(188,1,0,0)
w(189,1,0,0)
w(190,1,0,0)
w(191,1,0,0)
w(192,1,0,0)
w(193,1,0,0)
w(194,1,0,0)
w(195,1,0,0)
w(196,1,0,0)
w(197,1,0,0)
w(198,1,0,0)
w(199,1,0,0)
w(200,1,0,0)
w(201,1,0,0)
w(202,1,0,0)
w(203,1,0,0)
w(204,1,0,0)
w(205,1,0,0)
w(206,1,0,0)
w(207,1,0,0)
w(208,1,0,0)
w(209,1,0,0)
w(210,1,0,0)
w(211,1,0,0)
w(212,1,0,0)
w(213,1,0,0)
w(214,1,0,0)
w(215,1,0,0)
w(216,1,0,0)
w(217,1,0,0)
w(218,1,0,0)
w(219,1,0,0)
w(220,1,0,0)
w(221,1,0,0)
w(222,1,0,0)
w(223,1,0,0)
w(224,1,0,0)
w(225,1,0,0)
w(226,1,0,0)
w(227,1,0,0)
w(228,1,0,0)
w(229,1,0,0)
w(230,1,0,0)
w(231,1,0,0)
w(232,1,0,0)
w(233,1,0,0)
w(234,1,0,0)
w(235,1,0,0)
w(236,1,0,0)
w(237,1,0,0)
w(238,1,0,0)
w(239,1,0,0)
w(240,1,0,0)
w(241,1,0,0)
w(242,1,0,0)
w(243,1,0,0)
w(244,1,0,0)
w(245,1,0,0)
w(246,1,0,0)
w(247,1,0,0)
w(248,1,0,0)
w(249,1,0,0)
w(250,1,0,0)
w(251,1,0,0)
w(252,1,0,0)
w(253,1,0,0)
w(254,1,0,0)
w(255,1,0,0)
w(256,1,0,0)
w(257,1,0,0)
w(258,1,0,0)
w(259,1,0,0)
w(260,1,0,0)
w(261,1,0,0)
w(262,1,0,0)
w(263,1,0,0)
w(264,1,0,0)
w(265,1,0,0)
w(266,1,0,0)
w(267,1,0,0)
w(268,1,0,0)
w(269,1,0,0)
w(270,1,0,0)
w(271,1,0,0)
w(272,1,0,0)
w(273,1,0,0)
w(274,1,0,0)
w(275,1,0,0)
w(276,1,0,0)
w(277,1,0,0)
w(278,1,0,0)
w(279,1,0,0)
w(280,1,0,0)
w(281,1,0,0)
w(282,1,0,0)
w(283,1,0,0)
w(284,1,0,0)
w(285,1,0,0)
w(286,1,0,0)
w(287,1,0,0)
w(288,1,0,0)
w(289,1,0,0)
w(290,1,0,0)
w(291,1,0,0)
w(292,1,0,0)
w(293,1,0,0)
w(294,1,0,0)
w(295,1,0,0)
w(296,1,0,0)
w(297,1,0,0)
w(298,1,0,0)
w(299,1,0,0)
w(300,1,0,0)
w(301,1,0,0)
w(302,1,0,0)
w(303,1,0,0)
w(304,1,0,0)
w(305,1,0,0)
w(306,1,0,0)
w(307,1,0,0)
w(308,1,0,0)
w(309,1,0,0)
w(310,1,0,0)
w(311,1,0,0)
w(312,1,0,0)
w(313,1,0,0)
w(314,1,0,0)
w(315,1,0,0)
w(316,1,0,0)
w(317,1,0,0)
w(318,1,0,0)
w(319,1,0,0)
w(320,1,0,0)
w(321,1,0,0)
w(322,1,0,0)
w(323,1,0,0)
w(324,1,0,0)
w(325,1,0,0)
w(326,1,0,0)
w(327,1,0,0)
w(328,1,0,0)
w(329,1,0,0)
w(330,1,0,0)
w(331,1,0,0)
w(332,1,0,0)
w(333,1,0,0)
w(334,1,0,0)
w(335,1,0,0)
w(336,1,0,0)
w(337,1,0,0)
w(338,1,0,0)
w(339,1,0,0)
w(340,1,0,0)
w(341,1,0,0)
w(342,1,0,0)
w(343,1,0,0)
w(344,1,0,0)
w(345,1,0,0)
w(346,1,0,0)
w(347,1,0,0)
w(348,1,0,0)
w(349,1,0,0)
w(350,1,0,0)
w(351,1,0,0)
w(352,1,0,0)
w(353,1,0,0)
w(354,1,0,0)
w(355,1,0,0)
w(356,1,0,0)
w(357,1,0,0)
w(358,1,0,0)
w(359,1,0,0)
w(360,1,0,0)
w(361,1,0,0)
w(362,1,0,0)
w(363,1,0,0)
w(364,1,0,0)
w(365,1,0,0)
w(366,1,0,0)
w(367,1,0,0)
w(368,1,0,0)
w(369,1,0,0)
w(370,1,0,0)
w(371,1,0,0)
w(372,1,0,0)
w(373,1,0,0)
w(374,1,0,0)
w(375,1,0,0)
w(376,1,0,0)
w(377,1,0,0)
w(378,1,0,0)
w(379,1,0,0)
w(380,1,0,0)
w(381,1,0,0)
w(382,1,0,0)
w(383,1,0,0)
w(384,1,0,0)
w(385,1,0,0)
w(386,1,0,0)
w(387,1,0,0)
w(388,1,0,0)
w(389,1,0,0)
w(390,1,0,0)
w(391,1,0,0)
w(392,1,0,0)
w(393,1,0,0)
w(394,1,0,0)
w(395,1,0,0)
w(396,1,0,0)
w(397,1,0,0)
w(398,1,0,0)
w(399,1,0,0)
w(400,1,0,0)
w(401,1,0,0)
w(402,1,0,0)
w(403,1,0,0)
w(404,1,0,0)
w(405,1,0,0)
w(406,1,0,0)
w(407,1,0,0)
w(408,1,0,0)
w(409,1,0,0)
w(410,1,0,0)
w(411,1,0,0)
w(412,1,0,0)
w(413,1,0,0)
w(414,1,0,0)
w(415,1,0,0)
w(416,1,0,0)
w(417,1,0,0)
w(418,1,0,0)
w(419,1,0,0)
w(420,1,0,0)
w(421,1,0,0)
w(422,1,0,0)
w(423,1,0,0)
w(424,1,0,0)
w(425,1,0,0)
w(426,1,0,0)
w(427,1,0,0)
w(428,1,0,0)
w(429,1,0,0)
w(430,1,0,0)
w(431,1,0,0)
w(432,1,0,0)
w(433,1,0,0)
w(434,1,0,0)
w(435,1,0,0)
w(436,1,0,0)
w(437,1,0,0)
w(438,1,0,0)
w(439,1,0,0)
w(440,1,0,0)
w(441,1,0,0)
w(442,1,0,0)
w(443,1,0,0)
w(444,1,0,0)
w(445,1,0,0)
w(446,1,0,0)
w(447,1,0,0)
w(448,1,0,0)
w(449,1,0,0)
w(450,1,0,0)
w(451,1,0,0)
w(452,1,0,0)
w(453,1,0,0)
w(454,1,0,0)
w(455,1,0,0)
w(456,1,0,0)
w(457,1,0,0)
w(458,1,0,0)
w(459,1,0,0)
w(460,1,0,0)
w(461,1,0,0)
w(462,1,0,0)
w(463,1,0,0)
w(464,1,0,0)
w(465,1,0,0)
w(466,1,0,0)
w(467,1,0,0)
w(468,1,0,0)
w(469,1,0,0)
w(470,1,0,0)
w(471,1,0,0)
w(472,1,0,0)
w(473,1,0,0)
w(474,1,0,0)
w(475,1,0,0)
w(476,1,0,0)
w(477,1,0,0)
w(478,1,0,0)
w(479,1,0,0)
w(480,1,0,0)
w(481,1,0,0)
w(482,1,0,0)
w(483,1,0,0)
w(484,1,0,0)
w(485,1,0,0)
w(486,1,0,0)
w(487,1,0,0)
w(488,1,0,0)
w(489,1,0,0)
w(490,1,0,0)
w(491,1,0,0)
w(492,1,0,0)
w(493,1,0,0)
w(494,1,0,0)
w(495,1,0,0)
w(496,1,0,0)
w(497,1,0,0)
w(498,1,0,0)
w(499,1,0,0)
w(500,1,0,0)
w(501,1,0,0)
w(502,1,0,0)
w(503,1,0,0)
w(504,1,0,0)
w(505,1,0,0)
w(506,1,0,0)
w(507,1,0,0)
w(508,1,0,0)
w(509,1,0,0)
w(510,1,0,0)
w(511,1,0,0)
w(512,1,0,0)
w(513,1,0,0)
w(514,1,0,0)
w(515,1,0,0)
w(516,1,0,0)
w(517,1,0,0)
w(518,1,0,0)
w(519,1,0,0)
w(520,1,0,0)
w(521,1,0,0)
w(522,1,0,0)
w(523,1,0,0)
w(524,1,0,0)
w(525,1,0,0)
w(526,1,0,0)
w(527,1,0,0)
w(528,1,0,0)
w(529,1,0,0)
w(530,1,0,0)
w(531,1,0,0)
w(532,1,0,0)
w(533,1,0,0)
w(534,1,0,0)
w(535,1,0,0)
w(536,1,0,0)
w(537,1,0,0)
w(538,1,0,0)
w(539,1,0,0)
w(540,1,0,0)
w(23,2,1,1)
w(34,2,1,1)
w(29,2,1,1)
w(55,2,1,1)
r(463,1,1,1)
r(194,1,1,1)
w(34,3,1,1)
r(4,1,1,1)
w(41,2,1,1)
r(180,1,1,1)
w(42,2,1,1)
r(354,1,1,1)
w(9,2,1,1)
w(5,2,1,1)
w(31,2,1,1)
r(335,1,1,1)
r(148,1,1,1)
w(17,2,1,1)
r(362,1,1,1)
r(106,1,1,1)
r(216,1,2,2)
w(99,2,2,2)
r(326,1,2,2)
r(67,1,2,2)
r(386,1,2,2)
r(354,1,2,2)
w(99,3,2,2)
r(383,1,2,2)
w(98,2,2,2)
w(115,2,2,2)
w(71,2,2,2)
r(294,1,2,2)
r(10,1,2,2)
r(249,1,2,2)
w(83,2,2,2)
w(71,3,2,2)
w(89,2,2,2)
w(117,2,2,2)
r(293,1,2,2)
w(111,2,2,2)
w(176,2,3,3)
r(503,1,3,3)
w(128,2,3,3)
w(143,2,3,3)
r(46,1,3,3)
r(120,1,3,3)
w(152,2,3,3)
w(150,2,3,3)
w(178,2,3,3)
w(125,2,3,3)
w(141,2,3,3)
r(194,1,3,3)
w(172,2,3,3)
r(36,1,3,3)
w(134,2,3,3)
w(149,2,3,3)
r(183,1,3,3)
w(178,3,3,3)
r(524,1,3,3)
r(504,1,3,3)
w(195,2,4,4)
r(534,1,4,4)
w(182,2,4,4)
r(9,1,4,4)
r(346,1,4,4)
w(206,2,4,4)
r(171,1,4,4)
w(229,2,4,4)
r(308,1,4,4)
r(193,1,4,4)
r(208,1,4,4)
w(237,2,4,4)
r(524,1,4,4)
r(437,1,4,4)
r(298,1,4,4)
w(236,2,4,4)
r(381,1,4,4)
w(208,2,4,4)
w(202,2,4,4)
w(232,2,4,4)
w(284,2,5,5)
r(197,1,5,5)
w(288,2,5,5)
w(299,2,5,5)
w(248,2,5,5)
r(401,1,5,5)
r(537,1,5,5)
w(264,2,5,5)
w(258,2,5,5)
w(245,2,5,5)
r(476,1,5,5)
w(263,2,5,5)
r(160,1,5,5)
r(203,1,5,5)
r(532,1,5,5)
w(251,2,5,5)
w(299,3,5,5)
r(168,1,5,5)
w(263,3,5,5)
w(269,2,5,5)
r(307,1,6,6)
w(323,2,6,6)
w(310,2,6,6)
w(307,2,6,6)
w(356,2,6,6)
w(305,2,6,6)
r(510,1,6,6)
w(326,2,6,6)
r(137,1,6,6)
w(358,2,6,6)
w(322,2,6,6)
w(302,2,6,6)
w(309,2,6,6)
w(307,3,6,6)
r(145,1,6,6)
r(349,1,6,6)
w(349,2,6,6)
r(206,1,6,6)
r(73,1,6,6)
w(356,3,6,6)
w(386,2,7,7)
r(122,1,7,7)
w(397,2,7,7)
w(400,2,7,7)
r(301,1,7,7)
w(408,2,7,7)
w(406,2,7,7)
w(372,2,7,7)
r(304,1,7,7)
w(384,2,7,7)
w(407,2,7,7)
w(402,2,7,7)
r(89,1,7,7)
w(415,2,7,7)
w(363,2,7,7)
w(396,2,7,7)
w(365,2,7,7)
w(368,2,7,7)
r(338,1,7,7)
r(168,1,7,7)
w(461,2,8,8)
r(58,1,8,8)
w(435,2,8,8)
w(471,2,8,8)
w(471,3,8,8)
w(462,2,8,8)
r(448,1,8,8)
w(445,2,8,8)
r(444,1,8,8)
w(435,3,8,8)
w(469,2,8,8)
r(373,1,8,8)
r(510,1,8,8)
r(373,1,8,8)
r(319,1,8,8)
w(474,2,8,8)
w(424,2,8,8)
r(319,1,8,8)
w(444,2,8,8)
r(221,1,8,8)
r(327,1,9,9)
w(534,2,9,9)
w(494,2,9,9)
w(489,2,9,9)
w(483,2,9,9)
w(516,2,9,9)
r(101,1,9,9)
r(52,1,9,9)
r(476,1,9,9)
w(508,2,9,9)
w(498,2,9,9)
r(250,1,9,9)
r(232,1,9,9)
r(204,1,9,9)
w(539,2,9,9)
w(500,2,9,9)
r(263,1,9,9)
r(69,1,9,9)
w(499,2,9,9)
r(294,1,9,9)
w(24,2,1,10)
w(46,2,1,10)
w(29,3,1,10)
w(16,2,1,10)
r(36,1,1,10)
w(38,2,1,10)
r(292,1,1,10)
r(489,1,1,10)
r(87,1,1,10)
w(46,3,1,10)
r(94,1,1,10)
w(44,2,1,10)
r(46,3,1,10)
r(81,1,1,10)
w(51,2,1,10)
r(42,2,1,10)
w(42,3,1,10)
r(246,1,1,10)
w(44,3,1,10)
w(34,4,1,10)
w(110,2,2,11)
r(427,1,2,11)
w(63,2,2,11)
r(109,1,2,11)
r(354,1,2,11)
r(100,1,2,11)
r(244,1,2,11)
w(82,2,2,11)
r(310,1,2,11)
r(17,1,2,11)
r(438,1,2,11)
w(103,2,2,11)
w(85,2,2,11)
r(15,1,2,11)
r(146,1,2,11)
r(364,1,2,11)
r(249,1,2,11)
r(255,1,2,11)
r(69,1,2,11)
r(302,1,2,11)
r(310,2,3,12)
r(160,1,3,12)
w(138,2,3,12)
r(435,1,3,12)
r(177,1,3,12)
r(46,1,3,12)
r(338,1,3,12)
r(344,1,3,12)
w(142,2,3,12)
w(177,2,3,12)
w(175,2,3,12)
w(137,2,3,12)
w(133,2,3,12)
r(457,1,3,12)
r(274,1,3,12)
w(170,2,3,12)
r(460,1,3,12)
r(159,1,3,12)
r(515,1,3,12)
r(155,1,3,12)
r(115,1,4,13)
r(493,1,4,13)
w(237,3,4,13)
r(412,1,4,13)
w(230,2,4,13)
r(6,1,4,13)
r(120,1,4,13)
r(33,1,4,13)
r(361,2,4,13)
r(4,1,4,13)
w(199,2,4,13)
r(75,1,4,13)
r(145,1,4,13)
r(49,1,4,13)
r(130,1,4,13)
w(229,3,4,13)
r(158,1,4,13)
w(199,3,4,13)
r(412,1,4,13)
w(206,3,4,13)
r(227,1,5,14)
w(266,2,5,14)
r(493,1,5,14)
w(274,2,5,14)
r(34,1,5,14)
w(263,4,5,14)
r(120,1,5,14)
r(204,1,5,14)
r(328,1,5,14)
r(476,1,5,14)
w(246,2,5,14)
w(299,4,5,14)
r(300,1,5,14)
r(401,1,5,14)
w(277,2,5,14)
w(271,2,5,14)
r(287,1,5,14)
r(123,1,5,14)
w(295,2,5,14)
r(397,1,5,14)
w(348,2,6,15)
r(390,1,6,15)
r(458,1,6,15)
w(355,2,6,15)
w(331,2,6,15)
w(333,2,6,15)
w(341,2,6,15)
r(231,1,6,15)
r(441,1,6,15)
w(301,2,6,15)
w(327,2,6,15)
r(43,1,6,15)
w(316,2,6,15)
r(411,1,6,15)
w(312,2,6,15)
w(351,2,6,15)
r(384,1,6,15)
w(359,2,6,15)
w(334,2,6,15)
r(404,1,6,15)
r(357,1,7,16)
r(31,2,7,16)
w(391,2,7,16)
r(21,1,7,16)
w(376,2,7,16)
w(408,3,7,16)
w(375,2,7,16)
w(376,3,7,16)
r(259,1,7,16)
w(363,3,7,16)
r(196,1,7,16)
w(376,4,7,16)
w(388,2,7,16)
w(400,3,7,16)
w(402,3,7,16)
r(357,1,7,16)
w(361,2,7,16)
w(418,2,7,16)
w(387,2,7,16)
r(372,2,7,16)
w(430,2,8,17)
r(210,1,8,17)
r(265,1,8,17)
w(452,2,8,17)
w(454,2,8,17)
r(332,1,8,17)
w(424,3,8,17)
r(472,1,8,17)
w(441,2,8,17)
r(78,1,8,17)
w(450,2,8,17)
r(236,1,8,17)
w(439,2,8,17)
r(205,1,8,17)
r(466,1,8,17)
w(460,2,8,17)
w(455,2,8,17)
r(499,1,8,17)
w(469,3,8,17)
r(394,1,8,17)
w(540,2,9,18)
w(484,2,9,18)
r(61,1,9,18)
r(210,1,9,18)
r(505,1,9,18)
r(525,1,9,18)
r(158,1,9,18)
r(128,2,9,18)
r(511,1,9,18)
w(524,2,9,18)
w(489,3,9,18)
w(534,3,9,18)
w(527,2,9,18)
w(506,2,9,18)
w(491,2,9,18)
r(402,1,9,18)
w(495,2,9,18)
r(94,1,9,18)
w(521,2,9,18)
w(489,4,9,18)
w(4,2,1,19)
w(24,3,1,19)
r(26,1,1,19)
r(440,1,1,19)
w(15,2,1,19)
w(49,2,1,19)
r(501,1,1,19)
w(23,3,1,19)
r(151,1,1,19)
r(290,1,1,19)
r(104,1,1,19)
r(113,1,1,19)
r(360,1,1,19)
r(284,1,1,19)
w(24,4,1,19)
r(339,1,1,19)
r(191,1,1,19)
r(371,1,1,19)
r(92,1,1,19)
r(371,1,1,19)
w(114,2,2,20)
w(111,3,2,20)
r(166,1,2,20)
r(20,1,2,20)
r(448,1,2,20)
r(148,1,2,20)
w(105,2,2,20)
r(311,1,2,20)
w(102,2,2,20)
r(153,1,2,20)
r(490,1,2,20)
r(467,1,2,20)
r(528,1,2,20)
r(72,1,2,20)
r(63,2,2,20)
r(151,1,2,20)
w(88,2,2,20)
r(422,1,2,20)
w(70,2,2,20)
w(111,4,2,20)
r(57,1,3,21)
w(156,2,3,21)
r(242,1,3,21)
w(178,4,3,21)
r(428,1,3,21)
w(147,2,3,21)
r(531,1,3,21)
w(167,2,3,21)
r(394,1,3,21)
w(175,3,3,21)
r(425,1,3,21)
w(146,2,3,21)
w(158,2,3,21)
r(414,1,3,21)
w(123,2,3,21)
w(165,2,3,21)
w(145,2,3,21)
r(221,1,3,21)
w(172,3,3,21)
w(178,5,3,21)
w(210,2,4,22)
w(223,2,4,22)
w(237,4,4,22)
w(209,2,4,22)
r(140,1,4,22)
r(319,1,4,22)
w(214,2,4,22)
r(68,1,4,22)
w(182,3,4,22)
w(229,4,4,22)
w(227,2,4,22)
w(190,2,4,22)
r(332,1,4,22)
r(356,1,4,22)
r(218,1,4,22)
r(309,1,4,22)
r(409,1,4,22)
w(220,2,4,22)
w(230,3,4,22)
r(445,1,4,22)
w(243,2,5,23)
r(532,1,5,23)
w(251,3,5,23)
r(330,1,5,23)
w(261,2,5,23)
r(256,1,5,23)
w(285,2,5,23)
w(286,2,5,23)
r(286,2,5,23)
r(459,1,5,23)
w(245,3,5,23)
r(425,1,5,23)
w(277,3,5,23)
w(254,2,5,23)
r(289,1,5,23)
r(462,2,5,23)
r(215,1,5,23)
r(462,2,5,23)
r(356,1,5,23)
w(264,3,5,23)
w(328,2,6,24)
w(357,2,6,24)
w(341,3,6,24)
r(411,1,6,24)
r(393,1,6,24)
w(303,2,6,24)
w(311,2,6,24)
r(446,1,6,24)
w(351,3,6,24)
w(357,3,6,24)
r(528,1,6,24)
w(338,2,6,24)
r(247,1,6,24)
w(348,3,6,24)
w(338,3,6,24)
r(136,1,6,24)
r(314,1,6,24)
r(274,1,6,24)
r(167,2,6,24)
r(500,3,6,24)
r(299,1,7,25)
r(177,1,7,25)
w(397,3,7,25)
r(405,1,7,25)
r(484,1,7,25)
r(148,1,7,25)
r(483,1,7,25)
w(388,3,7,25)
r(462,1,7,25)
r(47,1,7,25)
w(412,2,7,25)
w(361,3,7,25)
r(184,1,7,25)
w(369,2,7,25)
r(68,1,7,25)
r(144,1,7,25)
w(361,4,7,25)
r(294,1,7,25)
r(203,1,7,25)
w(418,3,7,25)
r(476,1,8,26)
r(109,1,8,26)
w(460,3,8,26)
r(434,1,8,26)
r(303,1,8,26)
r(222,1,8,26)
w(445,3,8,26)
w(421,2,8,26)
w(440,2,8,26)
w(430,3,8,26)
w(452,3,8,26)
r(380,1,8,26)
r(445,3,8,26)
r(207,1,8,26)
w(476,2,8,26)
r(182,1,8,26)
w(463,2,8,26)
r(441,2,8,26)
w(452,4,8,26)
r(529,1,8,26)
r(93,1,9,27)
r(105,1,9,27)
r(150,2,9,27)
w(539,3,9,27)
r(307,3,9,27)
w(536,2,9,27)
w(494,3,9,27)
w(527,3,9,27)
w(500,3,9,27)
w(529,2,9,27)
w(496,2,9,27)
w(515,2,9,27)
w(501,2,9,27)
r(274,1,9,27)
r(485,1,9,27)
w(485,2,9,27)
w(484,3,9,27)
r(417,1,9,27)
r(59,1,9,27)
w(506,3,9,27)
r(133,1,1,28)
w(58,2,1,28)
w(54,2,1,28)
r(151,1,1,28)
r(118,1,1,28)
w(60,2,1,28)
r(463,1,1,28)
r(88,1,1,28)
w(3,2,1,28)
r(357,1,1,28)
w(12,2,1,28)
r(525,1,1,28)
r(488,1,1,28)
r(522,1,1,28)
w(10,2,1,28)
w(36,2,1,28)
r(277,1,1,28)
w(42,4,1,28)
r(80,1,1,28)
r(445,1,1,28)
w(75,2,2,29)
w(87,2,2,29)
r(391,1,2,29)
w(97,2,2,29)
w(68,2,2,29)
w(75,3,2,29)
w(75,4,2,29)
w(113,2,2,29)
w(106,2,2,29)
w(99,4,2,29)
r(53,1,2,29)
w(99,5,2,29)
w(83,3,2,29)
w(96,2,2,29)
r(181,1,2,29)
r(98,2,2,29)
w(62,2,2,29)
w(115,3,2,29)
r(367,1,2,29)
w(98,3,2,29)
w(175,4,3,30)
w(141,3,3,30)
r(535,2,3,30)
r(477,1,3,30)
w(145,3,3,30)
r(61,1,3,30)
r(377,1,3,30)
w(151,2,3,30)
r(381,1,3,30)
r(33,1,3,30)
w(159,2,3,30)
w(143,3,3,30)
w(169,2,3,30)
w(150,3,3,30)
r(272,1,3,30)
r(335,1,3,30)
r(449,1,3,30)
w(179,2,3,30)
w(158,3,3,30)
r(411,1,3,30)
w(198,2,4,31)
r(150,1,4,31)
w(189,2,4,31)
w(181,2,4,31)
r(407,3,4,31)
r(230,3,4,31)
w(208,3,4,31)
r(503,1,4,31)
r(258,1,4,31)
w(194,2,4,31)
w(201,2,4,31)
r(364,1,4,31)
r(449,1,4,31)
r(324,1,4,31)
r(54,2,4,31)
w(222,2,4,31)
r(190,2,4,31)
w(184,2,4,31)
r(299,1,4,31)
r(333,1,4,31)
r(196,1,5,32)
r(183,1,5,32)
r(450,2,5,32)
w(291,2,5,32)
r(474,2,5,32)
r(425,1,5,32)
w(253,2,5,32)
r(412,1,5,32)
r(479,1,5,32)
r(477,1,5,32)
w(284,3,5,32)
w(248,3,5,32)
r(378,1,5,32)
w(300,2,5,32)
r(32,1,5,32)
w(285,3,5,32)
r(245,3,5,32)
w(263,5,5,32)
w(264,4,5,32)
r(333,1,5,32)
r(163,1,6,33)
r(181,1,6,33)
w(318,2,6,33)
r(462,1,6,33)
r(370,1,6,33)
r(174,1,6,33)
w(359,3,6,33)
r(133,2,6,33)
w(318,3,6,33)
w(321,2,6,33)
w(321,3,6,33)
w(330,2,6,33)
w(355,3,6,33)
w(332,2,6,33)
r(198,1,6,33)
r(338,3,6,33)
w(318,4,6,33)
r(188,1,6,33)
w(353,2,6,33)
w(350,2,6,33)
r(152,1,7,34)
r(302,1,7,34)
r(513,1,7,34)
r(8,1,7,34)
r(135,1,7,34)
r(488,1,7,34)
r(421,1,7,34)
r(38,2,7,34)
r(377,1,7,34)
w(397,4,7,34)
r(158,1,7,34)
r(199,3,7,34)
r(323,1,7,34)
w(411,2,7,34)
w(370,2,7,34)
w(419,2,7,34)
r(465,1,7,34)
r(361,4,7,34)
w(373,2,7,34)
r(400,3,7,34)
w(422,2,8,35)
w(457,2,8,35)
r(12,1,8,35)
r(336,1,8,35)
w(438,2,8,35)
r(275,1,8,35)
r(368,1,8,35)
r(441,2,8,35)
w(466,2,8,35)
w(434,2,8,35)
r(102,2,8,35)
r(114,2,8,35)
w(436,2,8,35)
r(232,1,8,35)
r(265,1,8,35)
r(143,1,8,35)
w(475,2,8,35)
r(234,1,8,35)
r(533,1,8,35)
r(523,1,8,35)
r(242,1,9,36)
r(436,1,9,36)
r(55,1,9,36)
w(524,3,9,36)
w(530,2,9,36)
w(536,3,9,36)
r(381,1,9,36)
w(520,2,9,36)
r(345,1,9,36)
r(523,1,9,36)
r(228,1,9,36)
r(385,1,9,36)
w(508,3,9,36)
w(529,3,9,36)
w(488,2,9,36)
r(266,1,9,36)
r(102,1,9,36)
r(180,1,9,36)
r(59,1,9,36)
r(210,1,9,36)
r(216,1,1,37)
r(114,1,1,37)
w(37,2,1,37)
w(38,3,1,37)
w(31,3,1,37)
r(322,1,1,37)
w(56,2,1,37)
r(463,1,1,37)
r(21,1,1,37)
w(55,3,1,37)
w(19,2,1,37)
w(50,2,1,37)
r(497,1,1,37)
w(41,3,1,37)
r(267,1,1,37)
w(45,2,1,37)
w(21,2,1,37)
w(5,3,1,37)
r(229,4,1,37)
w(32,2,1,37)
w(105,3,2,38)
w(106,3,2,38)
r(207,1,2,38)
r(534,1,2,38)
r(146,1,2,38)
r(479,1,2,38)
w(118,2,2,38)
w(109,2,2,38)
r(177,1,2,38)
r(426,1,2,38)
w(63,3,2,38)
w(90,2,2,38)
r(453,1,2,38)
w(77,2,2,38)
w(66,2,2,38)
r(271,2,2,38)
r(306,1,2,38)
w(112,2,2,38)
w(112,3,2,38)
w(117,3,2,38)
w(175,5,3,39)
w(161,2,3,39)
w(177,3,3,39)
w(154,2,3,39)
w(137,3,3,39)
r(421,1,3,39)
w(126,2,3,39)
w(180,2,3,39)
w(132,2,3,39)
w(128,3,3,39)
r(54,1,3,39)
w(132,3,3,39)
w(174,2,3,39)
r(502,1,3,39)
r(452,1,3,39)
w(165,3,3,39)
w(162,2,3,39)
w(142,3,3,39)
w(146,3,3,39)
w(143,4,3,39)
w(205,2,4,40)
r(492,1,4,40)
r(123,1,4,40)
r(338,1,4,40)
r(282,1,4,40)
r(366,1,4,40)
w(215,2,4,40)
w(207,2,4,40)
r(257,1,4,40)
w(205,3,4,40)
r(402,6,4,40)
r(203,1,4,40)
r(359,1,4,40)
w(213,2,4,40)
w(214,3,4,40)
w(222,3,4,40)
w(237,5,4,40)
w(189,3,4,40)
w(213,3,4,40)
r(104,1,4,40)
w(252,2,5,41)
r(339,1,5,41)
w(277,4,5,41)
r(114,2,5,41)
w(271,3,5,41)
r(5,1,5,41)
w(287,2,5,41)
r(514,1,5,41)
w(244,2,5,41)
r(126,1,5,41)
w(251,4,5,41)
w(294,2,5,41)
w(285,4,5,41)
r(273,1,5,41)
r(87,2,5,41)
r(192,1,5,41)
w(287,3,5,41)
r(233,1,5,41)
w(263,6,5,41)
w(248,4,5,41)
w(345,2,6,42)
r(137,3,6,42)
w(304,2,6,42)
w(309,3,6,42)
r(10,1,6,42)
w(301,3,6,42)
w(342,2,6,42)
w(352,2,6,42)
r(247,1,6,42)
w(348,4,6,42)
w(325,2,6,42)
w(342,3,6,42)
r(52,1,6,42)
w(358,3,6,42)
w(309,4,6,42)
r(131,1,6,42)
w(360,2,6,42)
w(352,3,6,42)
w(360,3,6,42)
r(79,1,6,42)
r(450,1,7,43)
r(365,2,7,43)
r(165,1,7,43)
w(402,4,7,43)
r(73,1,7,43)
r(324,1,7,43)
r(361,4,7,43)
r(358,1,7,43)
w(388,4,7,43)
w(408,4,7,43)
r(449,1,7,43)
r(265,1,7,43)
w(378,2,7,43)
w(405,2,7,43)
w(375,3,7,43)
r(519,1,7,43)
r(385,1,7,43)
w(402,5,7,43)
w(407,3,7,43)
w(385,2,7,43)
w(457,3,8,44)
r(269,2,8,44)
w(436,3,8,44)
w(447,2,8,44)
w(465,2,8,44)
r(95,1,8,44)
r(234,1,8,44)
r(58,1,8,44)
r(213,1,8,44)
w(462,3,8,44)
w(437,2,8,44)
r(321,1,8,44)
w(464,2,8,44)
w(435,4,8,44)
r(2,1,8,44)
w(471,4,8,44)
r(175,1,8,44)
w(479,2,8,44)
w(449,2,8,44)
r(321,1,8,44)
w(506,4,9,45)
w(501,3,9,45)
w(505,2,9,45)
w(512,2,9,45)
r(5,1,9,45)
r(363,1,9,45)
r(237,1,9,45)
w(488,3,9,45)
w(485,3,9,45)
r(396,1,9,45)
w(536,4,9,45)
r(132,1,9,45)
w(535,2,9,45)
w(533,2,9,45)
r(120,1,9,45)
r(40,1,9,45)
w(509,2,9,45)
r(364,1,9,45)
w(517,2,9,45)
r(419,1,9,45)
r(466,1,1,46)
r(495,1,1,46)
r(231,1,1,46)
r(447,1,1,46)
r(177,1,1,46)
r(508,1,1,46)
r(86,1,1,46)
w(58,3,1,46)
w(41,4,1,46)
w(33,2,1,46)
r(87,1,1,46)
r(292,1,1,46)
w(51,3,1,46)
w(54,3,1,46)
r(15,2,1,46)
r(47,1,1,46)
r(314,1,1,46)
r(418,3,1,46)
w(13,2,1,46)
r(501,1,1,46)
w(91,2,2,47)
r(135,1,2,47)
r(181,1,2,47)
w(92,2,2,47)
r(126,1,2,47)
r(33,1,2,47)
w(91,3,2,47)
r(42,1,2,47)
w(109,3,2,47)
w(96,3,2,47)
r(77,2,2,47)
w(87,3,2,47)
r(128,1,2,47)
w(114,3,2,47)
w(109,4,2,47)
w(79,2,2,47)
r(307,1,2,47)
w(102,3,2,47)
r(533,1,2,47)
w(86,2,2,47)
w(173,2,3,48)
r(368,1,3,48)
w(180,3,3,48)
w(156,3,3,48)
r(430,1,3,48)
r(405,1,3,48)
w(142,4,3,48)
r(320,1,3,48)
w(155,2,3,48)
r(135,1,3,48)
r(184,1,3,48)
r(135,1,3,48)
w(180,4,3,48)
w(171,2,3,48)
w(158,4,3,48)
r(100,1,3,48)
r(180,4,3,48)
w(121,2,3,48)
r(53,1,3,48)
w(166,2,3,48)
r(298,1,4,49)
w(189,4,4,49)
r(413,1,4,49)
w(238,2,4,49)
w(226,2,4,49)
w(232,3,4,49)
r(419,3,4,49)
w(191,2,4,49)
r(299,1,4,49)
r(393,1,4,49)
w(206,4,4,49)
r(313,1,4,49)
r(145,1,4,49)
w(189,5,4,49)
r(164,1,4,49)
r(91,1,4,49)
r(140,1,4,49)
r(172,1,4,49)
r(428,1,4,49)
r(34,4,4,49)
w(278,2,5,50)
r(432,1,5,50)
r(516,1,5,50)
r(216,1,5,50)
r(474,2,5,50)
r(292,1,5,50)
w(267,2,5,50)
r(42,1,5,50)
r(210,1,5,50)
r(494,1,5,50)
w(266,3,5,50)
r(333,1,5,50)
w(292,2,5,50)
r(48,1,5,50)
r(82,2,5,50)
w(260,2,5,50)
w(282,2,5,50)
r(447,1,5,50)
r(251,4,5,50)
w(291,3,5,50)
w(342,4,6,51)
w(301,4,6,51)
r(147,2,6,51)
w(349,3,6,51)
w(304,3,6,51)
r(208,1,6,51)
r(47,1,6,51)
r(220,1,6,51)
r(25,1,6,51)
r(485,3,6,51)
w(322,3,6,51)
r(377,1,6,51)
w(319,2,6,51)
r(479,1,6,51)
r(191,1,6,51)
w(302,3,6,51)
w(322,4,6,51)
r(193,1,6,51)
r(337,1,6,51)
r(378,1,6,51)
r(450,1,7,52)
w(370,3,7,52)
w(370,4,7,52)
w(404,2,7,52)
w(370,5,7,52)
w(401,2,7,52)
w(378,3,7,52)
w(389,2,7,52)
r(235,1,7,52)
w(410,2,7,52)
r(137,1,7,52)
r(348,1,7,52)
w(394,2,7,52)
w(368,3,7,52)
w(363,4,7,52)
r(248,1,7,52)
w(417,2,7,52)
w(362,2,7,52)
r(300,1,7,52)
r(501,1,7,52)
r(316,1,8,53)
r(249,1,8,53)
r(367,1,8,53)
w(433,2,8,53)
w(421,3,8,53)
w(460,4,8,53)
w(475,3,8,53)
w(458,2,8,53)
w(454,3,8,53)
r(439,2,8,53)
r(496,1,8,53)
w(428,2,8,53)
r(495,1,8,53)
w(421,4,8,53)
w(421,5,8,53)
r(474,2,8,53)
w(431,2,8,53)
r(42,1,8,53)
w(436,4,8,53)
w(437,3,8,53)
w(481,2,9,54)
w(483,3,9,54)
w(538,2,9,54)
r(205,1,9,54)
w(534,4,9,54)
w(514,2,9,54)
r(138,2,9,54)
w(507,2,9,54)
r(150,2,9,54)
r(398,1,9,54)
r(467,1,9,54)
w(487,2,9,54)
w(531,2,9,54)
r(457,1,9,54)
r(269,1,9,54)
r(347,1,9,54)
r(228,1,9,54)
r(124,1,9,54)
w(517,3,9,54)
r(445,1,9,54)
w(58,4,1,55)
r(250,1,1,55)
w(13,3,1,55)
r(118,1,1,55)
w(28,2,1,55)
w(4,3,1,55)
w(10,3,1,55)
w(32,3,1,55)
w(45,3,1,55)
w(18,2,1,55)
r(432,1,1,55)
w(53,2,1,55)
w(12,3,1,55)
r(102,1,1,55)
w(36,3,1,55)
w(58,5,1,55)
w(42,5,1,55)
w(8,2,1,55)
r(7,1,1,55)
r(499,1,1,55)
w(91,4,2,56)
r(148,1,2,56)
r(354,1,2,56)
r(33,1,2,56)
w(106,4,2,56)
r(86,2,2,56)
r(363,1,2,56)
w(83,4,2,56)
w(110,3,2,56)
r(401,1,2,56)
r(389,1,2,56)
r(374,1,2,56)
w(94,2,2,56)
w(75,5,2,56)
w(115,4,2,56)
w(91,5,2,56)
r(19,1,2,56)
w(89,3,2,56)
r(16,1,2,56)
r(285,4,2,56)
w(154,3,3,57)
w(145,4,3,57)
w(176,3,3,57)
w(179,3,3,57)
r(221,1,3,57)
r(442,1,3,57)
r(412,1,3,57)
r(514,2,3,57)
r(85,1,3,57)
r(72,1,3,57)
r(322,4,3,57)
w(126,3,3,57)
w(151,3,3,57)
w(134,3,3,57)
w(149,3,3,57)
r(466,1,3,57)
w(162,3,3,57)
r(505,3,3,57)
r(119,1,3,57)
w(166,3,3,57)
r(298,1,4,58)
w(224,2,4,58)
r(405,2,4,58)
w(214,4,4,58)
w(203,2,4,58)
w(216,2,4,58)
r(186,1,4,58)
r(173,1,4,58)
r(530,1,4,58)
r(482,1,4,58)
w(196,2,4,58)
w(226,3,4,58)
r(298,1,4,58)
w(218,2,4,58)
r(296,1,4,58)
w(188,2,4,58)
w(234,2,4,58)
r(290,1,4,58)
r(498,1,4,58)
r(218,2,4,58)
w(275,2,5,59)
w(272,2,5,59)
w(262,2,5,59)
r(45,1,5,59)
w(267,3,5,59)
w(286,3,5,59)
r(82,2,5,59)
w(282,3,5,59)
r(206,1,5,59)
w(291,4,5,59)
r(67,1,5,59)
r(24,1,5,59)
w(288,3,5,59)
w(254,3,5,59)
r(429,1,5,59)
r(203,1,5,59)
r(524,1,5,59)
r(118,2,5,59)
r(60,1,5,59)
w(280,2,5,59)
w(314,2,6,60)
r(373,1,6,60)
r(480,1,6,60)
r(243,1,6,60)
w(340,2,6,60)
w(310,3,6,60)
w(356,4,6,60)
w(320,2,6,60)
r(297,1,6,60)
w(330,3,6,60)
w(321,4,6,60)
r(157,1,6,60)
r(160,1,6,60)
w(303,3,6,60)
r(49,1,6,60)
r(370,1,6,60)
w(309,5,6,60)
r(540,3,6,60)
w(338,4,6,60)
w(332,3,6,60)
r(490,1,7,61)
r(360,1,7,61)
w(361,5,7,61)
w(383,2,7,61)
w(403,2,7,61)
r(360,1,7,61)
w(369,3,7,61)
r(411,2,7,61)
r(129,1,7,61)
w(391,3,7,61)
w(365,3,7,61)
r(430,1,7,61)
r(309,1,7,61)
w(419,3,7,61)
r(149,1,7,61)
w(416,2,7,61)
w(390,2,7,61)
r(251,1,7,61)
w(370,6,7,61)
w(402,6,7,61)
w(452,5,8,62)
r(352,1,8,62)
w(446,2,8,62)
w(448,2,8,62)
r(434,2,8,62)
w(433,3,8,62)
w(457,4,8,62)
w(423,2,8,62)
r(462,3,8,62)
r(102,3,8,62)
r(322,1,8,62)
w(479,3,8,62)
r(370,1,8,62)
r(475,3,8,62)
w(428,3,8,62)
r(92,2,8,62)
r(60,1,8,62)
r(482,1,8,62)
w(462,4,8,62)
r(184,1,8,62)
w(524,4,9,63)
w(510,2,9,63)
r(388,1,9,63)
r(48,1,9,63)
r(141,3,9,63)
r(154,2,9,63)
w(513,2,9,63)
r(279,1,9,63)
w(520,3,9,63)
w(481,3,9,63)
w(487,3,9,63)
r(304,1,9,63)
w(494,4,9,63)
w(540,3,9,63)
r(129,1,9,63)
r(333,2,9,63)
r(233,1,9,63)
w(505,3,9,63)
w(528,2,9,63)
w(481,4,9,63)
w(29,4,1,64)
r(299,1,1,64)
r(3,2,1,64)
w(59,2,1,64)
w(22,2,1,64)
w(8,3,1,64)
w(56,3,1,64)
r(475,1,1,64)
r(416,2,1,64)
w(58,6,1,64)
r(145,1,1,64)
w(16,3,1,64)
r(11,1,1,64)
r(319,1,1,64)
r(376,6,1,64)
r(95,1,1,64)
w(43,2,1,64)
w(3,3,1,64)
r(371,1,1,64)
r(96,1,1,64)
w(107,2,2,65)
r(429,2,2,65)
w(92,3,2,65)
r(529,1,2,65)
w(82,3,2,65)
r(162,1,2,65)
r(228,1,2,65)
w(118,3,2,65)
w(110,4,2,65)
r(272,2,2,65)
w(97,3,2,65)
w(67,2,2,65)
r(99,5,2,65)
w(112,4,2,65)
w(98,4,2,65)
r(214,1,2,65)
w(102,4,2,65)
w(114,4,2,65)
r(376,1,2,65)
r(483,1,2,65)
r(105,1,3,66)
r(216,1,3,66)
r(492,1,3,66)
r(222,1,3,66)
w(162,4,3,66)
r(56,1,3,66)
r(22,1,3,66)
w(168,2,3,66)
r(22,1,3,66)
w(132,4,3,66)
w(122,2,3,66)
w(143,5,3,66)
r(532,1,3,66)
w(158,5,3,66)
r(240,1,3,66)
w(154,4,3,66)
r(133,2,3,66)
w(177,4,3,66)
r(112,1,3,66)
r(411,1,3,66)
r(12,2,4,67)
w(232,4,4,67)
r(491,1,4,67)
r(475,1,4,67)
w(216,3,4,67)
r(58,2,4,67)
w(224,3,4,67)
r(130,1,4,67)
r(19,2,4,67)
r(274,1,4,67)
w(199,4,4,67)
r(231,1,4,67)
w(196,3,4,67)
r(455,1,4,67)
r(147,1,4,67)
w(209,3,4,67)
w(186,2,4,67)
w(183,2,4,67)
r(14,1,4,67)
w(238,3,4,67)
w(242,2,5,68)
w(266,4,5,68)
w(286,4,5,68)
r(80,1,5,68)
r(19,1,5,68)
r(170,1,5,68)
w(278,3,5,68)
w(272,3,5,68)
r(484,1,5,68)
r(289,1,5,68)
r(12,1,5,68)
r(65,1,5,68)
r(401,1,5,68)
w(275,3,5,68)
r(328,1,5,68)
r(139,1,5,68)
w(268,2,5,68)
w(251,5,5,68)
r(86,2,5,68)
w(272,4,5,68)
w(355,4,6,69)
r(16,1,6,69)
r(369,1,6,69)
r(277,1,6,69)
r(409,1,6,69)
r(515,2,6,69)
r(364,1,6,69)
w(355,5,6,69)
w(319,3,6,69)
w(336,2,6,69)
w(319,4,6,69)
w(316,3,6,69)
r(324,1,6,69)
r(400,1,6,69)
w(359,4,6,69)
w(352,4,6,69)
w(316,4,6,69)
r(414,1,6,69)
r(204,1,6,69)
w(332,4,6,69)
w(397,5,7,70)
w(407,4,7,70)
w(377,2,7,70)
r(504,1,7,70)
w(372,3,7,70)
r(161,1,7,70)
w(400,4,7,70)
w(382,2,7,70)
w(376,5,7,70)
r(528,1,7,70)
r(6,1,7,70)
w(372,4,7,70)
r(187,1,7,70)
w(401,3,7,70)
w(419,4,7,70)
r(511,1,7,70)
r(261,1,7,70)
w(417,3,7,70)
w(414,2,7,70)
r(230,3,7,70)
r(432,1,8,71)
r(461,2,8,71)
r(178,1,8,71)
w(471,5,8,71)
r(539,1,8,71)
w(440,3,8,71)
r(356,1,8,71)
r(451,1,8,71)
w(439,3,8,71)
w(442,2,8,71)
w(434,3,8,71)
r(528,1,8,71)
w(429,2,8,71)
w(440,4,8,71)
r(71,3,8,71)
r(424,3,8,71)
r(49,1,8,71)
r(418,1,8,71)
w(467,2,8,71)
w(454,4,8,71)
r(58,1,9,72)
r(351,3,9,72)
r(496,2,9,72)
r(272,1,9,72)
w(491,3,9,72)
w(482,2,9,72)
w(491,4,9,72)
w(502,2,9,72)
w(511,2,9,72)
r(355,3,9,72)
w(538,3,9,72)
w(512,3,9,72)
r(64,1,9,72)
w(508,4,9,72)
r(116,1,9,72)
r(307,3,9,72)
r(68,1,9,72)
w(495,3,9,72)
w(535,3,9,72)
r(96,1,9,72)
w(34,5,1,73)
w(36,4,1,73)
w(26,2,1,73)
r(75,1,1,73)
r(479,1,1,73)
r(482,1,1,73)
r(54,3,1,73)
w(16,4,1,73)
r(277,1,1,73)
w(33,3,1,73)
w(24,5,1,73)
r(283,1,1,73)
w(37,3,1,73)
w(6,2,1,73)
w(6,3,1,73)
r(278,1,1,73)
w(26,3,1,73)
w(16,5,1,73)
r(492,1,1,73)
w(9,3,1,73)
w(65,2,2,74)
w(96,4,2,74)
w(102,5,2,74)
r(112,4,2,74)
r(338,1,2,74)
w(78,2,2,74)
w(68,3,2,74)
r(482,1,2,74)
w(74,2,2,74)
r(361,1,2,74)
w(84,2,2,74)
w(115,5,2,74)
r(300,2,2,74)
r(75,5,2,74)
w(61,2,2,74)
w(114,5,2,74)
w(112,5,2,74)
w(65,3,2,74)
w(69,2,2,74)
w(116,2,2,74)
r(374,1,3,75)
r(406,1,3,75)
w(167,3,3,75)
w(126,4,3,75)
w(158,6,3,75)
r(64,1,3,75)
w(148,2,3,75)
r(224,1,3,75)
r(470,1,3,75)
r(490,1,3,75)
r(176,3,3,75)
r(378,1,3,75)
w(134,4,3,75)
w(124,2,3,75)
w(140,2,3,75)
w(136,2,3,75)
r(421,1,3,75)
r(273,1,3,75)
w(162,5,3,75)
w(174,3,3,75)
w(228,2,4,76)
w(225,2,4,76)
r(332,1,4,76)
r(118,1,4,76)
r(454,1,4,76)
w(208,4,4,76)
r(470,1,4,76)
r(441,1,4,76)
r(29,3,4,76)
w(199,5,4,76)
w(209,4,4,76)
r(173,1,4,76)
w(225,3,4,76)
w(228,3,4,76)
w(206,5,4,76)
w(220,3,4,76)
r(181,2,4,76)
r(414,3,4,76)
w(185,2,4,76)
r(271,1,4,76)
r(379,1,5,77)
r(239,1,5,77)
w(258,3,5,77)
w(266,5,5,77)
r(107,2,5,77)
r(265,1,5,77)
w(249,2,5,77)
w(280,3,5,77)
w(247,2,5,77)
w(256,2,5,77)
w(268,3,5,77)
w(244,3,5,77)
w(298,2,5,77)
w(300,3,5,77)
w(296,2,5,77)
w(290,2,5,77)
w(247,3,5,77)
w(258,4,5,77)
w(293,2,5,77)
r(73,1,5,77)
w(316,5,6,78)
r(277,1,6,78)
w(359,5,6,78)
r(54,1,6,78)
w(306,2,6,78)
w(320,3,6,78)
w(301,5,6,78)
w(357,4,6,78)
w(301,6,6,78)
w(305,3,6,78)
r(277,1,6,78)
r(460,1,6,78)
r(465,1,6,78)
r(142,4,6,78)
r(371,1,6,78)
w(321,5,6,78)
w(341,4,6,78)
w(308,2,6,78)
w(333,3,6,78)
r(216,1,6,78)
w(383,3,7,79)
r(21,2,7,79)
r(397,5,7,79)
r(30,1,7,79)
w(362,3,7,79)
r(129,1,7,79)
w(387,3,7,79)
w(406,3,7,79)
w(394,3,7,79)
r(444,1,7,79)
w(395,2,7,79)
w(400,5,7,79)
r(137,1,7,79)
w(385,3,7,79)
w(400,6,7,79)
w(405,3,7,79)
w(376,6,7,79)
r(221,1,7,79)
w(402,7,7,79)
r(9,2,7,79)
r(198,1,8,80)
r(286,4,8,80)
w(434,4,8,80)
w(469,4,8,80)
w(442,3,8,80)
w(434,5,8,80)
r(184,1,8,80)
r(169,1,8,80)
w(475,4,8,80)
r(382,1,8,80)
w(451,2,8,80)
w(477,2,8,80)
w(474,3,8,80)
r(360,1,8,80)
r(429,2,8,80)
r(330,1,8,80)
r(248,4,8,80)
w(453,2,8,80)
r(243,2,8,80)
r(115,4,8,80)
w(518,2,9,81)
w(527,4,9,81)
r(29,1,9,81)
w(527,5,9,81)
w(507,3,9,81)
w(531,3,9,81)
r(40,1,9,81)
r(178,5,9,81)
r(288,1,9,81)
r(232,1,9,81)
w(485,4,9,81)
r(417,1,9,81)
w(531,4,9,81)
r(538,3,9,81)
w(521,3,9,81)
r(259,1,9,81)
r(30,1,9,81)
w(498,3,9,81)
r(5,1,9,81)
r(100,1,9,81)
r(28,2,1,82)
w(39,2,1,82)
r(42,5,1,82)
r(15,2,1,82)
w(48,2,1,82)
r(9,3,1,82)
r(412,3,1,82)
r(279,1,1,82)
r(230,3,1,82)
w(41,5,1,82)
w(50,3,1,82)
w(39,3,1,82)
r(247,1,1,82)
w(23,4,1,82)
w(6,4,1,82)
r(305,2,1,82)
r(8,3,1,82)
w(30,2,1,82)
r(328,1,1,82)
r(243,2,1,82)
r(134,1,2,83)
w(78,3,2,83)
r(222,1,2,83)
r(367,1,2,83)
r(377,1,2,83)
w(100,2,2,83)
w(88,3,2,83)
r(2,1,2,83)
w(116,3,2,83)
w(84,3,2,83)
w(92,4,2,83)
w(101,2,2,83)
w(94,3,2,83)
r(310,1,2,83)
w(84,4,2,83)
w(88,4,2,83)
w(72,2,2,83)
w(69,3,2,83)
r(160,1,2,83)
r(334,1,2,83)
w(148,3,3,84)
w(140,3,3,84)
w(133,3,3,84)
w(155,3,3,84)
w(167,4,3,84)
r(67,1,3,84)
r(83,1,3,84)
w(164,2,3,84)
r(70,1,3,84)
w(146,4,3,84)
r(70,1,3,84)
w(133,4,3,84)
r(261,1,3,84)
w(136,3,3,84)
w(176,4,3,84)
w(175,6,3,84)
w(147,3,3,84)
r(281,1,3,84)
w(150,4,3,84)
w(122,3,3,84)
w(194,3,4,85)
w(183,3,4,85)
w(240,2,4,85)
w(196,4,4,85)
w(200,2,4,85)
w(196,5,4,85)
r(389,2,4,85)
w(234,3,4,85)
r(103,1,4,85)
w(227,3,4,85)
w(210,3,4,85)
w(237,6,4,85)
w(189,6,4,85)
w(182,4,4,85)
r(212,1,4,85)
w(227,4,4,85)
w(231,2,4,85)
w(198,3,4,85)
r(8,2,4,85)
r(524,1,4,85)
w(279,2,5,86)
r(172,1,5,86)
w(255,2,5,86)
r(518,1,5,86)
r(416,1,5,86)
r(436,4,5,86)
w(297,2,5,86)
r(171,1,5,86)
w(250,2,5,86)
w(241,2,5,86)
r(472,1,5,86)
r(315,1,5,86)
w(252,3,5,86)
r(50,1,5,86)
r(466,3,5,86)
r(474,3,5,86)
r(497,1,5,86)
w(244,4,5,86)
r(489,1,5,86)
w(280,4,5,86)
w(307,4,6,87)
w(352,5,6,87)
w(324,2,6,87)
w(349,4,6,87)
w(317,2,6,87)
w(315,2,6,87)
r(348,4,6,87)
w(317,3,6,87)
r(113,1,6,87)
w(336,3,6,87)
r(32,1,6,87)
w(353,3,6,87)
r(331,2,6,87)
w(302,4,6,87)
w(314,3,6,87)
r(213,1,6,87)
w(322,5,6,87)
w(326,3,6,87)
w(340,3,6,87)
w(323,3,6,87)
w(419,5,7,88)
w(366,2,7,88)
r(84,1,7,88)
w(391,4,7,88)
w(382,3,7,88)
w(367,2,7,88)
r(149,1,7,88)
r(175,1,7,88)
r(488,1,7,88)
r(257,1,7,88)
w(412,3,7,88)
w(414,3,7,88)
w(417,4,7,88)
r(286,1,7,88)
r(475,1,7,88)
r(105,1,7,88)
r(103,1,7,88)
r(450,1,7,88)
r(50,2,7,88)
r(442,1,7,88)
w(457,5,8,89)
r(93,1,8,89)
r(190,1,8,89)
r(34,1,8,89)
w(431,3,8,89)
r(273,1,8,89)
r(45,1,8,89)
r(110,4,8,89)
r(511,1,8,89)
r(104,1,8,89)
r(26,1,8,89)
w(431,4,8,89)
w(432,2,8,89)
w(466,3,8,89)
w(435,5,8,89)
w(469,5,8,89)
w(464,3,8,89)
r(202,1,8,89)
r(108,1,8,89)
w(439,4,8,89)
w(540,4,9,90)
r(433,1,9,90)
w(510,3,9,90)
r(332,4,9,90)
w(510,4,9,90)
w(486,2,9,90)
w(532,2,9,90)
r(281,1,9,90)
w(520,4,9,90)
r(368,1,9,90)
r(36,1,9,90)
w(496,3,9,90)
r(463,1,9,90)
w(483,4,9,90)
r(286,1,9,90)
r(96,1,9,90)
w(496,4,9,90)
r(152,2,9,90)
r(80,1,9,90)
r(229,1,9,90)
w(49,3,1,91)
w(29,5,1,91)
w(43,3,1,91)
r(340,1,1,91)
w(47,2,1,91)
r(346,1,1,91)
r(357,1,1,91)
r(414,4,1,91)
r(234,4,1,91)
r(240,2,1,91)
w(60,3,1,91)
w(57,2,1,91)
r(237,7,1,91)
w(19,3,1,91)
w(44,4,1,91)
r(508,3,1,91)
r(351,2,1,91)
w(31,4,1,91)
r(27,1,1,91)
r(245,3,1,91)
w(71,4,2,92)
r(32,1,2,92)
w(120,2,2,92)
r(246,2,2,92)
w(102,6,2,92)
w(109,5,2,92)
w(98,5,2,92)
r(126,1,2,92)
r(329,1,2,92)
r(403,1,2,92)
r(493,1,2,92)
r(101,2,2,92)
r(223,1,2,92)
r(308,1,2,92)
w(105,4,2,92)
r(59,1,2,92)
w(92,5,2,92)
r(410,1,2,92)
w(119,2,2,92)
w(103,3,2,92)
r(87,1,3,93)
r(308,2,3,93)
w(132,5,3,93)
r(46,1,3,93)
r(505,3,3,93)
r(529,3,3,93)
w(128,4,3,93)
w(141,4,3,93)
r(204,1,3,93)
r(368,1,3,93)
w(138,3,3,93)
r(310,3,3,93)
r(299,1,3,93)
r(132,5,3,93)
w(172,4,3,93)
r(417,1,3,93)
r(190,1,3,93)
r(252,1,3,93)
w(134,5,3,93)
r(414,1,3,93)
r(35,1,4,94)
r(156,1,4,94)
w(214,5,4,94)
r(81,1,4,94)
r(58,5,4,94)
w(202,3,4,94)
r(110,1,4,94)
w(186,3,4,94)
w(233,2,4,94)
r(42,5,4,94)
r(162,1,4,94)
r(187,1,4,94)
r(415,2,4,94)
r(401,3,4,94)
w(239,2,4,94)
r(285,1,4,94)
r(125,1,4,94)
w(198,4,4,94)
r(38,3,4,94)
r(288,1,4,94)
r(265,1,5,95)
w(282,4,5,95)
r(79,2,5,95)
r(251,5,5,95)
r(112,5,5,95)
r(214,1,5,95)
r(519,1,5,95)
r(484,1,5,95)
r(2,1,5,95)
w(275,4,5,95)
r(168,1,5,95)
r(334,1,5,95)
r(99,5,5,95)
r(529,1,5,95)
w(263,7,5,95)
r(27,1,5,95)
r(319,1,5,95)
r(453,2,5,95)
r(210,1,5,95)
w(247,4,5,95)
r(459,1,6,96)
r(474,1,6,96)
r(40,1,6,96)
w(328,3,6,96)
w(326,4,6,96)
r(448,1,6,96)
r(53,1,6,96)
r(147,2,6,96)
w(307,5,6,96)
r(260,1,6,96)
w(350,3,6,96)
r(509,2,6,96)
r(217,1,6,96)
r(120,1,6,96)
w(314,4,6,96)
r(258,1,6,96)
w(317,4,6,96)
r(528,2,6,96)
w(340,4,6,96)
r(498,3,6,96)
w(419,6,7,97)
r(122,1,7,97)
w(363,5,7,97)
w(403,3,7,97)
w(371,2,7,97)
w(414,4,7,97)
w(419,7,7,97)
r(52,1,7,97)
r(488,1,7,97)
w(397,6,7,97)
r(538,1,7,97)
w(387,4,7,97)
r(57,1,7,97)
r(526,1,7,97)
w(365,4,7,97)
w(405,4,7,97)
r(268,1,7,97)
r(215,2,7,97)
r(436,1,7,97)
w(361,6,7,97)
r(534,1,8,98)
r(131,1,8,98)
w(445,4,8,98)
w(427,2,8,98)
w(421,6,8,98)
r(14,1,8,98)
r(154,1,8,98)
r(145,1,8,98)
r(95,1,8,98)
r(211,1,8,98)
r(338,1,8,98)
w(424,4,8,98)
r(204,1,8,98)
w(427,3,8,98)
r(15,1,8,98)
w(448,3,8,98)
r(11,1,8,98)
r(96,4,8,98)
w(477,3,8,98)
w(456,2,8,98)
r(40,1,9,99)
r(327,2,9,99)
r(279,1,9,99)
r(141,3,9,99)
r(510,4,9,99)
r(44,1,9,99)
w(520,5,9,99)
w(499,3,9,99)
r(25,1,9,99)
r(264,1,9,99)
r(515,2,9,99)
w(495,4,9,99)
w(539,4,9,99)
r(505,3,9,99)
r(67,1,9,99)
r(126,4,9,99)
w(510,5,9,99)
r(259,1,9,99)
r(500,3,9,99)
r(46,1,9,99)
r(301,2,1,100)
w(51,4,1,100)
w(49,4,1,100)
w(11,2,1,100)
r(149,2,1,100)
w(5,4,1,100)
r(459,1,1,100)
w(54,4,1,100)
r(218,5,1,100)
r(453,1,1,100)
w(30,3,1,100)
r(411,3,1,100)
w(16,6,1,100)
r(321,1,1,100)
w(34,6,1,100)
r(104,1,1,100)
r(479,2,1,100)
w(8,4,1,100)
r(180,1,1,100)
w(25,2,1,100)
w(63,4,2,101)
w(86,3,2,101)
r(300,5,2,101)
w(97,4,2,101)
r(150,1,2,101)
w(113,3,2,101)
r(10,1,2,101)
w(65,4,2,101)
w(113,4,2,101)
r(352,1,2,101)
r(478,1,2,101)
r(332,1,2,101)
w(87,4,2,101)
w(101,3,2,101)
r(7,1,2,101)
w(95,2,2,101)
w(72,3,2,101)
w(70,3,2,101)
w(81,2,2,101)
w(119,3,2,101)
w(145,5,3,102)
r(362,1,3,102)
r(243,1,3,102)
w(148,4,3,102)
r(210,1,3,102)
r(503,1,3,102)
w(136,4,3,102)
r(90,1,3,102)
w(125,3,3,102)
w(166,4,3,102)
r(528,2,3,102)
r(362,1,3,102)
r(400,1,3,102)
w(155,4,3,102)
r(74,1,3,102)
w(122,4,3,102)
w(123,3,3,102)
w(137,4,3,102)
r(23,1,3,102)
w(125,4,3,102)
r(220,3,4,103)
r(95,1,4,103)
w(226,4,4,103)
w(181,3,4,103)
w(196,6,4,103)
r(34,4,4,103)
w(226,5,4,103)
r(420,1,4,103)
w(228,4,4,103)
w(214,6,4,103)
w(208,5,4,103)
w(214,7,4,103)
w(217,2,4,103)
w(202,4,4,103)
r(459,1,4,103)
r(160,1,4,103)
w(218,3,4,103)
r(496,1,4,103)
w(227,5,4,103)
r(412,3,4,103)
r(463,2,5,104)
w(295,3,5,104)
w(255,3,5,104)
w(273,2,5,104)
w(300,4,5,104)
w(257,2,5,104)
w(262,3,5,104)
r(130,1,5,104)
w(245,4,5,104)
r(172,1,5,104)
r(504,1,5,104)
w(298,3,5,104)
w(267,4,5,104)
w(254,4,5,104)
w(260,3,5,104)
w(266,6,5,104)
r(442,3,5,104)
w(242,3,5,104)
w(251,6,5,104)
w(299,5,5,104)
r(42,1,6,105)
w(332,5,6,105)
w(334,3,6,105)
r(285,1,6,105)
r(494,4,6,105)
w(334,4,6,105)
r(192,1,6,105)
r(267,1,6,105)
r(218,1,6,105)
r(433,1,6,105)
w(324,3,6,105)
w(326,5,6,105)
w(323,4,6,105)
w(312,3,6,105)
r(189,1,6,105)
r(445,1,6,105)
r(531,4,6,105)
r(306,2,6,105)
r(281,1,6,105)
r(371,1,6,105)
r(208,4,7,106)
w(398,2,7,106)
r(382,3,7,106)
w(362,4,7,106)
w(389,3,7,106)
r(471,1,7,106)
w(371,3,7,106)
w(408,5,7,106)
r(460,1,7,106)
w(372,5,7,106)
r(359,1,7,106)
r(62,1,7,106)
w(380,2,7,106)
w(403,4,7,106)
w(367,3,7,106)
w(387,5,7,106)
r(482,1,7,106)
r(5,3,7,106)
r(477,1,7,106)
r(370,6,7,106)
w(476,3,8,107)
w(427,4,8,107)
r(132,1,8,107)
r(167,1,8,107)
w(448,4,8,107)
w(455,3,8,107)
r(484,1,8,107)
w(457,6,8,107)
w(465,3,8,107)
w(447,3,8,107)
r(315,1,8,107)
r(3,1,8,107)
w(459,2,8,107)
r(57,1,8,107)
w(429,3,8,107)
w(464,4,8,107)
r(150,1,8,107)
w(468,2,8,107)
w(465,4,8,107)
w(471,6,8,107)
r(83,1,9,108)
r(9,1,9,108)
w(521,4,9,108)
r(142,4,9,108)
r(282,1,9,108)
w(506,5,9,108)
w(497,2,9,108)
w(540,5,9,108)
w(506,6,9,108)
r(250,1,9,108)
w(513,3,9,108)
r(477,1,9,108)
w(510,6,9,108)
r(289,1,9,108)
r(498,3,9,108)
r(514,2,9,108)
w(515,3,9,108)
w(519,2,9,108)
w(534,5,9,108)
r(342,4,9,108)
w(17,3,1,109)
w(32,4,1,109)
r(511,1,1,109)
w(57,3,1,109)
r(491,2,1,109)
r(251,4,1,109)
r(128,2,1,109)
r(503,1,1,109)
w(34,7,1,109)
r(247,1,1,109)
r(347,1,1,109)
r(291,3,1,109)
w(1,2,1,109)
w(11,3,1,109)
r(85,2,1,109)
r(377,3,1,109)
w(59,3,1,109)
w(20,2,1,109)
w(51,5,1,109)
r(54,4,1,109)
w(85,3,2,110)
w(119,4,2,110)
r(449,2,2,110)
w(101,4,2,110)
r(24,1,2,110)
w(92,6,2,110)
w(70,4,2,110)
w(94,4,2,110)
w(90,3,2,110)
w(91,6,2,110)
r(412,1,2,110)
r(369,1,2,110)
w(68,4,2,110)
r(268,3,2,110)
r(509,1,2,110)
w(100,3,2,110)
r(264,5,2,110)
w(112,6,2,110)
r(155,1,2,110)
r(202,2,2,110)
w(160,2,3,111)
r(150,4,3,111)
r(113,1,3,111)
r(326,5,3,111)
w(146,5,3,111)
r(413,1,3,111)
w(178,6,3,111)
r(125,4,3,111)
r(231,1,3,111)
w(126,5,3,111)
w(165,4,3,111)
r(341,4,3,111)
r(502,2,3,111)
r(4,1,3,111)
w(152,3,3,111)
r(199,1,3,111)
r(275,1,3,111)
r(151,3,3,111)
w(153,2,3,111)
r(188,1,3,111)
r(530,1,4,112)
r(380,2,4,112)
r(39,1,4,112)
r(78,1,4,112)
w(203,3,4,112)
r(220,3,4,112)
r(194,3,4,112)
r(228,4,4,112)
w(218,4,4,112)
w(183,4,4,112)
w(214,8,4,112)
r(220,3,4,112)
w(192,2,4,112)
r(506,1,4,112)
w(185,3,4,112)
w(204,2,4,112)
w(237,7,4,112)
w(205,4,4,112)
r(527,1,4,112)
r(41,4,4,112)
w(259,2,5,113)
r(239,1,5,113)
r(190,1,5,113)
r(225,1,5,113)
r(53,1,5,113)
r(346,1,5,113)
w(242,4,5,113)
r(159,1,5,113)
w(261,3,5,113)
w(293,3,5,113)
w(286,5,5,113)
r(235,1,5,113)
r(405,1,5,113)
r(116,3,5,113)
w(246,3,5,113)
w(264,5,5,113)
w(300,5,5,113)
r(406,1,5,113)
w(245,5,5,113)
r(359,1,5,113)
w(311,3,6,114)
r(532,2,6,114)
r(267,1,6,114)
w(302,5,6,114)
w(338,5,6,114)
r(139,1,6,114)
r(71,1,6,114)
r(528,2,6,114)
r(502,2,6,114)
r(244,1,6,114)
r(489,4,6,114)
r(400,1,6,114)
r(298,1,6,114)
w(343,2,6,114)
r(240,1,6,114)
w(348,5,6,114)
w(312,4,6,114)
w(312,5,6,114)
r(252,1,6,114)
r(45,1,6,114)
w(374,2,7,115)
w(417,5,7,115)
w(361,7,7,115)
r(355,2,7,115)
w(415,3,7,115)
r(174,1,7,115)
r(438,2,7,115)
w(415,4,7,115)
r(194,3,7,115)
r(315,1,7,115)
r(111,4,7,115)
r(279,1,7,115)
r(460,4,7,115)
w(376,7,7,115)
r(344,1,7,115)
r(390,2,7,115)
r(252,2,7,115)
r(421,5,7,115)
w(413,2,7,115)
w(362,5,7,115)
w(438,3,8,116)
w(455,4,8,116)
r(65,3,8,116)
w(445,5,8,116)
r(16,1,8,116)
r(383,1,8,116)
w(446,3,8,116)
w(448,5,8,116)
r(35,1,8,116)
w(439,5,8,116)
r(299,5,8,116)
r(111,4,8,116)
r(105,4,8,116)
w(441,3,8,116)
w(457,7,8,116)
r(54,1,8,116)
w(447,4,8,116)
w(460,5,8,116)
r(192,1,8,116)
w(464,5,8,116)
w(516,3,9,117)
w(538,4,9,117)
w(503,2,9,117)
r(274,1,9,117)
r(488,3,9,117)
w(534,6,9,117)
r(386,1,9,117)
w(490,2,9,117)
w(486,3,9,117)
w(520,6,9,117)
w(527,6,9,117)
r(136,3,9,117)
w(490,3,9,117)
r(318,4,9,117)
r(345,2,9,117)
w(535,4,9,117)
w(497,3,9,117)
w(484,4,9,117)
r(28,1,9,117)
r(294,1,9,117)
w(15,3,1,118)
w(6,5,1,118)
w(15,4,1,118)
r(128,2,1,118)
r(158,2,1,118)
w(40,2,1,118)
w(55,4,1,118)
w(49,5,1,118)
w(1,3,1,118)
w(26,4,1,118)
r(189,6,1,118)
r(350,1,1,118)
w(58,7,1,118)
w(8,5,1,118)
w(34,8,1,118)
w(49,6,1,118)
r(538,1,1,118)
r(388,4,1,118)
w(2,2,1,118)
w(4,4,1,118)
r(540,2,2,119)
w(88,5,2,119)
w(78,4,2,119)
r(520,2,2,119)
w(111,5,2,119)
w(77,3,2,119)
w(100,4,2,119)
r(329,1,2,119)
w(95,3,2,119)
w(110,5,2,119)
r(489,4,2,119)
r(257,2,2,119)
r(507,1,2,119)
w(120,3,2,119)
w(70,5,2,119)
w(118,4,2,119)
r(498,2,2,119)
r(346,1,2,119)
w(115,6,2,119)
w(62,3,2,119)
w(167,5,3,120)
r(21,1,3,120)
r(84,1,3,120)
r(182,1,3,120)
w(153,3,3,120)
w(161,3,3,120)
w(149,4,3,120)
r(384,1,3,120)
r(170,2,3,120)
r(312,5,3,120)
r(394,1,3,120)
r(262,1,3,120)
w(130,2,3,120)
w(176,5,3,120)
r(356,4,3,120)
w(178,7,3,120)
w(174,4,3,120)
r(152,3,3,120)
w(150,5,3,120)
r(446,1,3,120)
w(222,4,4,121)
w(222,5,4,121)
w(215,3,4,121)
w(204,3,4,121)
r(180,1,4,121)
r(141,2,4,121)
r(507,1,4,121)
w(184,3,4,121)
w(220,4,4,121)
w(192,3,4,121)
r(142,2,4,121)
r(395,2,4,121)
w(216,4,4,121)
w(215,4,4,121)
w(181,4,4,121)
w(196,7,4,121)
w(183,5,4,121)
w(223,3,4,121)
r(112,3,4,121)
w(218,5,4,121)
r(53,1,5,122)
w(280,5,5,122)
w(291,5,5,122)
w(255,4,5,122)
r(439,5,5,122)
w(295,4,5,122)
r(475,4,5,122)
w(262,4,5,122)
w(286,6,5,122)
w(243,3,5,122)
w(272,5,5,122)
w(260,4,5,122)
r(28,1,5,122)
r(270,1,5,122)
r(74,2,5,122)
r(264,5,5,122)
r(148,1,5,122)
r(207,1,5,122)
r(435,5,5,122)
w(241,3,5,122)
r(64,1,6,123)
r(26,1,6,123)
w(318,5,6,123)
w(349,5,6,123)
r(183,1,6,123)
r(449,1,6,123)
w(332,6,6,123)
r(526,1,6,123)
w(321,6,6,123)
r(169,2,6,123)
w(329,2,6,123)
r(524,4,6,123)
r(465,1,6,123)
w(311,4,6,123)
r(266,1,6,123)
r(463,1,6,123)
r(391,1,6,123)
r(505,3,6,123)
r(245,1,6,123)
w(302,6,6,123)
r(514,1,7,124)
w(372,6,7,124)
w(404,3,7,124)
w(396,3,7,124)
r(19,2,7,124)
w(403,5,7,124)
w(405,5,7,124)
r(306,1,7,124)
r(30,2,7,124)
w(362,6,7,124)
r(384,2,7,124)
r(417,5,7,124)
w(361,8,7,124)
r(441,2,7,124)
w(404,4,7,124)
w(383,4,7,124)
w(394,4,7,124)
r(328,1,7,124)
r(390,2,7,124)
w(396,4,7,124)
r(157,1,8,125)
w(428,4,8,125)
r(33,1,8,125)
r(353,1,8,125)
w(471,7,8,125)
w(442,4,8,125)
r(225,1,8,125)
r(456,2,8,125)
w(449,3,8,125)
r(104,1,8,125)
r(455,4,8,125)
r(499,2,8,125)
w(452,6,8,125)
w(459,3,8,125)
w(425,2,8,125)
w(467,3,8,125)
r(168,1,8,125)
w(472,2,8,125)
r(395,1,8,125)
w(472,3,8,125)
r(427,1,9,126)
r(25,1,9,126)
w(519,3,9,126)
w(531,5,9,126)
r(50,1,9,126)
w(531,6,9,126)
w(503,3,9,126)
w(494,5,9,126)
w(518,3,9,126)
r(109,1,9,126)
w(504,2,9,126)
w(485,5,9,126)
r(179,3,9,126)
w(506,7,9,126)
r(520,6,9,126)
w(511,3,9,126)
r(355,5,9,126)
w(512,4,9,126)
r(309,5,9,126)
r(141,4,9,126)
r(486,1,1,127)
r(341,2,1,127)
r(518,1,1,127)
r(1,3,1,127)
r(26,4,1,127)
w(40,3,1,127)
w(22,3,1,127)
r(159,1,1,127)
r(427,1,1,127)
w(33,4,1,127)
r(163,1,1,127)
w(49,7,1,127)
r(312,2,1,127)
r(200,2,1,127)
w(48,3,1,127)
r(161,1,1,127)
w(57,4,1,127)
w(53,3,1,127)
w(11,4,1,127)
w(41,6,1,127)
w(84,5,2,128)
r(385,1,2,128)
r(531,1,2,128)
r(198,1,2,128)
r(376,1,2,128)
w(62,4,2,128)
w(61,3,2,128)
r(232,2,2,128)
r(18,1,2,128)
r(482,1,2,128)
w(102,7,2,128)
w(72,4,2,128)
r(137,2,2,128)
r(448,5,2,128)
w(116,4,2,128)
r(354,1,2,128)
w(65,5,2,128)
w(82,4,2,128)
r(47,1,2,128)
r(345,1,2,128)
r(204,1,3,129)
w(127,2,3,129)
w(146,6,3,129)
w(164,3,3,129)
r(202,1,3,129)
r(376,1,3,129)
w(163,2,3,129)
w(144,2,3,129)
r(43,1,3,129)
r(497,3,3,129)
r(86,1,3,129)
w(123,4,3,129)
r(356,4,3,129)
r(28,1,3,129)
r(336,3,3,129)
r(78,1,3,129)
r(137,4,3,129)
w(160,3,3,129)
w(163,3,3,129)
r(25,1,3,129)
w(220,5,4,130)
r(55,3,4,130)
w(234,4,4,130)
w(199,6,4,130)
r(303,1,4,130)
w(208,6,4,130)
w(212,2,4,130)
w(208,7,4,130)
r(69,1,4,130)
r(128,2,4,130)
w(210,4,4,130)
r(206,5,4,130)
r(317,1,4,130)
w(212,3,4,130)
r(246,2,4,130)
r(454,3,4,130)
r(365,4,4,130)
r(193,1,4,130)
w(223,4,4,130)
r(80,1,4,130)
r(251,6,5,131)
r(280,5,5,131)
w(288,4,5,131)
r(55,2,5,131)
r(187,1,5,131)
w(273,3,5,131)
r(434,5,5,131)
w(255,5,5,131)
r(391,1,5,131)
w(274,3,5,131)
r(219,1,5,131)
r(406,1,5,131)
w(264,6,5,131)
r(527,3,5,131)
w(269,3,5,131)
w(292,3,5,131)
w(251,7,5,131)
r(414,1,5,131)
w(298,4,5,131)
w(249,3,5,131)
w(337,2,6,132)
r(261,1,6,132)
w(320,4,6,132)
w(339,2,6,132)
r(391,1,6,132)
w(351,4,6,132)
w(322,6,6,132)
r(155,4,6,132)
r(291,1,6,132)
w(330,4,6,132)
w(347,2,6,132)
w(329,3,6,132)
r(392,1,6,132)
w(338,6,6,132)
w(342,5,6,132)
r(51,1,6,132)
w(345,3,6,132)
r(188,1,6,132)
r(498,3,6,132)
w(349,6,6,132)
r(194,3,7,133)
r(470,1,7,133)
r(20,1,7,133)
w(389,4,7,133)
r(439,2,7,133)
w(412,4,7,133)
r(310,2,7,133)
w(376,8,7,133)
w(383,5,7,133)
r(516,2,7,133)
w(402,8,7,133)
r(401,3,7,133)
r(506,4,7,133)
r(472,1,7,133)
w(384,3,7,133)
r(528,1,7,133)
r(122,1,7,133)
w(377,3,7,133)
w(384,4,7,133)
r(119,1,7,133)
w(439,6,8,134)
r(44,1,8,134)
r(47,1,8,134)
r(192,1,8,134)
r(34,3,8,134)
w(424,5,8,134)
w(461,3,8,134)
w(461,4,8,134)
w(478,2,8,134)
w(443,2,8,134)
w(457,8,8,134)
r(184,1,8,134)
r(501,2,8,134)
w(452,7,8,134)
r(350,1,8,134)
r(456,2,8,134)
w(464,6,8,134)
r(123,1,8,134)
r(328,1,8,134)
r(134,2,8,134)
r(78,1,9,135)
r(345,3,9,135)
r(315,2,9,135)
w(534,7,9,135)
w(498,4,9,135)
r(304,3,9,135)
r(151,3,9,135)
w(496,5,9,135)
r(10,1,9,135)
w(500,4,9,135)
w(527,7,9,135)
r(304,3,9,135)
r(250,1,9,135)
w(482,3,9,135)
w(492,2,9,135)
w(525,2,9,135)
r(3,1,9,135)
w(484,5,9,135)
w(539,5,9,135)
r(54,1,9,135)
r(371,3,1,136)
r(113,2,1,136)
r(245,3,1,136)
r(322,2,1,136)
r(171,1,1,136)
r(210,5,1,136)
r(511,1,1,136)
r(417,5,1,136)
w(5,5,1,136)
w(16,7,1,136)
w(6,6,1,136)
w(17,4,1,136)
w(52,2,1,136)
w(21,3,1,136)
r(101,1,1,136)
r(379,1,1,136)
w(23,5,1,136)
r(482,1,1,136)
w(34,9,1,136)
r(91,3,1,136)
r(48,1,2,137)
r(85,3,2,137)
r(465,4,2,137)
r(40,1,2,137)
w(89,4,2,137)
w(96,5,2,137)
w(62,5,2,137)
w(97,5,2,137)
r(460,5,2,137)
w(70,6,2,137)
w(98,6,2,137)
w(109,6,2,137)
r(178,3,2,137)
r(214,1,2,137)
w(82,5,2,137)
w(69,4,2,137)
w(61,4,2,137)
r(390,1,2,137)
r(338,1,2,137)
r(327,2,2,137)
r(474,2,3,138)
w(140,4,3,138)
w(159,3,3,138)
w(157,2,3,138)
r(102,4,3,138)
r(496,7,3,138)
r(99,5,3,138)
w(131,2,3,138)
r(414,2,3,138)
r(344,1,3,138)
w(152,4,3,138)
r(86,2,3,138)
r(344,1,3,138)
r(498,4,3,138)
w(167,6,3,138)
r(313,2,3,138)
w(166,5,3,138)
r(307,6,3,138)
w(179,4,3,138)
w(134,6,3,138)
r(421,5,4,139)
r(163,1,4,139)
w(185,4,4,139)
w(232,5,4,139)
w(221,2,4,139)
r(26,3,4,139)
r(57,1,4,139)
w(207,3,4,139)
w(210,5,4,139)
w(224,4,4,139)
w(190,3,4,139)
w(186,4,4,139)
r(240,2,4,139)
w(233,3,4,139)
r(185,4,4,139)
w(184,4,4,139)
w(226,6,4,139)
w(201,3,4,139)
w(213,4,4,139)
r(304,1,4,139)
w(246,4,5,140)
w(273,4,5,140)
w(253,3,5,140)
r(55,2,5,140)
w(295,5,5,140)
w(268,4,5,140)
w(285,5,5,140)
w(286,7,5,140)
w(297,3,5,140)
r(489,4,5,140)
w(291,6,5,140)
r(116,4,5,140)
w(298,5,5,140)
r(406,1,5,140)
r(484,3,5,140)
w(286,8,5,140)
w(287,4,5,140)
r(424,5,5,140)
w(290,3,5,140)
r(384,1,5,140)
r(253,1,6,141)
r(39,1,6,141)
w(357,5,6,141)
w(313,2,6,141)
r(423,1,6,141)
r(299,1,6,141)
r(375,1,6,141)
r(62,1,6,141)
r(316,5,6,141)
r(254,1,6,141)
r(502,3,6,141)
r(513,3,6,141)
w(301,7,6,141)
r(345,3,6,141)
w(332,7,6,141)
w(345,4,6,141)
r(64,1,6,141)
r(299,1,6,141)
r(23,1,6,141)
r(415,1,6,141)
r(110,2,7,142)
w(405,6,7,142)
w(370,7,7,142)
r(352,1,7,142)
w(411,3,7,142)
r(28,2,7,142)
w(396,5,7,142)
r(185,4,7,142)
w(419,8,7,142)
w(362,7,7,142)
w(378,4,7,142)
w(409,2,7,142)
r(70,2,7,142)
w(395,3,7,142)
w(401,4,7,142)
w(408,6,7,142)
r(5,3,7,142)
r(58,6,7,142)
w(387,6,7,142)
w(378,5,7,142)
r(340,1,8,143)
w(462,5,8,143)
w(460,6,8,143)
w(461,5,8,143)
w(444,3,8,143)
w(448,6,8,143)
r(273,4,8,143)
w(439,7,8,143)
r(298,5,8,143)
w(457,9,8,143)
w(440,5,8,143)
w(470,2,8,143)
w(474,4,8,143)
r(125,2,8,143)
r(431,4,8,143)
w(467,4,8,143)
r(99,5,8,143)
w(457,10,8,143)
w(467,5,8,143)
r(129,1,8,143)
r(247,1,9,144)
w(502,3,9,144)
r(302,6,9,144)
r(409,1,9,144)
r(7,1,9,144)
w(500,5,9,144)
w(509,3,9,144)
r(178,6,9,144)
r(418,1,9,144)
r(520,6,9,144)
w(504,3,9,144)
r(393,1,9,144)
w(534,8,9,144)
w(495,5,9,144)
w(483,5,9,144)
r(250,1,9,144)
r(280,1,9,144)
w(482,4,9,144)
w(526,2,9,144)
r(166,4,9,144)
w(29,6,1,145)
w(44,5,1,145)
w(29,7,1,145)
r(386,2,1,145)
r(474,2,1,145)
w(14,2,1,145)
w(2,3,1,145)
w(3,4,1,145)
w(19,4,1,145)
r(409,2,1,145)
r(348,2,1,145)
w(55,5,1,145)
r(474,2,1,145)
r(110,2,1,145)
r(244,2,1,145)
r(382,5,1,145)
r(438,2,1,145)
w(10,4,1,145)
r(217,3,1,145)
w(36,5,1,145)
w(111,6,2,146)
r(390,1,2,146)
w(73,2,2,146)
r(319,1,2,146)
w(102,8,2,146)
r(22,1,2,146)
r(414,1,2,146)
r(195,2,2,146)
w(119,5,2,146)
w(69,5,2,146)
w(83,5,2,146)
w(116,5,2,146)
r(283,1,2,146)
w(98,7,2,146)
w(73,3,2,146)
w(85,4,2,146)
w(118,5,2,146)
r(463,2,2,146)
r(300,5,2,146)
r(237,2,2,146)
r(352,6,3,147)
r(385,2,3,147)
w(146,7,3,147)
w(156,4,3,147)
r(204,1,3,147)
r(184,2,3,147)
w(123,5,3,147)
w(129,2,3,147)
r(217,1,3,147)
w(180,5,3,147)
r(373,2,3,147)
w(157,3,3,147)
r(62,2,3,147)
w(127,3,3,147)
r(102,4,3,147)
r(194,2,3,147)
w(137,5,3,147)
r(24,4,3,147)
r(114,4,3,147)
r(352,6,3,147)
r(27,1,4,148)
r(416,2,4,148)
r(112,3,4,148)
w(201,4,4,148)
w(199,7,4,148)
r(457,3,4,148)
r(181,4,4,148)
w(214,9,4,148)
r(103,2,4,148)
w(217,3,4,148)
r(65,1,4,148)
w(224,5,4,148)
w(237,8,4,148)
r(173,1,4,148)
w(221,3,4,148)
r(499,2,4,148)
r(527,3,4,148)
w(198,5,4,148)
r(30,2,4,148)
w(194,4,4,148)
r(349,2,5,149)
w(241,4,5,149)
w(247,5,5,149)
r(187,1,5,149)
w(280,6,5,149)
r(499,2,5,149)
w(247,6,5,149)
w(282,5,5,149)
r(281,1,5,149)
r(229,2,5,149)
w(298,6,5,149)
r(18,1,5,149)
r(531,1,5,149)
w(273,5,5,149)
w(260,5,5,149)
w(253,4,5,149)
r(21,1,5,149)
r(170,2,5,149)
r(325,1,5,149)
r(430,3,5,149)
w(352,6,6,150)
r(331,2,6,150)
w(346,2,6,150)
w(307,6,6,150)
r(109,1,6,150)
r(365,1,6,150)
w(360,4,6,150)
r(476,1,6,150)
w(345,5,6,150)
r(319,4,6,150)
w(308,3,6,150)
r(540,5,6,150)
r(289,1,6,150)
w(326,6,6,150)
w(355,6,6,150)
w(350,4,6,150)
r(455,1,6,150)
w(302,7,6,150)
w(332,8,6,150)
r(151,3,6,150)
w(413,3,7,151)
r(105,3,7,151)
w(373,3,7,151)
r(138,2,7,151)
w(369,4,7,151)
r(100,1,7,151)
w(410,3,7,151)
w(411,4,7,151)
r(451,1,7,151)
r(424,3,7,151)
w(405,7,7,151)
r(148,1,7,151)
r(493,1,7,151)
r(52,1,7,151)
w(406,4,7,151)
r(473,1,7,151)
r(244,2,7,151)
r(275,1,7,151)
r(36,4,7,151)
w(368,4,7,151)
r(219,1,8,152)
w(438,4,8,152)
w(456,3,8,152)
r(229,2,8,152)
w(440,6,8,152)
r(121,1,8,152)
w(430,4,8,152)
r(162,1,8,152)
w(430,5,8,152)
r(31,2,8,152)
w(446,4,8,152)
r(307,3,8,152)
w(459,4,8,152)
r(377,1,8,152)
r(441,3,8,152)
r(444,3,8,152)
w(470,3,8,152)
w(450,3,8,152)
r(326,2,8,152)
r(270,1,8,152)
r(14,1,9,153)
w(505,4,9,153)
w(482,5,9,153)
w(496,6,9,153)
r(220,1,9,153)
r(362,1,9,153)
r(312,5,9,153)
r(103,1,9,153)
w(496,7,9,153)
r(332,8,9,153)
w(539,6,9,153)
r(196,1,9,153)
w(510,7,9,153)
w(492,3,9,153)
w(502,4,9,153)
w(525,3,9,153)
r(221,1,9,153)
r(346,2,9,153)
r(92,1,9,153)
w(528,3,9,153)
r(196,7,1,154)
w(6,7,1,154)
w(24,6,1,154)
w(55,6,1,154)
r(257,2,1,154)
w(28,3,1,154)
r(200,4,1,154)
r(194,5,1,154)
r(215,7,1,154)
r(505,3,1,154)
r(435,5,1,154)
r(134,4,1,154)
r(105,4,1,154)
r(43,3,1,154)
r(368,5,1,154)
w(23,6,1,154)
r(281,1,1,154)
w(47,3,1,154)
w(6,8,1,154)
r(87,4,1,154)
r(117,3,2,155)
w(65,6,2,155)
r(79,2,2,155)
r(109,6,2,155)
w(72,5,2,155)
w(107,3,2,155)
w(119,6,2,155)
w(80,2,2,155)
r(413,1,2,155)
w(110,6,2,155)
r(6,1,2,155)
w(68,5,2,155)
w(67,3,2,155)
r(285,5,2,155)
r(186,1,2,155)
r(253,4,2,155)
w(66,3,2,155)
r(473,1,2,155)
r(234,1,2,155)
w(120,4,2,155)
w(155,5,3,156)
w(148,5,3,156)
r(111,4,3,156)
r(438,2,3,156)
w(127,4,3,156)
r(259,1,3,156)
w(176,6,3,156)
w(170,3,3,156)
r(219,1,3,156)
r(181,2,3,156)
w(126,6,3,156)
r(212,1,3,156)
w(149,5,3,156)
w(141,5,3,156)
w(171,3,3,156)
w(158,7,3,156)
r(449,2,3,156)
w(157,4,3,156)
w(161,4,3,156)
r(507,3,3,156)
r(120,1,4,157)
r(451,1,4,157)
r(476,2,4,157)
w(187,2,4,157)
w(213,5,4,157)
r(325,1,4,157)
w(212,4,4,157)
w(237,9,4,157)
r(272,1,4,157)
w(226,7,4,157)
r(495,2,4,157)
r(206,5,4,157)
w(197,2,4,157)
r(15,2,4,157)
w(234,5,4,157)
w(212,5,4,157)
w(188,3,4,157)
r(415,4,4,157)
r(492,1,4,157)
w(191,3,4,157)
r(96,5,5,158)
w(288,5,5,158)
w(290,4,5,158)
w(253,5,5,158)
w(273,6,5,158)
w(256,3,5,158)
w(298,7,5,158)
r(529,3,5,158)
r(192,1,5,158)
r(193,1,5,158)
w(267,5,5,158)
w(282,6,5,158)
w(246,5,5,158)
r(57,1,5,158)
w(265,2,5,158)
r(252,3,5,158)
r(51,1,5,158)
r(390,1,5,158)
w(257,3,5,158)
w(243,4,5,158)
r(72,1,6,159)
w(332,9,6,159)
w(321,7,6,159)
w(314,5,6,159)
r(388,4,6,159)
w(354,2,6,159)
w(341,5,6,159)
w(359,6,6,159)
r(183,1,6,159)
r(533,3,6,159)
r(115,4,6,159)
r(159,2,6,159)
w(323,5,6,159)
r(29,3,6,159)
r(31,3,6,159)
r(168,2,6,159)
r(231,1,6,159)
r(342,5,6,159)
w(309,6,6,159)
r(209,2,6,159)
r(165,2,7,160)
r(150,2,7,160)
r(397,6,7,160)
r(171,1,7,160)
r(370,7,7,160)
r(195,2,7,160)
w(364,2,7,160)
w(366,3,7,160)
r(314,1,7,160)
w(403,6,7,160)
w(387,7,7,160)
r(44,4,7,160)
w(380,3,7,160)
r(223,4,7,160)
w(418,4,7,160)
r(472,1,7,160)
r(156,2,7,160)
w(394,5,7,160)
r(281,1,7,160)
r(438,2,7,160)
r(220,1,8,161)
r(234,1,8,161)
r(23,2,8,161)
r(468,2,8,161)
w(436,5,8,161)
w(471,8,8,161)
r(350,1,8,161)
r(490,1,8,161)
r(535,1,8,161)
r(339,1,8,161)
r(418,1,8,161)
w(437,4,8,161)
w(447,5,8,161)
r(400,1,8,161)
w(460,7,8,161)
w(426,2,8,161)
w(438,5,8,161)
w(467,6,8,161)
w(427,5,8,161)
w(450,4,8,161)
w(481,5,9,162)
r(393,1,9,162)
r(493,1,9,162)
w(502,5,9,162)
r(320,4,9,162)
r(100,1,9,162)
r(68,2,9,162)
w(483,6,9,162)
w(500,6,9,162)
w(517,4,9,162)
w(499,4,9,162)
w(508,5,9,162)
r(402,6,9,162)
r(69,1,9,162)
r(247,1,9,162)
r(475,3,9,162)
w(528,4,9,162)
w(504,4,9,162)
w(533,3,9,162)
w(531,7,9,162)
w(11,5,1,163)
w(19,5,1,163)
w(39,4,1,163)
r(404,6,1,163)
w(59,4,1,163)
w(47,4,1,163)
w(40,4,1,163)
r(231,3,1,163)
r(437,3,1,163)
w(40,5,1,163)
r(419,9,1,163)
r(365,5,1,163)
w(55,7,1,163)
w(34,10,1,163)
r(223,8,1,163)
r(115,5,1,163)
r(97,4,1,163)
r(312,2,1,163)
r(252,3,1,163)
r(5,5,1,163)
w(113,5,2,164)
w(99,6,2,164)
r(465,4,2,164)
w(76,2,2,164)
w(85,5,2,164)
r(40,1,2,164)
r(112,6,2,164)
r(221,1,2,164)
r(378,1,2,164)
w(107,4,2,164)
w(102,9,2,164)
r(488,2,2,164)
w(115,7,2,164)
w(85,6,2,164)
r(480,1,2,164)
w(64,2,2,164)
w(67,4,2,164)
r(134,2,2,164)
r(53,1,2,164)
w(82,6,2,164)
r(429,2,3,165)
w(164,4,3,165)
r(244,2,3,165)
r(163,3,3,165)
r(457,4,3,165)
w(150,6,3,165)
w(169,3,3,165)
r(387,2,3,165)
w(127,5,3,165)
r(415,2,3,165)
r(155,5,3,165)
r(143,5,3,165)
w(168,3,3,165)
w(131,3,3,165)
r(322,7,3,165)
r(466,2,3,165)
r(370,6,3,165)
r(71,3,3,165)
w(159,4,3,165)
r(279,1,3,165)
w(212,6,4,166)
w(211,2,4,166)
w(184,5,4,166)
r(514,1,4,166)
w(200,3,4,166)
w(215,5,4,166)
r(104,1,4,166)
w(239,3,4,166)
w(206,6,4,166)
w(223,5,4,166)
w(185,5,4,166)
r(56,3,4,166)
r(6,5,4,166)
r(170,2,4,166)
w(192,4,4,166)
w(186,5,4,166)
w(193,2,4,166)
w(206,7,4,166)
r(465,2,4,166)
w(219,2,4,166)
r(31,2,5,167)
w(275,5,5,167)
r(150,2,5,167)
w(276,2,5,167)
w(274,4,5,167)
w(287,5,5,167)
r(184,1,5,167)
r(419,1,5,167)
r(115,6,5,167)
r(212,1,5,167)
r(256,3,5,167)
w(282,7,5,167)
w(271,4,5,167)
r(222,1,5,167)
w(241,5,5,167)
r(128,2,5,167)
w(248,5,5,167)
r(316,2,5,167)
r(368,1,5,167)
r(492,1,5,167)
w(347,3,6,168)
r(256,1,6,168)
r(157,3,6,168)
w(335,2,6,168)
w(322,7,6,168)
r(359,6,6,168)
r(172,4,6,168)
w(324,4,6,168)
w(305,4,6,168)
r(199,3,6,168)
w(349,7,6,168)
r(498,4,6,168)
r(505,4,6,168)
w(302,8,6,168)
w(353,4,6,168)
w(328,4,6,168)
w(332,10,6,168)
w(330,5,6,168)
r(525,3,6,168)
w(303,4,6,168)
r(429,1,7,169)
r(371,3,7,169)
w(369,5,7,169)
w(369,6,7,169)
r(402,8,7,169)
r(308,1,7,169)
w(379,2,7,169)
w(403,7,7,169)
r(439,2,7,169)
w(382,4,7,169)
w(413,4,7,169)
r(397,6,7,169)
r(235,1,7,169)
w(404,5,7,169)
r(313,1,7,169)
w(404,6,7,169)
w(405,8,7,169)
w(382,5,7,169)
w(371,4,7,169)
r(446,1,7,169)
w(428,5,8,170)
w(457,11,8,170)
w(466,4,8,170)
w(425,3,8,170)
w(425,4,8,170)
w(457,12,8,170)
w(471,9,8,170)
r(222,1,8,170)
r(272,5,8,170)
r(453,2,8,170)
r(348,2,8,170)
r(508,3,8,170)
w(430,6,8,170)
r(82,6,8,170)
w(444,4,8,170)
r(243,4,8,170)
r(102,9,8,170)
r(367,1,8,170)
r(495,2,8,170)
r(379,1,8,170)
w(538,5,9,171)
r(220,2,9,171)
w(504,5,9,171)
w(531,8,9,171)
r(366,1,9,171)
w(524,5,9,171)
r(308,3,9,171)
w(493,2,9,171)
r(103,2,9,171)
r(295,2,9,171)
w(521,5,9,171)
w(509,4,9,171)
r(45,2,9,171)
w(501,4,9,171)
r(417,3,9,171)
w(539,7,9,171)
r(36,2,9,171)
w(502,6,9,171)
r(106,4,9,171)
r(173,2,9,171)
r(333,3,1,172)
r(148,3,1,172)
w(14,3,1,172)
r(123,2,1,172)
r(344,1,1,172)
w(20,3,1,172)
w(48,4,1,172)
w(38,4,1,172)
r(494,4,1,172)
r(238,3,1,172)
w(19,6,1,172)
r(111,4,1,172)
r(486,2,1,172)
r(196,7,1,172)
r(350,3,1,172)
w(53,4,1,172)
r(65,4,1,172)
w(45,4,1,172)
w(49,8,1,172)
w(54,5,1,172)
r(283,1,2,173)
w(109,7,2,173)
r(300,5,2,173)
w(89,5,2,173)
w(87,5,2,173)
w(90,4,2,173)
w(75,6,2,173)
r(43,1,2,173)
w(61,5,2,173)
w(117,4,2,173)
w(112,7,2,173)
w(96,6,2,173)
w(80,3,2,173)
w(102,10,2,173)
w(112,8,2,173)
w(65,7,2,173)
w(70,7,2,173)
w(62,6,2,173)
r(199,1,2,173)
r(486,1,2,173)
r(333,3,3,174)
r(15,2,3,174)
w(135,2,3,174)
r(443,1,3,174)
r(399,1,3,174)
w(144,3,3,174)
r(44,3,3,174)
r(69,1,3,174)
r(400,4,3,174)
w(138,4,3,174)
r(509,4,3,174)
w(125,5,3,174)
w(166,6,3,174)
r(198,2,3,174)
r(166,6,3,174)
w(133,5,3,174)
w(136,5,3,174)
r(534,11,3,174)
w(141,6,3,174)
w(135,3,3,174)
w(201,5,4,175)
w(200,4,4,175)
w(223,6,4,175)
r(442,1,4,175)
r(432,1,4,175)
w(215,6,4,175)
w(237,10,4,175)
r(411,4,4,175)
w(231,3,4,175)
w(192,5,4,175)
r(109,4,4,175)
r(455,2,4,175)
r(189,6,4,175)
r(54,4,4,175)
r(4,4,4,175)
w(190,4,4,175)
w(226,8,4,175)
r(27,1,4,175)
r(424,3,4,175)
r(43,3,4,175)
r(387,1,5,176)
r(245,5,5,176)
r(71,4,5,176)
r(141,2,5,176)
r(207,1,5,176)
r(132,1,5,176)
w(271,5,5,176)
w(273,7,5,176)
w(247,7,5,176)
r(385,1,5,176)
w(264,7,5,176)
r(4,1,5,176)
w(297,4,5,176)
r(215,1,5,176)
r(184,1,5,176)
w(297,5,5,176)
r(139,1,5,176)
r(15,1,5,176)
w(246,6,5,176)
r(482,1,5,176)
w(359,7,6,177)
r(47,1,6,177)
r(112,4,6,177)
r(224,2,6,177)
r(404,2,6,177)
r(114,4,6,177)
w(355,7,6,177)
r(206,4,6,177)
r(286,4,6,177)
w(339,3,6,177)
r(193,1,6,177)
w(330,6,6,177)
w(334,5,6,177)
r(536,4,6,177)
r(313,2,6,177)
w(359,8,6,177)
w(338,7,6,177)
w(348,6,6,177)
r(440,4,6,177)
r(254,3,6,177)
r(193,2,7,178)
r(33,4,7,178)
w(389,5,7,178)
w(388,5,7,178)
r(172,3,7,178)
w(367,4,7,178)
r(330,1,7,178)
r(444,2,7,178)
w(374,3,7,178)
w(370,8,7,178)
w(374,4,7,178)
r(271,3,7,178)
w(406,5,7,178)
r(510,1,7,178)
w(367,5,7,178)
w(414,5,7,178)
r(399,1,7,178)
w(376,9,7,178)
w(416,3,7,178)
w(383,6,7,178)
r(218,2,8,179)
r(310,3,8,179)
w(460,8,8,179)
r(102,10,8,179)
w(451,3,8,179)
r(46,3,8,179)
r(446,4,8,179)
w(437,5,8,179)
w(476,4,8,179)
w(439,8,8,179)
r(209,3,8,179)
r(66,4,8,179)
w(452,8,8,179)
r(65,7,8,179)
r(346,1,8,179)
r(183,2,8,179)
r(207,2,8,179)
r(236,2,8,179)
w(448,7,8,179)
w(450,5,8,179)
r(271,3,9,180)
w(517,5,9,180)
w(528,5,9,180)
r(233,1,9,180)
r(2,1,9,180)
r(298,1,9,180)
r(174,4,9,180)
r(276,1,9,180)
r(355,6,9,180)
r(183,1,9,180)
w(529,4,9,180)
r(324,4,9,180)
w(510,8,9,180)
w(483,7,9,180)
r(198,2,9,180)
w(489,5,9,180)
r(388,4,9,180)
r(424,3,9,180)
w(538,6,9,180)
r(14,1,9,180)
w(3,5,1,181)
r(459,3,1,181)
r(127,1,1,181)
w(58,8,1,181)
r(446,3,1,181)
r(245,5,1,181)
w(35,2,1,181)
r(393,2,1,181)
w(9,4,1,181)
w(2,4,1,181)
w(11,6,1,181)
w(21,4,1,181)
r(339,1,1,181)
w(10,5,1,181)
r(87,4,1,181)
r(238,3,1,181)
r(84,4,1,181)
w(52,3,1,181)
r(477,3,1,181)
r(267,4,1,181)
w(107,5,2,182)
w(66,4,2,182)
r(435,5,2,182)
w(62,7,2,182)
r(331,2,2,182)
r(261,3,2,182)
r(282,7,2,182)
w(100,5,2,182)
w(67,5,2,182)
w(114,6,2,182)
r(398,1,2,182)
w(75,7,2,182)
w(118,6,2,182)
r(269,3,2,182)
r(354,1,2,182)
w(114,7,2,182)
r(6,1,2,182)
r(510,1,2,182)
r(41,2,2,182)
r(336,1,2,182)
r(197,1,3,183)
w(142,5,3,183)
r(486,3,3,183)
r(272,4,3,183)
w(126,7,3,183)
r(21,2,3,183)
r(108,1,3,183)
r(147,3,3,183)
r(123,5,3,183)
w(179,5,3,183)
r(405,2,3,183)
w(173,3,3,183)
w(143,6,3,183)
r(376,5,3,183)
r(156,4,3,183)
w(151,4,3,183)
r(414,2,3,183)
r(187,1,3,183)
r(173,3,3,183)
r(26,1,3,183)
r(248,4,4,184)
w(203,4,4,184)
w(210,6,4,184)
r(446,1,4,184)
r(161,1,4,184)
w(226,9,4,184)
r(394,5,4,184)
w(233,4,4,184)
w(197,3,4,184)
r(329,1,4,184)
w(229,5,4,184)
w(233,5,4,184)
r(363,5,4,184)
r(456,1,4,184)
w(209,5,4,184)
w(206,8,4,184)
w(183,6,4,184)
w(194,5,4,184)
r(406,5,4,184)
w(237,11,4,184)
r(403,1,5,185)
r(298,7,5,185)
w(243,5,5,185)
r(368,1,5,185)
r(387,1,5,185)
w(300,6,5,185)
r(60,1,5,185)
w(243,6,5,185)
r(108,1,5,185)
r(444,4,5,185)
r(519,1,5,185)
w(262,5,5,185)
w(292,4,5,185)
w(283,2,5,185)
w(242,5,5,185)
r(496,2,5,185)
r(299,5,5,185)
w(244,5,5,185)
w(284,4,5,185)
w(265,3,5,185)
r(187,1,6,186)
r(251,5,6,186)
r(92,3,6,186)
r(152,4,6,186)
w(342,6,6,186)
w(349,8,6,186)
w(326,7,6,186)
r(43,1,6,186)
w(342,7,6,186)
w(314,6,6,186)
w(354,3,6,186)
w(315,3,6,186)
w(341,6,6,186)
r(140,4,6,186)
w(304,4,6,186)
r(112,4,6,186)
r(477,1,6,186)
r(482,5,6,186)
w(314,7,6,186)
r(481,5,6,186)
r(519,1,7,187)
w(389,6,7,187)
w(371,5,7,187)
w(400,7,7,187)
w(419,9,7,187)
w(370,9,7,187)
w(369,7,7,187)
r(496,4,7,187)
w(397,7,7,187)
r(351,3,7,187)
w(408,7,7,187)
r(339,1,7,187)
r(297,2,7,187)
r(74,2,7,187)
w(382,6,7,187)
r(16,7,7,187)
r(440,4,7,187)
r(338,4,7,187)
w(397,8,7,187)
r(539,4,7,187)
r(81,2,8,188)
r(183,2,8,188)
r(251,7,8,188)
w(451,4,8,188)
w(453,3,8,188)
r(311,2,8,188)
w(464,7,8,188)
w(428,6,8,188)
w(469,6,8,188)
w(457,13,8,188)
w(459,5,8,188)
r(532,2,8,188)
r(249,3,8,188)
w(432,3,8,188)
w(431,5,8,188)
r(390,2,8,188)
r(306,2,8,188)
r(11,1,8,188)
w(475,5,8,188)
r(7,1,8,188)
w(534,9,9,189)
r(111,4,9,189)
w(534,10,9,189)
w(483,8,9,189)
r(301,7,9,189)
w(516,4,9,189)
r(61,1,9,189)
r(134,6,9,189)
r(472,1,9,189)
w(534,11,9,189)
w(537,2,9,189)
r(461,2,9,189)
w(483,9,9,189)
w(528,6,9,189)
r(433,3,9,189)
r(367,1,9,189)
r(75,5,9,189)
r(367,1,9,189)
w(538,7,9,189)
r(489,5,9,189)
r(227,6,1,190)
r(71,4,1,190)
r(333,3,1,190)
r(56,3,1,190)
r(56,3,1,190)
w(49,9,1,190)
w(15,5,1,190)
r(466,3,1,190)
r(234,6,1,190)
w(41,7,1,190)
r(474,3,1,190)
r(55,7,1,190)
w(60,4,1,190)
r(201,6,1,190)
r(7,1,1,190)
r(509,2,1,190)
r(473,1,1,190)
r(309,5,1,190)
r(413,6,1,190)
w(57,5,1,190)
r(455,5,2,191)
w(117,5,2,191)
w(88,6,2,191)
w(109,8,2,191)
r(74,2,2,191)
w(102,11,2,191)
w(107,6,2,191)
w(113,6,2,191)
w(101,5,2,191)
r(412,3,2,191)
r(127,1,2,191)
w(103,4,2,191)
r(91,6,2,191)
w(113,7,2,191)
w(101,6,2,191)
w(73,4,2,191)
w(78,5,2,191)
r(72,5,2,191)
r(335,1,2,191)
w(102,12,2,191)
r(75,5,3,192)
w(162,6,3,192)
w(126,8,3,192)
r(284,3,3,192)
w(125,6,3,192)
w(169,4,3,192)
r(243,2,3,192)
r(145,5,3,192)
w(150,7,3,192)
w(154,5,3,192)
r(282,3,3,192)
r(418,3,3,192)
r(292,2,3,192)
r(316,5,3,192)
w(180,6,3,192)
r(211,1,3,192)
w(155,6,3,192)
w(149,6,3,192)
r(462,4,3,192)
w(124,3,3,192)
r(249,2,4,193)
r(133,4,4,193)
r(32,4,4,193)
r(289,1,4,193)
r(361,8,4,193)
w(220,6,4,193)
w(215,7,4,193)
r(441,3,4,193)
w(223,7,4,193)
r(523,1,4,193)
r(364,2,4,193)
r(240,2,4,193)
r(397,6,4,193)
w(221,4,4,193)
w(198,6,4,193)
w(223,8,4,193)
w(227,6,4,193)
r(450,2,4,193)
w(218,6,4,193)
w(201,6,4,193)
r(252,3,5,194)
r(174,3,5,194)
r(428,5,5,194)
r(522,1,5,194)
w(290,5,5,194)
w(292,5,5,194)
w(266,7,5,194)
w(276,3,5,194)
r(56,2,5,194)
w(279,3,5,194)
r(488,3,5,194)
w(291,7,5,194)
r(426,2,5,194)
r(380,1,5,194)
r(90,4,5,194)
w(283,3,5,194)
r(177,4,5,194)
r(304,3,5,194)
r(475,4,5,194)
w(256,4,5,194)
w(340,5,6,195)
w(311,5,6,195)
w(318,6,6,195)
w(342,8,6,195)
r(97,3,6,195)
r(81,1,6,195)
r(449,2,6,195)
w(308,4,6,195)
w(331,3,6,195)
r(337,2,6,195)
w(306,3,6,195)
w(343,3,6,195)
r(381,1,6,195)
r(382,2,6,195)
r(1,1,6,195)
r(399,1,6,195)
r(157,4,6,195)
r(20,1,6,195)
r(261,2,6,195)
r(209,2,6,195)
r(455,4,7,196)
r(162,5,7,196)
r(93,1,7,196)
w(368,5,7,196)
r(67,2,7,196)
w(390,3,7,196)
r(191,3,7,196)
w(393,2,7,196)
w(396,6,7,196)
w(411,5,7,196)
r(393,2,7,196)
w(408,8,7,196)
r(537,1,7,196)
r(235,1,7,196)
r(214,9,7,196)
w(412,5,7,196)
r(487,3,7,196)
w(395,4,7,196)
r(428,4,7,196)
r(499,3,7,196)
r(470,3,8,197)
r(533,2,8,197)
w(470,4,8,197)
r(274,4,8,197)
w(458,3,8,197)
r(263,7,8,197)
w(424,6,8,197)
r(325,2,8,197)
r(139,1,8,197)
w(458,4,8,197)
r(481,4,8,197)
r(208,3,8,197)
r(205,3,8,197)
w(455,5,8,197)
w(472,4,8,197)
w(464,8,8,197)
r(232,4,8,197)
w(426,3,8,197)
w(426,4,8,197)
w(430,7,8,197)
r(160,3,9,198)
w(505,5,9,198)
w(523,2,9,198)
r(511,3,9,198)
r(312,5,9,198)
r(19,2,9,198)
w(515,4,9,198)
w(506,8,9,198)
w(495,6,9,198)
w(501,5,9,198)
r(225,1,9,198)
w(515,5,9,198)
r(471,5,9,198)
r(505,5,9,198)
r(66,2,9,198)
r(430,3,9,198)
r(490,3,9,198)
r(451,1,9,198)
w(511,4,9,198)
r(193,1,9,198)
w(49,10,1,199)
r(540,4,1,199)
r(220,8,1,199)
w(10,6,1,199)
r(10,6,1,199)
r(289,1,1,199)
r(488,3,1,199)
w(48,5,1,199)
r(208,7,1,199)
w(59,5,1,199)
r(362,7,1,199)
r(482,2,1,199)
r(196,7,1,199)
w(52,4,1,199)
r(356,4,1,199)
w(16,8,1,199)
r(465,4,1,199)
w(18,3,1,199)
r(509,2,1,199)
r(118,3,1,199)
w(65,8,2,200)
r(458,4,2,200)
r(251,7,2,200)
w(95,4,2,200)
r(49,2,2,200)
w(104,2,2,200)
r(521,4,2,200)
w(98,8,2,200)
r(345,2,2,200)
w(69,6,2,200)
w(105,5,2,200)
w(79,3,2,200)
w(115,8,2,200)
r(72,5,2,200)
w(85,7,2,200)
w(84,6,2,200)
w(90,5,2,200)
w(76,3,2,200)
w(115,9,2,200)
w(104,3,2,200)
w(129,3,3,201)
r(86,2,3,201)
r(440,4,3,201)
r(43,1,3,201)
w(121,3,3,201)
w(126,9,3,201)
r(451,1,3,201)
w(167,7,3,201)
w(166,7,3,201)
w(157,5,3,201)
w(150,8,3,201)
r(73,1,3,201)
w(162,7,3,201)
w(155,7,3,201)
r(172,4,3,201)
r(356,4,3,201)
w(161,5,3,201)
w(132,6,3,201)
w(149,7,3,201)
w(164,5,3,201)
w(189,7,4,202)
r(520,5,4,202)
r(334,2,4,202)
r(11,5,4,202)
r(477,3,4,202)
w(219,3,4,202)
r(425,2,4,202)
w(213,6,4,202)
r(67,2,4,202)
w(203,5,4,202)
w(204,4,4,202)
w(234,6,4,202)
w(198,7,4,202)
w(210,7,4,202)
w(204,5,4,202)
r(417,6,4,202)
w(200,5,4,202)
r(86,3,4,202)
w(198,8,4,202)
w(181,5,4,202)
r(109,7,5,203)
r(435,5,5,203)
r(186,2,5,203)
w(277,5,5,203)
w(293,4,5,203)
r(406,3,5,203)
w(279,4,5,203)
r(39,1,5,203)
r(105,4,5,203)
w(259,3,5,203)
r(160,1,5,203)
w(285,6,5,203)
w(293,5,5,203)
r(90,4,5,203)
w(270,2,5,203)
w(242,6,5,203)
w(276,4,5,203)
w(280,7,5,203)
w(297,6,5,203)
w(257,4,5,203)
w(302,9,6,204)
r(419,4,6,204)
w(342,9,6,204)
w(331,4,6,204)
r(326,7,6,204)
r(425,1,6,204)
w(339,4,6,204)
r(100,1,6,204)
r(155,5,6,204)
r(519,3,6,204)
r(492,3,6,204)
r(455,2,6,204)
w(319,5,6,204)
w(337,3,6,204)
w(349,9,6,204)
w(337,4,6,204)
w(351,5,6,204)
r(121,2,6,204)
w(344,2,6,204)
w(333,4,6,204)
w(413,5,7,205)
w(366,4,7,205)
r(403,7,7,205)
r(169,2,7,205)
r(132,4,7,205)
r(381,1,7,205)
r(383,6,7,205)
w(406,6,7,205)
w(391,5,7,205)
r(106,4,7,205)
r(510,5,7,205)
w(410,4,7,205)
r(126,4,7,205)
w(389,7,7,205)
r(224,5,7,205)
w(365,5,7,205)
w(371,6,7,205)
r(463,2,7,205)
w(408,9,7,205)
r(43,3,7,205)
w(454,5,8,206)
r(527,5,8,206)
r(48,1,8,206)
r(114,7,8,206)
w(430,8,8,206)
r(474,4,8,206)
r(537,1,8,206)
w(454,6,8,206)
r(386,2,8,206)
r(266,8,8,206)
r(101,6,8,206)
w(452,9,8,206)
w(476,5,8,206)
r(102,12,8,206)
w(436,6,8,206)
r(256,4,8,206)
w(424,7,8,206)
w(454,7,8,206)
r(124,2,8,206)
w(439,9,8,206)
r(125,5,9,207)
r(53,1,9,207)
w(503,4,9,207)
w(497,4,9,207)
r(176,6,9,207)
r(376,5,9,207)
w(489,6,9,207)
r(245,3,9,207)
r(400,4,9,207)
w(525,4,9,207)
r(19,2,9,207)
r(460,4,9,207)
w(536,5,9,207)
w(483,10,9,207)
r(420,1,9,207)
r(433,3,9,207)
r(449,2,9,207)
w(535,5,9,207)
w(488,4,9,207)
w(519,4,9,207)
w(45,5,1,208)
r(314,4,1,208)
r(120,2,1,208)
r(111,4,1,208)
w(14,4,1,208)
r(166,3,1,208)
r(245,5,1,208)
w(47,5,1,208)
r(23,6,1,208)
w(7,2,1,208)
w(29,8,1,208)
r(110,4,1,208)
r(128,3,1,208)
w(16,9,1,208)
w(52,5,1,208)
w(17,5,1,208)
r(232,5,1,208)
w(14,5,1,208)
r(532,2,1,208)
w(28,4,1,208)
r(149,3,2,209)
w(79,4,2,209)
r(532,2,2,209)
r(340,4,2,209)
w(92,7,2,209)
r(73,4,2,209)
r(251,7,2,209)
r(41,4,2,209)
w(83,6,2,209)
r(463,2,2,209)
r(163,1,2,209)
r(176,4,2,209)
w(72,6,2,209)
w(87,6,2,209)
w(82,7,2,209)
w(110,7,2,209)
w(89,6,2,209)
w(62,8,2,209)
r(318,4,2,209)
r(522,1,2,209)
r(327,3,3,210)
r(6,4,3,210)
w(133,6,3,210)
w(155,8,3,210)
w(144,4,3,210)
r(292,3,3,210)
r(371,3,3,210)
w(172,5,3,210)
w(177,5,3,210)
w(150,9,3,210)
w(139,2,3,210)
w(137,6,3,210)
w(177,6,3,210)
r(230,3,3,210)
w(132,7,3,210)
w(133,7,3,210)
r(299,5,3,210)
w(159,5,3,210)
r(200,2,3,210)
w(171,4,3,210)
r(376,9,4,211)
r(125,2,4,211)
w(218,7,4,211)
r(144,1,4,211)
w(189,8,4,211)
w(220,7,4,211)
w(212,7,4,211)
r(394,5,4,211)
r(9,3,4,211)
w(220,8,4,211)
w(205,5,4,211)
r(91,6,4,211)
r(138,2,4,211)
r(311,2,4,211)
w(228,5,4,211)
w(217,4,4,211)
r(7,1,4,211)
r(185,5,4,211)
w(233,6,4,211)
r(215,7,4,211)
r(490,1,5,212)
w(265,4,5,212)
r(446,4,5,212)
w(269,4,5,212)
r(206,4,5,212)
r(343,1,5,212)
r(445,5,5,212)
w(248,6,5,212)
w(282,8,5,212)
w(246,7,5,212)
r(398,1,5,212)
r(251,7,5,212)
r(211,1,5,212)
r(154,4,5,212)
r(223,2,5,212)
w(269,5,5,212)
r(378,3,5,212)
r(438,5,5,212)
r(355,5,5,212)
w(280,8,5,212)
r(531,8,6,213)
r(471,5,6,213)
r(410,2,6,213)
w(341,7,6,213)
r(340,5,6,213)
r(463,2,6,213)
r(12,2,6,213)
r(53,1,6,213)
w(331,5,6,213)
w(330,7,6,213)
w(305,5,6,213)
w(355,8,6,213)
w(312,6,6,213)
r(488,3,6,213)
r(412,2,6,213)
w(326,8,6,213)
r(112,4,6,213)
w(350,5,6,213)
r(107,2,6,213)
w(331,6,6,213)
r(459,3,7,214)
r(389,7,7,214)
w(417,6,7,214)
r(497,1,7,214)
r(122,3,7,214)
r(308,2,7,214)
r(358,3,7,214)
w(416,4,7,214)
w(415,5,7,214)
r(226,9,7,214)
r(437,3,7,214)
r(7,1,7,214)
w(383,7,7,214)
w(381,2,7,214)
r(389,7,7,214)
r(198,6,7,214)
w(409,3,7,214)
w(384,5,7,214)
w(395,5,7,214)
r(356,4,7,214)
r(308,2,8,215)
w(442,5,8,215)
w(447,6,8,215)
r(345,2,8,215)
w(449,4,8,215)
w(437,6,8,215)
r(352,5,8,215)
w(427,6,8,215)
w(457,14,8,215)
w(444,5,8,215)
w(477,4,8,215)
w(426,5,8,215)
r(430,8,8,215)
r(447,6,8,215)
r(421,6,8,215)
w(439,10,8,215)
w(423,3,8,215)
w(446,5,8,215)
r(218,2,8,215)
w(434,6,8,215)
r(521,5,9,216)
r(329,4,9,216)
w(512,5,9,216)
w(538,8,9,216)
w(532,3,9,216)
w(492,4,9,216)
r(516,4,9,216)
r(171,3,9,216)
w(506,9,9,216)
r(69,1,9,216)
w(524,6,9,216)
r(168,3,9,216)
r(393,1,9,216)
w(523,3,9,216)
r(55,3,9,216)
w(499,5,9,216)
w(508,6,9,216)
r(399,1,9,216)
r(186,1,9,216)
w(524,7,9,216)
w(37,4,1,217)
w(36,6,1,217)
r(361,9,1,217)
r(516,2,1,217)
w(54,6,1,217)
w(23,7,1,217)
w(4,5,1,217)
w(20,4,1,217)
r(515,2,1,217)
w(3,6,1,217)
r(41,7,1,217)
r(19,6,1,217)
r(537,1,1,217)
r(298,3,1,217)
r(51,5,1,217)
r(424,4,1,217)
w(52,6,1,217)
w(26,5,1,217)
r(157,1,1,217)
r(304,3,1,217)
w(70,8,2,218)
r(76,3,2,218)
w(98,9,2,218)
r(515,3,2,218)
w(61,6,2,218)
r(232,4,2,218)
r(199,4,2,218)
r(531,4,2,218)
r(427,5,2,218)
w(66,5,2,218)
w(113,8,2,218)
w(106,5,2,218)
r(123,2,2,218)
r(22,1,2,218)
r(168,2,2,218)
w(100,6,2,218)
r(433,3,2,218)
w(105,6,2,218)
w(99,7,2,218)
r(82,7,2,218)
r(169,4,3,219)
r(178,7,3,219)
w(155,9,3,219)
w(168,4,3,219)
r(8,3,3,219)
r(407,4,3,219)
r(400,6,3,219)
w(136,6,3,219)
r(185,4,3,219)
r(258,4,3,219)
r(320,6,3,219)
r(70,6,3,219)
r(408,6,3,219)
r(193,1,3,219)
r(380,2,3,219)
w(143,7,3,219)
r(276,1,3,219)
w(178,8,3,219)
r(435,5,3,219)
r(331,7,3,219)
r(407,4,4,220)
w(182,5,4,220)
r(16,7,4,220)
r(523,1,4,220)
r(102,6,4,220)
w(206,9,4,220)
r(323,3,4,220)
r(170,2,4,220)
w(203,6,4,220)
w(202,5,4,220)
w(211,3,4,220)
w(240,3,4,220)
w(198,9,4,220)
w(191,4,4,220)
w(190,5,4,220)
r(322,5,4,220)
r(357,4,4,220)
r(14,3,4,220)
r(455,4,4,220)
w(199,8,4,220)
r(292,5,5,221)
w(259,4,5,221)
r(175,6,5,221)
r(170,2,5,221)
w(244,6,5,221)
r(74,2,5,221)
w(250,3,5,221)
r(536,4,5,221)
r(457,13,5,221)
w(286,9,5,221)
w(266,8,5,221)
w(288,6,5,221)
w(258,5,5,221)
r(238,3,5,221)
w(243,7,5,221)
w(268,5,5,221)
w(247,8,5,221)
r(482,2,5,221)
r(524,4,5,221)
r(187,1,5,221)
w(318,7,6,222)
w(349,10,6,222)
r(507,3,6,222)
w(349,11,6,222)
w(329,4,6,222)
w(322,8,6,222)
w(327,3,6,222)
w(328,5,6,222)
w(320,5,6,222)
w(312,7,6,222)
r(427,1,6,222)
r(410,2,6,222)
r(492,3,6,222)
w(349,12,6,222)
w(359,9,6,222)
r(225,1,6,222)
r(511,4,6,222)
w(310,4,6,222)
r(310,4,6,222)
r(477,1,6,222)
w(416,5,7,223)
r(400,7,7,223)
r(305,3,7,223)
w(377,4,7,223)
r(351,3,7,223)
w(370,10,7,223)
r(234,6,7,223)
w(363,6,7,223)
w(366,5,7,223)
r(249,2,7,223)
w(372,7,7,223)
w(363,7,7,223)
w(411,6,7,223)
r(29,7,7,223)
w(401,5,7,223)
r(359,5,7,223)
r(3,4,7,223)
r(150,4,7,223)
w(374,5,7,223)
w(395,6,7,223)
w(469,7,8,224)
w(455,6,8,224)
r(534,5,8,224)
r(183,2,8,224)
w(466,5,8,224)
w(477,5,8,224)
w(439,11,8,224)
w(423,4,8,224)
w(435,6,8,224)
r(478,2,8,224)
r(337,1,8,224)
r(489,4,8,224)
w(471,10,8,224)
r(159,2,8,224)
w(467,7,8,224)
w(430,9,8,224)
w(461,6,8,224)
r(329,1,8,224)
r(490,1,8,224)
r(301,6,8,224)
w(509,5,9,225)
w(493,3,9,225)
r(520,6,9,225)
r(89,3,9,225)
r(327,3,9,225)
w(505,6,9,225)
r(226,3,9,225)
w(498,5,9,225)
r(90,2,9,225)
r(260,2,9,225)
r(211,1,9,225)
w(530,3,9,225)
r(318,7,9,225)
w(528,7,9,225)
r(205,3,9,225)
r(32,2,9,225)
w(529,5,9,225)
r(19,2,9,225)
r(520,6,9,225)
w(504,6,9,225)
r(478,1,1,226)
w(21,5,1,226)
r(146,4,1,226)
w(32,5,1,226)
r(15,5,1,226)
w(6,9,1,226)
w(22,4,1,226)
w(32,6,1,226)
r(58,8,1,226)
r(429,3,1,226)
r(249,2,1,226)
r(286,6,1,226)
w(35,3,1,226)
r(177,4,1,226)
r(141,3,1,226)
w(24,7,1,226)
w(56,4,1,226)
w(10,7,1,226)
w(31,5,1,226)
r(240,3,1,226)
r(370,6,2,227)
r(322,5,2,227)
r(340,4,2,227)
w(98,10,2,227)
r(448,7,2,227)
w(75,8,2,227)
w(61,7,2,227)
r(220,2,2,227)
r(29,3,2,227)
w(90,6,2,227)
w(85,8,2,227)
w(113,9,2,227)
w(112,9,2,227)
r(340,4,2,227)
r(496,4,2,227)
w(117,6,2,227)
r(315,2,2,227)
r(72,6,2,227)
r(372,4,2,227)
w(115,10,2,227)
w(127,6,3,228)
w(159,6,3,228)
w(148,6,3,228)
r(25,1,3,228)
r(479,3,3,228)
w(167,8,3,228)
r(241,4,3,228)
r(358,3,3,228)
r(387,6,3,228)
r(540,5,3,228)
w(158,8,3,228)
w(134,7,3,228)
w(121,4,3,228)
r(197,1,3,228)
r(225,3,3,228)
w(154,6,3,228)
r(252,3,3,228)
w(148,7,3,228)
r(84,5,3,228)
r(480,1,3,228)
r(527,5,4,229)
w(213,7,4,229)
r(486,2,4,229)
r(51,5,4,229)
w(198,10,4,229)
r(54,5,4,229)
r(279,2,4,229)
r(242,4,4,229)
r(290,2,4,229)
r(361,9,4,229)
r(269,2,4,229)
r(413,6,4,229)
w(195,3,4,229)
r(313,1,4,229)
w(237,12,4,229)
w(198,11,4,229)
w(195,4,4,229)
w(217,5,4,229)
w(187,3,4,229)
w(198,12,4,229)
r(264,7,5,230)
r(508,4,5,230)
r(396,2,5,230)
w(251,8,5,230)
w(259,5,5,230)
r(195,2,5,230)
r(37,2,5,230)
w(251,9,5,230)
w(242,7,5,230)
w(253,6,5,230)
r(109,8,5,230)
w(287,6,5,230)
w(264,8,5,230)
w(299,6,5,230)
r(231,1,5,230)
r(116,5,5,230)
w(245,6,5,230)
r(511,2,5,230)
r(78,5,5,230)
r(533,2,5,230)
w(325,3,6,231)
r(353,4,6,231)
r(501,5,6,231)
r(494,5,6,231)
w(317,5,6,231)
w(350,6,6,231)
w(336,4,6,231)
r(187,1,6,231)
r(211,1,6,231)
w(310,5,6,231)
r(180,6,6,231)
w(339,5,6,231)
w(321,8,6,231)
r(75,5,6,231)
w(320,6,6,231)
r(439,7,6,231)
r(44,4,6,231)
w(353,5,6,231)
r(419,8,6,231)
w(328,6,6,231)
w(394,6,7,232)
r(138,2,7,232)
w(399,2,7,232)
r(197,3,7,232)
w(413,6,7,232)
r(354,1,7,232)
w(400,8,7,232)
r(289,1,7,232)
w(390,4,7,232)
w(391,6,7,232)
r(463,2,7,232)
r(462,4,7,232)
r(390,4,7,232)
r(526,1,7,232)
r(536,4,7,232)
w(396,7,7,232)
r(365,5,7,232)
w(389,8,7,232)
w(404,7,7,232)
w(397,9,7,232)
r(523,1,8,233)
w(427,7,8,233)
w(476,6,8,233)
w(450,6,8,233)
w(456,4,8,233)
w(444,6,8,233)
w(458,5,8,233)
r(108,1,8,233)
w(470,5,8,233)
w(451,5,8,233)
w(435,7,8,233)
w(472,5,8,233)
w(478,3,8,233)
r(470,5,8,233)
r(47,1,8,233)
w(423,5,8,233)
r(125,2,8,233)
r(445,5,8,233)
r(501,3,8,233)
r(167,4,8,233)
r(196,7,9,234)
w(489,7,9,234)
w(489,8,9,234)
r(16,5,9,234)
w(503,5,9,234)
w(507,4,9,234)
w(492,5,9,234)
r(358,3,9,234)
r(480,1,9,234)
r(100,4,9,234)
r(282,5,9,234)
r(54,3,9,234)
r(313,2,9,234)
r(427,4,9,234)
w(506,10,9,234)
r(204,3,9,234)
r(18,2,9,234)
w(488,5,9,234)
r(275,4,9,234)
w(489,9,9,234)
w(8,6,1,235)
r(101,4,1,235)
w(49,11,1,235)
w(26,6,1,235)
r(250,2,1,235)
w(36,7,1,235)
r(292,5,1,235)
w(42,6,1,235)
w(39,5,1,235)
w(46,4,1,235)
w(2,5,1,235)
r(391,7,1,235)
w(46,5,1,235)
w(31,6,1,235)
w(52,7,1,235)
w(13,4,1,235)
r(393,4,1,235)
w(52,8,1,235)
w(50,4,1,235)
w(45,6,1,235)
w(117,7,2,236)
w(110,8,2,236)
w(105,7,2,236)
r(314,4,2,236)
w(116,6,2,236)
w(63,5,2,236)
w(88,7,2,236)
w(83,7,2,236)
r(331,2,2,236)
w(95,5,2,236)
r(21,2,2,236)
r(251,9,2,236)
w(92,8,2,236)
w(118,7,2,236)
w(119,7,2,236)
w(109,9,2,236)
r(192,1,2,236)
w(115,11,2,236)
w(84,7,2,236)
r(489,4,2,236)
w(126,10,3,237)
w(156,5,3,237)
r(133,7,3,237)
w(145,6,3,237)
w(125,7,3,237)
w(156,6,3,237)
w(167,9,3,237)
w(158,9,3,237)
w(158,10,3,237)
w(171,5,3,237)
r(500,6,3,237)
r(59,2,3,237)
w(150,10,3,237)
w(163,4,3,237)
w(150,11,3,237)
w(169,5,3,237)
r(397,6,3,237)
r(413,2,3,237)
w(171,6,3,237)
r(432,2,3,237)
w(238,4,4,238)
r(73,1,4,238)
w(218,8,4,238)
r(519,1,4,238)
r(105,4,4,238)
r(221,4,4,238)
r(46,3,4,238)
r(115,5,4,238)
w(195,5,4,238)
w(226,10,4,238)
w(226,11,4,238)
r(137,3,4,238)
w(188,4,4,238)
w(203,7,4,238)
w(188,5,4,238)
w(238,5,4,238)
w(196,8,4,238)
r(201,6,4,238)
w(224,6,4,238)
w(211,4,4,238)
w(266,9,5,239)
w(253,7,5,239)
r(494,4,5,239)
r(196,3,5,239)
r(321,5,5,239)
r(413,1,5,239)
w(269,6,5,239)
w(250,4,5,239)
w(268,6,5,239)
r(524,4,5,239)
w(241,6,5,239)
w(281,2,5,239)
r(69,6,5,239)
w(259,6,5,239)
w(276,5,5,239)
r(196,3,5,239)
r(152,2,5,239)
r(89,6,5,239)
r(198,2,5,239)
r(397,5,5,239)
r(13,3,6,240)
r(128,4,6,240)
w(317,6,6,240)
r(399,1,6,240)
w(333,5,6,240)
r(533,3,6,240)
w(331,7,6,240)
r(192,3,6,240)
r(260,5,6,240)
w(341,8,6,240)
r(25,1,6,240)
w(355,9,6,240)
w(307,7,6,240)
w(321,9,6,240)
w(309,7,6,240)
w(332,11,6,240)
w(342,10,6,240)
r(456,2,6,240)
r(156,4,6,240)
w(354,4,6,240)
r(301,6,7,241)
r(84,4,7,241)
r(271,3,7,241)
r(525,1,7,241)
r(241,3,7,241)
w(379,3,7,241)
r(146,4,7,241)
w(402,9,7,241)
r(86,3,7,241)
r(213,6,7,241)
r(529,3,7,241)
r(20,3,7,241)
w(394,7,7,241)
w(417,7,7,241)
w(386,3,7,241)
w(404,8,7,241)
r(259,2,7,241)
w(379,4,7,241)
w(404,9,7,241)
r(452,6,7,241)
r(137,3,8,242)
w(436,7,8,242)
w(428,7,8,242)
w(424,8,8,242)
r(403,2,8,242)
w(428,8,8,242)
r(30,1,8,242)
w(476,7,8,242)
w(438,6,8,242)
w(480,2,8,242)
r(54,3,8,242)
w(464,9,8,242)
r(208,3,8,242)
w(460,9,8,242)
r(364,1,8,242)
w(477,6,8,242)
w(424,9,8,242)
r(296,2,8,242)
w(474,5,8,242)
w(475,6,8,242)
r(329,5,9,243)
r(90,3,9,243)
r(456,2,9,243)
r(428,4,9,243)
r(276,1,9,243)
w(490,4,9,243)
r(138,4,9,243)
r(448,6,9,243)
w(498,6,9,243)
w(515,6,9,243)
r(90,3,9,243)
w(514,3,9,243)
r(517,5,9,243)
w(535,6,9,243)
w(489,10,9,243)
w(503,6,9,243)
r(428,4,9,243)
r(10,3,9,243)
r(308,4,9,243)
w(486,4,9,243)
w(8,7,1,244)
w(1,4,1,244)
r(217,5,1,244)
r(357,5,1,244)
r(177,4,1,244)
r(44,5,1,244)
w(48,6,1,244)
r(94,4,1,244)
w(12,4,1,244)
w(22,5,1,244)
w(30,4,1,244)
r(170,2,1,244)
w(12,5,1,244)
w(42,7,1,244)
w(32,7,1,244)
w(44,6,1,244)
r(14,5,1,244)
r(54,6,1,244)
r(358,3,1,244)
w(55,8,1,244)
r(149,3,2,245)
w(102,13,2,245)
w(88,8,2,245)
r(405,3,2,245)
r(93,1,2,245)
r(84,7,2,245)
w(119,8,2,245)
w(90,7,2,245)
w(90,8,2,245)
w(102,14,2,245)
r(59,1,2,245)
w(71,5,2,245)
w(73,5,2,245)
r(401,3,2,245)
r(341,4,2,245)
r(262,5,2,245)
r(509,2,2,245)
w(115,12,2,245)
w(88,9,2,245)
r(470,4,2,245)
r(355,11,3,246)
r(382,3,3,246)
w(138,5,3,246)
w(150,12,3,246)
r(161,5,3,246)
r(88,5,3,246)
w(176,7,3,246)
r(253,4,3,246)
w(170,4,3,246)
w(137,7,3,246)
w(136,7,3,246)
r(314,7,3,246)
r(260,5,3,246)
w(159,7,3,246)
w(175,7,3,246)
r(172,5,3,246)
w(157,6,3,246)
r(49,3,3,246)
w(178,9,3,246)
r(215,4,3,246)
w(211,5,4,247)
r(436,5,4,247)
w(216,5,4,247)
w(199,9,4,247)
w(188,6,4,247)
r(274,4,4,247)
w(228,6,4,247)
w(206,10,4,247)
w(213,8,4,247)
r(61,5,4,247)
r(134,6,4,247)
r(276,4,4,247)
w(237,13,4,247)
r(408,9,4,247)
r(417,7,4,247)
r(101,4,4,247)
w(205,6,4,247)
w(197,4,4,247)
w(206,11,4,247)
w(195,6,4,247)
w(264,9,5,248)
r(478,2,5,248)
r(469,7,5,248)
r(95,4,5,248)
w(281,3,5,248)
r(217,1,5,248)
w(294,3,5,248)
r(506,6,5,248)
r(62,8,5,248)
w(241,7,5,248)
r(277,5,5,248)
w(273,8,5,248)
r(175,6,5,248)
w(242,8,5,248)
r(350,3,5,248)
w(279,5,5,248)
r(379,1,5,248)
r(294,3,5,248)
r(149,3,5,248)
w(245,7,5,248)
w(355,10,6,249)
r(234,4,6,249)
r(375,3,6,249)
w(340,6,6,249)
w(329,5,6,249)
r(108,1,6,249)
w(301,8,6,249)
w(340,7,6,249)
r(449,3,6,249)
w(330,8,6,249)
r(76,1,6,249)
w(307,8,6,249)
w(337,5,6,249)
w(327,4,6,249)
w(306,4,6,249)
w(310,6,6,249)
w(324,5,6,249)
r(487,3,6,249)
r(202,4,6,249)
r(508,6,6,249)
w(410,5,7,250)
w(383,8,7,250)
w(393,3,7,250)
r(135,1,7,250)
r(306,2,7,250)
r(8,5,7,250)
r(192,5,7,250)
w(378,6,7,250)
w(361,9,7,250)
r(477,3,7,250)
r(93,1,7,250)
w(365,6,7,250)
w(386,4,7,250)
r(133,4,7,250)
r(518,2,7,250)
r(389,8,7,250)
w(379,5,7,250)
r(181,5,7,250)
w(396,8,7,250)
w(389,9,7,250)
r(90,8,8,251)
r(36,2,8,251)
w(431,6,8,251)
w(440,7,8,251)
r(114,7,8,251)
r(226,3,8,251)
r(233,1,8,251)
w(454,8,8,251)
r(29,3,8,251)
r(371,1,8,251)
w(438,7,8,251)
w(434,7,8,251)
r(140,3,8,251)
w(446,6,8,251)
w(434,8,8,251)
w(480,3,8,251)
r(144,1,8,251)
w(460,10,8,251)
w(430,10,8,251)
r(420,1,8,251)
r(196,7,9,252)
w(500,7,9,252)
r(540,5,9,252)
r(430,3,9,252)
w(540,6,9,252)
r(394,4,9,252)
r(521,5,9,252)
r(49,3,9,252)
r(507,4,9,252)
r(525,4,9,252)
r(407,4,9,252)
w(536,6,9,252)
w(506,11,9,252)
w(507,5,9,252)
w(520,7,9,252)
w(484,6,9,252)
w(522,2,9,252)
w(495,7,9,252)
w(487,4,9,252)
w(505,7,9,252)
r(301,7,1,253)
r(193,2,1,253)
w(24,8,1,253)
w(35,4,1,253)
w(56,5,1,253)
w(32,8,1,253)
r(341,4,1,253)
r(283,3,1,253)
w(36,8,1,253)
r(250,2,1,253)
r(515,3,1,253)
w(26,7,1,253)
r(128,4,1,253)
w(16,10,1,253)
r(49,11,1,253)
r(360,4,1,253)
r(168,2,1,253)
r(292,5,1,253)
w(1,5,1,253)
w(24,9,1,253)
r(111,6,2,254)
w(69,7,2,254)
r(56,2,2,254)
r(419,5,2,254)
r(513,3,2,254)
r(275,5,2,254)
w(95,6,2,254)
w(104,4,2,254)
w(115,13,2,254)
w(110,9,2,254)
r(198,2,2,254)
r(45,2,2,254)
w(91,7,2,254)
w(82,8,2,254)
r(60,2,2,254)
r(401,3,2,254)
w(92,9,2,254)
r(157,1,2,254)
w(64,3,2,254)
w(113,10,2,254)
w(164,6,3,255)
w(152,5,3,255)
r(32,3,3,255)
r(446,3,3,255)
w(122,5,3,255)
w(165,5,3,255)
w(179,6,3,255)
w(121,5,3,255)
r(177,6,3,255)
r(246,4,3,255)
r(184,4,3,255)
w(155,10,3,255)
w(131,4,3,255)
w(122,6,3,255)
w(122,7,3,255)
r(91,6,3,255)
w(147,4,3,255)
w(163,5,3,255)
w(130,3,3,255)
r(446,3,3,255)
w(239,4,4,256)
w(231,4,4,256)
r(247,7,4,256)
w(233,7,4,256)
r(439,8,4,256)
w(224,7,4,256)
r(211,5,4,256)
w(188,7,4,256)
w(191,5,4,256)
w(218,9,4,256)
w(204,6,4,256)
w(233,8,4,256)
w(201,7,4,256)
r(142,4,4,256)
r(447,5,4,256)
r(125,4,4,256)
r(434,5,4,256)
r(366,6,4,256)
r(159,3,4,256)
w(228,7,4,256)
r(10,2,5,257)
r(242,8,5,257)
w(255,6,5,257)
r(337,1,5,257)
r(328,3,5,257)
w(255,7,5,257)
r(70,8,5,257)
r(64,2,5,257)
w(274,5,5,257)
w(263,8,5,257)
r(169,2,5,257)
r(156,3,5,257)
r(128,3,5,257)
r(207,2,5,257)
r(130,1,5,257)
w(283,4,5,257)
r(89,6,5,257)
w(286,10,5,257)
w(295,6,5,257)
r(304,3,5,257)
w(330,9,6,258)
r(30,2,6,258)
w(334,6,6,258)
r(343,3,6,258)
w(353,6,6,258)
r(466,3,6,258)
r(184,4,6,258)
w(305,6,6,258)
w(327,5,6,258)
w(359,10,6,258)
w(323,6,6,258)
w(343,4,6,258)
r(491,4,6,258)
w(341,9,6,258)
w(310,7,6,258)
w(332,12,6,258)
r(77,3,6,258)
w(355,11,6,258)
r(390,2,6,258)
w(319,6,6,258)
r(76,1,7,259)
w(396,9,7,259)
r(188,3,7,259)
r(344,1,7,259)
r(465,4,7,259)
r(52,6,7,259)
w(387,8,7,259)
w(391,7,7,259)
r(510,5,7,259)
w(378,7,7,259)
r(445,5,7,259)
w(414,6,7,259)
r(90,3,7,259)
w(366,6,7,259)
r(306,2,7,259)
r(469,5,7,259)
r(271,3,7,259)
w(420,2,7,259)
r(36,6,7,259)
w(393,4,7,259)
r(76,3,8,260)
w(462,6,8,260)
r(456,4,8,260)
w(428,9,8,260)
w(464,10,8,260)
w(429,4,8,260)
r(165,4,8,260)
w(426,6,8,260)
w(425,5,8,260)
r(192,5,8,260)
w(432,4,8,260)
w(426,7,8,260)
w(434,9,8,260)
r(55,5,8,260)
w(438,8,8,260)
r(247,8,8,260)
w(466,6,8,260)
w(427,8,8,260)
w(472,6,8,260)
r(509,3,8,260)
w(492,6,9,261)
r(187,1,9,261)
r(522,2,9,261)
r(278,3,9,261)
r(486,4,9,261)
r(81,2,9,261)
r(234,4,9,261)
w(517,6,9,261)
r(32,3,9,261)
r(286,8,9,261)
w(488,6,9,261)
w(536,7,9,261)
w(528,8,9,261)
r(427,4,9,261)
w(493,4,9,261)
w(512,6,9,261)
r(244,4,9,261)
r(478,2,9,261)
r(334,6,9,261)
w(487,5,9,261)
r(245,5,1,262)
w(31,7,1,262)
w(28,5,1,262)
w(40,6,1,262)
w(47,6,1,262)
w(57,6,1,262)
r(331,2,1,262)
w(48,7,1,262)
r(45,6,1,262)
w(14,6,1,262)
r(72,5,1,262)
r(74,2,1,262)
r(210,7,1,262)
r(471,9,1,262)
r(121,2,1,262)
r(229,5,1,262)
w(60,5,1,262)
r(93,1,1,262)
w(17,6,1,262)
r(440,6,1,262)
w(100,7,2,263)
w(65,9,2,263)
w(119,9,2,263)
w(91,8,2,263)
w(63,6,2,263)
r(237,5,2,263)
w(62,9,2,263)
w(92,10,2,263)
w(61,8,2,263)
r(128,3,2,263)
w(100,8,2,263)
w(96,7,2,263)
r(411,2,2,263)
w(99,8,2,263)
w(82,9,2,263)
r(118,7,2,263)
r(129,1,2,263)
w(102,15,2,263)
r(92,10,2,263)
r(276,5,2,263)
r(159,7,3,264)
w(157,7,3,264)
r(342,10,3,264)
w(154,7,3,264)
r(174,4,3,264)
r(185,4,3,264)
r(319,6,3,264)
r(58,6,3,264)
r(426,1,3,264)
r(108,1,3,264)
w(148,8,3,264)
r(210,5,3,264)
w(172,6,3,264)
r(506,11,3,264)
r(203,3,3,264)
w(121,6,3,264)
w(137,8,3,264)
w(172,7,3,264)
w(158,11,3,264)
r(483,10,3,264)
r(394,7,4,265)
r(536,4,4,265)
r(369,7,4,265)
w(195,7,4,265)
r(424,5,4,265)
w(227,7,4,265)
w(186,6,4,265)
w(215,8,4,265)
w(226,12,4,265)
w(214,10,4,265)
w(204,7,4,265)
r(253,5,4,265)
w(198,13,4,265)
w(216,6,4,265)
r(210,7,4,265)
w(218,10,4,265)
w(196,9,4,265)
r(537,1,4,265)
w(215,9,4,265)
w(215,10,4,265)
r(186,2,5,266)
r(250,4,5,266)
r(39,1,5,266)
w(252,4,5,266)
w(287,7,5,266)
w(244,7,5,266)
r(382,3,5,266)
r(287,7,5,266)
r(188,2,5,266)
w(270,3,5,266)
r(491,4,5,266)
w(283,5,5,266)
w(255,8,5,266)
r(407,4,5,266)
r(513,3,5,266)
r(67,5,5,266)
r(261,3,5,266)
w(255,9,5,266)
r(5,3,5,266)
r(7,1,5,266)
w(336,5,6,267)
r(124,3,6,267)
r(92,6,6,267)
r(260,5,6,267)
r(31,4,6,267)
w(351,6,6,267)
r(23,4,6,267)
w(306,5,6,267)
w(357,6,6,267)
r(121,4,6,267)
r(489,10,6,267)
w(333,6,6,267)
w(323,7,6,267)
w(350,7,6,267)
w(324,6,6,267)
r(462,5,6,267)
r(399,1,6,267)
w(307,9,6,267)
r(474,4,6,267)
w(354,5,6,267)
w(418,5,7,268)
r(332,8,7,268)
r(57,5,7,268)
w(382,7,7,268)
w(382,8,7,268)
w(382,9,7,268)
r(409,3,7,268)
r(300,6,7,268)
w(419,10,7,268)
r(262,5,7,268)
w(389,10,7,268)
r(204,5,7,268)
w(419,11,7,268)
w(364,3,7,268)
r(86,3,7,268)
w(393,5,7,268)
w(383,9,7,268)
r(393,5,7,268)
w(372,8,7,268)
r(510,7,7,268)
r(327,2,8,269)
r(526,2,8,269)
r(242,8,8,269)
w(441,4,8,269)
w(436,8,8,269)
w(449,5,8,269)
r(141,4,8,269)
w(472,7,8,269)
w(471,11,8,269)
r(129,1,8,269)
r(36,5,8,269)
r(126,5,8,269)
w(462,7,8,269)
w(477,7,8,269)
r(298,7,8,269)
w(468,3,8,269)
r(401,4,8,269)
w(480,4,8,269)
r(312,5,8,269)
r(190,4,8,269)
r(376,8,9,270)
w(514,4,9,270)
r(376,8,9,270)
r(252,3,9,270)
w(516,5,9,270)
w(515,7,9,270)
w(496,8,9,270)
r(303,4,9,270)
w(483,11,9,270)
r(27,1,9,270)
w(529,6,9,270)
w(499,6,9,270)
w(484,7,9,270)
w(495,8,9,270)
w(494,6,9,270)
r(458,2,9,270)
r(475,4,9,270)
r(214,9,9,270)
w(514,5,9,270)
r(390,2,9,270)
