w(6,1,0,0)
r(4,0,0,1)
r(0,0,0,2)
r(8,0,0,3)
w(13,1,0,4)
w(7,1,0,5)
w(3,1,0,6)
r(7,1,0,7)
w(4,1,0,8)
w(0,1,0,9)
w(9,1,0,10)
w(6,2,0,11)
r(13,1,0,12)
w(14,1,0,13)
r(4,3,0,14)
w(10,1,0,15)
w(5,1,0,16)
r(4,3,0,17)
r(3,1,0,18)
r(12,2,0,19)
r(14,2,0,20)
r(10,1,0,21)
r(13,1,0,22)
w(2,1,0,23)
r(0,2,0,24)
r(1,0,1,25)
r(10,0,1,26)
r(2,0,1,27)
r(9,0,1,28)
r(5,0,1,29)
w(4,2,1,30)
r(4,2,1,31)
r(0,0,1,32)
w(12,1,1,33)
r(6,1,1,34)
r(4,1,1,35)
w(6,3,1,36)
r(0,2,1,37)
w(12,2,1,38)
r(0,2,1,39)
w(6,4,1,40)
r(10,1,1,41)
r(12,2,1,42)
r(7,1,1,43)
r(0,2,1,44)
r(6,4,1,45)
r(9,1,1,46)
r(1,1,1,47)
r(12,2,1,48)
r(10,1,1,49)
w(1,1,2,50)
r(9,0,2,51)
r(0,0,2,52)
r(0,0,2,53)
r(11,0,2,54)
w(5,2,2,55)
r(4,1,2,56)
r(11,0,2,57)
w(6,5,2,58)
w(0,2,2,59)
w(8,1,2,60)
w(8,2,2,61)
w(8,3,2,62)
r(14,1,2,63)
w(14,2,2,64)
r(8,5,2,65)
r(8,5,2,66)
r(7,1,2,67)
r(3,1,2,68)
r(14,2,2,69)
w(9,2,2,70)
r(3,1,2,71)
r(7,1,2,72)
w(3,2,2,73)
r(9,2,2,74)
w(12,3,3,75)
w(5,3,3,76)
w(14,3,3,77)
r(3,1,3,78)
r(12,1,3,79)
r(13,1,3,80)
w(8,4,3,81)
w(4,3,3,82)
w(11,1,3,83)
w(6,6,3,84)
r(12,2,3,85)
r(3,1,3,86)
r(3,1,3,87)
r(9,1,3,88)
w(8,5,3,89)
r(9,1,3,90)
w(13,2,3,91)
w(1,2,3,92)
w(8,6,3,93)
w(5,4,3,94)
w(2,2,3,95)
w(3,3,3,96)
r(7,1,3,97)
w(0,3,3,98)
r(12,2,3,99)
