r(2,0,0,0)
w(1,1,0,1)
w(10,1,0,2)
w(7,1,0,3)
w(10,2,0,4)
r(10,2,0,5)
w(3,1,0,6)
r(10,3,0,7)
r(11,0,0,8)
w(2,1,0,9)
r(12,3,0,10)
r(5,2,0,11)
w(5,1,0,12)
r(8,2,0,13)
r(7,1,0,14)
r(10,3,0,15)
r(1,1,0,16)
r(5,5,0,17)
r(14,0,0,18)
r(12,2,0,19)
r(12,2,0,20)
r(5,6,0,21)
w(4,1,0,22)
r(2,1,0,23)
w(13,1,0,24)
w(9,1,1,25)
r(12,0,1,26)
w(6,1,1,27)
r(6,1,1,28)
w(12,1,1,29)
r(11,0,1,30)
w(10,3,1,31)
r(1,1,1,32)
w(5,2,1,33)
w(9,2,1,34)
w(9,3,1,35)
r(6,1,1,36)
r(9,3,1,37)
r(0,2,1,38)
w(12,2,1,39)
w(0,1,1,40)
r(12,2,1,41)
r(12,2,1,42)
r(13,4,1,43)
w(6,2,1,44)
r(8,2,1,45)
w(1,2,1,46)
r(11,0,1,47)
w(5,3,1,48)
w(8,1,1,49)
r(6,0,2,50)
r(12,0,2,51)
w(13,2,2,52)
r(1,1,2,53)
r(0,3,2,54)
w(10,4,2,55)
r(12,0,2,56)
r(5,0,2,57)
w(13,3,2,58)
w(0,2,2,59)
w(13,4,2,60)
w(5,4,2,61)
r(12,3,2,62)
r(3,2,2,63)
r(11,0,2,64)
r(2,1,2,65)
w(8,2,2,66)
r(9,3,2,67)
w(5,5,2,68)
r(1,1,2,69)
w(5,6,2,70)
r(0,1,2,71)
w(1,3,2,72)
w(10,5,2,73)
w(6,3,2,74)
w(0,3,3,75)
w(8,3,3,76)
r(7,1,3,77)
r(3,0,3,78)
w(0,4,3,79)
w(12,3,3,80)
w(5,7,3,81)
w(3,2,3,82)
r(5,4,3,83)
w(9,4,3,84)
r(11,0,3,85)
r(1,1,3,86)
r(3,2,3,87)
w(6,4,3,88)
w(4,2,3,89)
w(2,2,3,90)
r(10,5,3,91)
r(11,0,3,92)
w(12,4,3,93)
r(2,2,3,94)
w(11,1,3,95)
r(7,1,3,96)
w(11,2,3,97)
w(6,5,3,98)
r(3,2,3,99)
