w(10,1,0,0)
r(11,0,0,1)
r(14,0,0,2)
r(14,0,0,3)
w(11,1,0,4)
w(2,1,0,5)
w(0,1,0,6)
r(9,0,0,7)
r(3,3,0,8)
r(10,1,0,9)
w(6,1,0,10)
r(5,1,0,11)
r(13,0,0,12)
r(13,0,0,13)
r(6,1,0,14)
w(8,1,0,15)
w(14,1,0,16)
r(14,1,0,17)
r(2,1,0,18)
r(8,1,0,19)
w(11,2,0,20)
r(11,2,0,21)
r(14,2,0,22)
r(4,3,0,23)
w(1,1,0,24)
w(1,2,1,25)
r(2,1,1,26)
w(5,1,1,27)
w(9,1,1,28)
w(4,1,1,29)
r(9,2,1,30)
r(1,2,1,31)
r(2,1,1,32)
r(0,3,1,33)
w(4,2,1,34)
w(11,3,1,35)
w(8,2,1,36)
w(1,3,1,37)
w(8,3,1,38)
w(10,2,1,39)
r(3,4,1,40)
w(3,1,1,41)
r(3,1,1,42)
w(13,1,1,43)
r(13,1,1,44)
w(2,2,1,45)
r(8,4,1,46)
r(14,2,1,47)
r(11,5,1,48)
r(13,0,2,49)
r(10,1,2,50)
r(13,0,2,51)
w(0,3,2,52)
r(8,5,2,53)
r(11,1,2,54)
r(7,0,2,55)
r(7,0,2,56)
r(4,1,2,57)
r(7,0,2,58)
w(14,2,2,59)
r(2,1,2,60)
w(12,1,2,61)
r(7,0,2,62)
w(3,2,2,63)
w(11,5,2,64)
w(6,2,2,65)
w(0,4,2,66)
w(8,4,2,67)
r(2,1,2,68)
w(12,2,2,69)
r(10,2,2,70)
r(3,1,2,71)
r(7,1,2,72)
w(3,3,3,73)
r(0,1,3,74)
w(8,5,3,75)
w(9,2,3,76)
r(5,1,3,77)
r(5,1,3,78)
r(2,1,3,79)
r(13,0,3,80)
r(6,1,3,81)
r(6,1,3,82)
r(5,1,3,83)
r(4,2,3,84)
w(4,3,3,85)
w(5,2,3,86)
w(6,3,3,87)
w(0,5,3,88)
w(3,4,3,89)
w(7,1,3,90)
r(9,2,3,91)
w(5,3,3,92)
r(10,2,3,93)
r(0,4,3,94)
r(13,0,3,95)
r(12,1,3,96)
w(9,3,3,97)
