w(9,1,0,0)
r(2,0,0,1)
r(1,0,0,2)
r(7,0,0,3)
w(11,1,0,4)
r(13,0,0,5)
w(3,1,0,6)
r(0,0,0,7)
r(12,0,0,8)
w(2,1,0,9)
r(13,7,0,10)
w(13,1,0,11)
r(9,2,0,12)
r(1,0,0,13)
r(12,0,0,14)
r(9,2,0,15)
r(0,2,0,16)
w(5,1,0,17)
r(10,2,0,18)
r(14,3,0,19)
w(5,2,0,20)
r(7,1,0,21)
r(11,2,0,22)
r(1,0,0,23)
w(4,1,0,24)
w(3,2,1,25)
r(8,0,1,26)
r(13,0,1,27)
w(11,2,1,28)
r(11,2,1,29)
r(13,7,1,30)
w(4,2,1,31)
w(4,3,1,32)
r(9,2,1,33)
r(6,1,1,34)
w(13,2,1,35)
r(12,3,1,36)
r(13,5,1,37)
w(14,1,1,38)
w(1,1,1,39)
r(10,3,1,40)
w(13,3,1,41)
w(10,1,1,42)
r(9,2,1,43)
r(14,1,1,44)
w(12,1,1,45)
r(11,2,1,46)
w(0,1,1,47)
w(4,4,1,48)
w(5,3,1,49)
w(9,2,2,50)
w(14,2,2,51)
r(1,0,2,52)
w(2,2,2,53)
r(11,2,2,54)
w(10,2,2,55)
r(11,2,2,56)
r(13,1,2,57)
r(3,4,2,58)
r(8,0,2,59)
w(6,1,2,60)
w(13,4,2,61)
r(6,1,2,62)
w(3,3,2,63)
w(13,5,2,64)
w(13,6,2,65)
w(5,4,2,66)
r(12,3,2,67)
r(10,4,2,68)
r(11,2,2,69)
w(2,3,2,70)
w(10,3,2,71)
w(5,5,2,72)
w(12,2,2,73)
r(13,3,2,74)
w(7,1,3,75)
w(5,6,3,76)
w(13,7,3,77)
r(9,2,3,78)
r(0,0,3,79)
r(9,2,3,80)
w(0,2,3,81)
w(3,4,3,82)
w(14,3,3,83)
r(10,2,3,84)
w(2,4,3,85)
r(9,2,3,86)
r(1,0,3,87)
w(12,3,3,88)
r(3,3,3,89)
w(10,4,3,90)
r(4,1,3,91)
r(11,2,3,92)
w(13,8,3,93)
r(13,8,3,94)
r(3,3,3,95)
w(1,2,3,96)
r(5,5,3,97)
r(10,3,3,98)
r(4,1,3,99)
