w(1,1,0,0)
w(2,1,0,0)
w(3,1,0,0)
w(4,1,0,0)
w(5,1,0,0)
w(6,1,0,0)
w(7,1,0,0)
w(8,1,0,0)
w(9,1,0,0)
w(10,1,0,0)
w(11,1,0,0)
w(12,1,0,0)
w(13,1,0,0)
w(14,1,0,0)
w(15,1,0,0)
w(16,1,0,0)
w(17,1,0,0)
w(18,1,0,0)
w(19,1,0,0)
w(20,1,0,0)
w(21,1,0,0)
w(22,1,0,0)
w(23,1,0,0)
w(24,1,0,0)
w(25,1,0,0)
w(26,1,0,0)
w(27,1,0,0)
w(28,1,0,0)
w(29,1,0,0)
w(30,1,0,0)
w(31,1,0,0)
w(32,1,0,0)
w(33,1,0,0)
w(34,1,0,0)
w(35,1,0,0)
w(36,1,0,0)
w(37,1,0,0)
w(38,1,0,0)
w(39,1,0,0)
w(40,1,0,0)
w(41,1,0,0)
w(42,1,0,0)
w(43,1,0,0)
w(44,1,0,0)
w(45,1,0,0)
w(46,1,0,0)
w(47,1,0,0)
w(48,1,0,0)
w(49,1,0,0)
w(50,1,0,0)
w(51,1,0,0)
w(52,1,0,0)
w(53,1,0,0)
w(54,1,0,0)
w(55,1,0,0)
w(56,1,0,0)
w(57,1,0,0)
w(58,1,0,0)
w(59,1,0,0)
w(60,1,0,0)
w(61,1,0,0)
w(62,1,0,0)
w(63,1,0,0)
w(64,1,0,0)
w(65,1,0,0)
w(66,1,0,0)
w(67,1,0,0)
w(68,1,0,0)
w(69,1,0,0)
w(70,1,0,0)
w(71,1,0,0)
w(72,1,0,0)
w(73,1,0,0)
w(74,1,0,0)
w(75,1,0,0)
w(76,1,0,0)
w(77,1,0,0)
w(78,1,0,0)
w(79,1,0,0)
w(80,1,0,0)
w(81,1,0,0)
w(82,1,0,0)
w(83,1,0,0)
w(84,1,0,0)
w(85,1,0,0)
w(86,1,0,0)
w(87,1,0,0)
w(88,1,0,0)
w(89,1,0,0)
w(90,1,0,0)
w(91,1,0,0)
w(92,1,0,0)
w(93,1,0,0)
w(94,1,0,0)
w(95,1,0,0)
w(96,1,0,0)
w(97,1,0,0)
w(98,1,0,0)
w(99,1,0,0)
w(100,1,0,0)
w(101,1,0,0)
w(102,1,0,0)
w(103,1,0,0)
w(104,1,0,0)
w(105,1,0,0)
w(106,1,0,0)
w(107,1,0,0)
w(108,1,0,0)
w(109,1,0,0)
w(110,1,0,0)
w(111,1,0,0)
w(112,1,0,0)
w(113,1,0,0)
w(114,1,0,0)
w(115,1,0,0)
w(116,1,0,0)
w(117,1,0,0)
w(118,1,0,0)
w(119,1,0,0)
w(120,1,0,0)
w(121,1,0,0)
w(122,1,0,0)
w(123,1,0,0)
w(124,1,0,0)
w(125,1,0,0)
w(126,1,0,0)
w(127,1,0,0)
w(128,1,0,0)
w(129,1,0,0)
w(130,1,0,0)
w(131,1,0,0)
w(132,1,0,0)
w(133,1,0,0)
w(134,1,0,0)
w(135,1,0,0)
w(136,1,0,0)
w(137,1,0,0)
w(138,1,0,0)
w(139,1,0,0)
w(140,1,0,0)
w(141,1,0,0)
w(142,1,0,0)
w(143,1,0,0)
w(144,1,0,0)
w(145,1,0,0)
w(146,1,0,0)
w(147,1,0,0)
w(148,1,0,0)
w(149,1,0,0)
w(150,1,0,0)
w(151,1,0,0)
w(152,1,0,0)
w(153,1,0,0)
w(154,1,0,0)
w(155,1,0,0)
w(156,1,0,0)
w(157,1,0,0)
w(158,1,0,0)
w(159,1,0,0)
w(160,1,0,0)
w(161,1,0,0)
w(162,1,0,0)
w(163,1,0,0)
w(164,1,0,0)
w(165,1,0,0)
w(166,1,0,0)
w(167,1,0,0)
w(168,1,0,0)
w(169,1,0,0)
w(170,1,0,0)
w(171,1,0,0)
w(172,1,0,0)
w(173,1,0,0)
w(174,1,0,0)
w(175,1,0,0)
w(176,1,0,0)
w(177,1,0,0)
w(178,1,0,0)
w(179,1,0,0)
w(180,1,0,0)
w(181,1,0,0)
w(182,1,0,0)
w(183,1,0,0)
w(184,1,0,0)
w(185,1,0,0)
w(186,1,0,0)
w(187,1,0,0)
w(188,1,0,0)
w(189,1,0,0)
w(190,1,0,0)
w(191,1,0,0)
w(192,1,0,0)
w(193,1,0,0)
w(194,1,0,0)
w(195,1,0,0)
w(196,1,0,0)
w(197,1,0,0)
w(198,1,0,0)
w(199,1,0,0)
w(200,1,0,0)
w(201,1,0,0)
w(202,1,0,0)
w(203,1,0,0)
w(204,1,0,0)
w(205,1,0,0)
w(206,1,0,0)
w(207,1,0,0)
w(208,1,0,0)
w(209,1,0,0)
w(210,1,0,0)
w(211,1,0,0)
w(212,1,0,0)
w(213,1,0,0)
w(214,1,0,0)
w(215,1,0,0)
w(216,1,0,0)
w(217,1,0,0)
w(218,1,0,0)
w(219,1,0,0)
w(220,1,0,0)
w(221,1,0,0)
w(222,1,0,0)
w(223,1,0,0)
w(224,1,0,0)
w(225,1,0,0)
w(226,1,0,0)
w(227,1,0,0)
w(228,1,0,0)
w(229,1,0,0)
w(230,1,0,0)
w(231,1,0,0)
w(232,1,0,0)
w(233,1,0,0)
w(234,1,0,0)
w(235,1,0,0)
w(236,1,0,0)
w(237,1,0,0)
w(238,1,0,0)
w(239,1,0,0)
w(240,1,0,0)
w(241,1,0,0)
w(242,1,0,0)
w(243,1,0,0)
w(244,1,0,0)
w(245,1,0,0)
w(246,1,0,0)
w(247,1,0,0)
w(248,1,0,0)
w(249,1,0,0)
w(250,1,0,0)
w(251,1,0,0)
w(252,1,0,0)
w(253,1,0,0)
w(254,1,0,0)
w(255,1,0,0)
w(256,1,0,0)
w(257,1,0,0)
w(258,1,0,0)
w(259,1,0,0)
w(260,1,0,0)
w(261,1,0,0)
w(262,1,0,0)
w(263,1,0,0)
w(264,1,0,0)
w(265,1,0,0)
w(266,1,0,0)
w(267,1,0,0)
w(268,1,0,0)
w(269,1,0,0)
w(270,1,0,0)
w(271,1,0,0)
w(272,1,0,0)
w(273,1,0,0)
w(274,1,0,0)
w(275,1,0,0)
w(276,1,0,0)
w(277,1,0,0)
w(278,1,0,0)
w(279,1,0,0)
w(280,1,0,0)
w(281,1,0,0)
w(282,1,0,0)
w(283,1,0,0)
w(284,1,0,0)
w(285,1,0,0)
w(286,1,0,0)
w(287,1,0,0)
w(288,1,0,0)
w(289,1,0,0)
w(290,1,0,0)
w(291,1,0,0)
w(292,1,0,0)
w(293,1,0,0)
w(294,1,0,0)
w(295,1,0,0)
w(296,1,0,0)
w(297,1,0,0)
w(298,1,0,0)
w(299,1,0,0)
w(300,1,0,0)
w(301,1,0,0)
w(302,1,0,0)
w(303,1,0,0)
w(304,1,0,0)
w(305,1,0,0)
w(306,1,0,0)
w(307,1,0,0)
w(308,1,0,0)
w(309,1,0,0)
w(310,1,0,0)
w(311,1,0,0)
w(312,1,0,0)
w(313,1,0,0)
w(314,1,0,0)
w(315,1,0,0)
w(316,1,0,0)
w(317,1,0,0)
w(318,1,0,0)
w(319,1,0,0)
w(320,1,0,0)
w(321,1,0,0)
w(322,1,0,0)
w(323,1,0,0)
w(324,1,0,0)
w(325,1,0,0)
w(326,1,0,0)
w(327,1,0,0)
w(328,1,0,0)
w(329,1,0,0)
w(330,1,0,0)
w(331,1,0,0)
w(332,1,0,0)
w(333,1,0,0)
w(334,1,0,0)
w(335,1,0,0)
w(336,1,0,0)
w(337,1,0,0)
w(338,1,0,0)
w(339,1,0,0)
w(340,1,0,0)
w(341,1,0,0)
w(342,1,0,0)
w(343,1,0,0)
w(344,1,0,0)
w(345,1,0,0)
w(346,1,0,0)
w(347,1,0,0)
w(348,1,0,0)
w(349,1,0,0)
w(350,1,0,0)
w(351,1,0,0)
w(352,1,0,0)
w(353,1,0,0)
w(354,1,0,0)
w(355,1,0,0)
w(356,1,0,0)
w(357,1,0,0)
w(358,1,0,0)
w(359,1,0,0)
w(360,1,0,0)
w(361,1,0,0)
w(362,1,0,0)
w(363,1,0,0)
w(364,1,0,0)
w(365,1,0,0)
w(366,1,0,0)
w(367,1,0,0)
w(368,1,0,0)
w(369,1,0,0)
w(370,1,0,0)
w(371,1,0,0)
w(372,1,0,0)
w(373,1,0,0)
w(374,1,0,0)
w(375,1,0,0)
w(376,1,0,0)
w(377,1,0,0)
w(378,1,0,0)
w(379,1,0,0)
w(380,1,0,0)
w(381,1,0,0)
w(382,1,0,0)
w(383,1,0,0)
w(384,1,0,0)
w(385,1,0,0)
w(386,1,0,0)
w(387,1,0,0)
w(388,1,0,0)
w(389,1,0,0)
w(390,1,0,0)
w(391,1,0,0)
w(392,1,0,0)
w(393,1,0,0)
w(394,1,0,0)
w(395,1,0,0)
w(396,1,0,0)
w(397,1,0,0)
w(398,1,0,0)
w(399,1,0,0)
w(400,1,0,0)
w(401,1,0,0)
w(402,1,0,0)
w(403,1,0,0)
w(404,1,0,0)
w(405,1,0,0)
w(406,1,0,0)
w(407,1,0,0)
w(408,1,0,0)
w(409,1,0,0)
w(410,1,0,0)
w(411,1,0,0)
w(412,1,0,0)
w(413,1,0,0)
w(414,1,0,0)
w(415,1,0,0)
w(416,1,0,0)
w(417,1,0,0)
w(418,1,0,0)
w(419,1,0,0)
w(420,1,0,0)
w(421,1,0,0)
w(422,1,0,0)
w(423,1,0,0)
w(424,1,0,0)
w(425,1,0,0)
w(426,1,0,0)
w(427,1,0,0)
w(428,1,0,0)
w(429,1,0,0)
w(430,1,0,0)
w(431,1,0,0)
w(432,1,0,0)
w(433,1,0,0)
w(434,1,0,0)
w(435,1,0,0)
w(436,1,0,0)
w(437,1,0,0)
w(438,1,0,0)
w(439,1,0,0)
w(440,1,0,0)
w(441,1,0,0)
w(442,1,0,0)
w(443,1,0,0)
w(444,1,0,0)
w(445,1,0,0)
w(446,1,0,0)
w(447,1,0,0)
w(448,1,0,0)
w(449,1,0,0)
w(450,1,0,0)
w(451,1,0,0)
w(452,1,0,0)
w(453,1,0,0)
w(454,1,0,0)
w(455,1,0,0)
w(456,1,0,0)
w(457,1,0,0)
w(458,1,0,0)
w(459,1,0,0)
w(460,1,0,0)
w(461,1,0,0)
w(462,1,0,0)
w(463,1,0,0)
w(464,1,0,0)
w(465,1,0,0)
w(466,1,0,0)
w(467,1,0,0)
w(468,1,0,0)
w(469,1,0,0)
w(470,1,0,0)
w(471,1,0,0)
w(472,1,0,0)
w(473,1,0,0)
w(474,1,0,0)
w(475,1,0,0)
w(476,1,0,0)
w(477,1,0,0)
w(478,1,0,0)
w(479,1,0,0)
w(480,1,0,0)
w(90,2,1,1)
r(244,1,1,1)
r(390,1,1,1)
w(412,2,1,1)
r(386,1,1,1)
w(439,2,1,1)
r(238,1,1,1)
r(1,1,1,1)
r(27,1,1,1)
w(248,2,1,1)
w(102,2,1,1)
w(35,2,1,1)
w(216,2,1,1)
w(176,2,1,1)
w(131,2,1,1)
w(337,2,1,1)
r(326,1,1,1)
w(228,2,1,1)
r(305,1,1,1)
w(401,2,1,1)
r(171,1,2,2)
w(106,3,2,2)
r(363,1,2,2)
w(47,4,2,2)
w(378,2,2,2)
r(295,1,2,2)
r(193,1,2,2)
r(370,1,2,2)
r(408,1,2,2)
r(461,1,2,2)
r(77,1,2,2)
r(364,1,2,2)
r(426,1,2,2)
r(235,1,2,2)
r(442,1,2,2)
r(110,1,2,2)
w(456,2,2,2)
w(373,2,2,2)
w(203,3,2,2)
r(390,1,2,2)
r(205,1,3,3)
w(153,3,3,3)
r(164,1,3,3)
r(217,1,3,3)
w(20,3,3,3)
w(180,4,3,3)
r(343,1,3,3)
r(173,1,3,3)
r(254,1,3,3)
w(24,3,3,3)
w(227,2,3,3)
r(243,1,3,3)
r(207,1,3,3)
r(98,1,3,3)
r(361,1,3,3)
r(141,1,3,3)
w(359,2,3,3)
w(71,4,3,3)
r(196,1,3,3)
w(128,3,3,3)
r(217,1,4,4)
r(215,1,4,4)
w(231,3,4,4)
r(132,1,4,4)
r(322,1,4,4)
w(424,3,4,4)
r(64,1,4,4)
w(12,5,4,4)
w(174,3,4,4)
r(232,1,4,4)
r(423,1,4,4)
w(313,3,4,4)
r(70,1,4,4)
r(205,1,4,4)
w(175,3,4,4)
r(81,1,4,4)
w(415,2,4,4)
w(231,4,4,4)
w(297,3,4,4)
w(382,4,4,4)
r(351,1,5,5)
r(216,2,5,5)
r(152,1,5,5)
r(461,1,5,5)
r(221,1,5,5)
w(425,2,5,5)
w(275,4,5,5)
w(71,6,5,5)
w(325,4,5,5)
r(85,4,5,5)
w(355,4,5,5)
r(343,1,5,5)
w(56,7,5,5)
w(468,4,5,5)
w(189,5,5,5)
r(471,3,5,5)
w(22,6,5,5)
w(454,6,5,5)
r(220,1,5,5)
r(65,1,5,5)
r(75,1,6,6)
w(413,5,6,6)
w(232,3,6,6)
w(457,4,6,6)
r(303,1,6,6)
w(107,9,6,6)
r(385,1,6,6)
w(212,3,6,6)
w(23,4,6,6)
w(51,6,6,6)
w(253,7,6,6)
r(264,1,6,6)
r(78,1,6,6)
w(44,4,6,6)
r(74,1,6,6)
r(134,1,6,6)
w(452,3,6,6)
w(400,3,6,6)
r(249,1,6,6)
w(309,7,6,6)
r(194,1,1,7)
r(32,1,1,7)
w(364,2,1,7)
w(401,3,1,7)
r(386,1,1,7)
w(117,2,1,7)
w(71,2,1,7)
r(464,1,1,7)
w(49,2,1,7)
w(330,2,1,7)
r(232,3,1,7)
w(381,2,1,7)
r(176,2,1,7)
r(67,1,1,7)
w(282,2,1,7)
w(123,2,1,7)
w(405,2,1,7)
r(17,1,1,7)
r(412,2,1,7)
w(146,2,1,7)
w(301,2,2,8)
w(322,2,2,8)
r(225,1,2,8)
r(178,1,2,8)
r(172,1,2,8)
w(406,2,2,8)
r(362,1,2,8)
w(326,2,2,8)
r(118,1,2,8)
w(151,3,2,8)
r(78,1,2,8)
w(411,2,2,8)
r(191,1,2,8)
w(135,3,2,8)
r(277,1,2,8)
w(416,3,2,8)
w(7,2,2,8)
w(442,3,2,8)
w(119,3,2,8)
r(6,1,2,8)
r(423,1,3,9)
w(297,2,3,9)
w(177,3,3,9)
w(321,3,3,9)
r(387,1,3,9)
w(145,4,3,9)
w(376,3,3,9)
w(398,4,3,9)
w(365,6,3,9)
w(154,4,3,9)
r(33,1,3,9)
w(104,4,3,9)
r(18,1,3,9)
w(110,2,3,9)
r(305,1,3,9)
w(179,3,3,9)
w(355,3,4,10)
w(415,3,4,10)
r(2,1,4,10)
w(190,6,4,10)
r(90,2,4,10)
w(315,3,4,10)
w(298,4,4,10)
r(396,1,4,10)
r(447,1,4,10)
w(280,6,4,10)
r(282,2,4,10)
r(193,1,4,10)
w(91,6,4,10)
r(379,1,4,10)
w(120,2,4,10)
r(84,1,4,10)
w(257,3,4,10)
r(423,1,4,10)
w(286,3,4,10)
r(375,1,4,10)
r(9,1,5,11)
w(73,5,5,11)
r(421,1,5,11)
w(87,4,5,11)
r(479,1,5,11)
w(298,5,5,11)
w(392,6,5,11)
w(283,4,5,11)
w(67,4,5,11)
r(286,3,5,11)
r(129,1,5,11)
r(128,3,5,11)
w(349,5,5,11)
w(162,3,5,11)
w(215,4,5,11)
w(463,3,5,11)
w(120,4,5,11)
r(223,1,5,11)
r(248,2,5,11)
r(10,1,5,11)
r(269,1,6,12)
r(301,2,6,12)
w(85,4,6,12)
w(38,3,6,12)
r(287,1,6,12)
r(230,1,6,12)
w(59,6,6,12)
r(62,1,6,12)
r(459,1,6,12)
w(147,6,6,12)
r(278,1,6,12)
w(344,3,6,12)
r(136,1,6,12)
r(162,1,6,12)
r(107,9,6,12)
r(407,1,6,12)
r(454,1,6,12)
r(440,1,6,12)
r(88,1,6,12)
r(48,1,6,12)
w(193,2,1,13)
w(368,2,1,13)
w(190,2,1,13)
w(270,2,1,13)
r(136,1,1,13)
w(404,2,1,13)
r(325,1,1,13)
r(204,1,1,13)
r(345,1,1,13)
r(194,1,1,13)
w(331,2,1,13)
w(446,2,1,13)
r(180,4,1,13)
w(410,2,1,13)
w(197,2,1,13)
r(341,1,1,13)
w(296,2,1,13)
r(75,1,1,13)
r(317,1,1,13)
r(459,1,1,13)
r(61,1,2,14)
r(465,1,2,14)
w(293,3,2,14)
r(204,1,2,14)
w(217,2,2,14)
w(466,3,2,14)
w(157,3,2,14)
w(315,2,2,14)
r(475,1,2,14)
w(59,2,2,14)
r(388,1,2,14)
w(475,3,2,14)
r(376,1,2,14)
w(111,4,3,15)
r(352,1,3,15)
r(430,1,3,15)
w(358,3,3,15)
w(163,4,3,15)
r(362,1,3,15)
w(341,2,3,15)
w(404,6,3,15)
w(471,3,3,15)
w(404,5,3,15)
r(103,1,3,15)
w(160,3,3,15)
w(13,4,3,15)
w(375,4,3,15)
r(425,1,3,15)
r(411,2,3,15)
r(38,3,3,15)
r(125,1,3,15)
w(222,2,3,15)
w(265,4,3,15)
w(229,5,4,16)
w(165,2,4,16)
w(57,3,4,16)
w(377,3,4,16)
r(400,3,4,16)
w(375,6,4,16)
w(281,2,4,16)
r(475,1,4,16)
w(444,2,4,16)
r(309,7,4,16)
r(41,1,4,16)
r(245,1,4,16)
w(368,5,4,16)
w(318,2,4,16)
w(419,5,4,16)
w(81,4,4,16)
w(456,3,4,16)
r(417,1,4,16)
w(387,4,4,16)
w(328,2,4,16)
w(277,3,5,17)
r(66,1,5,17)
r(44,4,5,17)
w(182,7,5,17)
r(80,1,5,17)
r(158,1,5,17)
w(266,3,5,17)
w(417,6,5,17)
w(244,6,5,17)
w(171,2,5,17)
w(318,3,5,17)
w(308,3,5,17)
r(448,1,5,17)
r(331,3,5,17)
r(361,1,5,17)
r(425,2,5,17)
r(33,1,5,17)
r(71,6,5,17)
r(226,1,5,17)
w(439,6,5,17)
r(61,1,6,18)
w(116,3,6,18)
r(429,1,6,18)
w(7,4,6,18)
w(96,7,6,18)
w(176,6,6,18)
w(306,5,6,18)
w(401,4,6,18)
w(15,4,6,18)
r(53,1,6,18)
w(457,6,6,18)
r(299,1,6,18)
w(99,4,6,18)
r(163,1,6,18)
w(313,6,6,18)
r(366,1,6,18)
w(69,3,6,18)
w(444,4,6,18)
w(62,5,6,18)
r(167,1,6,18)
r(142,1,1,19)
r(303,1,1,19)
r(134,1,1,19)
r(242,1,1,19)
w(331,3,1,19)
w(312,2,1,19)
r(431,1,1,19)
w(349,2,1,19)
r(269,1,1,19)
w(91,2,1,19)
w(119,2,1,19)
r(61,1,1,19)
w(124,2,1,19)
r(110,1,1,19)
w(74,2,1,19)
r(263,1,1,19)
r(274,1,1,19)
w(430,2,1,19)
w(273,2,1,19)
w(258,2,1,19)
r(35,2,2,20)
w(378,3,2,20)
w(404,4,2,20)
w(230,2,2,20)
r(436,1,2,20)
r(177,1,2,20)
w(38,2,2,20)
r(58,3,2,20)
w(316,3,2,20)
r(346,1,2,20)
r(293,1,2,20)
r(242,1,2,20)
w(301,3,2,20)
r(89,1,2,20)
r(339,1,2,20)
w(254,2,2,20)
w(28,3,2,20)
w(302,3,2,20)
r(388,1,2,20)
r(288,1,2,20)
r(125,2,3,21)
r(362,4,3,21)
w(202,6,3,21)
w(462,2,3,21)
w(405,6,3,21)
w(400,2,3,21)
w(90,6,3,21)
r(456,6,3,21)
r(302,3,3,21)
w(134,2,3,21)
r(56,7,3,21)
r(173,1,3,21)
w(242,3,3,21)
w(340,3,3,21)
w(201,4,3,21)
w(457,2,3,21)
r(406,2,3,21)
r(469,1,3,21)
w(182,4,3,21)
w(167,3,3,21)
w(125,2,4,22)
w(358,6,4,22)
w(177,4,4,22)
r(273,3,4,22)
r(242,1,4,22)
r(339,1,4,22)
w(64,2,4,22)
r(299,1,4,22)
w(458,3,4,22)
w(422,2,4,22)
w(426,3,4,22)
w(441,7,4,22)
r(24,3,4,22)
r(67,4,4,22)
w(387,6,4,22)
w(322,6,4,22)
r(7,4,4,22)
w(73,3,4,22)
r(332,1,4,22)
w(100,9,4,22)
w(437,3,5,23)
w(311,4,5,23)
r(247,1,5,23)
r(49,2,5,23)
r(7,4,5,23)
r(157,1,5,23)
w(317,4,5,23)
w(35,9,5,23)
r(47,4,5,23)
r(132,1,5,23)
w(115,4,5,23)
w(389,6,5,23)
w(86,2,5,23)
r(177,4,5,23)
w(85,3,5,23)
w(237,4,5,23)
r(116,3,5,23)
w(285,3,5,23)
r(181,1,5,23)
w(471,6,5,23)
w(426,4,6,24)
r(161,1,6,24)
w(217,4,6,24)
w(347,2,6,24)
w(234,6,6,24)
w(340,6,6,24)
w(160,6,6,24)
r(374,1,6,24)
r(335,1,6,24)
w(456,6,6,24)
r(271,1,6,24)
w(358,10,6,24)
w(64,3,6,24)
r(326,2,6,24)
r(362,1,6,24)
w(375,8,6,24)
w(43,7,6,24)
w(201,6,6,24)
w(437,4,6,24)
w(127,4,6,24)
r(205,1,1,25)
r(268,1,1,25)
r(266,1,1,25)
w(50,2,1,25)
r(314,1,1,25)
w(58,2,1,25)
r(155,1,1,25)
r(217,1,1,25)
r(30,1,1,25)
r(474,1,1,25)
w(183,2,1,25)
r(74,2,1,25)
r(370,1,1,25)
r(52,1,1,25)
r(331,3,1,25)
r(62,5,1,25)
w(236,2,1,25)
w(58,3,1,25)
w(307,2,1,25)
r(256,1,1,25)
r(108,1,2,26)
r(143,1,2,26)
r(424,3,2,26)
r(366,1,2,26)
r(35,9,2,26)
r(475,1,2,26)
r(188,1,2,26)
r(274,1,2,26)
r(299,1,2,26)
r(154,5,2,26)
r(56,7,2,26)
r(40,1,2,26)
w(26,2,2,26)
w(329,3,2,26)
w(55,3,2,26)
r(327,1,2,26)
w(370,2,2,26)
w(424,2,2,26)
w(454,4,2,26)
w(436,3,2,26)
r(271,2,3,27)
r(301,4,3,27)
r(280,7,3,27)
r(35,8,3,27)
w(383,2,3,27)
w(361,4,3,27)
r(467,2,3,27)
r(386,1,3,27)
r(25,1,3,27)
w(144,3,3,27)
w(34,2,3,27)
r(266,3,3,27)
r(220,1,3,27)
r(424,2,3,27)
w(309,3,3,27)
r(456,6,3,27)
r(276,1,3,27)
r(340,3,3,27)
w(5,2,3,27)
w(153,4,3,27)
w(195,2,4,28)
w(437,2,4,28)
r(402,1,4,28)
w(79,3,4,28)
w(35,7,4,28)
r(156,1,4,28)
r(437,2,4,28)
w(471,4,4,28)
r(105,1,4,28)
r(223,1,4,28)
r(103,1,4,28)
w(358,5,4,28)
w(246,2,4,28)
w(140,3,4,28)
w(309,6,4,28)
w(363,3,4,28)
r(406,2,4,28)
r(337,2,4,28)
r(427,1,4,28)
w(204,3,4,28)
w(87,6,5,29)
w(91,5,5,29)
r(169,1,5,29)
r(380,1,5,29)
r(103,1,5,29)
r(121,2,5,29)
r(466,1,5,29)
w(54,8,5,29)
w(221,6,5,29)
r(338,1,5,29)
r(397,2,5,29)
r(361,2,5,29)
r(333,1,5,29)
w(196,7,5,29)
w(67,6,5,29)
w(363,6,5,29)
r(109,1,5,29)
r(188,1,5,29)
r(34,1,5,29)
w(11,5,5,29)
r(41,1,6,30)
r(328,2,6,30)
r(95,1,6,30)
w(293,5,6,30)
r(320,1,6,30)
w(407,4,6,30)
w(13,6,6,30)
r(233,1,6,30)
r(94,1,6,30)
r(405,2,6,30)
r(211,1,6,30)
r(253,7,6,30)
r(290,1,6,30)
r(468,4,6,30)
w(289,6,6,30)
w(315,5,6,30)
r(243,1,6,30)
r(458,1,6,30)
r(100,1,6,30)
w(10,2,1,31)
w(199,2,1,31)
w(397,2,1,31)
w(183,3,1,31)
w(208,2,1,31)
w(454,2,1,31)
r(146,2,1,31)
w(303,2,1,31)
r(291,1,1,31)
w(429,2,1,31)
r(75,1,1,31)
r(446,2,1,31)
r(443,1,1,31)
w(23,2,1,31)
r(62,5,1,31)
w(148,2,1,31)
w(219,2,1,31)
w(404,3,1,31)
w(273,3,1,31)
r(186,1,1,31)
w(360,2,2,32)
r(395,1,2,32)
r(480,1,2,32)
w(29,2,2,32)
w(325,3,2,32)
w(420,2,2,32)
r(402,1,2,32)
w(311,2,2,32)
r(429,5,2,32)
w(100,4,2,32)
w(396,2,2,32)
w(411,3,2,32)
r(478,1,2,32)
r(395,1,2,32)
w(306,3,2,32)
r(257,3,2,32)
r(140,3,2,32)
w(28,4,2,32)
w(343,2,2,32)
r(375,8,2,32)
r(119,2,3,33)
r(328,2,3,33)
r(162,3,3,33)
w(272,3,3,33)
w(259,4,3,33)
r(158,2,3,33)
r(392,6,3,33)
r(226,2,3,33)
r(90,5,3,33)
r(109,1,3,33)
r(313,6,3,33)
r(263,3,3,33)
r(394,1,3,33)
r(320,10,3,33)
w(332,2,3,33)
r(45,1,3,33)
w(265,6,3,33)
r(232,3,3,33)
r(354,1,3,33)
w(168,2,3,33)
r(203,2,4,34)
w(399,6,4,34)
w(83,3,4,34)
r(329,3,4,34)
w(35,8,4,34)
w(44,3,4,34)
r(472,2,4,34)
r(471,4,4,34)
r(58,3,4,34)
r(467,1,4,34)
r(460,1,4,34)
r(23,2,4,34)
r(390,1,4,34)
w(429,5,4,34)
r(469,1,4,34)
w(151,4,4,34)
w(453,7,4,34)
r(445,1,4,34)
r(207,1,4,34)
r(89,1,4,34)
r(10,2,5,35)
r(381,2,5,35)
w(311,6,5,35)
r(448,1,5,35)
r(2,1,5,35)
r(46,1,5,35)
r(390,1,5,35)
w(446,6,5,35)
w(17,6,5,35)
r(15,4,5,35)
r(251,1,5,35)
w(172,2,5,35)
w(398,5,5,35)
r(422,2,5,35)
w(152,2,5,35)
w(12,9,5,35)
w(165,6,5,35)
w(12,10,5,35)
w(372,7,5,35)
r(59,6,5,35)
w(229,7,6,36)
r(466,1,6,36)
w(362,4,6,36)
r(337,2,6,36)
w(387,7,6,36)
r(96,7,6,36)
w(239,4,6,36)
w(264,2,6,36)
r(466,1,6,36)
w(154,5,6,36)
r(249,1,6,36)
r(15,4,6,36)
w(286,6,6,36)
r(46,1,6,36)
r(65,1,6,36)
w(26,5,6,36)
w(280,7,6,36)
r(367,1,6,36)
w(301,4,6,36)
w(426,6,6,36)
w(435,2,1,37)
w(203,2,1,37)
w(362,2,1,37)
w(178,2,1,37)
w(149,2,1,37)
r(222,2,1,37)
w(260,2,1,37)
r(385,1,1,37)
w(296,3,1,37)
w(22,2,1,37)
r(27,1,1,37)
w(271,2,1,37)
r(388,1,1,37)
w(393,2,1,37)
w(69,2,1,37)
w(211,2,1,37)
r(452,3,1,37)
w(75,2,1,37)
r(317,1,1,37)
w(95,2,1,37)
r(115,2,2,38)
r(419,5,2,38)
r(432,1,2,38)
r(18,1,2,38)
w(207,2,2,38)
r(311,2,2,38)
w(30,4,2,38)
r(158,2,2,38)
r(369,1,2,38)
r(352,1,2,38)
r(46,1,2,38)
r(342,1,2,38)
r(101,1,2,38)
w(39,3,2,38)
w(96,2,2,38)
r(103,1,2,38)
w(440,3,2,38)
r(284,1,2,38)
r(435,2,2,38)
w(241,3,2,38)
r(1,1,3,39)
w(477,6,3,39)
r(242,3,3,39)
r(247,1,3,39)
w(469,2,3,39)
w(134,3,3,39)
w(96,3,3,39)
w(348,3,3,39)
w(208,3,3,39)
r(167,3,3,39)
r(7,4,3,39)
r(151,6,3,39)
w(68,4,3,39)
r(255,1,3,39)
w(453,6,3,39)
w(448,3,3,39)
w(43,3,3,39)
r(151,6,3,39)
r(415,3,3,39)
r(342,4,3,39)
r(281,2,4,40)
r(224,1,4,40)
r(285,3,4,40)
r(20,3,4,40)
r(248,2,4,40)
w(72,4,4,40)
w(42,2,4,40)
w(34,3,4,40)
w(196,5,4,40)
r(362,4,4,40)
r(240,1,4,40)
r(444,2,4,40)
r(338,1,4,40)
r(249,1,4,40)
r(19,1,4,40)
r(309,6,4,40)
r(247,1,4,40)
r(277,3,4,40)
w(272,4,4,40)
r(160,6,4,40)
w(211,7,5,41)
w(61,2,5,41)
w(288,2,5,41)
w(429,8,5,41)
r(397,2,5,41)
r(7,4,5,41)
r(316,3,5,41)
r(249,1,5,41)
r(9,1,5,41)
r(327,1,5,41)
w(158,2,5,41)
w(407,3,5,41)
r(417,5,5,41)
r(347,2,5,41)
w(125,3,5,41)
r(400,2,5,41)
w(467,2,5,41)
w(171,3,5,41)
r(414,1,5,41)
w(397,6,5,41)
w(417,5,6,42)
r(176,6,6,42)
w(12,11,6,42)
r(246,2,6,42)
r(263,1,6,42)
r(186,1,6,42)
r(75,2,6,42)
w(13,5,6,42)
w(321,4,6,42)
r(414,1,6,42)
r(433,1,6,42)
w(3,4,6,42)
r(154,2,6,42)
r(178,2,6,42)
r(137,1,6,42)
w(320,10,6,42)
w(217,6,6,42)
w(244,7,6,42)
w(170,7,6,42)
w(450,5,6,42)
r(318,3,1,43)
w(47,2,1,43)
w(234,2,1,43)
w(426,2,1,43)
w(406,3,2,44)
r(108,1,2,44)
r(433,1,2,44)
r(152,2,2,44)
w(248,3,2,44)
r(202,6,2,44)
w(112,3,2,44)
r(394,1,2,44)
r(87,6,2,44)
w(385,3,2,44)
r(121,2,2,44)
r(341,2,2,44)
w(342,2,2,44)
r(206,1,2,44)
w(337,3,2,44)
w(9,4,2,44)
w(189,2,2,44)
w(23,3,2,44)
r(456,6,2,44)
w(187,3,2,44)
r(196,3,3,45)
r(441,2,3,45)
r(247,2,3,45)
r(284,4,3,45)
w(229,6,3,45)
r(213,3,3,45)
w(140,2,3,45)
r(216,2,3,45)
w(216,3,3,45)
w(54,7,3,45)
r(173,1,3,45)
w(419,6,3,45)
w(253,3,3,45)
w(136,3,3,45)
r(446,6,3,45)
w(155,4,3,45)
w(30,6,3,45)
w(100,5,3,45)
w(94,3,3,45)
r(479,4,3,45)
w(52,4,4,46)
w(165,3,4,46)
r(246,2,4,46)
w(10,6,4,46)
r(341,2,4,46)
w(404,7,4,46)
r(64,2,4,46)
r(318,3,4,46)
w(227,3,4,46)
w(122,3,4,46)
w(19,6,4,46)
w(352,6,4,46)
w(395,2,4,46)
r(226,1,4,46)
w(227,4,4,46)
w(56,5,4,46)
w(148,4,4,46)
r(174,3,4,46)
r(343,2,4,46)
w(334,3,4,46)
w(244,5,5,47)
r(361,4,5,47)
w(88,2,5,47)
w(479,3,5,47)
w(134,6,5,47)
w(380,3,5,47)
r(180,4,5,47)
r(250,1,5,47)
r(123,2,5,47)
w(80,2,5,47)
w(226,2,5,47)
r(297,3,5,47)
r(113,1,5,47)
r(340,3,5,47)
w(111,5,5,47)
w(396,3,5,47)
r(140,3,5,47)
w(40,4,5,47)
r(232,3,5,47)
w(193,6,5,47)
w(259,5,6,48)
w(263,3,6,48)
w(275,5,6,48)
r(150,1,6,48)
r(246,2,6,48)
w(139,6,6,48)
w(465,5,6,48)
w(258,6,6,48)
w(330,7,6,48)
w(210,4,6,48)
w(423,6,6,48)
r(296,3,6,48)
w(348,5,6,48)
w(164,6,6,48)
r(133,1,6,48)
w(373,6,6,48)
w(457,5,6,48)
w(380,4,6,48)
w(464,4,6,48)
r(50,2,6,48)
r(210,1,1,49)
w(408,2,1,49)
w(76,2,1,49)
w(429,3,1,49)
w(349,3,1,49)
w(270,3,1,49)
r(210,1,1,49)
r(161,1,1,49)
w(163,2,1,49)
w(121,2,1,49)
w(39,2,1,49)
w(361,2,1,49)
r(226,1,1,49)
w(472,2,1,49)
w(184,2,1,49)
w(154,2,1,49)
w(196,2,1,49)
r(241,1,1,49)
r(470,1,1,49)
w(31,2,1,49)
r(101,1,2,50)
w(436,6,2,50)
r(198,1,2,50)
w(245,4,2,50)
w(261,2,2,50)
w(419,2,2,50)
w(477,3,2,50)
r(252,1,2,50)
r(39,3,2,50)
w(160,2,2,50)
r(247,1,2,50)
w(18,2,2,50)
r(147,6,2,50)
w(54,3,2,50)
w(205,4,2,50)
r(292,1,2,50)
r(69,2,2,50)
r(242,3,2,50)
r(37,3,2,50)
w(19,2,2,50)
r(117,2,3,51)
w(390,3,3,51)
r(435,3,3,51)
w(183,5,3,51)
w(327,2,3,51)
w(269,3,3,51)
w(29,3,3,51)
w(1,3,3,51)
r(84,1,3,51)
r(203,7,3,51)
r(13,7,3,51)
r(423,3,3,51)
r(415,7,3,51)
r(182,4,3,51)
w(333,2,3,51)
r(364,2,3,51)
r(1,3,3,51)
r(333,2,3,51)
w(440,4,3,51)
w(387,3,3,51)
w(178,3,4,52)
r(182,4,4,52)
w(284,4,4,52)
w(310,6,4,52)
w(214,3,4,52)
r(312,2,4,52)
r(440,3,4,52)
w(449,4,4,52)
w(18,3,4,52)
w(423,3,4,52)
r(124,2,4,52)
r(383,2,4,52)
r(378,3,4,52)
r(138,1,4,52)
r(340,3,4,52)
w(235,2,4,52)
r(150,1,4,52)
w(135,6,4,52)
r(443,1,4,52)
w(17,3,4,52)
r(201,4,5,53)
r(317,4,5,53)
r(292,1,5,53)
w(382,5,5,53)
w(107,5,5,53)
w(195,3,5,53)
w(118,3,5,53)
r(137,1,5,53)
w(133,4,5,53)
w(184,4,5,53)
w(37,3,5,53)
r(50,2,5,53)
w(127,3,5,53)
r(380,3,5,53)
w(152,3,5,53)
r(86,2,5,53)
w(123,7,5,53)
w(90,5,5,53)
r(401,4,5,53)
w(47,7,5,53)
w(228,3,6,54)
w(262,6,6,54)
r(213,1,6,54)
r(274,1,6,54)
r(293,6,6,54)
r(312,2,6,54)
r(418,1,6,54)
r(150,1,6,54)
r(479,3,6,54)
r(300,1,6,54)
r(144,3,6,54)
w(281,5,6,54)
r(57,3,6,54)
w(18,6,6,54)
r(65,1,6,54)
w(175,4,6,54)
r(478,1,6,54)
r(8,1,6,54)
r(331,3,6,54)
w(474,3,6,54)
w(430,3,1,55)
w(100,2,1,55)
r(397,2,1,55)
w(159,2,1,55)
r(382,4,1,55)
r(124,2,1,55)
w(139,2,1,55)
r(470,1,1,55)
w(439,3,1,55)
w(106,2,1,55)
r(42,1,1,55)
w(115,2,1,55)
w(430,4,1,55)
r(42,1,1,55)
r(233,1,1,55)
r(364,2,1,55)
r(200,1,1,55)
r(208,2,1,55)
r(122,1,1,55)
w(30,2,1,55)
w(316,4,2,56)
w(108,2,2,56)
w(428,3,2,56)
w(79,2,2,56)
w(322,3,2,56)
w(302,4,2,56)
r(85,3,2,56)
w(352,2,2,56)
w(343,3,2,56)
r(215,4,2,56)
w(295,3,2,56)
r(365,2,2,56)
w(326,3,2,56)
w(54,4,2,56)
r(122,3,2,56)
w(56,3,2,56)
w(296,4,2,56)
w(141,2,2,56)
w(455,3,2,56)
w(153,2,2,56)
w(275,3,3,57)
w(130,2,3,57)
w(170,3,3,57)
r(123,5,3,57)
r(46,1,3,57)
r(470,1,3,57)
r(467,2,3,57)
w(393,4,3,57)
r(211,7,3,57)
r(220,1,3,57)
w(50,4,3,57)
w(17,2,3,57)
w(364,3,3,57)
w(348,4,3,57)
r(432,2,3,57)
w(100,7,3,57)
w(464,2,3,57)
w(411,4,3,57)
w(182,6,3,57)
w(418,4,3,57)
w(339,2,4,58)
w(174,4,4,58)
w(397,4,4,58)
w(73,4,4,58)
r(299,1,4,58)
w(342,4,4,58)
r(261,2,4,58)
r(5,2,4,58)
w(382,6,4,58)
w(429,7,4,58)
w(169,5,4,58)
w(383,3,4,58)
r(360,2,4,58)
r(430,4,4,58)
r(177,4,4,58)
w(203,7,4,58)
r(271,2,4,58)
r(450,5,4,58)
r(340,3,4,58)
w(389,3,4,58)
w(293,6,5,59)
w(368,7,5,59)
r(128,3,5,59)
r(136,1,5,59)
r(372,7,5,59)
r(264,2,5,59)
r(377,3,5,59)
r(288,2,5,59)
w(5,4,5,59)
w(79,4,5,59)
w(375,5,5,59)
r(166,1,5,59)
r(96,2,5,59)
r(351,1,5,59)
w(146,7,5,59)
w(404,9,5,59)
w(270,7,5,59)
r(319,1,5,59)
w(151,6,5,59)
r(344,3,5,59)
w(191,6,6,60)
r(10,6,6,60)
w(474,4,6,60)
w(447,2,6,60)
w(367,6,6,60)
w(126,3,6,60)
w(264,3,6,60)
w(360,6,6,60)
w(299,4,6,60)
w(266,6,6,60)
r(1,1,6,60)
w(329,5,6,60)
r(32,1,6,60)
r(354,1,6,60)
r(454,4,6,60)
r(232,3,6,60)
r(445,1,6,60)
w(292,6,6,60)
w(157,5,6,60)
w(226,3,6,60)
w(273,4,1,61)
w(278,2,1,61)
r(176,6,1,61)
r(128,3,1,61)
r(290,1,1,61)
r(272,4,1,61)
w(466,2,1,61)
w(305,2,1,61)
w(179,2,1,61)
r(267,1,1,61)
w(214,2,1,61)
r(440,1,1,61)
r(315,3,1,61)
r(52,1,1,61)
r(89,1,1,61)
r(293,1,1,61)
w(93,2,1,61)
w(74,3,1,61)
r(24,3,1,61)
w(365,2,1,61)
r(200,1,2,62)
r(52,5,2,62)
w(374,2,2,62)
w(270,6,2,62)
r(111,5,2,62)
w(405,3,2,62)
w(135,4,2,62)
w(74,4,2,62)
w(360,3,2,62)
w(73,2,2,62)
w(233,2,2,62)
r(170,7,2,62)
r(248,3,2,62)
r(229,7,2,62)
w(43,2,2,62)
r(66,1,2,62)
r(101,1,2,62)
r(322,3,2,62)
r(379,1,2,62)
r(300,1,2,62)
w(181,2,3,63)
r(235,2,3,63)
w(410,3,3,63)
r(260,3,3,63)
w(341,3,3,63)
r(197,2,3,63)
w(439,4,3,63)
r(162,2,3,63)
w(274,2,3,63)
w(364,4,3,63)
r(67,7,3,63)
w(472,4,3,63)
r(142,1,3,63)
r(218,3,3,63)
w(397,3,3,63)
r(277,3,3,63)
r(92,1,3,63)
r(261,2,3,63)
r(435,3,3,63)
r(82,4,3,63)
w(311,3,4,64)
w(9,6,4,64)
r(458,3,4,64)
w(268,2,4,64)
r(22,2,4,64)
r(183,3,4,64)
r(328,2,4,64)
r(79,6,4,64)
r(382,6,4,64)
w(404,8,4,64)
r(63,1,4,64)
r(347,2,4,64)
r(6,1,4,64)
r(211,7,4,64)
w(358,7,4,64)
r(109,1,4,64)
r(68,1,4,64)
w(289,4,4,64)
w(390,6,4,64)
r(190,2,4,64)
w(51,3,5,65)
w(357,3,5,65)
w(19,5,5,65)
r(37,3,5,65)
w(79,6,5,65)
w(210,3,5,65)
w(331,4,5,65)
r(237,4,5,65)
r(406,3,5,65)
w(52,5,5,65)
w(303,5,5,65)
r(358,5,5,65)
w(8,6,5,65)
r(229,7,5,65)
w(330,5,5,65)
w(55,6,5,65)
r(470,1,5,65)
w(320,8,5,65)
r(411,3,5,65)
w(327,3,5,65)
r(171,3,6,66)
r(16,1,6,66)
w(38,4,6,66)
r(426,6,6,66)
w(259,7,6,66)
w(327,4,6,66)
r(26,2,6,66)
r(215,4,6,66)
r(101,1,6,66)
w(130,4,6,66)
w(479,4,6,66)
w(241,5,6,66)
r(323,1,6,66)
w(378,6,6,66)
r(267,1,6,66)
w(371,6,6,66)
w(42,3,6,66)
r(287,1,6,66)
w(474,6,6,66)
r(353,2,6,66)
r(364,2,1,67)
w(95,3,1,67)
w(196,3,1,67)
r(169,5,1,67)
r(409,1,1,67)
w(139,3,1,67)
r(300,1,1,67)
w(271,3,1,67)
r(417,5,1,67)
r(163,2,1,67)
r(149,2,1,67)
r(38,2,1,67)
r(240,1,1,67)
r(52,4,1,67)
r(103,1,1,67)
r(93,2,1,67)
w(144,2,1,67)
r(308,3,1,67)
w(346,2,1,67)
r(459,1,1,67)
w(381,6,2,68)
r(319,1,2,68)
w(54,6,2,68)
w(418,2,2,68)
r(371,1,2,68)
w(354,2,2,68)
w(419,3,2,68)
w(12,3,2,68)
w(435,3,2,68)
r(227,4,2,68)
r(472,2,2,68)
r(314,1,2,68)
w(319,2,2,68)
w(22,3,2,68)
r(223,1,2,68)
r(148,4,2,68)
w(453,4,2,68)
r(335,1,2,68)
w(299,2,2,68)
w(39,4,2,68)
r(423,3,3,69)
r(368,3,3,69)
r(294,1,3,69)
w(170,4,3,69)
w(96,4,3,69)
w(74,5,3,69)
w(225,3,3,69)
r(441,3,3,69)
w(62,4,3,69)
r(55,6,3,69)
w(63,4,3,69)
r(202,2,3,69)
r(78,2,3,69)
w(175,2,3,69)
r(276,2,3,69)
w(26,6,3,69)
r(462,3,3,69)
w(203,6,3,69)
w(393,6,3,69)
w(405,5,3,69)
w(300,4,4,70)
w(30,5,4,70)
w(208,4,4,70)
r(212,3,4,70)
w(192,3,4,70)
w(221,4,4,70)
w(413,4,4,70)
w(81,6,4,70)
w(45,6,4,70)
r(11,5,4,70)
w(256,2,4,70)
w(259,6,4,70)
r(123,7,4,70)
r(39,4,4,70)
r(421,1,4,70)
r(414,1,4,70)
r(390,6,4,70)
r(371,1,4,70)
r(323,1,4,70)
r(302,4,4,70)
r(401,4,5,71)
r(423,3,5,71)
r(13,5,5,71)
r(470,1,5,71)
w(11,7,5,71)
r(466,2,5,71)
w(143,2,5,71)
w(227,6,5,71)
r(260,2,5,71)
r(82,1,5,71)
r(341,2,5,71)
w(246,3,5,71)
r(461,1,5,71)
w(413,6,5,71)
w(258,4,5,71)
w(52,7,5,71)
r(52,7,5,71)
w(249,2,5,71)
w(124,5,5,71)
r(60,1,5,71)
r(103,1,6,72)
r(434,1,6,72)
r(215,4,6,72)
w(413,7,6,72)
w(148,6,6,72)
r(128,3,6,72)
r(127,3,6,72)
w(247,4,6,72)
w(195,4,6,72)
r(86,2,6,72)
r(132,1,6,72)
r(358,7,6,72)
r(418,2,6,72)
w(348,7,6,72)
r(328,2,6,72)
r(278,4,6,72)
w(415,7,6,72)
w(131,6,6,72)
w(196,8,6,72)
w(320,11,6,72)
r(84,1,1,73)
r(453,6,1,73)
w(432,2,1,73)
w(441,2,1,73)
r(463,3,1,73)
w(157,2,1,73)
w(146,3,1,73)
w(416,2,1,73)
w(351,2,1,73)
r(199,2,1,73)
w(298,2,1,73)
w(421,2,1,73)
r(267,1,1,73)
r(84,1,1,73)
r(120,4,1,73)
r(436,6,1,73)
w(210,2,1,73)
r(292,6,1,73)
r(311,3,1,73)
r(401,4,1,73)
r(254,2,2,74)
w(452,2,2,74)
w(100,6,2,74)
r(62,5,2,74)
w(278,4,2,74)
r(23,3,2,74)
w(374,3,2,74)
w(157,4,2,74)
w(271,4,2,74)
r(152,3,2,74)
r(27,1,2,74)
r(107,5,2,74)
w(458,2,2,74)
w(392,2,2,74)
w(161,2,2,74)
r(184,4,2,74)
r(283,4,2,74)
r(72,4,2,74)
r(296,4,2,74)
r(298,5,2,74)
w(93,3,3,75)
w(337,4,3,75)
r(154,3,3,75)
r(267,3,3,75)
w(379,3,3,75)
w(274,3,3,75)
r(336,5,3,75)
w(435,4,3,75)
w(148,3,3,75)
w(31,6,3,75)
r(261,2,3,75)
w(5,3,3,75)
r(142,1,3,75)
w(100,8,3,75)
w(198,2,3,75)
w(429,6,3,75)
w(41,2,3,75)
r(215,3,3,75)
w(216,4,3,75)
w(15,3,3,75)
w(338,4,4,76)
r(384,1,4,76)
r(90,5,4,76)
w(204,4,4,76)
r(298,5,4,76)
r(480,1,4,76)
r(315,3,4,76)
r(162,3,4,76)
w(353,2,4,76)
w(274,4,4,76)
r(416,3,4,76)
w(379,4,4,76)
w(113,4,4,76)
w(119,4,4,76)
w(354,4,4,76)
w(234,4,4,76)
r(382,6,4,76)
r(128,3,4,76)
w(27,4,4,76)
w(477,5,4,76)
r(113,4,5,77)
r(59,6,5,77)
w(285,4,5,77)
r(439,3,5,77)
w(387,5,5,77)
r(417,5,5,77)
r(276,1,5,77)
w(466,6,5,77)
w(237,6,5,77)
r(59,6,5,77)
w(140,4,5,77)
r(306,3,5,77)
r(294,1,5,77)
r(117,2,5,77)
w(43,5,5,77)
r(144,2,5,77)
w(465,6,5,77)
w(4,3,5,77)
w(130,3,5,77)
w(154,6,5,77)
w(264,4,6,78)
r(210,2,6,78)
r(45,4,6,78)
w(210,6,6,78)
r(264,4,6,78)
r(307,2,6,78)
r(341,2,6,78)
w(440,6,6,78)
w(13,7,6,78)
w(177,6,6,78)
r(300,4,6,78)
w(228,4,6,78)
r(462,2,6,78)
r(391,1,6,78)
r(274,4,6,78)
r(425,2,6,78)
r(18,6,6,78)
r(21,1,6,78)
r(123,7,6,78)
r(41,1,6,78)
w(206,2,1,79)
w(450,2,1,79)
r(76,2,1,79)
w(98,2,1,79)
r(254,2,1,79)
r(448,3,1,79)
w(265,2,1,79)
w(35,3,1,79)
w(247,2,1,79)
r(185,1,1,79)
w(431,2,1,79)
r(425,2,1,79)
r(362,4,1,79)
r(278,4,1,79)
w(213,3,1,79)
w(159,3,1,79)
w(270,4,1,79)
w(245,2,1,79)
w(414,2,1,79)
r(365,2,1,79)
w(270,5,2,80)
r(370,2,2,80)
w(473,4,2,80)
w(45,4,2,80)
r(452,2,2,80)
r(86,2,2,80)
r(209,1,2,80)
r(364,2,2,80)
w(115,3,2,80)
r(26,2,2,80)
w(321,2,2,80)
r(243,1,2,80)
r(116,3,2,80)
r(381,6,2,80)
w(324,3,2,80)
r(199,2,2,80)
w(231,2,2,80)
w(413,2,2,80)
r(478,1,2,80)
w(72,2,2,80)
r(435,4,3,81)
r(119,4,3,81)
r(64,2,3,81)
w(193,3,3,81)
w(112,4,3,81)
w(161,3,3,81)
w(453,5,3,81)
r(336,5,3,81)
r(295,4,3,81)
r(451,1,3,81)
r(82,4,3,81)
w(99,2,3,81)
r(441,3,3,81)
w(303,4,3,81)
r(273,4,3,81)
r(332,3,3,81)
w(128,4,3,81)
w(420,3,3,81)
r(347,2,3,81)
r(345,3,3,81)
r(140,3,4,82)
r(60,1,4,82)
w(458,4,4,82)
r(360,4,4,82)
w(280,5,4,82)
r(297,3,4,82)
r(409,1,4,82)
w(450,4,4,82)
r(132,1,4,82)
r(173,1,4,82)
w(188,2,4,82)
r(324,3,4,82)
w(385,4,4,82)
r(78,1,4,82)
r(323,1,4,82)
w(66,3,4,82)
r(181,1,4,82)
w(204,6,4,82)
r(194,1,4,82)
r(154,2,4,82)
w(126,2,5,83)
w(51,4,5,83)
w(320,9,5,83)
w(421,4,5,83)
r(79,6,5,83)
r(57,2,5,83)
w(33,3,5,83)
w(395,3,5,83)
w(242,4,5,83)
r(60,1,5,83)
w(191,3,5,83)
r(78,1,5,83)
r(415,7,5,83)
r(155,4,5,83)
w(214,4,5,83)
r(7,4,5,83)
w(176,4,5,83)
r(374,3,5,83)
r(369,1,5,83)
r(442,3,5,83)
r(194,1,6,84)
r(272,3,6,84)
r(245,2,6,84)
r(34,2,6,84)
r(434,1,6,84)
w(239,6,6,84)
r(213,3,6,84)
r(37,2,6,84)
w(118,4,6,84)
w(184,6,6,84)
w(255,3,6,84)
r(314,1,6,84)
w(59,5,6,84)
w(3,6,6,84)
r(116,3,6,84)
w(244,8,6,84)
r(342,3,6,84)
w(395,4,6,84)
w(17,7,6,84)
r(151,6,6,84)
r(348,7,1,85)
w(56,2,1,85)
r(297,3,1,85)
r(12,3,1,85)
r(234,4,1,85)
r(175,4,1,85)
w(103,2,1,85)
r(394,1,1,85)
r(322,3,1,85)
w(209,2,1,85)
r(33,1,1,85)
w(306,2,1,85)
r(79,6,1,85)
r(232,3,1,85)
w(473,2,1,85)
w(368,3,1,85)
w(215,2,1,85)
w(90,3,1,85)
w(329,2,1,85)
w(461,3,1,85)
r(411,3,2,86)
r(191,6,2,86)
w(77,3,2,86)
r(254,2,2,86)
w(206,3,2,86)
r(466,2,2,86)
r(235,2,2,86)
w(13,3,2,86)
w(360,4,2,86)
r(145,1,2,86)
r(44,3,2,86)
r(405,3,2,86)
r(298,2,2,86)
r(417,5,2,86)
r(426,6,2,86)
r(95,3,2,86)
w(31,3,2,86)
w(162,2,2,86)
w(405,4,2,86)
w(202,3,2,86)
r(63,4,3,87)
r(172,2,3,87)
w(305,6,3,87)
r(448,2,3,87)
w(146,6,3,87)
r(136,3,3,87)
w(12,6,3,87)
r(60,3,3,87)
w(464,3,3,87)
w(334,2,3,87)
r(390,3,3,87)
r(174,4,3,87)
r(302,5,3,87)
r(441,6,3,87)
r(90,7,3,87)
w(391,4,3,87)
r(173,4,3,87)
w(283,3,3,87)
r(73,2,3,87)
r(4,3,3,87)
r(455,3,4,88)
w(445,2,4,88)
r(331,4,4,88)
w(17,4,4,88)
w(59,4,4,88)
w(332,3,4,88)
w(475,6,4,88)
w(478,3,4,88)
w(419,7,4,88)
w(256,3,4,88)
r(168,2,4,88)
r(7,4,4,88)
r(358,7,4,88)
r(229,6,4,88)
r(132,1,4,88)
w(253,6,4,88)
w(393,5,4,88)
w(281,3,4,88)
r(339,2,4,88)
w(37,2,4,88)
w(238,4,5,89)
w(454,5,5,89)
r(444,2,5,89)
r(39,4,5,89)
r(65,1,5,89)
r(329,2,5,89)
r(361,4,5,89)
w(96,5,5,89)
w(6,2,5,89)
r(142,1,5,89)
r(431,2,5,89)
r(392,2,5,89)
w(152,4,5,89)
w(468,6,5,89)
r(49,2,5,89)
w(39,6,5,89)
w(287,3,5,89)
r(133,4,5,89)
r(421,4,5,89)
w(285,6,5,89)
r(427,1,6,90)
r(260,3,6,90)
r(472,2,6,90)
w(228,6,6,90)
r(243,1,6,90)
r(7,4,6,90)
r(321,2,6,90)
r(412,3,6,90)
w(346,4,6,90)
r(449,4,6,90)
r(164,6,6,90)
w(140,6,6,90)
r(375,5,6,90)
r(58,3,6,90)
r(435,3,6,90)
w(308,4,6,90)
r(229,6,6,90)
w(35,12,6,90)
w(345,3,6,90)
r(308,4,6,90)
w(218,2,1,91)
r(476,1,1,91)
w(440,2,1,91)
w(441,3,1,91)
r(272,3,1,91)
w(365,3,1,91)
r(352,2,1,91)
r(449,4,1,91)
w(259,2,1,91)
w(137,2,1,91)
r(74,4,1,91)
w(421,3,1,91)
r(19,5,1,91)
w(250,2,1,91)
w(384,2,1,91)
w(137,3,1,91)
w(460,2,1,91)
w(112,2,1,91)
r(392,2,1,91)
r(141,2,1,91)
r(283,4,2,92)
w(342,3,2,92)
w(170,2,2,92)
r(162,2,2,92)
w(91,4,2,92)
r(441,2,2,92)
r(476,1,2,92)
r(77,3,2,92)
w(67,3,2,92)
r(448,3,2,92)
r(44,3,2,92)
r(416,2,2,92)
r(447,2,2,92)
w(335,3,2,92)
w(471,2,2,92)
r(225,1,2,92)
r(349,3,2,92)
r(468,4,2,92)
w(262,2,2,92)
w(150,2,2,92)
w(448,4,3,93)
r(368,3,3,93)
w(253,4,3,93)
r(61,2,3,93)
r(358,7,3,93)
r(56,2,3,93)
r(213,3,3,93)
w(469,3,3,93)
r(440,7,3,93)
w(282,6,3,93)
r(453,8,3,93)
r(421,3,3,93)
r(156,1,3,93)
r(149,2,3,93)
w(307,4,3,93)
w(198,3,3,93)
r(149,2,3,93)
r(293,6,3,93)
r(129,1,3,93)
r(45,5,3,93)
w(123,5,4,94)
r(220,1,4,94)
r(225,1,4,94)
r(477,5,4,94)
r(380,3,4,94)
w(295,5,4,94)
r(462,2,4,94)
r(240,1,4,94)
r(41,1,4,94)
w(306,4,4,94)
w(336,6,4,94)
r(281,3,4,94)
r(57,2,4,94)
w(45,5,4,94)
r(475,6,4,94)
w(312,3,4,94)
w(260,3,4,94)
r(372,7,4,94)
w(82,4,4,94)
w(379,6,4,94)
w(223,6,5,95)
w(37,4,5,95)
r(137,3,5,95)
r(436,7,5,95)
w(141,4,5,95)
w(414,6,5,95)
r(238,4,5,95)
r(479,4,5,95)
r(101,1,5,95)
w(242,5,5,95)
w(131,4,5,95)
w(297,4,5,95)
r(153,2,5,95)
r(82,4,5,95)
r(322,3,5,95)
w(191,4,5,95)
w(398,7,5,95)
w(138,2,5,95)
w(231,5,5,95)
r(386,1,5,95)
r(49,2,6,96)
r(75,2,6,96)
r(335,3,6,96)
r(228,6,6,96)
w(49,7,6,96)
r(147,6,6,96)
w(356,2,6,96)
r(244,8,6,96)
r(171,3,6,96)
w(462,3,6,96)
w(31,5,6,96)
r(94,3,6,96)
w(218,4,6,96)
w(75,8,6,96)
w(67,7,6,96)
r(30,6,6,96)
w(110,3,6,96)
w(440,5,6,96)
r(58,3,6,96)
r(392,2,6,96)
w(218,3,1,97)
w(379,2,1,97)
r(53,1,1,97)
w(300,2,1,97)
w(187,2,1,97)
w(202,2,1,97)
r(129,1,1,97)
w(291,2,1,97)
r(229,6,1,97)
r(70,1,1,97)
r(461,3,1,97)
r(87,6,1,97)
w(449,2,1,97)
w(215,3,1,97)
r(142,1,1,97)
r(405,4,1,97)
r(246,3,1,97)
r(401,4,1,97)
r(242,5,1,97)
w(323,2,1,97)
r(210,2,2,98)
r(49,2,2,98)
w(26,4,2,98)
r(341,2,2,98)
r(366,1,2,98)
w(316,6,2,98)
r(143,2,2,98)
r(121,2,2,98)
r(315,3,2,98)
w(27,2,2,98)
r(471,2,2,98)
r(110,1,2,98)
w(57,2,2,98)
w(267,3,2,98)
w(433,3,2,98)
r(171,3,2,98)
r(310,6,2,98)
w(47,6,2,98)
r(140,2,2,98)
w(137,4,2,98)
r(418,4,3,99)
r(176,3,3,99)
r(143,3,3,99)
r(393,6,3,99)
w(262,4,3,99)
w(314,3,3,99)
w(96,6,3,99)
r(323,2,3,99)
w(382,3,3,99)
w(87,3,3,99)
w(420,4,3,99)
w(191,2,3,99)
r(198,3,3,99)
r(49,3,3,99)
w(102,3,3,99)
w(399,4,3,99)
r(17,2,3,99)
r(166,3,3,99)
w(2,2,3,99)
r(79,5,3,99)
r(198,1,4,100)
w(351,3,4,100)
r(229,6,4,100)
w(313,4,4,100)
w(342,6,4,100)
w(183,7,4,100)
w(1,4,4,100)
w(150,3,4,100)
r(307,2,4,100)
r(177,6,4,100)
w(329,6,4,100)
r(347,2,4,100)
w(216,6,4,100)
w(385,6,4,100)
r(332,3,4,100)
w(436,7,4,100)
w(415,4,4,100)
w(364,5,4,100)
r(339,2,4,100)
r(66,3,4,100)
w(74,7,5,101)
w(374,4,5,101)
r(458,4,5,101)
r(241,4,5,101)
r(220,1,5,101)
w(306,6,5,101)
r(88,2,5,101)
r(131,4,5,101)
r(211,7,5,101)
w(336,5,5,101)
w(211,8,5,101)
w(57,4,5,101)
w(123,8,5,101)
r(232,3,5,101)
r(278,4,5,101)
w(79,5,5,101)
r(427,1,5,101)
r(174,4,5,101)
r(343,3,5,101)
r(335,3,5,101)
r(415,4,6,102)
r(344,3,6,102)
r(156,1,6,102)
w(445,4,6,102)
w(322,8,6,102)
w(466,7,6,102)
w(25,2,6,102)
w(2,3,6,102)
w(86,3,6,102)
r(25,2,6,102)
w(151,7,6,102)
r(225,1,6,102)
r(277,3,6,102)
r(156,1,6,102)
r(263,3,6,102)
w(81,5,6,102)
w(272,5,6,102)
w(90,7,6,102)
w(80,3,6,102)
r(293,6,6,102)
r(211,8,1,103)
r(277,3,1,103)
r(420,3,1,103)
w(147,2,1,103)
r(150,3,1,103)
r(68,3,1,103)
w(180,3,1,103)
r(438,1,1,103)
r(253,2,1,103)
r(64,2,1,103)
w(325,2,1,103)
r(91,4,1,103)
r(480,1,1,103)
r(183,7,1,103)
w(55,2,1,103)
w(90,4,1,103)
r(246,3,1,103)
r(105,2,1,103)
r(21,1,1,103)
r(423,2,1,103)
r(225,1,2,104)
w(367,2,2,104)
r(94,3,2,104)
r(326,3,2,104)
r(284,4,2,104)
r(476,1,2,104)
r(414,2,2,104)
r(19,5,2,104)
r(151,6,2,104)
r(392,2,2,104)
r(430,4,2,104)
w(373,3,2,104)
r(293,6,2,104)
w(114,2,2,104)
w(155,3,2,104)
r(452,2,2,104)
r(279,1,2,104)
w(473,6,2,104)
r(381,6,2,104)
r(266,6,2,104)
w(352,3,3,105)
r(420,4,3,105)
r(454,7,3,105)
r(222,3,3,105)
r(390,3,3,105)
r(287,3,3,105)
w(371,2,3,105)
r(180,6,3,105)
r(179,2,3,105)
w(107,3,3,105)
w(294,3,3,105)
r(413,3,3,105)
w(75,6,3,105)
w(476,3,3,105)
r(304,1,3,105)
r(325,2,3,105)
w(352,4,3,105)
r(308,2,3,105)
r(468,2,3,105)
r(33,3,3,105)
r(225,1,4,106)
w(165,4,4,106)
r(453,6,4,106)
r(75,8,4,106)
r(63,1,4,106)
r(386,1,4,106)
w(176,3,4,106)
w(303,6,4,106)
r(132,1,4,106)
r(425,2,4,106)
w(367,4,4,106)
r(173,1,4,106)
r(170,3,4,106)
w(160,4,4,106)
w(456,4,4,106)
r(422,2,4,106)
w(43,6,4,106)
r(267,3,4,106)
r(27,3,4,106)
w(219,6,4,106)
r(454,5,5,107)
r(223,3,5,107)
w(463,4,5,107)
r(422,2,5,107)
r(176,3,5,107)
w(173,4,5,107)
w(72,6,5,107)
w(189,7,5,107)
w(164,4,5,107)
w(117,5,5,107)
w(318,4,5,107)
r(285,6,5,107)
w(402,4,5,107)
r(354,4,5,107)
w(281,6,5,107)
w(202,5,5,107)
w(291,6,5,107)
w(190,5,5,107)
w(290,3,5,107)
r(282,2,5,107)
w(307,6,6,108)
r(14,1,6,108)
w(195,6,6,108)
w(285,5,6,108)
r(38,4,6,108)
r(78,2,6,108)
r(288,2,6,108)
w(415,8,6,108)
w(263,4,6,108)
r(177,6,6,108)
w(274,6,6,108)
r(237,6,6,108)
r(59,5,6,108)
w(179,4,6,108)
r(134,3,6,108)
w(68,2,1,109)
r(95,3,1,109)
w(280,3,1,109)
r(124,5,1,109)
r(176,3,1,109)
w(372,2,1,109)
w(459,2,1,109)
w(24,2,1,109)
r(106,2,1,109)
w(40,2,1,109)
r(221,4,1,109)
r(56,2,1,109)
r(300,2,1,109)
r(318,4,1,109)
w(221,2,1,109)
r(176,3,1,109)
r(465,6,1,109)
r(352,2,1,109)
w(30,3,1,109)
w(194,2,1,109)
w(111,3,2,110)
r(178,3,2,110)
w(239,2,2,110)
r(16,1,2,110)
w(466,4,2,110)
w(259,3,2,110)
w(241,4,2,110)
w(412,3,2,110)
w(413,3,2,110)
w(194,3,2,110)
w(202,4,2,110)
w(296,6,2,110)
r(52,7,2,110)
r(439,3,2,110)
r(478,3,2,110)
w(154,3,2,110)
w(387,2,2,110)
r(55,6,2,110)
r(410,2,2,110)
r(403,1,2,110)
w(258,3,3,111)
r(237,6,3,111)
r(6,2,3,111)
r(40,5,3,111)
r(433,3,3,111)
w(245,6,3,111)
r(96,6,3,111)
w(280,4,3,111)
w(348,6,3,111)
w(72,3,3,111)
w(367,3,3,111)
w(221,3,3,111)
r(88,2,3,111)
w(43,4,3,111)
r(71,6,3,111)
w(123,6,3,111)
w(82,2,3,111)
r(27,3,3,111)
r(296,7,3,111)
w(10,4,3,111)
r(218,3,4,112)
r(7,4,4,112)
w(189,6,4,112)
w(373,4,4,112)
w(166,3,4,112)
w(65,2,4,112)
r(294,1,4,112)
w(445,3,4,112)
w(170,6,4,112)
r(314,1,4,112)
r(286,6,4,112)
r(434,1,4,112)
r(374,4,4,112)
w(450,6,4,112)
r(431,3,4,112)
r(319,2,4,112)
w(370,3,4,112)
r(299,2,4,112)
r(199,2,4,112)
r(175,4,4,112)
w(107,7,5,113)
r(155,3,5,113)
r(400,2,5,113)
r(278,6,5,113)
w(190,7,5,113)
w(386,3,5,113)
r(56,2,5,113)
w(222,3,5,113)
w(60,3,5,113)
r(417,5,5,113)
r(467,2,5,113)
w(143,3,5,113)
w(275,6,5,113)
w(444,3,5,113)
r(350,1,5,113)
r(455,3,5,113)
w(302,5,5,113)
w(337,5,5,113)
w(467,3,5,113)
r(91,4,5,113)
r(221,4,6,114)
w(122,4,6,114)
w(235,3,6,114)
r(87,6,6,114)
r(112,2,6,114)
w(222,4,6,114)
w(126,4,6,114)
r(175,2,6,114)
w(342,7,6,114)
r(287,3,6,114)
w(7,6,6,114)
r(353,2,6,114)
w(306,7,6,114)
w(301,6,6,114)
w(228,5,6,114)
r(297,4,6,114)
w(343,6,6,114)
w(401,6,6,114)
r(48,1,6,114)
r(180,4,6,114)
r(359,2,1,115)
w(441,4,1,115)
w(305,3,1,115)
w(49,3,1,115)
r(210,6,1,115)
w(67,2,1,115)
w(75,4,1,115)
w(169,2,1,115)
w(163,3,1,115)
r(393,6,1,115)
w(94,2,1,115)
w(9,3,1,115)
w(213,4,1,115)
r(434,1,1,115)
r(200,1,1,115)
w(305,4,1,115)
w(336,2,1,115)
w(117,3,1,115)
w(330,3,1,115)
r(121,2,1,115)
w(326,4,2,116)
w(398,2,2,116)
w(320,4,2,116)
r(84,1,2,116)
w(269,2,2,116)
w(27,3,2,116)
w(201,3,2,116)
r(247,4,2,116)
w(276,2,2,116)
w(372,3,2,116)
r(389,3,2,116)
r(384,1,2,116)
w(32,2,2,116)
r(378,6,2,116)
r(190,2,2,116)
w(78,2,2,116)
r(154,3,2,116)
r(342,6,2,116)
w(406,4,2,116)
w(470,3,2,116)
w(111,6,3,117)
r(204,6,3,117)
w(345,2,3,117)
w(441,5,3,117)
r(191,2,3,117)
w(124,3,3,117)
r(216,5,3,117)
w(389,2,3,117)
w(279,2,3,117)
w(70,2,3,117)
r(344,2,3,117)
r(468,2,3,117)
r(435,4,3,117)
r(179,2,3,117)
r(445,3,3,117)
w(117,6,3,117)
w(33,2,3,117)
r(31,4,3,117)
w(174,2,3,117)
r(443,2,3,117)
w(18,4,4,118)
r(94,3,4,118)
r(147,6,4,118)
r(352,2,4,118)
w(200,2,4,118)
r(428,3,4,118)
w(371,4,4,118)
w(281,4,4,118)
w(448,6,4,118)
w(398,6,4,118)
w(389,4,4,118)
w(107,6,4,118)
w(428,4,4,118)
r(378,6,4,118)
r(273,4,4,118)
w(461,4,5,119)
w(340,4,5,119)
r(95,3,5,119)
r(242,2,5,119)
r(143,3,5,119)
r(64,2,5,119)
w(442,6,5,119)
r(463,4,5,119)
r(456,4,5,119)
w(472,5,5,119)
r(431,3,5,119)
r(9,6,5,119)
r(375,5,5,119)
w(49,5,5,119)
r(154,3,5,119)
w(62,6,5,119)
r(9,6,5,119)
r(89,1,5,119)
r(215,3,5,119)
r(59,3,5,119)
r(336,5,6,120)
w(38,6,6,120)
w(23,6,6,120)
r(368,3,6,120)
r(473,5,6,120)
w(440,7,6,120)
w(327,6,6,120)
w(378,5,6,120)
w(175,6,6,120)
w(108,3,6,120)
r(293,6,6,120)
w(374,6,6,120)
w(36,3,6,120)
r(79,5,6,120)
r(384,2,6,120)
r(268,2,6,120)
r(349,3,6,120)
w(479,6,6,120)
r(46,1,6,120)
r(455,3,6,120)
w(245,3,1,121)
w(414,3,1,121)
w(77,2,1,121)
w(295,2,1,121)
w(442,2,1,121)
w(164,2,1,121)
r(92,1,1,121)
w(111,2,1,121)
w(436,2,1,121)
r(478,3,1,121)
w(291,3,1,121)
w(336,4,1,121)
w(49,4,1,121)
w(223,2,1,121)
r(239,2,1,121)
r(117,7,1,121)
w(48,2,1,121)
w(375,3,1,121)
w(473,3,1,121)
w(358,2,1,121)
r(328,2,2,122)
w(224,3,2,122)
r(200,1,2,122)
w(185,2,2,122)
w(307,3,2,122)
r(293,6,2,122)
r(378,6,2,122)
r(463,3,2,122)
w(223,3,2,122)
w(355,2,2,122)
w(47,5,2,122)
w(284,2,2,122)
w(275,2,2,122)
w(289,3,2,122)
r(201,3,2,122)
w(190,3,2,122)
r(429,7,2,122)
w(473,5,2,122)
w(431,3,2,122)
w(19,3,2,122)
r(157,2,3,123)
r(334,2,3,123)
w(234,3,3,123)
w(292,3,3,123)
r(215,3,3,123)
r(360,4,3,123)
r(365,7,3,123)
r(95,6,3,123)
r(430,4,3,123)
w(465,3,3,123)
r(287,4,3,123)
r(125,3,3,123)
w(182,5,3,123)
r(177,6,3,123)
r(1,4,3,123)
w(406,5,3,123)
r(275,6,3,123)
r(312,3,3,123)
w(364,6,3,123)
w(134,4,3,123)
w(453,8,4,124)
w(12,7,4,124)
r(266,6,4,124)
w(118,2,4,124)
r(112,4,4,124)
r(117,5,4,124)
r(393,6,4,124)
w(294,6,4,124)
r(318,4,4,124)
r(157,2,4,124)
r(317,3,4,124)
r(299,2,4,124)
r(196,8,4,124)
w(272,6,4,124)
r(29,3,4,124)
r(189,7,4,124)
r(379,3,4,124)
r(434,1,4,124)
w(322,5,4,124)
r(246,3,4,124)
r(96,4,5,125)
w(170,5,5,125)
r(260,3,5,125)
r(283,3,5,125)
r(105,2,5,125)
w(116,2,5,125)
r(354,4,5,125)
r(41,2,5,125)
w(40,6,5,125)
r(383,3,5,125)
r(241,4,5,125)
w(451,2,5,125)
w(322,7,5,125)
w(288,3,5,125)
w(339,3,5,125)
w(266,4,5,125)
w(40,5,5,125)
w(463,6,5,125)
r(354,4,5,125)
r(437,2,5,125)
w(105,3,6,126)
r(296,6,6,126)
r(101,1,6,126)
r(475,6,6,126)
w(285,7,6,126)
w(257,4,6,126)
w(454,7,6,126)
w(324,4,6,126)
w(221,5,6,126)
r(330,6,6,126)
w(397,5,6,126)
w(260,4,6,126)
w(392,5,6,126)
r(15,3,6,126)
w(369,2,6,126)
w(221,7,6,126)
r(289,3,6,126)
w(443,2,6,126)
r(223,3,6,126)
w(408,3,6,126)
w(169,3,1,127)
w(267,2,1,127)
w(62,2,1,127)
w(15,2,1,127)
r(21,2,1,127)
w(455,2,1,127)
r(203,6,1,127)
r(130,2,1,127)
r(250,2,1,127)
w(11,3,1,127)
r(425,2,1,127)
w(265,3,1,127)
r(188,2,1,127)
w(136,2,1,127)
w(50,3,1,127)
w(310,2,2,128)
r(288,2,2,128)
r(315,3,2,128)
w(169,4,2,128)
r(459,1,2,128)
r(442,3,2,128)
r(446,6,2,128)
r(317,4,2,128)
w(203,4,2,128)
r(468,6,2,128)
w(284,3,2,128)
r(153,2,2,128)
r(12,3,2,128)
r(134,3,2,128)
r(305,2,2,128)
w(194,4,2,128)
w(349,4,2,128)
r(220,1,3,129)
w(293,4,3,129)
r(251,1,3,129)
w(322,4,3,129)
w(350,2,3,129)
w(107,4,3,129)
r(83,3,3,129)
r(273,4,3,129)
r(411,4,3,129)
w(169,6,3,129)
w(363,2,3,129)
r(145,6,3,129)
w(78,3,3,129)
r(454,7,3,129)
w(97,3,3,129)
w(82,3,3,129)
w(478,2,3,129)
r(49,4,3,129)
w(232,2,3,129)
r(476,3,3,129)
w(458,6,4,130)
w(316,5,4,130)
w(211,4,4,130)
r(48,1,4,130)
w(73,6,4,130)
r(266,6,4,130)
r(476,1,4,130)
r(384,2,4,130)
w(52,6,4,130)
w(308,2,4,130)
r(154,3,4,130)
r(307,4,4,130)
r(441,6,4,130)
r(442,6,4,130)
w(7,3,4,130)
r(304,1,4,130)
w(30,7,4,130)
w(309,5,4,130)
w(51,2,4,130)
w(8,4,4,130)
w(296,7,5,131)
r(36,3,5,131)
w(295,7,5,131)
w(76,3,5,131)
w(180,6,5,131)
w(337,7,5,131)
r(69,2,5,131)
w(480,2,5,131)
w(457,3,5,131)
r(62,6,5,131)
w(466,5,5,131)
w(279,6,5,131)
r(419,7,5,131)
r(289,3,5,131)
r(283,3,5,131)
w(303,7,5,131)
r(18,6,5,131)
r(245,2,5,131)
r(464,3,5,131)
r(199,2,5,131)
w(117,10,6,132)
r(361,4,6,132)
w(57,6,6,132)
r(333,2,6,132)
r(250,2,6,132)
r(469,3,6,132)
w(264,6,6,132)
w(171,4,6,132)
w(313,5,6,132)
r(381,6,6,132)
w(363,7,6,132)
r(270,4,6,132)
r(39,6,6,132)
w(290,4,6,132)
w(331,6,6,132)
w(258,5,6,132)
r(281,6,6,132)
w(410,4,6,132)
w(98,4,6,132)
r(420,4,6,132)
w(147,3,1,133)
w(132,2,1,133)
w(229,3,1,133)
w(117,4,1,133)
r(362,4,1,133)
w(402,2,1,133)
r(386,3,1,133)
w(449,3,1,133)
r(428,3,1,133)
r(429,6,1,133)
w(52,2,1,133)
r(402,2,1,133)
w(344,2,1,133)
w(36,2,1,133)
r(405,5,1,133)
r(79,5,1,133)
w(427,2,1,133)
r(230,2,1,133)
w(91,3,1,133)
r(472,5,1,133)
w(278,6,2,134)
w(253,2,2,134)
w(62,3,2,134)
w(448,2,2,134)
r(425,2,2,134)
r(434,1,2,134)
r(364,4,2,134)
w(295,4,2,134)
r(269,2,2,134)
r(379,2,2,134)
w(59,3,2,134)
w(330,6,2,134)
r(128,3,2,134)
r(25,2,2,134)
w(423,2,2,134)
w(145,3,2,134)
r(248,3,2,134)
w(298,3,2,134)
r(145,3,2,134)
w(182,3,2,134)
w(364,7,4,135)
w(459,4,4,135)
r(72,6,4,135)
w(199,3,4,135)
r(385,6,4,135)
r(183,7,4,135)
w(194,6,4,135)
r(304,1,4,135)
w(277,2,4,135)
r(97,1,4,135)
w(119,6,4,135)
r(372,2,4,135)
w(380,2,4,135)
w(431,6,4,135)
w(320,7,4,135)
r(150,3,4,135)
r(352,4,4,135)
r(331,6,4,135)
r(45,5,4,135)
w(12,8,4,135)
w(304,3,5,136)
r(376,1,5,136)
w(278,5,5,136)
w(142,4,5,136)
r(177,6,5,136)
r(251,1,5,136)
w(17,5,5,136)
r(390,3,5,136)
r(202,5,5,136)
r(16,1,5,136)
r(339,3,5,136)
r(390,3,5,136)
w(190,8,5,136)
r(178,3,5,136)
r(201,3,5,136)
w(16,3,5,136)
r(307,4,5,136)
w(216,5,5,136)
r(77,3,5,136)
r(328,2,5,136)
r(78,2,6,137)
w(3,5,6,137)
r(72,6,6,137)
r(405,5,6,137)
r(162,2,6,137)
w(219,5,6,137)
r(169,2,6,137)
w(276,6,6,137)
r(423,2,6,137)
r(349,3,6,137)
w(365,7,6,137)
w(197,3,6,137)
w(113,6,6,137)
w(139,5,6,137)
r(370,3,6,137)
w(388,4,6,137)
r(42,3,6,137)
w(383,4,6,137)
w(51,5,6,137)
w(138,3,6,137)
w(139,4,1,138)
r(57,6,1,138)
r(340,4,1,138)
w(238,2,1,138)
w(366,2,1,138)
w(8,2,1,138)
r(279,2,1,138)
w(324,2,1,138)
w(330,4,1,138)
r(15,3,1,138)
r(285,7,1,138)
r(48,2,1,138)
w(460,3,1,138)
w(470,2,1,138)
r(425,2,1,138)
w(368,4,1,138)
r(386,3,1,138)
r(296,5,1,138)
w(204,2,1,138)
r(415,6,1,138)
w(105,2,2,139)
w(442,4,2,139)
r(172,2,2,139)
r(267,3,2,139)
w(54,5,2,139)
r(45,5,2,139)
w(242,2,2,139)
w(294,2,2,139)
r(149,2,2,139)
w(291,4,2,139)
r(173,4,2,139)
r(55,6,2,139)
r(323,2,2,139)
w(68,3,2,139)
r(94,3,2,139)
w(317,3,2,139)
w(11,4,2,139)
w(441,6,2,139)
w(468,2,2,139)
r(429,6,2,139)
w(422,3,4,140)
w(131,3,4,140)
r(37,4,4,140)
w(133,3,4,140)
w(349,6,4,140)
r(58,3,4,140)
r(117,7,4,140)
w(446,4,4,140)
w(392,4,4,140)
w(106,4,4,140)
w(412,6,4,140)
w(296,5,4,140)
w(211,6,4,140)
w(263,2,4,140)
w(376,4,4,140)
w(21,2,4,140)
w(156,2,4,140)
w(225,6,4,140)
r(267,3,4,140)
r(14,1,4,140)
w(209,6,5,141)
w(117,7,5,141)
w(67,5,5,141)
r(205,4,5,141)
r(261,2,5,141)
r(244,8,5,141)
w(350,3,5,141)
w(328,6,5,141)
w(286,4,5,141)
r(97,1,5,141)
w(107,8,5,141)
r(290,4,5,141)
r(154,3,5,141)
r(213,4,5,141)
w(94,5,5,141)
r(317,3,5,141)
w(375,7,5,141)
w(433,4,5,141)
w(346,3,5,141)
r(44,3,5,141)
r(364,7,6,142)
r(241,4,6,142)
r(172,2,6,142)
r(231,5,6,142)
w(197,4,6,142)
w(153,6,6,142)
w(366,3,6,142)
r(84,1,6,142)
r(191,2,6,142)
w(172,3,6,142)
w(10,5,6,142)
w(321,6,6,142)
r(351,3,6,142)
r(370,3,6,142)
r(293,6,6,142)
r(385,6,6,142)
r(276,6,6,142)
r(146,4,6,142)
r(345,3,6,142)
r(164,2,6,142)
w(340,2,1,143)
w(394,2,1,143)
w(12,2,1,143)
w(348,2,1,143)
r(194,6,1,143)
w(453,3,1,143)
r(223,2,1,143)
w(45,3,1,143)
r(426,6,1,143)
w(446,3,1,143)
w(361,3,1,143)
r(460,3,1,143)
w(302,2,1,143)
w(201,2,1,143)
r(41,3,1,143)
r(100,8,1,143)
r(480,2,1,143)
r(398,3,1,143)
r(95,6,1,143)
w(365,4,1,143)
r(281,6,2,144)
w(434,2,2,144)
r(220,1,2,144)
w(85,2,2,144)
r(305,4,2,144)
r(11,4,2,144)
w(391,3,2,144)
r(474,6,2,144)
r(111,3,2,144)
r(56,2,2,144)
w(66,2,2,144)
r(432,2,2,144)
w(53,2,2,144)
r(106,2,2,144)
r(322,7,2,144)
w(354,3,2,144)
w(377,2,2,144)
w(113,2,2,144)
r(466,7,2,144)
r(95,3,2,144)
w(253,5,4,145)
r(183,7,4,145)
r(373,4,4,145)
w(78,4,4,145)
r(478,3,4,145)
w(315,6,4,145)
r(134,3,4,145)
w(328,3,4,145)
r(23,6,4,145)
w(292,4,4,145)
r(131,3,4,145)
r(299,2,4,145)
w(359,3,4,145)
w(22,4,4,145)
r(414,3,4,145)
r(89,1,4,145)
r(352,4,4,145)
w(192,4,4,145)
r(457,3,4,145)
w(460,4,4,145)
r(466,5,5,146)
w(381,5,5,146)
w(94,7,5,146)
r(247,3,5,146)
w(441,8,5,146)
w(178,4,5,146)
r(146,4,5,146)
r(50,4,5,146)
r(218,3,5,146)
r(440,7,5,146)
w(119,5,5,146)
w(378,4,5,146)
w(35,11,5,146)
r(97,1,5,146)
r(376,4,5,146)
w(41,3,5,146)
w(295,8,5,146)
r(479,6,5,146)
r(475,6,5,146)
w(6,3,5,146)
r(479,6,6,147)
w(95,6,6,147)
r(11,4,6,147)
r(386,3,6,147)
w(355,6,6,147)
r(216,5,6,147)
r(316,5,6,147)
r(164,2,6,147)
r(398,3,6,147)
w(351,4,6,147)
r(412,4,6,147)
r(278,5,6,147)
w(127,6,6,147)
r(377,2,6,147)
r(316,5,6,147)
w(162,6,6,147)
r(472,5,6,147)
w(208,6,6,147)
w(319,4,6,147)
r(244,8,6,147)
r(316,5,2,148)
w(113,3,2,148)
r(105,3,2,148)
w(219,4,2,148)
r(464,3,2,148)
w(187,4,2,148)
r(189,7,2,148)
r(14,1,2,148)
r(58,3,2,148)
w(398,3,2,148)
w(329,4,2,148)
r(58,3,2,148)
r(380,2,2,148)
r(84,1,2,148)
r(33,3,2,148)
r(78,2,2,148)
r(303,7,2,148)
w(247,3,2,148)
r(166,3,2,148)
w(12,4,2,148)
w(316,7,4,149)
r(34,2,4,149)
r(369,2,4,149)
r(67,5,4,149)
r(173,4,4,149)
w(193,4,4,149)
w(266,2,4,149)
r(443,2,4,149)
w(415,6,4,149)
w(305,7,4,149)
w(124,6,4,149)
r(18,6,4,149)
r(174,4,4,149)
r(281,6,4,149)
r(101,1,4,149)
w(120,3,4,149)
w(287,2,4,149)
w(145,6,4,149)
r(136,3,4,149)
r(300,2,4,149)
w(48,4,5,150)
r(401,6,5,150)
w(63,5,5,150)
r(417,5,5,150)
r(455,4,5,150)
w(117,8,5,150)
w(243,2,5,150)
r(21,2,5,150)
w(117,9,5,150)
r(439,4,5,150)
r(248,3,5,150)
r(19,3,5,150)
r(136,3,5,150)
w(358,9,5,150)
r(461,4,5,150)
r(203,6,5,150)
w(111,7,5,150)
w(279,5,5,150)
w(429,9,5,150)
w(200,3,5,150)
r(334,2,6,151)
w(289,5,6,151)
r(183,7,6,151)
r(148,3,6,151)
w(14,2,6,151)
r(258,3,6,151)
w(7,5,6,151)
w(144,4,6,151)
r(380,2,6,151)
r(351,4,6,151)
w(338,6,6,151)
w(99,6,6,151)
r(445,3,6,151)
r(359,3,6,151)
r(317,3,6,151)
r(264,6,6,151)
w(178,6,6,151)
r(17,5,6,151)
w(304,4,6,151)
r(81,5,6,151)
w(192,2,2,152)
w(146,4,2,152)
w(128,2,2,152)
w(368,6,2,152)
r(102,3,2,152)
r(10,4,2,152)
w(196,4,2,152)
r(45,5,2,152)
r(67,5,2,152)
w(141,3,2,152)
w(237,2,2,152)
w(104,3,2,152)
w(473,7,2,152)
w(167,2,2,152)
r(21,2,2,152)
w(412,4,2,152)
r(468,2,2,152)
r(71,6,2,152)
w(31,4,2,152)
w(71,3,2,152)
w(465,4,4,153)
r(126,4,4,153)
w(78,6,4,153)
r(79,5,4,153)
w(402,3,4,153)
r(445,3,4,153)
r(251,1,4,153)
w(181,3,4,153)
w(455,4,4,153)
w(298,6,4,153)
r(332,3,4,153)
r(96,6,4,153)
w(294,5,4,153)
w(212,2,4,153)
w(459,6,4,153)
w(279,3,4,153)
w(341,4,4,153)
r(26,6,4,153)
r(475,6,4,153)
r(293,6,4,153)
w(395,6,6,154)
w(30,8,6,154)
r(244,8,6,154)
w(7,7,6,154)
w(423,5,6,154)
w(447,3,6,154)
r(439,4,6,154)
r(88,2,6,154)
w(287,4,6,154)
r(66,2,6,154)
w(227,5,6,154)
w(328,5,6,154)
w(31,7,6,154)
w(24,4,6,154)
r(459,6,6,154)
r(175,6,6,154)
w(109,3,6,154)
r(278,5,6,154)
r(150,3,6,154)
w(390,5,6,154)
