w(1,1,0,0)
r(13,0,0,1)
w(14,1,0,2)
w(3,1,0,3)
w(8,1,0,4)
w(2,1,0,5)
w(13,1,0,6)
r(2,1,0,7)
r(3,1,0,8)
w(9,1,0,9)
w(8,2,0,10)
w(2,2,0,11)
w(6,1,0,12)
w(11,1,0,13)
w(3,2,0,14)
w(4,1,0,15)
w(2,3,0,16)
r(5,7,0,17)
r(8,6,0,18)
w(2,4,0,19)
r(12,1,0,20)
w(8,3,0,21)
w(14,2,0,22)
w(5,1,0,23)
w(13,2,0,24)
r(7,3,0,25)
w(1,2,0,26)
w(6,2,0,27)
r(1,9,0,28)
w(1,3,0,29)
r(6,2,0,30)
r(6,2,0,31)
w(11,2,0,32)
r(6,2,0,33)
w(2,5,0,34)
r(6,2,0,35)
r(13,2,0,36)
r(1,7,0,37)
r(4,2,0,38)
w(3,3,0,39)
w(7,1,0,40)
w(9,2,0,41)
r(6,10,0,42)
r(8,14,0,43)
w(14,3,0,44)
w(8,4,0,45)
w(0,1,0,46)
w(0,2,0,47)
w(13,3,0,48)
w(14,4,0,49)
r(0,0,1,50)
w(14,5,1,51)
w(7,2,1,52)
r(2,0,1,53)
w(2,6,1,54)
r(12,0,1,55)
w(8,5,1,56)
w(1,4,1,57)
r(10,2,1,58)
w(6,3,1,59)
r(12,0,1,60)
r(12,0,1,61)
r(0,4,1,62)
r(4,0,1,63)
w(1,5,1,64)
r(4,0,1,65)
w(2,7,1,66)
w(1,6,1,67)
w(2,8,1,68)
w(12,1,1,69)
r(4,1,1,70)
r(12,1,1,71)
r(0,5,1,72)
r(9,1,1,73)
w(8,6,1,74)
w(5,2,1,75)
w(5,3,1,76)
w(5,4,1,77)
r(6,9,1,78)
w(7,3,1,79)
r(10,1,1,80)
r(4,1,1,81)
w(6,4,1,82)
w(8,7,1,83)
r(7,3,1,84)
r(7,3,1,85)
w(5,5,1,86)
w(2,9,1,87)
w(9,3,1,88)
r(8,10,1,89)
r(3,5,1,90)
r(4,1,1,91)
r(7,3,1,92)
w(1,7,1,93)
r(0,8,1,94)
w(4,2,1,95)
r(9,3,1,96)
w(11,3,1,97)
w(0,3,1,98)
w(3,4,1,99)
w(6,5,2,100)
w(0,4,2,101)
w(6,6,2,102)
w(11,4,2,103)
w(9,4,2,104)
r(14,7,2,105)
r(6,3,2,106)
w(8,8,2,107)
r(6,3,2,108)
r(10,2,2,109)
r(12,2,2,110)
w(4,3,2,111)
r(9,1,2,112)
w(5,6,2,113)
r(4,3,2,114)
r(2,2,2,115)
w(0,5,2,116)
r(3,1,2,117)
r(3,1,2,118)
r(6,1,2,119)
r(13,1,2,120)
w(5,7,2,121)
r(11,1,2,122)
r(12,2,2,123)
w(2,10,2,124)
r(11,1,2,125)
w(13,4,2,126)
r(12,1,2,127)
r(10,2,2,128)
r(2,3,2,129)
r(10,2,2,130)
w(10,1,2,131)
r(4,1,2,132)
r(4,1,2,133)
w(8,9,2,134)
r(3,6,2,135)
w(1,8,2,136)
r(2,4,2,137)
w(3,5,2,138)
w(11,5,2,139)
r(10,1,2,140)
w(8,10,2,141)
r(9,3,2,142)
w(8,11,2,143)
w(14,6,2,144)
r(4,2,2,145)
w(11,6,2,146)
w(0,6,2,147)
r(8,14,2,148)
w(10,2,3,149)
w(11,7,3,150)
r(6,5,3,151)
w(14,7,3,152)
w(8,12,3,153)
r(7,2,3,154)
r(6,6,3,155)
w(7,4,3,156)
r(1,4,3,157)
w(12,2,3,158)
w(8,13,3,159)
w(3,6,3,160)
r(5,7,3,161)
w(6,7,3,162)
w(14,8,3,163)
w(6,8,3,164)
w(10,3,3,165)
w(6,9,3,166)
r(9,1,3,167)
r(2,4,3,168)
w(0,7,3,169)
r(1,6,3,170)
r(6,9,3,171)
r(10,1,3,172)
r(12,1,3,173)
w(5,9,3,174)
w(12,3,3,175)
w(1,9,3,176)
r(12,3,3,177)
w(0,8,3,178)
r(4,1,3,179)
r(8,10,3,180)
w(8,14,3,181)
r(14,6,3,182)
w(6,10,3,183)
r(8,14,3,184)
w(13,5,3,185)
w(1,10,3,186)
r(10,1,3,187)
r(13,5,3,188)
w(0,9,3,189)
r(4,2,3,190)
r(1,10,3,191)
w(7,5,3,192)
r(4,2,3,193)
w(11,8,3,194)
r(7,5,3,195)
r(7,5,3,196)
r(5,5,3,197)
