w(3,1,0,0)
r(5,0,0,1)
r(12,0,0,2)
w(4,1,0,3)
r(11,0,0,4)
r(8,0,0,5)
w(2,1,0,6)
w(11,1,0,7)
w(8,1,0,8)
w(3,2,0,9)
r(0,8,0,10)
w(3,3,0,11)
w(12,1,0,12)
w(1,1,0,13)
w(14,1,0,14)
r(6,6,0,15)
r(8,1,0,16)
r(12,1,0,17)
w(0,1,0,18)
w(1,2,0,19)
w(14,2,0,20)
w(10,1,0,21)
r(13,4,0,22)
r(2,3,0,23)
r(5,4,0,24)
w(10,2,0,25)
w(10,3,0,26)
r(5,4,0,27)
r(2,4,0,28)
w(5,1,0,29)
w(0,2,0,30)
w(14,3,0,31)
w(5,2,0,32)
w(7,1,0,33)
w(7,2,0,34)
r(13,4,0,35)
w(6,1,0,36)
w(3,4,0,37)
r(12,2,0,38)
r(6,8,0,39)
r(12,2,0,40)
w(0,3,0,41)
r(14,6,0,42)
w(13,1,0,43)
r(9,2,0,44)
r(13,1,0,45)
r(8,3,0,46)
w(3,5,0,47)
r(4,6,0,48)
r(10,0,1,49)
w(5,3,1,50)
w(11,2,1,51)
w(8,2,1,52)
w(13,2,1,53)
w(7,4,1,54)
r(13,2,1,55)
w(10,4,1,56)
w(11,3,1,57)
w(1,3,1,58)
w(7,5,1,59)
w(3,6,1,60)
r(12,1,1,61)
r(12,1,1,62)
w(9,1,1,63)
w(14,4,1,64)
r(9,1,1,65)
r(8,1,1,66)
w(8,3,1,67)
w(14,5,1,68)
w(2,2,1,69)
r(7,9,1,70)
w(12,2,1,71)
r(5,1,1,72)
r(0,9,1,73)
r(2,2,1,74)
r(5,2,1,75)
w(10,5,1,76)
r(5,2,1,77)
w(13,3,1,78)
w(1,5,1,79)
r(1,5,1,80)
r(9,4,1,81)
w(9,2,1,82)
w(14,6,1,83)
r(9,2,1,84)
w(7,6,1,85)
w(6,2,1,86)
r(13,3,1,87)
w(1,6,1,88)
w(1,7,1,89)
r(6,5,1,90)
w(9,3,1,91)
r(12,2,1,92)
r(4,6,1,93)
w(7,7,1,94)
r(9,3,1,95)
w(11,4,1,96)
r(14,6,1,97)
r(10,0,2,98)
r(0,7,2,99)
r(11,0,2,100)
w(5,4,2,101)
w(12,3,2,102)
r(1,0,2,103)
r(2,1,2,104)
r(3,1,2,105)
r(0,7,2,106)
r(0,7,2,107)
r(13,2,2,108)
w(14,7,2,109)
w(7,8,2,110)
r(3,2,2,111)
w(1,8,2,112)
w(11,5,2,113)
r(10,4,2,114)
w(4,2,2,115)
r(9,0,2,116)
w(0,4,2,117)
w(6,3,2,118)
r(4,2,2,119)
r(1,2,2,120)
r(12,1,2,121)
w(2,3,2,122)
r(11,5,2,123)
r(3,8,2,124)
w(12,4,2,125)
w(2,4,2,126)
w(5,5,2,127)
r(11,8,2,128)
w(4,3,2,129)
w(6,4,2,130)
r(2,2,2,131)
w(9,4,2,132)
r(6,4,2,133)
w(11,6,2,134)
r(12,2,2,135)
w(0,5,2,136)
r(9,4,2,137)
w(1,9,2,138)
w(11,7,2,139)
w(2,5,2,140)
r(8,3,2,141)
w(10,6,2,142)
w(0,6,2,143)
r(3,4,2,144)
r(11,7,2,145)
w(6,5,2,146)
r(13,3,2,147)
w(0,7,3,148)
w(2,6,3,149)
w(2,7,3,150)
r(5,4,3,151)
r(2,7,3,152)
w(0,8,3,153)
r(4,1,3,154)
w(4,4,3,155)
r(14,7,3,156)
w(3,7,3,157)
r(7,8,3,158)
w(13,4,3,159)
w(6,6,3,160)
r(14,1,3,161)
r(7,5,3,162)
r(11,5,3,163)
w(10,7,3,164)
r(2,7,3,165)
w(7,9,3,166)
r(7,9,3,167)
w(3,8,3,168)
w(1,10,3,169)
w(4,5,3,170)
w(6,7,3,171)
r(6,7,3,172)
w(11,8,3,173)
w(11,9,3,174)
r(1,10,3,175)
w(0,9,3,176)
r(3,8,3,177)
r(10,3,3,178)
r(13,4,3,179)
w(1,11,3,180)
r(3,8,3,181)
r(0,9,3,182)
w(4,6,3,183)
r(12,2,3,184)
w(1,12,3,185)
r(9,4,3,186)
r(13,4,3,187)
r(5,2,3,188)
r(0,5,3,189)
r(3,8,3,190)
r(4,6,3,191)
w(11,10,3,192)
r(10,5,3,193)
r(9,4,3,194)
w(10,8,3,195)
w(6,8,3,196)
r(6,8,3,197)
