w(2,1,0,0)
r(12,0,0,1)
r(6,0,0,2)
w(3,1,0,3)
r(7,0,0,4)
w(12,1,0,5)
w(2,2,0,6)
w(8,1,0,7)
r(1,4,0,8)
r(6,6,0,9)
r(6,6,0,10)
r(5,7,0,11)
r(6,6,0,12)
r(9,0,0,13)
w(2,3,0,14)
r(5,1,0,15)
r(6,6,0,16)
r(6,6,0,17)
w(1,1,0,18)
r(7,2,0,19)
r(1,1,0,20)
r(4,6,0,21)
r(6,6,0,22)
w(1,2,0,23)
w(4,1,0,24)
w(8,2,0,25)
w(9,1,0,26)
w(6,1,0,27)
r(13,5,0,28)
r(11,3,0,29)
r(9,5,0,30)
r(13,5,0,31)
r(2,5,0,32)
w(0,1,0,33)
r(3,4,0,34)
r(12,7,0,35)
w(7,1,0,36)
w(13,1,0,37)
w(10,1,0,38)
w(14,1,0,39)
w(12,2,0,40)
w(6,2,0,41)
w(14,2,0,42)
w(6,3,0,43)
w(4,2,0,44)
r(11,4,0,45)
r(0,3,0,46)
w(13,2,0,47)
w(4,3,0,48)
r(12,6,0,49)
w(14,3,1,50)
w(11,1,1,51)
w(10,2,1,52)
r(0,0,1,53)
r(4,0,1,54)
r(12,1,1,55)
r(4,0,1,56)
w(8,3,1,57)
r(8,3,1,58)
w(5,1,1,59)
r(6,6,1,60)
r(4,11,1,61)
r(7,0,1,62)
w(11,2,1,63)
r(0,0,1,64)
w(7,2,1,65)
w(5,2,1,66)
r(7,2,1,67)
w(11,3,1,68)
r(11,3,1,69)
r(4,1,1,70)
r(8,3,1,71)
w(0,2,1,72)
w(8,4,1,73)
w(5,3,1,74)
w(3,2,1,75)
w(4,4,1,76)
r(14,3,1,77)
r(6,8,1,78)
w(8,5,1,79)
w(7,3,1,80)
w(6,4,1,81)
w(0,3,1,82)
w(11,4,1,83)
r(0,3,1,84)
w(1,3,1,85)
r(3,7,1,86)
r(8,11,1,87)
r(7,3,1,88)
w(4,5,1,89)
w(3,3,1,90)
w(14,4,1,91)
w(8,6,1,92)
r(12,6,1,93)
w(13,3,1,94)
r(2,6,1,95)
w(12,3,1,96)
r(3,9,1,97)
w(2,4,1,98)
w(6,5,1,99)
w(6,6,2,100)
r(13,0,2,101)
w(3,4,2,102)
r(6,6,2,103)
r(0,0,2,104)
w(9,2,2,105)
w(12,4,2,106)
w(4,6,2,107)
w(9,3,2,108)
w(2,5,2,109)
w(5,4,2,110)
r(0,1,2,111)
w(4,7,2,112)
w(13,4,2,113)
r(5,3,2,114)
w(9,4,2,115)
w(12,5,2,116)
r(12,8,2,117)
r(2,5,2,118)
r(11,3,2,119)
w(5,5,2,120)
w(2,6,2,121)
r(5,5,2,122)
r(0,3,2,123)
r(12,2,2,124)
r(0,3,2,125)
r(14,2,2,126)
r(2,6,2,127)
w(3,5,2,128)
w(12,6,2,129)
r(7,3,2,130)
w(6,7,2,131)
w(4,8,2,132)
r(14,4,2,133)
r(14,4,2,134)
r(1,3,2,135)
r(0,3,2,136)
r(2,6,2,137)
w(5,6,2,138)
r(11,4,2,139)
w(10,3,2,140)
w(11,5,2,141)
w(11,6,2,142)
w(8,8,2,143)
w(4,9,2,144)
r(9,4,2,145)
w(4,10,2,146)
r(7,0,3,147)
r(12,0,3,148)
w(10,4,3,149)
r(10,4,3,150)
r(3,1,3,151)
w(5,7,3,152)
r(7,0,3,153)
r(11,1,3,154)
w(1,4,3,155)
r(9,0,3,156)
r(3,1,3,157)
w(11,7,3,158)
w(4,11,3,159)
w(1,5,3,160)
w(11,8,3,161)
r(10,2,3,162)
r(14,3,3,163)
w(13,5,3,164)
r(1,2,3,165)
w(12,7,3,166)
r(2,5,3,167)
r(1,2,3,168)
r(2,5,3,169)
r(4,1,3,170)
r(0,2,3,171)
r(12,7,3,172)
r(4,1,3,173)
r(4,1,3,174)
r(14,3,3,175)
r(6,6,3,176)
w(9,5,3,177)
r(4,1,3,178)
r(1,2,3,179)
w(6,8,3,180)
w(1,6,3,181)
w(3,6,3,182)
w(8,9,3,183)
w(12,8,3,184)
w(8,10,3,185)
w(5,8,3,186)
r(0,3,3,187)
r(3,6,3,188)
w(8,11,3,189)
w(3,7,3,190)
r(2,6,3,191)
w(3,8,3,192)
w(10,5,3,193)
r(8,11,3,194)
w(3,9,3,195)
r(7,3,3,196)
